Id;FechaHoraEstado;PreparacionEstado;PreparacionTipo;PedidoCodigos;DespachoCodigo;DespachoDescripcion;ClienteId;Codigo;Cliente;Domicilio;ArticuloId;CodigoArticulo;Articulo;Unidades;UnidadesReservada;UnidadesSatisfecha;ContenedorId;Contenedor;ContenedorDetalleId;Lote;Serie;PesoDeclarado;FechaVencimiento;ContenedorUnidades;ControlContenedorId;ControlContenedorFechaHoraEstado;ControlContenedorUsuarioNombre;ControlContenedorUsuarioApellido;TareaId;TareaFechaHoraEstado;TareaUsuarioId;TareaUsuarioNombre;TareaUsuarioApellido;ControlContenedorUsuarioCompleto;TareaUsuarioCompleto
14078464;05/09/2026 09:26:04;3;2;0001  214624-1;05;FALABELL LOZA;2092387;"FA20    ";"FALABELLA S.A.                                    ";AV SAN MARTIN 420;956414;"INO103-2       ";"DEPOSITO C/DESCARGA DUAL BLANCO LINEA URBAN                           ";32;32;32;23004495;050926092559979;180756725;;;;10/16/2031 00:00:00;32;13832224;05/09/2026 09:25:59;Tiago;Rodriguez;24287301;31/08/2026 07:00:57;7152;Mirko;Hernandez;Tiago Rodriguez;Mirko Hernandez
14078464;05/09/2026 09:26:04;3;2;0001  214624-1;05;FALABELL LOZA;2092387;"FA20    ";"FALABELLA S.A.                                    ";AV SAN MARTIN 420;956413;"INO103-1       ";"INODORO BLANCO C/ASIENTO LINEA URBAN                                  ";32;32;32;23175530;050926091844693;182022026;;;;10/16/2031 00:00:00;9;13832227;05/09/2026 09:18:44;Tiago;Rodriguez;;;;;;Tiago Rodriguez;
14078464;05/09/2026 09:26:04;3;2;0001  214624-1;05;FALABELL LOZA;2092387;"FA20    ";"FALABELLA S.A.                                    ";AV SAN MARTIN 420;956413;"INO103-1       ";"INODORO BLANCO C/ASIENTO LINEA URBAN                                  ";32;32;32;23175535;050926091855596;182022058;;;;10/16/2031 00:00:00;9;13832230;05/09/2026 09:18:55;Tiago;Rodriguez;;;;;;Tiago Rodriguez;
14078464;05/09/2026 09:26:04;3;2;0001  214624-1;05;FALABELL LOZA;2092387;"FA20    ";"FALABELLA S.A.                                    ";AV SAN MARTIN 420;956413;"INO103-1       ";"INODORO BLANCO C/ASIENTO LINEA URBAN                                  ";32;32;32;23175631;050926092516128;182023032;;;;10/16/2031 00:00:00;8;13832293;05/09/2026 09:25:16;Tiago;Rodriguez;;;;;;Tiago Rodriguez;
14078464;05/09/2026 09:26:04;3;2;0001  214624-1;05;FALABELL LOZA;2092387;"FA20    ";"FALABELLA S.A.                                    ";AV SAN MARTIN 420;956413;"INO103-1       ";"INODORO BLANCO C/ASIENTO LINEA URBAN                                  ";32;32;32;23175636;050926092532896;180756646;;;;10/16/2031 00:00:00;6;13832298;05/09/2026 09:25:32;Tiago;Rodriguez;;;;;;Tiago Rodriguez;
14078466;05/09/2026 10:21:53;3;2;0001  214626-1;05;FALABELL LOZA;2092387;"FA20    ";"FALABELLA S.A.                                    ";AV LIBERTADOR 77;956413;"INO103-1       ";"INODORO BLANCO C/ASIENTO LINEA URBAN                                  ";48;48;48;23004318;050926102152995;180755103;;;;10/16/2031 00:00:00;3;13833019;05/09/2026 10:21:52;Tiago;Rodriguez;24286939;31/08/2026 06:59:03;6414;Agustin;Scirica;Tiago Rodriguez;Agustin Scirica
14078466;05/09/2026 10:21:53;3;2;0001  214626-1;05;FALABELL LOZA;2092387;"FA20    ";"FALABELLA S.A.                                    ";AV LIBERTADOR 77;956413;"INO103-1       ";"INODORO BLANCO C/ASIENTO LINEA URBAN                                  ";48;48;48;23176695;050926101950587;182031639;;;;10/16/2031 00:00:00;9;13833023;05/09/2026 10:19:50;Tiago;Rodriguez;;;;;;Tiago Rodriguez;
14078466;05/09/2026 10:21:53;3;2;0001  214626-1;05;FALABELL LOZA;2092387;"FA20    ";"FALABELLA S.A.                                    ";AV LIBERTADOR 77;956413;"INO103-1       ";"INODORO BLANCO C/ASIENTO LINEA URBAN                                  ";48;48;48;23176700;050926102004736;182031674;;;;10/16/2031 00:00:00;9;13833029;05/09/2026 10:20:04;Tiago;Rodriguez;;;;;;Tiago Rodriguez;
14078466;05/09/2026 10:21:53;3;2;0001  214626-1;05;FALABELL LOZA;2092387;"FA20    ";"FALABELLA S.A.                                    ";AV LIBERTADOR 77;956413;"INO103-1       ";"INODORO BLANCO C/ASIENTO LINEA URBAN                                  ";48;48;48;23176702;050926102016016;182031706;;;;10/16/2031 00:00:00;9;13833031;05/09/2026 10:20:16;Tiago;Rodriguez;;;;;;Tiago Rodriguez;
14078466;05/09/2026 10:21:53;3;2;0001  214626-1;05;FALABELL LOZA;2092387;"FA20    ";"FALABELLA S.A.                                    ";AV LIBERTADOR 77;956413;"INO103-1       ";"INODORO BLANCO C/ASIENTO LINEA URBAN                                  ";48;48;48;23176704;050926102026325;182031738;;;;10/16/2031 00:00:00;9;13833032;05/09/2026 10:20:26;Tiago;Rodriguez;;;;;;Tiago Rodriguez;
14078466;05/09/2026 10:21:53;3;2;0001  214626-1;05;FALABELL LOZA;2092387;"FA20    ";"FALABELLA S.A.                                    ";AV LIBERTADOR 77;956413;"INO103-1       ";"INODORO BLANCO C/ASIENTO LINEA URBAN                                  ";48;48;48;23176710;050926102037270;182031760;;;;10/16/2031 00:00:00;9;13833036;05/09/2026 10:20:37;Tiago;Rodriguez;;;;;;Tiago Rodriguez;
14078466;05/09/2026 10:21:53;3;2;0001  214626-1;05;FALABELL LOZA;2092387;"FA20    ";"FALABELLA S.A.                                    ";AV LIBERTADOR 77;956414;"INO103-2       ";"DEPOSITO C/DESCARGA DUAL BLANCO LINEA URBAN                           ";48;48;48;23176741;050926102113420;180755075;;;;10/16/2031 00:00:00;48;13833042;05/09/2026 10:21:13;Tiago;Rodriguez;;;;;;Tiago Rodriguez;
14078469;01/09/2026 08:38:17;3;2;0001  214629-1;05;FALABELL LOZA;2092387;"FA20    ";"FALABELLA S.A.                                    ";CAMINO GRAL BELGRANO S/N 514 Y 517;956414;"INO103-2       ";"DEPOSITO C/DESCARGA DUAL BLANCO LINEA URBAN                           ";40;40;40;23004447;010926083815910;180758398;;;;10/16/2031 00:00:00;40;13752354;01/09/2026 08:38:15;Tiago;Rodriguez;24287108;31/08/2026 07:14:42;7674;Julian;Herrera;Tiago Rodriguez;Julian Herrera
14078469;01/09/2026 08:38:17;3;2;0001  214629-1;05;FALABELL LOZA;2092387;"FA20    ";"FALABELLA S.A.                                    ";CAMINO GRAL BELGRANO S/N 514 Y 517;956413;"INO103-1       ";"INODORO BLANCO C/ASIENTO LINEA URBAN                                  ";40;40;40;23042270;010926082359809;181019666;;;;10/16/2031 00:00:00;9;13752360;01/09/2026 08:23:59;Tiago;Rodriguez;;;;;;Tiago Rodriguez;
14078469;01/09/2026 08:38:17;3;2;0001  214629-1;05;FALABELL LOZA;2092387;"FA20    ";"FALABELLA S.A.                                    ";CAMINO GRAL BELGRANO S/N 514 Y 517;956413;"INO103-1       ";"INODORO BLANCO C/ASIENTO LINEA URBAN                                  ";40;40;40;23042290;010926082419798;181019753;;;;10/16/2031 00:00:00;9;13752369;01/09/2026 08:24:19;Tiago;Rodriguez;;;;;;Tiago Rodriguez;
14078469;01/09/2026 08:38:17;3;2;0001  214629-1;05;FALABELL LOZA;2092387;"FA20    ";"FALABELLA S.A.                                    ";CAMINO GRAL BELGRANO S/N 514 Y 517;956413;"INO103-1       ";"INODORO BLANCO C/ASIENTO LINEA URBAN                                  ";40;40;40;23042803;010926083513987;181022976;;;;10/16/2031 00:00:00;9;13752612;01/09/2026 08:35:13;Tiago;Rodriguez;;;;;;Tiago Rodriguez;
14078469;01/09/2026 08:38:17;3;2;0001  214629-1;05;FALABELL LOZA;2092387;"FA20    ";"FALABELLA S.A.                                    ";CAMINO GRAL BELGRANO S/N 514 Y 517;956413;"INO103-1       ";"INODORO BLANCO C/ASIENTO LINEA URBAN                                  ";40;40;40;23042819;010926083526491;181023033;;;;10/16/2031 00:00:00;9;13752615;01/09/2026 08:35:26;Tiago;Rodriguez;;;;;;Tiago Rodriguez;
14078469;01/09/2026 08:38:17;3;2;0001  214629-1;05;FALABELL LOZA;2092387;"FA20    ";"FALABELLA S.A.                                    ";CAMINO GRAL BELGRANO S/N 514 Y 517;956413;"INO103-1       ";"INODORO BLANCO C/ASIENTO LINEA URBAN                                  ";40;40;40;23042909;010926083701876;180758460;;;;10/16/2031 00:00:00;4;13752656;01/09/2026 08:37:01;Tiago;Rodriguez;;;;;;Tiago Rodriguez;
14093380;04/09/2026 06:33:44;3;2;RM 0016   29279;01;INTERPLANTA;2090876;DEP_20;LOGISTICA INTERNA (DEP 20);.;959444;"U778N          ";U778N - CAMPANA GRIF VALENCIA BLACK;18900;18900;18900;23139728;040926063341268;181764850;;;;02/14/2032 00:00:00;18900;;;;;24419081;04/09/2026 06:33:41;6404;Ivan;Goyena;;Ivan Goyena
14093381;04/09/2026 06:30:08;3;2;RM 0016   29438;01;INTERPLANTA;2090876;DEP_20;LOGISTICA INTERNA (DEP 20);.;959442;"U778           ";"CAMPANA VALENCIA                                                      ";8400;8400;8400;23139652;040926063007958;181764669;;;;08/03/2031 00:00:00;8400;;;;;24419045;04/09/2026 06:30:08;6404;Ivan;Goyena;;Ivan Goyena
14093381;04/09/2026 06:30:08;3;2;RM 0016   29438;01;INTERPLANTA;2090876;DEP_20;LOGISTICA INTERNA (DEP 20);.;958854;"U068           ";"DUCHITA DE BIDE PLASTICA                                              ";16800;16800;16800;23139652;040926063007958;181764660;;;;08/31/2031 00:00:00;16800;;;;;24419045;04/09/2026 06:30:08;6404;Ivan;Goyena;;Ivan Goyena
14093381;04/09/2026 06:30:08;3;2;RM 0016   29438;01;INTERPLANTA;2090876;DEP_20;LOGISTICA INTERNA (DEP 20);.;954796;"A997           ";A997 - PICO LAVATORIO Lineas Roda Valencia Marbella Imp;960;960;960;23139652;040926063007958;181764648;;;;07/27/2031 00:00:00;960;;;;;24419045;04/09/2026 06:30:08;6404;Ivan;Goyena;;Ivan Goyena
14093381;04/09/2026 06:30:08;3;2;RM 0016   29438;01;INTERPLANTA;2090876;DEP_20;LOGISTICA INTERNA (DEP 20);.;954143;"A1394NI        ";A1394NI - DUCHA REDONDA Ø300X1,7 NICKEL;126;126;126;23139652;040926063007958;181764634;;;;07/28/2031 00:00:00;126;;;;;24419045;04/09/2026 06:30:08;6404;Ivan;Goyena;;Ivan Goyena
14093381;04/09/2026 06:30:08;3;2;RM 0016   29438;01;INTERPLANTA;2090876;DEP_20;LOGISTICA INTERNA (DEP 20);.;953656;"A1003          ";A1003 - PICO LAVATORIO BETIS / SEVILLA;480;480;480;23139652;040926063007958;181764651;;;;07/30/2031 00:00:00;480;;;;;24419045;04/09/2026 06:30:08;6404;Ivan;Goyena;;Ivan Goyena
14093382;04/09/2026 06:38:31;3;2;RM 0016   29439;01;INTERPLANTA;2090876;DEP_20;LOGISTICA INTERNA (DEP 20);.;953715;"A1050          ";A1050 - VOLANTE MALLORCA STD.;7200;7200;7200;23139806;040926063825573;181765300;;;;07/28/2031 00:00:00;7200;;;;;24419161;04/09/2026 06:38:25;6404;Ivan;Goyena;;Ivan Goyena
14093382;04/09/2026 06:38:31;3;2;RM 0016   29439;01;INTERPLANTA;2090876;DEP_20;LOGISTICA INTERNA (DEP 20);.;954312;"A1483          ";A1483 - CUERPO DUCHA MONOC C/TRANSF WAVE;140;140;140;23139806;040926063825573;181765228;;;;07/29/2031 00:00:00;140;;;;;24419161;04/09/2026 06:38:25;6404;Ivan;Goyena;;Ivan Goyena
14093382;04/09/2026 06:38:31;3;2;RM 0016   29439;01;INTERPLANTA;2090876;DEP_20;LOGISTICA INTERNA (DEP 20);.;954320;"A1487GR        ";A1487GR - DUCHA REDONDA Ø300 x 7 GRAFITO;168;168;168;23139806;040926063825573;181765241;;;;07/29/2031 00:00:00;168;;;;;24419161;04/09/2026 06:38:25;6404;Ivan;Goyena;;Ivan Goyena
14093382;04/09/2026 06:38:31;3;2;RM 0016   29439;01;INTERPLANTA;2090876;DEP_20;LOGISTICA INTERNA (DEP 20);.;953592;"A014           ";A014 - PICO CAÑO J  P/MESADA;1200;1200;1200;23139806;040926063825573;181765289;;;;07/28/2031 00:00:00;1200;;;;;24419161;04/09/2026 06:38:25;6404;Ivan;Goyena;;Ivan Goyena
14093382;04/09/2026 06:38:31;3;2;RM 0016   29439;01;INTERPLANTA;2090876;DEP_20;LOGISTICA INTERNA (DEP 20);.;954336;"A1500          ";A1500 - COLUMNA DE DUCHA CROMO P/GRIFERIA;50;50;50;23139806;040926063825573;181765259;;;;08/18/2031 00:00:00;50;;;;;24419161;04/09/2026 06:38:25;6404;Ivan;Goyena;;Ivan Goyena
14097785;01/09/2026 06:35:32;3;2;0001  214506-1;02;CAMIONETA DIARIOS 1;2093099;"KN01    ";"KALFAIAN HNOS. S.R.L                              ";ALBARIÑO 2676;957920;"RA920          ";RA920 - VOLANTE VALENCIA;3;3;3;23025103;010926063528493;180928603;;;;01/05/2032 00:00:00;3;13745488;01/09/2026 06:35:28;Maximiliano;Nievas;24306219;31/08/2026 15:42:07;6414;Agustin;Scirica;Maximiliano Nievas;Agustin Scirica
14097785;01/09/2026 06:35:32;3;2;0001  214506-1;02;CAMIONETA DIARIOS 1;2093099;"KN01    ";"KALFAIAN HNOS. S.R.L                              ";ALBARIÑO 2676;957937;"RA967          ";RA967 - CAMPANA VALENCIA - MALLORCA;4;4;4;23025103;010926063528493;180928499;;;;11/30/2031 00:00:00;4;13745488;01/09/2026 06:35:28;Maximiliano;Nievas;24306219;31/08/2026 15:42:07;6414;Agustin;Scirica;Maximiliano Nievas;Agustin Scirica
14097785;01/09/2026 06:35:32;3;2;0001  214506-1;02;CAMIONETA DIARIOS 1;2093099;"KN01    ";"KALFAIAN HNOS. S.R.L                              ";ALBARIÑO 2676;957876;"RA773C         ";RA773C - CAMPANA C/BUJE ARES/BEDIA/MURCIA;5;5;5;23025103;010926063528493;180928316;;;;11/16/2031 00:00:00;5;13745488;01/09/2026 06:35:28;Maximiliano;Nievas;24306219;31/08/2026 15:42:07;6414;Agustin;Scirica;Maximiliano Nievas;Agustin Scirica
14097785;01/09/2026 06:35:32;3;2;0001  214506-1;02;CAMIONETA DIARIOS 1;2093099;"KN01    ";"KALFAIAN HNOS. S.R.L                              ";ALBARIÑO 2676;957875;"RA771C         ";RA771C - CAMPANA C/BUJE LINEAS STD CROMO;14;14;14;23025103;010926063528493;180928183;;;;11/16/2031 00:00:00;14;13745488;01/09/2026 06:35:28;Maximiliano;Nievas;24306219;31/08/2026 15:42:07;6414;Agustin;Scirica;Maximiliano Nievas;Agustin Scirica
14097785;01/09/2026 06:35:32;3;2;0001  214506-1;02;CAMIONETA DIARIOS 1;2093099;"KN01    ";"KALFAIAN HNOS. S.R.L                              ";ALBARIÑO 2676;957409;"RA023N         ";RA023N - SOPAPA LAVATORIO / BIDE FABRIC BLACK;20;20;20;23025103;010926063528493;180929422;;;;11/16/2031 00:00:00;20;13745488;01/09/2026 06:35:28;Maximiliano;Nievas;24306219;31/08/2026 15:42:07;6414;Agustin;Scirica;Maximiliano Nievas;Agustin Scirica
14097785;01/09/2026 06:35:32;3;2;0001  214506-1;02;CAMIONETA DIARIOS 1;2093099;"KN01    ";"KALFAIAN HNOS. S.R.L                              ";ALBARIÑO 2676;955159;"D439           ";D439 - KIT DE DUCHA MANUAL;4;4;4;23025103;010926063528493;180906584;;;;12/16/2031 00:00:00;4;13745488;01/09/2026 06:35:28;Maximiliano;Nievas;24306219;31/08/2026 15:42:07;6414;Agustin;Scirica;Maximiliano Nievas;Agustin Scirica
14097785;01/09/2026 06:35:32;3;2;0001  214506-1;02;CAMIONETA DIARIOS 1;2093099;"KN01    ";"KALFAIAN HNOS. S.R.L                              ";ALBARIÑO 2676;954904;"BCH04/1        ";BCH04/1 - BACHA DE APOYAR CUADRADA 1 AG 420x420x125;4;4;4;23025103;010926063528493;180924955;;;;10/04/2031 00:00:00;4;13745488;01/09/2026 06:35:28;Maximiliano;Nievas;24306219;31/08/2026 15:42:07;6414;Agustin;Scirica;Maximiliano Nievas;Agustin Scirica
14097785;01/09/2026 06:35:32;3;2;0001  214506-1;02;CAMIONETA DIARIOS 1;2093099;"KN01    ";"KALFAIAN HNOS. S.R.L                              ";ALBARIÑO 2676;954678;"A842           ";A842 - DUCHADOR ANTICALCAREO 5 FUNCIONES C/SOPORTE Y FLEX;1;1;1;23025103;010926063528493;180890851;;;;07/28/2031 00:00:00;1;13745488;01/09/2026 06:35:28;Maximiliano;Nievas;24306219;31/08/2026 15:42:07;6414;Agustin;Scirica;Maximiliano Nievas;Agustin Scirica
14097785;01/09/2026 06:35:32;3;2;0001  214506-1;02;CAMIONETA DIARIOS 1;2093099;"KN01    ";"KALFAIAN HNOS. S.R.L                              ";ALBARIÑO 2676;953477;"934/CR         ";934/CR - J.PARED C/EXT CRUZ CR/CR ARES;1;1;1;23025103;010926063528493;180916252;;;;01/03/2032 00:00:00;1;13745488;01/09/2026 06:35:28;Maximiliano;Nievas;24306219;31/08/2026 15:42:07;6414;Agustin;Scirica;Maximiliano Nievas;Agustin Scirica
14097785;01/09/2026 06:35:32;3;2;0001  214506-1;02;CAMIONETA DIARIOS 1;2093099;"KN01    ";"KALFAIAN HNOS. S.R.L                              ";ALBARIÑO 2676;953435;"914            ";914 - JGO.MDA.P.CAÑO BL/CR ARES;10;10;10;23025103;010926063528493;180916560;;;;07/31/2031 00:00:00;10;13745488;01/09/2026 06:35:28;Maximiliano;Nievas;24306219;31/08/2026 15:42:07;6414;Agustin;Scirica;Maximiliano Nievas;Agustin Scirica
14097785;01/09/2026 06:35:32;3;2;0001  214506-1;02;CAMIONETA DIARIOS 1;2093099;"KN01    ";"KALFAIAN HNOS. S.R.L                              ";ALBARIÑO 2676;953432;"910/M          ";"910/M - JGO.MDA.P.CANO CROMO ""DIQUE""";22;22;22;23025103;010926063528493;180910912;;;;12/21/2031 00:00:00;22;13745488;01/09/2026 06:35:28;Maximiliano;Nievas;24306219;31/08/2026 15:42:07;6414;Agustin;Scirica;Maximiliano Nievas;Agustin Scirica
14097785;01/09/2026 06:35:32;3;2;0001  214506-1;02;CAMIONETA DIARIOS 1;2093099;"KN01    ";"KALFAIAN HNOS. S.R.L                              ";ALBARIÑO 2676;953312;"83-133         ";83-133 - DUCHA EXT. C/TRANSF. MONOCOMANDO LUGO;11;11;11;23025103;010926063528493;180902425;;;;07/30/2031 00:00:00;11;13745488;01/09/2026 06:35:28;Maximiliano;Nievas;24306219;31/08/2026 15:42:07;6414;Agustin;Scirica;Maximiliano Nievas;Agustin Scirica
14097785;01/09/2026 06:35:32;3;2;0001  214506-1;02;CAMIONETA DIARIOS 1;2093099;"KN01    ";"KALFAIAN HNOS. S.R.L                              ";ALBARIÑO 2676;953243;"814/CR         ";814/CR - MESADA P.FUNDIDO CR/CR ARES;10;10;10;23025103;010926063528493;180916980;;;;01/13/2032 00:00:00;10;13745488;01/09/2026 06:35:28;Maximiliano;Nievas;24306219;31/08/2026 15:42:07;6414;Agustin;Scirica;Maximiliano Nievas;Agustin Scirica
14097785;01/09/2026 06:35:32;3;2;0001  214506-1;02;CAMIONETA DIARIOS 1;2093099;"KN01    ";"KALFAIAN HNOS. S.R.L                              ";ALBARIÑO 2676;953197;"81-010         ";81-010 - DUCHA EMB. S/TRANSF. BL/CR LORCA;1;1;1;23025103;010926063528493;180926294;;;;11/24/2031 00:00:00;1;13745488;01/09/2026 06:35:28;Maximiliano;Nievas;24306219;31/08/2026 15:42:07;6414;Agustin;Scirica;Maximiliano Nievas;Agustin Scirica
14097785;01/09/2026 06:35:32;3;2;0001  214506-1;02;CAMIONETA DIARIOS 1;2093099;"KN01    ";"KALFAIAN HNOS. S.R.L                              ";ALBARIÑO 2676;953158;"80-203N        ";"DUCHA EMB C/TRANSF. MONOCOMANDO ADRA BLACK PLUS                       ";6;6;6;23025103;010926063528493;180891366;;;;07/28/2031 00:00:00;6;13745488;01/09/2026 06:35:28;Maximiliano;Nievas;24306219;31/08/2026 15:42:07;6414;Agustin;Scirica;Maximiliano Nievas;Agustin Scirica
14097785;01/09/2026 06:35:32;3;2;0001  214506-1;02;CAMIONETA DIARIOS 1;2093099;"KN01    ";"KALFAIAN HNOS. S.R.L                              ";ALBARIÑO 2676;953148;"80-199         ";80-199 - DUCHA EMB. C/TRANSF. CR C.CERAM LIVE;1;1;1;23025103;010926063528493;180911085;;;;11/03/2031 00:00:00;1;13745488;01/09/2026 06:35:28;Maximiliano;Nievas;24306219;31/08/2026 15:42:07;6414;Agustin;Scirica;Maximiliano Nievas;Agustin Scirica
14097785;01/09/2026 06:35:32;3;2;0001  214506-1;02;CAMIONETA DIARIOS 1;2093099;"KN01    ";"KALFAIAN HNOS. S.R.L                              ";ALBARIÑO 2676;953138;"80-192         ";80-192 - DUCHA EMB. C/TRANSF. SORIA BLACK;1;1;1;23025103;010926063528493;180898286;;;;07/28/2031 00:00:00;1;13745488;01/09/2026 06:35:28;Maximiliano;Nievas;24306219;31/08/2026 15:42:07;6414;Agustin;Scirica;Maximiliano Nievas;Agustin Scirica
14097785;01/09/2026 06:35:32;3;2;0001  214506-1;02;CAMIONETA DIARIOS 1;2093099;"KN01    ";"KALFAIAN HNOS. S.R.L                              ";ALBARIÑO 2676;953113;"80-168N        ";80-168N - DUCHA EMB C/TRANSF MONOC BLACK WAVE;7;7;7;23025103;010926063528493;180915930;;;;10/20/2031 00:00:00;7;13745488;01/09/2026 06:35:28;Maximiliano;Nievas;24306219;31/08/2026 15:42:07;6414;Agustin;Scirica;Maximiliano Nievas;Agustin Scirica
14097785;01/09/2026 06:35:32;3;2;0001  214506-1;02;CAMIONETA DIARIOS 1;2093099;"KN01    ";"KALFAIAN HNOS. S.R.L                              ";ALBARIÑO 2676;953110;"80-166N        ";80-166N - DUCHA EMB. C/TRANSF. BLACK C.CERAM ADRA PLUS;13;13;13;23025103;010926063528493;180919100;;;;11/25/2031 00:00:00;13;13745488;01/09/2026 06:35:28;Maximiliano;Nievas;24306219;31/08/2026 15:42:07;6414;Agustin;Scirica;Maximiliano Nievas;Agustin Scirica
14097785;01/09/2026 06:35:32;3;2;0001  214506-1;02;CAMIONETA DIARIOS 1;2093099;"KN01    ";"KALFAIAN HNOS. S.R.L                              ";ALBARIÑO 2676;952326;"454/CR         ";454/CR - DUCHA EXT.S/TRANSF.CR/CR ARES;2;2;2;23025103;010926063528493;180915500;;;;07/29/2031 00:00:00;2;13745488;01/09/2026 06:35:28;Maximiliano;Nievas;24306219;31/08/2026 15:42:07;6414;Agustin;Scirica;Maximiliano Nievas;Agustin Scirica
14097785;01/09/2026 06:35:32;3;2;0001  214506-1;02;CAMIONETA DIARIOS 1;2093099;"KN01    ";"KALFAIAN HNOS. S.R.L                              ";ALBARIÑO 2676;952217;"403            ";403 - DUCHA EXT. C/TRANSF.CR DIQUE;1;1;1;23025103;010926063528493;180916061;;;;01/25/2032 00:00:00;1;13745488;01/09/2026 06:35:28;Maximiliano;Nievas;24306219;31/08/2026 15:42:07;6414;Agustin;Scirica;Maximiliano Nievas;Agustin Scirica
14097785;01/09/2026 06:35:32;3;2;0001  214506-1;02;CAMIONETA DIARIOS 1;2093099;"KN01    ";"KALFAIAN HNOS. S.R.L                              ";ALBARIÑO 2676;951568;"203            ";"203 - LAVATORIO CROMO ""DIQUE""";17;17;17;23025103;010926063528493;180910711;;;;01/11/2032 00:00:00;17;13745488;01/09/2026 06:35:28;Maximiliano;Nievas;24306219;31/08/2026 15:42:07;6414;Agustin;Scirica;Maximiliano Nievas;Agustin Scirica
14097785;01/09/2026 06:35:32;3;2;0001  214506-1;02;CAMIONETA DIARIOS 1;2093099;"KN01    ";"KALFAIAN HNOS. S.R.L                              ";ALBARIÑO 2676;951545;"20-172         ";20-172 - COCINA MESADA MONOC. COLORS NEGRO;3;3;3;23025103;010926063528493;180893259;;;;07/28/2031 00:00:00;3;13745488;01/09/2026 06:35:28;Maximiliano;Nievas;24306219;31/08/2026 15:42:07;6414;Agustin;Scirica;Maximiliano Nievas;Agustin Scirica
14097785;01/09/2026 06:35:32;3;2;0001  214506-1;02;CAMIONETA DIARIOS 1;2093099;"KN01    ";"KALFAIAN HNOS. S.R.L                              ";ALBARIÑO 2676;951535;"20-160         ";20-160 - MONOCOMANDO MESADA COCINA DIQUE;16;16;16;23025103;010926063528493;180901291;;;;07/28/2031 00:00:00;16;13745488;01/09/2026 06:35:28;Maximiliano;Nievas;24306219;31/08/2026 15:42:07;6414;Agustin;Scirica;Maximiliano Nievas;Agustin Scirica
14097785;01/09/2026 06:35:32;3;2;0001  214506-1;02;CAMIONETA DIARIOS 1;2093099;"KN01    ";"KALFAIAN HNOS. S.R.L                              ";ALBARIÑO 2676;951531;"20-146N        ";20-146N - MONOCOMANDO DE COCINA BLACK LINEA MOVE;3;3;3;23025103;010926063528493;180901595;;;;07/30/2031 00:00:00;3;13745488;01/09/2026 06:35:28;Maximiliano;Nievas;24306219;31/08/2026 15:42:07;6414;Agustin;Scirica;Maximiliano Nievas;Agustin Scirica
14097785;01/09/2026 06:35:32;3;2;0001  214506-1;02;CAMIONETA DIARIOS 1;2093099;"KN01    ";"KALFAIAN HNOS. S.R.L                              ";ALBARIÑO 2676;951528;"20-140         ";20-140 - MONOCOMANDO DE COCINA LINEA CUINA;2;2;2;23025103;010926063528493;180895258;;;;10/07/2031 00:00:00;2;13745488;01/09/2026 06:35:28;Maximiliano;Nievas;24306219;31/08/2026 15:42:07;6414;Agustin;Scirica;Maximiliano Nievas;Agustin Scirica
14097785;01/09/2026 06:35:32;3;2;0001  214506-1;02;CAMIONETA DIARIOS 1;2093099;"KN01    ";"KALFAIAN HNOS. S.R.L                              ";ALBARIÑO 2676;951523;"20-134         ";20-134 - MONOCOMANDO COCINA BETIS;23;23;23;23025103;010926063528493;180905933;;;;08/11/2031 00:00:00;23;13745488;01/09/2026 06:35:28;Maximiliano;Nievas;24306219;31/08/2026 15:42:07;6414;Agustin;Scirica;Maximiliano Nievas;Agustin Scirica
14097785;01/09/2026 06:35:32;3;2;0001  214506-1;02;CAMIONETA DIARIOS 1;2093099;"KN01    ";"KALFAIAN HNOS. S.R.L                              ";ALBARIÑO 2676;951513;"20-122N        ";20-122N - MONOCOMANDO COCINA C/PICO EXTRAIBLE VALENCIA BLACK;4;4;4;23025103;010926063528493;180902956;;;;08/06/2031 00:00:00;4;13745488;01/09/2026 06:35:28;Maximiliano;Nievas;24306219;31/08/2026 15:42:07;6414;Agustin;Scirica;Maximiliano Nievas;Agustin Scirica
14097785;01/09/2026 06:35:32;3;2;0001  214506-1;02;CAMIONETA DIARIOS 1;2093099;"KN01    ";"KALFAIAN HNOS. S.R.L                              ";ALBARIÑO 2676;951259;"16006BL        ";16006BL - SET 6 PIEZAS ACCESORIOS LINEA 16000 BLACK;4;4;4;23025103;010926063528493;180896989;;;;07/27/2031 00:00:00;4;13745488;01/09/2026 06:35:28;Maximiliano;Nievas;24306219;31/08/2026 15:42:07;6414;Agustin;Scirica;Maximiliano Nievas;Agustin Scirica
14097785;01/09/2026 06:35:32;3;2;0001  214506-1;02;CAMIONETA DIARIOS 1;2093099;"KN01    ";"KALFAIAN HNOS. S.R.L                              ";ALBARIÑO 2676;951132;"13006          ";"SET DE 6 PIEZAS LINEA 13000                                           ";2;2;2;23025103;010926063528493;180904450;;;;07/28/2031 00:00:00;2;13745488;01/09/2026 06:35:28;Maximiliano;Nievas;24306219;31/08/2026 15:42:07;6414;Agustin;Scirica;Maximiliano Nievas;Agustin Scirica
14097785;01/09/2026 06:35:32;3;2;0001  214506-1;02;CAMIONETA DIARIOS 1;2093099;"KN01    ";"KALFAIAN HNOS. S.R.L                              ";ALBARIÑO 2676;951116;"12006          ";"SET DE 6 PIEZAS LINEA 12000                                           ";12;12;12;23025103;010926063528493;180900986;;;;07/30/2031 00:00:00;12;13745488;01/09/2026 06:35:28;Maximiliano;Nievas;24306219;31/08/2026 15:42:07;6414;Agustin;Scirica;Maximiliano Nievas;Agustin Scirica
14097785;01/09/2026 06:35:32;3;2;0001  214506-1;02;CAMIONETA DIARIOS 1;2093099;"KN01    ";"KALFAIAN HNOS. S.R.L                              ";ALBARIÑO 2676;950892;"01-010         ";"VALVULA P/MINGITORIO TEMPORIZADA TECNO                                ";12;12;12;23025103;010926063528493;180896098;;;;07/28/2031 00:00:00;12;13745488;01/09/2026 06:35:28;Maximiliano;Nievas;24306219;31/08/2026 15:42:07;6414;Agustin;Scirica;Maximiliano Nievas;Agustin Scirica
14097785;01/09/2026 06:35:32;3;2;0001  214506-1;02;CAMIONETA DIARIOS 1;2093099;"KN01    ";"KALFAIAN HNOS. S.R.L                              ";ALBARIÑO 2676;951620;"214/CR         ";214/CR - LAVATORIO CR/CR ARES;6;6;6;23025103;010926063528493;180917359;;;;01/11/2032 00:00:00;6;13745488;01/09/2026 06:35:28;Maximiliano;Nievas;24306219;31/08/2026 15:42:07;6414;Agustin;Scirica;Maximiliano Nievas;Agustin Scirica
14097785;01/09/2026 06:35:32;3;2;0001  214506-1;02;CAMIONETA DIARIOS 1;2093099;"KN01    ";"KALFAIAN HNOS. S.R.L                              ";ALBARIÑO 2676;951628;"215            ";"215 - LAVATORIO CROMO ""MURCIA""";3;3;3;23025103;010926063528493;180911349;;;;07/31/2031 00:00:00;3;13745488;01/09/2026 06:35:28;Maximiliano;Nievas;24306219;31/08/2026 15:42:07;6414;Agustin;Scirica;Maximiliano Nievas;Agustin Scirica
14097785;01/09/2026 06:35:32;3;2;0001  214506-1;02;CAMIONETA DIARIOS 1;2093099;"KN01    ";"KALFAIAN HNOS. S.R.L                              ";ALBARIÑO 2676;952028;"314/CR         ";314/CR - BIDE CROMO ARES;3;3;3;23025103;010926063528493;180917326;;;;01/11/2032 00:00:00;3;13745488;01/09/2026 06:35:28;Maximiliano;Nievas;24306219;31/08/2026 15:42:07;6414;Agustin;Scirica;Maximiliano Nievas;Agustin Scirica
14097785;01/09/2026 06:35:32;3;2;0001  214506-1;02;CAMIONETA DIARIOS 1;2093099;"KN01    ";"KALFAIAN HNOS. S.R.L                              ";ALBARIÑO 2676;952248;"414/CR         ";414/CR - DUCHA EXT.C/TRANSF.CR/CR ARES;3;3;3;23025103;010926063528493;180916360;;;;09/15/2031 00:00:00;3;13745488;01/09/2026 06:35:28;Maximiliano;Nievas;24306219;31/08/2026 15:42:07;6414;Agustin;Scirica;Maximiliano Nievas;Agustin Scirica
14097785;01/09/2026 06:35:32;3;2;0001  214506-1;02;CAMIONETA DIARIOS 1;2093099;"KN01    ";"KALFAIAN HNOS. S.R.L                              ";ALBARIÑO 2676;953109;"80-166         ";"DUCHA EMB. C/TRANSF. CR C.CERAM ADRA PLUS                             ";5;5;5;23025103;010926063528493;180907922;;;;01/03/2032 00:00:00;5;13745488;01/09/2026 06:35:28;Maximiliano;Nievas;24306219;31/08/2026 15:42:07;6414;Agustin;Scirica;Maximiliano Nievas;Agustin Scirica
14097785;01/09/2026 06:35:32;3;2;0001  214506-1;02;CAMIONETA DIARIOS 1;2093099;"KN01    ";"KALFAIAN HNOS. S.R.L                              ";ALBARIÑO 2676;953060;"80-058         ";80-058 - DUCHA EMB. C/TRANSF. CR C.STD MALBA;2;2;2;23025103;010926063528493;180909959;;;;01/06/2032 00:00:00;2;13745488;01/09/2026 06:35:28;Maximiliano;Nievas;24306219;31/08/2026 15:42:07;6414;Agustin;Scirica;Maximiliano Nievas;Agustin Scirica
14097785;01/09/2026 06:35:32;3;2;0001  214506-1;02;CAMIONETA DIARIOS 1;2093099;"KN01    ";"KALFAIAN HNOS. S.R.L                              ";ALBARIÑO 2676;953059;"80-057         ";80-057 - DUCHA EMB. C/TRANSF. C.STD VERIN PLUS;10;10;10;23025103;010926063528493;180926172;;;;01/04/2032 00:00:00;10;13745488;01/09/2026 06:35:28;Maximiliano;Nievas;24306219;31/08/2026 15:42:07;6414;Agustin;Scirica;Maximiliano Nievas;Agustin Scirica
14097785;01/09/2026 06:35:32;3;2;0001  214506-1;02;CAMIONETA DIARIOS 1;2093099;"KN01    ";"KALFAIAN HNOS. S.R.L                              ";ALBARIÑO 2676;953055;"80-045         ";80-045 - DUCHA EMB.C/TRANSF CR  C.STD CRUZ;2;2;2;23025103;010926063528493;180917506;;;;01/04/2032 00:00:00;2;13745488;01/09/2026 06:35:28;Maximiliano;Nievas;24306219;31/08/2026 15:42:07;6414;Agustin;Scirica;Maximiliano Nievas;Agustin Scirica
14097785;01/09/2026 06:35:32;3;2;0001  214506-1;02;CAMIONETA DIARIOS 1;2093099;"KN01    ";"KALFAIAN HNOS. S.R.L                              ";ALBARIÑO 2676;952939;"70-193         ";70-193 - BIDE MONOCOMANDO MORA;3;3;3;23025103;010926063528493;180894370;;;;07/28/2031 00:00:00;3;13745488;01/09/2026 06:35:28;Maximiliano;Nievas;24306219;31/08/2026 15:42:07;6414;Agustin;Scirica;Maximiliano Nievas;Agustin Scirica
14097785;01/09/2026 06:35:32;3;2;0001  214506-1;02;CAMIONETA DIARIOS 1;2093099;"KN01    ";"KALFAIAN HNOS. S.R.L                              ";ALBARIÑO 2676;952936;"70-190         ";70-190 - BIDE C.CERAM BLACK VELVET;1;1;1;23025103;010926063528493;180918477;;;;11/08/2031 00:00:00;1;13745488;01/09/2026 06:35:28;Maximiliano;Nievas;24306219;31/08/2026 15:42:07;6414;Agustin;Scirica;Maximiliano Nievas;Agustin Scirica
14097785;01/09/2026 06:35:32;3;2;0001  214506-1;02;CAMIONETA DIARIOS 1;2093099;"KN01    ";"KALFAIAN HNOS. S.R.L                              ";ALBARIÑO 2676;952928;"70-180         ";70-180 - BIDE MONOCOMANDO C/TRANSF. VERA;4;4;4;23025103;010926063528493;180899849;;;;07/27/2031 00:00:00;4;13745488;01/09/2026 06:35:28;Maximiliano;Nievas;24306219;31/08/2026 15:42:07;6414;Agustin;Scirica;Maximiliano Nievas;Agustin Scirica
14097785;01/09/2026 06:35:32;3;2;0001  214506-1;02;CAMIONETA DIARIOS 1;2093099;"KN01    ";"KALFAIAN HNOS. S.R.L                              ";ALBARIÑO 2676;952912;"70-162         ";70-162 - BIDE CR C.CERAM LINEA ADRA;12;12;12;23025103;010926063528493;180908448;;;;07/29/2031 00:00:00;12;13745488;01/09/2026 06:35:28;Maximiliano;Nievas;24306219;31/08/2026 15:42:07;6414;Agustin;Scirica;Maximiliano Nievas;Agustin Scirica
14097785;01/09/2026 06:35:32;3;2;0001  214506-1;02;CAMIONETA DIARIOS 1;2093099;"KN01    ";"KALFAIAN HNOS. S.R.L                              ";ALBARIÑO 2676;952888;"70-122         ";70-122 - BIDE C.CERAM CR VALENCIA;8;8;8;23025103;010926063528493;180921502;;;;10/26/2031 00:00:00;8;13745488;01/09/2026 06:35:28;Maximiliano;Nievas;24306219;31/08/2026 15:42:07;6414;Agustin;Scirica;Maximiliano Nievas;Agustin Scirica
14097785;01/09/2026 06:35:32;3;2;0001  214506-1;02;CAMIONETA DIARIOS 1;2093099;"KN01    ";"KALFAIAN HNOS. S.R.L                              ";ALBARIÑO 2676;952860;"70-057         ";70-057 - BIDE C.STD VERIN PLUS;7;7;7;23025103;010926063528493;180907080;;;;01/11/2032 00:00:00;7;13745488;01/09/2026 06:35:28;Maximiliano;Nievas;24306219;31/08/2026 15:42:07;6414;Agustin;Scirica;Maximiliano Nievas;Agustin Scirica
14097785;01/09/2026 06:35:32;3;2;0001  214506-1;02;CAMIONETA DIARIOS 1;2093099;"KN01    ";"KALFAIAN HNOS. S.R.L                              ";ALBARIÑO 2676;952799;"63-180         ";63-180 - LAVATORIO MONOC. DE PARED VERA;1;1;1;23025103;010926063528493;180899983;;;;07/27/2031 00:00:00;1;13745488;01/09/2026 06:35:28;Maximiliano;Nievas;24306219;31/08/2026 15:42:07;6414;Agustin;Scirica;Maximiliano Nievas;Agustin Scirica
14097785;01/09/2026 06:35:32;3;2;0001  214506-1;02;CAMIONETA DIARIOS 1;2093099;"KN01    ";"KALFAIAN HNOS. S.R.L                              ";ALBARIÑO 2676;952794;"63-152         ";63-152 - LAVATORIO PARED EMBUTIR CR MONOC. SORIA;3;3;3;23025103;010926063528493;180892704;;;;07/28/2031 00:00:00;3;13745488;01/09/2026 06:35:28;Maximiliano;Nievas;24306219;31/08/2026 15:42:07;6414;Agustin;Scirica;Maximiliano Nievas;Agustin Scirica
14097785;01/09/2026 06:35:32;3;2;0001  214506-1;02;CAMIONETA DIARIOS 1;2093099;"KN01    ";"KALFAIAN HNOS. S.R.L                              ";ALBARIÑO 2676;952759;"62-162N        ";62-162N - LAVATORIO DE PARED BLACK C.CERAM ADRA;12;12;12;23025103;010926063528493;180911787;;;;10/29/2031 00:00:00;12;13745488;01/09/2026 06:35:28;Maximiliano;Nievas;24306219;31/08/2026 15:42:07;6414;Agustin;Scirica;Maximiliano Nievas;Agustin Scirica
14097785;01/09/2026 06:35:32;3;2;0001  214506-1;02;CAMIONETA DIARIOS 1;2093099;"KN01    ";"KALFAIAN HNOS. S.R.L                              ";ALBARIÑO 2676;952721;"61-193         ";61-193 - LAVATORIO MONOCOMANDO ALTO MORA;2;2;2;23025103;010926063528493;180903384;;;;07/27/2031 00:00:00;2;13745488;01/09/2026 06:35:28;Maximiliano;Nievas;24306219;31/08/2026 15:42:07;6414;Agustin;Scirica;Maximiliano Nievas;Agustin Scirica
14097785;01/09/2026 06:35:32;3;2;0001  214506-1;02;CAMIONETA DIARIOS 1;2093099;"KN01    ";"KALFAIAN HNOS. S.R.L                              ";ALBARIÑO 2676;952707;"61-152         ";61-152 - LAVATORIO MONOCOMANDO CROMO ALTO SORIA;2;2;2;23025103;010926063528493;180897663;;;;07/27/2031 00:00:00;2;13745488;01/09/2026 06:35:28;Maximiliano;Nievas;24306219;31/08/2026 15:42:07;6414;Agustin;Scirica;Maximiliano Nievas;Agustin Scirica
14097785;01/09/2026 06:35:32;3;2;0001  214506-1;02;CAMIONETA DIARIOS 1;2093099;"KN01    ";"KALFAIAN HNOS. S.R.L                              ";ALBARIÑO 2676;952667;"60-199         ";60-199 - LAVATORIO CR C.CERAM LIVE;1;1;1;23025103;010926063528493;180911135;;;;11/16/2031 00:00:00;1;13745488;01/09/2026 06:35:28;Maximiliano;Nievas;24306219;31/08/2026 15:42:07;6414;Agustin;Scirica;Maximiliano Nievas;Agustin Scirica
14097785;01/09/2026 06:35:32;3;2;0001  214506-1;02;CAMIONETA DIARIOS 1;2093099;"KN01    ";"KALFAIAN HNOS. S.R.L                              ";ALBARIÑO 2676;952660;"60-192         ";60-192 - LAVATORIO BAJO SORIA BLACK;1;1;1;23025103;010926063528493;180898112;;;;07/27/2031 00:00:00;1;13745488;01/09/2026 06:35:28;Maximiliano;Nievas;24306219;31/08/2026 15:42:07;6414;Agustin;Scirica;Maximiliano Nievas;Agustin Scirica
14097785;01/09/2026 06:35:32;3;2;0001  214506-1;02;CAMIONETA DIARIOS 1;2093099;"KN01    ";"KALFAIAN HNOS. S.R.L                              ";ALBARIÑO 2676;952650;"60-180         ";60-180 - LAVATORIO MONOCOMANDO BAJO VERA;9;9;9;23025103;010926063528493;180899154;;;;07/28/2031 00:00:00;9;13745488;01/09/2026 06:35:28;Maximiliano;Nievas;24306219;31/08/2026 15:42:07;6414;Agustin;Scirica;Maximiliano Nievas;Agustin Scirica
14097785;01/09/2026 06:35:32;3;2;0001  214506-1;02;CAMIONETA DIARIOS 1;2093099;"KN01    ";"KALFAIAN HNOS. S.R.L                              ";ALBARIÑO 2676;952647;"60-176         ";"LAVATORIO MONOCOMANDO BAJO CR RIO                                     ";2;2;2;23025103;010926063528493;180897394;;;;10/11/2031 00:00:00;2;13745488;01/09/2026 06:35:28;Maximiliano;Nievas;24306219;31/08/2026 15:42:07;6414;Agustin;Scirica;Maximiliano Nievas;Agustin Scirica
14097785;01/09/2026 06:35:32;3;2;0001  214506-1;02;CAMIONETA DIARIOS 1;2093099;"KN01    ";"KALFAIAN HNOS. S.R.L                              ";ALBARIÑO 2676;952638;"60-168N        ";60-168N - LAVATORIO MONOC BAJO BLACK WAVE;8;8;8;23025103;010926063528493;180892269;;;;07/27/2031 00:00:00;8;13745488;01/09/2026 06:35:28;Maximiliano;Nievas;24306219;31/08/2026 15:42:07;6414;Agustin;Scirica;Maximiliano Nievas;Agustin Scirica
14097785;01/09/2026 06:35:32;3;2;0001  214506-1;02;CAMIONETA DIARIOS 1;2093099;"KN01    ";"KALFAIAN HNOS. S.R.L                              ";ALBARIÑO 2676;952635;"60-162N        ";60-162N - LAVATORIO BLACK C.CERAM LINEA ADRA;10;10;10;23025103;010926063528493;180922063;;;;11/03/2031 00:00:00;10;13745488;01/09/2026 06:35:28;Maximiliano;Nievas;24306219;31/08/2026 15:42:07;6414;Agustin;Scirica;Maximiliano Nievas;Agustin Scirica
14097785;01/09/2026 06:35:32;3;2;0001  214506-1;02;CAMIONETA DIARIOS 1;2093099;"KN01    ";"KALFAIAN HNOS. S.R.L                              ";ALBARIÑO 2676;952630;"60-152         ";60-152 - LAVATORIO CR MONOCOMANDO BAJO SORIA;3;3;3;23025103;010926063528493;180897870;;;;07/27/2031 00:00:00;3;13745488;01/09/2026 06:35:28;Maximiliano;Nievas;24306219;31/08/2026 15:42:07;6414;Agustin;Scirica;Maximiliano Nievas;Agustin Scirica
14097785;01/09/2026 06:35:32;3;2;0001  214506-1;02;CAMIONETA DIARIOS 1;2093099;"KN01    ";"KALFAIAN HNOS. S.R.L                              ";ALBARIÑO 2676;952627;"60-149         ";60-149 - LAVATORIO CR C.CERAM SAND;8;8;8;23025103;010926063528493;180926701;;;;07/27/2031 00:00:00;8;13745488;01/09/2026 06:35:28;Maximiliano;Nievas;24306219;31/08/2026 15:42:07;6414;Agustin;Scirica;Maximiliano Nievas;Agustin Scirica
14097785;01/09/2026 06:35:32;3;2;0001  214506-1;02;CAMIONETA DIARIOS 1;2093099;"KN01    ";"KALFAIAN HNOS. S.R.L                              ";ALBARIÑO 2676;952610;"60-122         ";60-122 - LAVATORIO C.CERAM CR VALENCIA;7;7;7;23025103;010926063528493;180921537;;;;12/10/2031 00:00:00;7;13745488;01/09/2026 06:35:28;Maximiliano;Nievas;24306219;31/08/2026 15:42:07;6414;Agustin;Scirica;Maximiliano Nievas;Agustin Scirica
14097785;01/09/2026 06:35:32;3;2;0001  214506-1;02;CAMIONETA DIARIOS 1;2093099;"KN01    ";"KALFAIAN HNOS. S.R.L                              ";ALBARIÑO 2676;952591;"601            ";601 - CANILLA COCINA MESADA CROMO DIQUE;5;5;5;23025103;010926063528493;180914719;;;;12/20/2031 00:00:00;5;13745488;01/09/2026 06:35:28;Maximiliano;Nievas;24306219;31/08/2026 15:42:07;6414;Agustin;Scirica;Maximiliano Nievas;Agustin Scirica
14097785;01/09/2026 06:35:32;3;2;0001  214506-1;02;CAMIONETA DIARIOS 1;2093099;"KN01    ";"KALFAIAN HNOS. S.R.L                              ";ALBARIÑO 2676;952583;"60-058         ";60-058 - LAVATORIO CR C.STD MALBA;11;11;11;23025103;010926063528493;180909770;;;;12/03/2031 00:00:00;11;13745488;01/09/2026 06:35:28;Maximiliano;Nievas;24306219;31/08/2026 15:42:07;6414;Agustin;Scirica;Maximiliano Nievas;Agustin Scirica
14097785;01/09/2026 06:35:32;3;2;0001  214506-1;02;CAMIONETA DIARIOS 1;2093099;"KN01    ";"KALFAIAN HNOS. S.R.L                              ";ALBARIÑO 2676;952582;"60-057         ";60-057 - LAVATORIO C.STD VERIN PLUS;21;21;21;23025103;010926063528493;180907140;;;;01/06/2032 00:00:00;21;13745488;01/09/2026 06:35:28;Maximiliano;Nievas;24306219;31/08/2026 15:42:07;6414;Agustin;Scirica;Maximiliano Nievas;Agustin Scirica
14097785;01/09/2026 06:35:32;3;2;0001  214506-1;02;CAMIONETA DIARIOS 1;2093099;"KN01    ";"KALFAIAN HNOS. S.R.L                              ";ALBARIÑO 2676;952577;"60-045         ";60-045 - LAVATORIO CR/CR C.STD CRUZ;2;2;2;23025103;010926063528493;180917891;;;;01/24/2032 00:00:00;2;13745488;01/09/2026 06:35:28;Maximiliano;Nievas;24306219;31/08/2026 15:42:07;6414;Agustin;Scirica;Maximiliano Nievas;Agustin Scirica
14097785;01/09/2026 06:35:32;3;2;0001  214506-1;02;CAMIONETA DIARIOS 1;2093099;"KN01    ";"KALFAIAN HNOS. S.R.L                              ";ALBARIÑO 2676;952456;"51-190         ";51-190 - MESADA BIMANDO C.CERAM BLACK VELVET;3;3;3;23025103;010926063528493;180918372;;;;10/08/2031 00:00:00;3;13745488;01/09/2026 06:35:28;Maximiliano;Nievas;24306219;31/08/2026 15:42:07;6414;Agustin;Scirica;Maximiliano Nievas;Agustin Scirica
14097785;01/09/2026 06:35:32;3;2;0001  214506-1;02;CAMIONETA DIARIOS 1;2093099;"KN01    ";"KALFAIAN HNOS. S.R.L                              ";ALBARIÑO 2676;952439;"51-059         ";51-059 - COCINA MESADA BL/CR C.STD MALBA;10;10;10;23025103;010926063528493;180924274;;;;12/13/2031 00:00:00;10;13745488;01/09/2026 06:35:28;Maximiliano;Nievas;24306219;31/08/2026 15:42:07;6414;Agustin;Scirica;Maximiliano Nievas;Agustin Scirica
14097785;01/09/2026 06:35:32;3;2;0001  214506-1;02;CAMIONETA DIARIOS 1;2093099;"KN01    ";"KALFAIAN HNOS. S.R.L                              ";ALBARIÑO 2676;952438;"51-058         ";51-058 - COCINA MESADA CR C.STD MALBA;10;10;10;23025103;010926063528493;180925537;;;;10/19/2031 00:00:00;10;13745488;01/09/2026 06:35:28;Maximiliano;Nievas;24306219;31/08/2026 15:42:07;6414;Agustin;Scirica;Maximiliano Nievas;Agustin Scirica
14097785;01/09/2026 06:35:32;3;2;0001  214506-1;02;CAMIONETA DIARIOS 1;2093099;"KN01    ";"KALFAIAN HNOS. S.R.L                              ";ALBARIÑO 2676;952426;"51-010         ";51-010 - COCINA MESADA BL/CR LORCA;1;1;1;23025103;010926063528493;180926851;;;;01/03/2032 00:00:00;1;13745488;01/09/2026 06:35:28;Maximiliano;Nievas;24306219;31/08/2026 15:42:07;6414;Agustin;Scirica;Maximiliano Nievas;Agustin Scirica
14097791;01/09/2026 06:44:45;3;2;0001  214654-1;02;CAMIONETA DIARIOS 1;2093099;"KN01    ";"KALFAIAN HNOS. S.R.L                              ";ALBARIÑO 2676;955159;"D439           ";D439 - KIT DE DUCHA MANUAL;3;3;3;23025108;010926064445626;180932155;;;;12/16/2031 00:00:00;3;13750988;01/09/2026 06:44:45;Gustavo;Soderquvist;24306224;31/08/2026 15:55:06;7636;Kevin;Arce;Gustavo Soderquvist;Kevin Arce
14097791;01/09/2026 06:44:45;3;2;0001  214654-1;02;CAMIONETA DIARIOS 1;2093099;"KN01    ";"KALFAIAN HNOS. S.R.L                              ";ALBARIÑO 2676;953432;"910/M          ";"910/M - JGO.MDA.P.CANO CROMO ""DIQUE""";15;15;15;23025108;010926064445626;180918288;;;;12/21/2031 00:00:00;15;13750988;01/09/2026 06:44:45;Gustavo;Soderquvist;24306224;31/08/2026 15:55:06;7636;Kevin;Arce;Gustavo Soderquvist;Kevin Arce
14097791;01/09/2026 06:44:45;3;2;0001  214654-1;02;CAMIONETA DIARIOS 1;2093099;"KN01    ";"KALFAIAN HNOS. S.R.L                              ";ALBARIÑO 2676;953109;"80-166         ";"DUCHA EMB. C/TRANSF. CR C.CERAM ADRA PLUS                             ";21;21;21;23025108;010926064445626;180899436;;;;01/03/2032 00:00:00;21;13750988;01/09/2026 06:44:45;Gustavo;Soderquvist;24306224;31/08/2026 15:55:06;7636;Kevin;Arce;Gustavo Soderquvist;Kevin Arce
14097791;01/09/2026 06:44:45;3;2;0001  214654-1;02;CAMIONETA DIARIOS 1;2093099;"KN01    ";"KALFAIAN HNOS. S.R.L                              ";ALBARIÑO 2676;953059;"80-057         ";80-057 - DUCHA EMB. C/TRANSF. C.STD VERIN PLUS;2;2;2;23025108;010926064445626;180909361;;;;01/04/2032 00:00:00;2;13750988;01/09/2026 06:44:45;Gustavo;Soderquvist;24306224;31/08/2026 15:55:06;7636;Kevin;Arce;Gustavo Soderquvist;Kevin Arce
14097791;01/09/2026 06:44:45;3;2;0001  214654-1;02;CAMIONETA DIARIOS 1;2093099;"KN01    ";"KALFAIAN HNOS. S.R.L                              ";ALBARIÑO 2676;953055;"80-045         ";80-045 - DUCHA EMB.C/TRANSF CR  C.STD CRUZ;2;2;2;23025108;010926064445626;180929816;;;;01/04/2032 00:00:00;2;13750988;01/09/2026 06:44:45;Gustavo;Soderquvist;24306224;31/08/2026 15:55:06;7636;Kevin;Arce;Gustavo Soderquvist;Kevin Arce
14097791;01/09/2026 06:44:45;3;2;0001  214654-1;02;CAMIONETA DIARIOS 1;2093099;"KN01    ";"KALFAIAN HNOS. S.R.L                              ";ALBARIÑO 2676;952912;"70-162         ";70-162 - BIDE CR C.CERAM LINEA ADRA;38;38;38;23025108;010926064445626;180896020;;;;07/29/2031 00:00:00;38;13750988;01/09/2026 06:44:45;Gustavo;Soderquvist;24306224;31/08/2026 15:55:06;7636;Kevin;Arce;Gustavo Soderquvist;Kevin Arce
14097791;01/09/2026 06:44:45;3;2;0001  214654-1;02;CAMIONETA DIARIOS 1;2093099;"KN01    ";"KALFAIAN HNOS. S.R.L                              ";ALBARIÑO 2676;952860;"70-057         ";70-057 - BIDE C.STD VERIN PLUS;3;3;3;23025108;010926064445626;180909077;;;;01/11/2032 00:00:00;3;13750988;01/09/2026 06:44:45;Gustavo;Soderquvist;24306224;31/08/2026 15:55:06;7636;Kevin;Arce;Gustavo Soderquvist;Kevin Arce
14097791;01/09/2026 06:44:45;3;2;0001  214654-1;02;CAMIONETA DIARIOS 1;2093099;"KN01    ";"KALFAIAN HNOS. S.R.L                              ";ALBARIÑO 2676;952794;"63-152         ";63-152 - LAVATORIO PARED EMBUTIR CR MONOC. SORIA;3;3;3;23025108;010926064445626;180933376;;;;07/28/2031 00:00:00;3;13750988;01/09/2026 06:44:45;Gustavo;Soderquvist;24306224;31/08/2026 15:55:06;7636;Kevin;Arce;Gustavo Soderquvist;Kevin Arce
14097791;01/09/2026 06:44:45;3;2;0001  214654-1;02;CAMIONETA DIARIOS 1;2093099;"KN01    ";"KALFAIAN HNOS. S.R.L                              ";ALBARIÑO 2676;952707;"61-152         ";61-152 - LAVATORIO MONOCOMANDO CROMO ALTO SORIA;2;2;2;23025108;010926064445626;180924877;;;;07/27/2031 00:00:00;2;13750988;01/09/2026 06:44:45;Gustavo;Soderquvist;24306224;31/08/2026 15:55:06;7636;Kevin;Arce;Gustavo Soderquvist;Kevin Arce
14097791;01/09/2026 06:44:45;3;2;0001  214654-1;02;CAMIONETA DIARIOS 1;2093099;"KN01    ";"KALFAIAN HNOS. S.R.L                              ";ALBARIÑO 2676;952677;"60-203         ";60-203 - LAVATORIO MONOCOMANDO BAJO ADRA;3;3;3;23025108;010926064445626;180927929;;;;01/27/2032 00:00:00;3;13750988;01/09/2026 06:44:45;Gustavo;Soderquvist;24306224;31/08/2026 15:55:06;7636;Kevin;Arce;Gustavo Soderquvist;Kevin Arce
14097791;01/09/2026 06:44:45;3;2;0001  214654-1;02;CAMIONETA DIARIOS 1;2093099;"KN01    ";"KALFAIAN HNOS. S.R.L                              ";ALBARIÑO 2676;952647;"60-176         ";"LAVATORIO MONOCOMANDO BAJO CR RIO                                     ";2;2;2;23025108;010926064445626;180924383;;;;10/11/2031 00:00:00;2;13750988;01/09/2026 06:44:45;Gustavo;Soderquvist;24306224;31/08/2026 15:55:06;7636;Kevin;Arce;Gustavo Soderquvist;Kevin Arce
14097791;01/09/2026 06:44:45;3;2;0001  214654-1;02;CAMIONETA DIARIOS 1;2093099;"KN01    ";"KALFAIAN HNOS. S.R.L                              ";ALBARIÑO 2676;952630;"60-152         ";60-152 - LAVATORIO CR MONOCOMANDO BAJO SORIA;3;3;3;23025108;010926064445626;180925449;;;;07/27/2031 00:00:00;3;13750988;01/09/2026 06:44:45;Gustavo;Soderquvist;24306224;31/08/2026 15:55:06;7636;Kevin;Arce;Gustavo Soderquvist;Kevin Arce
14097791;01/09/2026 06:44:45;3;2;0001  214654-1;02;CAMIONETA DIARIOS 1;2093099;"KN01    ";"KALFAIAN HNOS. S.R.L                              ";ALBARIÑO 2676;952583;"60-058         ";60-058 - LAVATORIO CR C.STD MALBA;34;34;34;23025108;010926064445626;180923112;;;;12/03/2031 00:00:00;34;13750988;01/09/2026 06:44:45;Gustavo;Soderquvist;24306224;31/08/2026 15:55:06;7636;Kevin;Arce;Gustavo Soderquvist;Kevin Arce
14097791;01/09/2026 06:44:45;3;2;0001  214654-1;02;CAMIONETA DIARIOS 1;2093099;"KN01    ";"KALFAIAN HNOS. S.R.L                              ";ALBARIÑO 2676;952551;"60-010         ";60-010 - LAVATORIO BL/CR LORCA;21;21;21;23025108;010926064445626;180902680;;;;12/02/2031 00:00:00;21;13750988;01/09/2026 06:44:45;Gustavo;Soderquvist;24306224;31/08/2026 15:55:06;7636;Kevin;Arce;Gustavo Soderquvist;Kevin Arce
14097791;01/09/2026 06:44:45;3;2;0001  214654-1;02;CAMIONETA DIARIOS 1;2093099;"KN01    ";"KALFAIAN HNOS. S.R.L                              ";ALBARIÑO 2676;952477;"53-010         ";53-010 - COCINA PARED EXT. P.ALTO BL/CR LORCA;2;2;2;23025108;010926064445626;180910320;;;;11/29/2031 00:00:00;2;13750988;01/09/2026 06:44:45;Gustavo;Soderquvist;24306224;31/08/2026 15:55:06;7636;Kevin;Arce;Gustavo Soderquvist;Kevin Arce
14097791;01/09/2026 06:44:45;3;2;0001  214654-1;02;CAMIONETA DIARIOS 1;2093099;"KN01    ";"KALFAIAN HNOS. S.R.L                              ";ALBARIÑO 2676;952438;"51-058         ";51-058 - COCINA MESADA CR C.STD MALBA;28;28;28;23025108;010926064445626;180908017;;;;10/19/2031 00:00:00;28;13750988;01/09/2026 06:44:45;Gustavo;Soderquvist;24306224;31/08/2026 15:55:06;7636;Kevin;Arce;Gustavo Soderquvist;Kevin Arce
14097791;01/09/2026 06:44:45;3;2;0001  214654-1;02;CAMIONETA DIARIOS 1;2093099;"KN01    ";"KALFAIAN HNOS. S.R.L                              ";ALBARIÑO 2676;952426;"51-010         ";51-010 - COCINA MESADA BL/CR LORCA;12;12;12;23025108;010926064445626;180913418;;;;01/03/2032 00:00:00;12;13750988;01/09/2026 06:44:45;Gustavo;Soderquvist;24306224;31/08/2026 15:55:06;7636;Kevin;Arce;Gustavo Soderquvist;Kevin Arce
14097791;01/09/2026 06:44:45;3;2;0001  214654-1;02;CAMIONETA DIARIOS 1;2093099;"KN01    ";"KALFAIAN HNOS. S.R.L                              ";ALBARIÑO 2676;952267;"423            ";"423 - DUCHA EMB. C/TRANSF.CR ""DIQUE""";6;6;6;23025108;010926064445626;180919265;;;;02/03/2032 00:00:00;6;13750988;01/09/2026 06:44:45;Gustavo;Soderquvist;24306224;31/08/2026 15:55:06;7636;Kevin;Arce;Gustavo Soderquvist;Kevin Arce
14097791;01/09/2026 06:44:45;3;2;0001  214654-1;02;CAMIONETA DIARIOS 1;2093099;"KN01    ";"KALFAIAN HNOS. S.R.L                              ";ALBARIÑO 2676;951535;"20-160         ";20-160 - MONOCOMANDO MESADA COCINA DIQUE;8;8;8;23025108;010926064445626;180926185;;;;07/28/2031 00:00:00;8;13750988;01/09/2026 06:44:45;Gustavo;Soderquvist;24306224;31/08/2026 15:55:06;7636;Kevin;Arce;Gustavo Soderquvist;Kevin Arce
14097791;01/09/2026 06:44:45;3;2;0001  214654-1;02;CAMIONETA DIARIOS 1;2093099;"KN01    ";"KALFAIAN HNOS. S.R.L                              ";ALBARIÑO 2676;951524;"20-135         ";20-135 - MONOCOMANDO COCINA SANTANDER;2;2;2;23025108;010926064445626;180927411;;;;07/28/2031 00:00:00;2;13750988;01/09/2026 06:44:45;Gustavo;Soderquvist;24306224;31/08/2026 15:55:06;7636;Kevin;Arce;Gustavo Soderquvist;Kevin Arce
14097791;01/09/2026 06:44:45;3;2;0001  214654-1;02;CAMIONETA DIARIOS 1;2093099;"KN01    ";"KALFAIAN HNOS. S.R.L                              ";ALBARIÑO 2676;951620;"214/CR         ";214/CR - LAVATORIO CR/CR ARES;9;9;9;23025108;010926064445626;180931424;;;;01/11/2032 00:00:00;9;13750988;01/09/2026 06:44:45;Gustavo;Soderquvist;24306224;31/08/2026 15:55:06;7636;Kevin;Arce;Gustavo Soderquvist;Kevin Arce
14097791;01/09/2026 06:44:45;3;2;0001  214654-1;02;CAMIONETA DIARIOS 1;2093099;"KN01    ";"KALFAIAN HNOS. S.R.L                              ";ALBARIÑO 2676;951628;"215            ";"215 - LAVATORIO CROMO ""MURCIA""";2;2;2;23025108;010926064445626;180914856;;;;07/31/2031 00:00:00;2;13750988;01/09/2026 06:44:45;Gustavo;Soderquvist;24306224;31/08/2026 15:55:06;7636;Kevin;Arce;Gustavo Soderquvist;Kevin Arce
14097791;01/09/2026 06:44:45;3;2;0001  214654-1;02;CAMIONETA DIARIOS 1;2093099;"KN01    ";"KALFAIAN HNOS. S.R.L                              ";ALBARIÑO 2676;952028;"314/CR         ";314/CR - BIDE CROMO ARES;2;2;2;23025108;010926064445626;180930823;;;;01/11/2032 00:00:00;2;13750988;01/09/2026 06:44:45;Gustavo;Soderquvist;24306224;31/08/2026 15:55:06;7636;Kevin;Arce;Gustavo Soderquvist;Kevin Arce
14097791;01/09/2026 06:44:45;3;2;0001  214654-1;02;CAMIONETA DIARIOS 1;2093099;"KN01    ";"KALFAIAN HNOS. S.R.L                              ";ALBARIÑO 2676;952247;"414            ";414 - DUCHA EXT.C/TRANSF. BL/CR ARES;2;2;2;23025108;010926064445626;180934255;;;;07/29/2031 00:00:00;2;13750988;01/09/2026 06:44:45;Gustavo;Soderquvist;24306224;31/08/2026 15:55:06;7636;Kevin;Arce;Gustavo Soderquvist;Kevin Arce
14097791;01/09/2026 06:44:45;3;2;0001  214654-1;02;CAMIONETA DIARIOS 1;2093099;"KN01    ";"KALFAIAN HNOS. S.R.L                              ";ALBARIÑO 2676;952362;"474/CR         ";474/CR - DUCHA EMB.S/TRANF.CRUZ CR/CR ARES;4;4;4;23025108;010926064445626;180931914;;;;07/31/2031 00:00:00;4;13750988;01/09/2026 06:44:45;Gustavo;Soderquvist;24306224;31/08/2026 15:55:06;7636;Kevin;Arce;Gustavo Soderquvist;Kevin Arce
14101767;01/09/2026 07:01:45;3;2;0001  214727-1;05;CAMIONETA EXP 6;2094621;"SR24    ";"SAKER REYNOSO E -SANITARIOS EL TIO                ";DOCTOR ORTEGA S:OESTE 57;957393;"RA004          ";RA004 - CABEZAL P/TRANSF. BIDET Y DUCHA EMBUTIR;10;10;10;23032331;010926070139598;180948078;;;;07/31/2031 00:00:00;10;13751165;01/09/2026 07:01:39;Gustavo;Soderquvist;24313639;31/08/2026 16:33:17;7152;Mirko;Hernandez;Gustavo Soderquvist;Mirko Hernandez
14101767;01/09/2026 07:01:45;3;2;0001  214727-1;05;CAMIONETA EXP 6;2094621;"SR24    ";"SAKER REYNOSO E -SANITARIOS EL TIO                ";DOCTOR ORTEGA S:OESTE 57;952438;"51-058         ";51-058 - COCINA MESADA CR C.STD MALBA;10;10;10;23032331;010926070139598;180947639;;;;10/19/2031 00:00:00;10;13751165;01/09/2026 07:01:39;Gustavo;Soderquvist;24313639;31/08/2026 16:33:17;7152;Mirko;Hernandez;Gustavo Soderquvist;Mirko Hernandez
14101767;01/09/2026 07:01:45;3;2;0001  214727-1;05;CAMIONETA EXP 6;2094621;"SR24    ";"SAKER REYNOSO E -SANITARIOS EL TIO                ";DOCTOR ORTEGA S:OESTE 57;951535;"20-160         ";20-160 - MONOCOMANDO MESADA COCINA DIQUE;8;8;8;23032331;010926070139598;180949148;;;;07/28/2031 00:00:00;8;13751165;01/09/2026 07:01:39;Gustavo;Soderquvist;24313639;31/08/2026 16:33:17;7152;Mirko;Hernandez;Gustavo Soderquvist;Mirko Hernandez
14101768;01/09/2026 06:55:42;3;2;0001  214731-1;05;CAMIONETA EXP 6;2092022;"DA32    ";"D AVIS DANIEL DAVID -CASA DAVID                   ";LIBERTADOR 2044;952896;"70-133         ";70-133 - BIDE MONOCOMANDO LUGO;2;2;2;23030247;010926065541729;180932206;;;;07/30/2031 00:00:00;2;13751119;01/09/2026 06:55:41;Gustavo;Soderquvist;24311563;31/08/2026 15:56:37;7152;Mirko;Hernandez;Gustavo Soderquvist;Mirko Hernandez
14101768;01/09/2026 06:55:42;3;2;0001  214731-1;05;CAMIONETA EXP 6;2092022;"DA32    ";"D AVIS DANIEL DAVID -CASA DAVID                   ";LIBERTADOR 2044;952618;"60-133         ";60-133 - LAVATORIO MONOCOMANDO LUGO;6;6;6;23030247;010926065541729;180933209;;;;07/29/2031 00:00:00;6;13751119;01/09/2026 06:55:41;Gustavo;Soderquvist;24311563;31/08/2026 15:56:37;7152;Mirko;Hernandez;Gustavo Soderquvist;Mirko Hernandez
14101768;01/09/2026 06:55:42;3;2;0001  214731-1;05;CAMIONETA EXP 6;2092022;"DA32    ";"D AVIS DANIEL DAVID -CASA DAVID                   ";LIBERTADOR 2044;952499;"54-203         ";"COCINA PARED EXT C.CERAM ADRA MONOCOMANDO                             ";2;2;2;23030247;010926065541729;180935070;;;;11/23/2031 00:00:00;2;13751119;01/09/2026 06:55:41;Gustavo;Soderquvist;24311563;31/08/2026 15:56:37;7152;Mirko;Hernandez;Gustavo Soderquvist;Mirko Hernandez
14101768;01/09/2026 06:55:42;3;2;0001  214731-1;05;CAMIONETA EXP 6;2092022;"DA32    ";"D AVIS DANIEL DAVID -CASA DAVID                   ";LIBERTADOR 2044;951545;"20-172         ";20-172 - COCINA MESADA MONOC. COLORS NEGRO;3;3;3;23030247;010926065541729;180931113;;;;07/28/2031 00:00:00;3;13751119;01/09/2026 06:55:41;Gustavo;Soderquvist;24311563;31/08/2026 15:56:37;7152;Mirko;Hernandez;Gustavo Soderquvist;Mirko Hernandez
14101768;01/09/2026 06:55:42;3;2;0001  214731-1;05;CAMIONETA EXP 6;2092022;"DA32    ";"D AVIS DANIEL DAVID -CASA DAVID                   ";LIBERTADOR 2044;951536;"20-162         ";20-162 - MONOCOMANDO COCINA ADRA;2;2;2;23030247;010926065541729;180934030;;;;07/28/2031 00:00:00;2;13751119;01/09/2026 06:55:41;Gustavo;Soderquvist;24311563;31/08/2026 15:56:37;7152;Mirko;Hernandez;Gustavo Soderquvist;Mirko Hernandez
14101768;01/09/2026 06:55:42;3;2;0001  214731-1;05;CAMIONETA EXP 6;2092022;"DA32    ";"D AVIS DANIEL DAVID -CASA DAVID                   ";LIBERTADOR 2044;951535;"20-160         ";20-160 - MONOCOMANDO MESADA COCINA DIQUE;6;6;6;23030247;010926065541729;180933058;;;;07/28/2031 00:00:00;6;13751119;01/09/2026 06:55:41;Gustavo;Soderquvist;24311563;31/08/2026 15:56:37;7152;Mirko;Hernandez;Gustavo Soderquvist;Mirko Hernandez
14101768;01/09/2026 06:55:42;3;2;0001  214731-1;05;CAMIONETA EXP 6;2092022;"DA32    ";"D AVIS DANIEL DAVID -CASA DAVID                   ";LIBERTADOR 2044;951488;"20-102         ";"20-102 - MONOCOMANDO MESADA CROMO ""RENACER""";6;6;6;23030247;010926065541729;180935339;;;;08/20/2031 00:00:00;6;13751119;01/09/2026 06:55:41;Gustavo;Soderquvist;24311563;31/08/2026 15:56:37;7152;Mirko;Hernandez;Gustavo Soderquvist;Mirko Hernandez
14101768;01/09/2026 06:55:42;3;2;0001  214731-1;05;CAMIONETA EXP 6;2092022;"DA32    ";"D AVIS DANIEL DAVID -CASA DAVID                   ";LIBERTADOR 2044;951116;"12006          ";"SET DE 6 PIEZAS LINEA 12000                                           ";4;4;4;23030247;010926065541729;180933703;;;;07/30/2031 00:00:00;4;13751119;01/09/2026 06:55:41;Gustavo;Soderquvist;24311563;31/08/2026 15:56:37;7152;Mirko;Hernandez;Gustavo Soderquvist;Mirko Hernandez
14101772;01/09/2026 06:49:05;3;2;0008    2874-1;05;CAMIONETA EXP 6;2092925;"HU03    ";"HURA S.A.S.                                       ";ALVEAR 671;956497;"LG04C70        ";LG04C70 - BIDE CR C.CERAM DAVOS;12;12;12;23031224;010926064903931;180940818;;;;07/29/2031 00:00:00;12;13750978;01/09/2026 06:49:03;Maximiliano;Nievas;24312548;31/08/2026 16:10:27;7152;Mirko;Hernandez;Maximiliano Nievas;Mirko Hernandez
14101772;01/09/2026 06:49:05;3;2;0008    2874-1;05;CAMIONETA EXP 6;2092925;"HU03    ";"HURA S.A.S.                                       ";ALVEAR 671;956492;"LG03C80        ";LG03C80 - DUCHA EMB. C/TRANSF. CR C.STD BERNA;6;6;6;23031224;010926064903931;180937430;;;;10/15/2031 00:00:00;6;13750978;01/09/2026 06:49:03;Maximiliano;Nievas;24312548;31/08/2026 16:10:27;7152;Mirko;Hernandez;Maximiliano Nievas;Mirko Hernandez
14101772;01/09/2026 06:49:05;3;2;0008    2874-1;05;CAMIONETA EXP 6;2092925;"HU03    ";"HURA S.A.S.                                       ";ALVEAR 671;956491;"LG03C70        ";LG03C70 - BIDE CR C.STD BERNA;27;27;27;23031224;010926064903931;180938462;;;;12/10/2031 00:00:00;27;13750978;01/09/2026 06:49:03;Maximiliano;Nievas;24312548;31/08/2026 16:10:27;7152;Mirko;Hernandez;Maximiliano Nievas;Mirko Hernandez
14101772;01/09/2026 06:49:05;3;2;0008    2874-1;05;CAMIONETA EXP 6;2092925;"HU03    ";"HURA S.A.S.                                       ";ALVEAR 671;956490;"LG03C60        ";LG03C60 - LAVATORIO CR C.STD BERNA;18;18;18;23031224;010926064903931;180939488;;;;11/19/2031 00:00:00;18;13750978;01/09/2026 06:49:03;Maximiliano;Nievas;24312548;31/08/2026 16:10:27;7152;Mirko;Hernandez;Maximiliano Nievas;Mirko Hernandez
14101776;01/09/2026 08:55:49;3;2;0001  214738-1;05;CAMIONETA EXP 6;2092925;"HU03    ";"HURA S.A.S.                                       ";ALVEAR 671;953324;"835            ";835 - JGO.MDA. P.FUNDIDO CR MURCIA;1;1;1;23030086;010926085548066;180938673;;;;07/29/2031 00:00:00;1;13752897;01/09/2026 08:55:48;Tiago;Rodriguez;24311380;31/08/2026 16:27:35;7674;Julian;Herrera;Tiago Rodriguez;Julian Herrera
14101776;01/09/2026 08:55:49;3;2;0001  214738-1;05;CAMIONETA EXP 6;2092925;"HU03    ";"HURA S.A.S.                                       ";ALVEAR 671;953278;"83-001N        ";"83-001N - DUCHA EXT. C/TRANSF. ""CROMO Y""";1;1;1;23030086;010926085548066;180932168;;;;11/26/2031 00:00:00;1;13752897;01/09/2026 08:55:48;Tiago;Rodriguez;24311380;31/08/2026 16:27:35;7674;Julian;Herrera;Tiago Rodriguez;Julian Herrera
14101776;01/09/2026 08:55:49;3;2;0001  214738-1;05;CAMIONETA EXP 6;2092925;"HU03    ";"HURA S.A.S.                                       ";ALVEAR 671;953136;"80-190P        ";80-190P - DUCHA EMB. C/TRANSF. C.CERAM BLACK VELVET PLUS;1;1;1;23030086;010926085548066;180934400;;;;07/29/2031 00:00:00;1;13752897;01/09/2026 08:55:48;Tiago;Rodriguez;24311380;31/08/2026 16:27:35;7674;Julian;Herrera;Tiago Rodriguez;Julian Herrera
14101776;01/09/2026 08:55:49;3;2;0001  214738-1;05;CAMIONETA EXP 6;2092925;"HU03    ";"HURA S.A.S.                                       ";ALVEAR 671;953110;"80-166N        ";80-166N - DUCHA EMB. C/TRANSF. BLACK C.CERAM ADRA PLUS;1;1;1;23030086;010926085548066;180934944;;;;11/25/2031 00:00:00;1;13752897;01/09/2026 08:55:48;Tiago;Rodriguez;24311380;31/08/2026 16:27:35;7674;Julian;Herrera;Tiago Rodriguez;Julian Herrera
14101776;01/09/2026 08:55:49;3;2;0001  214738-1;05;CAMIONETA EXP 6;2092925;"HU03    ";"HURA S.A.S.                                       ";ALVEAR 671;953109;"80-166         ";"DUCHA EMB. C/TRANSF. CR C.CERAM ADRA PLUS                             ";2;2;2;23030086;010926085548066;180941645;;;;01/03/2032 00:00:00;2;13752897;01/09/2026 08:55:48;Tiago;Rodriguez;24311380;31/08/2026 16:27:35;7674;Julian;Herrera;Tiago Rodriguez;Julian Herrera
14101776;01/09/2026 08:55:49;3;2;0001  214738-1;05;CAMIONETA EXP 6;2092925;"HU03    ";"HURA S.A.S.                                       ";ALVEAR 671;953091;"80-138         ";80-138 - DUCHA EMB. C/TRANSF. CR C.CERAM VALENCIA PLUS;1;1;1;23030086;010926085548066;180947059;;;;01/14/2032 00:00:00;1;13752897;01/09/2026 08:55:48;Tiago;Rodriguez;24311380;31/08/2026 16:27:35;7674;Julian;Herrera;Tiago Rodriguez;Julian Herrera
14101776;01/09/2026 08:55:49;3;2;0001  214738-1;05;CAMIONETA EXP 6;2092925;"HU03    ";"HURA S.A.S.                                       ";ALVEAR 671;953059;"80-057         ";80-057 - DUCHA EMB. C/TRANSF. C.STD VERIN PLUS;2;2;2;23030086;010926085548066;180942949;;;;01/04/2032 00:00:00;2;13752897;01/09/2026 08:55:48;Tiago;Rodriguez;24311380;31/08/2026 16:27:35;7674;Julian;Herrera;Tiago Rodriguez;Julian Herrera
14101776;01/09/2026 08:55:49;3;2;0001  214738-1;05;CAMIONETA EXP 6;2092925;"HU03    ";"HURA S.A.S.                                       ";ALVEAR 671;952913;"70-162N        ";70-162N - BIDE BLACK C.CERAM LINEA ADRA;2;2;2;23030086;010926085548066;180935065;;;;12/08/2031 00:00:00;2;13752897;01/09/2026 08:55:48;Tiago;Rodriguez;24311380;31/08/2026 16:27:35;7674;Julian;Herrera;Tiago Rodriguez;Julian Herrera
14101776;01/09/2026 08:55:49;3;2;0001  214738-1;05;CAMIONETA EXP 6;2092925;"HU03    ";"HURA S.A.S.                                       ";ALVEAR 671;952912;"70-162         ";70-162 - BIDE CR C.CERAM LINEA ADRA;3;3;3;23030086;010926085548066;180941328;;;;07/29/2031 00:00:00;3;13752897;01/09/2026 08:55:48;Tiago;Rodriguez;24311380;31/08/2026 16:27:35;7674;Julian;Herrera;Tiago Rodriguez;Julian Herrera
14101776;01/09/2026 08:55:49;3;2;0001  214738-1;05;CAMIONETA EXP 6;2092925;"HU03    ";"HURA S.A.S.                                       ";ALVEAR 671;952909;"70-153         ";70-153 - BIDE CR C.CERAM CASTILLA;1;1;1;23030086;010926085548066;180934631;;;;10/20/2031 00:00:00;1;13752897;01/09/2026 08:55:48;Tiago;Rodriguez;24311380;31/08/2026 16:27:35;7674;Julian;Herrera;Tiago Rodriguez;Julian Herrera
14101776;01/09/2026 08:55:49;3;2;0001  214738-1;05;CAMIONETA EXP 6;2092925;"HU03    ";"HURA S.A.S.                                       ";ALVEAR 671;952888;"70-122         ";70-122 - BIDE C.CERAM CR VALENCIA;1;1;1;23030086;010926085548066;180935446;;;;10/26/2031 00:00:00;1;13752897;01/09/2026 08:55:48;Tiago;Rodriguez;24311380;31/08/2026 16:27:35;7674;Julian;Herrera;Tiago Rodriguez;Julian Herrera
14101776;01/09/2026 08:55:49;3;2;0001  214738-1;05;CAMIONETA EXP 6;2092925;"HU03    ";"HURA S.A.S.                                       ";ALVEAR 671;952886;"70-121         ";70-121 - BIDE C.CERAM CR MARBELLA;1;1;1;23030086;010926085548066;180931122;;;;08/24/2031 00:00:00;1;13752897;01/09/2026 08:55:48;Tiago;Rodriguez;24311380;31/08/2026 16:27:35;7674;Julian;Herrera;Tiago Rodriguez;Julian Herrera
14101776;01/09/2026 08:55:49;3;2;0001  214738-1;05;CAMIONETA EXP 6;2092925;"HU03    ";"HURA S.A.S.                                       ";ALVEAR 671;952860;"70-057         ";70-057 - BIDE C.STD VERIN PLUS;3;3;3;23030086;010926085548066;180942847;;;;01/11/2032 00:00:00;3;13752897;01/09/2026 08:55:48;Tiago;Rodriguez;24311380;31/08/2026 16:27:35;7674;Julian;Herrera;Tiago Rodriguez;Julian Herrera
14101776;01/09/2026 08:55:49;3;2;0001  214738-1;05;CAMIONETA EXP 6;2092925;"HU03    ";"HURA S.A.S.                                       ";ALVEAR 671;952831;"70-010         ";70-010 - BIDE BL/CR LORCA;1;1;1;23030086;010926085548066;180942031;;;;12/08/2031 00:00:00;1;13752897;01/09/2026 08:55:48;Tiago;Rodriguez;24311380;31/08/2026 16:27:35;7674;Julian;Herrera;Tiago Rodriguez;Julian Herrera
14101776;01/09/2026 08:55:49;3;2;0001  214738-1;05;CAMIONETA EXP 6;2092925;"HU03    ";"HURA S.A.S.                                       ";ALVEAR 671;952759;"62-162N        ";62-162N - LAVATORIO DE PARED BLACK C.CERAM ADRA;1;1;1;23030086;010926085548066;180935801;;;;10/29/2031 00:00:00;1;13752897;01/09/2026 08:55:48;Tiago;Rodriguez;24311380;31/08/2026 16:27:35;7674;Julian;Herrera;Tiago Rodriguez;Julian Herrera
14101776;01/09/2026 08:55:49;3;2;0001  214738-1;05;CAMIONETA EXP 6;2092925;"HU03    ";"HURA S.A.S.                                       ";ALVEAR 671;952635;"60-162N        ";60-162N - LAVATORIO BLACK C.CERAM LINEA ADRA;1;1;1;23030086;010926085548066;180935698;;;;11/03/2031 00:00:00;1;13752897;01/09/2026 08:55:48;Tiago;Rodriguez;24311380;31/08/2026 16:27:35;7674;Julian;Herrera;Tiago Rodriguez;Julian Herrera
14101776;01/09/2026 08:55:49;3;2;0001  214738-1;05;CAMIONETA EXP 6;2092925;"HU03    ";"HURA S.A.S.                                       ";ALVEAR 671;952634;"60-162         ";60-162 - LAVATORIO CR C.CERAM LINEA ADRA;3;3;3;23030086;010926085548066;180940603;;;;07/29/2031 00:00:00;3;13752897;01/09/2026 08:55:48;Tiago;Rodriguez;24311380;31/08/2026 16:27:35;7674;Julian;Herrera;Tiago Rodriguez;Julian Herrera
14101776;01/09/2026 08:55:49;3;2;0001  214738-1;05;CAMIONETA EXP 6;2092925;"HU03    ";"HURA S.A.S.                                       ";ALVEAR 671;952582;"60-057         ";60-057 - LAVATORIO C.STD VERIN PLUS;4;4;4;23030086;010926085548066;180942534;;;;01/06/2032 00:00:00;4;13752897;01/09/2026 08:55:48;Tiago;Rodriguez;24311380;31/08/2026 16:27:35;7674;Julian;Herrera;Tiago Rodriguez;Julian Herrera
14101776;01/09/2026 08:55:49;3;2;0001  214738-1;05;CAMIONETA EXP 6;2092925;"HU03    ";"HURA S.A.S.                                       ";ALVEAR 671;952471;"53-002         ";53-002 - COCINA PARED EXT. P.ALTO RENACER;1;1;1;23030086;010926085548066;180939163;;;;07/29/2031 00:00:00;1;13752897;01/09/2026 08:55:48;Tiago;Rodriguez;24311380;31/08/2026 16:27:35;7674;Julian;Herrera;Tiago Rodriguez;Julian Herrera
14101776;01/09/2026 08:55:49;3;2;0001  214738-1;05;CAMIONETA EXP 6;2092925;"HU03    ";"HURA S.A.S.                                       ";ALVEAR 671;952453;"51-131         ";51-131 - MESADA BIMANDO CR C.CERAM MALLORCA;1;1;1;23030086;010926085548066;180934093;;;;01/11/2032 00:00:00;1;13752897;01/09/2026 08:55:48;Tiago;Rodriguez;24311380;31/08/2026 16:27:35;7674;Julian;Herrera;Tiago Rodriguez;Julian Herrera
14101776;01/09/2026 08:55:49;3;2;0001  214738-1;05;CAMIONETA EXP 6;2092925;"HU03    ";"HURA S.A.S.                                       ";ALVEAR 671;952426;"51-010         ";51-010 - COCINA MESADA BL/CR LORCA;3;3;3;23030086;010926085548066;180946815;;;;01/03/2032 00:00:00;3;13752897;01/09/2026 08:55:48;Tiago;Rodriguez;24311380;31/08/2026 16:27:35;7674;Julian;Herrera;Tiago Rodriguez;Julian Herrera
14101776;01/09/2026 08:55:49;3;2;0001  214738-1;05;CAMIONETA EXP 6;2092925;"HU03    ";"HURA S.A.S.                                       ";ALVEAR 671;951156;"1330           ";"QUEINOX MACHO MOVIL MH 1/2"" x 30                                      ";8;8;8;23030086;010926085548066;180930361;;;;01/20/2032 00:00:00;8;13752897;01/09/2026 08:55:48;Tiago;Rodriguez;24311380;31/08/2026 16:27:35;7674;Julian;Herrera;Tiago Rodriguez;Julian Herrera
14101776;01/09/2026 08:55:49;3;2;0001  214738-1;05;CAMIONETA EXP 6;2092925;"HU03    ";"HURA S.A.S.                                       ";ALVEAR 671;953421;"90-166         ";90-166 - PACK GRIF. ADRA PLUS (Lav-Bide-Ducha c/t Plus);2;2;2;23030086;010926085548066;180941078;;;;11/08/2031 00:00:00;2;13752897;01/09/2026 08:55:48;Tiago;Rodriguez;24311380;31/08/2026 16:27:35;7674;Julian;Herrera;Tiago Rodriguez;Julian Herrera
14101776;01/09/2026 08:55:49;3;2;0001  214738-1;05;CAMIONETA EXP 6;2092925;"HU03    ";"HURA S.A.S.                                       ";ALVEAR 671;953553;"985            ";985 - JGO PARED EXT CR P.FUNDIDO MURCIA;1;1;1;23030086;010926085548066;180938397;;;;09/01/2031 00:00:00;1;13752897;01/09/2026 08:55:48;Tiago;Rodriguez;24311380;31/08/2026 16:27:35;7674;Julian;Herrera;Tiago Rodriguez;Julian Herrera
14101776;01/09/2026 08:55:49;3;2;0001  214738-1;05;CAMIONETA EXP 6;2092925;"HU03    ";"HURA S.A.S.                                       ";ALVEAR 671;951168;"1340           ";"QUEINOX MACHO MOVIL MH 1/2"" x 40                                      ";8;8;8;23030086;010926085548066;180929933;;;;02/09/2032 00:00:00;8;13752897;01/09/2026 08:55:48;Tiago;Rodriguez;24311380;31/08/2026 16:27:35;7674;Julian;Herrera;Tiago Rodriguez;Julian Herrera
14101776;01/09/2026 08:55:49;3;2;0001  214738-1;05;CAMIONETA EXP 6;2092925;"HU03    ";"HURA S.A.S.                                       ";ALVEAR 671;951177;"1350           ";"QUEINOX MACHO MOVIL MH 1/2"" x 50                                      ";3;3;3;23030086;010926085548066;180929552;;;;07/27/2031 00:00:00;3;13752897;01/09/2026 08:55:48;Tiago;Rodriguez;24311380;31/08/2026 16:27:35;7674;Julian;Herrera;Tiago Rodriguez;Julian Herrera
14101776;01/09/2026 08:55:49;3;2;0001  214738-1;05;CAMIONETA EXP 6;2092925;"HU03    ";"HURA S.A.S.                                       ";ALVEAR 671;952387;"50-002         ";50-002 - MESADA PICO FUNDIDO RENACER CROMO;1;1;1;23030086;010926085548066;180939295;;;;07/31/2031 00:00:00;1;13752897;01/09/2026 08:55:48;Tiago;Rodriguez;24311380;31/08/2026 16:27:35;7674;Julian;Herrera;Tiago Rodriguez;Julian Herrera
14101776;01/09/2026 08:55:49;3;2;0001  214738-1;05;CAMIONETA EXP 6;2092925;"HU03    ";"HURA S.A.S.                                       ";ALVEAR 671;952541;"60-001N        ";"60-001N - LAVATORIO ""CROMO Y""";1;1;1;23030086;010926085548066;180933717;;;;07/29/2031 00:00:00;1;13752897;01/09/2026 08:55:48;Tiago;Rodriguez;24311380;31/08/2026 16:27:35;7674;Julian;Herrera;Tiago Rodriguez;Julian Herrera
14101776;01/09/2026 08:55:49;3;2;0001  214738-1;05;CAMIONETA EXP 6;2092925;"HU03    ";"HURA S.A.S.                                       ";ALVEAR 671;953028;"80-010         ";80-010 - DUCHA EMB. C/TRANSF. BL/CR LORCA;1;1;1;23030086;010926085548066;180942155;;;;09/16/2031 00:00:00;1;13752897;01/09/2026 08:55:48;Tiago;Rodriguez;24311380;31/08/2026 16:27:35;7674;Julian;Herrera;Tiago Rodriguez;Julian Herrera
14101777;01/09/2026 07:10:00;3;2;0001  214335-2;05;CAMIONETA EXP 6;2095012;"VS08    ";"VIAL SERVICIOS S.A.                               ";EUGENIO TELLO 1064;957102;"PDU120         ";"DESAGUE P/PISO DE DUCHA                                               ";3;3;3;23031830;010926070959677;180943715;;;;12/07/2031 00:00:00;3;13751208;01/09/2026 07:09:59;Gustavo;Soderquvist;24313083;31/08/2026 16:19:03;7152;Mirko;Hernandez;Gustavo Soderquvist;Mirko Hernandez
14101777;01/09/2026 07:10:00;3;2;0001  214335-2;05;CAMIONETA EXP 6;2095012;"VS08    ";"VIAL SERVICIOS S.A.                               ";EUGENIO TELLO 1064;957094;"PDU101         ";"PISO DUCHA RESINA POLIESTER BLANCA 900x700x25                         ";1;1;1;23031830;010926070959677;180943569;;;;02/09/2032 00:00:00;1;13751208;01/09/2026 07:09:59;Gustavo;Soderquvist;24313083;31/08/2026 16:19:03;7152;Mirko;Hernandez;Gustavo Soderquvist;Mirko Hernandez
14101778;01/09/2026 07:47:52;3;2;0008    2875-1;05;CAMIONETA EXP 6;2092925;"HU03    ";"HURA S.A.S.                                       ";ALVEAR 671;952387;"50-002         ";50-002 - MESADA PICO FUNDIDO RENACER CROMO;3;3;3;23027300;010926074751003;180919202;;;;07/31/2031 00:00:00;3;13751715;01/09/2026 07:47:51;Tiago;Rodriguez;24308587;31/08/2026 15:38:57;7152;Mirko;Hernandez;Tiago Rodriguez;Mirko Hernandez
14101778;01/09/2026 07:47:52;3;2;0008    2875-1;05;CAMIONETA EXP 6;2092925;"HU03    ";"HURA S.A.S.                                       ";ALVEAR 671;952541;"60-001N        ";"60-001N - LAVATORIO ""CROMO Y""";3;3;3;23027300;010926074751003;180922828;;;;07/29/2031 00:00:00;3;13751715;01/09/2026 07:47:51;Tiago;Rodriguez;24308587;31/08/2026 15:38:57;7152;Mirko;Hernandez;Tiago Rodriguez;Mirko Hernandez
14101778;01/09/2026 07:47:52;3;2;0008    2875-1;05;CAMIONETA EXP 6;2092925;"HU03    ";"HURA S.A.S.                                       ";ALVEAR 671;953028;"80-010         ";80-010 - DUCHA EMB. C/TRANSF. BL/CR LORCA;3;3;3;23027300;010926074751003;180912547;;;;09/16/2031 00:00:00;3;13751715;01/09/2026 07:47:51;Tiago;Rodriguez;24308587;31/08/2026 15:38:57;7152;Mirko;Hernandez;Tiago Rodriguez;Mirko Hernandez
14101778;01/09/2026 07:47:52;3;2;0008    2875-1;05;CAMIONETA EXP 6;2092925;"HU03    ";"HURA S.A.S.                                       ";ALVEAR 671;953553;"985            ";985 - JGO PARED EXT CR P.FUNDIDO MURCIA;3;3;3;23027300;010926074751003;180915708;;;;09/01/2031 00:00:00;3;13751715;01/09/2026 07:47:51;Tiago;Rodriguez;24308587;31/08/2026 15:38:57;7152;Mirko;Hernandez;Tiago Rodriguez;Mirko Hernandez
14101778;01/09/2026 07:47:52;3;2;0008    2875-1;05;CAMIONETA EXP 6;2092925;"HU03    ";"HURA S.A.S.                                       ";ALVEAR 671;953421;"90-166         ";90-166 - PACK GRIF. ADRA PLUS (Lav-Bide-Ducha c/t Plus);6;6;6;23027300;010926074751003;180915201;;;;11/08/2031 00:00:00;6;13751715;01/09/2026 07:47:51;Tiago;Rodriguez;24308587;31/08/2026 15:38:57;7152;Mirko;Hernandez;Tiago Rodriguez;Mirko Hernandez
14101778;01/09/2026 07:47:52;3;2;0008    2875-1;05;CAMIONETA EXP 6;2092925;"HU03    ";"HURA S.A.S.                                       ";ALVEAR 671;953324;"835            ";835 - JGO.MDA. P.FUNDIDO CR MURCIA;3;3;3;23027300;010926074751003;180915759;;;;07/29/2031 00:00:00;3;13751715;01/09/2026 07:47:51;Tiago;Rodriguez;24308587;31/08/2026 15:38:57;7152;Mirko;Hernandez;Tiago Rodriguez;Mirko Hernandez
14101778;01/09/2026 07:47:52;3;2;0008    2875-1;05;CAMIONETA EXP 6;2092925;"HU03    ";"HURA S.A.S.                                       ";ALVEAR 671;953278;"83-001N        ";"83-001N - DUCHA EXT. C/TRANSF. ""CROMO Y""";3;3;3;23027300;010926074751003;180923129;;;;11/26/2031 00:00:00;3;13751715;01/09/2026 07:47:51;Tiago;Rodriguez;24308587;31/08/2026 15:38:57;7152;Mirko;Hernandez;Tiago Rodriguez;Mirko Hernandez
14101778;01/09/2026 07:47:52;3;2;0008    2875-1;05;CAMIONETA EXP 6;2092925;"HU03    ";"HURA S.A.S.                                       ";ALVEAR 671;953136;"80-190P        ";80-190P - DUCHA EMB. C/TRANSF. C.CERAM BLACK VELVET PLUS;3;3;3;23027300;010926074751003;180924487;;;;07/29/2031 00:00:00;3;13751715;01/09/2026 07:47:51;Tiago;Rodriguez;24308587;31/08/2026 15:38:57;7152;Mirko;Hernandez;Tiago Rodriguez;Mirko Hernandez
14101778;01/09/2026 07:47:52;3;2;0008    2875-1;05;CAMIONETA EXP 6;2092925;"HU03    ";"HURA S.A.S.                                       ";ALVEAR 671;953110;"80-166N        ";80-166N - DUCHA EMB. C/TRANSF. BLACK C.CERAM ADRA PLUS;3;3;3;23027300;010926074751003;180921504;;;;11/25/2031 00:00:00;3;13751715;01/09/2026 07:47:51;Tiago;Rodriguez;24308587;31/08/2026 15:38:57;7152;Mirko;Hernandez;Tiago Rodriguez;Mirko Hernandez
14101778;01/09/2026 07:47:52;3;2;0008    2875-1;05;CAMIONETA EXP 6;2092925;"HU03    ";"HURA S.A.S.                                       ";ALVEAR 671;953109;"80-166         ";"DUCHA EMB. C/TRANSF. CR C.CERAM ADRA PLUS                             ";6;6;6;23027300;010926074751003;180913509;;;;01/03/2032 00:00:00;6;13751715;01/09/2026 07:47:51;Tiago;Rodriguez;24308587;31/08/2026 15:38:57;7152;Mirko;Hernandez;Tiago Rodriguez;Mirko Hernandez
14101778;01/09/2026 07:47:52;3;2;0008    2875-1;05;CAMIONETA EXP 6;2092925;"HU03    ";"HURA S.A.S.                                       ";ALVEAR 671;953091;"80-138         ";80-138 - DUCHA EMB. C/TRANSF. CR C.CERAM VALENCIA PLUS;3;3;3;23027300;010926074751003;180907868;;;;01/14/2032 00:00:00;3;13751715;01/09/2026 07:47:51;Tiago;Rodriguez;24308587;31/08/2026 15:38:57;7152;Mirko;Hernandez;Tiago Rodriguez;Mirko Hernandez
14101778;01/09/2026 07:47:52;3;2;0008    2875-1;05;CAMIONETA EXP 6;2092925;"HU03    ";"HURA S.A.S.                                       ";ALVEAR 671;953059;"80-057         ";80-057 - DUCHA EMB. C/TRANSF. C.STD VERIN PLUS;6;6;6;23027300;010926074751003;180908909;;;;01/04/2032 00:00:00;6;13751715;01/09/2026 07:47:51;Tiago;Rodriguez;24308587;31/08/2026 15:38:57;7152;Mirko;Hernandez;Tiago Rodriguez;Mirko Hernandez
14101778;01/09/2026 07:47:52;3;2;0008    2875-1;05;CAMIONETA EXP 6;2092925;"HU03    ";"HURA S.A.S.                                       ";ALVEAR 671;952913;"70-162N        ";70-162N - BIDE BLACK C.CERAM LINEA ADRA;6;6;6;23027300;010926074751003;180921981;;;;12/08/2031 00:00:00;6;13751715;01/09/2026 07:47:51;Tiago;Rodriguez;24308587;31/08/2026 15:38:57;7152;Mirko;Hernandez;Tiago Rodriguez;Mirko Hernandez
14101778;01/09/2026 07:47:52;3;2;0008    2875-1;05;CAMIONETA EXP 6;2092925;"HU03    ";"HURA S.A.S.                                       ";ALVEAR 671;952912;"70-162         ";70-162 - BIDE CR C.CERAM LINEA ADRA;9;9;9;23027300;010926074751003;180913991;;;;07/29/2031 00:00:00;9;13751715;01/09/2026 07:47:51;Tiago;Rodriguez;24308587;31/08/2026 15:38:57;7152;Mirko;Hernandez;Tiago Rodriguez;Mirko Hernandez
14101778;01/09/2026 07:47:52;3;2;0008    2875-1;05;CAMIONETA EXP 6;2092925;"HU03    ";"HURA S.A.S.                                       ";ALVEAR 671;952909;"70-153         ";70-153 - BIDE CR C.CERAM CASTILLA;3;3;3;23027300;010926074751003;180922213;;;;10/20/2031 00:00:00;3;13751715;01/09/2026 07:47:51;Tiago;Rodriguez;24308587;31/08/2026 15:38:57;7152;Mirko;Hernandez;Tiago Rodriguez;Mirko Hernandez
14101778;01/09/2026 07:47:52;3;2;0008    2875-1;05;CAMIONETA EXP 6;2092925;"HU03    ";"HURA S.A.S.                                       ";ALVEAR 671;952888;"70-122         ";70-122 - BIDE C.CERAM CR VALENCIA;3;3;3;23027300;010926074751003;180921239;;;;10/26/2031 00:00:00;3;13751715;01/09/2026 07:47:51;Tiago;Rodriguez;24308587;31/08/2026 15:38:57;7152;Mirko;Hernandez;Tiago Rodriguez;Mirko Hernandez
14101778;01/09/2026 07:47:52;3;2;0008    2875-1;05;CAMIONETA EXP 6;2092925;"HU03    ";"HURA S.A.S.                                       ";ALVEAR 671;952886;"70-121         ";70-121 - BIDE C.CERAM CR MARBELLA;3;3;3;23027300;010926074751003;180923386;;;;08/24/2031 00:00:00;3;13751715;01/09/2026 07:47:51;Tiago;Rodriguez;24308587;31/08/2026 15:38:57;7152;Mirko;Hernandez;Tiago Rodriguez;Mirko Hernandez
14101778;01/09/2026 07:47:52;3;2;0008    2875-1;05;CAMIONETA EXP 6;2092925;"HU03    ";"HURA S.A.S.                                       ";ALVEAR 671;952860;"70-057         ";70-057 - BIDE C.STD VERIN PLUS;9;9;9;23027300;010926074751003;180909642;;;;01/11/2032 00:00:00;9;13751715;01/09/2026 07:47:51;Tiago;Rodriguez;24308587;31/08/2026 15:38:57;7152;Mirko;Hernandez;Tiago Rodriguez;Mirko Hernandez
14101778;01/09/2026 07:47:52;3;2;0008    2875-1;05;CAMIONETA EXP 6;2092925;"HU03    ";"HURA S.A.S.                                       ";ALVEAR 671;952831;"70-010         ";70-010 - BIDE BL/CR LORCA;3;3;3;23027300;010926074751003;180912936;;;;12/08/2031 00:00:00;3;13751715;01/09/2026 07:47:51;Tiago;Rodriguez;24308587;31/08/2026 15:38:57;7152;Mirko;Hernandez;Tiago Rodriguez;Mirko Hernandez
14101778;01/09/2026 07:47:52;3;2;0008    2875-1;05;CAMIONETA EXP 6;2092925;"HU03    ";"HURA S.A.S.                                       ";ALVEAR 671;952759;"62-162N        ";62-162N - LAVATORIO DE PARED BLACK C.CERAM ADRA;3;3;3;23027300;010926074751003;180920057;;;;10/29/2031 00:00:00;3;13751715;01/09/2026 07:47:51;Tiago;Rodriguez;24308587;31/08/2026 15:38:57;7152;Mirko;Hernandez;Tiago Rodriguez;Mirko Hernandez
14101778;01/09/2026 07:47:52;3;2;0008    2875-1;05;CAMIONETA EXP 6;2092925;"HU03    ";"HURA S.A.S.                                       ";ALVEAR 671;952635;"60-162N        ";60-162N - LAVATORIO BLACK C.CERAM LINEA ADRA;3;3;3;23027300;010926074751003;180920545;;;;11/03/2031 00:00:00;3;13751715;01/09/2026 07:47:51;Tiago;Rodriguez;24308587;31/08/2026 15:38:57;7152;Mirko;Hernandez;Tiago Rodriguez;Mirko Hernandez
14101778;01/09/2026 07:47:52;3;2;0008    2875-1;05;CAMIONETA EXP 6;2092925;"HU03    ";"HURA S.A.S.                                       ";ALVEAR 671;952634;"60-162         ";60-162 - LAVATORIO CR C.CERAM LINEA ADRA;9;9;9;23027300;010926074751003;180914641;;;;07/29/2031 00:00:00;9;13751715;01/09/2026 07:47:51;Tiago;Rodriguez;24308587;31/08/2026 15:38:57;7152;Mirko;Hernandez;Tiago Rodriguez;Mirko Hernandez
14101778;01/09/2026 07:47:52;3;2;0008    2875-1;05;CAMIONETA EXP 6;2092925;"HU03    ";"HURA S.A.S.                                       ";ALVEAR 671;952582;"60-057         ";60-057 - LAVATORIO C.STD VERIN PLUS;12;12;12;23027300;010926074751003;180911320;;;;01/06/2032 00:00:00;12;13751715;01/09/2026 07:47:51;Tiago;Rodriguez;24308587;31/08/2026 15:38:57;7152;Mirko;Hernandez;Tiago Rodriguez;Mirko Hernandez
14101778;01/09/2026 07:47:52;3;2;0008    2875-1;05;CAMIONETA EXP 6;2092925;"HU03    ";"HURA S.A.S.                                       ";ALVEAR 671;952471;"53-002         ";53-002 - COCINA PARED EXT. P.ALTO RENACER;3;3;3;23027300;010926074751003;180918635;;;;07/29/2031 00:00:00;3;13751715;01/09/2026 07:47:51;Tiago;Rodriguez;24308587;31/08/2026 15:38:57;7152;Mirko;Hernandez;Tiago Rodriguez;Mirko Hernandez
14101778;01/09/2026 07:47:52;3;2;0008    2875-1;05;CAMIONETA EXP 6;2092925;"HU03    ";"HURA S.A.S.                                       ";ALVEAR 671;952453;"51-131         ";51-131 - MESADA BIMANDO CR C.CERAM MALLORCA;3;3;3;23027300;010926074751003;180924107;;;;01/11/2032 00:00:00;3;13751715;01/09/2026 07:47:51;Tiago;Rodriguez;24308587;31/08/2026 15:38:57;7152;Mirko;Hernandez;Tiago Rodriguez;Mirko Hernandez
14101778;01/09/2026 07:47:52;3;2;0008    2875-1;05;CAMIONETA EXP 6;2092925;"HU03    ";"HURA S.A.S.                                       ";ALVEAR 671;952426;"51-010         ";51-010 - COCINA MESADA BL/CR LORCA;9;9;9;23027300;010926074751003;180908513;;;;01/03/2032 00:00:00;9;13751715;01/09/2026 07:47:51;Tiago;Rodriguez;24308587;31/08/2026 15:38:57;7152;Mirko;Hernandez;Tiago Rodriguez;Mirko Hernandez
14101778;01/09/2026 07:47:52;3;2;0008    2875-1;05;CAMIONETA EXP 6;2092925;"HU03    ";"HURA S.A.S.                                       ";ALVEAR 671;951177;"1350           ";"QUEINOX MACHO MOVIL MH 1/2"" x 50                                      ";9;9;9;23027300;010926074751003;180926159;;;;07/27/2031 00:00:00;9;13751715;01/09/2026 07:47:51;Tiago;Rodriguez;24308587;31/08/2026 15:38:57;7152;Mirko;Hernandez;Tiago Rodriguez;Mirko Hernandez
14101778;01/09/2026 07:47:52;3;2;0008    2875-1;05;CAMIONETA EXP 6;2092925;"HU03    ";"HURA S.A.S.                                       ";ALVEAR 671;951168;"1340           ";"QUEINOX MACHO MOVIL MH 1/2"" x 40                                      ";24;24;24;23027300;010926074751003;180927358;;;;02/09/2032 00:00:00;24;13751715;01/09/2026 07:47:51;Tiago;Rodriguez;24308587;31/08/2026 15:38:57;7152;Mirko;Hernandez;Tiago Rodriguez;Mirko Hernandez
14101778;01/09/2026 07:47:52;3;2;0008    2875-1;05;CAMIONETA EXP 6;2092925;"HU03    ";"HURA S.A.S.                                       ";ALVEAR 671;951156;"1330           ";"QUEINOX MACHO MOVIL MH 1/2"" x 30                                      ";24;24;24;23027300;010926074751003;180925613;;;;01/20/2032 00:00:00;24;13751715;01/09/2026 07:47:51;Tiago;Rodriguez;24308587;31/08/2026 15:38:57;7152;Mirko;Hernandez;Tiago Rodriguez;Mirko Hernandez
14101811;01/09/2026 07:33:16;3;2;0001  214722-1;05;CAMION EXP 1;2090999;"AC02    ";"ACCESANIGA S.A.                                   ";PARAGUAY 1332;951993;"3070           ";3070 - JABONERA PARA BAÑERA LINEA 3000;80;80;80;23039245;010926073315932;181001489;;;;07/31/2031 00:00:00;80;13751246;01/09/2026 07:33:15;Gustavo;Soderquvist;24321024;01/09/2026 07:06:08;7636;Kevin;Arce;Gustavo Soderquvist;Kevin Arce
14101811;01/09/2026 07:33:16;3;2;0001  214722-1;05;CAMION EXP 1;2090999;"AC02    ";"ACCESANIGA S.A.                                   ";PARAGUAY 1332;951983;"3050           ";3050 - JABONERA LINEA 3000;30;30;30;23039245;010926073315932;181001590;;;;07/27/2031 00:00:00;30;13751246;01/09/2026 07:33:15;Gustavo;Soderquvist;24321024;01/09/2026 07:06:08;7636;Kevin;Arce;Gustavo Soderquvist;Kevin Arce
14101811;01/09/2026 07:33:16;3;2;0001  214722-1;05;CAMION EXP 1;2090999;"AC02    ";"ACCESANIGA S.A.                                   ";PARAGUAY 1332;951975;"3040           ";3040 - PORTA ROLLO LINEA 3000;100;100;100;23039245;010926073315932;181001704;;;;07/27/2031 00:00:00;100;13751246;01/09/2026 07:33:15;Gustavo;Soderquvist;24321024;01/09/2026 07:06:08;7636;Kevin;Arce;Gustavo Soderquvist;Kevin Arce
14101811;01/09/2026 07:33:16;3;2;0001  214722-1;05;CAMION EXP 1;2090999;"AC02    ";"ACCESANIGA S.A.                                   ";PARAGUAY 1332;951961;"3030           ";3030 - PERCHA LINEA 3000;100;100;100;23039245;010926073315932;181001802;;;;07/28/2031 00:00:00;100;13751246;01/09/2026 07:33:15;Gustavo;Soderquvist;24321024;01/09/2026 07:06:08;7636;Kevin;Arce;Gustavo Soderquvist;Kevin Arce
14101811;01/09/2026 07:33:16;3;2;0001  214722-1;05;CAMION EXP 1;2090999;"AC02    ";"ACCESANIGA S.A.                                   ";PARAGUAY 1332;951794;"3010           ";3010 - TOALLERO BARRAL LINEA 3000;20;20;20;23039245;010926073315932;181001870;;;;07/29/2031 00:00:00;20;13751246;01/09/2026 07:33:15;Gustavo;Soderquvist;24321024;01/09/2026 07:06:08;7636;Kevin;Arce;Gustavo Soderquvist;Kevin Arce
14101811;01/09/2026 07:33:16;3;2;0001  214722-1;05;CAMION EXP 1;2090999;"AC02    ";"ACCESANIGA S.A.                                   ";PARAGUAY 1332;951748;"3006           ";3006 - SET DE 6 PIEZAS LINEA 3000;60;60;60;23039245;010926073315932;181001079;;;;07/29/2031 00:00:00;60;13751246;01/09/2026 07:33:15;Gustavo;Soderquvist;24321024;01/09/2026 07:06:08;7636;Kevin;Arce;Gustavo Soderquvist;Kevin Arce
14101812;01/09/2026 09:18:02;3;2;0001  214723-1;05;CAMION EXP 1;2090999;"AC02    ";"ACCESANIGA S.A.                                   ";PARAGUAY 1332;952634;"60-162         ";60-162 - LAVATORIO CR C.CERAM LINEA ADRA;140;140;140;23039193;010926091754913;181005588;;;;07/29/2031 00:00:00;140;13753390;01/09/2026 09:17:54;Tiago;Rodriguez;24320963;01/09/2026 07:34:58;6414;Agustin;Scirica;Tiago Rodriguez;Agustin Scirica
14101812;01/09/2026 09:18:02;3;2;0001  214723-1;05;CAMION EXP 1;2090999;"AC02    ";"ACCESANIGA S.A.                                   ";PARAGUAY 1332;952635;"60-162N        ";60-162N - LAVATORIO BLACK C.CERAM LINEA ADRA;15;15;15;23039193;010926091754913;181002151;;;;11/03/2031 00:00:00;15;13753390;01/09/2026 09:17:54;Tiago;Rodriguez;24320963;01/09/2026 07:34:58;6414;Agustin;Scirica;Tiago Rodriguez;Agustin Scirica
14101812;01/09/2026 09:18:02;3;2;0001  214723-1;05;CAMION EXP 1;2090999;"AC02    ";"ACCESANIGA S.A.                                   ";PARAGUAY 1332;952758;"62-162         ";62-162 - LAVATORIO DE PARED CR C.CERAM ADRA;10;10;10;23039193;010926091754913;181002304;;;;07/31/2031 00:00:00;10;13753390;01/09/2026 09:17:54;Tiago;Rodriguez;24320963;01/09/2026 07:34:58;6414;Agustin;Scirica;Tiago Rodriguez;Agustin Scirica
14101812;01/09/2026 09:18:02;3;2;0001  214723-1;05;CAMION EXP 1;2090999;"AC02    ";"ACCESANIGA S.A.                                   ";PARAGUAY 1332;952759;"62-162N        ";62-162N - LAVATORIO DE PARED BLACK C.CERAM ADRA;5;5;5;23039193;010926091754913;181006499;;;;10/29/2031 00:00:00;5;13753390;01/09/2026 09:17:54;Tiago;Rodriguez;24320963;01/09/2026 07:34:58;6414;Agustin;Scirica;Tiago Rodriguez;Agustin Scirica
14101812;01/09/2026 09:18:02;3;2;0001  214723-1;05;CAMION EXP 1;2090999;"AC02    ";"ACCESANIGA S.A.                                   ";PARAGUAY 1332;952912;"70-162         ";70-162 - BIDE CR C.CERAM LINEA ADRA;130;130;130;23039193;010926091754913;181003745;;;;07/29/2031 00:00:00;130;13753390;01/09/2026 09:17:54;Tiago;Rodriguez;24320963;01/09/2026 07:34:58;6414;Agustin;Scirica;Tiago Rodriguez;Agustin Scirica
14101812;01/09/2026 09:18:02;3;2;0001  214723-1;05;CAMION EXP 1;2090999;"AC02    ";"ACCESANIGA S.A.                                   ";PARAGUAY 1332;952913;"70-162N        ";70-162N - BIDE BLACK C.CERAM LINEA ADRA;25;25;25;23039193;010926091754913;181006258;;;;12/08/2031 00:00:00;25;13753390;01/09/2026 09:17:54;Tiago;Rodriguez;24320963;01/09/2026 07:34:58;6414;Agustin;Scirica;Tiago Rodriguez;Agustin Scirica
14101812;01/09/2026 09:18:02;3;2;0001  214723-1;05;CAMION EXP 1;2090999;"AC02    ";"ACCESANIGA S.A.                                   ";PARAGUAY 1332;951536;"20-162         ";20-162 - MONOCOMANDO COCINA ADRA;50;50;50;23044496;010926091022157;181007832;;;;07/28/2031 00:00:00;50;13753507;01/09/2026 09:10:22;Tiago;Rodriguez;;;;;;Tiago Rodriguez;
14101812;01/09/2026 09:18:02;3;2;0001  214723-1;05;CAMION EXP 1;2090999;"AC02    ";"ACCESANIGA S.A.                                   ";PARAGUAY 1332;953109;"80-166         ";"DUCHA EMB. C/TRANSF. CR C.CERAM ADRA PLUS                             ";100;100;100;23044496;010926091022157;181000997;;;;01/03/2032 00:00:00;100;13753507;01/09/2026 09:10:22;Tiago;Rodriguez;;;;;;Tiago Rodriguez;
14101812;01/09/2026 09:18:02;3;2;0001  214723-1;05;CAMION EXP 1;2090999;"AC02    ";"ACCESANIGA S.A.                                   ";PARAGUAY 1332;953110;"80-166N        ";80-166N - DUCHA EMB. C/TRANSF. BLACK C.CERAM ADRA PLUS;20;20;20;23044496;010926091022157;181002021;;;;11/25/2031 00:00:00;20;13753507;01/09/2026 09:10:22;Tiago;Rodriguez;;;;;;Tiago Rodriguez;
14101813;01/09/2026 08:05:45;3;2;0001  214655-1;05;CAMION EXP 1;2090999;"AC02    ";"ACCESANIGA S.A.                                   ";PARAGUAY 1332;951168;"1340           ";"QUEINOX MACHO MOVIL MH 1/2"" x 40                                      ";150;150;150;23039385;010926080545485;181002307;;;;02/09/2032 00:00:00;150;13751725;01/09/2026 08:05:45;Gustavo;Soderquvist;24321206;01/09/2026 07:11:40;6867;Javier;Lescano;Gustavo Soderquvist;Javier Lescano
14101813;01/09/2026 08:05:45;3;2;0001  214655-1;05;CAMION EXP 1;2090999;"AC02    ";"ACCESANIGA S.A.                                   ";PARAGUAY 1332;951156;"1330           ";"QUEINOX MACHO MOVIL MH 1/2"" x 30                                      ";250;250;250;23039385;010926080545485;181003343;;;;01/20/2032 00:00:00;250;13751725;01/09/2026 08:05:45;Gustavo;Soderquvist;24321206;01/09/2026 07:11:40;6867;Javier;Lescano;Gustavo Soderquvist;Javier Lescano
14101813;01/09/2026 08:05:45;3;2;0001  214655-1;05;CAMION EXP 1;2090999;"AC02    ";"ACCESANIGA S.A.                                   ";PARAGUAY 1332;951153;"1325           ";"QUEINOX MACHO MOVIL MH 1/2"" x 25                                      ";150;150;150;23039385;010926080545485;181002683;;;;07/27/2031 00:00:00;150;13751725;01/09/2026 08:05:45;Gustavo;Soderquvist;24321206;01/09/2026 07:11:40;6867;Javier;Lescano;Gustavo Soderquvist;Javier Lescano
14101813;01/09/2026 08:05:45;3;2;0001  214655-1;05;CAMION EXP 1;2090999;"AC02    ";"ACCESANIGA S.A.                                   ";PARAGUAY 1332;951146;"1320           ";"QUEINOX MACHO MOVIL MH 1/2"" x 20                                      ";250;250;250;23039385;010926080545485;181001738;;;;11/19/2031 00:00:00;250;13751725;01/09/2026 08:05:45;Gustavo;Soderquvist;24321206;01/09/2026 07:11:40;6867;Javier;Lescano;Gustavo Soderquvist;Javier Lescano
14101814;01/09/2026 07:51:27;3;2;0001  214725-1;05;CAMION EXP 1;2090999;"AC02    ";"ACCESANIGA S.A.                                   ";PARAGUAY 1332;951537;"20-162N        ";"MONOCOMANDO COCINA BLACK ADRA                                         ";10;10;10;23039195;010926075127350;181000875;;;;07/28/2031 00:00:00;10;13751704;01/09/2026 07:51:27;Agustin;Scirica;24320964;01/09/2026 07:00:19;7673;Maximo;Batista;Agustin Scirica;Maximo Batista
14101814;01/09/2026 07:51:27;3;2;0001  214725-1;05;CAMION EXP 1;2090999;"AC02    ";"ACCESANIGA S.A.                                   ";PARAGUAY 1332;952677;"60-203         ";60-203 - LAVATORIO MONOCOMANDO BAJO ADRA;25;25;25;23039195;010926075127350;181001383;;;;01/27/2032 00:00:00;25;13751704;01/09/2026 07:51:27;Agustin;Scirica;24320964;01/09/2026 07:00:19;7673;Maximo;Batista;Agustin Scirica;Maximo Batista
14101814;01/09/2026 07:51:27;3;2;0001  214725-1;05;CAMION EXP 1;2090999;"AC02    ";"ACCESANIGA S.A.                                   ";PARAGUAY 1332;952726;"61-203         ";61-203 - LAVATORIO MONOCOMANDO ALTO ADRA;100;100;100;23039195;010926075127350;181001216;;;;01/10/2032 00:00:00;100;13751704;01/09/2026 07:51:27;Agustin;Scirica;24320964;01/09/2026 07:00:19;7673;Maximo;Batista;Agustin Scirica;Maximo Batista
14101814;01/09/2026 07:51:27;3;2;0001  214725-1;05;CAMION EXP 1;2090999;"AC02    ";"ACCESANIGA S.A.                                   ";PARAGUAY 1332;952727;"61-203N        ";"LAVATORIO MONOCOMANDO ALTO ADRA BLACK                                 ";5;5;5;23039195;010926075127350;181003297;;;;01/06/2032 00:00:00;5;13751704;01/09/2026 07:51:27;Agustin;Scirica;24320964;01/09/2026 07:00:19;7673;Maximo;Batista;Agustin Scirica;Maximo Batista
14101814;01/09/2026 07:51:27;3;2;0001  214725-1;05;CAMION EXP 1;2090999;"AC02    ";"ACCESANIGA S.A.                                   ";PARAGUAY 1332;953158;"80-203N        ";"DUCHA EMB C/TRANSF. MONOCOMANDO ADRA BLACK PLUS                       ";3;3;3;23039195;010926075127350;181000620;;;;07/28/2031 00:00:00;3;13751704;01/09/2026 07:51:27;Agustin;Scirica;24320964;01/09/2026 07:00:19;7673;Maximo;Batista;Agustin Scirica;Maximo Batista
14101814;01/09/2026 07:51:27;3;2;0001  214725-1;05;CAMION EXP 1;2090999;"AC02    ";"ACCESANIGA S.A.                                   ";PARAGUAY 1332;953159;"80-203P        ";80-203P - DUCHA EMB C/TRANSF. MONOCOMANDO ADRA PLUS;10;10;10;23039195;010926075127350;181001033;;;;07/27/2031 00:00:00;10;13751704;01/09/2026 07:51:27;Agustin;Scirica;24320964;01/09/2026 07:00:19;7673;Maximo;Batista;Agustin Scirica;Maximo Batista
14101815;01/09/2026 08:45:16;3;2;0001  214728-1;05;CAMION EXP 1;2090999;"AC02    ";"ACCESANIGA S.A.                                   ";PARAGUAY 1332;953432;"910/M          ";"910/M - JGO.MDA.P.CANO CROMO ""DIQUE""";15;15;15;23039303;010926084516410;181001889;;;;12/21/2031 00:00:00;15;13752836;01/09/2026 08:45:16;Agustin;Scirica;24321082;01/09/2026 06:59:08;7152;Mirko;Hernandez;Agustin Scirica;Mirko Hernandez
14101815;01/09/2026 08:45:16;3;2;0001  214728-1;05;CAMION EXP 1;2090999;"AC02    ";"ACCESANIGA S.A.                                   ";PARAGUAY 1332;951957;"303            ";"303 - BIDET CROMO ""DIQUE""";10;10;10;23039303;010926084516410;181001670;;;;11/25/2031 00:00:00;10;13752836;01/09/2026 08:45:16;Agustin;Scirica;24321082;01/09/2026 06:59:08;7152;Mirko;Hernandez;Agustin Scirica;Mirko Hernandez
14101815;01/09/2026 08:45:16;3;2;0001  214728-1;05;CAMION EXP 1;2090999;"AC02    ";"ACCESANIGA S.A.                                   ";PARAGUAY 1332;951568;"203            ";"203 - LAVATORIO CROMO ""DIQUE""";15;15;15;23039303;010926084516410;181001583;;;;01/11/2032 00:00:00;15;13752836;01/09/2026 08:45:16;Agustin;Scirica;24321082;01/09/2026 06:59:08;7152;Mirko;Hernandez;Agustin Scirica;Mirko Hernandez
14101815;01/09/2026 08:45:16;3;2;0001  214728-1;05;CAMION EXP 1;2090999;"AC02    ";"ACCESANIGA S.A.                                   ";PARAGUAY 1332;952591;"601            ";601 - CANILLA COCINA MESADA CROMO DIQUE;10;10;10;23039303;010926084516410;181001411;;;;12/20/2031 00:00:00;10;13752836;01/09/2026 08:45:16;Agustin;Scirica;24321082;01/09/2026 06:59:08;7152;Mirko;Hernandez;Agustin Scirica;Mirko Hernandez
14101816;01/09/2026 08:54:48;3;2;0001  214729-1;05;CAMION EXP 1;2090999;"AC02    ";"ACCESANIGA S.A.                                   ";PARAGUAY 1332;951906;"3020           ";3020 - TOALLERO DE ARO LINEA 3000;10;10;10;23039730;010926085444588;181003654;;;;07/29/2031 00:00:00;9;13752901;01/09/2026 08:54:44;Agustin;Scirica;24321693;01/09/2026 07:00:43;7152;Mirko;Hernandez;Agustin Scirica;Mirko Hernandez
14101816;01/09/2026 08:54:48;3;2;0001  214729-1;05;CAMION EXP 1;2090999;"AC02    ";"ACCESANIGA S.A.                                   ";PARAGUAY 1332;951906;"3020           ";3020 - TOALLERO DE ARO LINEA 3000;10;10;10;23043491;010926085013328;181027535;;;;07/29/2031 00:00:00;1;13753007;01/09/2026 08:50:13;Agustin;Scirica;;;;;;Agustin Scirica;
14109102;01/09/2026 07:06:16;3;2;0001  214720-1;02;CAMIONETA JUE 1;2094299;"SA40    ";"SANICENTRO S.A. SANITARIOS                        ";CALLE 122 (RUTA 11) E/59 Y 60 1286;951545;"20-172         ";20-172 - COCINA MESADA MONOC. COLORS NEGRO;2;2;2;23039075;010926070616524;181000967;;;;07/28/2031 00:00:00;2;13750986;01/09/2026 07:06:16;Maximiliano;Nievas;24320823;01/09/2026 06:26:56;7152;Mirko;Hernandez;Maximiliano Nievas;Mirko Hernandez
14109102;01/09/2026 07:06:16;3;2;0001  214720-1;02;CAMIONETA JUE 1;2094299;"SA40    ";"SANICENTRO S.A. SANITARIOS                        ";CALLE 122 (RUTA 11) E/59 Y 60 1286;951547;"20-174         ";20-174 - COCINA MESADA MONOC. COLORS BLACK;2;2;2;23039075;010926070616524;181001064;;;;07/28/2031 00:00:00;2;13750986;01/09/2026 07:06:16;Maximiliano;Nievas;24320823;01/09/2026 06:26:56;7152;Mirko;Hernandez;Maximiliano Nievas;Mirko Hernandez
14109102;01/09/2026 07:06:16;3;2;0001  214720-1;02;CAMIONETA JUE 1;2094299;"SA40    ";"SANICENTRO S.A. SANITARIOS                        ";CALLE 122 (RUTA 11) E/59 Y 60 1286;952647;"60-176         ";"LAVATORIO MONOCOMANDO BAJO CR RIO                                     ";5;5;5;23039075;010926070616524;181000775;;;;10/11/2031 00:00:00;5;13750986;01/09/2026 07:06:16;Maximiliano;Nievas;24320823;01/09/2026 06:26:56;7152;Mirko;Hernandez;Maximiliano Nievas;Mirko Hernandez
14109102;01/09/2026 07:06:16;3;2;0001  214720-1;02;CAMIONETA JUE 1;2094299;"SA40    ";"SANICENTRO S.A. SANITARIOS                        ";CALLE 122 (RUTA 11) E/59 Y 60 1286;952650;"60-180         ";60-180 - LAVATORIO MONOCOMANDO BAJO VERA;5;5;5;23039075;010926070616524;181000705;;;;07/28/2031 00:00:00;5;13750986;01/09/2026 07:06:16;Maximiliano;Nievas;24320823;01/09/2026 06:26:56;7152;Mirko;Hernandez;Maximiliano Nievas;Mirko Hernandez
14109102;01/09/2026 07:06:16;3;2;0001  214720-1;02;CAMIONETA JUE 1;2094299;"SA40    ";"SANICENTRO S.A. SANITARIOS                        ";CALLE 122 (RUTA 11) E/59 Y 60 1286;952661;"60-193         ";60-193 - LAVATORIO MONOCOMANDO BAJO MORA;3;3;3;23039075;010926070616524;181000365;;;;07/28/2031 00:00:00;3;13750986;01/09/2026 07:06:16;Maximiliano;Nievas;24320823;01/09/2026 06:26:56;7152;Mirko;Hernandez;Maximiliano Nievas;Mirko Hernandez
14109102;01/09/2026 07:06:16;3;2;0001  214720-1;02;CAMIONETA JUE 1;2094299;"SA40    ";"SANICENTRO S.A. SANITARIOS                        ";CALLE 122 (RUTA 11) E/59 Y 60 1286;952721;"61-193         ";61-193 - LAVATORIO MONOCOMANDO ALTO MORA;2;2;2;23039075;010926070616524;181000466;;;;07/27/2031 00:00:00;2;13750986;01/09/2026 07:06:16;Maximiliano;Nievas;24320823;01/09/2026 06:26:56;7152;Mirko;Hernandez;Maximiliano Nievas;Mirko Hernandez
14109102;01/09/2026 07:06:16;3;2;0001  214720-1;02;CAMIONETA JUE 1;2094299;"SA40    ";"SANICENTRO S.A. SANITARIOS                        ";CALLE 122 (RUTA 11) E/59 Y 60 1286;952928;"70-180         ";70-180 - BIDE MONOCOMANDO C/TRANSF. VERA;3;3;3;23039075;010926070616524;181000632;;;;07/27/2031 00:00:00;3;13750986;01/09/2026 07:06:16;Maximiliano;Nievas;24320823;01/09/2026 06:26:56;7152;Mirko;Hernandez;Maximiliano Nievas;Mirko Hernandez
14109102;01/09/2026 07:06:16;3;2;0001  214720-1;02;CAMIONETA JUE 1;2094299;"SA40    ";"SANICENTRO S.A. SANITARIOS                        ";CALLE 122 (RUTA 11) E/59 Y 60 1286;953125;"80-180         ";80-180 - DUCHA EMB. C/TRANSF. MONOCOMANDO VERA;3;3;3;23039075;010926070616524;181000238;;;;09/03/2031 00:00:00;3;13750986;01/09/2026 07:06:16;Maximiliano;Nievas;24320823;01/09/2026 06:26:56;7152;Mirko;Hernandez;Maximiliano Nievas;Mirko Hernandez
14109102;01/09/2026 07:06:16;3;2;0001  214720-1;02;CAMIONETA JUE 1;2094299;"SA40    ";"SANICENTRO S.A. SANITARIOS                        ";CALLE 122 (RUTA 11) E/59 Y 60 1286;953967;"A1250          ";A1250 - COLUMNA DE DUCHA CROMO;2;2;2;23039075;010926070616524;181000911;;;;07/27/2031 00:00:00;2;13750986;01/09/2026 07:06:16;Maximiliano;Nievas;24320823;01/09/2026 06:26:56;7152;Mirko;Hernandez;Maximiliano Nievas;Mirko Hernandez
14109102;01/09/2026 07:06:16;3;2;0001  214720-1;02;CAMIONETA JUE 1;2094299;"SA40    ";"SANICENTRO S.A. SANITARIOS                        ";CALLE 122 (RUTA 11) E/59 Y 60 1286;954901;"BCH01          ";BCH01 - BACHA DE APOYAR CIRCULAR 320x145;3;3;3;23039075;010926070616524;181000047;;;;07/28/2031 00:00:00;3;13750986;01/09/2026 07:06:16;Maximiliano;Nievas;24320823;01/09/2026 06:26:56;7152;Mirko;Hernandez;Maximiliano Nievas;Mirko Hernandez
14109102;01/09/2026 07:06:16;3;2;0001  214720-1;02;CAMIONETA JUE 1;2094299;"SA40    ";"SANICENTRO S.A. SANITARIOS                        ";CALLE 122 (RUTA 11) E/59 Y 60 1286;954914;"BCH12          ";BCH12 - BACHA DE APOYAR BLANCA 460x320x140;5;5;5;23039075;010926070616524;180999991;;;;11/10/2031 00:00:00;5;13750986;01/09/2026 07:06:16;Maximiliano;Nievas;24320823;01/09/2026 06:26:56;7152;Mirko;Hernandez;Maximiliano Nievas;Mirko Hernandez
14109102;01/09/2026 07:06:16;3;2;0001  214720-1;02;CAMIONETA JUE 1;2094299;"SA40    ";"SANICENTRO S.A. SANITARIOS                        ";CALLE 122 (RUTA 11) E/59 Y 60 1286;951535;"20-160         ";20-160 - MONOCOMANDO MESADA COCINA DIQUE;24;24;24;23039075;010926070616524;181000141;;;;07/28/2031 00:00:00;24;13750986;01/09/2026 07:06:16;Maximiliano;Nievas;24320823;01/09/2026 06:26:56;7152;Mirko;Hernandez;Maximiliano Nievas;Mirko Hernandez
14109103;01/09/2026 07:12:35;3;2;0001  214726-1;02;CAMIONETA JUE 1;2093008;"JA01    ";"JOSE ANACLETO E HIJOS S.A.                        ";CALLE 44 1031;952634;"60-162         ";60-162 - LAVATORIO CR C.CERAM LINEA ADRA;1;1;1;23039041;010926071235553;180999777;;;;07/29/2031 00:00:00;1;13751244;01/09/2026 07:12:35;Tiago;Rodriguez;24320783;01/09/2026 06:06:30;7673;Maximo;Batista;Tiago Rodriguez;Maximo Batista
14109104;01/09/2026 08:53:26;3;2;0008    2872-1;02;CAMIONETA JUE 1;2094299;"SA40    ";"SANICENTRO S.A. SANITARIOS                        ";CALLE 122 (RUTA 11) E/59 Y 60 1286;952452;"51-122         ";51-122 - MESADA BIMANDO CR C.CERAM VALENCIA;2;2;2;23039081;010926085324597;181000004;;;;01/11/2032 00:00:00;2;13753060;01/09/2026 08:53:24;Tiago;Rodriguez;24320837;01/09/2026 06:17:06;7673;Maximo;Batista;Tiago Rodriguez;Maximo Batista
14109104;01/09/2026 08:53:26;3;2;0008    2872-1;02;CAMIONETA JUE 1;2094299;"SA40    ";"SANICENTRO S.A. SANITARIOS                        ";CALLE 122 (RUTA 11) E/59 Y 60 1286;952582;"60-057         ";60-057 - LAVATORIO C.STD VERIN PLUS;10;10;10;23039081;010926085324597;181000243;;;;01/06/2032 00:00:00;10;13753060;01/09/2026 08:53:24;Tiago;Rodriguez;24320837;01/09/2026 06:17:06;7673;Maximo;Batista;Tiago Rodriguez;Maximo Batista
14109104;01/09/2026 08:53:26;3;2;0008    2872-1;02;CAMIONETA JUE 1;2094299;"SA40    ";"SANICENTRO S.A. SANITARIOS                        ";CALLE 122 (RUTA 11) E/59 Y 60 1286;952610;"60-122         ";60-122 - LAVATORIO C.CERAM CR VALENCIA;3;3;3;23039081;010926085324597;181000039;;;;12/10/2031 00:00:00;3;13753060;01/09/2026 08:53:24;Tiago;Rodriguez;24320837;01/09/2026 06:17:06;7673;Maximo;Batista;Tiago Rodriguez;Maximo Batista
14109104;01/09/2026 08:53:26;3;2;0008    2872-1;02;CAMIONETA JUE 1;2094299;"SA40    ";"SANICENTRO S.A. SANITARIOS                        ";CALLE 122 (RUTA 11) E/59 Y 60 1286;952860;"70-057         ";70-057 - BIDE C.STD VERIN PLUS;5;5;5;23039081;010926085324597;181000307;;;;01/11/2032 00:00:00;5;13753060;01/09/2026 08:53:24;Tiago;Rodriguez;24320837;01/09/2026 06:17:06;7673;Maximo;Batista;Tiago Rodriguez;Maximo Batista
14109104;01/09/2026 08:53:26;3;2;0008    2872-1;02;CAMIONETA JUE 1;2094299;"SA40    ";"SANICENTRO S.A. SANITARIOS                        ";CALLE 122 (RUTA 11) E/59 Y 60 1286;953059;"80-057         ";80-057 - DUCHA EMB. C/TRANSF. C.STD VERIN PLUS;5;5;5;23039081;010926085324597;181000349;;;;01/04/2032 00:00:00;5;13753060;01/09/2026 08:53:24;Tiago;Rodriguez;24320837;01/09/2026 06:17:06;7673;Maximo;Batista;Tiago Rodriguez;Maximo Batista
14109104;01/09/2026 08:53:26;3;2;0008    2872-1;02;CAMIONETA JUE 1;2094299;"SA40    ";"SANICENTRO S.A. SANITARIOS                        ";CALLE 122 (RUTA 11) E/59 Y 60 1286;953209;"81-057         ";81-057 - DUCHA EMB. S/TRANSF. C.STD VERIN PLUS;5;5;5;23039081;010926085324597;181000147;;;;07/31/2031 00:00:00;5;13753060;01/09/2026 08:53:24;Tiago;Rodriguez;24320837;01/09/2026 06:17:06;7673;Maximo;Batista;Tiago Rodriguez;Maximo Batista
14109104;01/09/2026 08:53:26;3;2;0008    2872-1;02;CAMIONETA JUE 1;2094299;"SA40    ";"SANICENTRO S.A. SANITARIOS                        ";CALLE 122 (RUTA 11) E/59 Y 60 1286;953243;"814/CR         ";814/CR - MESADA P.FUNDIDO CR/CR ARES;5;5;5;23039081;010926085324597;180999907;;;;01/13/2032 00:00:00;5;13753060;01/09/2026 08:53:24;Tiago;Rodriguez;24320837;01/09/2026 06:17:06;7673;Maximo;Batista;Tiago Rodriguez;Maximo Batista
14109104;01/09/2026 08:53:26;3;2;0008    2872-1;02;CAMIONETA JUE 1;2094299;"SA40    ";"SANICENTRO S.A. SANITARIOS                        ";CALLE 122 (RUTA 11) E/59 Y 60 1286;953244;"814/CRC        ";814/CRC - MESADA P.FUNDIDO CR/CR C.CERAM. ARES;5;5;5;23039081;010926085324597;180999946;;;;02/16/2032 00:00:00;5;13753060;01/09/2026 08:53:24;Tiago;Rodriguez;24320837;01/09/2026 06:17:06;7673;Maximo;Batista;Tiago Rodriguez;Maximo Batista
14109105;01/09/2026 06:50:16;3;2;0001  214811-1;02;CAMIONETA JUE 1;2092441;"FE15    ";"FEDAN S.A.                                        ";LAPRIDA  esq GARCIA 151;952740;"62-100G        ";62-100G - LAVATORIO DE PARED GOLD C.CERAM FABRIC;5;5;5;23039177;010926065016168;181000613;;;;12/20/2031 00:00:00;5;13751084;01/09/2026 06:50:16;Gustavo;Soderquvist;24320940;01/09/2026 06:21:30;7636;Kevin;Arce;Gustavo Soderquvist;Kevin Arce
14109105;01/09/2026 06:50:16;3;2;0001  214811-1;02;CAMIONETA JUE 1;2092441;"FE15    ";"FEDAN S.A.                                        ";LAPRIDA  esq GARCIA 151;952950;"70-200G        ";70-200G - BIDE MONOCOMANDO GOLD FABRIC;4;4;4;23039177;010926065016168;181000504;;;;07/27/2031 00:00:00;4;13751084;01/09/2026 06:50:16;Gustavo;Soderquvist;24320940;01/09/2026 06:21:30;7636;Kevin;Arce;Gustavo Soderquvist;Kevin Arce
14109105;01/09/2026 06:50:16;3;2;0001  214811-1;02;CAMIONETA JUE 1;2092441;"FE15    ";"FEDAN S.A.                                        ";LAPRIDA  esq GARCIA 151;953153;"80-200G        ";80-200G - DUCHA EMB. MONOC. 3 FUNCIONES GOLD FABRIC;4;4;4;23039177;010926065016168;181000680;;;;12/03/2031 00:00:00;4;13751084;01/09/2026 06:50:16;Gustavo;Soderquvist;24320940;01/09/2026 06:21:30;7636;Kevin;Arce;Gustavo Soderquvist;Kevin Arce
14109132;01/09/2026 09:14:50;3;2;0001  214456-1;05;CAMIONETA VIE 1;2092450;"FE24    ";"FEDAMIL S.A.                                      ";GDOR VERGARA 1910;951146;"1320           ";"QUEINOX MACHO MOVIL MH 1/2"" x 20                                      ";10;10;10;23040179;010926091449299;181006351;;;;11/19/2031 00:00:00;10;13753372;01/09/2026 09:14:49;Gustavo;Soderquvist;24322079;01/09/2026 07:22:39;6867;Javier;Lescano;Gustavo Soderquvist;Javier Lescano
14109132;01/09/2026 09:14:50;3;2;0001  214456-1;05;CAMIONETA VIE 1;2092450;"FE24    ";"FEDAMIL S.A.                                      ";GDOR VERGARA 1910;951156;"1330           ";"QUEINOX MACHO MOVIL MH 1/2"" x 30                                      ";10;10;10;23040179;010926091449299;181006561;;;;02/16/2032 00:00:00;10;13753372;01/09/2026 09:14:49;Gustavo;Soderquvist;24322079;01/09/2026 07:22:39;6867;Javier;Lescano;Gustavo Soderquvist;Javier Lescano
14109132;01/09/2026 09:14:50;3;2;0001  214456-1;05;CAMIONETA VIE 1;2092450;"FE24    ";"FEDAMIL S.A.                                      ";GDOR VERGARA 1910;951168;"1340           ";"QUEINOX MACHO MOVIL MH 1/2"" x 40                                      ";10;10;10;23040179;010926091449299;181006815;;;;02/09/2032 00:00:00;10;13753372;01/09/2026 09:14:49;Gustavo;Soderquvist;24322079;01/09/2026 07:22:39;6867;Javier;Lescano;Gustavo Soderquvist;Javier Lescano
14109132;01/09/2026 09:14:50;3;2;0001  214456-1;05;CAMIONETA VIE 1;2092450;"FE24    ";"FEDAMIL S.A.                                      ";GDOR VERGARA 1910;951177;"1350           ";"QUEINOX MACHO MOVIL MH 1/2"" x 50                                      ";10;10;10;23040179;010926091449299;181006680;;;;07/27/2031 00:00:00;10;13753372;01/09/2026 09:14:49;Gustavo;Soderquvist;24322079;01/09/2026 07:22:39;6867;Javier;Lescano;Gustavo Soderquvist;Javier Lescano
14109132;01/09/2026 09:14:50;3;2;0001  214456-1;05;CAMIONETA VIE 1;2092450;"FE24    ";"FEDAMIL S.A.                                      ";GDOR VERGARA 1910;951341;"1930           ";"1930 - QUEINOX MH 3/4"" x 30";5;5;5;23040179;010926091449299;181006930;;;;07/31/2031 00:00:00;5;13753372;01/09/2026 09:14:49;Gustavo;Soderquvist;24322079;01/09/2026 07:22:39;6867;Javier;Lescano;Gustavo Soderquvist;Javier Lescano
14109132;01/09/2026 09:14:50;3;2;0001  214456-1;05;CAMIONETA VIE 1;2092450;"FE24    ";"FEDAMIL S.A.                                      ";GDOR VERGARA 1910;951348;"1940           ";"1940 - QUEINOX MH 3/4"" x 40";5;5;5;23040179;010926091449299;181007031;;;;07/27/2031 00:00:00;5;13753372;01/09/2026 09:14:49;Gustavo;Soderquvist;24322079;01/09/2026 07:22:39;6867;Javier;Lescano;Gustavo Soderquvist;Javier Lescano
14109132;01/09/2026 09:14:50;3;2;0001  214456-1;05;CAMIONETA VIE 1;2092450;"FE24    ";"FEDAMIL S.A.                                      ";GDOR VERGARA 1910;952634;"60-162         ";60-162 - LAVATORIO CR C.CERAM LINEA ADRA;1;1;1;23040179;010926091449299;181005731;;;;07/29/2031 00:00:00;1;13753372;01/09/2026 09:14:49;Gustavo;Soderquvist;24322079;01/09/2026 07:22:39;6867;Javier;Lescano;Gustavo Soderquvist;Javier Lescano
14109133;01/09/2026 09:17:48;3;2;0001  214540-1;05;CAMIONETA VIE 1;2091589;"CE01    ";"CENCOSUD S.A.                                     ";BRANDSEN 3790;951531;"20-146N        ";20-146N - MONOCOMANDO DE COCINA BLACK LINEA MOVE;1;1;1;23040180;010926091747879;181005958;;;;07/30/2031 00:00:00;1;13753682;01/09/2026 09:17:47;Gustavo;Soderquvist;24322079;01/09/2026 07:22:39;6867;Javier;Lescano;Gustavo Soderquvist;Javier Lescano
14109133;01/09/2026 09:17:48;3;2;0001  214540-1;05;CAMIONETA VIE 1;2091589;"CE01    ";"CENCOSUD S.A.                                     ";BRANDSEN 3790;952912;"70-162         ";70-162 - BIDE CR C.CERAM LINEA ADRA;6;6;6;23040180;010926091747879;181005846;;;;07/29/2031 00:00:00;6;13753682;01/09/2026 09:17:47;Gustavo;Soderquvist;24322079;01/09/2026 07:22:39;6867;Javier;Lescano;Gustavo Soderquvist;Javier Lescano
14109134;01/09/2026 09:18:07;3;2;0001  214572-1;05;CAMIONETA VIE 1;2094514;"SJ21    ";"SANITARIOS JULICAM SRL                            ";AV. PRESIDENTE PERON 6763;951545;"20-172         ";20-172 - COCINA MESADA MONOC. COLORS NEGRO;2;2;2;23040401;010926091807330;181007562;;;;07/28/2031 00:00:00;2;13753698;01/09/2026 09:18:07;Gustavo;Soderquvist;24322284;01/09/2026 07:26:26;6867;Javier;Lescano;Gustavo Soderquvist;Javier Lescano
14109135;01/09/2026 08:56:31;3;2;0001  214585-1;05;CAMIONETA VIE 1;2091095;"AL24    ";"ALVARENGA VILLAR LUIS F.                          ";JOAQUIN V GONZALEZ 1175;953107;"80-162         ";80-162 - DUCHA EMB. C/TRANSF. CR C.CERAM ADRA;3;3;3;23042332;010926085630008;181020640;;;;07/29/2031 00:00:00;3;13753143;01/09/2026 08:56:30;Gustavo;Soderquvist;24324241;01/09/2026 08:31:06;6867;Javier;Lescano;Gustavo Soderquvist;Javier Lescano
14109135;01/09/2026 08:56:31;3;2;0001  214585-1;05;CAMIONETA VIE 1;2091095;"AL24    ";"ALVARENGA VILLAR LUIS F.                          ";JOAQUIN V GONZALEZ 1175;953060;"80-058         ";80-058 - DUCHA EMB. C/TRANSF. CR C.STD MALBA;3;3;3;23042332;010926085630008;181021521;;;;01/06/2032 00:00:00;3;13753143;01/09/2026 08:56:30;Gustavo;Soderquvist;24324241;01/09/2026 08:31:06;6867;Javier;Lescano;Gustavo Soderquvist;Javier Lescano
14109135;01/09/2026 08:56:31;3;2;0001  214585-1;05;CAMIONETA VIE 1;2091095;"AL24    ";"ALVARENGA VILLAR LUIS F.                          ";JOAQUIN V GONZALEZ 1175;953028;"80-010         ";80-010 - DUCHA EMB. C/TRANSF. BL/CR LORCA;3;3;3;23042332;010926085630008;181020950;;;;09/16/2031 00:00:00;3;13753143;01/09/2026 08:56:30;Gustavo;Soderquvist;24324241;01/09/2026 08:31:06;6867;Javier;Lescano;Gustavo Soderquvist;Javier Lescano
14109135;01/09/2026 08:56:31;3;2;0001  214585-1;05;CAMIONETA VIE 1;2091095;"AL24    ";"ALVARENGA VILLAR LUIS F.                          ";JOAQUIN V GONZALEZ 1175;952912;"70-162         ";70-162 - BIDE CR C.CERAM LINEA ADRA;3;3;3;23042332;010926085630008;181020441;;;;07/29/2031 00:00:00;3;13753143;01/09/2026 08:56:30;Gustavo;Soderquvist;24324241;01/09/2026 08:31:06;6867;Javier;Lescano;Gustavo Soderquvist;Javier Lescano
14109135;01/09/2026 08:56:31;3;2;0001  214585-1;05;CAMIONETA VIE 1;2091095;"AL24    ";"ALVARENGA VILLAR LUIS F.                          ";JOAQUIN V GONZALEZ 1175;952862;"70-058         ";70-058 - BIDE CR C.STD MALBA;3;3;3;23042332;010926085630008;181021709;;;;10/20/2031 00:00:00;3;13753143;01/09/2026 08:56:30;Gustavo;Soderquvist;24324241;01/09/2026 08:31:06;6867;Javier;Lescano;Gustavo Soderquvist;Javier Lescano
14109135;01/09/2026 08:56:31;3;2;0001  214585-1;05;CAMIONETA VIE 1;2091095;"AL24    ";"ALVARENGA VILLAR LUIS F.                          ";JOAQUIN V GONZALEZ 1175;952831;"70-010         ";70-010 - BIDE BL/CR LORCA;3;3;3;23042332;010926085630008;181020753;;;;12/08/2031 00:00:00;3;13753143;01/09/2026 08:56:30;Gustavo;Soderquvist;24324241;01/09/2026 08:31:06;6867;Javier;Lescano;Gustavo Soderquvist;Javier Lescano
14109135;01/09/2026 08:56:31;3;2;0001  214585-1;05;CAMIONETA VIE 1;2091095;"AL24    ";"ALVARENGA VILLAR LUIS F.                          ";JOAQUIN V GONZALEZ 1175;952634;"60-162         ";60-162 - LAVATORIO CR C.CERAM LINEA ADRA;3;3;3;23042332;010926085630008;181020228;;;;07/29/2031 00:00:00;3;13753143;01/09/2026 08:56:30;Gustavo;Soderquvist;24324241;01/09/2026 08:31:06;6867;Javier;Lescano;Gustavo Soderquvist;Javier Lescano
14109135;01/09/2026 08:56:31;3;2;0001  214585-1;05;CAMIONETA VIE 1;2091095;"AL24    ";"ALVARENGA VILLAR LUIS F.                          ";JOAQUIN V GONZALEZ 1175;952583;"60-058         ";60-058 - LAVATORIO CR C.STD MALBA;3;3;3;23042332;010926085630008;181021605;;;;12/03/2031 00:00:00;3;13753143;01/09/2026 08:56:30;Gustavo;Soderquvist;24324241;01/09/2026 08:31:06;6867;Javier;Lescano;Gustavo Soderquvist;Javier Lescano
14109135;01/09/2026 08:56:31;3;2;0001  214585-1;05;CAMIONETA VIE 1;2091095;"AL24    ";"ALVARENGA VILLAR LUIS F.                          ";JOAQUIN V GONZALEZ 1175;952551;"60-010         ";60-010 - LAVATORIO BL/CR LORCA;3;3;3;23042332;010926085630008;181020333;;;;12/07/2031 00:00:00;3;13753143;01/09/2026 08:56:30;Gustavo;Soderquvist;24324241;01/09/2026 08:31:06;6867;Javier;Lescano;Gustavo Soderquvist;Javier Lescano
14109135;01/09/2026 08:56:31;3;2;0001  214585-1;05;CAMIONETA VIE 1;2091095;"AL24    ";"ALVARENGA VILLAR LUIS F.                          ";JOAQUIN V GONZALEZ 1175;952438;"51-058         ";51-058 - COCINA MESADA CR C.STD MALBA;3;3;3;23042332;010926085630008;181021109;;;;10/19/2031 00:00:00;3;13753143;01/09/2026 08:56:30;Gustavo;Soderquvist;24324241;01/09/2026 08:31:06;6867;Javier;Lescano;Gustavo Soderquvist;Javier Lescano
14109135;01/09/2026 08:56:31;3;2;0001  214585-1;05;CAMIONETA VIE 1;2091095;"AL24    ";"ALVARENGA VILLAR LUIS F.                          ";JOAQUIN V GONZALEZ 1175;952426;"51-010         ";51-010 - COCINA MESADA BL/CR LORCA;3;3;3;23042332;010926085630008;181021301;;;;01/03/2032 00:00:00;3;13753143;01/09/2026 08:56:30;Gustavo;Soderquvist;24324241;01/09/2026 08:31:06;6867;Javier;Lescano;Gustavo Soderquvist;Javier Lescano
14109136;01/09/2026 10:09:48;3;2;0001  214587-1;05;CAMIONETA VIE 1;2094882;"UG01    ";"UCCELI GABRIEL A.-SANITARIOS GABRIEL              ";SANTOS VEGA 8007;953432;"910/M          ";"910/M - JGO.MDA.P.CANO CROMO ""DIQUE""";4;4;4;23042618;010926100947501;181022031;;;;12/21/2031 00:00:00;4;13754843;01/09/2026 10:09:47;Agustin;Scirica;24324610;01/09/2026 08:39:41;6867;Javier;Lescano;Agustin Scirica;Javier Lescano
14109136;01/09/2026 10:09:48;3;2;0001  214587-1;05;CAMIONETA VIE 1;2094882;"UG01    ";"UCCELI GABRIEL A.-SANITARIOS GABRIEL              ";SANTOS VEGA 8007;953324;"835            ";835 - JGO.MDA. P.FUNDIDO CR MURCIA;2;2;2;23042618;010926100947501;181022298;;;;07/29/2031 00:00:00;2;13754843;01/09/2026 10:09:47;Agustin;Scirica;24324610;01/09/2026 08:39:41;6867;Javier;Lescano;Agustin Scirica;Javier Lescano
14109136;01/09/2026 10:09:48;3;2;0001  214587-1;05;CAMIONETA VIE 1;2094882;"UG01    ";"UCCELI GABRIEL A.-SANITARIOS GABRIEL              ";SANTOS VEGA 8007;952661;"60-193         ";60-193 - LAVATORIO MONOCOMANDO BAJO MORA;2;2;2;23042618;010926100947501;181022657;;;;07/28/2031 00:00:00;2;13754843;01/09/2026 10:09:47;Agustin;Scirica;24324610;01/09/2026 08:39:41;6867;Javier;Lescano;Agustin Scirica;Javier Lescano
14109136;01/09/2026 10:09:48;3;2;0001  214587-1;05;CAMIONETA VIE 1;2094882;"UG01    ";"UCCELI GABRIEL A.-SANITARIOS GABRIEL              ";SANTOS VEGA 8007;952582;"60-057         ";60-057 - LAVATORIO C.STD VERIN PLUS;2;2;2;23042618;010926100947501;181024326;;;;01/06/2032 00:00:00;2;13754843;01/09/2026 10:09:47;Agustin;Scirica;24324610;01/09/2026 08:39:41;6867;Javier;Lescano;Agustin Scirica;Javier Lescano
14109136;01/09/2026 10:09:48;3;2;0001  214587-1;05;CAMIONETA VIE 1;2094882;"UG01    ";"UCCELI GABRIEL A.-SANITARIOS GABRIEL              ";SANTOS VEGA 8007;951611;"21-160         ";"MONOCOMANDO DUO COCINA CROMO DIQUE                                    ";4;4;4;23042618;010926100947501;181023936;;;;12/14/2031 00:00:00;4;13754843;01/09/2026 10:09:47;Agustin;Scirica;24324610;01/09/2026 08:39:41;6867;Javier;Lescano;Agustin Scirica;Javier Lescano
14109136;01/09/2026 10:09:48;3;2;0001  214587-1;05;CAMIONETA VIE 1;2094882;"UG01    ";"UCCELI GABRIEL A.-SANITARIOS GABRIEL              ";SANTOS VEGA 8007;951535;"20-160         ";20-160 - MONOCOMANDO MESADA COCINA DIQUE;3;3;3;23042618;010926100947501;181023520;;;;07/28/2031 00:00:00;3;13754843;01/09/2026 10:09:47;Agustin;Scirica;24324610;01/09/2026 08:39:41;6867;Javier;Lescano;Agustin Scirica;Javier Lescano
14109136;01/09/2026 10:09:48;3;2;0001  214587-1;05;CAMIONETA VIE 1;2094882;"UG01    ";"UCCELI GABRIEL A.-SANITARIOS GABRIEL              ";SANTOS VEGA 8007;951513;"20-122N        ";20-122N - MONOCOMANDO COCINA C/PICO EXTRAIBLE VALENCIA BLACK;9;9;9;23042618;010926100947501;181023177;;;;08/06/2031 00:00:00;9;13754843;01/09/2026 10:09:47;Agustin;Scirica;24324610;01/09/2026 08:39:41;6867;Javier;Lescano;Agustin Scirica;Javier Lescano
14109137;01/09/2026 08:06:53;3;2;0001  214597-1;05;CAMIONETA VIE 1;2091589;"CE01    ";"CENCOSUD S.A.                                     ";BRANDSEN 3790;953322;"83-205         ";83-205 - DUCHA EXT C/TRANSF MONOC STEEL PICO CURVO;1;1;1;23040402;010926080649115;181007692;;;;07/27/2031 00:00:00;1;13752076;01/09/2026 08:06:49;Agustin;Scirica;24322284;01/09/2026 07:26:26;6867;Javier;Lescano;Agustin Scirica;Javier Lescano
14109138;01/09/2026 08:58:58;3;2;0001  214598-1;05;CAMIONETA VIE 1;2091589;"CE01    ";"CENCOSUD S.A.                                     ";BRANDSEN 3790;951508;"20-121         ";20-121 - COCINA MSDA MONOC.P. REDONDO MARBELLA;5;5;5;23040403;010926085857350;181007412;;;;07/30/2031 00:00:00;5;13753214;01/09/2026 08:58:57;Gustavo;Soderquvist;24322284;01/09/2026 07:26:26;6867;Javier;Lescano;Gustavo Soderquvist;Javier Lescano
14109139;01/09/2026 09:06:59;3;2;0001  214695-1;05;CAMIONETA VIE 1;2092695;"GG26    ";"GUERRERO EMILIO G. Y GUERRERO MATIA SH            ";GRAL ALVARADO 280;957516;"RA1149         ";RA1149 - SUJECION ACCESORIOS LINEA 3000;100;100;100;23040515;010926090658759;181008830;;;;08/02/2031 00:00:00;100;13753307;01/09/2026 09:06:58;Agustin;Scirica;24322437;01/09/2026 07:33:52;6867;Javier;Lescano;Agustin Scirica;Javier Lescano
14109140;01/09/2026 08:58:35;3;2;0001  214701-1;05;CAMIONETA VIE 1;2094882;"UG01    ";"UCCELI GABRIEL A.-SANITARIOS GABRIEL              ";SANTOS VEGA 8007;954915;"BCH13          ";BCH13 - BACHA DE APOYAR BLANCA RECTANGULAR 465x260x125;1;1;1;23040488;010926085834999;181007919;;;;07/27/2031 00:00:00;1;13753209;01/09/2026 08:58:34;Gustavo;Soderquvist;24322369;01/09/2026 07:28:03;6867;Javier;Lescano;Gustavo Soderquvist;Javier Lescano
14109141;01/09/2026 09:02:32;3;2;0001  214699-1;05;CAMIONETA VIE 1;2091693;"CI15    ";"CISILOTTO HNOS SACIFEI                            ";CALLE 480 y Ciudadela C.SUR ACC OESTE Y EMPALME RN5;954921;"BCH18          ";BCH18 - BACHA DE APOYAR SIMIL MARMOL 460x320x140;3;3;3;23041523;010926090231681;181017036;;;;10/04/2031 00:00:00;3;13753278;01/09/2026 09:02:31;Gustavo;Soderquvist;24323540;01/09/2026 08:16:22;7636;Kevin;Arce;Gustavo Soderquvist;Kevin Arce
14109141;01/09/2026 09:02:32;3;2;0001  214699-1;05;CAMIONETA VIE 1;2091693;"CI15    ";"CISILOTTO HNOS SACIFEI                            ";CALLE 480 y Ciudadela C.SUR ACC OESTE Y EMPALME RN5;953136;"80-190P        ";80-190P - DUCHA EMB. C/TRANSF. C.CERAM BLACK VELVET PLUS;1;1;1;23041523;010926090231681;181016346;;;;07/29/2031 00:00:00;1;13753278;01/09/2026 09:02:31;Gustavo;Soderquvist;24323540;01/09/2026 08:16:22;7636;Kevin;Arce;Gustavo Soderquvist;Kevin Arce
14109141;01/09/2026 09:02:32;3;2;0001  214699-1;05;CAMIONETA VIE 1;2091693;"CI15    ";"CISILOTTO HNOS SACIFEI                            ";CALLE 480 y Ciudadela C.SUR ACC OESTE Y EMPALME RN5;953109;"80-166         ";"DUCHA EMB. C/TRANSF. CR C.CERAM ADRA PLUS                             ";2;2;2;23041523;010926090231681;181016764;;;;01/13/2032 00:00:00;2;13753278;01/09/2026 09:02:31;Gustavo;Soderquvist;24323540;01/09/2026 08:16:22;7636;Kevin;Arce;Gustavo Soderquvist;Kevin Arce
14109141;01/09/2026 09:02:32;3;2;0001  214699-1;05;CAMIONETA VIE 1;2091693;"CI15    ";"CISILOTTO HNOS SACIFEI                            ";CALLE 480 y Ciudadela C.SUR ACC OESTE Y EMPALME RN5;952936;"70-190         ";70-190 - BIDE C.CERAM BLACK VELVET;1;1;1;23041523;010926090231681;181016271;;;;11/08/2031 00:00:00;1;13753278;01/09/2026 09:02:31;Gustavo;Soderquvist;24323540;01/09/2026 08:16:22;7636;Kevin;Arce;Gustavo Soderquvist;Kevin Arce
14109141;01/09/2026 09:02:32;3;2;0001  214699-1;05;CAMIONETA VIE 1;2091693;"CI15    ";"CISILOTTO HNOS SACIFEI                            ";CALLE 480 y Ciudadela C.SUR ACC OESTE Y EMPALME RN5;952912;"70-162         ";70-162 - BIDE CR C.CERAM LINEA ADRA;2;2;2;23041523;010926090231681;181016645;;;;07/29/2031 00:00:00;2;13753278;01/09/2026 09:02:31;Gustavo;Soderquvist;24323540;01/09/2026 08:16:22;7636;Kevin;Arce;Gustavo Soderquvist;Kevin Arce
14109141;01/09/2026 09:02:32;3;2;0001  214699-1;05;CAMIONETA VIE 1;2091693;"CI15    ";"CISILOTTO HNOS SACIFEI                            ";CALLE 480 y Ciudadela C.SUR ACC OESTE Y EMPALME RN5;952708;"61-168         ";61-168 - LAVATORIO MONOC ALTO CR WAVE;2;2;2;23041523;010926090231681;181015009;;;;07/27/2031 00:00:00;2;13753278;01/09/2026 09:02:31;Gustavo;Soderquvist;24323540;01/09/2026 08:16:22;7636;Kevin;Arce;Gustavo Soderquvist;Kevin Arce
14109141;01/09/2026 09:02:32;3;2;0001  214699-1;05;CAMIONETA VIE 1;2091693;"CI15    ";"CISILOTTO HNOS SACIFEI                            ";CALLE 480 y Ciudadela C.SUR ACC OESTE Y EMPALME RN5;952658;"60-190         ";60-190 - LAVATORIO C.CERAM BLACK VELVET;1;1;1;23041523;010926090231681;181016113;;;;08/12/2031 00:00:00;1;13753278;01/09/2026 09:02:31;Gustavo;Soderquvist;24323540;01/09/2026 08:16:22;7636;Kevin;Arce;Gustavo Soderquvist;Kevin Arce
14109141;01/09/2026 09:02:32;3;2;0001  214699-1;05;CAMIONETA VIE 1;2091693;"CI15    ";"CISILOTTO HNOS SACIFEI                            ";CALLE 480 y Ciudadela C.SUR ACC OESTE Y EMPALME RN5;951530;"20-146         ";20-146 - MONOCOMANDO DE COCINA CR LINEA MOVE;2;2;2;23041523;010926090231681;181015865;;;;10/07/2031 00:00:00;2;13753278;01/09/2026 09:02:31;Gustavo;Soderquvist;24323540;01/09/2026 08:16:22;7636;Kevin;Arce;Gustavo Soderquvist;Kevin Arce
14109141;01/09/2026 09:02:32;3;2;0001  214699-1;05;CAMIONETA VIE 1;2091693;"CI15    ";"CISILOTTO HNOS SACIFEI                            ";CALLE 480 y Ciudadela C.SUR ACC OESTE Y EMPALME RN5;951116;"12006          ";"SET DE 6 PIEZAS LINEA 12000                                           ";2;2;2;23041523;010926090231681;181015493;;;;07/30/2031 00:00:00;2;13753278;01/09/2026 09:02:31;Gustavo;Soderquvist;24323540;01/09/2026 08:16:22;7636;Kevin;Arce;Gustavo Soderquvist;Kevin Arce
14109142;01/09/2026 10:02:38;3;2;0001  214714-1;05;CAMIONETA VIE 1;2094666;"SS45    ";"SANITARIOS SAN MARTIN S.A.                        ";HUMBOLTD 7;953131;"80-183         ";"DUCHA EMB C/TRANSF MONOCOMANDO MAT                                    ";15;15;15;23040822;010926100238335;181011003;;;;11/02/2031 00:00:00;15;13754707;01/09/2026 10:02:38;Tiago;Rodriguez;24322748;01/09/2026 08:00:44;7636;Kevin;Arce;Tiago Rodriguez;Kevin Arce
14109142;01/09/2026 10:02:38;3;2;0001  214714-1;05;CAMIONETA VIE 1;2094666;"SS45    ";"SANITARIOS SAN MARTIN S.A.                        ";HUMBOLTD 7;952933;"70-183         ";"BIDE MONOCOMANDO C/TRANSF MAT                                         ";15;15;15;23040822;010926100238335;181013139;;;;11/02/2031 00:00:00;15;13754707;01/09/2026 10:02:38;Tiago;Rodriguez;24322748;01/09/2026 08:00:44;7636;Kevin;Arce;Tiago Rodriguez;Kevin Arce
14109142;01/09/2026 10:02:38;3;2;0001  214714-1;05;CAMIONETA VIE 1;2094666;"SS45    ";"SANITARIOS SAN MARTIN S.A.                        ";HUMBOLTD 7;952800;"63-183         ";"LAVATORIO PARED EMB MONOCOMANDO MAT                                   ";15;15;15;23040822;010926100238335;181012132;;;;11/02/2031 00:00:00;15;13754707;01/09/2026 10:02:38;Tiago;Rodriguez;24322748;01/09/2026 08:00:44;7636;Kevin;Arce;Tiago Rodriguez;Kevin Arce
14109142;01/09/2026 10:02:38;3;2;0001  214714-1;05;CAMIONETA VIE 1;2094666;"SS45    ";"SANITARIOS SAN MARTIN S.A.                        ";HUMBOLTD 7;952655;"60-183         ";"LAVATORIO MONOCOMANDO BAJO MAT                                        ";15;15;15;23040822;010926100238335;181012937;;;;11/02/2031 00:00:00;15;13754707;01/09/2026 10:02:38;Tiago;Rodriguez;24322748;01/09/2026 08:00:44;7636;Kevin;Arce;Tiago Rodriguez;Kevin Arce
14109143;01/09/2026 09:40:34;3;2;0008    2870-1;05;CAMIONETA VIE 1;2094666;"SS45    ";"SANITARIOS SAN MARTIN S.A.                        ";HUMBOLTD 7;953131;"80-183         ";"DUCHA EMB C/TRANSF MONOCOMANDO MAT                                    ";15;15;15;23040806;010926093942708;181011263;;;;11/02/2031 00:00:00;15;13753842;01/09/2026 09:39:42;Gustavo;Soderquvist;24322777;01/09/2026 08:32:48;7152;Mirko;Hernandez;Gustavo Soderquvist;Mirko Hernandez
14109143;01/09/2026 09:40:34;3;2;0008    2870-1;05;CAMIONETA VIE 1;2094666;"SS45    ";"SANITARIOS SAN MARTIN S.A.                        ";HUMBOLTD 7;952933;"70-183         ";"BIDE MONOCOMANDO C/TRANSF MAT                                         ";15;15;15;23040806;010926093942708;181016225;;;;11/02/2031 00:00:00;15;13753842;01/09/2026 09:39:42;Gustavo;Soderquvist;24322777;01/09/2026 08:32:48;7152;Mirko;Hernandez;Gustavo Soderquvist;Mirko Hernandez
14109143;01/09/2026 09:40:34;3;2;0008    2870-1;05;CAMIONETA VIE 1;2094666;"SS45    ";"SANITARIOS SAN MARTIN S.A.                        ";HUMBOLTD 7;952800;"63-183         ";"LAVATORIO PARED EMB MONOCOMANDO MAT                                   ";15;15;15;23040806;010926093942708;181012834;;;;11/02/2031 00:00:00;15;13753842;01/09/2026 09:39:42;Gustavo;Soderquvist;24322777;01/09/2026 08:32:48;7152;Mirko;Hernandez;Gustavo Soderquvist;Mirko Hernandez
14109143;01/09/2026 09:40:34;3;2;0008    2870-1;05;CAMIONETA VIE 1;2094666;"SS45    ";"SANITARIOS SAN MARTIN S.A.                        ";HUMBOLTD 7;952655;"60-183         ";"LAVATORIO MONOCOMANDO BAJO MAT                                        ";15;15;15;23040806;010926093942708;181015524;;;;11/02/2031 00:00:00;15;13753842;01/09/2026 09:39:42;Gustavo;Soderquvist;24322777;01/09/2026 08:32:48;7152;Mirko;Hernandez;Gustavo Soderquvist;Mirko Hernandez
14109144;01/09/2026 09:48:46;3;2;0001  214771-1;05;CAMIONETA VIE 1;2094666;"SS45    ";"SANITARIOS SAN MARTIN S.A.                        ";HUMBOLTD 7;951488;"20-102         ";"20-102 - MONOCOMANDO MESADA CROMO ""RENACER""";6;6;6;23040419;010926094843119;181013921;;;;08/20/2031 00:00:00;6;13754237;01/09/2026 09:48:43;Gustavo;Soderquvist;24322310;01/09/2026 08:32:46;7673;Maximo;Batista;Gustavo Soderquvist;Maximo Batista
14109144;01/09/2026 09:48:46;3;2;0001  214771-1;05;CAMIONETA VIE 1;2094666;"SS45    ";"SANITARIOS SAN MARTIN S.A.                        ";HUMBOLTD 7;951653;"22-178         ";22-178 - MONOCOMANDO DE COCINA P/AGUA FILTRADA VITA;4;4;4;23040419;010926094843119;181008658;;;;12/23/2031 00:00:00;4;13754237;01/09/2026 09:48:43;Gustavo;Soderquvist;24322310;01/09/2026 08:32:46;7673;Maximo;Batista;Gustavo Soderquvist;Maximo Batista
14109144;01/09/2026 09:48:46;3;2;0001  214771-1;05;CAMIONETA VIE 1;2094666;"SS45    ";"SANITARIOS SAN MARTIN S.A.                        ";HUMBOLTD 7;954804;"AB-001         ";AB-001 - AGARRADERA ACERO INOX CROMADO 30 CM SAFE;10;10;10;23040419;010926094843119;181007982;;;;07/28/2031 00:00:00;10;13754237;01/09/2026 09:48:43;Gustavo;Soderquvist;24322310;01/09/2026 08:32:46;7673;Maximo;Batista;Gustavo Soderquvist;Maximo Batista
14109144;01/09/2026 09:48:46;3;2;0001  214771-1;05;CAMIONETA VIE 1;2094666;"SS45    ";"SANITARIOS SAN MARTIN S.A.                        ";HUMBOLTD 7;954806;"AB-003         ";AB-003 - AGARRADERA ACERO INOX CROMADO 50 CM SAFE;5;5;5;23040419;010926094843119;181008199;;;;07/27/2031 00:00:00;5;13754237;01/09/2026 09:48:43;Gustavo;Soderquvist;24322310;01/09/2026 08:32:46;7673;Maximo;Batista;Gustavo Soderquvist;Maximo Batista
14109144;01/09/2026 09:48:46;3;2;0001  214771-1;05;CAMIONETA VIE 1;2094666;"SS45    ";"SANITARIOS SAN MARTIN S.A.                        ";HUMBOLTD 7;954908;"BCH07          ";BCH07 - BACHA DE APOYAR OVALADA 400x330x150;2;2;2;23040419;010926094843119;181013308;;;;07/29/2031 00:00:00;2;13754237;01/09/2026 09:48:43;Gustavo;Soderquvist;24322310;01/09/2026 08:32:46;7673;Maximo;Batista;Gustavo Soderquvist;Maximo Batista
14109144;01/09/2026 09:48:46;3;2;0001  214771-1;05;CAMIONETA VIE 1;2094666;"SS45    ";"SANITARIOS SAN MARTIN S.A.                        ";HUMBOLTD 7;954910;"BCH09          ";BCH09 - BACHA DE APOYAR RECTANGULAR 610x410x115;24;24;24;23040419;010926094843119;181009430;;;;07/28/2031 00:00:00;24;13754237;01/09/2026 09:48:43;Gustavo;Soderquvist;24322310;01/09/2026 08:32:46;7673;Maximo;Batista;Gustavo Soderquvist;Maximo Batista
14109144;01/09/2026 09:48:46;3;2;0001  214771-1;05;CAMIONETA VIE 1;2094666;"SS45    ";"SANITARIOS SAN MARTIN S.A.                        ";HUMBOLTD 7;954914;"BCH12          ";BCH12 - BACHA DE APOYAR BLANCA 460x320x140;5;5;5;23040419;010926094843119;181014248;;;;11/10/2031 00:00:00;5;13754237;01/09/2026 09:48:43;Gustavo;Soderquvist;24322310;01/09/2026 08:32:46;7673;Maximo;Batista;Gustavo Soderquvist;Maximo Batista
14109145;01/09/2026 09:43:16;3;2;0008    2877-1;05;CAMIONETA VIE 1;2094666;"SS45    ";"SANITARIOS SAN MARTIN S.A.                        ";HUMBOLTD 7;951748;"3006           ";3006 - SET DE 6 PIEZAS LINEA 3000;10;10;10;23040677;010926094311190;181013347;;;;07/29/2031 00:00:00;10;13753472;01/09/2026 09:43:11;Agustin;Scirica;24322609;01/09/2026 08:22:10;6867;Javier;Lescano;Agustin Scirica;Javier Lescano
14109145;01/09/2026 09:43:16;3;2;0008    2877-1;05;CAMIONETA VIE 1;2094666;"SS45    ";"SANITARIOS SAN MARTIN S.A.                        ";HUMBOLTD 7;951565;"20-205         ";20-205 - MONOCOMANDO DE COCINA STEEL;6;6;6;23040677;010926094311190;181011427;;;;07/28/2031 00:00:00;6;13753472;01/09/2026 09:43:11;Agustin;Scirica;24322609;01/09/2026 08:22:10;6867;Javier;Lescano;Agustin Scirica;Javier Lescano
14109145;01/09/2026 09:43:16;3;2;0008    2877-1;05;CAMIONETA VIE 1;2094666;"SS45    ";"SANITARIOS SAN MARTIN S.A.                        ";HUMBOLTD 7;951530;"20-146         ";20-146 - MONOCOMANDO DE COCINA CR LINEA MOVE;15;15;15;23040677;010926094311190;181012713;;;;10/07/2031 00:00:00;15;13753472;01/09/2026 09:43:11;Agustin;Scirica;24322609;01/09/2026 08:22:10;6867;Javier;Lescano;Agustin Scirica;Javier Lescano
14109145;01/09/2026 09:43:16;3;2;0008    2877-1;05;CAMIONETA VIE 1;2094666;"SS45    ";"SANITARIOS SAN MARTIN S.A.                        ";HUMBOLTD 7;951523;"20-134         ";20-134 - MONOCOMANDO COCINA BETIS;12;12;12;23040677;010926094311190;181015994;;;;08/11/2031 00:00:00;12;13753472;01/09/2026 09:43:11;Agustin;Scirica;24322609;01/09/2026 08:22:10;6867;Javier;Lescano;Agustin Scirica;Javier Lescano
14109145;01/09/2026 09:43:16;3;2;0008    2877-1;05;CAMIONETA VIE 1;2094666;"SS45    ";"SANITARIOS SAN MARTIN S.A.                        ";HUMBOLTD 7;951327;"19030          ";19030 - PERCHA LINEA 19000;5;5;5;23040677;010926094311190;181009975;;;;07/29/2031 00:00:00;5;13753472;01/09/2026 09:43:11;Agustin;Scirica;24322609;01/09/2026 08:22:10;6867;Javier;Lescano;Agustin Scirica;Javier Lescano
14109145;01/09/2026 09:43:16;3;2;0008    2877-1;05;CAMIONETA VIE 1;2094666;"SS45    ";"SANITARIOS SAN MARTIN S.A.                        ";HUMBOLTD 7;951304;"17040N         ";17040N - PORTA ROLLO LINEA FABRIC BLACK;5;5;5;23040677;010926094311190;181015279;;;;07/29/2031 00:00:00;5;13753472;01/09/2026 09:43:11;Agustin;Scirica;24322609;01/09/2026 08:22:10;6867;Javier;Lescano;Agustin Scirica;Javier Lescano
14109145;01/09/2026 09:43:16;3;2;0008    2877-1;05;CAMIONETA VIE 1;2094666;"SS45    ";"SANITARIOS SAN MARTIN S.A.                        ";HUMBOLTD 7;951303;"17040G         ";17040G - PORTA ROLLO LINEA FABRIC GOLD;5;5;5;23040677;010926094311190;181014135;;;;07/28/2031 00:00:00;5;13753472;01/09/2026 09:43:11;Agustin;Scirica;24322609;01/09/2026 08:22:10;6867;Javier;Lescano;Agustin Scirica;Javier Lescano
14109145;01/09/2026 09:43:16;3;2;0008    2877-1;05;CAMIONETA VIE 1;2094666;"SS45    ";"SANITARIOS SAN MARTIN S.A.                        ";HUMBOLTD 7;951302;"17040C         ";17040C - PORTA ROLLO LINEA FABRIC CROMO;5;5;5;23040677;010926094311190;181014336;;;;07/29/2031 00:00:00;5;13753472;01/09/2026 09:43:11;Agustin;Scirica;24322609;01/09/2026 08:22:10;6867;Javier;Lescano;Agustin Scirica;Javier Lescano
14109145;01/09/2026 09:43:16;3;2;0008    2877-1;05;CAMIONETA VIE 1;2094666;"SS45    ";"SANITARIOS SAN MARTIN S.A.                        ";HUMBOLTD 7;951794;"3010           ";3010 - TOALLERO BARRAL LINEA 3000;5;5;5;23040677;010926094311190;181010296;;;;07/29/2031 00:00:00;5;13753472;01/09/2026 09:43:11;Agustin;Scirica;24322609;01/09/2026 08:22:10;6867;Javier;Lescano;Agustin Scirica;Javier Lescano
14109145;01/09/2026 09:43:16;3;2;0008    2877-1;05;CAMIONETA VIE 1;2094666;"SS45    ";"SANITARIOS SAN MARTIN S.A.                        ";HUMBOLTD 7;951961;"3030           ";3030 - PERCHA LINEA 3000;10;10;10;23040677;010926094311190;181010424;;;;08/27/2031 00:00:00;10;13753472;01/09/2026 09:43:11;Agustin;Scirica;24322609;01/09/2026 08:22:10;6867;Javier;Lescano;Agustin Scirica;Javier Lescano
14109145;01/09/2026 09:43:16;3;2;0008    2877-1;05;CAMIONETA VIE 1;2094666;"SS45    ";"SANITARIOS SAN MARTIN S.A.                        ";HUMBOLTD 7;951983;"3050           ";3050 - JABONERA LINEA 3000;15;15;15;23040677;010926094311190;181010713;;;;07/27/2031 00:00:00;15;13753472;01/09/2026 09:43:11;Agustin;Scirica;24322609;01/09/2026 08:22:10;6867;Javier;Lescano;Agustin Scirica;Javier Lescano
14109145;01/09/2026 09:43:16;3;2;0008    2877-1;05;CAMIONETA VIE 1;2094666;"SS45    ";"SANITARIOS SAN MARTIN S.A.                        ";HUMBOLTD 7;952439;"51-059         ";51-059 - COCINA MESADA BL/CR C.STD MALBA;6;6;6;23040677;010926094311190;181017972;;;;12/13/2031 00:00:00;6;13753472;01/09/2026 09:43:11;Agustin;Scirica;24322609;01/09/2026 08:22:10;6867;Javier;Lescano;Agustin Scirica;Javier Lescano
14109145;01/09/2026 09:43:16;3;2;0008    2877-1;05;CAMIONETA VIE 1;2094666;"SS45    ";"SANITARIOS SAN MARTIN S.A.                        ";HUMBOLTD 7;952582;"60-057         ";60-057 - LAVATORIO C.STD VERIN PLUS;4;4;4;23040677;010926094311190;181018857;;;;01/06/2032 00:00:00;4;13753472;01/09/2026 09:43:11;Agustin;Scirica;24322609;01/09/2026 08:22:10;6867;Javier;Lescano;Agustin Scirica;Javier Lescano
14109145;01/09/2026 09:43:16;3;2;0008    2877-1;05;CAMIONETA VIE 1;2094666;"SS45    ";"SANITARIOS SAN MARTIN S.A.                        ";HUMBOLTD 7;952616;"60-131         ";60-131 - LAVATORIO C.CERAM CR MALLORCA;6;6;6;23040677;010926094311190;181016699;;;;01/03/2032 00:00:00;6;13753472;01/09/2026 09:43:11;Agustin;Scirica;24322609;01/09/2026 08:22:10;6867;Javier;Lescano;Agustin Scirica;Javier Lescano
14109145;01/09/2026 09:43:16;3;2;0008    2877-1;05;CAMIONETA VIE 1;2094666;"SS45    ";"SANITARIOS SAN MARTIN S.A.                        ";HUMBOLTD 7;952618;"60-133         ";60-133 - LAVATORIO MONOCOMANDO LUGO;2;2;2;23040677;010926094311190;181013768;;;;07/29/2031 00:00:00;2;13753472;01/09/2026 09:43:11;Agustin;Scirica;24322609;01/09/2026 08:22:10;6867;Javier;Lescano;Agustin Scirica;Javier Lescano
14109145;01/09/2026 09:43:16;3;2;0008    2877-1;05;CAMIONETA VIE 1;2094666;"SS45    ";"SANITARIOS SAN MARTIN S.A.                        ";HUMBOLTD 7;952635;"60-162N        ";60-162N - LAVATORIO BLACK C.CERAM LINEA ADRA;5;5;5;23040677;010926094311190;181017348;;;;11/03/2031 00:00:00;5;13753472;01/09/2026 09:43:11;Agustin;Scirica;24322609;01/09/2026 08:22:10;6867;Javier;Lescano;Agustin Scirica;Javier Lescano
14109145;01/09/2026 09:43:16;3;2;0008    2877-1;05;CAMIONETA VIE 1;2094666;"SS45    ";"SANITARIOS SAN MARTIN S.A.                        ";HUMBOLTD 7;952713;"61-176N        ";61-176N - LAVATORIO MONOC ALTO BLACK RIO;6;6;6;23040677;010926094311190;181011147;;;;07/29/2031 00:00:00;6;13753472;01/09/2026 09:43:11;Agustin;Scirica;24322609;01/09/2026 08:22:10;6867;Javier;Lescano;Agustin Scirica;Javier Lescano
14109145;01/09/2026 09:43:16;3;2;0008    2877-1;05;CAMIONETA VIE 1;2094666;"SS45    ";"SANITARIOS SAN MARTIN S.A.                        ";HUMBOLTD 7;952912;"70-162         ";70-162 - BIDE CR C.CERAM LINEA ADRA;6;6;6;23040677;010926094311190;181018617;;;;07/29/2031 00:00:00;6;13753472;01/09/2026 09:43:11;Agustin;Scirica;24322609;01/09/2026 08:22:10;6867;Javier;Lescano;Agustin Scirica;Javier Lescano
14109145;01/09/2026 09:43:16;3;2;0008    2877-1;05;CAMIONETA VIE 1;2094666;"SS45    ";"SANITARIOS SAN MARTIN S.A.                        ";HUMBOLTD 7;952925;"70-176         ";70-176 - BIDE MONOC C/TRANSF CR RIO;6;6;6;23040677;010926094311190;181010969;;;;11/17/2031 00:00:00;6;13753472;01/09/2026 09:43:11;Agustin;Scirica;24322609;01/09/2026 08:22:10;6867;Javier;Lescano;Agustin Scirica;Javier Lescano
14109145;01/09/2026 09:43:16;3;2;0008    2877-1;05;CAMIONETA VIE 1;2094666;"SS45    ";"SANITARIOS SAN MARTIN S.A.                        ";HUMBOLTD 7;953059;"80-057         ";80-057 - DUCHA EMB. C/TRANSF. C.STD VERIN PLUS;4;4;4;23040677;010926094311190;181019052;;;;01/04/2032 00:00:00;4;13753472;01/09/2026 09:43:11;Agustin;Scirica;24322609;01/09/2026 08:22:10;6867;Javier;Lescano;Agustin Scirica;Javier Lescano
14109145;01/09/2026 09:43:16;3;2;0008    2877-1;05;CAMIONETA VIE 1;2094666;"SS45    ";"SANITARIOS SAN MARTIN S.A.                        ";HUMBOLTD 7;953110;"80-166N        ";80-166N - DUCHA EMB. C/TRANSF. BLACK C.CERAM ADRA PLUS;5;5;5;23040677;010926094311190;181017021;;;;11/25/2031 00:00:00;5;13753472;01/09/2026 09:43:11;Agustin;Scirica;24322609;01/09/2026 08:22:10;6867;Javier;Lescano;Agustin Scirica;Javier Lescano
14109145;01/09/2026 09:43:16;3;2;0008    2877-1;05;CAMIONETA VIE 1;2094666;"SS45    ";"SANITARIOS SAN MARTIN S.A.                        ";HUMBOLTD 7;953123;"80-176N        ";80-176N - DUCHA EMB C/TRANSF MONOC BLACK RIO;6;6;6;23040677;010926094311190;181011042;;;;07/27/2031 00:00:00;6;13753472;01/09/2026 09:43:11;Agustin;Scirica;24322609;01/09/2026 08:22:10;6867;Javier;Lescano;Agustin Scirica;Javier Lescano
14109145;01/09/2026 09:43:16;3;2;0008    2877-1;05;CAMIONETA VIE 1;2094666;"SS45    ";"SANITARIOS SAN MARTIN S.A.                        ";HUMBOLTD 7;953153;"80-200G        ";80-200G - DUCHA EMB. MONOC. 3 FUNCIONES GOLD FABRIC;4;4;4;23040677;010926094311190;181009308;;;;12/03/2031 00:00:00;4;13753472;01/09/2026 09:43:11;Agustin;Scirica;24322609;01/09/2026 08:22:10;6867;Javier;Lescano;Agustin Scirica;Javier Lescano
14109145;01/09/2026 09:43:16;3;2;0008    2877-1;05;CAMIONETA VIE 1;2094666;"SS45    ";"SANITARIOS SAN MARTIN S.A.                        ";HUMBOLTD 7;953312;"83-133         ";83-133 - DUCHA EXT. C/TRANSF. MONOCOMANDO LUGO;5;5;5;23040677;010926094311190;181013928;;;;07/30/2031 00:00:00;5;13753472;01/09/2026 09:43:11;Agustin;Scirica;24322609;01/09/2026 08:22:10;6867;Javier;Lescano;Agustin Scirica;Javier Lescano
14109145;01/09/2026 09:43:16;3;2;0008    2877-1;05;CAMIONETA VIE 1;2094666;"SS45    ";"SANITARIOS SAN MARTIN S.A.                        ";HUMBOLTD 7;951116;"12006          ";"SET DE 6 PIEZAS LINEA 12000                                           ";20;20;20;23040677;010926094311190;181013257;;;;07/30/2031 00:00:00;20;13753472;01/09/2026 09:43:11;Agustin;Scirica;24322609;01/09/2026 08:22:10;6867;Javier;Lescano;Agustin Scirica;Javier Lescano
14109145;01/09/2026 09:43:16;3;2;0008    2877-1;05;CAMIONETA VIE 1;2094666;"SS45    ";"SANITARIOS SAN MARTIN S.A.                        ";HUMBOLTD 7;951114;"12005          ";"SET DE 5 PIEZAS LINEA 12000                                           ";5;5;5;23040677;010926094311190;181012847;;;;07/30/2031 00:00:00;5;13753472;01/09/2026 09:43:11;Agustin;Scirica;24322609;01/09/2026 08:22:10;6867;Javier;Lescano;Agustin Scirica;Javier Lescano
14109145;01/09/2026 09:43:16;3;2;0008    2877-1;05;CAMIONETA VIE 1;2094666;"SS45    ";"SANITARIOS SAN MARTIN S.A.                        ";HUMBOLTD 7;951098;"11006          ";"SET DE 6 PIEZAS LINEA 11000                                           ";5;5;5;23040677;010926094311190;181013552;;;;07/29/2031 00:00:00;5;13753472;01/09/2026 09:43:11;Agustin;Scirica;24322609;01/09/2026 08:22:10;6867;Javier;Lescano;Agustin Scirica;Javier Lescano
14109145;01/09/2026 09:43:16;3;2;0008    2877-1;05;CAMIONETA VIE 1;2094666;"SS45    ";"SANITARIOS SAN MARTIN S.A.                        ";HUMBOLTD 7;951136;"13040          ";"PORTA ROLLO LINEA 13000                                               ";5;5;5;23040677;010926094311190;181009578;;;;07/31/2031 00:00:00;5;13753472;01/09/2026 09:43:11;Agustin;Scirica;24322609;01/09/2026 08:22:10;6867;Javier;Lescano;Agustin Scirica;Javier Lescano
14109145;01/09/2026 09:43:16;3;2;0008    2877-1;05;CAMIONETA VIE 1;2094666;"SS45    ";"SANITARIOS SAN MARTIN S.A.                        ";HUMBOLTD 7;951259;"16006BL        ";16006BL - SET 6 PIEZAS ACCESORIOS LINEA 16000 BLACK;5;5;5;23040677;010926094311190;181011621;;;;07/27/2031 00:00:00;5;13753472;01/09/2026 09:43:11;Agustin;Scirica;24322609;01/09/2026 08:22:10;6867;Javier;Lescano;Agustin Scirica;Javier Lescano
14109145;01/09/2026 09:43:16;3;2;0008    2877-1;05;CAMIONETA VIE 1;2094666;"SS45    ";"SANITARIOS SAN MARTIN S.A.                        ";HUMBOLTD 7;951262;"16030          ";16030 - PERCHA LINEA 16000;5;5;5;23040677;010926094311190;181009914;;;;07/27/2031 00:00:00;5;13753472;01/09/2026 09:43:11;Agustin;Scirica;24322609;01/09/2026 08:22:10;6867;Javier;Lescano;Agustin Scirica;Javier Lescano
14109145;01/09/2026 09:43:16;3;2;0008    2877-1;05;CAMIONETA VIE 1;2094666;"SS45    ";"SANITARIOS SAN MARTIN S.A.                        ";HUMBOLTD 7;951263;"16030BL        ";16030BL - PERCHA LINEA 16000 BLACK;5;5;5;23040677;010926094311190;181009713;;;;07/28/2031 00:00:00;5;13753472;01/09/2026 09:43:11;Agustin;Scirica;24322609;01/09/2026 08:22:10;6867;Javier;Lescano;Agustin Scirica;Javier Lescano
14109145;01/09/2026 09:43:16;3;2;0008    2877-1;05;CAMIONETA VIE 1;2094666;"SS45    ";"SANITARIOS SAN MARTIN S.A.                        ";HUMBOLTD 7;951264;"16040          ";16040 - PORTA ROLLO ACCESORIOS LINEA 16000;5;5;5;23040677;010926094311190;181010517;;;;07/30/2031 00:00:00;5;13753472;01/09/2026 09:43:11;Agustin;Scirica;24322609;01/09/2026 08:22:10;6867;Javier;Lescano;Agustin Scirica;Javier Lescano
14109145;01/09/2026 09:43:16;3;2;0008    2877-1;05;CAMIONETA VIE 1;2094666;"SS45    ";"SANITARIOS SAN MARTIN S.A.                        ";HUMBOLTD 7;951293;"17010C         ";17010C - TOALLERO BARRAL LINEA FABRIC CROMO;5;5;5;23040677;010926094311190;181014843;;;;07/27/2031 00:00:00;5;13753472;01/09/2026 09:43:11;Agustin;Scirica;24322609;01/09/2026 08:22:10;6867;Javier;Lescano;Agustin Scirica;Javier Lescano
14109145;01/09/2026 09:43:16;3;2;0008    2877-1;05;CAMIONETA VIE 1;2094666;"SS45    ";"SANITARIOS SAN MARTIN S.A.                        ";HUMBOLTD 7;951295;"17010N         ";17010N - TOALLERO BARRAL LINEA FABRIC BLACK;5;5;5;23040677;010926094311190;181015687;;;;07/29/2031 00:00:00;5;13753472;01/09/2026 09:43:11;Agustin;Scirica;24322609;01/09/2026 08:22:10;6867;Javier;Lescano;Agustin Scirica;Javier Lescano
14109145;01/09/2026 09:43:16;3;2;0008    2877-1;05;CAMIONETA VIE 1;2094666;"SS45    ";"SANITARIOS SAN MARTIN S.A.                        ";HUMBOLTD 7;951296;"17020C         ";17020C - TOALLERO DE ARO LINEA FABRIC CROMO;10;10;10;23040677;010926094311190;181014720;;;;07/30/2031 00:00:00;10;13753472;01/09/2026 09:43:11;Agustin;Scirica;24322609;01/09/2026 08:22:10;6867;Javier;Lescano;Agustin Scirica;Javier Lescano
14109145;01/09/2026 09:43:16;3;2;0008    2877-1;05;CAMIONETA VIE 1;2094666;"SS45    ";"SANITARIOS SAN MARTIN S.A.                        ";HUMBOLTD 7;951297;"17020G         ";17020G - TOALLERO DE ARO LINEA FABRIC GOLD;5;5;5;23040677;010926094311190;181011693;;;;07/29/2031 00:00:00;5;13753472;01/09/2026 09:43:11;Agustin;Scirica;24322609;01/09/2026 08:22:10;6867;Javier;Lescano;Agustin Scirica;Javier Lescano
14109145;01/09/2026 09:43:16;3;2;0008    2877-1;05;CAMIONETA VIE 1;2094666;"SS45    ";"SANITARIOS SAN MARTIN S.A.                        ";HUMBOLTD 7;951298;"17020N         ";17020N - TOALLERO DE ARO LINEA FABRIC BLACK;5;5;5;23040677;010926094311190;181015103;;;;07/29/2031 00:00:00;5;13753472;01/09/2026 09:43:11;Agustin;Scirica;24322609;01/09/2026 08:22:10;6867;Javier;Lescano;Agustin Scirica;Javier Lescano
14109145;01/09/2026 09:43:16;3;2;0008    2877-1;05;CAMIONETA VIE 1;2094666;"SS45    ";"SANITARIOS SAN MARTIN S.A.                        ";HUMBOLTD 7;951299;"17030C         ";17030C - PERCHA LINEA FABRIC CROMO;10;10;10;23040677;010926094311190;181014584;;;;11/10/2031 00:00:00;10;13753472;01/09/2026 09:43:11;Agustin;Scirica;24322609;01/09/2026 08:22:10;6867;Javier;Lescano;Agustin Scirica;Javier Lescano
14109145;01/09/2026 09:43:16;3;2;0008    2877-1;05;CAMIONETA VIE 1;2094666;"SS45    ";"SANITARIOS SAN MARTIN S.A.                        ";HUMBOLTD 7;951300;"17030G         ";17030G - PERCHA LINEA FABRIC GOLD;5;5;5;23040677;010926094311190;181016222;;;;07/29/2031 00:00:00;5;13753472;01/09/2026 09:43:11;Agustin;Scirica;24322609;01/09/2026 08:22:10;6867;Javier;Lescano;Agustin Scirica;Javier Lescano
14109145;01/09/2026 09:43:16;3;2;0008    2877-1;05;CAMIONETA VIE 1;2094666;"SS45    ";"SANITARIOS SAN MARTIN S.A.                        ";HUMBOLTD 7;951301;"17030N         ";17030N - PERCHA LINEA FABRIC BLACK;5;5;5;23040677;010926094311190;181015849;;;;07/28/2031 00:00:00;5;13753472;01/09/2026 09:43:11;Agustin;Scirica;24322609;01/09/2026 08:22:10;6867;Javier;Lescano;Agustin Scirica;Javier Lescano
14109145;01/09/2026 09:43:16;3;2;0008    2877-1;05;CAMIONETA VIE 1;2094666;"SS45    ";"SANITARIOS SAN MARTIN S.A.                        ";HUMBOLTD 7;954234;"A1452N         ";A1452N - CAÑO DE DUCHA RECTO 150 MM BLACK C/BLISTER;5;5;5;23040677;010926094311190;181010068;;;;07/31/2031 00:00:00;5;13753472;01/09/2026 09:43:11;Agustin;Scirica;24322609;01/09/2026 08:22:10;6867;Javier;Lescano;Agustin Scirica;Javier Lescano
14109145;01/09/2026 09:43:16;3;2;0008    2877-1;05;CAMIONETA VIE 1;2094666;"SS45    ";"SANITARIOS SAN MARTIN S.A.                        ";HUMBOLTD 7;954230;"A1452C         ";A1452C - CAÑO DE DUCHA RECTO 150 MM CROMO C/BLISTER;10;10;10;23040677;010926094311190;181010865;;;;07/31/2031 00:00:00;10;13753472;01/09/2026 09:43:11;Agustin;Scirica;24322609;01/09/2026 08:22:10;6867;Javier;Lescano;Agustin Scirica;Javier Lescano
14109147;01/09/2026 07:16:37;3;2;4444    2362-1;10;URGENTES;2109166;"CLIEVEN ";"CLIENTE EVENTUAL                                  ";RIVADAVIA 3428;958146;"RINO102-3      ";"ASIENTO INODORO LINEA LOFT                                            ";1;1;1;23039836;010926071637167;181004067;;;;01/24/2032 00:00:00;1;13751308;01/09/2026 07:16:37;Gaston Alejandro;Kiriczuk;24321757;01/09/2026 07:04:21;7152;Mirko;Hernandez;Gaston Alejandro Kiriczuk;Mirko Hernandez
14109148;01/09/2026 07:17:19;3;2;4444    2364-1;10;URGENTES;2109166;"CLIEVEN ";"CLIENTE EVENTUAL                                  ";RIVADAVIA 3428;957393;"RA004          ";RA004 - CABEZAL P/TRANSF. BIDET Y DUCHA EMBUTIR;1;1;1;23039831;010926071717540;181003998;;;;07/31/2031 00:00:00;1;13751314;01/09/2026 07:17:17;Gaston Alejandro;Kiriczuk;24321763;01/09/2026 07:03:54;7673;Maximo;Batista;Gaston Alejandro Kiriczuk;Maximo Batista
14109155;01/09/2026 08:09:49;3;2;0001  214687-1;14;RETIRA;2091298;"BG15    ";"BULFON GUILLERMO JESUS - SANIT. MATISA -          ";LUIS MARIA CAMPOS 515;953214;"81-100G        ";81-100G - DUCHA EMB S/TRANSF GOLD C.CERAM FABRIC;1;1;1;23039891;010926080946290;181004721;;;;01/11/2032 00:00:00;1;13752118;01/09/2026 08:09:46;Agustin;Scirica;24321814;01/09/2026 07:09:58;7673;Maximo;Batista;Agustin Scirica;Maximo Batista
14109155;01/09/2026 08:09:49;3;2;0001  214687-1;14;RETIRA;2091298;"BG15    ";"BULFON GUILLERMO JESUS - SANIT. MATISA -          ";LUIS MARIA CAMPOS 515;951304;"17040N         ";17040N - PORTA ROLLO LINEA FABRIC BLACK;2;2;2;23039891;010926080946290;181004572;;;;07/29/2031 00:00:00;2;13752118;01/09/2026 08:09:46;Agustin;Scirica;24321814;01/09/2026 07:09:58;7673;Maximo;Batista;Agustin Scirica;Maximo Batista
14109156;01/09/2026 10:06:12;3;2;0001  214688-1;14;RETIRA;2092978;"IN15    ";"INTERMARBLE S.R.L.                                ";AV. WARNES 360;952674;"60-200N        ";60-200N - LAVATORIO MONOC BAJO BLACK FABRIC;1;1;1;23039945;010926100612517;181004504;;;;07/28/2031 00:00:00;1;13754786;01/09/2026 10:06:12;Gustavo;Soderquvist;24321819;01/09/2026 07:07:26;7152;Mirko;Hernandez;Gustavo Soderquvist;Mirko Hernandez
14109157;01/09/2026 10:03:16;3;2;0001  214730-1;14;RETIRA;2092572;"FS09    ";"FANTINI SERGIO DANIEL - DIST.GUALEGUAY            ";B. ROLDAN 2183;958177;"RS392          ";RS392 - O-RING M2695 W=4 Øint 34;20;20;20;23039958;010926100315940;181009737;;;;08/02/2031 00:00:00;20;13754522;01/09/2026 10:03:15;Gustavo;Soderquvist;24321855;01/09/2026 07:39:11;7636;Kevin;Arce;Gustavo Soderquvist;Kevin Arce
14109157;01/09/2026 10:03:16;3;2;0001  214730-1;14;RETIRA;2092572;"FS09    ";"FANTINI SERGIO DANIEL - DIST.GUALEGUAY            ";B. ROLDAN 2183;954914;"BCH12          ";BCH12 - BACHA DE APOYAR BLANCA 460x320x140;2;2;2;23039958;010926100315940;181007945;;;;11/10/2031 00:00:00;2;13754522;01/09/2026 10:03:15;Gustavo;Soderquvist;24321855;01/09/2026 07:39:11;7636;Kevin;Arce;Gustavo Soderquvist;Kevin Arce
14109157;01/09/2026 10:03:16;3;2;0001  214730-1;14;RETIRA;2092572;"FS09    ";"FANTINI SERGIO DANIEL - DIST.GUALEGUAY            ";B. ROLDAN 2183;954902;"BCH02          ";BCH02 - BACHA DE APOYAR CIRCULAR 1 AG. 415x145;2;2;2;23039958;010926100315940;181008168;;;;07/27/2031 00:00:00;2;13754522;01/09/2026 10:03:15;Gustavo;Soderquvist;24321855;01/09/2026 07:39:11;7636;Kevin;Arce;Gustavo Soderquvist;Kevin Arce
14109157;01/09/2026 10:03:16;3;2;0001  214730-1;14;RETIRA;2092572;"FS09    ";"FANTINI SERGIO DANIEL - DIST.GUALEGUAY            ";B. ROLDAN 2183;953347;"85-168N        ";85-168N - DUCHA MONOC C/TRANSF Y DUCHADOR BLACK WAVE;1;1;1;23039958;010926100315940;181008288;;;;12/21/2031 00:00:00;1;13754522;01/09/2026 10:03:15;Gustavo;Soderquvist;24321855;01/09/2026 07:39:11;7636;Kevin;Arce;Gustavo Soderquvist;Kevin Arce
14109157;01/09/2026 10:03:16;3;2;0001  214730-1;14;RETIRA;2092572;"FS09    ";"FANTINI SERGIO DANIEL - DIST.GUALEGUAY            ";B. ROLDAN 2183;953346;"85-168         ";85-168 - DUCHA MONOC C/TRANSF Y DUCHADOR CR WAVE;3;3;3;23039958;010926100315940;181007667;;;;01/13/2032 00:00:00;3;13754522;01/09/2026 10:03:15;Gustavo;Soderquvist;24321855;01/09/2026 07:39:11;7636;Kevin;Arce;Gustavo Soderquvist;Kevin Arce
14109157;01/09/2026 10:03:16;3;2;0001  214730-1;14;RETIRA;2092572;"FS09    ";"FANTINI SERGIO DANIEL - DIST.GUALEGUAY            ";B. ROLDAN 2183;953317;"83-176N        ";83-176N - DUCHA EXT. C/TRANSF. MONOC BLACK RIO;1;1;1;23039958;010926100315940;181006757;;;;07/29/2031 00:00:00;1;13754522;01/09/2026 10:03:15;Gustavo;Soderquvist;24321855;01/09/2026 07:39:11;7636;Kevin;Arce;Gustavo Soderquvist;Kevin Arce
14109157;01/09/2026 10:03:16;3;2;0001  214730-1;14;RETIRA;2092572;"FS09    ";"FANTINI SERGIO DANIEL - DIST.GUALEGUAY            ";B. ROLDAN 2183;953316;"83-176         ";83-176 - DUCHA EXT. C/TRANSF. MONOC CR RIO;1;1;1;23039958;010926100315940;181006715;;;;07/28/2031 00:00:00;1;13754522;01/09/2026 10:03:15;Gustavo;Soderquvist;24321855;01/09/2026 07:39:11;7636;Kevin;Arce;Gustavo Soderquvist;Kevin Arce
14109157;01/09/2026 10:03:16;3;2;0001  214730-1;14;RETIRA;2092572;"FS09    ";"FANTINI SERGIO DANIEL - DIST.GUALEGUAY            ";B. ROLDAN 2183;953312;"83-133         ";83-133 - DUCHA EXT. C/TRANSF. MONOCOMANDO LUGO;12;12;12;23039958;010926100315940;181007247;;;;07/30/2031 00:00:00;12;13754522;01/09/2026 10:03:15;Gustavo;Soderquvist;24321855;01/09/2026 07:39:11;7636;Kevin;Arce;Gustavo Soderquvist;Kevin Arce
14109157;01/09/2026 10:03:16;3;2;0001  214730-1;14;RETIRA;2092572;"FS09    ";"FANTINI SERGIO DANIEL - DIST.GUALEGUAY            ";B. ROLDAN 2183;952926;"70-176N        ";70-176N - BIDE MONOC C/TRANSF BLACK RIO;1;1;1;23039958;010926100315940;181006818;;;;11/23/2031 00:00:00;1;13754522;01/09/2026 10:03:15;Gustavo;Soderquvist;24321855;01/09/2026 07:39:11;7636;Kevin;Arce;Gustavo Soderquvist;Kevin Arce
14109157;01/09/2026 10:03:16;3;2;0001  214730-1;14;RETIRA;2092572;"FS09    ";"FANTINI SERGIO DANIEL - DIST.GUALEGUAY            ";B. ROLDAN 2183;952925;"70-176         ";70-176 - BIDE MONOC C/TRANSF CR RIO;1;1;1;23039958;010926100315940;181006189;;;;11/17/2031 00:00:00;1;13754522;01/09/2026 10:03:15;Gustavo;Soderquvist;24321855;01/09/2026 07:39:11;7636;Kevin;Arce;Gustavo Soderquvist;Kevin Arce
14109157;01/09/2026 10:03:16;3;2;0001  214730-1;14;RETIRA;2092572;"FS09    ";"FANTINI SERGIO DANIEL - DIST.GUALEGUAY            ";B. ROLDAN 2183;952915;"70-168         ";70-168 - BIDE MONOC CR WAVE;2;2;2;23039958;010926100315940;181005654;;;;01/18/2032 00:00:00;2;13754522;01/09/2026 10:03:15;Gustavo;Soderquvist;24321855;01/09/2026 07:39:11;7636;Kevin;Arce;Gustavo Soderquvist;Kevin Arce
14109157;01/09/2026 10:03:16;3;2;0001  214730-1;14;RETIRA;2092572;"FS09    ";"FANTINI SERGIO DANIEL - DIST.GUALEGUAY            ";B. ROLDAN 2183;952896;"70-133         ";70-133 - BIDE MONOCOMANDO LUGO;6;6;6;23039958;010926100315940;181006024;;;;07/30/2031 00:00:00;6;13754522;01/09/2026 10:03:15;Gustavo;Soderquvist;24321855;01/09/2026 07:39:11;7636;Kevin;Arce;Gustavo Soderquvist;Kevin Arce
14109157;01/09/2026 10:03:16;3;2;0001  214730-1;14;RETIRA;2092572;"FS09    ";"FANTINI SERGIO DANIEL - DIST.GUALEGUAY            ";B. ROLDAN 2183;952726;"61-203         ";61-203 - LAVATORIO MONOCOMANDO ALTO ADRA;2;2;2;23039958;010926100315940;181008499;;;;01/11/2032 00:00:00;2;13754522;01/09/2026 10:03:15;Gustavo;Soderquvist;24321855;01/09/2026 07:39:11;7636;Kevin;Arce;Gustavo Soderquvist;Kevin Arce
14109157;01/09/2026 10:03:16;3;2;0001  214730-1;14;RETIRA;2092572;"FS09    ";"FANTINI SERGIO DANIEL - DIST.GUALEGUAY            ";B. ROLDAN 2183;952713;"61-176N        ";61-176N - LAVATORIO MONOC ALTO BLACK RIO;1;1;1;23039958;010926100315940;181006328;;;;07/29/2031 00:00:00;1;13754522;01/09/2026 10:03:15;Gustavo;Soderquvist;24321855;01/09/2026 07:39:11;7636;Kevin;Arce;Gustavo Soderquvist;Kevin Arce
14109157;01/09/2026 10:03:16;3;2;0001  214730-1;14;RETIRA;2092572;"FS09    ";"FANTINI SERGIO DANIEL - DIST.GUALEGUAY            ";B. ROLDAN 2183;952637;"60-168         ";60-168 - LAVATORIO MONOC BAJO CR WAVE;2;2;2;23039958;010926100315940;181005750;;;;07/27/2031 00:00:00;2;13754522;01/09/2026 10:03:15;Gustavo;Soderquvist;24321855;01/09/2026 07:39:11;7636;Kevin;Arce;Gustavo Soderquvist;Kevin Arce
14109157;01/09/2026 10:03:16;3;2;0001  214730-1;14;RETIRA;2092572;"FS09    ";"FANTINI SERGIO DANIEL - DIST.GUALEGUAY            ";B. ROLDAN 2183;952618;"60-133         ";60-133 - LAVATORIO MONOCOMANDO LUGO;6;6;6;23039958;010926100315940;181007337;;;;07/29/2031 00:00:00;6;13754522;01/09/2026 10:03:15;Gustavo;Soderquvist;24321855;01/09/2026 07:39:11;7636;Kevin;Arce;Gustavo Soderquvist;Kevin Arce
14109157;01/09/2026 10:03:16;3;2;0001  214730-1;14;RETIRA;2092572;"FS09    ";"FANTINI SERGIO DANIEL - DIST.GUALEGUAY            ";B. ROLDAN 2183;951611;"21-160         ";"MONOCOMANDO DUO COCINA CROMO DIQUE                                    ";6;6;6;23039958;010926100315940;181004877;;;;12/14/2031 00:00:00;6;13754522;01/09/2026 10:03:15;Gustavo;Soderquvist;24321855;01/09/2026 07:39:11;7636;Kevin;Arce;Gustavo Soderquvist;Kevin Arce
14109157;01/09/2026 10:03:16;3;2;0001  214730-1;14;RETIRA;2092572;"FS09    ";"FANTINI SERGIO DANIEL - DIST.GUALEGUAY            ";B. ROLDAN 2183;951535;"20-160         ";20-160 - MONOCOMANDO MESADA COCINA DIQUE;8;8;8;23039958;010926100315940;181007130;;;;07/28/2031 00:00:00;8;13754522;01/09/2026 10:03:15;Gustavo;Soderquvist;24321855;01/09/2026 07:39:11;7636;Kevin;Arce;Gustavo Soderquvist;Kevin Arce
14109157;01/09/2026 10:03:16;3;2;0001  214730-1;14;RETIRA;2092572;"FS09    ";"FANTINI SERGIO DANIEL - DIST.GUALEGUAY            ";B. ROLDAN 2183;951528;"20-140         ";20-140 - MONOCOMANDO DE COCINA LINEA CUINA;5;5;5;23039958;010926100315940;181005251;;;;10/07/2031 00:00:00;5;13754522;01/09/2026 10:03:15;Gustavo;Soderquvist;24321855;01/09/2026 07:39:11;7636;Kevin;Arce;Gustavo Soderquvist;Kevin Arce
14109157;01/09/2026 10:03:16;3;2;0001  214730-1;14;RETIRA;2092572;"FS09    ";"FANTINI SERGIO DANIEL - DIST.GUALEGUAY            ";B. ROLDAN 2183;958249;"RU989          ";RU989 - VASO DE VIDRIO CUADRADO REPUESTO;4;4;4;23039958;010926100315940;181008835;;;;02/10/2032 00:00:00;4;13754522;01/09/2026 10:03:15;Gustavo;Soderquvist;24321855;01/09/2026 07:39:11;7636;Kevin;Arce;Gustavo Soderquvist;Kevin Arce
14109158;01/09/2026 09:04:16;3;2;0008    2873-1;14;RETIRA;2092572;"FS09    ";"FANTINI SERGIO DANIEL - DIST.GUALEGUAY            ";B. ROLDAN 2183;952862;"70-058         ";70-058 - BIDE CR C.STD MALBA;4;4;4;23040013;010926090415598;181005364;;;;10/20/2031 00:00:00;4;13753289;01/09/2026 09:04:15;Tiago;Rodriguez;24321901;01/09/2026 07:38:30;7152;Mirko;Hernandez;Tiago Rodriguez;Mirko Hernandez
14109158;01/09/2026 09:04:16;3;2;0008    2873-1;14;RETIRA;2092572;"FS09    ";"FANTINI SERGIO DANIEL - DIST.GUALEGUAY            ";B. ROLDAN 2183;952860;"70-057         ";70-057 - BIDE C.STD VERIN PLUS;5;5;5;23040013;010926090415598;181007354;;;;01/11/2032 00:00:00;5;13753289;01/09/2026 09:04:15;Tiago;Rodriguez;24321901;01/09/2026 07:38:30;7152;Mirko;Hernandez;Tiago Rodriguez;Mirko Hernandez
14109158;01/09/2026 09:04:16;3;2;0008    2873-1;14;RETIRA;2092572;"FS09    ";"FANTINI SERGIO DANIEL - DIST.GUALEGUAY            ";B. ROLDAN 2183;953210;"81-058         ";81-058 - DUCHA EMB. S/TRANSF. CR STD MALBA;2;2;2;23040013;010926090415598;181005613;;;;11/25/2031 00:00:00;2;13753289;01/09/2026 09:04:15;Tiago;Rodriguez;24321901;01/09/2026 07:38:30;7152;Mirko;Hernandez;Tiago Rodriguez;Mirko Hernandez
14109158;01/09/2026 09:04:16;3;2;0008    2873-1;14;RETIRA;2092572;"FS09    ";"FANTINI SERGIO DANIEL - DIST.GUALEGUAY            ";B. ROLDAN 2183;953432;"910/M          ";"910/M - JGO.MDA.P.CANO CROMO ""DIQUE""";6;6;6;23040013;010926090415598;181006622;;;;12/21/2031 00:00:00;6;13753289;01/09/2026 09:04:15;Tiago;Rodriguez;24321901;01/09/2026 07:38:30;7152;Mirko;Hernandez;Tiago Rodriguez;Mirko Hernandez
14109158;01/09/2026 09:04:16;3;2;0008    2873-1;14;RETIRA;2092572;"FS09    ";"FANTINI SERGIO DANIEL - DIST.GUALEGUAY            ";B. ROLDAN 2183;953445;"919/M          ";919/M - JGO.MDA.P.CANO CROMO LAZA;5;5;5;23040013;010926090415598;181006750;;;;01/31/2032 00:00:00;5;13753289;01/09/2026 09:04:15;Tiago;Rodriguez;24321901;01/09/2026 07:38:30;7152;Mirko;Hernandez;Tiago Rodriguez;Mirko Hernandez
14109158;01/09/2026 09:04:16;3;2;0008    2873-1;14;RETIRA;2092572;"FS09    ";"FANTINI SERGIO DANIEL - DIST.GUALEGUAY            ";B. ROLDAN 2183;951168;"1340           ";"QUEINOX MACHO MOVIL MH 1/2"" x 40                                      ";20;20;20;23040013;010926090415598;181009507;;;;02/09/2032 00:00:00;20;13753289;01/09/2026 09:04:15;Tiago;Rodriguez;24321901;01/09/2026 07:38:30;7152;Mirko;Hernandez;Tiago Rodriguez;Mirko Hernandez
14109158;01/09/2026 09:04:16;3;2;0008    2873-1;14;RETIRA;2092572;"FS09    ";"FANTINI SERGIO DANIEL - DIST.GUALEGUAY            ";B. ROLDAN 2183;951348;"1940           ";"1940 - QUEINOX MH 3/4"" x 40";10;10;10;23040013;010926090415598;181009640;;;;07/27/2031 00:00:00;10;13753289;01/09/2026 09:04:15;Tiago;Rodriguez;24321901;01/09/2026 07:38:30;7152;Mirko;Hernandez;Tiago Rodriguez;Mirko Hernandez
14109158;01/09/2026 09:04:16;3;2;0008    2873-1;14;RETIRA;2092572;"FS09    ";"FANTINI SERGIO DANIEL - DIST.GUALEGUAY            ";B. ROLDAN 2183;951600;"209            ";209 - LAVATORIO CROMO LAZA;5;5;5;23040013;010926090415598;181008732;;;;01/10/2032 00:00:00;5;13753289;01/09/2026 09:04:15;Tiago;Rodriguez;24321901;01/09/2026 07:38:30;7152;Mirko;Hernandez;Tiago Rodriguez;Mirko Hernandez
14109158;01/09/2026 09:04:16;3;2;0008    2873-1;14;RETIRA;2092572;"FS09    ";"FANTINI SERGIO DANIEL - DIST.GUALEGUAY            ";B. ROLDAN 2183;951957;"303            ";"303 - BIDET CROMO ""DIQUE""";4;4;4;23040013;010926090415598;181006158;;;;11/25/2031 00:00:00;4;13753289;01/09/2026 09:04:15;Tiago;Rodriguez;24321901;01/09/2026 07:38:30;7152;Mirko;Hernandez;Tiago Rodriguez;Mirko Hernandez
14109158;01/09/2026 09:04:16;3;2;0008    2873-1;14;RETIRA;2092572;"FS09    ";"FANTINI SERGIO DANIEL - DIST.GUALEGUAY            ";B. ROLDAN 2183;952267;"423            ";"423 - DUCHA EMB. C/TRANSF.CR ""DIQUE""";2;2;2;23040013;010926090415598;181006027;;;;02/03/2032 00:00:00;2;13753289;01/09/2026 09:04:15;Tiago;Rodriguez;24321901;01/09/2026 07:38:30;7152;Mirko;Hernandez;Tiago Rodriguez;Mirko Hernandez
14109158;01/09/2026 09:04:16;3;2;0008    2873-1;14;RETIRA;2092572;"FS09    ";"FANTINI SERGIO DANIEL - DIST.GUALEGUAY            ";B. ROLDAN 2183;952542;"60-002         ";60-002 - LAVATORIO RENACER;4;4;4;23040013;010926090415598;181006307;;;;07/29/2031 00:00:00;4;13753289;01/09/2026 09:04:15;Tiago;Rodriguez;24321901;01/09/2026 07:38:30;7152;Mirko;Hernandez;Tiago Rodriguez;Mirko Hernandez
14109158;01/09/2026 09:04:16;3;2;0008    2873-1;14;RETIRA;2092572;"FS09    ";"FANTINI SERGIO DANIEL - DIST.GUALEGUAY            ";B. ROLDAN 2183;952822;"70-002         ";70-002 - BIDE RENACER;2;2;2;23040013;010926090415598;181005683;;;;07/31/2031 00:00:00;2;13753289;01/09/2026 09:04:15;Tiago;Rodriguez;24321901;01/09/2026 07:38:30;7152;Mirko;Hernandez;Tiago Rodriguez;Mirko Hernandez
14109158;01/09/2026 09:04:16;3;2;0008    2873-1;14;RETIRA;2092572;"FS09    ";"FANTINI SERGIO DANIEL - DIST.GUALEGUAY            ";B. ROLDAN 2183;952583;"60-058         ";60-058 - LAVATORIO CR C.STD MALBA;6;6;6;23040013;010926090415598;181005553;;;;12/03/2031 00:00:00;6;13753289;01/09/2026 09:04:15;Tiago;Rodriguez;24321901;01/09/2026 07:38:30;7152;Mirko;Hernandez;Tiago Rodriguez;Mirko Hernandez
14109158;01/09/2026 09:04:16;3;2;0008    2873-1;14;RETIRA;2092572;"FS09    ";"FANTINI SERGIO DANIEL - DIST.GUALEGUAY            ";B. ROLDAN 2183;952582;"60-057         ";60-057 - LAVATORIO C.STD VERIN PLUS;5;5;5;23040013;010926090415598;181007276;;;;01/06/2032 00:00:00;5;13753289;01/09/2026 09:04:15;Tiago;Rodriguez;24321901;01/09/2026 07:38:30;7152;Mirko;Hernandez;Tiago Rodriguez;Mirko Hernandez
14109158;01/09/2026 09:04:16;3;2;0008    2873-1;14;RETIRA;2092572;"FS09    ";"FANTINI SERGIO DANIEL - DIST.GUALEGUAY            ";B. ROLDAN 2183;952471;"53-002         ";53-002 - COCINA PARED EXT. P.ALTO RENACER;2;2;2;23040013;010926090415598;181005785;;;;07/29/2031 00:00:00;2;13753289;01/09/2026 09:04:15;Tiago;Rodriguez;24321901;01/09/2026 07:38:30;7152;Mirko;Hernandez;Tiago Rodriguez;Mirko Hernandez
14109158;01/09/2026 09:04:16;3;2;0008    2873-1;14;RETIRA;2092572;"FS09    ";"FANTINI SERGIO DANIEL - DIST.GUALEGUAY            ";B. ROLDAN 2183;952452;"51-122         ";51-122 - MESADA BIMANDO CR C.CERAM VALENCIA;1;1;1;23040013;010926090415598;181008604;;;;01/11/2032 00:00:00;1;13753289;01/09/2026 09:04:15;Tiago;Rodriguez;24321901;01/09/2026 07:38:30;7152;Mirko;Hernandez;Tiago Rodriguez;Mirko Hernandez
14109158;01/09/2026 09:04:16;3;2;0008    2873-1;14;RETIRA;2092572;"FS09    ";"FANTINI SERGIO DANIEL - DIST.GUALEGUAY            ";B. ROLDAN 2183;952420;"51-002         ";51-002 - COCINA MESADA RENACER;2;2;2;23040013;010926090415598;181006438;;;;11/03/2031 00:00:00;2;13753289;01/09/2026 09:04:15;Tiago;Rodriguez;24321901;01/09/2026 07:38:30;7152;Mirko;Hernandez;Tiago Rodriguez;Mirko Hernandez
14109158;01/09/2026 09:04:16;3;2;0008    2873-1;14;RETIRA;2092572;"FS09    ";"FANTINI SERGIO DANIEL - DIST.GUALEGUAY            ";B. ROLDAN 2183;951568;"203            ";"203 - LAVATORIO CROMO ""DIQUE""";4;4;4;23040013;010926090415598;181005963;;;;01/11/2032 00:00:00;4;13753289;01/09/2026 09:04:15;Tiago;Rodriguez;24321901;01/09/2026 07:38:30;7152;Mirko;Hernandez;Tiago Rodriguez;Mirko Hernandez
14109158;01/09/2026 09:04:16;3;2;0008    2873-1;14;RETIRA;2092572;"FS09    ";"FANTINI SERGIO DANIEL - DIST.GUALEGUAY            ";B. ROLDAN 2183;953477;"934/CR         ";934/CR - J.PARED C/EXT CRUZ CR/CR ARES;4;4;4;23040013;010926090415598;181008918;;;;01/03/2032 00:00:00;4;13753289;01/09/2026 09:04:15;Tiago;Rodriguez;24321901;01/09/2026 07:38:30;7152;Mirko;Hernandez;Tiago Rodriguez;Mirko Hernandez
14109158;01/09/2026 09:04:16;3;2;0008    2873-1;14;RETIRA;2092572;"FS09    ";"FANTINI SERGIO DANIEL - DIST.GUALEGUAY            ";B. ROLDAN 2183;953474;"933            ";933 - JGO PARED C/EXT CR DIQUE;2;2;2;23040013;010926090415598;181009016;;;;01/07/2032 00:00:00;2;13753289;01/09/2026 09:04:15;Tiago;Rodriguez;24321901;01/09/2026 07:38:30;7152;Mirko;Hernandez;Tiago Rodriguez;Mirko Hernandez
14109158;01/09/2026 09:04:16;3;2;0008    2873-1;14;RETIRA;2092572;"FS09    ";"FANTINI SERGIO DANIEL - DIST.GUALEGUAY            ";B. ROLDAN 2183;953109;"80-166         ";"DUCHA EMB. C/TRANSF. CR C.CERAM ADRA PLUS                             ";4;4;4;23040013;010926090415598;181005058;;;;01/13/2032 00:00:00;4;13753289;01/09/2026 09:04:15;Tiago;Rodriguez;24321901;01/09/2026 07:38:30;7152;Mirko;Hernandez;Tiago Rodriguez;Mirko Hernandez
14109158;01/09/2026 09:04:16;3;2;0008    2873-1;14;RETIRA;2092572;"FS09    ";"FANTINI SERGIO DANIEL - DIST.GUALEGUAY            ";B. ROLDAN 2183;953059;"80-057         ";80-057 - DUCHA EMB. C/TRANSF. C.STD VERIN PLUS;5;5;5;23040013;010926090415598;181007474;;;;01/04/2032 00:00:00;5;13753289;01/09/2026 09:04:15;Tiago;Rodriguez;24321901;01/09/2026 07:38:30;7152;Mirko;Hernandez;Tiago Rodriguez;Mirko Hernandez
14109159;01/09/2026 08:08:09;3;2;0001  214740-1;14;RETIRA;2091857;"CO42    ";"COLADONATO FEDERICO N.-SANITARIOS CARUPA          ";AV. JUAN B. JUSTO 2476;953316;"83-176         ";83-176 - DUCHA EXT. C/TRANSF. MONOC CR RIO;1;1;1;23039892;010926080806266;181004345;;;;07/28/2031 00:00:00;1;13752094;01/09/2026 08:08:06;Agustin;Scirica;24321814;01/09/2026 07:09:58;7673;Maximo;Batista;Agustin Scirica;Maximo Batista
14109159;01/09/2026 08:08:09;3;2;0001  214740-1;14;RETIRA;2091857;"CO42    ";"COLADONATO FEDERICO N.-SANITARIOS CARUPA          ";AV. JUAN B. JUSTO 2476;953236;"81-180         ";81-180 - DUCHA EMB. S/TRANSF. MONOCOMANDO VERA;1;1;1;23039892;010926080806266;181004851;;;;01/04/2032 00:00:00;1;13752094;01/09/2026 08:08:06;Agustin;Scirica;24321814;01/09/2026 07:09:58;7673;Maximo;Batista;Agustin Scirica;Maximo Batista
14109159;01/09/2026 08:08:09;3;2;0001  214740-1;14;RETIRA;2091857;"CO42    ";"COLADONATO FEDERICO N.-SANITARIOS CARUPA          ";AV. JUAN B. JUSTO 2476;952647;"60-176         ";"LAVATORIO MONOCOMANDO BAJO CR RIO                                     ";1;1;1;23039892;010926080806266;181004440;;;;10/11/2031 00:00:00;1;13752094;01/09/2026 08:08:06;Agustin;Scirica;24321814;01/09/2026 07:09:58;7673;Maximo;Batista;Agustin Scirica;Maximo Batista
14109160;01/09/2026 10:08:55;3;2;0001  214744-1;14;RETIRA;2091829;"CO09    ";"COINGAS S.A.                                      ";CAMINO DE CINTURA 671;953334;"84-203         ";"DUCHA EXT C/COLUMNA Y TRANSF CR ADRA                                  ";1;1;1;23040094;010926100854766;181005567;;;;12/02/2031 00:00:00;1;13754698;01/09/2026 10:08:54;Tiago;Rodriguez;24321953;01/09/2026 07:20:13;7673;Maximo;Batista;Tiago Rodriguez;Maximo Batista
14109160;01/09/2026 10:08:55;3;2;0001  214744-1;14;RETIRA;2091829;"CO09    ";"COINGAS S.A.                                      ";CAMINO DE CINTURA 671;951553;"20-184         ";"MONOCOMANDO DE COCINA CR SUV                                          ";30;30;30;23040094;010926100854766;181005357;;;;10/04/2031 00:00:00;30;13754698;01/09/2026 10:08:54;Tiago;Rodriguez;24321953;01/09/2026 07:20:13;7673;Maximo;Batista;Tiago Rodriguez;Maximo Batista
14109160;01/09/2026 10:08:55;3;2;0001  214744-1;14;RETIRA;2091829;"CO09    ";"COINGAS S.A.                                      ";CAMINO DE CINTURA 671;951535;"20-160         ";20-160 - MONOCOMANDO MESADA COCINA DIQUE;24;24;24;23040094;010926100854766;181006214;;;;07/28/2031 00:00:00;24;13754698;01/09/2026 10:08:54;Tiago;Rodriguez;24321953;01/09/2026 07:20:13;7673;Maximo;Batista;Tiago Rodriguez;Maximo Batista
14109160;01/09/2026 10:08:55;3;2;0001  214744-1;14;RETIRA;2091829;"CO09    ";"COINGAS S.A.                                      ";CAMINO DE CINTURA 671;951532;"20-147         ";20-147 - MONOCOMANDO DE COCINA SWIFT;30;30;30;23040094;010926100854766;181005886;;;;07/29/2031 00:00:00;30;13754698;01/09/2026 10:08:54;Tiago;Rodriguez;24321953;01/09/2026 07:20:13;7673;Maximo;Batista;Tiago Rodriguez;Maximo Batista
14109185;01/09/2026 09:16:30;3;2;0001  214047-2;04;CAMIONETA VIE 2;2094545;"SM20    ";"SANITARIOS MORENO S.R.L.                          ";AV. VICTORICA 1024;951168;"1340           ";"QUEINOX MACHO MOVIL MH 1/2"" x 40                                      ";27;27;27;23043327;010926091629897;181029324;;;;02/09/2032 00:00:00;27;13753617;01/09/2026 09:16:29;Gustavo;Soderquvist;24325113;01/09/2026 08:55:46;6867;Javier;Lescano;Gustavo Soderquvist;Javier Lescano
14109186;01/09/2026 10:03:50;3;2;0001  214568-1;04;CAMIONETA VIE 2;2093836;"PE04    ";"PERREN Y CIA. S.A.                                ";9 DE JULIO 975;952608;"60-121         ";60-121 - LAVATORIO C.CERAM CR MARBELLA;1;1;1;23043013;010926100350285;181025006;;;;08/05/2031 00:00:00;1;13754616;01/09/2026 10:03:50;Agustin;Scirica;24324913;01/09/2026 08:44:49;6867;Javier;Lescano;Agustin Scirica;Javier Lescano
14109186;01/09/2026 10:03:50;3;2;0001  214568-1;04;CAMIONETA VIE 2;2093836;"PE04    ";"PERREN Y CIA. S.A.                                ";9 DE JULIO 975;952610;"60-122         ";60-122 - LAVATORIO C.CERAM CR VALENCIA;1;1;1;23043013;010926100350285;181025686;;;;12/10/2031 00:00:00;1;13754616;01/09/2026 10:03:50;Agustin;Scirica;24324913;01/09/2026 08:44:49;6867;Javier;Lescano;Agustin Scirica;Javier Lescano
14109186;01/09/2026 10:03:50;3;2;0001  214568-1;04;CAMIONETA VIE 2;2093836;"PE04    ";"PERREN Y CIA. S.A.                                ";9 DE JULIO 975;952714;"61-180         ";61-180 - LAVATORIO MONOCOMANDO ALTO VERA;2;2;2;23043013;010926100350285;181025547;;;;07/28/2031 00:00:00;2;13754616;01/09/2026 10:03:50;Agustin;Scirica;24324913;01/09/2026 08:44:49;6867;Javier;Lescano;Agustin Scirica;Javier Lescano
14109186;01/09/2026 10:03:50;3;2;0001  214568-1;04;CAMIONETA VIE 2;2093836;"PE04    ";"PERREN Y CIA. S.A.                                ";9 DE JULIO 975;952886;"70-121         ";70-121 - BIDE C.CERAM CR MARBELLA;1;1;1;23043013;010926100350285;181025191;;;;08/24/2031 00:00:00;1;13754616;01/09/2026 10:03:50;Agustin;Scirica;24324913;01/09/2026 08:44:49;6867;Javier;Lescano;Agustin Scirica;Javier Lescano
14109186;01/09/2026 10:03:50;3;2;0001  214568-1;04;CAMIONETA VIE 2;2093836;"PE04    ";"PERREN Y CIA. S.A.                                ";9 DE JULIO 975;952888;"70-122         ";70-122 - BIDE C.CERAM CR VALENCIA;1;1;1;23043013;010926100350285;181025724;;;;10/26/2031 00:00:00;1;13754616;01/09/2026 10:03:50;Agustin;Scirica;24324913;01/09/2026 08:44:49;6867;Javier;Lescano;Agustin Scirica;Javier Lescano
14109186;01/09/2026 10:03:50;3;2;0001  214568-1;04;CAMIONETA VIE 2;2093836;"PE04    ";"PERREN Y CIA. S.A.                                ";9 DE JULIO 975;957391;"RA002          ";RA002 - CABEZAL DERECHO CIERRE CERAMICO (FRIA);3;3;3;23043013;010926100350285;181024659;;;;02/01/2032 00:00:00;3;13754616;01/09/2026 10:03:50;Agustin;Scirica;24324913;01/09/2026 08:44:49;6867;Javier;Lescano;Agustin Scirica;Javier Lescano
14109186;01/09/2026 10:03:50;3;2;0001  214568-1;04;CAMIONETA VIE 2;2093836;"PE04    ";"PERREN Y CIA. S.A.                                ";9 DE JULIO 975;957392;"RA003          ";RA003 - CABEZAL IZQUIERDO CIERRE CERAMICO (CALIENTE);1;1;1;23043013;010926100350285;181024726;;;;09/16/2031 00:00:00;1;13754616;01/09/2026 10:03:50;Agustin;Scirica;24324913;01/09/2026 08:44:49;6867;Javier;Lescano;Agustin Scirica;Javier Lescano
14109187;01/09/2026 10:36:14;3;2;0001  214674-1;04;CAMIONETA VIE 2;2094454;"SG13    ";"SANITARIOS GAONA S.A.                             ";AV. EVA PERON 2656;951565;"20-205         ";20-205 - MONOCOMANDO DE COCINA STEEL;1;1;1;23046492;010926103613705;181050513;;;;07/28/2031 00:00:00;1;13755748;01/09/2026 10:36:13;Agustin;Scirica;24328017;01/09/2026 10:06:49;7152;Mirko;Hernandez;Agustin Scirica;Mirko Hernandez
14109187;01/09/2026 10:36:14;3;2;0001  214674-1;04;CAMIONETA VIE 2;2094454;"SG13    ";"SANITARIOS GAONA S.A.                             ";AV. EVA PERON 2656;952582;"60-057         ";60-057 - LAVATORIO C.STD VERIN PLUS;2;2;2;23046492;010926103613705;181047737;;;;01/06/2032 00:00:00;2;13755748;01/09/2026 10:36:13;Agustin;Scirica;24328017;01/09/2026 10:06:49;7152;Mirko;Hernandez;Agustin Scirica;Mirko Hernandez
14109187;01/09/2026 10:36:14;3;2;0001  214674-1;04;CAMIONETA VIE 2;2094454;"SG13    ";"SANITARIOS GAONA S.A.                             ";AV. EVA PERON 2656;952647;"60-176         ";"LAVATORIO MONOCOMANDO BAJO CR RIO                                     ";1;1;1;23046492;010926103613705;181048748;;;;10/11/2031 00:00:00;1;13755748;01/09/2026 10:36:13;Agustin;Scirica;24328017;01/09/2026 10:06:49;7152;Mirko;Hernandez;Agustin Scirica;Mirko Hernandez
14109187;01/09/2026 10:36:14;3;2;0001  214674-1;04;CAMIONETA VIE 2;2094454;"SG13    ";"SANITARIOS GAONA S.A.                             ";AV. EVA PERON 2656;952667;"60-199         ";60-199 - LAVATORIO CR C.CERAM LIVE;1;1;1;23046492;010926103613705;181048025;;;;11/16/2031 00:00:00;1;13755748;01/09/2026 10:36:13;Agustin;Scirica;24328017;01/09/2026 10:06:49;7152;Mirko;Hernandez;Agustin Scirica;Mirko Hernandez
14109187;01/09/2026 10:36:14;3;2;0001  214674-1;04;CAMIONETA VIE 2;2094454;"SG13    ";"SANITARIOS GAONA S.A.                             ";AV. EVA PERON 2656;952860;"70-057         ";70-057 - BIDE C.STD VERIN PLUS;1;1;1;23046492;010926103613705;181047647;;;;01/11/2032 00:00:00;1;13755748;01/09/2026 10:36:13;Agustin;Scirica;24328017;01/09/2026 10:06:49;7152;Mirko;Hernandez;Agustin Scirica;Mirko Hernandez
14109187;01/09/2026 10:36:14;3;2;0001  214674-1;04;CAMIONETA VIE 2;2094454;"SG13    ";"SANITARIOS GAONA S.A.                             ";AV. EVA PERON 2656;952912;"70-162         ";70-162 - BIDE CR C.CERAM LINEA ADRA;2;2;2;23046492;010926103613705;181047371;;;;07/29/2031 00:00:00;2;13755748;01/09/2026 10:36:13;Agustin;Scirica;24328017;01/09/2026 10:06:49;7152;Mirko;Hernandez;Agustin Scirica;Mirko Hernandez
14109187;01/09/2026 10:36:14;3;2;0001  214674-1;04;CAMIONETA VIE 2;2094454;"SG13    ";"SANITARIOS GAONA S.A.                             ";AV. EVA PERON 2656;953059;"80-057         ";80-057 - DUCHA EMB. C/TRANSF. C.STD VERIN PLUS;1;1;1;23046492;010926103613705;181047585;;;;01/04/2032 00:00:00;1;13755748;01/09/2026 10:36:13;Agustin;Scirica;24328017;01/09/2026 10:06:49;7152;Mirko;Hernandez;Agustin Scirica;Mirko Hernandez
14109187;01/09/2026 10:36:14;3;2;0001  214674-1;04;CAMIONETA VIE 2;2094454;"SG13    ";"SANITARIOS GAONA S.A.                             ";AV. EVA PERON 2656;953109;"80-166         ";"DUCHA EMB. C/TRANSF. CR C.CERAM ADRA PLUS                             ";1;1;1;23046492;010926103613705;181047470;;;;01/13/2032 00:00:00;1;13755748;01/09/2026 10:36:13;Agustin;Scirica;24328017;01/09/2026 10:06:49;7152;Mirko;Hernandez;Agustin Scirica;Mirko Hernandez
14109187;01/09/2026 10:36:14;3;2;0001  214674-1;04;CAMIONETA VIE 2;2094454;"SG13    ";"SANITARIOS GAONA S.A.                             ";AV. EVA PERON 2656;953148;"80-199         ";80-199 - DUCHA EMB. C/TRANSF. CR C.CERAM LIVE;1;1;1;23046492;010926103613705;181048108;;;;11/03/2031 00:00:00;1;13755748;01/09/2026 10:36:13;Agustin;Scirica;24328017;01/09/2026 10:06:49;7152;Mirko;Hernandez;Agustin Scirica;Mirko Hernandez
14109187;01/09/2026 10:36:14;3;2;0001  214674-1;04;CAMIONETA VIE 2;2094454;"SG13    ";"SANITARIOS GAONA S.A.                             ";AV. EVA PERON 2656;954226;"A1448C         ";"A1448C - CAÑO CURVO METALICO C/FLOR DE DUCHA 4"" ABS CR C/BLISTER";2;2;2;23046492;010926103613705;181048949;;;;08/13/2031 00:00:00;2;13755748;01/09/2026 10:36:13;Agustin;Scirica;24328017;01/09/2026 10:06:49;7152;Mirko;Hernandez;Agustin Scirica;Mirko Hernandez
14109187;01/09/2026 10:36:14;3;2;0001  214674-1;04;CAMIONETA VIE 2;2094454;"SG13    ";"SANITARIOS GAONA S.A.                             ";AV. EVA PERON 2656;954651;"A816           ";"A816 - DUCHA 6"" C/BRAZO Y CAMPANA CR";3;3;3;23046492;010926103613705;181049074;;;;07/27/2031 00:00:00;3;13755748;01/09/2026 10:36:13;Agustin;Scirica;24328017;01/09/2026 10:06:49;7152;Mirko;Hernandez;Agustin Scirica;Mirko Hernandez
14109187;01/09/2026 10:36:14;3;2;0001  214674-1;04;CAMIONETA VIE 2;2094454;"SG13    ";"SANITARIOS GAONA S.A.                             ";AV. EVA PERON 2656;954791;"A996           ";A996 - DUCHA 8' CUADRADA CR C/BRAZO Y CAMPANA;1;1;1;23046492;010926103613705;181049206;;;;07/29/2031 00:00:00;1;13755748;01/09/2026 10:36:13;Agustin;Scirica;24328017;01/09/2026 10:06:49;7152;Mirko;Hernandez;Agustin Scirica;Mirko Hernandez
14109187;01/09/2026 10:36:14;3;2;0001  214674-1;04;CAMIONETA VIE 2;2094454;"SG13    ";"SANITARIOS GAONA S.A.                             ";AV. EVA PERON 2656;951116;"12006          ";"SET DE 6 PIEZAS LINEA 12000                                           ";10;10;10;23046492;010926103613705;181048523;;;;07/30/2031 00:00:00;10;13755748;01/09/2026 10:36:13;Agustin;Scirica;24328017;01/09/2026 10:06:49;7152;Mirko;Hernandez;Agustin Scirica;Mirko Hernandez
14109188;01/09/2026 09:23:39;3;2;0001  214675-1;04;CAMIONETA VIE 2;2094454;"SG13    ";"SANITARIOS GAONA S.A.                             ";AV. EVA PERON 2656;951116;"12006          ";"SET DE 6 PIEZAS LINEA 12000                                           ";10;10;10;23042827;010926092335659;181024568;;;;07/30/2031 00:00:00;10;13753779;01/09/2026 09:23:35;Gustavo;Soderquvist;24324749;01/09/2026 08:46:45;7673;Maximo;Batista;Gustavo Soderquvist;Maximo Batista
14109188;01/09/2026 09:23:39;3;2;0001  214675-1;04;CAMIONETA VIE 2;2094454;"SG13    ";"SANITARIOS GAONA S.A.                             ";AV. EVA PERON 2656;952635;"60-162N        ";60-162N - LAVATORIO BLACK C.CERAM LINEA ADRA;2;2;2;23042827;010926092335659;181025294;;;;11/03/2031 00:00:00;2;13753779;01/09/2026 09:23:35;Gustavo;Soderquvist;24324749;01/09/2026 08:46:45;7673;Maximo;Batista;Gustavo Soderquvist;Maximo Batista
14109189;01/09/2026 09:25:44;3;2;0001  214680-1;04;CAMIONETA VIE 2;2092689;"GG20    ";"GRUPO GALU S.A.  - SANITARIOS MITRE               ";BELISARIO ROLDAN 2616;954377;"A1539G         ";"TAPA Y TECLA PARA VALVULA DE DESCARGA CUADRADA MINIMALISTA GOLD       ";1;1;1;23043316;010926092544206;181027322;;;;07/31/2031 00:00:00;1;13753827;01/09/2026 09:25:44;Gustavo;Soderquvist;24325215;01/09/2026 08:56:10;7673;Maximo;Batista;Gustavo Soderquvist;Maximo Batista
14109189;01/09/2026 09:25:44;3;2;0001  214680-1;04;CAMIONETA VIE 2;2092689;"GG20    ";"GRUPO GALU S.A.  - SANITARIOS MITRE               ";BELISARIO ROLDAN 2616;954382;"A1540          ";"CUERPO VALVULA DE DESAGOTE P/INODORO TECNO 02-010/011                 ";1;1;1;23043316;010926092544206;181029427;;;;07/28/2031 00:00:00;1;13753827;01/09/2026 09:25:44;Gustavo;Soderquvist;24325215;01/09/2026 08:56:10;7673;Maximo;Batista;Gustavo Soderquvist;Maximo Batista
14109190;01/09/2026 10:49:11;3;2;0001  214683-1;04;CAMIONETA VIE 2;2090966;"AA05    ";SANITARIOS ALVAREZ SOC. LEY 19550 CAP. I SECCION I;AV EVA PERON 3582;952709;"61-168N        ";61-168N - LAVATORIO MONOC ALTO BLACK WAVE;6;6;6;23045377;010926104907758;181040862;;;;07/28/2031 00:00:00;6;13755588;01/09/2026 10:49:07;Gustavo;Soderquvist;24327057;01/09/2026 09:39:52;7673;Maximo;Batista;Gustavo Soderquvist;Maximo Batista
14109190;01/09/2026 10:49:11;3;2;0001  214683-1;04;CAMIONETA VIE 2;2090966;"AA05    ";SANITARIOS ALVAREZ SOC. LEY 19550 CAP. I SECCION I;AV EVA PERON 3582;954910;"BCH09          ";BCH09 - BACHA DE APOYAR RECTANGULAR 610x410x115;2;2;2;23045377;010926104907758;181042176;;;;07/28/2031 00:00:00;2;13755588;01/09/2026 10:49:07;Gustavo;Soderquvist;24327057;01/09/2026 09:39:52;7673;Maximo;Batista;Gustavo Soderquvist;Maximo Batista
14109190;01/09/2026 10:49:11;3;2;0001  214683-1;04;CAMIONETA VIE 2;2090966;"AA05    ";SANITARIOS ALVAREZ SOC. LEY 19550 CAP. I SECCION I;AV EVA PERON 3582;954911;"BCH10          ";BCH10 - BACHA DE APOYAR NEGRO MATE 460x320x140;6;6;6;23045377;010926104907758;181041767;;;;07/28/2031 00:00:00;6;13755588;01/09/2026 10:49:07;Gustavo;Soderquvist;24327057;01/09/2026 09:39:52;7673;Maximo;Batista;Gustavo Soderquvist;Maximo Batista
14109191;01/09/2026 10:10:43;3;2;0008    2868-1;04;CAMIONETA VIE 2;2094738;"TC11    ";"TRIPOLI CARLOS L.                                 ";ALVAREZ PRADO E/MENDEZ Y STORN;951153;"1325           ";"QUEINOX MACHO MOVIL MH 1/2"" x 25                                      ";50;50;50;23043328;010926101041764;181028253;;;;02/21/2032 00:00:00;50;13755038;01/09/2026 10:10:41;Tiago;Rodriguez;24325113;01/09/2026 08:55:46;6867;Javier;Lescano;Tiago Rodriguez;Javier Lescano
14109191;01/09/2026 10:10:43;3;2;0008    2868-1;04;CAMIONETA VIE 2;2094738;"TC11    ";"TRIPOLI CARLOS L.                                 ";ALVAREZ PRADO E/MENDEZ Y STORN;951156;"1330           ";"QUEINOX MACHO MOVIL MH 1/2"" x 30                                      ";50;50;50;23043328;010926101041764;181028523;;;;02/16/2032 00:00:00;50;13755038;01/09/2026 10:10:41;Tiago;Rodriguez;24325113;01/09/2026 08:55:46;6867;Javier;Lescano;Tiago Rodriguez;Javier Lescano
14109191;01/09/2026 10:10:43;3;2;0008    2868-1;04;CAMIONETA VIE 2;2094738;"TC11    ";"TRIPOLI CARLOS L.                                 ";ALVAREZ PRADO E/MENDEZ Y STORN;951162;"1335           ";"QUEINOX MACHO MOVIL MH 1/2"" x 35                                      ";50;50;50;23043328;010926101041764;181028390;;;;02/10/2032 00:00:00;50;13755038;01/09/2026 10:10:41;Tiago;Rodriguez;24325113;01/09/2026 08:55:46;6867;Javier;Lescano;Tiago Rodriguez;Javier Lescano
14109192;01/09/2026 10:53:23;3;2;0001  214692-1;04;CAMIONETA VIE 2;2094738;"TC11    ";"TRIPOLI CARLOS L.                                 ";ALVAREZ PRADO E/MENDEZ Y STORN;951523;"20-134         ";20-134 - MONOCOMANDO COCINA BETIS;6;6;6;23047200;010926105323114;181059301;;;;08/11/2031 00:00:00;6;13756127;01/09/2026 10:53:23;Agustin;Scirica;24328678;01/09/2026 10:30:34;7636;Kevin;Arce;Agustin Scirica;Kevin Arce
14109192;01/09/2026 10:53:23;3;2;0001  214692-1;04;CAMIONETA VIE 2;2094738;"TC11    ";"TRIPOLI CARLOS L.                                 ";ALVAREZ PRADO E/MENDEZ Y STORN;951535;"20-160         ";20-160 - MONOCOMANDO MESADA COCINA DIQUE;16;16;16;23047200;010926105323114;181058981;;;;07/28/2031 00:00:00;16;13756127;01/09/2026 10:53:23;Agustin;Scirica;24328678;01/09/2026 10:30:34;7636;Kevin;Arce;Agustin Scirica;Kevin Arce
14109192;01/09/2026 10:53:23;3;2;0001  214692-1;04;CAMIONETA VIE 2;2094738;"TC11    ";"TRIPOLI CARLOS L.                                 ";ALVAREZ PRADO E/MENDEZ Y STORN;951551;"20-182N        ";20-182N - MONOCOMANDO DE COCINA MULTIFUNCION BLACK ZENITH;1;1;1;23047200;010926105323114;181058282;;;;07/30/2031 00:00:00;1;13756127;01/09/2026 10:53:23;Agustin;Scirica;24328678;01/09/2026 10:30:34;7636;Kevin;Arce;Agustin Scirica;Kevin Arce
14109192;01/09/2026 10:53:23;3;2;0001  214692-1;04;CAMIONETA VIE 2;2094738;"TC11    ";"TRIPOLI CARLOS L.                                 ";ALVAREZ PRADO E/MENDEZ Y STORN;952499;"54-203         ";"COCINA PARED EXT C.CERAM ADRA MONOCOMANDO                             ";4;4;4;23047200;010926105323114;181059646;;;;11/23/2031 00:00:00;4;13756127;01/09/2026 10:53:23;Agustin;Scirica;24328678;01/09/2026 10:30:34;7636;Kevin;Arce;Agustin Scirica;Kevin Arce
14109192;01/09/2026 10:53:23;3;2;0001  214692-1;04;CAMIONETA VIE 2;2094738;"TC11    ";"TRIPOLI CARLOS L.                                 ";ALVAREZ PRADO E/MENDEZ Y STORN;952648;"60-176N        ";"LAVATORIO MONOCOMANDO BAJO BLACK RIO                                  ";1;1;1;23047200;010926105323114;181056002;;;;07/29/2031 00:00:00;1;13756127;01/09/2026 10:53:23;Agustin;Scirica;24328678;01/09/2026 10:30:34;7636;Kevin;Arce;Agustin Scirica;Kevin Arce
14109192;01/09/2026 10:53:23;3;2;0001  214692-1;04;CAMIONETA VIE 2;2094738;"TC11    ";"TRIPOLI CARLOS L.                                 ";ALVAREZ PRADO E/MENDEZ Y STORN;952728;"61-205         ";61-205 - LAVATORIO MONOC ALTO STEEL;1;1;1;23047200;010926105323114;181052639;;;;07/28/2031 00:00:00;1;13756127;01/09/2026 10:53:23;Agustin;Scirica;24328678;01/09/2026 10:30:34;7636;Kevin;Arce;Agustin Scirica;Kevin Arce
14109192;01/09/2026 10:53:23;3;2;0001  214692-1;04;CAMIONETA VIE 2;2094738;"TC11    ";"TRIPOLI CARLOS L.                                 ";ALVAREZ PRADO E/MENDEZ Y STORN;952926;"70-176N        ";70-176N - BIDE MONOC C/TRANSF BLACK RIO;1;1;1;23047200;010926105323114;181056297;;;;11/23/2031 00:00:00;1;13756127;01/09/2026 10:53:23;Agustin;Scirica;24328678;01/09/2026 10:30:34;7636;Kevin;Arce;Agustin Scirica;Kevin Arce
14109192;01/09/2026 10:53:23;3;2;0001  214692-1;04;CAMIONETA VIE 2;2094738;"TC11    ";"TRIPOLI CARLOS L.                                 ";ALVAREZ PRADO E/MENDEZ Y STORN;953123;"80-176N        ";80-176N - DUCHA EMB C/TRANSF MONOC BLACK RIO;1;1;1;23047200;010926105323114;181056265;;;;07/27/2031 00:00:00;1;13756127;01/09/2026 10:53:23;Agustin;Scirica;24328678;01/09/2026 10:30:34;7636;Kevin;Arce;Agustin Scirica;Kevin Arce
14109193;01/09/2026 10:42:08;3;2;0001  214693-1;04;CAMIONETA VIE 2;2094713;"T1      ";"TRIPOLI ARNALDO                                   ";ALVAREZ PRADO Y MORENO;951530;"20-146         ";20-146 - MONOCOMANDO DE COCINA CR LINEA MOVE;12;12;12;23047178;010926104208075;181054781;;;;10/07/2031 00:00:00;12;13755670;01/09/2026 10:42:08;Tiago;Rodriguez;24328600;01/09/2026 10:19:20;7673;Maximo;Batista;Tiago Rodriguez;Maximo Batista
14109193;01/09/2026 10:42:08;3;2;0001  214693-1;04;CAMIONETA VIE 2;2094713;"T1      ";"TRIPOLI ARNALDO                                   ";ALVAREZ PRADO Y MORENO;952618;"60-133         ";60-133 - LAVATORIO MONOCOMANDO LUGO;6;6;6;23047178;010926104208075;181055243;;;;07/29/2031 00:00:00;6;13755670;01/09/2026 10:42:08;Tiago;Rodriguez;24328600;01/09/2026 10:19:20;7673;Maximo;Batista;Tiago Rodriguez;Maximo Batista
14109193;01/09/2026 10:42:08;3;2;0001  214693-1;04;CAMIONETA VIE 2;2094713;"T1      ";"TRIPOLI ARNALDO                                   ";ALVAREZ PRADO Y MORENO;952896;"70-133         ";70-133 - BIDE MONOCOMANDO LUGO;6;6;6;23047178;010926104208075;181054335;;;;07/30/2031 00:00:00;6;13755670;01/09/2026 10:42:08;Tiago;Rodriguez;24328600;01/09/2026 10:19:20;7673;Maximo;Batista;Tiago Rodriguez;Maximo Batista
14109193;01/09/2026 10:42:08;3;2;0001  214693-1;04;CAMIONETA VIE 2;2094713;"T1      ";"TRIPOLI ARNALDO                                   ";ALVAREZ PRADO Y MORENO;952925;"70-176         ";70-176 - BIDE MONOC C/TRANSF CR RIO;2;2;2;23047178;010926104208075;181052890;;;;11/17/2031 00:00:00;2;13755670;01/09/2026 10:42:08;Tiago;Rodriguez;24328600;01/09/2026 10:19:20;7673;Maximo;Batista;Tiago Rodriguez;Maximo Batista
14109193;01/09/2026 10:42:08;3;2;0001  214693-1;04;CAMIONETA VIE 2;2094713;"T1      ";"TRIPOLI ARNALDO                                   ";ALVAREZ PRADO Y MORENO;953316;"83-176         ";83-176 - DUCHA EXT. C/TRANSF. MONOC CR RIO;1;1;1;23047178;010926104208075;181053325;;;;07/28/2031 00:00:00;1;13755670;01/09/2026 10:42:08;Tiago;Rodriguez;24328600;01/09/2026 10:19:20;7673;Maximo;Batista;Tiago Rodriguez;Maximo Batista
14109194;01/09/2026 10:29:30;3;2;0001  214697-1;04;CAMIONETA VIE 2;2093558;"MN04    ";"MATERIALES C. NUCIARI SRL                         ";ACC OESTE KM 44 PTE GORRITI;951532;"20-147         ";20-147 - MONOCOMANDO DE COCINA SWIFT;10;10;10;23046053;010926102929496;181047526;;;;07/29/2031 00:00:00;10;13755395;01/09/2026 10:29:29;Gustavo;Soderquvist;24327615;01/09/2026 10:04:40;7636;Kevin;Arce;Gustavo Soderquvist;Kevin Arce
14109194;01/09/2026 10:29:30;3;2;0001  214697-1;04;CAMIONETA VIE 2;2093558;"MN04    ";"MATERIALES C. NUCIARI SRL                         ";ACC OESTE KM 44 PTE GORRITI;951563;"20-202NI       ";20-202NI - MONOCOMANDO COCINA NICKEL HOOP;1;1;1;23046053;010926102929496;181046858;;;;07/29/2031 00:00:00;1;13755395;01/09/2026 10:29:29;Gustavo;Soderquvist;24327615;01/09/2026 10:04:40;7636;Kevin;Arce;Gustavo Soderquvist;Kevin Arce
14109194;01/09/2026 10:29:30;3;2;0001  214697-1;04;CAMIONETA VIE 2;2093558;"MN04    ";"MATERIALES C. NUCIARI SRL                         ";ACC OESTE KM 44 PTE GORRITI;951611;"21-160         ";"MONOCOMANDO DUO COCINA CROMO DIQUE                                    ";10;10;10;23046053;010926102929496;181046268;;;;12/14/2031 00:00:00;10;13755395;01/09/2026 10:29:29;Gustavo;Soderquvist;24327615;01/09/2026 10:04:40;7636;Kevin;Arce;Gustavo Soderquvist;Kevin Arce
14109194;01/09/2026 10:29:30;3;2;0001  214697-1;04;CAMIONETA VIE 2;2093558;"MN04    ";"MATERIALES C. NUCIARI SRL                         ";ACC OESTE KM 44 PTE GORRITI;952453;"51-131         ";51-131 - MESADA BIMANDO CR C.CERAM MALLORCA;4;4;4;23046053;010926102929496;181049900;;;;01/11/2032 00:00:00;4;13755395;01/09/2026 10:29:29;Gustavo;Soderquvist;24327615;01/09/2026 10:04:40;7636;Kevin;Arce;Gustavo Soderquvist;Kevin Arce
14109194;01/09/2026 10:29:30;3;2;0001  214697-1;04;CAMIONETA VIE 2;2093558;"MN04    ";"MATERIALES C. NUCIARI SRL                         ";ACC OESTE KM 44 PTE GORRITI;953346;"85-168         ";85-168 - DUCHA MONOC C/TRANSF Y DUCHADOR CR WAVE;8;8;8;23046053;010926102929496;181049081;;;;01/13/2032 00:00:00;8;13755395;01/09/2026 10:29:29;Gustavo;Soderquvist;24327615;01/09/2026 10:04:40;7636;Kevin;Arce;Gustavo Soderquvist;Kevin Arce
14109195;01/09/2026 09:53:14;3;2;0001  214698-1;04;CAMIONETA VIE 2;2092689;"GG20    ";"GRUPO GALU S.A.  - SANITARIOS MITRE               ";BELISARIO ROLDAN 2616;951258;"16006          ";16006 - SET 6 PIEZAS ACCESORIOS LINEA 16000;2;2;2;23043058;010926095314483;181029474;;;;07/29/2031 00:00:00;2;13754505;01/09/2026 09:53:14;Agustin;Scirica;24324959;01/09/2026 08:57:16;7636;Kevin;Arce;Agustin Scirica;Kevin Arce
14109196;01/09/2026 11:52:28;3;2;0008    2869-1;04;CAMIONETA VIE 2;2094738;"TC11    ";"TRIPOLI CARLOS L.                                 ";ALVAREZ PRADO E/MENDEZ Y STORN;957845;"RA704C         ";RA704C - VOLANTE ARES / CELEBRITY CROMO;15;15;15;23043767;010926115227943;181043533;;;;11/16/2031 00:00:00;15;13755979;01/09/2026 11:52:27;Maximiliano;Nievas;24325595;01/09/2026 09:49:16;7152;Mirko;Hernandez;Maximiliano Nievas;Mirko Hernandez
14109196;01/09/2026 11:52:28;3;2;0008    2869-1;04;CAMIONETA VIE 2;2094738;"TC11    ";"TRIPOLI CARLOS L.                                 ";ALVAREZ PRADO E/MENDEZ Y STORN;957912;"RA875          ";RA875 - 10 TUBOS CONEXION P/ BIDET;16;16;16;23043767;010926115227943;181043855;;;;08/02/2031 00:00:00;16;13755979;01/09/2026 11:52:27;Maximiliano;Nievas;24325595;01/09/2026 09:49:16;7152;Mirko;Hernandez;Maximiliano Nievas;Mirko Hernandez
14109196;01/09/2026 11:52:28;3;2;0008    2869-1;04;CAMIONETA VIE 2;2094738;"TC11    ";"TRIPOLI CARLOS L.                                 ";ALVAREZ PRADO E/MENDEZ Y STORN;957654;"RA1322         ";RA1322 - LATERAL LAV / BIDE C.CERAM DERECHO;2;2;2;23043767;010926115227943;181040573;;;;08/02/2031 00:00:00;2;13755979;01/09/2026 11:52:27;Maximiliano;Nievas;24325595;01/09/2026 09:49:16;7152;Mirko;Hernandez;Maximiliano Nievas;Mirko Hernandez
14109196;01/09/2026 11:52:28;3;2;0008    2869-1;04;CAMIONETA VIE 2;2094738;"TC11    ";"TRIPOLI CARLOS L.                                 ";ALVAREZ PRADO E/MENDEZ Y STORN;957655;"RA1323         ";RA1323 - LATERAL LAV / BIDE C.CERAM IZQUIERDO;1;1;1;23043767;010926115227943;181040762;;;;08/02/2031 00:00:00;1;13755979;01/09/2026 11:52:27;Maximiliano;Nievas;24325595;01/09/2026 09:49:16;7152;Mirko;Hernandez;Maximiliano Nievas;Mirko Hernandez
14109196;01/09/2026 11:52:28;3;2;0008    2869-1;04;CAMIONETA VIE 2;2094738;"TC11    ";"TRIPOLI CARLOS L.                                 ";ALVAREZ PRADO E/MENDEZ Y STORN;957720;"RA1425         ";RA1425 - SUBC PICO BAÑERA PLASTICO;6;6;6;23043767;010926115227943;181044056;;;;08/02/2031 00:00:00;6;13755979;01/09/2026 11:52:27;Maximiliano;Nievas;24325595;01/09/2026 09:49:16;7152;Mirko;Hernandez;Maximiliano Nievas;Mirko Hernandez
14109196;01/09/2026 11:52:28;3;2;0008    2869-1;04;CAMIONETA VIE 2;2094738;"TC11    ";"TRIPOLI CARLOS L.                                 ";ALVAREZ PRADO E/MENDEZ Y STORN;957844;"RA704B         ";"VOLANTE ARES BLANCO COMPLETO                                          ";3;3;3;23043767;010926115227943;181041225;;;;07/31/2031 00:00:00;3;13755979;01/09/2026 11:52:27;Maximiliano;Nievas;24325595;01/09/2026 09:49:16;7152;Mirko;Hernandez;Maximiliano Nievas;Mirko Hernandez
14109196;01/09/2026 11:52:28;3;2;0008    2869-1;04;CAMIONETA VIE 2;2094738;"TC11    ";"TRIPOLI CARLOS L.                                 ";ALVAREZ PRADO E/MENDEZ Y STORN;952452;"51-122         ";51-122 - MESADA BIMANDO CR C.CERAM VALENCIA;1;1;1;23043767;010926115227943;181035629;;;;01/11/2032 00:00:00;1;13755979;01/09/2026 11:52:27;Maximiliano;Nievas;24325595;01/09/2026 09:49:16;7152;Mirko;Hernandez;Maximiliano Nievas;Mirko Hernandez
14109196;01/09/2026 11:52:28;3;2;0008    2869-1;04;CAMIONETA VIE 2;2094738;"TC11    ";"TRIPOLI CARLOS L.                                 ";ALVAREZ PRADO E/MENDEZ Y STORN;952477;"53-010         ";53-010 - COCINA PARED EXT. P.ALTO BL/CR LORCA;2;2;2;23043767;010926115227943;181033447;;;;11/29/2031 00:00:00;2;13755979;01/09/2026 11:52:27;Maximiliano;Nievas;24325595;01/09/2026 09:49:16;7152;Mirko;Hernandez;Maximiliano Nievas;Mirko Hernandez
14109196;01/09/2026 11:52:28;3;2;0008    2869-1;04;CAMIONETA VIE 2;2094738;"TC11    ";"TRIPOLI CARLOS L.                                 ";ALVAREZ PRADO E/MENDEZ Y STORN;952541;"60-001N        ";"60-001N - LAVATORIO ""CROMO Y""";1;1;1;23043767;010926115227943;181036657;;;;07/29/2031 00:00:00;1;13755979;01/09/2026 11:52:27;Maximiliano;Nievas;24325595;01/09/2026 09:49:16;7152;Mirko;Hernandez;Maximiliano Nievas;Mirko Hernandez
14109196;01/09/2026 11:52:28;3;2;0008    2869-1;04;CAMIONETA VIE 2;2094738;"TC11    ";"TRIPOLI CARLOS L.                                 ";ALVAREZ PRADO E/MENDEZ Y STORN;952577;"60-045         ";60-045 - LAVATORIO CR/CR C.STD CRUZ;2;2;2;23043767;010926115227943;181036499;;;;01/24/2032 00:00:00;2;13755979;01/09/2026 11:52:27;Maximiliano;Nievas;24325595;01/09/2026 09:49:16;7152;Mirko;Hernandez;Maximiliano Nievas;Mirko Hernandez
14109196;01/09/2026 11:52:28;3;2;0008    2869-1;04;CAMIONETA VIE 2;2094738;"TC11    ";"TRIPOLI CARLOS L.                                 ";ALVAREZ PRADO E/MENDEZ Y STORN;952582;"60-057         ";60-057 - LAVATORIO C.STD VERIN PLUS;12;12;12;23043767;010926115227943;181032433;;;;01/06/2032 00:00:00;12;13755979;01/09/2026 11:52:27;Maximiliano;Nievas;24325595;01/09/2026 09:49:16;7152;Mirko;Hernandez;Maximiliano Nievas;Mirko Hernandez
14109196;01/09/2026 11:52:28;3;2;0008    2869-1;04;CAMIONETA VIE 2;2094738;"TC11    ";"TRIPOLI CARLOS L.                                 ";ALVAREZ PRADO E/MENDEZ Y STORN;952610;"60-122         ";60-122 - LAVATORIO C.CERAM CR VALENCIA;2;2;2;23043767;010926115227943;181035436;;;;12/10/2031 00:00:00;2;13755979;01/09/2026 11:52:27;Maximiliano;Nievas;24325595;01/09/2026 09:49:16;7152;Mirko;Hernandez;Maximiliano Nievas;Mirko Hernandez
14109196;01/09/2026 11:52:28;3;2;0008    2869-1;04;CAMIONETA VIE 2;2094738;"TC11    ";"TRIPOLI CARLOS L.                                 ";ALVAREZ PRADO E/MENDEZ Y STORN;952634;"60-162         ";60-162 - LAVATORIO CR C.CERAM LINEA ADRA;3;3;3;23043767;010926115227943;181031836;;;;07/29/2031 00:00:00;3;13755979;01/09/2026 11:52:27;Maximiliano;Nievas;24325595;01/09/2026 09:49:16;7152;Mirko;Hernandez;Maximiliano Nievas;Mirko Hernandez
14109196;01/09/2026 11:52:28;3;2;0008    2869-1;04;CAMIONETA VIE 2;2094738;"TC11    ";"TRIPOLI CARLOS L.                                 ";ALVAREZ PRADO E/MENDEZ Y STORN;952635;"60-162N        ";60-162N - LAVATORIO BLACK C.CERAM LINEA ADRA;2;2;2;23043767;010926115227943;181035261;;;;11/03/2031 00:00:00;2;13755979;01/09/2026 11:52:27;Maximiliano;Nievas;24325595;01/09/2026 09:49:16;7152;Mirko;Hernandez;Maximiliano Nievas;Mirko Hernandez
14109196;01/09/2026 11:52:28;3;2;0008    2869-1;04;CAMIONETA VIE 2;2094738;"TC11    ";"TRIPOLI CARLOS L.                                 ";ALVAREZ PRADO E/MENDEZ Y STORN;952831;"70-010         ";70-010 - BIDE BL/CR LORCA;2;2;2;23043767;010926115227943;181032080;;;;12/08/2031 00:00:00;2;13755979;01/09/2026 11:52:27;Maximiliano;Nievas;24325595;01/09/2026 09:49:16;7152;Mirko;Hernandez;Maximiliano Nievas;Mirko Hernandez
14109196;01/09/2026 11:52:28;3;2;0008    2869-1;04;CAMIONETA VIE 2;2094738;"TC11    ";"TRIPOLI CARLOS L.                                 ";ALVAREZ PRADO E/MENDEZ Y STORN;952860;"70-057         ";70-057 - BIDE C.STD VERIN PLUS;10;10;10;23043767;010926115227943;181032836;;;;01/11/2032 00:00:00;10;13755979;01/09/2026 11:52:27;Maximiliano;Nievas;24325595;01/09/2026 09:49:16;7152;Mirko;Hernandez;Maximiliano Nievas;Mirko Hernandez
14109196;01/09/2026 11:52:28;3;2;0008    2869-1;04;CAMIONETA VIE 2;2094738;"TC11    ";"TRIPOLI CARLOS L.                                 ";ALVAREZ PRADO E/MENDEZ Y STORN;952888;"70-122         ";70-122 - BIDE C.CERAM CR VALENCIA;1;1;1;23043767;010926115227943;181035534;;;;10/26/2031 00:00:00;1;13755979;01/09/2026 11:52:27;Maximiliano;Nievas;24325595;01/09/2026 09:49:16;7152;Mirko;Hernandez;Maximiliano Nievas;Mirko Hernandez
14109196;01/09/2026 11:52:28;3;2;0008    2869-1;04;CAMIONETA VIE 2;2094738;"TC11    ";"TRIPOLI CARLOS L.                                 ";ALVAREZ PRADO E/MENDEZ Y STORN;952912;"70-162         ";70-162 - BIDE CR C.CERAM LINEA ADRA;1;1;1;23043767;010926115227943;181031939;;;;07/29/2031 00:00:00;1;13755979;01/09/2026 11:52:27;Maximiliano;Nievas;24325595;01/09/2026 09:49:16;7152;Mirko;Hernandez;Maximiliano Nievas;Mirko Hernandez
14109196;01/09/2026 11:52:28;3;2;0008    2869-1;04;CAMIONETA VIE 2;2094738;"TC11    ";"TRIPOLI CARLOS L.                                 ";ALVAREZ PRADO E/MENDEZ Y STORN;952913;"70-162N        ";70-162N - BIDE BLACK C.CERAM LINEA ADRA;1;1;1;23043767;010926115227943;181035859;;;;12/08/2031 00:00:00;1;13755979;01/09/2026 11:52:27;Maximiliano;Nievas;24325595;01/09/2026 09:49:16;7152;Mirko;Hernandez;Maximiliano Nievas;Mirko Hernandez
14109196;01/09/2026 11:52:28;3;2;0008    2869-1;04;CAMIONETA VIE 2;2094738;"TC11    ";"TRIPOLI CARLOS L.                                 ";ALVAREZ PRADO E/MENDEZ Y STORN;953059;"80-057         ";80-057 - DUCHA EMB. C/TRANSF. C.STD VERIN PLUS;10;10;10;23043767;010926115227943;181033149;;;;01/04/2032 00:00:00;10;13755979;01/09/2026 11:52:27;Maximiliano;Nievas;24325595;01/09/2026 09:49:16;7152;Mirko;Hernandez;Maximiliano Nievas;Mirko Hernandez
14109196;01/09/2026 11:52:28;3;2;0008    2869-1;04;CAMIONETA VIE 2;2094738;"TC11    ";"TRIPOLI CARLOS L.                                 ";ALVAREZ PRADO E/MENDEZ Y STORN;953083;"80-122         ";80-122 - DUCHA EMB.C/TRANSF. C.CERAM CR VALENCIA;1;1;1;23043767;010926115227943;181035498;;;;07/31/2031 00:00:00;1;13755979;01/09/2026 11:52:27;Maximiliano;Nievas;24325595;01/09/2026 09:49:16;7152;Mirko;Hernandez;Maximiliano Nievas;Mirko Hernandez
14109196;01/09/2026 11:52:28;3;2;0008    2869-1;04;CAMIONETA VIE 2;2094738;"TC11    ";"TRIPOLI CARLOS L.                                 ";ALVAREZ PRADO E/MENDEZ Y STORN;953110;"80-166N        ";80-166N - DUCHA EMB. C/TRANSF. BLACK C.CERAM ADRA PLUS;1;1;1;23043767;010926115227943;181035778;;;;11/25/2031 00:00:00;1;13755979;01/09/2026 11:52:27;Maximiliano;Nievas;24325595;01/09/2026 09:49:16;7152;Mirko;Hernandez;Maximiliano Nievas;Mirko Hernandez
14109196;01/09/2026 11:52:28;3;2;0008    2869-1;04;CAMIONETA VIE 2;2094738;"TC11    ";"TRIPOLI CARLOS L.                                 ";ALVAREZ PRADO E/MENDEZ Y STORN;953244;"814/CRC        ";814/CRC - MESADA P.FUNDIDO CR/CR C.CERAM. ARES;2;2;2;23043767;010926115227943;181037443;;;;02/16/2032 00:00:00;2;13755979;01/09/2026 11:52:27;Maximiliano;Nievas;24325595;01/09/2026 09:49:16;7152;Mirko;Hernandez;Maximiliano Nievas;Mirko Hernandez
14109196;01/09/2026 11:52:28;3;2;0008    2869-1;04;CAMIONETA VIE 2;2094738;"TC11    ";"TRIPOLI CARLOS L.                                 ";ALVAREZ PRADO E/MENDEZ Y STORN;953283;"83-010         ";83-010 - DUCHA EXT. C/TRANSF. BL/CR LORCA;1;1;1;23043767;010926115227943;181038566;;;;01/24/2032 00:00:00;1;13755979;01/09/2026 11:52:27;Maximiliano;Nievas;24325595;01/09/2026 09:49:16;7152;Mirko;Hernandez;Maximiliano Nievas;Mirko Hernandez
14109196;01/09/2026 11:52:28;3;2;0008    2869-1;04;CAMIONETA VIE 2;2094738;"TC11    ";"TRIPOLI CARLOS L.                                 ";ALVAREZ PRADO E/MENDEZ Y STORN;953432;"910/M          ";"910/M - JGO.MDA.P.CANO CROMO ""DIQUE""";6;6;6;23043767;010926115227943;181034122;;;;12/21/2031 00:00:00;6;13755979;01/09/2026 11:52:27;Maximiliano;Nievas;24325595;01/09/2026 09:49:16;7152;Mirko;Hernandez;Maximiliano Nievas;Mirko Hernandez
14109196;01/09/2026 11:52:28;3;2;0008    2869-1;04;CAMIONETA VIE 2;2094738;"TC11    ";"TRIPOLI CARLOS L.                                 ";ALVAREZ PRADO E/MENDEZ Y STORN;953437;"914/CR         ";914/CR - JGO.MDA.P.CAÑO CR ARES;2;2;2;23043767;010926115227943;181037661;;;;01/13/2032 00:00:00;2;13755979;01/09/2026 11:52:27;Maximiliano;Nievas;24325595;01/09/2026 09:49:16;7152;Mirko;Hernandez;Maximiliano Nievas;Mirko Hernandez
14109196;01/09/2026 11:52:28;3;2;0008    2869-1;04;CAMIONETA VIE 2;2094738;"TC11    ";"TRIPOLI CARLOS L.                                 ";ALVAREZ PRADO E/MENDEZ Y STORN;953445;"919/M          ";919/M - JGO.MDA.P.CANO CROMO LAZA;1;1;1;23043767;010926115227943;181033991;;;;01/31/2032 00:00:00;1;13755979;01/09/2026 11:52:27;Maximiliano;Nievas;24325595;01/09/2026 09:49:16;7152;Mirko;Hernandez;Maximiliano Nievas;Mirko Hernandez
14109196;01/09/2026 11:52:28;3;2;0008    2869-1;04;CAMIONETA VIE 2;2094738;"TC11    ";"TRIPOLI CARLOS L.                                 ";ALVAREZ PRADO E/MENDEZ Y STORN;953474;"933            ";933 - JGO PARED C/EXT CR DIQUE;5;5;5;23043767;010926115227943;181038155;;;;01/07/2032 00:00:00;5;13755979;01/09/2026 11:52:27;Maximiliano;Nievas;24325595;01/09/2026 09:49:16;7152;Mirko;Hernandez;Maximiliano Nievas;Mirko Hernandez
14109196;01/09/2026 11:52:28;3;2;0008    2869-1;04;CAMIONETA VIE 2;2094738;"TC11    ";"TRIPOLI CARLOS L.                                 ";ALVAREZ PRADO E/MENDEZ Y STORN;953487;"939            ";939 - JGO.COCINA C/EXTENSIBLE CR LAZA;2;2;2;23043767;010926115227943;181036297;;;;12/29/2031 00:00:00;2;13755979;01/09/2026 11:52:27;Maximiliano;Nievas;24325595;01/09/2026 09:49:16;7152;Mirko;Hernandez;Maximiliano Nievas;Mirko Hernandez
14109196;01/09/2026 11:52:28;3;2;0008    2869-1;04;CAMIONETA VIE 2;2094738;"TC11    ";"TRIPOLI CARLOS L.                                 ";ALVAREZ PRADO E/MENDEZ Y STORN;954227;"A1449C         ";A1449C - DUCHADOR MULTIFUNCION CROMO C/BLISTER;3;3;3;23043767;010926115227943;181045503;;;;07/27/2031 00:00:00;3;13755979;01/09/2026 11:52:27;Maximiliano;Nievas;24325595;01/09/2026 09:49:16;7152;Mirko;Hernandez;Maximiliano Nievas;Mirko Hernandez
14109196;01/09/2026 11:52:28;3;2;0008    2869-1;04;CAMIONETA VIE 2;2094738;"TC11    ";"TRIPOLI CARLOS L.                                 ";ALVAREZ PRADO E/MENDEZ Y STORN;954649;"A814           ";A814 - DUCHA C/BRAZO Y CAMPANA CR;5;5;5;23043767;010926115227943;181038778;;;;08/13/2031 00:00:00;5;13755979;01/09/2026 11:52:27;Maximiliano;Nievas;24325595;01/09/2026 09:49:16;7152;Mirko;Hernandez;Maximiliano Nievas;Mirko Hernandez
14109196;01/09/2026 11:52:28;3;2;0008    2869-1;04;CAMIONETA VIE 2;2094738;"TC11    ";"TRIPOLI CARLOS L.                                 ";ALVAREZ PRADO E/MENDEZ Y STORN;956036;"F1342          ";"F1342 - JUEGO DE 2 FLEXIBLES 1/2"" x 40 cm AC.INOX.P/ MONOCOMANDO";15;15;15;23043767;010926115227943;181041114;;;;02/02/2032 00:00:00;15;13755979;01/09/2026 11:52:27;Maximiliano;Nievas;24325595;01/09/2026 09:49:16;7152;Mirko;Hernandez;Maximiliano Nievas;Mirko Hernandez
14109196;01/09/2026 11:52:28;3;2;0008    2869-1;04;CAMIONETA VIE 2;2094738;"TC11    ";"TRIPOLI CARLOS L.                                 ";ALVAREZ PRADO E/MENDEZ Y STORN;956496;"LG04C60        ";LG04C60 - LAVATORIO CR C.CERAM DAVOS;2;2;2;23043767;010926115227943;181039769;;;;07/29/2031 00:00:00;2;13755979;01/09/2026 11:52:27;Maximiliano;Nievas;24325595;01/09/2026 09:49:16;7152;Mirko;Hernandez;Maximiliano Nievas;Mirko Hernandez
14109196;01/09/2026 11:52:28;3;2;0008    2869-1;04;CAMIONETA VIE 2;2094738;"TC11    ";"TRIPOLI CARLOS L.                                 ";ALVAREZ PRADO E/MENDEZ Y STORN;956498;"LG04C80        ";LG04C80 - DUCHA EMB. C/TRANSF. CR C.CERAM DAVOS;2;2;2;23043767;010926115227943;181039850;;;;07/29/2031 00:00:00;2;13755979;01/09/2026 11:52:27;Maximiliano;Nievas;24325595;01/09/2026 09:49:16;7152;Mirko;Hernandez;Maximiliano Nievas;Mirko Hernandez
14109196;01/09/2026 11:52:28;3;2;0008    2869-1;04;CAMIONETA VIE 2;2094738;"TC11    ";"TRIPOLI CARLOS L.                                 ";ALVAREZ PRADO E/MENDEZ Y STORN;957390;"RA001          ";RA001 - CABEZAL STD NO ASCENDENTE;30;30;30;23043767;010926115227943;181042094;;;;11/22/2031 00:00:00;30;13755979;01/09/2026 11:52:27;Maximiliano;Nievas;24325595;01/09/2026 09:49:16;7152;Mirko;Hernandez;Maximiliano Nievas;Mirko Hernandez
14109196;01/09/2026 11:52:28;3;2;0008    2869-1;04;CAMIONETA VIE 2;2094738;"TC11    ";"TRIPOLI CARLOS L.                                 ";ALVAREZ PRADO E/MENDEZ Y STORN;957391;"RA002          ";RA002 - CABEZAL DERECHO CIERRE CERAMICO (FRIA);5;5;5;23043767;010926115227943;181042643;;;;02/01/2032 00:00:00;5;13755979;01/09/2026 11:52:27;Maximiliano;Nievas;24325595;01/09/2026 09:49:16;7152;Mirko;Hernandez;Maximiliano Nievas;Mirko Hernandez
14109196;01/09/2026 11:52:28;3;2;0008    2869-1;04;CAMIONETA VIE 2;2094738;"TC11    ";"TRIPOLI CARLOS L.                                 ";ALVAREZ PRADO E/MENDEZ Y STORN;957392;"RA003          ";RA003 - CABEZAL IZQUIERDO CIERRE CERAMICO (CALIENTE);5;5;5;23043767;010926115227943;181042897;;;;09/16/2031 00:00:00;5;13755979;01/09/2026 11:52:27;Maximiliano;Nievas;24325595;01/09/2026 09:49:16;7152;Mirko;Hernandez;Maximiliano Nievas;Mirko Hernandez
14109196;01/09/2026 11:52:28;3;2;0008    2869-1;04;CAMIONETA VIE 2;2094738;"TC11    ";"TRIPOLI CARLOS L.                                 ";ALVAREZ PRADO E/MENDEZ Y STORN;957393;"RA004          ";RA004 - CABEZAL P/TRANSF. BIDET Y DUCHA EMBUTIR;10;10;10;23043767;010926115227943;181043216;;;;07/31/2031 00:00:00;10;13755979;01/09/2026 11:52:27;Maximiliano;Nievas;24325595;01/09/2026 09:49:16;7152;Mirko;Hernandez;Maximiliano Nievas;Mirko Hernandez
14109196;01/09/2026 11:52:28;3;2;0008    2869-1;04;CAMIONETA VIE 2;2094738;"TC11    ";"TRIPOLI CARLOS L.                                 ";ALVAREZ PRADO E/MENDEZ Y STORN;951341;"1930           ";"1930 - QUEINOX MH 3/4"" x 30";6;6;6;23043767;010926115227943;181044829;;;;07/31/2031 00:00:00;6;13755979;01/09/2026 11:52:27;Maximiliano;Nievas;24325595;01/09/2026 09:49:16;7152;Mirko;Hernandez;Maximiliano Nievas;Mirko Hernandez
14109196;01/09/2026 11:52:28;3;2;0008    2869-1;04;CAMIONETA VIE 2;2094738;"TC11    ";"TRIPOLI CARLOS L.                                 ";ALVAREZ PRADO E/MENDEZ Y STORN;951345;"1935           ";"1935 - QUEINOX MH 3/4"" x 35";10;10;10;23043767;010926115227943;181045035;;;;07/31/2031 00:00:00;10;13755979;01/09/2026 11:52:27;Maximiliano;Nievas;24325595;01/09/2026 09:49:16;7152;Mirko;Hernandez;Maximiliano Nievas;Mirko Hernandez
14109196;01/09/2026 11:52:28;3;2;0008    2869-1;04;CAMIONETA VIE 2;2094738;"TC11    ";"TRIPOLI CARLOS L.                                 ";ALVAREZ PRADO E/MENDEZ Y STORN;951348;"1940           ";"1940 - QUEINOX MH 3/4"" x 40";6;6;6;23043767;010926115227943;181045145;;;;07/27/2031 00:00:00;6;13755979;01/09/2026 11:52:27;Maximiliano;Nievas;24325595;01/09/2026 09:49:16;7152;Mirko;Hernandez;Maximiliano Nievas;Mirko Hernandez
14109196;01/09/2026 11:52:28;3;2;0008    2869-1;04;CAMIONETA VIE 2;2094738;"TC11    ";"TRIPOLI CARLOS L.                                 ";ALVAREZ PRADO E/MENDEZ Y STORN;951568;"203            ";"203 - LAVATORIO CROMO ""DIQUE""";3;3;3;23043767;010926115227943;181034593;;;;01/11/2032 00:00:00;3;13755979;01/09/2026 11:52:27;Maximiliano;Nievas;24325595;01/09/2026 09:49:16;7152;Mirko;Hernandez;Maximiliano Nievas;Mirko Hernandez
14109196;01/09/2026 11:52:28;3;2;0008    2869-1;04;CAMIONETA VIE 2;2094738;"TC11    ";"TRIPOLI CARLOS L.                                 ";ALVAREZ PRADO E/MENDEZ Y STORN;951620;"214/CR         ";214/CR - LAVATORIO CR/CR ARES;5;5;5;23043767;010926115227943;181036987;;;;01/11/2032 00:00:00;5;13755979;01/09/2026 11:52:27;Maximiliano;Nievas;24325595;01/09/2026 09:49:16;7152;Mirko;Hernandez;Maximiliano Nievas;Mirko Hernandez
14109196;01/09/2026 11:52:28;3;2;0008    2869-1;04;CAMIONETA VIE 2;2094738;"TC11    ";"TRIPOLI CARLOS L.                                 ";ALVAREZ PRADO E/MENDEZ Y STORN;951957;"303            ";"303 - BIDET CROMO ""DIQUE""";3;3;3;23043767;010926115227943;181034752;;;;11/25/2031 00:00:00;3;13755979;01/09/2026 11:52:27;Maximiliano;Nievas;24325595;01/09/2026 09:49:16;7152;Mirko;Hernandez;Maximiliano Nievas;Mirko Hernandez
14109196;01/09/2026 11:52:28;3;2;0008    2869-1;04;CAMIONETA VIE 2;2094738;"TC11    ";"TRIPOLI CARLOS L.                                 ";ALVAREZ PRADO E/MENDEZ Y STORN;952028;"314/CR         ";314/CR - BIDE CROMO ARES;5;5;5;23043767;010926115227943;181037183;;;;01/11/2032 00:00:00;5;13755979;01/09/2026 11:52:27;Maximiliano;Nievas;24325595;01/09/2026 09:49:16;7152;Mirko;Hernandez;Maximiliano Nievas;Mirko Hernandez
14109196;01/09/2026 11:52:28;3;2;0008    2869-1;04;CAMIONETA VIE 2;2094738;"TC11    ";"TRIPOLI CARLOS L.                                 ";ALVAREZ PRADO E/MENDEZ Y STORN;952217;"403            ";403 - DUCHA EXT. C/TRANSF.CR DIQUE;3;3;3;23043767;010926115227943;181039548;;;;01/25/2032 00:00:00;2;13755979;01/09/2026 11:52:27;Maximiliano;Nievas;24325595;01/09/2026 09:49:16;7152;Mirko;Hernandez;Maximiliano Nievas;Mirko Hernandez
14109196;01/09/2026 11:52:28;3;2;0008    2869-1;04;CAMIONETA VIE 2;2094738;"TC11    ";"TRIPOLI CARLOS L.                                 ";ALVAREZ PRADO E/MENDEZ Y STORN;952267;"423            ";"423 - DUCHA EMB. C/TRANSF.CR ""DIQUE""";5;5;5;23043767;010926115227943;181034438;;;;02/03/2032 00:00:00;5;13755979;01/09/2026 11:52:27;Maximiliano;Nievas;24325595;01/09/2026 09:49:16;7152;Mirko;Hernandez;Maximiliano Nievas;Mirko Hernandez
14109196;01/09/2026 11:52:28;3;2;0008    2869-1;04;CAMIONETA VIE 2;2094738;"TC11    ";"TRIPOLI CARLOS L.                                 ";ALVAREZ PRADO E/MENDEZ Y STORN;952426;"51-010         ";51-010 - COCINA MESADA BL/CR LORCA;3;3;3;23043767;010926115227943;181033671;;;;01/03/2032 00:00:00;3;13755979;01/09/2026 11:52:27;Maximiliano;Nievas;24325595;01/09/2026 09:49:16;7152;Mirko;Hernandez;Maximiliano Nievas;Mirko Hernandez
14109196;01/09/2026 11:52:28;3;2;0008    2869-1;04;CAMIONETA VIE 2;2094738;"TC11    ";"TRIPOLI CARLOS L.                                 ";ALVAREZ PRADO E/MENDEZ Y STORN;952449;"51-107         ";51-107 - JGO. MESADA CR C.CERAM BEDIA;3;3;3;23043767;010926115227943;181035058;;;;11/10/2031 00:00:00;3;13755979;01/09/2026 11:52:27;Maximiliano;Nievas;24325595;01/09/2026 09:49:16;7152;Mirko;Hernandez;Maximiliano Nievas;Mirko Hernandez
14109196;01/09/2026 11:52:28;3;2;0008    2869-1;04;CAMIONETA VIE 2;2094738;"TC11    ";"TRIPOLI CARLOS L.                                 ";ALVAREZ PRADO E/MENDEZ Y STORN;952217;"403            ";403 - DUCHA EXT. C/TRANSF.CR DIQUE;3;3;3;23049009;010926104302526;181064640;;;;01/25/2032 00:00:00;1;13755987;01/09/2026 10:43:02;Maximiliano;Nievas;;;;;;Maximiliano Nievas;
14109197;01/09/2026 10:31:42;3;2;0001  214700-1;04;CAMIONETA VIE 2;2091693;"CI15    ";"CISILOTTO HNOS SACIFEI                            ";AV GAONA 1101;951258;"16006          ";16006 - SET 6 PIEZAS ACCESORIOS LINEA 16000;1;1;1;23045795;010926103140564;181048622;;;;07/29/2031 00:00:00;1;13755608;01/09/2026 10:31:40;Tiago;Rodriguez;24327418;01/09/2026 10:02:43;7673;Maximo;Batista;Tiago Rodriguez;Maximo Batista
14109197;01/09/2026 10:31:42;3;2;0001  214700-1;04;CAMIONETA VIE 2;2091693;"CI15    ";"CISILOTTO HNOS SACIFEI                            ";AV GAONA 1101;951296;"17020C         ";17020C - TOALLERO DE ARO LINEA FABRIC CROMO;1;1;1;23045795;010926103140564;181048205;;;;07/30/2031 00:00:00;1;13755608;01/09/2026 10:31:40;Tiago;Rodriguez;24327418;01/09/2026 10:02:43;7673;Maximo;Batista;Tiago Rodriguez;Maximo Batista
14109197;01/09/2026 10:31:42;3;2;0001  214700-1;04;CAMIONETA VIE 2;2091693;"CI15    ";"CISILOTTO HNOS SACIFEI                            ";AV GAONA 1101;951299;"17030C         ";17030C - PERCHA LINEA FABRIC CROMO;4;4;4;23045795;010926103140564;181048012;;;;11/10/2031 00:00:00;4;13755608;01/09/2026 10:31:40;Tiago;Rodriguez;24327418;01/09/2026 10:02:43;7673;Maximo;Batista;Tiago Rodriguez;Maximo Batista
14109197;01/09/2026 10:31:42;3;2;0001  214700-1;04;CAMIONETA VIE 2;2091693;"CI15    ";"CISILOTTO HNOS SACIFEI                            ";AV GAONA 1101;951322;"18060          ";18060 - PORTA VASO Y CEPILLO NIQUEL LINEA BEAT;1;1;1;23045795;010926103140564;181045921;;;;07/27/2031 00:00:00;1;13755608;01/09/2026 10:31:40;Tiago;Rodriguez;24327418;01/09/2026 10:02:43;7673;Maximo;Batista;Tiago Rodriguez;Maximo Batista
14109197;01/09/2026 10:31:42;3;2;0001  214700-1;04;CAMIONETA VIE 2;2091693;"CI15    ";"CISILOTTO HNOS SACIFEI                            ";AV GAONA 1101;951833;"30-132         ";30-132 - COCINA MESADA MONOC. C/DUCHADOR EXTENSIBLE VIGO;1;1;1;23045795;010926103140564;181043676;;;;07/28/2031 00:00:00;1;13755608;01/09/2026 10:31:40;Tiago;Rodriguez;24327418;01/09/2026 10:02:43;7673;Maximo;Batista;Tiago Rodriguez;Maximo Batista
14109197;01/09/2026 10:31:42;3;2;0001  214700-1;04;CAMIONETA VIE 2;2091693;"CI15    ";"CISILOTTO HNOS SACIFEI                            ";AV GAONA 1101;952452;"51-122         ";51-122 - MESADA BIMANDO CR C.CERAM VALENCIA;1;1;1;23045795;010926103140564;181048935;;;;01/11/2032 00:00:00;1;13755608;01/09/2026 10:31:40;Tiago;Rodriguez;24327418;01/09/2026 10:02:43;7673;Maximo;Batista;Tiago Rodriguez;Maximo Batista
14109197;01/09/2026 10:31:42;3;2;0001  214700-1;04;CAMIONETA VIE 2;2091693;"CI15    ";"CISILOTTO HNOS SACIFEI                            ";AV GAONA 1101;952655;"60-183         ";"LAVATORIO MONOCOMANDO BAJO MAT                                        ";2;2;2;23045795;010926103140564;181046938;;;;11/02/2031 00:00:00;2;13755608;01/09/2026 10:31:40;Tiago;Rodriguez;24327418;01/09/2026 10:02:43;7673;Maximo;Batista;Tiago Rodriguez;Maximo Batista
14109197;01/09/2026 10:31:42;3;2;0001  214700-1;04;CAMIONETA VIE 2;2091693;"CI15    ";"CISILOTTO HNOS SACIFEI                            ";AV GAONA 1101;952719;"61-183         ";"LAVATORIO MONOCOMANDO ALTO MAT                                        ";1;1;1;23045795;010926103140564;181046250;;;;11/02/2031 00:00:00;1;13755608;01/09/2026 10:31:40;Tiago;Rodriguez;24327418;01/09/2026 10:02:43;7673;Maximo;Batista;Tiago Rodriguez;Maximo Batista
14109197;01/09/2026 10:31:42;3;2;0001  214700-1;04;CAMIONETA VIE 2;2091693;"CI15    ";"CISILOTTO HNOS SACIFEI                            ";AV GAONA 1101;952724;"61-200G        ";61-200G - LAVATORIO MONOC ALTO GOLD FABRIC;2;2;2;23045795;010926103140564;181045598;;;;07/27/2031 00:00:00;2;13755608;01/09/2026 10:31:40;Tiago;Rodriguez;24327418;01/09/2026 10:02:43;7673;Maximo;Batista;Tiago Rodriguez;Maximo Batista
14109197;01/09/2026 10:31:42;3;2;0001  214700-1;04;CAMIONETA VIE 2;2091693;"CI15    ";"CISILOTTO HNOS SACIFEI                            ";AV GAONA 1101;952728;"61-205         ";61-205 - LAVATORIO MONOC ALTO STEEL;2;2;2;23045795;010926103140564;181044802;;;;07/28/2031 00:00:00;2;13755608;01/09/2026 10:31:40;Tiago;Rodriguez;24327418;01/09/2026 10:02:43;7673;Maximo;Batista;Tiago Rodriguez;Maximo Batista
14109197;01/09/2026 10:31:42;3;2;0001  214700-1;04;CAMIONETA VIE 2;2091693;"CI15    ";"CISILOTTO HNOS SACIFEI                            ";AV GAONA 1101;952933;"70-183         ";"BIDE MONOCOMANDO C/TRANSF MAT                                         ";2;2;2;23045795;010926103140564;181046648;;;;11/02/2031 00:00:00;2;13755608;01/09/2026 10:31:40;Tiago;Rodriguez;24327418;01/09/2026 10:02:43;7673;Maximo;Batista;Tiago Rodriguez;Maximo Batista
14109197;01/09/2026 10:31:42;3;2;0001  214700-1;04;CAMIONETA VIE 2;2091693;"CI15    ";"CISILOTTO HNOS SACIFEI                            ";AV GAONA 1101;952956;"70-205         ";70-205 - BIDE MONOCOMANDO STEEL;2;2;2;23045795;010926103140564;181044466;;;;11/08/2031 00:00:00;2;13755608;01/09/2026 10:31:40;Tiago;Rodriguez;24327418;01/09/2026 10:02:43;7673;Maximo;Batista;Tiago Rodriguez;Maximo Batista
14109197;01/09/2026 10:31:42;3;2;0001  214700-1;04;CAMIONETA VIE 2;2091693;"CI15    ";"CISILOTTO HNOS SACIFEI                            ";AV GAONA 1101;953131;"80-183         ";"DUCHA EMB C/TRANSF MONOCOMANDO MAT                                    ";2;2;2;23045795;010926103140564;181047664;;;;11/02/2031 00:00:00;2;13755608;01/09/2026 10:31:40;Tiago;Rodriguez;24327418;01/09/2026 10:02:43;7673;Maximo;Batista;Tiago Rodriguez;Maximo Batista
14109197;01/09/2026 10:31:42;3;2;0001  214700-1;04;CAMIONETA VIE 2;2091693;"CI15    ";"CISILOTTO HNOS SACIFEI                            ";AV GAONA 1101;953330;"84-180         ";84-180 - GRIFERIA DE PIE P/BAÑERA EXENTA VERA;1;1;1;23045795;010926103140564;181043478;;;;07/28/2031 00:00:00;1;13755608;01/09/2026 10:31:40;Tiago;Rodriguez;24327418;01/09/2026 10:02:43;7673;Maximo;Batista;Tiago Rodriguez;Maximo Batista
14109197;01/09/2026 10:31:42;3;2;0001  214700-1;04;CAMIONETA VIE 2;2091693;"CI15    ";"CISILOTTO HNOS SACIFEI                            ";AV GAONA 1101;953331;"84-190         ";84-190 - DUCHA EXTERIOR CON COLUMNA BLACK VELVET;1;1;1;23045795;010926103140564;181044194;;;;10/06/2031 00:00:00;1;13755608;01/09/2026 10:31:40;Tiago;Rodriguez;24327418;01/09/2026 10:02:43;7673;Maximo;Batista;Tiago Rodriguez;Maximo Batista
14109197;01/09/2026 10:31:42;3;2;0001  214700-1;04;CAMIONETA VIE 2;2091693;"CI15    ";"CISILOTTO HNOS SACIFEI                            ";AV GAONA 1101;954884;"BAI01N         ";BAI01N - BACHA EMB COCINA C/ACCESORIOS 750x450x220 BLACK GUN BRUSHED;2;2;2;23045795;010926103140564;181049560;;;;07/30/2031 00:00:00;2;13755608;01/09/2026 10:31:40;Tiago;Rodriguez;24327418;01/09/2026 10:02:43;7673;Maximo;Batista;Tiago Rodriguez;Maximo Batista
14109198;01/09/2026 10:26:33;3;2;0001  214747-1;04;CAMIONETA VIE 2;2094642;"SS21    ";"SNEUBER SANITARIOS S.A.                           ";AV. RIVADAVIA 17202;951535;"20-160         ";20-160 - MONOCOMANDO MESADA COCINA DIQUE;8;8;8;23045921;010926102631146;181044325;;;;07/28/2031 00:00:00;8;13755421;01/09/2026 10:26:31;Agustin;Scirica;24327509;01/09/2026 09:48:41;6867;Javier;Lescano;Agustin Scirica;Javier Lescano
14109198;01/09/2026 10:26:33;3;2;0001  214747-1;04;CAMIONETA VIE 2;2094642;"SS21    ";"SNEUBER SANITARIOS S.A.                           ";AV. RIVADAVIA 17202;952616;"60-131         ";60-131 - LAVATORIO C.CERAM CR MALLORCA;9;9;9;23045921;010926102631146;181045336;;;;01/03/2032 00:00:00;9;13755421;01/09/2026 10:26:31;Agustin;Scirica;24327509;01/09/2026 09:48:41;6867;Javier;Lescano;Agustin Scirica;Javier Lescano
14109198;01/09/2026 10:26:33;3;2;0001  214747-1;04;CAMIONETA VIE 2;2094642;"SS21    ";"SNEUBER SANITARIOS S.A.                           ";AV. RIVADAVIA 17202;952894;"70-131         ";70-131 - BIDE C.CERAM CR MALLORCA;9;9;9;23045921;010926102631146;181044632;;;;07/30/2031 00:00:00;9;13755421;01/09/2026 10:26:31;Agustin;Scirica;24327509;01/09/2026 09:48:41;6867;Javier;Lescano;Agustin Scirica;Javier Lescano
14109198;01/09/2026 10:26:33;3;2;0001  214747-1;04;CAMIONETA VIE 2;2094642;"SS21    ";"SNEUBER SANITARIOS S.A.                           ";AV. RIVADAVIA 17202;953086;"80-131         ";80-131 - DUCHA EMB. C/TRANSF. CR C.CERAM MALLORCA;10;10;10;23045921;010926102631146;181044943;;;;10/25/2031 00:00:00;10;13755421;01/09/2026 10:26:31;Agustin;Scirica;24327509;01/09/2026 09:48:41;6867;Javier;Lescano;Agustin Scirica;Javier Lescano
14109199;01/09/2026 09:55:17;3;2;0001  214748-1;04;CAMIONETA VIE 2;2094642;"SS21    ";"SNEUBER SANITARIOS S.A.                           ";AV. RIVADAVIA 17202;951536;"20-162         ";20-162 - MONOCOMANDO COCINA ADRA;1;1;1;23042828;010926095514308;181024775;;;;07/28/2031 00:00:00;1;13754560;01/09/2026 09:55:14;Agustin;Scirica;24324749;01/09/2026 08:46:45;7673;Maximo;Batista;Agustin Scirica;Maximo Batista
14109199;01/09/2026 09:55:17;3;2;0001  214748-1;04;CAMIONETA VIE 2;2094642;"SS21    ";"SNEUBER SANITARIOS S.A.                           ";AV. RIVADAVIA 17202;952714;"61-180         ";61-180 - LAVATORIO MONOCOMANDO ALTO VERA;1;1;1;23042828;010926095514308;181023753;;;;07/28/2031 00:00:00;1;13754560;01/09/2026 09:55:14;Agustin;Scirica;24324749;01/09/2026 08:46:45;7673;Maximo;Batista;Agustin Scirica;Maximo Batista
14109199;01/09/2026 09:55:17;3;2;0001  214748-1;04;CAMIONETA VIE 2;2094642;"SS21    ";"SNEUBER SANITARIOS S.A.                           ";AV. RIVADAVIA 17202;952909;"70-153         ";70-153 - BIDE CR C.CERAM CASTILLA;2;2;2;23042828;010926095514308;181025562;;;;10/20/2031 00:00:00;2;13754560;01/09/2026 09:55:14;Agustin;Scirica;24324749;01/09/2026 08:46:45;7673;Maximo;Batista;Agustin Scirica;Maximo Batista
14109200;01/09/2026 10:12:31;3;2;0001  214751-1;04;CAMIONETA VIE 2;2094545;"SM20    ";"SANITARIOS MORENO S.R.L.                          ";AV. VICTORICA 1024;951116;"12006          ";"SET DE 6 PIEZAS LINEA 12000                                           ";20;20;20;23045411;010926101201135;181043191;;;;07/30/2031 00:00:00;20;13755072;01/09/2026 10:12:01;Tiago;Rodriguez;24327079;01/09/2026 09:42:59;6867;Javier;Lescano;Tiago Rodriguez;Javier Lescano
14109200;01/09/2026 10:12:31;3;2;0001  214751-1;04;CAMIONETA VIE 2;2094545;"SM20    ";"SANITARIOS MORENO S.R.L.                          ";AV. VICTORICA 1024;951760;"3006SS         ";3006SS - SET DE 6 PIEZAS LINEA 3000 SS;10;10;10;23045411;010926101201135;181043540;;;;07/29/2031 00:00:00;10;13755072;01/09/2026 10:12:01;Tiago;Rodriguez;24327079;01/09/2026 09:42:59;6867;Javier;Lescano;Tiago Rodriguez;Javier Lescano
14109200;01/09/2026 10:12:31;3;2;0001  214751-1;04;CAMIONETA VIE 2;2094545;"SM20    ";"SANITARIOS MORENO S.R.L.                          ";AV. VICTORICA 1024;952647;"60-176         ";"LAVATORIO MONOCOMANDO BAJO CR RIO                                     ";20;20;20;23045411;010926101201135;181042522;;;;10/11/2031 00:00:00;20;13755072;01/09/2026 10:12:01;Tiago;Rodriguez;24327079;01/09/2026 09:42:59;6867;Javier;Lescano;Tiago Rodriguez;Javier Lescano
14109200;01/09/2026 10:12:31;3;2;0001  214751-1;04;CAMIONETA VIE 2;2094545;"SM20    ";"SANITARIOS MORENO S.R.L.                          ";AV. VICTORICA 1024;952925;"70-176         ";70-176 - BIDE MONOC C/TRANSF CR RIO;10;10;10;23045411;010926101201135;181042127;;;;11/17/2031 00:00:00;10;13755072;01/09/2026 10:12:01;Tiago;Rodriguez;24327079;01/09/2026 09:42:59;6867;Javier;Lescano;Tiago Rodriguez;Javier Lescano
14109200;01/09/2026 10:12:31;3;2;0001  214751-1;04;CAMIONETA VIE 2;2094545;"SM20    ";"SANITARIOS MORENO S.R.L.                          ";AV. VICTORICA 1024;952926;"70-176N        ";70-176N - BIDE MONOC C/TRANSF BLACK RIO;6;6;6;23045411;010926101201135;181042716;;;;11/23/2031 00:00:00;6;13755072;01/09/2026 10:12:01;Tiago;Rodriguez;24327079;01/09/2026 09:42:59;6867;Javier;Lescano;Tiago Rodriguez;Javier Lescano
14109201;01/09/2026 09:40:49;3;2;0001  214752-1;04;CAMIONETA VIE 2;2094545;"SM20    ";"SANITARIOS MORENO S.R.L.                          ";AV. VICTORICA 1024;951565;"20-205         ";20-205 - MONOCOMANDO DE COCINA STEEL;60;60;60;23045173;010926094047633;181039846;;;;07/28/2031 00:00:00;60;13754178;01/09/2026 09:40:47;Tiago;Rodriguez;24326814;01/09/2026 09:30:56;7673;Maximo;Batista;Tiago Rodriguez;Maximo Batista
14109202;01/09/2026 09:48:24;3;2;0001  214754-1;04;CAMIONETA VIE 2;2094545;"SM20    ";"SANITARIOS MORENO S.R.L.                          ";AV. VICTORICA 1024;952647;"60-176         ";"LAVATORIO MONOCOMANDO BAJO CR RIO                                     ";46;46;46;23043753;010926094824027;181034168;;;;07/27/2031 00:00:00;46;13754294;01/09/2026 09:48:24;Tiago;Rodriguez;24325587;01/09/2026 09:32:17;6867;Javier;Lescano;Tiago Rodriguez;Javier Lescano
14109202;01/09/2026 09:48:24;3;2;0001  214754-1;04;CAMIONETA VIE 2;2094545;"SM20    ";"SANITARIOS MORENO S.R.L.                          ";AV. VICTORICA 1024;952925;"70-176         ";70-176 - BIDE MONOC C/TRANSF CR RIO;46;46;46;23043753;010926094824027;181030780;;;;11/17/2031 00:00:00;46;13754294;01/09/2026 09:48:24;Tiago;Rodriguez;24325587;01/09/2026 09:32:17;6867;Javier;Lescano;Tiago Rodriguez;Javier Lescano
14109202;01/09/2026 09:48:24;3;2;0001  214754-1;04;CAMIONETA VIE 2;2094545;"SM20    ";"SANITARIOS MORENO S.R.L.                          ";AV. VICTORICA 1024;953316;"83-176         ";83-176 - DUCHA EXT. C/TRANSF. MONOC CR RIO;48;48;48;23043753;010926094824027;181031410;;;;07/28/2031 00:00:00;48;13754294;01/09/2026 09:48:24;Tiago;Rodriguez;24325587;01/09/2026 09:32:17;6867;Javier;Lescano;Tiago Rodriguez;Javier Lescano
14109203;01/09/2026 09:56:27;3;2;0001  214760-1;04;CAMIONETA VIE 2;2094573;"SO05    ";"SANTOS OSCAR FERNANDO - ARGUAY                    ";ZEBALLOS 2683;955159;"D439           ";D439 - KIT DE DUCHA MANUAL;2;2;2;23042829;010926095626920;181026161;;;;12/16/2031 00:00:00;2;13754586;01/09/2026 09:56:26;Agustin;Scirica;24324749;01/09/2026 08:46:45;7673;Maximo;Batista;Agustin Scirica;Maximo Batista
14109204;01/09/2026 10:16:57;3;2;0001  214766-1;04;CAMIONETA VIE 2;2091914;"CR26    ";CARLOS CARTIER M Y ROSANA GERARDI SH-SANITARIOS RC;AV. ITALIA 1128;951508;"20-121         ";20-121 - COCINA MSDA MONOC.P. REDONDO MARBELLA;3;3;3;23044053;010926101657338;181033207;;;;07/30/2031 00:00:00;3;13755034;01/09/2026 10:16:57;Maximiliano;Nievas;24325639;01/09/2026 09:44:54;7636;Kevin;Arce;Maximiliano Nievas;Kevin Arce
14109204;01/09/2026 10:16:57;3;2;0001  214766-1;04;CAMIONETA VIE 2;2091914;"CR26    ";CARLOS CARTIER M Y ROSANA GERARDI SH-SANITARIOS RC;AV. ITALIA 1128;951532;"20-147         ";20-147 - MONOCOMANDO DE COCINA SWIFT;3;3;3;23044053;010926101657338;181033586;;;;07/29/2031 00:00:00;3;13755034;01/09/2026 10:16:57;Maximiliano;Nievas;24325639;01/09/2026 09:44:54;7636;Kevin;Arce;Maximiliano Nievas;Kevin Arce
14109204;01/09/2026 10:16:57;3;2;0001  214766-1;04;CAMIONETA VIE 2;2091914;"CR26    ";CARLOS CARTIER M Y ROSANA GERARDI SH-SANITARIOS RC;AV. ITALIA 1128;951550;"20-182         ";20-182 - MONOCOMANDO DE COCINA MULTIFUNCION CR ZENITH;3;3;3;23044053;010926101657338;181035583;;;;07/30/2031 00:00:00;3;13755034;01/09/2026 10:16:57;Maximiliano;Nievas;24325639;01/09/2026 09:44:54;7636;Kevin;Arce;Maximiliano Nievas;Kevin Arce
14109204;01/09/2026 10:16:57;3;2;0001  214766-1;04;CAMIONETA VIE 2;2091914;"CR26    ";CARLOS CARTIER M Y ROSANA GERARDI SH-SANITARIOS RC;AV. ITALIA 1128;951554;"20-190         ";20-190 - COCINA MESADA MONOC BLACK VELVET;3;3;3;23044053;010926101657338;181036159;;;;07/28/2031 00:00:00;3;13755034;01/09/2026 10:16:57;Maximiliano;Nievas;24325639;01/09/2026 09:44:54;7636;Kevin;Arce;Maximiliano Nievas;Kevin Arce
14109204;01/09/2026 10:16:57;3;2;0001  214766-1;04;CAMIONETA VIE 2;2091914;"CR26    ";CARLOS CARTIER M Y ROSANA GERARDI SH-SANITARIOS RC;AV. ITALIA 1128;952467;"52-121         ";52-121 - GRIFERIA REBATIBLE P/LLENADO DE OLLAS MARBELLA;1;1;1;23044053;010926101657338;181031786;;;;07/29/2031 00:00:00;1;13755034;01/09/2026 10:16:57;Maximiliano;Nievas;24325639;01/09/2026 09:44:54;7636;Kevin;Arce;Maximiliano Nievas;Kevin Arce
14109204;01/09/2026 10:16:57;3;2;0001  214766-1;04;CAMIONETA VIE 2;2091914;"CR26    ";CARLOS CARTIER M Y ROSANA GERARDI SH-SANITARIOS RC;AV. ITALIA 1128;952541;"60-001N        ";"60-001N - LAVATORIO ""CROMO Y""";2;2;2;23044053;010926101657338;181038500;;;;07/29/2031 00:00:00;2;13755034;01/09/2026 10:16:57;Maximiliano;Nievas;24325639;01/09/2026 09:44:54;7636;Kevin;Arce;Maximiliano Nievas;Kevin Arce
14109204;01/09/2026 10:16:57;3;2;0001  214766-1;04;CAMIONETA VIE 2;2091914;"CR26    ";CARLOS CARTIER M Y ROSANA GERARDI SH-SANITARIOS RC;AV. ITALIA 1128;952582;"60-057         ";60-057 - LAVATORIO C.STD VERIN PLUS;8;8;8;23044053;010926101657338;181041456;;;;01/06/2032 00:00:00;8;13755034;01/09/2026 10:16:57;Maximiliano;Nievas;24325639;01/09/2026 09:44:54;7636;Kevin;Arce;Maximiliano Nievas;Kevin Arce
14109204;01/09/2026 10:16:57;3;2;0001  214766-1;04;CAMIONETA VIE 2;2091914;"CR26    ";CARLOS CARTIER M Y ROSANA GERARDI SH-SANITARIOS RC;AV. ITALIA 1128;952583;"60-058         ";60-058 - LAVATORIO CR C.STD MALBA;2;2;2;23044053;010926101657338;181044036;;;;12/03/2031 00:00:00;2;13755034;01/09/2026 10:16:57;Maximiliano;Nievas;24325639;01/09/2026 09:44:54;7636;Kevin;Arce;Maximiliano Nievas;Kevin Arce
14109204;01/09/2026 10:16:57;3;2;0001  214766-1;04;CAMIONETA VIE 2;2091914;"CR26    ";CARLOS CARTIER M Y ROSANA GERARDI SH-SANITARIOS RC;AV. ITALIA 1128;952610;"60-122         ";60-122 - LAVATORIO C.CERAM CR VALENCIA;2;2;2;23044053;010926101657338;181039341;;;;12/10/2031 00:00:00;2;13755034;01/09/2026 10:16:57;Maximiliano;Nievas;24325639;01/09/2026 09:44:54;7636;Kevin;Arce;Maximiliano Nievas;Kevin Arce
14109204;01/09/2026 10:16:57;3;2;0001  214766-1;04;CAMIONETA VIE 2;2091914;"CR26    ";CARLOS CARTIER M Y ROSANA GERARDI SH-SANITARIOS RC;AV. ITALIA 1128;952618;"60-133         ";60-133 - LAVATORIO MONOCOMANDO LUGO;7;7;7;23044053;010926101657338;181036867;;;;07/29/2031 00:00:00;7;13755034;01/09/2026 10:16:57;Maximiliano;Nievas;24325639;01/09/2026 09:44:54;7636;Kevin;Arce;Maximiliano Nievas;Kevin Arce
14109204;01/09/2026 10:16:57;3;2;0001  214766-1;04;CAMIONETA VIE 2;2091914;"CR26    ";CARLOS CARTIER M Y ROSANA GERARDI SH-SANITARIOS RC;AV. ITALIA 1128;952634;"60-162         ";60-162 - LAVATORIO CR C.CERAM LINEA ADRA;5;5;5;23044053;010926101657338;181043671;;;;07/29/2031 00:00:00;5;13755034;01/09/2026 10:16:57;Maximiliano;Nievas;24325639;01/09/2026 09:44:54;7636;Kevin;Arce;Maximiliano Nievas;Kevin Arce
14109204;01/09/2026 10:16:57;3;2;0001  214766-1;04;CAMIONETA VIE 2;2091914;"CR26    ";CARLOS CARTIER M Y ROSANA GERARDI SH-SANITARIOS RC;AV. ITALIA 1128;952677;"60-203         ";60-203 - LAVATORIO MONOCOMANDO BAJO ADRA;2;2;2;23044053;010926101657338;181039687;;;;02/10/2032 00:00:00;2;13755034;01/09/2026 10:16:57;Maximiliano;Nievas;24325639;01/09/2026 09:44:54;7636;Kevin;Arce;Maximiliano Nievas;Kevin Arce
14109204;01/09/2026 10:16:57;3;2;0001  214766-1;04;CAMIONETA VIE 2;2091914;"CR26    ";CARLOS CARTIER M Y ROSANA GERARDI SH-SANITARIOS RC;AV. ITALIA 1128;952821;"70-001N        ";"70-001N - BIDE ""CROMO Y""";2;2;2;23044053;010926101657338;181038128;;;;07/31/2031 00:00:00;2;13755034;01/09/2026 10:16:57;Maximiliano;Nievas;24325639;01/09/2026 09:44:54;7636;Kevin;Arce;Maximiliano Nievas;Kevin Arce
14109204;01/09/2026 10:16:57;3;2;0001  214766-1;04;CAMIONETA VIE 2;2091914;"CR26    ";CARLOS CARTIER M Y ROSANA GERARDI SH-SANITARIOS RC;AV. ITALIA 1128;952860;"70-057         ";70-057 - BIDE C.STD VERIN PLUS;7;7;7;23044053;010926101657338;181040934;;;;01/11/2032 00:00:00;7;13755034;01/09/2026 10:16:57;Maximiliano;Nievas;24325639;01/09/2026 09:44:54;7636;Kevin;Arce;Maximiliano Nievas;Kevin Arce
14109204;01/09/2026 10:16:57;3;2;0001  214766-1;04;CAMIONETA VIE 2;2091914;"CR26    ";CARLOS CARTIER M Y ROSANA GERARDI SH-SANITARIOS RC;AV. ITALIA 1128;952888;"70-122         ";70-122 - BIDE C.CERAM CR VALENCIA;1;1;1;23044053;010926101657338;181039456;;;;10/26/2031 00:00:00;1;13755034;01/09/2026 10:16:57;Maximiliano;Nievas;24325639;01/09/2026 09:44:54;7636;Kevin;Arce;Maximiliano Nievas;Kevin Arce
14109204;01/09/2026 10:16:57;3;2;0001  214766-1;04;CAMIONETA VIE 2;2091914;"CR26    ";CARLOS CARTIER M Y ROSANA GERARDI SH-SANITARIOS RC;AV. ITALIA 1128;952896;"70-133         ";70-133 - BIDE MONOCOMANDO LUGO;4;4;4;23044053;010926101657338;181034027;;;;07/30/2031 00:00:00;4;13755034;01/09/2026 10:16:57;Maximiliano;Nievas;24325639;01/09/2026 09:44:54;7636;Kevin;Arce;Maximiliano Nievas;Kevin Arce
14109204;01/09/2026 10:16:57;3;2;0001  214766-1;04;CAMIONETA VIE 2;2091914;"CR26    ";CARLOS CARTIER M Y ROSANA GERARDI SH-SANITARIOS RC;AV. ITALIA 1128;952912;"70-162         ";70-162 - BIDE CR C.CERAM LINEA ADRA;5;5;5;23044053;010926101657338;181042705;;;;07/29/2031 00:00:00;5;13755034;01/09/2026 10:16:57;Maximiliano;Nievas;24325639;01/09/2026 09:44:54;7636;Kevin;Arce;Maximiliano Nievas;Kevin Arce
14109204;01/09/2026 10:16:57;3;2;0001  214766-1;04;CAMIONETA VIE 2;2091914;"CR26    ";CARLOS CARTIER M Y ROSANA GERARDI SH-SANITARIOS RC;AV. ITALIA 1128;952936;"70-190         ";70-190 - BIDE C.CERAM BLACK VELVET;1;1;1;23044053;010926101657338;181039101;;;;11/08/2031 00:00:00;1;13755034;01/09/2026 10:16:57;Maximiliano;Nievas;24325639;01/09/2026 09:44:54;7636;Kevin;Arce;Maximiliano Nievas;Kevin Arce
14109204;01/09/2026 10:16:57;3;2;0001  214766-1;04;CAMIONETA VIE 2;2091914;"CR26    ";CARLOS CARTIER M Y ROSANA GERARDI SH-SANITARIOS RC;AV. ITALIA 1128;953059;"80-057         ";80-057 - DUCHA EMB. C/TRANSF. C.STD VERIN PLUS;9;9;9;23044053;010926101657338;181042030;;;;01/04/2032 00:00:00;9;13755034;01/09/2026 10:16:57;Maximiliano;Nievas;24325639;01/09/2026 09:44:54;7636;Kevin;Arce;Maximiliano Nievas;Kevin Arce
14109204;01/09/2026 10:16:57;3;2;0001  214766-1;04;CAMIONETA VIE 2;2091914;"CR26    ";CARLOS CARTIER M Y ROSANA GERARDI SH-SANITARIOS RC;AV. ITALIA 1128;953091;"80-138         ";80-138 - DUCHA EMB. C/TRANSF. CR C.CERAM VALENCIA PLUS;2;2;2;23044053;010926101657338;181040137;;;;01/14/2032 00:00:00;2;13755034;01/09/2026 10:16:57;Maximiliano;Nievas;24325639;01/09/2026 09:44:54;7636;Kevin;Arce;Maximiliano Nievas;Kevin Arce
14109204;01/09/2026 10:16:57;3;2;0001  214766-1;04;CAMIONETA VIE 2;2091914;"CR26    ";CARLOS CARTIER M Y ROSANA GERARDI SH-SANITARIOS RC;AV. ITALIA 1128;953109;"80-166         ";"DUCHA EMB. C/TRANSF. CR C.CERAM ADRA PLUS                             ";5;5;5;23044053;010926101657338;181043229;;;;01/13/2032 00:00:00;5;13755034;01/09/2026 10:16:57;Maximiliano;Nievas;24325639;01/09/2026 09:44:54;7636;Kevin;Arce;Maximiliano Nievas;Kevin Arce
14109204;01/09/2026 10:16:57;3;2;0001  214766-1;04;CAMIONETA VIE 2;2091914;"CR26    ";CARLOS CARTIER M Y ROSANA GERARDI SH-SANITARIOS RC;AV. ITALIA 1128;953312;"83-133         ";83-133 - DUCHA EXT. C/TRANSF. MONOCOMANDO LUGO;6;6;6;23044053;010926101657338;181037218;;;;07/30/2031 00:00:00;6;13755034;01/09/2026 10:16:57;Maximiliano;Nievas;24325639;01/09/2026 09:44:54;7636;Kevin;Arce;Maximiliano Nievas;Kevin Arce
14109204;01/09/2026 10:16:57;3;2;0001  214766-1;04;CAMIONETA VIE 2;2091914;"CR26    ";CARLOS CARTIER M Y ROSANA GERARDI SH-SANITARIOS RC;AV. ITALIA 1128;953319;"83-193         ";83-193 - DUCHA EXT. C/TRANSF. MONOCOMANDO MORA;2;2;2;23044053;010926101657338;181032010;;;;07/27/2031 00:00:00;2;13755034;01/09/2026 10:16:57;Maximiliano;Nievas;24325639;01/09/2026 09:44:54;7636;Kevin;Arce;Maximiliano Nievas;Kevin Arce
14109204;01/09/2026 10:16:57;3;2;0001  214766-1;04;CAMIONETA VIE 2;2091914;"CR26    ";CARLOS CARTIER M Y ROSANA GERARDI SH-SANITARIOS RC;AV. ITALIA 1128;1007844;"20-122S        ";"MONOCOMANDO COCINA INOX C/PICO EXTRAIBLE VALENCIA                     ";6;6;6;23044053;010926101657338;181037575;;;;01/06/2032 00:00:00;6;13755034;01/09/2026 10:16:57;Maximiliano;Nievas;24325639;01/09/2026 09:44:54;7636;Kevin;Arce;Maximiliano Nievas;Kevin Arce
14109205;01/09/2026 10:32:47;3;2;0008    2876-1;04;CAMIONETA VIE 2;2094642;"SS21    ";"SNEUBER SANITARIOS S.A.                           ";AV. RIVADAVIA 17202;952616;"60-131         ";60-131 - LAVATORIO C.CERAM CR MALLORCA;9;9;9;23046335;010926103245948;181047845;;;;01/03/2032 00:00:00;9;13755586;01/09/2026 10:32:45;Agustin;Scirica;24327871;01/09/2026 09:57:00;6867;Javier;Lescano;Agustin Scirica;Javier Lescano
14109205;01/09/2026 10:32:47;3;2;0008    2876-1;04;CAMIONETA VIE 2;2094642;"SS21    ";"SNEUBER SANITARIOS S.A.                           ";AV. RIVADAVIA 17202;952894;"70-131         ";70-131 - BIDE C.CERAM CR MALLORCA;9;9;9;23046335;010926103245948;181046968;;;;07/30/2031 00:00:00;9;13755586;01/09/2026 10:32:45;Agustin;Scirica;24327871;01/09/2026 09:57:00;6867;Javier;Lescano;Agustin Scirica;Javier Lescano
14109205;01/09/2026 10:32:47;3;2;0008    2876-1;04;CAMIONETA VIE 2;2094642;"SS21    ";"SNEUBER SANITARIOS S.A.                           ";AV. RIVADAVIA 17202;953086;"80-131         ";80-131 - DUCHA EMB. C/TRANSF. CR C.CERAM MALLORCA;9;9;9;23046335;010926103245948;181047396;;;;10/25/2031 00:00:00;9;13755586;01/09/2026 10:32:45;Agustin;Scirica;24327871;01/09/2026 09:57:00;6867;Javier;Lescano;Agustin Scirica;Javier Lescano
14109206;01/09/2026 09:21:36;3;2;0001  214774-1;04;CAMIONETA VIE 2;2092891;"HL02    ";"HEREDIA LEONARDO A - FERRETERIA HEREDIA           ";PTE. JUAN DOMINGO PERON 1296;951975;"3040           ";3040 - PORTA ROLLO LINEA 3000;10;10;10;23043059;010926092134048;181027023;;;;07/27/2031 00:00:00;10;13753748;01/09/2026 09:21:34;Gustavo;Soderquvist;24324959;01/09/2026 08:57:16;7636;Kevin;Arce;Gustavo Soderquvist;Kevin Arce
14109206;01/09/2026 09:21:36;3;2;0001  214774-1;04;CAMIONETA VIE 2;2092891;"HL02    ";"HEREDIA LEONARDO A - FERRETERIA HEREDIA           ";PTE. JUAN DOMINGO PERON 1296;951983;"3050           ";3050 - JABONERA LINEA 3000;2;2;2;23043059;010926092134048;181026274;;;;07/27/2031 00:00:00;2;13753748;01/09/2026 09:21:34;Gustavo;Soderquvist;24324959;01/09/2026 08:57:16;7636;Kevin;Arce;Gustavo Soderquvist;Kevin Arce
14109206;01/09/2026 09:21:36;3;2;0001  214774-1;04;CAMIONETA VIE 2;2092891;"HL02    ";"HEREDIA LEONARDO A - FERRETERIA HEREDIA           ";PTE. JUAN DOMINGO PERON 1296;952499;"54-203         ";"COCINA PARED EXT C.CERAM ADRA MONOCOMANDO                             ";6;6;6;23043059;010926092134048;181029713;;;;11/23/2031 00:00:00;6;13753748;01/09/2026 09:21:34;Gustavo;Soderquvist;24324959;01/09/2026 08:57:16;7636;Kevin;Arce;Gustavo Soderquvist;Kevin Arce
14109206;01/09/2026 09:21:36;3;2;0001  214774-1;04;CAMIONETA VIE 2;2092891;"HL02    ";"HEREDIA LEONARDO A - FERRETERIA HEREDIA           ";PTE. JUAN DOMINGO PERON 1296;953335;"84-203ST       ";"DUCHA EXT C/COLUMNA CR ADRA                                           ";2;2;2;23043059;010926092134048;181028389;;;;12/15/2031 00:00:00;2;13753748;01/09/2026 09:21:34;Gustavo;Soderquvist;24324959;01/09/2026 08:57:16;7636;Kevin;Arce;Gustavo Soderquvist;Kevin Arce
14109206;01/09/2026 09:21:36;3;2;0001  214774-1;04;CAMIONETA VIE 2;2092891;"HL02    ";"HEREDIA LEONARDO A - FERRETERIA HEREDIA           ";PTE. JUAN DOMINGO PERON 1296;1007844;"20-122S        ";"MONOCOMANDO COCINA INOX C/PICO EXTRAIBLE VALENCIA                     ";6;6;6;23043059;010926092134048;181029018;;;;01/06/2032 00:00:00;6;13753748;01/09/2026 09:21:34;Gustavo;Soderquvist;24324959;01/09/2026 08:57:16;7636;Kevin;Arce;Gustavo Soderquvist;Kevin Arce
14109207;01/09/2026 10:31:29;3;2;0001  214768-1;04;CAMIONETA VIE 2;2091390;"BR08    ";"BAEZ RAMON ANTONIO                                ";BOULOGNE SUR MER 864;954944;"BID103-1       ";"BIDE 1 AGUJERO BLANCO LINEA URBAN                                     ";2;2;2;23043790;010926103129491;181033835;;;;07/30/2031 00:00:00;2;13755621;01/09/2026 10:31:29;Maximiliano;Nievas;24325609;01/09/2026 09:10:26;7673;Maximo;Batista;Maximiliano Nievas;Maximo Batista
14109207;01/09/2026 10:31:29;3;2;0001  214768-1;04;CAMIONETA VIE 2;2091390;"BR08    ";"BAEZ RAMON ANTONIO                                ";BOULOGNE SUR MER 864;956413;"INO103-1       ";"INODORO BLANCO C/ASIENTO LINEA URBAN                                  ";2;2;2;23043790;010926103129491;181032656;;;;09/03/2031 00:00:00;2;13755621;01/09/2026 10:31:29;Maximiliano;Nievas;24325609;01/09/2026 09:10:26;7673;Maximo;Batista;Maximiliano Nievas;Maximo Batista
14109207;01/09/2026 10:31:29;3;2;0001  214768-1;04;CAMIONETA VIE 2;2091390;"BR08    ";"BAEZ RAMON ANTONIO                                ";BOULOGNE SUR MER 864;956414;"INO103-2       ";"DEPOSITO C/DESCARGA DUAL BLANCO LINEA URBAN                           ";2;2;2;23043790;010926103129491;181033331;;;;09/03/2031 00:00:00;2;13755621;01/09/2026 10:31:29;Maximiliano;Nievas;24325609;01/09/2026 09:10:26;7673;Maximo;Batista;Maximiliano Nievas;Maximo Batista
14109208;01/09/2026 10:28:17;3;2;0001  214770-1;04;CAMIONETA VIE 2;2091390;"BR08    ";"BAEZ RAMON ANTONIO                                ";BOULOGNE SUR MER 864;952713;"61-176N        ";61-176N - LAVATORIO MONOC ALTO BLACK RIO;6;6;6;23046217;010926102816046;181045741;;;;07/29/2031 00:00:00;6;13755501;01/09/2026 10:28:16;Agustin;Scirica;24327787;01/09/2026 09:51:17;6867;Javier;Lescano;Agustin Scirica;Javier Lescano
14109208;01/09/2026 10:28:17;3;2;0001  214770-1;04;CAMIONETA VIE 2;2091390;"BR08    ";"BAEZ RAMON ANTONIO                                ";BOULOGNE SUR MER 864;954922;"BCH19          ";"BACHA DE APOYAR BLANCA 365x235x120                                    ";6;6;6;23046217;010926102816046;181046108;;;;07/28/2031 00:00:00;6;13755501;01/09/2026 10:28:16;Agustin;Scirica;24327787;01/09/2026 09:51:17;6867;Javier;Lescano;Agustin Scirica;Javier Lescano
14109209;01/09/2026 09:42:11;3;2;0001  214782-1;04;CAMIONETA VIE 2;2093671;"NE04    ";"NEOMAT S.A.                                       ";AV.TEHUELCHE 1070;952712;"61-176         ";61-176 - LAVATORIO MONOC ALTO CR RIO;10;10;10;23044590;010926094209172;181037889;;;;10/09/2031 00:00:00;10;13754194;01/09/2026 09:42:09;Tiago;Rodriguez;24326238;01/09/2026 09:26:57;7673;Maximo;Batista;Tiago Rodriguez;Maximo Batista
14109209;01/09/2026 09:42:11;3;2;0001  214782-1;04;CAMIONETA VIE 2;2093671;"NE04    ";"NEOMAT S.A.                                       ";AV.TEHUELCHE 1070;952728;"61-205         ";61-205 - LAVATORIO MONOC ALTO STEEL;10;10;10;23044590;010926094209172;181038136;;;;07/28/2031 00:00:00;10;13754194;01/09/2026 09:42:09;Tiago;Rodriguez;24326238;01/09/2026 09:26:57;7673;Maximo;Batista;Tiago Rodriguez;Maximo Batista
14109209;01/09/2026 09:42:11;3;2;0001  214782-1;04;CAMIONETA VIE 2;2093671;"NE04    ";"NEOMAT S.A.                                       ";AV.TEHUELCHE 1070;954901;"BCH01          ";BCH01 - BACHA DE APOYAR CIRCULAR 320x145;20;20;20;23044590;010926094209172;181037464;;;;07/28/2031 00:00:00;20;13754194;01/09/2026 09:42:09;Tiago;Rodriguez;24326238;01/09/2026 09:26:57;7673;Maximo;Batista;Tiago Rodriguez;Maximo Batista
14110310;09/09/2026 09:41:12;3;2;0001  214523-1;01;EASY 10-9;2091589;"CE01    ";"CENCOSUD S.A.                                     ";SAN LORENZO 4153;954678;"A842           ";A842 - DUCHADOR ANTICALCAREO 5 FUNCIONES C/SOPORTE Y FLEX;48;48;48;23060034;090926094111863;181164704;;;;07/28/2031 00:00:00;48;13878238;09/09/2026 09:41:11;Gustavo;Soderquvist;24341724;01/09/2026 15:25:34;7152;Mirko;Hernandez;Gustavo Soderquvist;Mirko Hernandez
14110310;09/09/2026 09:41:12;3;2;0001  214523-1;01;EASY 10-9;2091589;"CE01    ";"CENCOSUD S.A.                                     ";SAN LORENZO 4153;954656;"A819           ";A819 - DUCHADOR ANTICALCAREO C/FLEXIBLE Y SOPORTE;25;25;25;23060034;090926094111863;181164009;;;;07/27/2031 00:00:00;25;13878238;09/09/2026 09:41:11;Gustavo;Soderquvist;24341724;01/09/2026 15:25:34;7152;Mirko;Hernandez;Gustavo Soderquvist;Mirko Hernandez
14110310;09/09/2026 09:41:12;3;2;0001  214523-1;01;EASY 10-9;2091589;"CE01    ";"CENCOSUD S.A.                                     ";SAN LORENZO 4153;954651;"A816           ";"A816 - DUCHA 6"" C/BRAZO Y CAMPANA CR";151;151;151;23060034;090926094111863;181159778;;;;07/27/2031 00:00:00;151;13878238;09/09/2026 09:41:11;Gustavo;Soderquvist;24341724;01/09/2026 15:25:34;7152;Mirko;Hernandez;Gustavo Soderquvist;Mirko Hernandez
14110310;09/09/2026 09:41:12;3;2;0001  214523-1;01;EASY 10-9;2091589;"CE01    ";"CENCOSUD S.A.                                     ";SAN LORENZO 4153;954650;"A815           ";"A815 - DUCHA 8"" C/BRAZO Y CAMPANA CR";7;7;7;23060034;090926094111863;181160612;;;;07/28/2031 00:00:00;7;13878238;09/09/2026 09:41:11;Gustavo;Soderquvist;24341724;01/09/2026 15:25:34;7152;Mirko;Hernandez;Gustavo Soderquvist;Mirko Hernandez
14110310;09/09/2026 09:41:12;3;2;0001  214523-1;01;EASY 10-9;2091589;"CE01    ";"CENCOSUD S.A.                                     ";SAN LORENZO 4153;954649;"A814           ";A814 - DUCHA C/BRAZO Y CAMPANA CR;20;20;20;23060034;090926094111863;181168959;;;;08/13/2031 00:00:00;20;13878238;09/09/2026 09:41:11;Gustavo;Soderquvist;24341724;01/09/2026 15:25:34;7152;Mirko;Hernandez;Gustavo Soderquvist;Mirko Hernandez
14110310;09/09/2026 09:41:12;3;2;0001  214523-1;01;EASY 10-9;2091589;"CE01    ";"CENCOSUD S.A.                                     ";SAN LORENZO 4153;954648;"A813           ";A813 - DUCHA C/BRAZO Y CAMPANA CR 3 FUNCIONES;28;28;28;23060034;090926094111863;181162033;;;;07/27/2031 00:00:00;28;13878238;09/09/2026 09:41:11;Gustavo;Soderquvist;24341724;01/09/2026 15:25:34;7152;Mirko;Hernandez;Gustavo Soderquvist;Mirko Hernandez
14110310;09/09/2026 09:41:12;3;2;0001  214523-1;01;EASY 10-9;2091589;"CE01    ";"CENCOSUD S.A.                                     ";SAN LORENZO 4153;953031;"80-013         ";80-013 - DUCHA EMB. C/TRANSF. CR SEVILLA;10;10;10;23060034;090926094111863;181150653;;;;07/27/2031 00:00:00;10;13878238;09/09/2026 09:41:11;Gustavo;Soderquvist;24341724;01/09/2026 15:25:34;7152;Mirko;Hernandez;Gustavo Soderquvist;Mirko Hernandez
14110310;09/09/2026 09:41:12;3;2;0001  214523-1;01;EASY 10-9;2091589;"CE01    ";"CENCOSUD S.A.                                     ";SAN LORENZO 4153;952834;"70-013         ";70-013 - BIDE CR SEVILLA;20;20;20;23060034;090926094111863;181151305;;;;11/01/2031 00:00:00;20;13878238;09/09/2026 09:41:11;Gustavo;Soderquvist;24341724;01/09/2026 15:25:34;7152;Mirko;Hernandez;Gustavo Soderquvist;Mirko Hernandez
14110310;09/09/2026 09:41:12;3;2;0001  214523-1;01;EASY 10-9;2091589;"CE01    ";"CENCOSUD S.A.                                     ";SAN LORENZO 4153;952554;"60-013         ";60-013 - LAVATORIO CR SEVILLA;20;20;20;23060034;090926094111863;181152620;;;;12/07/2031 00:00:00;20;13878238;09/09/2026 09:41:11;Gustavo;Soderquvist;24341724;01/09/2026 15:25:34;7152;Mirko;Hernandez;Gustavo Soderquvist;Mirko Hernandez
14110310;09/09/2026 09:41:12;3;2;0001  214523-1;01;EASY 10-9;2091589;"CE01    ";"CENCOSUD S.A.                                     ";SAN LORENZO 4153;951748;"3006           ";3006 - SET DE 6 PIEZAS LINEA 3000;13;13;13;23060034;090926094111863;181154234;;;;07/29/2031 00:00:00;13;13878238;09/09/2026 09:41:11;Gustavo;Soderquvist;24341724;01/09/2026 15:25:34;7152;Mirko;Hernandez;Gustavo Soderquvist;Mirko Hernandez
14110311;08/09/2026 16:05:01;3;2;0001  214524-1;01;EASY 10-9;2091589;"CE01    ";"CENCOSUD S.A.                                     ";SAN LORENZO 4153;951508;"20-121         ";20-121 - COCINA MSDA MONOC.P. REDONDO MARBELLA;5;5;5;23214709;080926160501289;182327273;;;;07/30/2031 00:00:00;5;13871023;08/09/2026 16:05:01;Gustavo;Soderquvist;24494138;08/09/2026 07:07:05;6414;Agustin;Scirica;Gustavo Soderquvist;Agustin Scirica
14110311;08/09/2026 16:05:01;3;2;0001  214524-1;01;EASY 10-9;2091589;"CE01    ";"CENCOSUD S.A.                                     ";SAN LORENZO 4153;951820;"30-121         ";30-121 - COCINA MSDA MONOC.P. CUADRADO MARBELLA;5;5;5;23214709;080926160501289;182327061;;;;11/08/2031 00:00:00;5;13871023;08/09/2026 16:05:01;Gustavo;Soderquvist;24494138;08/09/2026 07:07:05;6414;Agustin;Scirica;Gustavo Soderquvist;Agustin Scirica
14110311;08/09/2026 16:05:01;3;2;0001  214524-1;01;EASY 10-9;2091589;"CE01    ";"CENCOSUD S.A.                                     ";SAN LORENZO 4153;952391;"50-026         ";50-026 - JGO.MDA.P.FUNDIDO MURCIA PLUS;10;10;10;23214709;080926160501289;182328778;;;;01/12/2032 00:00:00;10;13871023;08/09/2026 16:05:01;Gustavo;Soderquvist;24494138;08/09/2026 07:07:05;6414;Agustin;Scirica;Gustavo Soderquvist;Agustin Scirica
14110311;08/09/2026 16:05:01;3;2;0001  214524-1;01;EASY 10-9;2091589;"CE01    ";"CENCOSUD S.A.                                     ";SAN LORENZO 4153;952481;"53-023         ";53-023 - COCINA PARED EXT. P.ALTO BL/CR ARES PLUS;30;30;30;23214709;080926160501289;182328591;;;;11/26/2031 00:00:00;30;13871023;08/09/2026 16:05:01;Gustavo;Soderquvist;24494138;08/09/2026 07:07:05;6414;Agustin;Scirica;Gustavo Soderquvist;Agustin Scirica
14110311;08/09/2026 16:05:01;3;2;0001  214524-1;01;EASY 10-9;2091589;"CE01    ";"CENCOSUD S.A.                                     ";SAN LORENZO 4153;952564;"60-025         ";60-025 - LAVATORIO BLANCO BASICA PLUS;20;20;20;23214709;080926160501289;182327873;;;;11/04/2031 00:00:00;20;13871023;08/09/2026 16:05:01;Gustavo;Soderquvist;24494138;08/09/2026 07:07:05;6414;Agustin;Scirica;Gustavo Soderquvist;Agustin Scirica
14110311;08/09/2026 16:05:01;3;2;0001  214524-1;01;EASY 10-9;2091589;"CE01    ";"CENCOSUD S.A.                                     ";SAN LORENZO 4153;953038;"80-023         ";80-023 - DUCHA EMB. C/TRANSF. BL/CR ARES PLUS;10;10;10;23214709;080926160501289;182328676;;;;07/31/2031 00:00:00;10;13871023;08/09/2026 16:05:01;Gustavo;Soderquvist;24494138;08/09/2026 07:07:05;6414;Agustin;Scirica;Gustavo Soderquvist;Agustin Scirica
14110311;08/09/2026 16:05:01;3;2;0001  214524-1;01;EASY 10-9;2091589;"CE01    ";"CENCOSUD S.A.                                     ";SAN LORENZO 4153;953040;"80-025         ";80-025 - DUCHA EMB.C/TRANSF.BL BASICA PLUS;20;20;20;23214709;080926160501289;182327917;;;;07/28/2031 00:00:00;20;13871023;08/09/2026 16:05:01;Gustavo;Soderquvist;24494138;08/09/2026 07:07:05;6414;Agustin;Scirica;Gustavo Soderquvist;Agustin Scirica
14110311;08/09/2026 16:05:01;3;2;0001  214524-1;01;EASY 10-9;2091589;"CE01    ";"CENCOSUD S.A.                                     ";SAN LORENZO 4153;953056;"8005           ";8005 - SET DE 5 PIEZAS LINEA 8000;10;10;10;23214709;080926160501289;182326826;;;;07/27/2031 00:00:00;10;13871023;08/09/2026 16:05:01;Gustavo;Soderquvist;24494138;08/09/2026 07:07:05;6414;Agustin;Scirica;Gustavo Soderquvist;Agustin Scirica
14110311;08/09/2026 16:05:01;3;2;0001  214524-1;01;EASY 10-9;2091589;"CE01    ";"CENCOSUD S.A.                                     ";SAN LORENZO 4153;953063;"8006           ";8006 - SET DE 6 PIEZAS LINEA 8000;20;20;20;23214709;080926160501289;182326755;;;;07/29/2031 00:00:00;20;13871023;08/09/2026 16:05:01;Gustavo;Soderquvist;24494138;08/09/2026 07:07:05;6414;Agustin;Scirica;Gustavo Soderquvist;Agustin Scirica
14110311;08/09/2026 16:05:01;3;2;0001  214524-1;01;EASY 10-9;2091589;"CE01    ";"CENCOSUD S.A.                                     ";SAN LORENZO 4153;953605;"A019           ";"SOPORTE P/DUCHADOR CROMO C/BLISTER                                    ";15;15;15;23214709;080926160501289;182327498;;;;07/28/2031 00:00:00;15;13871023;08/09/2026 16:05:01;Gustavo;Soderquvist;24494138;08/09/2026 07:07:05;6414;Agustin;Scirica;Gustavo Soderquvist;Agustin Scirica
14110312;09/09/2026 07:00:13;3;2;0001  214525-1;01;EASY 10-9;2091589;"CE01    ";"CENCOSUD S.A.                                     ";SAN LORENZO 4153;951523;"20-134         ";20-134 - MONOCOMANDO COCINA BETIS;40;40;40;23214466;090926070011448;182326348;;;;08/11/2031 00:00:00;40;13875394;09/09/2026 07:00:11;Gustavo;Soderquvist;24493897;08/09/2026 07:01:34;7636;Kevin;Arce;Gustavo Soderquvist;Kevin Arce
14110312;09/09/2026 07:00:13;3;2;0001  214525-1;01;EASY 10-9;2091589;"CE01    ";"CENCOSUD S.A.                                     ";SAN LORENZO 4153;951524;"20-135         ";20-135 - MONOCOMANDO COCINA SANTANDER;5;5;5;23214466;090926070011448;182327285;;;;07/28/2031 00:00:00;5;13875394;09/09/2026 07:00:11;Gustavo;Soderquvist;24493897;08/09/2026 07:01:34;7636;Kevin;Arce;Gustavo Soderquvist;Kevin Arce
14110312;09/09/2026 07:00:13;3;2;0001  214525-1;01;EASY 10-9;2091589;"CE01    ";"CENCOSUD S.A.                                     ";SAN LORENZO 4153;952618;"60-133         ";60-133 - LAVATORIO MONOCOMANDO LUGO;15;15;15;23214466;090926070011448;182326463;;;;07/29/2031 00:00:00;15;13875394;09/09/2026 07:00:11;Gustavo;Soderquvist;24493897;08/09/2026 07:01:34;7636;Kevin;Arce;Gustavo Soderquvist;Kevin Arce
14110312;09/09/2026 07:00:13;3;2;0001  214525-1;01;EASY 10-9;2091589;"CE01    ";"CENCOSUD S.A.                                     ";SAN LORENZO 4153;952621;"60-136         ";60-136 - LAVATORIO C.CERAM CR MARBELLA PLUS;15;15;15;23214466;090926070011448;182328091;;;;10/25/2031 00:00:00;15;13875394;09/09/2026 07:00:11;Gustavo;Soderquvist;24493897;08/09/2026 07:01:34;7636;Kevin;Arce;Gustavo Soderquvist;Kevin Arce
14110312;09/09/2026 07:00:13;3;2;0001  214525-1;01;EASY 10-9;2091589;"CE01    ";"CENCOSUD S.A.                                     ";SAN LORENZO 4153;952622;"60-138         ";60-138 - LAVATORIO C.CERAM CR VALENCIA PLUS;10;10;10;23214466;090926070011448;182328402;;;;10/08/2031 00:00:00;10;13875394;09/09/2026 07:00:11;Gustavo;Soderquvist;24493897;08/09/2026 07:01:34;7636;Kevin;Arce;Gustavo Soderquvist;Kevin Arce
14110312;09/09/2026 07:00:13;3;2;0001  214525-1;01;EASY 10-9;2091589;"CE01    ";"CENCOSUD S.A.                                     ";SAN LORENZO 4153;952896;"70-133         ";70-133 - BIDE MONOCOMANDO LUGO;5;5;5;23214466;090926070011448;182326795;;;;07/30/2031 00:00:00;5;13875394;09/09/2026 07:00:11;Gustavo;Soderquvist;24493897;08/09/2026 07:01:34;7636;Kevin;Arce;Gustavo Soderquvist;Kevin Arce
14110312;09/09/2026 07:00:13;3;2;0001  214525-1;01;EASY 10-9;2091589;"CE01    ";"CENCOSUD S.A.                                     ";SAN LORENZO 4153;952900;"70-138         ";70-138 - BIDE C.CERAM CR VALENCIA PLUS;5;5;5;23214466;090926070011448;182328446;;;;08/18/2031 00:00:00;5;13875394;09/09/2026 07:00:11;Gustavo;Soderquvist;24493897;08/09/2026 07:01:34;7636;Kevin;Arce;Gustavo Soderquvist;Kevin Arce
14110312;09/09/2026 07:00:13;3;2;0001  214525-1;01;EASY 10-9;2091589;"CE01    ";"CENCOSUD S.A.                                     ";SAN LORENZO 4153;953090;"80-136         ";80-136 - DUCHA EMB. C/TRANSF. CR C.C. MARBELLA PLUS;16;16;16;23214466;090926070011448;182327802;;;;10/29/2031 00:00:00;16;13875394;09/09/2026 07:00:11;Gustavo;Soderquvist;24493897;08/09/2026 07:01:34;7636;Kevin;Arce;Gustavo Soderquvist;Kevin Arce
14110312;09/09/2026 07:00:13;3;2;0001  214525-1;01;EASY 10-9;2091589;"CE01    ";"CENCOSUD S.A.                                     ";SAN LORENZO 4153;953091;"80-138         ";80-138 - DUCHA EMB. C/TRANSF. CR C.CERAM VALENCIA PLUS;4;4;4;23214466;090926070011448;182328287;;;;01/14/2032 00:00:00;4;13875394;09/09/2026 07:00:11;Gustavo;Soderquvist;24493897;08/09/2026 07:01:34;7636;Kevin;Arce;Gustavo Soderquvist;Kevin Arce
14110312;09/09/2026 07:00:13;3;2;0001  214525-1;01;EASY 10-9;2091589;"CE01    ";"CENCOSUD S.A.                                     ";SAN LORENZO 4153;953312;"83-133         ";83-133 - DUCHA EXT. C/TRANSF. MONOCOMANDO LUGO;15;15;15;23214466;090926070011448;182326570;;;;07/30/2031 00:00:00;15;13875394;09/09/2026 07:00:11;Gustavo;Soderquvist;24493897;08/09/2026 07:01:34;7636;Kevin;Arce;Gustavo Soderquvist;Kevin Arce
14110313;08/09/2026 14:09:53;3;2;0001  214526-1;01;EASY 10-9;2091589;"CE01    ";"CENCOSUD S.A.                                     ";SAN LORENZO 4153;951114;"12005          ";"SET DE 5 PIEZAS LINEA 12000                                           ";10;10;10;23215232;080926140952643;182330274;;;;07/30/2031 00:00:00;10;13866284;08/09/2026 14:09:52;Gustavo;Soderquvist;24494804;08/09/2026 08:01:09;6414;Agustin;Scirica;Gustavo Soderquvist;Agustin Scirica
14110313;08/09/2026 14:09:53;3;2;0001  214526-1;01;EASY 10-9;2091589;"CE01    ";"CENCOSUD S.A.                                     ";SAN LORENZO 4153;951132;"13006          ";"SET DE 6 PIEZAS LINEA 13000                                           ";10;10;10;23215232;080926140952643;182330619;;;;07/28/2031 00:00:00;10;13866284;08/09/2026 14:09:52;Gustavo;Soderquvist;24494804;08/09/2026 08:01:09;6414;Agustin;Scirica;Gustavo Soderquvist;Agustin Scirica
14110313;08/09/2026 14:09:53;3;2;0001  214526-1;01;EASY 10-9;2091589;"CE01    ";"CENCOSUD S.A.                                     ";SAN LORENZO 4153;951535;"20-160         ";20-160 - MONOCOMANDO MESADA COCINA DIQUE;80;80;80;23215232;080926140952643;182331744;;;;07/28/2031 00:00:00;80;13866284;08/09/2026 14:09:52;Gustavo;Soderquvist;24494804;08/09/2026 08:01:09;6414;Agustin;Scirica;Gustavo Soderquvist;Agustin Scirica
14110313;08/09/2026 14:09:53;3;2;0001  214526-1;01;EASY 10-9;2091589;"CE01    ";"CENCOSUD S.A.                                     ";SAN LORENZO 4153;952498;"54-130         ";54-130 - MONOCOMANDO COCINA PARED EXT BILBAO;6;6;6;23215232;080926140952643;182331818;;;;07/27/2031 00:00:00;6;13866284;08/09/2026 14:09:52;Gustavo;Soderquvist;24494804;08/09/2026 08:01:09;6414;Agustin;Scirica;Gustavo Soderquvist;Agustin Scirica
14110313;08/09/2026 14:09:53;3;2;0001  214526-1;01;EASY 10-9;2091589;"CE01    ";"CENCOSUD S.A.                                     ";SAN LORENZO 4153;953069;"8010           ";8010 - TOALLERO BARRAL LINEA 8000;20;20;20;23215232;080926140952643;182334957;;;;07/27/2031 00:00:00;20;13866284;08/09/2026 14:09:52;Gustavo;Soderquvist;24494804;08/09/2026 08:01:09;6414;Agustin;Scirica;Gustavo Soderquvist;Agustin Scirica
14110313;08/09/2026 14:09:53;3;2;0001  214526-1;01;EASY 10-9;2091589;"CE01    ";"CENCOSUD S.A.                                     ";SAN LORENZO 4153;953167;"8030           ";8030 - PERCHA LINEA 8000;45;45;45;23215232;080926140952643;182335376;;;;07/29/2031 00:00:00;45;13866284;08/09/2026 14:09:52;Gustavo;Soderquvist;24494804;08/09/2026 08:01:09;6414;Agustin;Scirica;Gustavo Soderquvist;Agustin Scirica
14110313;08/09/2026 14:09:53;3;2;0001  214526-1;01;EASY 10-9;2091589;"CE01    ";"CENCOSUD S.A.                                     ";SAN LORENZO 4153;953182;"8040           ";8040 - PORTA ROLLO LINEA 8000;50;50;50;23215232;080926140952643;182335616;;;;08/27/2031 00:00:00;50;13866284;08/09/2026 14:09:52;Gustavo;Soderquvist;24494804;08/09/2026 08:01:09;6414;Agustin;Scirica;Gustavo Soderquvist;Agustin Scirica
14110313;08/09/2026 14:09:53;3;2;0001  214526-1;01;EASY 10-9;2091589;"CE01    ";"CENCOSUD S.A.                                     ";SAN LORENZO 4153;953183;"8050           ";8050 - JABONERA LINEA 8000;60;60;60;23215232;080926140952643;182335970;;;;07/27/2031 00:00:00;60;13866284;08/09/2026 14:09:52;Gustavo;Soderquvist;24494804;08/09/2026 08:01:09;6414;Agustin;Scirica;Gustavo Soderquvist;Agustin Scirica
14110313;08/09/2026 14:09:53;3;2;0001  214526-1;01;EASY 10-9;2091589;"CE01    ";"CENCOSUD S.A.                                     ";SAN LORENZO 4153;953184;"8060           ";8060 - PORTA CEPILLO LINEA 8000;16;16;16;23215232;080926140952643;182335910;;;;07/27/2031 00:00:00;16;13866284;08/09/2026 14:09:52;Gustavo;Soderquvist;24494804;08/09/2026 08:01:09;6414;Agustin;Scirica;Gustavo Soderquvist;Agustin Scirica
14110313;08/09/2026 14:09:53;3;2;0001  214526-1;01;EASY 10-9;2091589;"CE01    ";"CENCOSUD S.A.                                     ";SAN LORENZO 4153;954791;"A996           ";A996 - DUCHA 8' CUADRADA CR C/BRAZO Y CAMPANA;32;32;32;23215232;080926140952643;182334389;;;;07/29/2031 00:00:00;32;13866284;08/09/2026 14:09:52;Gustavo;Soderquvist;24494804;08/09/2026 08:01:09;6414;Agustin;Scirica;Gustavo Soderquvist;Agustin Scirica
14110314;01/09/2026 13:53:12;3;2;0001  214527-1;01;EASY 10-9;2091589;"CE01    ";"CENCOSUD S.A.                                     ";SAN LORENZO 4153;951760;"3006SS         ";3006SS - SET DE 6 PIEZAS LINEA 3000 SS;30;30;30;23049811;010926135312015;181076437;;;;07/29/2031 00:00:00;30;13761153;01/09/2026 13:53:12;Gustavo;Soderquvist;24331237;01/09/2026 11:40:57;7636;Kevin;Arce;Gustavo Soderquvist;Kevin Arce
14110314;01/09/2026 13:53:12;3;2;0001  214527-1;01;EASY 10-9;2091589;"CE01    ";"CENCOSUD S.A.                                     ";SAN LORENZO 4153;952555;"60-014         ";60-014 - LAVATORIO CR MORA STD;30;30;30;23049811;010926135312015;181083863;;;;01/13/2032 00:00:00;30;13761153;01/09/2026 13:53:12;Gustavo;Soderquvist;24331237;01/09/2026 11:40:57;7636;Kevin;Arce;Gustavo Soderquvist;Kevin Arce
14110314;01/09/2026 13:53:12;3;2;0001  214527-1;01;EASY 10-9;2091589;"CE01    ";"CENCOSUD S.A.                                     ";SAN LORENZO 4153;952582;"60-057         ";60-057 - LAVATORIO C.STD VERIN PLUS;30;30;30;23049811;010926135312015;181080120;;;;01/06/2032 00:00:00;30;13761153;01/09/2026 13:53:12;Gustavo;Soderquvist;24331237;01/09/2026 11:40:57;7636;Kevin;Arce;Gustavo Soderquvist;Kevin Arce
14110314;01/09/2026 13:53:12;3;2;0001  214527-1;01;EASY 10-9;2091589;"CE01    ";"CENCOSUD S.A.                                     ";SAN LORENZO 4153;952662;"60-194         ";60-194 - LAVATORIO CR C.CERAM LINEA LARA;10;10;10;23049811;010926135312015;181085418;;;;01/14/2032 00:00:00;10;13761153;01/09/2026 13:53:12;Gustavo;Soderquvist;24331237;01/09/2026 11:40:57;7636;Kevin;Arce;Gustavo Soderquvist;Kevin Arce
14110314;01/09/2026 13:53:12;3;2;0001  214527-1;01;EASY 10-9;2091589;"CE01    ";"CENCOSUD S.A.                                     ";SAN LORENZO 4153;952940;"70-194         ";70-194 - BIDE CR C.CERAM LINEA LARA;5;5;5;23049811;010926135312015;181086176;;;;07/27/2031 00:00:00;5;13761153;01/09/2026 13:53:12;Gustavo;Soderquvist;24331237;01/09/2026 11:40:57;7636;Kevin;Arce;Gustavo Soderquvist;Kevin Arce
14110314;01/09/2026 13:53:12;3;2;0001  214527-1;01;EASY 10-9;2091589;"CE01    ";"CENCOSUD S.A.                                     ";SAN LORENZO 4153;953059;"80-057         ";80-057 - DUCHA EMB. C/TRANSF. C.STD VERIN PLUS;10;10;10;23049811;010926135312015;181080937;;;;01/04/2032 00:00:00;10;13761153;01/09/2026 13:53:12;Gustavo;Soderquvist;24331237;01/09/2026 11:40:57;7636;Kevin;Arce;Gustavo Soderquvist;Kevin Arce
14110314;01/09/2026 13:53:12;3;2;0001  214527-1;01;EASY 10-9;2091589;"CE01    ";"CENCOSUD S.A.                                     ";SAN LORENZO 4153;953141;"80-194         ";80-194 - DUCHA EMB. C/TRANSF. CR C.CERAM LARA;8;8;8;23049811;010926135312015;181086745;;;;07/27/2031 00:00:00;8;13761153;01/09/2026 13:53:12;Gustavo;Soderquvist;24331237;01/09/2026 11:40:57;7636;Kevin;Arce;Gustavo Soderquvist;Kevin Arce
14110314;01/09/2026 13:53:12;3;2;0001  214527-1;01;EASY 10-9;2091589;"CE01    ";"CENCOSUD S.A.                                     ";SAN LORENZO 4153;954805;"AB-002         ";AB-002 - AGARRADERA ACERO INOX CROMADO 40 CM SAFE;10;10;10;23049811;010926135312015;181075417;;;;08/12/2031 00:00:00;10;13761153;01/09/2026 13:53:12;Gustavo;Soderquvist;24331237;01/09/2026 11:40:57;7636;Kevin;Arce;Gustavo Soderquvist;Kevin Arce
14110314;01/09/2026 13:53:12;3;2;0001  214527-1;01;EASY 10-9;2091589;"CE01    ";"CENCOSUD S.A.                                     ";SAN LORENZO 4153;954908;"BCH07          ";BCH07 - BACHA DE APOYAR OVALADA 400x330x150;14;14;14;23049811;010926135312015;181072248;;;;07/29/2031 00:00:00;14;13761153;01/09/2026 13:53:12;Gustavo;Soderquvist;24331237;01/09/2026 11:40:57;7636;Kevin;Arce;Gustavo Soderquvist;Kevin Arce
14110314;01/09/2026 13:53:12;3;2;0001  214527-1;01;EASY 10-9;2091589;"CE01    ";"CENCOSUD S.A.                                     ";SAN LORENZO 4153;950974;"10005BL        ";"SET DE 5 PIEZAS LINEA 10000 BLACK                                     ";10;10;10;23049811;010926135312015;181073687;;;;07/28/2031 00:00:00;10;13761153;01/09/2026 13:53:12;Gustavo;Soderquvist;24331237;01/09/2026 11:40:57;7636;Kevin;Arce;Gustavo Soderquvist;Kevin Arce
14110316;09/09/2026 07:44:00;3;2;0001  214528-1;01;EASY 10-9;2091589;"CE01    ";"CENCOSUD S.A.                                     ";SAN LORENZO 4153;951112;"12003          ";"SET DE 3 PIEZAS LINEA 12000                                           ";20;20;20;23214623;090926074358911;182326322;;;;08/12/2031 00:00:00;20;13875881;09/09/2026 07:43:58;Gustavo;Soderquvist;24494047;08/09/2026 06:48:42;7152;Mirko;Hernandez;Gustavo Soderquvist;Mirko Hernandez
14110316;09/09/2026 07:44:00;3;2;0001  214528-1;01;EASY 10-9;2091589;"CE01    ";"CENCOSUD S.A.                                     ";SAN LORENZO 4153;952437;"51-057         ";51-057 - COCINA MESADA CR C.STD VERIN PLUS;40;40;40;23214623;090926074358911;182326655;;;;01/27/2032 00:00:00;40;13875881;09/09/2026 07:43:58;Gustavo;Soderquvist;24494047;08/09/2026 06:48:42;7152;Mirko;Hernandez;Gustavo Soderquvist;Mirko Hernandez
14110316;09/09/2026 07:44:00;3;2;0001  214528-1;01;EASY 10-9;2091589;"CE01    ";"CENCOSUD S.A.                                     ";SAN LORENZO 4153;952452;"51-122         ";51-122 - MESADA BIMANDO CR C.CERAM VALENCIA;9;9;9;23214623;090926074358911;182327592;;;;01/17/2032 00:00:00;9;13875881;09/09/2026 07:43:58;Gustavo;Soderquvist;24494047;08/09/2026 06:48:42;7152;Mirko;Hernandez;Gustavo Soderquvist;Mirko Hernandez
14110316;09/09/2026 07:44:00;3;2;0001  214528-1;01;EASY 10-9;2091589;"CE01    ";"CENCOSUD S.A.                                     ";SAN LORENZO 4153;952453;"51-131         ";51-131 - MESADA BIMANDO CR C.CERAM MALLORCA;9;9;9;23214623;090926074358911;182327765;;;;01/12/2032 00:00:00;9;13875881;09/09/2026 07:43:58;Gustavo;Soderquvist;24494047;08/09/2026 06:48:42;7152;Mirko;Hernandez;Gustavo Soderquvist;Mirko Hernandez
14110316;09/09/2026 07:44:00;3;2;0001  214528-1;01;EASY 10-9;2091589;"CE01    ";"CENCOSUD S.A.                                     ";SAN LORENZO 4153;952631;"60-153         ";60-153 - LAVATORIO CR C.CERAMICO CASTILLA;8;8;8;23214623;090926074358911;182326867;;;;11/23/2031 00:00:00;8;13875881;09/09/2026 07:43:58;Gustavo;Soderquvist;24494047;08/09/2026 06:48:42;7152;Mirko;Hernandez;Gustavo Soderquvist;Mirko Hernandez
14110316;09/09/2026 07:44:00;3;2;0001  214528-1;01;EASY 10-9;2091589;"CE01    ";"CENCOSUD S.A.                                     ";SAN LORENZO 4153;952740;"62-100G        ";62-100G - LAVATORIO DE PARED GOLD C.CERAM FABRIC;10;10;10;23214623;090926074358911;182327024;;;;12/20/2031 00:00:00;10;13875881;09/09/2026 07:43:58;Gustavo;Soderquvist;24494047;08/09/2026 06:48:42;7152;Mirko;Hernandez;Gustavo Soderquvist;Mirko Hernandez
14110316;09/09/2026 07:44:00;3;2;0001  214528-1;01;EASY 10-9;2091589;"CE01    ";"CENCOSUD S.A.                                     ";SAN LORENZO 4153;953061;"80-059         ";80-059 - DUCHA EMB. C/TRANSF.BL/CR C.STD MALBA;15;15;15;23214623;090926074358911;182327233;;;;02/01/2032 00:00:00;15;13875881;09/09/2026 07:43:58;Gustavo;Soderquvist;24494047;08/09/2026 06:48:42;7152;Mirko;Hernandez;Gustavo Soderquvist;Mirko Hernandez
14110316;09/09/2026 07:44:00;3;2;0001  214528-1;01;EASY 10-9;2091589;"CE01    ";"CENCOSUD S.A.                                     ";SAN LORENZO 4153;953072;"80-100N        ";80-100N - DUCHA EMB. C/TRANSF. BLACK C.CERAM FABRIC;3;3;3;23214623;090926074358911;182327653;;;;10/29/2031 00:00:00;3;13875881;09/09/2026 07:43:58;Gustavo;Soderquvist;24494047;08/09/2026 06:48:42;7152;Mirko;Hernandez;Gustavo Soderquvist;Mirko Hernandez
14110316;09/09/2026 07:44:00;3;2;0001  214528-1;01;EASY 10-9;2091589;"CE01    ";"CENCOSUD S.A.                                     ";SAN LORENZO 4153;953150;"80-199N        ";80-199N - DUCHA EMB. C/TRANSF. BLACK C.CERAM LIVE;3;3;3;23214623;090926074358911;182327405;;;;09/27/2031 00:00:00;3;13875881;09/09/2026 07:43:58;Gustavo;Soderquvist;24494047;08/09/2026 06:48:42;7152;Mirko;Hernandez;Gustavo Soderquvist;Mirko Hernandez
14110316;09/09/2026 07:44:00;3;2;0001  214528-1;01;EASY 10-9;2091589;"CE01    ";"CENCOSUD S.A.                                     ";SAN LORENZO 4153;953412;"90-057         ";90-057 - PACK GRIF.VERIN PLUS (Lavatorio-Bide-Ducha c/t);4;4;4;23214623;090926074358911;182327301;;;;11/19/2031 00:00:00;4;13875881;09/09/2026 07:43:58;Gustavo;Soderquvist;24494047;08/09/2026 06:48:42;7152;Mirko;Hernandez;Gustavo Soderquvist;Mirko Hernandez
14110318;01/09/2026 14:38:56;3;2;0001  214529-1;01;EASY 10-9;2091589;"CE01    ";"CENCOSUD S.A.                                     ";SAN LORENZO 4153;951512;"20-122         ";"MONOCOMANDO COCINA CR C/PICO EXTRAIBLE VALENCIA                       ";14;14;14;23048934;010926143856337;181077906;;;;08/06/2031 00:00:00;14;13761315;01/09/2026 14:38:56;Tiago;Rodriguez;24330335;01/09/2026 11:55:43;6867;Javier;Lescano;Tiago Rodriguez;Javier Lescano
14110318;01/09/2026 14:38:56;3;2;0001  214529-1;01;EASY 10-9;2091589;"CE01    ";"CENCOSUD S.A.                                     ";SAN LORENZO 4153;951513;"20-122N        ";20-122N - MONOCOMANDO COCINA C/PICO EXTRAIBLE VALENCIA BLACK;14;14;14;23048934;010926143856337;181069615;;;;08/06/2031 00:00:00;2;13761315;01/09/2026 14:38:56;Tiago;Rodriguez;24330335;01/09/2026 11:55:43;6867;Javier;Lescano;Tiago Rodriguez;Javier Lescano
14110318;01/09/2026 14:38:56;3;2;0001  214529-1;01;EASY 10-9;2091589;"CE01    ";"CENCOSUD S.A.                                     ";SAN LORENZO 4153;951530;"20-146         ";20-146 - MONOCOMANDO DE COCINA CR LINEA MOVE;391;391;391;23048934;010926143856337;181074762;;;;10/07/2031 00:00:00;1;13761315;01/09/2026 14:38:56;Tiago;Rodriguez;24330335;01/09/2026 11:55:43;6867;Javier;Lescano;Tiago Rodriguez;Javier Lescano
14110318;01/09/2026 14:38:56;3;2;0001  214529-1;01;EASY 10-9;2091589;"CE01    ";"CENCOSUD S.A.                                     ";SAN LORENZO 4153;952438;"51-058         ";51-058 - COCINA MESADA CR C.STD MALBA;49;49;49;23048934;010926143856337;181068871;;;;10/19/2031 00:00:00;49;13761315;01/09/2026 14:38:56;Tiago;Rodriguez;24330335;01/09/2026 11:55:43;6867;Javier;Lescano;Tiago Rodriguez;Javier Lescano
14110318;01/09/2026 14:38:56;3;2;0001  214529-1;01;EASY 10-9;2091589;"CE01    ";"CENCOSUD S.A.                                     ";SAN LORENZO 4153;952439;"51-059         ";51-059 - COCINA MESADA BL/CR C.STD MALBA;16;16;16;23048934;010926143856337;181068582;;;;12/13/2031 00:00:00;16;13761315;01/09/2026 14:38:56;Tiago;Rodriguez;24330335;01/09/2026 11:55:43;6867;Javier;Lescano;Tiago Rodriguez;Javier Lescano
14110318;01/09/2026 14:38:56;3;2;0001  214529-1;01;EASY 10-9;2091589;"CE01    ";"CENCOSUD S.A.                                     ";SAN LORENZO 4153;952677;"60-203         ";60-203 - LAVATORIO MONOCOMANDO BAJO ADRA;9;9;9;23048934;010926143856337;181070485;;;;02/10/2032 00:00:00;9;13761315;01/09/2026 14:38:56;Tiago;Rodriguez;24330335;01/09/2026 11:55:43;6867;Javier;Lescano;Tiago Rodriguez;Javier Lescano
14110318;01/09/2026 14:38:56;3;2;0001  214529-1;01;EASY 10-9;2091589;"CE01    ";"CENCOSUD S.A.                                     ";SAN LORENZO 4153;952726;"61-203         ";61-203 - LAVATORIO MONOCOMANDO ALTO ADRA;26;26;26;23048934;010926143856337;181071080;;;;01/11/2032 00:00:00;26;13761315;01/09/2026 14:38:56;Tiago;Rodriguez;24330335;01/09/2026 11:55:43;6867;Javier;Lescano;Tiago Rodriguez;Javier Lescano
14110318;01/09/2026 14:38:56;3;2;0001  214529-1;01;EASY 10-9;2091589;"CE01    ";"CENCOSUD S.A.                                     ";SAN LORENZO 4153;954226;"A1448C         ";"A1448C - CAÑO CURVO METALICO C/FLOR DE DUCHA 4"" ABS CR C/BLISTER";72;72;72;23048934;010926143856337;181081150;;;;08/13/2031 00:00:00;72;13761315;01/09/2026 14:38:56;Tiago;Rodriguez;24330335;01/09/2026 11:55:43;6867;Javier;Lescano;Tiago Rodriguez;Javier Lescano
14110318;01/09/2026 14:38:56;3;2;0001  214529-1;01;EASY 10-9;2091589;"CE01    ";"CENCOSUD S.A.                                     ";SAN LORENZO 4153;954225;"A1447C         ";"A1447C - FLOR DE DUCHA 4"" ABS CROMO C/BLISTER";44;44;44;23048934;010926143856337;181078482;;;;07/27/2031 00:00:00;44;13761315;01/09/2026 14:38:56;Tiago;Rodriguez;24330335;01/09/2026 11:55:43;6867;Javier;Lescano;Tiago Rodriguez;Javier Lescano
14110318;01/09/2026 14:38:56;3;2;0001  214529-1;01;EASY 10-9;2091589;"CE01    ";"CENCOSUD S.A.                                     ";SAN LORENZO 4153;951530;"20-146         ";20-146 - MONOCOMANDO DE COCINA CR LINEA MOVE;391;391;391;23057995;010926135218698;181131034;;;;10/07/2031 00:00:00;210;13761343;01/09/2026 13:52:18;Tiago;Rodriguez;;;;;;Tiago Rodriguez;
14110318;01/09/2026 14:38:56;3;2;0001  214529-1;01;EASY 10-9;2091589;"CE01    ";"CENCOSUD S.A.                                     ";SAN LORENZO 4153;951531;"20-146N        ";20-146N - MONOCOMANDO DE COCINA BLACK LINEA MOVE;17;17;17;23059193;010926141602796;181072287;;;;07/30/2031 00:00:00;17;13762027;01/09/2026 14:16:02;Tiago;Rodriguez;;;;;;Tiago Rodriguez;
14110318;01/09/2026 14:38:56;3;2;0001  214529-1;01;EASY 10-9;2091589;"CE01    ";"CENCOSUD S.A.                                     ";SAN LORENZO 4153;951530;"20-146         ";20-146 - MONOCOMANDO DE COCINA CR LINEA MOVE;391;391;391;23059193;010926141602796;181141139;;;;10/07/2031 00:00:00;180;13762027;01/09/2026 14:16:02;Tiago;Rodriguez;;;;;;Tiago Rodriguez;
14110318;01/09/2026 14:38:56;3;2;0001  214529-1;01;EASY 10-9;2091589;"CE01    ";"CENCOSUD S.A.                                     ";SAN LORENZO 4153;951513;"20-122N        ";20-122N - MONOCOMANDO COCINA C/PICO EXTRAIBLE VALENCIA BLACK;14;14;14;23059193;010926141602796;181141138;;;;08/06/2031 00:00:00;12;13762027;01/09/2026 14:16:02;Tiago;Rodriguez;;;;;;Tiago Rodriguez;
14110319;08/09/2026 14:42:42;3;2;0001  214530-1;01;EASY 10-9;2091589;"CE01    ";"CENCOSUD S.A.                                     ";SAN LORENZO 4153;952616;"60-131         ";60-131 - LAVATORIO C.CERAM CR MALLORCA;5;5;5;23215029;080926144238630;182330290;;;;01/03/2032 00:00:00;5;13867825;08/09/2026 14:42:38;Gustavo;Soderquvist;24494626;08/09/2026 07:16:23;7636;Kevin;Arce;Gustavo Soderquvist;Kevin Arce
14110319;08/09/2026 14:42:42;3;2;0001  214530-1;01;EASY 10-9;2091589;"CE01    ";"CENCOSUD S.A.                                     ";SAN LORENZO 4153;952894;"70-131         ";70-131 - BIDE C.CERAM CR MALLORCA;5;5;5;23215029;080926144238630;182329517;;;;07/30/2031 00:00:00;5;13867825;08/09/2026 14:42:38;Gustavo;Soderquvist;24494626;08/09/2026 07:16:23;7636;Kevin;Arce;Gustavo Soderquvist;Kevin Arce
14110319;08/09/2026 14:42:42;3;2;0001  214530-1;01;EASY 10-9;2091589;"CE01    ";"CENCOSUD S.A.                                     ";SAN LORENZO 4153;953086;"80-131         ";80-131 - DUCHA EMB. C/TRANSF. CR C.CERAM MALLORCA;4;4;4;23215029;080926144238630;182329974;;;;10/25/2031 00:00:00;4;13867825;08/09/2026 14:42:38;Gustavo;Soderquvist;24494626;08/09/2026 07:16:23;7636;Kevin;Arce;Gustavo Soderquvist;Kevin Arce
14110320;09/09/2026 09:39:27;3;2;0001  214532-1;01;EASY 10-9;2091589;"CE01    ";"CENCOSUD S.A.                                     ";SAN LORENZO 4153;960225;"70-122N        ";"BIDE BLACK C.CERAM VALENCIA                                           ";12;12;12;23214892;090926093925921;182328726;;;;10/08/2031 00:00:00;6;13875723;09/09/2026 09:39:25;Maximiliano;Nievas;24494500;08/09/2026 07:37:34;7152;Mirko;Hernandez;Maximiliano Nievas;Mirko Hernandez
14110320;09/09/2026 09:39:27;3;2;0001  214532-1;01;EASY 10-9;2091589;"CE01    ";"CENCOSUD S.A.                                     ";SAN LORENZO 4153;951330;"19060          ";19060 - VASO PORTA CEPILLO LINEA 19000;18;18;18;23249341;090926073506935;182587265;;;;07/30/2031 00:00:00;6;13875774;09/09/2026 07:35:06;Maximiliano;Nievas;;;;;;Maximiliano Nievas;
14110320;09/09/2026 09:39:27;3;2;0001  214532-1;01;EASY 10-9;2091589;"CE01    ";"CENCOSUD S.A.                                     ";SAN LORENZO 4153;951330;"19060          ";19060 - VASO PORTA CEPILLO LINEA 19000;18;18;18;23249387;090926073711780;182587699;;;;07/30/2031 00:00:00;6;13875809;09/09/2026 07:37:11;Maximiliano;Nievas;;;;;;Maximiliano Nievas;
14110320;09/09/2026 09:39:27;3;2;0001  214532-1;01;EASY 10-9;2091589;"CE01    ";"CENCOSUD S.A.                                     ";SAN LORENZO 4153;951329;"19050          ";19050 - JABONERA LINEA 19000;18;18;18;23249456;090926073938059;182588217;;;;11/10/2031 00:00:00;6;13875843;09/09/2026 07:39:38;Maximiliano;Nievas;;;;;;Maximiliano Nievas;
14110320;09/09/2026 09:39:27;3;2;0001  214532-1;01;EASY 10-9;2091589;"CE01    ";"CENCOSUD S.A.                                     ";SAN LORENZO 4153;951329;"19050          ";19050 - JABONERA LINEA 19000;18;18;18;23249535;090926074206172;182588782;;;;11/10/2031 00:00:00;6;13875880;09/09/2026 07:42:06;Maximiliano;Nievas;;;;;;Maximiliano Nievas;
14110320;09/09/2026 09:39:27;3;2;0001  214532-1;01;EASY 10-9;2091589;"CE01    ";"CENCOSUD S.A.                                     ";SAN LORENZO 4153;951329;"19050          ";19050 - JABONERA LINEA 19000;18;18;18;23249794;090926075037162;182332949;;;;11/10/2031 00:00:00;6;13876010;09/09/2026 07:50:37;Maximiliano;Nievas;;;;;;Maximiliano Nievas;
14110320;09/09/2026 09:39:27;3;2;0001  214532-1;01;EASY 10-9;2091589;"CE01    ";"CENCOSUD S.A.                                     ";SAN LORENZO 4153;951330;"19060          ";19060 - VASO PORTA CEPILLO LINEA 19000;18;18;18;23249915;090926075436688;182333726;;;;07/30/2031 00:00:00;6;13876068;09/09/2026 07:54:36;Maximiliano;Nievas;;;;;;Maximiliano Nievas;
14110320;09/09/2026 09:39:27;3;2;0001  214532-1;01;EASY 10-9;2091589;"CE01    ";"CENCOSUD S.A.                                     ";SAN LORENZO 4153;951529;"20-140N        ";20-140N - MONOCOMANDO DE COCINA LINEA CUINA BLACK;5;5;5;23251970;090926084403829;182331770;;;;07/29/2031 00:00:00;5;13877059;09/09/2026 08:44:03;Maximiliano;Nievas;;;;;;Maximiliano Nievas;
14110320;09/09/2026 09:39:27;3;2;0001  214532-1;01;EASY 10-9;2091589;"CE01    ";"CENCOSUD S.A.                                     ";SAN LORENZO 4153;956484;"LG02C20        ";"MONOCOMANDO COCINA CR GINEBRA                                         ";42;42;42;23252019;090926084551813;182607330;;;;07/29/2031 00:00:00;6;13877107;09/09/2026 08:45:51;Maximiliano;Nievas;;;;;;Maximiliano Nievas;
14110320;09/09/2026 09:39:27;3;2;0001  214532-1;01;EASY 10-9;2091589;"CE01    ";"CENCOSUD S.A.                                     ";SAN LORENZO 4153;956484;"LG02C20        ";"MONOCOMANDO COCINA CR GINEBRA                                         ";42;42;42;23252030;090926084607541;182607419;;;;07/29/2031 00:00:00;6;13877114;09/09/2026 08:46:07;Maximiliano;Nievas;;;;;;Maximiliano Nievas;
14110320;09/09/2026 09:39:27;3;2;0001  214532-1;01;EASY 10-9;2091589;"CE01    ";"CENCOSUD S.A.                                     ";SAN LORENZO 4153;956484;"LG02C20        ";"MONOCOMANDO COCINA CR GINEBRA                                         ";42;42;42;23252047;090926084629667;182607533;;;;07/29/2031 00:00:00;6;13877122;09/09/2026 08:46:29;Maximiliano;Nievas;;;;;;Maximiliano Nievas;
14110320;09/09/2026 09:39:27;3;2;0001  214532-1;01;EASY 10-9;2091589;"CE01    ";"CENCOSUD S.A.                                     ";SAN LORENZO 4153;956484;"LG02C20        ";"MONOCOMANDO COCINA CR GINEBRA                                         ";42;42;42;23252237;090926085046746;182608935;;;;07/29/2031 00:00:00;6;13877217;09/09/2026 08:50:46;Maximiliano;Nievas;;;;;;Maximiliano Nievas;
14110320;09/09/2026 09:39:27;3;2;0001  214532-1;01;EASY 10-9;2091589;"CE01    ";"CENCOSUD S.A.                                     ";SAN LORENZO 4153;956484;"LG02C20        ";"MONOCOMANDO COCINA CR GINEBRA                                         ";42;42;42;23252249;090926085103322;182609018;;;;07/29/2031 00:00:00;6;13877226;09/09/2026 08:51:03;Maximiliano;Nievas;;;;;;Maximiliano Nievas;
14110320;09/09/2026 09:39:27;3;2;0001  214532-1;01;EASY 10-9;2091589;"CE01    ";"CENCOSUD S.A.                                     ";SAN LORENZO 4153;956484;"LG02C20        ";"MONOCOMANDO COCINA CR GINEBRA                                         ";42;42;42;23252259;090926085120089;182609116;;;;07/29/2031 00:00:00;6;13877234;09/09/2026 08:51:20;Maximiliano;Nievas;;;;;;Maximiliano Nievas;
14110320;09/09/2026 09:39:27;3;2;0001  214532-1;01;EASY 10-9;2091589;"CE01    ";"CENCOSUD S.A.                                     ";SAN LORENZO 4153;956484;"LG02C20        ";"MONOCOMANDO COCINA CR GINEBRA                                         ";42;42;42;23252271;090926085144874;182329312;;;;07/29/2031 00:00:00;6;13877245;09/09/2026 08:51:44;Maximiliano;Nievas;;;;;;Maximiliano Nievas;
14110320;09/09/2026 09:39:27;3;2;0001  214532-1;01;EASY 10-9;2091589;"CE01    ";"CENCOSUD S.A.                                     ";SAN LORENZO 4153;952711;"61-169N        ";61-169N - LAVATORIO MONOC ALTO BLACK PARIS;24;24;24;23252580;090926085736832;182611050;;;;01/06/2032 00:00:00;8;13877373;09/09/2026 08:57:36;Maximiliano;Nievas;;;;;;Maximiliano Nievas;
14110320;09/09/2026 09:39:27;3;2;0001  214532-1;01;EASY 10-9;2091589;"CE01    ";"CENCOSUD S.A.                                     ";SAN LORENZO 4153;952711;"61-169N        ";61-169N - LAVATORIO MONOC ALTO BLACK PARIS;24;24;24;23252588;090926085755138;182611143;;;;01/06/2032 00:00:00;8;13877383;09/09/2026 08:57:55;Maximiliano;Nievas;;;;;;Maximiliano Nievas;
14110320;09/09/2026 09:39:27;3;2;0001  214532-1;01;EASY 10-9;2091589;"CE01    ";"CENCOSUD S.A.                                     ";SAN LORENZO 4153;952711;"61-169N        ";61-169N - LAVATORIO MONOC ALTO BLACK PARIS;24;24;24;23252637;090926085846588;182332375;;;;01/06/2032 00:00:00;8;13877406;09/09/2026 08:58:46;Maximiliano;Nievas;;;;;;Maximiliano Nievas;
14110320;09/09/2026 09:39:27;3;2;0001  214532-1;01;EASY 10-9;2091589;"CE01    ";"CENCOSUD S.A.                                     ";SAN LORENZO 4153;956487;"LG02N20        ";"MONOCOMANDO COCINA BLACK GINEBRA                                      ";24;24;24;23253582;090926091906731;182618628;;;;07/30/2031 00:00:00;6;13877921;09/09/2026 09:19:06;Maximiliano;Nievas;;;;;;Maximiliano Nievas;
14110320;09/09/2026 09:39:27;3;2;0001  214532-1;01;EASY 10-9;2091589;"CE01    ";"CENCOSUD S.A.                                     ";SAN LORENZO 4153;956487;"LG02N20        ";"MONOCOMANDO COCINA BLACK GINEBRA                                      ";24;24;24;23253620;090926091951336;182618890;;;;07/30/2031 00:00:00;6;13877941;09/09/2026 09:19:51;Maximiliano;Nievas;;;;;;Maximiliano Nievas;
14110320;09/09/2026 09:39:27;3;2;0001  214532-1;01;EASY 10-9;2091589;"CE01    ";"CENCOSUD S.A.                                     ";SAN LORENZO 4153;956487;"LG02N20        ";"MONOCOMANDO COCINA BLACK GINEBRA                                      ";24;24;24;23253683;090926092059909;182619221;;;;07/30/2031 00:00:00;6;13877977;09/09/2026 09:20:59;Maximiliano;Nievas;;;;;;Maximiliano Nievas;
14110320;09/09/2026 09:39:27;3;2;0001  214532-1;01;EASY 10-9;2091589;"CE01    ";"CENCOSUD S.A.                                     ";SAN LORENZO 4153;956487;"LG02N20        ";"MONOCOMANDO COCINA BLACK GINEBRA                                      ";24;24;24;23253704;090926092127004;182330188;;;;07/30/2031 00:00:00;6;13877987;09/09/2026 09:21:27;Maximiliano;Nievas;;;;;;Maximiliano Nievas;
14110320;09/09/2026 09:39:27;3;2;0001  214532-1;01;EASY 10-9;2091589;"CE01    ";"CENCOSUD S.A.                                     ";SAN LORENZO 4153;960226;"80-122N        ";"DUCHA EMB. C/TRANSF. BLACK C.CERAM VALENCIA                           ";8;8;8;23253891;090926092455160;182620735;;;;02/01/2032 00:00:00;4;13878087;09/09/2026 09:24:55;Maximiliano;Nievas;;;;;;Maximiliano Nievas;
14110320;09/09/2026 09:39:27;3;2;0001  214532-1;01;EASY 10-9;2091589;"CE01    ";"CENCOSUD S.A.                                     ";SAN LORENZO 4153;960226;"80-122N        ";"DUCHA EMB. C/TRANSF. BLACK C.CERAM VALENCIA                           ";8;8;8;23253909;090926092528630;182328611;;;;02/01/2032 00:00:00;4;13878106;09/09/2026 09:25:28;Maximiliano;Nievas;;;;;;Maximiliano Nievas;
14110320;09/09/2026 09:39:27;3;2;0001  214532-1;01;EASY 10-9;2091589;"CE01    ";"CENCOSUD S.A.                                     ";SAN LORENZO 4153;952585;"60-059LT       ";"LAVATORIO BL/CR C.STD MALBA LITE                                      ";15;15;15;23254269;090926093201725;182623202;;;;01/18/2032 00:00:00;5;13878322;09/09/2026 09:32:01;Maximiliano;Nievas;;;;;;Maximiliano Nievas;
14110320;09/09/2026 09:39:27;3;2;0001  214532-1;01;EASY 10-9;2091589;"CE01    ";"CENCOSUD S.A.                                     ";SAN LORENZO 4153;952585;"60-059LT       ";"LAVATORIO BL/CR C.STD MALBA LITE                                      ";15;15;15;23254286;090926093223177;182623323;;;;01/18/2032 00:00:00;5;13878336;09/09/2026 09:32:23;Maximiliano;Nievas;;;;;;Maximiliano Nievas;
14110320;09/09/2026 09:39:27;3;2;0001  214532-1;01;EASY 10-9;2091589;"CE01    ";"CENCOSUD S.A.                                     ";SAN LORENZO 4153;952585;"60-059LT       ";"LAVATORIO BL/CR C.STD MALBA LITE                                      ";15;15;15;23254298;090926093236170;182328417;;;;01/18/2032 00:00:00;5;13878345;09/09/2026 09:32:36;Maximiliano;Nievas;;;;;;Maximiliano Nievas;
14110320;09/09/2026 09:39:27;3;2;0001  214532-1;01;EASY 10-9;2091589;"CE01    ";"CENCOSUD S.A.                                     ";SAN LORENZO 4153;952864;"70-059LT       ";"BIDE BL/CR C.STD MALBA LITE                                           ";15;15;15;23254521;090926093633277;182624772;;;;12/10/2031 00:00:00;5;13878477;09/09/2026 09:36:33;Maximiliano;Nievas;;;;;;Maximiliano Nievas;
14110320;09/09/2026 09:39:27;3;2;0001  214532-1;01;EASY 10-9;2091589;"CE01    ";"CENCOSUD S.A.                                     ";SAN LORENZO 4153;952864;"70-059LT       ";"BIDE BL/CR C.STD MALBA LITE                                           ";15;15;15;23254532;090926093649588;182624865;;;;12/10/2031 00:00:00;5;13878489;09/09/2026 09:36:49;Maximiliano;Nievas;;;;;;Maximiliano Nievas;
14110320;09/09/2026 09:39:27;3;2;0001  214532-1;01;EASY 10-9;2091589;"CE01    ";"CENCOSUD S.A.                                     ";SAN LORENZO 4153;952864;"70-059LT       ";"BIDE BL/CR C.STD MALBA LITE                                           ";15;15;15;23254543;090926093703247;182328480;;;;12/10/2031 00:00:00;5;13878497;09/09/2026 09:37:03;Maximiliano;Nievas;;;;;;Maximiliano Nievas;
14110320;09/09/2026 09:39:27;3;2;0001  214532-1;01;EASY 10-9;2091589;"CE01    ";"CENCOSUD S.A.                                     ";SAN LORENZO 4153;960225;"70-122N        ";"BIDE BLACK C.CERAM VALENCIA                                           ";12;12;12;23254679;090926093912472;182625674;;;;10/08/2031 00:00:00;6;13878573;09/09/2026 09:39:12;Maximiliano;Nievas;;;;;;Maximiliano Nievas;
14110321;08/09/2026 12:53:51;3;2;0001  214531-1;01;EASY 10-9;2091589;"CE01    ";"CENCOSUD S.A.                                     ";SAN LORENZO 4153;953320;"83-203         ";83-203 - DUCHA EXT C/TRANSF. MONOCOMANDO ADRA;6;6;6;23060088;080926125348788;181159497;;;;07/29/2031 00:00:00;6;13862395;08/09/2026 12:53:48;Gustavo;Soderquvist;24341790;01/09/2026 15:05:57;6414;Agustin;Scirica;Gustavo Soderquvist;Agustin Scirica
14110321;08/09/2026 12:53:51;3;2;0001  214531-1;01;EASY 10-9;2091589;"CE01    ";"CENCOSUD S.A.                                     ";SAN LORENZO 4153;954227;"A1449C         ";A1449C - DUCHADOR MULTIFUNCION CROMO C/BLISTER;23;23;23;23060088;080926125348788;181157231;;;;07/27/2031 00:00:00;23;13862395;08/09/2026 12:53:48;Gustavo;Soderquvist;24341790;01/09/2026 15:05:57;6414;Agustin;Scirica;Gustavo Soderquvist;Agustin Scirica
14110321;08/09/2026 12:53:51;3;2;0001  214531-1;01;EASY 10-9;2091589;"CE01    ";"CENCOSUD S.A.                                     ";SAN LORENZO 4153;954921;"BCH18          ";BCH18 - BACHA DE APOYAR SIMIL MARMOL 460x320x140;19;19;19;23060088;080926125348788;181160806;;;;10/04/2031 00:00:00;19;13862395;08/09/2026 12:53:48;Gustavo;Soderquvist;24341790;01/09/2026 15:05:57;6414;Agustin;Scirica;Gustavo Soderquvist;Agustin Scirica
14110321;08/09/2026 12:53:51;3;2;0001  214531-1;01;EASY 10-9;2091589;"CE01    ";"CENCOSUD S.A.                                     ";SAN LORENZO 4153;953161;"80-205         ";80-205 - DUCHA EMB. C/TRANSF. MONOC STEEL;1;1;1;23060088;080926125348788;181158211;;;;08/11/2031 00:00:00;1;13862395;08/09/2026 12:53:48;Gustavo;Soderquvist;24341790;01/09/2026 15:05:57;6414;Agustin;Scirica;Gustavo Soderquvist;Agustin Scirica
14110321;08/09/2026 12:53:51;3;2;0001  214531-1;01;EASY 10-9;2091589;"CE01    ";"CENCOSUD S.A.                                     ";SAN LORENZO 4153;952728;"61-205         ";61-205 - LAVATORIO MONOC ALTO STEEL;9;9;9;23060088;080926125348788;181150403;;;;07/28/2031 00:00:00;9;13862395;08/09/2026 12:53:48;Gustavo;Soderquvist;24341790;01/09/2026 15:05:57;6414;Agustin;Scirica;Gustavo Soderquvist;Agustin Scirica
14110321;08/09/2026 12:53:51;3;2;0001  214531-1;01;EASY 10-9;2091589;"CE01    ";"CENCOSUD S.A.                                     ";SAN LORENZO 4153;952679;"60-205         ";60-205 - LAVATORIO MONOC BAJO STEEL;9;9;9;23060088;080926125348788;181150446;;;;07/27/2031 00:00:00;9;13862395;08/09/2026 12:53:48;Gustavo;Soderquvist;24341790;01/09/2026 15:05:57;6414;Agustin;Scirica;Gustavo Soderquvist;Agustin Scirica
14110321;08/09/2026 12:53:51;3;2;0001  214531-1;01;EASY 10-9;2091589;"CE01    ";"CENCOSUD S.A.                                     ";SAN LORENZO 4153;951565;"20-205         ";20-205 - MONOCOMANDO DE COCINA STEEL;9;9;9;23060088;080926125348788;181158829;;;;07/28/2031 00:00:00;9;13862395;08/09/2026 12:53:48;Gustavo;Soderquvist;24341790;01/09/2026 15:05:57;6414;Agustin;Scirica;Gustavo Soderquvist;Agustin Scirica
14110321;08/09/2026 12:53:51;3;2;0001  214531-1;01;EASY 10-9;2091589;"CE01    ";"CENCOSUD S.A.                                     ";SAN LORENZO 4153;951327;"19030          ";19030 - PERCHA LINEA 19000;30;30;30;23060088;080926125348788;181156779;;;;07/29/2031 00:00:00;30;13862395;08/09/2026 12:53:48;Gustavo;Soderquvist;24341790;01/09/2026 15:05:57;6414;Agustin;Scirica;Gustavo Soderquvist;Agustin Scirica
14110321;08/09/2026 12:53:51;3;2;0001  214531-1;01;EASY 10-9;2091589;"CE01    ";"CENCOSUD S.A.                                     ";SAN LORENZO 4153;951326;"19020          ";19020 - TOALLERO DE ARO LINEA 19000;12;12;12;23060088;080926125348788;181151680;;;;07/29/2031 00:00:00;12;13862395;08/09/2026 12:53:48;Gustavo;Soderquvist;24341790;01/09/2026 15:05:57;6414;Agustin;Scirica;Gustavo Soderquvist;Agustin Scirica
14115239;01/09/2026 12:51:33;3;2;0001  212690-1;10;URGENTES;2091013;"AC23    ";"ACUSCIEL S.A.                                     ";AV. INDEPENDENCIA 4828;952467;"52-121         ";52-121 - GRIFERIA REBATIBLE P/LLENADO DE OLLAS MARBELLA;6;6;6;23052788;010926125131399;181093391;;;;07/29/2031 00:00:00;6;13759781;01/09/2026 12:51:31;Tiago;Rodriguez;24334471;01/09/2026 11:58:11;6867;Javier;Lescano;Tiago Rodriguez;Javier Lescano
14115240;01/09/2026 12:44:25;3;2;0001  213286-1;10;URGENTES;2091013;"AC23    ";"ACUSCIEL S.A.                                     ";AV. INDEPENDENCIA 4828;953421;"90-166         ";90-166 - PACK GRIF. ADRA PLUS (Lav-Bide-Ducha c/t Plus);6;6;6;23053890;010926124425266;181101336;;;;11/08/2031 00:00:00;6;13759631;01/09/2026 12:44:25;Maximiliano;Nievas;24335512;01/09/2026 12:20:01;6867;Javier;Lescano;Maximiliano Nievas;Javier Lescano
14115245;01/09/2026 14:35:19;3;2;0001  214732-1;05;CAMIONETA EXP 1;2091837;"CO22    ";"COPMACO LTDA.                                     ";J. DEL BARCO 495;953330;"84-180         ";84-180 - GRIFERIA DE PIE P/BAÑERA EXENTA VERA;3;3;3;23059339;010926143518489;181143265;;;;07/28/2031 00:00:00;3;13762677;01/09/2026 14:35:18;Gustavo;Soderquvist;24340994;01/09/2026 14:21:13;7152;Mirko;Hernandez;Gustavo Soderquvist;Mirko Hernandez
14115246;01/09/2026 13:11:53;3;2;9999      87-1;05;CAMIONETA EXP 1;2091837;"CO22    ";"COPMACO LTDA.                                     ";J. DEL BARCO 495;953330;"84-180         ";84-180 - GRIFERIA DE PIE P/BAÑERA EXENTA VERA;1;1;1;23054279;010926131150076;181106235;;;;07/28/2031 00:00:00;1;13760237;01/09/2026 13:11:50;Gustavo;Soderquvist;24335879;01/09/2026 12:50:54;6867;Javier;Lescano;Gustavo Soderquvist;Javier Lescano
14115247;01/09/2026 14:18:37;3;2;0001  214757-1;05;CAMIONETA EXP 1;2092925;"HU03    ";"HURA S.A.S.                                       ";ALVEAR 671;957938;"RA967N         ";"CAMPANA VALENCIA - MALLORCA BLACK                                     ";10;10;10;23058203;010926141834947;181133420;;;;11/19/2031 00:00:00;10;13762068;01/09/2026 14:18:34;Gustavo;Soderquvist;24339752;01/09/2026 13:58:01;6867;Javier;Lescano;Gustavo Soderquvist;Javier Lescano
14115248;01/09/2026 15:14:22;3;2;0001  214762-1;05;CAMIONETA EXP 1;2092543;"FP04    ";"FLUIDOS PATAGONIA S.A.                            ";SAN MARTIN Y SANZ PEÑA;957550;"RA1189         ";RA1189 - SET PROLONGADOR P/VASTAGO Y CAMPANA (x3);4;4;4;23057492;010926151417769;181142224;;;;02/10/2032 00:00:00;4;13763544;01/09/2026 15:14:17;Tiago;Rodriguez;24339020;01/09/2026 14:31:29;6414;Agustin;Scirica;Tiago Rodriguez;Agustin Scirica
14115248;01/09/2026 15:14:22;3;2;0001  214762-1;05;CAMIONETA EXP 1;2092543;"FP04    ";"FLUIDOS PATAGONIA S.A.                            ";SAN MARTIN Y SANZ PEÑA;957390;"RA001          ";RA001 - CABEZAL STD NO ASCENDENTE;20;20;20;23057492;010926151417769;181146074;;;;11/22/2031 00:00:00;20;13763544;01/09/2026 15:14:17;Tiago;Rodriguez;24339020;01/09/2026 14:31:29;6414;Agustin;Scirica;Tiago Rodriguez;Agustin Scirica
14115248;01/09/2026 15:14:22;3;2;0001  214762-1;05;CAMIONETA EXP 1;2092543;"FP04    ";"FLUIDOS PATAGONIA S.A.                            ";SAN MARTIN Y SANZ PEÑA;953553;"985            ";985 - JGO PARED EXT CR P.FUNDIDO MURCIA;2;2;2;23057492;010926151417769;181137033;;;;09/01/2031 00:00:00;2;13763544;01/09/2026 15:14:17;Tiago;Rodriguez;24339020;01/09/2026 14:31:29;6414;Agustin;Scirica;Tiago Rodriguez;Agustin Scirica
14115248;01/09/2026 15:14:22;3;2;0001  214762-1;05;CAMIONETA EXP 1;2092543;"FP04    ";"FLUIDOS PATAGONIA S.A.                            ";SAN MARTIN Y SANZ PEÑA;953445;"919/M          ";919/M - JGO.MDA.P.CANO CROMO LAZA;8;8;8;23057492;010926151417769;181138287;;;;01/31/2032 00:00:00;8;13763544;01/09/2026 15:14:17;Tiago;Rodriguez;24339020;01/09/2026 14:31:29;6414;Agustin;Scirica;Tiago Rodriguez;Agustin Scirica
14115248;01/09/2026 15:14:22;3;2;0001  214762-1;05;CAMIONETA EXP 1;2092543;"FP04    ";"FLUIDOS PATAGONIA S.A.                            ";SAN MARTIN Y SANZ PEÑA;953432;"910/M          ";"910/M - JGO.MDA.P.CANO CROMO ""DIQUE""";4;4;4;23057492;010926151417769;181137923;;;;12/21/2031 00:00:00;4;13763544;01/09/2026 15:14:17;Tiago;Rodriguez;24339020;01/09/2026 14:31:29;6414;Agustin;Scirica;Tiago Rodriguez;Agustin Scirica
14115248;01/09/2026 15:14:22;3;2;0001  214762-1;05;CAMIONETA EXP 1;2092543;"FP04    ";"FLUIDOS PATAGONIA S.A.                            ";SAN MARTIN Y SANZ PEÑA;953324;"835            ";835 - JGO.MDA. P.FUNDIDO CR MURCIA;2;2;2;23057492;010926151417769;181137369;;;;07/29/2031 00:00:00;2;13763544;01/09/2026 15:14:17;Tiago;Rodriguez;24339020;01/09/2026 14:31:29;6414;Agustin;Scirica;Tiago Rodriguez;Agustin Scirica
14115248;01/09/2026 15:14:22;3;2;0001  214762-1;05;CAMIONETA EXP 1;2092543;"FP04    ";"FLUIDOS PATAGONIA S.A.                            ";SAN MARTIN Y SANZ PEÑA;953320;"83-203         ";83-203 - DUCHA EXT C/TRANSF. MONOCOMANDO ADRA;4;4;4;23057492;010926151417769;181132930;;;;07/29/2031 00:00:00;4;13763544;01/09/2026 15:14:17;Tiago;Rodriguez;24339020;01/09/2026 14:31:29;6414;Agustin;Scirica;Tiago Rodriguez;Agustin Scirica
14115248;01/09/2026 15:14:22;3;2;0001  214762-1;05;CAMIONETA EXP 1;2092543;"FP04    ";"FLUIDOS PATAGONIA S.A.                            ";SAN MARTIN Y SANZ PEÑA;953312;"83-133         ";83-133 - DUCHA EXT. C/TRANSF. MONOCOMANDO LUGO;8;8;8;23057492;010926151417769;181132316;;;;07/30/2031 00:00:00;8;13763544;01/09/2026 15:14:17;Tiago;Rodriguez;24339020;01/09/2026 14:31:29;6414;Agustin;Scirica;Tiago Rodriguez;Agustin Scirica
14115248;01/09/2026 15:14:22;3;2;0001  214762-1;05;CAMIONETA EXP 1;2092543;"FP04    ";"FLUIDOS PATAGONIA S.A.                            ";SAN MARTIN Y SANZ PEÑA;953157;"80-203         ";80-203 - DUCHA EMB C/TRANSF. MONOCOMANDO ADRA;2;2;2;23057492;010926151417769;181140374;;;;07/27/2031 00:00:00;2;13763544;01/09/2026 15:14:17;Tiago;Rodriguez;24339020;01/09/2026 14:31:29;6414;Agustin;Scirica;Tiago Rodriguez;Agustin Scirica
14115248;01/09/2026 15:14:22;3;2;0001  214762-1;05;CAMIONETA EXP 1;2092543;"FP04    ";"FLUIDOS PATAGONIA S.A.                            ";SAN MARTIN Y SANZ PEÑA;953060;"80-058         ";80-058 - DUCHA EMB. C/TRANSF. CR C.STD MALBA;6;6;6;23057492;010926151417769;181139081;;;;01/06/2032 00:00:00;6;13763544;01/09/2026 15:14:17;Tiago;Rodriguez;24339020;01/09/2026 14:31:29;6414;Agustin;Scirica;Tiago Rodriguez;Agustin Scirica
14115248;01/09/2026 15:14:22;3;2;0001  214762-1;05;CAMIONETA EXP 1;2092543;"FP04    ";"FLUIDOS PATAGONIA S.A.                            ";SAN MARTIN Y SANZ PEÑA;952954;"70-203         ";70-203 - BIDE MONOCOMANDO ADRA;4;4;4;23057492;010926151417769;181133116;;;;07/29/2031 00:00:00;4;13763544;01/09/2026 15:14:17;Tiago;Rodriguez;24339020;01/09/2026 14:31:29;6414;Agustin;Scirica;Tiago Rodriguez;Agustin Scirica
14115248;01/09/2026 15:14:22;3;2;0001  214762-1;05;CAMIONETA EXP 1;2092543;"FP04    ";"FLUIDOS PATAGONIA S.A.                            ";SAN MARTIN Y SANZ PEÑA;952862;"70-058         ";70-058 - BIDE CR C.STD MALBA;6;6;6;23057492;010926151417769;181139375;;;;10/20/2031 00:00:00;6;13763544;01/09/2026 15:14:17;Tiago;Rodriguez;24339020;01/09/2026 14:31:29;6414;Agustin;Scirica;Tiago Rodriguez;Agustin Scirica
14115248;01/09/2026 15:14:22;3;2;0001  214762-1;05;CAMIONETA EXP 1;2092543;"FP04    ";"FLUIDOS PATAGONIA S.A.                            ";SAN MARTIN Y SANZ PEÑA;952821;"70-001N        ";"70-001N - BIDE ""CROMO Y""";3;3;3;23057492;010926151417769;181135593;;;;07/31/2031 00:00:00;3;13763544;01/09/2026 15:14:17;Tiago;Rodriguez;24339020;01/09/2026 14:31:29;6414;Agustin;Scirica;Tiago Rodriguez;Agustin Scirica
14115248;01/09/2026 15:14:22;3;2;0001  214762-1;05;CAMIONETA EXP 1;2092543;"FP04    ";"FLUIDOS PATAGONIA S.A.                            ";SAN MARTIN Y SANZ PEÑA;952728;"61-205         ";61-205 - LAVATORIO MONOC ALTO STEEL;2;2;2;23057492;010926151417769;181128483;;;;07/28/2031 00:00:00;2;13763544;01/09/2026 15:14:17;Tiago;Rodriguez;24339020;01/09/2026 14:31:29;6414;Agustin;Scirica;Tiago Rodriguez;Agustin Scirica
14115248;01/09/2026 15:14:22;3;2;0001  214762-1;05;CAMIONETA EXP 1;2092543;"FP04    ";"FLUIDOS PATAGONIA S.A.                            ";SAN MARTIN Y SANZ PEÑA;952726;"61-203         ";61-203 - LAVATORIO MONOCOMANDO ALTO ADRA;4;4;4;23057492;010926151417769;181136841;;;;01/11/2032 00:00:00;4;13763544;01/09/2026 15:14:17;Tiago;Rodriguez;24339020;01/09/2026 14:31:29;6414;Agustin;Scirica;Tiago Rodriguez;Agustin Scirica
14115248;01/09/2026 15:14:22;3;2;0001  214762-1;05;CAMIONETA EXP 1;2092543;"FP04    ";"FLUIDOS PATAGONIA S.A.                            ";SAN MARTIN Y SANZ PEÑA;952707;"61-152         ";61-152 - LAVATORIO MONOCOMANDO CROMO ALTO SORIA;2;2;2;23057492;010926151417769;181131519;;;;07/27/2031 00:00:00;2;13763544;01/09/2026 15:14:17;Tiago;Rodriguez;24339020;01/09/2026 14:31:29;6414;Agustin;Scirica;Tiago Rodriguez;Agustin Scirica
14115248;01/09/2026 15:14:22;3;2;0001  214762-1;05;CAMIONETA EXP 1;2092543;"FP04    ";"FLUIDOS PATAGONIA S.A.                            ";SAN MARTIN Y SANZ PEÑA;952705;"61-130         ";61-130 - LAVATORIO MONOCOMANDO ALTO BILBAO;2;2;2;23057492;010926151417769;181127578;;;;07/28/2031 00:00:00;2;13763544;01/09/2026 15:14:17;Tiago;Rodriguez;24339020;01/09/2026 14:31:29;6414;Agustin;Scirica;Tiago Rodriguez;Agustin Scirica
14115248;01/09/2026 15:14:22;3;2;0001  214762-1;05;CAMIONETA EXP 1;2092543;"FP04    ";"FLUIDOS PATAGONIA S.A.                            ";SAN MARTIN Y SANZ PEÑA;952679;"60-205         ";60-205 - LAVATORIO MONOC BAJO STEEL;4;4;4;23057492;010926151417769;181128639;;;;07/27/2031 00:00:00;4;13763544;01/09/2026 15:14:17;Tiago;Rodriguez;24339020;01/09/2026 14:31:29;6414;Agustin;Scirica;Tiago Rodriguez;Agustin Scirica
14115248;01/09/2026 15:14:22;3;2;0001  214762-1;05;CAMIONETA EXP 1;2092543;"FP04    ";"FLUIDOS PATAGONIA S.A.                            ";SAN MARTIN Y SANZ PEÑA;952677;"60-203         ";60-203 - LAVATORIO MONOCOMANDO BAJO ADRA;4;4;4;23057492;010926151417769;181136572;;;;02/10/2032 00:00:00;4;13763544;01/09/2026 15:14:17;Tiago;Rodriguez;24339020;01/09/2026 14:31:29;6414;Agustin;Scirica;Tiago Rodriguez;Agustin Scirica
14115248;01/09/2026 15:14:22;3;2;0001  214762-1;05;CAMIONETA EXP 1;2092543;"FP04    ";"FLUIDOS PATAGONIA S.A.                            ";SAN MARTIN Y SANZ PEÑA;952661;"60-193         ";60-193 - LAVATORIO MONOCOMANDO BAJO MORA;2;2;2;23057492;010926151417769;181129731;;;;07/28/2031 00:00:00;2;13763544;01/09/2026 15:14:17;Tiago;Rodriguez;24339020;01/09/2026 14:31:29;6414;Agustin;Scirica;Tiago Rodriguez;Agustin Scirica
14115248;01/09/2026 15:14:22;3;2;0001  214762-1;05;CAMIONETA EXP 1;2092543;"FP04    ";"FLUIDOS PATAGONIA S.A.                            ";SAN MARTIN Y SANZ PEÑA;952634;"60-162         ";60-162 - LAVATORIO CR C.CERAM LINEA ADRA;4;4;4;23057492;010926151417769;181141621;;;;07/29/2031 00:00:00;4;13763544;01/09/2026 15:14:17;Tiago;Rodriguez;24339020;01/09/2026 14:31:29;6414;Agustin;Scirica;Tiago Rodriguez;Agustin Scirica
14115248;01/09/2026 15:14:22;3;2;0001  214762-1;05;CAMIONETA EXP 1;2092543;"FP04    ";"FLUIDOS PATAGONIA S.A.                            ";SAN MARTIN Y SANZ PEÑA;952630;"60-152         ";60-152 - LAVATORIO CR MONOCOMANDO BAJO SORIA;2;2;2;23057492;010926151417769;181130620;;;;07/27/2031 00:00:00;2;13763544;01/09/2026 15:14:17;Tiago;Rodriguez;24339020;01/09/2026 14:31:29;6414;Agustin;Scirica;Tiago Rodriguez;Agustin Scirica
14115248;01/09/2026 15:14:22;3;2;0001  214762-1;05;CAMIONETA EXP 1;2092543;"FP04    ";"FLUIDOS PATAGONIA S.A.                            ";SAN MARTIN Y SANZ PEÑA;952618;"60-133         ";60-133 - LAVATORIO MONOCOMANDO LUGO;8;8;8;23057492;010926151417769;181131859;;;;07/29/2031 00:00:00;8;13763544;01/09/2026 15:14:17;Tiago;Rodriguez;24339020;01/09/2026 14:31:29;6414;Agustin;Scirica;Tiago Rodriguez;Agustin Scirica
14115248;01/09/2026 15:14:22;3;2;0001  214762-1;05;CAMIONETA EXP 1;2092543;"FP04    ";"FLUIDOS PATAGONIA S.A.                            ";SAN MARTIN Y SANZ PEÑA;952614;"60-130         ";60-130 - LAVATORIO MONOCOMANDO BAJO BILBAO;2;2;2;23057492;010926151417769;181127719;;;;07/28/2031 00:00:00;2;13763544;01/09/2026 15:14:17;Tiago;Rodriguez;24339020;01/09/2026 14:31:29;6414;Agustin;Scirica;Tiago Rodriguez;Agustin Scirica
14115248;01/09/2026 15:14:22;3;2;0001  214762-1;05;CAMIONETA EXP 1;2092543;"FP04    ";"FLUIDOS PATAGONIA S.A.                            ";SAN MARTIN Y SANZ PEÑA;952583;"60-058         ";60-058 - LAVATORIO CR C.STD MALBA;8;8;8;23057492;010926151417769;181139751;;;;12/03/2031 00:00:00;8;13763544;01/09/2026 15:14:17;Tiago;Rodriguez;24339020;01/09/2026 14:31:29;6414;Agustin;Scirica;Tiago Rodriguez;Agustin Scirica
14115248;01/09/2026 15:14:22;3;2;0001  214762-1;05;CAMIONETA EXP 1;2092543;"FP04    ";"FLUIDOS PATAGONIA S.A.                            ";SAN MARTIN Y SANZ PEÑA;952582;"60-057         ";60-057 - LAVATORIO C.STD VERIN PLUS;6;6;6;23057492;010926151417769;181141869;;;;01/06/2032 00:00:00;6;13763544;01/09/2026 15:14:17;Tiago;Rodriguez;24339020;01/09/2026 14:31:29;6414;Agustin;Scirica;Tiago Rodriguez;Agustin Scirica
14115248;01/09/2026 15:14:22;3;2;0001  214762-1;05;CAMIONETA EXP 1;2092543;"FP04    ";"FLUIDOS PATAGONIA S.A.                            ";SAN MARTIN Y SANZ PEÑA;952541;"60-001N        ";"60-001N - LAVATORIO ""CROMO Y""";3;3;3;23057492;010926151417769;181135734;;;;07/29/2031 00:00:00;3;13763544;01/09/2026 15:14:17;Tiago;Rodriguez;24339020;01/09/2026 14:31:29;6414;Agustin;Scirica;Tiago Rodriguez;Agustin Scirica
14115248;01/09/2026 15:14:22;3;2;0001  214762-1;05;CAMIONETA EXP 1;2092543;"FP04    ";"FLUIDOS PATAGONIA S.A.                            ";SAN MARTIN Y SANZ PEÑA;952437;"51-057         ";51-057 - COCINA MESADA CR C.STD VERIN PLUS;4;4;4;23057492;010926151417769;181134641;;;;01/27/2032 00:00:00;4;13763544;01/09/2026 15:14:17;Tiago;Rodriguez;24339020;01/09/2026 14:31:29;6414;Agustin;Scirica;Tiago Rodriguez;Agustin Scirica
14115248;01/09/2026 15:14:22;3;2;0001  214762-1;05;CAMIONETA EXP 1;2092543;"FP04    ";"FLUIDOS PATAGONIA S.A.                            ";SAN MARTIN Y SANZ PEÑA;951996;"309            ";"309 - BIDE CROMO ""LAZA""";4;4;4;23057492;010926151417769;181136346;;;;01/11/2032 00:00:00;4;13763544;01/09/2026 15:14:17;Tiago;Rodriguez;24339020;01/09/2026 14:31:29;6414;Agustin;Scirica;Tiago Rodriguez;Agustin Scirica
14115248;01/09/2026 15:14:22;3;2;0001  214762-1;05;CAMIONETA EXP 1;2092543;"FP04    ";"FLUIDOS PATAGONIA S.A.                            ";SAN MARTIN Y SANZ PEÑA;951628;"215            ";"215 - LAVATORIO CROMO ""MURCIA""";2;2;2;23057492;010926151417769;181137523;;;;07/31/2031 00:00:00;2;13763544;01/09/2026 15:14:17;Tiago;Rodriguez;24339020;01/09/2026 14:31:29;6414;Agustin;Scirica;Tiago Rodriguez;Agustin Scirica
14115248;01/09/2026 15:14:22;3;2;0001  214762-1;05;CAMIONETA EXP 1;2092543;"FP04    ";"FLUIDOS PATAGONIA S.A.                            ";SAN MARTIN Y SANZ PEÑA;951620;"214/CR         ";214/CR - LAVATORIO CR/CR ARES;4;4;4;23057492;010926151417769;181135408;;;;01/11/2032 00:00:00;4;13763544;01/09/2026 15:14:17;Tiago;Rodriguez;24339020;01/09/2026 14:31:29;6414;Agustin;Scirica;Tiago Rodriguez;Agustin Scirica
14115248;01/09/2026 15:14:22;3;2;0001  214762-1;05;CAMIONETA EXP 1;2092543;"FP04    ";"FLUIDOS PATAGONIA S.A.                            ";SAN MARTIN Y SANZ PEÑA;951600;"209            ";209 - LAVATORIO CROMO LAZA;8;8;8;23057492;010926151417769;181136111;;;;01/10/2032 00:00:00;8;13763544;01/09/2026 15:14:17;Tiago;Rodriguez;24339020;01/09/2026 14:31:29;6414;Agustin;Scirica;Tiago Rodriguez;Agustin Scirica
14115248;01/09/2026 15:14:22;3;2;0001  214762-1;05;CAMIONETA EXP 1;2092543;"FP04    ";"FLUIDOS PATAGONIA S.A.                            ";SAN MARTIN Y SANZ PEÑA;951568;"203            ";"203 - LAVATORIO CROMO ""DIQUE""";6;6;6;23057492;010926151417769;181138685;;;;01/11/2032 00:00:00;6;13763544;01/09/2026 15:14:17;Tiago;Rodriguez;24339020;01/09/2026 14:31:29;6414;Agustin;Scirica;Tiago Rodriguez;Agustin Scirica
14115248;01/09/2026 15:14:22;3;2;0001  214762-1;05;CAMIONETA EXP 1;2092543;"FP04    ";"FLUIDOS PATAGONIA S.A.                            ";SAN MARTIN Y SANZ PEÑA;951523;"20-134         ";20-134 - MONOCOMANDO COCINA BETIS;20;20;20;23057492;010926151417769;181133946;;;;08/11/2031 00:00:00;20;13763544;01/09/2026 15:14:17;Tiago;Rodriguez;24339020;01/09/2026 14:31:29;6414;Agustin;Scirica;Tiago Rodriguez;Agustin Scirica
14115249;01/09/2026 14:15:03;3;2;0001  214764-1;05;CAMIONETA EXP 1;2091683;"CI04    ";"LA CASA DEL INSTALADOR S.A.                       ";INDEPENDENCIA 1100;953331;"84-190         ";84-190 - DUCHA EXTERIOR CON COLUMNA BLACK VELVET;1;1;1;23058274;010926141502313;181134799;;;;10/06/2031 00:00:00;1;13761957;01/09/2026 14:15:02;Gustavo;Soderquvist;24339813;01/09/2026 14:07:39;6867;Javier;Lescano;Gustavo Soderquvist;Javier Lescano
14115249;01/09/2026 14:15:03;3;2;0001  214764-1;05;CAMIONETA EXP 1;2091683;"CI04    ";"LA CASA DEL INSTALADOR S.A.                       ";INDEPENDENCIA 1100;952637;"60-168         ";60-168 - LAVATORIO MONOC BAJO CR WAVE;2;2;2;23058274;010926141502313;181135036;;;;07/27/2031 00:00:00;2;13761957;01/09/2026 14:15:02;Gustavo;Soderquvist;24339813;01/09/2026 14:07:39;6867;Javier;Lescano;Gustavo Soderquvist;Javier Lescano
14115249;01/09/2026 14:15:03;3;2;0001  214764-1;05;CAMIONETA EXP 1;2091683;"CI04    ";"LA CASA DEL INSTALADOR S.A.                       ";INDEPENDENCIA 1100;951833;"30-132         ";30-132 - COCINA MESADA MONOC. C/DUCHADOR EXTENSIBLE VIGO;2;2;2;23058274;010926141502313;181134132;;;;07/28/2031 00:00:00;2;13761957;01/09/2026 14:15:02;Gustavo;Soderquvist;24339813;01/09/2026 14:07:39;6867;Javier;Lescano;Gustavo Soderquvist;Javier Lescano
14115249;01/09/2026 14:15:03;3;2;0001  214764-1;05;CAMIONETA EXP 1;2091683;"CI04    ";"LA CASA DEL INSTALADOR S.A.                       ";INDEPENDENCIA 1100;951748;"3006           ";3006 - SET DE 6 PIEZAS LINEA 3000;2;2;2;23058274;010926141502313;181136898;;;;07/29/2031 00:00:00;2;13761957;01/09/2026 14:15:02;Gustavo;Soderquvist;24339813;01/09/2026 14:07:39;6867;Javier;Lescano;Gustavo Soderquvist;Javier Lescano
14115249;01/09/2026 14:15:03;3;2;0001  214764-1;05;CAMIONETA EXP 1;2091683;"CI04    ";"LA CASA DEL INSTALADOR S.A.                       ";INDEPENDENCIA 1100;951607;"21100N         ";21100N - ESTANTE ORGANIZADOR RECTANGULAR BLACK 25x12x7;2;2;2;23058274;010926141502313;181135604;;;;07/27/2031 00:00:00;2;13761957;01/09/2026 14:15:02;Gustavo;Soderquvist;24339813;01/09/2026 14:07:39;6867;Javier;Lescano;Gustavo Soderquvist;Javier Lescano
14115249;01/09/2026 14:15:03;3;2;0001  214764-1;05;CAMIONETA EXP 1;2091683;"CI04    ";"LA CASA DEL INSTALADOR S.A.                       ";INDEPENDENCIA 1100;951512;"20-122         ";"MONOCOMANDO COCINA CR C/PICO EXTRAIBLE VALENCIA                       ";2;2;2;23058274;010926141502313;181136182;;;;08/06/2031 00:00:00;2;13761957;01/09/2026 14:15:02;Gustavo;Soderquvist;24339813;01/09/2026 14:07:39;6867;Javier;Lescano;Gustavo Soderquvist;Javier Lescano
14115249;01/09/2026 14:15:03;3;2;0001  214764-1;05;CAMIONETA EXP 1;2091683;"CI04    ";"LA CASA DEL INSTALADOR S.A.                       ";INDEPENDENCIA 1100;951098;"11006          ";"SET DE 6 PIEZAS LINEA 11000                                           ";4;4;4;23058274;010926141502313;181137328;;;;07/29/2031 00:00:00;4;13761957;01/09/2026 14:15:02;Gustavo;Soderquvist;24339813;01/09/2026 14:07:39;6867;Javier;Lescano;Gustavo Soderquvist;Javier Lescano
14115250;01/09/2026 13:12:17;3;2;0001  214783-1;05;CAMIONETA EXP 1;2318122;"CQ01    ";"CAMARGO QUISPE VICENTE - MATERIALES CAMARGO       ";JUAN GOLLNER 51;954656;"A819           ";A819 - DUCHADOR ANTICALCAREO C/FLEXIBLE Y SOPORTE;2;2;2;23054280;010926131217082;181105143;;;;07/27/2031 00:00:00;2;13760242;01/09/2026 13:12:17;Gustavo;Soderquvist;24335879;01/09/2026 12:50:54;6867;Javier;Lescano;Gustavo Soderquvist;Javier Lescano
14115250;01/09/2026 13:12:17;3;2;0001  214783-1;05;CAMIONETA EXP 1;2318122;"CQ01    ";"CAMARGO QUISPE VICENTE - MATERIALES CAMARGO       ";JUAN GOLLNER 51;954226;"A1448C         ";"A1448C - CAÑO CURVO METALICO C/FLOR DE DUCHA 4"" ABS CR C/BLISTER";2;2;2;23054280;010926131217082;181105367;;;;08/13/2031 00:00:00;2;13760242;01/09/2026 13:12:17;Gustavo;Soderquvist;24335879;01/09/2026 12:50:54;6867;Javier;Lescano;Gustavo Soderquvist;Javier Lescano
14115250;01/09/2026 13:12:17;3;2;0001  214783-1;05;CAMIONETA EXP 1;2318122;"CQ01    ";"CAMARGO QUISPE VICENTE - MATERIALES CAMARGO       ";JUAN GOLLNER 51;952728;"61-205         ";61-205 - LAVATORIO MONOC ALTO STEEL;1;1;1;23054280;010926131217082;181106719;;;;07/28/2031 00:00:00;1;13760242;01/09/2026 13:12:17;Gustavo;Soderquvist;24335879;01/09/2026 12:50:54;6867;Javier;Lescano;Gustavo Soderquvist;Javier Lescano
14115250;01/09/2026 13:12:17;3;2;0001  214783-1;05;CAMIONETA EXP 1;2318122;"CQ01    ";"CAMARGO QUISPE VICENTE - MATERIALES CAMARGO       ";JUAN GOLLNER 51;952712;"61-176         ";61-176 - LAVATORIO MONOC ALTO CR RIO;1;1;1;23054280;010926131217082;181107290;;;;10/09/2031 00:00:00;1;13760242;01/09/2026 13:12:17;Gustavo;Soderquvist;24335879;01/09/2026 12:50:54;6867;Javier;Lescano;Gustavo Soderquvist;Javier Lescano
14115250;01/09/2026 13:12:17;3;2;0001  214783-1;05;CAMIONETA EXP 1;2318122;"CQ01    ";"CAMARGO QUISPE VICENTE - MATERIALES CAMARGO       ";JUAN GOLLNER 51;952679;"60-205         ";60-205 - LAVATORIO MONOC BAJO STEEL;1;1;1;23054280;010926131217082;181106555;;;;07/27/2031 00:00:00;1;13760242;01/09/2026 13:12:17;Gustavo;Soderquvist;24335879;01/09/2026 12:50:54;6867;Javier;Lescano;Gustavo Soderquvist;Javier Lescano
14115250;01/09/2026 13:12:17;3;2;0001  214783-1;05;CAMIONETA EXP 1;2318122;"CQ01    ";"CAMARGO QUISPE VICENTE - MATERIALES CAMARGO       ";JUAN GOLLNER 51;951523;"20-134         ";20-134 - MONOCOMANDO COCINA BETIS;1;1;1;23054280;010926131217082;181109325;;;;08/11/2031 00:00:00;1;13760242;01/09/2026 13:12:17;Gustavo;Soderquvist;24335879;01/09/2026 12:50:54;6867;Javier;Lescano;Gustavo Soderquvist;Javier Lescano
14115251;01/09/2026 15:17:40;3;2;0001  214784-1;05;CAMIONETA EXP 1;2091029;"AG04    ";"AGUA Y GAS SRL.                                   ";ELORDI 652;957447;"RA1030         ";RA1030 - PICO ROCIADOR P/ MONOC COCINA CUINA;10;10;10;23059058;010926151737775;181147393;;;;02/21/2032 00:00:00;10;13764050;01/09/2026 15:17:37;Tiago;Rodriguez;24340664;01/09/2026 14:30:37;7673;Maximo;Batista;Tiago Rodriguez;Maximo Batista
14115251;01/09/2026 15:17:40;3;2;0001  214784-1;05;CAMIONETA EXP 1;2091029;"AG04    ";"AGUA Y GAS SRL.                                   ";ELORDI 652;952926;"70-176N        ";70-176N - BIDE MONOC C/TRANSF BLACK RIO;3;3;3;23059058;010926151737775;181144149;;;;11/23/2031 00:00:00;3;13764050;01/09/2026 15:17:37;Tiago;Rodriguez;24340664;01/09/2026 14:30:37;7673;Maximo;Batista;Tiago Rodriguez;Maximo Batista
14115251;01/09/2026 15:17:40;3;2;0001  214784-1;05;CAMIONETA EXP 1;2091029;"AG04    ";"AGUA Y GAS SRL.                                   ";ELORDI 652;952925;"70-176         ";70-176 - BIDE MONOC C/TRANSF CR RIO;1;1;1;23059058;010926151737775;181146755;;;;11/17/2031 00:00:00;1;13764050;01/09/2026 15:17:37;Tiago;Rodriguez;24340664;01/09/2026 14:30:37;7673;Maximo;Batista;Tiago Rodriguez;Maximo Batista
14115251;01/09/2026 15:17:40;3;2;0001  214784-1;05;CAMIONETA EXP 1;2091029;"AG04    ";"AGUA Y GAS SRL.                                   ";ELORDI 652;952713;"61-176N        ";61-176N - LAVATORIO MONOC ALTO BLACK RIO;6;6;6;23059058;010926151737775;181143436;;;;07/29/2031 00:00:00;6;13764050;01/09/2026 15:17:37;Tiago;Rodriguez;24340664;01/09/2026 14:30:37;7673;Maximo;Batista;Tiago Rodriguez;Maximo Batista
14115251;01/09/2026 15:17:40;3;2;0001  214784-1;05;CAMIONETA EXP 1;2091029;"AG04    ";"AGUA Y GAS SRL.                                   ";ELORDI 652;952712;"61-176         ";61-176 - LAVATORIO MONOC ALTO CR RIO;2;2;2;23059058;010926151737775;181146680;;;;10/09/2031 00:00:00;2;13764050;01/09/2026 15:17:37;Tiago;Rodriguez;24340664;01/09/2026 14:30:37;7673;Maximo;Batista;Tiago Rodriguez;Maximo Batista
14115251;01/09/2026 15:17:40;3;2;0001  214784-1;05;CAMIONETA EXP 1;2091029;"AG04    ";"AGUA Y GAS SRL.                                   ";ELORDI 652;951820;"30-121         ";30-121 - COCINA MSDA MONOC.P. CUADRADO MARBELLA;2;2;2;23059058;010926151737775;181142667;;;;11/08/2031 00:00:00;2;13764050;01/09/2026 15:17:37;Tiago;Rodriguez;24340664;01/09/2026 14:30:37;7673;Maximo;Batista;Tiago Rodriguez;Maximo Batista
14115251;01/09/2026 15:17:40;3;2;0001  214784-1;05;CAMIONETA EXP 1;2091029;"AG04    ";"AGUA Y GAS SRL.                                   ";ELORDI 652;951508;"20-121         ";20-121 - COCINA MSDA MONOC.P. REDONDO MARBELLA;2;2;2;23059058;010926151737775;181143051;;;;07/30/2031 00:00:00;2;13764050;01/09/2026 15:17:37;Tiago;Rodriguez;24340664;01/09/2026 14:30:37;7673;Maximo;Batista;Tiago Rodriguez;Maximo Batista
14115253;01/09/2026 15:20:20;3;2;0001  214795-1;05;CAMIONETA EXP 1;2091372;"BO15    ";"BOTTIGLIERI S.R.L.                                ";PELAGIO B LUNA 925;958249;"RU989          ";RU989 - VASO DE VIDRIO CUADRADO REPUESTO;1;1;1;23058648;010926152017899;181148337;;;;02/10/2032 00:00:00;1;13763536;01/09/2026 15:20:17;Gustavo;Soderquvist;24340207;01/09/2026 14:33:24;7636;Kevin;Arce;Gustavo Soderquvist;Kevin Arce
14115253;01/09/2026 15:20:20;3;2;0001  214795-1;05;CAMIONETA EXP 1;2091372;"BO15    ";"BOTTIGLIERI S.R.L.                                ";PELAGIO B LUNA 925;954805;"AB-002         ";AB-002 - AGARRADERA ACERO INOX CROMADO 40 CM SAFE;2;2;2;23058648;010926152017899;181137975;;;;08/12/2031 00:00:00;2;13763536;01/09/2026 15:20:17;Gustavo;Soderquvist;24340207;01/09/2026 14:33:24;7636;Kevin;Arce;Gustavo Soderquvist;Kevin Arce
14115253;01/09/2026 15:20:20;3;2;0001  214795-1;05;CAMIONETA EXP 1;2091372;"BO15    ";"BOTTIGLIERI S.R.L.                                ";PELAGIO B LUNA 925;954804;"AB-001         ";AB-001 - AGARRADERA ACERO INOX CROMADO 30 CM SAFE;2;2;2;23058648;010926152017899;181137869;;;;07/28/2031 00:00:00;2;13763536;01/09/2026 15:20:17;Gustavo;Soderquvist;24340207;01/09/2026 14:33:24;7636;Kevin;Arce;Gustavo Soderquvist;Kevin Arce
14115253;01/09/2026 15:20:20;3;2;0001  214795-1;05;CAMIONETA EXP 1;2091372;"BO15    ";"BOTTIGLIERI S.R.L.                                ";PELAGIO B LUNA 925;953432;"910/M          ";"910/M - JGO.MDA.P.CANO CROMO ""DIQUE""";2;2;2;23058648;010926152017899;181146854;;;;12/21/2031 00:00:00;2;13763536;01/09/2026 15:20:17;Gustavo;Soderquvist;24340207;01/09/2026 14:33:24;7636;Kevin;Arce;Gustavo Soderquvist;Kevin Arce
14115253;01/09/2026 15:20:20;3;2;0001  214795-1;05;CAMIONETA EXP 1;2091372;"BO15    ";"BOTTIGLIERI S.R.L.                                ";PELAGIO B LUNA 925;953318;"83-180         ";83-180 - DUCHA EXT. C/TRANSF. MONOCOMANDO VERA;1;1;1;23058648;010926152017899;181140853;;;;07/27/2031 00:00:00;1;13763536;01/09/2026 15:20:17;Gustavo;Soderquvist;24340207;01/09/2026 14:33:24;7636;Kevin;Arce;Gustavo Soderquvist;Kevin Arce
14115253;01/09/2026 15:20:20;3;2;0001  214795-1;05;CAMIONETA EXP 1;2091372;"BO15    ";"BOTTIGLIERI S.R.L.                                ";PELAGIO B LUNA 925;953235;"81-166         ";81-166 - DUCHA EMB. S/TRANSF. CR C.CERAM ADRA PLUS;1;1;1;23058648;010926152017899;181146111;;;;07/31/2031 00:00:00;1;13763536;01/09/2026 15:20:17;Gustavo;Soderquvist;24340207;01/09/2026 14:33:24;7636;Kevin;Arce;Gustavo Soderquvist;Kevin Arce
14115253;01/09/2026 15:20:20;3;2;0001  214795-1;05;CAMIONETA EXP 1;2091372;"BO15    ";"BOTTIGLIERI S.R.L.                                ";PELAGIO B LUNA 925;953063;"8006           ";8006 - SET DE 6 PIEZAS LINEA 8000;3;3;3;23058648;010926152017899;181142286;;;;07/29/2031 00:00:00;3;13763536;01/09/2026 15:20:17;Gustavo;Soderquvist;24340207;01/09/2026 14:33:24;7636;Kevin;Arce;Gustavo Soderquvist;Kevin Arce
14115253;01/09/2026 15:20:20;3;2;0001  214795-1;05;CAMIONETA EXP 1;2091372;"BO15    ";"BOTTIGLIERI S.R.L.                                ";PELAGIO B LUNA 925;952912;"70-162         ";70-162 - BIDE CR C.CERAM LINEA ADRA;2;2;2;23058648;010926152017899;181147861;;;;07/29/2031 00:00:00;2;13763536;01/09/2026 15:20:17;Gustavo;Soderquvist;24340207;01/09/2026 14:33:24;7636;Kevin;Arce;Gustavo Soderquvist;Kevin Arce
14115253;01/09/2026 15:20:20;3;2;0001  214795-1;05;CAMIONETA EXP 1;2091372;"BO15    ";"BOTTIGLIERI S.R.L.                                ";PELAGIO B LUNA 925;952728;"61-205         ";61-205 - LAVATORIO MONOC ALTO STEEL;1;1;1;23058648;010926152017899;181138491;;;;07/28/2031 00:00:00;1;13763536;01/09/2026 15:20:17;Gustavo;Soderquvist;24340207;01/09/2026 14:33:24;7636;Kevin;Arce;Gustavo Soderquvist;Kevin Arce
14115253;01/09/2026 15:20:20;3;2;0001  214795-1;05;CAMIONETA EXP 1;2091372;"BO15    ";"BOTTIGLIERI S.R.L.                                ";PELAGIO B LUNA 925;952634;"60-162         ";60-162 - LAVATORIO CR C.CERAM LINEA ADRA;2;2;2;23058648;010926152017899;181147628;;;;07/29/2031 00:00:00;2;13763536;01/09/2026 15:20:17;Gustavo;Soderquvist;24340207;01/09/2026 14:33:24;7636;Kevin;Arce;Gustavo Soderquvist;Kevin Arce
14115253;01/09/2026 15:20:20;3;2;0001  214795-1;05;CAMIONETA EXP 1;2091372;"BO15    ";"BOTTIGLIERI S.R.L.                                ";PELAGIO B LUNA 925;952292;"434/CR         ";434/CR - DUCHA EMB.C/TRANSF CR ARES;2;2;2;23058648;010926152017899;181145055;;;;01/12/2032 00:00:00;2;13763536;01/09/2026 15:20:17;Gustavo;Soderquvist;24340207;01/09/2026 14:33:24;7636;Kevin;Arce;Gustavo Soderquvist;Kevin Arce
14115253;01/09/2026 15:20:20;3;2;0001  214795-1;05;CAMIONETA EXP 1;2091372;"BO15    ";"BOTTIGLIERI S.R.L.                                ";PELAGIO B LUNA 925;952028;"314/CR         ";314/CR - BIDE CROMO ARES;1;1;1;23058648;010926152017899;181145249;;;;01/11/2032 00:00:00;1;13763536;01/09/2026 15:20:17;Gustavo;Soderquvist;24340207;01/09/2026 14:33:24;7636;Kevin;Arce;Gustavo Soderquvist;Kevin Arce
14115253;01/09/2026 15:20:20;3;2;0001  214795-1;05;CAMIONETA EXP 1;2091372;"BO15    ";"BOTTIGLIERI S.R.L.                                ";PELAGIO B LUNA 925;951760;"3006SS         ";3006SS - SET DE 6 PIEZAS LINEA 3000 SS;2;2;2;23058648;010926152017899;181139086;;;;07/29/2031 00:00:00;2;13763536;01/09/2026 15:20:17;Gustavo;Soderquvist;24340207;01/09/2026 14:33:24;7636;Kevin;Arce;Gustavo Soderquvist;Kevin Arce
14115253;01/09/2026 15:20:20;3;2;0001  214795-1;05;CAMIONETA EXP 1;2091372;"BO15    ";"BOTTIGLIERI S.R.L.                                ";PELAGIO B LUNA 925;951614;"21200          ";21200 - ESQUINERO ORGANIZADOR 19x19x7;1;1;1;23058648;010926152017899;181139316;;;;07/27/2031 00:00:00;1;13763536;01/09/2026 15:20:17;Gustavo;Soderquvist;24340207;01/09/2026 14:33:24;7636;Kevin;Arce;Gustavo Soderquvist;Kevin Arce
14115253;01/09/2026 15:20:20;3;2;0001  214795-1;05;CAMIONETA EXP 1;2091372;"BO15    ";"BOTTIGLIERI S.R.L.                                ";PELAGIO B LUNA 925;951606;"21100          ";21100 - ESTANTE ORGANIZADOR RECTANGULAR 25x12x7;1;1;1;23058648;010926152017899;181138732;;;;07/29/2031 00:00:00;1;13763536;01/09/2026 15:20:17;Gustavo;Soderquvist;24340207;01/09/2026 14:33:24;7636;Kevin;Arce;Gustavo Soderquvist;Kevin Arce
14115253;01/09/2026 15:20:20;3;2;0001  214795-1;05;CAMIONETA EXP 1;2091372;"BO15    ";"BOTTIGLIERI S.R.L.                                ";PELAGIO B LUNA 925;951309;"17060G         ";17060G - PORTA VASO Y CEPILLO  LINEA FABRIC GOLD;1;1;1;23058648;010926152017899;181141582;;;;07/31/2031 00:00:00;1;13763536;01/09/2026 15:20:17;Gustavo;Soderquvist;24340207;01/09/2026 14:33:24;7636;Kevin;Arce;Gustavo Soderquvist;Kevin Arce
14115253;01/09/2026 15:20:20;3;2;0001  214795-1;05;CAMIONETA EXP 1;2091372;"BO15    ";"BOTTIGLIERI S.R.L.                                ";PELAGIO B LUNA 925;951259;"16006BL        ";16006BL - SET 6 PIEZAS ACCESORIOS LINEA 16000 BLACK;2;2;2;23058648;010926152017899;181143003;;;;07/27/2031 00:00:00;2;13763536;01/09/2026 15:20:17;Gustavo;Soderquvist;24340207;01/09/2026 14:33:24;7636;Kevin;Arce;Gustavo Soderquvist;Kevin Arce
14115253;01/09/2026 15:20:20;3;2;0001  214795-1;05;CAMIONETA EXP 1;2091372;"BO15    ";"BOTTIGLIERI S.R.L.                                ";PELAGIO B LUNA 925;951258;"16006          ";16006 - SET 6 PIEZAS ACCESORIOS LINEA 16000;4;4;4;23058648;010926152017899;181144569;;;;07/29/2031 00:00:00;4;13763536;01/09/2026 15:20:17;Gustavo;Soderquvist;24340207;01/09/2026 14:33:24;7636;Kevin;Arce;Gustavo Soderquvist;Kevin Arce
14115253;01/09/2026 15:20:20;3;2;0001  214795-1;05;CAMIONETA EXP 1;2091372;"BO15    ";"BOTTIGLIERI S.R.L.                                ";PELAGIO B LUNA 925;951132;"13006          ";"SET DE 6 PIEZAS LINEA 13000                                           ";2;2;2;23058648;010926152017899;181144041;;;;07/28/2031 00:00:00;2;13763536;01/09/2026 15:20:17;Gustavo;Soderquvist;24340207;01/09/2026 14:33:24;7636;Kevin;Arce;Gustavo Soderquvist;Kevin Arce
14115254;01/09/2026 13:15:26;3;2;0001  214797-1;05;CAMIONETA EXP 1;2094365;"SC28    ";"SANITARIOS CAROSIO S.A.                           ";ALTE. BROWN 54;953494;"944            ";944 - JUEGO COC.PARED EMB CRUZ BL/CR ARES;3;3;3;23055243;010926131526494;181111466;;;;07/31/2031 00:00:00;3;13760306;01/09/2026 13:15:26;Tiago;Rodriguez;24336894;01/09/2026 12:57:57;6867;Javier;Lescano;Tiago Rodriguez;Javier Lescano
14115254;01/09/2026 13:15:26;3;2;0001  214797-1;05;CAMIONETA EXP 1;2094365;"SC28    ";"SANITARIOS CAROSIO S.A.                           ";ALTE. BROWN 54;953236;"81-180         ";81-180 - DUCHA EMB. S/TRANSF. MONOCOMANDO VERA;1;1;1;23055243;010926131526494;181111243;;;;01/04/2032 00:00:00;1;13760306;01/09/2026 13:15:26;Tiago;Rodriguez;24336894;01/09/2026 12:57:57;6867;Javier;Lescano;Tiago Rodriguez;Javier Lescano
14115254;01/09/2026 13:15:26;3;2;0001  214797-1;05;CAMIONETA EXP 1;2094365;"SC28    ";"SANITARIOS CAROSIO S.A.                           ";ALTE. BROWN 54;953148;"80-199         ";80-199 - DUCHA EMB. C/TRANSF. CR C.CERAM LIVE;1;1;1;23055243;010926131526494;181112141;;;;11/03/2031 00:00:00;1;13760306;01/09/2026 13:15:26;Tiago;Rodriguez;24336894;01/09/2026 12:57:57;6867;Javier;Lescano;Tiago Rodriguez;Javier Lescano
14115254;01/09/2026 13:15:26;3;2;0001  214797-1;05;CAMIONETA EXP 1;2094365;"SC28    ";"SANITARIOS CAROSIO S.A.                           ";ALTE. BROWN 54;952504;"55-002         ";55-002 - COCINA P/PARED EMB P.ALTO RENACER;3;3;3;23055243;010926131526494;181112239;;;;07/31/2031 00:00:00;3;13760306;01/09/2026 13:15:26;Tiago;Rodriguez;24336894;01/09/2026 12:57:57;6867;Javier;Lescano;Tiago Rodriguez;Javier Lescano
14115254;01/09/2026 13:15:26;3;2;0001  214797-1;05;CAMIONETA EXP 1;2094365;"SC28    ";"SANITARIOS CAROSIO S.A.                           ";ALTE. BROWN 54;952449;"51-107         ";51-107 - JGO. MESADA CR C.CERAM BEDIA;1;1;1;23055243;010926131526494;181111926;;;;11/10/2031 00:00:00;1;13760306;01/09/2026 13:15:26;Tiago;Rodriguez;24336894;01/09/2026 12:57:57;6867;Javier;Lescano;Tiago Rodriguez;Javier Lescano
14115255;01/09/2026 14:22:58;3;2;0001  214798-1;05;CAMIONETA EXP 1;2092710;"GI01    ";"GILI Y CIA SRL                                    ";RONDEAU 915;954918;"BCH16          ";BCH16 - BACHA DE APOYAR BLANCA 610x457x254 C/DESAGOTE Y REJILLA;6;6;6;23055573;010926142257334;181121759;;;;01/06/2032 00:00:00;6;13761517;01/09/2026 14:22:57;Maximiliano;Nievas;24337168;01/09/2026 13:39:22;6414;Agustin;Scirica;Maximiliano Nievas;Agustin Scirica
14115255;01/09/2026 14:22:58;3;2;0001  214798-1;05;CAMIONETA EXP 1;2092710;"GI01    ";"GILI Y CIA SRL                                    ";RONDEAU 915;953153;"80-200G        ";80-200G - DUCHA EMB. MONOC. 3 FUNCIONES GOLD FABRIC;5;5;5;23055573;010926142257334;181117994;;;;12/03/2031 00:00:00;5;13761517;01/09/2026 14:22:57;Maximiliano;Nievas;24337168;01/09/2026 13:39:22;6414;Agustin;Scirica;Maximiliano Nievas;Agustin Scirica
14115255;01/09/2026 14:22:58;3;2;0001  214798-1;05;CAMIONETA EXP 1;2092710;"GI01    ";"GILI Y CIA SRL                                    ";RONDEAU 915;953136;"80-190P        ";80-190P - DUCHA EMB. C/TRANSF. C.CERAM BLACK VELVET PLUS;4;4;4;23055573;010926142257334;181119889;;;;07/29/2031 00:00:00;4;13761517;01/09/2026 14:22:57;Maximiliano;Nievas;24337168;01/09/2026 13:39:22;6414;Agustin;Scirica;Maximiliano Nievas;Agustin Scirica
14115255;01/09/2026 14:22:58;3;2;0001  214798-1;05;CAMIONETA EXP 1;2092710;"GI01    ";"GILI Y CIA SRL                                    ";RONDEAU 915;952947;"70-199N        ";70-199N - BIDE BLACK C.CERAM LIVE;3;3;3;23055573;010926142257334;181120522;;;;07/29/2031 00:00:00;3;13761517;01/09/2026 14:22:57;Maximiliano;Nievas;24337168;01/09/2026 13:39:22;6414;Agustin;Scirica;Maximiliano Nievas;Agustin Scirica
14115255;01/09/2026 14:22:58;3;2;0001  214798-1;05;CAMIONETA EXP 1;2092710;"GI01    ";"GILI Y CIA SRL                                    ";RONDEAU 915;952912;"70-162         ";70-162 - BIDE CR C.CERAM LINEA ADRA;10;10;10;23055573;010926142257334;181120911;;;;07/29/2031 00:00:00;10;13761517;01/09/2026 14:22:57;Maximiliano;Nievas;24337168;01/09/2026 13:39:22;6414;Agustin;Scirica;Maximiliano Nievas;Agustin Scirica
14115255;01/09/2026 14:22:58;3;2;0001  214798-1;05;CAMIONETA EXP 1;2092710;"GI01    ";"GILI Y CIA SRL                                    ";RONDEAU 915;952712;"61-176         ";61-176 - LAVATORIO MONOC ALTO CR RIO;6;6;6;23055573;010926142257334;181115707;;;;10/09/2031 00:00:00;6;13761517;01/09/2026 14:22:57;Maximiliano;Nievas;24337168;01/09/2026 13:39:22;6414;Agustin;Scirica;Maximiliano Nievas;Agustin Scirica
14115255;01/09/2026 14:22:58;3;2;0001  214798-1;05;CAMIONETA EXP 1;2092710;"GI01    ";"GILI Y CIA SRL                                    ";RONDEAU 915;952647;"60-176         ";"LAVATORIO MONOCOMANDO BAJO CR RIO                                     ";5;5;5;23055573;010926142257334;181115629;;;;10/11/2031 00:00:00;5;13761517;01/09/2026 14:22:57;Maximiliano;Nievas;24337168;01/09/2026 13:39:22;6414;Agustin;Scirica;Maximiliano Nievas;Agustin Scirica
14115255;01/09/2026 14:22:58;3;2;0001  214798-1;05;CAMIONETA EXP 1;2092710;"GI01    ";"GILI Y CIA SRL                                    ";RONDEAU 915;952634;"60-162         ";60-162 - LAVATORIO CR C.CERAM LINEA ADRA;5;5;5;23055573;010926142257334;181121070;;;;07/29/2031 00:00:00;5;13761517;01/09/2026 14:22:57;Maximiliano;Nievas;24337168;01/09/2026 13:39:22;6414;Agustin;Scirica;Maximiliano Nievas;Agustin Scirica
14115255;01/09/2026 14:22:58;3;2;0001  214798-1;05;CAMIONETA EXP 1;2092710;"GI01    ";"GILI Y CIA SRL                                    ";RONDEAU 915;952631;"60-153         ";60-153 - LAVATORIO CR C.CERAMICO CASTILLA;5;5;5;23055573;010926142257334;181120133;;;;11/23/2031 00:00:00;5;13761517;01/09/2026 14:22:57;Maximiliano;Nievas;24337168;01/09/2026 13:39:22;6414;Agustin;Scirica;Maximiliano Nievas;Agustin Scirica
14115255;01/09/2026 14:22:58;3;2;0001  214798-1;05;CAMIONETA EXP 1;2092710;"GI01    ";"GILI Y CIA SRL                                    ";RONDEAU 915;952456;"51-190         ";51-190 - MESADA BIMANDO C.CERAM BLACK VELVET;5;5;5;23055573;010926142257334;181119411;;;;10/13/2031 00:00:00;5;13761517;01/09/2026 14:22:57;Maximiliano;Nievas;24337168;01/09/2026 13:39:22;6414;Agustin;Scirica;Maximiliano Nievas;Agustin Scirica
14115255;01/09/2026 14:22:58;3;2;0001  214798-1;05;CAMIONETA EXP 1;2092710;"GI01    ";"GILI Y CIA SRL                                    ";RONDEAU 915;952453;"51-131         ";51-131 - MESADA BIMANDO CR C.CERAM MALLORCA;5;5;5;23055573;010926142257334;181118847;;;;01/11/2032 00:00:00;5;13761517;01/09/2026 14:22:57;Maximiliano;Nievas;24337168;01/09/2026 13:39:22;6414;Agustin;Scirica;Maximiliano Nievas;Agustin Scirica
14115255;01/09/2026 14:22:58;3;2;0001  214798-1;05;CAMIONETA EXP 1;2092710;"GI01    ";"GILI Y CIA SRL                                    ";RONDEAU 915;951833;"30-132         ";30-132 - COCINA MESADA MONOC. C/DUCHADOR EXTENSIBLE VIGO;5;5;5;23055573;010926142257334;181114485;;;;07/28/2031 00:00:00;5;13761517;01/09/2026 14:22:57;Maximiliano;Nievas;24337168;01/09/2026 13:39:22;6414;Agustin;Scirica;Maximiliano Nievas;Agustin Scirica
14115255;01/09/2026 14:22:58;3;2;0001  214798-1;05;CAMIONETA EXP 1;2092710;"GI01    ";"GILI Y CIA SRL                                    ";RONDEAU 915;951565;"20-205         ";20-205 - MONOCOMANDO DE COCINA STEEL;5;5;5;23055573;010926142257334;181116696;;;;07/28/2031 00:00:00;5;13761517;01/09/2026 14:22:57;Maximiliano;Nievas;24337168;01/09/2026 13:39:22;6414;Agustin;Scirica;Maximiliano Nievas;Agustin Scirica
14115255;01/09/2026 14:22:58;3;2;0001  214798-1;05;CAMIONETA EXP 1;2092710;"GI01    ";"GILI Y CIA SRL                                    ";RONDEAU 915;951545;"20-172         ";20-172 - COCINA MESADA MONOC. COLORS NEGRO;5;5;5;23055573;010926142257334;181115281;;;;07/28/2031 00:00:00;5;13761517;01/09/2026 14:22:57;Maximiliano;Nievas;24337168;01/09/2026 13:39:22;6414;Agustin;Scirica;Maximiliano Nievas;Agustin Scirica
14115255;01/09/2026 14:22:58;3;2;0001  214798-1;05;CAMIONETA EXP 1;2092710;"GI01    ";"GILI Y CIA SRL                                    ";RONDEAU 915;951512;"20-122         ";"MONOCOMANDO COCINA CR C/PICO EXTRAIBLE VALENCIA                       ";8;8;8;23055573;010926142257334;181116250;;;;08/06/2031 00:00:00;8;13761517;01/09/2026 14:22:57;Maximiliano;Nievas;24337168;01/09/2026 13:39:22;6414;Agustin;Scirica;Maximiliano Nievas;Agustin Scirica
14115255;01/09/2026 14:22:58;3;2;0001  214798-1;05;CAMIONETA EXP 1;2092710;"GI01    ";"GILI Y CIA SRL                                    ";RONDEAU 915;951302;"17040C         ";17040C - PORTA ROLLO LINEA FABRIC CROMO;3;3;3;23055573;010926142257334;181117549;;;;07/29/2031 00:00:00;3;13761517;01/09/2026 14:22:57;Maximiliano;Nievas;24337168;01/09/2026 13:39:22;6414;Agustin;Scirica;Maximiliano Nievas;Agustin Scirica
14115255;01/09/2026 14:22:58;3;2;0001  214798-1;05;CAMIONETA EXP 1;2092710;"GI01    ";"GILI Y CIA SRL                                    ";RONDEAU 915;951136;"13040          ";"PORTA ROLLO LINEA 13000                                               ";8;8;8;23055573;010926142257334;181113652;;;;07/31/2031 00:00:00;8;13761517;01/09/2026 14:22:57;Maximiliano;Nievas;24337168;01/09/2026 13:39:22;6414;Agustin;Scirica;Maximiliano Nievas;Agustin Scirica
14115255;01/09/2026 14:22:58;3;2;0001  214798-1;05;CAMIONETA EXP 1;2092710;"GI01    ";"GILI Y CIA SRL                                    ";RONDEAU 915;951135;"13030          ";"PERCHA LINEA 13000                                                    ";8;8;8;23055573;010926142257334;181113872;;;;07/31/2031 00:00:00;8;13761517;01/09/2026 14:22:57;Maximiliano;Nievas;24337168;01/09/2026 13:39:22;6414;Agustin;Scirica;Maximiliano Nievas;Agustin Scirica
14115255;01/09/2026 14:22:58;3;2;0001  214798-1;05;CAMIONETA EXP 1;2092710;"GI01    ";"GILI Y CIA SRL                                    ";RONDEAU 915;951134;"13020          ";"TOALLERO DE ARO LINEA 13000                                           ";8;8;8;23055573;010926142257334;181114073;;;;07/31/2031 00:00:00;8;13761517;01/09/2026 14:22:57;Maximiliano;Nievas;24337168;01/09/2026 13:39:22;6414;Agustin;Scirica;Maximiliano Nievas;Agustin Scirica
14115256;01/09/2026 13:16:51;3;2;0001  214800-1;05;CAMIONETA EXP 1;2094728;"TC01    ";"TODO CAÑO DE MIGUEL ESPECHE                       ";PRADO 231;954382;"A1540          ";"CUERPO VALVULA DE DESAGOTE P/INODORO TECNO 02-010/011                 ";1;1;1;23054281;010926131650343;181110395;;;;07/28/2031 00:00:00;1;13760326;01/09/2026 13:16:50;Gustavo;Soderquvist;24335879;01/09/2026 12:50:54;6867;Javier;Lescano;Gustavo Soderquvist;Javier Lescano
14115256;01/09/2026 13:16:51;3;2;0001  214800-1;05;CAMIONETA EXP 1;2094728;"TC01    ";"TODO CAÑO DE MIGUEL ESPECHE                       ";PRADO 231;954379;"A1539N         ";"TAPA Y TECLA PARA VALVULA DE DESCARGA CUADRADA MINIMALISTA BLACK      ";1;1;1;23054281;010926131650343;181104372;;;;07/31/2031 00:00:00;1;13760326;01/09/2026 13:16:50;Gustavo;Soderquvist;24335879;01/09/2026 12:50:54;6867;Javier;Lescano;Gustavo Soderquvist;Javier Lescano
14115256;01/09/2026 13:16:51;3;2;0001  214800-1;05;CAMIONETA EXP 1;2094728;"TC01    ";"TODO CAÑO DE MIGUEL ESPECHE                       ";PRADO 231;951512;"20-122         ";"MONOCOMANDO COCINA CR C/PICO EXTRAIBLE VALENCIA                       ";12;12;12;23054281;010926131650343;181107723;;;;08/06/2031 00:00:00;12;13760326;01/09/2026 13:16:50;Gustavo;Soderquvist;24335879;01/09/2026 12:50:54;6867;Javier;Lescano;Gustavo Soderquvist;Javier Lescano
14115257;01/09/2026 14:33:35;3;2;0001  214803-1;05;CAMIONETA EXP 1;2092193;"DR13    ";"DOS RIZZO S. A.                                   ";AV. JUAN B. JUSTO 2936;952912;"70-162         ";70-162 - BIDE CR C.CERAM LINEA ADRA;10;10;10;23058996;010926143334980;181142216;;;;07/29/2031 00:00:00;10;13762572;01/09/2026 14:33:34;Gustavo;Soderquvist;24340553;01/09/2026 14:18:56;7152;Mirko;Hernandez;Gustavo Soderquvist;Mirko Hernandez
14115257;01/09/2026 14:33:35;3;2;0001  214803-1;05;CAMIONETA EXP 1;2092193;"DR13    ";"DOS RIZZO S. A.                                   ";AV. JUAN B. JUSTO 2936;952634;"60-162         ";60-162 - LAVATORIO CR C.CERAM LINEA ADRA;15;15;15;23058996;010926143334980;181141019;;;;07/29/2031 00:00:00;15;13762572;01/09/2026 14:33:34;Gustavo;Soderquvist;24340553;01/09/2026 14:18:56;7152;Mirko;Hernandez;Gustavo Soderquvist;Mirko Hernandez
14115258;01/09/2026 14:16:01;3;2;0001  214788-1;05;CAMIONETA EXP 1;2094574;"SO06    ";"SOLDASUR S.A.                                     ";SAN MARTIN 366;956416;"INO104-2       ";"DEPOSITO C/DESCARGA DUAL BLANCO LINEA STONE                           ";1;1;1;23058065;010926141601526;181132576;;;;01/28/2032 00:00:00;1;13762021;01/09/2026 14:16:01;Gustavo;Soderquvist;24339629;01/09/2026 13:56:18;6867;Javier;Lescano;Gustavo Soderquvist;Javier Lescano
14115259;01/09/2026 14:49:58;3;2;0001  214225-1;05;CAMIONETA EXP 1;2094983;"VM08    ";"VARELA MARIA ISABEL                               ";ALBERTI 4751;957944;"RA980          ";RA980 - 10 CONJ. PROLONGADOR LARGO (TORNILLO+TUBO) VOLANTE;3;3;3;23058735;010926144957844;181142849;;;;10/09/2031 00:00:00;3;13762715;01/09/2026 14:49:57;Gustavo;Soderquvist;24340320;01/09/2026 14:20:56;6867;Javier;Lescano;Gustavo Soderquvist;Javier Lescano
14115259;01/09/2026 14:49:58;3;2;0001  214225-1;05;CAMIONETA EXP 1;2094983;"VM08    ";"VARELA MARIA ISABEL                               ";ALBERTI 4751;957937;"RA967          ";RA967 - CAMPANA VALENCIA - MALLORCA;8;8;8;23058735;010926144957844;181142977;;;;11/30/2031 00:00:00;8;13762715;01/09/2026 14:49:57;Gustavo;Soderquvist;24340320;01/09/2026 14:20:56;6867;Javier;Lescano;Gustavo Soderquvist;Javier Lescano
14115259;01/09/2026 14:49:58;3;2;0001  214225-1;05;CAMIONETA EXP 1;2094983;"VM08    ";"VARELA MARIA ISABEL                               ";ALBERTI 4751;957914;"RA877          ";RA877 - 10 TORNILLOS P/VOLANTE GRIFERIA;10;10;10;23058735;010926144957844;181140831;;;;07/31/2031 00:00:00;10;13762715;01/09/2026 14:49:57;Gustavo;Soderquvist;24340320;01/09/2026 14:20:56;6867;Javier;Lescano;Gustavo Soderquvist;Javier Lescano
14115259;01/09/2026 14:49:58;3;2;0001  214225-1;05;CAMIONETA EXP 1;2094983;"VM08    ";"VARELA MARIA ISABEL                               ";ALBERTI 4751;957550;"RA1189         ";RA1189 - SET PROLONGADOR P/VASTAGO Y CAMPANA (x3);2;2;2;23058735;010926144957844;181142723;;;;02/10/2032 00:00:00;2;13762715;01/09/2026 14:49:57;Gustavo;Soderquvist;24340320;01/09/2026 14:20:56;6867;Javier;Lescano;Gustavo Soderquvist;Javier Lescano
14115259;01/09/2026 14:49:58;3;2;0001  214225-1;05;CAMIONETA EXP 1;2094983;"VM08    ";"VARELA MARIA ISABEL                               ";ALBERTI 4751;957469;"RA1076         ";"10 ORING P/MONOC COCINA RENACER                                       ";5;5;5;23058735;010926144957844;181141038;;;;01/14/2032 00:00:00;5;13762715;01/09/2026 14:49:57;Gustavo;Soderquvist;24340320;01/09/2026 14:20:56;6867;Javier;Lescano;Gustavo Soderquvist;Javier Lescano
14115259;01/09/2026 14:49:58;3;2;0001  214225-1;05;CAMIONETA EXP 1;2094983;"VM08    ";"VARELA MARIA ISABEL                               ";ALBERTI 4751;957452;"RA1051         ";RA1051 - VOLANTE TRANSFERENCIA MALLORCA;2;2;2;23058735;010926144957844;181143089;;;;08/05/2031 00:00:00;2;13762715;01/09/2026 14:49:57;Gustavo;Soderquvist;24340320;01/09/2026 14:20:56;6867;Javier;Lescano;Gustavo Soderquvist;Javier Lescano
14115259;01/09/2026 14:49:58;3;2;0001  214225-1;05;CAMIONETA EXP 1;2094983;"VM08    ";"VARELA MARIA ISABEL                               ";ALBERTI 4751;957450;"RA1050         ";RA1050 - VOLANTE MALLORCA STD.;4;4;4;23058735;010926144957844;181142620;;;;02/21/2032 00:00:00;4;13762715;01/09/2026 14:49:57;Gustavo;Soderquvist;24340320;01/09/2026 14:20:56;6867;Javier;Lescano;Gustavo Soderquvist;Javier Lescano
14115259;01/09/2026 14:49:58;3;2;0001  214225-1;05;CAMIONETA EXP 1;2094983;"VM08    ";"VARELA MARIA ISABEL                               ";ALBERTI 4751;957393;"RA004          ";RA004 - CABEZAL P/TRANSF. BIDET Y DUCHA EMBUTIR;20;20;20;23058735;010926144957844;181142495;;;;07/31/2031 00:00:00;20;13762715;01/09/2026 14:49:57;Gustavo;Soderquvist;24340320;01/09/2026 14:20:56;6867;Javier;Lescano;Gustavo Soderquvist;Javier Lescano
14115259;01/09/2026 14:49:58;3;2;0001  214225-1;05;CAMIONETA EXP 1;2094983;"VM08    ";"VARELA MARIA ISABEL                               ";ALBERTI 4751;957390;"RA001          ";RA001 - CABEZAL STD NO ASCENDENTE;60;60;60;23058735;010926144957844;181142029;;;;11/22/2031 00:00:00;60;13762715;01/09/2026 14:49:57;Gustavo;Soderquvist;24340320;01/09/2026 14:20:56;6867;Javier;Lescano;Gustavo Soderquvist;Javier Lescano
14115259;01/09/2026 14:49:58;3;2;0001  214225-1;05;CAMIONETA EXP 1;2094983;"VM08    ";"VARELA MARIA ISABEL                               ";ALBERTI 4751;953312;"83-133         ";83-133 - DUCHA EXT. C/TRANSF. MONOCOMANDO LUGO;4;4;4;23058735;010926144957844;181139539;;;;07/30/2031 00:00:00;4;13762715;01/09/2026 14:49:57;Gustavo;Soderquvist;24340320;01/09/2026 14:20:56;6867;Javier;Lescano;Gustavo Soderquvist;Javier Lescano
14115259;01/09/2026 14:49:58;3;2;0001  214225-1;05;CAMIONETA EXP 1;2094983;"VM08    ";"VARELA MARIA ISABEL                               ";ALBERTI 4751;952726;"61-203         ";61-203 - LAVATORIO MONOCOMANDO ALTO ADRA;3;3;3;23058735;010926144957844;181140147;;;;01/11/2032 00:00:00;3;13762715;01/09/2026 14:49:57;Gustavo;Soderquvist;24340320;01/09/2026 14:20:56;6867;Javier;Lescano;Gustavo Soderquvist;Javier Lescano
14115259;01/09/2026 14:49:58;3;2;0001  214225-1;05;CAMIONETA EXP 1;2094983;"VM08    ";"VARELA MARIA ISABEL                               ";ALBERTI 4751;952498;"54-130         ";54-130 - MONOCOMANDO COCINA PARED EXT BILBAO;4;4;4;23058735;010926144957844;181138766;;;;07/27/2031 00:00:00;4;13762715;01/09/2026 14:49:57;Gustavo;Soderquvist;24340320;01/09/2026 14:20:56;6867;Javier;Lescano;Gustavo Soderquvist;Javier Lescano
14115259;01/09/2026 14:49:58;3;2;0001  214225-1;05;CAMIONETA EXP 1;2094983;"VM08    ";"VARELA MARIA ISABEL                               ";ALBERTI 4751;951535;"20-160         ";20-160 - MONOCOMANDO MESADA COCINA DIQUE;16;16;16;23058735;010926144957844;181139102;;;;07/28/2031 00:00:00;16;13762715;01/09/2026 14:49:57;Gustavo;Soderquvist;24340320;01/09/2026 14:20:56;6867;Javier;Lescano;Gustavo Soderquvist;Javier Lescano
14115259;01/09/2026 14:49:58;3;2;0001  214225-1;05;CAMIONETA EXP 1;2094983;"VM08    ";"VARELA MARIA ISABEL                               ";ALBERTI 4751;951531;"20-146N        ";20-146N - MONOCOMANDO DE COCINA BLACK LINEA MOVE;6;6;6;23058735;010926144957844;181139242;;;;07/30/2031 00:00:00;6;13762715;01/09/2026 14:49:57;Gustavo;Soderquvist;24340320;01/09/2026 14:20:56;6867;Javier;Lescano;Gustavo Soderquvist;Javier Lescano
14115281;01/09/2026 14:11:12;3;2;0001  214781-1;05;CAMIONETA EXP 1;2093671;"NE04    ";"NEOMAT S.A.                                       ";HIPOLITO YRIGOYEN 4581;954901;"BCH01          ";BCH01 - BACHA DE APOYAR CIRCULAR 320x145;20;20;20;23058066;010926141111252;181134702;;;;07/28/2031 00:00:00;20;13761826;01/09/2026 14:11:11;Gustavo;Soderquvist;24339631;01/09/2026 14:05:46;7636;Kevin;Arce;Gustavo Soderquvist;Kevin Arce
14115281;01/09/2026 14:11:12;3;2;0001  214781-1;05;CAMIONETA EXP 1;2093671;"NE04    ";"NEOMAT S.A.                                       ";HIPOLITO YRIGOYEN 4581;952728;"61-205         ";61-205 - LAVATORIO MONOC ALTO STEEL;10;10;10;23058066;010926141111252;181135187;;;;07/28/2031 00:00:00;10;13761826;01/09/2026 14:11:11;Gustavo;Soderquvist;24339631;01/09/2026 14:05:46;7636;Kevin;Arce;Gustavo Soderquvist;Kevin Arce
14115281;01/09/2026 14:11:12;3;2;0001  214781-1;05;CAMIONETA EXP 1;2093671;"NE04    ";"NEOMAT S.A.                                       ";HIPOLITO YRIGOYEN 4581;952712;"61-176         ";61-176 - LAVATORIO MONOC ALTO CR RIO;10;10;10;23058066;010926141111252;181135921;;;;10/09/2031 00:00:00;10;13761826;01/09/2026 14:11:11;Gustavo;Soderquvist;24339631;01/09/2026 14:05:46;7636;Kevin;Arce;Gustavo Soderquvist;Kevin Arce
14115283;01/09/2026 13:12:09;3;2;0001  214786-1;05;CAMIONETA EXP 1;2093907;"PL16    ";"PLASTISUR S.R.L.                                  ";HIPOLITO YRIGOYEN 5135;953104;"80-153         ";80-153 - DUCHA EMB. C/TRANSF. CR C.CERAM CASTILLA;1;1;1;23055244;010926131208628;181111837;;;;11/04/2031 00:00:00;1;13760231;01/09/2026 13:12:08;Tiago;Rodriguez;24336894;01/09/2026 12:57:57;6867;Javier;Lescano;Tiago Rodriguez;Javier Lescano
14115283;01/09/2026 13:12:09;3;2;0001  214786-1;05;CAMIONETA EXP 1;2093907;"PL16    ";"PLASTISUR S.R.L.                                  ";HIPOLITO YRIGOYEN 5135;952909;"70-153         ";70-153 - BIDE CR C.CERAM CASTILLA;1;1;1;23055244;010926131208628;181111755;;;;10/20/2031 00:00:00;1;13760231;01/09/2026 13:12:08;Tiago;Rodriguez;24336894;01/09/2026 12:57:57;6867;Javier;Lescano;Tiago Rodriguez;Javier Lescano
14115283;01/09/2026 13:12:09;3;2;0001  214786-1;05;CAMIONETA EXP 1;2093907;"PL16    ";"PLASTISUR S.R.L.                                  ";HIPOLITO YRIGOYEN 5135;952631;"60-153         ";60-153 - LAVATORIO CR C.CERAMICO CASTILLA;1;1;1;23055244;010926131208628;181111786;;;;11/23/2031 00:00:00;1;13760231;01/09/2026 13:12:08;Tiago;Rodriguez;24336894;01/09/2026 12:57:57;6867;Javier;Lescano;Tiago Rodriguez;Javier Lescano
14115287;01/09/2026 13:14:07;3;2;0001  214793-1;05;CAMIONETA EXP 1;2093039;"JG08    ";"JOSE LUIS GONZALEZ S A                            ";CORONEL SUAREZ 460;952724;"61-200G        ";61-200G - LAVATORIO MONOC ALTO GOLD FABRIC;1;1;1;23055245;010926131406575;181112442;;;;07/27/2031 00:00:00;1;13760281;01/09/2026 13:14:06;Tiago;Rodriguez;24336894;01/09/2026 12:57:57;6867;Javier;Lescano;Tiago Rodriguez;Javier Lescano
14115287;01/09/2026 13:14:07;3;2;0001  214793-1;05;CAMIONETA EXP 1;2093039;"JG08    ";"JOSE LUIS GONZALEZ S A                            ";CORONEL SUAREZ 460;952672;"60-200C        ";60-200C - LAVATORIO MONOC BAJO CR FABRIC;1;1;1;23055245;010926131406575;181112610;;;;07/28/2031 00:00:00;1;13760281;01/09/2026 13:14:06;Tiago;Rodriguez;24336894;01/09/2026 12:57:57;6867;Javier;Lescano;Tiago Rodriguez;Javier Lescano
14115287;01/09/2026 13:14:07;3;2;0001  214793-1;05;CAMIONETA EXP 1;2093039;"JG08    ";"JOSE LUIS GONZALEZ S A                            ";CORONEL SUAREZ 460;952453;"51-131         ";51-131 - MESADA BIMANDO CR C.CERAM MALLORCA;3;3;3;23055245;010926131406575;181111653;;;;01/11/2032 00:00:00;3;13760281;01/09/2026 13:14:06;Tiago;Rodriguez;24336894;01/09/2026 12:57:57;6867;Javier;Lescano;Tiago Rodriguez;Javier Lescano
14115287;01/09/2026 13:14:07;3;2;0001  214793-1;05;CAMIONETA EXP 1;2093039;"JG08    ";"JOSE LUIS GONZALEZ S A                            ";CORONEL SUAREZ 460;951611;"21-160         ";"MONOCOMANDO DUO COCINA CROMO DIQUE                                    ";7;7;7;23055245;010926131406575;181112765;;;;12/14/2031 00:00:00;7;13760281;01/09/2026 13:14:06;Tiago;Rodriguez;24336894;01/09/2026 12:57:57;6867;Javier;Lescano;Tiago Rodriguez;Javier Lescano
14115288;01/09/2026 13:10:56;3;2;0001  214794-1;05;CAMIONETA EXP 1;2091397;"BR18    ";"BRAZZOLA ROBERTO O. Y BRAZZOLA JUAN SH            ";4 DE ABRIL 1322;954649;"A814           ";A814 - DUCHA C/BRAZO Y CAMPANA CR;6;6;6;23054282;010926131055192;181104796;;;;08/13/2031 00:00:00;6;13759935;01/09/2026 13:10:55;Gustavo;Soderquvist;24335879;01/09/2026 12:50:54;6867;Javier;Lescano;Gustavo Soderquvist;Javier Lescano
14115288;01/09/2026 13:10:56;3;2;0001  214794-1;05;CAMIONETA EXP 1;2091397;"BR18    ";"BRAZZOLA ROBERTO O. Y BRAZZOLA JUAN SH            ";4 DE ABRIL 1322;951794;"3010           ";3010 - TOALLERO BARRAL LINEA 3000;1;1;1;23054282;010926131055192;181105773;;;;07/29/2031 00:00:00;1;13759935;01/09/2026 13:10:55;Gustavo;Soderquvist;24335879;01/09/2026 12:50:54;6867;Javier;Lescano;Gustavo Soderquvist;Javier Lescano
14115288;01/09/2026 13:10:56;3;2;0001  214794-1;05;CAMIONETA EXP 1;2091397;"BR18    ";"BRAZZOLA ROBERTO O. Y BRAZZOLA JUAN SH            ";4 DE ABRIL 1322;951748;"3006           ";3006 - SET DE 6 PIEZAS LINEA 3000;6;6;6;23054282;010926131055192;181108890;;;;07/29/2031 00:00:00;6;13759935;01/09/2026 13:10:55;Gustavo;Soderquvist;24335879;01/09/2026 12:50:54;6867;Javier;Lescano;Gustavo Soderquvist;Javier Lescano
14115288;01/09/2026 13:10:56;3;2;0001  214794-1;05;CAMIONETA EXP 1;2091397;"BR18    ";"BRAZZOLA ROBERTO O. Y BRAZZOLA JUAN SH            ";4 DE ABRIL 1322;951116;"12006          ";"SET DE 6 PIEZAS LINEA 12000                                           ";6;6;6;23054282;010926131055192;181108315;;;;07/30/2031 00:00:00;6;13759935;01/09/2026 13:10:55;Gustavo;Soderquvist;24335879;01/09/2026 12:50:54;6867;Javier;Lescano;Gustavo Soderquvist;Javier Lescano
14115289;01/09/2026 13:15:39;3;2;0001  214796-1;05;CAMIONETA EXP 1;2095038;"WL01    ";"WELSH L Y HAUF E. -SANITARIOS DE LA COSTA         ";AV. LIBERTADOR 1395;953161;"80-205         ";80-205 - DUCHA EMB. C/TRANSF. MONOC STEEL;2;2;2;23054283;010926131538226;181106998;;;;08/11/2031 00:00:00;2;13760317;01/09/2026 13:15:38;Gustavo;Soderquvist;24335879;01/09/2026 12:50:54;6867;Javier;Lescano;Gustavo Soderquvist;Javier Lescano
14115289;01/09/2026 13:15:39;3;2;0001  214796-1;05;CAMIONETA EXP 1;2095038;"WL01    ";"WELSH L Y HAUF E. -SANITARIOS DE LA COSTA         ";AV. LIBERTADOR 1395;951530;"20-146         ";20-146 - MONOCOMANDO DE COCINA CR LINEA MOVE;6;6;6;23054283;010926131538226;181108085;;;;10/09/2031 00:00:00;6;13760317;01/09/2026 13:15:38;Gustavo;Soderquvist;24335879;01/09/2026 12:50:54;6867;Javier;Lescano;Gustavo Soderquvist;Javier Lescano
14115391;01/09/2026 15:08:13;3;2;0001  214792-1;02;CAMIONETA JUE 2;2092329;"EP08    ";"EL MUNDO DEL PLOMERO S.R.L.                       ";ALTE. BROWN 629;950907;"05-010         ";"LAVATORIO BAJO TEMPORIZADO TECNO                                      ";4;4;4;23052155;010926150812258;181112493;;;;07/28/2031 00:00:00;4;13762887;01/09/2026 15:08:12;Maximiliano;Nievas;24333670;01/09/2026 13:52:09;7636;Kevin;Arce;Maximiliano Nievas;Kevin Arce
14115391;01/09/2026 15:08:13;3;2;0001  214792-1;02;CAMIONETA JUE 2;2092329;"EP08    ";"EL MUNDO DEL PLOMERO S.R.L.                       ";ALTE. BROWN 629;951098;"11006          ";"SET DE 6 PIEZAS LINEA 11000                                           ";10;10;10;23052155;010926150812258;181115000;;;;07/29/2031 00:00:00;10;13762887;01/09/2026 15:08:12;Maximiliano;Nievas;24333670;01/09/2026 13:52:09;7636;Kevin;Arce;Maximiliano Nievas;Kevin Arce
14115391;01/09/2026 15:08:13;3;2;0001  214792-1;02;CAMIONETA JUE 2;2092329;"EP08    ";"EL MUNDO DEL PLOMERO S.R.L.                       ";ALTE. BROWN 629;951102;"11040          ";"PORTA ROLLO LINEA 11000                                               ";10;10;10;23052155;010926150812258;181092188;;;;07/27/2031 00:00:00;10;13762887;01/09/2026 15:08:12;Maximiliano;Nievas;24333670;01/09/2026 13:52:09;7636;Kevin;Arce;Maximiliano Nievas;Kevin Arce
14115391;01/09/2026 15:08:13;3;2;0001  214792-1;02;CAMIONETA JUE 2;2092329;"EP08    ";"EL MUNDO DEL PLOMERO S.R.L.                       ";ALTE. BROWN 629;951116;"12006          ";"SET DE 6 PIEZAS LINEA 12000                                           ";10;10;10;23052155;010926150812258;181114222;;;;07/30/2031 00:00:00;10;13762887;01/09/2026 15:08:12;Maximiliano;Nievas;24333670;01/09/2026 13:52:09;7636;Kevin;Arce;Maximiliano Nievas;Kevin Arce
14115391;01/09/2026 15:08:13;3;2;0001  214792-1;02;CAMIONETA JUE 2;2092329;"EP08    ";"EL MUNDO DEL PLOMERO S.R.L.                       ";ALTE. BROWN 629;951523;"20-134         ";20-134 - MONOCOMANDO COCINA BETIS;10;10;10;23052155;010926150812258;181116321;;;;08/11/2031 00:00:00;10;13762887;01/09/2026 15:08:12;Maximiliano;Nievas;24333670;01/09/2026 13:52:09;7636;Kevin;Arce;Maximiliano Nievas;Kevin Arce
14115391;01/09/2026 15:08:13;3;2;0001  214792-1;02;CAMIONETA JUE 2;2092329;"EP08    ";"EL MUNDO DEL PLOMERO S.R.L.                       ";ALTE. BROWN 629;951528;"20-140         ";20-140 - MONOCOMANDO DE COCINA LINEA CUINA;5;5;5;23052155;010926150812258;181094152;;;;10/07/2031 00:00:00;5;13762887;01/09/2026 15:08:12;Maximiliano;Nievas;24333670;01/09/2026 13:52:09;7636;Kevin;Arce;Maximiliano Nievas;Kevin Arce
14115391;01/09/2026 15:08:13;3;2;0001  214792-1;02;CAMIONETA JUE 2;2092329;"EP08    ";"EL MUNDO DEL PLOMERO S.R.L.                       ";ALTE. BROWN 629;951628;"215            ";"215 - LAVATORIO CROMO ""MURCIA""";4;4;4;23052155;010926150812258;181124165;;;;07/31/2031 00:00:00;4;13762887;01/09/2026 15:08:12;Maximiliano;Nievas;24333670;01/09/2026 13:52:09;7636;Kevin;Arce;Maximiliano Nievas;Kevin Arce
14115391;01/09/2026 15:08:13;3;2;0001  214792-1;02;CAMIONETA JUE 2;2092329;"EP08    ";"EL MUNDO DEL PLOMERO S.R.L.                       ";ALTE. BROWN 629;951649;"22004          ";"SET DE 4 PIEZAS LINEA 22000                                           ";20;20;20;23052155;010926150812258;181113281;;;;09/01/2031 00:00:00;20;13762887;01/09/2026 15:08:12;Maximiliano;Nievas;24333670;01/09/2026 13:52:09;7636;Kevin;Arce;Maximiliano Nievas;Kevin Arce
14115391;01/09/2026 15:08:13;3;2;0001  214792-1;02;CAMIONETA JUE 2;2092329;"EP08    ";"EL MUNDO DEL PLOMERO S.R.L.                       ";ALTE. BROWN 629;951993;"3070           ";3070 - JABONERA PARA BAÑERA LINEA 3000;10;10;10;23052155;010926150812258;181093557;;;;07/31/2031 00:00:00;10;13762887;01/09/2026 15:08:12;Maximiliano;Nievas;24333670;01/09/2026 13:52:09;7636;Kevin;Arce;Maximiliano Nievas;Kevin Arce
14115391;01/09/2026 15:08:13;3;2;0001  214792-1;02;CAMIONETA JUE 2;2092329;"EP08    ";"EL MUNDO DEL PLOMERO S.R.L.                       ";ALTE. BROWN 629;952299;"435            ";435 - DUCHA EMB.C/TRANSF.CR MURCIA;4;4;4;23052155;010926150812258;181124375;;;;07/31/2031 00:00:00;4;13762887;01/09/2026 15:08:12;Maximiliano;Nievas;24333670;01/09/2026 13:52:09;7636;Kevin;Arce;Maximiliano Nievas;Kevin Arce
14115391;01/09/2026 15:08:13;3;2;0001  214792-1;02;CAMIONETA JUE 2;2092329;"EP08    ";"EL MUNDO DEL PLOMERO S.R.L.                       ";ALTE. BROWN 629;952420;"51-002         ";51-002 - COCINA MESADA RENACER;4;4;4;23052155;010926150812258;181124940;;;;11/03/2031 00:00:00;4;13762887;01/09/2026 15:08:12;Maximiliano;Nievas;24333670;01/09/2026 13:52:09;7636;Kevin;Arce;Maximiliano Nievas;Kevin Arce
14115391;01/09/2026 15:08:13;3;2;0001  214792-1;02;CAMIONETA JUE 2;2092329;"EP08    ";"EL MUNDO DEL PLOMERO S.R.L.                       ";ALTE. BROWN 629;952471;"53-002         ";53-002 - COCINA PARED EXT. P.ALTO RENACER;2;2;2;23052155;010926150812258;181125302;;;;07/29/2031 00:00:00;2;13762887;01/09/2026 15:08:12;Maximiliano;Nievas;24333670;01/09/2026 13:52:09;7636;Kevin;Arce;Maximiliano Nievas;Kevin Arce
14115391;01/09/2026 15:08:13;3;2;0001  214792-1;02;CAMIONETA JUE 2;2092329;"EP08    ";"EL MUNDO DEL PLOMERO S.R.L.                       ";ALTE. BROWN 629;952541;"60-001N        ";"60-001N - LAVATORIO ""CROMO Y""";10;10;10;23052155;010926150812258;181120439;;;;07/29/2031 00:00:00;10;13762887;01/09/2026 15:08:12;Maximiliano;Nievas;24333670;01/09/2026 13:52:09;7636;Kevin;Arce;Maximiliano Nievas;Kevin Arce
14115391;01/09/2026 15:08:13;3;2;0001  214792-1;02;CAMIONETA JUE 2;2092329;"EP08    ";"EL MUNDO DEL PLOMERO S.R.L.                       ";ALTE. BROWN 629;952577;"60-045         ";60-045 - LAVATORIO CR/CR C.STD CRUZ;4;4;4;23052155;010926150812258;181121715;;;;01/24/2032 00:00:00;4;13762887;01/09/2026 15:08:12;Maximiliano;Nievas;24333670;01/09/2026 13:52:09;7636;Kevin;Arce;Maximiliano Nievas;Kevin Arce
14115391;01/09/2026 15:08:13;3;2;0001  214792-1;02;CAMIONETA JUE 2;2092329;"EP08    ";"EL MUNDO DEL PLOMERO S.R.L.                       ";ALTE. BROWN 629;952634;"60-162         ";60-162 - LAVATORIO CR C.CERAM LINEA ADRA;16;16;16;23052155;010926150812258;181128378;;;;07/29/2031 00:00:00;16;13762887;01/09/2026 15:08:12;Maximiliano;Nievas;24333670;01/09/2026 13:52:09;7636;Kevin;Arce;Maximiliano Nievas;Kevin Arce
14115391;01/09/2026 15:08:13;3;2;0001  214792-1;02;CAMIONETA JUE 2;2092329;"EP08    ";"EL MUNDO DEL PLOMERO S.R.L.                       ";ALTE. BROWN 629;952726;"61-203         ";61-203 - LAVATORIO MONOCOMANDO ALTO ADRA;10;10;10;23052155;010926150812258;181122683;;;;01/11/2032 00:00:00;10;13762887;01/09/2026 15:08:12;Maximiliano;Nievas;24333670;01/09/2026 13:52:09;7636;Kevin;Arce;Maximiliano Nievas;Kevin Arce
14115391;01/09/2026 15:08:13;3;2;0001  214792-1;02;CAMIONETA JUE 2;2092329;"EP08    ";"EL MUNDO DEL PLOMERO S.R.L.                       ";ALTE. BROWN 629;953055;"80-045         ";80-045 - DUCHA EMB.C/TRANSF CR  C.STD CRUZ;6;6;6;23052155;010926150812258;181121181;;;;01/04/2032 00:00:00;6;13762887;01/09/2026 15:08:12;Maximiliano;Nievas;24333670;01/09/2026 13:52:09;7636;Kevin;Arce;Maximiliano Nievas;Kevin Arce
14115391;01/09/2026 15:08:13;3;2;0001  214792-1;02;CAMIONETA JUE 2;2092329;"EP08    ";"EL MUNDO DEL PLOMERO S.R.L.                       ";ALTE. BROWN 629;953060;"80-058         ";80-058 - DUCHA EMB. C/TRANSF. CR C.STD MALBA;10;10;10;23052155;010926150812258;181126714;;;;01/06/2032 00:00:00;10;13762887;01/09/2026 15:08:12;Maximiliano;Nievas;24333670;01/09/2026 13:52:09;7636;Kevin;Arce;Maximiliano Nievas;Kevin Arce
14115391;01/09/2026 15:08:13;3;2;0001  214792-1;02;CAMIONETA JUE 2;2092329;"EP08    ";"EL MUNDO DEL PLOMERO S.R.L.                       ";ALTE. BROWN 629;953109;"80-166         ";"DUCHA EMB. C/TRANSF. CR C.CERAM ADRA PLUS                             ";10;10;10;23052155;010926150812258;181130373;;;;01/13/2032 00:00:00;10;13762887;01/09/2026 15:08:12;Maximiliano;Nievas;24333670;01/09/2026 13:52:09;7636;Kevin;Arce;Maximiliano Nievas;Kevin Arce
14115391;01/09/2026 15:08:13;3;2;0001  214792-1;02;CAMIONETA JUE 2;2092329;"EP08    ";"EL MUNDO DEL PLOMERO S.R.L.                       ";ALTE. BROWN 629;953182;"8040           ";8040 - PORTA ROLLO LINEA 8000;10;10;10;23052155;010926150812258;181091900;;;;08/27/2031 00:00:00;10;13762887;01/09/2026 15:08:12;Maximiliano;Nievas;24333670;01/09/2026 13:52:09;7636;Kevin;Arce;Maximiliano Nievas;Kevin Arce
14115391;01/09/2026 15:08:13;3;2;0001  214792-1;02;CAMIONETA JUE 2;2092329;"EP08    ";"EL MUNDO DEL PLOMERO S.R.L.                       ";ALTE. BROWN 629;953183;"8050           ";8050 - JABONERA LINEA 8000;10;10;10;23052155;010926150812258;181090789;;;;07/27/2031 00:00:00;10;13762887;01/09/2026 15:08:12;Maximiliano;Nievas;24333670;01/09/2026 13:52:09;7636;Kevin;Arce;Maximiliano Nievas;Kevin Arce
14115391;01/09/2026 15:08:13;3;2;0001  214792-1;02;CAMIONETA JUE 2;2092329;"EP08    ";"EL MUNDO DEL PLOMERO S.R.L.                       ";ALTE. BROWN 629;953243;"814/CR         ";814/CR - MESADA P.FUNDIDO CR/CR ARES;6;6;6;23052155;010926150812258;181119610;;;;01/13/2032 00:00:00;6;13762887;01/09/2026 15:08:12;Maximiliano;Nievas;24333670;01/09/2026 13:52:09;7636;Kevin;Arce;Maximiliano Nievas;Kevin Arce
14115391;01/09/2026 15:08:13;3;2;0001  214792-1;02;CAMIONETA JUE 2;2092329;"EP08    ";"EL MUNDO DEL PLOMERO S.R.L.                       ";ALTE. BROWN 629;953312;"83-133         ";83-133 - DUCHA EXT. C/TRANSF. MONOCOMANDO LUGO;10;10;10;23052155;010926150812258;181113765;;;;07/30/2031 00:00:00;10;13762887;01/09/2026 15:08:12;Maximiliano;Nievas;24333670;01/09/2026 13:52:09;7636;Kevin;Arce;Maximiliano Nievas;Kevin Arce
14115391;01/09/2026 15:08:13;3;2;0001  214792-1;02;CAMIONETA JUE 2;2092329;"EP08    ";"EL MUNDO DEL PLOMERO S.R.L.                       ";ALTE. BROWN 629;953324;"835            ";835 - JGO.MDA. P.FUNDIDO CR MURCIA;3;3;3;23052155;010926150812258;181123815;;;;07/29/2031 00:00:00;3;13762887;01/09/2026 15:08:12;Maximiliano;Nievas;24333670;01/09/2026 13:52:09;7636;Kevin;Arce;Maximiliano Nievas;Kevin Arce
14115391;01/09/2026 15:08:13;3;2;0001  214792-1;02;CAMIONETA JUE 2;2092329;"EP08    ";"EL MUNDO DEL PLOMERO S.R.L.                       ";ALTE. BROWN 629;953334;"84-203         ";"DUCHA EXT C/COLUMNA Y TRANSF CR ADRA                                  ";4;4;4;23052155;010926150812258;181111977;;;;12/02/2031 00:00:00;4;13762887;01/09/2026 15:08:12;Maximiliano;Nievas;24333670;01/09/2026 13:52:09;7636;Kevin;Arce;Maximiliano Nievas;Kevin Arce
14115391;01/09/2026 15:08:13;3;2;0001  214792-1;02;CAMIONETA JUE 2;2092329;"EP08    ";"EL MUNDO DEL PLOMERO S.R.L.                       ";ALTE. BROWN 629;953421;"90-166         ";90-166 - PACK GRIF. ADRA PLUS (Lav-Bide-Ducha c/t Plus);6;6;6;23052155;010926150812258;181129390;;;;11/08/2031 00:00:00;6;13762887;01/09/2026 15:08:12;Maximiliano;Nievas;24333670;01/09/2026 13:52:09;7636;Kevin;Arce;Maximiliano Nievas;Kevin Arce
14115391;01/09/2026 15:08:13;3;2;0001  214792-1;02;CAMIONETA JUE 2;2092329;"EP08    ";"EL MUNDO DEL PLOMERO S.R.L.                       ";ALTE. BROWN 629;953477;"934/CR         ";934/CR - J.PARED C/EXT CRUZ CR/CR ARES;10;10;10;23052155;010926150812258;181118569;;;;01/03/2032 00:00:00;10;13762887;01/09/2026 15:08:12;Maximiliano;Nievas;24333670;01/09/2026 13:52:09;7636;Kevin;Arce;Maximiliano Nievas;Kevin Arce
14115435;01/09/2026 12:48:57;3;2;0001  213648-3;02;CAMIONETA JUE 2;2452456;"VC09    ";"VICENTELLI CARLOS ROBERTO - CASA DIVI             ";AV LOS QUILMES 986;957517;"RA1150         ";"SUJECION ACCESORIOS LINEA 8000                                        ";6;6;6;23052908;010926124857202;181094003;;;;02/21/2032 00:00:00;6;13759686;01/09/2026 12:48:57;Tiago;Rodriguez;24334587;01/09/2026 12:07:46;6867;Javier;Lescano;Tiago Rodriguez;Javier Lescano
14115435;01/09/2026 12:48:57;3;2;0001  213648-3;02;CAMIONETA JUE 2;2452456;"VC09    ";"VICENTELLI CARLOS ROBERTO - CASA DIVI             ";AV LOS QUILMES 986;957722;"RA1436         ";RA1436 - AIREADOR PICO LAV/BAÑERA M18.5 x 1 mm;3;3;3;23052908;010926124857202;181094518;;;;02/21/2032 00:00:00;3;13759686;01/09/2026 12:48:57;Tiago;Rodriguez;24334587;01/09/2026 12:07:46;6867;Javier;Lescano;Tiago Rodriguez;Javier Lescano
14115435;01/09/2026 12:48:57;3;2;0001  213648-3;02;CAMIONETA JUE 2;2452456;"VC09    ";"VICENTELLI CARLOS ROBERTO - CASA DIVI             ";AV LOS QUILMES 986;1101800;"RINO100-10     ";"CODO DE DESCARGA INODORO                                              ";1;1;1;23052908;010926124857202;181096469;;;;02/21/2032 00:00:00;1;13759686;01/09/2026 12:48:57;Tiago;Rodriguez;24334587;01/09/2026 12:07:46;6867;Javier;Lescano;Tiago Rodriguez;Javier Lescano
14115454;01/09/2026 12:49:51;3;2;0001  214696-1;02;CAMIONETA JUE 2;2178364;"SC44    ";"SANITARIOS CROVARA JP SRL                         ";AV CROVARA 3176;956418;"INO104N-2      ";"DEPOSITO C/DESCARGA DUAL BLACK LINEA STONE                            ";1;1;1;23053653;010926124951011;181100301;;;;08/11/2031 00:00:00;1;13759745;01/09/2026 12:49:51;Tiago;Rodriguez;24335268;01/09/2026 12:16:58;6867;Javier;Lescano;Tiago Rodriguez;Javier Lescano
14115454;01/09/2026 12:49:51;3;2;0001  214696-1;02;CAMIONETA JUE 2;2178364;"SC44    ";"SANITARIOS CROVARA JP SRL                         ";AV CROVARA 3176;956417;"INO104N-1      ";"INODORO BLACK C/ASIENTO LINEA STONE                                   ";1;1;1;23053653;010926124951011;181100220;;;;10/16/2031 00:00:00;1;13759745;01/09/2026 12:49:51;Tiago;Rodriguez;24335268;01/09/2026 12:16:58;6867;Javier;Lescano;Tiago Rodriguez;Javier Lescano
14115454;01/09/2026 12:49:51;3;2;0001  214696-1;02;CAMIONETA JUE 2;2178364;"SC44    ";"SANITARIOS CROVARA JP SRL                         ";AV CROVARA 3176;954948;"BID104N-1      ";"BIDE 1 AGUJERO BLACK LINEA STONE                                      ";1;1;1;23053653;010926124951011;181099961;;;;01/18/2032 00:00:00;1;13759745;01/09/2026 12:49:51;Tiago;Rodriguez;24335268;01/09/2026 12:16:58;6867;Javier;Lescano;Tiago Rodriguez;Javier Lescano
14115457;01/09/2026 13:27:38;3;2;0001  214791-1;02;CAMIONETA JUE 2;2093978;"PR03    ";"PROMAR S.R.L.                                     ";O/HIGGINS 646;950974;"10005BL        ";"SET DE 5 PIEZAS LINEA 10000 BLACK                                     ";2;2;2;23053387;010926132738091;181103494;;;;07/28/2031 00:00:00;2;13759966;01/09/2026 13:27:38;Maximiliano;Nievas;24335035;01/09/2026 12:57:12;6414;Agustin;Scirica;Maximiliano Nievas;Agustin Scirica
14115457;01/09/2026 13:27:38;3;2;0001  214791-1;02;CAMIONETA JUE 2;2093978;"PR03    ";"PROMAR S.R.L.                                     ";O/HIGGINS 646;950975;"10005CR        ";"SET DE 5 PIEZAS LINEA 10000 MINIMALISTA                               ";2;2;2;23053387;010926132738091;181103572;;;;07/29/2031 00:00:00;2;13759966;01/09/2026 13:27:38;Maximiliano;Nievas;24335035;01/09/2026 12:57:12;6414;Agustin;Scirica;Maximiliano Nievas;Agustin Scirica
14115457;01/09/2026 13:27:38;3;2;0001  214791-1;02;CAMIONETA JUE 2;2093978;"PR03    ";"PROMAR S.R.L.                                     ";O/HIGGINS 646;950978;"10006CR        ";"SET DE 6 PIEZAS LINEA 10000 MINIMALISTA                               ";2;2;2;23053387;010926132738091;181103641;;;;07/28/2031 00:00:00;2;13759966;01/09/2026 13:27:38;Maximiliano;Nievas;24335035;01/09/2026 12:57:12;6414;Agustin;Scirica;Maximiliano Nievas;Agustin Scirica
14115457;01/09/2026 13:27:38;3;2;0001  214791-1;02;CAMIONETA JUE 2;2093978;"PR03    ";"PROMAR S.R.L.                                     ";O/HIGGINS 646;951098;"11006          ";"SET DE 6 PIEZAS LINEA 11000                                           ";2;2;2;23053387;010926132738091;181104093;;;;07/29/2031 00:00:00;2;13759966;01/09/2026 13:27:38;Maximiliano;Nievas;24335035;01/09/2026 12:57:12;6414;Agustin;Scirica;Maximiliano Nievas;Agustin Scirica
14115457;01/09/2026 13:27:38;3;2;0001  214791-1;02;CAMIONETA JUE 2;2093978;"PR03    ";"PROMAR S.R.L.                                     ";O/HIGGINS 646;951099;"11010          ";"TOALLERO BARRAL LINEA 11000                                           ";2;2;2;23053387;010926132738091;181098517;;;;07/27/2031 00:00:00;2;13759966;01/09/2026 13:27:38;Maximiliano;Nievas;24335035;01/09/2026 12:57:12;6414;Agustin;Scirica;Maximiliano Nievas;Agustin Scirica
14115457;01/09/2026 13:27:38;3;2;0001  214791-1;02;CAMIONETA JUE 2;2093978;"PR03    ";"PROMAR S.R.L.                                     ";O/HIGGINS 646;951262;"16030          ";16030 - PERCHA LINEA 16000;5;5;5;23053387;010926132738091;181097173;;;;07/27/2031 00:00:00;5;13759966;01/09/2026 13:27:38;Maximiliano;Nievas;24335035;01/09/2026 12:57:12;6414;Agustin;Scirica;Maximiliano Nievas;Agustin Scirica
14115457;01/09/2026 13:27:38;3;2;0001  214791-1;02;CAMIONETA JUE 2;2093978;"PR03    ";"PROMAR S.R.L.                                     ";O/HIGGINS 646;951264;"16040          ";16040 - PORTA ROLLO ACCESORIOS LINEA 16000;2;2;2;23053387;010926132738091;181098303;;;;07/30/2031 00:00:00;2;13759966;01/09/2026 13:27:38;Maximiliano;Nievas;24335035;01/09/2026 12:57:12;6414;Agustin;Scirica;Maximiliano Nievas;Agustin Scirica
14115457;01/09/2026 13:27:38;3;2;0001  214791-1;02;CAMIONETA JUE 2;2093978;"PR03    ";"PROMAR S.R.L.                                     ";O/HIGGINS 646;951267;"16050BL        ";16050BL - JABONERA ACCESORIOS LINEA 16000 BLACK;2;2;2;23053387;010926132738091;181097534;;;;07/31/2031 00:00:00;2;13759966;01/09/2026 13:27:38;Maximiliano;Nievas;24335035;01/09/2026 12:57:12;6414;Agustin;Scirica;Maximiliano Nievas;Agustin Scirica
14115457;01/09/2026 13:27:38;3;2;0001  214791-1;02;CAMIONETA JUE 2;2093978;"PR03    ";"PROMAR S.R.L.                                     ";O/HIGGINS 646;951293;"17010C         ";17010C - TOALLERO BARRAL LINEA FABRIC CROMO;3;3;3;23053387;010926132738091;181106425;;;;07/27/2031 00:00:00;3;13759966;01/09/2026 13:27:38;Maximiliano;Nievas;24335035;01/09/2026 12:57:12;6414;Agustin;Scirica;Maximiliano Nievas;Agustin Scirica
14115457;01/09/2026 13:27:38;3;2;0001  214791-1;02;CAMIONETA JUE 2;2093978;"PR03    ";"PROMAR S.R.L.                                     ";O/HIGGINS 646;951294;"17010G         ";17010G - TOALLERO BARRAL LINEA FABRIC GOLD;3;3;3;23053387;010926132738091;181101176;;;;07/27/2031 00:00:00;3;13759966;01/09/2026 13:27:38;Maximiliano;Nievas;24335035;01/09/2026 12:57:12;6414;Agustin;Scirica;Maximiliano Nievas;Agustin Scirica
14115457;01/09/2026 13:27:38;3;2;0001  214791-1;02;CAMIONETA JUE 2;2093978;"PR03    ";"PROMAR S.R.L.                                     ";O/HIGGINS 646;951296;"17020C         ";17020C - TOALLERO DE ARO LINEA FABRIC CROMO;2;2;2;23053387;010926132738091;181106228;;;;07/30/2031 00:00:00;2;13759966;01/09/2026 13:27:38;Maximiliano;Nievas;24335035;01/09/2026 12:57:12;6414;Agustin;Scirica;Maximiliano Nievas;Agustin Scirica
14115457;01/09/2026 13:27:38;3;2;0001  214791-1;02;CAMIONETA JUE 2;2093978;"PR03    ";"PROMAR S.R.L.                                     ";O/HIGGINS 646;951299;"17030C         ";17030C - PERCHA LINEA FABRIC CROMO;5;5;5;23053387;010926132738091;181106162;;;;11/10/2031 00:00:00;5;13759966;01/09/2026 13:27:38;Maximiliano;Nievas;24335035;01/09/2026 12:57:12;6414;Agustin;Scirica;Maximiliano Nievas;Agustin Scirica
14115457;01/09/2026 13:27:38;3;2;0001  214791-1;02;CAMIONETA JUE 2;2093978;"PR03    ";"PROMAR S.R.L.                                     ";O/HIGGINS 646;951300;"17030G         ";17030G - PERCHA LINEA FABRIC GOLD;5;5;5;23053387;010926132738091;181106791;;;;07/29/2031 00:00:00;5;13759966;01/09/2026 13:27:38;Maximiliano;Nievas;24335035;01/09/2026 12:57:12;6414;Agustin;Scirica;Maximiliano Nievas;Agustin Scirica
14115457;01/09/2026 13:27:38;3;2;0001  214791-1;02;CAMIONETA JUE 2;2093978;"PR03    ";"PROMAR S.R.L.                                     ";O/HIGGINS 646;951302;"17040C         ";17040C - PORTA ROLLO LINEA FABRIC CROMO;5;5;5;23053387;010926132738091;181105862;;;;07/29/2031 00:00:00;5;13759966;01/09/2026 13:27:38;Maximiliano;Nievas;24335035;01/09/2026 12:57:12;6414;Agustin;Scirica;Maximiliano Nievas;Agustin Scirica
14115457;01/09/2026 13:27:38;3;2;0001  214791-1;02;CAMIONETA JUE 2;2093978;"PR03    ";"PROMAR S.R.L.                                     ";O/HIGGINS 646;951303;"17040G         ";17040G - PORTA ROLLO LINEA FABRIC GOLD;2;2;2;23053387;010926132738091;181105095;;;;07/28/2031 00:00:00;2;13759966;01/09/2026 13:27:38;Maximiliano;Nievas;24335035;01/09/2026 12:57:12;6414;Agustin;Scirica;Maximiliano Nievas;Agustin Scirica
14115457;01/09/2026 13:27:38;3;2;0001  214791-1;02;CAMIONETA JUE 2;2093978;"PR03    ";"PROMAR S.R.L.                                     ";O/HIGGINS 646;951305;"17050C         ";17050C - JABONERA  LINEA FABRIC CROMO;2;2;2;23053387;010926132738091;181100716;;;;07/31/2031 00:00:00;2;13759966;01/09/2026 13:27:38;Maximiliano;Nievas;24335035;01/09/2026 12:57:12;6414;Agustin;Scirica;Maximiliano Nievas;Agustin Scirica
14115457;01/09/2026 13:27:38;3;2;0001  214791-1;02;CAMIONETA JUE 2;2093978;"PR03    ";"PROMAR S.R.L.                                     ";O/HIGGINS 646;951308;"17060C         ";17060C - PORTA VASO Y CEPILLO  LINEA FABRIC CROMO;2;2;2;23053387;010926132738091;181099720;;;;07/31/2031 00:00:00;2;13759966;01/09/2026 13:27:38;Maximiliano;Nievas;24335035;01/09/2026 12:57:12;6414;Agustin;Scirica;Maximiliano Nievas;Agustin Scirica
14115457;01/09/2026 13:27:38;3;2;0001  214791-1;02;CAMIONETA JUE 2;2093978;"PR03    ";"PROMAR S.R.L.                                     ";O/HIGGINS 646;951529;"20-140N        ";20-140N - MONOCOMANDO DE COCINA LINEA CUINA BLACK;2;2;2;23053387;010926132738091;181100574;;;;07/29/2031 00:00:00;2;13759966;01/09/2026 13:27:38;Maximiliano;Nievas;24335035;01/09/2026 12:57:12;6414;Agustin;Scirica;Maximiliano Nievas;Agustin Scirica
14115457;01/09/2026 13:27:38;3;2;0001  214791-1;02;CAMIONETA JUE 2;2093978;"PR03    ";"PROMAR S.R.L.                                     ";O/HIGGINS 646;951565;"20-205         ";20-205 - MONOCOMANDO DE COCINA STEEL;2;2;2;23053387;010926132738091;181102218;;;;07/28/2031 00:00:00;2;13759966;01/09/2026 13:27:38;Maximiliano;Nievas;24335035;01/09/2026 12:57:12;6414;Agustin;Scirica;Maximiliano Nievas;Agustin Scirica
14115457;01/09/2026 13:27:38;3;2;0001  214791-1;02;CAMIONETA JUE 2;2093978;"PR03    ";"PROMAR S.R.L.                                     ";O/HIGGINS 646;952438;"51-058         ";51-058 - COCINA MESADA CR C.STD MALBA;2;2;2;23053387;010926132738091;181112301;;;;10/19/2031 00:00:00;2;13759966;01/09/2026 13:27:38;Maximiliano;Nievas;24335035;01/09/2026 12:57:12;6414;Agustin;Scirica;Maximiliano Nievas;Agustin Scirica
14115457;01/09/2026 13:27:38;3;2;0001  214791-1;02;CAMIONETA JUE 2;2093978;"PR03    ";"PROMAR S.R.L.                                     ";O/HIGGINS 646;952452;"51-122         ";51-122 - MESADA BIMANDO CR C.CERAM VALENCIA;1;1;1;23053387;010926132738091;181107740;;;;01/11/2032 00:00:00;1;13759966;01/09/2026 13:27:38;Maximiliano;Nievas;24335035;01/09/2026 12:57:12;6414;Agustin;Scirica;Maximiliano Nievas;Agustin Scirica
14115457;01/09/2026 13:27:38;3;2;0001  214791-1;02;CAMIONETA JUE 2;2093978;"PR03    ";"PROMAR S.R.L.                                     ";O/HIGGINS 646;952635;"60-162N        ";60-162N - LAVATORIO BLACK C.CERAM LINEA ADRA;3;3;3;23053387;010926132738091;181107968;;;;11/03/2031 00:00:00;3;13759966;01/09/2026 13:27:38;Maximiliano;Nievas;24335035;01/09/2026 12:57:12;6414;Agustin;Scirica;Maximiliano Nievas;Agustin Scirica
14115457;01/09/2026 13:27:38;3;2;0001  214791-1;02;CAMIONETA JUE 2;2093978;"PR03    ";"PROMAR S.R.L.                                     ";O/HIGGINS 646;952673;"60-200G        ";60-200G - LAVATORIO MONOC BAJO GOLD FABRIC;2;2;2;23053387;010926132738091;181102556;;;;07/28/2031 00:00:00;2;13759966;01/09/2026 13:27:38;Maximiliano;Nievas;24335035;01/09/2026 12:57:12;6414;Agustin;Scirica;Maximiliano Nievas;Agustin Scirica
14115457;01/09/2026 13:27:38;3;2;0001  214791-1;02;CAMIONETA JUE 2;2093978;"PR03    ";"PROMAR S.R.L.                                     ";O/HIGGINS 646;952674;"60-200N        ";60-200N - LAVATORIO MONOC BAJO BLACK FABRIC;2;2;2;23053387;010926132738091;181099214;;;;07/28/2031 00:00:00;2;13759966;01/09/2026 13:27:38;Maximiliano;Nievas;24335035;01/09/2026 12:57:12;6414;Agustin;Scirica;Maximiliano Nievas;Agustin Scirica
14115457;01/09/2026 13:27:38;3;2;0001  214791-1;02;CAMIONETA JUE 2;2093978;"PR03    ";"PROMAR S.R.L.                                     ";O/HIGGINS 646;952676;"60-201NI       ";60-201NI - LAVATORIO C.CERAM BEAT NICKEL;3;3;3;23053387;010926132738091;181111077;;;;08/20/2031 00:00:00;3;13759966;01/09/2026 13:27:38;Maximiliano;Nievas;24335035;01/09/2026 12:57:12;6414;Agustin;Scirica;Maximiliano Nievas;Agustin Scirica
14115457;01/09/2026 13:27:38;3;2;0001  214791-1;02;CAMIONETA JUE 2;2093978;"PR03    ";"PROMAR S.R.L.                                     ";O/HIGGINS 646;952707;"61-152         ";61-152 - LAVATORIO MONOCOMANDO CROMO ALTO SORIA;1;1;1;23053387;010926132738091;181103024;;;;07/27/2031 00:00:00;1;13759966;01/09/2026 13:27:38;Maximiliano;Nievas;24335035;01/09/2026 12:57:12;6414;Agustin;Scirica;Maximiliano Nievas;Agustin Scirica
14115457;01/09/2026 13:27:38;3;2;0001  214791-1;02;CAMIONETA JUE 2;2093978;"PR03    ";"PROMAR S.R.L.                                     ";O/HIGGINS 646;952724;"61-200G        ";61-200G - LAVATORIO MONOC ALTO GOLD FABRIC;1;1;1;23053387;010926132738091;181102579;;;;07/27/2031 00:00:00;1;13759966;01/09/2026 13:27:38;Maximiliano;Nievas;24335035;01/09/2026 12:57:12;6414;Agustin;Scirica;Maximiliano Nievas;Agustin Scirica
14115457;01/09/2026 13:27:38;3;2;0001  214791-1;02;CAMIONETA JUE 2;2093978;"PR03    ";"PROMAR S.R.L.                                     ";O/HIGGINS 646;952725;"61-200N        ";61-200N - LAVATORIO MONOC ALTO FABRIC BLACK;1;1;1;23053387;010926132738091;181099313;;;;07/28/2031 00:00:00;1;13759966;01/09/2026 13:27:38;Maximiliano;Nievas;24335035;01/09/2026 12:57:12;6414;Agustin;Scirica;Maximiliano Nievas;Agustin Scirica
14115457;01/09/2026 13:27:38;3;2;0001  214791-1;02;CAMIONETA JUE 2;2093978;"PR03    ";"PROMAR S.R.L.                                     ";O/HIGGINS 646;952758;"62-162         ";62-162 - LAVATORIO DE PARED CR C.CERAM ADRA;2;2;2;23053387;010926132738091;181111847;;;;07/31/2031 00:00:00;2;13759966;01/09/2026 13:27:38;Maximiliano;Nievas;24335035;01/09/2026 12:57:12;6414;Agustin;Scirica;Maximiliano Nievas;Agustin Scirica
14115457;01/09/2026 13:27:38;3;2;0001  214791-1;02;CAMIONETA JUE 2;2093978;"PR03    ";"PROMAR S.R.L.                                     ";O/HIGGINS 646;952759;"62-162N        ";62-162N - LAVATORIO DE PARED BLACK C.CERAM ADRA;2;2;2;23053387;010926132738091;181107875;;;;12/08/2031 00:00:00;2;13759966;01/09/2026 13:27:38;Maximiliano;Nievas;24335035;01/09/2026 12:57:12;6414;Agustin;Scirica;Maximiliano Nievas;Agustin Scirica
14115457;01/09/2026 13:27:38;3;2;0001  214791-1;02;CAMIONETA JUE 2;2093978;"PR03    ";"PROMAR S.R.L.                                     ";O/HIGGINS 646;952913;"70-162N        ";70-162N - BIDE BLACK C.CERAM LINEA ADRA;3;3;3;23053387;010926132738091;181107658;;;;12/08/2031 00:00:00;3;13759966;01/09/2026 13:27:38;Maximiliano;Nievas;24335035;01/09/2026 12:57:12;6414;Agustin;Scirica;Maximiliano Nievas;Agustin Scirica
14115457;01/09/2026 13:27:38;3;2;0001  214791-1;02;CAMIONETA JUE 2;2093978;"PR03    ";"PROMAR S.R.L.                                     ";O/HIGGINS 646;952953;"70-201NI       ";70-201NI - BIDE CR C.CERAM BEAT NICKEL;3;3;3;23053387;010926132738091;181111056;;;;07/29/2031 00:00:00;3;13759966;01/09/2026 13:27:38;Maximiliano;Nievas;24335035;01/09/2026 12:57:12;6414;Agustin;Scirica;Maximiliano Nievas;Agustin Scirica
14115457;01/09/2026 13:27:38;3;2;0001  214791-1;02;CAMIONETA JUE 2;2093978;"PR03    ";"PROMAR S.R.L.                                     ";O/HIGGINS 646;953109;"80-166         ";"DUCHA EMB. C/TRANSF. CR C.CERAM ADRA PLUS                             ";2;2;2;23053387;010926132738091;181112490;;;;01/13/2032 00:00:00;2;13759966;01/09/2026 13:27:38;Maximiliano;Nievas;24335035;01/09/2026 12:57:12;6414;Agustin;Scirica;Maximiliano Nievas;Agustin Scirica
14115457;01/09/2026 13:27:38;3;2;0001  214791-1;02;CAMIONETA JUE 2;2093978;"PR03    ";"PROMAR S.R.L.                                     ";O/HIGGINS 646;953110;"80-166N        ";80-166N - DUCHA EMB. C/TRANSF. BLACK C.CERAM ADRA PLUS;2;2;2;23053387;010926132738091;181107680;;;;11/25/2031 00:00:00;2;13759966;01/09/2026 13:27:38;Maximiliano;Nievas;24335035;01/09/2026 12:57:12;6414;Agustin;Scirica;Maximiliano Nievas;Agustin Scirica
14115457;01/09/2026 13:27:38;3;2;0001  214791-1;02;CAMIONETA JUE 2;2093978;"PR03    ";"PROMAR S.R.L.                                     ";O/HIGGINS 646;953156;"80-201NI       ";80-201NI - DUCHA EMB C/TRANSF C.CERAM BEAT NICKEL;3;3;3;23053387;010926132738091;181110874;;;;11/10/2031 00:00:00;3;13759966;01/09/2026 13:27:38;Maximiliano;Nievas;24335035;01/09/2026 12:57:12;6414;Agustin;Scirica;Maximiliano Nievas;Agustin Scirica
14115457;01/09/2026 13:27:38;3;2;0001  214791-1;02;CAMIONETA JUE 2;2093978;"PR03    ";"PROMAR S.R.L.                                     ";O/HIGGINS 646;953435;"914            ";914 - JGO.MDA.P.CAÑO BL/CR ARES;5;5;5;23053387;010926132738091;181107382;;;;07/31/2031 00:00:00;5;13759966;01/09/2026 13:27:38;Maximiliano;Nievas;24335035;01/09/2026 12:57:12;6414;Agustin;Scirica;Maximiliano Nievas;Agustin Scirica
14115877;01/09/2026 13:17:04;3;2;0001  214850-1;10;URGENTES;2091837;"CO22    ";"COPMACO LTDA.                                     ";AV. SANTIAGO MARZO SUR 1816;953159;"80-203P        ";80-203P - DUCHA EMB C/TRANSF. MONOCOMANDO ADRA PLUS;59;59;59;23053489;010926131701676;181098308;;;;07/27/2031 00:00:00;59;13759793;01/09/2026 13:17:01;Tiago;Rodriguez;24335117;01/09/2026 12:11:27;6867;Javier;Lescano;Tiago Rodriguez;Javier Lescano
14122819;02/09/2026 07:14:57;3;2;TR 0000  119142;01;CARPINTERIA;2090863;DEP_108;EXIBICION MONTES DE OCA;.;951309;"17060G         ";17060G - PORTA VASO Y CEPILLO  LINEA FABRIC GOLD;2;2;2;23061778;020926071454880;181170586;;;;07/31/2031 00:00:00;2;13769954;02/09/2026 07:14:54;Tiago;Rodriguez;24343700;02/09/2026 06:44:49;6414;Agustin;Scirica;Tiago Rodriguez;Agustin Scirica
14122819;02/09/2026 07:14:57;3;2;TR 0000  119142;01;CARPINTERIA;2090863;DEP_108;EXIBICION MONTES DE OCA;.;951411;"20030G         ";20030G - PERCHA GOLD LINEA PULSE;1;1;1;23061778;020926071454880;181244738;;;;07/31/2031 00:00:00;1;13769954;02/09/2026 07:14:54;Tiago;Rodriguez;24343700;02/09/2026 06:44:49;6414;Agustin;Scirica;Tiago Rodriguez;Agustin Scirica
14122819;02/09/2026 07:14:57;3;2;TR 0000  119142;01;CARPINTERIA;2090863;DEP_108;EXIBICION MONTES DE OCA;.;951310;"17060N         ";17060N - PORTA VASO Y CEPILLO  LINEA FABRIC BLACK;1;1;1;23061778;020926071454880;181245039;;;;07/29/2031 00:00:00;1;13769954;02/09/2026 07:14:54;Tiago;Rodriguez;24343700;02/09/2026 06:44:49;6414;Agustin;Scirica;Tiago Rodriguez;Agustin Scirica
14122819;02/09/2026 07:14:57;3;2;TR 0000  119142;01;CARPINTERIA;2090863;DEP_108;EXIBICION MONTES DE OCA;.;951324;"19006          ";19006 - SET DE 6 PIEZAS LINEA 19000;1;1;1;23061778;020926071454880;181179073;;;;07/28/2031 00:00:00;1;13769954;02/09/2026 07:14:54;Tiago;Rodriguez;24343700;02/09/2026 06:44:49;6414;Agustin;Scirica;Tiago Rodriguez;Agustin Scirica
14122819;02/09/2026 07:14:57;3;2;TR 0000  119142;01;CARPINTERIA;2090863;DEP_108;EXIBICION MONTES DE OCA;.;951327;"19030          ";19030 - PERCHA LINEA 19000;1;1;1;23061778;020926071454880;181164655;;;;07/29/2031 00:00:00;1;13769954;02/09/2026 07:14:54;Tiago;Rodriguez;24343700;02/09/2026 06:44:49;6414;Agustin;Scirica;Tiago Rodriguez;Agustin Scirica
14122819;02/09/2026 07:14:57;3;2;TR 0000  119142;01;CARPINTERIA;2090863;DEP_108;EXIBICION MONTES DE OCA;.;951384;"20010GR        ";20010GR - TOALLERO BARRAL GRAFITO LINEA PULSE  ;1;1;1;23061778;020926071454880;181244978;;;;07/27/2031 00:00:00;1;13769954;02/09/2026 07:14:54;Tiago;Rodriguez;24343700;02/09/2026 06:44:49;6414;Agustin;Scirica;Tiago Rodriguez;Agustin Scirica
14122819;02/09/2026 07:14:57;3;2;TR 0000  119142;01;CARPINTERIA;2090863;DEP_108;EXIBICION MONTES DE OCA;.;951398;"20020GR        ";20020GR - TOALLERO DE ARO GRAFITO LINEA PULSE;1;1;1;23061778;020926071454880;181245877;;;;07/29/2031 00:00:00;1;13769954;02/09/2026 07:14:54;Tiago;Rodriguez;24343700;02/09/2026 06:44:49;6414;Agustin;Scirica;Tiago Rodriguez;Agustin Scirica
14122819;02/09/2026 07:14:57;3;2;TR 0000  119142;01;CARPINTERIA;2090863;DEP_108;EXIBICION MONTES DE OCA;.;952713;"61-176N        ";61-176N - LAVATORIO MONOC ALTO BLACK RIO;2;2;2;23061778;020926071454880;181175136;;;;07/29/2031 00:00:00;2;13769954;02/09/2026 07:14:54;Tiago;Rodriguez;24343700;02/09/2026 06:44:49;6414;Agustin;Scirica;Tiago Rodriguez;Agustin Scirica
14122819;02/09/2026 07:14:57;3;2;TR 0000  119142;01;CARPINTERIA;2090863;DEP_108;EXIBICION MONTES DE OCA;.;952719;"61-183         ";"LAVATORIO MONOCOMANDO ALTO MAT                                        ";2;2;2;23061778;020926071454880;181244666;;;;11/02/2031 00:00:00;2;13769954;02/09/2026 07:14:54;Tiago;Rodriguez;24343700;02/09/2026 06:44:49;6414;Agustin;Scirica;Tiago Rodriguez;Agustin Scirica
14122819;02/09/2026 07:14:57;3;2;TR 0000  119142;01;CARPINTERIA;2090863;DEP_108;EXIBICION MONTES DE OCA;.;952720;"61-192         ";61-192 - LAVATORIO ALTO SORIA BLACK;1;1;1;23061778;020926071454880;181176999;;;;07/27/2031 00:00:00;1;13769954;02/09/2026 07:14:54;Tiago;Rodriguez;24343700;02/09/2026 06:44:49;6414;Agustin;Scirica;Tiago Rodriguez;Agustin Scirica
14122819;02/09/2026 07:14:57;3;2;TR 0000  119142;01;CARPINTERIA;2090863;DEP_108;EXIBICION MONTES DE OCA;.;952724;"61-200G        ";61-200G - LAVATORIO MONOC ALTO GOLD FABRIC;2;2;2;23061778;020926071454880;181173713;;;;07/27/2031 00:00:00;2;13769954;02/09/2026 07:14:54;Tiago;Rodriguez;24343700;02/09/2026 06:44:49;6414;Agustin;Scirica;Tiago Rodriguez;Agustin Scirica
14122819;02/09/2026 07:14:57;3;2;TR 0000  119142;01;CARPINTERIA;2090863;DEP_108;EXIBICION MONTES DE OCA;.;952725;"61-200N        ";61-200N - LAVATORIO MONOC ALTO FABRIC BLACK;1;1;1;23061778;020926071454880;181170444;;;;07/28/2031 00:00:00;1;13769954;02/09/2026 07:14:54;Tiago;Rodriguez;24343700;02/09/2026 06:44:49;6414;Agustin;Scirica;Tiago Rodriguez;Agustin Scirica
14122819;02/09/2026 07:14:57;3;2;TR 0000  119142;01;CARPINTERIA;2090863;DEP_108;EXIBICION MONTES DE OCA;.;952727;"61-203N        ";"LAVATORIO MONOCOMANDO ALTO ADRA BLACK                                 ";1;1;1;23061778;020926071454880;181245582;;;;01/06/2032 00:00:00;1;13769954;02/09/2026 07:14:54;Tiago;Rodriguez;24343700;02/09/2026 06:44:49;6414;Agustin;Scirica;Tiago Rodriguez;Agustin Scirica
14122819;02/09/2026 07:14:57;3;2;TR 0000  119142;01;CARPINTERIA;2090863;DEP_108;EXIBICION MONTES DE OCA;.;953063;"8006           ";8006 - SET DE 6 PIEZAS LINEA 8000;2;2;2;23061778;020926071454880;181173438;;;;07/29/2031 00:00:00;2;13769954;02/09/2026 07:14:54;Tiago;Rodriguez;24343700;02/09/2026 06:44:49;6414;Agustin;Scirica;Tiago Rodriguez;Agustin Scirica
14122819;02/09/2026 07:14:57;3;2;TR 0000  119142;01;CARPINTERIA;2090863;DEP_108;EXIBICION MONTES DE OCA;.;953085;"80-130         ";80-130 - DUCHA EMB. C/TRANSF. MONOCOMANDO BILBAO;1;1;1;23061778;020926071454880;181165175;;;;07/28/2031 00:00:00;1;13769954;02/09/2026 07:14:54;Tiago;Rodriguez;24343700;02/09/2026 06:44:49;6414;Agustin;Scirica;Tiago Rodriguez;Agustin Scirica
14122819;02/09/2026 07:14:57;3;2;TR 0000  119142;01;CARPINTERIA;2090863;DEP_108;EXIBICION MONTES DE OCA;.;953102;"80-152         ";80-152 - DUCHA EMB. CR C/TRANSF. MONOCOMANDO SORIA;2;2;2;23061778;020926071454880;181176591;;;;10/26/2031 00:00:00;2;13769954;02/09/2026 07:14:54;Tiago;Rodriguez;24343700;02/09/2026 06:44:49;6414;Agustin;Scirica;Tiago Rodriguez;Agustin Scirica
14122819;02/09/2026 07:14:57;3;2;TR 0000  119142;01;CARPINTERIA;2090863;DEP_108;EXIBICION MONTES DE OCA;.;953122;"80-176         ";80-176 - DUCHA EMB C/TRANSF MONOC CR RIO;2;2;2;23061778;020926071454880;181174894;;;;07/29/2031 00:00:00;2;13769954;02/09/2026 07:14:54;Tiago;Rodriguez;24343700;02/09/2026 06:44:49;6414;Agustin;Scirica;Tiago Rodriguez;Agustin Scirica
14122819;02/09/2026 07:14:57;3;2;TR 0000  119142;01;CARPINTERIA;2090863;DEP_108;EXIBICION MONTES DE OCA;.;953123;"80-176N        ";80-176N - DUCHA EMB C/TRANSF MONOC BLACK RIO;2;2;2;23061778;020926071454880;181175983;;;;07/27/2031 00:00:00;2;13769954;02/09/2026 07:14:54;Tiago;Rodriguez;24343700;02/09/2026 06:44:49;6414;Agustin;Scirica;Tiago Rodriguez;Agustin Scirica
14122819;02/09/2026 07:14:57;3;2;TR 0000  119142;01;CARPINTERIA;2090863;DEP_108;EXIBICION MONTES DE OCA;.;953125;"80-180         ";80-180 - DUCHA EMB. C/TRANSF. MONOCOMANDO VERA;1;1;1;23061778;020926071454880;181245384;;;;09/03/2031 00:00:00;1;13769954;02/09/2026 07:14:54;Tiago;Rodriguez;24343700;02/09/2026 06:44:49;6414;Agustin;Scirica;Tiago Rodriguez;Agustin Scirica
14122819;02/09/2026 07:14:57;3;2;TR 0000  119142;01;CARPINTERIA;2090863;DEP_108;EXIBICION MONTES DE OCA;.;953131;"80-183         ";"DUCHA EMB C/TRANSF MONOCOMANDO MAT                                    ";2;2;2;23061778;020926071454880;181244531;;;;11/02/2031 00:00:00;2;13769954;02/09/2026 07:14:54;Tiago;Rodriguez;24343700;02/09/2026 06:44:49;6414;Agustin;Scirica;Tiago Rodriguez;Agustin Scirica
14122819;02/09/2026 07:14:57;3;2;TR 0000  119142;01;CARPINTERIA;2090863;DEP_108;EXIBICION MONTES DE OCA;.;953138;"80-192         ";80-192 - DUCHA EMB. C/TRANSF. SORIA BLACK;2;2;2;23061778;020926071454880;181177232;;;;07/28/2031 00:00:00;2;13769954;02/09/2026 07:14:54;Tiago;Rodriguez;24343700;02/09/2026 06:44:49;6414;Agustin;Scirica;Tiago Rodriguez;Agustin Scirica
14122819;02/09/2026 07:14:57;3;2;TR 0000  119142;01;CARPINTERIA;2090863;DEP_108;EXIBICION MONTES DE OCA;.;953153;"80-200G        ";80-200G - DUCHA EMB. MONOC. 3 FUNCIONES GOLD FABRIC;1;1;1;23061778;020926071454880;181245484;;;;12/03/2031 00:00:00;1;13769954;02/09/2026 07:14:54;Tiago;Rodriguez;24343700;02/09/2026 06:44:49;6414;Agustin;Scirica;Tiago Rodriguez;Agustin Scirica
14122819;02/09/2026 07:14:57;3;2;TR 0000  119142;01;CARPINTERIA;2090863;DEP_108;EXIBICION MONTES DE OCA;.;953154;"80-200N        ";80-200N - DUCHA EMB. MONOC. 3 FUNCIONES BLACK FABRIC;1;1;1;23061778;020926071454880;181180316;;;;01/04/2032 00:00:00;1;13769954;02/09/2026 07:14:54;Tiago;Rodriguez;24343700;02/09/2026 06:44:49;6414;Agustin;Scirica;Tiago Rodriguez;Agustin Scirica
14122819;02/09/2026 07:14:57;3;2;TR 0000  119142;01;CARPINTERIA;2090863;DEP_108;EXIBICION MONTES DE OCA;.;953158;"80-203N        ";"DUCHA EMB C/TRANSF. MONOCOMANDO ADRA BLACK PLUS                       ";1;1;1;23061778;020926071454880;181168409;;;;07/28/2031 00:00:00;1;13769954;02/09/2026 07:14:54;Tiago;Rodriguez;24343700;02/09/2026 06:44:49;6414;Agustin;Scirica;Tiago Rodriguez;Agustin Scirica
14122819;02/09/2026 07:14:57;3;2;TR 0000  119142;01;CARPINTERIA;2090863;DEP_108;EXIBICION MONTES DE OCA;.;953312;"83-133         ";83-133 - DUCHA EXT. C/TRANSF. MONOCOMANDO LUGO;1;1;1;23061778;020926071454880;181243831;;;;07/30/2031 00:00:00;1;13769954;02/09/2026 07:14:54;Tiago;Rodriguez;24343700;02/09/2026 06:44:49;6414;Agustin;Scirica;Tiago Rodriguez;Agustin Scirica
14122819;02/09/2026 07:14:57;3;2;TR 0000  119142;01;CARPINTERIA;2090863;DEP_108;EXIBICION MONTES DE OCA;.;953346;"85-168         ";85-168 - DUCHA MONOC C/TRANSF Y DUCHADOR CR WAVE;1;1;1;23061778;020926071454880;181178777;;;;01/13/2032 00:00:00;1;13769954;02/09/2026 07:14:54;Tiago;Rodriguez;24343700;02/09/2026 06:44:49;6414;Agustin;Scirica;Tiago Rodriguez;Agustin Scirica
14122819;02/09/2026 07:14:57;3;2;TR 0000  119142;01;CARPINTERIA;2090863;DEP_108;EXIBICION MONTES DE OCA;.;1007844;"20-122S        ";"MONOCOMANDO COCINA INOX C/PICO EXTRAIBLE VALENCIA                     ";1;1;1;23061778;020926071454880;181179787;;;;01/06/2032 00:00:00;1;13769954;02/09/2026 07:14:54;Tiago;Rodriguez;24343700;02/09/2026 06:44:49;6414;Agustin;Scirica;Tiago Rodriguez;Agustin Scirica
14122819;02/09/2026 07:14:57;3;2;TR 0000  119142;01;CARPINTERIA;2090863;DEP_108;EXIBICION MONTES DE OCA;.;951439;"20050GR        ";20050GR - JABONERA GRAFITO LINEA PULSE   ;1;1;1;23061778;020926071454880;181169031;;;;07/31/2031 00:00:00;1;13769954;02/09/2026 07:14:54;Tiago;Rodriguez;24343700;02/09/2026 06:44:49;6414;Agustin;Scirica;Tiago Rodriguez;Agustin Scirica
14122819;02/09/2026 07:14:57;3;2;TR 0000  119142;01;CARPINTERIA;2090863;DEP_108;EXIBICION MONTES DE OCA;.;951453;"20060GR        ";20060GR - PORTA VASO Y CEPILLO GRAFITO LINEA PULSE;1;1;1;23061778;020926071454880;181169315;;;;07/31/2031 00:00:00;1;13769954;02/09/2026 07:14:54;Tiago;Rodriguez;24343700;02/09/2026 06:44:49;6414;Agustin;Scirica;Tiago Rodriguez;Agustin Scirica
14122819;02/09/2026 07:14:57;3;2;TR 0000  119142;01;CARPINTERIA;2090863;DEP_108;EXIBICION MONTES DE OCA;.;951485;"20-100G        ";20-100G - MONOCOMANDO DE COCINA FABRIC GOLD;10;10;10;23061778;020926071454880;181245799;;;;07/27/2031 00:00:00;10;13769954;02/09/2026 07:14:54;Tiago;Rodriguez;24343700;02/09/2026 06:44:49;6414;Agustin;Scirica;Tiago Rodriguez;Agustin Scirica
14122819;02/09/2026 07:14:57;3;2;TR 0000  119142;01;CARPINTERIA;2090863;DEP_108;EXIBICION MONTES DE OCA;.;951488;"20-102         ";"20-102 - MONOCOMANDO MESADA CROMO ""RENACER""";2;2;2;23061778;020926071454880;181245316;;;;08/20/2031 00:00:00;2;13769954;02/09/2026 07:14:54;Tiago;Rodriguez;24343700;02/09/2026 06:44:49;6414;Agustin;Scirica;Tiago Rodriguez;Agustin Scirica
14122819;02/09/2026 07:14:57;3;2;TR 0000  119142;01;CARPINTERIA;2090863;DEP_108;EXIBICION MONTES DE OCA;.;951513;"20-122N        ";20-122N - MONOCOMANDO COCINA C/PICO EXTRAIBLE VALENCIA BLACK;2;2;2;23061778;020926071454880;181179641;;;;08/06/2031 00:00:00;2;13769954;02/09/2026 07:14:54;Tiago;Rodriguez;24343700;02/09/2026 06:44:49;6414;Agustin;Scirica;Tiago Rodriguez;Agustin Scirica
14122819;02/09/2026 07:14:57;3;2;TR 0000  119142;01;CARPINTERIA;2090863;DEP_108;EXIBICION MONTES DE OCA;.;951523;"20-134         ";20-134 - MONOCOMANDO COCINA BETIS;1;1;1;23061778;020926071454880;181245250;;;;08/11/2031 00:00:00;1;13769954;02/09/2026 07:14:54;Tiago;Rodriguez;24343700;02/09/2026 06:44:49;6414;Agustin;Scirica;Tiago Rodriguez;Agustin Scirica
14122819;02/09/2026 07:14:57;3;2;TR 0000  119142;01;CARPINTERIA;2090863;DEP_108;EXIBICION MONTES DE OCA;.;951527;"20-135G        ";20-135G - MONOCOMANDO COCINA GOLD SANTANDER;1;1;1;23061778;020926071454880;181177625;;;;07/27/2031 00:00:00;1;13769954;02/09/2026 07:14:54;Tiago;Rodriguez;24343700;02/09/2026 06:44:49;6414;Agustin;Scirica;Tiago Rodriguez;Agustin Scirica
14122819;02/09/2026 07:14:57;3;2;TR 0000  119142;01;CARPINTERIA;2090863;DEP_108;EXIBICION MONTES DE OCA;.;951530;"20-146         ";20-146 - MONOCOMANDO DE COCINA CR LINEA MOVE;2;2;2;23061778;020926071454880;181244065;;;;10/09/2031 00:00:00;2;13769954;02/09/2026 07:14:54;Tiago;Rodriguez;24343700;02/09/2026 06:44:49;6414;Agustin;Scirica;Tiago Rodriguez;Agustin Scirica
14122819;02/09/2026 07:14:57;3;2;TR 0000  119142;01;CARPINTERIA;2090863;DEP_108;EXIBICION MONTES DE OCA;.;951531;"20-146N        ";20-146N - MONOCOMANDO DE COCINA BLACK LINEA MOVE;2;2;2;23061778;020926071454880;181244262;;;;07/30/2031 00:00:00;2;13769954;02/09/2026 07:14:54;Tiago;Rodriguez;24343700;02/09/2026 06:44:49;6414;Agustin;Scirica;Tiago Rodriguez;Agustin Scirica
14122819;02/09/2026 07:14:57;3;2;TR 0000  119142;01;CARPINTERIA;2090863;DEP_108;EXIBICION MONTES DE OCA;.;951535;"20-160         ";20-160 - MONOCOMANDO MESADA COCINA DIQUE;3;3;3;23061778;020926071454880;181244362;;;;07/28/2031 00:00:00;3;13769954;02/09/2026 07:14:54;Tiago;Rodriguez;24343700;02/09/2026 06:44:49;6414;Agustin;Scirica;Tiago Rodriguez;Agustin Scirica
14122819;02/09/2026 07:14:57;3;2;TR 0000  119142;01;CARPINTERIA;2090863;DEP_108;EXIBICION MONTES DE OCA;.;951536;"20-162         ";20-162 - MONOCOMANDO COCINA ADRA;2;2;2;23061778;020926071454880;181243937;;;;07/28/2031 00:00:00;2;13769954;02/09/2026 07:14:54;Tiago;Rodriguez;24343700;02/09/2026 06:44:49;6414;Agustin;Scirica;Tiago Rodriguez;Agustin Scirica
14122819;02/09/2026 07:14:57;3;2;TR 0000  119142;01;CARPINTERIA;2090863;DEP_108;EXIBICION MONTES DE OCA;.;951547;"20-174         ";20-174 - COCINA MESADA MONOC. COLORS BLACK;1;1;1;23061778;020926071454880;181169581;;;;07/28/2031 00:00:00;1;13769954;02/09/2026 07:14:54;Tiago;Rodriguez;24343700;02/09/2026 06:44:49;6414;Agustin;Scirica;Tiago Rodriguez;Agustin Scirica
14122819;02/09/2026 07:14:57;3;2;TR 0000  119142;01;CARPINTERIA;2090863;DEP_108;EXIBICION MONTES DE OCA;.;951550;"20-182         ";20-182 - MONOCOMANDO DE COCINA MULTIFUNCION CR ZENITH;1;1;1;23061778;020926071454880;181172478;;;;07/30/2031 00:00:00;1;13769954;02/09/2026 07:14:54;Tiago;Rodriguez;24343700;02/09/2026 06:44:49;6414;Agustin;Scirica;Tiago Rodriguez;Agustin Scirica
14122819;02/09/2026 07:14:57;3;2;TR 0000  119142;01;CARPINTERIA;2090863;DEP_108;EXIBICION MONTES DE OCA;.;951551;"20-182N        ";20-182N - MONOCOMANDO DE COCINA MULTIFUNCION BLACK ZENITH;1;1;1;23061778;020926071454880;181172265;;;;07/30/2031 00:00:00;1;13769954;02/09/2026 07:14:54;Tiago;Rodriguez;24343700;02/09/2026 06:44:49;6414;Agustin;Scirica;Tiago Rodriguez;Agustin Scirica
14122819;02/09/2026 07:14:57;3;2;TR 0000  119142;01;CARPINTERIA;2090863;DEP_108;EXIBICION MONTES DE OCA;.;951552;"20-183         ";"MONOCOMANDO DE COCINA MAT                                             ";1;1;1;23061778;020926071454880;181244548;;;;11/02/2031 00:00:00;1;13769954;02/09/2026 07:14:54;Tiago;Rodriguez;24343700;02/09/2026 06:44:49;6414;Agustin;Scirica;Tiago Rodriguez;Agustin Scirica
14122819;02/09/2026 07:14:57;3;2;TR 0000  119142;01;CARPINTERIA;2090863;DEP_108;EXIBICION MONTES DE OCA;.;951553;"20-184         ";"MONOCOMANDO DE COCINA CR SUV                                          ";3;3;3;23061778;020926071454880;181170211;;;;10/04/2031 00:00:00;3;13769954;02/09/2026 07:14:54;Tiago;Rodriguez;24343700;02/09/2026 06:44:49;6414;Agustin;Scirica;Tiago Rodriguez;Agustin Scirica
14122819;02/09/2026 07:14:57;3;2;TR 0000  119142;01;CARPINTERIA;2090863;DEP_108;EXIBICION MONTES DE OCA;.;951565;"20-205         ";20-205 - MONOCOMANDO DE COCINA STEEL;1;1;1;23061778;020926071454880;181173551;;;;07/28/2031 00:00:00;1;13769954;02/09/2026 07:14:54;Tiago;Rodriguez;24343700;02/09/2026 06:44:49;6414;Agustin;Scirica;Tiago Rodriguez;Agustin Scirica
14122819;02/09/2026 07:14:57;3;2;TR 0000  119142;01;CARPINTERIA;2090863;DEP_108;EXIBICION MONTES DE OCA;.;951607;"21100N         ";21100N - ESTANTE ORGANIZADOR RECTANGULAR BLACK 25x12x7;1;1;1;23061778;020926071454880;181174034;;;;07/27/2031 00:00:00;1;13769954;02/09/2026 07:14:54;Tiago;Rodriguez;24343700;02/09/2026 06:44:49;6414;Agustin;Scirica;Tiago Rodriguez;Agustin Scirica
14122819;02/09/2026 07:14:57;3;2;TR 0000  119142;01;CARPINTERIA;2090863;DEP_108;EXIBICION MONTES DE OCA;.;951614;"21200          ";21200 - ESQUINERO ORGANIZADOR 19x19x7;1;1;1;23061778;020926071454880;181168691;;;;07/27/2031 00:00:00;1;13769954;02/09/2026 07:14:54;Tiago;Rodriguez;24343700;02/09/2026 06:44:49;6414;Agustin;Scirica;Tiago Rodriguez;Agustin Scirica
14122819;02/09/2026 07:14:57;3;2;TR 0000  119142;01;CARPINTERIA;2090863;DEP_108;EXIBICION MONTES DE OCA;.;951653;"22-178         ";22-178 - MONOCOMANDO DE COCINA P/AGUA FILTRADA VITA;1;1;1;23061778;020926071454880;181179453;;;;12/23/2031 00:00:00;1;13769954;02/09/2026 07:14:54;Tiago;Rodriguez;24343700;02/09/2026 06:44:49;6414;Agustin;Scirica;Tiago Rodriguez;Agustin Scirica
14122819;02/09/2026 07:14:57;3;2;TR 0000  119142;01;CARPINTERIA;2090863;DEP_108;EXIBICION MONTES DE OCA;.;951760;"3006SS         ";3006SS - SET DE 6 PIEZAS LINEA 3000 SS;1;1;1;23061778;020926071454880;181169750;;;;07/29/2031 00:00:00;1;13769954;02/09/2026 07:14:54;Tiago;Rodriguez;24343700;02/09/2026 06:44:49;6414;Agustin;Scirica;Tiago Rodriguez;Agustin Scirica
14122819;02/09/2026 07:14:57;3;2;TR 0000  119142;01;CARPINTERIA;2090863;DEP_108;EXIBICION MONTES DE OCA;.;952614;"60-130         ";60-130 - LAVATORIO MONOCOMANDO BAJO BILBAO;16;16;16;23061778;020926071454880;181167710;;;;07/28/2031 00:00:00;16;13769954;02/09/2026 07:14:54;Tiago;Rodriguez;24343700;02/09/2026 06:44:49;6414;Agustin;Scirica;Tiago Rodriguez;Agustin Scirica
14122819;02/09/2026 07:14:57;3;2;TR 0000  119142;01;CARPINTERIA;2090863;DEP_108;EXIBICION MONTES DE OCA;.;952618;"60-133         ";60-133 - LAVATORIO MONOCOMANDO LUGO;1;1;1;23061778;020926071454880;181243822;;;;07/29/2031 00:00:00;1;13769954;02/09/2026 07:14:54;Tiago;Rodriguez;24343700;02/09/2026 06:44:49;6414;Agustin;Scirica;Tiago Rodriguez;Agustin Scirica
14122819;02/09/2026 07:14:57;3;2;TR 0000  119142;01;CARPINTERIA;2090863;DEP_108;EXIBICION MONTES DE OCA;.;952630;"60-152         ";60-152 - LAVATORIO CR MONOCOMANDO BAJO SORIA;2;2;2;23061778;020926071454880;181176383;;;;07/27/2031 00:00:00;2;13769954;02/09/2026 07:14:54;Tiago;Rodriguez;24343700;02/09/2026 06:44:49;6414;Agustin;Scirica;Tiago Rodriguez;Agustin Scirica
14122819;02/09/2026 07:14:57;3;2;TR 0000  119142;01;CARPINTERIA;2090863;DEP_108;EXIBICION MONTES DE OCA;.;952647;"60-176         ";"LAVATORIO MONOCOMANDO BAJO CR RIO                                     ";2;2;2;23061778;020926071454880;181174688;;;;10/11/2031 00:00:00;2;13769954;02/09/2026 07:14:54;Tiago;Rodriguez;24343700;02/09/2026 06:44:49;6414;Agustin;Scirica;Tiago Rodriguez;Agustin Scirica
14122819;02/09/2026 07:14:57;3;2;TR 0000  119142;01;CARPINTERIA;2090863;DEP_108;EXIBICION MONTES DE OCA;.;952648;"60-176N        ";"LAVATORIO MONOCOMANDO BAJO BLACK RIO                                  ";3;3;3;23061778;020926071454880;181175474;;;;07/29/2031 00:00:00;3;13769954;02/09/2026 07:14:54;Tiago;Rodriguez;24343700;02/09/2026 06:44:49;6414;Agustin;Scirica;Tiago Rodriguez;Agustin Scirica
14122819;02/09/2026 07:14:57;3;2;TR 0000  119142;01;CARPINTERIA;2090863;DEP_108;EXIBICION MONTES DE OCA;.;952655;"60-183         ";"LAVATORIO MONOCOMANDO BAJO MAT                                        ";3;3;3;23061778;020926071454880;181244609;;;;11/02/2031 00:00:00;3;13769954;02/09/2026 07:14:54;Tiago;Rodriguez;24343700;02/09/2026 06:44:49;6414;Agustin;Scirica;Tiago Rodriguez;Agustin Scirica
14122819;02/09/2026 07:14:57;3;2;TR 0000  119142;01;CARPINTERIA;2090863;DEP_108;EXIBICION MONTES DE OCA;.;952660;"60-192         ";60-192 - LAVATORIO BAJO SORIA BLACK;1;1;1;23061778;020926071454880;181176651;;;;07/27/2031 00:00:00;1;13769954;02/09/2026 07:14:54;Tiago;Rodriguez;24343700;02/09/2026 06:44:49;6414;Agustin;Scirica;Tiago Rodriguez;Agustin Scirica
14122819;02/09/2026 07:14:57;3;2;TR 0000  119142;01;CARPINTERIA;2090863;DEP_108;EXIBICION MONTES DE OCA;.;952674;"60-200N        ";60-200N - LAVATORIO MONOC BAJO BLACK FABRIC;1;1;1;23061778;020926071454880;181170340;;;;07/28/2031 00:00:00;1;13769954;02/09/2026 07:14:54;Tiago;Rodriguez;24343700;02/09/2026 06:44:49;6414;Agustin;Scirica;Tiago Rodriguez;Agustin Scirica
14122819;02/09/2026 07:14:57;3;2;TR 0000  119142;01;CARPINTERIA;2090863;DEP_108;EXIBICION MONTES DE OCA;.;952678;"60-203N        ";"LAVATORIO MONOCOMANDO BAJO ADRA BLACK                                 ";1;1;1;23061778;020926071454880;181245593;;;;07/29/2031 00:00:00;1;13769954;02/09/2026 07:14:54;Tiago;Rodriguez;24343700;02/09/2026 06:44:49;6414;Agustin;Scirica;Tiago Rodriguez;Agustin Scirica
14122819;02/09/2026 07:14:57;3;2;TR 0000  119142;01;CARPINTERIA;2090863;DEP_108;EXIBICION MONTES DE OCA;.;952705;"61-130         ";61-130 - LAVATORIO MONOCOMANDO ALTO BILBAO;16;16;16;23061778;020926071454880;181166241;;;;07/28/2031 00:00:00;16;13769954;02/09/2026 07:14:54;Tiago;Rodriguez;24343700;02/09/2026 06:44:49;6414;Agustin;Scirica;Tiago Rodriguez;Agustin Scirica
14122819;02/09/2026 07:14:57;3;2;TR 0000  119142;01;CARPINTERIA;2090863;DEP_108;EXIBICION MONTES DE OCA;.;952707;"61-152         ";61-152 - LAVATORIO MONOCOMANDO CROMO ALTO SORIA;2;2;2;23061778;020926071454880;181176304;;;;07/27/2031 00:00:00;2;13769954;02/09/2026 07:14:54;Tiago;Rodriguez;24343700;02/09/2026 06:44:49;6414;Agustin;Scirica;Tiago Rodriguez;Agustin Scirica
14122819;02/09/2026 07:14:57;3;2;TR 0000  119142;01;CARPINTERIA;2090863;DEP_108;EXIBICION MONTES DE OCA;.;952712;"61-176         ";61-176 - LAVATORIO MONOC ALTO CR RIO;2;2;2;23061778;020926071454880;181174550;;;;10/09/2031 00:00:00;2;13769954;02/09/2026 07:14:54;Tiago;Rodriguez;24343700;02/09/2026 06:44:49;6414;Agustin;Scirica;Tiago Rodriguez;Agustin Scirica
14122819;02/09/2026 07:14:57;3;2;TR 0000  119142;01;CARPINTERIA;2090863;DEP_108;EXIBICION MONTES DE OCA;.;950892;"01-010         ";"VALVULA P/MINGITORIO TEMPORIZADA TECNO                                ";1;1;1;23061778;020926071454880;181171067;;;;07/28/2031 00:00:00;1;13769954;02/09/2026 07:14:54;Tiago;Rodriguez;24343700;02/09/2026 06:44:49;6414;Agustin;Scirica;Tiago Rodriguez;Agustin Scirica
14122819;02/09/2026 07:14:57;3;2;TR 0000  119142;01;CARPINTERIA;2090863;DEP_108;EXIBICION MONTES DE OCA;.;950903;"03-010         ";"LAVATORIO ALTO TEMPORIZADO TECNO                                      ";1;1;1;23061778;020926071454880;181170823;;;;09/16/2031 00:00:00;1;13769954;02/09/2026 07:14:54;Tiago;Rodriguez;24343700;02/09/2026 06:44:49;6414;Agustin;Scirica;Tiago Rodriguez;Agustin Scirica
14122819;02/09/2026 07:14:57;3;2;TR 0000  119142;01;CARPINTERIA;2090863;DEP_108;EXIBICION MONTES DE OCA;.;950906;"04-010         ";"LAVATORIO DE PARED TEMPORIZADO TECNO                                  ";1;1;1;23061778;020926071454880;181170996;;;;07/31/2031 00:00:00;1;13769954;02/09/2026 07:14:54;Tiago;Rodriguez;24343700;02/09/2026 06:44:49;6414;Agustin;Scirica;Tiago Rodriguez;Agustin Scirica
14122819;02/09/2026 07:14:57;3;2;TR 0000  119142;01;CARPINTERIA;2090863;DEP_108;EXIBICION MONTES DE OCA;.;950907;"05-010         ";"LAVATORIO BAJO TEMPORIZADO TECNO                                      ";1;1;1;23061778;020926071454880;181172877;;;;07/28/2031 00:00:00;1;13769954;02/09/2026 07:14:54;Tiago;Rodriguez;24343700;02/09/2026 06:44:49;6414;Agustin;Scirica;Tiago Rodriguez;Agustin Scirica
14122819;02/09/2026 07:14:57;3;2;TR 0000  119142;01;CARPINTERIA;2090863;DEP_108;EXIBICION MONTES DE OCA;.;950974;"10005BL        ";"SET DE 5 PIEZAS LINEA 10000 BLACK                                     ";1;1;1;23061778;020926071454880;181179244;;;;07/28/2031 00:00:00;1;13769954;02/09/2026 07:14:54;Tiago;Rodriguez;24343700;02/09/2026 06:44:49;6414;Agustin;Scirica;Tiago Rodriguez;Agustin Scirica
14122819;02/09/2026 07:14:57;3;2;TR 0000  119142;01;CARPINTERIA;2090863;DEP_108;EXIBICION MONTES DE OCA;.;951116;"12006          ";"SET DE 6 PIEZAS LINEA 12000                                           ";2;2;2;23061778;020926071454880;181180111;;;;07/30/2031 00:00:00;2;13769954;02/09/2026 07:14:54;Tiago;Rodriguez;24343700;02/09/2026 06:44:49;6414;Agustin;Scirica;Tiago Rodriguez;Agustin Scirica
14122819;02/09/2026 07:14:57;3;2;TR 0000  119142;01;CARPINTERIA;2090863;DEP_108;EXIBICION MONTES DE OCA;.;951117;"12006N         ";"SET DE 6 PIEZAS LINEA 12000 BLACK                                     ";1;1;1;23061778;020926071454880;181245107;;;;09/01/2031 00:00:00;1;13769954;02/09/2026 07:14:54;Tiago;Rodriguez;24343700;02/09/2026 06:44:49;6414;Agustin;Scirica;Tiago Rodriguez;Agustin Scirica
14122819;02/09/2026 07:14:57;3;2;TR 0000  119142;01;CARPINTERIA;2090863;DEP_108;EXIBICION MONTES DE OCA;.;951132;"13006          ";"SET DE 6 PIEZAS LINEA 13000                                           ";1;1;1;23061778;020926071454880;181245096;;;;07/28/2031 00:00:00;1;13769954;02/09/2026 07:14:54;Tiago;Rodriguez;24343700;02/09/2026 06:44:49;6414;Agustin;Scirica;Tiago Rodriguez;Agustin Scirica
14122819;02/09/2026 07:14:57;3;2;TR 0000  119142;01;CARPINTERIA;2090863;DEP_108;EXIBICION MONTES DE OCA;.;951258;"16006          ";16006 - SET 6 PIEZAS ACCESORIOS LINEA 16000;1;1;1;23061778;020926071454880;181245186;;;;07/29/2031 00:00:00;1;13769954;02/09/2026 07:14:54;Tiago;Rodriguez;24343700;02/09/2026 06:44:49;6414;Agustin;Scirica;Tiago Rodriguez;Agustin Scirica
14122819;02/09/2026 07:14:57;3;2;TR 0000  119142;01;CARPINTERIA;2090863;DEP_108;EXIBICION MONTES DE OCA;.;951294;"17010G         ";17010G - TOALLERO BARRAL LINEA FABRIC GOLD;2;2;2;23061778;020926071454880;181171624;;;;07/27/2031 00:00:00;2;13769954;02/09/2026 07:14:54;Tiago;Rodriguez;24343700;02/09/2026 06:44:49;6414;Agustin;Scirica;Tiago Rodriguez;Agustin Scirica
14122819;02/09/2026 07:14:57;3;2;TR 0000  119142;01;CARPINTERIA;2090863;DEP_108;EXIBICION MONTES DE OCA;.;951297;"17020G         ";17020G - TOALLERO DE ARO LINEA FABRIC GOLD;2;2;2;23061778;020926071454880;181172064;;;;07/29/2031 00:00:00;2;13769954;02/09/2026 07:14:54;Tiago;Rodriguez;24343700;02/09/2026 06:44:49;6414;Agustin;Scirica;Tiago Rodriguez;Agustin Scirica
14122819;02/09/2026 07:14:57;3;2;TR 0000  119142;01;CARPINTERIA;2090863;DEP_108;EXIBICION MONTES DE OCA;.;951299;"17030C         ";17030C - PERCHA LINEA FABRIC CROMO;1;1;1;23061778;020926071454880;181244705;;;;11/10/2031 00:00:00;1;13769954;02/09/2026 07:14:54;Tiago;Rodriguez;24343700;02/09/2026 06:44:49;6414;Agustin;Scirica;Tiago Rodriguez;Agustin Scirica
14122819;02/09/2026 07:14:57;3;2;TR 0000  119142;01;CARPINTERIA;2090863;DEP_108;EXIBICION MONTES DE OCA;.;951300;"17030G         ";17030G - PERCHA LINEA FABRIC GOLD;2;2;2;23061778;020926071454880;181245400;;;;07/29/2031 00:00:00;2;13769954;02/09/2026 07:14:54;Tiago;Rodriguez;24343700;02/09/2026 06:44:49;6414;Agustin;Scirica;Tiago Rodriguez;Agustin Scirica
14122819;02/09/2026 07:14:57;3;2;TR 0000  119142;01;CARPINTERIA;2090863;DEP_108;EXIBICION MONTES DE OCA;.;951303;"17040G         ";17040G - PORTA ROLLO LINEA FABRIC GOLD;2;2;2;23061778;020926071454880;181243970;;;;07/28/2031 00:00:00;2;13769954;02/09/2026 07:14:54;Tiago;Rodriguez;24343700;02/09/2026 06:44:49;6414;Agustin;Scirica;Tiago Rodriguez;Agustin Scirica
14122819;02/09/2026 07:14:57;3;2;TR 0000  119142;01;CARPINTERIA;2090863;DEP_108;EXIBICION MONTES DE OCA;.;951304;"17040N         ";17040N - PORTA ROLLO LINEA FABRIC BLACK;1;1;1;23061778;020926071454880;181245056;;;;07/29/2031 00:00:00;1;13769954;02/09/2026 07:14:54;Tiago;Rodriguez;24343700;02/09/2026 06:44:49;6414;Agustin;Scirica;Tiago Rodriguez;Agustin Scirica
14122819;02/09/2026 07:14:57;3;2;TR 0000  119142;01;CARPINTERIA;2090863;DEP_108;EXIBICION MONTES DE OCA;.;951306;"17050G         ";17050G - JABONERA  LINEA FABRIC GOLD;1;1;1;23061778;020926071454880;181171452;;;;07/29/2031 00:00:00;1;13769954;02/09/2026 07:14:54;Tiago;Rodriguez;24343700;02/09/2026 06:44:49;6414;Agustin;Scirica;Tiago Rodriguez;Agustin Scirica
14122819;02/09/2026 07:14:57;3;2;TR 0000  119142;01;CARPINTERIA;2090863;DEP_108;EXIBICION MONTES DE OCA;.;951307;"17050N         ";17050N - JABONERA  LINEA FABRIC BLACK;1;1;1;23061778;020926071454880;181245012;;;;07/30/2031 00:00:00;1;13769954;02/09/2026 07:14:54;Tiago;Rodriguez;24343700;02/09/2026 06:44:49;6414;Agustin;Scirica;Tiago Rodriguez;Agustin Scirica
14122819;02/09/2026 07:14:57;3;2;TR 0000  119142;01;CARPINTERIA;2090863;DEP_108;EXIBICION MONTES DE OCA;.;951426;"20040GR        ";20040GR - PORTA ROLLO GRAFITO LINEA PULSE;1;1;1;23061778;020926071454880;181168812;;;;07/31/2031 00:00:00;1;13769954;02/09/2026 07:14:54;Tiago;Rodriguez;24343700;02/09/2026 06:44:49;6414;Agustin;Scirica;Tiago Rodriguez;Agustin Scirica
14127756;02/09/2026 09:47:17;3;2;0001  214599-1;02;CAMIONETA JUE 2;2091589;"CE01    ";"CENCOSUD S.A.                                     ";BRANDSEN 3790;951300;"17030G         ";17030G - PERCHA LINEA FABRIC GOLD;12;12;12;23071136;020926094715262;181247830;;;;07/29/2031 00:00:00;12;13773096;02/09/2026 09:47:15;Tiago;Rodriguez;24352757;02/09/2026 07:40:27;7636;Kevin;Arce;Tiago Rodriguez;Kevin Arce
14127756;02/09/2026 09:47:17;3;2;0001  214599-1;02;CAMIONETA JUE 2;2091589;"CE01    ";"CENCOSUD S.A.                                     ";BRANDSEN 3790;951318;"18040          ";18040 - PORTA ROLLO NIQUEL LINEA BEAT;5;5;5;23071136;020926094715262;181245836;;;;07/28/2031 00:00:00;5;13773096;02/09/2026 09:47:15;Tiago;Rodriguez;24352757;02/09/2026 07:40:27;7636;Kevin;Arce;Tiago Rodriguez;Kevin Arce
14127756;02/09/2026 09:47:17;3;2;0001  214599-1;02;CAMIONETA JUE 2;2091589;"CE01    ";"CENCOSUD S.A.                                     ";BRANDSEN 3790;951512;"20-122         ";"MONOCOMANDO COCINA CR C/PICO EXTRAIBLE VALENCIA                       ";1;1;1;23071136;020926094715262;181244649;;;;08/06/2031 00:00:00;1;13773096;02/09/2026 09:47:15;Tiago;Rodriguez;24352757;02/09/2026 07:40:27;7636;Kevin;Arce;Tiago Rodriguez;Kevin Arce
14127756;02/09/2026 09:47:17;3;2;0001  214599-1;02;CAMIONETA JUE 2;2091589;"CE01    ";"CENCOSUD S.A.                                     ";BRANDSEN 3790;951513;"20-122N        ";20-122N - MONOCOMANDO COCINA C/PICO EXTRAIBLE VALENCIA BLACK;4;4;4;23071136;020926094715262;181247035;;;;08/06/2031 00:00:00;4;13773096;02/09/2026 09:47:15;Tiago;Rodriguez;24352757;02/09/2026 07:40:27;7636;Kevin;Arce;Tiago Rodriguez;Kevin Arce
14127756;02/09/2026 09:47:17;3;2;0001  214599-1;02;CAMIONETA JUE 2;2091589;"CE01    ";"CENCOSUD S.A.                                     ";BRANDSEN 3790;951532;"20-147         ";20-147 - MONOCOMANDO DE COCINA SWIFT;15;15;15;23071136;020926094715262;181245143;;;;07/29/2031 00:00:00;15;13773096;02/09/2026 09:47:15;Tiago;Rodriguez;24352757;02/09/2026 07:40:27;7636;Kevin;Arce;Tiago Rodriguez;Kevin Arce
14127756;02/09/2026 09:47:17;3;2;0001  214599-1;02;CAMIONETA JUE 2;2091589;"CE01    ";"CENCOSUD S.A.                                     ";BRANDSEN 3790;951533;"20-150         ";20-150 - MONOCOMANDO MESADA COCINA TOLEDO;6;6;6;23071136;020926094715262;181246451;;;;07/27/2031 00:00:00;6;13773096;02/09/2026 09:47:15;Tiago;Rodriguez;24352757;02/09/2026 07:40:27;7636;Kevin;Arce;Tiago Rodriguez;Kevin Arce
14127756;02/09/2026 09:47:17;3;2;0001  214599-1;02;CAMIONETA JUE 2;2091589;"CE01    ";"CENCOSUD S.A.                                     ";BRANDSEN 3790;951536;"20-162         ";20-162 - MONOCOMANDO COCINA ADRA;15;15;15;23071136;020926094715262;181247528;;;;07/28/2031 00:00:00;15;13773096;02/09/2026 09:47:15;Tiago;Rodriguez;24352757;02/09/2026 07:40:27;7636;Kevin;Arce;Tiago Rodriguez;Kevin Arce
14127756;02/09/2026 09:47:17;3;2;0001  214599-1;02;CAMIONETA JUE 2;2091589;"CE01    ";"CENCOSUD S.A.                                     ";BRANDSEN 3790;952596;"60-100G        ";60-100G - LAVATORIO GOLD C.CERAM FABRIC;4;4;4;23071136;020926094715262;181249669;;;;11/10/2031 00:00:00;4;13773096;02/09/2026 09:47:15;Tiago;Rodriguez;24352757;02/09/2026 07:40:27;7636;Kevin;Arce;Tiago Rodriguez;Kevin Arce
14127756;02/09/2026 09:47:17;3;2;0001  214599-1;02;CAMIONETA JUE 2;2091589;"CE01    ";"CENCOSUD S.A.                                     ";BRANDSEN 3790;952634;"60-162         ";60-162 - LAVATORIO CR C.CERAM LINEA ADRA;30;30;30;23071136;020926094715262;181251956;;;;07/29/2031 00:00:00;30;13773096;02/09/2026 09:47:15;Tiago;Rodriguez;24352757;02/09/2026 07:40:27;7636;Kevin;Arce;Tiago Rodriguez;Kevin Arce
14127756;02/09/2026 09:47:17;3;2;0001  214599-1;02;CAMIONETA JUE 2;2091589;"CE01    ";"CENCOSUD S.A.                                     ";BRANDSEN 3790;952636;"60-163         ";60-163 - LAVATORIO CR C.CERAM SENA;4;4;4;23071136;020926094715262;181250146;;;;07/29/2031 00:00:00;4;13773096;02/09/2026 09:47:15;Tiago;Rodriguez;24352757;02/09/2026 07:40:27;7636;Kevin;Arce;Tiago Rodriguez;Kevin Arce
14127756;02/09/2026 09:47:17;3;2;0001  214599-1;02;CAMIONETA JUE 2;2091589;"CE01    ";"CENCOSUD S.A.                                     ";BRANDSEN 3790;952650;"60-180         ";60-180 - LAVATORIO MONOCOMANDO BAJO VERA;10;10;10;23071136;020926094715262;181246199;;;;07/28/2031 00:00:00;10;13773096;02/09/2026 09:47:15;Tiago;Rodriguez;24352757;02/09/2026 07:40:27;7636;Kevin;Arce;Tiago Rodriguez;Kevin Arce
14127756;02/09/2026 09:47:17;3;2;0001  214599-1;02;CAMIONETA JUE 2;2091589;"CE01    ";"CENCOSUD S.A.                                     ";BRANDSEN 3790;952721;"61-193         ";61-193 - LAVATORIO MONOCOMANDO ALTO MORA;1;1;1;23071136;020926094715262;181246743;;;;07/27/2031 00:00:00;1;13773096;02/09/2026 09:47:15;Tiago;Rodriguez;24352757;02/09/2026 07:40:27;7636;Kevin;Arce;Tiago Rodriguez;Kevin Arce
14127756;02/09/2026 09:47:17;3;2;0001  214599-1;02;CAMIONETA JUE 2;2091589;"CE01    ";"CENCOSUD S.A.                                     ";BRANDSEN 3790;952724;"61-200G        ";61-200G - LAVATORIO MONOC ALTO GOLD FABRIC;2;2;2;23071136;020926094715262;181244708;;;;07/27/2031 00:00:00;2;13773096;02/09/2026 09:47:15;Tiago;Rodriguez;24352757;02/09/2026 07:40:27;7636;Kevin;Arce;Tiago Rodriguez;Kevin Arce
14127756;02/09/2026 09:47:17;3;2;0001  214599-1;02;CAMIONETA JUE 2;2091589;"CE01    ";"CENCOSUD S.A.                                     ";BRANDSEN 3790;952728;"61-205         ";61-205 - LAVATORIO MONOC ALTO STEEL;9;9;9;23071136;020926094715262;181244506;;;;07/28/2031 00:00:00;9;13773096;02/09/2026 09:47:15;Tiago;Rodriguez;24352757;02/09/2026 07:40:27;7636;Kevin;Arce;Tiago Rodriguez;Kevin Arce
14127756;02/09/2026 09:47:17;3;2;0001  214599-1;02;CAMIONETA JUE 2;2091589;"CE01    ";"CENCOSUD S.A.                                     ";BRANDSEN 3790;952912;"70-162         ";70-162 - BIDE CR C.CERAM LINEA ADRA;20;20;20;23071136;020926094715262;181252708;;;;07/29/2031 00:00:00;20;13773096;02/09/2026 09:47:15;Tiago;Rodriguez;24352757;02/09/2026 07:40:27;7636;Kevin;Arce;Tiago Rodriguez;Kevin Arce
14127756;02/09/2026 09:47:17;3;2;0001  214599-1;02;CAMIONETA JUE 2;2091589;"CE01    ";"CENCOSUD S.A.                                     ";BRANDSEN 3790;952928;"70-180         ";70-180 - BIDE MONOCOMANDO C/TRANSF. VERA;18;18;18;23071136;020926094715262;181246351;;;;07/27/2031 00:00:00;18;13773096;02/09/2026 09:47:15;Tiago;Rodriguez;24352757;02/09/2026 07:40:27;7636;Kevin;Arce;Tiago Rodriguez;Kevin Arce
14127756;02/09/2026 09:47:17;3;2;0001  214599-1;02;CAMIONETA JUE 2;2091589;"CE01    ";"CENCOSUD S.A.                                     ";BRANDSEN 3790;952953;"70-201NI       ";70-201NI - BIDE CR C.CERAM BEAT NICKEL;1;1;1;23071136;020926094715262;181249895;;;;07/29/2031 00:00:00;1;13773096;02/09/2026 09:47:15;Tiago;Rodriguez;24352757;02/09/2026 07:40:27;7636;Kevin;Arce;Tiago Rodriguez;Kevin Arce
14127756;02/09/2026 09:47:17;3;2;0001  214599-1;02;CAMIONETA JUE 2;2091589;"CE01    ";"CENCOSUD S.A.                                     ";BRANDSEN 3790;952956;"70-205         ";70-205 - BIDE MONOCOMANDO STEEL;8;8;8;23071136;020926094715262;181244291;;;;11/08/2031 00:00:00;8;13773096;02/09/2026 09:47:15;Tiago;Rodriguez;24352757;02/09/2026 07:40:27;7636;Kevin;Arce;Tiago Rodriguez;Kevin Arce
14127756;02/09/2026 09:47:17;3;2;0001  214599-1;02;CAMIONETA JUE 2;2091589;"CE01    ";"CENCOSUD S.A.                                     ";BRANDSEN 3790;953091;"80-138         ";80-138 - DUCHA EMB. C/TRANSF. CR C.CERAM VALENCIA PLUS;4;4;4;23071136;020926094715262;181253803;;;;01/14/2032 00:00:00;4;13773096;02/09/2026 09:47:15;Tiago;Rodriguez;24352757;02/09/2026 07:40:27;7636;Kevin;Arce;Tiago Rodriguez;Kevin Arce
14127756;02/09/2026 09:47:17;3;2;0001  214599-1;02;CAMIONETA JUE 2;2091589;"CE01    ";"CENCOSUD S.A.                                     ";BRANDSEN 3790;953102;"80-152         ";80-152 - DUCHA EMB. CR C/TRANSF. MONOCOMANDO SORIA;6;6;6;23071136;020926094715262;181246105;;;;10/26/2031 00:00:00;6;13773096;02/09/2026 09:47:15;Tiago;Rodriguez;24352757;02/09/2026 07:40:27;7636;Kevin;Arce;Tiago Rodriguez;Kevin Arce
14127756;02/09/2026 09:47:17;3;2;0001  214599-1;02;CAMIONETA JUE 2;2091589;"CE01    ";"CENCOSUD S.A.                                     ";BRANDSEN 3790;953109;"80-166         ";"DUCHA EMB. C/TRANSF. CR C.CERAM ADRA PLUS                             ";16;16;16;23071136;020926094715262;181253547;;;;01/13/2032 00:00:00;16;13773096;02/09/2026 09:47:15;Tiago;Rodriguez;24352757;02/09/2026 07:40:27;7636;Kevin;Arce;Tiago Rodriguez;Kevin Arce
14127756;02/09/2026 09:47:17;3;2;0001  214599-1;02;CAMIONETA JUE 2;2091589;"CE01    ";"CENCOSUD S.A.                                     ";BRANDSEN 3790;953125;"80-180         ";80-180 - DUCHA EMB. C/TRANSF. MONOCOMANDO VERA;12;12;12;23071136;020926094715262;181247774;;;;09/03/2031 00:00:00;12;13773096;02/09/2026 09:47:15;Tiago;Rodriguez;24352757;02/09/2026 07:40:27;7636;Kevin;Arce;Tiago Rodriguez;Kevin Arce
14127756;02/09/2026 09:47:17;3;2;0001  214599-1;02;CAMIONETA JUE 2;2091589;"CE01    ";"CENCOSUD S.A.                                     ";BRANDSEN 3790;953153;"80-200G        ";80-200G - DUCHA EMB. MONOC. 3 FUNCIONES GOLD FABRIC;1;1;1;23071136;020926094715262;181250348;;;;12/03/2031 00:00:00;1;13773096;02/09/2026 09:47:15;Tiago;Rodriguez;24352757;02/09/2026 07:40:27;7636;Kevin;Arce;Tiago Rodriguez;Kevin Arce
14127756;02/09/2026 09:47:17;3;2;0001  214599-1;02;CAMIONETA JUE 2;2091589;"CE01    ";"CENCOSUD S.A.                                     ";BRANDSEN 3790;953161;"80-205         ";80-205 - DUCHA EMB. C/TRANSF. MONOC STEEL;8;8;8;23071136;020926094715262;181245598;;;;08/11/2031 00:00:00;8;13773096;02/09/2026 09:47:15;Tiago;Rodriguez;24352757;02/09/2026 07:40:27;7636;Kevin;Arce;Tiago Rodriguez;Kevin Arce
14127756;02/09/2026 09:47:17;3;2;0001  214599-1;02;CAMIONETA JUE 2;2091589;"CE01    ";"CENCOSUD S.A.                                     ";BRANDSEN 3790;953331;"84-190         ";84-190 - DUCHA EXTERIOR CON COLUMNA BLACK VELVET;5;5;5;23071136;020926094715262;181244150;;;;10/06/2031 00:00:00;5;13773096;02/09/2026 09:47:15;Tiago;Rodriguez;24352757;02/09/2026 07:40:27;7636;Kevin;Arce;Tiago Rodriguez;Kevin Arce
14127756;02/09/2026 09:47:17;3;2;0001  214599-1;02;CAMIONETA JUE 2;2091589;"CE01    ";"CENCOSUD S.A.                                     ";BRANDSEN 3790;954908;"BCH07          ";BCH07 - BACHA DE APOYAR OVALADA 400x330x150;8;8;8;23071136;020926094715262;181249314;;;;07/29/2031 00:00:00;8;13773096;02/09/2026 09:47:15;Tiago;Rodriguez;24352757;02/09/2026 07:40:27;7636;Kevin;Arce;Tiago Rodriguez;Kevin Arce
14127757;02/09/2026 07:08:05;3;2;0001  214872-1;02;CAMIONETA JUE 2;2092031;"DB14    ";"DIMA BAÑOS & COCINAS S.R.L.                       ";AV. RIVADAVIA 14666;952634;"60-162         ";60-162 - LAVATORIO CR C.CERAM LINEA ADRA;1;1;1;23071091;020926070803015;181244275;;;;07/29/2031 00:00:00;1;13769910;02/09/2026 07:08:03;Maximiliano;Nievas;24352726;02/09/2026 06:21:04;7673;Maximo;Batista;Maximiliano Nievas;Maximo Batista
14127757;02/09/2026 07:08:05;3;2;0001  214872-1;02;CAMIONETA JUE 2;2092031;"DB14    ";"DIMA BAÑOS & COCINAS S.R.L.                       ";AV. RIVADAVIA 14666;952912;"70-162         ";70-162 - BIDE CR C.CERAM LINEA ADRA;1;1;1;23071091;020926070803015;181244304;;;;07/29/2031 00:00:00;1;13769910;02/09/2026 07:08:03;Maximiliano;Nievas;24352726;02/09/2026 06:21:04;7673;Maximo;Batista;Maximiliano Nievas;Maximo Batista
14127758;02/09/2026 07:11:25;3;2;0001  214886-1;02;CAMIONETA JUE 2;2092031;"DB14    ";"DIMA BAÑOS & COCINAS S.R.L.                       ";AV. RIVADAVIA 14666;952583;"60-058         ";60-058 - LAVATORIO CR C.STD MALBA;1;1;1;23071092;020926071125448;181244234;;;;12/03/2031 00:00:00;1;13769956;02/09/2026 07:11:25;Maximiliano;Nievas;24352726;02/09/2026 06:21:04;7673;Maximo;Batista;Maximiliano Nievas;Maximo Batista
14127758;02/09/2026 07:11:25;3;2;0001  214886-1;02;CAMIONETA JUE 2;2092031;"DB14    ";"DIMA BAÑOS & COCINAS S.R.L.                       ";AV. RIVADAVIA 14666;952618;"60-133         ";60-133 - LAVATORIO MONOCOMANDO LUGO;2;2;2;23071092;020926071125448;181243988;;;;07/29/2031 00:00:00;2;13769956;02/09/2026 07:11:25;Maximiliano;Nievas;24352726;02/09/2026 06:21:04;7673;Maximo;Batista;Maximiliano Nievas;Maximo Batista
14127758;02/09/2026 07:11:25;3;2;0001  214886-1;02;CAMIONETA JUE 2;2092031;"DB14    ";"DIMA BAÑOS & COCINAS S.R.L.                       ";AV. RIVADAVIA 14666;952916;"70-168N        ";70-168N - BIDE MONOC BLACK WAVE;1;1;1;23071092;020926071125448;181244024;;;;01/05/2032 00:00:00;1;13769956;02/09/2026 07:11:25;Maximiliano;Nievas;24352726;02/09/2026 06:21:04;7673;Maximo;Batista;Maximiliano Nievas;Maximo Batista
14127758;02/09/2026 07:11:25;3;2;0001  214886-1;02;CAMIONETA JUE 2;2092031;"DB14    ";"DIMA BAÑOS & COCINAS S.R.L.                       ";AV. RIVADAVIA 14666;953060;"80-058         ";80-058 - DUCHA EMB. C/TRANSF. CR C.STD MALBA;1;1;1;23071092;020926071125448;181244194;;;;01/06/2032 00:00:00;1;13769956;02/09/2026 07:11:25;Maximiliano;Nievas;24352726;02/09/2026 06:21:04;7673;Maximo;Batista;Maximiliano Nievas;Maximo Batista
14127758;02/09/2026 07:11:25;3;2;0001  214886-1;02;CAMIONETA JUE 2;2092031;"DB14    ";"DIMA BAÑOS & COCINAS S.R.L.                       ";AV. RIVADAVIA 14666;953312;"83-133         ";83-133 - DUCHA EXT. C/TRANSF. MONOCOMANDO LUGO;1;1;1;23071092;020926071125448;181244103;;;;07/30/2031 00:00:00;1;13769956;02/09/2026 07:11:25;Maximiliano;Nievas;24352726;02/09/2026 06:21:04;7673;Maximo;Batista;Maximiliano Nievas;Maximo Batista
14127759;02/09/2026 07:19:33;3;2;0001  214903-1;02;CAMIONETA JUE 2;2231955;"AX01    ";"SANITARIOS AXANTRA S.R.L.                         ";AV SAN MARTIN 3261;951535;"20-160         ";20-160 - MONOCOMANDO MESADA COCINA DIQUE;3;3;3;23071253;020926071933544;181245042;;;;07/28/2031 00:00:00;3;13770069;02/09/2026 07:19:33;Maximiliano;Nievas;24352976;02/09/2026 06:35:31;7673;Maximo;Batista;Maximiliano Nievas;Maximo Batista
14127759;02/09/2026 07:19:33;3;2;0001  214903-1;02;CAMIONETA JUE 2;2231955;"AX01    ";"SANITARIOS AXANTRA S.R.L.                         ";AV SAN MARTIN 3261;951536;"20-162         ";20-162 - MONOCOMANDO COCINA ADRA;2;2;2;23071253;020926071933544;181245204;;;;07/28/2031 00:00:00;2;13770069;02/09/2026 07:19:33;Maximiliano;Nievas;24352976;02/09/2026 06:35:31;7673;Maximo;Batista;Maximiliano Nievas;Maximo Batista
14127759;02/09/2026 07:19:33;3;2;0001  214903-1;02;CAMIONETA JUE 2;2231955;"AX01    ";"SANITARIOS AXANTRA S.R.L.                         ";AV SAN MARTIN 3261;952634;"60-162         ";60-162 - LAVATORIO CR C.CERAM LINEA ADRA;1;1;1;23071253;020926071933544;181245533;;;;07/29/2031 00:00:00;1;13770069;02/09/2026 07:19:33;Maximiliano;Nievas;24352976;02/09/2026 06:35:31;7673;Maximo;Batista;Maximiliano Nievas;Maximo Batista
14127759;02/09/2026 07:19:33;3;2;0001  214903-1;02;CAMIONETA JUE 2;2231955;"AX01    ";"SANITARIOS AXANTRA S.R.L.                         ";AV SAN MARTIN 3261;952708;"61-168         ";61-168 - LAVATORIO MONOC ALTO CR WAVE;2;2;2;23071253;020926071933544;181244685;;;;07/27/2031 00:00:00;2;13770069;02/09/2026 07:19:33;Maximiliano;Nievas;24352976;02/09/2026 06:35:31;7673;Maximo;Batista;Maximiliano Nievas;Maximo Batista
14127759;02/09/2026 07:19:33;3;2;0001  214903-1;02;CAMIONETA JUE 2;2231955;"AX01    ";"SANITARIOS AXANTRA S.R.L.                         ";AV SAN MARTIN 3261;953112;"80-168         ";80-168 - DUCHA EMB C/TRANSF MONOC CR WAVE;2;2;2;23071253;020926071933544;181245388;;;;01/17/2032 00:00:00;2;13770069;02/09/2026 07:19:33;Maximiliano;Nievas;24352976;02/09/2026 06:35:31;7673;Maximo;Batista;Maximiliano Nievas;Maximo Batista
14127779;02/09/2026 08:29:27;3;2;0001  214836-1;05;CAMIONETA EXP 2;2093341;"MA56    ";"MORAL ANTONIO A. -COMERCIAL 3 DE MAYO             ";RUTA 36 254;951523;"20-134         ";20-134 - MONOCOMANDO COCINA BETIS;2;2;2;23072375;020926082926666;181253442;;;;08/11/2031 00:00:00;2;13771252;02/09/2026 08:29:26;Maximiliano;Nievas;24354221;02/09/2026 07:42:06;7152;Mirko;Hernandez;Maximiliano Nievas;Mirko Hernandez
14127779;02/09/2026 08:29:27;3;2;0001  214836-1;05;CAMIONETA EXP 2;2093341;"MA56    ";"MORAL ANTONIO A. -COMERCIAL 3 DE MAYO             ";RUTA 36 254;951535;"20-160         ";20-160 - MONOCOMANDO MESADA COCINA DIQUE;8;8;8;23072375;020926082926666;181254372;;;;07/28/2031 00:00:00;8;13771252;02/09/2026 08:29:26;Maximiliano;Nievas;24354221;02/09/2026 07:42:06;7152;Mirko;Hernandez;Maximiliano Nievas;Mirko Hernandez
14127779;02/09/2026 08:29:27;3;2;0001  214836-1;05;CAMIONETA EXP 2;2093341;"MA56    ";"MORAL ANTONIO A. -COMERCIAL 3 DE MAYO             ";RUTA 36 254;951536;"20-162         ";20-162 - MONOCOMANDO COCINA ADRA;3;3;3;23072375;020926082926666;181254279;;;;07/28/2031 00:00:00;3;13771252;02/09/2026 08:29:26;Maximiliano;Nievas;24354221;02/09/2026 07:42:06;7152;Mirko;Hernandez;Maximiliano Nievas;Mirko Hernandez
14127779;02/09/2026 08:29:27;3;2;0001  214836-1;05;CAMIONETA EXP 2;2093341;"MA56    ";"MORAL ANTONIO A. -COMERCIAL 3 DE MAYO             ";RUTA 36 254;952081;"33-010         ";33-010 - CANILLA MESADA BL/CR LORCA;6;6;6;23072375;020926082926666;181254853;;;;12/08/2031 00:00:00;6;13771252;02/09/2026 08:29:26;Maximiliano;Nievas;24354221;02/09/2026 07:42:06;7152;Mirko;Hernandez;Maximiliano Nievas;Mirko Hernandez
14127779;02/09/2026 08:29:27;3;2;0001  214836-1;05;CAMIONETA EXP 2;2093341;"MA56    ";"MORAL ANTONIO A. -COMERCIAL 3 DE MAYO             ";RUTA 36 254;952426;"51-010         ";51-010 - COCINA MESADA BL/CR LORCA;6;6;6;23072375;020926082926666;181252115;;;;01/03/2032 00:00:00;6;13771252;02/09/2026 08:29:26;Maximiliano;Nievas;24354221;02/09/2026 07:42:06;7152;Mirko;Hernandez;Maximiliano Nievas;Mirko Hernandez
14127779;02/09/2026 08:29:27;3;2;0001  214836-1;05;CAMIONETA EXP 2;2093341;"MA56    ";"MORAL ANTONIO A. -COMERCIAL 3 DE MAYO             ";RUTA 36 254;952551;"60-010         ";60-010 - LAVATORIO BL/CR LORCA;8;8;8;23072375;020926082926666;181251378;;;;12/07/2031 00:00:00;8;13771252;02/09/2026 08:29:26;Maximiliano;Nievas;24354221;02/09/2026 07:42:06;7152;Mirko;Hernandez;Maximiliano Nievas;Mirko Hernandez
14127779;02/09/2026 08:29:27;3;2;0001  214836-1;05;CAMIONETA EXP 2;2093341;"MA56    ";"MORAL ANTONIO A. -COMERCIAL 3 DE MAYO             ";RUTA 36 254;952618;"60-133         ";60-133 - LAVATORIO MONOCOMANDO LUGO;4;4;4;23072375;020926082926666;181253680;;;;07/29/2031 00:00:00;4;13771252;02/09/2026 08:29:26;Maximiliano;Nievas;24354221;02/09/2026 07:42:06;7152;Mirko;Hernandez;Maximiliano Nievas;Mirko Hernandez
14127779;02/09/2026 08:29:27;3;2;0001  214836-1;05;CAMIONETA EXP 2;2093341;"MA56    ";"MORAL ANTONIO A. -COMERCIAL 3 DE MAYO             ";RUTA 36 254;952677;"60-203         ";60-203 - LAVATORIO MONOCOMANDO BAJO ADRA;3;3;3;23072375;020926082926666;181252389;;;;02/10/2032 00:00:00;3;13771252;02/09/2026 08:29:26;Maximiliano;Nievas;24354221;02/09/2026 07:42:06;7152;Mirko;Hernandez;Maximiliano Nievas;Mirko Hernandez
14127779;02/09/2026 08:29:27;3;2;0001  214836-1;05;CAMIONETA EXP 2;2093341;"MA56    ";"MORAL ANTONIO A. -COMERCIAL 3 DE MAYO             ";RUTA 36 254;952726;"61-203         ";61-203 - LAVATORIO MONOCOMANDO ALTO ADRA;3;3;3;23072375;020926082926666;181252527;;;;01/11/2032 00:00:00;3;13771252;02/09/2026 08:29:26;Maximiliano;Nievas;24354221;02/09/2026 07:42:06;7152;Mirko;Hernandez;Maximiliano Nievas;Mirko Hernandez
14127779;02/09/2026 08:29:27;3;2;0001  214836-1;05;CAMIONETA EXP 2;2093341;"MA56    ";"MORAL ANTONIO A. -COMERCIAL 3 DE MAYO             ";RUTA 36 254;952831;"70-010         ";70-010 - BIDE BL/CR LORCA;4;4;4;23072375;020926082926666;181251597;;;;12/08/2031 00:00:00;4;13771252;02/09/2026 08:29:26;Maximiliano;Nievas;24354221;02/09/2026 07:42:06;7152;Mirko;Hernandez;Maximiliano Nievas;Mirko Hernandez
14127779;02/09/2026 08:29:27;3;2;0001  214836-1;05;CAMIONETA EXP 2;2093341;"MA56    ";"MORAL ANTONIO A. -COMERCIAL 3 DE MAYO             ";RUTA 36 254;952909;"70-153         ";70-153 - BIDE CR C.CERAM CASTILLA;2;2;2;23072375;020926082926666;181252777;;;;10/20/2031 00:00:00;2;13771252;02/09/2026 08:29:26;Maximiliano;Nievas;24354221;02/09/2026 07:42:06;7152;Mirko;Hernandez;Maximiliano Nievas;Mirko Hernandez
14127779;02/09/2026 08:29:27;3;2;0001  214836-1;05;CAMIONETA EXP 2;2093341;"MA56    ";"MORAL ANTONIO A. -COMERCIAL 3 DE MAYO             ";RUTA 36 254;953083;"80-122         ";80-122 - DUCHA EMB.C/TRANSF. C.CERAM CR VALENCIA;2;2;2;23072375;020926082926666;181252696;;;;07/31/2031 00:00:00;2;13771252;02/09/2026 08:29:26;Maximiliano;Nievas;24354221;02/09/2026 07:42:06;7152;Mirko;Hernandez;Maximiliano Nievas;Mirko Hernandez
14127779;02/09/2026 08:29:27;3;2;0001  214836-1;05;CAMIONETA EXP 2;2093341;"MA56    ";"MORAL ANTONIO A. -COMERCIAL 3 DE MAYO             ";RUTA 36 254;953197;"81-010         ";81-010 - DUCHA EMB. S/TRANSF. BL/CR LORCA;4;4;4;23072375;020926082926666;181251871;;;;11/24/2031 00:00:00;4;13771252;02/09/2026 08:29:26;Maximiliano;Nievas;24354221;02/09/2026 07:42:06;7152;Mirko;Hernandez;Maximiliano Nievas;Mirko Hernandez
14127779;02/09/2026 08:29:27;3;2;0001  214836-1;05;CAMIONETA EXP 2;2093341;"MA56    ";"MORAL ANTONIO A. -COMERCIAL 3 DE MAYO             ";RUTA 36 254;953312;"83-133         ";83-133 - DUCHA EXT. C/TRANSF. MONOCOMANDO LUGO;2;2;2;23072375;020926082926666;181253755;;;;07/30/2031 00:00:00;2;13771252;02/09/2026 08:29:26;Maximiliano;Nievas;24354221;02/09/2026 07:42:06;7152;Mirko;Hernandez;Maximiliano Nievas;Mirko Hernandez
14127780;02/09/2026 07:23:15;3;2;0001  214852-1;05;CAMIONETA EXP 2;2091874;"CP19    ";"CERAMICOS PELLEGRINI S.R.L.                       ";ECHAGUE 735;950895;"02-010         ";"VALVULA P/INODORO TEMPORIZADA TECNO                                   ";10;10;10;23071881;020926072315201;181249481;;;;07/28/2031 00:00:00;10;13770106;02/09/2026 07:23:15;Tiago;Rodriguez;24353740;02/09/2026 07:19:29;7152;Mirko;Hernandez;Tiago Rodriguez;Mirko Hernandez
14127780;02/09/2026 07:23:15;3;2;0001  214852-1;05;CAMIONETA EXP 2;2091874;"CP19    ";"CERAMICOS PELLEGRINI S.R.L.                       ";ECHAGUE 735;952712;"61-176         ";61-176 - LAVATORIO MONOC ALTO CR RIO;4;4;4;23071881;020926072315201;181249772;;;;10/09/2031 00:00:00;4;13770106;02/09/2026 07:23:15;Tiago;Rodriguez;24353740;02/09/2026 07:19:29;7152;Mirko;Hernandez;Tiago Rodriguez;Mirko Hernandez
14127780;02/09/2026 07:23:15;3;2;0001  214852-1;05;CAMIONETA EXP 2;2091874;"CP19    ";"CERAMICOS PELLEGRINI S.R.L.                       ";ECHAGUE 735;952713;"61-176N        ";61-176N - LAVATORIO MONOC ALTO BLACK RIO;6;6;6;23071881;020926072315201;181249843;;;;07/29/2031 00:00:00;6;13770106;02/09/2026 07:23:15;Tiago;Rodriguez;24353740;02/09/2026 07:19:29;7152;Mirko;Hernandez;Tiago Rodriguez;Mirko Hernandez
14127780;02/09/2026 07:23:15;3;2;0001  214852-1;05;CAMIONETA EXP 2;2091874;"CP19    ";"CERAMICOS PELLEGRINI S.R.L.                       ";ECHAGUE 735;952799;"63-180         ";63-180 - LAVATORIO MONOC. DE PARED VERA;4;4;4;23071881;020926072315201;181250591;;;;07/27/2031 00:00:00;4;13770106;02/09/2026 07:23:15;Tiago;Rodriguez;24353740;02/09/2026 07:19:29;7152;Mirko;Hernandez;Tiago Rodriguez;Mirko Hernandez
14127780;02/09/2026 07:23:15;3;2;0001  214852-1;05;CAMIONETA EXP 2;2091874;"CP19    ";"CERAMICOS PELLEGRINI S.R.L.                       ";ECHAGUE 735;952926;"70-176N        ";70-176N - BIDE MONOC C/TRANSF BLACK RIO;6;6;6;23071881;020926072315201;181249981;;;;11/23/2031 00:00:00;6;13770106;02/09/2026 07:23:15;Tiago;Rodriguez;24353740;02/09/2026 07:19:29;7152;Mirko;Hernandez;Tiago Rodriguez;Mirko Hernandez
14127780;02/09/2026 07:23:15;3;2;0001  214852-1;05;CAMIONETA EXP 2;2091874;"CP19    ";"CERAMICOS PELLEGRINI S.R.L.                       ";ECHAGUE 735;953123;"80-176N        ";80-176N - DUCHA EMB C/TRANSF MONOC BLACK RIO;4;4;4;23071881;020926072315201;181250257;;;;07/27/2031 00:00:00;4;13770106;02/09/2026 07:23:15;Tiago;Rodriguez;24353740;02/09/2026 07:19:29;7152;Mirko;Hernandez;Tiago Rodriguez;Mirko Hernandez
14127780;02/09/2026 07:23:15;3;2;0001  214852-1;05;CAMIONETA EXP 2;2091874;"CP19    ";"CERAMICOS PELLEGRINI S.R.L.                       ";ECHAGUE 735;954901;"BCH01          ";BCH01 - BACHA DE APOYAR CIRCULAR 320x145;10;10;10;23071881;020926072315201;181248984;;;;07/28/2031 00:00:00;10;13770106;02/09/2026 07:23:15;Tiago;Rodriguez;24353740;02/09/2026 07:19:29;7152;Mirko;Hernandez;Tiago Rodriguez;Mirko Hernandez
14127781;02/09/2026 10:23:46;3;2;0001  214853-1;05;CAMIONETA EXP 2;2092900;"HO06    ";"HORLIT S.R.L.                                     ";N.RODRIGUEZ PEÑA Y AV.CIRCUNVALACION;951530;"20-146         ";20-146 - MONOCOMANDO DE COCINA CR LINEA MOVE;24;24;24;23074765;020926102346681;181267828;;;;10/09/2031 00:00:00;24;13774447;02/09/2026 10:23:46;Tiago;Rodriguez;24356498;02/09/2026 08:30:34;6922;Franco;Potenza;Tiago Rodriguez;Franco Potenza
14127782;02/09/2026 07:19:41;3;2;0001  214863-1;05;CAMIONETA EXP 2;2094332;"SA73    ";"SANITARIOS ADUCCI ADROGUE S.R.L.                  ";RUTA 5 Y JUANA AZURDUY;952742;"62-100NI       ";62-100NI - LAVATORIO DE PARED NICKEL C.CERAM FABRIC;1;1;1;23071561;020926071940747;181247455;;;;09/02/2031 00:00:00;1;13770073;02/09/2026 07:19:40;Tiago;Rodriguez;24353263;02/09/2026 07:06:34;6414;Agustin;Scirica;Tiago Rodriguez;Agustin Scirica
14127782;02/09/2026 07:19:41;3;2;0001  214863-1;05;CAMIONETA EXP 2;2094332;"SA73    ";"SANITARIOS ADUCCI ADROGUE S.R.L.                  ";RUTA 5 Y JUANA AZURDUY;952876;"70-100NI       ";70-100NI - BIDE NICKEL C.CERAM FABRIC;1;1;1;23071561;020926071940747;181247374;;;;12/01/2031 00:00:00;1;13770073;02/09/2026 07:19:40;Tiago;Rodriguez;24353263;02/09/2026 07:06:34;6414;Agustin;Scirica;Tiago Rodriguez;Agustin Scirica
14127782;02/09/2026 07:19:41;3;2;0001  214863-1;05;CAMIONETA EXP 2;2094332;"SA73    ";"SANITARIOS ADUCCI ADROGUE S.R.L.                  ";RUTA 5 Y JUANA AZURDUY;953216;"81-100NI       ";81-100NI - DUCHA EMB. S/TRANSF. NICKEL C.CERAM FABRIC;1;1;1;23071561;020926071940747;181247406;;;;10/18/2031 00:00:00;1;13770073;02/09/2026 07:19:40;Tiago;Rodriguez;24353263;02/09/2026 07:06:34;6414;Agustin;Scirica;Tiago Rodriguez;Agustin Scirica
14127782;02/09/2026 07:19:41;3;2;0001  214863-1;05;CAMIONETA EXP 2;2094332;"SA73    ";"SANITARIOS ADUCCI ADROGUE S.R.L.                  ";RUTA 5 Y JUANA AZURDUY;954904;"BCH04/1        ";BCH04/1 - BACHA DE APOYAR CUADRADA 1 AG 420x420x125;2;2;2;23071561;020926071940747;181246612;;;;10/04/2031 00:00:00;2;13770073;02/09/2026 07:19:40;Tiago;Rodriguez;24353263;02/09/2026 07:06:34;6414;Agustin;Scirica;Tiago Rodriguez;Agustin Scirica
14127782;02/09/2026 07:19:41;3;2;0001  214863-1;05;CAMIONETA EXP 2;2094332;"SA73    ";"SANITARIOS ADUCCI ADROGUE S.R.L.                  ";RUTA 5 Y JUANA AZURDUY;954905;"BCH04/3        ";BCH04/3 - BACHA DE APOYAR CUADRADA 3 AG 420x420x125;1;1;1;23071561;020926071940747;181246849;;;;07/28/2031 00:00:00;1;13770073;02/09/2026 07:19:40;Tiago;Rodriguez;24353263;02/09/2026 07:06:34;6414;Agustin;Scirica;Tiago Rodriguez;Agustin Scirica
14127782;02/09/2026 07:19:41;3;2;0001  214863-1;05;CAMIONETA EXP 2;2094332;"SA73    ";"SANITARIOS ADUCCI ADROGUE S.R.L.                  ";RUTA 5 Y JUANA AZURDUY;954908;"BCH07          ";BCH07 - BACHA DE APOYAR OVALADA 400x330x150;3;3;3;23071561;020926071940747;181247189;;;;07/29/2031 00:00:00;3;13770073;02/09/2026 07:19:40;Tiago;Rodriguez;24353263;02/09/2026 07:06:34;6414;Agustin;Scirica;Tiago Rodriguez;Agustin Scirica
14127782;02/09/2026 07:19:41;3;2;0001  214863-1;05;CAMIONETA EXP 2;2094332;"SA73    ";"SANITARIOS ADUCCI ADROGUE S.R.L.                  ";RUTA 5 Y JUANA AZURDUY;954909;"BCH08          ";BCH08 - BACHA DE APOYAR OVALADA 580x355x105;2;2;2;23071561;020926071940747;181246646;;;;07/28/2031 00:00:00;2;13770073;02/09/2026 07:19:40;Tiago;Rodriguez;24353263;02/09/2026 07:06:34;6414;Agustin;Scirica;Tiago Rodriguez;Agustin Scirica
14127782;02/09/2026 07:19:41;3;2;0001  214863-1;05;CAMIONETA EXP 2;2094332;"SA73    ";"SANITARIOS ADUCCI ADROGUE S.R.L.                  ";RUTA 5 Y JUANA AZURDUY;954914;"BCH12          ";BCH12 - BACHA DE APOYAR BLANCA 460x320x140;5;5;5;23071561;020926071940747;181247080;;;;11/10/2031 00:00:00;5;13770073;02/09/2026 07:19:40;Tiago;Rodriguez;24353263;02/09/2026 07:06:34;6414;Agustin;Scirica;Tiago Rodriguez;Agustin Scirica
14127783;02/09/2026 08:54:54;3;2;0001  214874-1;05;CAMIONETA EXP 2;2092934;"IC01    ";"IMPORTADORA COMERCIAL FUEGUINA                    ";ORTIZ 1301;951508;"20-121         ";20-121 - COCINA MSDA MONOC.P. REDONDO MARBELLA;3;3;3;23073498;020926085453622;181259640;;;;07/30/2031 00:00:00;3;13771884;02/09/2026 08:54:53;Tiago;Rodriguez;24355356;02/09/2026 08:23:29;6867;Javier;Lescano;Tiago Rodriguez;Javier Lescano
14127783;02/09/2026 08:54:54;3;2;0001  214874-1;05;CAMIONETA EXP 2;2092934;"IC01    ";"IMPORTADORA COMERCIAL FUEGUINA                    ";ORTIZ 1301;951532;"20-147         ";20-147 - MONOCOMANDO DE COCINA SWIFT;1;1;1;23073498;020926085453622;181259283;;;;07/29/2031 00:00:00;1;13771884;02/09/2026 08:54:53;Tiago;Rodriguez;24355356;02/09/2026 08:23:29;6867;Javier;Lescano;Tiago Rodriguez;Javier Lescano
14127783;02/09/2026 08:54:54;3;2;0001  214874-1;05;CAMIONETA EXP 2;2092934;"IC01    ";"IMPORTADORA COMERCIAL FUEGUINA                    ";ORTIZ 1301;951547;"20-174         ";20-174 - COCINA MESADA MONOC. COLORS BLACK;2;2;2;23073498;020926085453622;181261053;;;;07/28/2031 00:00:00;2;13771884;02/09/2026 08:54:53;Tiago;Rodriguez;24355356;02/09/2026 08:23:29;6867;Javier;Lescano;Tiago Rodriguez;Javier Lescano
14127783;02/09/2026 08:54:54;3;2;0001  214874-1;05;CAMIONETA EXP 2;2092934;"IC01    ";"IMPORTADORA COMERCIAL FUEGUINA                    ";ORTIZ 1301;951565;"20-205         ";20-205 - MONOCOMANDO DE COCINA STEEL;1;1;1;23073498;020926085453622;181259321;;;;07/28/2031 00:00:00;1;13771884;02/09/2026 08:54:53;Tiago;Rodriguez;24355356;02/09/2026 08:23:29;6867;Javier;Lescano;Tiago Rodriguez;Javier Lescano
14127783;02/09/2026 08:54:54;3;2;0001  214874-1;05;CAMIONETA EXP 2;2092934;"IC01    ";"IMPORTADORA COMERCIAL FUEGUINA                    ";ORTIZ 1301;951820;"30-121         ";30-121 - COCINA MSDA MONOC.P. CUADRADO MARBELLA;3;3;3;23073498;020926085453622;181259824;;;;11/08/2031 00:00:00;3;13771884;02/09/2026 08:54:53;Tiago;Rodriguez;24355356;02/09/2026 08:23:29;6867;Javier;Lescano;Tiago Rodriguez;Javier Lescano
14127783;02/09/2026 08:54:54;3;2;0001  214874-1;05;CAMIONETA EXP 2;2092934;"IC01    ";"IMPORTADORA COMERCIAL FUEGUINA                    ";ORTIZ 1301;952608;"60-121         ";60-121 - LAVATORIO C.CERAM CR MARBELLA;4;4;4;23073498;020926085453622;181259016;;;;01/25/2032 00:00:00;4;13771884;02/09/2026 08:54:53;Tiago;Rodriguez;24355356;02/09/2026 08:23:29;6867;Javier;Lescano;Tiago Rodriguez;Javier Lescano
14127783;02/09/2026 08:54:54;3;2;0001  214874-1;05;CAMIONETA EXP 2;2092934;"IC01    ";"IMPORTADORA COMERCIAL FUEGUINA                    ";ORTIZ 1301;952650;"60-180         ";60-180 - LAVATORIO MONOCOMANDO BAJO VERA;2;2;2;23073498;020926085453622;181260458;;;;07/28/2031 00:00:00;2;13771884;02/09/2026 08:54:53;Tiago;Rodriguez;24355356;02/09/2026 08:23:29;6867;Javier;Lescano;Tiago Rodriguez;Javier Lescano
14127783;02/09/2026 08:54:54;3;2;0001  214874-1;05;CAMIONETA EXP 2;2092934;"IC01    ";"IMPORTADORA COMERCIAL FUEGUINA                    ";ORTIZ 1301;952741;"62-100N        ";62-100N - LAVATORIO DE PARED BLACK C.CERAM FABRIC;1;1;1;23073498;020926085453622;181258550;;;;11/05/2031 00:00:00;1;13771884;02/09/2026 08:54:53;Tiago;Rodriguez;24355356;02/09/2026 08:23:29;6867;Javier;Lescano;Tiago Rodriguez;Javier Lescano
14127783;02/09/2026 08:54:54;3;2;0001  214874-1;05;CAMIONETA EXP 2;2092934;"IC01    ";"IMPORTADORA COMERCIAL FUEGUINA                    ";ORTIZ 1301;952886;"70-121         ";70-121 - BIDE C.CERAM CR MARBELLA;2;2;2;23073498;020926085453622;181258886;;;;08/24/2031 00:00:00;2;13771884;02/09/2026 08:54:53;Tiago;Rodriguez;24355356;02/09/2026 08:23:29;6867;Javier;Lescano;Tiago Rodriguez;Javier Lescano
14127783;02/09/2026 08:54:54;3;2;0001  214874-1;05;CAMIONETA EXP 2;2092934;"IC01    ";"IMPORTADORA COMERCIAL FUEGUINA                    ";ORTIZ 1301;953312;"83-133         ";83-133 - DUCHA EXT. C/TRANSF. MONOCOMANDO LUGO;2;2;2;23073498;020926085453622;181258771;;;;07/30/2031 00:00:00;2;13771884;02/09/2026 08:54:53;Tiago;Rodriguez;24355356;02/09/2026 08:23:29;6867;Javier;Lescano;Tiago Rodriguez;Javier Lescano
14127784;02/09/2026 07:47:59;3;2;0001  214772-1;05;CAMIONETA EXP 2;2094698;"SV09    ";"SANTIANO & VICTOR S.R.L.                          ";RUTA 11 KM 1006.5;951168;"1340           ";"QUEINOX MACHO MOVIL MH 1/2"" x 40                                      ";50;50;50;23071518;020926074759586;181246187;;;;02/09/2032 00:00:00;10;13770188;02/09/2026 07:47:59;Tiago;Rodriguez;24353221;02/09/2026 07:13:21;6867;Javier;Lescano;Tiago Rodriguez;Javier Lescano
14127784;02/09/2026 07:47:59;3;2;0001  214772-1;05;CAMIONETA EXP 2;2094698;"SV09    ";"SANTIANO & VICTOR S.R.L.                          ";RUTA 11 KM 1006.5;954805;"AB-002         ";AB-002 - AGARRADERA ACERO INOX CROMADO 40 CM SAFE;3;3;3;23071518;020926074759586;181246082;;;;08/12/2031 00:00:00;3;13770188;02/09/2026 07:47:59;Tiago;Rodriguez;24353221;02/09/2026 07:13:21;6867;Javier;Lescano;Tiago Rodriguez;Javier Lescano
14127784;02/09/2026 07:47:59;3;2;0001  214772-1;05;CAMIONETA EXP 2;2094698;"SV09    ";"SANTIANO & VICTOR S.R.L.                          ";RUTA 11 KM 1006.5;954804;"AB-001         ";AB-001 - AGARRADERA ACERO INOX CROMADO 30 CM SAFE;3;3;3;23071518;020926074759586;181246099;;;;07/28/2031 00:00:00;3;13770188;02/09/2026 07:47:59;Tiago;Rodriguez;24353221;02/09/2026 07:13:21;6867;Javier;Lescano;Tiago Rodriguez;Javier Lescano
14127784;02/09/2026 07:47:59;3;2;0001  214772-1;05;CAMIONETA EXP 2;2094698;"SV09    ";"SANTIANO & VICTOR S.R.L.                          ";RUTA 11 KM 1006.5;953113;"80-168N        ";80-168N - DUCHA EMB C/TRANSF MONOC BLACK WAVE;1;1;1;23072597;020926073042917;181249190;;;;10/20/2031 00:00:00;1;13770218;02/09/2026 07:30:43;Tiago;Rodriguez;;;;;;Tiago Rodriguez;
14127784;02/09/2026 07:47:59;3;2;0001  214772-1;05;CAMIONETA EXP 2;2094698;"SV09    ";"SANTIANO & VICTOR S.R.L.                          ";RUTA 11 KM 1006.5;953347;"85-168N        ";85-168N - DUCHA MONOC C/TRANSF Y DUCHADOR BLACK WAVE;1;1;1;23072597;020926073042917;181249089;;;;12/21/2031 00:00:00;1;13770218;02/09/2026 07:30:43;Tiago;Rodriguez;;;;;;Tiago Rodriguez;
14127784;02/09/2026 07:47:59;3;2;0001  214772-1;05;CAMIONETA EXP 2;2094698;"SV09    ";"SANTIANO & VICTOR S.R.L.                          ";RUTA 11 KM 1006.5;953156;"80-201NI       ";80-201NI - DUCHA EMB C/TRANSF C.CERAM BEAT NICKEL;1;1;1;23072597;020926073042917;181249500;;;;11/10/2031 00:00:00;1;13770218;02/09/2026 07:30:43;Tiago;Rodriguez;;;;;;Tiago Rodriguez;
14127784;02/09/2026 07:47:59;3;2;0001  214772-1;05;CAMIONETA EXP 2;2094698;"SV09    ";"SANTIANO & VICTOR S.R.L.                          ";RUTA 11 KM 1006.5;952504;"55-002         ";55-002 - COCINA P/PARED EMB P.ALTO RENACER;4;4;4;23072615;020926073122261;181249349;;;;07/31/2031 00:00:00;4;13770228;02/09/2026 07:31:22;Tiago;Rodriguez;;;;;;Tiago Rodriguez;
14127784;02/09/2026 07:47:59;3;2;0001  214772-1;05;CAMIONETA EXP 2;2094698;"SV09    ";"SANTIANO & VICTOR S.R.L.                          ";RUTA 11 KM 1006.5;952634;"60-162         ";60-162 - LAVATORIO CR C.CERAM LINEA ADRA;6;6;6;23072615;020926073122261;181248958;;;;07/29/2031 00:00:00;6;13770228;02/09/2026 07:31:22;Tiago;Rodriguez;;;;;;Tiago Rodriguez;
14127784;02/09/2026 07:47:59;3;2;0001  214772-1;05;CAMIONETA EXP 2;2094698;"SV09    ";"SANTIANO & VICTOR S.R.L.                          ";RUTA 11 KM 1006.5;951293;"17010C         ";17010C - TOALLERO BARRAL LINEA FABRIC CROMO;6;6;6;23072635;020926073227607;181247356;;;;07/27/2031 00:00:00;6;13770247;02/09/2026 07:32:27;Tiago;Rodriguez;;;;;;Tiago Rodriguez;
14127784;02/09/2026 07:47:59;3;2;0001  214772-1;05;CAMIONETA EXP 2;2094698;"SV09    ";"SANTIANO & VICTOR S.R.L.                          ";RUTA 11 KM 1006.5;951312;"18010          ";18010 - TOALLERO BARRAL NIQUEL LINEA BEAT;2;2;2;23072635;020926073227607;181246809;;;;07/29/2031 00:00:00;2;13770247;02/09/2026 07:32:27;Tiago;Rodriguez;;;;;;Tiago Rodriguez;
14127784;02/09/2026 07:47:59;3;2;0001  214772-1;05;CAMIONETA EXP 2;2094698;"SV09    ";"SANTIANO & VICTOR S.R.L.                          ";RUTA 11 KM 1006.5;951295;"17010N         ";17010N - TOALLERO BARRAL LINEA FABRIC BLACK;3;3;3;23072635;020926073227607;181247832;;;;07/29/2031 00:00:00;3;13770247;02/09/2026 07:32:27;Tiago;Rodriguez;;;;;;Tiago Rodriguez;
14127784;02/09/2026 07:47:59;3;2;0001  214772-1;05;CAMIONETA EXP 2;2094698;"SV09    ";"SANTIANO & VICTOR S.R.L.                          ";RUTA 11 KM 1006.5;951561;"20-201NI       ";20-201NI - COCINA MONOCOMANDO JOYSTICK BEAT NICKEL;3;3;3;23072669;020926073318962;181246652;;;;07/28/2031 00:00:00;3;13770261;02/09/2026 07:33:18;Tiago;Rodriguez;;;;;;Tiago Rodriguez;
14127784;02/09/2026 07:47:59;3;2;0001  214772-1;05;CAMIONETA EXP 2;2094698;"SV09    ";"SANTIANO & VICTOR S.R.L.                          ";RUTA 11 KM 1006.5;952707;"61-152         ";61-152 - LAVATORIO MONOCOMANDO CROMO ALTO SORIA;2;2;2;23072687;020926073351825;181246889;;;;07/27/2031 00:00:00;2;13770274;02/09/2026 07:33:51;Tiago;Rodriguez;;;;;;Tiago Rodriguez;
14127784;02/09/2026 07:47:59;3;2;0001  214772-1;05;CAMIONETA EXP 2;2094698;"SV09    ";"SANTIANO & VICTOR S.R.L.                          ";RUTA 11 KM 1006.5;952720;"61-192         ";61-192 - LAVATORIO ALTO SORIA BLACK;2;2;2;23072687;020926073351825;181246770;;;;07/27/2031 00:00:00;2;13770274;02/09/2026 07:33:51;Tiago;Rodriguez;;;;;;Tiago Rodriguez;
14127784;02/09/2026 07:47:59;3;2;0001  214772-1;05;CAMIONETA EXP 2;2094698;"SV09    ";"SANTIANO & VICTOR S.R.L.                          ";RUTA 11 KM 1006.5;951565;"20-205         ";20-205 - MONOCOMANDO DE COCINA STEEL;2;2;2;23072695;020926073416257;181247094;;;;07/28/2031 00:00:00;2;13770282;02/09/2026 07:34:16;Tiago;Rodriguez;;;;;;Tiago Rodriguez;
14127784;02/09/2026 07:47:59;3;2;0001  214772-1;05;CAMIONETA EXP 2;2094698;"SV09    ";"SANTIANO & VICTOR S.R.L.                          ";RUTA 11 KM 1006.5;953138;"80-192         ";80-192 - DUCHA EMB. C/TRANSF. SORIA BLACK;2;2;2;23072695;020926073416257;181246737;;;;07/28/2031 00:00:00;2;13770282;02/09/2026 07:34:16;Tiago;Rodriguez;;;;;;Tiago Rodriguez;
14127784;02/09/2026 07:47:59;3;2;0001  214772-1;05;CAMIONETA EXP 2;2094698;"SV09    ";"SANTIANO & VICTOR S.R.L.                          ";RUTA 11 KM 1006.5;952938;"70-192         ";70-192 - BIDE SORIA BLACK;2;2;2;23072712;020926073445322;181246689;;;;07/27/2031 00:00:00;2;13770292;02/09/2026 07:34:45;Tiago;Rodriguez;;;;;;Tiago Rodriguez;
14127784;02/09/2026 07:47:59;3;2;0001  214772-1;05;CAMIONETA EXP 2;2094698;"SV09    ";"SANTIANO & VICTOR S.R.L.                          ";RUTA 11 KM 1006.5;951760;"3006SS         ";3006SS - SET DE 6 PIEZAS LINEA 3000 SS;2;2;2;23072712;020926073445322;181246546;;;;07/29/2031 00:00:00;2;13770292;02/09/2026 07:34:45;Tiago;Rodriguez;;;;;;Tiago Rodriguez;
14127784;02/09/2026 07:47:59;3;2;0001  214772-1;05;CAMIONETA EXP 2;2094698;"SV09    ";"SANTIANO & VICTOR S.R.L.                          ";RUTA 11 KM 1006.5;951614;"21200          ";21200 - ESQUINERO ORGANIZADOR 19x19x7;4;4;4;23072712;020926073445322;181246581;;;;07/27/2031 00:00:00;4;13770292;02/09/2026 07:34:45;Tiago;Rodriguez;;;;;;Tiago Rodriguez;
14127784;02/09/2026 07:47:59;3;2;0001  214772-1;05;CAMIONETA EXP 2;2094698;"SV09    ";"SANTIANO & VICTOR S.R.L.                          ";RUTA 11 KM 1006.5;952728;"61-205         ";61-205 - LAVATORIO MONOC ALTO STEEL;3;3;3;23072745;020926073546653;181246455;;;;07/28/2031 00:00:00;3;13770313;02/09/2026 07:35:46;Tiago;Rodriguez;;;;;;Tiago Rodriguez;
14127784;02/09/2026 07:47:59;3;2;0001  214772-1;05;CAMIONETA EXP 2;2094698;"SV09    ";"SANTIANO & VICTOR S.R.L.                          ";RUTA 11 KM 1006.5;951562;"20-202N        ";20-202N - MONOCOMANDO COCINA BLACK HOOP;2;2;2;23072745;020926073546653;181246428;;;;07/27/2031 00:00:00;2;13770313;02/09/2026 07:35:46;Tiago;Rodriguez;;;;;;Tiago Rodriguez;
14127784;02/09/2026 07:47:59;3;2;0001  214772-1;05;CAMIONETA EXP 2;2094698;"SV09    ";"SANTIANO & VICTOR S.R.L.                          ";RUTA 11 KM 1006.5;951606;"21100          ";21100 - ESTANTE ORGANIZADOR RECTANGULAR 25x12x7;2;2;2;23072745;020926073546653;181246517;;;;07/29/2031 00:00:00;2;13770313;02/09/2026 07:35:46;Tiago;Rodriguez;;;;;;Tiago Rodriguez;
14127784;02/09/2026 07:47:59;3;2;0001  214772-1;05;CAMIONETA EXP 2;2094698;"SV09    ";"SANTIANO & VICTOR S.R.L.                          ";RUTA 11 KM 1006.5;952916;"70-168N        ";70-168N - BIDE MONOC BLACK WAVE;2;2;2;23072765;020926073629763;181247568;;;;01/05/2032 00:00:00;2;13770328;02/09/2026 07:36:30;Tiago;Rodriguez;;;;;;Tiago Rodriguez;
14127784;02/09/2026 07:47:59;3;2;0001  214772-1;05;CAMIONETA EXP 2;2094698;"SV09    ";"SANTIANO & VICTOR S.R.L.                          ";RUTA 11 KM 1006.5;952802;"63-192         ";63-192 - LAVATORIO PARED EMBUTIR MONOCOMANDO SORIA BLACK;1;1;1;23072765;020926073629763;181246754;;;;07/27/2031 00:00:00;1;13770328;02/09/2026 07:36:30;Tiago;Rodriguez;;;;;;Tiago Rodriguez;
14127784;02/09/2026 07:47:59;3;2;0001  214772-1;05;CAMIONETA EXP 2;2094698;"SV09    ";"SANTIANO & VICTOR S.R.L.                          ";RUTA 11 KM 1006.5;952908;"70-152         ";70-152 - BIDE MONOCOMANDO CR C/TRANSFERENCIA SORIA;1;1;1;23072765;020926073629763;181246863;;;;07/28/2031 00:00:00;1;13770328;02/09/2026 07:36:30;Tiago;Rodriguez;;;;;;Tiago Rodriguez;
14127784;02/09/2026 07:47:59;3;2;0001  214772-1;05;CAMIONETA EXP 2;2094698;"SV09    ";"SANTIANO & VICTOR S.R.L.                          ";RUTA 11 KM 1006.5;951530;"20-146         ";20-146 - MONOCOMANDO DE COCINA CR LINEA MOVE;2;2;2;23072765;020926073629763;181247516;;;;10/09/2031 00:00:00;2;13770328;02/09/2026 07:36:30;Tiago;Rodriguez;;;;;;Tiago Rodriguez;
14127784;02/09/2026 07:47:59;3;2;0001  214772-1;05;CAMIONETA EXP 2;2094698;"SV09    ";"SANTIANO & VICTOR S.R.L.                          ";RUTA 11 KM 1006.5;952956;"70-205         ";70-205 - BIDE MONOCOMANDO STEEL;3;3;3;23072786;020926073708498;181246494;;;;11/08/2031 00:00:00;3;13770339;02/09/2026 07:37:08;Tiago;Rodriguez;;;;;;Tiago Rodriguez;
14127784;02/09/2026 07:47:59;3;2;0001  214772-1;05;CAMIONETA EXP 2;2094698;"SV09    ";"SANTIANO & VICTOR S.R.L.                          ";RUTA 11 KM 1006.5;952955;"70-203N        ";"BIDE MONOCOMANDO ADRA BLACK                                           ";1;1;1;23072786;020926073708498;181246366;;;;07/27/2031 00:00:00;1;13770339;02/09/2026 07:37:08;Tiago;Rodriguez;;;;;;Tiago Rodriguez;
14127784;02/09/2026 07:47:59;3;2;0001  214772-1;05;CAMIONETA EXP 2;2094698;"SV09    ";"SANTIANO & VICTOR S.R.L.                          ";RUTA 11 KM 1006.5;953112;"80-168         ";80-168 - DUCHA EMB C/TRANSF MONOC CR WAVE;1;1;1;23072809;020926073752248;181247997;;;;01/17/2032 00:00:00;1;13770349;02/09/2026 07:37:52;Tiago;Rodriguez;;;;;;Tiago Rodriguez;
14127784;02/09/2026 07:47:59;3;2;0001  214772-1;05;CAMIONETA EXP 2;2094698;"SV09    ";"SANTIANO & VICTOR S.R.L.                          ";RUTA 11 KM 1006.5;953131;"80-183         ";"DUCHA EMB C/TRANSF MONOCOMANDO MAT                                    ";1;1;1;23072809;020926073752248;181247403;;;;11/02/2031 00:00:00;1;13770349;02/09/2026 07:37:52;Tiago;Rodriguez;;;;;;Tiago Rodriguez;
14127784;02/09/2026 07:47:59;3;2;0001  214772-1;05;CAMIONETA EXP 2;2094698;"SV09    ";"SANTIANO & VICTOR S.R.L.                          ";RUTA 11 KM 1006.5;953351;"85-183         ";"DUCHA EMB C/TRANSF Y DUCHADOR MONOC MAT                               ";1;1;1;23072809;020926073752248;181247434;;;;01/12/2032 00:00:00;1;13770349;02/09/2026 07:37:52;Tiago;Rodriguez;;;;;;Tiago Rodriguez;
14127784;02/09/2026 07:47:59;3;2;0001  214772-1;05;CAMIONETA EXP 2;2094698;"SV09    ";"SANTIANO & VICTOR S.R.L.                          ";RUTA 11 KM 1006.5;951168;"1340           ";"QUEINOX MACHO MOVIL MH 1/2"" x 40                                      ";50;50;50;23072838;020926073819183;181254197;;;;02/09/2032 00:00:00;40;13770359;02/09/2026 07:38:19;Tiago;Rodriguez;;;;;;Tiago Rodriguez;
14127784;02/09/2026 07:47:59;3;2;0001  214772-1;05;CAMIONETA EXP 2;2094698;"SV09    ";"SANTIANO & VICTOR S.R.L.                          ";RUTA 11 KM 1006.5;951554;"20-190         ";20-190 - COCINA MESADA MONOC BLACK VELVET;1;1;1;23072846;020926073845209;181247237;;;;07/28/2031 00:00:00;1;13770371;02/09/2026 07:38:45;Tiago;Rodriguez;;;;;;Tiago Rodriguez;
14127784;02/09/2026 07:47:59;3;2;0001  214772-1;05;CAMIONETA EXP 2;2094698;"SV09    ";"SANTIANO & VICTOR S.R.L.                          ";RUTA 11 KM 1006.5;953161;"80-205         ";80-205 - DUCHA EMB. C/TRANSF. MONOC STEEL;3;3;3;23072846;020926073845209;181247183;;;;08/11/2031 00:00:00;3;13770371;02/09/2026 07:38:45;Tiago;Rodriguez;;;;;;Tiago Rodriguez;
14127784;02/09/2026 07:47:59;3;2;0001  214772-1;05;CAMIONETA EXP 2;2094698;"SV09    ";"SANTIANO & VICTOR S.R.L.                          ";RUTA 11 KM 1006.5;951258;"16006          ";16006 - SET 6 PIEZAS ACCESORIOS LINEA 16000;2;2;2;23072866;020926073931315;181247749;;;;07/29/2031 00:00:00;2;13770390;02/09/2026 07:39:31;Tiago;Rodriguez;;;;;;Tiago Rodriguez;
14127784;02/09/2026 07:47:59;3;2;0001  214772-1;05;CAMIONETA EXP 2;2094698;"SV09    ";"SANTIANO & VICTOR S.R.L.                          ";RUTA 11 KM 1006.5;951318;"18040          ";18040 - PORTA ROLLO NIQUEL LINEA BEAT;3;3;3;23072889;020926074029017;181246840;;;;07/28/2031 00:00:00;3;13770408;02/09/2026 07:40:29;Tiago;Rodriguez;;;;;;Tiago Rodriguez;
14127784;02/09/2026 07:47:59;3;2;0001  214772-1;05;CAMIONETA EXP 2;2094698;"SV09    ";"SANTIANO & VICTOR S.R.L.                          ";RUTA 11 KM 1006.5;952676;"60-201NI       ";60-201NI - LAVATORIO C.CERAM BEAT NICKEL;1;1;1;23072889;020926074029017;181249425;;;;08/20/2031 00:00:00;1;13770408;02/09/2026 07:40:29;Tiago;Rodriguez;;;;;;Tiago Rodriguez;
14127784;02/09/2026 07:47:59;3;2;0001  214772-1;05;CAMIONETA EXP 2;2094698;"SV09    ";"SANTIANO & VICTOR S.R.L.                          ";RUTA 11 KM 1006.5;953110;"80-166N        ";80-166N - DUCHA EMB. C/TRANSF. BLACK C.CERAM ADRA PLUS;2;2;2;23072889;020926074029017;181248349;;;;11/25/2031 00:00:00;2;13770408;02/09/2026 07:40:29;Tiago;Rodriguez;;;;;;Tiago Rodriguez;
14127784;02/09/2026 07:47:59;3;2;0001  214772-1;05;CAMIONETA EXP 2;2094698;"SV09    ";"SANTIANO & VICTOR S.R.L.                          ";RUTA 11 KM 1006.5;952635;"60-162N        ";60-162N - LAVATORIO BLACK C.CERAM LINEA ADRA;2;2;2;23072906;020926074105619;181248486;;;;11/03/2031 00:00:00;2;13770420;02/09/2026 07:41:05;Tiago;Rodriguez;;;;;;Tiago Rodriguez;
14127784;02/09/2026 07:47:59;3;2;0001  214772-1;05;CAMIONETA EXP 2;2094698;"SV09    ";"SANTIANO & VICTOR S.R.L.                          ";RUTA 11 KM 1006.5;952875;"70-100N        ";70-100N - BIDE BLACK C.CERAM FABRIC;2;2;2;23072906;020926074105619;181248237;;;;07/29/2031 00:00:00;2;13770420;02/09/2026 07:41:05;Tiago;Rodriguez;;;;;;Tiago Rodriguez;
14127784;02/09/2026 07:47:59;3;2;0001  214772-1;05;CAMIONETA EXP 2;2094698;"SV09    ";"SANTIANO & VICTOR S.R.L.                          ";RUTA 11 KM 1006.5;952898;"70-135         ";70-135 - BIDE C.CERAM SANTANDER;2;2;2;23072906;020926074105619;181248186;;;;07/29/2031 00:00:00;2;13770420;02/09/2026 07:41:05;Tiago;Rodriguez;;;;;;Tiago Rodriguez;
14127784;02/09/2026 07:47:59;3;2;0001  214772-1;05;CAMIONETA EXP 2;2094698;"SV09    ";"SANTIANO & VICTOR S.R.L.                          ";RUTA 11 KM 1006.5;952912;"70-162         ";70-162 - BIDE CR C.CERAM LINEA ADRA;4;4;4;23072906;020926074105619;181249005;;;;07/29/2031 00:00:00;4;13770420;02/09/2026 07:41:05;Tiago;Rodriguez;;;;;;Tiago Rodriguez;
14127784;02/09/2026 07:47:59;3;2;0001  214772-1;05;CAMIONETA EXP 2;2094698;"SV09    ";"SANTIANO & VICTOR S.R.L.                          ";RUTA 11 KM 1006.5;952678;"60-203N        ";"LAVATORIO MONOCOMANDO BAJO ADRA BLACK                                 ";1;1;1;23072926;020926074145939;181248459;;;;07/29/2031 00:00:00;1;13770435;02/09/2026 07:41:45;Tiago;Rodriguez;;;;;;Tiago Rodriguez;
14127784;02/09/2026 07:47:59;3;2;0001  214772-1;05;CAMIONETA EXP 2;2094698;"SV09    ";"SANTIANO & VICTOR S.R.L.                          ";RUTA 11 KM 1006.5;952953;"70-201NI       ";70-201NI - BIDE CR C.CERAM BEAT NICKEL;1;1;1;23072926;020926074145939;181249456;;;;07/29/2031 00:00:00;1;13770435;02/09/2026 07:41:45;Tiago;Rodriguez;;;;;;Tiago Rodriguez;
14127784;02/09/2026 07:47:59;3;2;0001  214772-1;05;CAMIONETA EXP 2;2094698;"SV09    ";"SANTIANO & VICTOR S.R.L.                          ";RUTA 11 KM 1006.5;952936;"70-190         ";70-190 - BIDE C.CERAM BLACK VELVET;2;2;2;23072926;020926074145939;181248279;;;;11/08/2031 00:00:00;2;13770435;02/09/2026 07:41:45;Tiago;Rodriguez;;;;;;Tiago Rodriguez;
14127784;02/09/2026 07:47:59;3;2;0001  214772-1;05;CAMIONETA EXP 2;2094698;"SV09    ";"SANTIANO & VICTOR S.R.L.                          ";RUTA 11 KM 1006.5;952913;"70-162N        ";70-162N - BIDE BLACK C.CERAM LINEA ADRA;1;1;1;23072926;020926074145939;181248423;;;;12/08/2031 00:00:00;1;13770435;02/09/2026 07:41:45;Tiago;Rodriguez;;;;;;Tiago Rodriguez;
14127784;02/09/2026 07:47:59;3;2;0001  214772-1;05;CAMIONETA EXP 2;2094698;"SV09    ";"SANTIANO & VICTOR S.R.L.                          ";RUTA 11 KM 1006.5;952647;"60-176         ";"LAVATORIO MONOCOMANDO BAJO CR RIO                                     ";6;6;6;23072966;020926074251051;181246952;;;;10/11/2031 00:00:00;6;13770454;02/09/2026 07:42:51;Tiago;Rodriguez;;;;;;Tiago Rodriguez;
14127784;02/09/2026 07:47:59;3;2;0001  214772-1;05;CAMIONETA EXP 2;2094698;"SV09    ";"SANTIANO & VICTOR S.R.L.                          ";RUTA 11 KM 1006.5;951833;"30-132         ";30-132 - COCINA MESADA MONOC. C/DUCHADOR EXTENSIBLE VIGO;5;5;5;23073022;020926074417039;181246334;;;;07/28/2031 00:00:00;5;13770484;02/09/2026 07:44:17;Tiago;Rodriguez;;;;;;Tiago Rodriguez;
14127784;02/09/2026 07:47:59;3;2;0001  214772-1;05;CAMIONETA EXP 2;2094698;"SV09    ";"SANTIANO & VICTOR S.R.L.                          ";RUTA 11 KM 1006.5;951512;"20-122         ";"MONOCOMANDO COCINA CR C/PICO EXTRAIBLE VALENCIA                       ";6;6;6;23073027;020926074431636;181247051;;;;08/06/2031 00:00:00;6;13770487;02/09/2026 07:44:31;Tiago;Rodriguez;;;;;;Tiago Rodriguez;
14127784;02/09/2026 07:47:59;3;2;0001  214772-1;05;CAMIONETA EXP 2;2094698;"SV09    ";"SANTIANO & VICTOR S.R.L.                          ";RUTA 11 KM 1006.5;951301;"17030N         ";17030N - PERCHA LINEA FABRIC BLACK;8;8;8;23073038;020926074459275;181247782;;;;07/28/2031 00:00:00;8;13770491;02/09/2026 07:44:59;Tiago;Rodriguez;;;;;;Tiago Rodriguez;
14127785;02/09/2026 08:59:40;3;2;0001  214875-1;05;CAMIONETA EXP 2;2092934;"IC01    ";"IMPORTADORA COMERCIAL FUEGUINA                    ";DELOQUI 1027;951156;"1330           ";"QUEINOX MACHO MOVIL MH 1/2"" x 30                                      ";150;150;150;23073087;020926085940397;181257404;;;;02/16/2032 00:00:00;150;13771980;02/09/2026 08:59:40;Tiago;Rodriguez;24354949;02/09/2026 07:57:56;6867;Javier;Lescano;Tiago Rodriguez;Javier Lescano
14127785;02/09/2026 08:59:40;3;2;0001  214875-1;05;CAMIONETA EXP 2;2092934;"IC01    ";"IMPORTADORA COMERCIAL FUEGUINA                    ";DELOQUI 1027;951162;"1335           ";"QUEINOX MACHO MOVIL MH 1/2"" x 35                                      ";250;250;250;23073087;020926085940397;181257291;;;;02/10/2032 00:00:00;250;13771980;02/09/2026 08:59:40;Tiago;Rodriguez;24354949;02/09/2026 07:57:56;6867;Javier;Lescano;Tiago Rodriguez;Javier Lescano
14127785;02/09/2026 08:59:40;3;2;0001  214875-1;05;CAMIONETA EXP 2;2092934;"IC01    ";"IMPORTADORA COMERCIAL FUEGUINA                    ";DELOQUI 1027;951168;"1340           ";"QUEINOX MACHO MOVIL MH 1/2"" x 40                                      ";80;80;80;23073087;020926085940397;181256932;;;;02/09/2032 00:00:00;80;13771980;02/09/2026 08:59:40;Tiago;Rodriguez;24354949;02/09/2026 07:57:56;6867;Javier;Lescano;Tiago Rodriguez;Javier Lescano
14127785;02/09/2026 08:59:40;3;2;0001  214875-1;05;CAMIONETA EXP 2;2092934;"IC01    ";"IMPORTADORA COMERCIAL FUEGUINA                    ";DELOQUI 1027;951177;"1350           ";"QUEINOX MACHO MOVIL MH 1/2"" x 50                                      ";30;30;30;23073087;020926085940397;181256609;;;;07/27/2031 00:00:00;30;13771980;02/09/2026 08:59:40;Tiago;Rodriguez;24354949;02/09/2026 07:57:56;6867;Javier;Lescano;Tiago Rodriguez;Javier Lescano
14127785;02/09/2026 08:59:40;3;2;0001  214875-1;05;CAMIONETA EXP 2;2092934;"IC01    ";"IMPORTADORA COMERCIAL FUEGUINA                    ";DELOQUI 1027;952634;"60-162         ";60-162 - LAVATORIO CR C.CERAM LINEA ADRA;4;4;4;23073087;020926085940397;181257945;;;;07/29/2031 00:00:00;4;13771980;02/09/2026 08:59:40;Tiago;Rodriguez;24354949;02/09/2026 07:57:56;6867;Javier;Lescano;Tiago Rodriguez;Javier Lescano
14127785;02/09/2026 08:59:40;3;2;0001  214875-1;05;CAMIONETA EXP 2;2092934;"IC01    ";"IMPORTADORA COMERCIAL FUEGUINA                    ";DELOQUI 1027;952635;"60-162N        ";60-162N - LAVATORIO BLACK C.CERAM LINEA ADRA;2;2;2;23073087;020926085940397;181258195;;;;11/03/2031 00:00:00;2;13771980;02/09/2026 08:59:40;Tiago;Rodriguez;24354949;02/09/2026 07:57:56;6867;Javier;Lescano;Tiago Rodriguez;Javier Lescano
14127785;02/09/2026 08:59:40;3;2;0001  214875-1;05;CAMIONETA EXP 2;2092934;"IC01    ";"IMPORTADORA COMERCIAL FUEGUINA                    ";DELOQUI 1027;952647;"60-176         ";"LAVATORIO MONOCOMANDO BAJO CR RIO                                     ";2;2;2;23073087;020926085940397;181257559;;;;10/11/2031 00:00:00;2;13771980;02/09/2026 08:59:40;Tiago;Rodriguez;24354949;02/09/2026 07:57:56;6867;Javier;Lescano;Tiago Rodriguez;Javier Lescano
14127785;02/09/2026 08:59:40;3;2;0001  214875-1;05;CAMIONETA EXP 2;2092934;"IC01    ";"IMPORTADORA COMERCIAL FUEGUINA                    ";DELOQUI 1027;952913;"70-162N        ";70-162N - BIDE BLACK C.CERAM LINEA ADRA;2;2;2;23073087;020926085940397;181258250;;;;12/08/2031 00:00:00;2;13771980;02/09/2026 08:59:40;Tiago;Rodriguez;24354949;02/09/2026 07:57:56;6867;Javier;Lescano;Tiago Rodriguez;Javier Lescano
14127785;02/09/2026 08:59:40;3;2;0001  214875-1;05;CAMIONETA EXP 2;2092934;"IC01    ";"IMPORTADORA COMERCIAL FUEGUINA                    ";DELOQUI 1027;953110;"80-166N        ";80-166N - DUCHA EMB. C/TRANSF. BLACK C.CERAM ADRA PLUS;2;2;2;23073087;020926085940397;181258289;;;;11/25/2031 00:00:00;2;13771980;02/09/2026 08:59:40;Tiago;Rodriguez;24354949;02/09/2026 07:57:56;6867;Javier;Lescano;Tiago Rodriguez;Javier Lescano
14127785;02/09/2026 08:59:40;3;2;0001  214875-1;05;CAMIONETA EXP 2;2092934;"IC01    ";"IMPORTADORA COMERCIAL FUEGUINA                    ";DELOQUI 1027;953347;"85-168N        ";85-168N - DUCHA MONOC C/TRANSF Y DUCHADOR BLACK WAVE;2;2;2;23073087;020926085940397;181257812;;;;12/21/2031 00:00:00;2;13771980;02/09/2026 08:59:40;Tiago;Rodriguez;24354949;02/09/2026 07:57:56;6867;Javier;Lescano;Tiago Rodriguez;Javier Lescano
14127785;02/09/2026 08:59:40;3;2;0001  214875-1;05;CAMIONETA EXP 2;2092934;"IC01    ";"IMPORTADORA COMERCIAL FUEGUINA                    ";DELOQUI 1027;954908;"BCH07          ";BCH07 - BACHA DE APOYAR OVALADA 400x330x150;2;2;2;23073087;020926085940397;181257728;;;;07/29/2031 00:00:00;2;13771980;02/09/2026 08:59:40;Tiago;Rodriguez;24354949;02/09/2026 07:57:56;6867;Javier;Lescano;Tiago Rodriguez;Javier Lescano
14127786;02/09/2026 09:52:26;3;2;0001  214878-1;05;CAMIONETA EXP 2;2092453;"FE27    ";"FERREFAZ S.R.L.                                   ";HONDURAS 69;952322;"453            ";453 - DUCHA EXT. S/TRANSF.CR DIQUE;3;3;3;23074605;020926095222543;181270014;;;;02/02/2032 00:00:00;3;13773416;02/09/2026 09:52:22;Maximiliano;Nievas;24356389;02/09/2026 08:36:32;6867;Javier;Lescano;Maximiliano Nievas;Javier Lescano
14127786;02/09/2026 09:52:26;3;2;0001  214878-1;05;CAMIONETA EXP 2;2092453;"FE27    ";"FERREFAZ S.R.L.                                   ";HONDURAS 69;952337;"463            ";"463 - DUCHA EMB. S/TRANSF.CR ""DIQUE""";5;5;5;23074605;020926095222543;181266906;;;;01/05/2032 00:00:00;5;13773416;02/09/2026 09:52:22;Maximiliano;Nievas;24356389;02/09/2026 08:36:32;6867;Javier;Lescano;Maximiliano Nievas;Javier Lescano
14127786;02/09/2026 09:52:26;3;2;0001  214878-1;05;CAMIONETA EXP 2;2092453;"FE27    ";"FERREFAZ S.R.L.                                   ";HONDURAS 69;952426;"51-010         ";51-010 - COCINA MESADA BL/CR LORCA;10;10;10;23074605;020926095222543;181267873;;;;01/03/2032 00:00:00;10;13773416;02/09/2026 09:52:22;Maximiliano;Nievas;24356389;02/09/2026 08:36:32;6867;Javier;Lescano;Maximiliano Nievas;Javier Lescano
14127786;02/09/2026 09:52:26;3;2;0001  214878-1;05;CAMIONETA EXP 2;2092453;"FE27    ";"FERREFAZ S.R.L.                                   ";HONDURAS 69;952477;"53-010         ";53-010 - COCINA PARED EXT. P.ALTO BL/CR LORCA;5;5;5;23074605;020926095222543;181267228;;;;11/29/2031 00:00:00;5;13773416;02/09/2026 09:52:22;Maximiliano;Nievas;24356389;02/09/2026 08:36:32;6867;Javier;Lescano;Maximiliano Nievas;Javier Lescano
14127786;02/09/2026 09:52:26;3;2;0001  214878-1;05;CAMIONETA EXP 2;2092453;"FE27    ";"FERREFAZ S.R.L.                                   ";HONDURAS 69;953197;"81-010         ";81-010 - DUCHA EMB. S/TRANSF. BL/CR LORCA;3;3;3;23074605;020926095222543;181267484;;;;11/24/2031 00:00:00;3;13773416;02/09/2026 09:52:22;Maximiliano;Nievas;24356389;02/09/2026 08:36:32;6867;Javier;Lescano;Maximiliano Nievas;Javier Lescano
14127786;02/09/2026 09:52:26;3;2;0001  214878-1;05;CAMIONETA EXP 2;2092453;"FE27    ";"FERREFAZ S.R.L.                                   ";HONDURAS 69;953312;"83-133         ";83-133 - DUCHA EXT. C/TRANSF. MONOCOMANDO LUGO;4;4;4;23074605;020926095222543;181266525;;;;07/30/2031 00:00:00;4;13773416;02/09/2026 09:52:22;Maximiliano;Nievas;24356389;02/09/2026 08:36:32;6867;Javier;Lescano;Maximiliano Nievas;Javier Lescano
14127787;02/09/2026 08:50:31;3;2;0001  214880-1;05;CAMIONETA EXP 2;2092453;"FE27    ";"FERREFAZ S.R.L.                                   ";HONDURAS 69;956482;"LG01C20        ";LG01C20 - MONOCOMANDO COCINA CR LUCERNA;10;10;10;23072835;020926085029964;181255740;;;;07/29/2031 00:00:00;10;13771812;02/09/2026 08:50:29;Tiago;Rodriguez;24354723;02/09/2026 07:46:10;6867;Javier;Lescano;Tiago Rodriguez;Javier Lescano
14127787;02/09/2026 08:50:31;3;2;0001  214880-1;05;CAMIONETA EXP 2;2092453;"FE27    ";"FERREFAZ S.R.L.                                   ";HONDURAS 69;956484;"LG02C20        ";"MONOCOMANDO COCINA CR GINEBRA                                         ";5;5;5;23072835;020926085029964;181255670;;;;07/29/2031 00:00:00;5;13771812;02/09/2026 08:50:29;Tiago;Rodriguez;24354723;02/09/2026 07:46:10;6867;Javier;Lescano;Tiago Rodriguez;Javier Lescano
14127787;02/09/2026 08:50:31;3;2;0001  214880-1;05;CAMIONETA EXP 2;2092453;"FE27    ";"FERREFAZ S.R.L.                                   ";HONDURAS 69;956485;"LG02C60        ";LG02C60 - LAVATORIO MONOC CR GINEBRA;10;10;10;23072835;020926085029964;181255568;;;;07/29/2031 00:00:00;10;13771812;02/09/2026 08:50:29;Tiago;Rodriguez;24354723;02/09/2026 07:46:10;6867;Javier;Lescano;Tiago Rodriguez;Javier Lescano
14127787;02/09/2026 08:50:31;3;2;0001  214880-1;05;CAMIONETA EXP 2;2092453;"FE27    ";"FERREFAZ S.R.L.                                   ";HONDURAS 69;956490;"LG03C60        ";LG03C60 - LAVATORIO CR C.STD BERNA;20;20;20;23072835;020926085029964;181254695;;;;11/19/2031 00:00:00;20;13771812;02/09/2026 08:50:29;Tiago;Rodriguez;24354723;02/09/2026 07:46:10;6867;Javier;Lescano;Tiago Rodriguez;Javier Lescano
14127787;02/09/2026 08:50:31;3;2;0001  214880-1;05;CAMIONETA EXP 2;2092453;"FE27    ";"FERREFAZ S.R.L.                                   ";HONDURAS 69;956491;"LG03C70        ";LG03C70 - BIDE CR C.STD BERNA;15;15;15;23072835;020926085029964;181254825;;;;12/10/2031 00:00:00;15;13771812;02/09/2026 08:50:29;Tiago;Rodriguez;24354723;02/09/2026 07:46:10;6867;Javier;Lescano;Tiago Rodriguez;Javier Lescano
14127787;02/09/2026 08:50:31;3;2;0001  214880-1;05;CAMIONETA EXP 2;2092453;"FE27    ";"FERREFAZ S.R.L.                                   ";HONDURAS 69;956492;"LG03C80        ";LG03C80 - DUCHA EMB. C/TRANSF. CR C.STD BERNA;15;15;15;23072835;020926085029964;181254961;;;;10/15/2031 00:00:00;15;13771812;02/09/2026 08:50:29;Tiago;Rodriguez;24354723;02/09/2026 07:46:10;6867;Javier;Lescano;Tiago Rodriguez;Javier Lescano
14127787;02/09/2026 08:50:31;3;2;0001  214880-1;05;CAMIONETA EXP 2;2092453;"FE27    ";"FERREFAZ S.R.L.                                   ";HONDURAS 69;956496;"LG04C60        ";LG04C60 - LAVATORIO CR C.CERAM DAVOS;5;5;5;23072835;020926085029964;181255270;;;;07/29/2031 00:00:00;5;13771812;02/09/2026 08:50:29;Tiago;Rodriguez;24354723;02/09/2026 07:46:10;6867;Javier;Lescano;Tiago Rodriguez;Javier Lescano
14127787;02/09/2026 08:50:31;3;2;0001  214880-1;05;CAMIONETA EXP 2;2092453;"FE27    ";"FERREFAZ S.R.L.                                   ";HONDURAS 69;956497;"LG04C70        ";LG04C70 - BIDE CR C.CERAM DAVOS;10;10;10;23072835;020926085029964;181255166;;;;07/29/2031 00:00:00;10;13771812;02/09/2026 08:50:29;Tiago;Rodriguez;24354723;02/09/2026 07:46:10;6867;Javier;Lescano;Tiago Rodriguez;Javier Lescano
14127788;02/09/2026 10:17:54;3;2;0001  214894-1;05;CAMIONETA EXP 2;2091354;"BN01    ";"BARBOSA NESTOR AGUSTIN                            ";AV. LURO 1577;957903;"RA860          ";RA860 - BRAZO Y FLOR DUCHA VALENCIA-MARBELLA;4;4;4;23073289;020926101750806;181258349;;;;07/31/2031 00:00:00;4;13773828;02/09/2026 10:17:50;Agustin;Scirica;24355108;02/09/2026 08:28:36;7152;Mirko;Hernandez;Agustin Scirica;Mirko Hernandez
14127788;02/09/2026 10:17:54;3;2;0001  214894-1;05;CAMIONETA EXP 2;2091354;"BN01    ";"BARBOSA NESTOR AGUSTIN                            ";AV. LURO 1577;954805;"AB-002         ";AB-002 - AGARRADERA ACERO INOX CROMADO 40 CM SAFE;1;1;1;23073289;020926101750806;181262605;;;;08/12/2031 00:00:00;1;13773828;02/09/2026 10:17:50;Agustin;Scirica;24355108;02/09/2026 08:28:36;7152;Mirko;Hernandez;Agustin Scirica;Mirko Hernandez
14127788;02/09/2026 10:17:54;3;2;0001  214894-1;05;CAMIONETA EXP 2;2091354;"BN01    ";"BARBOSA NESTOR AGUSTIN                            ";AV. LURO 1577;954804;"AB-001         ";AB-001 - AGARRADERA ACERO INOX CROMADO 30 CM SAFE;1;1;1;23073289;020926101750806;181262468;;;;07/28/2031 00:00:00;1;13773828;02/09/2026 10:17:50;Agustin;Scirica;24355108;02/09/2026 08:28:36;7152;Mirko;Hernandez;Agustin Scirica;Mirko Hernandez
14127788;02/09/2026 10:17:54;3;2;0001  214894-1;05;CAMIONETA EXP 2;2091354;"BN01    ";"BARBOSA NESTOR AGUSTIN                            ";AV. LURO 1577;954651;"A816           ";"A816 - DUCHA 6"" C/BRAZO Y CAMPANA CR";3;3;3;23073289;020926101750806;181262771;;;;07/27/2031 00:00:00;3;13773828;02/09/2026 10:17:50;Agustin;Scirica;24355108;02/09/2026 08:28:36;7152;Mirko;Hernandez;Agustin Scirica;Mirko Hernandez
14127788;02/09/2026 10:17:54;3;2;0001  214894-1;05;CAMIONETA EXP 2;2091354;"BN01    ";"BARBOSA NESTOR AGUSTIN                            ";AV. LURO 1577;953319;"83-193         ";83-193 - DUCHA EXT. C/TRANSF. MONOCOMANDO MORA;1;1;1;23073289;020926101750806;181263377;;;;07/27/2031 00:00:00;1;13773828;02/09/2026 10:17:50;Agustin;Scirica;24355108;02/09/2026 08:28:36;7152;Mirko;Hernandez;Agustin Scirica;Mirko Hernandez
14127788;02/09/2026 10:17:54;3;2;0001  214894-1;05;CAMIONETA EXP 2;2091354;"BN01    ";"BARBOSA NESTOR AGUSTIN                            ";AV. LURO 1577;953318;"83-180         ";83-180 - DUCHA EXT. C/TRANSF. MONOCOMANDO VERA;1;1;1;23073289;020926101750806;181261659;;;;07/27/2031 00:00:00;1;13773828;02/09/2026 10:17:50;Agustin;Scirica;24355108;02/09/2026 08:28:36;7152;Mirko;Hernandez;Agustin Scirica;Mirko Hernandez
14127788;02/09/2026 10:17:54;3;2;0001  214894-1;05;CAMIONETA EXP 2;2091354;"BN01    ";"BARBOSA NESTOR AGUSTIN                            ";AV. LURO 1577;953312;"83-133         ";83-133 - DUCHA EXT. C/TRANSF. MONOCOMANDO LUGO;2;2;2;23073289;020926101750806;181259918;;;;07/30/2031 00:00:00;2;13773828;02/09/2026 10:17:50;Agustin;Scirica;24355108;02/09/2026 08:28:36;7152;Mirko;Hernandez;Agustin Scirica;Mirko Hernandez
14127788;02/09/2026 10:17:54;3;2;0001  214894-1;05;CAMIONETA EXP 2;2091354;"BN01    ";"BARBOSA NESTOR AGUSTIN                            ";AV. LURO 1577;953059;"80-057         ";80-057 - DUCHA EMB. C/TRANSF. C.STD VERIN PLUS;3;3;3;23073289;020926101750806;181257924;;;;01/04/2032 00:00:00;3;13773828;02/09/2026 10:17:50;Agustin;Scirica;24355108;02/09/2026 08:28:36;7152;Mirko;Hernandez;Agustin Scirica;Mirko Hernandez
14127788;02/09/2026 10:17:54;3;2;0001  214894-1;05;CAMIONETA EXP 2;2091354;"BN01    ";"BARBOSA NESTOR AGUSTIN                            ";AV. LURO 1577;952939;"70-193         ";70-193 - BIDE MONOCOMANDO MORA;1;1;1;23073289;020926101750806;181263010;;;;07/28/2031 00:00:00;1;13773828;02/09/2026 10:17:50;Agustin;Scirica;24355108;02/09/2026 08:28:36;7152;Mirko;Hernandez;Agustin Scirica;Mirko Hernandez
14127788;02/09/2026 10:17:54;3;2;0001  214894-1;05;CAMIONETA EXP 2;2091354;"BN01    ";"BARBOSA NESTOR AGUSTIN                            ";AV. LURO 1577;952928;"70-180         ";70-180 - BIDE MONOCOMANDO C/TRANSF. VERA;1;1;1;23073289;020926101750806;181261471;;;;07/27/2031 00:00:00;1;13773828;02/09/2026 10:17:50;Agustin;Scirica;24355108;02/09/2026 08:28:36;7152;Mirko;Hernandez;Agustin Scirica;Mirko Hernandez
14127788;02/09/2026 10:17:54;3;2;0001  214894-1;05;CAMIONETA EXP 2;2091354;"BN01    ";"BARBOSA NESTOR AGUSTIN                            ";AV. LURO 1577;952896;"70-133         ";70-133 - BIDE MONOCOMANDO LUGO;1;1;1;23073289;020926101750806;181261085;;;;07/30/2031 00:00:00;1;13773828;02/09/2026 10:17:50;Agustin;Scirica;24355108;02/09/2026 08:28:36;7152;Mirko;Hernandez;Agustin Scirica;Mirko Hernandez
14127788;02/09/2026 10:17:54;3;2;0001  214894-1;05;CAMIONETA EXP 2;2091354;"BN01    ";"BARBOSA NESTOR AGUSTIN                            ";AV. LURO 1577;952860;"70-057         ";70-057 - BIDE C.STD VERIN PLUS;2;2;2;23073289;020926101750806;181258092;;;;01/11/2032 00:00:00;2;13773828;02/09/2026 10:17:50;Agustin;Scirica;24355108;02/09/2026 08:28:36;7152;Mirko;Hernandez;Agustin Scirica;Mirko Hernandez
14127788;02/09/2026 10:17:54;3;2;0001  214894-1;05;CAMIONETA EXP 2;2091354;"BN01    ";"BARBOSA NESTOR AGUSTIN                            ";AV. LURO 1577;952650;"60-180         ";60-180 - LAVATORIO MONOCOMANDO BAJO VERA;1;1;1;23073289;020926101750806;181261349;;;;07/28/2031 00:00:00;1;13773828;02/09/2026 10:17:50;Agustin;Scirica;24355108;02/09/2026 08:28:36;7152;Mirko;Hernandez;Agustin Scirica;Mirko Hernandez
14127788;02/09/2026 10:17:54;3;2;0001  214894-1;05;CAMIONETA EXP 2;2091354;"BN01    ";"BARBOSA NESTOR AGUSTIN                            ";AV. LURO 1577;952634;"60-162         ";60-162 - LAVATORIO CR C.CERAM LINEA ADRA;1;1;1;23073289;020926101750806;181258212;;;;07/29/2031 00:00:00;1;13773828;02/09/2026 10:17:50;Agustin;Scirica;24355108;02/09/2026 08:28:36;7152;Mirko;Hernandez;Agustin Scirica;Mirko Hernandez
14127788;02/09/2026 10:17:54;3;2;0001  214894-1;05;CAMIONETA EXP 2;2091354;"BN01    ";"BARBOSA NESTOR AGUSTIN                            ";AV. LURO 1577;952618;"60-133         ";60-133 - LAVATORIO MONOCOMANDO LUGO;2;2;2;23073289;020926101750806;181259060;;;;07/29/2031 00:00:00;2;13773828;02/09/2026 10:17:50;Agustin;Scirica;24355108;02/09/2026 08:28:36;7152;Mirko;Hernandez;Agustin Scirica;Mirko Hernandez
14127788;02/09/2026 10:17:54;3;2;0001  214894-1;05;CAMIONETA EXP 2;2091354;"BN01    ";"BARBOSA NESTOR AGUSTIN                            ";AV. LURO 1577;952582;"60-057         ";60-057 - LAVATORIO C.STD VERIN PLUS;1;1;1;23073289;020926101750806;181257987;;;;01/06/2032 00:00:00;1;13773828;02/09/2026 10:17:50;Agustin;Scirica;24355108;02/09/2026 08:28:36;7152;Mirko;Hernandez;Agustin Scirica;Mirko Hernandez
14127788;02/09/2026 10:17:54;3;2;0001  214894-1;05;CAMIONETA EXP 2;2091354;"BN01    ";"BARBOSA NESTOR AGUSTIN                            ";AV. LURO 1577;951983;"3050           ";3050 - JABONERA LINEA 3000;1;1;1;23073289;020926101750806;181262250;;;;07/27/2031 00:00:00;1;13773828;02/09/2026 10:17:50;Agustin;Scirica;24355108;02/09/2026 08:28:36;7152;Mirko;Hernandez;Agustin Scirica;Mirko Hernandez
14127788;02/09/2026 10:17:54;3;2;0001  214894-1;05;CAMIONETA EXP 2;2091354;"BN01    ";"BARBOSA NESTOR AGUSTIN                            ";AV. LURO 1577;951116;"12006          ";"SET DE 6 PIEZAS LINEA 12000                                           ";2;2;2;23073289;020926101750806;181260399;;;;07/30/2031 00:00:00;2;13773828;02/09/2026 10:17:50;Agustin;Scirica;24355108;02/09/2026 08:28:36;7152;Mirko;Hernandez;Agustin Scirica;Mirko Hernandez
14127788;02/09/2026 10:17:54;3;2;0001  214894-1;05;CAMIONETA EXP 2;2091354;"BN01    ";"BARBOSA NESTOR AGUSTIN                            ";AV. LURO 1577;951530;"20-146         ";20-146 - MONOCOMANDO DE COCINA CR LINEA MOVE;3;3;3;23073289;020926101750806;181260155;;;;10/09/2031 00:00:00;3;13773828;02/09/2026 10:17:50;Agustin;Scirica;24355108;02/09/2026 08:28:36;7152;Mirko;Hernandez;Agustin Scirica;Mirko Hernandez
14127788;02/09/2026 10:17:54;3;2;0001  214894-1;05;CAMIONETA EXP 2;2091354;"BN01    ";"BARBOSA NESTOR AGUSTIN                            ";AV. LURO 1577;951535;"20-160         ";20-160 - MONOCOMANDO MESADA COCINA DIQUE;4;4;4;23073289;020926101750806;181259548;;;;07/28/2031 00:00:00;4;13773828;02/09/2026 10:17:50;Agustin;Scirica;24355108;02/09/2026 08:28:36;7152;Mirko;Hernandez;Agustin Scirica;Mirko Hernandez
14127788;02/09/2026 10:17:54;3;2;0001  214894-1;05;CAMIONETA EXP 2;2091354;"BN01    ";"BARBOSA NESTOR AGUSTIN                            ";AV. LURO 1577;951565;"20-205         ";20-205 - MONOCOMANDO DE COCINA STEEL;2;2;2;23073289;020926101750806;181260942;;;;07/28/2031 00:00:00;2;13773828;02/09/2026 10:17:50;Agustin;Scirica;24355108;02/09/2026 08:28:36;7152;Mirko;Hernandez;Agustin Scirica;Mirko Hernandez
14127788;02/09/2026 10:17:54;3;2;0001  214894-1;05;CAMIONETA EXP 2;2091354;"BN01    ";"BARBOSA NESTOR AGUSTIN                            ";AV. LURO 1577;951961;"3030           ";3030 - PERCHA LINEA 3000;1;1;1;23073289;020926101750806;181262000;;;;08/27/2031 00:00:00;1;13773828;02/09/2026 10:17:50;Agustin;Scirica;24355108;02/09/2026 08:28:36;7152;Mirko;Hernandez;Agustin Scirica;Mirko Hernandez
14127788;02/09/2026 10:17:54;3;2;0001  214894-1;05;CAMIONETA EXP 2;2091354;"BN01    ";"BARBOSA NESTOR AGUSTIN                            ";AV. LURO 1577;951975;"3040           ";3040 - PORTA ROLLO LINEA 3000;1;1;1;23073289;020926101750806;181262218;;;;07/27/2031 00:00:00;1;13773828;02/09/2026 10:17:50;Agustin;Scirica;24355108;02/09/2026 08:28:36;7152;Mirko;Hernandez;Agustin Scirica;Mirko Hernandez
14127789;02/09/2026 09:31:29;3;2;0001  214896-1;05;CAMIONETA EXP 2;2093247;"LM17    ";"LUCERO MIRIAM ELIZABETH                           ";AV. MAYA Y LAMADRID;954922;"BCH19          ";"BACHA DE APOYAR BLANCA 365x235x120                                    ";1;1;1;23073275;020926093128302;181260537;;;;07/28/2031 00:00:00;1;13772859;02/09/2026 09:31:28;Maximiliano;Nievas;24355096;02/09/2026 08:37:42;6414;Agustin;Scirica;Maximiliano Nievas;Agustin Scirica
14127789;02/09/2026 09:31:29;3;2;0001  214896-1;05;CAMIONETA EXP 2;2093247;"LM17    ";"LUCERO MIRIAM ELIZABETH                           ";AV. MAYA Y LAMADRID;954914;"BCH12          ";BCH12 - BACHA DE APOYAR BLANCA 460x320x140;1;1;1;23073275;020926093128302;181260167;;;;11/10/2031 00:00:00;1;13772859;02/09/2026 09:31:28;Maximiliano;Nievas;24355096;02/09/2026 08:37:42;6414;Agustin;Scirica;Maximiliano Nievas;Agustin Scirica
14127789;02/09/2026 09:31:29;3;2;0001  214896-1;05;CAMIONETA EXP 2;2093247;"LM17    ";"LUCERO MIRIAM ELIZABETH                           ";AV. MAYA Y LAMADRID;954908;"BCH07          ";BCH07 - BACHA DE APOYAR OVALADA 400x330x150;1;1;1;23073275;020926093128302;181260282;;;;07/29/2031 00:00:00;1;13772859;02/09/2026 09:31:28;Maximiliano;Nievas;24355096;02/09/2026 08:37:42;6414;Agustin;Scirica;Maximiliano Nievas;Agustin Scirica
14127789;02/09/2026 09:31:29;3;2;0001  214896-1;05;CAMIONETA EXP 2;2093247;"LM17    ";"LUCERO MIRIAM ELIZABETH                           ";AV. MAYA Y LAMADRID;954907;"BCH06          ";BCH06 - BACHA DE APOYAR CIRCULAR 415x135;1;1;1;23073275;020926093128302;181259665;;;;10/04/2031 00:00:00;1;13772859;02/09/2026 09:31:28;Maximiliano;Nievas;24355096;02/09/2026 08:37:42;6414;Agustin;Scirica;Maximiliano Nievas;Agustin Scirica
14127789;02/09/2026 09:31:29;3;2;0001  214896-1;05;CAMIONETA EXP 2;2093247;"LM17    ";"LUCERO MIRIAM ELIZABETH                           ";AV. MAYA Y LAMADRID;953159;"80-203P        ";80-203P - DUCHA EMB C/TRANSF. MONOCOMANDO ADRA PLUS;2;2;2;23073275;020926093128302;181259081;;;;07/27/2031 00:00:00;2;13772859;02/09/2026 09:31:28;Maximiliano;Nievas;24355096;02/09/2026 08:37:42;6414;Agustin;Scirica;Maximiliano Nievas;Agustin Scirica
14127789;02/09/2026 09:31:29;3;2;0001  214896-1;05;CAMIONETA EXP 2;2093247;"LM17    ";"LUCERO MIRIAM ELIZABETH                           ";AV. MAYA Y LAMADRID;952954;"70-203         ";70-203 - BIDE MONOCOMANDO ADRA;2;2;2;23073275;020926093128302;181259262;;;;07/29/2031 00:00:00;2;13772859;02/09/2026 09:31:28;Maximiliano;Nievas;24355096;02/09/2026 08:37:42;6414;Agustin;Scirica;Maximiliano Nievas;Agustin Scirica
14127789;02/09/2026 09:31:29;3;2;0001  214896-1;05;CAMIONETA EXP 2;2093247;"LM17    ";"LUCERO MIRIAM ELIZABETH                           ";AV. MAYA Y LAMADRID;952728;"61-205         ";61-205 - LAVATORIO MONOC ALTO STEEL;2;2;2;23073275;020926093128302;181257948;;;;07/28/2031 00:00:00;2;13772859;02/09/2026 09:31:28;Maximiliano;Nievas;24355096;02/09/2026 08:37:42;6414;Agustin;Scirica;Maximiliano Nievas;Agustin Scirica
14127789;02/09/2026 09:31:29;3;2;0001  214896-1;05;CAMIONETA EXP 2;2093247;"LM17    ";"LUCERO MIRIAM ELIZABETH                           ";AV. MAYA Y LAMADRID;952726;"61-203         ";61-203 - LAVATORIO MONOCOMANDO ALTO ADRA;3;3;3;23073275;020926093128302;181258373;;;;01/11/2032 00:00:00;3;13772859;02/09/2026 09:31:28;Maximiliano;Nievas;24355096;02/09/2026 08:37:42;6414;Agustin;Scirica;Maximiliano Nievas;Agustin Scirica
14127789;02/09/2026 09:31:29;3;2;0001  214896-1;05;CAMIONETA EXP 2;2093247;"LM17    ";"LUCERO MIRIAM ELIZABETH                           ";AV. MAYA Y LAMADRID;952714;"61-180         ";61-180 - LAVATORIO MONOCOMANDO ALTO VERA;1;1;1;23073275;020926093128302;181258574;;;;07/28/2031 00:00:00;1;13772859;02/09/2026 09:31:28;Maximiliano;Nievas;24355096;02/09/2026 08:37:42;6414;Agustin;Scirica;Maximiliano Nievas;Agustin Scirica
14127789;02/09/2026 09:31:29;3;2;0001  214896-1;05;CAMIONETA EXP 2;2093247;"LM17    ";"LUCERO MIRIAM ELIZABETH                           ";AV. MAYA Y LAMADRID;951318;"18040          ";18040 - PORTA ROLLO NIQUEL LINEA BEAT;1;1;1;23073275;020926093128302;181258645;;;;07/28/2031 00:00:00;1;13772859;02/09/2026 09:31:28;Maximiliano;Nievas;24355096;02/09/2026 08:37:42;6414;Agustin;Scirica;Maximiliano Nievas;Agustin Scirica
14127790;02/09/2026 09:04:40;3;2;0001  214888-1;05;CAMIONETA EXP 2;2091512;"CB14    ";"CASA BIANCO S. A. S.                              ";AVENIDA CARBALLO 1415;951116;"12006          ";"SET DE 6 PIEZAS LINEA 12000                                           ";20;20;20;23071462;020926090439939;181247694;;;;07/30/2031 00:00:00;20;13771541;02/09/2026 09:04:39;Maximiliano;Nievas;24353166;02/09/2026 08:36:00;7673;Maximo;Batista;Maximiliano Nievas;Maximo Batista
14127790;02/09/2026 09:04:40;3;2;0001  214888-1;05;CAMIONETA EXP 2;2091512;"CB14    ";"CASA BIANCO S. A. S.                              ";AVENIDA CARBALLO 1415;951485;"20-100G        ";20-100G - MONOCOMANDO DE COCINA FABRIC GOLD;1;1;1;23071462;020926090439939;181247440;;;;07/27/2031 00:00:00;1;13771541;02/09/2026 09:04:39;Maximiliano;Nievas;24353166;02/09/2026 08:36:00;7673;Maximo;Batista;Maximiliano Nievas;Maximo Batista
14127790;02/09/2026 09:04:40;3;2;0001  214888-1;05;CAMIONETA EXP 2;2091512;"CB14    ";"CASA BIANCO S. A. S.                              ";AVENIDA CARBALLO 1415;951512;"20-122         ";"MONOCOMANDO COCINA CR C/PICO EXTRAIBLE VALENCIA                       ";2;2;2;23071462;020926090439939;181247022;;;;08/06/2031 00:00:00;2;13771541;02/09/2026 09:04:39;Maximiliano;Nievas;24353166;02/09/2026 08:36:00;7673;Maximo;Batista;Maximiliano Nievas;Maximo Batista
14127790;02/09/2026 09:04:40;3;2;0001  214888-1;05;CAMIONETA EXP 2;2091512;"CB14    ";"CASA BIANCO S. A. S.                              ";AVENIDA CARBALLO 1415;951513;"20-122N        ";20-122N - MONOCOMANDO COCINA C/PICO EXTRAIBLE VALENCIA BLACK;1;1;1;23071462;020926090439939;181248666;;;;08/06/2031 00:00:00;1;13771541;02/09/2026 09:04:39;Maximiliano;Nievas;24353166;02/09/2026 08:36:00;7673;Maximo;Batista;Maximiliano Nievas;Maximo Batista
14127790;02/09/2026 09:04:40;3;2;0001  214888-1;05;CAMIONETA EXP 2;2091512;"CB14    ";"CASA BIANCO S. A. S.                              ";AVENIDA CARBALLO 1415;951523;"20-134         ";20-134 - MONOCOMANDO COCINA BETIS;10;10;10;23071462;020926090439939;181249644;;;;08/11/2031 00:00:00;10;13771541;02/09/2026 09:04:39;Maximiliano;Nievas;24353166;02/09/2026 08:36:00;7673;Maximo;Batista;Maximiliano Nievas;Maximo Batista
14127790;02/09/2026 09:04:40;3;2;0001  214888-1;05;CAMIONETA EXP 2;2091512;"CB14    ";"CASA BIANCO S. A. S.                              ";AVENIDA CARBALLO 1415;951527;"20-135G        ";20-135G - MONOCOMANDO COCINA GOLD SANTANDER;1;1;1;23071462;020926090439939;181248986;;;;07/27/2031 00:00:00;1;13771541;02/09/2026 09:04:39;Maximiliano;Nievas;24353166;02/09/2026 08:36:00;7673;Maximo;Batista;Maximiliano Nievas;Maximo Batista
14127790;02/09/2026 09:04:40;3;2;0001  214888-1;05;CAMIONETA EXP 2;2091512;"CB14    ";"CASA BIANCO S. A. S.                              ";AVENIDA CARBALLO 1415;951539;"20-168         ";20-168 - MONOCOMANDO COCINA CR WAVE;1;1;1;23071462;020926090439939;181246373;;;;07/27/2031 00:00:00;1;13771541;02/09/2026 09:04:39;Maximiliano;Nievas;24353166;02/09/2026 08:36:00;7673;Maximo;Batista;Maximiliano Nievas;Maximo Batista
14127790;02/09/2026 09:04:40;3;2;0001  214888-1;05;CAMIONETA EXP 2;2091512;"CB14    ";"CASA BIANCO S. A. S.                              ";AVENIDA CARBALLO 1415;951540;"20-168N        ";20-168N - MONOCOMANDO COCINA BLACK WAVE;1;1;1;23071462;020926090439939;181245902;;;;07/27/2031 00:00:00;1;13771541;02/09/2026 09:04:39;Maximiliano;Nievas;24353166;02/09/2026 08:36:00;7673;Maximo;Batista;Maximiliano Nievas;Maximo Batista
14127790;02/09/2026 09:04:40;3;2;0001  214888-1;05;CAMIONETA EXP 2;2091512;"CB14    ";"CASA BIANCO S. A. S.                              ";AVENIDA CARBALLO 1415;951550;"20-182         ";20-182 - MONOCOMANDO DE COCINA MULTIFUNCION CR ZENITH;1;1;1;23071462;020926090439939;181246824;;;;07/30/2031 00:00:00;1;13771541;02/09/2026 09:04:39;Maximiliano;Nievas;24353166;02/09/2026 08:36:00;7673;Maximo;Batista;Maximiliano Nievas;Maximo Batista
14127790;02/09/2026 09:04:40;3;2;0001  214888-1;05;CAMIONETA EXP 2;2091512;"CB14    ";"CASA BIANCO S. A. S.                              ";AVENIDA CARBALLO 1415;951551;"20-182N        ";20-182N - MONOCOMANDO DE COCINA MULTIFUNCION BLACK ZENITH;1;1;1;23071462;020926090439939;181246884;;;;07/30/2031 00:00:00;1;13771541;02/09/2026 09:04:39;Maximiliano;Nievas;24353166;02/09/2026 08:36:00;7673;Maximo;Batista;Maximiliano Nievas;Maximo Batista
14127790;02/09/2026 09:04:40;3;2;0001  214888-1;05;CAMIONETA EXP 2;2091512;"CB14    ";"CASA BIANCO S. A. S.                              ";AVENIDA CARBALLO 1415;951552;"20-183         ";"MONOCOMANDO DE COCINA MAT                                             ";2;2;2;23071462;020926090439939;181248005;;;;11/02/2031 00:00:00;2;13771541;02/09/2026 09:04:39;Maximiliano;Nievas;24353166;02/09/2026 08:36:00;7673;Maximo;Batista;Maximiliano Nievas;Maximo Batista
14127790;02/09/2026 09:04:40;3;2;0001  214888-1;05;CAMIONETA EXP 2;2091512;"CB14    ";"CASA BIANCO S. A. S.                              ";AVENIDA CARBALLO 1415;951553;"20-184         ";"MONOCOMANDO DE COCINA CR SUV                                          ";2;2;2;23071462;020926090439939;181246543;;;;10/04/2031 00:00:00;2;13771541;02/09/2026 09:04:39;Maximiliano;Nievas;24353166;02/09/2026 08:36:00;7673;Maximo;Batista;Maximiliano Nievas;Maximo Batista
14127790;02/09/2026 09:04:40;3;2;0001  214888-1;05;CAMIONETA EXP 2;2091512;"CB14    ";"CASA BIANCO S. A. S.                              ";AVENIDA CARBALLO 1415;951561;"20-201NI       ";20-201NI - COCINA MONOCOMANDO JOYSTICK BEAT NICKEL;1;1;1;23071462;020926090439939;181246449;;;;07/28/2031 00:00:00;1;13771541;02/09/2026 09:04:39;Maximiliano;Nievas;24353166;02/09/2026 08:36:00;7673;Maximo;Batista;Maximiliano Nievas;Maximo Batista
14127790;02/09/2026 09:04:40;3;2;0001  214888-1;05;CAMIONETA EXP 2;2091512;"CB14    ";"CASA BIANCO S. A. S.                              ";AVENIDA CARBALLO 1415;951562;"20-202N        ";20-202N - MONOCOMANDO COCINA BLACK HOOP;1;1;1;23071462;020926090439939;181246588;;;;07/27/2031 00:00:00;1;13771541;02/09/2026 09:04:39;Maximiliano;Nievas;24353166;02/09/2026 08:36:00;7673;Maximo;Batista;Maximiliano Nievas;Maximo Batista
14127790;02/09/2026 09:04:40;3;2;0001  214888-1;05;CAMIONETA EXP 2;2091512;"CB14    ";"CASA BIANCO S. A. S.                              ";AVENIDA CARBALLO 1415;951563;"20-202NI       ";20-202NI - MONOCOMANDO COCINA NICKEL HOOP;1;1;1;23071462;020926090439939;181246394;;;;07/29/2031 00:00:00;1;13771541;02/09/2026 09:04:39;Maximiliano;Nievas;24353166;02/09/2026 08:36:00;7673;Maximo;Batista;Maximiliano Nievas;Maximo Batista
14127790;02/09/2026 09:04:40;3;2;0001  214888-1;05;CAMIONETA EXP 2;2091512;"CB14    ";"CASA BIANCO S. A. S.                              ";AVENIDA CARBALLO 1415;951611;"21-160         ";"MONOCOMANDO DUO COCINA CROMO DIQUE                                    ";2;2;2;23071462;020926090439939;181246225;;;;12/14/2031 00:00:00;2;13771541;02/09/2026 09:04:39;Maximiliano;Nievas;24353166;02/09/2026 08:36:00;7673;Maximo;Batista;Maximiliano Nievas;Maximo Batista
14127790;02/09/2026 09:04:40;3;2;0001  214888-1;05;CAMIONETA EXP 2;2091512;"CB14    ";"CASA BIANCO S. A. S.                              ";AVENIDA CARBALLO 1415;951653;"22-178         ";22-178 - MONOCOMANDO DE COCINA P/AGUA FILTRADA VITA;1;1;1;23071462;020926090439939;181248876;;;;12/23/2031 00:00:00;1;13771541;02/09/2026 09:04:39;Maximiliano;Nievas;24353166;02/09/2026 08:36:00;7673;Maximo;Batista;Maximiliano Nievas;Maximo Batista
14127790;02/09/2026 09:04:40;3;2;0001  214888-1;05;CAMIONETA EXP 2;2091512;"CB14    ";"CASA BIANCO S. A. S.                              ";AVENIDA CARBALLO 1415;952452;"51-122         ";51-122 - MESADA BIMANDO CR C.CERAM VALENCIA;2;2;2;23071462;020926090439939;181254383;;;;01/11/2032 00:00:00;2;13771541;02/09/2026 09:04:39;Maximiliano;Nievas;24353166;02/09/2026 08:36:00;7673;Maximo;Batista;Maximiliano Nievas;Maximo Batista
14127790;02/09/2026 09:04:40;3;2;0001  214888-1;05;CAMIONETA EXP 2;2091512;"CB14    ";"CASA BIANCO S. A. S.                              ";AVENIDA CARBALLO 1415;952453;"51-131         ";51-131 - MESADA BIMANDO CR C.CERAM MALLORCA;2;2;2;23071462;020926090439939;181252411;;;;01/11/2032 00:00:00;2;13771541;02/09/2026 09:04:39;Maximiliano;Nievas;24353166;02/09/2026 08:36:00;7673;Maximo;Batista;Maximiliano Nievas;Maximo Batista
14127790;02/09/2026 09:04:40;3;2;0001  214888-1;05;CAMIONETA EXP 2;2091512;"CB14    ";"CASA BIANCO S. A. S.                              ";AVENIDA CARBALLO 1415;952456;"51-190         ";51-190 - MESADA BIMANDO C.CERAM BLACK VELVET;1;1;1;23071462;020926090439939;181253436;;;;10/13/2031 00:00:00;1;13771541;02/09/2026 09:04:39;Maximiliano;Nievas;24353166;02/09/2026 08:36:00;7673;Maximo;Batista;Maximiliano Nievas;Maximo Batista
14127790;02/09/2026 09:04:40;3;2;0001  214888-1;05;CAMIONETA EXP 2;2091512;"CB14    ";"CASA BIANCO S. A. S.                              ";AVENIDA CARBALLO 1415;952582;"60-057         ";60-057 - LAVATORIO C.STD VERIN PLUS;1;1;1;23071462;020926090439939;181257167;;;;01/06/2032 00:00:00;1;13771541;02/09/2026 09:04:39;Maximiliano;Nievas;24353166;02/09/2026 08:36:00;7673;Maximo;Batista;Maximiliano Nievas;Maximo Batista
14127790;02/09/2026 09:04:40;3;2;0001  214888-1;05;CAMIONETA EXP 2;2091512;"CB14    ";"CASA BIANCO S. A. S.                              ";AVENIDA CARBALLO 1415;952608;"60-121         ";60-121 - LAVATORIO C.CERAM CR MARBELLA;10;10;10;23071462;020926090439939;181250445;;;;08/05/2031 00:00:00;10;13771541;02/09/2026 09:04:39;Maximiliano;Nievas;24353166;02/09/2026 08:36:00;7673;Maximo;Batista;Maximiliano Nievas;Maximo Batista
14127790;02/09/2026 09:04:40;3;2;0001  214888-1;05;CAMIONETA EXP 2;2091512;"CB14    ";"CASA BIANCO S. A. S.                              ";AVENIDA CARBALLO 1415;952610;"60-122         ";60-122 - LAVATORIO C.CERAM CR VALENCIA;2;2;2;23071462;020926090439939;181254542;;;;12/10/2031 00:00:00;2;13771541;02/09/2026 09:04:39;Maximiliano;Nievas;24353166;02/09/2026 08:36:00;7673;Maximo;Batista;Maximiliano Nievas;Maximo Batista
14127790;02/09/2026 09:04:40;3;2;0001  214888-1;05;CAMIONETA EXP 2;2091512;"CB14    ";"CASA BIANCO S. A. S.                              ";AVENIDA CARBALLO 1415;952634;"60-162         ";60-162 - LAVATORIO CR C.CERAM LINEA ADRA;10;10;10;23071462;020926090439939;181256626;;;;07/29/2031 00:00:00;10;13771541;02/09/2026 09:04:39;Maximiliano;Nievas;24353166;02/09/2026 08:36:00;7673;Maximo;Batista;Maximiliano Nievas;Maximo Batista
14127790;02/09/2026 09:04:40;3;2;0001  214888-1;05;CAMIONETA EXP 2;2091512;"CB14    ";"CASA BIANCO S. A. S.                              ";AVENIDA CARBALLO 1415;952635;"60-162N        ";60-162N - LAVATORIO BLACK C.CERAM LINEA ADRA;5;5;5;23071462;020926090439939;181254941;;;;11/03/2031 00:00:00;5;13771541;02/09/2026 09:04:39;Maximiliano;Nievas;24353166;02/09/2026 08:36:00;7673;Maximo;Batista;Maximiliano Nievas;Maximo Batista
14127790;02/09/2026 09:04:40;3;2;0001  214888-1;05;CAMIONETA EXP 2;2091512;"CB14    ";"CASA BIANCO S. A. S.                              ";AVENIDA CARBALLO 1415;952636;"60-163         ";60-163 - LAVATORIO CR C.CERAM SENA;1;1;1;23071462;020926090439939;181255214;;;;07/29/2031 00:00:00;1;13771541;02/09/2026 09:04:39;Maximiliano;Nievas;24353166;02/09/2026 08:36:00;7673;Maximo;Batista;Maximiliano Nievas;Maximo Batista
14127790;02/09/2026 09:04:40;3;2;0001  214888-1;05;CAMIONETA EXP 2;2091512;"CB14    ";"CASA BIANCO S. A. S.                              ";AVENIDA CARBALLO 1415;952645;"60-175GR       ";60-175GR - LAVATORIO PULSE GRAFITO C.CERAM;1;1;1;23071462;020926090439939;181250260;;;;07/31/2031 00:00:00;1;13771541;02/09/2026 09:04:39;Maximiliano;Nievas;24353166;02/09/2026 08:36:00;7673;Maximo;Batista;Maximiliano Nievas;Maximo Batista
14127790;02/09/2026 09:04:40;3;2;0001  214888-1;05;CAMIONETA EXP 2;2091512;"CB14    ";"CASA BIANCO S. A. S.                              ";AVENIDA CARBALLO 1415;952647;"60-176         ";"LAVATORIO MONOCOMANDO BAJO CR RIO                                     ";1;1;1;23071462;020926090439939;181247296;;;;10/11/2031 00:00:00;1;13771541;02/09/2026 09:04:39;Maximiliano;Nievas;24353166;02/09/2026 08:36:00;7673;Maximo;Batista;Maximiliano Nievas;Maximo Batista
14127790;02/09/2026 09:04:40;3;2;0001  214888-1;05;CAMIONETA EXP 2;2091512;"CB14    ";"CASA BIANCO S. A. S.                              ";AVENIDA CARBALLO 1415;952655;"60-183         ";"LAVATORIO MONOCOMANDO BAJO MAT                                        ";1;1;1;23071462;020926090439939;181247939;;;;11/02/2031 00:00:00;1;13771541;02/09/2026 09:04:39;Maximiliano;Nievas;24353166;02/09/2026 08:36:00;7673;Maximo;Batista;Maximiliano Nievas;Maximo Batista
14127790;02/09/2026 09:04:40;3;2;0001  214888-1;05;CAMIONETA EXP 2;2091512;"CB14    ";"CASA BIANCO S. A. S.                              ";AVENIDA CARBALLO 1415;952677;"60-203         ";60-203 - LAVATORIO MONOCOMANDO BAJO ADRA;5;5;5;23071462;020926090439939;181254795;;;;02/10/2032 00:00:00;5;13771541;02/09/2026 09:04:39;Maximiliano;Nievas;24353166;02/09/2026 08:36:00;7673;Maximo;Batista;Maximiliano Nievas;Maximo Batista
14127790;02/09/2026 09:04:40;3;2;0001  214888-1;05;CAMIONETA EXP 2;2091512;"CB14    ";"CASA BIANCO S. A. S.                              ";AVENIDA CARBALLO 1415;952712;"61-176         ";61-176 - LAVATORIO MONOC ALTO CR RIO;1;1;1;23071462;020926090439939;181247162;;;;10/09/2031 00:00:00;1;13771541;02/09/2026 09:04:39;Maximiliano;Nievas;24353166;02/09/2026 08:36:00;7673;Maximo;Batista;Maximiliano Nievas;Maximo Batista
14127790;02/09/2026 09:04:40;3;2;0001  214888-1;05;CAMIONETA EXP 2;2091512;"CB14    ";"CASA BIANCO S. A. S.                              ";AVENIDA CARBALLO 1415;952719;"61-183         ";"LAVATORIO MONOCOMANDO ALTO MAT                                        ";1;1;1;23071462;020926090439939;181247826;;;;11/02/2031 00:00:00;1;13771541;02/09/2026 09:04:39;Maximiliano;Nievas;24353166;02/09/2026 08:36:00;7673;Maximo;Batista;Maximiliano Nievas;Maximo Batista
14127790;02/09/2026 09:04:40;3;2;0001  214888-1;05;CAMIONETA EXP 2;2091512;"CB14    ";"CASA BIANCO S. A. S.                              ";AVENIDA CARBALLO 1415;952886;"70-121         ";70-121 - BIDE C.CERAM CR MARBELLA;10;10;10;23071462;020926090439939;181251209;;;;08/24/2031 00:00:00;10;13771541;02/09/2026 09:04:39;Maximiliano;Nievas;24353166;02/09/2026 08:36:00;7673;Maximo;Batista;Maximiliano Nievas;Maximo Batista
14127790;02/09/2026 09:04:40;3;2;0001  214888-1;05;CAMIONETA EXP 2;2091512;"CB14    ";"CASA BIANCO S. A. S.                              ";AVENIDA CARBALLO 1415;952912;"70-162         ";70-162 - BIDE CR C.CERAM LINEA ADRA;7;7;7;23071462;020926090439939;181257027;;;;07/29/2031 00:00:00;7;13771541;02/09/2026 09:04:39;Maximiliano;Nievas;24353166;02/09/2026 08:36:00;7673;Maximo;Batista;Maximiliano Nievas;Maximo Batista
14127790;02/09/2026 09:04:40;3;2;0001  214888-1;05;CAMIONETA EXP 2;2091512;"CB14    ";"CASA BIANCO S. A. S.                              ";AVENIDA CARBALLO 1415;952913;"70-162N        ";70-162N - BIDE BLACK C.CERAM LINEA ADRA;5;5;5;23071462;020926090439939;181254035;;;;12/08/2031 00:00:00;5;13771541;02/09/2026 09:04:39;Maximiliano;Nievas;24353166;02/09/2026 08:36:00;7673;Maximo;Batista;Maximiliano Nievas;Maximo Batista
14127790;02/09/2026 09:04:40;3;2;0001  214888-1;05;CAMIONETA EXP 2;2091512;"CB14    ";"CASA BIANCO S. A. S.                              ";AVENIDA CARBALLO 1415;952923;"70-175GR       ";70-175GR - BIDE PULSE GRAFITO C.CERAM;1;1;1;23071462;020926090439939;181249939;;;;07/31/2031 00:00:00;1;13771541;02/09/2026 09:04:39;Maximiliano;Nievas;24353166;02/09/2026 08:36:00;7673;Maximo;Batista;Maximiliano Nievas;Maximo Batista
14127790;02/09/2026 09:04:40;3;2;0001  214888-1;05;CAMIONETA EXP 2;2091512;"CB14    ";"CASA BIANCO S. A. S.                              ";AVENIDA CARBALLO 1415;952925;"70-176         ";70-176 - BIDE MONOC C/TRANSF CR RIO;2;2;2;23071462;020926090439939;181247205;;;;11/17/2031 00:00:00;2;13771541;02/09/2026 09:04:39;Maximiliano;Nievas;24353166;02/09/2026 08:36:00;7673;Maximo;Batista;Maximiliano Nievas;Maximo Batista
14127790;02/09/2026 09:04:40;3;2;0001  214888-1;05;CAMIONETA EXP 2;2091512;"CB14    ";"CASA BIANCO S. A. S.                              ";AVENIDA CARBALLO 1415;952933;"70-183         ";"BIDE MONOCOMANDO C/TRANSF MAT                                         ";2;2;2;23071462;020926090439939;181247919;;;;11/02/2031 00:00:00;2;13771541;02/09/2026 09:04:39;Maximiliano;Nievas;24353166;02/09/2026 08:36:00;7673;Maximo;Batista;Maximiliano Nievas;Maximo Batista
14127790;02/09/2026 09:04:40;3;2;0001  214888-1;05;CAMIONETA EXP 2;2091512;"CB14    ";"CASA BIANCO S. A. S.                              ";AVENIDA CARBALLO 1415;953090;"80-136         ";80-136 - DUCHA EMB. C/TRANSF. CR C.C. MARBELLA PLUS;10;10;10;23071462;020926090439939;181257717;;;;10/29/2031 00:00:00;10;13771541;02/09/2026 09:04:39;Maximiliano;Nievas;24353166;02/09/2026 08:36:00;7673;Maximo;Batista;Maximiliano Nievas;Maximo Batista
14127790;02/09/2026 09:04:40;3;2;0001  214888-1;05;CAMIONETA EXP 2;2091512;"CB14    ";"CASA BIANCO S. A. S.                              ";AVENIDA CARBALLO 1415;953109;"80-166         ";"DUCHA EMB. C/TRANSF. CR C.CERAM ADRA PLUS                             ";2;2;2;23071462;020926090439939;181256762;;;;01/13/2032 00:00:00;2;13771541;02/09/2026 09:04:39;Maximiliano;Nievas;24353166;02/09/2026 08:36:00;7673;Maximo;Batista;Maximiliano Nievas;Maximo Batista
14127790;02/09/2026 09:04:40;3;2;0001  214888-1;05;CAMIONETA EXP 2;2091512;"CB14    ";"CASA BIANCO S. A. S.                              ";AVENIDA CARBALLO 1415;953110;"80-166N        ";80-166N - DUCHA EMB. C/TRANSF. BLACK C.CERAM ADRA PLUS;5;5;5;23071462;020926090439939;181254016;;;;11/25/2031 00:00:00;5;13771541;02/09/2026 09:04:39;Maximiliano;Nievas;24353166;02/09/2026 08:36:00;7673;Maximo;Batista;Maximiliano Nievas;Maximo Batista
14127790;02/09/2026 09:04:40;3;2;0001  214888-1;05;CAMIONETA EXP 2;2091512;"CB14    ";"CASA BIANCO S. A. S.                              ";AVENIDA CARBALLO 1415;953120;"80-175GR       ";80-175GR - DUCHA EMB C/TRANSF. PULSE GRAFITO C.CERAM;1;1;1;23071462;020926090439939;181249907;;;;10/12/2031 00:00:00;1;13771541;02/09/2026 09:04:39;Maximiliano;Nievas;24353166;02/09/2026 08:36:00;7673;Maximo;Batista;Maximiliano Nievas;Maximo Batista
14127790;02/09/2026 09:04:40;3;2;0001  214888-1;05;CAMIONETA EXP 2;2091512;"CB14    ";"CASA BIANCO S. A. S.                              ";AVENIDA CARBALLO 1415;953122;"80-176         ";80-176 - DUCHA EMB C/TRANSF MONOC CR RIO;2;2;2;23071462;020926090439939;181247280;;;;07/29/2031 00:00:00;2;13771541;02/09/2026 09:04:39;Maximiliano;Nievas;24353166;02/09/2026 08:36:00;7673;Maximo;Batista;Maximiliano Nievas;Maximo Batista
14127790;02/09/2026 09:04:40;3;2;0001  214888-1;05;CAMIONETA EXP 2;2091512;"CB14    ";"CASA BIANCO S. A. S.                              ";AVENIDA CARBALLO 1415;953131;"80-183         ";"DUCHA EMB C/TRANSF MONOCOMANDO MAT                                    ";2;2;2;23071462;020926090439939;181248198;;;;11/02/2031 00:00:00;2;13771541;02/09/2026 09:04:39;Maximiliano;Nievas;24353166;02/09/2026 08:36:00;7673;Maximo;Batista;Maximiliano Nievas;Maximo Batista
14127790;02/09/2026 09:04:40;3;2;0001  214888-1;05;CAMIONETA EXP 2;2091512;"CB14    ";"CASA BIANCO S. A. S.                              ";AVENIDA CARBALLO 1415;954804;"AB-001         ";AB-001 - AGARRADERA ACERO INOX CROMADO 30 CM SAFE;5;5;5;23071462;020926090439939;181246047;;;;07/28/2031 00:00:00;5;13771541;02/09/2026 09:04:39;Maximiliano;Nievas;24353166;02/09/2026 08:36:00;7673;Maximo;Batista;Maximiliano Nievas;Maximo Batista
14127790;02/09/2026 09:04:40;3;2;0001  214888-1;05;CAMIONETA EXP 2;2091512;"CB14    ";"CASA BIANCO S. A. S.                              ";AVENIDA CARBALLO 1415;1007844;"20-122S        ";"MONOCOMANDO COCINA INOX C/PICO EXTRAIBLE VALENCIA                     ";1;1;1;23071462;020926090439939;181248538;;;;01/06/2032 00:00:00;1;13771541;02/09/2026 09:04:39;Maximiliano;Nievas;24353166;02/09/2026 08:36:00;7673;Maximo;Batista;Maximiliano Nievas;Maximo Batista
14127791;02/09/2026 07:34:15;3;2;0001  214898-1;05;CAMIONETA EXP 2;2092262;"ED04    ";"EDIFICOR S.R.L.                                   ";AV. LOS MOLDAVOS 3131;951425;"20040G         ";20040G - PORTA ROLLO GOLD LINEA PULSE;2;2;2;23071521;020926073414733;181247469;;;;07/31/2031 00:00:00;2;13770174;02/09/2026 07:34:14;Maximiliano;Nievas;24353222;02/09/2026 07:02:46;7152;Mirko;Hernandez;Maximiliano Nievas;Mirko Hernandez
14127791;02/09/2026 07:34:15;3;2;0001  214898-1;05;CAMIONETA EXP 2;2092262;"ED04    ";"EDIFICOR S.R.L.                                   ";AV. LOS MOLDAVOS 3131;951426;"20040GR        ";20040GR - PORTA ROLLO GRAFITO LINEA PULSE;2;2;2;23071521;020926073414733;181247834;;;;07/31/2031 00:00:00;2;13770174;02/09/2026 07:34:14;Maximiliano;Nievas;24353222;02/09/2026 07:02:46;7152;Mirko;Hernandez;Maximiliano Nievas;Mirko Hernandez
14127791;02/09/2026 07:34:15;3;2;0001  214898-1;05;CAMIONETA EXP 2;2092262;"ED04    ";"EDIFICOR S.R.L.                                   ";AV. LOS MOLDAVOS 3131;952719;"61-183         ";"LAVATORIO MONOCOMANDO ALTO MAT                                        ";15;15;15;23071521;020926073414733;181247333;;;;11/02/2031 00:00:00;15;13770174;02/09/2026 07:34:14;Maximiliano;Nievas;24353222;02/09/2026 07:02:46;7152;Mirko;Hernandez;Maximiliano Nievas;Mirko Hernandez
14127791;02/09/2026 07:34:15;3;2;0001  214898-1;05;CAMIONETA EXP 2;2092262;"ED04    ";"EDIFICOR S.R.L.                                   ";AV. LOS MOLDAVOS 3131;952933;"70-183         ";"BIDE MONOCOMANDO C/TRANSF MAT                                         ";10;10;10;23071521;020926073414733;181247202;;;;11/02/2031 00:00:00;10;13770174;02/09/2026 07:34:14;Maximiliano;Nievas;24353222;02/09/2026 07:02:46;7152;Mirko;Hernandez;Maximiliano Nievas;Mirko Hernandez
14127791;02/09/2026 07:34:15;3;2;0001  214898-1;05;CAMIONETA EXP 2;2092262;"ED04    ";"EDIFICOR S.R.L.                                   ";AV. LOS MOLDAVOS 3131;953131;"80-183         ";"DUCHA EMB C/TRANSF MONOCOMANDO MAT                                    ";8;8;8;23071521;020926073414733;181247087;;;;11/02/2031 00:00:00;8;13770174;02/09/2026 07:34:14;Maximiliano;Nievas;24353222;02/09/2026 07:02:46;7152;Mirko;Hernandez;Maximiliano Nievas;Mirko Hernandez
14127791;02/09/2026 07:34:15;3;2;0001  214898-1;05;CAMIONETA EXP 2;2092262;"ED04    ";"EDIFICOR S.R.L.                                   ";AV. LOS MOLDAVOS 3131;953244;"814/CRC        ";814/CRC - MESADA P.FUNDIDO CR/CR C.CERAM. ARES;3;3;3;23071521;020926073414733;181246843;;;;02/16/2032 00:00:00;3;13770174;02/09/2026 07:34:14;Maximiliano;Nievas;24353222;02/09/2026 07:02:46;7152;Mirko;Hernandez;Maximiliano Nievas;Mirko Hernandez
14127791;02/09/2026 07:34:15;3;2;0001  214898-1;05;CAMIONETA EXP 2;2092262;"ED04    ";"EDIFICOR S.R.L.                                   ";AV. LOS MOLDAVOS 3131;953351;"85-183         ";"DUCHA EMB C/TRANSF Y DUCHADOR MONOC MAT                               ";2;2;2;23071521;020926073414733;181246935;;;;01/12/2032 00:00:00;2;13770174;02/09/2026 07:34:14;Maximiliano;Nievas;24353222;02/09/2026 07:02:46;7152;Mirko;Hernandez;Maximiliano Nievas;Mirko Hernandez
14127791;02/09/2026 07:34:15;3;2;0001  214898-1;05;CAMIONETA EXP 2;2092262;"ED04    ";"EDIFICOR S.R.L.                                   ";AV. LOS MOLDAVOS 3131;954903;"BCH03/3        ";BCH03/3 - BACHA DE APOYAR RECTANGULAR 3 AG 500x420x130;5;5;5;23071521;020926073414733;181246573;;;;07/29/2031 00:00:00;5;13770174;02/09/2026 07:34:14;Maximiliano;Nievas;24353222;02/09/2026 07:02:46;7152;Mirko;Hernandez;Maximiliano Nievas;Mirko Hernandez
14127791;02/09/2026 07:34:15;3;2;0001  214898-1;05;CAMIONETA EXP 2;2092262;"ED04    ";"EDIFICOR S.R.L.                                   ";AV. LOS MOLDAVOS 3131;951298;"17020N         ";17020N - TOALLERO DE ARO LINEA FABRIC BLACK;5;5;5;23071521;020926073414733;181246649;;;;07/29/2031 00:00:00;5;13770174;02/09/2026 07:34:14;Maximiliano;Nievas;24353222;02/09/2026 07:02:46;7152;Mirko;Hernandez;Maximiliano Nievas;Mirko Hernandez
14127791;02/09/2026 07:34:15;3;2;0001  214898-1;05;CAMIONETA EXP 2;2092262;"ED04    ";"EDIFICOR S.R.L.                                   ";AV. LOS MOLDAVOS 3131;951383;"20010G         ";20010G - TOALLERO BARRAL GOLD LINEA PULSE;3;3;3;23071521;020926073414733;181247391;;;;07/27/2031 00:00:00;3;13770174;02/09/2026 07:34:14;Maximiliano;Nievas;24353222;02/09/2026 07:02:46;7152;Mirko;Hernandez;Maximiliano Nievas;Mirko Hernandez
14127791;02/09/2026 07:34:15;3;2;0001  214898-1;05;CAMIONETA EXP 2;2092262;"ED04    ";"EDIFICOR S.R.L.                                   ";AV. LOS MOLDAVOS 3131;951398;"20020GR        ";20020GR - TOALLERO DE ARO GRAFITO LINEA PULSE;2;2;2;23071521;020926073414733;181247787;;;;07/29/2031 00:00:00;2;13770174;02/09/2026 07:34:14;Maximiliano;Nievas;24353222;02/09/2026 07:02:46;7152;Mirko;Hernandez;Maximiliano Nievas;Mirko Hernandez
14127791;02/09/2026 07:34:15;3;2;0001  214898-1;05;CAMIONETA EXP 2;2092262;"ED04    ";"EDIFICOR S.R.L.                                   ";AV. LOS MOLDAVOS 3131;951410;"20030DG        ";20030DG - PERCHA DARK GOLD LINEA PULSE;3;3;3;23071521;020926073414733;181247640;;;;07/31/2031 00:00:00;3;13770174;02/09/2026 07:34:14;Maximiliano;Nievas;24353222;02/09/2026 07:02:46;7152;Mirko;Hernandez;Maximiliano Nievas;Mirko Hernandez
14127791;02/09/2026 07:34:15;3;2;0001  214898-1;05;CAMIONETA EXP 2;2092262;"ED04    ";"EDIFICOR S.R.L.                                   ";AV. LOS MOLDAVOS 3131;951411;"20030G         ";20030G - PERCHA GOLD LINEA PULSE;3;3;3;23071521;020926073414733;181247439;;;;07/31/2031 00:00:00;3;13770174;02/09/2026 07:34:14;Maximiliano;Nievas;24353222;02/09/2026 07:02:46;7152;Mirko;Hernandez;Maximiliano Nievas;Mirko Hernandez
14127791;02/09/2026 07:34:15;3;2;0001  214898-1;05;CAMIONETA EXP 2;2092262;"ED04    ";"EDIFICOR S.R.L.                                   ";AV. LOS MOLDAVOS 3131;951412;"20030GR        ";20030GR - PERCHA GRAFITO LINEA PULSE  ;6;6;6;23071521;020926073414733;181247912;;;;07/31/2031 00:00:00;6;13770174;02/09/2026 07:34:14;Maximiliano;Nievas;24353222;02/09/2026 07:02:46;7152;Mirko;Hernandez;Maximiliano Nievas;Mirko Hernandez
14127792;02/09/2026 07:14:37;3;2;0001  214902-1;05;CAMIONETA EXP 2;2092710;"GI01    ";"GILI Y CIA SRL                                    ";RONDEAU 915;952723;"61-200C        ";61-200C - LAVATORIO MONOC ALTO CR FABRIC;1;1;1;23071481;020926071437183;181245978;;;;07/27/2031 00:00:00;1;13769999;02/09/2026 07:14:37;Maximiliano;Nievas;24353187;02/09/2026 06:40:47;6867;Javier;Lescano;Maximiliano Nievas;Javier Lescano
14127793;02/09/2026 07:16:45;3;2;0001  214906-1;05;CAMIONETA EXP 2;2092249;"EC11    ";"ES-COR DESIGN S.R.L.                              ";AV. LURO 2756;953159;"80-203P        ";80-203P - DUCHA EMB C/TRANSF. MONOCOMANDO ADRA PLUS;1;1;1;23071482;020926071645269;181245873;;;;07/27/2031 00:00:00;1;13770036;02/09/2026 07:16:45;Maximiliano;Nievas;24353187;02/09/2026 06:40:47;6867;Javier;Lescano;Maximiliano Nievas;Javier Lescano
14127794;02/09/2026 09:20:36;3;2;0001  214913-1;05;CAMIONETA EXP 2;2092080;"DE18    ";"DECO S.R.L.                                       ";REMEDIO DE ESCALADA 40;951545;"20-172         ";20-172 - COCINA MESADA MONOC. COLORS NEGRO;3;3;3;23072903;020926092035079;181257084;;;;07/28/2031 00:00:00;3;13772573;02/09/2026 09:20:35;Maximiliano;Nievas;24354776;02/09/2026 08:24:51;7636;Kevin;Arce;Maximiliano Nievas;Kevin Arce
14127794;02/09/2026 09:20:36;3;2;0001  214913-1;05;CAMIONETA EXP 2;2092080;"DE18    ";"DECO S.R.L.                                       ";REMEDIO DE ESCALADA 40;951547;"20-174         ";20-174 - COCINA MESADA MONOC. COLORS BLACK;3;3;3;23072903;020926092035079;181257410;;;;07/28/2031 00:00:00;3;13772573;02/09/2026 09:20:35;Maximiliano;Nievas;24354776;02/09/2026 08:24:51;7636;Kevin;Arce;Maximiliano Nievas;Kevin Arce
14127794;02/09/2026 09:20:36;3;2;0001  214913-1;05;CAMIONETA EXP 2;2092080;"DE18    ";"DECO S.R.L.                                       ";REMEDIO DE ESCALADA 40;951551;"20-182N        ";20-182N - MONOCOMANDO DE COCINA MULTIFUNCION BLACK ZENITH;2;2;2;23072903;020926092035079;181259280;;;;07/30/2031 00:00:00;2;13772573;02/09/2026 09:20:35;Maximiliano;Nievas;24354776;02/09/2026 08:24:51;7636;Kevin;Arce;Maximiliano Nievas;Kevin Arce
14127794;02/09/2026 09:20:36;3;2;0001  214913-1;05;CAMIONETA EXP 2;2092080;"DE18    ";"DECO S.R.L.                                       ";REMEDIO DE ESCALADA 40;952674;"60-200N        ";60-200N - LAVATORIO MONOC BAJO BLACK FABRIC;3;3;3;23072903;020926092035079;181255174;;;;07/28/2031 00:00:00;3;13772573;02/09/2026 09:20:35;Maximiliano;Nievas;24354776;02/09/2026 08:24:51;7636;Kevin;Arce;Maximiliano Nievas;Kevin Arce
14127794;02/09/2026 09:20:36;3;2;0001  214913-1;05;CAMIONETA EXP 2;2092080;"DE18    ";"DECO S.R.L.                                       ";REMEDIO DE ESCALADA 40;952677;"60-203         ";60-203 - LAVATORIO MONOCOMANDO BAJO ADRA;2;2;2;23072903;020926092035079;181257885;;;;02/10/2032 00:00:00;2;13772573;02/09/2026 09:20:35;Maximiliano;Nievas;24354776;02/09/2026 08:24:51;7636;Kevin;Arce;Maximiliano Nievas;Kevin Arce
14127794;02/09/2026 09:20:36;3;2;0001  214913-1;05;CAMIONETA EXP 2;2092080;"DE18    ";"DECO S.R.L.                                       ";REMEDIO DE ESCALADA 40;952727;"61-203N        ";"LAVATORIO MONOCOMANDO ALTO ADRA BLACK                                 ";3;3;3;23072903;020926092035079;181258138;;;;01/06/2032 00:00:00;3;13772573;02/09/2026 09:20:35;Maximiliano;Nievas;24354776;02/09/2026 08:24:51;7636;Kevin;Arce;Maximiliano Nievas;Kevin Arce
14127794;02/09/2026 09:20:36;3;2;0001  214913-1;05;CAMIONETA EXP 2;2092080;"DE18    ";"DECO S.R.L.                                       ";REMEDIO DE ESCALADA 40;952951;"70-200N        ";70-200N - BIDE MONOCOMANDO BLACK FABRIC;1;1;1;23072903;020926092035079;181255317;;;;09/06/2031 00:00:00;1;13772573;02/09/2026 09:20:35;Maximiliano;Nievas;24354776;02/09/2026 08:24:51;7636;Kevin;Arce;Maximiliano Nievas;Kevin Arce
14127794;02/09/2026 09:20:36;3;2;0001  214913-1;05;CAMIONETA EXP 2;2092080;"DE18    ";"DECO S.R.L.                                       ";REMEDIO DE ESCALADA 40;953154;"80-200N        ";80-200N - DUCHA EMB. MONOC. 3 FUNCIONES BLACK FABRIC;2;2;2;23072903;020926092035079;181260123;;;;01/04/2032 00:00:00;2;13772573;02/09/2026 09:20:35;Maximiliano;Nievas;24354776;02/09/2026 08:24:51;7636;Kevin;Arce;Maximiliano Nievas;Kevin Arce
14127794;02/09/2026 09:20:36;3;2;0001  214913-1;05;CAMIONETA EXP 2;2092080;"DE18    ";"DECO S.R.L.                                       ";REMEDIO DE ESCALADA 40;954379;"A1539N         ";"TAPA Y TECLA PARA VALVULA DE DESCARGA CUADRADA MINIMALISTA BLACK      ";2;2;2;23072903;020926092035079;181262879;;;;07/31/2031 00:00:00;2;13772573;02/09/2026 09:20:35;Maximiliano;Nievas;24354776;02/09/2026 08:24:51;7636;Kevin;Arce;Maximiliano Nievas;Kevin Arce
14127794;02/09/2026 09:20:36;3;2;0001  214913-1;05;CAMIONETA EXP 2;2092080;"DE18    ";"DECO S.R.L.                                       ";REMEDIO DE ESCALADA 40;954382;"A1540          ";"CUERPO VALVULA DE DESAGOTE P/INODORO TECNO 02-010/011                 ";2;2;2;23072903;020926092035079;181263353;;;;07/28/2031 00:00:00;2;13772573;02/09/2026 09:20:35;Maximiliano;Nievas;24354776;02/09/2026 08:24:51;7636;Kevin;Arce;Maximiliano Nievas;Kevin Arce
14127794;02/09/2026 09:20:36;3;2;0001  214913-1;05;CAMIONETA EXP 2;2092080;"DE18    ";"DECO S.R.L.                                       ";REMEDIO DE ESCALADA 40;954884;"BAI01N         ";BAI01N - BACHA EMB COCINA C/ACCESORIOS 750x450x220 BLACK GUN BRUSHED;2;2;2;23072903;020926092035079;181258606;;;;07/30/2031 00:00:00;2;13772573;02/09/2026 09:20:35;Maximiliano;Nievas;24354776;02/09/2026 08:24:51;7636;Kevin;Arce;Maximiliano Nievas;Kevin Arce
14127795;02/09/2026 09:08:17;3;2;0001  214917-1;05;CAMIONETA EXP 2;2094697;"SV08    ";"SANIFER VCP S.R.L.                                ";AV. CARCANO 354;951537;"20-162N        ";"MONOCOMANDO COCINA BLACK ADRA                                         ";10;10;10;23071969;020926090815807;181249015;;;;07/28/2031 00:00:00;10;13772118;02/09/2026 09:08:15;Tiago;Rodriguez;24353837;02/09/2026 07:20:34;6414;Agustin;Scirica;Tiago Rodriguez;Agustin Scirica
14127795;02/09/2026 09:08:17;3;2;0001  214917-1;05;CAMIONETA EXP 2;2094697;"SV08    ";"SANIFER VCP S.R.L.                                ";AV. CARCANO 354;952727;"61-203N        ";"LAVATORIO MONOCOMANDO ALTO ADRA BLACK                                 ";20;20;20;23071969;020926090815807;181249989;;;;01/06/2032 00:00:00;20;13772118;02/09/2026 09:08:15;Tiago;Rodriguez;24353837;02/09/2026 07:20:34;6414;Agustin;Scirica;Tiago Rodriguez;Agustin Scirica
14127795;02/09/2026 09:08:17;3;2;0001  214917-1;05;CAMIONETA EXP 2;2094697;"SV08    ";"SANIFER VCP S.R.L.                                ";AV. CARCANO 354;952913;"70-162N        ";70-162N - BIDE BLACK C.CERAM LINEA ADRA;8;8;8;23071969;020926090815807;181250493;;;;12/08/2031 00:00:00;8;13772118;02/09/2026 09:08:15;Tiago;Rodriguez;24353837;02/09/2026 07:20:34;6414;Agustin;Scirica;Tiago Rodriguez;Agustin Scirica
14127795;02/09/2026 09:08:17;3;2;0001  214917-1;05;CAMIONETA EXP 2;2094697;"SV08    ";"SANIFER VCP S.R.L.                                ";AV. CARCANO 354;953110;"80-166N        ";80-166N - DUCHA EMB. C/TRANSF. BLACK C.CERAM ADRA PLUS;8;8;8;23071969;020926090815807;181250191;;;;11/25/2031 00:00:00;8;13772118;02/09/2026 09:08:15;Tiago;Rodriguez;24353837;02/09/2026 07:20:34;6414;Agustin;Scirica;Tiago Rodriguez;Agustin Scirica
14128174;02/09/2026 13:00:25;3;2;0001  213973-1;05;CAMIONETA EXP 3;2093044;"JM05    ";"JUAN H MARCHAL Y CIA S.R.L.                       ";AV. 59 1317;954943;"BID102-3       ";"BIDE 3 AGUJEROS BLANCO LINEA LOFT                                     ";12;12;12;23078533;020926130024691;181296960;;;;08/13/2031 00:00:00;12;13778545;02/09/2026 13:00:24;Agustin;Scirica;24360004;02/09/2026 09:59:16;7152;Mirko;Hernandez;Agustin Scirica;Mirko Hernandez
14128174;02/09/2026 13:00:25;3;2;0001  213973-1;05;CAMIONETA EXP 3;2093044;"JM05    ";"JUAN H MARCHAL Y CIA S.R.L.                       ";AV. 59 1317;956411;"INO102-1       ";"INODORO BLANCO C/ASIENTO LINEA LOFT                                   ";10;5;5;23088195;020926125808473;181298637;;;;02/19/2032 00:00:00;5;13779168;02/09/2026 12:58:08;Agustin;Scirica;;;;;;Agustin Scirica;
14128175;02/09/2026 10:06:23;3;2;0001  214765-1;05;CAMIONETA EXP 3;2090999;"AC02    ";"ACCESANIGA S.A.                                   ";PARAGUAY 1332;952659;"60-191         ";60-191 - LAVATORIO C.CERAM LINEA PRADO;1;1;1;23078448;020926100623257;181294326;;;;07/29/2031 00:00:00;1;13773870;02/09/2026 10:06:23;Maximiliano;Nievas;24359931;02/09/2026 09:46:15;7152;Mirko;Hernandez;Maximiliano Nievas;Mirko Hernandez
14128176;02/09/2026 11:55:52;3;2;0001  214799-1;05;CAMIONETA EXP 3;2094667;"SS46    ";"SANTAELLA SANTIAGO                                ";JUJUY 2389;952913;"70-162N        ";70-162N - BIDE BLACK C.CERAM LINEA ADRA;2;2;2;23078690;020926115549677;181307554;;;;12/08/2031 00:00:00;2;13777129;02/09/2026 11:55:49;Tiago;Rodriguez;24360163;02/09/2026 10:29:20;7673;Maximo;Batista;Tiago Rodriguez;Maximo Batista
14128176;02/09/2026 11:55:52;3;2;0001  214799-1;05;CAMIONETA EXP 3;2094667;"SS46    ";"SANTAELLA SANTIAGO                                ";JUJUY 2389;952912;"70-162         ";70-162 - BIDE CR C.CERAM LINEA ADRA;2;2;2;23078690;020926115549677;181310324;;;;07/29/2031 00:00:00;2;13777129;02/09/2026 11:55:49;Tiago;Rodriguez;24360163;02/09/2026 10:29:20;7673;Maximo;Batista;Tiago Rodriguez;Maximo Batista
14128176;02/09/2026 11:55:52;3;2;0001  214799-1;05;CAMIONETA EXP 3;2094667;"SS46    ";"SANTAELLA SANTIAGO                                ";JUJUY 2389;952896;"70-133         ";70-133 - BIDE MONOCOMANDO LUGO;4;4;4;23078690;020926115549677;181299144;;;;07/30/2031 00:00:00;4;13777129;02/09/2026 11:55:49;Tiago;Rodriguez;24360163;02/09/2026 10:29:20;7673;Maximo;Batista;Tiago Rodriguez;Maximo Batista
14128176;02/09/2026 11:55:52;3;2;0001  214799-1;05;CAMIONETA EXP 3;2094667;"SS46    ";"SANTAELLA SANTIAGO                                ";JUJUY 2389;952635;"60-162N        ";60-162N - LAVATORIO BLACK C.CERAM LINEA ADRA;2;2;2;23078690;020926115549677;181308427;;;;11/03/2031 00:00:00;2;13777129;02/09/2026 11:55:49;Tiago;Rodriguez;24360163;02/09/2026 10:29:20;7673;Maximo;Batista;Tiago Rodriguez;Maximo Batista
14128176;02/09/2026 11:55:52;3;2;0001  214799-1;05;CAMIONETA EXP 3;2094667;"SS46    ";"SANTAELLA SANTIAGO                                ";JUJUY 2389;952634;"60-162         ";60-162 - LAVATORIO CR C.CERAM LINEA ADRA;6;6;6;23078690;020926115549677;181310023;;;;07/29/2031 00:00:00;6;13777129;02/09/2026 11:55:49;Tiago;Rodriguez;24360163;02/09/2026 10:29:20;7673;Maximo;Batista;Tiago Rodriguez;Maximo Batista
14128176;02/09/2026 11:55:52;3;2;0001  214799-1;05;CAMIONETA EXP 3;2094667;"SS46    ";"SANTAELLA SANTIAGO                                ";JUJUY 2389;952618;"60-133         ";60-133 - LAVATORIO MONOCOMANDO LUGO;6;6;6;23078690;020926115549677;181301020;;;;07/29/2031 00:00:00;6;13777129;02/09/2026 11:55:49;Tiago;Rodriguez;24360163;02/09/2026 10:29:20;7673;Maximo;Batista;Tiago Rodriguez;Maximo Batista
14128176;02/09/2026 11:55:52;3;2;0001  214799-1;05;CAMIONETA EXP 3;2094667;"SS46    ";"SANTAELLA SANTIAGO                                ";JUJUY 2389;952597;"60-100N        ";60-100N - LAVATORIO BLACK C.CERAM FABRIC;1;1;1;23078690;020926115549677;181306945;;;;12/01/2031 00:00:00;1;13777129;02/09/2026 11:55:49;Tiago;Rodriguez;24360163;02/09/2026 10:29:20;7673;Maximo;Batista;Tiago Rodriguez;Maximo Batista
14128176;02/09/2026 11:55:52;3;2;0001  214799-1;05;CAMIONETA EXP 3;2094667;"SS46    ";"SANTAELLA SANTIAGO                                ";JUJUY 2389;952577;"60-045         ";60-045 - LAVATORIO CR/CR C.STD CRUZ;2;2;2;23078690;020926115549677;181306305;;;;01/24/2032 00:00:00;2;13777129;02/09/2026 11:55:49;Tiago;Rodriguez;24360163;02/09/2026 10:29:20;7673;Maximo;Batista;Tiago Rodriguez;Maximo Batista
14128176;02/09/2026 11:55:52;3;2;0001  214799-1;05;CAMIONETA EXP 3;2094667;"SS46    ";"SANTAELLA SANTIAGO                                ";JUJUY 2389;952499;"54-203         ";"COCINA PARED EXT C.CERAM ADRA MONOCOMANDO                             ";4;4;4;23078690;020926115549677;181302837;;;;11/23/2031 00:00:00;4;13777129;02/09/2026 11:55:49;Tiago;Rodriguez;24360163;02/09/2026 10:29:20;7673;Maximo;Batista;Tiago Rodriguez;Maximo Batista
14128176;02/09/2026 11:55:52;3;2;0001  214799-1;05;CAMIONETA EXP 3;2094667;"SS46    ";"SANTAELLA SANTIAGO                                ";JUJUY 2389;952437;"51-057         ";51-057 - COCINA MESADA CR C.STD VERIN PLUS;4;4;4;23078690;020926115549677;181305221;;;;01/27/2032 00:00:00;4;13777129;02/09/2026 11:55:49;Tiago;Rodriguez;24360163;02/09/2026 10:29:20;7673;Maximo;Batista;Tiago Rodriguez;Maximo Batista
14128176;02/09/2026 11:55:52;3;2;0001  214799-1;05;CAMIONETA EXP 3;2094667;"SS46    ";"SANTAELLA SANTIAGO                                ";JUJUY 2389;951983;"3050           ";3050 - JABONERA LINEA 3000;4;4;4;23078690;020926115549677;181297343;;;;07/27/2031 00:00:00;4;13777129;02/09/2026 11:55:49;Tiago;Rodriguez;24360163;02/09/2026 10:29:20;7673;Maximo;Batista;Tiago Rodriguez;Maximo Batista
14128176;02/09/2026 11:55:52;3;2;0001  214799-1;05;CAMIONETA EXP 3;2094667;"SS46    ";"SANTAELLA SANTIAGO                                ";JUJUY 2389;951975;"3040           ";3040 - PORTA ROLLO LINEA 3000;10;10;10;23078690;020926115549677;181297016;;;;07/27/2031 00:00:00;10;13777129;02/09/2026 11:55:49;Tiago;Rodriguez;24360163;02/09/2026 10:29:20;7673;Maximo;Batista;Tiago Rodriguez;Maximo Batista
14128176;02/09/2026 11:55:52;3;2;0001  214799-1;05;CAMIONETA EXP 3;2094667;"SS46    ";"SANTAELLA SANTIAGO                                ";JUJUY 2389;951794;"3010           ";3010 - TOALLERO BARRAL LINEA 3000;4;4;4;23078690;020926115549677;181296544;;;;07/29/2031 00:00:00;4;13777129;02/09/2026 11:55:49;Tiago;Rodriguez;24360163;02/09/2026 10:29:20;7673;Maximo;Batista;Tiago Rodriguez;Maximo Batista
14128176;02/09/2026 11:55:52;3;2;0001  214799-1;05;CAMIONETA EXP 3;2094667;"SS46    ";"SANTAELLA SANTIAGO                                ";JUJUY 2389;951611;"21-160         ";"MONOCOMANDO DUO COCINA CROMO DIQUE                                    ";4;4;4;23078690;020926115549677;181298163;;;;12/14/2031 00:00:00;4;13777129;02/09/2026 11:55:49;Tiago;Rodriguez;24360163;02/09/2026 10:29:20;7673;Maximo;Batista;Tiago Rodriguez;Maximo Batista
14128176;02/09/2026 11:55:52;3;2;0001  214799-1;05;CAMIONETA EXP 3;2094667;"SS46    ";"SANTAELLA SANTIAGO                                ";JUJUY 2389;951537;"20-162N        ";"MONOCOMANDO COCINA BLACK ADRA                                         ";2;2;2;23078690;020926115549677;181298610;;;;07/28/2031 00:00:00;2;13777129;02/09/2026 11:55:49;Tiago;Rodriguez;24360163;02/09/2026 10:29:20;7673;Maximo;Batista;Tiago Rodriguez;Maximo Batista
14128176;02/09/2026 11:55:52;3;2;0001  214799-1;05;CAMIONETA EXP 3;2094667;"SS46    ";"SANTAELLA SANTIAGO                                ";JUJUY 2389;951536;"20-162         ";20-162 - MONOCOMANDO COCINA ADRA;2;2;2;23078690;020926115549677;181301334;;;;07/28/2031 00:00:00;2;13777129;02/09/2026 11:55:49;Tiago;Rodriguez;24360163;02/09/2026 10:29:20;7673;Maximo;Batista;Tiago Rodriguez;Maximo Batista
14128176;02/09/2026 11:55:52;3;2;0001  214799-1;05;CAMIONETA EXP 3;2094667;"SS46    ";"SANTAELLA SANTIAGO                                ";JUJUY 2389;951535;"20-160         ";20-160 - MONOCOMANDO MESADA COCINA DIQUE;24;24;24;23078690;020926115549677;181299811;;;;07/28/2031 00:00:00;24;13777129;02/09/2026 11:55:49;Tiago;Rodriguez;24360163;02/09/2026 10:29:20;7673;Maximo;Batista;Tiago Rodriguez;Maximo Batista
14128176;02/09/2026 11:55:52;3;2;0001  214799-1;05;CAMIONETA EXP 3;2094667;"SS46    ";"SANTAELLA SANTIAGO                                ";JUJUY 2389;951530;"20-146         ";20-146 - MONOCOMANDO DE COCINA CR LINEA MOVE;6;6;6;23078690;020926115549677;181299388;;;;10/09/2031 00:00:00;6;13777129;02/09/2026 11:55:49;Tiago;Rodriguez;24360163;02/09/2026 10:29:20;7673;Maximo;Batista;Tiago Rodriguez;Maximo Batista
14128176;02/09/2026 11:55:52;3;2;0001  214799-1;05;CAMIONETA EXP 3;2094667;"SS46    ";"SANTAELLA SANTIAGO                                ";JUJUY 2389;951488;"20-102         ";"20-102 - MONOCOMANDO MESADA CROMO ""RENACER""";4;4;4;23078690;020926115549677;181304493;;;;08/20/2031 00:00:00;4;13777129;02/09/2026 11:55:49;Tiago;Rodriguez;24360163;02/09/2026 10:29:20;7673;Maximo;Batista;Tiago Rodriguez;Maximo Batista
14128176;02/09/2026 11:55:52;3;2;0001  214799-1;05;CAMIONETA EXP 3;2094667;"SS46    ";"SANTAELLA SANTIAGO                                ";JUJUY 2389;951303;"17040G         ";17040G - PORTA ROLLO LINEA FABRIC GOLD;2;2;2;23078690;020926115549677;181301649;;;;07/28/2031 00:00:00;2;13777129;02/09/2026 11:55:49;Tiago;Rodriguez;24360163;02/09/2026 10:29:20;7673;Maximo;Batista;Tiago Rodriguez;Maximo Batista
14128176;02/09/2026 11:55:52;3;2;0001  214799-1;05;CAMIONETA EXP 3;2094667;"SS46    ";"SANTAELLA SANTIAGO                                ";JUJUY 2389;951300;"17030G         ";17030G - PERCHA LINEA FABRIC GOLD;2;2;2;23078690;020926115549677;181304707;;;;07/29/2031 00:00:00;2;13777129;02/09/2026 11:55:49;Tiago;Rodriguez;24360163;02/09/2026 10:29:20;7673;Maximo;Batista;Tiago Rodriguez;Maximo Batista
14128176;02/09/2026 11:55:52;3;2;0001  214799-1;05;CAMIONETA EXP 3;2094667;"SS46    ";"SANTAELLA SANTIAGO                                ";JUJUY 2389;951116;"12006          ";"SET DE 6 PIEZAS LINEA 12000                                           ";10;10;10;23078690;020926115549677;181300646;;;;07/30/2031 00:00:00;10;13777129;02/09/2026 11:55:49;Tiago;Rodriguez;24360163;02/09/2026 10:29:20;7673;Maximo;Batista;Tiago Rodriguez;Maximo Batista
14128177;02/09/2026 10:55:43;3;2;0001  214802-1;05;CAMIONETA EXP 3;2092251;"EC13    ";"EL CAÑADON  S.R.L.                                ";AV. ALTE. BROWN 325;953324;"835            ";835 - JGO.MDA. P.FUNDIDO CR MURCIA;5;5;5;23078971;020926105541754;181305871;;;;07/29/2031 00:00:00;5;13775286;02/09/2026 10:55:41;Maximiliano;Nievas;24360364;02/09/2026 10:25:52;7636;Kevin;Arce;Maximiliano Nievas;Kevin Arce
14128177;02/09/2026 10:55:43;3;2;0001  214802-1;05;CAMIONETA EXP 3;2092251;"EC13    ";"EL CAÑADON  S.R.L.                                ";AV. ALTE. BROWN 325;953059;"80-057         ";80-057 - DUCHA EMB. C/TRANSF. C.STD VERIN PLUS;1;1;1;23078971;020926105541754;181308456;;;;01/04/2032 00:00:00;1;13775286;02/09/2026 10:55:41;Maximiliano;Nievas;24360364;02/09/2026 10:25:52;7636;Kevin;Arce;Maximiliano Nievas;Kevin Arce
14128177;02/09/2026 10:55:43;3;2;0001  214802-1;05;CAMIONETA EXP 3;2092251;"EC13    ";"EL CAÑADON  S.R.L.                                ";AV. ALTE. BROWN 325;952947;"70-199N        ";70-199N - BIDE BLACK C.CERAM LIVE;2;2;2;23078971;020926105541754;181306419;;;;07/29/2031 00:00:00;2;13775286;02/09/2026 10:55:41;Maximiliano;Nievas;24360364;02/09/2026 10:25:52;7636;Kevin;Arce;Maximiliano Nievas;Kevin Arce
14128177;02/09/2026 10:55:43;3;2;0001  214802-1;05;CAMIONETA EXP 3;2092251;"EC13    ";"EL CAÑADON  S.R.L.                                ";AV. ALTE. BROWN 325;952912;"70-162         ";70-162 - BIDE CR C.CERAM LINEA ADRA;3;3;3;23078971;020926105541754;181307796;;;;07/29/2031 00:00:00;3;13775286;02/09/2026 10:55:41;Maximiliano;Nievas;24360364;02/09/2026 10:25:52;7636;Kevin;Arce;Maximiliano Nievas;Kevin Arce
14128177;02/09/2026 10:55:43;3;2;0001  214802-1;05;CAMIONETA EXP 3;2092251;"EC13    ";"EL CAÑADON  S.R.L.                                ";AV. ALTE. BROWN 325;952860;"70-057         ";70-057 - BIDE C.STD VERIN PLUS;3;3;3;23078971;020926105541754;181308377;;;;01/11/2032 00:00:00;3;13775286;02/09/2026 10:55:41;Maximiliano;Nievas;24360364;02/09/2026 10:25:52;7636;Kevin;Arce;Maximiliano Nievas;Kevin Arce
14128177;02/09/2026 10:55:43;3;2;0001  214802-1;05;CAMIONETA EXP 3;2092251;"EC13    ";"EL CAÑADON  S.R.L.                                ";AV. ALTE. BROWN 325;952821;"70-001N        ";"70-001N - BIDE ""CROMO Y""";3;3;3;23078971;020926105541754;181304131;;;;07/31/2031 00:00:00;3;13775286;02/09/2026 10:55:41;Maximiliano;Nievas;24360364;02/09/2026 10:25:52;7636;Kevin;Arce;Maximiliano Nievas;Kevin Arce
14128177;02/09/2026 10:55:43;3;2;0001  214802-1;05;CAMIONETA EXP 3;2092251;"EC13    ";"EL CAÑADON  S.R.L.                                ";AV. ALTE. BROWN 325;952669;"60-199N        ";60-199N - LAVATORIO BLACK C.CERAM LIVE;1;1;1;23078971;020926105541754;181306533;;;;07/27/2031 00:00:00;1;13775286;02/09/2026 10:55:41;Maximiliano;Nievas;24360364;02/09/2026 10:25:52;7636;Kevin;Arce;Maximiliano Nievas;Kevin Arce
14128177;02/09/2026 10:55:43;3;2;0001  214802-1;05;CAMIONETA EXP 3;2092251;"EC13    ";"EL CAÑADON  S.R.L.                                ";AV. ALTE. BROWN 325;952634;"60-162         ";60-162 - LAVATORIO CR C.CERAM LINEA ADRA;2;2;2;23078971;020926105541754;181307618;;;;07/29/2031 00:00:00;2;13775286;02/09/2026 10:55:41;Maximiliano;Nievas;24360364;02/09/2026 10:25:52;7636;Kevin;Arce;Maximiliano Nievas;Kevin Arce
14128177;02/09/2026 10:55:43;3;2;0001  214802-1;05;CAMIONETA EXP 3;2092251;"EC13    ";"EL CAÑADON  S.R.L.                                ";AV. ALTE. BROWN 325;952582;"60-057         ";60-057 - LAVATORIO C.STD VERIN PLUS;3;3;3;23078971;020926105541754;181308177;;;;01/06/2032 00:00:00;3;13775286;02/09/2026 10:55:41;Maximiliano;Nievas;24360364;02/09/2026 10:25:52;7636;Kevin;Arce;Maximiliano Nievas;Kevin Arce
14128177;02/09/2026 10:55:43;3;2;0001  214802-1;05;CAMIONETA EXP 3;2092251;"EC13    ";"EL CAÑADON  S.R.L.                                ";AV. ALTE. BROWN 325;952477;"53-010         ";53-010 - COCINA PARED EXT. P.ALTO BL/CR LORCA;3;3;3;23078971;020926105541754;181308717;;;;11/29/2031 00:00:00;3;13775286;02/09/2026 10:55:41;Maximiliano;Nievas;24360364;02/09/2026 10:25:52;7636;Kevin;Arce;Maximiliano Nievas;Kevin Arce
14128177;02/09/2026 10:55:43;3;2;0001  214802-1;05;CAMIONETA EXP 3;2092251;"EC13    ";"EL CAÑADON  S.R.L.                                ";AV. ALTE. BROWN 325;952456;"51-190         ";51-190 - MESADA BIMANDO C.CERAM BLACK VELVET;2;2;2;23078971;020926105541754;181304968;;;;10/13/2031 00:00:00;2;13775286;02/09/2026 10:55:41;Maximiliano;Nievas;24360364;02/09/2026 10:25:52;7636;Kevin;Arce;Maximiliano Nievas;Kevin Arce
14128177;02/09/2026 10:55:43;3;2;0001  214802-1;05;CAMIONETA EXP 3;2092251;"EC13    ";"EL CAÑADON  S.R.L.                                ";AV. ALTE. BROWN 325;952420;"51-002         ";51-002 - COCINA MESADA RENACER;5;5;5;23078971;020926105541754;181307225;;;;11/03/2031 00:00:00;5;13775286;02/09/2026 10:55:41;Maximiliano;Nievas;24360364;02/09/2026 10:25:52;7636;Kevin;Arce;Maximiliano Nievas;Kevin Arce
14128177;02/09/2026 10:55:43;3;2;0001  214802-1;05;CAMIONETA EXP 3;2092251;"EC13    ";"EL CAÑADON  S.R.L.                                ";AV. ALTE. BROWN 325;951833;"30-132         ";30-132 - COCINA MESADA MONOC. C/DUCHADOR EXTENSIBLE VIGO;2;2;2;23078971;020926105541754;181299306;;;;07/28/2031 00:00:00;2;13775286;02/09/2026 10:55:41;Maximiliano;Nievas;24360364;02/09/2026 10:25:52;7636;Kevin;Arce;Maximiliano Nievas;Kevin Arce
14128177;02/09/2026 10:55:43;3;2;0001  214802-1;05;CAMIONETA EXP 3;2092251;"EC13    ";"EL CAÑADON  S.R.L.                                ";AV. ALTE. BROWN 325;951545;"20-172         ";20-172 - COCINA MESADA MONOC. COLORS NEGRO;2;2;2;23078971;020926105541754;181299762;;;;07/28/2031 00:00:00;2;13775286;02/09/2026 10:55:41;Maximiliano;Nievas;24360364;02/09/2026 10:25:52;7636;Kevin;Arce;Maximiliano Nievas;Kevin Arce
14128177;02/09/2026 10:55:43;3;2;0001  214802-1;05;CAMIONETA EXP 3;2092251;"EC13    ";"EL CAÑADON  S.R.L.                                ";AV. ALTE. BROWN 325;951536;"20-162         ";20-162 - MONOCOMANDO COCINA ADRA;2;2;2;23078971;020926105541754;181302208;;;;07/28/2031 00:00:00;2;13775286;02/09/2026 10:55:41;Maximiliano;Nievas;24360364;02/09/2026 10:25:52;7636;Kevin;Arce;Maximiliano Nievas;Kevin Arce
14128177;02/09/2026 10:55:43;3;2;0001  214802-1;05;CAMIONETA EXP 3;2092251;"EC13    ";"EL CAÑADON  S.R.L.                                ";AV. ALTE. BROWN 325;951533;"20-150         ";20-150 - MONOCOMANDO MESADA COCINA TOLEDO;1;1;1;23078971;020926105541754;181300241;;;;07/27/2031 00:00:00;1;13775286;02/09/2026 10:55:41;Maximiliano;Nievas;24360364;02/09/2026 10:25:52;7636;Kevin;Arce;Maximiliano Nievas;Kevin Arce
14128177;02/09/2026 10:55:43;3;2;0001  214802-1;05;CAMIONETA EXP 3;2092251;"EC13    ";"EL CAÑADON  S.R.L.                                ";AV. ALTE. BROWN 325;951524;"20-135         ";20-135 - MONOCOMANDO COCINA SANTANDER;5;5;5;23078971;020926105541754;181301162;;;;07/28/2031 00:00:00;5;13775286;02/09/2026 10:55:41;Maximiliano;Nievas;24360364;02/09/2026 10:25:52;7636;Kevin;Arce;Maximiliano Nievas;Kevin Arce
14128177;02/09/2026 10:55:43;3;2;0001  214802-1;05;CAMIONETA EXP 3;2092251;"EC13    ";"EL CAÑADON  S.R.L.                                ";AV. ALTE. BROWN 325;951521;"20-131         ";20-131 - MONOCOMANDO COCINA MALLORCA;3;3;3;23078971;020926105541754;181304598;;;;07/29/2031 00:00:00;3;13775286;02/09/2026 10:55:41;Maximiliano;Nievas;24360364;02/09/2026 10:25:52;7636;Kevin;Arce;Maximiliano Nievas;Kevin Arce
14128177;02/09/2026 10:55:43;3;2;0001  214802-1;05;CAMIONETA EXP 3;2092251;"EC13    ";"EL CAÑADON  S.R.L.                                ";AV. ALTE. BROWN 325;951488;"20-102         ";"20-102 - MONOCOMANDO MESADA CROMO ""RENACER""";3;3;3;23078971;020926105541754;181303679;;;;08/20/2031 00:00:00;3;13775286;02/09/2026 10:55:41;Maximiliano;Nievas;24360364;02/09/2026 10:25:52;7636;Kevin;Arce;Maximiliano Nievas;Kevin Arce
14128178;02/09/2026 12:29:49;3;2;0001  214895-1;05;CAMIONETA EXP 3;2091630;"CF13    ";"CAPRI FERNANDO GABRIEL                            ";AV. PRINGLES 3510;955159;"D439           ";D439 - KIT DE DUCHA MANUAL;1;1;1;23079110;020926122949305;181301647;;;;12/16/2031 00:00:00;1;13778273;02/09/2026 12:29:49;Agustin;Scirica;24360533;02/09/2026 10:19:14;6922;Franco;Potenza;Agustin Scirica;Franco Potenza
14128178;02/09/2026 12:29:49;3;2;0001  214895-1;05;CAMIONETA EXP 3;2091630;"CF13    ";"CAPRI FERNANDO GABRIEL                            ";AV. PRINGLES 3510;954921;"BCH18          ";BCH18 - BACHA DE APOYAR SIMIL MARMOL 460x320x140;1;1;1;23079110;020926122949305;181299561;;;;10/04/2031 00:00:00;1;13778273;02/09/2026 12:29:49;Agustin;Scirica;24360533;02/09/2026 10:19:14;6922;Franco;Potenza;Agustin Scirica;Franco Potenza
14128178;02/09/2026 12:29:49;3;2;0001  214895-1;05;CAMIONETA EXP 3;2091630;"CF13    ";"CAPRI FERNANDO GABRIEL                            ";AV. PRINGLES 3510;954918;"BCH16          ";BCH16 - BACHA DE APOYAR BLANCA 610x457x254 C/DESAGOTE Y REJILLA;1;1;1;23079110;020926122949305;181306505;;;;01/06/2032 00:00:00;1;13778273;02/09/2026 12:29:49;Agustin;Scirica;24360533;02/09/2026 10:19:14;6922;Franco;Potenza;Agustin Scirica;Franco Potenza
14128178;02/09/2026 12:29:49;3;2;0001  214895-1;05;CAMIONETA EXP 3;2091630;"CF13    ";"CAPRI FERNANDO GABRIEL                            ";AV. PRINGLES 3510;954651;"A816           ";"A816 - DUCHA 6"" C/BRAZO Y CAMPANA CR";1;1;1;23079110;020926122949305;181304525;;;;07/27/2031 00:00:00;1;13778273;02/09/2026 12:29:49;Agustin;Scirica;24360533;02/09/2026 10:19:14;6922;Franco;Potenza;Agustin Scirica;Franco Potenza
14128178;02/09/2026 12:29:49;3;2;0001  214895-1;05;CAMIONETA EXP 3;2091630;"CF13    ";"CAPRI FERNANDO GABRIEL                            ";AV. PRINGLES 3510;952894;"70-131         ";70-131 - BIDE C.CERAM CR MALLORCA;1;1;1;23079110;020926122949305;181299917;;;;07/30/2031 00:00:00;1;13778273;02/09/2026 12:29:49;Agustin;Scirica;24360533;02/09/2026 10:19:14;6922;Franco;Potenza;Agustin Scirica;Franco Potenza
14128178;02/09/2026 12:29:49;3;2;0001  214895-1;05;CAMIONETA EXP 3;2091630;"CF13    ";"CAPRI FERNANDO GABRIEL                            ";AV. PRINGLES 3510;952888;"70-122         ";70-122 - BIDE C.CERAM CR VALENCIA;1;1;1;23079110;020926122949305;181300442;;;;10/26/2031 00:00:00;1;13778273;02/09/2026 12:29:49;Agustin;Scirica;24360533;02/09/2026 10:19:14;6922;Franco;Potenza;Agustin Scirica;Franco Potenza
14128178;02/09/2026 12:29:49;3;2;0001  214895-1;05;CAMIONETA EXP 3;2091630;"CF13    ";"CAPRI FERNANDO GABRIEL                            ";AV. PRINGLES 3510;952616;"60-131         ";60-131 - LAVATORIO C.CERAM CR MALLORCA;1;1;1;23079110;020926122949305;181300174;;;;01/03/2032 00:00:00;1;13778273;02/09/2026 12:29:49;Agustin;Scirica;24360533;02/09/2026 10:19:14;6922;Franco;Potenza;Agustin Scirica;Franco Potenza
14128178;02/09/2026 12:29:49;3;2;0001  214895-1;05;CAMIONETA EXP 3;2091630;"CF13    ";"CAPRI FERNANDO GABRIEL                            ";AV. PRINGLES 3510;952610;"60-122         ";60-122 - LAVATORIO C.CERAM CR VALENCIA;2;2;2;23079110;020926122949305;181300941;;;;12/10/2031 00:00:00;2;13778273;02/09/2026 12:29:49;Agustin;Scirica;24360533;02/09/2026 10:19:14;6922;Franco;Potenza;Agustin Scirica;Franco Potenza
14128178;02/09/2026 12:29:49;3;2;0001  214895-1;05;CAMIONETA EXP 3;2091630;"CF13    ";"CAPRI FERNANDO GABRIEL                            ";AV. PRINGLES 3510;951833;"30-132         ";30-132 - COCINA MESADA MONOC. C/DUCHADOR EXTENSIBLE VIGO;2;2;2;23079110;020926122949305;181302780;;;;07/28/2031 00:00:00;2;13778273;02/09/2026 12:29:49;Agustin;Scirica;24360533;02/09/2026 10:19:14;6922;Franco;Potenza;Agustin Scirica;Franco Potenza
14128178;02/09/2026 12:29:49;3;2;0001  214895-1;05;CAMIONETA EXP 3;2091630;"CF13    ";"CAPRI FERNANDO GABRIEL                            ";AV. PRINGLES 3510;951737;"3005           ";3005 - SET DE 5 PIEZAS LINEA 3000;2;2;2;23079110;020926122949305;181304970;;;;07/27/2031 00:00:00;2;13778273;02/09/2026 12:29:49;Agustin;Scirica;24360533;02/09/2026 10:19:14;6922;Franco;Potenza;Agustin Scirica;Franco Potenza
14128178;02/09/2026 12:29:49;3;2;0001  214895-1;05;CAMIONETA EXP 3;2091630;"CF13    ";"CAPRI FERNANDO GABRIEL                            ";AV. PRINGLES 3510;951620;"214/CR         ";214/CR - LAVATORIO CR/CR ARES;1;1;1;23079110;020926122949305;181301280;;;;01/11/2032 00:00:00;1;13778273;02/09/2026 12:29:49;Agustin;Scirica;24360533;02/09/2026 10:19:14;6922;Franco;Potenza;Agustin Scirica;Franco Potenza
14128178;02/09/2026 12:29:49;3;2;0001  214895-1;05;CAMIONETA EXP 3;2091630;"CF13    ";"CAPRI FERNANDO GABRIEL                            ";AV. PRINGLES 3510;951545;"20-172         ";20-172 - COCINA MESADA MONOC. COLORS NEGRO;2;2;2;23079110;020926122949305;181303227;;;;07/28/2031 00:00:00;2;13778273;02/09/2026 12:29:49;Agustin;Scirica;24360533;02/09/2026 10:19:14;6922;Franco;Potenza;Agustin Scirica;Franco Potenza
14128178;02/09/2026 12:29:49;3;2;0001  214895-1;05;CAMIONETA EXP 3;2091630;"CF13    ";"CAPRI FERNANDO GABRIEL                            ";AV. PRINGLES 3510;951512;"20-122         ";"MONOCOMANDO COCINA CR C/PICO EXTRAIBLE VALENCIA                       ";2;2;2;23079110;020926122949305;181302242;;;;08/06/2031 00:00:00;2;13778273;02/09/2026 12:29:49;Agustin;Scirica;24360533;02/09/2026 10:19:14;6922;Franco;Potenza;Agustin Scirica;Franco Potenza
14128178;02/09/2026 12:29:49;3;2;0001  214895-1;05;CAMIONETA EXP 3;2091630;"CF13    ";"CAPRI FERNANDO GABRIEL                            ";AV. PRINGLES 3510;951162;"1335           ";"QUEINOX MACHO MOVIL MH 1/2"" x 35                                      ";6;6;6;23079110;020926122949305;181304234;;;;02/10/2032 00:00:00;6;13778273;02/09/2026 12:29:49;Agustin;Scirica;24360533;02/09/2026 10:19:14;6922;Franco;Potenza;Agustin Scirica;Franco Potenza
14128179;02/09/2026 14:11:56;3;2;0001  214899-1;05;CAMIONETA EXP 3;2094404;"SD30    ";"SANITARIOS D AMBROSIO S.R.L.                      ";AV. MITRE 330;951975;"3040           ";3040 - PORTA ROLLO LINEA 3000;2;2;2;23078472;020926141155082;181299430;;;;07/27/2031 00:00:00;2;13779667;02/09/2026 14:11:55;Tiago;Rodriguez;24359951;02/09/2026 12:59:31;6867;Javier;Lescano;Tiago Rodriguez;Javier Lescano
14128179;02/09/2026 14:11:56;3;2;0001  214899-1;05;CAMIONETA EXP 3;2094404;"SD30    ";"SANITARIOS D AMBROSIO S.R.L.                      ";AV. MITRE 330;951983;"3050           ";3050 - JABONERA LINEA 3000;2;2;2;23078472;020926141155082;181299590;;;;07/27/2031 00:00:00;2;13779667;02/09/2026 14:11:55;Tiago;Rodriguez;24359951;02/09/2026 12:59:31;6867;Javier;Lescano;Tiago Rodriguez;Javier Lescano
14128179;02/09/2026 14:11:56;3;2;0001  214899-1;05;CAMIONETA EXP 3;2094404;"SD30    ";"SANITARIOS D AMBROSIO S.R.L.                      ";AV. MITRE 330;954651;"A816           ";"A816 - DUCHA 6"" C/BRAZO Y CAMPANA CR";6;6;6;23078472;020926141155082;181297113;;;;07/27/2031 00:00:00;6;13779667;02/09/2026 14:11:55;Tiago;Rodriguez;24359951;02/09/2026 12:59:31;6867;Javier;Lescano;Tiago Rodriguez;Javier Lescano
14128179;02/09/2026 14:11:56;3;2;0001  214899-1;05;CAMIONETA EXP 3;2094404;"SD30    ";"SANITARIOS D AMBROSIO S.R.L.                      ";AV. MITRE 330;952714;"61-180         ";61-180 - LAVATORIO MONOCOMANDO ALTO VERA;6;6;6;23089117;020926131917102;181315821;;;;07/28/2031 00:00:00;6;13779679;02/09/2026 13:19:17;Tiago;Rodriguez;;;;;;Tiago Rodriguez;
14128179;02/09/2026 14:11:56;3;2;0001  214899-1;05;CAMIONETA EXP 3;2094404;"SD30    ";"SANITARIOS D AMBROSIO S.R.L.                      ";AV. MITRE 330;951545;"20-172         ";20-172 - COCINA MESADA MONOC. COLORS NEGRO;2;2;2;23089171;020926132027929;181302333;;;;07/28/2031 00:00:00;2;13779703;02/09/2026 13:20:27;Tiago;Rodriguez;;;;;;Tiago Rodriguez;
14128179;02/09/2026 14:11:56;3;2;0001  214899-1;05;CAMIONETA EXP 3;2094404;"SD30    ";"SANITARIOS D AMBROSIO S.R.L.                      ";AV. MITRE 330;952708;"61-168         ";61-168 - LAVATORIO MONOC ALTO CR WAVE;2;2;2;23089171;020926132027929;181303200;;;;07/27/2031 00:00:00;2;13779703;02/09/2026 13:20:27;Tiago;Rodriguez;;;;;;Tiago Rodriguez;
14128179;02/09/2026 14:11:56;3;2;0001  214899-1;05;CAMIONETA EXP 3;2094404;"SD30    ";"SANITARIOS D AMBROSIO S.R.L.                      ";AV. MITRE 330;951547;"20-174         ";20-174 - COCINA MESADA MONOC. COLORS BLACK;2;2;2;23089186;020926132052589;181303435;;;;07/28/2031 00:00:00;2;13779721;02/09/2026 13:20:52;Tiago;Rodriguez;;;;;;Tiago Rodriguez;
14128179;02/09/2026 14:11:56;3;2;0001  214899-1;05;CAMIONETA EXP 3;2094404;"SD30    ";"SANITARIOS D AMBROSIO S.R.L.                      ";AV. MITRE 330;952712;"61-176         ";61-176 - LAVATORIO MONOC ALTO CR RIO;2;2;2;23089186;020926132052589;181316752;;;;10/09/2031 00:00:00;2;13779721;02/09/2026 13:20:52;Tiago;Rodriguez;;;;;;Tiago Rodriguez;
14128179;02/09/2026 14:11:56;3;2;0001  214899-1;05;CAMIONETA EXP 3;2094404;"SD30    ";"SANITARIOS D AMBROSIO S.R.L.                      ";AV. MITRE 330;952724;"61-200G        ";61-200G - LAVATORIO MONOC ALTO GOLD FABRIC;4;4;4;23089299;020926132232888;181317793;;;;07/27/2031 00:00:00;4;13779759;02/09/2026 13:22:32;Tiago;Rodriguez;;;;;;Tiago Rodriguez;
14128179;02/09/2026 14:11:56;3;2;0001  214899-1;05;CAMIONETA EXP 3;2094404;"SD30    ";"SANITARIOS D AMBROSIO S.R.L.                      ";AV. MITRE 330;952725;"61-200N        ";61-200N - LAVATORIO MONOC ALTO FABRIC BLACK;2;2;2;23089299;020926132232888;181301632;;;;07/28/2031 00:00:00;2;13779759;02/09/2026 13:22:32;Tiago;Rodriguez;;;;;;Tiago Rodriguez;
14128179;02/09/2026 14:11:56;3;2;0001  214899-1;05;CAMIONETA EXP 3;2094404;"SD30    ";"SANITARIOS D AMBROSIO S.R.L.                      ";AV. MITRE 330;952925;"70-176         ";70-176 - BIDE MONOC C/TRANSF CR RIO;2;2;2;23089335;020926132312785;181316871;;;;11/17/2031 00:00:00;2;13779772;02/09/2026 13:23:12;Tiago;Rodriguez;;;;;;Tiago Rodriguez;
14128179;02/09/2026 14:11:56;3;2;0001  214899-1;05;CAMIONETA EXP 3;2094404;"SD30    ";"SANITARIOS D AMBROSIO S.R.L.                      ";AV. MITRE 330;952908;"70-152         ";70-152 - BIDE MONOCOMANDO CR C/TRANSFERENCIA SORIA;2;2;2;23089335;020926132312785;181316539;;;;07/28/2031 00:00:00;2;13779772;02/09/2026 13:23:12;Tiago;Rodriguez;;;;;;Tiago Rodriguez;
14128179;02/09/2026 14:11:56;3;2;0001  214899-1;05;CAMIONETA EXP 3;2094404;"SD30    ";"SANITARIOS D AMBROSIO S.R.L.                      ";AV. MITRE 330;952896;"70-133         ";70-133 - BIDE MONOCOMANDO LUGO;1;1;1;23089335;020926132312785;181318478;;;;07/30/2031 00:00:00;1;13779772;02/09/2026 13:23:12;Tiago;Rodriguez;;;;;;Tiago Rodriguez;
14128179;02/09/2026 14:11:56;3;2;0001  214899-1;05;CAMIONETA EXP 3;2094404;"SD30    ";"SANITARIOS D AMBROSIO S.R.L.                      ";AV. MITRE 330;951833;"30-132         ";30-132 - COCINA MESADA MONOC. C/DUCHADOR EXTENSIBLE VIGO;2;2;2;23089335;020926132312785;181301320;;;;07/28/2031 00:00:00;2;13779772;02/09/2026 13:23:12;Tiago;Rodriguez;;;;;;Tiago Rodriguez;
14128179;02/09/2026 14:11:56;3;2;0001  214899-1;05;CAMIONETA EXP 3;2094404;"SD30    ";"SANITARIOS D AMBROSIO S.R.L.                      ";AV. MITRE 330;951563;"20-202NI       ";20-202NI - MONOCOMANDO COCINA NICKEL HOOP;1;1;1;23089335;020926132312785;181302634;;;;07/29/2031 00:00:00;1;13779772;02/09/2026 13:23:12;Tiago;Rodriguez;;;;;;Tiago Rodriguez;
14128179;02/09/2026 14:11:56;3;2;0001  214899-1;05;CAMIONETA EXP 3;2094404;"SD30    ";"SANITARIOS D AMBROSIO S.R.L.                      ";AV. MITRE 330;951294;"17010G         ";17010G - TOALLERO BARRAL LINEA FABRIC GOLD;2;2;2;23089335;020926132312785;181319852;;;;07/27/2031 00:00:00;2;13779772;02/09/2026 13:23:12;Tiago;Rodriguez;;;;;;Tiago Rodriguez;
14128179;02/09/2026 14:11:56;3;2;0001  214899-1;05;CAMIONETA EXP 3;2094404;"SD30    ";"SANITARIOS D AMBROSIO S.R.L.                      ";AV. MITRE 330;952650;"60-180         ";60-180 - LAVATORIO MONOCOMANDO BAJO VERA;6;6;6;23089390;020926132443884;181316156;;;;07/28/2031 00:00:00;6;13779803;02/09/2026 13:24:43;Tiago;Rodriguez;;;;;;Tiago Rodriguez;
14128179;02/09/2026 14:11:56;3;2;0001  214899-1;05;CAMIONETA EXP 3;2094404;"SD30    ";"SANITARIOS D AMBROSIO S.R.L.                      ";AV. MITRE 330;952928;"70-180         ";70-180 - BIDE MONOCOMANDO C/TRANSF. VERA;2;2;2;23089390;020926132443884;181314905;;;;07/27/2031 00:00:00;2;13779803;02/09/2026 13:24:43;Tiago;Rodriguez;;;;;;Tiago Rodriguez;
14128179;02/09/2026 14:11:56;3;2;0001  214899-1;05;CAMIONETA EXP 3;2094404;"SD30    ";"SANITARIOS D AMBROSIO S.R.L.                      ";AV. MITRE 330;952954;"70-203         ";70-203 - BIDE MONOCOMANDO ADRA;4;4;4;23089416;020926132521868;181321076;;;;07/29/2031 00:00:00;4;13779816;02/09/2026 13:25:21;Tiago;Rodriguez;;;;;;Tiago Rodriguez;
14128179;02/09/2026 14:11:56;3;2;0001  214899-1;05;CAMIONETA EXP 3;2094404;"SD30    ";"SANITARIOS D AMBROSIO S.R.L.                      ";AV. MITRE 330;952915;"70-168         ";70-168 - BIDE MONOC CR WAVE;2;2;2;23089416;020926132521868;181302112;;;;01/18/2032 00:00:00;2;13779816;02/09/2026 13:25:21;Tiago;Rodriguez;;;;;;Tiago Rodriguez;
14128179;02/09/2026 14:11:56;3;2;0001  214899-1;05;CAMIONETA EXP 3;2094404;"SD30    ";"SANITARIOS D AMBROSIO S.R.L.                      ";AV. MITRE 330;952498;"54-130         ";54-130 - MONOCOMANDO COCINA PARED EXT BILBAO;2;2;2;23089416;020926132521868;181300373;;;;07/27/2031 00:00:00;2;13779816;02/09/2026 13:25:21;Tiago;Rodriguez;;;;;;Tiago Rodriguez;
14128179;02/09/2026 14:11:56;3;2;0001  214899-1;05;CAMIONETA EXP 3;2094404;"SD30    ";"SANITARIOS D AMBROSIO S.R.L.                      ";AV. MITRE 330;951562;"20-202N        ";20-202N - MONOCOMANDO COCINA BLACK HOOP;1;1;1;23089416;020926132521868;181300610;;;;07/27/2031 00:00:00;1;13779816;02/09/2026 13:25:21;Tiago;Rodriguez;;;;;;Tiago Rodriguez;
14128179;02/09/2026 14:11:56;3;2;0001  214899-1;05;CAMIONETA EXP 3;2094404;"SD30    ";"SANITARIOS D AMBROSIO S.R.L.                      ";AV. MITRE 330;952596;"60-100G        ";60-100G - LAVATORIO GOLD C.CERAM FABRIC;2;2;2;23089441;020926132600105;181345345;;;;11/10/2031 00:00:00;2;13779828;02/09/2026 13:26:00;Tiago;Rodriguez;;;;;;Tiago Rodriguez;
14128179;02/09/2026 14:11:56;3;2;0001  214899-1;05;CAMIONETA EXP 3;2094404;"SD30    ";"SANITARIOS D AMBROSIO S.R.L.                      ";AV. MITRE 330;952726;"61-203         ";61-203 - LAVATORIO MONOCOMANDO ALTO ADRA;4;4;4;23089441;020926132600105;181374604;;;;01/11/2032 00:00:00;2;13779828;02/09/2026 13:26:00;Tiago;Rodriguez;;;;;;Tiago Rodriguez;
14128179;02/09/2026 14:11:56;3;2;0001  214899-1;05;CAMIONETA EXP 3;2094404;"SD30    ";"SANITARIOS D AMBROSIO S.R.L.                      ";AV. MITRE 330;953421;"90-166         ";90-166 - PACK GRIF. ADRA PLUS (Lav-Bide-Ducha c/t Plus);8;8;8;23089463;020926132631522;181374779;;;;11/08/2031 00:00:00;1;13779841;02/09/2026 13:26:31;Tiago;Rodriguez;;;;;;Tiago Rodriguez;
14128179;02/09/2026 14:11:56;3;2;0001  214899-1;05;CAMIONETA EXP 3;2094404;"SD30    ";"SANITARIOS D AMBROSIO S.R.L.                      ";AV. MITRE 330;953148;"80-199         ";80-199 - DUCHA EMB. C/TRANSF. CR C.CERAM LIVE;2;2;2;23089463;020926132631522;181350038;;;;11/03/2031 00:00:00;2;13779841;02/09/2026 13:26:31;Tiago;Rodriguez;;;;;;Tiago Rodriguez;
14128179;02/09/2026 14:11:56;3;2;0001  214899-1;05;CAMIONETA EXP 3;2094404;"SD30    ";"SANITARIOS D AMBROSIO S.R.L.                      ";AV. MITRE 330;953421;"90-166         ";90-166 - PACK GRIF. ADRA PLUS (Lav-Bide-Ducha c/t Plus);8;8;8;23089481;020926132658268;181374943;;;;11/08/2031 00:00:00;3;13779856;02/09/2026 13:26:58;Tiago;Rodriguez;;;;;;Tiago Rodriguez;
14128179;02/09/2026 14:11:56;3;2;0001  214899-1;05;CAMIONETA EXP 3;2094404;"SD30    ";"SANITARIOS D AMBROSIO S.R.L.                      ";AV. MITRE 330;953421;"90-166         ";90-166 - PACK GRIF. ADRA PLUS (Lav-Bide-Ducha c/t Plus);8;8;8;23089499;020926132716829;181375050;;;;11/08/2031 00:00:00;3;13779871;02/09/2026 13:27:16;Tiago;Rodriguez;;;;;;Tiago Rodriguez;
14128179;02/09/2026 14:11:56;3;2;0001  214899-1;05;CAMIONETA EXP 3;2094404;"SD30    ";"SANITARIOS D AMBROSIO S.R.L.                      ";AV. MITRE 330;953112;"80-168         ";80-168 - DUCHA EMB C/TRANSF MONOC CR WAVE;1;1;1;23089540;020926132756669;181332866;;;;02/04/2032 00:00:00;1;13779892;02/09/2026 13:27:56;Tiago;Rodriguez;;;;;;Tiago Rodriguez;
14128179;02/09/2026 14:11:56;3;2;0001  214899-1;05;CAMIONETA EXP 3;2094404;"SD30    ";"SANITARIOS D AMBROSIO S.R.L.                      ";AV. MITRE 330;952456;"51-190         ";51-190 - MESADA BIMANDO C.CERAM BLACK VELVET;2;2;2;23089540;020926132756669;181345712;;;;10/13/2031 00:00:00;2;13779892;02/09/2026 13:27:56;Tiago;Rodriguez;;;;;;Tiago Rodriguez;
14128179;02/09/2026 14:11:56;3;2;0001  214899-1;05;CAMIONETA EXP 3;2094404;"SD30    ";"SANITARIOS D AMBROSIO S.R.L.                      ";AV. MITRE 330;952452;"51-122         ";51-122 - MESADA BIMANDO CR C.CERAM VALENCIA;2;2;2;23089548;020926132807403;181346409;;;;01/11/2032 00:00:00;2;13779898;02/09/2026 13:28:07;Tiago;Rodriguez;;;;;;Tiago Rodriguez;
14128179;02/09/2026 14:11:56;3;2;0001  214899-1;05;CAMIONETA EXP 3;2094404;"SD30    ";"SANITARIOS D AMBROSIO S.R.L.                      ";AV. MITRE 330;953171;"80-353NI       ";80-353NI - DUCHA DE EMB 3 FUNCIONES BEAT NICKEL;1;1;1;23089548;020926132807403;181349471;;;;01/11/2032 00:00:00;1;13779898;02/09/2026 13:28:07;Tiago;Rodriguez;;;;;;Tiago Rodriguez;
14128179;02/09/2026 14:11:56;3;2;0001  214899-1;05;CAMIONETA EXP 3;2094404;"SD30    ";"SANITARIOS D AMBROSIO S.R.L.                      ";AV. MITRE 330;953421;"90-166         ";90-166 - PACK GRIF. ADRA PLUS (Lav-Bide-Ducha c/t Plus);8;8;8;23089579;020926132829931;181352604;;;;11/08/2031 00:00:00;1;13779915;02/09/2026 13:28:29;Tiago;Rodriguez;;;;;;Tiago Rodriguez;
14128179;02/09/2026 14:11:56;3;2;0001  214899-1;05;CAMIONETA EXP 3;2094404;"SD30    ";"SANITARIOS D AMBROSIO S.R.L.                      ";AV. MITRE 330;953153;"80-200G        ";80-200G - DUCHA EMB. MONOC. 3 FUNCIONES GOLD FABRIC;2;2;2;23089579;020926132829931;181351635;;;;12/03/2031 00:00:00;2;13779915;02/09/2026 13:28:29;Tiago;Rodriguez;;;;;;Tiago Rodriguez;
14128179;02/09/2026 14:11:56;3;2;0001  214899-1;05;CAMIONETA EXP 3;2094404;"SD30    ";"SANITARIOS D AMBROSIO S.R.L.                      ";AV. MITRE 330;952634;"60-162         ";60-162 - LAVATORIO CR C.CERAM LINEA ADRA;6;6;6;23089620;020926132903705;181351873;;;;07/29/2031 00:00:00;6;13779931;02/09/2026 13:29:03;Tiago;Rodriguez;;;;;;Tiago Rodriguez;
14128179;02/09/2026 14:11:56;3;2;0001  214899-1;05;CAMIONETA EXP 3;2094404;"SD30    ";"SANITARIOS D AMBROSIO S.R.L.                      ";AV. MITRE 330;952774;"62-190         ";62-190 - LAVATORIO PARED EMB. C.CERAM BLACK VELVET;2;2;2;23089620;020926132903705;181346925;;;;09/02/2031 00:00:00;2;13779931;02/09/2026 13:29:03;Tiago;Rodriguez;;;;;;Tiago Rodriguez;
14128179;02/09/2026 14:11:56;3;2;0001  214899-1;05;CAMIONETA EXP 3;2094404;"SD30    ";"SANITARIOS D AMBROSIO S.R.L.                      ";AV. MITRE 330;952945;"70-199         ";70-199 - BIDE CR C.CERAM LIVE;2;2;2;23089620;020926132903705;181358803;;;;07/29/2031 00:00:00;2;13779931;02/09/2026 13:29:03;Tiago;Rodriguez;;;;;;Tiago Rodriguez;
14128179;02/09/2026 14:11:56;3;2;0001  214899-1;05;CAMIONETA EXP 3;2094404;"SD30    ";"SANITARIOS D AMBROSIO S.R.L.                      ";AV. MITRE 330;952582;"60-057         ";60-057 - LAVATORIO C.STD VERIN PLUS;10;10;10;23089645;020926132940504;181353946;;;;01/06/2032 00:00:00;10;13779949;02/09/2026 13:29:40;Tiago;Rodriguez;;;;;;Tiago Rodriguez;
14128179;02/09/2026 14:11:56;3;2;0001  214899-1;05;CAMIONETA EXP 3;2094404;"SD30    ";"SANITARIOS D AMBROSIO S.R.L.                      ";AV. MITRE 330;953090;"80-136         ";80-136 - DUCHA EMB. C/TRANSF. CR C.C. MARBELLA PLUS;2;2;2;23089667;020926133011942;181354634;;;;10/29/2031 00:00:00;2;13779959;02/09/2026 13:30:11;Tiago;Rodriguez;;;;;;Tiago Rodriguez;
14128179;02/09/2026 14:11:56;3;2;0001  214899-1;05;CAMIONETA EXP 3;2094404;"SD30    ";"SANITARIOS D AMBROSIO S.R.L.                      ";AV. MITRE 330;952726;"61-203         ";61-203 - LAVATORIO MONOCOMANDO ALTO ADRA;4;4;4;23089667;020926133011942;181347454;;;;01/11/2032 00:00:00;2;13779959;02/09/2026 13:30:11;Tiago;Rodriguez;;;;;;Tiago Rodriguez;
14128179;02/09/2026 14:11:56;3;2;0001  214899-1;05;CAMIONETA EXP 3;2094404;"SD30    ";"SANITARIOS D AMBROSIO S.R.L.                      ";AV. MITRE 330;952667;"60-199         ";60-199 - LAVATORIO CR C.CERAM LIVE;2;2;2;23089697;020926133033932;181349718;;;;11/16/2031 00:00:00;2;13779965;02/09/2026 13:30:33;Tiago;Rodriguez;;;;;;Tiago Rodriguez;
14128179;02/09/2026 14:11:56;3;2;0001  214899-1;05;CAMIONETA EXP 3;2094404;"SD30    ";"SANITARIOS D AMBROSIO S.R.L.                      ";AV. MITRE 330;953109;"80-166         ";"DUCHA EMB. C/TRANSF. CR C.CERAM ADRA PLUS                             ";2;2;2;23089697;020926133033932;181353108;;;;01/18/2032 00:00:00;2;13779965;02/09/2026 13:30:33;Tiago;Rodriguez;;;;;;Tiago Rodriguez;
14128179;02/09/2026 14:11:56;3;2;0001  214899-1;05;CAMIONETA EXP 3;2094404;"SD30    ";"SANITARIOS D AMBROSIO S.R.L.                      ";AV. MITRE 330;953059;"80-057         ";80-057 - DUCHA EMB. C/TRANSF. C.STD VERIN PLUS;8;8;8;23089715;020926133104603;181354436;;;;01/04/2032 00:00:00;8;13779977;02/09/2026 13:31:04;Tiago;Rodriguez;;;;;;Tiago Rodriguez;
14128179;02/09/2026 14:11:56;3;2;0001  214899-1;05;CAMIONETA EXP 3;2094404;"SD30    ";"SANITARIOS D AMBROSIO S.R.L.                      ";AV. MITRE 330;953107;"80-162         ";80-162 - DUCHA EMB. C/TRANSF. CR C.CERAM ADRA;4;4;4;23089715;020926133104603;181376314;;;;07/29/2031 00:00:00;2;13779977;02/09/2026 13:31:04;Tiago;Rodriguez;;;;;;Tiago Rodriguez;
14128179;02/09/2026 14:11:56;3;2;0001  214899-1;05;CAMIONETA EXP 3;2094404;"SD30    ";"SANITARIOS D AMBROSIO S.R.L.                      ";AV. MITRE 330;952577;"60-045         ";60-045 - LAVATORIO CR/CR C.STD CRUZ;8;8;8;23089752;020926133153814;181345119;;;;01/24/2032 00:00:00;8;13779991;02/09/2026 13:31:53;Tiago;Rodriguez;;;;;;Tiago Rodriguez;
14128179;02/09/2026 14:11:56;3;2;0001  214899-1;05;CAMIONETA EXP 3;2094404;"SD30    ";"SANITARIOS D AMBROSIO S.R.L.                      ";AV. MITRE 330;953107;"80-162         ";80-162 - DUCHA EMB. C/TRANSF. CR C.CERAM ADRA;4;4;4;23089752;020926133153814;181352959;;;;07/29/2031 00:00:00;2;13779991;02/09/2026 13:31:53;Tiago;Rodriguez;;;;;;Tiago Rodriguez;
14128179;02/09/2026 14:11:56;3;2;0001  214899-1;05;CAMIONETA EXP 3;2094404;"SD30    ";"SANITARIOS D AMBROSIO S.R.L.                      ";AV. MITRE 330;952913;"70-162N        ";70-162N - BIDE BLACK C.CERAM LINEA ADRA;2;2;2;23089793;020926133233616;181346080;;;;12/08/2031 00:00:00;2;13780015;02/09/2026 13:32:33;Tiago;Rodriguez;;;;;;Tiago Rodriguez;
14128179;02/09/2026 14:11:56;3;2;0001  214899-1;05;CAMIONETA EXP 3;2094404;"SD30    ";"SANITARIOS D AMBROSIO S.R.L.                      ";AV. MITRE 330;952912;"70-162         ";70-162 - BIDE CR C.CERAM LINEA ADRA;4;4;4;23089793;020926133233616;181353279;;;;07/29/2031 00:00:00;4;13780015;02/09/2026 13:32:33;Tiago;Rodriguez;;;;;;Tiago Rodriguez;
14128179;02/09/2026 14:11:56;3;2;0001  214899-1;05;CAMIONETA EXP 3;2094404;"SD30    ";"SANITARIOS D AMBROSIO S.R.L.                      ";AV. MITRE 330;952874;"70-100G        ";70-100G - BIDE GOLD C.CERAM FABRIC;2;2;2;23089793;020926133233616;181345248;;;;07/29/2031 00:00:00;2;13780015;02/09/2026 13:32:33;Tiago;Rodriguez;;;;;;Tiago Rodriguez;
14128179;02/09/2026 14:11:56;3;2;0001  214899-1;05;CAMIONETA EXP 3;2094404;"SD30    ";"SANITARIOS D AMBROSIO S.R.L.                      ";AV. MITRE 330;952610;"60-122         ";60-122 - LAVATORIO C.CERAM CR VALENCIA;2;2;2;23089793;020926133233616;181347120;;;;12/10/2031 00:00:00;2;13780015;02/09/2026 13:32:33;Tiago;Rodriguez;;;;;;Tiago Rodriguez;
14128179;02/09/2026 14:11:56;3;2;0001  214899-1;05;CAMIONETA EXP 3;2094404;"SD30    ";"SANITARIOS D AMBROSIO S.R.L.                      ";AV. MITRE 330;951565;"20-205         ";20-205 - MONOCOMANDO DE COCINA STEEL;2;2;2;23089878;020926133342359;181318138;;;;07/28/2031 00:00:00;2;13780040;02/09/2026 13:33:42;Tiago;Rodriguez;;;;;;Tiago Rodriguez;
14128179;02/09/2026 14:11:56;3;2;0001  214899-1;05;CAMIONETA EXP 3;2094404;"SD30    ";"SANITARIOS D AMBROSIO S.R.L.                      ";AV. MITRE 330;951820;"30-121         ";30-121 - COCINA MSDA MONOC.P. CUADRADO MARBELLA;10;10;10;23089878;020926133342359;181377147;;;;11/08/2031 00:00:00;4;13780040;02/09/2026 13:33:42;Tiago;Rodriguez;;;;;;Tiago Rodriguez;
14128179;02/09/2026 14:11:56;3;2;0001  214899-1;05;CAMIONETA EXP 3;2094404;"SD30    ";"SANITARIOS D AMBROSIO S.R.L.                      ";AV. MITRE 330;953331;"84-190         ";84-190 - DUCHA EXTERIOR CON COLUMNA BLACK VELVET;1;1;1;23089878;020926133342359;181302896;;;;10/06/2031 00:00:00;1;13780040;02/09/2026 13:33:42;Tiago;Rodriguez;;;;;;Tiago Rodriguez;
14128179;02/09/2026 14:11:56;3;2;0001  214899-1;05;CAMIONETA EXP 3;2094404;"SD30    ";"SANITARIOS D AMBROSIO S.R.L.                      ";AV. MITRE 330;952856;"70-045         ";70-045 - BIDE CROMO C.STD CRUZ;2;2;2;23089914;020926133416492;181344336;;;;02/01/2032 00:00:00;2;13780053;02/09/2026 13:34:16;Tiago;Rodriguez;;;;;;Tiago Rodriguez;
14128179;02/09/2026 14:11:56;3;2;0001  214899-1;05;CAMIONETA EXP 3;2094404;"SD30    ";"SANITARIOS D AMBROSIO S.R.L.                      ";AV. MITRE 330;952781;"62-199         ";62-199 - LAVATORIO DE PARED CR C.CERAM LIVE;2;2;2;23089914;020926133416492;181344734;;;;08/03/2031 00:00:00;2;13780053;02/09/2026 13:34:16;Tiago;Rodriguez;;;;;;Tiago Rodriguez;
14128179;02/09/2026 14:11:56;3;2;0001  214899-1;05;CAMIONETA EXP 3;2094404;"SD30    ";"SANITARIOS D AMBROSIO S.R.L.                      ";AV. MITRE 330;952437;"51-057         ";51-057 - COCINA MESADA CR C.STD VERIN PLUS;6;6;6;23089914;020926133416492;181348569;;;;01/27/2032 00:00:00;6;13780053;02/09/2026 13:34:16;Tiago;Rodriguez;;;;;;Tiago Rodriguez;
14128179;02/09/2026 14:11:56;3;2;0001  214899-1;05;CAMIONETA EXP 3;2094404;"SD30    ";"SANITARIOS D AMBROSIO S.R.L.                      ";AV. MITRE 330;951296;"17020C         ";17020C - TOALLERO DE ARO LINEA FABRIC CROMO;2;2;2;23089983;020926133546617;181320230;;;;07/30/2031 00:00:00;2;13780093;02/09/2026 13:35:46;Tiago;Rodriguez;;;;;;Tiago Rodriguez;
14128179;02/09/2026 14:11:56;3;2;0001  214899-1;05;CAMIONETA EXP 3;2094404;"SD30    ";"SANITARIOS D AMBROSIO S.R.L.                      ";AV. MITRE 330;951299;"17030C         ";17030C - PERCHA LINEA FABRIC CROMO;5;5;5;23089983;020926133546617;181320470;;;;11/10/2031 00:00:00;5;13780093;02/09/2026 13:35:46;Tiago;Rodriguez;;;;;;Tiago Rodriguez;
14128179;02/09/2026 14:11:56;3;2;0001  214899-1;05;CAMIONETA EXP 3;2094404;"SD30    ";"SANITARIOS D AMBROSIO S.R.L.                      ";AV. MITRE 330;951303;"17040G         ";17040G - PORTA ROLLO LINEA FABRIC GOLD;2;2;2;23089983;020926133546617;181322087;;;;07/28/2031 00:00:00;2;13780093;02/09/2026 13:35:46;Tiago;Rodriguez;;;;;;Tiago Rodriguez;
14128179;02/09/2026 14:11:56;3;2;0001  214899-1;05;CAMIONETA EXP 3;2094404;"SD30    ";"SANITARIOS D AMBROSIO S.R.L.                      ";AV. MITRE 330;953102;"80-152         ";80-152 - DUCHA EMB. CR C/TRANSF. MONOCOMANDO SORIA;2;2;2;23089983;020926133546617;181316363;;;;10/26/2031 00:00:00;2;13780093;02/09/2026 13:35:46;Tiago;Rodriguez;;;;;;Tiago Rodriguez;
14128179;02/09/2026 14:11:56;3;2;0001  214899-1;05;CAMIONETA EXP 3;2094404;"SD30    ";"SANITARIOS D AMBROSIO S.R.L.                      ";AV. MITRE 330;953159;"80-203P        ";80-203P - DUCHA EMB C/TRANSF. MONOCOMANDO ADRA PLUS;10;10;10;23090002;020926133625735;181378178;;;;07/27/2031 00:00:00;4;13780113;02/09/2026 13:36:25;Tiago;Rodriguez;;;;;;Tiago Rodriguez;
14128179;02/09/2026 14:11:56;3;2;0001  214899-1;05;CAMIONETA EXP 3;2094404;"SD30    ";"SANITARIOS D AMBROSIO S.R.L.                      ";AV. MITRE 330;952677;"60-203         ";60-203 - LAVATORIO MONOCOMANDO BAJO ADRA;12;12;12;23090041;020926133733096;181378604;;;;02/10/2032 00:00:00;10;13780146;02/09/2026 13:37:33;Tiago;Rodriguez;;;;;;Tiago Rodriguez;
14128179;02/09/2026 14:11:56;3;2;0001  214899-1;05;CAMIONETA EXP 3;2094404;"SD30    ";"SANITARIOS D AMBROSIO S.R.L.                      ";AV. MITRE 330;953055;"80-045         ";80-045 - DUCHA EMB.C/TRANSF CR  C.STD CRUZ;4;4;4;23090082;020926133838743;181379031;;;;01/04/2032 00:00:00;1;13780182;02/09/2026 13:38:38;Tiago;Rodriguez;;;;;;Tiago Rodriguez;
14128179;02/09/2026 14:11:56;3;2;0001  214899-1;05;CAMIONETA EXP 3;2094404;"SD30    ";"SANITARIOS D AMBROSIO S.R.L.                      ";AV. MITRE 330;952786;"62-201NI       ";62-201NI - LAVATORIO DE PARED C.CERAM BEAT NICKEL;4;4;4;23090082;020926133838743;181379030;;;;11/02/2031 00:00:00;3;13780182;02/09/2026 13:38:38;Tiago;Rodriguez;;;;;;Tiago Rodriguez;
14128179;02/09/2026 14:11:56;3;2;0001  214899-1;05;CAMIONETA EXP 3;2094404;"SD30    ";"SANITARIOS D AMBROSIO S.R.L.                      ";AV. MITRE 330;952677;"60-203         ";60-203 - LAVATORIO MONOCOMANDO BAJO ADRA;12;12;12;23090082;020926133838743;181347869;;;;02/10/2032 00:00:00;2;13780182;02/09/2026 13:38:38;Tiago;Rodriguez;;;;;;Tiago Rodriguez;
14128179;02/09/2026 14:11:56;3;2;0001  214899-1;05;CAMIONETA EXP 3;2094404;"SD30    ";"SANITARIOS D AMBROSIO S.R.L.                      ";AV. MITRE 330;952618;"60-133         ";60-133 - LAVATORIO MONOCOMANDO LUGO;2;2;2;23090082;020926133838743;181330659;;;;07/29/2031 00:00:00;2;13780182;02/09/2026 13:38:38;Tiago;Rodriguez;;;;;;Tiago Rodriguez;
14128179;02/09/2026 14:11:56;3;2;0001  214899-1;05;CAMIONETA EXP 3;2094404;"SD30    ";"SANITARIOS D AMBROSIO S.R.L.                      ";AV. MITRE 330;951297;"17020G         ";17020G - TOALLERO DE ARO LINEA FABRIC GOLD;2;2;2;23090082;020926133838743;181319705;;;;07/29/2031 00:00:00;2;13780182;02/09/2026 13:38:38;Tiago;Rodriguez;;;;;;Tiago Rodriguez;
14128179;02/09/2026 14:11:56;3;2;0001  214899-1;05;CAMIONETA EXP 3;2094404;"SD30    ";"SANITARIOS D AMBROSIO S.R.L.                      ";AV. MITRE 330;951295;"17010N         ";17010N - TOALLERO BARRAL LINEA FABRIC BLACK;4;4;4;23090100;020926133911910;181338564;;;;07/29/2031 00:00:00;4;13780206;02/09/2026 13:39:11;Tiago;Rodriguez;;;;;;Tiago Rodriguez;
14128179;02/09/2026 14:11:56;3;2;0001  214899-1;05;CAMIONETA EXP 3;2094404;"SD30    ";"SANITARIOS D AMBROSIO S.R.L.                      ";AV. MITRE 330;951258;"16006          ";16006 - SET 6 PIEZAS ACCESORIOS LINEA 16000;2;2;2;23090100;020926133911910;181337838;;;;07/29/2031 00:00:00;2;13780206;02/09/2026 13:39:11;Tiago;Rodriguez;;;;;;Tiago Rodriguez;
14128179;02/09/2026 14:11:56;3;2;0001  214899-1;05;CAMIONETA EXP 3;2094404;"SD30    ";"SANITARIOS D AMBROSIO S.R.L.                      ";AV. MITRE 330;953406;"90-045         ";90-045 - PACK GRIF LAV-BID-DUCHA C/TRANSF CRUZ;2;2;2;23090132;020926133952524;181344489;;;;08/04/2031 00:00:00;2;13780222;02/09/2026 13:39:52;Tiago;Rodriguez;;;;;;Tiago Rodriguez;
14128179;02/09/2026 14:11:56;3;2;0001  214899-1;05;CAMIONETA EXP 3;2094404;"SD30    ";"SANITARIOS D AMBROSIO S.R.L.                      ";AV. MITRE 330;953312;"83-133         ";83-133 - DUCHA EXT. C/TRANSF. MONOCOMANDO LUGO;2;2;2;23090132;020926133952524;181330266;;;;07/30/2031 00:00:00;2;13780222;02/09/2026 13:39:52;Tiago;Rodriguez;;;;;;Tiago Rodriguez;
14128179;02/09/2026 14:11:56;3;2;0001  214899-1;05;CAMIONETA EXP 3;2094404;"SD30    ";"SANITARIOS D AMBROSIO S.R.L.                      ";AV. MITRE 330;953055;"80-045         ";80-045 - DUCHA EMB.C/TRANSF CR  C.STD CRUZ;4;4;4;23090167;020926134027871;181344250;;;;01/04/2032 00:00:00;3;13780239;02/09/2026 13:40:27;Tiago;Rodriguez;;;;;;Tiago Rodriguez;
14128179;02/09/2026 14:11:56;3;2;0001  214899-1;05;CAMIONETA EXP 3;2094404;"SD30    ";"SANITARIOS D AMBROSIO S.R.L.                      ";AV. MITRE 330;952860;"70-057         ";70-057 - BIDE C.STD VERIN PLUS;6;6;6;23090167;020926134027871;181354139;;;;01/11/2032 00:00:00;6;13780239;02/09/2026 13:40:27;Tiago;Rodriguez;;;;;;Tiago Rodriguez;
14128179;02/09/2026 14:11:56;3;2;0001  214899-1;05;CAMIONETA EXP 3;2094404;"SD30    ";"SANITARIOS D AMBROSIO S.R.L.                      ";AV. MITRE 330;952786;"62-201NI       ";62-201NI - LAVATORIO DE PARED C.CERAM BEAT NICKEL;4;4;4;23090167;020926134027871;181349358;;;;11/02/2031 00:00:00;1;13780239;02/09/2026 13:40:27;Tiago;Rodriguez;;;;;;Tiago Rodriguez;
14128179;02/09/2026 14:11:56;3;2;0001  214899-1;05;CAMIONETA EXP 3;2094404;"SD30    ";"SANITARIOS D AMBROSIO S.R.L.                      ";AV. MITRE 330;951513;"20-122N        ";20-122N - MONOCOMANDO COCINA C/PICO EXTRAIBLE VALENCIA BLACK;2;2;2;23090197;020926134108092;181329262;;;;08/06/2031 00:00:00;2;13780256;02/09/2026 13:41:08;Tiago;Rodriguez;;;;;;Tiago Rodriguez;
14128179;02/09/2026 14:11:56;3;2;0001  214899-1;05;CAMIONETA EXP 3;2094404;"SD30    ";"SANITARIOS D AMBROSIO S.R.L.                      ";AV. MITRE 330;951524;"20-135         ";20-135 - MONOCOMANDO COCINA SANTANDER;2;2;2;23090197;020926134108092;181332077;;;;07/28/2031 00:00:00;2;13780256;02/09/2026 13:41:08;Tiago;Rodriguez;;;;;;Tiago Rodriguez;
14128179;02/09/2026 14:11:56;3;2;0001  214899-1;05;CAMIONETA EXP 3;2094404;"SD30    ";"SANITARIOS D AMBROSIO S.R.L.                      ";AV. MITRE 330;951527;"20-135G        ";20-135G - MONOCOMANDO COCINA GOLD SANTANDER;1;1;1;23090197;020926134108092;181331932;;;;07/27/2031 00:00:00;1;13780256;02/09/2026 13:41:08;Tiago;Rodriguez;;;;;;Tiago Rodriguez;
14128179;02/09/2026 14:11:56;3;2;0001  214899-1;05;CAMIONETA EXP 3;2094404;"SD30    ";"SANITARIOS D AMBROSIO S.R.L.                      ";AV. MITRE 330;951412;"20030GR        ";20030GR - PERCHA GRAFITO LINEA PULSE  ;2;2;2;23090346;020926134329066;181303042;;;;07/31/2031 00:00:00;2;13780342;02/09/2026 13:43:29;Tiago;Rodriguez;;;;;;Tiago Rodriguez;
14128179;02/09/2026 14:11:56;3;2;0001  214899-1;05;CAMIONETA EXP 3;2094404;"SD30    ";"SANITARIOS D AMBROSIO S.R.L.                      ";AV. MITRE 330;951310;"17060N         ";17060N - PORTA VASO Y CEPILLO  LINEA FABRIC BLACK;2;2;2;23090346;020926134329066;181338786;;;;07/29/2031 00:00:00;2;13780342;02/09/2026 13:43:29;Tiago;Rodriguez;;;;;;Tiago Rodriguez;
14128179;02/09/2026 14:11:56;3;2;0001  214899-1;05;CAMIONETA EXP 3;2094404;"SD30    ";"SANITARIOS D AMBROSIO S.R.L.                      ";AV. MITRE 330;951304;"17040N         ";17040N - PORTA ROLLO LINEA FABRIC BLACK;1;1;1;23090346;020926134329066;181338832;;;;07/29/2031 00:00:00;1;13780342;02/09/2026 13:43:29;Tiago;Rodriguez;;;;;;Tiago Rodriguez;
14128179;02/09/2026 14:11:56;3;2;0001  214899-1;05;CAMIONETA EXP 3;2094404;"SD30    ";"SANITARIOS D AMBROSIO S.R.L.                      ";AV. MITRE 330;951301;"17030N         ";17030N - PERCHA LINEA FABRIC BLACK;2;2;2;23090346;020926134329066;181338332;;;;07/28/2031 00:00:00;2;13780342;02/09/2026 13:43:29;Tiago;Rodriguez;;;;;;Tiago Rodriguez;
14128179;02/09/2026 14:11:56;3;2;0001  214899-1;05;CAMIONETA EXP 3;2094404;"SD30    ";"SANITARIOS D AMBROSIO S.R.L.                      ";AV. MITRE 330;951300;"17030G         ";17030G - PERCHA LINEA FABRIC GOLD;2;2;2;23090346;020926134329066;181336958;;;;07/29/2031 00:00:00;2;13780342;02/09/2026 13:43:29;Tiago;Rodriguez;;;;;;Tiago Rodriguez;
14128179;02/09/2026 14:11:56;3;2;0001  214899-1;05;CAMIONETA EXP 3;2094404;"SD30    ";"SANITARIOS D AMBROSIO S.R.L.                      ";AV. MITRE 330;951293;"17010C         ";17010C - TOALLERO BARRAL LINEA FABRIC CROMO;2;2;2;23090346;020926134329066;181320104;;;;07/27/2031 00:00:00;2;13780342;02/09/2026 13:43:29;Tiago;Rodriguez;;;;;;Tiago Rodriguez;
14128179;02/09/2026 14:11:56;3;2;0001  214899-1;05;CAMIONETA EXP 3;2094404;"SD30    ";"SANITARIOS D AMBROSIO S.R.L.                      ";AV. MITRE 330;951132;"13006          ";"SET DE 6 PIEZAS LINEA 13000                                           ";2;2;2;23090346;020926134329066;181338204;;;;07/28/2031 00:00:00;2;13780342;02/09/2026 13:43:29;Tiago;Rodriguez;;;;;;Tiago Rodriguez;
14128179;02/09/2026 14:11:56;3;2;0001  214899-1;05;CAMIONETA EXP 3;2094404;"SD30    ";"SANITARIOS D AMBROSIO S.R.L.                      ";AV. MITRE 330;951098;"11006          ";"SET DE 6 PIEZAS LINEA 11000                                           ";4;4;4;23090346;020926134329066;181331436;;;;07/29/2031 00:00:00;4;13780342;02/09/2026 13:43:29;Tiago;Rodriguez;;;;;;Tiago Rodriguez;
14128179;02/09/2026 14:11:56;3;2;0001  214899-1;05;CAMIONETA EXP 3;2094404;"SD30    ";"SANITARIOS D AMBROSIO S.R.L.                      ";AV. MITRE 330;951308;"17060C         ";17060C - PORTA VASO Y CEPILLO  LINEA FABRIC CROMO;2;2;2;23090418;020926134449029;181300695;;;;07/31/2031 00:00:00;2;13780406;02/09/2026 13:44:49;Tiago;Rodriguez;;;;;;Tiago Rodriguez;
14128179;02/09/2026 14:11:56;3;2;0001  214899-1;05;CAMIONETA EXP 3;2094404;"SD30    ";"SANITARIOS D AMBROSIO S.R.L.                      ";AV. MITRE 330;951531;"20-146N        ";20-146N - MONOCOMANDO DE COCINA BLACK LINEA MOVE;3;3;3;23090418;020926134449029;181327461;;;;07/30/2031 00:00:00;3;13780406;02/09/2026 13:44:49;Tiago;Rodriguez;;;;;;Tiago Rodriguez;
14128179;02/09/2026 14:11:56;3;2;0001  214899-1;05;CAMIONETA EXP 3;2094404;"SD30    ";"SANITARIOS D AMBROSIO S.R.L.                      ";AV. MITRE 330;953125;"80-180         ";80-180 - DUCHA EMB. C/TRANSF. MONOCOMANDO VERA;1;1;1;23090418;020926134449029;181337254;;;;11/23/2031 00:00:00;1;13780406;02/09/2026 13:44:49;Tiago;Rodriguez;;;;;;Tiago Rodriguez;
14128179;02/09/2026 14:11:56;3;2;0001  214899-1;05;CAMIONETA EXP 3;2094404;"SD30    ";"SANITARIOS D AMBROSIO S.R.L.                      ";AV. MITRE 330;950974;"10005BL        ";"SET DE 5 PIEZAS LINEA 10000 BLACK                                     ";2;2;2;23090474;020926134536756;181331818;;;;07/28/2031 00:00:00;2;13780427;02/09/2026 13:45:37;Tiago;Rodriguez;;;;;;Tiago Rodriguez;
14128179;02/09/2026 14:11:56;3;2;0001  214899-1;05;CAMIONETA EXP 3;2094404;"SD30    ";"SANITARIOS D AMBROSIO S.R.L.                      ";AV. MITRE 330;951307;"17050N         ";17050N - JABONERA  LINEA FABRIC BLACK;2;2;2;23090474;020926134536756;181382044;;;;07/30/2031 00:00:00;1;13780427;02/09/2026 13:45:37;Tiago;Rodriguez;;;;;;Tiago Rodriguez;
14128179;02/09/2026 14:11:56;3;2;0001  214899-1;05;CAMIONETA EXP 3;2094404;"SD30    ";"SANITARIOS D AMBROSIO S.R.L.                      ";AV. MITRE 330;951298;"17020N         ";17020N - TOALLERO DE ARO LINEA FABRIC BLACK;2;2;2;23090474;020926134536756;181382043;;;;07/29/2031 00:00:00;1;13780427;02/09/2026 13:45:37;Tiago;Rodriguez;;;;;;Tiago Rodriguez;
14128179;02/09/2026 14:11:56;3;2;0001  214899-1;05;CAMIONETA EXP 3;2094404;"SD30    ";"SANITARIOS D AMBROSIO S.R.L.                      ";AV. MITRE 330;952499;"54-203         ";"COCINA PARED EXT C.CERAM ADRA MONOCOMANDO                             ";2;2;2;23090519;020926134601113;181337951;;;;11/23/2031 00:00:00;2;13780442;02/09/2026 13:46:01;Tiago;Rodriguez;;;;;;Tiago Rodriguez;
14128179;02/09/2026 14:11:56;3;2;0001  214899-1;05;CAMIONETA EXP 3;2094404;"SD30    ";"SANITARIOS D AMBROSIO S.R.L.                      ";AV. MITRE 330;951488;"20-102         ";"20-102 - MONOCOMANDO MESADA CROMO ""RENACER""";2;2;2;23090519;020926134601113;181337166;;;;08/20/2031 00:00:00;2;13780442;02/09/2026 13:46:01;Tiago;Rodriguez;;;;;;Tiago Rodriguez;
14128179;02/09/2026 14:11:56;3;2;0001  214899-1;05;CAMIONETA EXP 3;2094404;"SD30    ";"SANITARIOS D AMBROSIO S.R.L.                      ";AV. MITRE 330;951298;"17020N         ";17020N - TOALLERO DE ARO LINEA FABRIC BLACK;2;2;2;23090564;020926134644402;181338968;;;;07/29/2031 00:00:00;1;13780464;02/09/2026 13:46:44;Tiago;Rodriguez;;;;;;Tiago Rodriguez;
14128179;02/09/2026 14:11:56;3;2;0001  214899-1;05;CAMIONETA EXP 3;2094404;"SD30    ";"SANITARIOS D AMBROSIO S.R.L.                      ";AV. MITRE 330;951307;"17050N         ";17050N - JABONERA  LINEA FABRIC BLACK;2;2;2;23090564;020926134644402;181339076;;;;07/30/2031 00:00:00;1;13780464;02/09/2026 13:46:44;Tiago;Rodriguez;;;;;;Tiago Rodriguez;
14128179;02/09/2026 14:11:56;3;2;0001  214899-1;05;CAMIONETA EXP 3;2094404;"SD30    ";"SANITARIOS D AMBROSIO S.R.L.                      ";AV. MITRE 330;951536;"20-162         ";20-162 - MONOCOMANDO COCINA ADRA;6;6;6;23090564;020926134644402;181330043;;;;07/28/2031 00:00:00;6;13780464;02/09/2026 13:46:44;Tiago;Rodriguez;;;;;;Tiago Rodriguez;
14128179;02/09/2026 14:11:56;3;2;0001  214899-1;05;CAMIONETA EXP 3;2094404;"SD30    ";"SANITARIOS D AMBROSIO S.R.L.                      ";AV. MITRE 330;953159;"80-203P        ";80-203P - DUCHA EMB C/TRANSF. MONOCOMANDO ADRA PLUS;10;10;10;23090643;020926134830086;181321909;;;;07/27/2031 00:00:00;6;13780522;02/09/2026 13:48:30;Tiago;Rodriguez;;;;;;Tiago Rodriguez;
14128179;02/09/2026 14:11:56;3;2;0001  214899-1;05;CAMIONETA EXP 3;2094404;"SD30    ";"SANITARIOS D AMBROSIO S.R.L.                      ";AV. MITRE 330;951554;"20-190         ";20-190 - COCINA MESADA MONOC BLACK VELVET;6;6;6;23090657;020926134845807;181319557;;;;07/28/2031 00:00:00;6;13780533;02/09/2026 13:48:45;Tiago;Rodriguez;;;;;;Tiago Rodriguez;
14128179;02/09/2026 14:11:56;3;2;0001  214899-1;05;CAMIONETA EXP 3;2094404;"SD30    ";"SANITARIOS D AMBROSIO S.R.L.                      ";AV. MITRE 330;951820;"30-121         ";30-121 - COCINA MSDA MONOC.P. CUADRADO MARBELLA;10;10;10;23090672;020926134905589;181319387;;;;11/08/2031 00:00:00;6;13780546;02/09/2026 13:49:05;Tiago;Rodriguez;;;;;;Tiago Rodriguez;
14128179;02/09/2026 14:11:56;3;2;0001  214899-1;05;CAMIONETA EXP 3;2094404;"SD30    ";"SANITARIOS D AMBROSIO S.R.L.                      ";AV. MITRE 330;951508;"20-121         ";20-121 - COCINA MSDA MONOC.P. REDONDO MARBELLA;6;6;6;23090687;020926134921860;181317385;;;;07/30/2031 00:00:00;6;13780558;02/09/2026 13:49:21;Tiago;Rodriguez;;;;;;Tiago Rodriguez;
14128179;02/09/2026 14:11:56;3;2;0001  214899-1;05;CAMIONETA EXP 3;2094404;"SD30    ";"SANITARIOS D AMBROSIO S.R.L.                      ";AV. MITRE 330;951528;"20-140         ";20-140 - MONOCOMANDO DE COCINA LINEA CUINA;4;4;4;23091104;020926135605015;181301064;;;;10/07/2031 00:00:00;4;13780758;02/09/2026 13:56:05;Tiago;Rodriguez;;;;;;Tiago Rodriguez;
14128179;02/09/2026 14:11:56;3;2;0001  214899-1;05;CAMIONETA EXP 3;2094404;"SD30    ";"SANITARIOS D AMBROSIO S.R.L.                      ";AV. MITRE 330;951523;"20-134         ";20-134 - MONOCOMANDO COCINA BETIS;12;12;12;23091155;020926135650859;181387096;;;;08/11/2031 00:00:00;6;13780781;02/09/2026 13:56:50;Tiago;Rodriguez;;;;;;Tiago Rodriguez;
14128179;02/09/2026 14:11:56;3;2;0001  214899-1;05;CAMIONETA EXP 3;2094404;"SD30    ";"SANITARIOS D AMBROSIO S.R.L.                      ";AV. MITRE 330;951523;"20-134         ";20-134 - MONOCOMANDO COCINA BETIS;12;12;12;23091174;020926135713911;181337579;;;;08/11/2031 00:00:00;6;13780795;02/09/2026 13:57:13;Tiago;Rodriguez;;;;;;Tiago Rodriguez;
14128179;02/09/2026 14:11:56;3;2;0001  214899-1;05;CAMIONETA EXP 3;2094404;"SD30    ";"SANITARIOS D AMBROSIO S.R.L.                      ";AV. MITRE 330;951530;"20-146         ";20-146 - MONOCOMANDO DE COCINA CR LINEA MOVE;6;6;6;23091200;020926135738487;181327655;;;;10/09/2031 00:00:00;6;13780804;02/09/2026 13:57:38;Tiago;Rodriguez;;;;;;Tiago Rodriguez;
14128179;02/09/2026 14:11:56;3;2;0001  214899-1;05;CAMIONETA EXP 3;2094404;"SD30    ";"SANITARIOS D AMBROSIO S.R.L.                      ";AV. MITRE 330;954921;"BCH18          ";BCH18 - BACHA DE APOYAR SIMIL MARMOL 460x320x140;3;3;3;23091212;020926135752857;181387585;;;;10/04/2031 00:00:00;1;13780810;02/09/2026 13:57:52;Tiago;Rodriguez;;;;;;Tiago Rodriguez;
14128179;02/09/2026 14:11:56;3;2;0001  214899-1;05;CAMIONETA EXP 3;2094404;"SD30    ";"SANITARIOS D AMBROSIO S.R.L.                      ";AV. MITRE 330;954921;"BCH18          ";BCH18 - BACHA DE APOYAR SIMIL MARMOL 460x320x140;3;3;3;23091229;020926135805975;181387675;;;;10/04/2031 00:00:00;1;13780818;02/09/2026 13:58:05;Tiago;Rodriguez;;;;;;Tiago Rodriguez;
14128179;02/09/2026 14:11:56;3;2;0001  214899-1;05;CAMIONETA EXP 3;2094404;"SD30    ";"SANITARIOS D AMBROSIO S.R.L.                      ";AV. MITRE 330;954921;"BCH18          ";BCH18 - BACHA DE APOYAR SIMIL MARMOL 460x320x140;3;3;3;23091268;020926135823795;181333833;;;;10/04/2031 00:00:00;1;13780827;02/09/2026 13:58:23;Tiago;Rodriguez;;;;;;Tiago Rodriguez;
14128179;02/09/2026 14:11:56;3;2;0001  214899-1;05;CAMIONETA EXP 3;2094404;"SD30    ";"SANITARIOS D AMBROSIO S.R.L.                      ";AV. MITRE 330;954914;"BCH12          ";BCH12 - BACHA DE APOYAR BLANCA 460x320x140;4;4;4;23091277;020926135836566;181387923;;;;11/10/2031 00:00:00;1;13780832;02/09/2026 13:58:36;Tiago;Rodriguez;;;;;;Tiago Rodriguez;
14128179;02/09/2026 14:11:56;3;2;0001  214899-1;05;CAMIONETA EXP 3;2094404;"SD30    ";"SANITARIOS D AMBROSIO S.R.L.                      ";AV. MITRE 330;954914;"BCH12          ";BCH12 - BACHA DE APOYAR BLANCA 460x320x140;4;4;4;23091286;020926135849669;181388021;;;;11/10/2031 00:00:00;1;13780842;02/09/2026 13:58:49;Tiago;Rodriguez;;;;;;Tiago Rodriguez;
14128179;02/09/2026 14:11:56;3;2;0001  214899-1;05;CAMIONETA EXP 3;2094404;"SD30    ";"SANITARIOS D AMBROSIO S.R.L.                      ";AV. MITRE 330;954914;"BCH12          ";BCH12 - BACHA DE APOYAR BLANCA 460x320x140;4;4;4;23091302;020926135902421;181388109;;;;11/10/2031 00:00:00;1;13780851;02/09/2026 13:59:02;Tiago;Rodriguez;;;;;;Tiago Rodriguez;
14128179;02/09/2026 14:11:56;3;2;0001  214899-1;05;CAMIONETA EXP 3;2094404;"SD30    ";"SANITARIOS D AMBROSIO S.R.L.                      ";AV. MITRE 330;954914;"BCH12          ";BCH12 - BACHA DE APOYAR BLANCA 460x320x140;4;4;4;23091316;020926135914305;181333301;;;;11/10/2031 00:00:00;1;13780859;02/09/2026 13:59:14;Tiago;Rodriguez;;;;;;Tiago Rodriguez;
14128179;02/09/2026 14:11:56;3;2;0001  214899-1;05;CAMIONETA EXP 3;2094404;"SD30    ";"SANITARIOS D AMBROSIO S.R.L.                      ";AV. MITRE 330;954885;"BAI01NI        ";BAI01NI - BACHA EMB COCINA C/ACCESORIOS 750x450x220 NICKEL BRUSHED;1;1;1;23091350;020926135924607;181335173;;;;09/28/2031 00:00:00;1;13780862;02/09/2026 13:59:24;Tiago;Rodriguez;;;;;;Tiago Rodriguez;
14128179;02/09/2026 14:11:56;3;2;0001  214899-1;05;CAMIONETA EXP 3;2094404;"SD30    ";"SANITARIOS D AMBROSIO S.R.L.                      ";AV. MITRE 330;954917;"BCH15          ";BCH15 - BACHA SEMI EMBUTIDA  BLANCA 530x370x155;1;1;1;23091360;020926135941719;181334172;;;;07/27/2031 00:00:00;1;13780871;02/09/2026 13:59:41;Tiago;Rodriguez;;;;;;Tiago Rodriguez;
14128179;02/09/2026 14:11:56;3;2;0001  214899-1;05;CAMIONETA EXP 3;2094404;"SD30    ";"SANITARIOS D AMBROSIO S.R.L.                      ";AV. MITRE 330;951112;"12003          ";"SET DE 3 PIEZAS LINEA 12000                                           ";4;4;4;23091483;020926140136210;181298761;;;;08/12/2031 00:00:00;4;13780922;02/09/2026 14:01:36;Tiago;Rodriguez;;;;;;Tiago Rodriguez;
14128179;02/09/2026 14:11:56;3;2;0001  214899-1;05;CAMIONETA EXP 3;2094404;"SD30    ";"SANITARIOS D AMBROSIO S.R.L.                      ";AV. MITRE 330;954225;"A1447C         ";"A1447C - FLOR DE DUCHA 4"" ABS CROMO C/BLISTER";2;2;2;23091483;020926140136210;181299969;;;;07/27/2031 00:00:00;2;13780922;02/09/2026 14:01:36;Tiago;Rodriguez;;;;;;Tiago Rodriguez;
14128179;02/09/2026 14:11:56;3;2;0001  214899-1;05;CAMIONETA EXP 3;2094404;"SD30    ";"SANITARIOS D AMBROSIO S.R.L.                      ";AV. MITRE 330;954226;"A1448C         ";"A1448C - CAÑO CURVO METALICO C/FLOR DE DUCHA 4"" ABS CR C/BLISTER";2;2;2;23091483;020926140136210;181299914;;;;08/13/2031 00:00:00;2;13780922;02/09/2026 14:01:36;Tiago;Rodriguez;;;;;;Tiago Rodriguez;
14128179;02/09/2026 14:11:56;3;2;0001  214899-1;05;CAMIONETA EXP 3;2094404;"SD30    ";"SANITARIOS D AMBROSIO S.R.L.                      ";AV. MITRE 330;954228;"A1450C         ";A1450C - DUCHADOR CILINDRICO MINIMALISTA ABS CROMO C/BLISTER;2;2;2;23091483;020926140136210;181299767;;;;07/31/2031 00:00:00;2;13780922;02/09/2026 14:01:36;Tiago;Rodriguez;;;;;;Tiago Rodriguez;
14128179;02/09/2026 14:11:56;3;2;0001  214899-1;05;CAMIONETA EXP 3;2094404;"SD30    ";"SANITARIOS D AMBROSIO S.R.L.                      ";AV. MITRE 330;954649;"A814           ";A814 - DUCHA C/BRAZO Y CAMPANA CR;4;4;4;23091483;020926140136210;181296616;;;;08/13/2031 00:00:00;4;13780922;02/09/2026 14:01:36;Tiago;Rodriguez;;;;;;Tiago Rodriguez;
14128179;02/09/2026 14:11:56;3;2;0001  214899-1;05;CAMIONETA EXP 3;2094404;"SD30    ";"SANITARIOS D AMBROSIO S.R.L.                      ";AV. MITRE 330;954650;"A815           ";"A815 - DUCHA 8"" C/BRAZO Y CAMPANA CR";6;6;6;23091675;020926140412392;181297378;;;;07/28/2031 00:00:00;6;13780995;02/09/2026 14:04:12;Tiago;Rodriguez;;;;;;Tiago Rodriguez;
14128179;02/09/2026 14:11:56;3;2;0001  214899-1;05;CAMIONETA EXP 3;2094404;"SD30    ";"SANITARIOS D AMBROSIO S.R.L.                      ";AV. MITRE 330;954791;"A996           ";A996 - DUCHA 8' CUADRADA CR C/BRAZO Y CAMPANA;4;4;4;23091675;020926140412392;181298395;;;;07/29/2031 00:00:00;4;13780995;02/09/2026 14:04:12;Tiago;Rodriguez;;;;;;Tiago Rodriguez;
14128179;02/09/2026 14:11:56;3;2;0001  214899-1;05;CAMIONETA EXP 3;2094404;"SD30    ";"SANITARIOS D AMBROSIO S.R.L.                      ";AV. MITRE 330;954806;"AB-003         ";AB-003 - AGARRADERA ACERO INOX CROMADO 50 CM SAFE;2;2;2;23092036;020926141012889;181297536;;;;07/27/2031 00:00:00;2;13781191;02/09/2026 14:10:12;Tiago;Rodriguez;;;;;;Tiago Rodriguez;
14128179;02/09/2026 14:11:56;3;2;0001  214899-1;05;CAMIONETA EXP 3;2094404;"SD30    ";"SANITARIOS D AMBROSIO S.R.L.                      ";AV. MITRE 330;954805;"AB-002         ";AB-002 - AGARRADERA ACERO INOX CROMADO 40 CM SAFE;2;2;2;23092036;020926141012889;181296820;;;;08/12/2031 00:00:00;2;13781191;02/09/2026 14:10:12;Tiago;Rodriguez;;;;;;Tiago Rodriguez;
14128179;02/09/2026 14:11:56;3;2;0001  214899-1;05;CAMIONETA EXP 3;2094404;"SD30    ";"SANITARIOS D AMBROSIO S.R.L.                      ";AV. MITRE 330;954804;"AB-001         ";AB-001 - AGARRADERA ACERO INOX CROMADO 30 CM SAFE;2;2;2;23092036;020926141012889;181296867;;;;07/28/2031 00:00:00;2;13781191;02/09/2026 14:10:12;Tiago;Rodriguez;;;;;;Tiago Rodriguez;
14128179;02/09/2026 14:11:56;3;2;0001  214899-1;05;CAMIONETA EXP 3;2094404;"SD30    ";"SANITARIOS D AMBROSIO S.R.L.                      ";AV. MITRE 330;954678;"A842           ";A842 - DUCHADOR ANTICALCAREO 5 FUNCIONES C/SOPORTE Y FLEX;6;6;6;23092036;020926141012889;181297920;;;;07/28/2031 00:00:00;6;13781191;02/09/2026 14:10:12;Tiago;Rodriguez;;;;;;Tiago Rodriguez;
14128179;02/09/2026 14:11:56;3;2;0001  214899-1;05;CAMIONETA EXP 3;2094404;"SD30    ";"SANITARIOS D AMBROSIO S.R.L.                      ";AV. MITRE 330;954648;"A813           ";A813 - DUCHA C/BRAZO Y CAMPANA CR 3 FUNCIONES;4;4;4;23092036;020926141012889;181296700;;;;07/27/2031 00:00:00;4;13781191;02/09/2026 14:10:12;Tiago;Rodriguez;;;;;;Tiago Rodriguez;
14128180;02/09/2026 07:20:55;3;2;0001  214908-1;05;CAMIONETA EXP 3;2091513;"CB15    ";"CASA BOUCIGUEZ S.A.                               ";INDEPENDENCIA 2350;950903;"03-010         ";"LAVATORIO ALTO TEMPORIZADO TECNO                                      ";6;6;6;23071381;020926072054078;181245315;;;;09/16/2031 00:00:00;6;13770083;02/09/2026 07:20:54;Maximiliano;Nievas;24353124;02/09/2026 06:33:04;6867;Javier;Lescano;Maximiliano Nievas;Javier Lescano
14128180;02/09/2026 07:20:55;3;2;0001  214908-1;05;CAMIONETA EXP 3;2091513;"CB15    ";"CASA BOUCIGUEZ S.A.                               ";INDEPENDENCIA 2350;952498;"54-130         ";54-130 - MONOCOMANDO COCINA PARED EXT BILBAO;6;6;6;23071381;020926072054078;181245251;;;;07/27/2031 00:00:00;6;13770083;02/09/2026 07:20:54;Maximiliano;Nievas;24353124;02/09/2026 06:33:04;6867;Javier;Lescano;Maximiliano Nievas;Javier Lescano
14129091;02/09/2026 09:11:35;3;2;0001  214651-1;01;CAMIONETA VIE 3;2094482;"SH19    ";"SUMA HOGAR 2021 S.R.L. -FULL HOGAR                ";JUAN MANUEL DE ROSAS 3325;951296;"17020C         ";17020C - TOALLERO DE ARO LINEA FABRIC CROMO;4;4;4;23075169;020926091135197;181273321;;;;07/30/2031 00:00:00;4;13772367;02/09/2026 09:11:35;Maximiliano;Nievas;24356851;02/09/2026 08:50:50;7673;Maximo;Batista;Maximiliano Nievas;Maximo Batista
14129091;02/09/2026 09:11:35;3;2;0001  214651-1;01;CAMIONETA VIE 3;2094482;"SH19    ";"SUMA HOGAR 2021 S.R.L. -FULL HOGAR                ";JUAN MANUEL DE ROSAS 3325;951299;"17030C         ";17030C - PERCHA LINEA FABRIC CROMO;6;6;6;23075169;020926091135197;181272804;;;;11/10/2031 00:00:00;6;13772367;02/09/2026 09:11:35;Maximiliano;Nievas;24356851;02/09/2026 08:50:50;7673;Maximo;Batista;Maximiliano Nievas;Maximo Batista
14129091;02/09/2026 09:11:35;3;2;0001  214651-1;01;CAMIONETA VIE 3;2094482;"SH19    ";"SUMA HOGAR 2021 S.R.L. -FULL HOGAR                ";JUAN MANUEL DE ROSAS 3325;951302;"17040C         ";17040C - PORTA ROLLO LINEA FABRIC CROMO;2;2;2;23075169;020926091135197;181272054;;;;07/29/2031 00:00:00;2;13772367;02/09/2026 09:11:35;Maximiliano;Nievas;24356851;02/09/2026 08:50:50;7673;Maximo;Batista;Maximiliano Nievas;Maximo Batista
14129091;02/09/2026 09:11:35;3;2;0001  214651-1;01;CAMIONETA VIE 3;2094482;"SH19    ";"SUMA HOGAR 2021 S.R.L. -FULL HOGAR                ";JUAN MANUEL DE ROSAS 3325;951532;"20-147         ";20-147 - MONOCOMANDO DE COCINA SWIFT;1;1;1;23075169;020926091135197;181271654;;;;07/29/2031 00:00:00;1;13772367;02/09/2026 09:11:35;Maximiliano;Nievas;24356851;02/09/2026 08:50:50;7673;Maximo;Batista;Maximiliano Nievas;Maximo Batista
14129091;02/09/2026 09:11:35;3;2;0001  214651-1;01;CAMIONETA VIE 3;2094482;"SH19    ";"SUMA HOGAR 2021 S.R.L. -FULL HOGAR                ";JUAN MANUEL DE ROSAS 3325;951550;"20-182         ";20-182 - MONOCOMANDO DE COCINA MULTIFUNCION CR ZENITH;1;1;1;23075169;020926091135197;181271469;;;;07/30/2031 00:00:00;1;13772367;02/09/2026 09:11:35;Maximiliano;Nievas;24356851;02/09/2026 08:50:50;7673;Maximo;Batista;Maximiliano Nievas;Maximo Batista
14129091;02/09/2026 09:11:35;3;2;0001  214651-1;01;CAMIONETA VIE 3;2094482;"SH19    ";"SUMA HOGAR 2021 S.R.L. -FULL HOGAR                ";JUAN MANUEL DE ROSAS 3325;952672;"60-200C        ";60-200C - LAVATORIO MONOC BAJO CR FABRIC;1;1;1;23075169;020926091135197;181270963;;;;07/28/2031 00:00:00;1;13772367;02/09/2026 09:11:35;Maximiliano;Nievas;24356851;02/09/2026 08:50:50;7673;Maximo;Batista;Maximiliano Nievas;Maximo Batista
14129091;02/09/2026 09:11:35;3;2;0001  214651-1;01;CAMIONETA VIE 3;2094482;"SH19    ";"SUMA HOGAR 2021 S.R.L. -FULL HOGAR                ";JUAN MANUEL DE ROSAS 3325;952739;"62-100C        ";62-100C - LAVATORIO DE PARED CR C.CERAM FABRIC;2;2;2;23075169;020926091135197;181274569;;;;07/31/2031 00:00:00;2;13772367;02/09/2026 09:11:35;Maximiliano;Nievas;24356851;02/09/2026 08:50:50;7673;Maximo;Batista;Maximiliano Nievas;Maximo Batista
14129091;02/09/2026 09:11:35;3;2;0001  214651-1;01;CAMIONETA VIE 3;2094482;"SH19    ";"SUMA HOGAR 2021 S.R.L. -FULL HOGAR                ";JUAN MANUEL DE ROSAS 3325;953152;"80-200C        ";80-200C - DUCHA EMB. MONOC. 3 FUNCIONES CR FABRIC;2;2;2;23075169;020926091135197;181273949;;;;12/14/2031 00:00:00;2;13772367;02/09/2026 09:11:35;Maximiliano;Nievas;24356851;02/09/2026 08:50:50;7673;Maximo;Batista;Maximiliano Nievas;Maximo Batista
14129092;02/09/2026 08:59:47;3;2;0001  214652-1;01;CAMIONETA VIE 3;2094482;"SH19    ";"SUMA HOGAR 2021 S.R.L. -FULL HOGAR                ";JUAN MANUEL DE ROSAS 3325;952672;"60-200C        ";60-200C - LAVATORIO MONOC BAJO CR FABRIC;1;1;1;23075176;020926085946584;181270602;;;;07/28/2031 00:00:00;1;13772068;02/09/2026 08:59:46;Agustin;Scirica;24356860;02/09/2026 08:38:37;6867;Javier;Lescano;Agustin Scirica;Javier Lescano
14129093;02/09/2026 10:21:31;3;2;0001  214709-1;01;CAMIONETA VIE 3;2092823;"GT08    ";"GRUPO GOBBI ARIETA S.A.                           ";VENEZUELA 2375;954921;"BCH18          ";BCH18 - BACHA DE APOYAR SIMIL MARMOL 460x320x140;3;3;3;23074913;020926102131117;181277235;;;;10/04/2031 00:00:00;3;13774077;02/09/2026 10:21:31;Tiago;Rodriguez;24356663;02/09/2026 09:29:43;6922;Franco;Potenza;Tiago Rodriguez;Franco Potenza
14129093;02/09/2026 10:21:31;3;2;0001  214709-1;01;CAMIONETA VIE 3;2092823;"GT08    ";"GRUPO GOBBI ARIETA S.A.                           ";VENEZUELA 2375;954914;"BCH12          ";BCH12 - BACHA DE APOYAR BLANCA 460x320x140;3;3;3;23074913;020926102131117;181277859;;;;11/10/2031 00:00:00;3;13774077;02/09/2026 10:21:31;Tiago;Rodriguez;24356663;02/09/2026 09:29:43;6922;Franco;Potenza;Tiago Rodriguez;Franco Potenza
14129093;02/09/2026 10:21:31;3;2;0001  214709-1;01;CAMIONETA VIE 3;2092823;"GT08    ";"GRUPO GOBBI ARIETA S.A.                           ";VENEZUELA 2375;954913;"BCH11N         ";BCH11N - BACHA DE APOYAR REDONDA NEGRO MATE 400x400x125;1;1;1;23074913;020926102131117;181276255;;;;07/29/2031 00:00:00;1;13774077;02/09/2026 10:21:31;Tiago;Rodriguez;24356663;02/09/2026 09:29:43;6922;Franco;Potenza;Tiago Rodriguez;Franco Potenza
14129093;02/09/2026 10:21:31;3;2;0001  214709-1;01;CAMIONETA VIE 3;2092823;"GT08    ";"GRUPO GOBBI ARIETA S.A.                           ";VENEZUELA 2375;954912;"BCH11BM        ";BCH11BM - BACHA DE APOYAR REDONDA BLANCO MATE 400x400x125;1;1;1;23074913;020926102131117;181279449;;;;08/17/2031 00:00:00;1;13774077;02/09/2026 10:21:31;Tiago;Rodriguez;24356663;02/09/2026 09:29:43;6922;Franco;Potenza;Tiago Rodriguez;Franco Potenza
14129093;02/09/2026 10:21:31;3;2;0001  214709-1;01;CAMIONETA VIE 3;2092823;"GT08    ";"GRUPO GOBBI ARIETA S.A.                           ";VENEZUELA 2375;954911;"BCH10          ";BCH10 - BACHA DE APOYAR NEGRO MATE 460x320x140;2;2;2;23074913;020926102131117;181276794;;;;07/28/2031 00:00:00;2;13774077;02/09/2026 10:21:31;Tiago;Rodriguez;24356663;02/09/2026 09:29:43;6922;Franco;Potenza;Tiago Rodriguez;Franco Potenza
14129093;02/09/2026 10:21:31;3;2;0001  214709-1;01;CAMIONETA VIE 3;2092823;"GT08    ";"GRUPO GOBBI ARIETA S.A.                           ";VENEZUELA 2375;954908;"BCH07          ";BCH07 - BACHA DE APOYAR OVALADA 400x330x150;3;3;3;23074913;020926102131117;181278687;;;;07/29/2031 00:00:00;3;13774077;02/09/2026 10:21:31;Tiago;Rodriguez;24356663;02/09/2026 09:29:43;6922;Franco;Potenza;Tiago Rodriguez;Franco Potenza
14129093;02/09/2026 10:21:31;3;2;0001  214709-1;01;CAMIONETA VIE 3;2092823;"GT08    ";"GRUPO GOBBI ARIETA S.A.                           ";VENEZUELA 2375;953432;"910/M          ";"910/M - JGO.MDA.P.CANO CROMO ""DIQUE""";3;3;3;23074913;020926102131117;181280605;;;;12/21/2031 00:00:00;3;13774077;02/09/2026 10:21:31;Tiago;Rodriguez;24356663;02/09/2026 09:29:43;6922;Franco;Potenza;Tiago Rodriguez;Franco Potenza
14129093;02/09/2026 10:21:31;3;2;0001  214709-1;01;CAMIONETA VIE 3;2092823;"GT08    ";"GRUPO GOBBI ARIETA S.A.                           ";VENEZUELA 2375;953347;"85-168N        ";85-168N - DUCHA MONOC C/TRANSF Y DUCHADOR BLACK WAVE;3;3;3;23074913;020926102131117;181282405;;;;12/21/2031 00:00:00;3;13774077;02/09/2026 10:21:31;Tiago;Rodriguez;24356663;02/09/2026 09:29:43;6922;Franco;Potenza;Tiago Rodriguez;Franco Potenza
14129093;02/09/2026 10:21:31;3;2;0001  214709-1;01;CAMIONETA VIE 3;2092823;"GT08    ";"GRUPO GOBBI ARIETA S.A.                           ";VENEZUELA 2375;951294;"17010G         ";17010G - TOALLERO BARRAL LINEA FABRIC GOLD;3;3;3;23074913;020926102131117;181271686;;;;07/27/2031 00:00:00;3;13774077;02/09/2026 10:21:31;Tiago;Rodriguez;24356663;02/09/2026 09:29:43;6922;Franco;Potenza;Tiago Rodriguez;Franco Potenza
14129093;02/09/2026 10:21:31;3;2;0001  214709-1;01;CAMIONETA VIE 3;2092823;"GT08    ";"GRUPO GOBBI ARIETA S.A.                           ";VENEZUELA 2375;951297;"17020G         ";17020G - TOALLERO DE ARO LINEA FABRIC GOLD;2;2;2;23074913;020926102131117;181271495;;;;07/29/2031 00:00:00;2;13774077;02/09/2026 10:21:31;Tiago;Rodriguez;24356663;02/09/2026 09:29:43;6922;Franco;Potenza;Tiago Rodriguez;Franco Potenza
14129093;02/09/2026 10:21:31;3;2;0001  214709-1;01;CAMIONETA VIE 3;2092823;"GT08    ";"GRUPO GOBBI ARIETA S.A.                           ";VENEZUELA 2375;951298;"17020N         ";17020N - TOALLERO DE ARO LINEA FABRIC BLACK;2;2;2;23074913;020926102131117;181275850;;;;07/29/2031 00:00:00;2;13774077;02/09/2026 10:21:31;Tiago;Rodriguez;24356663;02/09/2026 09:29:43;6922;Franco;Potenza;Tiago Rodriguez;Franco Potenza
14129093;02/09/2026 10:21:31;3;2;0001  214709-1;01;CAMIONETA VIE 3;2092823;"GT08    ";"GRUPO GOBBI ARIETA S.A.                           ";VENEZUELA 2375;951304;"17040N         ";17040N - PORTA ROLLO LINEA FABRIC BLACK;2;2;2;23074913;020926102131117;181275587;;;;07/29/2031 00:00:00;2;13774077;02/09/2026 10:21:31;Tiago;Rodriguez;24356663;02/09/2026 09:29:43;6922;Franco;Potenza;Tiago Rodriguez;Franco Potenza
14129093;02/09/2026 10:21:31;3;2;0001  214709-1;01;CAMIONETA VIE 3;2092823;"GT08    ";"GRUPO GOBBI ARIETA S.A.                           ";VENEZUELA 2375;951306;"17050G         ";17050G - JABONERA  LINEA FABRIC GOLD;3;3;3;23074913;020926102131117;181271330;;;;07/29/2031 00:00:00;3;13774077;02/09/2026 10:21:31;Tiago;Rodriguez;24356663;02/09/2026 09:29:43;6922;Franco;Potenza;Tiago Rodriguez;Franco Potenza
14129093;02/09/2026 10:21:31;3;2;0001  214709-1;01;CAMIONETA VIE 3;2092823;"GT08    ";"GRUPO GOBBI ARIETA S.A.                           ";VENEZUELA 2375;951309;"17060G         ";17060G - PORTA VASO Y CEPILLO  LINEA FABRIC GOLD;3;3;3;23074913;020926102131117;181270800;;;;07/31/2031 00:00:00;3;13774077;02/09/2026 10:21:31;Tiago;Rodriguez;24356663;02/09/2026 09:29:43;6922;Franco;Potenza;Tiago Rodriguez;Franco Potenza
14129093;02/09/2026 10:21:31;3;2;0001  214709-1;01;CAMIONETA VIE 3;2092823;"GT08    ";"GRUPO GOBBI ARIETA S.A.                           ";VENEZUELA 2375;951312;"18010          ";18010 - TOALLERO BARRAL NIQUEL LINEA BEAT;1;1;1;23074913;020926102131117;181273366;;;;07/29/2031 00:00:00;1;13774077;02/09/2026 10:21:31;Tiago;Rodriguez;24356663;02/09/2026 09:29:43;6922;Franco;Potenza;Tiago Rodriguez;Franco Potenza
14129093;02/09/2026 10:21:31;3;2;0001  214709-1;01;CAMIONETA VIE 3;2092823;"GT08    ";"GRUPO GOBBI ARIETA S.A.                           ";VENEZUELA 2375;951318;"18040          ";18040 - PORTA ROLLO NIQUEL LINEA BEAT;2;2;2;23074913;020926102131117;181273234;;;;07/28/2031 00:00:00;2;13774077;02/09/2026 10:21:31;Tiago;Rodriguez;24356663;02/09/2026 09:29:43;6922;Franco;Potenza;Tiago Rodriguez;Franco Potenza
14129093;02/09/2026 10:21:31;3;2;0001  214709-1;01;CAMIONETA VIE 3;2092823;"GT08    ";"GRUPO GOBBI ARIETA S.A.                           ";VENEZUELA 2375;952596;"60-100G        ";60-100G - LAVATORIO GOLD C.CERAM FABRIC;1;1;1;23074913;020926102131117;181285110;;;;11/10/2031 00:00:00;1;13774077;02/09/2026 10:21:31;Tiago;Rodriguez;24356663;02/09/2026 09:29:43;6922;Franco;Potenza;Tiago Rodriguez;Franco Potenza
14129093;02/09/2026 10:21:31;3;2;0001  214709-1;01;CAMIONETA VIE 3;2092823;"GT08    ";"GRUPO GOBBI ARIETA S.A.                           ";VENEZUELA 2375;952634;"60-162         ";60-162 - LAVATORIO CR C.CERAM LINEA ADRA;5;5;5;23074913;020926102131117;181286979;;;;07/29/2031 00:00:00;5;13774077;02/09/2026 10:21:31;Tiago;Rodriguez;24356663;02/09/2026 09:29:43;6922;Franco;Potenza;Tiago Rodriguez;Franco Potenza
14129093;02/09/2026 10:21:31;3;2;0001  214709-1;01;CAMIONETA VIE 3;2092823;"GT08    ";"GRUPO GOBBI ARIETA S.A.                           ";VENEZUELA 2375;952635;"60-162N        ";60-162N - LAVATORIO BLACK C.CERAM LINEA ADRA;2;2;2;23074913;020926102131117;181286293;;;;11/03/2031 00:00:00;2;13774077;02/09/2026 10:21:31;Tiago;Rodriguez;24356663;02/09/2026 09:29:43;6922;Franco;Potenza;Tiago Rodriguez;Franco Potenza
14129093;02/09/2026 10:21:31;3;2;0001  214709-1;01;CAMIONETA VIE 3;2092823;"GT08    ";"GRUPO GOBBI ARIETA S.A.                           ";VENEZUELA 2375;952638;"60-168N        ";60-168N - LAVATORIO MONOC BAJO BLACK WAVE;3;3;3;23074913;020926102131117;181268827;;;;07/27/2031 00:00:00;3;13774077;02/09/2026 10:21:31;Tiago;Rodriguez;24356663;02/09/2026 09:29:43;6922;Franco;Potenza;Tiago Rodriguez;Franco Potenza
14129093;02/09/2026 10:21:31;3;2;0001  214709-1;01;CAMIONETA VIE 3;2092823;"GT08    ";"GRUPO GOBBI ARIETA S.A.                           ";VENEZUELA 2375;952673;"60-200G        ";60-200G - LAVATORIO MONOC BAJO GOLD FABRIC;2;2;2;23074913;020926102131117;181272000;;;;07/28/2031 00:00:00;2;13774077;02/09/2026 10:21:31;Tiago;Rodriguez;24356663;02/09/2026 09:29:43;6922;Franco;Potenza;Tiago Rodriguez;Franco Potenza
14129093;02/09/2026 10:21:31;3;2;0001  214709-1;01;CAMIONETA VIE 3;2092823;"GT08    ";"GRUPO GOBBI ARIETA S.A.                           ";VENEZUELA 2375;952676;"60-201NI       ";60-201NI - LAVATORIO C.CERAM BEAT NICKEL;1;1;1;23074913;020926102131117;181280920;;;;08/20/2031 00:00:00;1;13774077;02/09/2026 10:21:31;Tiago;Rodriguez;24356663;02/09/2026 09:29:43;6922;Franco;Potenza;Tiago Rodriguez;Franco Potenza
14129093;02/09/2026 10:21:31;3;2;0001  214709-1;01;CAMIONETA VIE 3;2092823;"GT08    ";"GRUPO GOBBI ARIETA S.A.                           ";VENEZUELA 2375;952709;"61-168N        ";61-168N - LAVATORIO MONOC ALTO BLACK WAVE;2;2;2;23074913;020926102131117;181270496;;;;07/28/2031 00:00:00;2;13774077;02/09/2026 10:21:31;Tiago;Rodriguez;24356663;02/09/2026 09:29:43;6922;Franco;Potenza;Tiago Rodriguez;Franco Potenza
14129093;02/09/2026 10:21:31;3;2;0001  214709-1;01;CAMIONETA VIE 3;2092823;"GT08    ";"GRUPO GOBBI ARIETA S.A.                           ";VENEZUELA 2375;952712;"61-176         ";61-176 - LAVATORIO MONOC ALTO CR RIO;3;3;3;23074913;020926102131117;181274175;;;;10/09/2031 00:00:00;3;13774077;02/09/2026 10:21:31;Tiago;Rodriguez;24356663;02/09/2026 09:29:43;6922;Franco;Potenza;Tiago Rodriguez;Franco Potenza
14129093;02/09/2026 10:21:31;3;2;0001  214709-1;01;CAMIONETA VIE 3;2092823;"GT08    ";"GRUPO GOBBI ARIETA S.A.                           ";VENEZUELA 2375;952713;"61-176N        ";61-176N - LAVATORIO MONOC ALTO BLACK RIO;3;3;3;23074913;020926102131117;181272798;;;;07/29/2031 00:00:00;3;13774077;02/09/2026 10:21:31;Tiago;Rodriguez;24356663;02/09/2026 09:29:43;6922;Franco;Potenza;Tiago Rodriguez;Franco Potenza
14129093;02/09/2026 10:21:31;3;2;0001  214709-1;01;CAMIONETA VIE 3;2092823;"GT08    ";"GRUPO GOBBI ARIETA S.A.                           ";VENEZUELA 2375;952728;"61-205         ";61-205 - LAVATORIO MONOC ALTO STEEL;2;2;2;23074913;020926102131117;181269816;;;;07/28/2031 00:00:00;2;13774077;02/09/2026 10:21:31;Tiago;Rodriguez;24356663;02/09/2026 09:29:43;6922;Franco;Potenza;Tiago Rodriguez;Franco Potenza
14129093;02/09/2026 10:21:31;3;2;0001  214709-1;01;CAMIONETA VIE 3;2092823;"GT08    ";"GRUPO GOBBI ARIETA S.A.                           ";VENEZUELA 2375;952874;"70-100G        ";70-100G - BIDE GOLD C.CERAM FABRIC;2;2;2;23074913;020926102131117;181285258;;;;07/29/2031 00:00:00;2;13774077;02/09/2026 10:21:31;Tiago;Rodriguez;24356663;02/09/2026 09:29:43;6922;Franco;Potenza;Tiago Rodriguez;Franco Potenza
14129093;02/09/2026 10:21:31;3;2;0001  214709-1;01;CAMIONETA VIE 3;2092823;"GT08    ";"GRUPO GOBBI ARIETA S.A.                           ";VENEZUELA 2375;952912;"70-162         ";70-162 - BIDE CR C.CERAM LINEA ADRA;5;5;5;23074913;020926102131117;181287247;;;;07/29/2031 00:00:00;5;13774077;02/09/2026 10:21:31;Tiago;Rodriguez;24356663;02/09/2026 09:29:43;6922;Franco;Potenza;Tiago Rodriguez;Franco Potenza
14129093;02/09/2026 10:21:31;3;2;0001  214709-1;01;CAMIONETA VIE 3;2092823;"GT08    ";"GRUPO GOBBI ARIETA S.A.                           ";VENEZUELA 2375;952913;"70-162N        ";70-162N - BIDE BLACK C.CERAM LINEA ADRA;3;3;3;23074913;020926102131117;181284716;;;;12/08/2031 00:00:00;3;13774077;02/09/2026 10:21:31;Tiago;Rodriguez;24356663;02/09/2026 09:29:43;6922;Franco;Potenza;Tiago Rodriguez;Franco Potenza
14129093;02/09/2026 10:21:31;3;2;0001  214709-1;01;CAMIONETA VIE 3;2092823;"GT08    ";"GRUPO GOBBI ARIETA S.A.                           ";VENEZUELA 2375;952915;"70-168         ";70-168 - BIDE MONOC CR WAVE;3;3;3;23074913;020926102131117;181269429;;;;01/18/2032 00:00:00;3;13774077;02/09/2026 10:21:31;Tiago;Rodriguez;24356663;02/09/2026 09:29:43;6922;Franco;Potenza;Tiago Rodriguez;Franco Potenza
14129093;02/09/2026 10:21:31;3;2;0001  214709-1;01;CAMIONETA VIE 3;2092823;"GT08    ";"GRUPO GOBBI ARIETA S.A.                           ";VENEZUELA 2375;952916;"70-168N        ";70-168N - BIDE MONOC BLACK WAVE;4;4;4;23074913;020926102131117;181275172;;;;01/05/2032 00:00:00;4;13774077;02/09/2026 10:21:31;Tiago;Rodriguez;24356663;02/09/2026 09:29:43;6922;Franco;Potenza;Tiago Rodriguez;Franco Potenza
14129093;02/09/2026 10:21:31;3;2;0001  214709-1;01;CAMIONETA VIE 3;2092823;"GT08    ";"GRUPO GOBBI ARIETA S.A.                           ";VENEZUELA 2375;952925;"70-176         ";70-176 - BIDE MONOC C/TRANSF CR RIO;2;2;2;23074913;020926102131117;181274275;;;;11/17/2031 00:00:00;2;13774077;02/09/2026 10:21:31;Tiago;Rodriguez;24356663;02/09/2026 09:29:43;6922;Franco;Potenza;Tiago Rodriguez;Franco Potenza
14129093;02/09/2026 10:21:31;3;2;0001  214709-1;01;CAMIONETA VIE 3;2092823;"GT08    ";"GRUPO GOBBI ARIETA S.A.                           ";VENEZUELA 2375;952956;"70-205         ";70-205 - BIDE MONOCOMANDO STEEL;2;2;2;23074913;020926102131117;181269666;;;;11/08/2031 00:00:00;2;13774077;02/09/2026 10:21:31;Tiago;Rodriguez;24356663;02/09/2026 09:29:43;6922;Franco;Potenza;Tiago Rodriguez;Franco Potenza
14129093;02/09/2026 10:21:31;3;2;0001  214709-1;01;CAMIONETA VIE 3;2092823;"GT08    ";"GRUPO GOBBI ARIETA S.A.                           ";VENEZUELA 2375;953071;"80-100G        ";80-100G - DUCHA EMB. C/TRANSF. GOLD C.CERAM FABRIC;3;3;3;23074913;020926102131117;181285711;;;;12/03/2031 00:00:00;3;13774077;02/09/2026 10:21:31;Tiago;Rodriguez;24356663;02/09/2026 09:29:43;6922;Franco;Potenza;Tiago Rodriguez;Franco Potenza
14129093;02/09/2026 10:21:31;3;2;0001  214709-1;01;CAMIONETA VIE 3;2092823;"GT08    ";"GRUPO GOBBI ARIETA S.A.                           ";VENEZUELA 2375;953109;"80-166         ";"DUCHA EMB. C/TRANSF. CR C.CERAM ADRA PLUS                             ";8;8;8;23074913;020926102131117;181288406;;;;01/13/2032 00:00:00;8;13774077;02/09/2026 10:21:31;Tiago;Rodriguez;24356663;02/09/2026 09:29:43;6922;Franco;Potenza;Tiago Rodriguez;Franco Potenza
14129093;02/09/2026 10:21:31;3;2;0001  214709-1;01;CAMIONETA VIE 3;2092823;"GT08    ";"GRUPO GOBBI ARIETA S.A.                           ";VENEZUELA 2375;953110;"80-166N        ";80-166N - DUCHA EMB. C/TRANSF. BLACK C.CERAM ADRA PLUS;2;2;2;23074913;020926102131117;181284864;;;;11/25/2031 00:00:00;2;13774077;02/09/2026 10:21:31;Tiago;Rodriguez;24356663;02/09/2026 09:29:43;6922;Franco;Potenza;Tiago Rodriguez;Franco Potenza
14129093;02/09/2026 10:21:31;3;2;0001  214709-1;01;CAMIONETA VIE 3;2092823;"GT08    ";"GRUPO GOBBI ARIETA S.A.                           ";VENEZUELA 2375;953112;"80-168         ";80-168 - DUCHA EMB C/TRANSF MONOC CR WAVE;4;4;4;23074913;020926102131117;181283197;;;;01/17/2032 00:00:00;4;13774077;02/09/2026 10:21:31;Tiago;Rodriguez;24356663;02/09/2026 09:29:43;6922;Franco;Potenza;Tiago Rodriguez;Franco Potenza
14129093;02/09/2026 10:21:31;3;2;0001  214709-1;01;CAMIONETA VIE 3;2092823;"GT08    ";"GRUPO GOBBI ARIETA S.A.                           ";VENEZUELA 2375;953122;"80-176         ";80-176 - DUCHA EMB C/TRANSF MONOC CR RIO;2;2;2;23074913;020926102131117;181273963;;;;07/29/2031 00:00:00;2;13774077;02/09/2026 10:21:31;Tiago;Rodriguez;24356663;02/09/2026 09:29:43;6922;Franco;Potenza;Tiago Rodriguez;Franco Potenza
14129093;02/09/2026 10:21:31;3;2;0001  214709-1;01;CAMIONETA VIE 3;2092823;"GT08    ";"GRUPO GOBBI ARIETA S.A.                           ";VENEZUELA 2375;953123;"80-176N        ";80-176N - DUCHA EMB C/TRANSF MONOC BLACK RIO;2;2;2;23074913;020926102131117;181272996;;;;07/27/2031 00:00:00;2;13774077;02/09/2026 10:21:31;Tiago;Rodriguez;24356663;02/09/2026 09:29:43;6922;Franco;Potenza;Tiago Rodriguez;Franco Potenza
14129093;02/09/2026 10:21:31;3;2;0001  214709-1;01;CAMIONETA VIE 3;2092823;"GT08    ";"GRUPO GOBBI ARIETA S.A.                           ";VENEZUELA 2375;953152;"80-200C        ";80-200C - DUCHA EMB. MONOC. 3 FUNCIONES CR FABRIC;1;1;1;23074913;020926102131117;181282840;;;;12/14/2031 00:00:00;1;13774077;02/09/2026 10:21:31;Tiago;Rodriguez;24356663;02/09/2026 09:29:43;6922;Franco;Potenza;Tiago Rodriguez;Franco Potenza
14129093;02/09/2026 10:21:31;3;2;0001  214709-1;01;CAMIONETA VIE 3;2092823;"GT08    ";"GRUPO GOBBI ARIETA S.A.                           ";VENEZUELA 2375;953153;"80-200G        ";80-200G - DUCHA EMB. MONOC. 3 FUNCIONES GOLD FABRIC;2;2;2;23074913;020926102131117;181281853;;;;12/03/2031 00:00:00;2;13774077;02/09/2026 10:21:31;Tiago;Rodriguez;24356663;02/09/2026 09:29:43;6922;Franco;Potenza;Tiago Rodriguez;Franco Potenza
14129093;02/09/2026 10:21:31;3;2;0001  214709-1;01;CAMIONETA VIE 3;2092823;"GT08    ";"GRUPO GOBBI ARIETA S.A.                           ";VENEZUELA 2375;953156;"80-201NI       ";80-201NI - DUCHA EMB C/TRANSF C.CERAM BEAT NICKEL;2;2;2;23074913;020926102131117;181281274;;;;11/10/2031 00:00:00;2;13774077;02/09/2026 10:21:31;Tiago;Rodriguez;24356663;02/09/2026 09:29:43;6922;Franco;Potenza;Tiago Rodriguez;Franco Potenza
14129093;02/09/2026 10:21:31;3;2;0001  214709-1;01;CAMIONETA VIE 3;2092823;"GT08    ";"GRUPO GOBBI ARIETA S.A.                           ";VENEZUELA 2375;953158;"80-203N        ";"DUCHA EMB C/TRANSF. MONOCOMANDO ADRA BLACK PLUS                       ";2;2;2;23074913;020926102131117;181268689;;;;07/28/2031 00:00:00;2;13774077;02/09/2026 10:21:31;Tiago;Rodriguez;24356663;02/09/2026 09:29:43;6922;Franco;Potenza;Tiago Rodriguez;Franco Potenza
14129093;02/09/2026 10:21:31;3;2;0001  214709-1;01;CAMIONETA VIE 3;2092823;"GT08    ";"GRUPO GOBBI ARIETA S.A.                           ";VENEZUELA 2375;953346;"85-168         ";85-168 - DUCHA MONOC C/TRANSF Y DUCHADOR CR WAVE;2;2;2;23074913;020926102131117;181283233;;;;01/13/2032 00:00:00;2;13774077;02/09/2026 10:21:31;Tiago;Rodriguez;24356663;02/09/2026 09:29:43;6922;Franco;Potenza;Tiago Rodriguez;Franco Potenza
14129094;02/09/2026 09:28:03;3;2;0001  214827-1;01;CAMIONETA VIE 3;2094494;"SI12    ";"ILLIA S.R.L.                                      ";AV. PTE. ILLIA 416;951112;"12003          ";"SET DE 3 PIEZAS LINEA 12000                                           ";3;3;3;23075219;020926092803160;181271698;;;;08/12/2031 00:00:00;3;13772599;02/09/2026 09:28:03;Agustin;Scirica;24356915;02/09/2026 08:54:36;6414;Agustin;Scirica;Agustin Scirica;Agustin Scirica
14129094;02/09/2026 09:28:03;3;2;0001  214827-1;01;CAMIONETA VIE 3;2094494;"SI12    ";"ILLIA S.R.L.                                      ";AV. PTE. ILLIA 416;951513;"20-122N        ";20-122N - MONOCOMANDO COCINA C/PICO EXTRAIBLE VALENCIA BLACK;12;12;12;23075219;020926092803160;181273484;;;;08/06/2031 00:00:00;12;13772599;02/09/2026 09:28:03;Agustin;Scirica;24356915;02/09/2026 08:54:36;6414;Agustin;Scirica;Agustin Scirica;Agustin Scirica
14129094;02/09/2026 09:28:03;3;2;0001  214827-1;01;CAMIONETA VIE 3;2094494;"SI12    ";"ILLIA S.R.L.                                      ";AV. PTE. ILLIA 416;951535;"20-160         ";20-160 - MONOCOMANDO MESADA COCINA DIQUE;16;16;16;23075219;020926092803160;181272197;;;;07/28/2031 00:00:00;16;13772599;02/09/2026 09:28:03;Agustin;Scirica;24356915;02/09/2026 08:54:36;6414;Agustin;Scirica;Agustin Scirica;Agustin Scirica
14129094;02/09/2026 09:28:03;3;2;0001  214827-1;01;CAMIONETA VIE 3;2094494;"SI12    ";"ILLIA S.R.L.                                      ";AV. PTE. ILLIA 416;951748;"3006           ";3006 - SET DE 6 PIEZAS LINEA 3000;20;20;20;23075219;020926092803160;181272913;;;;07/29/2031 00:00:00;20;13772599;02/09/2026 09:28:03;Agustin;Scirica;24356915;02/09/2026 08:54:36;6414;Agustin;Scirica;Agustin Scirica;Agustin Scirica
14129094;02/09/2026 09:28:03;3;2;0001  214827-1;01;CAMIONETA VIE 3;2094494;"SI12    ";"ILLIA S.R.L.                                      ";AV. PTE. ILLIA 416;952452;"51-122         ";51-122 - MESADA BIMANDO CR C.CERAM VALENCIA;3;3;3;23075219;020926092803160;181275068;;;;01/11/2032 00:00:00;3;13772599;02/09/2026 09:28:03;Agustin;Scirica;24356915;02/09/2026 08:54:36;6414;Agustin;Scirica;Agustin Scirica;Agustin Scirica
14129094;02/09/2026 09:28:03;3;2;0001  214827-1;01;CAMIONETA VIE 3;2094494;"SI12    ";"ILLIA S.R.L.                                      ";AV. PTE. ILLIA 416;952888;"70-122         ";70-122 - BIDE C.CERAM CR VALENCIA;6;6;6;23075219;020926092803160;181274698;;;;10/26/2031 00:00:00;6;13772599;02/09/2026 09:28:03;Agustin;Scirica;24356915;02/09/2026 08:54:36;6414;Agustin;Scirica;Agustin Scirica;Agustin Scirica
14129094;02/09/2026 09:28:03;3;2;0001  214827-1;01;CAMIONETA VIE 3;2094494;"SI12    ";"ILLIA S.R.L.                                      ";AV. PTE. ILLIA 416;952909;"70-153         ";70-153 - BIDE CR C.CERAM CASTILLA;2;2;2;23075219;020926092803160;181274365;;;;10/20/2031 00:00:00;2;13772599;02/09/2026 09:28:03;Agustin;Scirica;24356915;02/09/2026 08:54:36;6414;Agustin;Scirica;Agustin Scirica;Agustin Scirica
14129094;02/09/2026 09:28:03;3;2;0001  214827-1;01;CAMIONETA VIE 3;2094494;"SI12    ";"ILLIA S.R.L.                                      ";AV. PTE. ILLIA 416;952912;"70-162         ";70-162 - BIDE CR C.CERAM LINEA ADRA;6;6;6;23075219;020926092803160;181275916;;;;07/29/2031 00:00:00;6;13772599;02/09/2026 09:28:03;Agustin;Scirica;24356915;02/09/2026 08:54:36;6414;Agustin;Scirica;Agustin Scirica;Agustin Scirica
14129094;02/09/2026 09:28:03;3;2;0001  214827-1;01;CAMIONETA VIE 3;2094494;"SI12    ";"ILLIA S.R.L.                                      ";AV. PTE. ILLIA 416;952916;"70-168N        ";70-168N - BIDE MONOC BLACK WAVE;2;2;2;23075219;020926092803160;181274122;;;;01/05/2032 00:00:00;2;13772599;02/09/2026 09:28:03;Agustin;Scirica;24356915;02/09/2026 08:54:36;6414;Agustin;Scirica;Agustin Scirica;Agustin Scirica
14129095;02/09/2026 09:02:04;3;2;0001  214831-1;01;CAMIONETA VIE 3;2094738;"TC11    ";"TRIPOLI CARLOS L.                                 ";ALVAREZ PRADO E/MENDEZ Y STORN;951553;"20-184         ";"MONOCOMANDO DE COCINA CR SUV                                          ";10;10;10;23075177;020926090204367;181270480;;;;10/04/2031 00:00:00;10;13772105;02/09/2026 09:02:04;Agustin;Scirica;24356860;02/09/2026 08:38:37;6867;Javier;Lescano;Agustin Scirica;Javier Lescano
14129096;02/09/2026 10:09:55;3;2;0008    2843-2;01;CAMIONETA VIE 3;2094738;"TC11    ";"TRIPOLI CARLOS L.                                 ";ALVAREZ PRADO E/MENDEZ Y STORN;957450;"RA1050         ";RA1050 - VOLANTE MALLORCA STD.;10;10;10;23075291;020926100954843;181271396;;;;02/21/2032 00:00:00;10;13773948;02/09/2026 10:09:54;Tiago;Rodriguez;24356951;02/09/2026 08:42:15;6867;Javier;Lescano;Tiago Rodriguez;Javier Lescano
14129096;02/09/2026 10:09:55;3;2;0008    2843-2;01;CAMIONETA VIE 3;2094738;"TC11    ";"TRIPOLI CARLOS L.                                 ";ALVAREZ PRADO E/MENDEZ Y STORN;957722;"RA1436         ";RA1436 - AIREADOR PICO LAV/BAÑERA M18.5 x 1 mm;3;3;3;23075291;020926100954843;181271742;;;;02/21/2032 00:00:00;3;13773948;02/09/2026 10:09:54;Tiago;Rodriguez;24356951;02/09/2026 08:42:15;6867;Javier;Lescano;Tiago Rodriguez;Javier Lescano
14129097;02/09/2026 10:06:56;3;2;0008    2869-2;01;CAMIONETA VIE 3;2094738;"TC11    ";"TRIPOLI CARLOS L.                                 ";ALVAREZ PRADO E/MENDEZ Y STORN;957450;"RA1050         ";RA1050 - VOLANTE MALLORCA STD.;10;10;10;23075292;020926100655590;181271560;;;;02/21/2032 00:00:00;10;13773879;02/09/2026 10:06:55;Tiago;Rodriguez;24356951;02/09/2026 08:42:15;6867;Javier;Lescano;Tiago Rodriguez;Javier Lescano
14129098;02/09/2026 09:13:45;3;2;0008    2879-1;01;CAMIONETA VIE 3;2094738;"TC11    ";"TRIPOLI CARLOS L.                                 ";ALVAREZ PRADO E/MENDEZ Y STORN;952426;"51-010         ";51-010 - COCINA MESADA BL/CR LORCA;2;2;2;23075592;020926091344252;181275194;;;;01/03/2032 00:00:00;2;13772429;02/09/2026 09:13:44;Maximiliano;Nievas;24357242;02/09/2026 08:54:55;7152;Mirko;Hernandez;Maximiliano Nievas;Mirko Hernandez
14129098;02/09/2026 09:13:45;3;2;0008    2879-1;01;CAMIONETA VIE 3;2094738;"TC11    ";"TRIPOLI CARLOS L.                                 ";ALVAREZ PRADO E/MENDEZ Y STORN;952477;"53-010         ";53-010 - COCINA PARED EXT. P.ALTO BL/CR LORCA;3;3;3;23075592;020926091344252;181275060;;;;11/29/2031 00:00:00;3;13772429;02/09/2026 09:13:44;Maximiliano;Nievas;24357242;02/09/2026 08:54:55;7152;Mirko;Hernandez;Maximiliano Nievas;Mirko Hernandez
14129098;02/09/2026 09:13:45;3;2;0008    2879-1;01;CAMIONETA VIE 3;2094738;"TC11    ";"TRIPOLI CARLOS L.                                 ";ALVAREZ PRADO E/MENDEZ Y STORN;952551;"60-010         ";60-010 - LAVATORIO BL/CR LORCA;2;2;2;23075592;020926091344252;181274620;;;;12/07/2031 00:00:00;2;13772429;02/09/2026 09:13:44;Maximiliano;Nievas;24357242;02/09/2026 08:54:55;7152;Mirko;Hernandez;Maximiliano Nievas;Mirko Hernandez
14129098;02/09/2026 09:13:45;3;2;0008    2879-1;01;CAMIONETA VIE 3;2094738;"TC11    ";"TRIPOLI CARLOS L.                                 ";ALVAREZ PRADO E/MENDEZ Y STORN;952582;"60-057         ";60-057 - LAVATORIO C.STD VERIN PLUS;2;2;2;23075592;020926091344252;181274888;;;;01/06/2032 00:00:00;2;13772429;02/09/2026 09:13:44;Maximiliano;Nievas;24357242;02/09/2026 08:54:55;7152;Mirko;Hernandez;Maximiliano Nievas;Mirko Hernandez
14129098;02/09/2026 09:13:45;3;2;0008    2879-1;01;CAMIONETA VIE 3;2094738;"TC11    ";"TRIPOLI CARLOS L.                                 ";ALVAREZ PRADO E/MENDEZ Y STORN;952583;"60-058         ";60-058 - LAVATORIO CR C.STD MALBA;8;8;8;23075592;020926091344252;181275935;;;;12/03/2031 00:00:00;8;13772429;02/09/2026 09:13:44;Maximiliano;Nievas;24357242;02/09/2026 08:54:55;7152;Mirko;Hernandez;Maximiliano Nievas;Mirko Hernandez
14129098;02/09/2026 09:13:45;3;2;0008    2879-1;01;CAMIONETA VIE 3;2094738;"TC11    ";"TRIPOLI CARLOS L.                                 ";ALVAREZ PRADO E/MENDEZ Y STORN;952634;"60-162         ";60-162 - LAVATORIO CR C.CERAM LINEA ADRA;3;3;3;23075592;020926091344252;181274495;;;;07/29/2031 00:00:00;3;13772429;02/09/2026 09:13:44;Maximiliano;Nievas;24357242;02/09/2026 08:54:55;7152;Mirko;Hernandez;Maximiliano Nievas;Mirko Hernandez
14129098;02/09/2026 09:13:45;3;2;0008    2879-1;01;CAMIONETA VIE 3;2094738;"TC11    ";"TRIPOLI CARLOS L.                                 ";ALVAREZ PRADO E/MENDEZ Y STORN;952856;"70-045         ";70-045 - BIDE CROMO C.STD CRUZ;1;1;1;23075592;020926091344252;181276135;;;;02/01/2032 00:00:00;1;13772429;02/09/2026 09:13:44;Maximiliano;Nievas;24357242;02/09/2026 08:54:55;7152;Mirko;Hernandez;Maximiliano Nievas;Mirko Hernandez
14129098;02/09/2026 09:13:45;3;2;0008    2879-1;01;CAMIONETA VIE 3;2094738;"TC11    ";"TRIPOLI CARLOS L.                                 ";ALVAREZ PRADO E/MENDEZ Y STORN;952860;"70-057         ";70-057 - BIDE C.STD VERIN PLUS;2;2;2;23075592;020926091344252;181274781;;;;01/11/2032 00:00:00;2;13772429;02/09/2026 09:13:44;Maximiliano;Nievas;24357242;02/09/2026 08:54:55;7152;Mirko;Hernandez;Maximiliano Nievas;Mirko Hernandez
14129143;02/09/2026 07:20:02;3;2;4444    2379-1;10;URGENTES;2109166;"CLIEVEN ";"CLIENTE EVENTUAL                                  ";RIVADAVIA 3428;952678;"60-203N        ";"LAVATORIO MONOCOMANDO BAJO ADRA BLACK                                 ";1;1;1;23072240;020926072001640;181250284;;;;07/29/2031 00:00:00;1;13770080;02/09/2026 07:20:01;Tiago;Rodriguez;24354123;02/09/2026 07:18:30;6409;Gaston Alejandro;Kiriczuk;Tiago Rodriguez;Gaston Alejandro Kiriczuk
14129145;02/09/2026 09:49:03;3;2;0008    2880-1;14;RETIRA;2092591;"FV10    ";"FIDEICOMISO INMOBILIARIO VIVRE ANDES              ";AV PTE BERNARDINO RIVADAVIA 2663;954884;"BAI01N         ";BAI01N - BACHA EMB COCINA C/ACCESORIOS 750x450x220 BLACK GUN BRUSHED;3;3;3;23072314;020926094903365;181253727;;;;07/30/2031 00:00:00;3;13772982;02/09/2026 09:49:03;Agustin;Scirica;24354186;02/09/2026 07:37:20;6867;Javier;Lescano;Agustin Scirica;Javier Lescano
14129145;02/09/2026 09:49:03;3;2;0008    2880-1;14;RETIRA;2092591;"FV10    ";"FIDEICOMISO INMOBILIARIO VIVRE ANDES              ";AV PTE BERNARDINO RIVADAVIA 2663;954912;"BCH11BM        ";BCH11BM - BACHA DE APOYAR REDONDA BLANCO MATE 400x400x125;5;5;5;23072314;020926094903365;181252515;;;;08/17/2031 00:00:00;5;13772982;02/09/2026 09:49:03;Agustin;Scirica;24354186;02/09/2026 07:37:20;6867;Javier;Lescano;Agustin Scirica;Javier Lescano
14129145;02/09/2026 09:49:03;3;2;0008    2880-1;14;RETIRA;2092591;"FV10    ";"FIDEICOMISO INMOBILIARIO VIVRE ANDES              ";AV PTE BERNARDINO RIVADAVIA 2663;951301;"17030N         ";17030N - PERCHA LINEA FABRIC BLACK;8;8;8;23072314;020926094903365;181252130;;;;07/28/2031 00:00:00;8;13772982;02/09/2026 09:49:03;Agustin;Scirica;24354186;02/09/2026 07:37:20;6867;Javier;Lescano;Agustin Scirica;Javier Lescano
14129145;02/09/2026 09:49:03;3;2;0008    2880-1;14;RETIRA;2092591;"FV10    ";"FIDEICOMISO INMOBILIARIO VIVRE ANDES              ";AV PTE BERNARDINO RIVADAVIA 2663;951304;"17040N         ";17040N - PORTA ROLLO LINEA FABRIC BLACK;4;4;4;23072314;020926094903365;181252233;;;;07/29/2031 00:00:00;4;13772982;02/09/2026 09:49:03;Agustin;Scirica;24354186;02/09/2026 07:37:20;6867;Javier;Lescano;Agustin Scirica;Javier Lescano
14129145;02/09/2026 09:49:03;3;2;0008    2880-1;14;RETIRA;2092591;"FV10    ";"FIDEICOMISO INMOBILIARIO VIVRE ANDES              ";AV PTE BERNARDINO RIVADAVIA 2663;951529;"20-140N        ";20-140N - MONOCOMANDO DE COCINA LINEA CUINA BLACK;1;1;1;23072314;020926094903365;181251227;;;;07/29/2031 00:00:00;1;13772982;02/09/2026 09:49:03;Agustin;Scirica;24354186;02/09/2026 07:37:20;6867;Javier;Lescano;Agustin Scirica;Javier Lescano
14129145;02/09/2026 09:49:03;3;2;0008    2880-1;14;RETIRA;2092591;"FV10    ";"FIDEICOMISO INMOBILIARIO VIVRE ANDES              ";AV PTE BERNARDINO RIVADAVIA 2663;951554;"20-190         ";20-190 - COCINA MESADA MONOC BLACK VELVET;1;1;1;23072314;020926094903365;181251883;;;;07/28/2031 00:00:00;1;13772982;02/09/2026 09:49:03;Agustin;Scirica;24354186;02/09/2026 07:37:20;6867;Javier;Lescano;Agustin Scirica;Javier Lescano
14129145;02/09/2026 09:49:03;3;2;0008    2880-1;14;RETIRA;2092591;"FV10    ";"FIDEICOMISO INMOBILIARIO VIVRE ANDES              ";AV PTE BERNARDINO RIVADAVIA 2663;951562;"20-202N        ";20-202N - MONOCOMANDO COCINA BLACK HOOP;1;1;1;23072314;020926094903365;181251076;;;;07/27/2031 00:00:00;1;13772982;02/09/2026 09:49:03;Agustin;Scirica;24354186;02/09/2026 07:37:20;6867;Javier;Lescano;Agustin Scirica;Javier Lescano
14129145;02/09/2026 09:49:03;3;2;0008    2880-1;14;RETIRA;2092591;"FV10    ";"FIDEICOMISO INMOBILIARIO VIVRE ANDES              ";AV PTE BERNARDINO RIVADAVIA 2663;952468;"52-121N        ";52-121N - GRIFERIA REBATIBLE LLENADO DE OLLAS MARBELLA BLACK;1;1;1;23072314;020926094903365;181251407;;;;07/28/2031 00:00:00;1;13772982;02/09/2026 09:49:03;Agustin;Scirica;24354186;02/09/2026 07:37:20;6867;Javier;Lescano;Agustin Scirica;Javier Lescano
14129145;02/09/2026 09:49:03;3;2;0008    2880-1;14;RETIRA;2092591;"FV10    ";"FIDEICOMISO INMOBILIARIO VIVRE ANDES              ";AV PTE BERNARDINO RIVADAVIA 2663;952741;"62-100N        ";62-100N - LAVATORIO DE PARED BLACK C.CERAM FABRIC;5;5;5;23072314;020926094903365;181253954;;;;11/05/2031 00:00:00;5;13772982;02/09/2026 09:49:03;Agustin;Scirica;24354186;02/09/2026 07:37:20;6867;Javier;Lescano;Agustin Scirica;Javier Lescano
14129145;02/09/2026 09:49:03;3;2;0008    2880-1;14;RETIRA;2092591;"FV10    ";"FIDEICOMISO INMOBILIARIO VIVRE ANDES              ";AV PTE BERNARDINO RIVADAVIA 2663;953154;"80-200N        ";80-200N - DUCHA EMB. MONOC. 3 FUNCIONES BLACK FABRIC;3;3;3;23072314;020926094903365;181250803;;;;01/04/2032 00:00:00;3;13772982;02/09/2026 09:49:03;Agustin;Scirica;24354186;02/09/2026 07:37:20;6867;Javier;Lescano;Agustin Scirica;Javier Lescano
14129145;02/09/2026 09:49:03;3;2;0008    2880-1;14;RETIRA;2092591;"FV10    ";"FIDEICOMISO INMOBILIARIO VIVRE ANDES              ";AV PTE BERNARDINO RIVADAVIA 2663;954234;"A1452N         ";A1452N - CAÑO DE DUCHA RECTO 150 MM BLACK C/BLISTER;3;3;3;23072314;020926094903365;181251603;;;;07/31/2031 00:00:00;3;13772982;02/09/2026 09:49:03;Agustin;Scirica;24354186;02/09/2026 07:37:20;6867;Javier;Lescano;Agustin Scirica;Javier Lescano
14129146;02/09/2026 09:13:19;3;2;0001  214873-1;14;RETIRA;2400015;"MH19    ";"MATERIALES LOS HERMANOS Z4 S.R.L.                 ";AVENIDA RIVADAVIA 1005;950895;"02-010         ";"VALVULA P/INODORO TEMPORIZADA TECNO                                   ";1;1;1;23072165;020926091317106;181250407;;;;07/28/2031 00:00:00;1;13772142;02/09/2026 09:13:17;Agustin;Scirica;24354019;02/09/2026 07:19:34;6867;Javier;Lescano;Agustin Scirica;Javier Lescano
14129146;02/09/2026 09:13:19;3;2;0001  214873-1;14;RETIRA;2400015;"MH19    ";"MATERIALES LOS HERMANOS Z4 S.R.L.                 ";AVENIDA RIVADAVIA 1005;951535;"20-160         ";20-160 - MONOCOMANDO MESADA COCINA DIQUE;2;2;2;23072165;020926091317106;181250521;;;;07/28/2031 00:00:00;2;13772142;02/09/2026 09:13:17;Agustin;Scirica;24354019;02/09/2026 07:19:34;6867;Javier;Lescano;Agustin Scirica;Javier Lescano
14129146;02/09/2026 09:13:19;3;2;0001  214873-1;14;RETIRA;2400015;"MH19    ";"MATERIALES LOS HERMANOS Z4 S.R.L.                 ";AVENIDA RIVADAVIA 1005;952467;"52-121         ";52-121 - GRIFERIA REBATIBLE P/LLENADO DE OLLAS MARBELLA;1;1;1;23072165;020926091317106;181250212;;;;07/29/2031 00:00:00;1;13772142;02/09/2026 09:13:17;Agustin;Scirica;24354019;02/09/2026 07:19:34;6867;Javier;Lescano;Agustin Scirica;Javier Lescano
14129146;02/09/2026 09:13:19;3;2;0001  214873-1;14;RETIRA;2400015;"MH19    ";"MATERIALES LOS HERMANOS Z4 S.R.L.                 ";AVENIDA RIVADAVIA 1005;952723;"61-200C        ";61-200C - LAVATORIO MONOC ALTO CR FABRIC;1;1;1;23072165;020926091317106;181249913;;;;07/27/2031 00:00:00;1;13772142;02/09/2026 09:13:17;Agustin;Scirica;24354019;02/09/2026 07:19:34;6867;Javier;Lescano;Agustin Scirica;Javier Lescano
14129146;02/09/2026 09:13:19;3;2;0001  214873-1;14;RETIRA;2400015;"MH19    ";"MATERIALES LOS HERMANOS Z4 S.R.L.                 ";AVENIDA RIVADAVIA 1005;952949;"70-200C        ";70-200C - BIDE MONOCOMANDO CR FABRIC;2;2;2;23072165;020926091317106;181250132;;;;10/28/2031 00:00:00;2;13772142;02/09/2026 09:13:17;Agustin;Scirica;24354019;02/09/2026 07:19:34;6867;Javier;Lescano;Agustin Scirica;Javier Lescano
14129146;02/09/2026 09:13:19;3;2;0001  214873-1;14;RETIRA;2400015;"MH19    ";"MATERIALES LOS HERMANOS Z4 S.R.L.                 ";AVENIDA RIVADAVIA 1005;953152;"80-200C        ";80-200C - DUCHA EMB. MONOC. 3 FUNCIONES CR FABRIC;2;2;2;23072165;020926091317106;181250615;;;;12/14/2031 00:00:00;2;13772142;02/09/2026 09:13:17;Agustin;Scirica;24354019;02/09/2026 07:19:34;6867;Javier;Lescano;Agustin Scirica;Javier Lescano
14129271;02/09/2026 14:21:05;3;2;0001  214678-1;05;CAMIONETA DIARIOS 2;2093578;"MO24    ";"MOENCA SRL -JAQUE MATE                            ";AV. JUAN B. ALBERDI 3880;952679;"60-205         ";60-205 - LAVATORIO MONOC BAJO STEEL;1;1;1;23086787;020926142104808;181358170;;;;07/27/2031 00:00:00;1;13781569;02/09/2026 14:21:04;Tiago;Rodriguez;24368282;02/09/2026 12:34:23;7152;Mirko;Hernandez;Tiago Rodriguez;Mirko Hernandez
14129271;02/09/2026 14:21:05;3;2;0001  214678-1;05;CAMIONETA DIARIOS 2;2093578;"MO24    ";"MOENCA SRL -JAQUE MATE                            ";AV. JUAN B. ALBERDI 3880;952728;"61-205         ";61-205 - LAVATORIO MONOC ALTO STEEL;1;1;1;23086787;020926142104808;181358215;;;;07/28/2031 00:00:00;1;13781569;02/09/2026 14:21:04;Tiago;Rodriguez;24368282;02/09/2026 12:34:23;7152;Mirko;Hernandez;Tiago Rodriguez;Mirko Hernandez
14129271;02/09/2026 14:21:05;3;2;0001  214678-1;05;CAMIONETA DIARIOS 2;2093578;"MO24    ";"MOENCA SRL -JAQUE MATE                            ";AV. JUAN B. ALBERDI 3880;952906;"70-150         ";70-150 - BIDE CR C.CERAM TOLEDO;2;2;2;23086787;020926142104808;181357679;;;;07/31/2031 00:00:00;2;13781569;02/09/2026 14:21:04;Tiago;Rodriguez;24368282;02/09/2026 12:34:23;7152;Mirko;Hernandez;Tiago Rodriguez;Mirko Hernandez
14129271;02/09/2026 14:21:05;3;2;0001  214678-1;05;CAMIONETA DIARIOS 2;2093578;"MO24    ";"MOENCA SRL -JAQUE MATE                            ";AV. JUAN B. ALBERDI 3880;952912;"70-162         ";70-162 - BIDE CR C.CERAM LINEA ADRA;1;1;1;23086787;020926142104808;181356583;;;;07/29/2031 00:00:00;1;13781569;02/09/2026 14:21:04;Tiago;Rodriguez;24368282;02/09/2026 12:34:23;7152;Mirko;Hernandez;Tiago Rodriguez;Mirko Hernandez
14129271;02/09/2026 14:21:05;3;2;0001  214678-1;05;CAMIONETA DIARIOS 2;2093578;"MO24    ";"MOENCA SRL -JAQUE MATE                            ";AV. JUAN B. ALBERDI 3880;952913;"70-162N        ";70-162N - BIDE BLACK C.CERAM LINEA ADRA;1;1;1;23086787;020926142104808;181357051;;;;12/08/2031 00:00:00;1;13781569;02/09/2026 14:21:04;Tiago;Rodriguez;24368282;02/09/2026 12:34:23;7152;Mirko;Hernandez;Tiago Rodriguez;Mirko Hernandez
14129271;02/09/2026 14:21:05;3;2;0001  214678-1;05;CAMIONETA DIARIOS 2;2093578;"MO24    ";"MOENCA SRL -JAQUE MATE                            ";AV. JUAN B. ALBERDI 3880;953099;"80-150         ";80-150 - DUCHA EMB. C/TRANSF. CR C.CERAM TOLEDO;1;1;1;23086787;020926142104808;181357423;;;;11/19/2031 00:00:00;1;13781569;02/09/2026 14:21:04;Tiago;Rodriguez;24368282;02/09/2026 12:34:23;7152;Mirko;Hernandez;Tiago Rodriguez;Mirko Hernandez
14129271;02/09/2026 14:21:05;3;2;0001  214678-1;05;CAMIONETA DIARIOS 2;2093578;"MO24    ";"MOENCA SRL -JAQUE MATE                            ";AV. JUAN B. ALBERDI 3880;953110;"80-166N        ";80-166N - DUCHA EMB. C/TRANSF. BLACK C.CERAM ADRA PLUS;1;1;1;23086787;020926142104808;181357196;;;;11/25/2031 00:00:00;1;13781569;02/09/2026 14:21:04;Tiago;Rodriguez;24368282;02/09/2026 12:34:23;7152;Mirko;Hernandez;Tiago Rodriguez;Mirko Hernandez
14129271;02/09/2026 14:21:05;3;2;0001  214678-1;05;CAMIONETA DIARIOS 2;2093578;"MO24    ";"MOENCA SRL -JAQUE MATE                            ";AV. JUAN B. ALBERDI 3880;952635;"60-162N        ";60-162N - LAVATORIO BLACK C.CERAM LINEA ADRA;2;2;2;23086787;020926142104808;181356904;;;;11/03/2031 00:00:00;2;13781569;02/09/2026 14:21:04;Tiago;Rodriguez;24368282;02/09/2026 12:34:23;7152;Mirko;Hernandez;Tiago Rodriguez;Mirko Hernandez
14129271;02/09/2026 14:21:05;3;2;0001  214678-1;05;CAMIONETA DIARIOS 2;2093578;"MO24    ";"MOENCA SRL -JAQUE MATE                            ";AV. JUAN B. ALBERDI 3880;952637;"60-168         ";60-168 - LAVATORIO MONOC BAJO CR WAVE;2;2;2;23086787;020926142104808;181358418;;;;07/27/2031 00:00:00;2;13781569;02/09/2026 14:21:04;Tiago;Rodriguez;24368282;02/09/2026 12:34:23;7152;Mirko;Hernandez;Tiago Rodriguez;Mirko Hernandez
14129272;02/09/2026 12:52:56;3;2;0001  214743-1;05;CAMIONETA DIARIOS 2;2094527;"SL13    ";"SANITARIOS LUGANO S.R.L.                          ";MURGIONDO 4500;951156;"1330           ";"QUEINOX MACHO MOVIL MH 1/2"" x 30                                      ";200;200;200;23082720;020926125255910;181326763;;;;02/16/2032 00:00:00;200;13778564;02/09/2026 12:52:55;Agustin;Scirica;24364083;02/09/2026 11:17:09;7673;Maximo;Batista;Agustin Scirica;Maximo Batista
14129272;02/09/2026 12:52:56;3;2;0001  214743-1;05;CAMIONETA DIARIOS 2;2094527;"SL13    ";"SANITARIOS LUGANO S.R.L.                          ";MURGIONDO 4500;951168;"1340           ";"QUEINOX MACHO MOVIL MH 1/2"" x 40                                      ";100;100;100;23082720;020926125255910;181330068;;;;02/09/2032 00:00:00;100;13778564;02/09/2026 12:52:55;Agustin;Scirica;24364083;02/09/2026 11:17:09;7673;Maximo;Batista;Agustin Scirica;Maximo Batista
14129272;02/09/2026 12:52:56;3;2;0001  214743-1;05;CAMIONETA DIARIOS 2;2094527;"SL13    ";"SANITARIOS LUGANO S.R.L.                          ";MURGIONDO 4500;951338;"1925           ";"1925 - QUEINOX MH 3/4"" x 25";25;25;25;23082720;020926125255910;181329333;;;;09/01/2031 00:00:00;25;13778564;02/09/2026 12:52:55;Agustin;Scirica;24364083;02/09/2026 11:17:09;7673;Maximo;Batista;Agustin Scirica;Maximo Batista
14129272;02/09/2026 12:52:56;3;2;0001  214743-1;05;CAMIONETA DIARIOS 2;2094527;"SL13    ";"SANITARIOS LUGANO S.R.L.                          ";MURGIONDO 4500;951341;"1930           ";"1930 - QUEINOX MH 3/4"" x 30";25;25;25;23082720;020926125255910;181328288;;;;07/31/2031 00:00:00;25;13778564;02/09/2026 12:52:55;Agustin;Scirica;24364083;02/09/2026 11:17:09;7673;Maximo;Batista;Agustin Scirica;Maximo Batista
14129275;02/09/2026 14:22:18;3;2;0001  214761-1;05;CAMIONETA DIARIOS 2;2092194;"DR14    ";"DREC SAS                                          ";TILCARA 2731 PORTON 4 2731;953347;"85-168N        ";85-168N - DUCHA MONOC C/TRANSF Y DUCHADOR BLACK WAVE;1;1;1;23079372;020926142218048;181301287;;;;12/21/2031 00:00:00;1;13781595;02/09/2026 14:22:18;Tiago;Rodriguez;24360787;02/09/2026 10:11:24;7152;Mirko;Hernandez;Tiago Rodriguez;Mirko Hernandez
14129275;02/09/2026 14:22:18;3;2;0001  214761-1;05;CAMIONETA DIARIOS 2;2092194;"DR14    ";"DREC SAS                                          ";TILCARA 2731 PORTON 4 2731;952916;"70-168N        ";70-168N - BIDE MONOC BLACK WAVE;1;1;1;23079372;020926142218048;181302827;;;;01/05/2032 00:00:00;1;13781595;02/09/2026 14:22:18;Tiago;Rodriguez;24360787;02/09/2026 10:11:24;7152;Mirko;Hernandez;Tiago Rodriguez;Mirko Hernandez
14129275;02/09/2026 14:22:18;3;2;0001  214761-1;05;CAMIONETA DIARIOS 2;2092194;"DR14    ";"DREC SAS                                          ";TILCARA 2731 PORTON 4 2731;952638;"60-168N        ";60-168N - LAVATORIO MONOC BAJO BLACK WAVE;1;1;1;23079372;020926142218048;181303220;;;;07/27/2031 00:00:00;1;13781595;02/09/2026 14:22:18;Tiago;Rodriguez;24360787;02/09/2026 10:11:24;7152;Mirko;Hernandez;Tiago Rodriguez;Mirko Hernandez
14129275;02/09/2026 14:22:18;3;2;0001  214761-1;05;CAMIONETA DIARIOS 2;2092194;"DR14    ";"DREC SAS                                          ";TILCARA 2731 PORTON 4 2731;951607;"21100N         ";21100N - ESTANTE ORGANIZADOR RECTANGULAR BLACK 25x12x7;2;2;2;23079372;020926142218048;181303029;;;;07/27/2031 00:00:00;2;13781595;02/09/2026 14:22:18;Tiago;Rodriguez;24360787;02/09/2026 10:11:24;7152;Mirko;Hernandez;Tiago Rodriguez;Mirko Hernandez
14129275;02/09/2026 14:22:18;3;2;0001  214761-1;05;CAMIONETA DIARIOS 2;2092194;"DR14    ";"DREC SAS                                          ";TILCARA 2731 PORTON 4 2731;951606;"21100          ";21100 - ESTANTE ORGANIZADOR RECTANGULAR 25x12x7;2;2;2;23079372;020926142218048;181303428;;;;07/29/2031 00:00:00;2;13781595;02/09/2026 14:22:18;Tiago;Rodriguez;24360787;02/09/2026 10:11:24;7152;Mirko;Hernandez;Tiago Rodriguez;Mirko Hernandez
14129275;02/09/2026 14:22:18;3;2;0001  214761-1;05;CAMIONETA DIARIOS 2;2092194;"DR14    ";"DREC SAS                                          ";TILCARA 2731 PORTON 4 2731;951531;"20-146N        ";20-146N - MONOCOMANDO DE COCINA BLACK LINEA MOVE;2;2;2;23079372;020926142218048;181302092;;;;07/30/2031 00:00:00;2;13781595;02/09/2026 14:22:18;Tiago;Rodriguez;24360787;02/09/2026 10:11:24;7152;Mirko;Hernandez;Tiago Rodriguez;Mirko Hernandez
14129275;02/09/2026 14:22:18;3;2;0001  214761-1;05;CAMIONETA DIARIOS 2;2092194;"DR14    ";"DREC SAS                                          ";TILCARA 2731 PORTON 4 2731;951523;"20-134         ";20-134 - MONOCOMANDO COCINA BETIS;1;1;1;23079372;020926142218048;181301440;;;;08/11/2031 00:00:00;1;13781595;02/09/2026 14:22:18;Tiago;Rodriguez;24360787;02/09/2026 10:11:24;7152;Mirko;Hernandez;Tiago Rodriguez;Mirko Hernandez
14129275;02/09/2026 14:22:18;3;2;0001  214761-1;05;CAMIONETA DIARIOS 2;2092194;"DR14    ";"DREC SAS                                          ";TILCARA 2731 PORTON 4 2731;951304;"17040N         ";17040N - PORTA ROLLO LINEA FABRIC BLACK;1;1;1;23079372;020926142218048;181301651;;;;07/29/2031 00:00:00;1;13781595;02/09/2026 14:22:18;Tiago;Rodriguez;24360787;02/09/2026 10:11:24;7152;Mirko;Hernandez;Tiago Rodriguez;Mirko Hernandez
14129275;02/09/2026 14:22:18;3;2;0001  214761-1;05;CAMIONETA DIARIOS 2;2092194;"DR14    ";"DREC SAS                                          ";TILCARA 2731 PORTON 4 2731;951301;"17030N         ";17030N - PERCHA LINEA FABRIC BLACK;2;2;2;23079372;020926142218048;181301557;;;;07/28/2031 00:00:00;2;13781595;02/09/2026 14:22:18;Tiago;Rodriguez;24360787;02/09/2026 10:11:24;7152;Mirko;Hernandez;Tiago Rodriguez;Mirko Hernandez
14129275;02/09/2026 14:22:18;3;2;0001  214761-1;05;CAMIONETA DIARIOS 2;2092194;"DR14    ";"DREC SAS                                          ";TILCARA 2731 PORTON 4 2731;951298;"17020N         ";17020N - TOALLERO DE ARO LINEA FABRIC BLACK;1;1;1;23079372;020926142218048;181301737;;;;07/29/2031 00:00:00;1;13781595;02/09/2026 14:22:18;Tiago;Rodriguez;24360787;02/09/2026 10:11:24;7152;Mirko;Hernandez;Tiago Rodriguez;Mirko Hernandez
14129276;02/09/2026 11:27:55;3;2;0001  214851-1;05;CAMIONETA DIARIOS 2;2094527;"SL13    ";"SANITARIOS LUGANO S.R.L.                          ";MURGIONDO 4500;951607;"21100N         ";21100N - ESTANTE ORGANIZADOR RECTANGULAR BLACK 25x12x7;2;2;2;23081762;020926112754730;181318787;;;;07/27/2031 00:00:00;2;13776522;02/09/2026 11:27:54;Maximiliano;Nievas;24363013;02/09/2026 10:51:40;7152;Mirko;Hernandez;Maximiliano Nievas;Mirko Hernandez
14129276;02/09/2026 11:27:55;3;2;0001  214851-1;05;CAMIONETA DIARIOS 2;2094527;"SL13    ";"SANITARIOS LUGANO S.R.L.                          ";MURGIONDO 4500;951259;"16006BL        ";16006BL - SET 6 PIEZAS ACCESORIOS LINEA 16000 BLACK;1;1;1;23081762;020926112754730;181319257;;;;07/27/2031 00:00:00;1;13776522;02/09/2026 11:27:54;Maximiliano;Nievas;24363013;02/09/2026 10:51:40;7152;Mirko;Hernandez;Maximiliano Nievas;Mirko Hernandez
14129277;02/09/2026 11:43:34;3;2;0001  214865-1;05;CAMIONETA DIARIOS 2;2092194;"DR14    ";"DREC SAS                                          ";TILCARA 2731 PORTON 4 2731;952655;"60-183         ";"LAVATORIO MONOCOMANDO BAJO MAT                                        ";18;18;18;23082376;020926114334560;181325471;;;;11/02/2031 00:00:00;18;13776885;02/09/2026 11:43:34;Tiago;Rodriguez;24363764;02/09/2026 11:08:34;7152;Mirko;Hernandez;Tiago Rodriguez;Mirko Hernandez
14129277;02/09/2026 11:43:34;3;2;0001  214865-1;05;CAMIONETA DIARIOS 2;2092194;"DR14    ";"DREC SAS                                          ";TILCARA 2731 PORTON 4 2731;952933;"70-183         ";"BIDE MONOCOMANDO C/TRANSF MAT                                         ";18;18;18;23082376;020926114334560;181326610;;;;11/02/2031 00:00:00;18;13776885;02/09/2026 11:43:34;Tiago;Rodriguez;24363764;02/09/2026 11:08:34;7152;Mirko;Hernandez;Tiago Rodriguez;Mirko Hernandez
14129277;02/09/2026 11:43:34;3;2;0001  214865-1;05;CAMIONETA DIARIOS 2;2092194;"DR14    ";"DREC SAS                                          ";TILCARA 2731 PORTON 4 2731;953131;"80-183         ";"DUCHA EMB C/TRANSF MONOCOMANDO MAT                                    ";18;18;18;23082376;020926114334560;181324046;;;;11/02/2031 00:00:00;18;13776885;02/09/2026 11:43:34;Tiago;Rodriguez;24363764;02/09/2026 11:08:34;7152;Mirko;Hernandez;Tiago Rodriguez;Mirko Hernandez
14129278;02/09/2026 11:55:48;3;2;0001  214869-1;05;CAMIONETA DIARIOS 2;2091390;"BR08    ";"BAEZ RAMON ANTONIO                                ";BOULOGNE SUR MER 864;951330;"19060          ";19060 - VASO PORTA CEPILLO LINEA 19000;1;1;1;23082095;020926115548239;181320932;;;;07/30/2031 00:00:00;1;13777398;02/09/2026 11:55:48;Maximiliano;Nievas;24363482;02/09/2026 10:55:09;7152;Mirko;Hernandez;Maximiliano Nievas;Mirko Hernandez
14129278;02/09/2026 11:55:48;3;2;0001  214869-1;05;CAMIONETA DIARIOS 2;2091390;"BR08    ";"BAEZ RAMON ANTONIO                                ";BOULOGNE SUR MER 864;952912;"70-162         ";70-162 - BIDE CR C.CERAM LINEA ADRA;1;1;1;23082095;020926115548239;181319909;;;;07/29/2031 00:00:00;1;13777398;02/09/2026 11:55:48;Maximiliano;Nievas;24363482;02/09/2026 10:55:09;7152;Mirko;Hernandez;Maximiliano Nievas;Mirko Hernandez
14129358;02/09/2026 15:37:45;3;2;0001  214773-1;05;CAMIONETA DIARIOS 2;2091390;"BR08    ";"BAEZ RAMON ANTONIO                                ";BOULOGNE SUR MER 864;952926;"70-176N        ";70-176N - BIDE MONOC C/TRANSF BLACK RIO;18;18;18;23081763;020926153743418;181329981;;;;11/23/2031 00:00:00;6;13782717;02/09/2026 15:37:43;Tiago;Rodriguez;24363128;02/09/2026 14:11:57;7636;Kevin;Arce;Tiago Rodriguez;Kevin Arce
14129358;02/09/2026 15:37:45;3;2;0001  214773-1;05;CAMIONETA DIARIOS 2;2091390;"BR08    ";"BAEZ RAMON ANTONIO                                ";BOULOGNE SUR MER 864;952637;"60-168         ";60-168 - LAVATORIO MONOC BAJO CR WAVE;12;12;12;23094611;020926145253412;181413321;;;;07/27/2031 00:00:00;2;13782773;02/09/2026 14:52:53;Tiago;Rodriguez;;;;;;Tiago Rodriguez;
14129358;02/09/2026 15:37:45;3;2;0001  214773-1;05;CAMIONETA DIARIOS 2;2091390;"BR08    ";"BAEZ RAMON ANTONIO                                ";BOULOGNE SUR MER 864;952796;"63-168N        ";"LAVATORIO PARED EMB MONOC BLACK WAVE                                  ";5;5;5;23094611;020926145253412;181326235;;;;07/28/2031 00:00:00;5;13782773;02/09/2026 14:52:53;Tiago;Rodriguez;;;;;;Tiago Rodriguez;
14129358;02/09/2026 15:37:45;3;2;0001  214773-1;05;CAMIONETA DIARIOS 2;2091390;"BR08    ";"BAEZ RAMON ANTONIO                                ";BOULOGNE SUR MER 864;952708;"61-168         ";61-168 - LAVATORIO MONOC ALTO CR WAVE;2;2;2;23094658;020926145354159;181327870;;;;07/27/2031 00:00:00;2;13782813;02/09/2026 14:53:54;Tiago;Rodriguez;;;;;;Tiago Rodriguez;
14129358;02/09/2026 15:37:45;3;2;0001  214773-1;05;CAMIONETA DIARIOS 2;2091390;"BR08    ";"BAEZ RAMON ANTONIO                                ";BOULOGNE SUR MER 864;952933;"70-183         ";"BIDE MONOCOMANDO C/TRANSF MAT                                         ";5;5;5;23094658;020926145354159;181413795;;;;11/02/2031 00:00:00;4;13782813;02/09/2026 14:53:54;Tiago;Rodriguez;;;;;;Tiago Rodriguez;
14129358;02/09/2026 15:37:45;3;2;0001  214773-1;05;CAMIONETA DIARIOS 2;2091390;"BR08    ";"BAEZ RAMON ANTONIO                                ";BOULOGNE SUR MER 864;953347;"85-168N        ";85-168N - DUCHA MONOC C/TRANSF Y DUCHADOR BLACK WAVE;22;22;22;23094691;020926145421732;181414018;;;;12/21/2031 00:00:00;3;13782827;02/09/2026 14:54:21;Tiago;Rodriguez;;;;;;Tiago Rodriguez;
14129358;02/09/2026 15:37:45;3;2;0001  214773-1;05;CAMIONETA DIARIOS 2;2091390;"BR08    ";"BAEZ RAMON ANTONIO                                ";BOULOGNE SUR MER 864;953113;"80-168N        ";80-168N - DUCHA EMB C/TRANSF MONOC BLACK WAVE;3;3;3;23094713;020926145445299;181414189;;;;01/22/2032 00:00:00;1;13782847;02/09/2026 14:54:45;Tiago;Rodriguez;;;;;;Tiago Rodriguez;
14129358;02/09/2026 15:37:45;3;2;0001  214773-1;05;CAMIONETA DIARIOS 2;2091390;"BR08    ";"BAEZ RAMON ANTONIO                                ";BOULOGNE SUR MER 864;953347;"85-168N        ";85-168N - DUCHA MONOC C/TRANSF Y DUCHADOR BLACK WAVE;22;22;22;23094713;020926145445299;181414190;;;;12/21/2031 00:00:00;2;13782847;02/09/2026 14:54:45;Tiago;Rodriguez;;;;;;Tiago Rodriguez;
14129358;02/09/2026 15:37:45;3;2;0001  214773-1;05;CAMIONETA DIARIOS 2;2091390;"BR08    ";"BAEZ RAMON ANTONIO                                ";BOULOGNE SUR MER 864;953091;"80-138         ";80-138 - DUCHA EMB. C/TRANSF. CR C.CERAM VALENCIA PLUS;13;13;13;23094745;020926145518325;181414456;;;;01/14/2032 00:00:00;4;13782867;02/09/2026 14:55:18;Tiago;Rodriguez;;;;;;Tiago Rodriguez;
14129358;02/09/2026 15:37:45;3;2;0001  214773-1;05;CAMIONETA DIARIOS 2;2091390;"BR08    ";"BAEZ RAMON ANTONIO                                ";BOULOGNE SUR MER 864;953091;"80-138         ";80-138 - DUCHA EMB. C/TRANSF. CR C.CERAM VALENCIA PLUS;13;13;13;23094761;020926145540142;181414623;;;;01/14/2032 00:00:00;4;13782888;02/09/2026 14:55:40;Tiago;Rodriguez;;;;;;Tiago Rodriguez;
14129358;02/09/2026 15:37:45;3;2;0001  214773-1;05;CAMIONETA DIARIOS 2;2091390;"BR08    ";"BAEZ RAMON ANTONIO                                ";BOULOGNE SUR MER 864;953347;"85-168N        ";85-168N - DUCHA MONOC C/TRANSF Y DUCHADOR BLACK WAVE;22;22;22;23094806;020926145617811;181414928;;;;12/21/2031 00:00:00;2;13782910;02/09/2026 14:56:17;Tiago;Rodriguez;;;;;;Tiago Rodriguez;
14129358;02/09/2026 15:37:45;3;2;0001  214773-1;05;CAMIONETA DIARIOS 2;2091390;"BR08    ";"BAEZ RAMON ANTONIO                                ";BOULOGNE SUR MER 864;953113;"80-168N        ";80-168N - DUCHA EMB C/TRANSF MONOC BLACK WAVE;3;3;3;23094806;020926145617811;181414927;;;;01/22/2032 00:00:00;1;13782910;02/09/2026 14:56:17;Tiago;Rodriguez;;;;;;Tiago Rodriguez;
14129358;02/09/2026 15:37:45;3;2;0001  214773-1;05;CAMIONETA DIARIOS 2;2091390;"BR08    ";"BAEZ RAMON ANTONIO                                ";BOULOGNE SUR MER 864;953091;"80-138         ";80-138 - DUCHA EMB. C/TRANSF. CR C.CERAM VALENCIA PLUS;13;13;13;23094841;020926145651004;181415169;;;;01/14/2032 00:00:00;4;13782925;02/09/2026 14:56:51;Tiago;Rodriguez;;;;;;Tiago Rodriguez;
14129358;02/09/2026 15:37:45;3;2;0001  214773-1;05;CAMIONETA DIARIOS 2;2091390;"BR08    ";"BAEZ RAMON ANTONIO                                ";BOULOGNE SUR MER 864;953347;"85-168N        ";85-168N - DUCHA MONOC C/TRANSF Y DUCHADOR BLACK WAVE;22;22;22;23094852;020926145713594;181415330;;;;12/21/2031 00:00:00;3;13782939;02/09/2026 14:57:13;Tiago;Rodriguez;;;;;;Tiago Rodriguez;
14129358;02/09/2026 15:37:45;3;2;0001  214773-1;05;CAMIONETA DIARIOS 2;2091390;"BR08    ";"BAEZ RAMON ANTONIO                                ";BOULOGNE SUR MER 864;953347;"85-168N        ";85-168N - DUCHA MONOC C/TRANSF Y DUCHADOR BLACK WAVE;22;22;22;23094873;020926145734958;181415485;;;;12/21/2031 00:00:00;3;13782952;02/09/2026 14:57:34;Tiago;Rodriguez;;;;;;Tiago Rodriguez;
14129358;02/09/2026 15:37:45;3;2;0001  214773-1;05;CAMIONETA DIARIOS 2;2091390;"BR08    ";"BAEZ RAMON ANTONIO                                ";BOULOGNE SUR MER 864;953347;"85-168N        ";85-168N - DUCHA MONOC C/TRANSF Y DUCHADOR BLACK WAVE;22;22;22;23094885;020926145757219;181415622;;;;12/21/2031 00:00:00;3;13782963;02/09/2026 14:57:57;Tiago;Rodriguez;;;;;;Tiago Rodriguez;
14129358;02/09/2026 15:37:45;3;2;0001  214773-1;05;CAMIONETA DIARIOS 2;2091390;"BR08    ";"BAEZ RAMON ANTONIO                                ";BOULOGNE SUR MER 864;953346;"85-168         ";85-168 - DUCHA MONOC C/TRANSF Y DUCHADOR CR WAVE;12;12;12;23094908;020926145826440;181415822;;;;02/01/2032 00:00:00;3;13782980;02/09/2026 14:58:26;Tiago;Rodriguez;;;;;;Tiago Rodriguez;
14129358;02/09/2026 15:37:45;3;2;0001  214773-1;05;CAMIONETA DIARIOS 2;2091390;"BR08    ";"BAEZ RAMON ANTONIO                                ";BOULOGNE SUR MER 864;953113;"80-168N        ";80-168N - DUCHA EMB C/TRANSF MONOC BLACK WAVE;3;3;3;23094923;020926145846444;181389244;;;;01/22/2032 00:00:00;1;13782993;02/09/2026 14:58:46;Tiago;Rodriguez;;;;;;Tiago Rodriguez;
14129358;02/09/2026 15:37:45;3;2;0001  214773-1;05;CAMIONETA DIARIOS 2;2091390;"BR08    ";"BAEZ RAMON ANTONIO                                ";BOULOGNE SUR MER 864;953347;"85-168N        ";85-168N - DUCHA MONOC C/TRANSF Y DUCHADOR BLACK WAVE;22;22;22;23094923;020926145846444;181415935;;;;12/21/2031 00:00:00;2;13782993;02/09/2026 14:58:46;Tiago;Rodriguez;;;;;;Tiago Rodriguez;
14129358;02/09/2026 15:37:45;3;2;0001  214773-1;05;CAMIONETA DIARIOS 2;2091390;"BR08    ";"BAEZ RAMON ANTONIO                                ";BOULOGNE SUR MER 864;953347;"85-168N        ";85-168N - DUCHA MONOC C/TRANSF Y DUCHADOR BLACK WAVE;22;22;22;23094945;020926145904785;181416073;;;;12/21/2031 00:00:00;3;13783002;02/09/2026 14:59:04;Tiago;Rodriguez;;;;;;Tiago Rodriguez;
14129358;02/09/2026 15:37:45;3;2;0001  214773-1;05;CAMIONETA DIARIOS 2;2091390;"BR08    ";"BAEZ RAMON ANTONIO                                ";BOULOGNE SUR MER 864;953354;"85-201NI       ";85-201NI - DUCHA EMB C/TRANSF Y DUCHADOR C.CERAM BEAT NICKEL;8;8;8;23094961;020926145930084;181416221;;;;01/11/2032 00:00:00;3;13783021;02/09/2026 14:59:30;Tiago;Rodriguez;;;;;;Tiago Rodriguez;
14129358;02/09/2026 15:37:45;3;2;0001  214773-1;05;CAMIONETA DIARIOS 2;2091390;"BR08    ";"BAEZ RAMON ANTONIO                                ";BOULOGNE SUR MER 864;953354;"85-201NI       ";85-201NI - DUCHA EMB C/TRANSF Y DUCHADOR C.CERAM BEAT NICKEL;8;8;8;23094972;020926145951780;181416378;;;;01/11/2032 00:00:00;3;13783035;02/09/2026 14:59:51;Tiago;Rodriguez;;;;;;Tiago Rodriguez;
14129358;02/09/2026 15:37:45;3;2;0001  214773-1;05;CAMIONETA DIARIOS 2;2091390;"BR08    ";"BAEZ RAMON ANTONIO                                ";BOULOGNE SUR MER 864;953346;"85-168         ";85-168 - DUCHA MONOC C/TRANSF Y DUCHADOR CR WAVE;12;12;12;23095011;020926150017277;181416526;;;;02/01/2032 00:00:00;3;13783055;02/09/2026 15:00:17;Tiago;Rodriguez;;;;;;Tiago Rodriguez;
14129358;02/09/2026 15:37:45;3;2;0001  214773-1;05;CAMIONETA DIARIOS 2;2091390;"BR08    ";"BAEZ RAMON ANTONIO                                ";BOULOGNE SUR MER 864;951259;"16006BL        ";16006BL - SET 6 PIEZAS ACCESORIOS LINEA 16000 BLACK;8;8;8;23095044;020926150102052;181338037;;;;07/27/2031 00:00:00;8;13783080;02/09/2026 15:01:02;Tiago;Rodriguez;;;;;;Tiago Rodriguez;
14129358;02/09/2026 15:37:45;3;2;0001  214773-1;05;CAMIONETA DIARIOS 2;2091390;"BR08    ";"BAEZ RAMON ANTONIO                                ";BOULOGNE SUR MER 864;953346;"85-168         ";85-168 - DUCHA MONOC C/TRANSF Y DUCHADOR CR WAVE;12;12;12;23095075;020926150147926;181417173;;;;02/01/2032 00:00:00;2;13783108;02/09/2026 15:01:47;Tiago;Rodriguez;;;;;;Tiago Rodriguez;
14129358;02/09/2026 15:37:45;3;2;0001  214773-1;05;CAMIONETA DIARIOS 2;2091390;"BR08    ";"BAEZ RAMON ANTONIO                                ";BOULOGNE SUR MER 864;953171;"80-353NI       ";80-353NI - DUCHA DE EMB 3 FUNCIONES BEAT NICKEL;1;1;1;23095075;020926150147926;181378152;;;;01/11/2032 00:00:00;1;13783108;02/09/2026 15:01:47;Tiago;Rodriguez;;;;;;Tiago Rodriguez;
14129358;02/09/2026 15:37:45;3;2;0001  214773-1;05;CAMIONETA DIARIOS 2;2091390;"BR08    ";"BAEZ RAMON ANTONIO                                ";BOULOGNE SUR MER 864;953346;"85-168         ";85-168 - DUCHA MONOC C/TRANSF Y DUCHADOR CR WAVE;12;12;12;23095101;020926150209257;181417320;;;;02/01/2032 00:00:00;2;13783120;02/09/2026 15:02:09;Tiago;Rodriguez;;;;;;Tiago Rodriguez;
14129358;02/09/2026 15:37:45;3;2;0001  214773-1;05;CAMIONETA DIARIOS 2;2091390;"BR08    ";"BAEZ RAMON ANTONIO                                ";BOULOGNE SUR MER 864;953354;"85-201NI       ";85-201NI - DUCHA EMB C/TRANSF Y DUCHADOR C.CERAM BEAT NICKEL;8;8;8;23095101;020926150209257;181417321;;;;01/11/2032 00:00:00;1;13783120;02/09/2026 15:02:09;Tiago;Rodriguez;;;;;;Tiago Rodriguez;
14129358;02/09/2026 15:37:45;3;2;0001  214773-1;05;CAMIONETA DIARIOS 2;2091390;"BR08    ";"BAEZ RAMON ANTONIO                                ";BOULOGNE SUR MER 864;953354;"85-201NI       ";85-201NI - DUCHA EMB C/TRANSF Y DUCHADOR C.CERAM BEAT NICKEL;8;8;8;23095129;020926150237661;181381636;;;;01/11/2032 00:00:00;1;13783139;02/09/2026 15:02:37;Tiago;Rodriguez;;;;;;Tiago Rodriguez;
14129358;02/09/2026 15:37:45;3;2;0001  214773-1;05;CAMIONETA DIARIOS 2;2091390;"BR08    ";"BAEZ RAMON ANTONIO                                ";BOULOGNE SUR MER 864;953346;"85-168         ";85-168 - DUCHA MONOC C/TRANSF Y DUCHADOR CR WAVE;12;12;12;23095129;020926150237661;181376947;;;;02/01/2032 00:00:00;2;13783139;02/09/2026 15:02:37;Tiago;Rodriguez;;;;;;Tiago Rodriguez;
14129358;02/09/2026 15:37:45;3;2;0001  214773-1;05;CAMIONETA DIARIOS 2;2091390;"BR08    ";"BAEZ RAMON ANTONIO                                ";BOULOGNE SUR MER 864;952713;"61-176N        ";61-176N - LAVATORIO MONOC ALTO BLACK RIO;10;10;10;23095153;020926150302407;181417680;;;;07/29/2031 00:00:00;4;13783157;02/09/2026 15:03:02;Tiago;Rodriguez;;;;;;Tiago Rodriguez;
14129358;02/09/2026 15:37:45;3;2;0001  214773-1;05;CAMIONETA DIARIOS 2;2091390;"BR08    ";"BAEZ RAMON ANTONIO                                ";BOULOGNE SUR MER 864;952676;"60-201NI       ";60-201NI - LAVATORIO C.CERAM BEAT NICKEL;12;12;12;23095175;020926150324224;181417835;;;;08/20/2031 00:00:00;4;13783173;02/09/2026 15:03:24;Tiago;Rodriguez;;;;;;Tiago Rodriguez;
14129358;02/09/2026 15:37:45;3;2;0001  214773-1;05;CAMIONETA DIARIOS 2;2091390;"BR08    ";"BAEZ RAMON ANTONIO                                ";BOULOGNE SUR MER 864;953091;"80-138         ";80-138 - DUCHA EMB. C/TRANSF. CR C.CERAM VALENCIA PLUS;13;13;13;23095210;020926150352931;181391058;;;;01/14/2032 00:00:00;1;13783191;02/09/2026 15:03:52;Tiago;Rodriguez;;;;;;Tiago Rodriguez;
14129358;02/09/2026 15:37:45;3;2;0001  214773-1;05;CAMIONETA DIARIOS 2;2091390;"BR08    ";"BAEZ RAMON ANTONIO                                ";BOULOGNE SUR MER 864;953406;"90-045         ";90-045 - PACK GRIF LAV-BID-DUCHA C/TRANSF CRUZ;3;3;3;23095210;020926150352931;181373762;;;;08/04/2031 00:00:00;3;13783191;02/09/2026 15:03:52;Tiago;Rodriguez;;;;;;Tiago Rodriguez;
14129358;02/09/2026 15:37:45;3;2;0001  214773-1;05;CAMIONETA DIARIOS 2;2091390;"BR08    ";"BAEZ RAMON ANTONIO                                ";BOULOGNE SUR MER 864;952676;"60-201NI       ";60-201NI - LAVATORIO C.CERAM BEAT NICKEL;12;12;12;23095230;020926150412373;181418158;;;;08/20/2031 00:00:00;4;13783199;02/09/2026 15:04:12;Tiago;Rodriguez;;;;;;Tiago Rodriguez;
14129358;02/09/2026 15:37:45;3;2;0001  214773-1;05;CAMIONETA DIARIOS 2;2091390;"BR08    ";"BAEZ RAMON ANTONIO                                ";BOULOGNE SUR MER 864;952676;"60-201NI       ";60-201NI - LAVATORIO C.CERAM BEAT NICKEL;12;12;12;23095249;020926150444392;181383606;;;;08/20/2031 00:00:00;4;13783215;02/09/2026 15:04:44;Tiago;Rodriguez;;;;;;Tiago Rodriguez;
14129358;02/09/2026 15:37:45;3;2;0001  214773-1;05;CAMIONETA DIARIOS 2;2091390;"BR08    ";"BAEZ RAMON ANTONIO                                ";BOULOGNE SUR MER 864;952577;"60-045         ";60-045 - LAVATORIO CR/CR C.STD CRUZ;4;4;4;23095278;020926150515976;181418626;;;;01/24/2032 00:00:00;1;13783231;02/09/2026 15:05:15;Tiago;Rodriguez;;;;;;Tiago Rodriguez;
14129358;02/09/2026 15:37:45;3;2;0001  214773-1;05;CAMIONETA DIARIOS 2;2091390;"BR08    ";"BAEZ RAMON ANTONIO                                ";BOULOGNE SUR MER 864;953243;"814/CR         ";814/CR - MESADA P.FUNDIDO CR/CR ARES;9;9;9;23095278;020926150515976;181369408;;;;01/13/2032 00:00:00;9;13783231;02/09/2026 15:05:15;Tiago;Rodriguez;;;;;;Tiago Rodriguez;
14129358;02/09/2026 15:37:45;3;2;0001  214773-1;05;CAMIONETA DIARIOS 2;2091390;"BR08    ";"BAEZ RAMON ANTONIO                                ";BOULOGNE SUR MER 864;952953;"70-201NI       ";70-201NI - BIDE CR C.CERAM BEAT NICKEL;10;10;10;23095307;020926150552401;181385106;;;;07/29/2031 00:00:00;10;13783249;02/09/2026 15:05:52;Tiago;Rodriguez;;;;;;Tiago Rodriguez;
14129358;02/09/2026 15:37:45;3;2;0001  214773-1;05;CAMIONETA DIARIOS 2;2091390;"BR08    ";"BAEZ RAMON ANTONIO                                ";BOULOGNE SUR MER 864;953347;"85-168N        ";85-168N - DUCHA MONOC C/TRANSF Y DUCHADOR BLACK WAVE;22;22;22;23095337;020926150627618;181387897;;;;12/21/2031 00:00:00;1;13783267;02/09/2026 15:06:27;Tiago;Rodriguez;;;;;;Tiago Rodriguez;
14129358;02/09/2026 15:37:45;3;2;0001  214773-1;05;CAMIONETA DIARIOS 2;2091390;"BR08    ";"BAEZ RAMON ANTONIO                                ";BOULOGNE SUR MER 864;952933;"70-183         ";"BIDE MONOCOMANDO C/TRANSF MAT                                         ";5;5;5;23095337;020926150627618;181342071;;;;11/02/2031 00:00:00;1;13783267;02/09/2026 15:06:27;Tiago;Rodriguez;;;;;;Tiago Rodriguez;
14129358;02/09/2026 15:37:45;3;2;0001  214773-1;05;CAMIONETA DIARIOS 2;2091390;"BR08    ";"BAEZ RAMON ANTONIO                                ";BOULOGNE SUR MER 864;952916;"70-168N        ";70-168N - BIDE MONOC BLACK WAVE;3;3;3;23095337;020926150627618;181365874;;;;01/05/2032 00:00:00;3;13783267;02/09/2026 15:06:27;Tiago;Rodriguez;;;;;;Tiago Rodriguez;
14129358;02/09/2026 15:37:45;3;2;0001  214773-1;05;CAMIONETA DIARIOS 2;2091390;"BR08    ";"BAEZ RAMON ANTONIO                                ";BOULOGNE SUR MER 864;953055;"80-045         ";80-045 - DUCHA EMB.C/TRANSF CR  C.STD CRUZ;12;12;12;23095363;020926150653707;181419329;;;;01/04/2032 00:00:00;10;13783276;02/09/2026 15:06:53;Tiago;Rodriguez;;;;;;Tiago Rodriguez;
14129358;02/09/2026 15:37:45;3;2;0001  214773-1;05;CAMIONETA DIARIOS 2;2091390;"BR08    ";"BAEZ RAMON ANTONIO                                ";BOULOGNE SUR MER 864;951548;"20-179         ";20-179 - MONOCOMANDO DE COCINA LARA;10;10;10;23095386;020926150736880;181419687;;;;07/27/2031 00:00:00;2;13783298;02/09/2026 15:07:36;Tiago;Rodriguez;;;;;;Tiago Rodriguez;
14129358;02/09/2026 15:37:45;3;2;0001  214773-1;05;CAMIONETA DIARIOS 2;2091390;"BR08    ";"BAEZ RAMON ANTONIO                                ";BOULOGNE SUR MER 864;952439;"51-059         ";51-059 - COCINA MESADA BL/CR C.STD MALBA;4;4;4;23095386;020926150736880;181389809;;;;12/13/2031 00:00:00;4;13783298;02/09/2026 15:07:36;Tiago;Rodriguez;;;;;;Tiago Rodriguez;
14129358;02/09/2026 15:37:45;3;2;0001  214773-1;05;CAMIONETA DIARIOS 2;2091390;"BR08    ";"BAEZ RAMON ANTONIO                                ";BOULOGNE SUR MER 864;952800;"63-183         ";"LAVATORIO PARED EMB MONOCOMANDO MAT                                   ";16;16;16;23095386;020926150736880;181419688;;;;01/12/2032 00:00:00;4;13783298;02/09/2026 15:07:36;Tiago;Rodriguez;;;;;;Tiago Rodriguez;
14129358;02/09/2026 15:37:45;3;2;0001  214773-1;05;CAMIONETA DIARIOS 2;2091390;"BR08    ";"BAEZ RAMON ANTONIO                                ";BOULOGNE SUR MER 864;952888;"70-122         ";70-122 - BIDE C.CERAM CR VALENCIA;7;7;7;23095402;020926150759744;181374747;;;;10/26/2031 00:00:00;7;13783309;02/09/2026 15:07:59;Tiago;Rodriguez;;;;;;Tiago Rodriguez;
14129358;02/09/2026 15:37:45;3;2;0001  214773-1;05;CAMIONETA DIARIOS 2;2091390;"BR08    ";"BAEZ RAMON ANTONIO                                ";BOULOGNE SUR MER 864;953055;"80-045         ";80-045 - DUCHA EMB.C/TRANSF CR  C.STD CRUZ;12;12;12;23095402;020926150759744;181373397;;;;01/04/2032 00:00:00;2;13783309;02/09/2026 15:07:59;Tiago;Rodriguez;;;;;;Tiago Rodriguez;
14129358;02/09/2026 15:37:45;3;2;0001  214773-1;05;CAMIONETA DIARIOS 2;2091390;"BR08    ";"BAEZ RAMON ANTONIO                                ";BOULOGNE SUR MER 864;952577;"60-045         ";60-045 - LAVATORIO CR/CR C.STD CRUZ;4;4;4;23095402;020926150759744;181419858;;;;01/24/2032 00:00:00;1;13783309;02/09/2026 15:07:59;Tiago;Rodriguez;;;;;;Tiago Rodriguez;
14129358;02/09/2026 15:37:45;3;2;0001  214773-1;05;CAMIONETA DIARIOS 2;2091390;"BR08    ";"BAEZ RAMON ANTONIO                                ";BOULOGNE SUR MER 864;952610;"60-122         ";60-122 - LAVATORIO C.CERAM CR VALENCIA;8;8;8;23095426;020926150836302;181375268;;;;12/10/2031 00:00:00;8;13783322;02/09/2026 15:08:36;Tiago;Rodriguez;;;;;;Tiago Rodriguez;
14129358;02/09/2026 15:37:45;3;2;0001  214773-1;05;CAMIONETA DIARIOS 2;2091390;"BR08    ";"BAEZ RAMON ANTONIO                                ";BOULOGNE SUR MER 864;952577;"60-045         ";60-045 - LAVATORIO CR/CR C.STD CRUZ;4;4;4;23095426;020926150836302;181374143;;;;01/24/2032 00:00:00;2;13783322;02/09/2026 15:08:36;Tiago;Rodriguez;;;;;;Tiago Rodriguez;
14129358;02/09/2026 15:37:45;3;2;0001  214773-1;05;CAMIONETA DIARIOS 2;2091390;"BR08    ";"BAEZ RAMON ANTONIO                                ";BOULOGNE SUR MER 864;953351;"85-183         ";"DUCHA EMB C/TRANSF Y DUCHADOR MONOC MAT                               ";24;24;24;23095777;020926151415927;181422779;;;;01/12/2032 00:00:00;3;13783546;02/09/2026 15:14:15;Tiago;Rodriguez;;;;;;Tiago Rodriguez;
14129358;02/09/2026 15:37:45;3;2;0001  214773-1;05;CAMIONETA DIARIOS 2;2091390;"BR08    ";"BAEZ RAMON ANTONIO                                ";BOULOGNE SUR MER 864;953351;"85-183         ";"DUCHA EMB C/TRANSF Y DUCHADOR MONOC MAT                               ";24;24;24;23095798;020926151440587;181422962;;;;01/12/2032 00:00:00;3;13783557;02/09/2026 15:14:40;Tiago;Rodriguez;;;;;;Tiago Rodriguez;
14129358;02/09/2026 15:37:45;3;2;0001  214773-1;05;CAMIONETA DIARIOS 2;2091390;"BR08    ";"BAEZ RAMON ANTONIO                                ";BOULOGNE SUR MER 864;953351;"85-183         ";"DUCHA EMB C/TRANSF Y DUCHADOR MONOC MAT                               ";24;24;24;23095825;020926151505384;181423153;;;;01/12/2032 00:00:00;3;13783568;02/09/2026 15:15:05;Tiago;Rodriguez;;;;;;Tiago Rodriguez;
14129358;02/09/2026 15:37:45;3;2;0001  214773-1;05;CAMIONETA DIARIOS 2;2091390;"BR08    ";"BAEZ RAMON ANTONIO                                ";BOULOGNE SUR MER 864;953351;"85-183         ";"DUCHA EMB C/TRANSF Y DUCHADOR MONOC MAT                               ";24;24;24;23095842;020926151533206;181423383;;;;01/12/2032 00:00:00;3;13783584;02/09/2026 15:15:33;Tiago;Rodriguez;;;;;;Tiago Rodriguez;
14129358;02/09/2026 15:37:45;3;2;0001  214773-1;05;CAMIONETA DIARIOS 2;2091390;"BR08    ";"BAEZ RAMON ANTONIO                                ";BOULOGNE SUR MER 864;953351;"85-183         ";"DUCHA EMB C/TRANSF Y DUCHADOR MONOC MAT                               ";24;24;24;23095857;020926151548350;181423531;;;;01/12/2032 00:00:00;3;13783593;02/09/2026 15:15:48;Tiago;Rodriguez;;;;;;Tiago Rodriguez;
14129358;02/09/2026 15:37:45;3;2;0001  214773-1;05;CAMIONETA DIARIOS 2;2091390;"BR08    ";"BAEZ RAMON ANTONIO                                ";BOULOGNE SUR MER 864;953351;"85-183         ";"DUCHA EMB C/TRANSF Y DUCHADOR MONOC MAT                               ";24;24;24;23095874;020926151604487;181423639;;;;01/12/2032 00:00:00;3;13783601;02/09/2026 15:16:04;Tiago;Rodriguez;;;;;;Tiago Rodriguez;
14129358;02/09/2026 15:37:45;3;2;0001  214773-1;05;CAMIONETA DIARIOS 2;2091390;"BR08    ";"BAEZ RAMON ANTONIO                                ";BOULOGNE SUR MER 864;953351;"85-183         ";"DUCHA EMB C/TRANSF Y DUCHADOR MONOC MAT                               ";24;24;24;23095890;020926151620832;181423778;;;;01/12/2032 00:00:00;3;13783614;02/09/2026 15:16:20;Tiago;Rodriguez;;;;;;Tiago Rodriguez;
14129358;02/09/2026 15:37:45;3;2;0001  214773-1;05;CAMIONETA DIARIOS 2;2091390;"BR08    ";"BAEZ RAMON ANTONIO                                ";BOULOGNE SUR MER 864;953351;"85-183         ";"DUCHA EMB C/TRANSF Y DUCHADOR MONOC MAT                               ";24;24;24;23095991;020926151818168;181362314;;;;01/12/2032 00:00:00;3;13783680;02/09/2026 15:18:18;Tiago;Rodriguez;;;;;;Tiago Rodriguez;
14129358;02/09/2026 15:37:45;3;2;0001  214773-1;05;CAMIONETA DIARIOS 2;2091390;"BR08    ";"BAEZ RAMON ANTONIO                                ";BOULOGNE SUR MER 864;954649;"A814           ";A814 - DUCHA C/BRAZO Y CAMPANA CR;20;20;20;23096025;020926151900471;181349303;;;;08/13/2031 00:00:00;20;13783700;02/09/2026 15:19:00;Tiago;Rodriguez;;;;;;Tiago Rodriguez;
14129358;02/09/2026 15:37:45;3;2;0001  214773-1;05;CAMIONETA DIARIOS 2;2091390;"BR08    ";"BAEZ RAMON ANTONIO                                ";BOULOGNE SUR MER 864;952926;"70-176N        ";70-176N - BIDE MONOC C/TRANSF BLACK RIO;18;18;18;23096046;020926151931616;181425331;;;;11/23/2031 00:00:00;6;13783727;02/09/2026 15:19:31;Tiago;Rodriguez;;;;;;Tiago Rodriguez;
14129358;02/09/2026 15:37:45;3;2;0001  214773-1;05;CAMIONETA DIARIOS 2;2091390;"BR08    ";"BAEZ RAMON ANTONIO                                ";BOULOGNE SUR MER 864;952648;"60-176N        ";"LAVATORIO MONOCOMANDO BAJO BLACK RIO                                  ";18;18;18;23096060;020926151952001;181425552;;;;07/29/2031 00:00:00;6;13783737;02/09/2026 15:19:52;Tiago;Rodriguez;;;;;;Tiago Rodriguez;
14129358;02/09/2026 15:37:45;3;2;0001  214773-1;05;CAMIONETA DIARIOS 2;2091390;"BR08    ";"BAEZ RAMON ANTONIO                                ";BOULOGNE SUR MER 864;952648;"60-176N        ";"LAVATORIO MONOCOMANDO BAJO BLACK RIO                                  ";18;18;18;23096078;020926152013512;181425710;;;;07/29/2031 00:00:00;6;13783750;02/09/2026 15:20:13;Tiago;Rodriguez;;;;;;Tiago Rodriguez;
14129358;02/09/2026 15:37:45;3;2;0001  214773-1;05;CAMIONETA DIARIOS 2;2091390;"BR08    ";"BAEZ RAMON ANTONIO                                ";BOULOGNE SUR MER 864;953317;"83-176N        ";83-176N - DUCHA EXT. C/TRANSF. MONOC BLACK RIO;5;5;5;23096117;020926152048024;181331983;;;;07/29/2031 00:00:00;5;13783771;02/09/2026 15:20:48;Tiago;Rodriguez;;;;;;Tiago Rodriguez;
14129358;02/09/2026 15:37:45;3;2;0001  214773-1;05;CAMIONETA DIARIOS 2;2091390;"BR08    ";"BAEZ RAMON ANTONIO                                ";BOULOGNE SUR MER 864;951611;"21-160         ";"MONOCOMANDO DUO COCINA CROMO DIQUE                                    ";35;35;35;23096135;020926152103826;181426082;;;;12/14/2031 00:00:00;6;13783781;02/09/2026 15:21:03;Tiago;Rodriguez;;;;;;Tiago Rodriguez;
14129358;02/09/2026 15:37:45;3;2;0001  214773-1;05;CAMIONETA DIARIOS 2;2091390;"BR08    ";"BAEZ RAMON ANTONIO                                ";BOULOGNE SUR MER 864;951611;"21-160         ";"MONOCOMANDO DUO COCINA CROMO DIQUE                                    ";35;35;35;23096148;020926152118265;181426199;;;;12/14/2031 00:00:00;6;13783788;02/09/2026 15:21:18;Tiago;Rodriguez;;;;;;Tiago Rodriguez;
14129358;02/09/2026 15:37:45;3;2;0001  214773-1;05;CAMIONETA DIARIOS 2;2091390;"BR08    ";"BAEZ RAMON ANTONIO                                ";BOULOGNE SUR MER 864;951611;"21-160         ";"MONOCOMANDO DUO COCINA CROMO DIQUE                                    ";35;35;35;23096165;020926152134221;181426314;;;;12/14/2031 00:00:00;6;13783797;02/09/2026 15:21:34;Tiago;Rodriguez;;;;;;Tiago Rodriguez;
14129358;02/09/2026 15:37:45;3;2;0001  214773-1;05;CAMIONETA DIARIOS 2;2091390;"BR08    ";"BAEZ RAMON ANTONIO                                ";BOULOGNE SUR MER 864;951611;"21-160         ";"MONOCOMANDO DUO COCINA CROMO DIQUE                                    ";35;35;35;23096181;020926152150596;181426516;;;;12/14/2031 00:00:00;6;13783810;02/09/2026 15:21:50;Tiago;Rodriguez;;;;;;Tiago Rodriguez;
14129358;02/09/2026 15:37:45;3;2;0001  214773-1;05;CAMIONETA DIARIOS 2;2091390;"BR08    ";"BAEZ RAMON ANTONIO                                ";BOULOGNE SUR MER 864;951611;"21-160         ";"MONOCOMANDO DUO COCINA CROMO DIQUE                                    ";35;35;35;23096194;020926152208008;181426663;;;;12/14/2031 00:00:00;6;13783822;02/09/2026 15:22:08;Tiago;Rodriguez;;;;;;Tiago Rodriguez;
14129358;02/09/2026 15:37:45;3;2;0001  214773-1;05;CAMIONETA DIARIOS 2;2091390;"BR08    ";"BAEZ RAMON ANTONIO                                ";BOULOGNE SUR MER 864;951611;"21-160         ";"MONOCOMANDO DUO COCINA CROMO DIQUE                                    ";35;35;35;23096214;020926152230011;181325517;;;;12/14/2031 00:00:00;5;13783839;02/09/2026 15:22:30;Tiago;Rodriguez;;;;;;Tiago Rodriguez;
14129358;02/09/2026 15:37:45;3;2;0001  214773-1;05;CAMIONETA DIARIOS 2;2091390;"BR08    ";"BAEZ RAMON ANTONIO                                ";BOULOGNE SUR MER 864;1007844;"20-122S        ";"MONOCOMANDO COCINA INOX C/PICO EXTRAIBLE VALENCIA                     ";6;6;6;23096253;020926152253998;181342888;;;;01/06/2032 00:00:00;6;13783859;02/09/2026 15:22:54;Tiago;Rodriguez;;;;;;Tiago Rodriguez;
14129358;02/09/2026 15:37:45;3;2;0001  214773-1;05;CAMIONETA DIARIOS 2;2091390;"BR08    ";"BAEZ RAMON ANTONIO                                ";BOULOGNE SUR MER 864;951548;"20-179         ";20-179 - MONOCOMANDO DE COCINA LARA;10;10;10;23096267;020926152314981;181343895;;;;07/27/2031 00:00:00;8;13783874;02/09/2026 15:23:14;Tiago;Rodriguez;;;;;;Tiago Rodriguez;
14129358;02/09/2026 15:37:45;3;2;0001  214773-1;05;CAMIONETA DIARIOS 2;2091390;"BR08    ";"BAEZ RAMON ANTONIO                                ";BOULOGNE SUR MER 864;952800;"63-183         ";"LAVATORIO PARED EMB MONOCOMANDO MAT                                   ";16;16;16;23096279;020926152329497;181341629;;;;01/12/2032 00:00:00;12;13783885;02/09/2026 15:23:29;Tiago;Rodriguez;;;;;;Tiago Rodriguez;
14129358;02/09/2026 15:37:45;3;2;0001  214773-1;05;CAMIONETA DIARIOS 2;2091390;"BR08    ";"BAEZ RAMON ANTONIO                                ";BOULOGNE SUR MER 864;953316;"83-176         ";83-176 - DUCHA EXT. C/TRANSF. MONOC CR RIO;12;12;12;23096294;020926152345728;181427617;;;;07/28/2031 00:00:00;6;13783893;02/09/2026 15:23:45;Tiago;Rodriguez;;;;;;Tiago Rodriguez;
14129358;02/09/2026 15:37:45;3;2;0001  214773-1;05;CAMIONETA DIARIOS 2;2091390;"BR08    ";"BAEZ RAMON ANTONIO                                ";BOULOGNE SUR MER 864;953316;"83-176         ";83-176 - DUCHA EXT. C/TRANSF. MONOC CR RIO;12;12;12;23096312;020926152412533;181330646;;;;07/28/2031 00:00:00;6;13783911;02/09/2026 15:24:12;Tiago;Rodriguez;;;;;;Tiago Rodriguez;
14129358;02/09/2026 15:37:45;3;2;0001  214773-1;05;CAMIONETA DIARIOS 2;2091390;"BR08    ";"BAEZ RAMON ANTONIO                                ";BOULOGNE SUR MER 864;954226;"A1448C         ";"A1448C - CAÑO CURVO METALICO C/FLOR DE DUCHA 4"" ABS CR C/BLISTER";70;70;70;23096331;020926152439751;181428106;;;;08/13/2031 00:00:00;27;13783926;02/09/2026 15:24:39;Tiago;Rodriguez;;;;;;Tiago Rodriguez;
14129358;02/09/2026 15:37:45;3;2;0001  214773-1;05;CAMIONETA DIARIOS 2;2091390;"BR08    ";"BAEZ RAMON ANTONIO                                ";BOULOGNE SUR MER 864;954226;"A1448C         ";"A1448C - CAÑO CURVO METALICO C/FLOR DE DUCHA 4"" ABS CR C/BLISTER";70;70;70;23096375;020926152518239;181428421;;;;08/13/2031 00:00:00;27;13783964;02/09/2026 15:25:18;Tiago;Rodriguez;;;;;;Tiago Rodriguez;
14129358;02/09/2026 15:37:45;3;2;0001  214773-1;05;CAMIONETA DIARIOS 2;2091390;"BR08    ";"BAEZ RAMON ANTONIO                                ";BOULOGNE SUR MER 864;954226;"A1448C         ";"A1448C - CAÑO CURVO METALICO C/FLOR DE DUCHA 4"" ABS CR C/BLISTER";70;70;70;23096456;020926152626490;181320911;;;;08/13/2031 00:00:00;16;13784001;02/09/2026 15:26:26;Tiago;Rodriguez;;;;;;Tiago Rodriguez;
14129358;02/09/2026 15:37:45;3;2;0001  214773-1;05;CAMIONETA DIARIOS 2;2091390;"BR08    ";"BAEZ RAMON ANTONIO                                ";BOULOGNE SUR MER 864;951961;"3030           ";3030 - PERCHA LINEA 3000;20;20;20;23096456;020926152626490;181323721;;;;08/27/2031 00:00:00;20;13784001;02/09/2026 15:26:26;Tiago;Rodriguez;;;;;;Tiago Rodriguez;
14129358;02/09/2026 15:37:45;3;2;0001  214773-1;05;CAMIONETA DIARIOS 2;2091390;"BR08    ";"BAEZ RAMON ANTONIO                                ";BOULOGNE SUR MER 864;952797;"63-176         ";"LAVATORIO PARED EMB MONOC CR RIO                                      ";12;12;12;23096497;020926152710830;181429287;;;;12/14/2031 00:00:00;6;13784021;02/09/2026 15:27:10;Tiago;Rodriguez;;;;;;Tiago Rodriguez;
14129358;02/09/2026 15:37:45;3;2;0001  214773-1;05;CAMIONETA DIARIOS 2;2091390;"BR08    ";"BAEZ RAMON ANTONIO                                ";BOULOGNE SUR MER 864;952499;"54-203         ";"COCINA PARED EXT C.CERAM ADRA MONOCOMANDO                             ";6;6;6;23096564;020926152758413;181366946;;;;11/23/2031 00:00:00;6;13784049;02/09/2026 15:27:58;Tiago;Rodriguez;;;;;;Tiago Rodriguez;
14129358;02/09/2026 15:37:45;3;2;0001  214773-1;05;CAMIONETA DIARIOS 2;2091390;"BR08    ";"BAEZ RAMON ANTONIO                                ";BOULOGNE SUR MER 864;952925;"70-176         ";70-176 - BIDE MONOC C/TRANSF CR RIO;18;18;18;23096596;020926152831581;181429915;;;;11/17/2031 00:00:00;6;13784078;02/09/2026 15:28:31;Tiago;Rodriguez;;;;;;Tiago Rodriguez;
14129358;02/09/2026 15:37:45;3;2;0001  214773-1;05;CAMIONETA DIARIOS 2;2091390;"BR08    ";"BAEZ RAMON ANTONIO                                ";BOULOGNE SUR MER 864;952925;"70-176         ";70-176 - BIDE MONOC C/TRANSF CR RIO;18;18;18;23096618;020926152859301;181430123;;;;11/17/2031 00:00:00;6;13784096;02/09/2026 15:28:59;Tiago;Rodriguez;;;;;;Tiago Rodriguez;
14129358;02/09/2026 15:37:45;3;2;0001  214773-1;05;CAMIONETA DIARIOS 2;2091390;"BR08    ";"BAEZ RAMON ANTONIO                                ";BOULOGNE SUR MER 864;952648;"60-176N        ";"LAVATORIO MONOCOMANDO BAJO BLACK RIO                                  ";18;18;18;23096644;020926152919478;181332730;;;;07/29/2031 00:00:00;6;13784107;02/09/2026 15:29:19;Tiago;Rodriguez;;;;;;Tiago Rodriguez;
14129358;02/09/2026 15:37:45;3;2;0001  214773-1;05;CAMIONETA DIARIOS 2;2091390;"BR08    ";"BAEZ RAMON ANTONIO                                ";BOULOGNE SUR MER 864;953123;"80-176N        ";80-176N - DUCHA EMB C/TRANSF MONOC BLACK RIO;12;12;12;23096657;020926152936779;181430419;;;;07/27/2031 00:00:00;6;13784121;02/09/2026 15:29:36;Tiago;Rodriguez;;;;;;Tiago Rodriguez;
14129358;02/09/2026 15:37:45;3;2;0001  214773-1;05;CAMIONETA DIARIOS 2;2091390;"BR08    ";"BAEZ RAMON ANTONIO                                ";BOULOGNE SUR MER 864;952637;"60-168         ";60-168 - LAVATORIO MONOC BAJO CR WAVE;12;12;12;23096667;020926152948289;181327436;;;;07/27/2031 00:00:00;10;13784128;02/09/2026 15:29:48;Tiago;Rodriguez;;;;;;Tiago Rodriguez;
14129358;02/09/2026 15:37:45;3;2;0001  214773-1;05;CAMIONETA DIARIOS 2;2091390;"BR08    ";"BAEZ RAMON ANTONIO                                ";BOULOGNE SUR MER 864;951553;"20-184         ";"MONOCOMANDO DE COCINA CR SUV                                          ";10;10;10;23096844;020926153226607;181326957;;;;10/04/2031 00:00:00;10;13784217;02/09/2026 15:32:26;Tiago;Rodriguez;;;;;;Tiago Rodriguez;
14129358;02/09/2026 15:37:45;3;2;0001  214773-1;05;CAMIONETA DIARIOS 2;2091390;"BR08    ";"BAEZ RAMON ANTONIO                                ";BOULOGNE SUR MER 864;952797;"63-176         ";"LAVATORIO PARED EMB MONOC CR RIO                                      ";12;12;12;23096866;020926153251411;181366570;;;;12/14/2031 00:00:00;6;13784236;02/09/2026 15:32:51;Tiago;Rodriguez;;;;;;Tiago Rodriguez;
14129358;02/09/2026 15:37:45;3;2;0001  214773-1;05;CAMIONETA DIARIOS 2;2091390;"BR08    ";"BAEZ RAMON ANTONIO                                ";BOULOGNE SUR MER 864;952647;"60-176         ";"LAVATORIO MONOCOMANDO BAJO CR RIO                                     ";24;24;24;23096881;020926153309403;181432000;;;;10/11/2031 00:00:00;6;13784251;02/09/2026 15:33:09;Tiago;Rodriguez;;;;;;Tiago Rodriguez;
14129358;02/09/2026 15:37:45;3;2;0001  214773-1;05;CAMIONETA DIARIOS 2;2091390;"BR08    ";"BAEZ RAMON ANTONIO                                ";BOULOGNE SUR MER 864;952713;"61-176N        ";61-176N - LAVATORIO MONOC ALTO BLACK RIO;10;10;10;23096913;020926153331126;181333691;;;;07/29/2031 00:00:00;6;13784265;02/09/2026 15:33:31;Tiago;Rodriguez;;;;;;Tiago Rodriguez;
14129358;02/09/2026 15:37:45;3;2;0001  214773-1;05;CAMIONETA DIARIOS 2;2091390;"BR08    ";"BAEZ RAMON ANTONIO                                ";BOULOGNE SUR MER 864;953123;"80-176N        ";80-176N - DUCHA EMB C/TRANSF MONOC BLACK RIO;12;12;12;23096935;020926153354130;181329037;;;;07/27/2031 00:00:00;6;13784276;02/09/2026 15:33:54;Tiago;Rodriguez;;;;;;Tiago Rodriguez;
14129358;02/09/2026 15:37:45;3;2;0001  214773-1;05;CAMIONETA DIARIOS 2;2091390;"BR08    ";"BAEZ RAMON ANTONIO                                ";BOULOGNE SUR MER 864;952925;"70-176         ";70-176 - BIDE MONOC C/TRANSF CR RIO;18;18;18;23096957;020926153417379;181336207;;;;11/17/2031 00:00:00;6;13784293;02/09/2026 15:34:17;Tiago;Rodriguez;;;;;;Tiago Rodriguez;
14129358;02/09/2026 15:37:45;3;2;0001  214773-1;05;CAMIONETA DIARIOS 2;2091390;"BR08    ";"BAEZ RAMON ANTONIO                                ";BOULOGNE SUR MER 864;952647;"60-176         ";"LAVATORIO MONOCOMANDO BAJO CR RIO                                     ";24;24;24;23096975;020926153439032;181432692;;;;10/11/2031 00:00:00;6;13784306;02/09/2026 15:34:39;Tiago;Rodriguez;;;;;;Tiago Rodriguez;
14129358;02/09/2026 15:37:45;3;2;0001  214773-1;05;CAMIONETA DIARIOS 2;2091390;"BR08    ";"BAEZ RAMON ANTONIO                                ";BOULOGNE SUR MER 864;952647;"60-176         ";"LAVATORIO MONOCOMANDO BAJO CR RIO                                     ";24;24;24;23097009;020926153504107;181432926;;;;10/11/2031 00:00:00;6;13784318;02/09/2026 15:35:04;Tiago;Rodriguez;;;;;;Tiago Rodriguez;
14129358;02/09/2026 15:37:45;3;2;0001  214773-1;05;CAMIONETA DIARIOS 2;2091390;"BR08    ";"BAEZ RAMON ANTONIO                                ";BOULOGNE SUR MER 864;953122;"80-176         ";80-176 - DUCHA EMB C/TRANSF MONOC CR RIO;12;12;12;23097030;020926153534563;181433190;;;;07/29/2031 00:00:00;6;13784343;02/09/2026 15:35:34;Tiago;Rodriguez;;;;;;Tiago Rodriguez;
14129358;02/09/2026 15:37:45;3;2;0001  214773-1;05;CAMIONETA DIARIOS 2;2091390;"BR08    ";"BAEZ RAMON ANTONIO                                ";BOULOGNE SUR MER 864;952712;"61-176         ";61-176 - LAVATORIO MONOC ALTO CR RIO;12;12;12;23097061;020926153556788;181433373;;;;10/09/2031 00:00:00;6;13784359;02/09/2026 15:35:56;Tiago;Rodriguez;;;;;;Tiago Rodriguez;
14129358;02/09/2026 15:37:45;3;2;0001  214773-1;05;CAMIONETA DIARIOS 2;2091390;"BR08    ";"BAEZ RAMON ANTONIO                                ";BOULOGNE SUR MER 864;952712;"61-176         ";61-176 - LAVATORIO MONOC ALTO CR RIO;12;12;12;23097080;020926153626313;181336758;;;;10/09/2031 00:00:00;6;13784372;02/09/2026 15:36:26;Tiago;Rodriguez;;;;;;Tiago Rodriguez;
14129358;02/09/2026 15:37:45;3;2;0001  214773-1;05;CAMIONETA DIARIOS 2;2091390;"BR08    ";"BAEZ RAMON ANTONIO                                ";BOULOGNE SUR MER 864;952647;"60-176         ";"LAVATORIO MONOCOMANDO BAJO CR RIO                                     ";24;24;24;23097096;020926153647260;181334755;;;;10/11/2031 00:00:00;6;13784385;02/09/2026 15:36:47;Tiago;Rodriguez;;;;;;Tiago Rodriguez;
14129358;02/09/2026 15:37:45;3;2;0001  214773-1;05;CAMIONETA DIARIOS 2;2091390;"BR08    ";"BAEZ RAMON ANTONIO                                ";BOULOGNE SUR MER 864;953122;"80-176         ";80-176 - DUCHA EMB C/TRANSF MONOC CR RIO;12;12;12;23097113;020926153706695;181334158;;;;07/29/2031 00:00:00;6;13784395;02/09/2026 15:37:06;Tiago;Rodriguez;;;;;;Tiago Rodriguez;
14129358;02/09/2026 15:37:45;3;2;0001  214773-1;05;CAMIONETA DIARIOS 2;2091390;"BR08    ";"BAEZ RAMON ANTONIO                                ";BOULOGNE SUR MER 864;952926;"70-176N        ";70-176N - BIDE MONOC C/TRANSF BLACK RIO;18;18;18;23097131;020926153730349;181434205;;;;11/23/2031 00:00:00;6;13784414;02/09/2026 15:37:30;Tiago;Rodriguez;;;;;;Tiago Rodriguez;
14129728;02/09/2026 10:25:44;3;2;0001  214547-1;01;CAMIONETA LUN 1;2093250;"LN02    ";"LA NORIA REVESIMIENTOS S.A.                       ";AV. J.M. CAMPOS 1531/5;953346;"85-168         ";85-168 - DUCHA MONOC C/TRANSF Y DUCHADOR CR WAVE;1;1;1;23077179;020926102543959;181288812;;;;01/13/2032 00:00:00;1;13774438;02/09/2026 10:25:43;Maximiliano;Nievas;24358749;02/09/2026 09:32:09;7673;Maximo;Batista;Maximiliano Nievas;Maximo Batista
14129728;02/09/2026 10:25:44;3;2;0001  214547-1;01;CAMIONETA LUN 1;2093250;"LN02    ";"LA NORIA REVESIMIENTOS S.A.                       ";AV. J.M. CAMPOS 1531/5;952708;"61-168         ";61-168 - LAVATORIO MONOC ALTO CR WAVE;1;1;1;23077179;020926102543959;181286889;;;;07/27/2031 00:00:00;1;13774438;02/09/2026 10:25:43;Maximiliano;Nievas;24358749;02/09/2026 09:32:09;7673;Maximo;Batista;Maximiliano Nievas;Maximo Batista
14129728;02/09/2026 10:25:44;3;2;0001  214547-1;01;CAMIONETA LUN 1;2093250;"LN02    ";"LA NORIA REVESIMIENTOS S.A.                       ";AV. J.M. CAMPOS 1531/5;951565;"20-205         ";20-205 - MONOCOMANDO DE COCINA STEEL;10;10;10;23077179;020926102543959;181287574;;;;07/28/2031 00:00:00;10;13774438;02/09/2026 10:25:43;Maximiliano;Nievas;24358749;02/09/2026 09:32:09;7673;Maximo;Batista;Maximiliano Nievas;Maximo Batista
14129728;02/09/2026 10:25:44;3;2;0001  214547-1;01;CAMIONETA LUN 1;2093250;"LN02    ";"LA NORIA REVESIMIENTOS S.A.                       ";AV. J.M. CAMPOS 1531/5;951536;"20-162         ";20-162 - MONOCOMANDO COCINA ADRA;10;10;10;23077179;020926102543959;181288216;;;;07/28/2031 00:00:00;10;13774438;02/09/2026 10:25:43;Maximiliano;Nievas;24358749;02/09/2026 09:32:09;7673;Maximo;Batista;Maximiliano Nievas;Maximo Batista
14129728;02/09/2026 10:25:44;3;2;0001  214547-1;01;CAMIONETA LUN 1;2093250;"LN02    ";"LA NORIA REVESIMIENTOS S.A.                       ";AV. J.M. CAMPOS 1531/5;951535;"20-160         ";20-160 - MONOCOMANDO MESADA COCINA DIQUE;8;8;8;23077179;020926102543959;181287787;;;;07/28/2031 00:00:00;8;13774438;02/09/2026 10:25:43;Maximiliano;Nievas;24358749;02/09/2026 09:32:09;7673;Maximo;Batista;Maximiliano Nievas;Maximo Batista
14129729;02/09/2026 10:06:06;3;2;0001  214522-1;01;CAMIONETA LUN 1;2093945;"PO01    ";"PORAL S.A.C.I.                                    ";AV. HONORIO PUEYRREDON R25 6020;951312;"18010          ";18010 - TOALLERO BARRAL NIQUEL LINEA BEAT;2;2;2;23075539;020926100605250;181275074;;;;07/29/2031 00:00:00;2;13773843;02/09/2026 10:06:05;Maximiliano;Nievas;24357097;02/09/2026 08:58:11;6867;Javier;Lescano;Maximiliano Nievas;Javier Lescano
14129729;02/09/2026 10:06:06;3;2;0001  214522-1;01;CAMIONETA LUN 1;2093945;"PO01    ";"PORAL S.A.C.I.                                    ";AV. HONORIO PUEYRREDON R25 6020;951318;"18040          ";18040 - PORTA ROLLO NIQUEL LINEA BEAT;2;2;2;23075539;020926100605250;181275256;;;;07/28/2031 00:00:00;2;13773843;02/09/2026 10:06:05;Maximiliano;Nievas;24357097;02/09/2026 08:58:11;6867;Javier;Lescano;Maximiliano Nievas;Javier Lescano
14129729;02/09/2026 10:06:06;3;2;0001  214522-1;01;CAMIONETA LUN 1;2093945;"PO01    ";"PORAL S.A.C.I.                                    ";AV. HONORIO PUEYRREDON R25 6020;952679;"60-205         ";60-205 - LAVATORIO MONOC BAJO STEEL;2;2;2;23075539;020926100605250;181273551;;;;07/27/2031 00:00:00;2;13773843;02/09/2026 10:06:05;Maximiliano;Nievas;24357097;02/09/2026 08:58:11;6867;Javier;Lescano;Maximiliano Nievas;Javier Lescano
14129729;02/09/2026 10:06:06;3;2;0001  214522-1;01;CAMIONETA LUN 1;2093945;"PO01    ";"PORAL S.A.C.I.                                    ";AV. HONORIO PUEYRREDON R25 6020;952956;"70-205         ";70-205 - BIDE MONOCOMANDO STEEL;1;1;1;23075539;020926100605250;181273387;;;;11/08/2031 00:00:00;1;13773843;02/09/2026 10:06:05;Maximiliano;Nievas;24357097;02/09/2026 08:58:11;6867;Javier;Lescano;Maximiliano Nievas;Javier Lescano
14129729;02/09/2026 10:06:06;3;2;0001  214522-1;01;CAMIONETA LUN 1;2093945;"PO01    ";"PORAL S.A.C.I.                                    ";AV. HONORIO PUEYRREDON R25 6020;953161;"80-205         ";80-205 - DUCHA EMB. C/TRANSF. MONOC STEEL;1;1;1;23075539;020926100605250;181275611;;;;08/11/2031 00:00:00;1;13773843;02/09/2026 10:06:05;Maximiliano;Nievas;24357097;02/09/2026 08:58:11;6867;Javier;Lescano;Maximiliano Nievas;Javier Lescano
14129729;02/09/2026 10:06:06;3;2;0001  214522-1;01;CAMIONETA LUN 1;2093945;"PO01    ";"PORAL S.A.C.I.                                    ";AV. HONORIO PUEYRREDON R25 6020;953331;"84-190         ";84-190 - DUCHA EXTERIOR CON COLUMNA BLACK VELVET;2;2;2;23075539;020926100605250;181273985;;;;10/06/2031 00:00:00;2;13773843;02/09/2026 10:06:05;Maximiliano;Nievas;24357097;02/09/2026 08:58:11;6867;Javier;Lescano;Maximiliano Nievas;Javier Lescano
14129729;02/09/2026 10:06:06;3;2;0001  214522-1;01;CAMIONETA LUN 1;2093945;"PO01    ";"PORAL S.A.C.I.                                    ";AV. HONORIO PUEYRREDON R25 6020;1007844;"20-122S        ";"MONOCOMANDO COCINA INOX C/PICO EXTRAIBLE VALENCIA                     ";1;1;1;23075539;020926100605250;181275964;;;;01/06/2032 00:00:00;1;13773843;02/09/2026 10:06:05;Maximiliano;Nievas;24357097;02/09/2026 08:58:11;6867;Javier;Lescano;Maximiliano Nievas;Javier Lescano
14129731;02/09/2026 12:20:11;3;2;0008    2862-1;01;CAMIONETA LUN 1;2091843;"CO28    ";"CONSTRUDISENO S.A.                                ";RUTA 197 Y PANAMERICANA;954914;"BCH12          ";BCH12 - BACHA DE APOYAR BLANCA 460x320x140;1;1;1;23077757;020926122008970;181290440;;;;11/10/2031 00:00:00;1;13778107;02/09/2026 12:20:08;Agustin;Scirica;24359268;02/09/2026 09:57:47;6922;Franco;Potenza;Agustin Scirica;Franco Potenza
14129731;02/09/2026 12:20:11;3;2;0008    2862-1;01;CAMIONETA LUN 1;2091843;"CO28    ";"CONSTRUDISENO S.A.                                ";RUTA 197 Y PANAMERICANA;954913;"BCH11N         ";BCH11N - BACHA DE APOYAR REDONDA NEGRO MATE 400x400x125;2;2;2;23077757;020926122008970;181290741;;;;07/29/2031 00:00:00;2;13778107;02/09/2026 12:20:08;Agustin;Scirica;24359268;02/09/2026 09:57:47;6922;Franco;Potenza;Agustin Scirica;Franco Potenza
14129731;02/09/2026 12:20:11;3;2;0008    2862-1;01;CAMIONETA LUN 1;2091843;"CO28    ";"CONSTRUDISENO S.A.                                ";RUTA 197 Y PANAMERICANA;954382;"A1540          ";"CUERPO VALVULA DE DESAGOTE P/INODORO TECNO 02-010/011                 ";4;4;4;23077757;020926122008970;181293597;;;;07/28/2031 00:00:00;4;13778107;02/09/2026 12:20:08;Agustin;Scirica;24359268;02/09/2026 09:57:47;6922;Franco;Potenza;Agustin Scirica;Franco Potenza
14129731;02/09/2026 12:20:11;3;2;0008    2862-1;01;CAMIONETA LUN 1;2091843;"CO28    ";"CONSTRUDISENO S.A.                                ";RUTA 197 Y PANAMERICANA;954379;"A1539N         ";"TAPA Y TECLA PARA VALVULA DE DESCARGA CUADRADA MINIMALISTA BLACK      ";4;4;4;23077757;020926122008970;181298292;;;;07/31/2031 00:00:00;4;13778107;02/09/2026 12:20:08;Agustin;Scirica;24359268;02/09/2026 09:57:47;6922;Franco;Potenza;Agustin Scirica;Franco Potenza
14129731;02/09/2026 12:20:11;3;2;0008    2862-1;01;CAMIONETA LUN 1;2091843;"CO28    ";"CONSTRUDISENO S.A.                                ";RUTA 197 Y PANAMERICANA;953176;"80-390         ";80-390 - DUCHA DE EMB 3 FUNCIONES BLACK VELVET;1;1;1;23077757;020926122008970;181291897;;;;09/16/2031 00:00:00;1;13778107;02/09/2026 12:20:08;Agustin;Scirica;24359268;02/09/2026 09:57:47;6922;Franco;Potenza;Agustin Scirica;Franco Potenza
14129731;02/09/2026 12:20:11;3;2;0008    2862-1;01;CAMIONETA LUN 1;2091843;"CO28    ";"CONSTRUDISENO S.A.                                ";RUTA 197 Y PANAMERICANA;953154;"80-200N        ";80-200N - DUCHA EMB. MONOC. 3 FUNCIONES BLACK FABRIC;1;1;1;23077757;020926122008970;181292191;;;;01/04/2032 00:00:00;1;13778107;02/09/2026 12:20:08;Agustin;Scirica;24359268;02/09/2026 09:57:47;6922;Franco;Potenza;Agustin Scirica;Franco Potenza
14129731;02/09/2026 12:20:11;3;2;0008    2862-1;01;CAMIONETA LUN 1;2091843;"CO28    ";"CONSTRUDISENO S.A.                                ";RUTA 197 Y PANAMERICANA;952956;"70-205         ";70-205 - BIDE MONOCOMANDO STEEL;1;1;1;23077757;020926122008970;181292842;;;;11/08/2031 00:00:00;1;13778107;02/09/2026 12:20:08;Agustin;Scirica;24359268;02/09/2026 09:57:47;6922;Franco;Potenza;Agustin Scirica;Franco Potenza
14129731;02/09/2026 12:20:11;3;2;0008    2862-1;01;CAMIONETA LUN 1;2091843;"CO28    ";"CONSTRUDISENO S.A.                                ";RUTA 197 Y PANAMERICANA;952951;"70-200N        ";70-200N - BIDE MONOCOMANDO BLACK FABRIC;1;1;1;23077757;020926122008970;181292520;;;;09/06/2031 00:00:00;1;13778107;02/09/2026 12:20:08;Agustin;Scirica;24359268;02/09/2026 09:57:47;6922;Franco;Potenza;Agustin Scirica;Franco Potenza
14129731;02/09/2026 12:20:11;3;2;0008    2862-1;01;CAMIONETA LUN 1;2091843;"CO28    ";"CONSTRUDISENO S.A.                                ";RUTA 197 Y PANAMERICANA;952728;"61-205         ";61-205 - LAVATORIO MONOC ALTO STEEL;1;1;1;23077757;020926122008970;181292722;;;;07/28/2031 00:00:00;1;13778107;02/09/2026 12:20:08;Agustin;Scirica;24359268;02/09/2026 09:57:47;6922;Franco;Potenza;Agustin Scirica;Franco Potenza
14129731;02/09/2026 12:20:11;3;2;0008    2862-1;01;CAMIONETA LUN 1;2091843;"CO28    ";"CONSTRUDISENO S.A.                                ";RUTA 197 Y PANAMERICANA;951523;"20-134         ";20-134 - MONOCOMANDO COCINA BETIS;1;1;1;23077757;020926122008970;181291288;;;;08/11/2031 00:00:00;1;13778107;02/09/2026 12:20:08;Agustin;Scirica;24359268;02/09/2026 09:57:47;6922;Franco;Potenza;Agustin Scirica;Franco Potenza
14129731;02/09/2026 12:20:11;3;2;0008    2862-1;01;CAMIONETA LUN 1;2091843;"CO28    ";"CONSTRUDISENO S.A.                                ";RUTA 197 Y PANAMERICANA;951298;"17020N         ";17020N - TOALLERO DE ARO LINEA FABRIC BLACK;1;1;1;23077757;020926122008970;181291002;;;;07/29/2031 00:00:00;1;13778107;02/09/2026 12:20:08;Agustin;Scirica;24359268;02/09/2026 09:57:47;6922;Franco;Potenza;Agustin Scirica;Franco Potenza
14129732;02/09/2026 10:01:30;3;2;0001  214636-1;01;CAMIONETA LUN 1;2094251;"RS17    ";"ROCAS DEL SUR S.A. -CORTES                        ";CALLE 79 (EX. ERASMO) 1155;951513;"20-122N        ";20-122N - MONOCOMANDO COCINA C/PICO EXTRAIBLE VALENCIA BLACK;1;1;1;23075540;020926100129855;181276205;;;;08/06/2031 00:00:00;1;13773717;02/09/2026 10:01:29;Maximiliano;Nievas;24357097;02/09/2026 08:58:11;6867;Javier;Lescano;Maximiliano Nievas;Javier Lescano
14129733;02/09/2026 10:38:34;3;2;0001  214639-1;01;CAMIONETA LUN 1;2091214;"BA30    ";"BARUGEL AZULAY Y CIA SAIC                         ";MARCOS SASTRE 1751;953125;"80-180         ";80-180 - DUCHA EMB. C/TRANSF. MONOCOMANDO VERA;3;3;3;23078340;020926103834468;181296931;;;;11/23/2031 00:00:00;3;13774711;02/09/2026 10:38:34;Agustin;Scirica;24359813;02/09/2026 09:54:04;7636;Kevin;Arce;Agustin Scirica;Kevin Arce
14129733;02/09/2026 10:38:34;3;2;0001  214639-1;01;CAMIONETA LUN 1;2091214;"BA30    ";"BARUGEL AZULAY Y CIA SAIC                         ";MARCOS SASTRE 1751;952928;"70-180         ";70-180 - BIDE MONOCOMANDO C/TRANSF. VERA;2;2;2;23078340;020926103834468;181296116;;;;07/27/2031 00:00:00;2;13774711;02/09/2026 10:38:34;Agustin;Scirica;24359813;02/09/2026 09:54:04;7636;Kevin;Arce;Agustin Scirica;Kevin Arce
14129733;02/09/2026 10:38:34;3;2;0001  214639-1;01;CAMIONETA LUN 1;2091214;"BA30    ";"BARUGEL AZULAY Y CIA SAIC                         ";MARCOS SASTRE 1751;952650;"60-180         ";60-180 - LAVATORIO MONOCOMANDO BAJO VERA;3;3;3;23078340;020926103834468;181295886;;;;07/28/2031 00:00:00;3;13774711;02/09/2026 10:38:34;Agustin;Scirica;24359813;02/09/2026 09:54:04;7636;Kevin;Arce;Agustin Scirica;Kevin Arce
14129733;02/09/2026 10:38:34;3;2;0001  214639-1;01;CAMIONETA LUN 1;2091214;"BA30    ";"BARUGEL AZULAY Y CIA SAIC                         ";MARCOS SASTRE 1751;952598;"60-100NI       ";60-100NI - LAVATORIO NICKEL C.CERAM FABRIC;1;1;1;23078340;020926103834468;181296446;;;;10/08/2031 00:00:00;1;13774711;02/09/2026 10:38:34;Agustin;Scirica;24359813;02/09/2026 09:54:04;7636;Kevin;Arce;Agustin Scirica;Kevin Arce
14129733;02/09/2026 10:38:34;3;2;0001  214639-1;01;CAMIONETA LUN 1;2091214;"BA30    ";"BARUGEL AZULAY Y CIA SAIC                         ";MARCOS SASTRE 1751;951833;"30-132         ";30-132 - COCINA MESADA MONOC. C/DUCHADOR EXTENSIBLE VIGO;3;3;3;23078340;020926103834468;181293996;;;;07/28/2031 00:00:00;3;13774711;02/09/2026 10:38:34;Agustin;Scirica;24359813;02/09/2026 09:54:04;7636;Kevin;Arce;Agustin Scirica;Kevin Arce
14129734;02/09/2026 11:16:54;3;2;0001  214638-1;01;CAMIONETA LUN 1;2091214;"BA30    ";"BARUGEL AZULAY Y CIA SAIC                         ";MARCOS SASTRE 1751;952953;"70-201NI       ";70-201NI - BIDE CR C.CERAM BEAT NICKEL;1;1;1;23075821;020926111654168;181292247;;;;07/29/2031 00:00:00;1;13775902;02/09/2026 11:16:54;Tiago;Rodriguez;24357465;02/09/2026 09:42:13;7636;Kevin;Arce;Tiago Rodriguez;Kevin Arce
14129734;02/09/2026 11:16:54;3;2;0001  214638-1;01;CAMIONETA LUN 1;2091214;"BA30    ";"BARUGEL AZULAY Y CIA SAIC                         ";MARCOS SASTRE 1751;953060;"80-058         ";80-058 - DUCHA EMB. C/TRANSF. CR C.STD MALBA;1;1;1;23075821;020926111654168;181291957;;;;01/06/2032 00:00:00;1;13775902;02/09/2026 11:16:54;Tiago;Rodriguez;24357465;02/09/2026 09:42:13;7636;Kevin;Arce;Tiago Rodriguez;Kevin Arce
14129734;02/09/2026 11:16:54;3;2;0001  214638-1;01;CAMIONETA LUN 1;2091214;"BA30    ";"BARUGEL AZULAY Y CIA SAIC                         ";MARCOS SASTRE 1751;953120;"80-175GR       ";80-175GR - DUCHA EMB C/TRANSF. PULSE GRAFITO C.CERAM;1;1;1;23075821;020926111654168;181284249;;;;10/12/2031 00:00:00;1;13775902;02/09/2026 11:16:54;Tiago;Rodriguez;24357465;02/09/2026 09:42:13;7636;Kevin;Arce;Tiago Rodriguez;Kevin Arce
14129734;02/09/2026 11:16:54;3;2;0001  214638-1;01;CAMIONETA LUN 1;2091214;"BA30    ";"BARUGEL AZULAY Y CIA SAIC                         ";MARCOS SASTRE 1751;953136;"80-190P        ";80-190P - DUCHA EMB. C/TRANSF. C.CERAM BLACK VELVET PLUS;1;1;1;23075821;020926111654168;181285151;;;;07/29/2031 00:00:00;1;13775902;02/09/2026 11:16:54;Tiago;Rodriguez;24357465;02/09/2026 09:42:13;7636;Kevin;Arce;Tiago Rodriguez;Kevin Arce
14129734;02/09/2026 11:16:54;3;2;0001  214638-1;01;CAMIONETA LUN 1;2091214;"BA30    ";"BARUGEL AZULAY Y CIA SAIC                         ";MARCOS SASTRE 1751;953168;"80-329         ";80-329 - DUCHA DE EMB 3 FUNCIONES CASTILLA;2;2;2;23075821;020926111654168;181285797;;;;12/21/2031 00:00:00;2;13775902;02/09/2026 11:16:54;Tiago;Rodriguez;24357465;02/09/2026 09:42:13;7636;Kevin;Arce;Tiago Rodriguez;Kevin Arce
14129734;02/09/2026 11:16:54;3;2;0001  214638-1;01;CAMIONETA LUN 1;2091214;"BA30    ";"BARUGEL AZULAY Y CIA SAIC                         ";MARCOS SASTRE 1751;953330;"84-180         ";84-180 - GRIFERIA DE PIE P/BAÑERA EXENTA VERA;1;1;1;23075821;020926111654168;181277445;;;;07/28/2031 00:00:00;1;13775902;02/09/2026 11:16:54;Tiago;Rodriguez;24357465;02/09/2026 09:42:13;7636;Kevin;Arce;Tiago Rodriguez;Kevin Arce
14129734;02/09/2026 11:16:54;3;2;0001  214638-1;01;CAMIONETA LUN 1;2091214;"BA30    ";"BARUGEL AZULAY Y CIA SAIC                         ";MARCOS SASTRE 1751;954805;"AB-002         ";AB-002 - AGARRADERA ACERO INOX CROMADO 40 CM SAFE;1;1;1;23075821;020926111654168;181276021;;;;08/12/2031 00:00:00;1;13775902;02/09/2026 11:16:54;Tiago;Rodriguez;24357465;02/09/2026 09:42:13;7636;Kevin;Arce;Tiago Rodriguez;Kevin Arce
14129734;02/09/2026 11:16:54;3;2;0001  214638-1;01;CAMIONETA LUN 1;2091214;"BA30    ";"BARUGEL AZULAY Y CIA SAIC                         ";MARCOS SASTRE 1751;954908;"BCH07          ";BCH07 - BACHA DE APOYAR OVALADA 400x330x150;4;4;4;23075821;020926111654168;181288474;;;;07/29/2031 00:00:00;4;13775902;02/09/2026 11:16:54;Tiago;Rodriguez;24357465;02/09/2026 09:42:13;7636;Kevin;Arce;Tiago Rodriguez;Kevin Arce
14129734;02/09/2026 11:16:54;3;2;0001  214638-1;01;CAMIONETA LUN 1;2091214;"BA30    ";"BARUGEL AZULAY Y CIA SAIC                         ";MARCOS SASTRE 1751;954917;"BCH15          ";BCH15 - BACHA SEMI EMBUTIDA  BLANCA 530x370x155;4;4;4;23075821;020926111654168;181287123;;;;07/27/2031 00:00:00;4;13775902;02/09/2026 11:16:54;Tiago;Rodriguez;24357465;02/09/2026 09:42:13;7636;Kevin;Arce;Tiago Rodriguez;Kevin Arce
14129734;02/09/2026 11:16:54;3;2;0001  214638-1;01;CAMIONETA LUN 1;2091214;"BA30    ";"BARUGEL AZULAY Y CIA SAIC                         ";MARCOS SASTRE 1751;954918;"BCH16          ";BCH16 - BACHA DE APOYAR BLANCA 610x457x254 C/DESAGOTE Y REJILLA;1;1;1;23075821;020926111654168;181291449;;;;01/06/2032 00:00:00;1;13775902;02/09/2026 11:16:54;Tiago;Rodriguez;24357465;02/09/2026 09:42:13;7636;Kevin;Arce;Tiago Rodriguez;Kevin Arce
14129734;02/09/2026 11:16:54;3;2;0001  214638-1;01;CAMIONETA LUN 1;2091214;"BA30    ";"BARUGEL AZULAY Y CIA SAIC                         ";MARCOS SASTRE 1751;1007844;"20-122S        ";"MONOCOMANDO COCINA INOX C/PICO EXTRAIBLE VALENCIA                     ";2;2;2;23075821;020926111654168;181283277;;;;01/06/2032 00:00:00;2;13775902;02/09/2026 11:16:54;Tiago;Rodriguez;24357465;02/09/2026 09:42:13;7636;Kevin;Arce;Tiago Rodriguez;Kevin Arce
14129734;02/09/2026 11:16:54;3;2;0001  214638-1;01;CAMIONETA LUN 1;2091214;"BA30    ";"BARUGEL AZULAY Y CIA SAIC                         ";MARCOS SASTRE 1751;952923;"70-175GR       ";70-175GR - BIDE PULSE GRAFITO C.CERAM;1;1;1;23075821;020926111654168;181284280;;;;07/31/2031 00:00:00;1;13775902;02/09/2026 11:16:54;Tiago;Rodriguez;24357465;02/09/2026 09:42:13;7636;Kevin;Arce;Tiago Rodriguez;Kevin Arce
14129734;02/09/2026 11:16:54;3;2;0001  214638-1;01;CAMIONETA LUN 1;2091214;"BA30    ";"BARUGEL AZULAY Y CIA SAIC                         ";MARCOS SASTRE 1751;952795;"63-168         ";63-168 - LAVATORIO PARED EMB MONOC CR WAVE;1;1;1;23075821;020926111654168;181280484;;;;07/28/2031 00:00:00;1;13775902;02/09/2026 11:16:54;Tiago;Rodriguez;24357465;02/09/2026 09:42:13;7636;Kevin;Arce;Tiago Rodriguez;Kevin Arce
14129734;02/09/2026 11:16:54;3;2;0001  214638-1;01;CAMIONETA LUN 1;2091214;"BA30    ";"BARUGEL AZULAY Y CIA SAIC                         ";MARCOS SASTRE 1751;952774;"62-190         ";62-190 - LAVATORIO PARED EMB. C.CERAM BLACK VELVET;1;1;1;23075821;020926111654168;181284893;;;;09/02/2031 00:00:00;1;13775902;02/09/2026 11:16:54;Tiago;Rodriguez;24357465;02/09/2026 09:42:13;7636;Kevin;Arce;Tiago Rodriguez;Kevin Arce
14129734;02/09/2026 11:16:54;3;2;0001  214638-1;01;CAMIONETA LUN 1;2091214;"BA30    ";"BARUGEL AZULAY Y CIA SAIC                         ";MARCOS SASTRE 1751;952742;"62-100NI       ";62-100NI - LAVATORIO DE PARED NICKEL C.CERAM FABRIC;2;2;2;23075821;020926111654168;181284663;;;;09/02/2031 00:00:00;2;13775902;02/09/2026 11:16:54;Tiago;Rodriguez;24357465;02/09/2026 09:42:13;7636;Kevin;Arce;Tiago Rodriguez;Kevin Arce
14129734;02/09/2026 11:16:54;3;2;0001  214638-1;01;CAMIONETA LUN 1;2091214;"BA30    ";"BARUGEL AZULAY Y CIA SAIC                         ";MARCOS SASTRE 1751;952709;"61-168N        ";61-168N - LAVATORIO MONOC ALTO BLACK WAVE;1;1;1;23075821;020926111654168;181281542;;;;07/28/2031 00:00:00;1;13775902;02/09/2026 11:16:54;Tiago;Rodriguez;24357465;02/09/2026 09:42:13;7636;Kevin;Arce;Tiago Rodriguez;Kevin Arce
14129734;02/09/2026 11:16:54;3;2;0001  214638-1;01;CAMIONETA LUN 1;2091214;"BA30    ";"BARUGEL AZULAY Y CIA SAIC                         ";MARCOS SASTRE 1751;952676;"60-201NI       ";60-201NI - LAVATORIO C.CERAM BEAT NICKEL;1;1;1;23075821;020926111654168;181292326;;;;08/20/2031 00:00:00;1;13775902;02/09/2026 11:16:54;Tiago;Rodriguez;24357465;02/09/2026 09:42:13;7636;Kevin;Arce;Tiago Rodriguez;Kevin Arce
14129734;02/09/2026 11:16:54;3;2;0001  214638-1;01;CAMIONETA LUN 1;2091214;"BA30    ";"BARUGEL AZULAY Y CIA SAIC                         ";MARCOS SASTRE 1751;952645;"60-175GR       ";60-175GR - LAVATORIO PULSE GRAFITO C.CERAM;1;1;1;23075821;020926111654168;181283951;;;;07/31/2031 00:00:00;1;13775902;02/09/2026 11:16:54;Tiago;Rodriguez;24357465;02/09/2026 09:42:13;7636;Kevin;Arce;Tiago Rodriguez;Kevin Arce
14129734;02/09/2026 11:16:54;3;2;0001  214638-1;01;CAMIONETA LUN 1;2091214;"BA30    ";"BARUGEL AZULAY Y CIA SAIC                         ";MARCOS SASTRE 1751;952631;"60-153         ";60-153 - LAVATORIO CR C.CERAMICO CASTILLA;2;2;2;23075821;020926111654168;181285454;;;;11/23/2031 00:00:00;2;13775902;02/09/2026 11:16:54;Tiago;Rodriguez;24357465;02/09/2026 09:42:13;7636;Kevin;Arce;Tiago Rodriguez;Kevin Arce
14129734;02/09/2026 11:16:54;3;2;0001  214638-1;01;CAMIONETA LUN 1;2091214;"BA30    ";"BARUGEL AZULAY Y CIA SAIC                         ";MARCOS SASTRE 1751;951833;"30-132         ";30-132 - COCINA MESADA MONOC. C/DUCHADOR EXTENSIBLE VIGO;3;3;3;23075821;020926111654168;181277913;;;;07/28/2031 00:00:00;3;13775902;02/09/2026 11:16:54;Tiago;Rodriguez;24357465;02/09/2026 09:42:13;7636;Kevin;Arce;Tiago Rodriguez;Kevin Arce
14129734;02/09/2026 11:16:54;3;2;0001  214638-1;01;CAMIONETA LUN 1;2091214;"BA30    ";"BARUGEL AZULAY Y CIA SAIC                         ";MARCOS SASTRE 1751;951563;"20-202NI       ";20-202NI - MONOCOMANDO COCINA NICKEL HOOP;1;1;1;23075821;020926111654168;181279875;;;;07/29/2031 00:00:00;1;13775902;02/09/2026 11:16:54;Tiago;Rodriguez;24357465;02/09/2026 09:42:13;7636;Kevin;Arce;Tiago Rodriguez;Kevin Arce
14129734;02/09/2026 11:16:54;3;2;0001  214638-1;01;CAMIONETA LUN 1;2091214;"BA30    ";"BARUGEL AZULAY Y CIA SAIC                         ";MARCOS SASTRE 1751;951536;"20-162         ";20-162 - MONOCOMANDO COCINA ADRA;1;1;1;23075821;020926111654168;181282684;;;;07/28/2031 00:00:00;1;13775902;02/09/2026 11:16:54;Tiago;Rodriguez;24357465;02/09/2026 09:42:13;7636;Kevin;Arce;Tiago Rodriguez;Kevin Arce
14129734;02/09/2026 11:16:54;3;2;0001  214638-1;01;CAMIONETA LUN 1;2091214;"BA30    ";"BARUGEL AZULAY Y CIA SAIC                         ";MARCOS SASTRE 1751;951532;"20-147         ";20-147 - MONOCOMANDO DE COCINA SWIFT;1;1;1;23075821;020926111654168;181282336;;;;07/29/2031 00:00:00;1;13775902;02/09/2026 11:16:54;Tiago;Rodriguez;24357465;02/09/2026 09:42:13;7636;Kevin;Arce;Tiago Rodriguez;Kevin Arce
14129734;02/09/2026 11:16:54;3;2;0001  214638-1;01;CAMIONETA LUN 1;2091214;"BA30    ";"BARUGEL AZULAY Y CIA SAIC                         ";MARCOS SASTRE 1751;951528;"20-140         ";20-140 - MONOCOMANDO DE COCINA LINEA CUINA;2;2;2;23075821;020926111654168;181281807;;;;10/07/2031 00:00:00;2;13775902;02/09/2026 11:16:54;Tiago;Rodriguez;24357465;02/09/2026 09:42:13;7636;Kevin;Arce;Tiago Rodriguez;Kevin Arce
14129734;02/09/2026 11:16:54;3;2;0001  214638-1;01;CAMIONETA LUN 1;2091214;"BA30    ";"BARUGEL AZULAY Y CIA SAIC                         ";MARCOS SASTRE 1751;951513;"20-122N        ";20-122N - MONOCOMANDO COCINA C/PICO EXTRAIBLE VALENCIA BLACK;1;1;1;23075821;020926111654168;181283541;;;;08/06/2031 00:00:00;1;13775902;02/09/2026 11:16:54;Tiago;Rodriguez;24357465;02/09/2026 09:42:13;7636;Kevin;Arce;Tiago Rodriguez;Kevin Arce
14129734;02/09/2026 11:16:54;3;2;0001  214638-1;01;CAMIONETA LUN 1;2091214;"BA30    ";"BARUGEL AZULAY Y CIA SAIC                         ";MARCOS SASTRE 1751;951439;"20050GR        ";20050GR - JABONERA GRAFITO LINEA PULSE   ;1;1;1;23075821;020926111654168;181280231;;;;07/31/2031 00:00:00;1;13775902;02/09/2026 11:16:54;Tiago;Rodriguez;24357465;02/09/2026 09:42:13;7636;Kevin;Arce;Tiago Rodriguez;Kevin Arce
14129734;02/09/2026 11:16:54;3;2;0001  214638-1;01;CAMIONETA LUN 1;2091214;"BA30    ";"BARUGEL AZULAY Y CIA SAIC                         ";MARCOS SASTRE 1751;951426;"20040GR        ";20040GR - PORTA ROLLO GRAFITO LINEA PULSE;1;1;1;23075821;020926111654168;181280095;;;;07/31/2031 00:00:00;1;13775902;02/09/2026 11:16:54;Tiago;Rodriguez;24357465;02/09/2026 09:42:13;7636;Kevin;Arce;Tiago Rodriguez;Kevin Arce
14129734;02/09/2026 11:16:54;3;2;0001  214638-1;01;CAMIONETA LUN 1;2091214;"BA30    ";"BARUGEL AZULAY Y CIA SAIC                         ";MARCOS SASTRE 1751;951412;"20030GR        ";20030GR - PERCHA GRAFITO LINEA PULSE  ;2;2;2;23075821;020926111654168;181280043;;;;07/31/2031 00:00:00;2;13775902;02/09/2026 11:16:54;Tiago;Rodriguez;24357465;02/09/2026 09:42:13;7636;Kevin;Arce;Tiago Rodriguez;Kevin Arce
14129734;02/09/2026 11:16:54;3;2;0001  214638-1;01;CAMIONETA LUN 1;2091214;"BA30    ";"BARUGEL AZULAY Y CIA SAIC                         ";MARCOS SASTRE 1751;951384;"20010GR        ";20010GR - TOALLERO BARRAL GRAFITO LINEA PULSE  ;2;2;2;23075821;020926111654168;181286670;;;;07/27/2031 00:00:00;2;13775902;02/09/2026 11:16:54;Tiago;Rodriguez;24357465;02/09/2026 09:42:13;7636;Kevin;Arce;Tiago Rodriguez;Kevin Arce
14129734;02/09/2026 11:16:54;3;2;0001  214638-1;01;CAMIONETA LUN 1;2091214;"BA30    ";"BARUGEL AZULAY Y CIA SAIC                         ";MARCOS SASTRE 1751;951304;"17040N         ";17040N - PORTA ROLLO LINEA FABRIC BLACK;1;1;1;23075821;020926111654168;181286339;;;;07/29/2031 00:00:00;1;13775902;02/09/2026 11:16:54;Tiago;Rodriguez;24357465;02/09/2026 09:42:13;7636;Kevin;Arce;Tiago Rodriguez;Kevin Arce
14129734;02/09/2026 11:16:54;3;2;0001  214638-1;01;CAMIONETA LUN 1;2091214;"BA30    ";"BARUGEL AZULAY Y CIA SAIC                         ";MARCOS SASTRE 1751;951303;"17040G         ";17040G - PORTA ROLLO LINEA FABRIC GOLD;1;1;1;23075821;020926111654168;181282842;;;;07/28/2031 00:00:00;1;13775902;02/09/2026 11:16:54;Tiago;Rodriguez;24357465;02/09/2026 09:42:13;7636;Kevin;Arce;Tiago Rodriguez;Kevin Arce
14129734;02/09/2026 11:16:54;3;2;0001  214638-1;01;CAMIONETA LUN 1;2091214;"BA30    ";"BARUGEL AZULAY Y CIA SAIC                         ";MARCOS SASTRE 1751;951298;"17020N         ";17020N - TOALLERO DE ARO LINEA FABRIC BLACK;1;1;1;23075821;020926111654168;181286490;;;;07/29/2031 00:00:00;1;13775902;02/09/2026 11:16:54;Tiago;Rodriguez;24357465;02/09/2026 09:42:13;7636;Kevin;Arce;Tiago Rodriguez;Kevin Arce
14129734;02/09/2026 11:16:54;3;2;0001  214638-1;01;CAMIONETA LUN 1;2091214;"BA30    ";"BARUGEL AZULAY Y CIA SAIC                         ";MARCOS SASTRE 1751;951265;"16040BL        ";16040BL - PORTA ROLLO ACCESORIOS LINEA 16000 BLACK;1;1;1;23075821;020926111654168;181276201;;;;07/31/2031 00:00:00;1;13775902;02/09/2026 11:16:54;Tiago;Rodriguez;24357465;02/09/2026 09:42:13;7636;Kevin;Arce;Tiago Rodriguez;Kevin Arce
14129734;02/09/2026 11:16:54;3;2;0001  214638-1;01;CAMIONETA LUN 1;2091214;"BA30    ";"BARUGEL AZULAY Y CIA SAIC                         ";MARCOS SASTRE 1751;951264;"16040          ";16040 - PORTA ROLLO ACCESORIOS LINEA 16000;1;1;1;23075821;020926111654168;181276635;;;;07/30/2031 00:00:00;1;13775902;02/09/2026 11:16:54;Tiago;Rodriguez;24357465;02/09/2026 09:42:13;7636;Kevin;Arce;Tiago Rodriguez;Kevin Arce
14129735;02/09/2026 10:49:55;3;2;0001  214681-1;01;CAMIONETA LUN 1;2143715;"LS08    ";"LUQUE SANITARIOS S.R.L.                           ";SAN JOSE DE FLORES 4808;957920;"RA920          ";RA920 - VOLANTE VALENCIA;1;1;1;23077115;020926104955522;181290747;;;;01/05/2032 00:00:00;1;13775058;02/09/2026 10:49:55;Agustin;Scirica;24358720;02/09/2026 09:35:55;7152;Mirko;Hernandez;Agustin Scirica;Mirko Hernandez
14129735;02/09/2026 10:49:55;3;2;0001  214681-1;01;CAMIONETA LUN 1;2143715;"LS08    ";"LUQUE SANITARIOS S.R.L.                           ";SAN JOSE DE FLORES 4808;953110;"80-166N        ";80-166N - DUCHA EMB. C/TRANSF. BLACK C.CERAM ADRA PLUS;1;1;1;23077115;020926104955522;181286831;;;;11/25/2031 00:00:00;1;13775058;02/09/2026 10:49:55;Agustin;Scirica;24358720;02/09/2026 09:35:55;7152;Mirko;Hernandez;Agustin Scirica;Mirko Hernandez
14129735;02/09/2026 10:49:55;3;2;0001  214681-1;01;CAMIONETA LUN 1;2143715;"LS08    ";"LUQUE SANITARIOS S.R.L.                           ";SAN JOSE DE FLORES 4808;953109;"80-166         ";"DUCHA EMB. C/TRANSF. CR C.CERAM ADRA PLUS                             ";2;2;2;23077115;020926104955522;181285589;;;;01/13/2032 00:00:00;2;13775058;02/09/2026 10:49:55;Agustin;Scirica;24358720;02/09/2026 09:35:55;7152;Mirko;Hernandez;Agustin Scirica;Mirko Hernandez
14129735;02/09/2026 10:49:55;3;2;0001  214681-1;01;CAMIONETA LUN 1;2143715;"LS08    ";"LUQUE SANITARIOS S.R.L.                           ";SAN JOSE DE FLORES 4808;952954;"70-203         ";70-203 - BIDE MONOCOMANDO ADRA;2;2;2;23077115;020926104955522;181290251;;;;07/29/2031 00:00:00;2;13775058;02/09/2026 10:49:55;Agustin;Scirica;24358720;02/09/2026 09:35:55;7152;Mirko;Hernandez;Agustin Scirica;Mirko Hernandez
14129735;02/09/2026 10:49:55;3;2;0001  214681-1;01;CAMIONETA LUN 1;2143715;"LS08    ";"LUQUE SANITARIOS S.R.L.                           ";SAN JOSE DE FLORES 4808;952925;"70-176         ";70-176 - BIDE MONOC C/TRANSF CR RIO;2;2;2;23077115;020926104955522;181289425;;;;11/17/2031 00:00:00;2;13775058;02/09/2026 10:49:55;Agustin;Scirica;24358720;02/09/2026 09:35:55;7152;Mirko;Hernandez;Agustin Scirica;Mirko Hernandez
14129735;02/09/2026 10:49:55;3;2;0001  214681-1;01;CAMIONETA LUN 1;2143715;"LS08    ";"LUQUE SANITARIOS S.R.L.                           ";SAN JOSE DE FLORES 4808;952913;"70-162N        ";70-162N - BIDE BLACK C.CERAM LINEA ADRA;2;2;2;23077115;020926104955522;181286919;;;;12/08/2031 00:00:00;2;13775058;02/09/2026 10:49:55;Agustin;Scirica;24358720;02/09/2026 09:35:55;7152;Mirko;Hernandez;Agustin Scirica;Mirko Hernandez
14129735;02/09/2026 10:49:55;3;2;0001  214681-1;01;CAMIONETA LUN 1;2143715;"LS08    ";"LUQUE SANITARIOS S.R.L.                           ";SAN JOSE DE FLORES 4808;952912;"70-162         ";70-162 - BIDE CR C.CERAM LINEA ADRA;2;2;2;23077115;020926104955522;181285038;;;;07/29/2031 00:00:00;2;13775058;02/09/2026 10:49:55;Agustin;Scirica;24358720;02/09/2026 09:35:55;7152;Mirko;Hernandez;Agustin Scirica;Mirko Hernandez
14129735;02/09/2026 10:49:55;3;2;0001  214681-1;01;CAMIONETA LUN 1;2143715;"LS08    ";"LUQUE SANITARIOS S.R.L.                           ";SAN JOSE DE FLORES 4808;952862;"70-058         ";70-058 - BIDE CR C.STD MALBA;3;3;3;23077115;020926104955522;181286021;;;;10/20/2031 00:00:00;3;13775058;02/09/2026 10:49:55;Agustin;Scirica;24358720;02/09/2026 09:35:55;7152;Mirko;Hernandez;Agustin Scirica;Mirko Hernandez
14129735;02/09/2026 10:49:55;3;2;0001  214681-1;01;CAMIONETA LUN 1;2143715;"LS08    ";"LUQUE SANITARIOS S.R.L.                           ";SAN JOSE DE FLORES 4808;952856;"70-045         ";70-045 - BIDE CROMO C.STD CRUZ;2;2;2;23077115;020926104955522;181286502;;;;02/01/2032 00:00:00;2;13775058;02/09/2026 10:49:55;Agustin;Scirica;24358720;02/09/2026 09:35:55;7152;Mirko;Hernandez;Agustin Scirica;Mirko Hernandez
14129735;02/09/2026 10:49:55;3;2;0001  214681-1;01;CAMIONETA LUN 1;2143715;"LS08    ";"LUQUE SANITARIOS S.R.L.                           ";SAN JOSE DE FLORES 4808;952726;"61-203         ";61-203 - LAVATORIO MONOCOMANDO ALTO ADRA;1;1;1;23077115;020926104955522;181287156;;;;01/11/2032 00:00:00;1;13775058;02/09/2026 10:49:55;Agustin;Scirica;24358720;02/09/2026 09:35:55;7152;Mirko;Hernandez;Agustin Scirica;Mirko Hernandez
14129735;02/09/2026 10:49:55;3;2;0001  214681-1;01;CAMIONETA LUN 1;2143715;"LS08    ";"LUQUE SANITARIOS S.R.L.                           ";SAN JOSE DE FLORES 4808;952647;"60-176         ";"LAVATORIO MONOCOMANDO BAJO CR RIO                                     ";1;1;1;23077115;020926104955522;181289521;;;;10/11/2031 00:00:00;1;13775058;02/09/2026 10:49:55;Agustin;Scirica;24358720;02/09/2026 09:35:55;7152;Mirko;Hernandez;Agustin Scirica;Mirko Hernandez
14129735;02/09/2026 10:49:55;3;2;0001  214681-1;01;CAMIONETA LUN 1;2143715;"LS08    ";"LUQUE SANITARIOS S.R.L.                           ";SAN JOSE DE FLORES 4808;952635;"60-162N        ";60-162N - LAVATORIO BLACK C.CERAM LINEA ADRA;2;2;2;23077115;020926104955522;181287235;;;;11/03/2031 00:00:00;2;13775058;02/09/2026 10:49:55;Agustin;Scirica;24358720;02/09/2026 09:35:55;7152;Mirko;Hernandez;Agustin Scirica;Mirko Hernandez
14129735;02/09/2026 10:49:55;3;2;0001  214681-1;01;CAMIONETA LUN 1;2143715;"LS08    ";"LUQUE SANITARIOS S.R.L.                           ";SAN JOSE DE FLORES 4808;952634;"60-162         ";60-162 - LAVATORIO CR C.CERAM LINEA ADRA;2;2;2;23077115;020926104955522;181284874;;;;07/29/2031 00:00:00;2;13775058;02/09/2026 10:49:55;Agustin;Scirica;24358720;02/09/2026 09:35:55;7152;Mirko;Hernandez;Agustin Scirica;Mirko Hernandez
14129735;02/09/2026 10:49:55;3;2;0001  214681-1;01;CAMIONETA LUN 1;2143715;"LS08    ";"LUQUE SANITARIOS S.R.L.                           ";SAN JOSE DE FLORES 4808;952583;"60-058         ";60-058 - LAVATORIO CR C.STD MALBA;3;3;3;23077115;020926104955522;181286112;;;;12/03/2031 00:00:00;3;13775058;02/09/2026 10:49:55;Agustin;Scirica;24358720;02/09/2026 09:35:55;7152;Mirko;Hernandez;Agustin Scirica;Mirko Hernandez
14129735;02/09/2026 10:49:55;3;2;0001  214681-1;01;CAMIONETA LUN 1;2143715;"LS08    ";"LUQUE SANITARIOS S.R.L.                           ";SAN JOSE DE FLORES 4808;952577;"60-045         ";60-045 - LAVATORIO CR/CR C.STD CRUZ;2;2;2;23077115;020926104955522;181286574;;;;01/24/2032 00:00:00;2;13775058;02/09/2026 10:49:55;Agustin;Scirica;24358720;02/09/2026 09:35:55;7152;Mirko;Hernandez;Agustin Scirica;Mirko Hernandez
14129735;02/09/2026 10:49:55;3;2;0001  214681-1;01;CAMIONETA LUN 1;2143715;"LS08    ";"LUQUE SANITARIOS S.R.L.                           ";SAN JOSE DE FLORES 4808;952499;"54-203         ";"COCINA PARED EXT C.CERAM ADRA MONOCOMANDO                             ";2;2;2;23077115;020926104955522;181288997;;;;11/23/2031 00:00:00;2;13775058;02/09/2026 10:49:55;Agustin;Scirica;24358720;02/09/2026 09:35:55;7152;Mirko;Hernandez;Agustin Scirica;Mirko Hernandez
14129735;02/09/2026 10:49:55;3;2;0001  214681-1;01;CAMIONETA LUN 1;2143715;"LS08    ";"LUQUE SANITARIOS S.R.L.                           ";SAN JOSE DE FLORES 4808;952437;"51-057         ";51-057 - COCINA MESADA CR C.STD VERIN PLUS;6;6;6;23077115;020926104955522;181287762;;;;01/27/2032 00:00:00;6;13775058;02/09/2026 10:49:55;Agustin;Scirica;24358720;02/09/2026 09:35:55;7152;Mirko;Hernandez;Agustin Scirica;Mirko Hernandez
14129736;02/09/2026 09:59:53;3;2;0001  214715-1;01;CAMIONETA LUN 1;2091221;"BA38    ";"BURIAN MARIA ALEJANDRA                            ";CASTILLA 298;951568;"203            ";"203 - LAVATORIO CROMO ""DIQUE""";1;1;1;23076108;020926095952611;181278245;;;;01/11/2032 00:00:00;1;13773617;02/09/2026 09:59:52;Maximiliano;Nievas;24357744;02/09/2026 09:06:46;7152;Mirko;Hernandez;Maximiliano Nievas;Mirko Hernandez
14129736;02/09/2026 09:59:53;3;2;0001  214715-1;01;CAMIONETA LUN 1;2091221;"BA38    ";"BURIAN MARIA ALEJANDRA                            ";CASTILLA 298;951957;"303            ";"303 - BIDET CROMO ""DIQUE""";1;1;1;23076108;020926095952611;181278168;;;;11/25/2031 00:00:00;1;13773617;02/09/2026 09:59:52;Maximiliano;Nievas;24357744;02/09/2026 09:06:46;7152;Mirko;Hernandez;Maximiliano Nievas;Mirko Hernandez
14129736;02/09/2026 09:59:53;3;2;0001  214715-1;01;CAMIONETA LUN 1;2091221;"BA38    ";"BURIAN MARIA ALEJANDRA                            ";CASTILLA 298;952437;"51-057         ";51-057 - COCINA MESADA CR C.STD VERIN PLUS;2;2;2;23076108;020926095952611;181280189;;;;01/27/2032 00:00:00;2;13773617;02/09/2026 09:59:52;Maximiliano;Nievas;24357744;02/09/2026 09:06:46;7152;Mirko;Hernandez;Maximiliano Nievas;Mirko Hernandez
14129736;02/09/2026 09:59:53;3;2;0001  214715-1;01;CAMIONETA LUN 1;2091221;"BA38    ";"BURIAN MARIA ALEJANDRA                            ";CASTILLA 298;952647;"60-176         ";"LAVATORIO MONOCOMANDO BAJO CR RIO                                     ";2;2;2;23076108;020926095952611;181279436;;;;10/11/2031 00:00:00;2;13773617;02/09/2026 09:59:52;Maximiliano;Nievas;24357744;02/09/2026 09:06:46;7152;Mirko;Hernandez;Maximiliano Nievas;Mirko Hernandez
14129736;02/09/2026 09:59:53;3;2;0001  214715-1;01;CAMIONETA LUN 1;2091221;"BA38    ";"BURIAN MARIA ALEJANDRA                            ";CASTILLA 298;953432;"910/M          ";"910/M - JGO.MDA.P.CANO CROMO ""DIQUE""";3;3;3;23076108;020926095952611;181278475;;;;12/21/2031 00:00:00;3;13773617;02/09/2026 09:59:52;Maximiliano;Nievas;24357744;02/09/2026 09:06:46;7152;Mirko;Hernandez;Maximiliano Nievas;Mirko Hernandez
14129736;02/09/2026 09:59:53;3;2;0001  214715-1;01;CAMIONETA LUN 1;2091221;"BA38    ";"BURIAN MARIA ALEJANDRA                            ";CASTILLA 298;953435;"914            ";914 - JGO.MDA.P.CAÑO BL/CR ARES;2;2;2;23076108;020926095952611;181278936;;;;07/31/2031 00:00:00;2;13773617;02/09/2026 09:59:52;Maximiliano;Nievas;24357744;02/09/2026 09:06:46;7152;Mirko;Hernandez;Maximiliano Nievas;Mirko Hernandez
14129736;02/09/2026 09:59:53;3;2;0001  214715-1;01;CAMIONETA LUN 1;2091221;"BA38    ";"BURIAN MARIA ALEJANDRA                            ";CASTILLA 298;957572;"RA1205         ";RA1205 - 10 BUJES INTERIOR NYLON;1;1;1;23076108;020926095952611;181277719;;;;10/11/2031 00:00:00;1;13773617;02/09/2026 09:59:52;Maximiliano;Nievas;24357744;02/09/2026 09:06:46;7152;Mirko;Hernandez;Maximiliano Nievas;Mirko Hernandez
14129737;02/09/2026 10:01:27;3;2;0001  214717-1;01;CAMIONETA LUN 1;2093681;"NH01    ";"NICUESA E HIJOS S.R.L. -SANIT. NICUESA E HIJOS    ";ITALIA 1562;957491;"RA1101-1N      ";RA1101-1N - FLEXIBLE BLACK MONOC COCINA CUINA M15 x 55cm;2;2;2;23076150;020926100126754;181277965;;;;12/23/2031 00:00:00;2;13773714;02/09/2026 10:01:26;Agustin;Scirica;24357775;02/09/2026 09:00:51;6867;Javier;Lescano;Agustin Scirica;Javier Lescano
14129738;02/09/2026 10:04:35;3;2;0001  214741-1;01;CAMIONETA LUN 1;2094405;"SD31    ";"SG SANITARIOS DEL ESTE S.A                        ";COLECTORA DEL ESTE 1921;952650;"60-180         ";60-180 - LAVATORIO MONOCOMANDO BAJO VERA;5;5;5;23075541;020926100434634;181274873;;;;07/28/2031 00:00:00;5;13773803;02/09/2026 10:04:34;Maximiliano;Nievas;24357097;02/09/2026 08:58:11;6867;Javier;Lescano;Maximiliano Nievas;Javier Lescano
14129738;02/09/2026 10:04:35;3;2;0001  214741-1;01;CAMIONETA LUN 1;2094405;"SD31    ";"SG SANITARIOS DEL ESTE S.A                        ";COLECTORA DEL ESTE 1921;952928;"70-180         ";70-180 - BIDE MONOCOMANDO C/TRANSF. VERA;4;4;4;23075541;020926100434634;181274418;;;;07/27/2031 00:00:00;4;13773803;02/09/2026 10:04:34;Maximiliano;Nievas;24357097;02/09/2026 08:58:11;6867;Javier;Lescano;Maximiliano Nievas;Javier Lescano
14129739;02/09/2026 09:36:42;3;2;0001  214769-1;01;CAMIONETA LUN 1;2091843;"CO28    ";"CONSTRUDISENO S.A.                                ";RUTA 197 Y PANAMERICANA;951018;"10040CR        ";"PORTA ROLLO LINEA 10000 MINIMALISTA                                   ";100;100;100;23076626;020926093641156;181283009;;;;12/28/2031 00:00:00;100;13772939;02/09/2026 09:36:41;Maximiliano;Nievas;24358256;02/09/2026 09:15:05;7152;Mirko;Hernandez;Maximiliano Nievas;Mirko Hernandez
14129739;02/09/2026 09:36:42;3;2;0001  214769-1;01;CAMIONETA LUN 1;2091843;"CO28    ";"CONSTRUDISENO S.A.                                ";RUTA 197 Y PANAMERICANA;951007;"10030CR        ";"PERCHA LINEA 10000 MINIMALISTA                                        ";100;100;100;23076626;020926093641156;181281790;;;;07/28/2031 00:00:00;100;13772939;02/09/2026 09:36:41;Maximiliano;Nievas;24358256;02/09/2026 09:15:05;7152;Mirko;Hernandez;Maximiliano Nievas;Mirko Hernandez
14129739;02/09/2026 09:36:42;3;2;0001  214769-1;01;CAMIONETA LUN 1;2091843;"CO28    ";"CONSTRUDISENO S.A.                                ";RUTA 197 Y PANAMERICANA;950995;"10020CR        ";"TOALLERO DE ARO LINEA 10000 MINIMALISTA                               ";100;100;100;23076626;020926093641156;181282513;;;;07/31/2031 00:00:00;100;13772939;02/09/2026 09:36:41;Maximiliano;Nievas;24358256;02/09/2026 09:15:05;7152;Mirko;Hernandez;Maximiliano Nievas;Mirko Hernandez
14129740;02/09/2026 10:03:49;3;2;0001  214789-1;01;CAMIONETA LUN 1;2134259;"ZV02    ";"ZALAZAR VICTOR ANDRES                             ";AV TOMAS MARQUEZ 1248;956031;"F1319          ";"F1319 - JUEGO DE 2 FLEXIBLES 1/2"" x 30 cm AC.INOX.P/ MONOCOMANDO";4;4;4;23076151;020926100346459;181277805;;;;09/16/2031 00:00:00;4;13773774;02/09/2026 10:03:46;Agustin;Scirica;24357775;02/09/2026 09:00:51;6867;Javier;Lescano;Agustin Scirica;Javier Lescano
14129740;02/09/2026 10:03:49;3;2;0001  214789-1;01;CAMIONETA LUN 1;2134259;"ZV02    ";"ZALAZAR VICTOR ANDRES                             ";AV TOMAS MARQUEZ 1248;957482;"RA1089         ";RA1089 - AIREADOR P/LAVATORIO (ALTO/BAJO) SORIA;2;2;2;23076151;020926100346459;181278073;;;;08/02/2031 00:00:00;2;13773774;02/09/2026 10:03:46;Agustin;Scirica;24357775;02/09/2026 09:00:51;6867;Javier;Lescano;Agustin Scirica;Javier Lescano
14129741;02/09/2026 09:49:00;3;2;0001  214806-1;01;CAMIONETA LUN 1;2091221;"BA38    ";"BURIAN MARIA ALEJANDRA                            ";CASTILLA 298;952437;"51-057         ";51-057 - COCINA MESADA CR C.STD VERIN PLUS;1;1;1;23075813;020926094859514;181282584;;;;01/27/2032 00:00:00;1;13773369;02/09/2026 09:48:59;Maximiliano;Nievas;24357457;02/09/2026 09:15:39;7673;Maximo;Batista;Maximiliano Nievas;Maximo Batista
14129742;02/09/2026 09:45:28;3;2;0001  214815-1;01;CAMIONETA LUN 1;2091589;"CE01    ";"CENCOSUD S.A.                                     ";PANAMERICANA RAMAL PILAR KM 50;953354;"85-201NI       ";85-201NI - DUCHA EMB C/TRANSF Y DUCHADOR C.CERAM BEAT NICKEL;1;1;1;23075814;020926094527075;181281464;;;;01/11/2032 00:00:00;1;13773252;02/09/2026 09:45:27;Maximiliano;Nievas;24357457;02/09/2026 09:15:39;7673;Maximo;Batista;Maximiliano Nievas;Maximo Batista
14129743;02/09/2026 10:39:33;3;2;0001  214804-1;01;CAMIONETA LUN 1;2094461;"SG20    ";"SANCHEZ OSVALDO D. Y GIANNINI GUILLERMO SH        ";AV. AVELLANEDA 2756;951535;"20-160         ";20-160 - MONOCOMANDO MESADA COCINA DIQUE;8;8;8;23078362;020926103932493;181294108;;;;07/28/2031 00:00:00;8;13774912;02/09/2026 10:39:32;Agustin;Scirica;24359822;02/09/2026 09:47:10;7673;Maximo;Batista;Agustin Scirica;Maximo Batista
14129743;02/09/2026 10:39:33;3;2;0001  214804-1;01;CAMIONETA LUN 1;2094461;"SG20    ";"SANCHEZ OSVALDO D. Y GIANNINI GUILLERMO SH        ";AV. AVELLANEDA 2756;951523;"20-134         ";20-134 - MONOCOMANDO COCINA BETIS;6;6;6;23078362;020926103932493;181294734;;;;08/11/2031 00:00:00;6;13774912;02/09/2026 10:39:32;Agustin;Scirica;24359822;02/09/2026 09:47:10;7673;Maximo;Batista;Agustin Scirica;Maximo Batista
14129744;02/09/2026 09:46:26;3;2;0001  214881-1;01;CAMIONETA LUN 1;2092064;"DD15    ";"DOMANI DECO S.R.L.                                ";AV. HIPOLITO YRIGOYEN 2566;952956;"70-205         ";70-205 - BIDE MONOCOMANDO STEEL;1;1;1;23075815;020926094623789;181277427;;;;11/08/2031 00:00:00;1;13773285;02/09/2026 09:46:23;Maximiliano;Nievas;24357457;02/09/2026 09:15:39;7673;Maximo;Batista;Maximiliano Nievas;Maximo Batista
14129744;02/09/2026 09:46:26;3;2;0001  214881-1;01;CAMIONETA LUN 1;2092064;"DD15    ";"DOMANI DECO S.R.L.                                ";AV. HIPOLITO YRIGOYEN 2566;952765;"62-175DG       ";62-175DG - LAVATORIO DE PARED PULSE DARK GOLD C.CERAM;1;1;1;23075815;020926094623789;181282308;;;;07/31/2031 00:00:00;1;13773285;02/09/2026 09:46:23;Maximiliano;Nievas;24357457;02/09/2026 09:15:39;7673;Maximo;Batista;Maximiliano Nievas;Maximo Batista
14129744;02/09/2026 09:46:26;3;2;0001  214881-1;01;CAMIONETA LUN 1;2092064;"DD15    ";"DOMANI DECO S.R.L.                                ";AV. HIPOLITO YRIGOYEN 2566;952728;"61-205         ";61-205 - LAVATORIO MONOC ALTO STEEL;1;1;1;23075815;020926094623789;181278327;;;;07/28/2031 00:00:00;1;13773285;02/09/2026 09:46:23;Maximiliano;Nievas;24357457;02/09/2026 09:15:39;7673;Maximo;Batista;Maximiliano Nievas;Maximo Batista
14129744;02/09/2026 09:46:26;3;2;0001  214881-1;01;CAMIONETA LUN 1;2092064;"DD15    ";"DOMANI DECO S.R.L.                                ";AV. HIPOLITO YRIGOYEN 2566;951565;"20-205         ";20-205 - MONOCOMANDO DE COCINA STEEL;1;1;1;23075815;020926094623789;181280410;;;;07/28/2031 00:00:00;1;13773285;02/09/2026 09:46:23;Maximiliano;Nievas;24357457;02/09/2026 09:15:39;7673;Maximo;Batista;Maximiliano Nievas;Maximo Batista
14129745;02/09/2026 10:40:17;3;2;0001  214889-1;01;CAMIONETA LUN 1;2094405;"SD31    ";"SG SANITARIOS DEL ESTE S.A                        ";COLECTORA DEL ESTE 1921;953109;"80-166         ";"DUCHA EMB. C/TRANSF. CR C.CERAM ADRA PLUS                             ";12;12;12;23078130;020926104017371;181293105;;;;01/18/2032 00:00:00;12;13774945;02/09/2026 10:40:17;Agustin;Scirica;24359633;02/09/2026 09:42:41;7152;Mirko;Hernandez;Agustin Scirica;Mirko Hernandez
14129746;02/09/2026 11:28:06;3;2;0001  214890-1;01;CAMIONETA LUN 1;2094405;"SD31    ";"SG SANITARIOS DEL ESTE S.A                        ";COLECTORA DEL ESTE 1921;953109;"80-166         ";"DUCHA EMB. C/TRANSF. CR C.CERAM ADRA PLUS                             ";5;5;5;23077755;020926112806826;181289646;;;;01/13/2032 00:00:00;5;13776519;02/09/2026 11:28:06;Tiago;Rodriguez;24359313;02/09/2026 09:37:08;6867;Javier;Lescano;Tiago Rodriguez;Javier Lescano
14129746;02/09/2026 11:28:06;3;2;0001  214890-1;01;CAMIONETA LUN 1;2094405;"SD31    ";"SG SANITARIOS DEL ESTE S.A                        ";COLECTORA DEL ESTE 1921;952912;"70-162         ";70-162 - BIDE CR C.CERAM LINEA ADRA;5;5;5;23077755;020926112806826;181289460;;;;07/29/2031 00:00:00;5;13776519;02/09/2026 11:28:06;Tiago;Rodriguez;24359313;02/09/2026 09:37:08;6867;Javier;Lescano;Tiago Rodriguez;Javier Lescano
14129746;02/09/2026 11:28:06;3;2;0001  214890-1;01;CAMIONETA LUN 1;2094405;"SD31    ";"SG SANITARIOS DEL ESTE S.A                        ";COLECTORA DEL ESTE 1921;952723;"61-200C        ";61-200C - LAVATORIO MONOC ALTO CR FABRIC;2;2;2;23077755;020926112806826;181290657;;;;07/27/2031 00:00:00;2;13776519;02/09/2026 11:28:06;Tiago;Rodriguez;24359313;02/09/2026 09:37:08;6867;Javier;Lescano;Tiago Rodriguez;Javier Lescano
14129746;02/09/2026 11:28:06;3;2;0001  214890-1;01;CAMIONETA LUN 1;2094405;"SD31    ";"SG SANITARIOS DEL ESTE S.A                        ";COLECTORA DEL ESTE 1921;952637;"60-168         ";60-168 - LAVATORIO MONOC BAJO CR WAVE;5;5;5;23077755;020926112806826;181291176;;;;07/27/2031 00:00:00;5;13776519;02/09/2026 11:28:06;Tiago;Rodriguez;24359313;02/09/2026 09:37:08;6867;Javier;Lescano;Tiago Rodriguez;Javier Lescano
14129746;02/09/2026 11:28:06;3;2;0001  214890-1;01;CAMIONETA LUN 1;2094405;"SD31    ";"SG SANITARIOS DEL ESTE S.A                        ";COLECTORA DEL ESTE 1921;952634;"60-162         ";60-162 - LAVATORIO CR C.CERAM LINEA ADRA;5;5;5;23077755;020926112806826;181290023;;;;07/29/2031 00:00:00;5;13776519;02/09/2026 11:28:06;Tiago;Rodriguez;24359313;02/09/2026 09:37:08;6867;Javier;Lescano;Tiago Rodriguez;Javier Lescano
14129747;02/09/2026 09:44:16;3;2;0001  214891-1;01;CAMIONETA LUN 1;2094405;"SD31    ";"SG SANITARIOS DEL ESTE S.A                        ";COLECTORA DEL ESTE 1921;952888;"70-122         ";70-122 - BIDE C.CERAM CR VALENCIA;1;1;1;23075816;020926094416799;181281998;;;;10/26/2031 00:00:00;1;13773184;02/09/2026 09:44:16;Maximiliano;Nievas;24357457;02/09/2026 09:15:39;7673;Maximo;Batista;Maximiliano Nievas;Maximo Batista
14129747;02/09/2026 09:44:16;3;2;0001  214891-1;01;CAMIONETA LUN 1;2094405;"SD31    ";"SG SANITARIOS DEL ESTE S.A                        ";COLECTORA DEL ESTE 1921;952610;"60-122         ";60-122 - LAVATORIO C.CERAM CR VALENCIA;1;1;1;23075816;020926094416799;181281875;;;;12/10/2031 00:00:00;1;13773184;02/09/2026 09:44:16;Maximiliano;Nievas;24357457;02/09/2026 09:15:39;7673;Maximo;Batista;Maximiliano Nievas;Maximo Batista
14129747;02/09/2026 09:44:16;3;2;0001  214891-1;01;CAMIONETA LUN 1;2094405;"SD31    ";"SG SANITARIOS DEL ESTE S.A                        ";COLECTORA DEL ESTE 1921;951530;"20-146         ";20-146 - MONOCOMANDO DE COCINA CR LINEA MOVE;1;1;1;23075816;020926094416799;181280740;;;;10/09/2031 00:00:00;1;13773184;02/09/2026 09:44:16;Maximiliano;Nievas;24357457;02/09/2026 09:15:39;7673;Maximo;Batista;Maximiliano Nievas;Maximo Batista
14129748;02/09/2026 09:42:17;3;2;0001  214897-1;01;CAMIONETA LUN 1;2093656;"NA09    ";"NAVARRO ACHE S.A.                                 ";PANAMERICANA KM 47 COLECTORA ESTE RAMAL ESCOBAR 2390;953335;"84-203ST       ";"DUCHA EXT C/COLUMNA CR ADRA                                           ";1;1;1;23075817;020926094217367;181279812;;;;12/15/2031 00:00:00;1;13773148;02/09/2026 09:42:17;Maximiliano;Nievas;24357457;02/09/2026 09:15:39;7673;Maximo;Batista;Maximiliano Nievas;Maximo Batista
14129748;02/09/2026 09:42:17;3;2;0001  214897-1;01;CAMIONETA LUN 1;2093656;"NA09    ";"NAVARRO ACHE S.A.                                 ";PANAMERICANA KM 47 COLECTORA ESTE RAMAL ESCOBAR 2390;953334;"84-203         ";"DUCHA EXT C/COLUMNA Y TRANSF CR ADRA                                  ";1;1;1;23075817;020926094217367;181280046;;;;12/02/2031 00:00:00;1;13773148;02/09/2026 09:42:17;Maximiliano;Nievas;24357457;02/09/2026 09:15:39;7673;Maximo;Batista;Maximiliano Nievas;Maximo Batista
14129748;02/09/2026 09:42:17;3;2;0001  214897-1;01;CAMIONETA LUN 1;2093656;"NA09    ";"NAVARRO ACHE S.A.                                 ";PANAMERICANA KM 47 COLECTORA ESTE RAMAL ESCOBAR 2390;953154;"80-200N        ";80-200N - DUCHA EMB. MONOC. 3 FUNCIONES BLACK FABRIC;2;2;2;23075817;020926094217367;181282957;;;;01/04/2032 00:00:00;2;13773148;02/09/2026 09:42:17;Maximiliano;Nievas;24357457;02/09/2026 09:15:39;7673;Maximo;Batista;Maximiliano Nievas;Maximo Batista
14129749;02/09/2026 09:56:16;3;2;0001  214904-1;01;CAMIONETA LUN 1;2093250;"LN02    ";"LA NORIA REVESIMIENTOS S.A.                       ";AV. J.M. CAMPOS 1531/5;951132;"13006          ";"SET DE 6 PIEZAS LINEA 13000                                           ";3;3;3;23075542;020926095556185;181277008;;;;07/28/2031 00:00:00;3;13773578;02/09/2026 09:55:56;Maximiliano;Nievas;24357097;02/09/2026 08:58:11;6867;Javier;Lescano;Maximiliano Nievas;Javier Lescano
14129750;02/09/2026 10:03:02;3;2;0001  214909-1;01;CAMIONETA LUN 1;2094251;"RS17    ";"ROCAS DEL SUR S.A. -CORTES                        ";CALLE 79 (EX. ERASMO) 1155;952467;"52-121         ";52-121 - GRIFERIA REBATIBLE P/LLENADO DE OLLAS MARBELLA;1;1;1;23075543;020926100301795;181273702;;;;07/29/2031 00:00:00;1;13773770;02/09/2026 10:03:01;Maximiliano;Nievas;24357097;02/09/2026 08:58:11;6867;Javier;Lescano;Maximiliano Nievas;Javier Lescano
14130057;02/09/2026 07:53:24;3;2;RM 0016   29641;10;URGENTES;2090911;DEP_52;PROMOCION / PUBLCIDAD;.;1102606;"RA1529NI       ";"SOPAPA DESAGOTE NICKEL BACHA INOX                                     ";1;1;1;23073162;020926075245419;181256940;;;;01/05/2032 00:00:00;1;13770623;02/09/2026 07:52:45;Gaston Alejandro;Kiriczuk;24354983;02/09/2026 07:51:59;7152;Mirko;Hernandez;Gaston Alejandro Kiriczuk;Mirko Hernandez
14131121;02/09/2026 11:35:33;3;2;0001  214969-1;01;CAMIONETA LUN 1;2091970;"CT06    ";"COMERCIAL TUCSON S.A.                             ";COLECTORA PANAMERICANA   28851;952650;"60-180         ";60-180 - LAVATORIO MONOCOMANDO BAJO VERA;1;1;1;23076287;020926113533497;181281409;;;;07/28/2031 00:00:00;1;13776635;02/09/2026 11:35:33;Tiago;Rodriguez;24357903;02/09/2026 09:30:02;6867;Javier;Lescano;Tiago Rodriguez;Javier Lescano
14131121;02/09/2026 11:35:33;3;2;0001  214969-1;01;CAMIONETA LUN 1;2091970;"CT06    ";"COMERCIAL TUCSON S.A.                             ";COLECTORA PANAMERICANA   28851;952674;"60-200N        ";60-200N - LAVATORIO MONOC BAJO BLACK FABRIC;2;2;2;23076287;020926113533497;181280363;;;;07/28/2031 00:00:00;2;13776635;02/09/2026 11:35:33;Tiago;Rodriguez;24357903;02/09/2026 09:30:02;6867;Javier;Lescano;Tiago Rodriguez;Javier Lescano
14131121;02/09/2026 11:35:33;3;2;0001  214969-1;01;CAMIONETA LUN 1;2091970;"CT06    ";"COMERCIAL TUCSON S.A.                             ";COLECTORA PANAMERICANA   28851;952709;"61-168N        ";61-168N - LAVATORIO MONOC ALTO BLACK WAVE;1;1;1;23076287;020926113533497;181279996;;;;07/28/2031 00:00:00;1;13776635;02/09/2026 11:35:33;Tiago;Rodriguez;24357903;02/09/2026 09:30:02;6867;Javier;Lescano;Tiago Rodriguez;Javier Lescano
14131121;02/09/2026 11:35:33;3;2;0001  214969-1;01;CAMIONETA LUN 1;2091970;"CT06    ";"COMERCIAL TUCSON S.A.                             ";COLECTORA PANAMERICANA   28851;952712;"61-176         ";61-176 - LAVATORIO MONOC ALTO CR RIO;1;1;1;23076287;020926113533497;181282197;;;;10/09/2031 00:00:00;1;13776635;02/09/2026 11:35:33;Tiago;Rodriguez;24357903;02/09/2026 09:30:02;6867;Javier;Lescano;Tiago Rodriguez;Javier Lescano
14131121;02/09/2026 11:35:33;3;2;0001  214969-1;01;CAMIONETA LUN 1;2091970;"CT06    ";"COMERCIAL TUCSON S.A.                             ";COLECTORA PANAMERICANA   28851;952724;"61-200G        ";61-200G - LAVATORIO MONOC ALTO GOLD FABRIC;2;2;2;23076287;020926113533497;181283283;;;;07/27/2031 00:00:00;2;13776635;02/09/2026 11:35:33;Tiago;Rodriguez;24357903;02/09/2026 09:30:02;6867;Javier;Lescano;Tiago Rodriguez;Javier Lescano
14131121;02/09/2026 11:35:33;3;2;0001  214969-1;01;CAMIONETA LUN 1;2091970;"CT06    ";"COMERCIAL TUCSON S.A.                             ";COLECTORA PANAMERICANA   28851;952727;"61-203N        ";"LAVATORIO MONOCOMANDO ALTO ADRA BLACK                                 ";1;1;1;23076287;020926113533497;181285106;;;;01/06/2032 00:00:00;1;13776635;02/09/2026 11:35:33;Tiago;Rodriguez;24357903;02/09/2026 09:30:02;6867;Javier;Lescano;Tiago Rodriguez;Javier Lescano
14131121;02/09/2026 11:35:33;3;2;0001  214969-1;01;CAMIONETA LUN 1;2091970;"CT06    ";"COMERCIAL TUCSON S.A.                             ";COLECTORA PANAMERICANA   28851;952740;"62-100G        ";62-100G - LAVATORIO DE PARED GOLD C.CERAM FABRIC;1;1;1;23076287;020926113533497;181285624;;;;12/20/2031 00:00:00;1;13776635;02/09/2026 11:35:33;Tiago;Rodriguez;24357903;02/09/2026 09:30:02;6867;Javier;Lescano;Tiago Rodriguez;Javier Lescano
14131121;02/09/2026 11:35:33;3;2;0001  214969-1;01;CAMIONETA LUN 1;2091970;"CT06    ";"COMERCIAL TUCSON S.A.                             ";COLECTORA PANAMERICANA   28851;952758;"62-162         ";62-162 - LAVATORIO DE PARED CR C.CERAM ADRA;1;1;1;23076287;020926113533497;181287201;;;;07/31/2031 00:00:00;1;13776635;02/09/2026 11:35:33;Tiago;Rodriguez;24357903;02/09/2026 09:30:02;6867;Javier;Lescano;Tiago Rodriguez;Javier Lescano
14131121;02/09/2026 11:35:33;3;2;0001  214969-1;01;CAMIONETA LUN 1;2091970;"CT06    ";"COMERCIAL TUCSON S.A.                             ";COLECTORA PANAMERICANA   28851;952795;"63-168         ";63-168 - LAVATORIO PARED EMB MONOC CR WAVE;1;1;1;23076287;020926113533497;181281115;;;;07/28/2031 00:00:00;1;13776635;02/09/2026 11:35:33;Tiago;Rodriguez;24357903;02/09/2026 09:30:02;6867;Javier;Lescano;Tiago Rodriguez;Javier Lescano
14131121;02/09/2026 11:35:33;3;2;0001  214969-1;01;CAMIONETA LUN 1;2091970;"CT06    ";"COMERCIAL TUCSON S.A.                             ";COLECTORA PANAMERICANA   28851;952796;"63-168N        ";"LAVATORIO PARED EMB MONOC BLACK WAVE                                  ";1;1;1;23076287;020926113533497;181279772;;;;07/28/2031 00:00:00;1;13776635;02/09/2026 11:35:33;Tiago;Rodriguez;24357903;02/09/2026 09:30:02;6867;Javier;Lescano;Tiago Rodriguez;Javier Lescano
14131121;02/09/2026 11:35:33;3;2;0001  214969-1;01;CAMIONETA LUN 1;2091970;"CT06    ";"COMERCIAL TUCSON S.A.                             ";COLECTORA PANAMERICANA   28851;952876;"70-100NI       ";70-100NI - BIDE NICKEL C.CERAM FABRIC;1;1;1;23076287;020926113533497;181287311;;;;12/01/2031 00:00:00;1;13776635;02/09/2026 11:35:33;Tiago;Rodriguez;24357903;02/09/2026 09:30:02;6867;Javier;Lescano;Tiago Rodriguez;Javier Lescano
14131121;02/09/2026 11:35:33;3;2;0001  214969-1;01;CAMIONETA LUN 1;2091970;"CT06    ";"COMERCIAL TUCSON S.A.                             ";COLECTORA PANAMERICANA   28851;952913;"70-162N        ";70-162N - BIDE BLACK C.CERAM LINEA ADRA;2;2;2;23076287;020926113533497;181285360;;;;12/08/2031 00:00:00;2;13776635;02/09/2026 11:35:33;Tiago;Rodriguez;24357903;02/09/2026 09:30:02;6867;Javier;Lescano;Tiago Rodriguez;Javier Lescano
14131121;02/09/2026 11:35:33;3;2;0001  214969-1;01;CAMIONETA LUN 1;2091970;"CT06    ";"COMERCIAL TUCSON S.A.                             ";COLECTORA PANAMERICANA   28851;952916;"70-168N        ";70-168N - BIDE MONOC BLACK WAVE;2;2;2;23076287;020926113533497;181283558;;;;01/05/2032 00:00:00;2;13776635;02/09/2026 11:35:33;Tiago;Rodriguez;24357903;02/09/2026 09:30:02;6867;Javier;Lescano;Tiago Rodriguez;Javier Lescano
14131121;02/09/2026 11:35:33;3;2;0001  214969-1;01;CAMIONETA LUN 1;2091970;"CT06    ";"COMERCIAL TUCSON S.A.                             ";COLECTORA PANAMERICANA   28851;952925;"70-176         ";70-176 - BIDE MONOC C/TRANSF CR RIO;2;2;2;23076287;020926113533497;181282398;;;;11/17/2031 00:00:00;2;13776635;02/09/2026 11:35:33;Tiago;Rodriguez;24357903;02/09/2026 09:30:02;6867;Javier;Lescano;Tiago Rodriguez;Javier Lescano
14131121;02/09/2026 11:35:33;3;2;0001  214969-1;01;CAMIONETA LUN 1;2091970;"CT06    ";"COMERCIAL TUCSON S.A.                             ";COLECTORA PANAMERICANA   28851;952950;"70-200G        ";70-200G - BIDE MONOCOMANDO GOLD FABRIC;2;2;2;23076287;020926113533497;181282833;;;;07/27/2031 00:00:00;2;13776635;02/09/2026 11:35:33;Tiago;Rodriguez;24357903;02/09/2026 09:30:02;6867;Javier;Lescano;Tiago Rodriguez;Javier Lescano
14131121;02/09/2026 11:35:33;3;2;0001  214969-1;01;CAMIONETA LUN 1;2091970;"CT06    ";"COMERCIAL TUCSON S.A.                             ";COLECTORA PANAMERICANA   28851;952951;"70-200N        ";70-200N - BIDE MONOCOMANDO BLACK FABRIC;2;2;2;23076287;020926113533497;181280140;;;;09/06/2031 00:00:00;2;13776635;02/09/2026 11:35:33;Tiago;Rodriguez;24357903;02/09/2026 09:30:02;6867;Javier;Lescano;Tiago Rodriguez;Javier Lescano
14131121;02/09/2026 11:35:33;3;2;0001  214969-1;01;CAMIONETA LUN 1;2091970;"CT06    ";"COMERCIAL TUCSON S.A.                             ";COLECTORA PANAMERICANA   28851;952956;"70-205         ";70-205 - BIDE MONOCOMANDO STEEL;1;1;1;23076287;020926113533497;181280789;;;;11/08/2031 00:00:00;1;13776635;02/09/2026 11:35:33;Tiago;Rodriguez;24357903;02/09/2026 09:30:02;6867;Javier;Lescano;Tiago Rodriguez;Javier Lescano
14131121;02/09/2026 11:35:33;3;2;0001  214969-1;01;CAMIONETA LUN 1;2091970;"CT06    ";"COMERCIAL TUCSON S.A.                             ";COLECTORA PANAMERICANA   28851;953073;"80-100NI       ";80-100NI - DUCHA EMB. C/TRANSF. NICKEL C.CERAM FABRIC;1;1;1;23076287;020926113533497;181285019;;;;02/08/2032 00:00:00;1;13776635;02/09/2026 11:35:33;Tiago;Rodriguez;24357903;02/09/2026 09:30:02;6867;Javier;Lescano;Tiago Rodriguez;Javier Lescano
14131121;02/09/2026 11:35:33;3;2;0001  214969-1;01;CAMIONETA LUN 1;2091970;"CT06    ";"COMERCIAL TUCSON S.A.                             ";COLECTORA PANAMERICANA   28851;953091;"80-138         ";80-138 - DUCHA EMB. C/TRANSF. CR C.CERAM VALENCIA PLUS;1;1;1;23076287;020926113533497;181288201;;;;01/14/2032 00:00:00;1;13776635;02/09/2026 11:35:33;Tiago;Rodriguez;24357903;02/09/2026 09:30:02;6867;Javier;Lescano;Tiago Rodriguez;Javier Lescano
14131121;02/09/2026 11:35:33;3;2;0001  214969-1;01;CAMIONETA LUN 1;2091970;"CT06    ";"COMERCIAL TUCSON S.A.                             ";COLECTORA PANAMERICANA   28851;953109;"80-166         ";"DUCHA EMB. C/TRANSF. CR C.CERAM ADRA PLUS                             ";2;2;2;23076287;020926113533497;181286959;;;;01/13/2032 00:00:00;2;13776635;02/09/2026 11:35:33;Tiago;Rodriguez;24357903;02/09/2026 09:30:02;6867;Javier;Lescano;Tiago Rodriguez;Javier Lescano
14131121;02/09/2026 11:35:33;3;2;0001  214969-1;01;CAMIONETA LUN 1;2091970;"CT06    ";"COMERCIAL TUCSON S.A.                             ";COLECTORA PANAMERICANA   28851;953110;"80-166N        ";80-166N - DUCHA EMB. C/TRANSF. BLACK C.CERAM ADRA PLUS;3;3;3;23076287;020926113533497;181285250;;;;11/25/2031 00:00:00;3;13776635;02/09/2026 11:35:33;Tiago;Rodriguez;24357903;02/09/2026 09:30:02;6867;Javier;Lescano;Tiago Rodriguez;Javier Lescano
14131121;02/09/2026 11:35:33;3;2;0001  214969-1;01;CAMIONETA LUN 1;2091970;"CT06    ";"COMERCIAL TUCSON S.A.                             ";COLECTORA PANAMERICANA   28851;953112;"80-168         ";80-168 - DUCHA EMB C/TRANSF MONOC CR WAVE;2;2;2;23076287;020926113533497;181284494;;;;01/17/2032 00:00:00;2;13776635;02/09/2026 11:35:33;Tiago;Rodriguez;24357903;02/09/2026 09:30:02;6867;Javier;Lescano;Tiago Rodriguez;Javier Lescano
14131121;02/09/2026 11:35:33;3;2;0001  214969-1;01;CAMIONETA LUN 1;2091970;"CT06    ";"COMERCIAL TUCSON S.A.                             ";COLECTORA PANAMERICANA   28851;953113;"80-168N        ";80-168N - DUCHA EMB C/TRANSF MONOC BLACK WAVE;2;2;2;23076287;020926113533497;181286589;;;;10/20/2031 00:00:00;2;13776635;02/09/2026 11:35:33;Tiago;Rodriguez;24357903;02/09/2026 09:30:02;6867;Javier;Lescano;Tiago Rodriguez;Javier Lescano
14131121;02/09/2026 11:35:33;3;2;0001  214969-1;01;CAMIONETA LUN 1;2091970;"CT06    ";"COMERCIAL TUCSON S.A.                             ";COLECTORA PANAMERICANA   28851;953122;"80-176         ";80-176 - DUCHA EMB C/TRANSF MONOC CR RIO;2;2;2;23076287;020926113533497;181281898;;;;07/29/2031 00:00:00;2;13776635;02/09/2026 11:35:33;Tiago;Rodriguez;24357903;02/09/2026 09:30:02;6867;Javier;Lescano;Tiago Rodriguez;Javier Lescano
14131121;02/09/2026 11:35:33;3;2;0001  214969-1;01;CAMIONETA LUN 1;2091970;"CT06    ";"COMERCIAL TUCSON S.A.                             ";COLECTORA PANAMERICANA   28851;953123;"80-176N        ";80-176N - DUCHA EMB C/TRANSF MONOC BLACK RIO;2;2;2;23076287;020926113533497;181281682;;;;07/27/2031 00:00:00;2;13776635;02/09/2026 11:35:33;Tiago;Rodriguez;24357903;02/09/2026 09:30:02;6867;Javier;Lescano;Tiago Rodriguez;Javier Lescano
14131121;02/09/2026 11:35:33;3;2;0001  214969-1;01;CAMIONETA LUN 1;2091970;"CT06    ";"COMERCIAL TUCSON S.A.                             ";COLECTORA PANAMERICANA   28851;953154;"80-200N        ";80-200N - DUCHA EMB. MONOC. 3 FUNCIONES BLACK FABRIC;3;3;3;23076287;020926113533497;181284167;;;;01/04/2032 00:00:00;3;13776635;02/09/2026 11:35:33;Tiago;Rodriguez;24357903;02/09/2026 09:30:02;6867;Javier;Lescano;Tiago Rodriguez;Javier Lescano
14131121;02/09/2026 11:35:33;3;2;0001  214969-1;01;CAMIONETA LUN 1;2091970;"CT06    ";"COMERCIAL TUCSON S.A.                             ";COLECTORA PANAMERICANA   28851;953161;"80-205         ";80-205 - DUCHA EMB. C/TRANSF. MONOC STEEL;2;2;2;23076287;020926113533497;181283000;;;;08/11/2031 00:00:00;2;13776635;02/09/2026 11:35:33;Tiago;Rodriguez;24357903;02/09/2026 09:30:02;6867;Javier;Lescano;Tiago Rodriguez;Javier Lescano
14131121;02/09/2026 11:35:33;3;2;0001  214969-1;01;CAMIONETA LUN 1;2091970;"CT06    ";"COMERCIAL TUCSON S.A.                             ";COLECTORA PANAMERICANA   28851;953316;"83-176         ";83-176 - DUCHA EXT. C/TRANSF. MONOC CR RIO;1;1;1;23076287;020926113533497;181281753;;;;07/28/2031 00:00:00;1;13776635;02/09/2026 11:35:33;Tiago;Rodriguez;24357903;02/09/2026 09:30:02;6867;Javier;Lescano;Tiago Rodriguez;Javier Lescano
14131121;02/09/2026 11:35:33;3;2;0001  214969-1;01;CAMIONETA LUN 1;2091970;"CT06    ";"COMERCIAL TUCSON S.A.                             ";COLECTORA PANAMERICANA   28851;953346;"85-168         ";85-168 - DUCHA MONOC C/TRANSF Y DUCHADOR CR WAVE;1;1;1;23076287;020926113533497;181284351;;;;01/13/2032 00:00:00;1;13776635;02/09/2026 11:35:33;Tiago;Rodriguez;24357903;02/09/2026 09:30:02;6867;Javier;Lescano;Tiago Rodriguez;Javier Lescano
14131121;02/09/2026 11:35:33;3;2;0001  214969-1;01;CAMIONETA LUN 1;2091970;"CT06    ";"COMERCIAL TUCSON S.A.                             ";COLECTORA PANAMERICANA   28851;952648;"60-176N        ";"LAVATORIO MONOCOMANDO BAJO BLACK RIO                                  ";2;2;2;23076287;020926113533497;181282093;;;;07/29/2031 00:00:00;2;13776635;02/09/2026 11:35:33;Tiago;Rodriguez;24357903;02/09/2026 09:30:02;6867;Javier;Lescano;Tiago Rodriguez;Javier Lescano
14131121;02/09/2026 11:35:33;3;2;0001  214969-1;01;CAMIONETA LUN 1;2091970;"CT06    ";"COMERCIAL TUCSON S.A.                             ";COLECTORA PANAMERICANA   28851;952647;"60-176         ";"LAVATORIO MONOCOMANDO BAJO CR RIO                                     ";2;2;2;23076287;020926113533497;181281925;;;;10/11/2031 00:00:00;2;13776635;02/09/2026 11:35:33;Tiago;Rodriguez;24357903;02/09/2026 09:30:02;6867;Javier;Lescano;Tiago Rodriguez;Javier Lescano
14131121;02/09/2026 11:35:33;3;2;0001  214969-1;01;CAMIONETA LUN 1;2091970;"CT06    ";"COMERCIAL TUCSON S.A.                             ";COLECTORA PANAMERICANA   28851;952638;"60-168N        ";60-168N - LAVATORIO MONOC BAJO BLACK WAVE;2;2;2;23076287;020926113533497;181280978;;;;07/27/2031 00:00:00;2;13776635;02/09/2026 11:35:33;Tiago;Rodriguez;24357903;02/09/2026 09:30:02;6867;Javier;Lescano;Tiago Rodriguez;Javier Lescano
14131121;02/09/2026 11:35:33;3;2;0001  214969-1;01;CAMIONETA LUN 1;2091970;"CT06    ";"COMERCIAL TUCSON S.A.                             ";COLECTORA PANAMERICANA   28851;952637;"60-168         ";60-168 - LAVATORIO MONOC BAJO CR WAVE;1;1;1;23076287;020926113533497;181280887;;;;07/27/2031 00:00:00;1;13776635;02/09/2026 11:35:33;Tiago;Rodriguez;24357903;02/09/2026 09:30:02;6867;Javier;Lescano;Tiago Rodriguez;Javier Lescano
14131121;02/09/2026 11:35:33;3;2;0001  214969-1;01;CAMIONETA LUN 1;2091970;"CT06    ";"COMERCIAL TUCSON S.A.                             ";COLECTORA PANAMERICANA   28851;952635;"60-162N        ";60-162N - LAVATORIO BLACK C.CERAM LINEA ADRA;2;2;2;23076287;020926113533497;181284848;;;;11/03/2031 00:00:00;2;13776635;02/09/2026 11:35:33;Tiago;Rodriguez;24357903;02/09/2026 09:30:02;6867;Javier;Lescano;Tiago Rodriguez;Javier Lescano
14131121;02/09/2026 11:35:33;3;2;0001  214969-1;01;CAMIONETA LUN 1;2091970;"CT06    ";"COMERCIAL TUCSON S.A.                             ";COLECTORA PANAMERICANA   28851;952598;"60-100NI       ";60-100NI - LAVATORIO NICKEL C.CERAM FABRIC;2;2;2;23076287;020926113533497;181287472;;;;10/08/2031 00:00:00;2;13776635;02/09/2026 11:35:33;Tiago;Rodriguez;24357903;02/09/2026 09:30:02;6867;Javier;Lescano;Tiago Rodriguez;Javier Lescano
14131121;02/09/2026 11:35:33;3;2;0001  214969-1;01;CAMIONETA LUN 1;2091970;"CT06    ";"COMERCIAL TUCSON S.A.                             ";COLECTORA PANAMERICANA   28851;951833;"30-132         ";30-132 - COCINA MESADA MONOC. C/DUCHADOR EXTENSIBLE VIGO;6;6;6;23076287;020926113533497;181280639;;;;07/28/2031 00:00:00;6;13776635;02/09/2026 11:35:33;Tiago;Rodriguez;24357903;02/09/2026 09:30:02;6867;Javier;Lescano;Tiago Rodriguez;Javier Lescano
14131121;02/09/2026 11:35:33;3;2;0001  214969-1;01;CAMIONETA LUN 1;2091970;"CT06    ";"COMERCIAL TUCSON S.A.                             ";COLECTORA PANAMERICANA   28851;951565;"20-205         ";20-205 - MONOCOMANDO DE COCINA STEEL;2;2;2;23076287;020926113533497;181282646;;;;07/28/2031 00:00:00;2;13776635;02/09/2026 11:35:33;Tiago;Rodriguez;24357903;02/09/2026 09:30:02;6867;Javier;Lescano;Tiago Rodriguez;Javier Lescano
14131121;02/09/2026 11:35:33;3;2;0001  214969-1;01;CAMIONETA LUN 1;2091970;"CT06    ";"COMERCIAL TUCSON S.A.                             ";COLECTORA PANAMERICANA   28851;951536;"20-162         ";20-162 - MONOCOMANDO COCINA ADRA;2;2;2;23076287;020926113533497;181283765;;;;07/28/2031 00:00:00;2;13776635;02/09/2026 11:35:33;Tiago;Rodriguez;24357903;02/09/2026 09:30:02;6867;Javier;Lescano;Tiago Rodriguez;Javier Lescano
14131751;02/09/2026 10:01:56;3;2;0001  214910-1;10;URGENTES;2092441;"FE15    ";"FEDAN S.A.                                        ";LAPRIDA  esq GARCIA 151;952707;"61-152         ";61-152 - LAVATORIO MONOCOMANDO CROMO ALTO SORIA;2;2;2;23078154;020926100155206;181292739;;;;07/27/2031 00:00:00;2;13773732;02/09/2026 10:01:55;Tiago;Rodriguez;24359615;02/09/2026 09:41:29;6867;Javier;Lescano;Tiago Rodriguez;Javier Lescano
14131752;02/09/2026 10:04:13;3;2;0001  214164-2;10;URGENTES;2092441;"FE15    ";"FEDAN S.A.                                        ";LAPRIDA  esq GARCIA 151;956418;"INO104N-2      ";"DEPOSITO C/DESCARGA DUAL BLACK LINEA STONE                            ";1;1;1;23077897;020926100413177;181291482;;;;02/23/2032 00:00:00;1;13773788;02/09/2026 10:04:13;Tiago;Rodriguez;24359419;02/09/2026 09:42:28;7673;Maximo;Batista;Tiago Rodriguez;Maximo Batista
14131752;02/09/2026 10:04:13;3;2;0001  214164-2;10;URGENTES;2092441;"FE15    ";"FEDAN S.A.                                        ";LAPRIDA  esq GARCIA 151;956417;"INO104N-1      ";"INODORO BLACK C/ASIENTO LINEA STONE                                   ";1;1;1;23077897;020926100413177;181291397;;;;10/16/2031 00:00:00;1;13773788;02/09/2026 10:04:13;Tiago;Rodriguez;24359419;02/09/2026 09:42:28;7673;Maximo;Batista;Tiago Rodriguez;Maximo Batista
14131752;02/09/2026 10:04:13;3;2;0001  214164-2;10;URGENTES;2092441;"FE15    ";"FEDAN S.A.                                        ";LAPRIDA  esq GARCIA 151;956416;"INO104-2       ";"DEPOSITO C/DESCARGA DUAL BLANCO LINEA STONE                           ";1;1;1;23077897;020926100413177;181292888;;;;01/28/2032 00:00:00;1;13773788;02/09/2026 10:04:13;Tiago;Rodriguez;24359419;02/09/2026 09:42:28;7673;Maximo;Batista;Tiago Rodriguez;Maximo Batista
14131752;02/09/2026 10:04:13;3;2;0001  214164-2;10;URGENTES;2092441;"FE15    ";"FEDAN S.A.                                        ";LAPRIDA  esq GARCIA 151;956415;"INO104-1       ";"INODORO BLANCO C/ASIENTO LINEA STONE                                  ";1;1;1;23077897;020926100413177;181292797;;;;10/19/2031 00:00:00;1;13773788;02/09/2026 10:04:13;Tiago;Rodriguez;24359419;02/09/2026 09:42:28;7673;Maximo;Batista;Tiago Rodriguez;Maximo Batista
14131752;02/09/2026 10:04:13;3;2;0001  214164-2;10;URGENTES;2092441;"FE15    ";"FEDAN S.A.                                        ";LAPRIDA  esq GARCIA 151;954946;"BID104-1       ";"BIDE 1 AGUJERO BLANCO LINEA STONE                                     ";1;1;1;23077897;020926100413177;181292285;;;;01/20/2032 00:00:00;1;13773788;02/09/2026 10:04:13;Tiago;Rodriguez;24359419;02/09/2026 09:42:28;7673;Maximo;Batista;Tiago Rodriguez;Maximo Batista
14132625;02/09/2026 11:10:47;3;2;0001  214318-1;01;CAMIONETA VIE 3;2093295;"MA06    ";"MARTINO S.A.                                      ";VILLEGAS 276;953437;"914/CR         ";914/CR - JGO.MDA.P.CAÑO CR ARES;2;2;2;23079941;020926111040763;181305974;;;;01/13/2032 00:00:00;2;13775961;02/09/2026 11:10:40;Maximiliano;Nievas;24361405;02/09/2026 10:32:26;7152;Mirko;Hernandez;Maximiliano Nievas;Mirko Hernandez
14132625;02/09/2026 11:10:47;3;2;0001  214318-1;01;CAMIONETA VIE 3;2093295;"MA06    ";"MARTINO S.A.                                      ";VILLEGAS 276;952896;"70-133         ";70-133 - BIDE MONOCOMANDO LUGO;1;1;1;23079941;020926111040763;181309971;;;;07/30/2031 00:00:00;1;13775961;02/09/2026 11:10:40;Maximiliano;Nievas;24361405;02/09/2026 10:32:26;7152;Mirko;Hernandez;Maximiliano Nievas;Mirko Hernandez
14132625;02/09/2026 11:10:47;3;2;0001  214318-1;01;CAMIONETA VIE 3;2093295;"MA06    ";"MARTINO S.A.                                      ";VILLEGAS 276;952618;"60-133         ";60-133 - LAVATORIO MONOCOMANDO LUGO;2;2;2;23079941;020926111040763;181308907;;;;07/29/2031 00:00:00;2;13775961;02/09/2026 11:10:40;Maximiliano;Nievas;24361405;02/09/2026 10:32:26;7152;Mirko;Hernandez;Maximiliano Nievas;Mirko Hernandez
14132625;02/09/2026 11:10:47;3;2;0001  214318-1;01;CAMIONETA VIE 3;2093295;"MA06    ";"MARTINO S.A.                                      ";VILLEGAS 276;952499;"54-203         ";"COCINA PARED EXT C.CERAM ADRA MONOCOMANDO                             ";2;2;2;23079941;020926111040763;181308663;;;;11/23/2031 00:00:00;2;13775961;02/09/2026 11:10:40;Maximiliano;Nievas;24361405;02/09/2026 10:32:26;7152;Mirko;Hernandez;Maximiliano Nievas;Mirko Hernandez
14132625;02/09/2026 11:10:47;3;2;0001  214318-1;01;CAMIONETA VIE 3;2093295;"MA06    ";"MARTINO S.A.                                      ";VILLEGAS 276;952449;"51-107         ";51-107 - JGO. MESADA CR C.CERAM BEDIA;1;1;1;23079941;020926111040763;181306556;;;;11/10/2031 00:00:00;1;13775961;02/09/2026 11:10:40;Maximiliano;Nievas;24361405;02/09/2026 10:32:26;7152;Mirko;Hernandez;Maximiliano Nievas;Mirko Hernandez
14132625;02/09/2026 11:10:47;3;2;0001  214318-1;01;CAMIONETA VIE 3;2093295;"MA06    ";"MARTINO S.A.                                      ";VILLEGAS 276;951535;"20-160         ";20-160 - MONOCOMANDO MESADA COCINA DIQUE;3;3;3;23079941;020926111040763;181309140;;;;07/28/2031 00:00:00;3;13775961;02/09/2026 11:10:40;Maximiliano;Nievas;24361405;02/09/2026 10:32:26;7152;Mirko;Hernandez;Maximiliano Nievas;Mirko Hernandez
14132625;02/09/2026 11:10:47;3;2;0001  214318-1;01;CAMIONETA VIE 3;2093295;"MA06    ";"MARTINO S.A.                                      ";VILLEGAS 276;951523;"20-134         ";20-134 - MONOCOMANDO COCINA BETIS;1;1;1;23079941;020926111040763;181307516;;;;08/11/2031 00:00:00;1;13775961;02/09/2026 11:10:40;Maximiliano;Nievas;24361405;02/09/2026 10:32:26;7152;Mirko;Hernandez;Maximiliano Nievas;Mirko Hernandez
14132625;02/09/2026 11:10:47;3;2;0001  214318-1;01;CAMIONETA VIE 3;2093295;"MA06    ";"MARTINO S.A.                                      ";VILLEGAS 276;951508;"20-121         ";20-121 - COCINA MSDA MONOC.P. REDONDO MARBELLA;1;1;1;23079941;020926111040763;181309829;;;;07/30/2031 00:00:00;1;13775961;02/09/2026 11:10:40;Maximiliano;Nievas;24361405;02/09/2026 10:32:26;7152;Mirko;Hernandez;Maximiliano Nievas;Mirko Hernandez
14132626;02/09/2026 13:18:03;3;2;0001  214940-1;01;CAMIONETA VIE 3;2091888;"CP34    ";"CATALANO PATRICIA L-SANITARIOS MRM                ";AV. GAONA 4405;953545;"970            ";970 - MONOCOMANDO COCINA CROMO VERIN;1;1;1;23081332;020926131801562;181317391;;;;07/31/2031 00:00:00;1;13779639;02/09/2026 13:18:01;Maximiliano;Nievas;24362710;02/09/2026 10:50:21;6922;Franco;Potenza;Maximiliano Nievas;Franco Potenza
14132626;02/09/2026 13:18:03;3;2;0001  214940-1;01;CAMIONETA VIE 3;2091888;"CP34    ";"CATALANO PATRICIA L-SANITARIOS MRM                ";AV. GAONA 4405;953474;"933            ";933 - JGO PARED C/EXT CR DIQUE;3;3;3;23081332;020926131801562;181317584;;;;01/07/2032 00:00:00;3;13779639;02/09/2026 13:18:01;Maximiliano;Nievas;24362710;02/09/2026 10:50:21;6922;Franco;Potenza;Maximiliano Nievas;Franco Potenza
14132626;02/09/2026 13:18:03;3;2;0001  214940-1;01;CAMIONETA VIE 3;2091888;"CP34    ";"CATALANO PATRICIA L-SANITARIOS MRM                ";AV. GAONA 4405;953312;"83-133         ";83-133 - DUCHA EXT. C/TRANSF. MONOCOMANDO LUGO;1;1;1;23081332;020926131801562;181318209;;;;07/30/2031 00:00:00;1;13779639;02/09/2026 13:18:01;Maximiliano;Nievas;24362710;02/09/2026 10:50:21;6922;Franco;Potenza;Maximiliano Nievas;Franco Potenza
14132626;02/09/2026 13:18:03;3;2;0001  214940-1;01;CAMIONETA VIE 3;2091888;"CP34    ";"CATALANO PATRICIA L-SANITARIOS MRM                ";AV. GAONA 4405;952912;"70-162         ";70-162 - BIDE CR C.CERAM LINEA ADRA;1;1;1;23081332;020926131801562;181315059;;;;07/29/2031 00:00:00;1;13779639;02/09/2026 13:18:01;Maximiliano;Nievas;24362710;02/09/2026 10:50:21;6922;Franco;Potenza;Maximiliano Nievas;Franco Potenza
14132626;02/09/2026 13:18:03;3;2;0001  214940-1;01;CAMIONETA VIE 3;2091888;"CP34    ";"CATALANO PATRICIA L-SANITARIOS MRM                ";AV. GAONA 4405;952896;"70-133         ";70-133 - BIDE MONOCOMANDO LUGO;1;1;1;23081332;020926131801562;181318608;;;;07/30/2031 00:00:00;1;13779639;02/09/2026 13:18:01;Maximiliano;Nievas;24362710;02/09/2026 10:50:21;6922;Franco;Potenza;Maximiliano Nievas;Franco Potenza
14132626;02/09/2026 13:18:03;3;2;0001  214940-1;01;CAMIONETA VIE 3;2091888;"CP34    ";"CATALANO PATRICIA L-SANITARIOS MRM                ";AV. GAONA 4405;952888;"70-122         ";70-122 - BIDE C.CERAM CR VALENCIA;1;1;1;23081332;020926131801562;181316596;;;;10/26/2031 00:00:00;1;13779639;02/09/2026 13:18:01;Maximiliano;Nievas;24362710;02/09/2026 10:50:21;6922;Franco;Potenza;Maximiliano Nievas;Franco Potenza
14132626;02/09/2026 13:18:03;3;2;0001  214940-1;01;CAMIONETA VIE 3;2091888;"CP34    ";"CATALANO PATRICIA L-SANITARIOS MRM                ";AV. GAONA 4405;952634;"60-162         ";60-162 - LAVATORIO CR C.CERAM LINEA ADRA;1;1;1;23081332;020926131801562;181315259;;;;07/29/2031 00:00:00;1;13779639;02/09/2026 13:18:01;Maximiliano;Nievas;24362710;02/09/2026 10:50:21;6922;Franco;Potenza;Maximiliano Nievas;Franco Potenza
14132626;02/09/2026 13:18:03;3;2;0001  214940-1;01;CAMIONETA VIE 3;2091888;"CP34    ";"CATALANO PATRICIA L-SANITARIOS MRM                ";AV. GAONA 4405;952618;"60-133         ";60-133 - LAVATORIO MONOCOMANDO LUGO;1;1;1;23081332;020926131801562;181318040;;;;07/29/2031 00:00:00;1;13779639;02/09/2026 13:18:01;Maximiliano;Nievas;24362710;02/09/2026 10:50:21;6922;Franco;Potenza;Maximiliano Nievas;Franco Potenza
14132626;02/09/2026 13:18:03;3;2;0001  214940-1;01;CAMIONETA VIE 3;2091888;"CP34    ";"CATALANO PATRICIA L-SANITARIOS MRM                ";AV. GAONA 4405;952610;"60-122         ";60-122 - LAVATORIO C.CERAM CR VALENCIA;1;1;1;23081332;020926131801562;181316734;;;;12/10/2031 00:00:00;1;13779639;02/09/2026 13:18:01;Maximiliano;Nievas;24362710;02/09/2026 10:50:21;6922;Franco;Potenza;Maximiliano Nievas;Franco Potenza
14132626;02/09/2026 13:18:03;3;2;0001  214940-1;01;CAMIONETA VIE 3;2091888;"CP34    ";"CATALANO PATRICIA L-SANITARIOS MRM                ";AV. GAONA 4405;952449;"51-107         ";51-107 - JGO. MESADA CR C.CERAM BEDIA;2;2;2;23081332;020926131801562;181316915;;;;11/10/2031 00:00:00;2;13779639;02/09/2026 13:18:01;Maximiliano;Nievas;24362710;02/09/2026 10:50:21;6922;Franco;Potenza;Maximiliano Nievas;Franco Potenza
14132626;02/09/2026 13:18:03;3;2;0001  214940-1;01;CAMIONETA VIE 3;2091888;"CP34    ";"CATALANO PATRICIA L-SANITARIOS MRM                ";AV. GAONA 4405;951957;"303            ";"303 - BIDET CROMO ""DIQUE""";4;4;4;23081332;020926131801562;181315732;;;;11/25/2031 00:00:00;4;13779639;02/09/2026 13:18:01;Maximiliano;Nievas;24362710;02/09/2026 10:50:21;6922;Franco;Potenza;Maximiliano Nievas;Franco Potenza
14132626;02/09/2026 13:18:03;3;2;0001  214940-1;01;CAMIONETA VIE 3;2091888;"CP34    ";"CATALANO PATRICIA L-SANITARIOS MRM                ";AV. GAONA 4405;951568;"203            ";"203 - LAVATORIO CROMO ""DIQUE""";2;2;2;23081332;020926131801562;181315861;;;;01/11/2032 00:00:00;2;13779639;02/09/2026 13:18:01;Maximiliano;Nievas;24362710;02/09/2026 10:50:21;6922;Franco;Potenza;Maximiliano Nievas;Franco Potenza
14132627;02/09/2026 11:36:24;3;2;0001  214943-1;01;CAMIONETA VIE 3;2091888;"CP34    ";"CATALANO PATRICIA L-SANITARIOS MRM                ";AV. DIAZ VELEZ 986;958169;"RS002          ";RS002 - AIREADOR PLASTICO REPUESTO;4;4;4;23080891;020926113621422;181321222;;;;01/28/2032 00:00:00;4;13776015;02/09/2026 11:36:21;Maximiliano;Nievas;24362177;02/09/2026 10:58:56;7673;Maximo;Batista;Maximiliano Nievas;Maximo Batista
14132627;02/09/2026 11:36:24;3;2;0001  214943-1;01;CAMIONETA VIE 3;2091888;"CP34    ";"CATALANO PATRICIA L-SANITARIOS MRM                ";AV. DIAZ VELEZ 986;957937;"RA967          ";RA967 - CAMPANA VALENCIA - MALLORCA;6;6;6;23080891;020926113621422;181319606;;;;11/30/2031 00:00:00;6;13776015;02/09/2026 11:36:21;Maximiliano;Nievas;24362177;02/09/2026 10:58:56;7673;Maximo;Batista;Maximiliano Nievas;Maximo Batista
14132627;02/09/2026 11:36:24;3;2;0001  214943-1;01;CAMIONETA VIE 3;2091888;"CP34    ";"CATALANO PATRICIA L-SANITARIOS MRM                ";AV. DIAZ VELEZ 986;957921;"RA920N         ";RA920N - VOLANTE BLACK VELVET;6;6;6;23080891;020926113621422;181320860;;;;01/05/2032 00:00:00;6;13776015;02/09/2026 11:36:21;Maximiliano;Nievas;24362177;02/09/2026 10:58:56;7673;Maximo;Batista;Maximiliano Nievas;Maximo Batista
14132627;02/09/2026 11:36:24;3;2;0001  214943-1;01;CAMIONETA VIE 3;2091888;"CP34    ";"CATALANO PATRICIA L-SANITARIOS MRM                ";AV. DIAZ VELEZ 986;957920;"RA920          ";RA920 - VOLANTE VALENCIA;6;6;6;23080891;020926113621422;181319838;;;;01/05/2032 00:00:00;6;13776015;02/09/2026 11:36:21;Maximiliano;Nievas;24362177;02/09/2026 10:58:56;7673;Maximo;Batista;Maximiliano Nievas;Maximo Batista
14132627;02/09/2026 11:36:24;3;2;0001  214943-1;01;CAMIONETA VIE 3;2091888;"CP34    ";"CATALANO PATRICIA L-SANITARIOS MRM                ";AV. DIAZ VELEZ 986;957898;"RA846N         ";RA846N - PICO DUCHA BLACK VELVET;1;1;1;23080891;020926113621422;181317299;;;;08/02/2031 00:00:00;1;13776015;02/09/2026 11:36:21;Maximiliano;Nievas;24362177;02/09/2026 10:58:56;7673;Maximo;Batista;Maximiliano Nievas;Maximo Batista
14132627;02/09/2026 11:36:24;3;2;0001  214943-1;01;CAMIONETA VIE 3;2091888;"CP34    ";"CATALANO PATRICIA L-SANITARIOS MRM                ";AV. DIAZ VELEZ 986;957873;"RA766          ";RA766 - BOLSITA P/CONEXION LAVATORIO BRONCE;3;3;3;23080891;020926113621422;181318498;;;;07/31/2031 00:00:00;3;13776015;02/09/2026 11:36:21;Maximiliano;Nievas;24362177;02/09/2026 10:58:56;7673;Maximo;Batista;Maximiliano Nievas;Maximo Batista
14132627;02/09/2026 11:36:24;3;2;0001  214943-1;01;CAMIONETA VIE 3;2091888;"CP34    ";"CATALANO PATRICIA L-SANITARIOS MRM                ";AV. DIAZ VELEZ 986;957872;"RA765          ";RA765 - BOLSITA P/CONEXION LAVATORIO LINEAS STD COMPLETO;6;6;6;23080891;020926113621422;181318900;;;;07/31/2031 00:00:00;6;13776015;02/09/2026 11:36:21;Maximiliano;Nievas;24362177;02/09/2026 10:58:56;7673;Maximo;Batista;Maximiliano Nievas;Maximo Batista
14132627;02/09/2026 11:36:24;3;2;0001  214943-1;01;CAMIONETA VIE 3;2091888;"CP34    ";"CATALANO PATRICIA L-SANITARIOS MRM                ";AV. DIAZ VELEZ 986;957534;"RA1169         ";RA1169 - CAMPANA BLACK VELVET;6;6;6;23080891;020926113621422;181321410;;;;11/30/2031 00:00:00;6;13776015;02/09/2026 11:36:21;Maximiliano;Nievas;24362177;02/09/2026 10:58:56;7673;Maximo;Batista;Maximiliano Nievas;Maximo Batista
14132627;02/09/2026 11:36:24;3;2;0001  214943-1;01;CAMIONETA VIE 3;2091888;"CP34    ";"CATALANO PATRICIA L-SANITARIOS MRM                ";AV. DIAZ VELEZ 986;953432;"910/M          ";"910/M - JGO.MDA.P.CANO CROMO ""DIQUE""";4;4;4;23080891;020926113621422;181316633;;;;12/21/2031 00:00:00;4;13776015;02/09/2026 11:36:21;Maximiliano;Nievas;24362177;02/09/2026 10:58:56;7673;Maximo;Batista;Maximiliano Nievas;Maximo Batista
14132627;02/09/2026 11:36:24;3;2;0001  214943-1;01;CAMIONETA VIE 3;2091888;"CP34    ";"CATALANO PATRICIA L-SANITARIOS MRM                ";AV. DIAZ VELEZ 986;953316;"83-176         ";83-176 - DUCHA EXT. C/TRANSF. MONOC CR RIO;1;1;1;23080891;020926113621422;181312508;;;;07/28/2031 00:00:00;1;13776015;02/09/2026 11:36:21;Maximiliano;Nievas;24362177;02/09/2026 10:58:56;7673;Maximo;Batista;Maximiliano Nievas;Maximo Batista
14132627;02/09/2026 11:36:24;3;2;0001  214943-1;01;CAMIONETA VIE 3;2091888;"CP34    ";"CATALANO PATRICIA L-SANITARIOS MRM                ";AV. DIAZ VELEZ 986;953136;"80-190P        ";80-190P - DUCHA EMB. C/TRANSF. C.CERAM BLACK VELVET PLUS;1;1;1;23080891;020926113621422;181315968;;;;07/29/2031 00:00:00;1;13776015;02/09/2026 11:36:21;Maximiliano;Nievas;24362177;02/09/2026 10:58:56;7673;Maximo;Batista;Maximiliano Nievas;Maximo Batista
14132627;02/09/2026 11:36:24;3;2;0001  214943-1;01;CAMIONETA VIE 3;2091888;"CP34    ";"CATALANO PATRICIA L-SANITARIOS MRM                ";AV. DIAZ VELEZ 986;953018;"80-001N        ";"80-001N - DUCHA EMB. C/TRANSF. ""CROMO Y""";1;1;1;23080891;020926113621422;181315469;;;;07/31/2031 00:00:00;1;13776015;02/09/2026 11:36:21;Maximiliano;Nievas;24362177;02/09/2026 10:58:56;7673;Maximo;Batista;Maximiliano Nievas;Maximo Batista
14132627;02/09/2026 11:36:24;3;2;0001  214943-1;01;CAMIONETA VIE 3;2091888;"CP34    ";"CATALANO PATRICIA L-SANITARIOS MRM                ";AV. DIAZ VELEZ 986;952936;"70-190         ";70-190 - BIDE C.CERAM BLACK VELVET;1;1;1;23080891;020926113621422;181315818;;;;11/08/2031 00:00:00;1;13776015;02/09/2026 11:36:21;Maximiliano;Nievas;24362177;02/09/2026 10:58:56;7673;Maximo;Batista;Maximiliano Nievas;Maximo Batista
14132627;02/09/2026 11:36:24;3;2;0001  214943-1;01;CAMIONETA VIE 3;2091888;"CP34    ";"CATALANO PATRICIA L-SANITARIOS MRM                ";AV. DIAZ VELEZ 986;952925;"70-176         ";70-176 - BIDE MONOC C/TRANSF CR RIO;1;1;1;23080891;020926113621422;181313191;;;;11/17/2031 00:00:00;1;13776015;02/09/2026 11:36:21;Maximiliano;Nievas;24362177;02/09/2026 10:58:56;7673;Maximo;Batista;Maximiliano Nievas;Maximo Batista
14132627;02/09/2026 11:36:24;3;2;0001  214943-1;01;CAMIONETA VIE 3;2091888;"CP34    ";"CATALANO PATRICIA L-SANITARIOS MRM                ";AV. DIAZ VELEZ 986;952658;"60-190         ";60-190 - LAVATORIO C.CERAM BLACK VELVET;1;1;1;23080891;020926113621422;181316159;;;;08/12/2031 00:00:00;1;13776015;02/09/2026 11:36:21;Maximiliano;Nievas;24362177;02/09/2026 10:58:56;7673;Maximo;Batista;Maximiliano Nievas;Maximo Batista
14132627;02/09/2026 11:36:24;3;2;0001  214943-1;01;CAMIONETA VIE 3;2091888;"CP34    ";"CATALANO PATRICIA L-SANITARIOS MRM                ";AV. DIAZ VELEZ 986;952647;"60-176         ";"LAVATORIO MONOCOMANDO BAJO CR RIO                                     ";1;1;1;23080891;020926113621422;181312805;;;;10/11/2031 00:00:00;1;13776015;02/09/2026 11:36:21;Maximiliano;Nievas;24362177;02/09/2026 10:58:56;7673;Maximo;Batista;Maximiliano Nievas;Maximo Batista
14132627;02/09/2026 11:36:24;3;2;0001  214943-1;01;CAMIONETA VIE 3;2091888;"CP34    ";"CATALANO PATRICIA L-SANITARIOS MRM                ";AV. DIAZ VELEZ 986;952583;"60-058         ";60-058 - LAVATORIO CR C.STD MALBA;8;8;8;23080891;020926113621422;181315038;;;;12/03/2031 00:00:00;8;13776015;02/09/2026 11:36:21;Maximiliano;Nievas;24362177;02/09/2026 10:58:56;7673;Maximo;Batista;Maximiliano Nievas;Maximo Batista
14132627;02/09/2026 11:36:24;3;2;0001  214943-1;01;CAMIONETA VIE 3;2091888;"CP34    ";"CATALANO PATRICIA L-SANITARIOS MRM                ";AV. DIAZ VELEZ 986;952541;"60-001N        ";"60-001N - LAVATORIO ""CROMO Y""";1;1;1;23080891;020926113621422;181315604;;;;07/29/2031 00:00:00;1;13776015;02/09/2026 11:36:21;Maximiliano;Nievas;24362177;02/09/2026 10:58:56;7673;Maximo;Batista;Maximiliano Nievas;Maximo Batista
14132627;02/09/2026 11:36:24;3;2;0001  214943-1;01;CAMIONETA VIE 3;2091888;"CP34    ";"CATALANO PATRICIA L-SANITARIOS MRM                ";AV. DIAZ VELEZ 986;951535;"20-160         ";20-160 - MONOCOMANDO MESADA COCINA DIQUE;4;4;4;23080891;020926113621422;181314116;;;;07/28/2031 00:00:00;4;13776015;02/09/2026 11:36:21;Maximiliano;Nievas;24362177;02/09/2026 10:58:56;7673;Maximo;Batista;Maximiliano Nievas;Maximo Batista
14132628;02/09/2026 11:05:24;3;2;0001  214965-1;01;CAMIONETA VIE 3;2092086;"DE24    ";"DECORMAT S.R.L.                                   ";AV. EVA PERON 8924;951116;"12006          ";"SET DE 6 PIEZAS LINEA 12000                                           ";50;50;50;23080649;020926110523496;181310102;;;;07/30/2031 00:00:00;50;13775786;02/09/2026 11:05:23;Agustin;Scirica;24361978;02/09/2026 10:31:14;7636;Kevin;Arce;Agustin Scirica;Kevin Arce
14132629;02/09/2026 11:01:45;3;2;0001  214966-1;01;CAMIONETA VIE 3;2092086;"DE24    ";"DECORMAT S.R.L.                                   ";AV. EVA PERON 8924;951168;"1340           ";"QUEINOX MACHO MOVIL MH 1/2"" x 40                                      ";100;100;100;23081297;020926110144160;181316194;;;;02/09/2032 00:00:00;100;13775571;02/09/2026 11:01:44;Maximiliano;Nievas;24362660;02/09/2026 10:43:28;7152;Mirko;Hernandez;Maximiliano Nievas;Mirko Hernandez
14132629;02/09/2026 11:01:45;3;2;0001  214966-1;01;CAMIONETA VIE 3;2092086;"DE24    ";"DECORMAT S.R.L.                                   ";AV. EVA PERON 8924;951156;"1330           ";"QUEINOX MACHO MOVIL MH 1/2"" x 30                                      ";100;100;100;23081297;020926110144160;181315631;;;;02/16/2032 00:00:00;100;13775571;02/09/2026 11:01:44;Maximiliano;Nievas;24362660;02/09/2026 10:43:28;7152;Mirko;Hernandez;Maximiliano Nievas;Mirko Hernandez
14132630;02/09/2026 12:16:06;3;2;0001  214971-1;01;CAMIONETA VIE 3;2094454;"SG13    ";"SANITARIOS GAONA S.A.                             ";AV. EVA PERON 2656;954650;"A815           ";"A815 - DUCHA 8"" C/BRAZO Y CAMPANA CR";6;6;6;23080928;020926121605944;181312911;;;;07/28/2031 00:00:00;6;13777841;02/09/2026 12:16:05;Agustin;Scirica;24362250;02/09/2026 10:46:02;7636;Kevin;Arce;Agustin Scirica;Kevin Arce
14132630;02/09/2026 12:16:06;3;2;0001  214971-1;01;CAMIONETA VIE 3;2094454;"SG13    ";"SANITARIOS GAONA S.A.                             ";AV. EVA PERON 2656;954226;"A1448C         ";"A1448C - CAÑO CURVO METALICO C/FLOR DE DUCHA 4"" ABS CR C/BLISTER";6;6;6;23080928;020926121605944;181314695;;;;08/13/2031 00:00:00;6;13777841;02/09/2026 12:16:05;Agustin;Scirica;24362250;02/09/2026 10:46:02;7636;Kevin;Arce;Agustin Scirica;Kevin Arce
14132630;02/09/2026 12:16:06;3;2;0001  214971-1;01;CAMIONETA VIE 3;2094454;"SG13    ";"SANITARIOS GAONA S.A.                             ";AV. EVA PERON 2656;953159;"80-203P        ";80-203P - DUCHA EMB C/TRANSF. MONOCOMANDO ADRA PLUS;2;2;2;23080928;020926121605944;181315661;;;;07/27/2031 00:00:00;2;13777841;02/09/2026 12:16:05;Agustin;Scirica;24362250;02/09/2026 10:46:02;7636;Kevin;Arce;Agustin Scirica;Kevin Arce
14132630;02/09/2026 12:16:06;3;2;0001  214971-1;01;CAMIONETA VIE 3;2094454;"SG13    ";"SANITARIOS GAONA S.A.                             ";AV. EVA PERON 2656;952954;"70-203         ";70-203 - BIDE MONOCOMANDO ADRA;2;2;2;23080928;020926121605944;181315947;;;;07/29/2031 00:00:00;2;13777841;02/09/2026 12:16:05;Agustin;Scirica;24362250;02/09/2026 10:46:02;7636;Kevin;Arce;Agustin Scirica;Kevin Arce
14132630;02/09/2026 12:16:06;3;2;0001  214971-1;01;CAMIONETA VIE 3;2094454;"SG13    ";"SANITARIOS GAONA S.A.                             ";AV. EVA PERON 2656;952677;"60-203         ";60-203 - LAVATORIO MONOCOMANDO BAJO ADRA;4;4;4;23080928;020926121605944;181316605;;;;02/10/2032 00:00:00;4;13777841;02/09/2026 12:16:05;Agustin;Scirica;24362250;02/09/2026 10:46:02;7636;Kevin;Arce;Agustin Scirica;Kevin Arce
14132631;02/09/2026 11:09:00;3;2;0001  214972-1;01;CAMIONETA VIE 3;2094454;"SG13    ";"SANITARIOS GAONA S.A.                             ";AV. EVA PERON 2656;954651;"A816           ";"A816 - DUCHA 6"" C/BRAZO Y CAMPANA CR";1;1;1;23079942;020926110859935;181311731;;;;07/27/2031 00:00:00;1;13775726;02/09/2026 11:08:59;Maximiliano;Nievas;24361405;02/09/2026 10:32:26;7152;Mirko;Hernandez;Maximiliano Nievas;Mirko Hernandez
14132631;02/09/2026 11:09:00;3;2;0001  214972-1;01;CAMIONETA VIE 3;2094454;"SG13    ";"SANITARIOS GAONA S.A.                             ";AV. EVA PERON 2656;954648;"A813           ";A813 - DUCHA C/BRAZO Y CAMPANA CR 3 FUNCIONES;1;1;1;23079942;020926110859935;181311626;;;;07/27/2031 00:00:00;1;13775726;02/09/2026 11:08:59;Maximiliano;Nievas;24361405;02/09/2026 10:32:26;7152;Mirko;Hernandez;Maximiliano Nievas;Mirko Hernandez
14132631;02/09/2026 11:09:00;3;2;0001  214972-1;01;CAMIONETA VIE 3;2094454;"SG13    ";"SANITARIOS GAONA S.A.                             ";AV. EVA PERON 2656;953123;"80-176N        ";80-176N - DUCHA EMB C/TRANSF MONOC BLACK RIO;1;1;1;23079942;020926110859935;181311385;;;;07/27/2031 00:00:00;1;13775726;02/09/2026 11:08:59;Maximiliano;Nievas;24361405;02/09/2026 10:32:26;7152;Mirko;Hernandez;Maximiliano Nievas;Mirko Hernandez
14132631;02/09/2026 11:09:00;3;2;0001  214972-1;01;CAMIONETA VIE 3;2094454;"SG13    ";"SANITARIOS GAONA S.A.                             ";AV. EVA PERON 2656;952712;"61-176         ";61-176 - LAVATORIO MONOC ALTO CR RIO;1;1;1;23079942;020926110859935;181311140;;;;10/09/2031 00:00:00;1;13775726;02/09/2026 11:08:59;Maximiliano;Nievas;24361405;02/09/2026 10:32:26;7152;Mirko;Hernandez;Maximiliano Nievas;Mirko Hernandez
14132631;02/09/2026 11:09:00;3;2;0001  214972-1;01;CAMIONETA VIE 3;2094454;"SG13    ";"SANITARIOS GAONA S.A.                             ";AV. EVA PERON 2656;952648;"60-176N        ";"LAVATORIO MONOCOMANDO BAJO BLACK RIO                                  ";1;1;1;23079942;020926110859935;181311272;;;;07/29/2031 00:00:00;1;13775726;02/09/2026 11:08:59;Maximiliano;Nievas;24361405;02/09/2026 10:32:26;7152;Mirko;Hernandez;Maximiliano Nievas;Mirko Hernandez
14132631;02/09/2026 11:09:00;3;2;0001  214972-1;01;CAMIONETA VIE 3;2094454;"SG13    ";"SANITARIOS GAONA S.A.                             ";AV. EVA PERON 2656;952635;"60-162N        ";60-162N - LAVATORIO BLACK C.CERAM LINEA ADRA;1;1;1;23079942;020926110859935;181306625;;;;11/03/2031 00:00:00;1;13775726;02/09/2026 11:08:59;Maximiliano;Nievas;24361405;02/09/2026 10:32:26;7152;Mirko;Hernandez;Maximiliano Nievas;Mirko Hernandez
14132631;02/09/2026 11:09:00;3;2;0001  214972-1;01;CAMIONETA VIE 3;2094454;"SG13    ";"SANITARIOS GAONA S.A.                             ";AV. EVA PERON 2656;952634;"60-162         ";60-162 - LAVATORIO CR C.CERAM LINEA ADRA;1;1;1;23079942;020926110859935;181305565;;;;07/29/2031 00:00:00;1;13775726;02/09/2026 11:08:59;Maximiliano;Nievas;24361405;02/09/2026 10:32:26;7152;Mirko;Hernandez;Maximiliano Nievas;Mirko Hernandez
14132631;02/09/2026 11:09:00;3;2;0001  214972-1;01;CAMIONETA VIE 3;2094454;"SG13    ";"SANITARIOS GAONA S.A.                             ";AV. EVA PERON 2656;951530;"20-146         ";20-146 - MONOCOMANDO DE COCINA CR LINEA MOVE;1;1;1;23079942;020926110859935;181309268;;;;10/09/2031 00:00:00;1;13775726;02/09/2026 11:08:59;Maximiliano;Nievas;24361405;02/09/2026 10:32:26;7152;Mirko;Hernandez;Maximiliano Nievas;Mirko Hernandez
14132632;02/09/2026 11:02:49;3;2;0001  214994-1;01;CAMIONETA VIE 3;2094713;"T1      ";"TRIPOLI ARNALDO                                   ";ALVAREZ PRADO Y MORENO;954906;"BCH05          ";BCH05 - BACHA DE APOYAR CUADRADA 370x370x130;1;1;1;23081618;020926110248486;181316792;;;;07/27/2031 00:00:00;1;13775703;02/09/2026 11:02:48;Maximiliano;Nievas;24362950;02/09/2026 10:44:53;7152;Mirko;Hernandez;Maximiliano Nievas;Mirko Hernandez
14132633;02/09/2026 13:24:50;3;2;0001  214996-1;01;CAMIONETA VIE 3;2094738;"TC11    ";"TRIPOLI CARLOS L.                                 ";ALVAREZ PRADO E/MENDEZ Y STORN;952661;"60-193         ";60-193 - LAVATORIO MONOCOMANDO BAJO MORA;1;1;1;23080667;020926132450216;181310866;;;;07/28/2031 00:00:00;1;13779793;02/09/2026 13:24:50;Maximiliano;Nievas;24361995;02/09/2026 10:31:36;6922;Franco;Potenza;Maximiliano Nievas;Franco Potenza
14132633;02/09/2026 13:24:50;3;2;0001  214996-1;01;CAMIONETA VIE 3;2094738;"TC11    ";"TRIPOLI CARLOS L.                                 ";ALVAREZ PRADO E/MENDEZ Y STORN;952630;"60-152         ";60-152 - LAVATORIO CR MONOCOMANDO BAJO SORIA;1;1;1;23080667;020926132450216;181311412;;;;07/27/2031 00:00:00;1;13779793;02/09/2026 13:24:50;Maximiliano;Nievas;24361995;02/09/2026 10:31:36;6922;Franco;Potenza;Maximiliano Nievas;Franco Potenza
14132633;02/09/2026 13:24:50;3;2;0001  214996-1;01;CAMIONETA VIE 3;2094738;"TC11    ";"TRIPOLI CARLOS L.                                 ";ALVAREZ PRADO E/MENDEZ Y STORN;952618;"60-133         ";60-133 - LAVATORIO MONOCOMANDO LUGO;24;24;24;23080667;020926132450216;181310117;;;;07/29/2031 00:00:00;24;13779793;02/09/2026 13:24:50;Maximiliano;Nievas;24361995;02/09/2026 10:31:36;6922;Franco;Potenza;Maximiliano Nievas;Franco Potenza
14132634;02/09/2026 10:23:28;3;2;0001  214997-1;01;CAMIONETA VIE 3;2094713;"T1      ";"TRIPOLI ARNALDO                                   ";ALVAREZ PRADO Y MORENO;953312;"83-133         ";83-133 - DUCHA EXT. C/TRANSF. MONOCOMANDO LUGO;12;12;12;23079806;020926102326823;181303950;;;;07/30/2031 00:00:00;12;13774433;02/09/2026 10:23:26;Tiago;Rodriguez;24361263;02/09/2026 10:12:38;7152;Mirko;Hernandez;Tiago Rodriguez;Mirko Hernandez
14132635;02/09/2026 11:57:31;3;2;0008    2889-1;01;CAMIONETA VIE 3;2094738;"TC11    ";"TRIPOLI CARLOS L.                                 ";ALVAREZ PRADO E/MENDEZ Y STORN;953324;"835            ";835 - JGO.MDA. P.FUNDIDO CR MURCIA;1;1;1;23080991;020926115730126;181313554;;;;07/29/2031 00:00:00;1;13777447;02/09/2026 11:57:30;Maximiliano;Nievas;24362284;02/09/2026 10:39:05;6922;Franco;Potenza;Maximiliano Nievas;Franco Potenza
14132635;02/09/2026 11:57:31;3;2;0008    2889-1;01;CAMIONETA VIE 3;2094738;"TC11    ";"TRIPOLI CARLOS L.                                 ";ALVAREZ PRADO E/MENDEZ Y STORN;953060;"80-058         ";80-058 - DUCHA EMB. C/TRANSF. CR C.STD MALBA;4;4;4;23080991;020926115730126;181313930;;;;01/06/2032 00:00:00;4;13777447;02/09/2026 11:57:30;Maximiliano;Nievas;24362284;02/09/2026 10:39:05;6922;Franco;Potenza;Maximiliano Nievas;Franco Potenza
14132635;02/09/2026 11:57:31;3;2;0008    2889-1;01;CAMIONETA VIE 3;2094738;"TC11    ";"TRIPOLI CARLOS L.                                 ";ALVAREZ PRADO E/MENDEZ Y STORN;953055;"80-045         ";80-045 - DUCHA EMB.C/TRANSF CR  C.STD CRUZ;5;5;5;23080991;020926115730126;181312879;;;;01/04/2032 00:00:00;5;13777447;02/09/2026 11:57:30;Maximiliano;Nievas;24362284;02/09/2026 10:39:05;6922;Franco;Potenza;Maximiliano Nievas;Franco Potenza
14132635;02/09/2026 11:57:31;3;2;0008    2889-1;01;CAMIONETA VIE 3;2094738;"TC11    ";"TRIPOLI CARLOS L.                                 ";ALVAREZ PRADO E/MENDEZ Y STORN;952856;"70-045         ";70-045 - BIDE CROMO C.STD CRUZ;3;3;3;23080991;020926115730126;181313088;;;;02/01/2032 00:00:00;3;13777447;02/09/2026 11:57:30;Maximiliano;Nievas;24362284;02/09/2026 10:39:05;6922;Franco;Potenza;Maximiliano Nievas;Franco Potenza
14132635;02/09/2026 11:57:31;3;2;0008    2889-1;01;CAMIONETA VIE 3;2094738;"TC11    ";"TRIPOLI CARLOS L.                                 ";ALVAREZ PRADO E/MENDEZ Y STORN;952577;"60-045         ";60-045 - LAVATORIO CR/CR C.STD CRUZ;5;5;5;23080991;020926115730126;181312446;;;;01/24/2032 00:00:00;5;13777447;02/09/2026 11:57:30;Maximiliano;Nievas;24362284;02/09/2026 10:39:05;6922;Franco;Potenza;Maximiliano Nievas;Franco Potenza
14132635;02/09/2026 11:57:31;3;2;0008    2889-1;01;CAMIONETA VIE 3;2094738;"TC11    ";"TRIPOLI CARLOS L.                                 ";ALVAREZ PRADO E/MENDEZ Y STORN;952438;"51-058         ";51-058 - COCINA MESADA CR C.STD MALBA;2;2;2;23080991;020926115730126;181314279;;;;10/19/2031 00:00:00;2;13777447;02/09/2026 11:57:30;Maximiliano;Nievas;24362284;02/09/2026 10:39:05;6922;Franco;Potenza;Maximiliano Nievas;Franco Potenza
14132636;02/09/2026 11:10:48;3;2;0001  214753-1;01;CAMIONETA VIE 3;2094545;"SM20    ";"SANITARIOS MORENO S.R.L.                          ";AV. VICTORICA 1024;954942;"BID102-1       ";"BIDE 1 AGUJERO BLANCO LINEA LOFT                                      ";7;7;7;23080316;020926111044595;181308723;;;;11/19/2031 00:00:00;7;13775968;02/09/2026 11:10:44;Agustin;Scirica;24361645;02/09/2026 10:26:08;6922;Franco;Potenza;Agustin Scirica;Franco Potenza
14132831;02/09/2026 14:09:38;3;2;0008    2871-1;14;RETIRA;2092690;"GG21    ";"GUIBAUDO GUSTAVO F.-FERRETERIA GUIBAUDO           ";AV. CONSTITUYENTES 830;952452;"51-122         ";51-122 - MESADA BIMANDO CR C.CERAM VALENCIA;5;5;5;23082056;020926140938212;181326136;;;;01/11/2032 00:00:00;5;13780084;02/09/2026 14:09:38;Maximiliano;Nievas;24363365;02/09/2026 11:35:46;6922;Franco;Potenza;Maximiliano Nievas;Franco Potenza
14132831;02/09/2026 14:09:38;3;2;0008    2871-1;14;RETIRA;2092690;"GG21    ";"GUIBAUDO GUSTAVO F.-FERRETERIA GUIBAUDO           ";AV. CONSTITUYENTES 830;952618;"60-133         ";60-133 - LAVATORIO MONOCOMANDO LUGO;5;5;5;23082056;020926140938212;181336678;;;;07/29/2031 00:00:00;5;13780084;02/09/2026 14:09:38;Maximiliano;Nievas;24363365;02/09/2026 11:35:46;6922;Franco;Potenza;Maximiliano Nievas;Franco Potenza
14132831;02/09/2026 14:09:38;3;2;0008    2871-1;14;RETIRA;2092690;"GG21    ";"GUIBAUDO GUSTAVO F.-FERRETERIA GUIBAUDO           ";AV. CONSTITUYENTES 830;952647;"60-176         ";"LAVATORIO MONOCOMANDO BAJO CR RIO                                     ";2;2;2;23082056;020926140938212;181335357;;;;10/11/2031 00:00:00;2;13780084;02/09/2026 14:09:38;Maximiliano;Nievas;24363365;02/09/2026 11:35:46;6922;Franco;Potenza;Maximiliano Nievas;Franco Potenza
14132831;02/09/2026 14:09:38;3;2;0008    2871-1;14;RETIRA;2092690;"GG21    ";"GUIBAUDO GUSTAVO F.-FERRETERIA GUIBAUDO           ";AV. CONSTITUYENTES 830;952648;"60-176N        ";"LAVATORIO MONOCOMANDO BAJO BLACK RIO                                  ";2;2;2;23082056;020926140938212;181334227;;;;07/29/2031 00:00:00;2;13780084;02/09/2026 14:09:38;Maximiliano;Nievas;24363365;02/09/2026 11:35:46;6922;Franco;Potenza;Maximiliano Nievas;Franco Potenza
14132831;02/09/2026 14:09:38;3;2;0008    2871-1;14;RETIRA;2092690;"GG21    ";"GUIBAUDO GUSTAVO F.-FERRETERIA GUIBAUDO           ";AV. CONSTITUYENTES 830;952679;"60-205         ";60-205 - LAVATORIO MONOC BAJO STEEL;5;5;5;23082056;020926140938212;181332967;;;;07/27/2031 00:00:00;5;13780084;02/09/2026 14:09:38;Maximiliano;Nievas;24363365;02/09/2026 11:35:46;6922;Franco;Potenza;Maximiliano Nievas;Franco Potenza
14132831;02/09/2026 14:09:38;3;2;0008    2871-1;14;RETIRA;2092690;"GG21    ";"GUIBAUDO GUSTAVO F.-FERRETERIA GUIBAUDO           ";AV. CONSTITUYENTES 830;952712;"61-176         ";61-176 - LAVATORIO MONOC ALTO CR RIO;2;2;2;23082056;020926140938212;181334483;;;;10/09/2031 00:00:00;2;13780084;02/09/2026 14:09:38;Maximiliano;Nievas;24363365;02/09/2026 11:35:46;6922;Franco;Potenza;Maximiliano Nievas;Franco Potenza
14132831;02/09/2026 14:09:38;3;2;0008    2871-1;14;RETIRA;2092690;"GG21    ";"GUIBAUDO GUSTAVO F.-FERRETERIA GUIBAUDO           ";AV. CONSTITUYENTES 830;952728;"61-205         ";61-205 - LAVATORIO MONOC ALTO STEEL;2;2;2;23082056;020926140938212;181332687;;;;07/28/2031 00:00:00;2;13780084;02/09/2026 14:09:38;Maximiliano;Nievas;24363365;02/09/2026 11:35:46;6922;Franco;Potenza;Maximiliano Nievas;Franco Potenza
14132831;02/09/2026 14:09:38;3;2;0008    2871-1;14;RETIRA;2092690;"GG21    ";"GUIBAUDO GUSTAVO F.-FERRETERIA GUIBAUDO           ";AV. CONSTITUYENTES 830;952913;"70-162N        ";70-162N - BIDE BLACK C.CERAM LINEA ADRA;2;2;2;23082056;020926140938212;181325273;;;;12/08/2031 00:00:00;2;13780084;02/09/2026 14:09:38;Maximiliano;Nievas;24363365;02/09/2026 11:35:46;6922;Franco;Potenza;Maximiliano Nievas;Franco Potenza
14132831;02/09/2026 14:09:38;3;2;0008    2871-1;14;RETIRA;2092690;"GG21    ";"GUIBAUDO GUSTAVO F.-FERRETERIA GUIBAUDO           ";AV. CONSTITUYENTES 830;952925;"70-176         ";70-176 - BIDE MONOC C/TRANSF CR RIO;2;2;2;23082056;020926140938212;181334833;;;;11/17/2031 00:00:00;2;13780084;02/09/2026 14:09:38;Maximiliano;Nievas;24363365;02/09/2026 11:35:46;6922;Franco;Potenza;Maximiliano Nievas;Franco Potenza
14132831;02/09/2026 14:09:38;3;2;0008    2871-1;14;RETIRA;2092690;"GG21    ";"GUIBAUDO GUSTAVO F.-FERRETERIA GUIBAUDO           ";AV. CONSTITUYENTES 830;953432;"910/M          ";"910/M - JGO.MDA.P.CANO CROMO ""DIQUE""";5;5;5;23082056;020926140938212;181324712;;;;12/21/2031 00:00:00;5;13780084;02/09/2026 14:09:38;Maximiliano;Nievas;24363365;02/09/2026 11:35:46;6922;Franco;Potenza;Maximiliano Nievas;Franco Potenza
14132831;02/09/2026 14:09:38;3;2;0008    2871-1;14;RETIRA;2092690;"GG21    ";"GUIBAUDO GUSTAVO F.-FERRETERIA GUIBAUDO           ";AV. CONSTITUYENTES 830;954942;"BID102-1       ";"BIDE 1 AGUJERO BLANCO LINEA LOFT                                      ";12;12;12;23082056;020926140938212;181330520;;;;11/19/2031 00:00:00;12;13780084;02/09/2026 14:09:38;Maximiliano;Nievas;24363365;02/09/2026 11:35:46;6922;Franco;Potenza;Maximiliano Nievas;Franco Potenza
14132831;02/09/2026 14:09:38;3;2;0008    2871-1;14;RETIRA;2092690;"GG21    ";"GUIBAUDO GUSTAVO F.-FERRETERIA GUIBAUDO           ";AV. CONSTITUYENTES 830;957391;"RA002          ";RA002 - CABEZAL DERECHO CIERRE CERAMICO (FRIA);2;2;2;23082056;020926140938212;181337190;;;;02/01/2032 00:00:00;2;13780084;02/09/2026 14:09:38;Maximiliano;Nievas;24363365;02/09/2026 11:35:46;6922;Franco;Potenza;Maximiliano Nievas;Franco Potenza
14132831;02/09/2026 14:09:38;3;2;0008    2871-1;14;RETIRA;2092690;"GG21    ";"GUIBAUDO GUSTAVO F.-FERRETERIA GUIBAUDO           ";AV. CONSTITUYENTES 830;957392;"RA003          ";RA003 - CABEZAL IZQUIERDO CIERRE CERAMICO (CALIENTE);4;4;4;23082056;020926140938212;181337608;;;;09/16/2031 00:00:00;4;13780084;02/09/2026 14:09:38;Maximiliano;Nievas;24363365;02/09/2026 11:35:46;6922;Franco;Potenza;Maximiliano Nievas;Franco Potenza
14132831;02/09/2026 14:09:38;3;2;0008    2871-1;14;RETIRA;2092690;"GG21    ";"GUIBAUDO GUSTAVO F.-FERRETERIA GUIBAUDO           ";AV. CONSTITUYENTES 830;957871;"RA764          ";RA764 - BOLSITA P/CONEXION BIDET LINEAS STD COMPLETO;2;2;2;23082056;020926140938212;181321809;;;;02/01/2032 00:00:00;2;13780084;02/09/2026 14:09:38;Maximiliano;Nievas;24363365;02/09/2026 11:35:46;6922;Franco;Potenza;Maximiliano Nievas;Franco Potenza
14132831;02/09/2026 14:09:38;3;2;0008    2871-1;14;RETIRA;2092690;"GG21    ";"GUIBAUDO GUSTAVO F.-FERRETERIA GUIBAUDO           ";AV. CONSTITUYENTES 830;957872;"RA765          ";RA765 - BOLSITA P/CONEXION LAVATORIO LINEAS STD COMPLETO;2;2;2;23082056;020926140938212;181323650;;;;07/31/2031 00:00:00;2;13780084;02/09/2026 14:09:38;Maximiliano;Nievas;24363365;02/09/2026 11:35:46;6922;Franco;Potenza;Maximiliano Nievas;Franco Potenza
14132831;02/09/2026 14:09:38;3;2;0008    2871-1;14;RETIRA;2092690;"GG21    ";"GUIBAUDO GUSTAVO F.-FERRETERIA GUIBAUDO           ";AV. CONSTITUYENTES 830;957944;"RA980          ";RA980 - 10 CONJ. PROLONGADOR LARGO (TORNILLO+TUBO) VOLANTE;2;2;2;23082056;020926140938212;181322099;;;;10/09/2031 00:00:00;2;13780084;02/09/2026 14:09:38;Maximiliano;Nievas;24363365;02/09/2026 11:35:46;6922;Franco;Potenza;Maximiliano Nievas;Franco Potenza
14132831;02/09/2026 14:09:38;3;2;0008    2871-1;14;RETIRA;2092690;"GG21    ";"GUIBAUDO GUSTAVO F.-FERRETERIA GUIBAUDO           ";AV. CONSTITUYENTES 830;951523;"20-134         ";20-134 - MONOCOMANDO COCINA BETIS;5;5;5;23082056;020926140938212;181327294;;;;08/11/2031 00:00:00;5;13780084;02/09/2026 14:09:38;Maximiliano;Nievas;24363365;02/09/2026 11:35:46;6922;Franco;Potenza;Maximiliano Nievas;Franco Potenza
14132831;02/09/2026 14:09:38;3;2;0008    2871-1;14;RETIRA;2092690;"GG21    ";"GUIBAUDO GUSTAVO F.-FERRETERIA GUIBAUDO           ";AV. CONSTITUYENTES 830;951535;"20-160         ";20-160 - MONOCOMANDO MESADA COCINA DIQUE;8;8;8;23082056;020926140938212;181335963;;;;07/28/2031 00:00:00;8;13780084;02/09/2026 14:09:38;Maximiliano;Nievas;24363365;02/09/2026 11:35:46;6922;Franco;Potenza;Maximiliano Nievas;Franco Potenza
14132831;02/09/2026 14:09:38;3;2;0008    2871-1;14;RETIRA;2092690;"GG21    ";"GUIBAUDO GUSTAVO F.-FERRETERIA GUIBAUDO           ";AV. CONSTITUYENTES 830;951537;"20-162N        ";"MONOCOMANDO COCINA BLACK ADRA                                         ";1;1;1;23082056;020926140938212;181333251;;;;07/28/2031 00:00:00;1;13780084;02/09/2026 14:09:38;Maximiliano;Nievas;24363365;02/09/2026 11:35:46;6922;Franco;Potenza;Maximiliano Nievas;Franco Potenza
14132831;02/09/2026 14:09:38;3;2;0008    2871-1;14;RETIRA;2092690;"GG21    ";"GUIBAUDO GUSTAVO F.-FERRETERIA GUIBAUDO           ";AV. CONSTITUYENTES 830;951568;"203            ";"203 - LAVATORIO CROMO ""DIQUE""";5;5;5;23082056;020926140938212;181324316;;;;01/11/2032 00:00:00;5;13780084;02/09/2026 14:09:38;Maximiliano;Nievas;24363365;02/09/2026 11:35:46;6922;Franco;Potenza;Maximiliano Nievas;Franco Potenza
14132831;02/09/2026 14:09:38;3;2;0008    2871-1;14;RETIRA;2092690;"GG21    ";"GUIBAUDO GUSTAVO F.-FERRETERIA GUIBAUDO           ";AV. CONSTITUYENTES 830;951748;"3006           ";3006 - SET DE 6 PIEZAS LINEA 3000;2;2;2;23082056;020926140938212;181336279;;;;07/29/2031 00:00:00;2;13780084;02/09/2026 14:09:38;Maximiliano;Nievas;24363365;02/09/2026 11:35:46;6922;Franco;Potenza;Maximiliano Nievas;Franco Potenza
14132831;02/09/2026 14:09:38;3;2;0008    2871-1;14;RETIRA;2092690;"GG21    ";"GUIBAUDO GUSTAVO F.-FERRETERIA GUIBAUDO           ";AV. CONSTITUYENTES 830;951794;"3010           ";3010 - TOALLERO BARRAL LINEA 3000;2;2;2;23082056;020926140938212;181331827;;;;07/29/2031 00:00:00;2;13780084;02/09/2026 14:09:38;Maximiliano;Nievas;24363365;02/09/2026 11:35:46;6922;Franco;Potenza;Maximiliano Nievas;Franco Potenza
14132831;02/09/2026 14:09:38;3;2;0008    2871-1;14;RETIRA;2092690;"GG21    ";"GUIBAUDO GUSTAVO F.-FERRETERIA GUIBAUDO           ";AV. CONSTITUYENTES 830;951906;"3020           ";3020 - TOALLERO DE ARO LINEA 3000;2;2;2;23082056;020926140938212;181332005;;;;07/29/2031 00:00:00;2;13780084;02/09/2026 14:09:38;Maximiliano;Nievas;24363365;02/09/2026 11:35:46;6922;Franco;Potenza;Maximiliano Nievas;Franco Potenza
14132831;02/09/2026 14:09:38;3;2;0008    2871-1;14;RETIRA;2092690;"GG21    ";"GUIBAUDO GUSTAVO F.-FERRETERIA GUIBAUDO           ";AV. CONSTITUYENTES 830;951975;"3040           ";3040 - PORTA ROLLO LINEA 3000;2;2;2;23082056;020926140938212;181332147;;;;07/27/2031 00:00:00;2;13780084;02/09/2026 14:09:38;Maximiliano;Nievas;24363365;02/09/2026 11:35:46;6922;Franco;Potenza;Maximiliano Nievas;Franco Potenza
14132831;02/09/2026 14:09:38;3;2;0008    2871-1;14;RETIRA;2092690;"GG21    ";"GUIBAUDO GUSTAVO F.-FERRETERIA GUIBAUDO           ";AV. CONSTITUYENTES 830;952028;"314/CR         ";314/CR - BIDE CROMO ARES;5;5;5;23082056;020926140938212;181326675;;;;01/11/2032 00:00:00;5;13780084;02/09/2026 14:09:38;Maximiliano;Nievas;24363365;02/09/2026 11:35:46;6922;Franco;Potenza;Maximiliano Nievas;Franco Potenza
14132937;02/09/2026 14:19:29;3;2;0001  214767-1;01;CAMIONETA LUN 2;2093717;"OA01    ";"OCHIUZZO ALBINO JUAN - DISTRIMAR                  ";AV. 9 DE JULIO 5164;951545;"20-172         ";20-172 - COCINA MESADA MONOC. COLORS NEGRO;3;3;3;23086317;020926141929191;181355757;;;;07/28/2031 00:00:00;3;13781476;02/09/2026 14:19:29;Maximiliano;Nievas;24367737;02/09/2026 12:23:49;6922;Franco;Potenza;Maximiliano Nievas;Franco Potenza
14132937;02/09/2026 14:19:29;3;2;0001  214767-1;01;CAMIONETA LUN 2;2093717;"OA01    ";"OCHIUZZO ALBINO JUAN - DISTRIMAR                  ";AV. 9 DE JULIO 5164;952426;"51-010         ";51-010 - COCINA MESADA BL/CR LORCA;10;10;10;23086317;020926141929191;181353004;;;;01/03/2032 00:00:00;10;13781476;02/09/2026 14:19:29;Maximiliano;Nievas;24367737;02/09/2026 12:23:49;6922;Franco;Potenza;Maximiliano Nievas;Franco Potenza
14132937;02/09/2026 14:19:29;3;2;0001  214767-1;01;CAMIONETA LUN 2;2093717;"OA01    ";"OCHIUZZO ALBINO JUAN - DISTRIMAR                  ";AV. 9 DE JULIO 5164;952477;"53-010         ";53-010 - COCINA PARED EXT. P.ALTO BL/CR LORCA;5;5;5;23086317;020926141929191;181353442;;;;11/29/2031 00:00:00;5;13781476;02/09/2026 14:19:29;Maximiliano;Nievas;24367737;02/09/2026 12:23:49;6922;Franco;Potenza;Maximiliano Nievas;Franco Potenza
14132937;02/09/2026 14:19:29;3;2;0001  214767-1;01;CAMIONETA LUN 2;2093717;"OA01    ";"OCHIUZZO ALBINO JUAN - DISTRIMAR                  ";AV. 9 DE JULIO 5164;952551;"60-010         ";60-010 - LAVATORIO BL/CR LORCA;10;10;10;23086317;020926141929191;181353864;;;;12/07/2031 00:00:00;10;13781476;02/09/2026 14:19:29;Maximiliano;Nievas;24367737;02/09/2026 12:23:49;6922;Franco;Potenza;Maximiliano Nievas;Franco Potenza
14132937;02/09/2026 14:19:29;3;2;0001  214767-1;01;CAMIONETA LUN 2;2093717;"OA01    ";"OCHIUZZO ALBINO JUAN - DISTRIMAR                  ";AV. 9 DE JULIO 5164;952677;"60-203         ";60-203 - LAVATORIO MONOCOMANDO BAJO ADRA;2;2;2;23086317;020926141929191;181354900;;;;02/10/2032 00:00:00;2;13781476;02/09/2026 14:19:29;Maximiliano;Nievas;24367737;02/09/2026 12:23:49;6922;Franco;Potenza;Maximiliano Nievas;Franco Potenza
14132937;02/09/2026 14:19:29;3;2;0001  214767-1;01;CAMIONETA LUN 2;2093717;"OA01    ";"OCHIUZZO ALBINO JUAN - DISTRIMAR                  ";AV. 9 DE JULIO 5164;953055;"80-045         ";80-045 - DUCHA EMB.C/TRANSF CR  C.STD CRUZ;3;3;3;23086317;020926141929191;181355139;;;;01/04/2032 00:00:00;3;13781476;02/09/2026 14:19:29;Maximiliano;Nievas;24367737;02/09/2026 12:23:49;6922;Franco;Potenza;Maximiliano Nievas;Franco Potenza
14132937;02/09/2026 14:19:29;3;2;0001  214767-1;01;CAMIONETA LUN 2;2093717;"OA01    ";"OCHIUZZO ALBINO JUAN - DISTRIMAR                  ";AV. 9 DE JULIO 5164;953324;"835            ";835 - JGO.MDA. P.FUNDIDO CR MURCIA;5;5;5;23086317;020926141929191;181354481;;;;07/29/2031 00:00:00;5;13781476;02/09/2026 14:19:29;Maximiliano;Nievas;24367737;02/09/2026 12:23:49;6922;Franco;Potenza;Maximiliano Nievas;Franco Potenza
14132938;02/09/2026 11:28:50;3;2;0001  214866-1;01;CAMIONETA LUN 2;2091183;"AS18    ";"ALVEAR SANITARIOS S.R.L.                          ";ALVEAR 2154;951523;"20-134         ";20-134 - MONOCOMANDO COCINA BETIS;1;1;1;23083077;020926112850357;181329060;;;;08/11/2031 00:00:00;1;13776556;02/09/2026 11:28:50;Maximiliano;Nievas;24364437;02/09/2026 11:15:36;7152;Mirko;Hernandez;Maximiliano Nievas;Mirko Hernandez
14132938;02/09/2026 11:28:50;3;2;0001  214866-1;01;CAMIONETA LUN 2;2091183;"AS18    ";"ALVEAR SANITARIOS S.R.L.                          ";ALVEAR 2154;953312;"83-133         ";83-133 - DUCHA EXT. C/TRANSF. MONOCOMANDO LUGO;2;2;2;23083077;020926112850357;181328546;;;;07/30/2031 00:00:00;2;13776556;02/09/2026 11:28:50;Maximiliano;Nievas;24364437;02/09/2026 11:15:36;7152;Mirko;Hernandez;Maximiliano Nievas;Mirko Hernandez
14132939;02/09/2026 12:34:31;3;2;0001  214882-1;01;CAMIONETA LUN 2;2131575;"DF09    ";"DICATARINA F.Y FITSZIMONS M. -KONECTA MERCEDES    ";AV. BENAVIDEZ 3591;952647;"60-176         ";"LAVATORIO MONOCOMANDO BAJO CR RIO                                     ";5;5;5;23084408;020926123431175;181341202;;;;10/11/2031 00:00:00;5;13778463;02/09/2026 12:34:31;Agustin;Scirica;24365821;02/09/2026 11:44:10;6922;Franco;Potenza;Agustin Scirica;Franco Potenza
14132939;02/09/2026 12:34:31;3;2;0001  214882-1;01;CAMIONETA LUN 2;2131575;"DF09    ";"DICATARINA F.Y FITSZIMONS M. -KONECTA MERCEDES    ";AV. BENAVIDEZ 3591;952679;"60-205         ";60-205 - LAVATORIO MONOC BAJO STEEL;5;5;5;23084408;020926123431175;181340711;;;;07/27/2031 00:00:00;5;13778463;02/09/2026 12:34:31;Agustin;Scirica;24365821;02/09/2026 11:44:10;6922;Franco;Potenza;Agustin Scirica;Franco Potenza
14132939;02/09/2026 12:34:31;3;2;0001  214882-1;01;CAMIONETA LUN 2;2131575;"DF09    ";"DICATARINA F.Y FITSZIMONS M. -KONECTA MERCEDES    ";AV. BENAVIDEZ 3591;954902;"BCH02          ";BCH02 - BACHA DE APOYAR CIRCULAR 1 AG. 415x145;10;10;10;23084408;020926123431175;181339851;;;;07/27/2031 00:00:00;10;13778463;02/09/2026 12:34:31;Agustin;Scirica;24365821;02/09/2026 11:44:10;6922;Franco;Potenza;Agustin Scirica;Franco Potenza
14132940;02/09/2026 13:13:56;3;2;0001  214921-1;01;CAMIONETA LUN 2;2092387;"FA20    ";"FALABELLA S.A.                                    ";AV. DE LOS CONSTITUYENTES 515;950975;"10005CR        ";"SET DE 5 PIEZAS LINEA 10000 MINIMALISTA                               ";1;1;1;23085910;020926131355031;181352015;;;;07/29/2031 00:00:00;1;13779297;02/09/2026 13:13:55;Maximiliano;Nievas;24367420;02/09/2026 12:21:08;7152;Mirko;Hernandez;Maximiliano Nievas;Mirko Hernandez
14132940;02/09/2026 13:13:56;3;2;0001  214921-1;01;CAMIONETA LUN 2;2092387;"FA20    ";"FALABELLA S.A.                                    ";AV. DE LOS CONSTITUYENTES 515;951116;"12006          ";"SET DE 6 PIEZAS LINEA 12000                                           ";4;4;4;23085910;020926131355031;181353054;;;;07/30/2031 00:00:00;4;13779297;02/09/2026 13:13:55;Maximiliano;Nievas;24367420;02/09/2026 12:21:08;7152;Mirko;Hernandez;Maximiliano Nievas;Mirko Hernandez
14132940;02/09/2026 13:13:56;3;2;0001  214921-1;01;CAMIONETA LUN 2;2092387;"FA20    ";"FALABELLA S.A.                                    ";AV. DE LOS CONSTITUYENTES 515;951258;"16006          ";16006 - SET 6 PIEZAS ACCESORIOS LINEA 16000;7;7;7;23085910;020926131355031;181351119;;;;07/29/2031 00:00:00;7;13779297;02/09/2026 13:13:55;Maximiliano;Nievas;24367420;02/09/2026 12:21:08;7152;Mirko;Hernandez;Maximiliano Nievas;Mirko Hernandez
14132940;02/09/2026 13:13:56;3;2;0001  214921-1;01;CAMIONETA LUN 2;2092387;"FA20    ";"FALABELLA S.A.                                    ";AV. DE LOS CONSTITUYENTES 515;951259;"16006BL        ";16006BL - SET 6 PIEZAS ACCESORIOS LINEA 16000 BLACK;8;8;8;23085910;020926131355031;181353933;;;;07/27/2031 00:00:00;8;13779297;02/09/2026 13:13:55;Maximiliano;Nievas;24367420;02/09/2026 12:21:08;7152;Mirko;Hernandez;Maximiliano Nievas;Mirko Hernandez
14132940;02/09/2026 13:13:56;3;2;0001  214921-1;01;CAMIONETA LUN 2;2092387;"FA20    ";"FALABELLA S.A.                                    ";AV. DE LOS CONSTITUYENTES 515;951547;"20-174         ";20-174 - COCINA MESADA MONOC. COLORS BLACK;3;3;3;23085910;020926131355031;181354865;;;;07/28/2031 00:00:00;3;13779297;02/09/2026 13:13:55;Maximiliano;Nievas;24367420;02/09/2026 12:21:08;7152;Mirko;Hernandez;Maximiliano Nievas;Mirko Hernandez
14132940;02/09/2026 13:13:56;3;2;0001  214921-1;01;CAMIONETA LUN 2;2092387;"FA20    ";"FALABELLA S.A.                                    ";AV. DE LOS CONSTITUYENTES 515;951748;"3006           ";3006 - SET DE 6 PIEZAS LINEA 3000;2;2;2;23085910;020926131355031;181352673;;;;07/29/2031 00:00:00;2;13779297;02/09/2026 13:13:55;Maximiliano;Nievas;24367420;02/09/2026 12:21:08;7152;Mirko;Hernandez;Maximiliano Nievas;Mirko Hernandez
14132940;02/09/2026 13:13:56;3;2;0001  214921-1;01;CAMIONETA LUN 2;2092387;"FA20    ";"FALABELLA S.A.                                    ";AV. DE LOS CONSTITUYENTES 515;952441;"51-061         ";51-061 - COCINA MESADA CR C.STD PUEBLA;11;11;11;23085910;020926131355031;181350269;;;;07/29/2031 00:00:00;11;13779297;02/09/2026 13:13:55;Maximiliano;Nievas;24367420;02/09/2026 12:21:08;7152;Mirko;Hernandez;Maximiliano Nievas;Mirko Hernandez
14132940;02/09/2026 13:13:56;3;2;0001  214921-1;01;CAMIONETA LUN 2;2092387;"FA20    ";"FALABELLA S.A.                                    ";AV. DE LOS CONSTITUYENTES 515;952452;"51-122         ";51-122 - MESADA BIMANDO CR C.CERAM VALENCIA;3;3;3;23085910;020926131355031;181351836;;;;01/11/2032 00:00:00;3;13779297;02/09/2026 13:13:55;Maximiliano;Nievas;24367420;02/09/2026 12:21:08;7152;Mirko;Hernandez;Maximiliano Nievas;Mirko Hernandez
14132940;02/09/2026 13:13:56;3;2;0001  214921-1;01;CAMIONETA LUN 2;2092387;"FA20    ";"FALABELLA S.A.                                    ";AV. DE LOS CONSTITUYENTES 515;952453;"51-131         ";51-131 - MESADA BIMANDO CR C.CERAM MALLORCA;6;6;6;23085910;020926131355031;181351563;;;;01/11/2032 00:00:00;6;13779297;02/09/2026 13:13:55;Maximiliano;Nievas;24367420;02/09/2026 12:21:08;7152;Mirko;Hernandez;Maximiliano Nievas;Mirko Hernandez
14132940;02/09/2026 13:13:56;3;2;0001  214921-1;01;CAMIONETA LUN 2;2092387;"FA20    ";"FALABELLA S.A.                                    ";AV. DE LOS CONSTITUYENTES 515;953063;"8006           ";8006 - SET DE 6 PIEZAS LINEA 8000;4;4;4;23085910;020926131355031;181353549;;;;07/29/2031 00:00:00;4;13779297;02/09/2026 13:13:55;Maximiliano;Nievas;24367420;02/09/2026 12:21:08;7152;Mirko;Hernandez;Maximiliano Nievas;Mirko Hernandez
14132940;02/09/2026 13:13:56;3;2;0001  214921-1;01;CAMIONETA LUN 2;2092387;"FA20    ";"FALABELLA S.A.                                    ";AV. DE LOS CONSTITUYENTES 515;953474;"933            ";933 - JGO PARED C/EXT CR DIQUE;9;9;9;23085910;020926131355031;181352524;;;;01/07/2032 00:00:00;9;13779297;02/09/2026 13:13:55;Maximiliano;Nievas;24367420;02/09/2026 12:21:08;7152;Mirko;Hernandez;Maximiliano Nievas;Mirko Hernandez
14132941;02/09/2026 13:06:20;3;2;0001  214923-1;01;CAMIONETA LUN 2;2092387;"FA20    ";"FALABELLA S.A.                                    ";AV SAN MARTIN 420;950974;"10005BL        ";"SET DE 5 PIEZAS LINEA 10000 BLACK                                     ";1;1;1;23085896;020926130619367;181355296;;;;07/28/2031 00:00:00;1;13779312;02/09/2026 13:06:19;Tiago;Rodriguez;24364850;02/09/2026 12:44:17;7673;Maximo;Batista;Tiago Rodriguez;Maximo Batista
14132941;02/09/2026 13:06:20;3;2;0001  214923-1;01;CAMIONETA LUN 2;2092387;"FA20    ";"FALABELLA S.A.                                    ";AV SAN MARTIN 420;950975;"10005CR        ";"SET DE 5 PIEZAS LINEA 10000 MINIMALISTA                               ";3;3;3;23085896;020926130619367;181355112;;;;07/29/2031 00:00:00;3;13779312;02/09/2026 13:06:19;Tiago;Rodriguez;24364850;02/09/2026 12:44:17;7673;Maximo;Batista;Tiago Rodriguez;Maximo Batista
14132941;02/09/2026 13:06:20;3;2;0001  214923-1;01;CAMIONETA LUN 2;2092387;"FA20    ";"FALABELLA S.A.                                    ";AV SAN MARTIN 420;951098;"11006          ";"SET DE 6 PIEZAS LINEA 11000                                           ";3;3;3;23085896;020926130619367;181354260;;;;07/29/2031 00:00:00;3;13779312;02/09/2026 13:06:19;Tiago;Rodriguez;24364850;02/09/2026 12:44:17;7673;Maximo;Batista;Tiago Rodriguez;Maximo Batista
14132941;02/09/2026 13:06:20;3;2;0001  214923-1;01;CAMIONETA LUN 2;2092387;"FA20    ";"FALABELLA S.A.                                    ";AV SAN MARTIN 420;951116;"12006          ";"SET DE 6 PIEZAS LINEA 12000                                           ";8;8;8;23085896;020926130619367;181353700;;;;07/30/2031 00:00:00;8;13779312;02/09/2026 13:06:19;Tiago;Rodriguez;24364850;02/09/2026 12:44:17;7673;Maximo;Batista;Tiago Rodriguez;Maximo Batista
14132941;02/09/2026 13:06:20;3;2;0001  214923-1;01;CAMIONETA LUN 2;2092387;"FA20    ";"FALABELLA S.A.                                    ";AV SAN MARTIN 420;951132;"13006          ";"SET DE 6 PIEZAS LINEA 13000                                           ";2;2;2;23085896;020926130619367;181356032;;;;07/28/2031 00:00:00;2;13779312;02/09/2026 13:06:19;Tiago;Rodriguez;24364850;02/09/2026 12:44:17;7673;Maximo;Batista;Tiago Rodriguez;Maximo Batista
14132941;02/09/2026 13:06:20;3;2;0001  214923-1;01;CAMIONETA LUN 2;2092387;"FA20    ";"FALABELLA S.A.                                    ";AV SAN MARTIN 420;951258;"16006          ";16006 - SET 6 PIEZAS ACCESORIOS LINEA 16000;9;9;9;23085896;020926130619367;181356562;;;;07/29/2031 00:00:00;9;13779312;02/09/2026 13:06:19;Tiago;Rodriguez;24364850;02/09/2026 12:44:17;7673;Maximo;Batista;Tiago Rodriguez;Maximo Batista
14132941;02/09/2026 13:06:20;3;2;0001  214923-1;01;CAMIONETA LUN 2;2092387;"FA20    ";"FALABELLA S.A.                                    ";AV SAN MARTIN 420;951259;"16006BL        ";16006BL - SET 6 PIEZAS ACCESORIOS LINEA 16000 BLACK;11;11;11;23085896;020926130619367;181352753;;;;07/27/2031 00:00:00;11;13779312;02/09/2026 13:06:19;Tiago;Rodriguez;24364850;02/09/2026 12:44:17;7673;Maximo;Batista;Tiago Rodriguez;Maximo Batista
14132941;02/09/2026 13:06:20;3;2;0001  214923-1;01;CAMIONETA LUN 2;2092387;"FA20    ";"FALABELLA S.A.                                    ";AV SAN MARTIN 420;951545;"20-172         ";20-172 - COCINA MESADA MONOC. COLORS NEGRO;3;3;3;23085896;020926130619367;181351195;;;;07/28/2031 00:00:00;3;13779312;02/09/2026 13:06:19;Tiago;Rodriguez;24364850;02/09/2026 12:44:17;7673;Maximo;Batista;Tiago Rodriguez;Maximo Batista
14132941;02/09/2026 13:06:20;3;2;0001  214923-1;01;CAMIONETA LUN 2;2092387;"FA20    ";"FALABELLA S.A.                                    ";AV SAN MARTIN 420;951748;"3006           ";3006 - SET DE 6 PIEZAS LINEA 3000;2;2;2;23085896;020926130619367;181353956;;;;07/29/2031 00:00:00;2;13779312;02/09/2026 13:06:19;Tiago;Rodriguez;24364850;02/09/2026 12:44:17;7673;Maximo;Batista;Tiago Rodriguez;Maximo Batista
14132941;02/09/2026 13:06:20;3;2;0001  214923-1;01;CAMIONETA LUN 2;2092387;"FA20    ";"FALABELLA S.A.                                    ";AV SAN MARTIN 420;952441;"51-061         ";51-061 - COCINA MESADA CR C.STD PUEBLA;4;4;4;23085896;020926130619367;181360376;;;;07/29/2031 00:00:00;4;13779312;02/09/2026 13:06:19;Tiago;Rodriguez;24364850;02/09/2026 12:44:17;7673;Maximo;Batista;Tiago Rodriguez;Maximo Batista
14132941;02/09/2026 13:06:20;3;2;0001  214923-1;01;CAMIONETA LUN 2;2092387;"FA20    ";"FALABELLA S.A.                                    ";AV SAN MARTIN 420;952452;"51-122         ";51-122 - MESADA BIMANDO CR C.CERAM VALENCIA;9;9;9;23085896;020926130619367;181358428;;;;01/11/2032 00:00:00;9;13779312;02/09/2026 13:06:19;Tiago;Rodriguez;24364850;02/09/2026 12:44:17;7673;Maximo;Batista;Tiago Rodriguez;Maximo Batista
14132941;02/09/2026 13:06:20;3;2;0001  214923-1;01;CAMIONETA LUN 2;2092387;"FA20    ";"FALABELLA S.A.                                    ";AV SAN MARTIN 420;952456;"51-190         ";51-190 - MESADA BIMANDO C.CERAM BLACK VELVET;6;6;6;23085896;020926130619367;181357580;;;;10/13/2031 00:00:00;6;13779312;02/09/2026 13:06:19;Tiago;Rodriguez;24364850;02/09/2026 12:44:17;7673;Maximo;Batista;Tiago Rodriguez;Maximo Batista
14132941;02/09/2026 13:06:20;3;2;0001  214923-1;01;CAMIONETA LUN 2;2092387;"FA20    ";"FALABELLA S.A.                                    ";AV SAN MARTIN 420;952664;"60-196         ";60-196 - LAVATORIO CR C.CERAM LOOP;10;10;10;23085896;020926130619367;181359185;;;;07/31/2031 00:00:00;10;13779312;02/09/2026 13:06:19;Tiago;Rodriguez;24364850;02/09/2026 12:44:17;7673;Maximo;Batista;Tiago Rodriguez;Maximo Batista
14132941;02/09/2026 13:06:20;3;2;0001  214923-1;01;CAMIONETA LUN 2;2092387;"FA20    ";"FALABELLA S.A.                                    ";AV SAN MARTIN 420;952942;"70-196         ";70-196 - BIDE CR C.CERAM LOOP;4;4;4;23085896;020926130619367;181359597;;;;07/31/2031 00:00:00;4;13779312;02/09/2026 13:06:19;Tiago;Rodriguez;24364850;02/09/2026 12:44:17;7673;Maximo;Batista;Tiago Rodriguez;Maximo Batista
14132941;02/09/2026 13:06:20;3;2;0001  214923-1;01;CAMIONETA LUN 2;2092387;"FA20    ";"FALABELLA S.A.                                    ";AV SAN MARTIN 420;953063;"8006           ";8006 - SET DE 6 PIEZAS LINEA 8000;4;4;4;23085896;020926130619367;181351877;;;;07/29/2031 00:00:00;4;13779312;02/09/2026 13:06:19;Tiago;Rodriguez;24364850;02/09/2026 12:44:17;7673;Maximo;Batista;Tiago Rodriguez;Maximo Batista
14132941;02/09/2026 13:06:20;3;2;0001  214923-1;01;CAMIONETA LUN 2;2092387;"FA20    ";"FALABELLA S.A.                                    ";AV SAN MARTIN 420;953109;"80-166         ";"DUCHA EMB. C/TRANSF. CR C.CERAM ADRA PLUS                             ";12;12;12;23085896;020926130619367;181361582;;;;01/18/2032 00:00:00;12;13779312;02/09/2026 13:06:19;Tiago;Rodriguez;24364850;02/09/2026 12:44:17;7673;Maximo;Batista;Tiago Rodriguez;Maximo Batista
14132942;02/09/2026 12:45:26;3;2;0001  214734-1;01;CAMIONETA LUN 2;2091214;"BA30    ";"BARUGEL AZULAY Y CIA SAIC                         ";MARCOS SASTRE 1751;951314;"18020          ";18020 - TOALLERO DE ARO NIQUEL LINEA BEAT;2;2;2;23084913;020926124526365;181348562;;;;07/29/2031 00:00:00;2;13778738;02/09/2026 12:45:26;Tiago;Rodriguez;24366277;02/09/2026 12:09:16;6922;Franco;Potenza;Tiago Rodriguez;Franco Potenza
14132942;02/09/2026 12:45:26;3;2;0001  214734-1;01;CAMIONETA LUN 2;2091214;"BA30    ";"BARUGEL AZULAY Y CIA SAIC                         ";MARCOS SASTRE 1751;951318;"18040          ";18040 - PORTA ROLLO NIQUEL LINEA BEAT;8;8;8;23084913;020926124526365;181348394;;;;07/28/2031 00:00:00;8;13778738;02/09/2026 12:45:26;Tiago;Rodriguez;24366277;02/09/2026 12:09:16;6922;Franco;Potenza;Tiago Rodriguez;Franco Potenza
14132942;02/09/2026 12:45:26;3;2;0001  214734-1;01;CAMIONETA LUN 2;2091214;"BA30    ";"BARUGEL AZULAY Y CIA SAIC                         ";MARCOS SASTRE 1751;951322;"18060          ";18060 - PORTA VASO Y CEPILLO NIQUEL LINEA BEAT;1;1;1;23084913;020926124526365;181347926;;;;07/27/2031 00:00:00;1;13778738;02/09/2026 12:45:26;Tiago;Rodriguez;24366277;02/09/2026 12:09:16;6922;Franco;Potenza;Tiago Rodriguez;Franco Potenza
14132942;02/09/2026 12:45:26;3;2;0001  214734-1;01;CAMIONETA LUN 2;2091214;"BA30    ";"BARUGEL AZULAY Y CIA SAIC                         ";MARCOS SASTRE 1751;951650;"22004N         ";"SET DE 4 PIEZAS LINEA 22000 BLACK                                     ";1;1;1;23084913;020926124526365;181346073;;;;09/01/2031 00:00:00;1;13778738;02/09/2026 12:45:26;Tiago;Rodriguez;24366277;02/09/2026 12:09:16;6922;Franco;Potenza;Tiago Rodriguez;Franco Potenza
14132942;02/09/2026 12:45:26;3;2;0001  214734-1;01;CAMIONETA LUN 2;2091214;"BA30    ";"BARUGEL AZULAY Y CIA SAIC                         ";MARCOS SASTRE 1751;951760;"3006SS         ";3006SS - SET DE 6 PIEZAS LINEA 3000 SS;2;2;2;23084913;020926124526365;181351228;;;;07/29/2031 00:00:00;2;13778738;02/09/2026 12:45:26;Tiago;Rodriguez;24366277;02/09/2026 12:09:16;6922;Franco;Potenza;Tiago Rodriguez;Franco Potenza
14132942;02/09/2026 12:45:26;3;2;0001  214734-1;01;CAMIONETA LUN 2;2091214;"BA30    ";"BARUGEL AZULAY Y CIA SAIC                         ";MARCOS SASTRE 1751;952674;"60-200N        ";60-200N - LAVATORIO MONOC BAJO BLACK FABRIC;4;4;4;23084913;020926124526365;181350120;;;;07/28/2031 00:00:00;4;13778738;02/09/2026 12:45:26;Tiago;Rodriguez;24366277;02/09/2026 12:09:16;6922;Franco;Potenza;Tiago Rodriguez;Franco Potenza
14132942;02/09/2026 12:45:26;3;2;0001  214734-1;01;CAMIONETA LUN 2;2091214;"BA30    ";"BARUGEL AZULAY Y CIA SAIC                         ";MARCOS SASTRE 1751;952676;"60-201NI       ";60-201NI - LAVATORIO C.CERAM BEAT NICKEL;3;3;3;23084913;020926124526365;181345166;;;;08/20/2031 00:00:00;3;13778738;02/09/2026 12:45:26;Tiago;Rodriguez;24366277;02/09/2026 12:09:16;6922;Franco;Potenza;Tiago Rodriguez;Franco Potenza
14132942;02/09/2026 12:45:26;3;2;0001  214734-1;01;CAMIONETA LUN 2;2091214;"BA30    ";"BARUGEL AZULAY Y CIA SAIC                         ";MARCOS SASTRE 1751;952728;"61-205         ";61-205 - LAVATORIO MONOC ALTO STEEL;2;2;2;23084913;020926124526365;181350566;;;;07/28/2031 00:00:00;2;13778738;02/09/2026 12:45:26;Tiago;Rodriguez;24366277;02/09/2026 12:09:16;6922;Franco;Potenza;Tiago Rodriguez;Franco Potenza
14132942;02/09/2026 12:45:26;3;2;0001  214734-1;01;CAMIONETA LUN 2;2091214;"BA30    ";"BARUGEL AZULAY Y CIA SAIC                         ";MARCOS SASTRE 1751;952951;"70-200N        ";70-200N - BIDE MONOCOMANDO BLACK FABRIC;2;2;2;23084913;020926124526365;181349860;;;;09/06/2031 00:00:00;2;13778738;02/09/2026 12:45:26;Tiago;Rodriguez;24366277;02/09/2026 12:09:16;6922;Franco;Potenza;Tiago Rodriguez;Franco Potenza
14132942;02/09/2026 12:45:26;3;2;0001  214734-1;01;CAMIONETA LUN 2;2091214;"BA30    ";"BARUGEL AZULAY Y CIA SAIC                         ";MARCOS SASTRE 1751;952956;"70-205         ";70-205 - BIDE MONOCOMANDO STEEL;2;2;2;23084913;020926124526365;181350829;;;;11/08/2031 00:00:00;2;13778738;02/09/2026 12:45:26;Tiago;Rodriguez;24366277;02/09/2026 12:09:16;6922;Franco;Potenza;Tiago Rodriguez;Franco Potenza
14132942;02/09/2026 12:45:26;3;2;0001  214734-1;01;CAMIONETA LUN 2;2091214;"BA30    ";"BARUGEL AZULAY Y CIA SAIC                         ";MARCOS SASTRE 1751;953161;"80-205         ";80-205 - DUCHA EMB. C/TRANSF. MONOC STEEL;2;2;2;23084913;020926124526365;181347325;;;;08/11/2031 00:00:00;2;13778738;02/09/2026 12:45:26;Tiago;Rodriguez;24366277;02/09/2026 12:09:16;6922;Franco;Potenza;Tiago Rodriguez;Franco Potenza
14132942;02/09/2026 12:45:26;3;2;0001  214734-1;01;CAMIONETA LUN 2;2091214;"BA30    ";"BARUGEL AZULAY Y CIA SAIC                         ";MARCOS SASTRE 1751;954901;"BCH01          ";BCH01 - BACHA DE APOYAR CIRCULAR 320x145;1;1;1;23084913;020926124526365;181343086;;;;07/28/2031 00:00:00;1;13778738;02/09/2026 12:45:26;Tiago;Rodriguez;24366277;02/09/2026 12:09:16;6922;Franco;Potenza;Tiago Rodriguez;Franco Potenza
14132942;02/09/2026 12:45:26;3;2;0001  214734-1;01;CAMIONETA LUN 2;2091214;"BA30    ";"BARUGEL AZULAY Y CIA SAIC                         ";MARCOS SASTRE 1751;954905;"BCH04/3        ";BCH04/3 - BACHA DE APOYAR CUADRADA 3 AG 420x420x125;1;1;1;23084913;020926124526365;181343436;;;;07/28/2031 00:00:00;1;13778738;02/09/2026 12:45:26;Tiago;Rodriguez;24366277;02/09/2026 12:09:16;6922;Franco;Potenza;Tiago Rodriguez;Franco Potenza
14132942;02/09/2026 12:45:26;3;2;0001  214734-1;01;CAMIONETA LUN 2;2091214;"BA30    ";"BARUGEL AZULAY Y CIA SAIC                         ";MARCOS SASTRE 1751;954912;"BCH11BM        ";BCH11BM - BACHA DE APOYAR REDONDA BLANCO MATE 400x400x125;4;4;4;23084913;020926124526365;181344341;;;;08/17/2031 00:00:00;4;13778738;02/09/2026 12:45:26;Tiago;Rodriguez;24366277;02/09/2026 12:09:16;6922;Franco;Potenza;Tiago Rodriguez;Franco Potenza
14136897;03/09/2026 06:30:43;3;2;0001  213847-2;05;CAMIONETA EXP 4;2094221;"RP07    ";"RIO PLOMO S.A.S                                   ";BELTRAN 346;958150;"RINO103-3      ";"ASIENTO INODORO LINEA URBAN                                           ";3;3;3;23087117;030926063043646;181361332;;;;02/16/2032 00:00:00;3;13789614;03/09/2026 06:30:43;Maximiliano;Nievas;24368630;02/09/2026 12:43:19;6922;Franco;Potenza;Maximiliano Nievas;Franco Potenza
14136899;03/09/2026 11:04:05;3;2;0001  214876-1;05;CAMIONETA EXP 4;2094221;"RP07    ";"RIO PLOMO S.A.S                                   ";BELTRAN 346;954805;"AB-002         ";AB-002 - AGARRADERA ACERO INOX CROMADO 40 CM SAFE;4;4;4;23087520;030926110402744;181363031;;;;08/12/2031 00:00:00;4;13794355;03/09/2026 11:04:02;Tiago;Rodriguez;24369014;02/09/2026 15:29:06;6922;Franco;Potenza;Tiago Rodriguez;Franco Potenza
14136899;03/09/2026 11:04:05;3;2;0001  214876-1;05;CAMIONETA EXP 4;2094221;"RP07    ";"RIO PLOMO S.A.S                                   ";BELTRAN 346;953110;"80-166N        ";80-166N - DUCHA EMB. C/TRANSF. BLACK C.CERAM ADRA PLUS;5;5;5;23114573;030926102215306;181563167;;;;11/25/2031 00:00:00;4;13794372;03/09/2026 10:22:15;Tiago;Rodriguez;;;;;;Tiago Rodriguez;
14136899;03/09/2026 11:04:05;3;2;0001  214876-1;05;CAMIONETA EXP 4;2094221;"RP07    ";"RIO PLOMO S.A.S                                   ";BELTRAN 346;952634;"60-162         ";60-162 - LAVATORIO CR C.CERAM LINEA ADRA;15;15;15;23114617;030926102246861;181563383;;;;07/29/2031 00:00:00;10;13794394;03/09/2026 10:22:46;Tiago;Rodriguez;;;;;;Tiago Rodriguez;
14136899;03/09/2026 11:04:05;3;2;0001  214876-1;05;CAMIONETA EXP 4;2094221;"RP07    ";"RIO PLOMO S.A.S                                   ";BELTRAN 346;952583;"60-058         ";60-058 - LAVATORIO CR C.STD MALBA;10;10;10;23114639;030926102319587;181413717;;;;12/03/2031 00:00:00;10;13794410;03/09/2026 10:23:19;Tiago;Rodriguez;;;;;;Tiago Rodriguez;
14136899;03/09/2026 11:04:05;3;2;0001  214876-1;05;CAMIONETA EXP 4;2094221;"RP07    ";"RIO PLOMO S.A.S                                   ";BELTRAN 346;952913;"70-162N        ";70-162N - BIDE BLACK C.CERAM LINEA ADRA;5;5;5;23114676;030926102406546;181410706;;;;12/08/2031 00:00:00;5;13794441;03/09/2026 10:24:06;Tiago;Rodriguez;;;;;;Tiago Rodriguez;
14136899;03/09/2026 11:04:05;3;2;0001  214876-1;05;CAMIONETA EXP 4;2094221;"RP07    ";"RIO PLOMO S.A.S                                   ";BELTRAN 346;952634;"60-162         ";60-162 - LAVATORIO CR C.CERAM LINEA ADRA;15;15;15;23114676;030926102406546;181418417;;;;07/29/2031 00:00:00;5;13794441;03/09/2026 10:24:06;Tiago;Rodriguez;;;;;;Tiago Rodriguez;
14136899;03/09/2026 11:04:05;3;2;0001  214876-1;05;CAMIONETA EXP 4;2094221;"RP07    ";"RIO PLOMO S.A.S                                   ";BELTRAN 346;952888;"70-122         ";70-122 - BIDE C.CERAM CR VALENCIA;4;4;4;23114740;030926102521871;181410240;;;;10/26/2031 00:00:00;4;13794487;03/09/2026 10:25:21;Tiago;Rodriguez;;;;;;Tiago Rodriguez;
14136899;03/09/2026 11:04:05;3;2;0001  214876-1;05;CAMIONETA EXP 4;2094221;"RP07    ";"RIO PLOMO S.A.S                                   ";BELTRAN 346;952862;"70-058         ";70-058 - BIDE CR C.STD MALBA;1;1;1;23114740;030926102521871;181413092;;;;10/20/2031 00:00:00;1;13794487;03/09/2026 10:25:21;Tiago;Rodriguez;;;;;;Tiago Rodriguez;
14136899;03/09/2026 11:04:05;3;2;0001  214876-1;05;CAMIONETA EXP 4;2094221;"RP07    ";"RIO PLOMO S.A.S                                   ";BELTRAN 346;952677;"60-203         ";60-203 - LAVATORIO MONOCOMANDO BAJO ADRA;1;1;1;23114740;030926102521871;181411494;;;;02/10/2032 00:00:00;1;13794487;03/09/2026 10:25:21;Tiago;Rodriguez;;;;;;Tiago Rodriguez;
14136899;03/09/2026 11:04:05;3;2;0001  214876-1;05;CAMIONETA EXP 4;2094221;"RP07    ";"RIO PLOMO S.A.S                                   ";BELTRAN 346;952635;"60-162N        ";60-162N - LAVATORIO BLACK C.CERAM LINEA ADRA;4;4;4;23114740;030926102521871;181411407;;;;11/03/2031 00:00:00;4;13794487;03/09/2026 10:25:21;Tiago;Rodriguez;;;;;;Tiago Rodriguez;
14136899;03/09/2026 11:04:05;3;2;0001  214876-1;05;CAMIONETA EXP 4;2094221;"RP07    ";"RIO PLOMO S.A.S                                   ";BELTRAN 346;952786;"62-201NI       ";62-201NI - LAVATORIO DE PARED C.CERAM BEAT NICKEL;1;1;1;23114764;030926102607691;181411757;;;;11/02/2031 00:00:00;1;13794514;03/09/2026 10:26:07;Tiago;Rodriguez;;;;;;Tiago Rodriguez;
14136899;03/09/2026 11:04:05;3;2;0001  214876-1;05;CAMIONETA EXP 4;2094221;"RP07    ";"RIO PLOMO S.A.S                                   ";BELTRAN 346;953060;"80-058         ";80-058 - DUCHA EMB. C/TRANSF. CR C.STD MALBA;7;7;7;23114764;030926102607691;181412880;;;;01/06/2032 00:00:00;7;13794514;03/09/2026 10:26:07;Tiago;Rodriguez;;;;;;Tiago Rodriguez;
14136899;03/09/2026 11:04:05;3;2;0001  214876-1;05;CAMIONETA EXP 4;2094221;"RP07    ";"RIO PLOMO S.A.S                                   ";BELTRAN 346;953325;"835/C          ";835/C - JGO.MDA.P.FUND. CR C.CERAM. MURCIA;2;2;2;23114764;030926102607691;181412102;;;;11/24/2031 00:00:00;2;13794514;03/09/2026 10:26:07;Tiago;Rodriguez;;;;;;Tiago Rodriguez;
14136899;03/09/2026 11:04:05;3;2;0001  214876-1;05;CAMIONETA EXP 4;2094221;"RP07    ";"RIO PLOMO S.A.S                                   ";BELTRAN 346;951600;"209            ";209 - LAVATORIO CROMO LAZA;2;2;2;23114807;030926102649352;181409570;;;;01/10/2032 00:00:00;2;13794540;03/09/2026 10:26:49;Tiago;Rodriguez;;;;;;Tiago Rodriguez;
14136899;03/09/2026 11:04:05;3;2;0001  214876-1;05;CAMIONETA EXP 4;2094221;"RP07    ";"RIO PLOMO S.A.S                                   ";BELTRAN 346;952912;"70-162         ";70-162 - BIDE CR C.CERAM LINEA ADRA;7;7;7;23114807;030926102649352;181419466;;;;07/29/2031 00:00:00;7;13794540;03/09/2026 10:26:49;Tiago;Rodriguez;;;;;;Tiago Rodriguez;
14136899;03/09/2026 11:04:05;3;2;0001  214876-1;05;CAMIONETA EXP 4;2094221;"RP07    ";"RIO PLOMO S.A.S                                   ";BELTRAN 346;952876;"70-100NI       ";70-100NI - BIDE NICKEL C.CERAM FABRIC;1;1;1;23114807;030926102649352;181412280;;;;12/01/2031 00:00:00;1;13794540;03/09/2026 10:26:49;Tiago;Rodriguez;;;;;;Tiago Rodriguez;
14136899;03/09/2026 11:04:05;3;2;0001  214876-1;05;CAMIONETA EXP 4;2094221;"RP07    ";"RIO PLOMO S.A.S                                   ";BELTRAN 346;951117;"12006N         ";"SET DE 6 PIEZAS LINEA 12000 BLACK                                     ";3;3;3;23114858;030926102801467;181402598;;;;09/01/2031 00:00:00;3;13794580;03/09/2026 10:28:01;Tiago;Rodriguez;;;;;;Tiago Rodriguez;
14136899;03/09/2026 11:04:05;3;2;0001  214876-1;05;CAMIONETA EXP 4;2094221;"RP07    ";"RIO PLOMO S.A.S                                   ";BELTRAN 346;951132;"13006          ";"SET DE 6 PIEZAS LINEA 13000                                           ";5;5;5;23114858;030926102801467;181403284;;;;07/28/2031 00:00:00;5;13794580;03/09/2026 10:28:01;Tiago;Rodriguez;;;;;;Tiago Rodriguez;
14136899;03/09/2026 11:04:05;3;2;0001  214876-1;05;CAMIONETA EXP 4;2094221;"RP07    ";"RIO PLOMO S.A.S                                   ";BELTRAN 346;951650;"22004N         ";"SET DE 4 PIEZAS LINEA 22000 BLACK                                     ";3;3;3;23114898;030926102833972;181397328;;;;09/01/2031 00:00:00;3;13794601;03/09/2026 10:28:33;Tiago;Rodriguez;;;;;;Tiago Rodriguez;
14136899;03/09/2026 11:04:05;3;2;0001  214876-1;05;CAMIONETA EXP 4;2094221;"RP07    ";"RIO PLOMO S.A.S                                   ";BELTRAN 346;951649;"22004          ";"SET DE 4 PIEZAS LINEA 22000                                           ";3;3;3;23114898;030926102833972;181397499;;;;09/01/2031 00:00:00;3;13794601;03/09/2026 10:28:33;Tiago;Rodriguez;;;;;;Tiago Rodriguez;
14136899;03/09/2026 11:04:05;3;2;0001  214876-1;05;CAMIONETA EXP 4;2094221;"RP07    ";"RIO PLOMO S.A.S                                   ";BELTRAN 346;953152;"80-200C        ";80-200C - DUCHA EMB. MONOC. 3 FUNCIONES CR FABRIC;3;3;3;23114931;030926102913483;181394871;;;;12/14/2031 00:00:00;3;13794623;03/09/2026 10:29:13;Tiago;Rodriguez;;;;;;Tiago Rodriguez;
14136899;03/09/2026 11:04:05;3;2;0001  214876-1;05;CAMIONETA EXP 4;2094221;"RP07    ";"RIO PLOMO S.A.S                                   ";BELTRAN 346;952741;"62-100N        ";62-100N - LAVATORIO DE PARED BLACK C.CERAM FABRIC;1;1;1;23115101;030926103158983;181407029;;;;11/05/2031 00:00:00;1;13794707;03/09/2026 10:31:59;Tiago;Rodriguez;;;;;;Tiago Rodriguez;
14136899;03/09/2026 11:04:05;3;2;0001  214876-1;05;CAMIONETA EXP 4;2094221;"RP07    ";"RIO PLOMO S.A.S                                   ";BELTRAN 346;952894;"70-131         ";70-131 - BIDE C.CERAM CR MALLORCA;8;8;8;23115101;030926103158983;181405655;;;;07/30/2031 00:00:00;8;13794707;03/09/2026 10:31:59;Tiago;Rodriguez;;;;;;Tiago Rodriguez;
14136899;03/09/2026 11:04:05;3;2;0001  214876-1;05;CAMIONETA EXP 4;2094221;"RP07    ";"RIO PLOMO S.A.S                                   ";BELTRAN 346;953476;"934            ";934 - JGO.PARED PICO U C/EXT CRUZ BL/CR ARES;1;1;1;23115101;030926103158983;181403950;;;;07/31/2031 00:00:00;1;13794707;03/09/2026 10:31:59;Tiago;Rodriguez;;;;;;Tiago Rodriguez;
14136899;03/09/2026 11:04:05;3;2;0001  214876-1;05;CAMIONETA EXP 4;2094221;"RP07    ";"RIO PLOMO S.A.S                                   ";BELTRAN 346;953243;"814/CR         ";814/CR - MESADA P.FUNDIDO CR/CR ARES;7;7;7;23115139;030926103245381;181405063;;;;01/13/2032 00:00:00;7;13794737;03/09/2026 10:32:45;Tiago;Rodriguez;;;;;;Tiago Rodriguez;
14136899;03/09/2026 11:04:05;3;2;0001  214876-1;05;CAMIONETA EXP 4;2094221;"RP07    ";"RIO PLOMO S.A.S                                   ";BELTRAN 346;952875;"70-100N        ";70-100N - BIDE BLACK C.CERAM FABRIC;1;1;1;23115139;030926103245381;181407396;;;;07/29/2031 00:00:00;1;13794737;03/09/2026 10:32:45;Tiago;Rodriguez;;;;;;Tiago Rodriguez;
14136899;03/09/2026 11:04:05;3;2;0001  214876-1;05;CAMIONETA EXP 4;2094221;"RP07    ";"RIO PLOMO S.A.S                                   ";BELTRAN 346;952437;"51-057         ";51-057 - COCINA MESADA CR C.STD VERIN PLUS;6;6;6;23115139;030926103245381;181567487;;;;01/27/2032 00:00:00;2;13794737;03/09/2026 10:32:45;Tiago;Rodriguez;;;;;;Tiago Rodriguez;
14136899;03/09/2026 11:04:05;3;2;0001  214876-1;05;CAMIONETA EXP 4;2094221;"RP07    ";"RIO PLOMO S.A.S                                   ";BELTRAN 346;952541;"60-001N        ";"60-001N - LAVATORIO ""CROMO Y""";5;5;5;23115169;030926103327309;181406543;;;;07/29/2031 00:00:00;5;13794755;03/09/2026 10:33:27;Tiago;Rodriguez;;;;;;Tiago Rodriguez;
14136899;03/09/2026 11:04:05;3;2;0001  214876-1;05;CAMIONETA EXP 4;2094221;"RP07    ";"RIO PLOMO S.A.S                                   ";BELTRAN 346;952437;"51-057         ";51-057 - COCINA MESADA CR C.STD VERIN PLUS;6;6;6;23115169;030926103327309;181394327;;;;01/27/2032 00:00:00;4;13794755;03/09/2026 10:33:27;Tiago;Rodriguez;;;;;;Tiago Rodriguez;
14136899;03/09/2026 11:04:05;3;2;0001  214876-1;05;CAMIONETA EXP 4;2094221;"RP07    ";"RIO PLOMO S.A.S                                   ";BELTRAN 346;953306;"83-122         ";83-122 - DUCHA EXT. C/TRANSF. C.CERAM CR VALENCIA;1;1;1;23115169;030926103327309;181416695;;;;01/26/2032 00:00:00;1;13794755;03/09/2026 10:33:27;Tiago;Rodriguez;;;;;;Tiago Rodriguez;
14136899;03/09/2026 11:04:05;3;2;0001  214876-1;05;CAMIONETA EXP 4;2094221;"RP07    ";"RIO PLOMO S.A.S                                   ";BELTRAN 346;951488;"20-102         ";"20-102 - MONOCOMANDO MESADA CROMO ""RENACER""";10;10;10;23115195;030926103403890;181568063;;;;08/20/2031 00:00:00;2;13794777;03/09/2026 10:34:03;Tiago;Rodriguez;;;;;;Tiago Rodriguez;
14136899;03/09/2026 11:04:05;3;2;0001  214876-1;05;CAMIONETA EXP 4;2094221;"RP07    ";"RIO PLOMO S.A.S                                   ";BELTRAN 346;953474;"933            ";933 - JGO PARED C/EXT CR DIQUE;8;8;8;23115195;030926103403890;181393474;;;;01/07/2032 00:00:00;8;13794777;03/09/2026 10:34:03;Tiago;Rodriguez;;;;;;Tiago Rodriguez;
14136899;03/09/2026 11:04:05;3;2;0001  214876-1;05;CAMIONETA EXP 4;2094221;"RP07    ";"RIO PLOMO S.A.S                                   ";BELTRAN 346;953967;"A1250          ";A1250 - COLUMNA DE DUCHA CROMO;2;2;2;23115252;030926103509906;181384550;;;;07/27/2031 00:00:00;2;13794809;03/09/2026 10:35:09;Tiago;Rodriguez;;;;;;Tiago Rodriguez;
14136899;03/09/2026 11:04:05;3;2;0001  214876-1;05;CAMIONETA EXP 4;2094221;"RP07    ";"RIO PLOMO S.A.S                                   ";BELTRAN 346;951113;"12004N         ";"SET DE 4 PIEZAS LINEA 12000 BLACK                                     ";3;3;3;23115252;030926103509906;181389090;;;;09/01/2031 00:00:00;3;13794809;03/09/2026 10:35:09;Tiago;Rodriguez;;;;;;Tiago Rodriguez;
14136899;03/09/2026 11:04:05;3;2;0001  214876-1;05;CAMIONETA EXP 4;2094221;"RP07    ";"RIO PLOMO S.A.S                                   ";BELTRAN 346;951324;"19006          ";19006 - SET DE 6 PIEZAS LINEA 19000;5;5;5;23115283;030926103548862;181568795;;;;07/28/2031 00:00:00;4;13794827;03/09/2026 10:35:48;Tiago;Rodriguez;;;;;;Tiago Rodriguez;
14136899;03/09/2026 11:04:05;3;2;0001  214876-1;05;CAMIONETA EXP 4;2094221;"RP07    ";"RIO PLOMO S.A.S                                   ";BELTRAN 346;953086;"80-131         ";80-131 - DUCHA EMB. C/TRANSF. CR C.CERAM MALLORCA;5;5;5;23115342;030926103654521;181569274;;;;10/25/2031 00:00:00;3;13794862;03/09/2026 10:36:54;Tiago;Rodriguez;;;;;;Tiago Rodriguez;
14136899;03/09/2026 11:04:05;3;2;0001  214876-1;05;CAMIONETA EXP 4;2094221;"RP07    ";"RIO PLOMO S.A.S                                   ";BELTRAN 346;952597;"60-100N        ";60-100N - LAVATORIO BLACK C.CERAM FABRIC;1;1;1;23115342;030926103654521;181407426;;;;12/01/2031 00:00:00;1;13794862;03/09/2026 10:36:54;Tiago;Rodriguez;;;;;;Tiago Rodriguez;
14136899;03/09/2026 11:04:05;3;2;0001  214876-1;05;CAMIONETA EXP 4;2094221;"RP07    ";"RIO PLOMO S.A.S                                   ";BELTRAN 346;951614;"21200          ";21200 - ESQUINERO ORGANIZADOR 19x19x7;4;4;4;23115403;030926103802016;181367063;;;;07/27/2031 00:00:00;4;13794890;03/09/2026 10:38:02;Tiago;Rodriguez;;;;;;Tiago Rodriguez;
14136899;03/09/2026 11:04:05;3;2;0001  214876-1;05;CAMIONETA EXP 4;2094221;"RP07    ";"RIO PLOMO S.A.S                                   ";BELTRAN 346;952650;"60-180         ";60-180 - LAVATORIO MONOCOMANDO BAJO VERA;1;1;1;23115403;030926103802016;181390797;;;;07/28/2031 00:00:00;1;13794890;03/09/2026 10:38:02;Tiago;Rodriguez;;;;;;Tiago Rodriguez;
14136899;03/09/2026 11:04:05;3;2;0001  214876-1;05;CAMIONETA EXP 4;2094221;"RP07    ";"RIO PLOMO S.A.S                                   ";BELTRAN 346;952672;"60-200C        ";60-200C - LAVATORIO MONOC BAJO CR FABRIC;2;2;2;23115403;030926103802016;181367711;;;;07/28/2031 00:00:00;2;13794890;03/09/2026 10:38:02;Tiago;Rodriguez;;;;;;Tiago Rodriguez;
14136899;03/09/2026 11:04:05;3;2;0001  214876-1;05;CAMIONETA EXP 4;2094221;"RP07    ";"RIO PLOMO S.A.S                                   ";BELTRAN 346;952673;"60-200G        ";60-200G - LAVATORIO MONOC BAJO GOLD FABRIC;1;1;1;23115403;030926103802016;181388629;;;;07/28/2031 00:00:00;1;13794890;03/09/2026 10:38:02;Tiago;Rodriguez;;;;;;Tiago Rodriguez;
14136899;03/09/2026 11:04:05;3;2;0001  214876-1;05;CAMIONETA EXP 4;2094221;"RP07    ";"RIO PLOMO S.A.S                                   ";BELTRAN 346;952674;"60-200N        ";60-200N - LAVATORIO MONOC BAJO BLACK FABRIC;1;1;1;23115403;030926103802016;181385749;;;;07/28/2031 00:00:00;1;13794890;03/09/2026 10:38:02;Tiago;Rodriguez;;;;;;Tiago Rodriguez;
14136899;03/09/2026 11:04:05;3;2;0001  214876-1;05;CAMIONETA EXP 4;2094221;"RP07    ";"RIO PLOMO S.A.S                                   ";BELTRAN 346;952949;"70-200C        ";70-200C - BIDE MONOCOMANDO CR FABRIC;1;1;1;23115403;030926103802016;181367545;;;;10/28/2031 00:00:00;1;13794890;03/09/2026 10:38:02;Tiago;Rodriguez;;;;;;Tiago Rodriguez;
14136899;03/09/2026 11:04:05;3;2;0001  214876-1;05;CAMIONETA EXP 4;2094221;"RP07    ";"RIO PLOMO S.A.S                                   ";BELTRAN 346;952950;"70-200G        ";70-200G - BIDE MONOCOMANDO GOLD FABRIC;1;1;1;23115403;030926103802016;181388368;;;;07/27/2031 00:00:00;1;13794890;03/09/2026 10:38:02;Tiago;Rodriguez;;;;;;Tiago Rodriguez;
14136899;03/09/2026 11:04:05;3;2;0001  214876-1;05;CAMIONETA EXP 4;2094221;"RP07    ";"RIO PLOMO S.A.S                                   ";BELTRAN 346;952724;"61-200G        ";61-200G - LAVATORIO MONOC ALTO GOLD FABRIC;1;1;1;23115506;030926103937528;181388708;;;;07/27/2031 00:00:00;1;13794954;03/09/2026 10:39:37;Tiago;Rodriguez;;;;;;Tiago Rodriguez;
14136899;03/09/2026 11:04:05;3;2;0001  214876-1;05;CAMIONETA EXP 4;2094221;"RP07    ";"RIO PLOMO S.A.S                                   ";BELTRAN 346;952723;"61-200C        ";61-200C - LAVATORIO MONOC ALTO CR FABRIC;2;2;2;23115506;030926103937528;181367893;;;;07/27/2031 00:00:00;2;13794954;03/09/2026 10:39:37;Tiago;Rodriguez;;;;;;Tiago Rodriguez;
14136899;03/09/2026 11:04:05;3;2;0001  214876-1;05;CAMIONETA EXP 4;2094221;"RP07    ";"RIO PLOMO S.A.S                                   ";BELTRAN 346;951539;"20-168         ";20-168 - MONOCOMANDO COCINA CR WAVE;2;2;2;23115506;030926103937528;181367210;;;;07/27/2031 00:00:00;2;13794954;03/09/2026 10:39:37;Tiago;Rodriguez;;;;;;Tiago Rodriguez;
14136899;03/09/2026 11:04:05;3;2;0001  214876-1;05;CAMIONETA EXP 4;2094221;"RP07    ";"RIO PLOMO S.A.S                                   ";BELTRAN 346;951305;"17050C         ";17050C - JABONERA  LINEA FABRIC CROMO;2;2;2;23115506;030926103937528;181386204;;;;07/31/2031 00:00:00;2;13794954;03/09/2026 10:39:37;Tiago;Rodriguez;;;;;;Tiago Rodriguez;
14136899;03/09/2026 11:04:05;3;2;0001  214876-1;05;CAMIONETA EXP 4;2094221;"RP07    ";"RIO PLOMO S.A.S                                   ";BELTRAN 346;952326;"454/CR         ";454/CR - DUCHA EXT.S/TRANSF.CR/CR ARES;1;1;1;23115524;030926104002786;181362157;;;;07/29/2031 00:00:00;1;13794969;03/09/2026 10:40:02;Tiago;Rodriguez;;;;;;Tiago Rodriguez;
14136899;03/09/2026 11:04:05;3;2;0001  214876-1;05;CAMIONETA EXP 4;2094221;"RP07    ";"RIO PLOMO S.A.S                                   ";BELTRAN 346;955159;"D439           ";D439 - KIT DE DUCHA MANUAL;3;3;3;23115524;030926104002786;181414151;;;;12/16/2031 00:00:00;3;13794969;03/09/2026 10:40:02;Tiago;Rodriguez;;;;;;Tiago Rodriguez;
14136899;03/09/2026 11:04:05;3;2;0001  214876-1;05;CAMIONETA EXP 4;2094221;"RP07    ";"RIO PLOMO S.A.S                                   ";BELTRAN 346;952598;"60-100NI       ";60-100NI - LAVATORIO NICKEL C.CERAM FABRIC;1;1;1;23115555;030926104048829;181412315;;;;10/08/2031 00:00:00;1;13794997;03/09/2026 10:40:48;Tiago;Rodriguez;;;;;;Tiago Rodriguez;
14136899;03/09/2026 11:04:05;3;2;0001  214876-1;05;CAMIONETA EXP 4;2094221;"RP07    ";"RIO PLOMO S.A.S                                   ";BELTRAN 346;953086;"80-131         ";80-131 - DUCHA EMB. C/TRANSF. CR C.CERAM MALLORCA;5;5;5;23115555;030926104048829;181570842;;;;10/25/2031 00:00:00;1;13794997;03/09/2026 10:40:48;Tiago;Rodriguez;;;;;;Tiago Rodriguez;
14136899;03/09/2026 11:04:05;3;2;0001  214876-1;05;CAMIONETA EXP 4;2094221;"RP07    ";"RIO PLOMO S.A.S                                   ";BELTRAN 346;953091;"80-138         ";80-138 - DUCHA EMB. C/TRANSF. CR C.CERAM VALENCIA PLUS;1;1;1;23115555;030926104048829;181420086;;;;01/14/2032 00:00:00;1;13794997;03/09/2026 10:40:48;Tiago;Rodriguez;;;;;;Tiago Rodriguez;
14136899;03/09/2026 11:04:05;3;2;0001  214876-1;05;CAMIONETA EXP 4;2094221;"RP07    ";"RIO PLOMO S.A.S                                   ";BELTRAN 346;953110;"80-166N        ";80-166N - DUCHA EMB. C/TRANSF. BLACK C.CERAM ADRA PLUS;5;5;5;23115555;030926104048829;181410965;;;;11/25/2031 00:00:00;1;13794997;03/09/2026 10:40:48;Tiago;Rodriguez;;;;;;Tiago Rodriguez;
14136899;03/09/2026 11:04:05;3;2;0001  214876-1;05;CAMIONETA EXP 4;2094221;"RP07    ";"RIO PLOMO S.A.S                                   ";BELTRAN 346;951324;"19006          ";19006 - SET DE 6 PIEZAS LINEA 19000;5;5;5;23115602;030926104129435;181392317;;;;07/28/2031 00:00:00;1;13795019;03/09/2026 10:41:29;Tiago;Rodriguez;;;;;;Tiago Rodriguez;
14136899;03/09/2026 11:04:05;3;2;0001  214876-1;05;CAMIONETA EXP 4;2094221;"RP07    ";"RIO PLOMO S.A.S                                   ";BELTRAN 346;953086;"80-131         ";80-131 - DUCHA EMB. C/TRANSF. CR C.CERAM MALLORCA;5;5;5;23115635;030926104206557;181406031;;;;10/25/2031 00:00:00;1;13795049;03/09/2026 10:42:06;Tiago;Rodriguez;;;;;;Tiago Rodriguez;
14136899;03/09/2026 11:04:05;3;2;0001  214876-1;05;CAMIONETA EXP 4;2094221;"RP07    ";"RIO PLOMO S.A.S                                   ";BELTRAN 346;953073;"80-100NI       ";80-100NI - DUCHA EMB. C/TRANSF. NICKEL C.CERAM FABRIC;1;1;1;23115635;030926104206557;181410300;;;;02/08/2032 00:00:00;1;13795049;03/09/2026 10:42:06;Tiago;Rodriguez;;;;;;Tiago Rodriguez;
14136899;03/09/2026 11:04:05;3;2;0001  214876-1;05;CAMIONETA EXP 4;2094221;"RP07    ";"RIO PLOMO S.A.S                                   ";BELTRAN 346;953071;"80-100G        ";80-100G - DUCHA EMB. C/TRANSF. GOLD C.CERAM FABRIC;1;1;1;23115635;030926104206557;181406886;;;;12/03/2031 00:00:00;1;13795049;03/09/2026 10:42:06;Tiago;Rodriguez;;;;;;Tiago Rodriguez;
14136899;03/09/2026 11:04:05;3;2;0001  214876-1;05;CAMIONETA EXP 4;2094221;"RP07    ";"RIO PLOMO S.A.S                                   ";BELTRAN 346;953063;"8006           ";8006 - SET DE 6 PIEZAS LINEA 8000;10;10;10;23115832;030926104551545;181388147;;;;07/29/2031 00:00:00;10;13795208;03/09/2026 10:45:51;Tiago;Rodriguez;;;;;;Tiago Rodriguez;
14136899;03/09/2026 11:04:05;3;2;0001  214876-1;05;CAMIONETA EXP 4;2094221;"RP07    ";"RIO PLOMO S.A.S                                   ";BELTRAN 346;951748;"3006           ";3006 - SET DE 6 PIEZAS LINEA 3000;10;10;10;23115843;030926104602162;181395993;;;;07/29/2031 00:00:00;10;13795221;03/09/2026 10:46:02;Tiago;Rodriguez;;;;;;Tiago Rodriguez;
14136899;03/09/2026 11:04:05;3;2;0001  214876-1;05;CAMIONETA EXP 4;2094221;"RP07    ";"RIO PLOMO S.A.S                                   ";BELTRAN 346;951488;"20-102         ";"20-102 - MONOCOMANDO MESADA CROMO ""RENACER""";10;10;10;23115851;030926104614093;181401931;;;;08/20/2031 00:00:00;8;13795231;03/09/2026 10:46:14;Tiago;Rodriguez;;;;;;Tiago Rodriguez;
14136899;03/09/2026 11:04:05;3;2;0001  214876-1;05;CAMIONETA EXP 4;2094221;"RP07    ";"RIO PLOMO S.A.S                                   ";BELTRAN 346;954230;"A1452C         ";A1452C - CAÑO DE DUCHA RECTO 150 MM CROMO C/BLISTER;4;4;4;23116025;030926105010599;181366435;;;;07/31/2031 00:00:00;4;13795342;03/09/2026 10:50:10;Tiago;Rodriguez;;;;;;Tiago Rodriguez;
14136899;03/09/2026 11:04:05;3;2;0001  214876-1;05;CAMIONETA EXP 4;2094221;"RP07    ";"RIO PLOMO S.A.S                                   ";BELTRAN 346;951794;"3010           ";3010 - TOALLERO BARRAL LINEA 3000;5;5;5;23116025;030926105010599;181366198;;;;07/29/2031 00:00:00;5;13795342;03/09/2026 10:50:10;Tiago;Rodriguez;;;;;;Tiago Rodriguez;
14136899;03/09/2026 11:04:05;3;2;0001  214876-1;05;CAMIONETA EXP 4;2094221;"RP07    ";"RIO PLOMO S.A.S                                   ";BELTRAN 346;951327;"19030          ";19030 - PERCHA LINEA 19000;6;6;6;23116025;030926105010599;181364494;;;;07/29/2031 00:00:00;6;13795342;03/09/2026 10:50:10;Tiago;Rodriguez;;;;;;Tiago Rodriguez;
14136899;03/09/2026 11:04:05;3;2;0001  214876-1;05;CAMIONETA EXP 4;2094221;"RP07    ";"RIO PLOMO S.A.S                                   ";BELTRAN 346;951326;"19020          ";19020 - TOALLERO DE ARO LINEA 19000;3;3;3;23116025;030926105010599;181364336;;;;07/29/2031 00:00:00;3;13795342;03/09/2026 10:50:10;Tiago;Rodriguez;;;;;;Tiago Rodriguez;
14136899;03/09/2026 11:04:05;3;2;0001  214876-1;05;CAMIONETA EXP 4;2094221;"RP07    ";"RIO PLOMO S.A.S                                   ";BELTRAN 346;951325;"19010          ";19010 - TOALLERO BARRAL LINEA 19000;3;3;3;23116025;030926105010599;181364637;;;;07/30/2031 00:00:00;3;13795342;03/09/2026 10:50:10;Tiago;Rodriguez;;;;;;Tiago Rodriguez;
14136899;03/09/2026 11:04:05;3;2;0001  214876-1;05;CAMIONETA EXP 4;2094221;"RP07    ";"RIO PLOMO S.A.S                                   ";BELTRAN 346;951099;"11010          ";"TOALLERO BARRAL LINEA 11000                                           ";3;3;3;23116025;030926105010599;181365128;;;;07/27/2031 00:00:00;3;13795342;03/09/2026 10:50:10;Tiago;Rodriguez;;;;;;Tiago Rodriguez;
14136899;03/09/2026 11:04:05;3;2;0001  214876-1;05;CAMIONETA EXP 4;2094221;"RP07    ";"RIO PLOMO S.A.S                                   ";BELTRAN 346;951329;"19050          ";19050 - JABONERA LINEA 19000;4;4;4;23116271;030926105440321;181364149;;;;11/10/2031 00:00:00;4;13795498;03/09/2026 10:54:40;Tiago;Rodriguez;;;;;;Tiago Rodriguez;
14136899;03/09/2026 11:04:05;3;2;0001  214876-1;05;CAMIONETA EXP 4;2094221;"RP07    ";"RIO PLOMO S.A.S                                   ";BELTRAN 346;951330;"19060          ";19060 - VASO PORTA CEPILLO LINEA 19000;3;3;3;23116271;030926105440321;181363940;;;;07/30/2031 00:00:00;3;13795498;03/09/2026 10:54:40;Tiago;Rodriguez;;;;;;Tiago Rodriguez;
14136899;03/09/2026 11:04:05;3;2;0001  214876-1;05;CAMIONETA EXP 4;2094221;"RP07    ";"RIO PLOMO S.A.S                                   ";BELTRAN 346;951906;"3020           ";3020 - TOALLERO DE ARO LINEA 3000;2;2;2;23116271;030926105440321;181365693;;;;07/29/2031 00:00:00;2;13795498;03/09/2026 10:54:40;Tiago;Rodriguez;;;;;;Tiago Rodriguez;
14136899;03/09/2026 11:04:05;3;2;0001  214876-1;05;CAMIONETA EXP 4;2094221;"RP07    ";"RIO PLOMO S.A.S                                   ";BELTRAN 346;953183;"8050           ";8050 - JABONERA LINEA 8000;1;1;1;23116271;030926105440321;181366650;;;;07/27/2031 00:00:00;1;13795498;03/09/2026 10:54:40;Tiago;Rodriguez;;;;;;Tiago Rodriguez;
14136899;03/09/2026 11:04:05;3;2;0001  214876-1;05;CAMIONETA EXP 4;2094221;"RP07    ";"RIO PLOMO S.A.S                                   ";BELTRAN 346;954234;"A1452N         ";A1452N - CAÑO DE DUCHA RECTO 150 MM BLACK C/BLISTER;4;4;4;23116271;030926105440321;181363857;;;;07/31/2031 00:00:00;4;13795498;03/09/2026 10:54:40;Tiago;Rodriguez;;;;;;Tiago Rodriguez;
14136899;03/09/2026 11:04:05;3;2;0001  214876-1;05;CAMIONETA EXP 4;2094221;"RP07    ";"RIO PLOMO S.A.S                                   ";BELTRAN 346;951651;"22006          ";"SET DE 6 PIEZAS LINEA 22000                                           ";3;3;3;23116455;030926105747342;181399109;;;;09/01/2031 00:00:00;3;13795604;03/09/2026 10:57:47;Tiago;Rodriguez;;;;;;Tiago Rodriguez;
14136899;03/09/2026 11:04:05;3;2;0001  214876-1;05;CAMIONETA EXP 4;2094221;"RP07    ";"RIO PLOMO S.A.S                                   ";BELTRAN 346;951652;"22006N         ";"SET DE 6 PIEZAS LINEA 22000 BLACK                                     ";3;3;3;23116455;030926105747342;181399156;;;;09/01/2031 00:00:00;3;13795604;03/09/2026 10:57:47;Tiago;Rodriguez;;;;;;Tiago Rodriguez;
14136899;03/09/2026 11:04:05;3;2;0001  214876-1;05;CAMIONETA EXP 4;2094221;"RP07    ";"RIO PLOMO S.A.S                                   ";BELTRAN 346;951961;"3030           ";3030 - PERCHA LINEA 3000;5;5;5;23116455;030926105747342;181365505;;;;08/27/2031 00:00:00;5;13795604;03/09/2026 10:57:47;Tiago;Rodriguez;;;;;;Tiago Rodriguez;
14136899;03/09/2026 11:04:05;3;2;0001  214876-1;05;CAMIONETA EXP 4;2094221;"RP07    ";"RIO PLOMO S.A.S                                   ";BELTRAN 346;951975;"3040           ";3040 - PORTA ROLLO LINEA 3000;3;3;3;23116455;030926105747342;181365356;;;;07/27/2031 00:00:00;3;13795604;03/09/2026 10:57:47;Tiago;Rodriguez;;;;;;Tiago Rodriguez;
14136899;03/09/2026 11:04:05;3;2;0001  214876-1;05;CAMIONETA EXP 4;2094221;"RP07    ";"RIO PLOMO S.A.S                                   ";BELTRAN 346;953182;"8040           ";8040 - PORTA ROLLO LINEA 8000;2;2;2;23116455;030926105747342;181366559;;;;08/27/2031 00:00:00;2;13795604;03/09/2026 10:57:47;Tiago;Rodriguez;;;;;;Tiago Rodriguez;
14136899;03/09/2026 11:04:05;3;2;0001  214876-1;05;CAMIONETA EXP 4;2094221;"RP07    ";"RIO PLOMO S.A.S                                   ";BELTRAN 346;957856;"RA727C         ";RA727C - CONJUNTO BUJE Y AIREADOR CROMO;10;10;10;23116757;030926110312005;181424679;;;;09/16/2031 00:00:00;10;13795766;03/09/2026 11:03:12;Tiago;Rodriguez;;;;;;Tiago Rodriguez;
14136899;03/09/2026 11:04:05;3;2;0001  214876-1;05;CAMIONETA EXP 4;2094221;"RP07    ";"RIO PLOMO S.A.S                                   ";BELTRAN 346;957766;"RA1472         ";RA1472 - AIREADOR  LAV MONOC ALTO Y BAJO FABRIC M24x1;10;10;10;23116757;030926110312005;181428121;;;;08/18/2031 00:00:00;10;13795766;03/09/2026 11:03:12;Tiago;Rodriguez;;;;;;Tiago Rodriguez;
14136899;03/09/2026 11:04:05;3;2;0001  214876-1;05;CAMIONETA EXP 4;2094221;"RP07    ";"RIO PLOMO S.A.S                                   ";BELTRAN 346;957763;"RA1469N        ";RA1469N - AIREADOR 2 FUNCIONES M22x1 BLACK;10;10;10;23116757;030926110312005;181425604;;;;08/02/2031 00:00:00;10;13795766;03/09/2026 11:03:12;Tiago;Rodriguez;;;;;;Tiago Rodriguez;
14136899;03/09/2026 11:04:05;3;2;0001  214876-1;05;CAMIONETA EXP 4;2094221;"RP07    ";"RIO PLOMO S.A.S                                   ";BELTRAN 346;957762;"RA1469C        ";RA1469C - AIREADOR 2 FUNCIONES M22x1 CROMO;10;10;10;23116757;030926110312005;181427331;;;;08/18/2031 00:00:00;10;13795766;03/09/2026 11:03:12;Tiago;Rodriguez;;;;;;Tiago Rodriguez;
14136899;03/09/2026 11:04:05;3;2;0001  214876-1;05;CAMIONETA EXP 4;2094221;"RP07    ";"RIO PLOMO S.A.S                                   ";BELTRAN 346;957654;"RA1322         ";RA1322 - LATERAL LAV / BIDE C.CERAM DERECHO;3;3;3;23116757;030926110312005;181421170;;;;08/02/2031 00:00:00;3;13795766;03/09/2026 11:03:12;Tiago;Rodriguez;;;;;;Tiago Rodriguez;
14136899;03/09/2026 11:04:05;3;2;0001  214876-1;05;CAMIONETA EXP 4;2094221;"RP07    ";"RIO PLOMO S.A.S                                   ";BELTRAN 346;957532;"RA1167         ";"RA1167 - BUJE AIREADOR COMPLETO P/PICO CAÑO ""J"", ""U"" y ""S""";10;10;10;23116757;030926110312005;181421570;;;;11/16/2031 00:00:00;10;13795766;03/09/2026 11:03:12;Tiago;Rodriguez;;;;;;Tiago Rodriguez;
14136899;03/09/2026 11:04:05;3;2;0001  214876-1;05;CAMIONETA EXP 4;2094221;"RP07    ";"RIO PLOMO S.A.S                                   ";BELTRAN 346;957482;"RA1089         ";RA1089 - AIREADOR P/LAVATORIO (ALTO/BAJO) SORIA;10;10;10;23116757;030926110312005;181425974;;;;08/02/2031 00:00:00;10;13795766;03/09/2026 11:03:12;Tiago;Rodriguez;;;;;;Tiago Rodriguez;
14136899;03/09/2026 11:04:05;3;2;0001  214876-1;05;CAMIONETA EXP 4;2094221;"RP07    ";"RIO PLOMO S.A.S                                   ";BELTRAN 346;957462;"RA1062         ";RA1062 - AIREADOR PICO LAV/BAÑERA TERUEL M18.5 x 1mm;10;10;10;23116757;030926110312005;181430109;;;;11/22/2031 00:00:00;10;13795766;03/09/2026 11:03:12;Tiago;Rodriguez;;;;;;Tiago Rodriguez;
14136899;03/09/2026 11:04:05;3;2;0001  214876-1;05;CAMIONETA EXP 4;2094221;"RP07    ";"RIO PLOMO S.A.S                                   ";BELTRAN 346;954804;"AB-001         ";AB-001 - AGARRADERA ACERO INOX CROMADO 30 CM SAFE;5;5;5;23116757;030926110312005;181363496;;;;07/28/2031 00:00:00;5;13795766;03/09/2026 11:03:12;Tiago;Rodriguez;;;;;;Tiago Rodriguez;
14136899;03/09/2026 11:04:05;3;2;0001  214876-1;05;CAMIONETA EXP 4;2094221;"RP07    ";"RIO PLOMO S.A.S                                   ";BELTRAN 346;958169;"RS002          ";RS002 - AIREADOR PLASTICO REPUESTO;10;10;10;23116757;030926110312005;181425223;;;;01/28/2032 00:00:00;10;13795766;03/09/2026 11:03:12;Tiago;Rodriguez;;;;;;Tiago Rodriguez;
14136984;03/09/2026 06:55:21;3;2;0001  214838-1;05;CAMIONETA EXP 4;2093705;"NP01    ";"NATALI PLASTICOS S.R.L.                           ";ALVEAR 1475;954901;"BCH01          ";BCH01 - BACHA DE APOYAR CIRCULAR 320x145;10;10;10;23087140;030926065520806;181362561;;;;07/28/2031 00:00:00;1;13785431;03/09/2026 06:55:20;Agustin;Scirica;24368657;02/09/2026 14:30:02;7152;Mirko;Hernandez;Agustin Scirica;Mirko Hernandez
14136984;03/09/2026 06:55:21;3;2;0001  214838-1;05;CAMIONETA EXP 4;2093705;"NP01    ";"NATALI PLASTICOS S.R.L.                           ";ALVEAR 1475;950974;"10005BL        ";"SET DE 5 PIEZAS LINEA 10000 BLACK                                     ";5;5;5;23098626;020926160627327;181365905;;;;07/28/2031 00:00:00;5;13785470;02/09/2026 16:06:27;Agustin;Scirica;;;;;;Agustin Scirica;
14136984;03/09/2026 06:55:21;3;2;0001  214838-1;05;CAMIONETA EXP 4;2093705;"NP01    ";"NATALI PLASTICOS S.R.L.                           ";ALVEAR 1475;951114;"12005          ";"SET DE 5 PIEZAS LINEA 12000                                           ";5;5;5;23098657;020926160702555;181365292;;;;07/30/2031 00:00:00;5;13785484;02/09/2026 16:07:02;Agustin;Scirica;;;;;;Agustin Scirica;
14136984;03/09/2026 06:55:21;3;2;0001  214838-1;05;CAMIONETA EXP 4;2093705;"NP01    ";"NATALI PLASTICOS S.R.L.                           ";ALVEAR 1475;951116;"12006          ";"SET DE 6 PIEZAS LINEA 12000                                           ";5;5;5;23098685;020926160737496;181364480;;;;07/30/2031 00:00:00;5;13785508;02/09/2026 16:07:37;Agustin;Scirica;;;;;;Agustin Scirica;
14136984;03/09/2026 06:55:21;3;2;0001  214838-1;05;CAMIONETA EXP 4;2093705;"NP01    ";"NATALI PLASTICOS S.R.L.                           ";ALVEAR 1475;951132;"13006          ";"SET DE 6 PIEZAS LINEA 13000                                           ";3;3;3;23098705;020926160821679;181363628;;;;07/28/2031 00:00:00;3;13785530;02/09/2026 16:08:21;Agustin;Scirica;;;;;;Agustin Scirica;
14136984;03/09/2026 06:55:21;3;2;0001  214838-1;05;CAMIONETA EXP 4;2093705;"NP01    ";"NATALI PLASTICOS S.R.L.                           ";ALVEAR 1475;950978;"10006CR        ";"SET DE 6 PIEZAS LINEA 10000 MINIMALISTA                               ";2;2;2;23098705;020926160821679;181364055;;;;07/28/2031 00:00:00;2;13785530;02/09/2026 16:08:21;Agustin;Scirica;;;;;;Agustin Scirica;
14136984;03/09/2026 06:55:21;3;2;0001  214838-1;05;CAMIONETA EXP 4;2093705;"NP01    ";"NATALI PLASTICOS S.R.L.                           ";ALVEAR 1475;951620;"214/CR         ";214/CR - LAVATORIO CR/CR ARES;20;20;20;23098823;020926161056036;181448499;;;;01/11/2032 00:00:00;10;13785600;02/09/2026 16:10:56;Agustin;Scirica;;;;;;Agustin Scirica;
14136984;03/09/2026 06:55:21;3;2;0001  214838-1;05;CAMIONETA EXP 4;2093705;"NP01    ";"NATALI PLASTICOS S.R.L.                           ";ALVEAR 1475;951620;"214/CR         ";214/CR - LAVATORIO CR/CR ARES;20;20;20;23098901;020926161259793;181391190;;;;01/11/2032 00:00:00;10;13785675;02/09/2026 16:12:59;Agustin;Scirica;;;;;;Agustin Scirica;
14136984;03/09/2026 06:55:21;3;2;0001  214838-1;05;CAMIONETA EXP 4;2093705;"NP01    ";"NATALI PLASTICOS S.R.L.                           ";ALVEAR 1475;952292;"434/CR         ";434/CR - DUCHA EMB.C/TRANSF CR ARES;12;12;12;23098979;020926161435734;181449973;;;;01/12/2032 00:00:00;10;13785720;02/09/2026 16:14:35;Agustin;Scirica;;;;;;Agustin Scirica;
14136984;03/09/2026 06:55:21;3;2;0001  214838-1;05;CAMIONETA EXP 4;2093705;"NP01    ";"NATALI PLASTICOS S.R.L.                           ";ALVEAR 1475;952281;"429            ";"429 - DUCHA EMB.C/TRANSF.CR ""LAZA""";40;40;40;23098997;020926161505962;181450185;;;;01/12/2032 00:00:00;10;13785732;02/09/2026 16:15:05;Agustin;Scirica;;;;;;Agustin Scirica;
14136984;03/09/2026 06:55:21;3;2;0001  214838-1;05;CAMIONETA EXP 4;2093705;"NP01    ";"NATALI PLASTICOS S.R.L.                           ";ALVEAR 1475;952281;"429            ";"429 - DUCHA EMB.C/TRANSF.CR ""LAZA""";40;40;40;23099022;020926161532987;181450351;;;;01/12/2032 00:00:00;10;13785743;02/09/2026 16:15:32;Agustin;Scirica;;;;;;Agustin Scirica;
14136984;03/09/2026 06:55:21;3;2;0001  214838-1;05;CAMIONETA EXP 4;2093705;"NP01    ";"NATALI PLASTICOS S.R.L.                           ";ALVEAR 1475;952281;"429            ";"429 - DUCHA EMB.C/TRANSF.CR ""LAZA""";40;40;40;23099048;020926161610640;181450629;;;;01/12/2032 00:00:00;10;13785765;02/09/2026 16:16:10;Agustin;Scirica;;;;;;Agustin Scirica;
14136984;03/09/2026 06:55:21;3;2;0001  214838-1;05;CAMIONETA EXP 4;2093705;"NP01    ";"NATALI PLASTICOS S.R.L.                           ";ALVEAR 1475;952281;"429            ";"429 - DUCHA EMB.C/TRANSF.CR ""LAZA""";40;40;40;23099059;020926161641338;181450831;;;;01/12/2032 00:00:00;8;13785778;02/09/2026 16:16:41;Agustin;Scirica;;;;;;Agustin Scirica;
14136984;03/09/2026 06:55:21;3;2;0001  214838-1;05;CAMIONETA EXP 4;2093705;"NP01    ";"NATALI PLASTICOS S.R.L.                           ";ALVEAR 1475;951618;"214            ";214 - LAVATORIO CRUZ BL/CR ARES;2;2;2;23099059;020926161641338;181392232;;;;07/31/2031 00:00:00;2;13785778;02/09/2026 16:16:41;Agustin;Scirica;;;;;;Agustin Scirica;
14136984;03/09/2026 06:55:21;3;2;0001  214838-1;05;CAMIONETA EXP 4;2093705;"NP01    ";"NATALI PLASTICOS S.R.L.                           ";ALVEAR 1475;952244;"409            ";"409 - DUCHA EXT.C/TRANSF.CR ""LAZA""";20;20;20;23099084;020926161718023;181451076;;;;08/25/2031 00:00:00;10;13785787;02/09/2026 16:17:18;Agustin;Scirica;;;;;;Agustin Scirica;
14136984;03/09/2026 06:55:21;3;2;0001  214838-1;05;CAMIONETA EXP 4;2093705;"NP01    ";"NATALI PLASTICOS S.R.L.                           ";ALVEAR 1475;952244;"409            ";"409 - DUCHA EXT.C/TRANSF.CR ""LAZA""";20;20;20;23099108;020926161749746;181384421;;;;08/25/2031 00:00:00;10;13785803;02/09/2026 16:17:49;Agustin;Scirica;;;;;;Agustin Scirica;
14136984;03/09/2026 06:55:21;3;2;0001  214838-1;05;CAMIONETA EXP 4;2093705;"NP01    ";"NATALI PLASTICOS S.R.L.                           ";ALVEAR 1475;951996;"309            ";"309 - BIDE CROMO ""LAZA""";50;50;50;23099178;020926161921129;181451812;;;;01/11/2032 00:00:00;10;13785844;02/09/2026 16:19:21;Agustin;Scirica;;;;;;Agustin Scirica;
14136984;03/09/2026 06:55:21;3;2;0001  214838-1;05;CAMIONETA EXP 4;2093705;"NP01    ";"NATALI PLASTICOS S.R.L.                           ";ALVEAR 1475;951996;"309            ";"309 - BIDE CROMO ""LAZA""";50;50;50;23099210;020926161957944;181452057;;;;01/11/2032 00:00:00;10;13785858;02/09/2026 16:19:57;Agustin;Scirica;;;;;;Agustin Scirica;
14136984;03/09/2026 06:55:21;3;2;0001  214838-1;05;CAMIONETA EXP 4;2093705;"NP01    ";"NATALI PLASTICOS S.R.L.                           ";ALVEAR 1475;951996;"309            ";"309 - BIDE CROMO ""LAZA""";50;50;50;23099296;020926162103771;181452475;;;;01/11/2032 00:00:00;10;13785886;02/09/2026 16:21:03;Agustin;Scirica;;;;;;Agustin Scirica;
14136984;03/09/2026 06:55:21;3;2;0001  214838-1;05;CAMIONETA EXP 4;2093705;"NP01    ";"NATALI PLASTICOS S.R.L.                           ";ALVEAR 1475;951996;"309            ";"309 - BIDE CROMO ""LAZA""";50;50;50;23099328;020926162132083;181452662;;;;01/11/2032 00:00:00;10;13785896;02/09/2026 16:21:32;Agustin;Scirica;;;;;;Agustin Scirica;
14136984;03/09/2026 06:55:21;3;2;0001  214838-1;05;CAMIONETA EXP 4;2093705;"NP01    ";"NATALI PLASTICOS S.R.L.                           ";ALVEAR 1475;951996;"309            ";"309 - BIDE CROMO ""LAZA""";50;50;50;23099375;020926162214695;181382798;;;;01/11/2032 00:00:00;10;13785913;02/09/2026 16:22:14;Agustin;Scirica;;;;;;Agustin Scirica;
14136984;03/09/2026 06:55:21;3;2;0001  214838-1;05;CAMIONETA EXP 4;2093705;"NP01    ";"NATALI PLASTICOS S.R.L.                           ";ALVEAR 1475;951600;"209            ";209 - LAVATORIO CROMO LAZA;60;60;60;23099393;020926162226999;181453070;;;;01/10/2032 00:00:00;10;13785919;02/09/2026 16:22:27;Agustin;Scirica;;;;;;Agustin Scirica;
14136984;03/09/2026 06:55:21;3;2;0001  214838-1;05;CAMIONETA EXP 4;2093705;"NP01    ";"NATALI PLASTICOS S.R.L.                           ";ALVEAR 1475;951600;"209            ";209 - LAVATORIO CROMO LAZA;60;60;60;23099415;020926162254102;181453242;;;;01/10/2032 00:00:00;10;13785934;02/09/2026 16:22:54;Agustin;Scirica;;;;;;Agustin Scirica;
14136984;03/09/2026 06:55:21;3;2;0001  214838-1;05;CAMIONETA EXP 4;2093705;"NP01    ";"NATALI PLASTICOS S.R.L.                           ";ALVEAR 1475;951600;"209            ";209 - LAVATORIO CROMO LAZA;60;60;60;23099440;020926162322633;181453422;;;;01/10/2032 00:00:00;10;13785951;02/09/2026 16:23:22;Agustin;Scirica;;;;;;Agustin Scirica;
14136984;03/09/2026 06:55:21;3;2;0001  214838-1;05;CAMIONETA EXP 4;2093705;"NP01    ";"NATALI PLASTICOS S.R.L.                           ";ALVEAR 1475;951600;"209            ";209 - LAVATORIO CROMO LAZA;60;60;60;23099468;020926162403122;181453662;;;;01/10/2032 00:00:00;10;13785968;02/09/2026 16:24:03;Agustin;Scirica;;;;;;Agustin Scirica;
14136984;03/09/2026 06:55:21;3;2;0001  214838-1;05;CAMIONETA EXP 4;2093705;"NP01    ";"NATALI PLASTICOS S.R.L.                           ";ALVEAR 1475;951600;"209            ";209 - LAVATORIO CROMO LAZA;60;60;60;23099502;020926162450435;181453983;;;;01/10/2032 00:00:00;10;13785992;02/09/2026 16:24:50;Agustin;Scirica;;;;;;Agustin Scirica;
14136984;03/09/2026 06:55:21;3;2;0001  214838-1;05;CAMIONETA EXP 4;2093705;"NP01    ";"NATALI PLASTICOS S.R.L.                           ";ALVEAR 1475;951600;"209            ";209 - LAVATORIO CROMO LAZA;60;60;60;23099555;020926162519628;181380772;;;;01/10/2032 00:00:00;10;13786003;02/09/2026 16:25:19;Agustin;Scirica;;;;;;Agustin Scirica;
14136984;03/09/2026 06:55:21;3;2;0001  214838-1;05;CAMIONETA EXP 4;2093705;"NP01    ";"NATALI PLASTICOS S.R.L.                           ";ALVEAR 1475;952333;"459            ";459 - DUCHA EXT.S/TRANSF.CR LAZA;2;2;2;23099581;020926162559191;181394030;;;;08/06/2031 00:00:00;2;13786018;02/09/2026 16:25:59;Agustin;Scirica;;;;;;Agustin Scirica;
14136984;03/09/2026 06:55:21;3;2;0001  214838-1;05;CAMIONETA EXP 4;2093705;"NP01    ";"NATALI PLASTICOS S.R.L.                           ";ALVEAR 1475;952248;"414/CR         ";414/CR - DUCHA EXT.C/TRANSF.CR/CR ARES;5;5;5;23099581;020926162559191;181454441;;;;09/15/2031 00:00:00;2;13786018;02/09/2026 16:25:59;Agustin;Scirica;;;;;;Agustin Scirica;
14136984;03/09/2026 06:55:21;3;2;0001  214838-1;05;CAMIONETA EXP 4;2093705;"NP01    ";"NATALI PLASTICOS S.R.L.                           ";ALVEAR 1475;952028;"314/CR         ";314/CR - BIDE CROMO ARES;3;3;3;23099581;020926162559191;181391801;;;;01/11/2032 00:00:00;3;13786018;02/09/2026 16:25:59;Agustin;Scirica;;;;;;Agustin Scirica;
14136984;03/09/2026 06:55:21;3;2;0001  214838-1;05;CAMIONETA EXP 4;2093705;"NP01    ";"NATALI PLASTICOS S.R.L.                           ";ALVEAR 1475;951568;"203            ";"203 - LAVATORIO CROMO ""DIQUE""";3;3;3;23099581;020926162559191;181394822;;;;01/11/2032 00:00:00;3;13786018;02/09/2026 16:25:59;Agustin;Scirica;;;;;;Agustin Scirica;
14136984;03/09/2026 06:55:21;3;2;0001  214838-1;05;CAMIONETA EXP 4;2093705;"NP01    ";"NATALI PLASTICOS S.R.L.                           ";ALVEAR 1475;952248;"414/CR         ";414/CR - DUCHA EXT.C/TRANSF.CR/CR ARES;5;5;5;23099605;020926162625179;181393654;;;;09/15/2031 00:00:00;3;13786029;02/09/2026 16:26:25;Agustin;Scirica;;;;;;Agustin Scirica;
14136984;03/09/2026 06:55:21;3;2;0001  214838-1;05;CAMIONETA EXP 4;2093705;"NP01    ";"NATALI PLASTICOS S.R.L.                           ";ALVEAR 1475;952281;"429            ";"429 - DUCHA EMB.C/TRANSF.CR ""LAZA""";40;40;40;23099605;020926162625179;181454598;;;;01/12/2032 00:00:00;1;13786029;02/09/2026 16:26:25;Agustin;Scirica;;;;;;Agustin Scirica;
14136984;03/09/2026 06:55:21;3;2;0001  214838-1;05;CAMIONETA EXP 4;2093705;"NP01    ";"NATALI PLASTICOS S.R.L.                           ";ALVEAR 1475;952292;"434/CR         ";434/CR - DUCHA EMB.C/TRANSF CR ARES;12;12;12;23099605;020926162625179;181393285;;;;01/12/2032 00:00:00;2;13786029;02/09/2026 16:26:25;Agustin;Scirica;;;;;;Agustin Scirica;
14136984;03/09/2026 06:55:21;3;2;0001  214838-1;05;CAMIONETA EXP 4;2093705;"NP01    ";"NATALI PLASTICOS S.R.L.                           ";ALVEAR 1475;952081;"33-010         ";33-010 - CANILLA MESADA BL/CR LORCA;8;8;8;23099660;020926162735384;181455013;;;;12/08/2031 00:00:00;7;13786063;02/09/2026 16:27:35;Agustin;Scirica;;;;;;Agustin Scirica;
14136984;03/09/2026 06:55:21;3;2;0001  214838-1;05;CAMIONETA EXP 4;2093705;"NP01    ";"NATALI PLASTICOS S.R.L.                           ";ALVEAR 1475;952006;"31-010         ";31-010 - CANILLA DE PARED P.ALTO BL/CR LORCA;4;4;4;23099692;020926162820082;181396934;;;;07/31/2031 00:00:00;4;13786082;02/09/2026 16:28:20;Agustin;Scirica;;;;;;Agustin Scirica;
14136984;03/09/2026 06:55:21;3;2;0001  214838-1;05;CAMIONETA EXP 4;2093705;"NP01    ";"NATALI PLASTICOS S.R.L.                           ";ALVEAR 1475;952069;"32-010         ";32-010 - CANILLA DE PARED P.BAJO BL/CR LORCA;3;3;3;23099712;020926162846080;181396731;;;;07/31/2031 00:00:00;3;13786096;02/09/2026 16:28:46;Agustin;Scirica;;;;;;Agustin Scirica;
14136984;03/09/2026 06:55:21;3;2;0001  214838-1;05;CAMIONETA EXP 4;2093705;"NP01    ";"NATALI PLASTICOS S.R.L.                           ";ALVEAR 1475;950892;"01-010         ";"VALVULA P/MINGITORIO TEMPORIZADA TECNO                                ";3;3;3;23099739;020926162941089;181367690;;;;07/28/2031 00:00:00;3;13786131;02/09/2026 16:29:41;Agustin;Scirica;;;;;;Agustin Scirica;
14136984;03/09/2026 06:55:21;3;2;0001  214838-1;05;CAMIONETA EXP 4;2093705;"NP01    ";"NATALI PLASTICOS S.R.L.                           ";ALVEAR 1475;952076;"33-002         ";"33-002 - CANILLA MESADA ""RENACER""";2;2;2;23099739;020926162941089;181396603;;;;07/31/2031 00:00:00;2;13786131;02/09/2026 16:29:41;Agustin;Scirica;;;;;;Agustin Scirica;
14136984;03/09/2026 06:55:21;3;2;0001  214838-1;05;CAMIONETA EXP 4;2093705;"NP01    ";"NATALI PLASTICOS S.R.L.                           ";ALVEAR 1475;951195;"1380G          ";"QUEINOX GAS MH 1/2""x80 APROBADO POR IGA                               ";80;80;80;23099779;020926163040505;181456146;;;;09/10/2031 00:00:00;20;13786161;02/09/2026 16:30:40;Agustin;Scirica;;;;;;Agustin Scirica;
14136984;03/09/2026 06:55:21;3;2;0001  214838-1;05;CAMIONETA EXP 4;2093705;"NP01    ";"NATALI PLASTICOS S.R.L.                           ";ALVEAR 1475;951195;"1380G          ";"QUEINOX GAS MH 1/2""x80 APROBADO POR IGA                               ";80;80;80;23099796;020926163111104;181456306;;;;09/10/2031 00:00:00;20;13786181;02/09/2026 16:31:11;Agustin;Scirica;;;;;;Agustin Scirica;
14136984;03/09/2026 06:55:21;3;2;0001  214838-1;05;CAMIONETA EXP 4;2093705;"NP01    ";"NATALI PLASTICOS S.R.L.                           ";ALVEAR 1475;951195;"1380G          ";"QUEINOX GAS MH 1/2""x80 APROBADO POR IGA                               ";80;80;80;23099808;020926163136357;181456424;;;;09/10/2031 00:00:00;20;13786188;02/09/2026 16:31:36;Agustin;Scirica;;;;;;Agustin Scirica;
14136984;03/09/2026 06:55:21;3;2;0001  214838-1;05;CAMIONETA EXP 4;2093705;"NP01    ";"NATALI PLASTICOS S.R.L.                           ";ALVEAR 1475;951195;"1380G          ";"QUEINOX GAS MH 1/2""x80 APROBADO POR IGA                               ";80;80;80;23099824;020926163203002;181368204;;;;09/10/2031 00:00:00;20;13786199;02/09/2026 16:32:03;Agustin;Scirica;;;;;;Agustin Scirica;
14136984;03/09/2026 06:55:21;3;2;0001  214838-1;05;CAMIONETA EXP 4;2093705;"NP01    ";"NATALI PLASTICOS S.R.L.                           ";ALVEAR 1475;951142;"13100G         ";"QUEINOX GAS MH 1/2""x100 APROBADO POR IGA                              ";30;30;30;23099867;020926163250431;181456863;;;;08/04/2031 00:00:00;15;13786222;02/09/2026 16:32:50;Agustin;Scirica;;;;;;Agustin Scirica;
14136984;03/09/2026 06:55:21;3;2;0001  214838-1;05;CAMIONETA EXP 4;2093705;"NP01    ";"NATALI PLASTICOS S.R.L.                           ";ALVEAR 1475;951348;"1940           ";"1940 - QUEINOX MH 3/4"" x 40";30;30;30;23099880;020926163313426;181369387;;;;07/27/2031 00:00:00;30;13786229;02/09/2026 16:33:13;Agustin;Scirica;;;;;;Agustin Scirica;
14136984;03/09/2026 06:55:21;3;2;0001  214838-1;05;CAMIONETA EXP 4;2093705;"NP01    ";"NATALI PLASTICOS S.R.L.                           ";ALVEAR 1475;951172;"1340G          ";"QUEINOX GAS MH. 1/2""x40 APROBADO POR IGA                              ";50;50;50;23099907;020926163345616;181457195;;;;01/05/2032 00:00:00;40;13786246;02/09/2026 16:33:45;Agustin;Scirica;;;;;;Agustin Scirica;
14136984;03/09/2026 06:55:21;3;2;0001  214838-1;05;CAMIONETA EXP 4;2093705;"NP01    ";"NATALI PLASTICOS S.R.L.                           ";ALVEAR 1475;951190;"1360G          ";"QUEINOX GAS MH 1/2""x60 APROBADO POR IGA                               ";141;141;141;23099933;020926163408787;181457332;;;;07/27/2031 00:00:00;30;13786260;02/09/2026 16:34:08;Agustin;Scirica;;;;;;Agustin Scirica;
14136984;03/09/2026 06:55:21;3;2;0001  214838-1;05;CAMIONETA EXP 4;2093705;"NP01    ";"NATALI PLASTICOS S.R.L.                           ";ALVEAR 1475;951182;"1350G          ";"QUEINOX GAS MH. 1/2""x50 APROBADO POR IGA                              ";50;50;50;23099967;020926163438747;181457543;;;;07/31/2031 00:00:00;40;13786272;02/09/2026 16:34:38;Agustin;Scirica;;;;;;Agustin Scirica;
14136984;03/09/2026 06:55:21;3;2;0001  214838-1;05;CAMIONETA EXP 4;2093705;"NP01    ";"NATALI PLASTICOS S.R.L.                           ";ALVEAR 1475;951142;"13100G         ";"QUEINOX GAS MH 1/2""x100 APROBADO POR IGA                              ";30;30;30;23099981;020926163459895;181367929;;;;08/04/2031 00:00:00;15;13786281;02/09/2026 16:34:59;Agustin;Scirica;;;;;;Agustin Scirica;
14136984;03/09/2026 06:55:21;3;2;0001  214838-1;05;CAMIONETA EXP 4;2093705;"NP01    ";"NATALI PLASTICOS S.R.L.                           ";ALVEAR 1475;951190;"1360G          ";"QUEINOX GAS MH 1/2""x60 APROBADO POR IGA                               ";141;141;141;23099994;020926163529250;181457861;;;;07/27/2031 00:00:00;30;13786291;02/09/2026 16:35:29;Agustin;Scirica;;;;;;Agustin Scirica;
14136984;03/09/2026 06:55:21;3;2;0001  214838-1;05;CAMIONETA EXP 4;2093705;"NP01    ";"NATALI PLASTICOS S.R.L.                           ";ALVEAR 1475;951190;"1360G          ";"QUEINOX GAS MH 1/2""x60 APROBADO POR IGA                               ";141;141;141;23100012;020926163559084;181458043;;;;07/27/2031 00:00:00;30;13786303;02/09/2026 16:35:59;Agustin;Scirica;;;;;;Agustin Scirica;
14136984;03/09/2026 06:55:21;3;2;0001  214838-1;05;CAMIONETA EXP 4;2093705;"NP01    ";"NATALI PLASTICOS S.R.L.                           ";ALVEAR 1475;951190;"1360G          ";"QUEINOX GAS MH 1/2""x60 APROBADO POR IGA                               ";141;141;141;23100035;020926163631873;181458274;;;;07/27/2031 00:00:00;30;13786325;02/09/2026 16:36:31;Agustin;Scirica;;;;;;Agustin Scirica;
14136984;03/09/2026 06:55:21;3;2;0001  214838-1;05;CAMIONETA EXP 4;2093705;"NP01    ";"NATALI PLASTICOS S.R.L.                           ";ALVEAR 1475;951190;"1360G          ";"QUEINOX GAS MH 1/2""x60 APROBADO POR IGA                               ";141;141;141;23100112;020926163835593;181369106;;;;07/27/2031 00:00:00;21;13786378;02/09/2026 16:38:35;Agustin;Scirica;;;;;;Agustin Scirica;
14136984;03/09/2026 06:55:21;3;2;0001  214838-1;05;CAMIONETA EXP 4;2093705;"NP01    ";"NATALI PLASTICOS S.R.L.                           ";ALVEAR 1475;952081;"33-010         ";33-010 - CANILLA MESADA BL/CR LORCA;8;8;8;23100112;020926163835593;181397292;;;;12/08/2031 00:00:00;1;13786378;02/09/2026 16:38:35;Agustin;Scirica;;;;;;Agustin Scirica;
14136984;03/09/2026 06:55:21;3;2;0001  214838-1;05;CAMIONETA EXP 4;2093705;"NP01    ";"NATALI PLASTICOS S.R.L.                           ";ALVEAR 1475;951182;"1350G          ";"QUEINOX GAS MH. 1/2""x50 APROBADO POR IGA                              ";50;50;50;23100298;020926164337276;181368440;;;;07/31/2031 00:00:00;10;13786519;02/09/2026 16:43:37;Agustin;Scirica;;;;;;Agustin Scirica;
14136984;03/09/2026 06:55:21;3;2;0001  214838-1;05;CAMIONETA EXP 4;2093705;"NP01    ";"NATALI PLASTICOS S.R.L.                           ";ALVEAR 1475;951172;"1340G          ";"QUEINOX GAS MH. 1/2""x40 APROBADO POR IGA                              ";50;50;50;23100298;020926164337276;181369311;;;;01/05/2032 00:00:00;10;13786519;02/09/2026 16:43:37;Agustin;Scirica;;;;;;Agustin Scirica;
14136984;03/09/2026 06:55:21;3;2;0001  214838-1;05;CAMIONETA EXP 4;2093705;"NP01    ";"NATALI PLASTICOS S.R.L.                           ";ALVEAR 1475;951156;"1330           ";"QUEINOX MACHO MOVIL MH 1/2"" x 30                                      ";13;13;13;23100298;020926164337276;181369806;;;;02/16/2032 00:00:00;13;13786519;02/09/2026 16:43:37;Agustin;Scirica;;;;;;Agustin Scirica;
14136984;03/09/2026 06:55:21;3;2;0001  214838-1;05;CAMIONETA EXP 4;2093705;"NP01    ";"NATALI PLASTICOS S.R.L.                           ";ALVEAR 1475;951532;"20-147         ";20-147 - MONOCOMANDO DE COCINA SWIFT;20;20;20;23100365;020926164523028;181461324;;;;07/29/2031 00:00:00;10;13786565;02/09/2026 16:45:23;Agustin;Scirica;;;;;;Agustin Scirica;
14136984;03/09/2026 06:55:21;3;2;0001  214838-1;05;CAMIONETA EXP 4;2093705;"NP01    ";"NATALI PLASTICOS S.R.L.                           ";ALVEAR 1475;951532;"20-147         ";20-147 - MONOCOMANDO DE COCINA SWIFT;20;20;20;23100381;020926164545325;181367342;;;;07/29/2031 00:00:00;10;13786578;02/09/2026 16:45:45;Agustin;Scirica;;;;;;Agustin Scirica;
14136984;03/09/2026 06:55:21;3;2;0001  214838-1;05;CAMIONETA EXP 4;2093705;"NP01    ";"NATALI PLASTICOS S.R.L.                           ";ALVEAR 1475;951488;"20-102         ";"20-102 - MONOCOMANDO MESADA CROMO ""RENACER""";20;20;20;23105159;030926061339942;181499979;;;;08/20/2031 00:00:00;4;13789541;03/09/2026 06:13:40;Agustin;Scirica;;;;;;Agustin Scirica;
14136984;03/09/2026 06:55:21;3;2;0001  214838-1;05;CAMIONETA EXP 4;2093705;"NP01    ";"NATALI PLASTICOS S.R.L.                           ";ALVEAR 1475;951961;"3030           ";3030 - PERCHA LINEA 3000;10;10;10;23105159;030926061339942;181370558;;;;08/27/2031 00:00:00;10;13789541;03/09/2026 06:13:40;Agustin;Scirica;;;;;;Agustin Scirica;
14136984;03/09/2026 06:55:21;3;2;0001  214838-1;05;CAMIONETA EXP 4;2093705;"NP01    ";"NATALI PLASTICOS S.R.L.                           ";ALVEAR 1475;951988;"3060           ";3060 - PORTA CEPILLO LINEA 3000;6;6;6;23105159;030926061339942;181370222;;;;07/29/2031 00:00:00;6;13789541;03/09/2026 06:13:40;Agustin;Scirica;;;;;;Agustin Scirica;
14136984;03/09/2026 06:55:21;3;2;0001  214838-1;05;CAMIONETA EXP 4;2093705;"NP01    ";"NATALI PLASTICOS S.R.L.                           ";ALVEAR 1475;951488;"20-102         ";"20-102 - MONOCOMANDO MESADA CROMO ""RENACER""";20;20;20;23105184;030926061543387;181500129;;;;08/20/2031 00:00:00;8;13789547;03/09/2026 06:15:43;Agustin;Scirica;;;;;;Agustin Scirica;
14136984;03/09/2026 06:55:21;3;2;0001  214838-1;05;CAMIONETA EXP 4;2093705;"NP01    ";"NATALI PLASTICOS S.R.L.                           ";ALVEAR 1475;951488;"20-102         ";"20-102 - MONOCOMANDO MESADA CROMO ""RENACER""";20;20;20;23105191;030926061619296;181363425;;;;08/20/2031 00:00:00;8;13789551;03/09/2026 06:16:19;Agustin;Scirica;;;;;;Agustin Scirica;
14136984;03/09/2026 06:55:21;3;2;0001  214838-1;05;CAMIONETA EXP 4;2093705;"NP01    ";"NATALI PLASTICOS S.R.L.                           ";ALVEAR 1475;951794;"3010           ";3010 - TOALLERO BARRAL LINEA 3000;4;4;4;23105476;030926063753482;181370723;;;;07/29/2031 00:00:00;4;13789642;03/09/2026 06:37:53;Agustin;Scirica;;;;;;Agustin Scirica;
14136984;03/09/2026 06:55:21;3;2;0001  214838-1;05;CAMIONETA EXP 4;2093705;"NP01    ";"NATALI PLASTICOS S.R.L.                           ";ALVEAR 1475;957846;"RA706C         ";RA706C - VOLANTE MURCIA/KEOPS4 CROMO;10;10;10;23105476;030926063753482;181402204;;;;01/05/2032 00:00:00;10;13789642;03/09/2026 06:37:53;Agustin;Scirica;;;;;;Agustin Scirica;
14136984;03/09/2026 06:55:21;3;2;0001  214838-1;05;CAMIONETA EXP 4;2093705;"NP01    ";"NATALI PLASTICOS S.R.L.                           ";ALVEAR 1475;957393;"RA004          ";RA004 - CABEZAL P/TRANSF. BIDET Y DUCHA EMBUTIR;10;10;10;23105476;030926063753482;181374959;;;;07/31/2031 00:00:00;10;13789642;03/09/2026 06:37:53;Agustin;Scirica;;;;;;Agustin Scirica;
14136984;03/09/2026 06:55:21;3;2;0001  214838-1;05;CAMIONETA EXP 4;2093705;"NP01    ";"NATALI PLASTICOS S.R.L.                           ";ALVEAR 1475;957390;"RA001          ";RA001 - CABEZAL STD NO ASCENDENTE;150;150;150;23105476;030926063753482;181501786;;;;11/22/2031 00:00:00;30;13789642;03/09/2026 06:37:53;Agustin;Scirica;;;;;;Agustin Scirica;
14136984;03/09/2026 06:55:21;3;2;0001  214838-1;05;CAMIONETA EXP 4;2093705;"NP01    ";"NATALI PLASTICOS S.R.L.                           ";ALVEAR 1475;952281;"429            ";"429 - DUCHA EMB.C/TRANSF.CR ""LAZA""";40;40;40;23105476;030926063753482;181389495;;;;01/12/2032 00:00:00;1;13789642;03/09/2026 06:37:53;Agustin;Scirica;;;;;;Agustin Scirica;
14136984;03/09/2026 06:55:21;3;2;0001  214838-1;05;CAMIONETA EXP 4;2093705;"NP01    ";"NATALI PLASTICOS S.R.L.                           ";ALVEAR 1475;957390;"RA001          ";RA001 - CABEZAL STD NO ASCENDENTE;150;150;150;23105620;030926064857827;181373553;;;;11/22/2031 00:00:00;120;13789721;03/09/2026 06:48:57;Agustin;Scirica;;;;;;Agustin Scirica;
14136984;03/09/2026 06:55:21;3;2;0001  214838-1;05;CAMIONETA EXP 4;2093705;"NP01    ";"NATALI PLASTICOS S.R.L.                           ";ALVEAR 1475;954907;"BCH06          ";BCH06 - BACHA DE APOYAR CIRCULAR 415x135;5;5;5;23105643;030926065048150;181503023;;;;10/04/2031 00:00:00;1;13789731;03/09/2026 06:50:48;Agustin;Scirica;;;;;;Agustin Scirica;
14136984;03/09/2026 06:55:21;3;2;0001  214838-1;05;CAMIONETA EXP 4;2093705;"NP01    ";"NATALI PLASTICOS S.R.L.                           ";ALVEAR 1475;954907;"BCH06          ";BCH06 - BACHA DE APOYAR CIRCULAR 415x135;5;5;5;23105646;030926065058758;181503034;;;;10/04/2031 00:00:00;1;13789735;03/09/2026 06:50:58;Agustin;Scirica;;;;;;Agustin Scirica;
14136984;03/09/2026 06:55:21;3;2;0001  214838-1;05;CAMIONETA EXP 4;2093705;"NP01    ";"NATALI PLASTICOS S.R.L.                           ";ALVEAR 1475;954907;"BCH06          ";BCH06 - BACHA DE APOYAR CIRCULAR 415x135;5;5;5;23105651;030926065109441;181503047;;;;10/04/2031 00:00:00;1;13789736;03/09/2026 06:51:09;Agustin;Scirica;;;;;;Agustin Scirica;
14136984;03/09/2026 06:55:21;3;2;0001  214838-1;05;CAMIONETA EXP 4;2093705;"NP01    ";"NATALI PLASTICOS S.R.L.                           ";ALVEAR 1475;954907;"BCH06          ";BCH06 - BACHA DE APOYAR CIRCULAR 415x135;5;5;5;23105653;030926065120790;181503063;;;;10/04/2031 00:00:00;1;13789738;03/09/2026 06:51:20;Agustin;Scirica;;;;;;Agustin Scirica;
14136984;03/09/2026 06:55:21;3;2;0001  214838-1;05;CAMIONETA EXP 4;2093705;"NP01    ";"NATALI PLASTICOS S.R.L.                           ";ALVEAR 1475;954907;"BCH06          ";BCH06 - BACHA DE APOYAR CIRCULAR 415x135;5;5;5;23105657;030926065133826;181361711;;;;10/04/2031 00:00:00;1;13789739;03/09/2026 06:51:33;Agustin;Scirica;;;;;;Agustin Scirica;
14136984;03/09/2026 06:55:21;3;2;0001  214838-1;05;CAMIONETA EXP 4;2093705;"NP01    ";"NATALI PLASTICOS S.R.L.                           ";ALVEAR 1475;954908;"BCH07          ";BCH07 - BACHA DE APOYAR OVALADA 400x330x150;6;6;6;23105665;030926065219212;181503145;;;;07/29/2031 00:00:00;1;13789743;03/09/2026 06:52:19;Agustin;Scirica;;;;;;Agustin Scirica;
14136984;03/09/2026 06:55:21;3;2;0001  214838-1;05;CAMIONETA EXP 4;2093705;"NP01    ";"NATALI PLASTICOS S.R.L.                           ";ALVEAR 1475;954908;"BCH07          ";BCH07 - BACHA DE APOYAR OVALADA 400x330x150;6;6;6;23105669;030926065228695;181503155;;;;07/29/2031 00:00:00;1;13789744;03/09/2026 06:52:28;Agustin;Scirica;;;;;;Agustin Scirica;
14136984;03/09/2026 06:55:21;3;2;0001  214838-1;05;CAMIONETA EXP 4;2093705;"NP01    ";"NATALI PLASTICOS S.R.L.                           ";ALVEAR 1475;954908;"BCH07          ";BCH07 - BACHA DE APOYAR OVALADA 400x330x150;6;6;6;23105674;030926065238550;181503165;;;;07/29/2031 00:00:00;1;13789747;03/09/2026 06:52:38;Agustin;Scirica;;;;;;Agustin Scirica;
14136984;03/09/2026 06:55:21;3;2;0001  214838-1;05;CAMIONETA EXP 4;2093705;"NP01    ";"NATALI PLASTICOS S.R.L.                           ";ALVEAR 1475;954908;"BCH07          ";BCH07 - BACHA DE APOYAR OVALADA 400x330x150;6;6;6;23105676;030926065249138;181503172;;;;07/29/2031 00:00:00;1;13789748;03/09/2026 06:52:49;Agustin;Scirica;;;;;;Agustin Scirica;
14136984;03/09/2026 06:55:21;3;2;0001  214838-1;05;CAMIONETA EXP 4;2093705;"NP01    ";"NATALI PLASTICOS S.R.L.                           ";ALVEAR 1475;954908;"BCH07          ";BCH07 - BACHA DE APOYAR OVALADA 400x330x150;6;6;6;23105677;030926065258679;181503186;;;;07/29/2031 00:00:00;1;13789750;03/09/2026 06:52:58;Agustin;Scirica;;;;;;Agustin Scirica;
14136984;03/09/2026 06:55:21;3;2;0001  214838-1;05;CAMIONETA EXP 4;2093705;"NP01    ";"NATALI PLASTICOS S.R.L.                           ";ALVEAR 1475;954908;"BCH07          ";BCH07 - BACHA DE APOYAR OVALADA 400x330x150;6;6;6;23105678;030926065309388;181360504;;;;07/29/2031 00:00:00;1;13789753;03/09/2026 06:53:09;Agustin;Scirica;;;;;;Agustin Scirica;
14136984;03/09/2026 06:55:21;3;2;0001  214838-1;05;CAMIONETA EXP 4;2093705;"NP01    ";"NATALI PLASTICOS S.R.L.                           ";ALVEAR 1475;954901;"BCH01          ";BCH01 - BACHA DE APOYAR CIRCULAR 320x145;10;10;10;23105694;030926065353939;181503274;;;;07/28/2031 00:00:00;1;13789758;03/09/2026 06:53:53;Agustin;Scirica;;;;;;Agustin Scirica;
14136984;03/09/2026 06:55:21;3;2;0001  214838-1;05;CAMIONETA EXP 4;2093705;"NP01    ";"NATALI PLASTICOS S.R.L.                           ";ALVEAR 1475;954901;"BCH01          ";BCH01 - BACHA DE APOYAR CIRCULAR 320x145;10;10;10;23105697;030926065402875;181503285;;;;07/28/2031 00:00:00;1;13789759;03/09/2026 06:54:02;Agustin;Scirica;;;;;;Agustin Scirica;
14136984;03/09/2026 06:55:21;3;2;0001  214838-1;05;CAMIONETA EXP 4;2093705;"NP01    ";"NATALI PLASTICOS S.R.L.                           ";ALVEAR 1475;954901;"BCH01          ";BCH01 - BACHA DE APOYAR CIRCULAR 320x145;10;10;10;23105703;030926065410406;181503297;;;;07/28/2031 00:00:00;1;13789761;03/09/2026 06:54:10;Agustin;Scirica;;;;;;Agustin Scirica;
14136984;03/09/2026 06:55:21;3;2;0001  214838-1;05;CAMIONETA EXP 4;2093705;"NP01    ";"NATALI PLASTICOS S.R.L.                           ";ALVEAR 1475;954901;"BCH01          ";BCH01 - BACHA DE APOYAR CIRCULAR 320x145;10;10;10;23105706;030926065418904;181503307;;;;07/28/2031 00:00:00;1;13789762;03/09/2026 06:54:18;Agustin;Scirica;;;;;;Agustin Scirica;
14136984;03/09/2026 06:55:21;3;2;0001  214838-1;05;CAMIONETA EXP 4;2093705;"NP01    ";"NATALI PLASTICOS S.R.L.                           ";ALVEAR 1475;954901;"BCH01          ";BCH01 - BACHA DE APOYAR CIRCULAR 320x145;10;10;10;23105710;030926065427983;181503320;;;;07/28/2031 00:00:00;1;13789763;03/09/2026 06:54:27;Agustin;Scirica;;;;;;Agustin Scirica;
14136984;03/09/2026 06:55:21;3;2;0001  214838-1;05;CAMIONETA EXP 4;2093705;"NP01    ";"NATALI PLASTICOS S.R.L.                           ";ALVEAR 1475;954901;"BCH01          ";BCH01 - BACHA DE APOYAR CIRCULAR 320x145;10;10;10;23105712;030926065437921;181503329;;;;07/28/2031 00:00:00;1;13789765;03/09/2026 06:54:37;Agustin;Scirica;;;;;;Agustin Scirica;
14136984;03/09/2026 06:55:21;3;2;0001  214838-1;05;CAMIONETA EXP 4;2093705;"NP01    ";"NATALI PLASTICOS S.R.L.                           ";ALVEAR 1475;954901;"BCH01          ";BCH01 - BACHA DE APOYAR CIRCULAR 320x145;10;10;10;23105719;030926065454731;181503352;;;;07/28/2031 00:00:00;1;13789766;03/09/2026 06:54:54;Agustin;Scirica;;;;;;Agustin Scirica;
14136984;03/09/2026 06:55:21;3;2;0001  214838-1;05;CAMIONETA EXP 4;2093705;"NP01    ";"NATALI PLASTICOS S.R.L.                           ";ALVEAR 1475;954901;"BCH01          ";BCH01 - BACHA DE APOYAR CIRCULAR 320x145;10;10;10;23105724;030926065503194;181503369;;;;07/28/2031 00:00:00;1;13789768;03/09/2026 06:55:03;Agustin;Scirica;;;;;;Agustin Scirica;
14136984;03/09/2026 06:55:21;3;2;0001  214838-1;05;CAMIONETA EXP 4;2093705;"NP01    ";"NATALI PLASTICOS S.R.L.                           ";ALVEAR 1475;954901;"BCH01          ";BCH01 - BACHA DE APOYAR CIRCULAR 320x145;10;10;10;23105725;030926065511236;181503382;;;;07/28/2031 00:00:00;1;13789770;03/09/2026 06:55:11;Agustin;Scirica;;;;;;Agustin Scirica;
14136985;03/09/2026 11:43:12;3;2;0001  214847-1;05;CAMIONETA EXP 4;2095010;"VS06    ";"SAMUEL BENDERSKY SA                               ";BALCARCE 258;951098;"11006          ";"SET DE 6 PIEZAS LINEA 11000                                           ";2;2;2;23090700;030926114311857;181395108;;;;07/29/2031 00:00:00;2;13796129;03/09/2026 11:43:11;Maximiliano;Nievas;24371879;02/09/2026 14:35:25;6867;Javier;Lescano;Maximiliano Nievas;Javier Lescano
14136985;03/09/2026 11:43:12;3;2;0001  214847-1;05;CAMIONETA EXP 4;2095010;"VS06    ";"SAMUEL BENDERSKY SA                               ";BALCARCE 258;951102;"11040          ";"PORTA ROLLO LINEA 11000                                               ";2;2;2;23090700;030926114311857;181385519;;;;07/27/2031 00:00:00;2;13796129;03/09/2026 11:43:11;Maximiliano;Nievas;24371879;02/09/2026 14:35:25;6867;Javier;Lescano;Maximiliano Nievas;Javier Lescano
14136985;03/09/2026 11:43:12;3;2;0001  214847-1;05;CAMIONETA EXP 4;2095010;"VS06    ";"SAMUEL BENDERSKY SA                               ";BALCARCE 258;951103;"11050          ";"JABONERA LINEA 11000                                                  ";2;2;2;23090700;030926114311857;181385387;;;;07/28/2031 00:00:00;2;13796129;03/09/2026 11:43:11;Maximiliano;Nievas;24371879;02/09/2026 14:35:25;6867;Javier;Lescano;Maximiliano Nievas;Javier Lescano
14136985;03/09/2026 11:43:12;3;2;0001  214847-1;05;CAMIONETA EXP 4;2095010;"VS06    ";"SAMUEL BENDERSKY SA                               ";BALCARCE 258;951295;"17010N         ";17010N - TOALLERO BARRAL LINEA FABRIC BLACK;1;1;1;23090700;030926114311857;181396641;;;;07/29/2031 00:00:00;1;13796129;03/09/2026 11:43:11;Maximiliano;Nievas;24371879;02/09/2026 14:35:25;6867;Javier;Lescano;Maximiliano Nievas;Javier Lescano
14136985;03/09/2026 11:43:12;3;2;0001  214847-1;05;CAMIONETA EXP 4;2095010;"VS06    ";"SAMUEL BENDERSKY SA                               ";BALCARCE 258;951298;"17020N         ";17020N - TOALLERO DE ARO LINEA FABRIC BLACK;1;1;1;23090700;030926114311857;181396227;;;;07/29/2031 00:00:00;1;13796129;03/09/2026 11:43:11;Maximiliano;Nievas;24371879;02/09/2026 14:35:25;6867;Javier;Lescano;Maximiliano Nievas;Javier Lescano
14136985;03/09/2026 11:43:12;3;2;0001  214847-1;05;CAMIONETA EXP 4;2095010;"VS06    ";"SAMUEL BENDERSKY SA                               ";BALCARCE 258;951301;"17030N         ";17030N - PERCHA LINEA FABRIC BLACK;1;1;1;23090700;030926114311857;181396805;;;;07/28/2031 00:00:00;1;13796129;03/09/2026 11:43:11;Maximiliano;Nievas;24371879;02/09/2026 14:35:25;6867;Javier;Lescano;Maximiliano Nievas;Javier Lescano
14136985;03/09/2026 11:43:12;3;2;0001  214847-1;05;CAMIONETA EXP 4;2095010;"VS06    ";"SAMUEL BENDERSKY SA                               ";BALCARCE 258;951304;"17040N         ";17040N - PORTA ROLLO LINEA FABRIC BLACK;1;1;1;23090700;030926114311857;181396372;;;;07/29/2031 00:00:00;1;13796129;03/09/2026 11:43:11;Maximiliano;Nievas;24371879;02/09/2026 14:35:25;6867;Javier;Lescano;Maximiliano Nievas;Javier Lescano
14136985;03/09/2026 11:43:12;3;2;0001  214847-1;05;CAMIONETA EXP 4;2095010;"VS06    ";"SAMUEL BENDERSKY SA                               ";BALCARCE 258;951310;"17060N         ";17060N - PORTA VASO Y CEPILLO  LINEA FABRIC BLACK;1;1;1;23090700;030926114311857;181396325;;;;07/29/2031 00:00:00;1;13796129;03/09/2026 11:43:11;Maximiliano;Nievas;24371879;02/09/2026 14:35:25;6867;Javier;Lescano;Maximiliano Nievas;Javier Lescano
14136985;03/09/2026 11:43:12;3;2;0001  214847-1;05;CAMIONETA EXP 4;2095010;"VS06    ";"SAMUEL BENDERSKY SA                               ";BALCARCE 258;951512;"20-122         ";"MONOCOMANDO COCINA CR C/PICO EXTRAIBLE VALENCIA                       ";2;2;2;23090700;030926114311857;181389092;;;;08/06/2031 00:00:00;2;13796129;03/09/2026 11:43:11;Maximiliano;Nievas;24371879;02/09/2026 14:35:25;6867;Javier;Lescano;Maximiliano Nievas;Javier Lescano
14136985;03/09/2026 11:43:12;3;2;0001  214847-1;05;CAMIONETA EXP 4;2095010;"VS06    ";"SAMUEL BENDERSKY SA                               ";BALCARCE 258;951513;"20-122N        ";20-122N - MONOCOMANDO COCINA C/PICO EXTRAIBLE VALENCIA BLACK;1;1;1;23090700;030926114311857;181394691;;;;08/06/2031 00:00:00;1;13796129;03/09/2026 11:43:11;Maximiliano;Nievas;24371879;02/09/2026 14:35:25;6867;Javier;Lescano;Maximiliano Nievas;Javier Lescano
14136985;03/09/2026 11:43:12;3;2;0001  214847-1;05;CAMIONETA EXP 4;2095010;"VS06    ";"SAMUEL BENDERSKY SA                               ";BALCARCE 258;951523;"20-134         ";20-134 - MONOCOMANDO COCINA BETIS;10;10;10;23090700;030926114311857;181397377;;;;08/11/2031 00:00:00;10;13796129;03/09/2026 11:43:11;Maximiliano;Nievas;24371879;02/09/2026 14:35:25;6867;Javier;Lescano;Maximiliano Nievas;Javier Lescano
14136985;03/09/2026 11:43:12;3;2;0001  214847-1;05;CAMIONETA EXP 4;2095010;"VS06    ";"SAMUEL BENDERSKY SA                               ";BALCARCE 258;951530;"20-146         ";20-146 - MONOCOMANDO DE COCINA CR LINEA MOVE;2;2;2;23090700;030926114311857;181389960;;;;10/09/2031 00:00:00;2;13796129;03/09/2026 11:43:11;Maximiliano;Nievas;24371879;02/09/2026 14:35:25;6867;Javier;Lescano;Maximiliano Nievas;Javier Lescano
14136985;03/09/2026 11:43:12;3;2;0001  214847-1;05;CAMIONETA EXP 4;2095010;"VS06    ";"SAMUEL BENDERSKY SA                               ";BALCARCE 258;951794;"3010           ";3010 - TOALLERO BARRAL LINEA 3000;2;2;2;23090700;030926114311857;181386350;;;;07/29/2031 00:00:00;2;13796129;03/09/2026 11:43:11;Maximiliano;Nievas;24371879;02/09/2026 14:35:25;6867;Javier;Lescano;Maximiliano Nievas;Javier Lescano
14136985;03/09/2026 11:43:12;3;2;0001  214847-1;05;CAMIONETA EXP 4;2095010;"VS06    ";"SAMUEL BENDERSKY SA                               ";BALCARCE 258;952551;"60-010         ";60-010 - LAVATORIO BL/CR LORCA;2;2;2;23090700;030926114311857;181400044;;;;12/07/2031 00:00:00;2;13796129;03/09/2026 11:43:11;Maximiliano;Nievas;24371879;02/09/2026 14:35:25;6867;Javier;Lescano;Maximiliano Nievas;Javier Lescano
14136985;03/09/2026 11:43:12;3;2;0001  214847-1;05;CAMIONETA EXP 4;2095010;"VS06    ";"SAMUEL BENDERSKY SA                               ";BALCARCE 258;952582;"60-057         ";60-057 - LAVATORIO C.STD VERIN PLUS;3;3;3;23090700;030926114311857;181400733;;;;01/06/2032 00:00:00;3;13796129;03/09/2026 11:43:11;Maximiliano;Nievas;24371879;02/09/2026 14:35:25;6867;Javier;Lescano;Maximiliano Nievas;Javier Lescano
14136985;03/09/2026 11:43:12;3;2;0001  214847-1;05;CAMIONETA EXP 4;2095010;"VS06    ";"SAMUEL BENDERSKY SA                               ";BALCARCE 258;952583;"60-058         ";60-058 - LAVATORIO CR C.STD MALBA;4;4;4;23090700;030926114311857;181399185;;;;12/03/2031 00:00:00;4;13796129;03/09/2026 11:43:11;Maximiliano;Nievas;24371879;02/09/2026 14:35:25;6867;Javier;Lescano;Maximiliano Nievas;Javier Lescano
14136985;03/09/2026 11:43:12;3;2;0001  214847-1;05;CAMIONETA EXP 4;2095010;"VS06    ";"SAMUEL BENDERSKY SA                               ";BALCARCE 258;952620;"60-135         ";60-135 - LAVATORIO C.CERAM SANTANDER;2;2;2;23090700;030926114311857;181398096;;;;09/27/2031 00:00:00;2;13796129;03/09/2026 11:43:11;Maximiliano;Nievas;24371879;02/09/2026 14:35:25;6867;Javier;Lescano;Maximiliano Nievas;Javier Lescano
14136985;03/09/2026 11:43:12;3;2;0001  214847-1;05;CAMIONETA EXP 4;2095010;"VS06    ";"SAMUEL BENDERSKY SA                               ";BALCARCE 258;952684;"603            ";603 - CANILLA COC.PARED P.BAJO CROMO DIQUE;5;5;5;23090700;030926114311857;181387361;;;;11/22/2031 00:00:00;5;13796129;03/09/2026 11:43:11;Maximiliano;Nievas;24371879;02/09/2026 14:35:25;6867;Javier;Lescano;Maximiliano Nievas;Javier Lescano
14136985;03/09/2026 11:43:12;3;2;0001  214847-1;05;CAMIONETA EXP 4;2095010;"VS06    ";"SAMUEL BENDERSKY SA                               ";BALCARCE 258;952693;"605            ";605 - CANILLA COC.PARED P.ALTO CROMO DIQUE;5;5;5;23090700;030926114311857;181386971;;;;09/07/2031 00:00:00;5;13796129;03/09/2026 11:43:11;Maximiliano;Nievas;24371879;02/09/2026 14:35:25;6867;Javier;Lescano;Maximiliano Nievas;Javier Lescano
14136985;03/09/2026 11:43:12;3;2;0001  214847-1;05;CAMIONETA EXP 4;2095010;"VS06    ";"SAMUEL BENDERSKY SA                               ";BALCARCE 258;952831;"70-010         ";70-010 - BIDE BL/CR LORCA;1;1;1;23090700;030926114311857;181400239;;;;12/08/2031 00:00:00;1;13796129;03/09/2026 11:43:11;Maximiliano;Nievas;24371879;02/09/2026 14:35:25;6867;Javier;Lescano;Maximiliano Nievas;Javier Lescano
14136985;03/09/2026 11:43:12;3;2;0001  214847-1;05;CAMIONETA EXP 4;2095010;"VS06    ";"SAMUEL BENDERSKY SA                               ";BALCARCE 258;952860;"70-057         ";70-057 - BIDE C.STD VERIN PLUS;2;2;2;23090700;030926114311857;181400532;;;;01/11/2032 00:00:00;2;13796129;03/09/2026 11:43:11;Maximiliano;Nievas;24371879;02/09/2026 14:35:25;6867;Javier;Lescano;Maximiliano Nievas;Javier Lescano
14136985;03/09/2026 11:43:12;3;2;0001  214847-1;05;CAMIONETA EXP 4;2095010;"VS06    ";"SAMUEL BENDERSKY SA                               ";BALCARCE 258;952862;"70-058         ";70-058 - BIDE CR C.STD MALBA;2;2;2;23090700;030926114311857;181399057;;;;10/20/2031 00:00:00;2;13796129;03/09/2026 11:43:11;Maximiliano;Nievas;24371879;02/09/2026 14:35:25;6867;Javier;Lescano;Maximiliano Nievas;Javier Lescano
14136985;03/09/2026 11:43:12;3;2;0001  214847-1;05;CAMIONETA EXP 4;2095010;"VS06    ";"SAMUEL BENDERSKY SA                               ";BALCARCE 258;952898;"70-135         ";70-135 - BIDE C.CERAM SANTANDER;2;2;2;23090700;030926114311857;181397958;;;;07/29/2031 00:00:00;2;13796129;03/09/2026 11:43:11;Maximiliano;Nievas;24371879;02/09/2026 14:35:25;6867;Javier;Lescano;Maximiliano Nievas;Javier Lescano
14136985;03/09/2026 11:43:12;3;2;0001  214847-1;05;CAMIONETA EXP 4;2095010;"VS06    ";"SAMUEL BENDERSKY SA                               ";BALCARCE 258;952954;"70-203         ";70-203 - BIDE MONOCOMANDO ADRA;2;2;2;23090700;030926114311857;181390434;;;;07/29/2031 00:00:00;2;13796129;03/09/2026 11:43:11;Maximiliano;Nievas;24371879;02/09/2026 14:35:25;6867;Javier;Lescano;Maximiliano Nievas;Javier Lescano
14136985;03/09/2026 11:43:12;3;2;0001  214847-1;05;CAMIONETA EXP 4;2095010;"VS06    ";"SAMUEL BENDERSKY SA                               ";BALCARCE 258;952955;"70-203N        ";"BIDE MONOCOMANDO ADRA BLACK                                           ";1;1;1;23090700;030926114311857;181388472;;;;07/27/2031 00:00:00;1;13796129;03/09/2026 11:43:11;Maximiliano;Nievas;24371879;02/09/2026 14:35:25;6867;Javier;Lescano;Maximiliano Nievas;Javier Lescano
14136985;03/09/2026 11:43:12;3;2;0001  214847-1;05;CAMIONETA EXP 4;2095010;"VS06    ";"SAMUEL BENDERSKY SA                               ";BALCARCE 258;953028;"80-010         ";80-010 - DUCHA EMB. C/TRANSF. BL/CR LORCA;2;2;2;23090700;030926114311857;181400374;;;;09/16/2031 00:00:00;2;13796129;03/09/2026 11:43:11;Maximiliano;Nievas;24371879;02/09/2026 14:35:25;6867;Javier;Lescano;Maximiliano Nievas;Javier Lescano
14136985;03/09/2026 11:43:12;3;2;0001  214847-1;05;CAMIONETA EXP 4;2095010;"VS06    ";"SAMUEL BENDERSKY SA                               ";BALCARCE 258;953060;"80-058         ";80-058 - DUCHA EMB. C/TRANSF. CR C.STD MALBA;1;1;1;23090700;030926114311857;181398913;;;;01/06/2032 00:00:00;1;13796129;03/09/2026 11:43:11;Maximiliano;Nievas;24371879;02/09/2026 14:35:25;6867;Javier;Lescano;Maximiliano Nievas;Javier Lescano
14136985;03/09/2026 11:43:12;3;2;0001  214847-1;05;CAMIONETA EXP 4;2095010;"VS06    ";"SAMUEL BENDERSKY SA                               ";BALCARCE 258;953069;"8010           ";8010 - TOALLERO BARRAL LINEA 8000;3;3;3;23090700;030926114311857;181385692;;;;07/27/2031 00:00:00;3;13796129;03/09/2026 11:43:11;Maximiliano;Nievas;24371879;02/09/2026 14:35:25;6867;Javier;Lescano;Maximiliano Nievas;Javier Lescano
14136985;03/09/2026 11:43:12;3;2;0001  214847-1;05;CAMIONETA EXP 4;2095010;"VS06    ";"SAMUEL BENDERSKY SA                               ";BALCARCE 258;953089;"80-135         ";80-135 - DUCHA EMB. C/TRANSF. C.CERAM SANTANDER;2;2;2;23090700;030926114311857;181397795;;;;10/04/2031 00:00:00;2;13796129;03/09/2026 11:43:11;Maximiliano;Nievas;24371879;02/09/2026 14:35:25;6867;Javier;Lescano;Maximiliano Nievas;Javier Lescano
14136985;03/09/2026 11:43:12;3;2;0001  214847-1;05;CAMIONETA EXP 4;2095010;"VS06    ";"SAMUEL BENDERSKY SA                               ";BALCARCE 258;953091;"80-138         ";80-138 - DUCHA EMB. C/TRANSF. CR C.CERAM VALENCIA PLUS;2;2;2;23090700;030926114311857;181403487;;;;01/14/2032 00:00:00;2;13796129;03/09/2026 11:43:11;Maximiliano;Nievas;24371879;02/09/2026 14:35:25;6867;Javier;Lescano;Maximiliano Nievas;Javier Lescano
14136985;03/09/2026 11:43:12;3;2;0001  214847-1;05;CAMIONETA EXP 4;2095010;"VS06    ";"SAMUEL BENDERSKY SA                               ";BALCARCE 258;953104;"80-153         ";80-153 - DUCHA EMB. C/TRANSF. CR C.CERAM CASTILLA;1;1;1;23090700;030926114311857;181398350;;;;11/04/2031 00:00:00;1;13796129;03/09/2026 11:43:11;Maximiliano;Nievas;24371879;02/09/2026 14:35:25;6867;Javier;Lescano;Maximiliano Nievas;Javier Lescano
14136985;03/09/2026 11:43:12;3;2;0001  214847-1;05;CAMIONETA EXP 4;2095010;"VS06    ";"SAMUEL BENDERSKY SA                               ";BALCARCE 258;953158;"80-203N        ";"DUCHA EMB C/TRANSF. MONOCOMANDO ADRA BLACK PLUS                       ";1;1;1;23090700;030926114311857;181387879;;;;07/28/2031 00:00:00;1;13796129;03/09/2026 11:43:11;Maximiliano;Nievas;24371879;02/09/2026 14:35:25;6867;Javier;Lescano;Maximiliano Nievas;Javier Lescano
14136985;03/09/2026 11:43:12;3;2;0001  214847-1;05;CAMIONETA EXP 4;2095010;"VS06    ";"SAMUEL BENDERSKY SA                               ";BALCARCE 258;953182;"8040           ";8040 - PORTA ROLLO LINEA 8000;5;5;5;23090700;030926114311857;181386017;;;;08/27/2031 00:00:00;5;13796129;03/09/2026 11:43:11;Maximiliano;Nievas;24371879;02/09/2026 14:35:25;6867;Javier;Lescano;Maximiliano Nievas;Javier Lescano
14136985;03/09/2026 11:43:12;3;2;0001  214847-1;05;CAMIONETA EXP 4;2095010;"VS06    ";"SAMUEL BENDERSKY SA                               ";BALCARCE 258;953312;"83-133         ";83-133 - DUCHA EXT. C/TRANSF. MONOCOMANDO LUGO;2;2;2;23090700;030926114311857;181390784;;;;07/30/2031 00:00:00;2;13796129;03/09/2026 11:43:11;Maximiliano;Nievas;24371879;02/09/2026 14:35:25;6867;Javier;Lescano;Maximiliano Nievas;Javier Lescano
14136985;03/09/2026 11:43:12;3;2;0001  214847-1;05;CAMIONETA EXP 4;2095010;"VS06    ";"SAMUEL BENDERSKY SA                               ";BALCARCE 258;953320;"83-203         ";83-203 - DUCHA EXT C/TRANSF. MONOCOMANDO ADRA;2;2;2;23090700;030926114311857;181390215;;;;07/29/2031 00:00:00;2;13796129;03/09/2026 11:43:11;Maximiliano;Nievas;24371879;02/09/2026 14:35:25;6867;Javier;Lescano;Maximiliano Nievas;Javier Lescano
14136985;03/09/2026 11:43:12;3;2;0001  214847-1;05;CAMIONETA EXP 4;2095010;"VS06    ";"SAMUEL BENDERSKY SA                               ";BALCARCE 258;953474;"933            ";933 - JGO PARED C/EXT CR DIQUE;2;2;2;23090700;030926114311857;181395707;;;;01/07/2032 00:00:00;2;13796129;03/09/2026 11:43:11;Maximiliano;Nievas;24371879;02/09/2026 14:35:25;6867;Javier;Lescano;Maximiliano Nievas;Javier Lescano
14136985;03/09/2026 11:43:12;3;2;0001  214847-1;05;CAMIONETA EXP 4;2095010;"VS06    ";"SAMUEL BENDERSKY SA                               ";BALCARCE 258;954226;"A1448C         ";"A1448C - CAÑO CURVO METALICO C/FLOR DE DUCHA 4"" ABS CR C/BLISTER";2;2;2;23090700;030926114311857;181385285;;;;08/13/2031 00:00:00;2;13796129;03/09/2026 11:43:11;Maximiliano;Nievas;24371879;02/09/2026 14:35:25;6867;Javier;Lescano;Maximiliano Nievas;Javier Lescano
14136985;03/09/2026 11:43:12;3;2;0001  214847-1;05;CAMIONETA EXP 4;2095010;"VS06    ";"SAMUEL BENDERSKY SA                               ";BALCARCE 258;954651;"A816           ";"A816 - DUCHA 6"" C/BRAZO Y CAMPANA CR";2;2;2;23090700;030926114311857;181385111;;;;07/27/2031 00:00:00;2;13796129;03/09/2026 11:43:11;Maximiliano;Nievas;24371879;02/09/2026 14:35:25;6867;Javier;Lescano;Maximiliano Nievas;Javier Lescano
14136986;02/09/2026 15:26:42;3;2;0001  214918-1;05;CAMIONETA EXP 4;2094944;"VG08    ";"VICTOR GONZALO A.                                 ";AV. MADARIAGA 645;950895;"02-010         ";"VALVULA P/INODORO TEMPORIZADA TECNO                                   ";2;2;2;23087625;020926152640319;181371596;;;;07/28/2031 00:00:00;2;13781758;02/09/2026 15:26:40;Maximiliano;Nievas;24369064;02/09/2026 14:17:47;7673;Maximo;Batista;Maximiliano Nievas;Maximo Batista
14136986;02/09/2026 15:26:42;3;2;0001  214918-1;05;CAMIONETA EXP 4;2094944;"VG08    ";"VICTOR GONZALO A.                                 ";AV. MADARIAGA 645;951116;"12006          ";"SET DE 6 PIEZAS LINEA 12000                                           ";10;10;10;23087625;020926152640319;181373667;;;;07/30/2031 00:00:00;10;13781758;02/09/2026 15:26:40;Maximiliano;Nievas;24369064;02/09/2026 14:17:47;7673;Maximo;Batista;Maximiliano Nievas;Maximo Batista
14136986;02/09/2026 15:26:42;3;2;0001  214918-1;05;CAMIONETA EXP 4;2094944;"VG08    ";"VICTOR GONZALO A.                                 ";AV. MADARIAGA 645;951260;"16010          ";16010 - TOALLERO BARRAL LINEA 16000;2;2;2;23087625;020926152640319;181365455;;;;07/31/2031 00:00:00;2;13781758;02/09/2026 15:26:40;Maximiliano;Nievas;24369064;02/09/2026 14:17:47;7673;Maximo;Batista;Maximiliano Nievas;Maximo Batista
14136986;02/09/2026 15:26:42;3;2;0001  214918-1;05;CAMIONETA EXP 4;2094944;"VG08    ";"VICTOR GONZALO A.                                 ";AV. MADARIAGA 645;951263;"16030BL        ";16030BL - PERCHA LINEA 16000 BLACK;2;2;2;23087625;020926152640319;181365138;;;;07/28/2031 00:00:00;2;13781758;02/09/2026 15:26:40;Maximiliano;Nievas;24369064;02/09/2026 14:17:47;7673;Maximo;Batista;Maximiliano Nievas;Maximo Batista
14136986;02/09/2026 15:26:42;3;2;0001  214918-1;05;CAMIONETA EXP 4;2094944;"VG08    ";"VICTOR GONZALO A.                                 ";AV. MADARIAGA 645;951264;"16040          ";16040 - PORTA ROLLO ACCESORIOS LINEA 16000;2;2;2;23087625;020926152640319;181366352;;;;07/27/2031 00:00:00;2;13781758;02/09/2026 15:26:40;Maximiliano;Nievas;24369064;02/09/2026 14:17:47;7673;Maximo;Batista;Maximiliano Nievas;Maximo Batista
14136986;02/09/2026 15:26:42;3;2;0001  214918-1;05;CAMIONETA EXP 4;2094944;"VG08    ";"VICTOR GONZALO A.                                 ";AV. MADARIAGA 645;951300;"17030G         ";17030G - PERCHA LINEA FABRIC GOLD;4;4;4;23087625;020926152640319;181379691;;;;07/29/2031 00:00:00;4;13781758;02/09/2026 15:26:40;Maximiliano;Nievas;24369064;02/09/2026 14:17:47;7673;Maximo;Batista;Maximiliano Nievas;Maximo Batista
14136986;02/09/2026 15:26:42;3;2;0001  214918-1;05;CAMIONETA EXP 4;2094944;"VG08    ";"VICTOR GONZALO A.                                 ";AV. MADARIAGA 645;951301;"17030N         ";17030N - PERCHA LINEA FABRIC BLACK;5;5;5;23087625;020926152640319;181379344;;;;07/28/2031 00:00:00;5;13781758;02/09/2026 15:26:40;Maximiliano;Nievas;24369064;02/09/2026 14:17:47;7673;Maximo;Batista;Maximiliano Nievas;Maximo Batista
14136986;02/09/2026 15:26:42;3;2;0001  214918-1;05;CAMIONETA EXP 4;2094944;"VG08    ";"VICTOR GONZALO A.                                 ";AV. MADARIAGA 645;951303;"17040G         ";17040G - PORTA ROLLO LINEA FABRIC GOLD;3;3;3;23087625;020926152640319;181377085;;;;07/28/2031 00:00:00;3;13781758;02/09/2026 15:26:40;Maximiliano;Nievas;24369064;02/09/2026 14:17:47;7673;Maximo;Batista;Maximiliano Nievas;Maximo Batista
14136986;02/09/2026 15:26:42;3;2;0001  214918-1;05;CAMIONETA EXP 4;2094944;"VG08    ";"VICTOR GONZALO A.                                 ";AV. MADARIAGA 645;951304;"17040N         ";17040N - PORTA ROLLO LINEA FABRIC BLACK;2;2;2;23087625;020926152640319;181378649;;;;07/29/2031 00:00:00;2;13781758;02/09/2026 15:26:40;Maximiliano;Nievas;24369064;02/09/2026 14:17:47;7673;Maximo;Batista;Maximiliano Nievas;Maximo Batista
14136986;02/09/2026 15:26:42;3;2;0001  214918-1;05;CAMIONETA EXP 4;2094944;"VG08    ";"VICTOR GONZALO A.                                 ";AV. MADARIAGA 645;951318;"18040          ";18040 - PORTA ROLLO NIQUEL LINEA BEAT;2;2;2;23087625;020926152640319;181372878;;;;07/28/2031 00:00:00;2;13781758;02/09/2026 15:26:40;Maximiliano;Nievas;24369064;02/09/2026 14:17:47;7673;Maximo;Batista;Maximiliano Nievas;Maximo Batista
14136986;02/09/2026 15:26:42;3;2;0001  214918-1;05;CAMIONETA EXP 4;2094944;"VG08    ";"VICTOR GONZALO A.                                 ";AV. MADARIAGA 645;951513;"20-122N        ";20-122N - MONOCOMANDO COCINA C/PICO EXTRAIBLE VALENCIA BLACK;3;3;3;23087625;020926152640319;181374393;;;;08/06/2031 00:00:00;3;13781758;02/09/2026 15:26:40;Maximiliano;Nievas;24369064;02/09/2026 14:17:47;7673;Maximo;Batista;Maximiliano Nievas;Maximo Batista
14136986;02/09/2026 15:26:42;3;2;0001  214918-1;05;CAMIONETA EXP 4;2094944;"VG08    ";"VICTOR GONZALO A.                                 ";AV. MADARIAGA 645;951562;"20-202N        ";20-202N - MONOCOMANDO COCINA BLACK HOOP;2;2;2;23087625;020926152640319;181371158;;;;07/27/2031 00:00:00;2;13781758;02/09/2026 15:26:40;Maximiliano;Nievas;24369064;02/09/2026 14:17:47;7673;Maximo;Batista;Maximiliano Nievas;Maximo Batista
14136986;02/09/2026 15:26:42;3;2;0001  214918-1;05;CAMIONETA EXP 4;2094944;"VG08    ";"VICTOR GONZALO A.                                 ";AV. MADARIAGA 645;951563;"20-202NI       ";20-202NI - MONOCOMANDO COCINA NICKEL HOOP;2;2;2;23087625;020926152640319;181368608;;;;07/29/2031 00:00:00;2;13781758;02/09/2026 15:26:40;Maximiliano;Nievas;24369064;02/09/2026 14:17:47;7673;Maximo;Batista;Maximiliano Nievas;Maximo Batista
14136986;02/09/2026 15:26:42;3;2;0001  214918-1;05;CAMIONETA EXP 4;2094944;"VG08    ";"VICTOR GONZALO A.                                 ";AV. MADARIAGA 645;951618;"214            ";214 - LAVATORIO CRUZ BL/CR ARES;1;1;1;23087625;020926152640319;181387145;;;;07/31/2031 00:00:00;1;13781758;02/09/2026 15:26:40;Maximiliano;Nievas;24369064;02/09/2026 14:17:47;7673;Maximo;Batista;Maximiliano Nievas;Maximo Batista
14136986;02/09/2026 15:26:42;3;2;0001  214918-1;05;CAMIONETA EXP 4;2094944;"VG08    ";"VICTOR GONZALO A.                                 ";AV. MADARIAGA 645;951620;"214/CR         ";214/CR - LAVATORIO CR/CR ARES;6;6;6;23087625;020926152640319;181384388;;;;01/11/2032 00:00:00;6;13781758;02/09/2026 15:26:40;Maximiliano;Nievas;24369064;02/09/2026 14:17:47;7673;Maximo;Batista;Maximiliano Nievas;Maximo Batista
14136986;02/09/2026 15:26:42;3;2;0001  214918-1;05;CAMIONETA EXP 4;2094944;"VG08    ";"VICTOR GONZALO A.                                 ";AV. MADARIAGA 645;951961;"3030           ";3030 - PERCHA LINEA 3000;4;4;4;23087625;020926152640319;181365963;;;;08/27/2031 00:00:00;4;13781758;02/09/2026 15:26:40;Maximiliano;Nievas;24369064;02/09/2026 14:17:47;7673;Maximo;Batista;Maximiliano Nievas;Maximo Batista
14136986;02/09/2026 15:26:42;3;2;0001  214918-1;05;CAMIONETA EXP 4;2094944;"VG08    ";"VICTOR GONZALO A.                                 ";AV. MADARIAGA 645;951975;"3040           ";3040 - PORTA ROLLO LINEA 3000;4;4;4;23087625;020926152640319;181366756;;;;07/27/2031 00:00:00;4;13781758;02/09/2026 15:26:40;Maximiliano;Nievas;24369064;02/09/2026 14:17:47;7673;Maximo;Batista;Maximiliano Nievas;Maximo Batista
14136986;02/09/2026 15:26:42;3;2;0001  214918-1;05;CAMIONETA EXP 4;2094944;"VG08    ";"VICTOR GONZALO A.                                 ";AV. MADARIAGA 645;951983;"3050           ";3050 - JABONERA LINEA 3000;3;3;3;23087625;020926152640319;181366641;;;;07/27/2031 00:00:00;3;13781758;02/09/2026 15:26:40;Maximiliano;Nievas;24369064;02/09/2026 14:17:47;7673;Maximo;Batista;Maximiliano Nievas;Maximo Batista
14136986;02/09/2026 15:26:42;3;2;0001  214918-1;05;CAMIONETA EXP 4;2094944;"VG08    ";"VICTOR GONZALO A.                                 ";AV. MADARIAGA 645;951993;"3070           ";3070 - JABONERA PARA BAÑERA LINEA 3000;5;5;5;23087625;020926152640319;181366890;;;;07/31/2031 00:00:00;5;13781758;02/09/2026 15:26:40;Maximiliano;Nievas;24369064;02/09/2026 14:17:47;7673;Maximo;Batista;Maximiliano Nievas;Maximo Batista
14136986;02/09/2026 15:26:42;3;2;0001  214918-1;05;CAMIONETA EXP 4;2094944;"VG08    ";"VICTOR GONZALO A.                                 ";AV. MADARIAGA 645;952028;"314/CR         ";314/CR - BIDE CROMO ARES;5;5;5;23087625;020926152640319;181383789;;;;01/11/2032 00:00:00;5;13781758;02/09/2026 15:26:40;Maximiliano;Nievas;24369064;02/09/2026 14:17:47;7673;Maximo;Batista;Maximiliano Nievas;Maximo Batista
14136986;02/09/2026 15:26:42;3;2;0001  214918-1;05;CAMIONETA EXP 4;2094944;"VG08    ";"VICTOR GONZALO A.                                 ";AV. MADARIAGA 645;952290;"434            ";434 - DUCHA EMB.C/TRANSF CRUZ BL/CR ARES;6;6;6;23087625;020926152640319;181387035;;;;07/31/2031 00:00:00;6;13781758;02/09/2026 15:26:40;Maximiliano;Nievas;24369064;02/09/2026 14:17:47;7673;Maximo;Batista;Maximiliano Nievas;Maximo Batista
14136986;02/09/2026 15:26:42;3;2;0001  214918-1;05;CAMIONETA EXP 4;2094944;"VG08    ";"VICTOR GONZALO A.                                 ";AV. MADARIAGA 645;952292;"434/CR         ";434/CR - DUCHA EMB.C/TRANSF CR ARES;7;7;7;23087625;020926152640319;181385939;;;;01/12/2032 00:00:00;7;13781758;02/09/2026 15:26:40;Maximiliano;Nievas;24369064;02/09/2026 14:17:47;7673;Maximo;Batista;Maximiliano Nievas;Maximo Batista
14136986;02/09/2026 15:26:42;3;2;0001  214918-1;05;CAMIONETA EXP 4;2094944;"VG08    ";"VICTOR GONZALO A.                                 ";AV. MADARIAGA 645;952591;"601            ";601 - CANILLA COCINA MESADA CROMO DIQUE;5;5;5;23087625;020926152640319;181390136;;;;12/20/2031 00:00:00;5;13781758;02/09/2026 15:26:40;Maximiliano;Nievas;24369064;02/09/2026 14:17:47;7673;Maximo;Batista;Maximiliano Nievas;Maximo Batista
14136986;02/09/2026 15:26:42;3;2;0001  214918-1;05;CAMIONETA EXP 4;2094944;"VG08    ";"VICTOR GONZALO A.                                 ";AV. MADARIAGA 645;952634;"60-162         ";60-162 - LAVATORIO CR C.CERAM LINEA ADRA;5;5;5;23087625;020926152640319;181382932;;;;07/29/2031 00:00:00;5;13781758;02/09/2026 15:26:40;Maximiliano;Nievas;24369064;02/09/2026 14:17:47;7673;Maximo;Batista;Maximiliano Nievas;Maximo Batista
14136986;02/09/2026 15:26:42;3;2;0001  214918-1;05;CAMIONETA EXP 4;2094944;"VG08    ";"VICTOR GONZALO A.                                 ";AV. MADARIAGA 645;952638;"60-168N        ";60-168N - LAVATORIO MONOC BAJO BLACK WAVE;2;2;2;23087625;020926152640319;181368260;;;;07/27/2031 00:00:00;2;13781758;02/09/2026 15:26:40;Maximiliano;Nievas;24369064;02/09/2026 14:17:47;7673;Maximo;Batista;Maximiliano Nievas;Maximo Batista
14136986;02/09/2026 15:26:42;3;2;0001  214918-1;05;CAMIONETA EXP 4;2094944;"VG08    ";"VICTOR GONZALO A.                                 ";AV. MADARIAGA 645;952643;"60-175DG       ";60-175DG - LAVATORIO PULSE DARK GOLD C.CERAM;2;2;2;23087625;020926152640319;181389016;;;;07/31/2031 00:00:00;2;13781758;02/09/2026 15:26:40;Maximiliano;Nievas;24369064;02/09/2026 14:17:47;7673;Maximo;Batista;Maximiliano Nievas;Maximo Batista
14136986;02/09/2026 15:26:42;3;2;0001  214918-1;05;CAMIONETA EXP 4;2094944;"VG08    ";"VICTOR GONZALO A.                                 ";AV. MADARIAGA 645;952679;"60-205         ";60-205 - LAVATORIO MONOC BAJO STEEL;2;2;2;23087625;020926152640319;181369951;;;;07/27/2031 00:00:00;2;13781758;02/09/2026 15:26:40;Maximiliano;Nievas;24369064;02/09/2026 14:17:47;7673;Maximo;Batista;Maximiliano Nievas;Maximo Batista
14136986;02/09/2026 15:26:42;3;2;0001  214918-1;05;CAMIONETA EXP 4;2094944;"VG08    ";"VICTOR GONZALO A.                                 ";AV. MADARIAGA 645;952709;"61-168N        ";61-168N - LAVATORIO MONOC ALTO BLACK WAVE;2;2;2;23087625;020926152640319;181371046;;;;07/28/2031 00:00:00;2;13781758;02/09/2026 15:26:40;Maximiliano;Nievas;24369064;02/09/2026 14:17:47;7673;Maximo;Batista;Maximiliano Nievas;Maximo Batista
14136986;02/09/2026 15:26:42;3;2;0001  214918-1;05;CAMIONETA EXP 4;2094944;"VG08    ";"VICTOR GONZALO A.                                 ";AV. MADARIAGA 645;952728;"61-205         ";61-205 - LAVATORIO MONOC ALTO STEEL;2;2;2;23087625;020926152640319;181370000;;;;07/28/2031 00:00:00;2;13781758;02/09/2026 15:26:40;Maximiliano;Nievas;24369064;02/09/2026 14:17:47;7673;Maximo;Batista;Maximiliano Nievas;Maximo Batista
14136986;02/09/2026 15:26:42;3;2;0001  214918-1;05;CAMIONETA EXP 4;2094944;"VG08    ";"VICTOR GONZALO A.                                 ";AV. MADARIAGA 645;952912;"70-162         ";70-162 - BIDE CR C.CERAM LINEA ADRA;2;2;2;23087625;020926152640319;181382533;;;;07/29/2031 00:00:00;2;13781758;02/09/2026 15:26:40;Maximiliano;Nievas;24369064;02/09/2026 14:17:47;7673;Maximo;Batista;Maximiliano Nievas;Maximo Batista
14136986;02/09/2026 15:26:42;3;2;0001  214918-1;05;CAMIONETA EXP 4;2094944;"VG08    ";"VICTOR GONZALO A.                                 ";AV. MADARIAGA 645;952916;"70-168N        ";70-168N - BIDE MONOC BLACK WAVE;4;4;4;23087625;020926152640319;181378242;;;;01/05/2032 00:00:00;4;13781758;02/09/2026 15:26:40;Maximiliano;Nievas;24369064;02/09/2026 14:17:47;7673;Maximo;Batista;Maximiliano Nievas;Maximo Batista
14136986;02/09/2026 15:26:42;3;2;0001  214918-1;05;CAMIONETA EXP 4;2094944;"VG08    ";"VICTOR GONZALO A.                                 ";AV. MADARIAGA 645;952954;"70-203         ";70-203 - BIDE MONOCOMANDO ADRA;5;5;5;23087625;020926152640319;181377456;;;;07/29/2031 00:00:00;5;13781758;02/09/2026 15:26:40;Maximiliano;Nievas;24369064;02/09/2026 14:17:47;7673;Maximo;Batista;Maximiliano Nievas;Maximo Batista
14136986;02/09/2026 15:26:42;3;2;0001  214918-1;05;CAMIONETA EXP 4;2094944;"VG08    ";"VICTOR GONZALO A.                                 ";AV. MADARIAGA 645;952956;"70-205         ";70-205 - BIDE MONOCOMANDO STEEL;2;2;2;23087625;020926152640319;181369196;;;;11/08/2031 00:00:00;2;13781758;02/09/2026 15:26:40;Maximiliano;Nievas;24369064;02/09/2026 14:17:47;7673;Maximo;Batista;Maximiliano Nievas;Maximo Batista
14136986;02/09/2026 15:26:42;3;2;0001  214918-1;05;CAMIONETA EXP 4;2094944;"VG08    ";"VICTOR GONZALO A.                                 ";AV. MADARIAGA 645;953109;"80-166         ";"DUCHA EMB. C/TRANSF. CR C.CERAM ADRA PLUS                             ";4;4;4;23087625;020926152640319;181382262;;;;01/18/2032 00:00:00;4;13781758;02/09/2026 15:26:40;Maximiliano;Nievas;24369064;02/09/2026 14:17:47;7673;Maximo;Batista;Maximiliano Nievas;Maximo Batista
14136986;02/09/2026 15:26:42;3;2;0001  214918-1;05;CAMIONETA EXP 4;2094944;"VG08    ";"VICTOR GONZALO A.                                 ";AV. MADARIAGA 645;953113;"80-168N        ";80-168N - DUCHA EMB C/TRANSF MONOC BLACK WAVE;2;2;2;23087625;020926152640319;181392730;;;;01/22/2032 00:00:00;2;13781758;02/09/2026 15:26:40;Maximiliano;Nievas;24369064;02/09/2026 14:17:47;7673;Maximo;Batista;Maximiliano Nievas;Maximo Batista
14136986;02/09/2026 15:26:42;3;2;0001  214918-1;05;CAMIONETA EXP 4;2094944;"VG08    ";"VICTOR GONZALO A.                                 ";AV. MADARIAGA 645;953159;"80-203P        ";80-203P - DUCHA EMB C/TRANSF. MONOCOMANDO ADRA PLUS;2;2;2;23087625;020926152640319;181376078;;;;07/27/2031 00:00:00;2;13781758;02/09/2026 15:26:40;Maximiliano;Nievas;24369064;02/09/2026 14:17:47;7673;Maximo;Batista;Maximiliano Nievas;Maximo Batista
14136986;02/09/2026 15:26:42;3;2;0001  214918-1;05;CAMIONETA EXP 4;2094944;"VG08    ";"VICTOR GONZALO A.                                 ";AV. MADARIAGA 645;953161;"80-205         ";80-205 - DUCHA EMB. C/TRANSF. MONOC STEEL;2;2;2;23087625;020926152640319;181372322;;;;08/11/2031 00:00:00;2;13781758;02/09/2026 15:26:40;Maximiliano;Nievas;24369064;02/09/2026 14:17:47;7673;Maximo;Batista;Maximiliano Nievas;Maximo Batista
14136986;02/09/2026 15:26:42;3;2;0001  214918-1;05;CAMIONETA EXP 4;2094944;"VG08    ";"VICTOR GONZALO A.                                 ";AV. MADARIAGA 645;953167;"8030           ";8030 - PERCHA LINEA 8000;5;5;5;23087625;020926152640319;181367460;;;;07/29/2031 00:00:00;5;13781758;02/09/2026 15:26:40;Maximiliano;Nievas;24369064;02/09/2026 14:17:47;7673;Maximo;Batista;Maximiliano Nievas;Maximo Batista
14136986;02/09/2026 15:26:42;3;2;0001  214918-1;05;CAMIONETA EXP 4;2094944;"VG08    ";"VICTOR GONZALO A.                                 ";AV. MADARIAGA 645;953182;"8040           ";8040 - PORTA ROLLO LINEA 8000;5;5;5;23087625;020926152640319;181367965;;;;08/27/2031 00:00:00;5;13781758;02/09/2026 15:26:40;Maximiliano;Nievas;24369064;02/09/2026 14:17:47;7673;Maximo;Batista;Maximiliano Nievas;Maximo Batista
14136986;02/09/2026 15:26:42;3;2;0001  214918-1;05;CAMIONETA EXP 4;2094944;"VG08    ";"VICTOR GONZALO A.                                 ";AV. MADARIAGA 645;953474;"933            ";933 - JGO PARED C/EXT CR DIQUE;5;5;5;23087625;020926152640319;181388117;;;;01/07/2032 00:00:00;5;13781758;02/09/2026 15:26:40;Maximiliano;Nievas;24369064;02/09/2026 14:17:47;7673;Maximo;Batista;Maximiliano Nievas;Maximo Batista
14136986;02/09/2026 15:26:42;3;2;0001  214918-1;05;CAMIONETA EXP 4;2094944;"VG08    ";"VICTOR GONZALO A.                                 ";AV. MADARIAGA 645;954376;"A1539          ";"TAPA Y TECLA PARA VALVULA DE DESCARGA CUADRADA MINIMALISTA CR         ";1;1;1;23087625;020926152640319;181391405;;;;07/31/2031 00:00:00;1;13781758;02/09/2026 15:26:40;Maximiliano;Nievas;24369064;02/09/2026 14:17:47;7673;Maximo;Batista;Maximiliano Nievas;Maximo Batista
14136986;02/09/2026 15:26:42;3;2;0001  214918-1;05;CAMIONETA EXP 4;2094944;"VG08    ";"VICTOR GONZALO A.                                 ";AV. MADARIAGA 645;954380;"A1539NI        ";"TAPA Y TECLA PARA VALVULA DE DESCARGA CUADRADA MINIMALISTA NICKEL     ";1;1;1;23087625;020926152640319;181391075;;;;07/31/2031 00:00:00;1;13781758;02/09/2026 15:26:40;Maximiliano;Nievas;24369064;02/09/2026 14:17:47;7673;Maximo;Batista;Maximiliano Nievas;Maximo Batista
14136986;02/09/2026 15:26:42;3;2;0001  214918-1;05;CAMIONETA EXP 4;2094944;"VG08    ";"VICTOR GONZALO A.                                 ";AV. MADARIAGA 645;954382;"A1540          ";"CUERPO VALVULA DE DESAGOTE P/INODORO TECNO 02-010/011                 ";2;2;2;23087625;020926152640319;181391701;;;;07/28/2031 00:00:00;2;13781758;02/09/2026 15:26:40;Maximiliano;Nievas;24369064;02/09/2026 14:17:47;7673;Maximo;Batista;Maximiliano Nievas;Maximo Batista
14136986;02/09/2026 15:26:42;3;2;0001  214918-1;05;CAMIONETA EXP 4;2094944;"VG08    ";"VICTOR GONZALO A.                                 ";AV. MADARIAGA 645;954649;"A814           ";A814 - DUCHA C/BRAZO Y CAMPANA CR;10;10;10;23087625;020926152640319;181364963;;;;08/13/2031 00:00:00;10;13781758;02/09/2026 15:26:40;Maximiliano;Nievas;24369064;02/09/2026 14:17:47;7673;Maximo;Batista;Maximiliano Nievas;Maximo Batista
14136986;02/09/2026 15:26:42;3;2;0001  214918-1;05;CAMIONETA EXP 4;2094944;"VG08    ";"VICTOR GONZALO A.                                 ";AV. MADARIAGA 645;954651;"A816           ";"A816 - DUCHA 6"" C/BRAZO Y CAMPANA CR";6;6;6;23087625;020926152640319;181364224;;;;07/27/2031 00:00:00;6;13781758;02/09/2026 15:26:40;Maximiliano;Nievas;24369064;02/09/2026 14:17:47;7673;Maximo;Batista;Maximiliano Nievas;Maximo Batista
14136986;02/09/2026 15:26:42;3;2;0001  214918-1;05;CAMIONETA EXP 4;2094944;"VG08    ";"VICTOR GONZALO A.                                 ";AV. MADARIAGA 645;954914;"BCH12          ";BCH12 - BACHA DE APOYAR BLANCA 460x320x140;2;2;2;23087625;020926152640319;181381030;;;;11/10/2031 00:00:00;2;13781758;02/09/2026 15:26:40;Maximiliano;Nievas;24369064;02/09/2026 14:17:47;7673;Maximo;Batista;Maximiliano Nievas;Maximo Batista
14136986;02/09/2026 15:26:42;3;2;0001  214918-1;05;CAMIONETA EXP 4;2094944;"VG08    ";"VICTOR GONZALO A.                                 ";AV. MADARIAGA 645;954916;"BCH14          ";BCH14 - BACHA SEMI EMBUTIDA BLANCA 430x380x155;1;1;1;23087625;020926152640319;181380639;;;;07/27/2031 00:00:00;1;13781758;02/09/2026 15:26:40;Maximiliano;Nievas;24369064;02/09/2026 14:17:47;7673;Maximo;Batista;Maximiliano Nievas;Maximo Batista
14136986;02/09/2026 15:26:42;3;2;0001  214918-1;05;CAMIONETA EXP 4;2094944;"VG08    ";"VICTOR GONZALO A.                                 ";AV. MADARIAGA 645;954918;"BCH16          ";BCH16 - BACHA DE APOYAR BLANCA 610x457x254 C/DESAGOTE Y REJILLA;1;1;1;23087625;020926152640319;181395398;;;;01/06/2032 00:00:00;1;13781758;02/09/2026 15:26:40;Maximiliano;Nievas;24369064;02/09/2026 14:17:47;7673;Maximo;Batista;Maximiliano Nievas;Maximo Batista
14136986;02/09/2026 15:26:42;3;2;0001  214918-1;05;CAMIONETA EXP 4;2094944;"VG08    ";"VICTOR GONZALO A.                                 ";AV. MADARIAGA 645;1007844;"20-122S        ";"MONOCOMANDO COCINA INOX C/PICO EXTRAIBLE VALENCIA                     ";6;6;6;23087625;020926152640319;181374071;;;;01/06/2032 00:00:00;6;13781758;02/09/2026 15:26:40;Maximiliano;Nievas;24369064;02/09/2026 14:17:47;7673;Maximo;Batista;Maximiliano Nievas;Maximo Batista
14137245;04/09/2026 11:47:06;3;2;0001  214855-1;03;CAMIONETA MIE 1;2092009;"DA18    ";"DADDONA S.A.                                      ";AV. ASAMBLEA 580;951113;"12004N         ";"SET DE 4 PIEZAS LINEA 12000 BLACK                                     ";10;10;10;23139625;040926114706045;181768046;;;;09/01/2031 00:00:00;10;13812211;04/09/2026 11:47:06;Tiago;Rodriguez;24419032;04/09/2026 08:29:15;6867;Javier;Lescano;Tiago Rodriguez;Javier Lescano
14137245;04/09/2026 11:47:06;3;2;0001  214855-1;03;CAMIONETA MIE 1;2092009;"DA18    ";"DADDONA S.A.                                      ";AV. ASAMBLEA 580;954914;"BCH12          ";BCH12 - BACHA DE APOYAR BLANCA 460x320x140;100;100;100;23144475;040926090602130;181796002;;;;11/10/2031 00:00:00;1;13812228;04/09/2026 09:06:02;Tiago;Rodriguez;;;;;;Tiago Rodriguez;
14137245;04/09/2026 11:47:06;3;2;0001  214855-1;03;CAMIONETA MIE 1;2092009;"DA18    ";"DADDONA S.A.                                      ";AV. ASAMBLEA 580;954914;"BCH12          ";BCH12 - BACHA DE APOYAR BLANCA 460x320x140;100;100;100;23144478;040926090612115;181796046;;;;11/10/2031 00:00:00;1;13812234;04/09/2026 09:06:12;Tiago;Rodriguez;;;;;;Tiago Rodriguez;
14137245;04/09/2026 11:47:06;3;2;0001  214855-1;03;CAMIONETA MIE 1;2092009;"DA18    ";"DADDONA S.A.                                      ";AV. ASAMBLEA 580;954914;"BCH12          ";BCH12 - BACHA DE APOYAR BLANCA 460x320x140;100;100;100;23144481;040926090621247;181796089;;;;11/10/2031 00:00:00;1;13812237;04/09/2026 09:06:21;Tiago;Rodriguez;;;;;;Tiago Rodriguez;
14137245;04/09/2026 11:47:06;3;2;0001  214855-1;03;CAMIONETA MIE 1;2092009;"DA18    ";"DADDONA S.A.                                      ";AV. ASAMBLEA 580;954914;"BCH12          ";BCH12 - BACHA DE APOYAR BLANCA 460x320x140;100;100;100;23144494;040926090629466;181796124;;;;11/10/2031 00:00:00;1;13812243;04/09/2026 09:06:29;Tiago;Rodriguez;;;;;;Tiago Rodriguez;
14137245;04/09/2026 11:47:06;3;2;0001  214855-1;03;CAMIONETA MIE 1;2092009;"DA18    ";"DADDONA S.A.                                      ";AV. ASAMBLEA 580;954914;"BCH12          ";BCH12 - BACHA DE APOYAR BLANCA 460x320x140;100;100;100;23144497;040926090637798;181796248;;;;11/10/2031 00:00:00;1;13812246;04/09/2026 09:06:37;Tiago;Rodriguez;;;;;;Tiago Rodriguez;
14137245;04/09/2026 11:47:06;3;2;0001  214855-1;03;CAMIONETA MIE 1;2092009;"DA18    ";"DADDONA S.A.                                      ";AV. ASAMBLEA 580;954914;"BCH12          ";BCH12 - BACHA DE APOYAR BLANCA 460x320x140;100;100;100;23144512;040926090652465;181796318;;;;11/10/2031 00:00:00;1;13812256;04/09/2026 09:06:52;Tiago;Rodriguez;;;;;;Tiago Rodriguez;
14137245;04/09/2026 11:47:06;3;2;0001  214855-1;03;CAMIONETA MIE 1;2092009;"DA18    ";"DADDONA S.A.                                      ";AV. ASAMBLEA 580;954914;"BCH12          ";BCH12 - BACHA DE APOYAR BLANCA 460x320x140;100;100;100;23144515;040926090659251;181796352;;;;11/10/2031 00:00:00;1;13812262;04/09/2026 09:06:59;Tiago;Rodriguez;;;;;;Tiago Rodriguez;
14137245;04/09/2026 11:47:06;3;2;0001  214855-1;03;CAMIONETA MIE 1;2092009;"DA18    ";"DADDONA S.A.                                      ";AV. ASAMBLEA 580;954914;"BCH12          ";BCH12 - BACHA DE APOYAR BLANCA 460x320x140;100;100;100;23144521;040926090705742;181796376;;;;11/10/2031 00:00:00;1;13812264;04/09/2026 09:07:05;Tiago;Rodriguez;;;;;;Tiago Rodriguez;
14137245;04/09/2026 11:47:06;3;2;0001  214855-1;03;CAMIONETA MIE 1;2092009;"DA18    ";"DADDONA S.A.                                      ";AV. ASAMBLEA 580;954914;"BCH12          ";BCH12 - BACHA DE APOYAR BLANCA 460x320x140;100;100;100;23144528;040926090712140;181796420;;;;11/10/2031 00:00:00;1;13812268;04/09/2026 09:07:12;Tiago;Rodriguez;;;;;;Tiago Rodriguez;
14137245;04/09/2026 11:47:06;3;2;0001  214855-1;03;CAMIONETA MIE 1;2092009;"DA18    ";"DADDONA S.A.                                      ";AV. ASAMBLEA 580;954914;"BCH12          ";BCH12 - BACHA DE APOYAR BLANCA 460x320x140;100;100;100;23144533;040926090718964;181796455;;;;11/10/2031 00:00:00;1;13812272;04/09/2026 09:07:18;Tiago;Rodriguez;;;;;;Tiago Rodriguez;
14137245;04/09/2026 11:47:06;3;2;0001  214855-1;03;CAMIONETA MIE 1;2092009;"DA18    ";"DADDONA S.A.                                      ";AV. ASAMBLEA 580;954914;"BCH12          ";BCH12 - BACHA DE APOYAR BLANCA 460x320x140;100;100;100;23144536;040926090726477;181796485;;;;11/10/2031 00:00:00;1;13812281;04/09/2026 09:07:26;Tiago;Rodriguez;;;;;;Tiago Rodriguez;
14137245;04/09/2026 11:47:06;3;2;0001  214855-1;03;CAMIONETA MIE 1;2092009;"DA18    ";"DADDONA S.A.                                      ";AV. ASAMBLEA 580;954914;"BCH12          ";BCH12 - BACHA DE APOYAR BLANCA 460x320x140;100;100;100;23144543;040926090734109;181796531;;;;11/10/2031 00:00:00;1;13812284;04/09/2026 09:07:34;Tiago;Rodriguez;;;;;;Tiago Rodriguez;
14137245;04/09/2026 11:47:06;3;2;0001  214855-1;03;CAMIONETA MIE 1;2092009;"DA18    ";"DADDONA S.A.                                      ";AV. ASAMBLEA 580;954914;"BCH12          ";BCH12 - BACHA DE APOYAR BLANCA 460x320x140;100;100;100;23144557;040926090741285;181796574;;;;11/10/2031 00:00:00;1;13812287;04/09/2026 09:07:41;Tiago;Rodriguez;;;;;;Tiago Rodriguez;
14137245;04/09/2026 11:47:06;3;2;0001  214855-1;03;CAMIONETA MIE 1;2092009;"DA18    ";"DADDONA S.A.                                      ";AV. ASAMBLEA 580;954914;"BCH12          ";BCH12 - BACHA DE APOYAR BLANCA 460x320x140;100;100;100;23144564;040926090748198;181796606;;;;11/10/2031 00:00:00;1;13812291;04/09/2026 09:07:48;Tiago;Rodriguez;;;;;;Tiago Rodriguez;
14137245;04/09/2026 11:47:06;3;2;0001  214855-1;03;CAMIONETA MIE 1;2092009;"DA18    ";"DADDONA S.A.                                      ";AV. ASAMBLEA 580;954914;"BCH12          ";BCH12 - BACHA DE APOYAR BLANCA 460x320x140;100;100;100;23144579;040926090756705;181796638;;;;11/10/2031 00:00:00;1;13812296;04/09/2026 09:07:56;Tiago;Rodriguez;;;;;;Tiago Rodriguez;
14137245;04/09/2026 11:47:06;3;2;0001  214855-1;03;CAMIONETA MIE 1;2092009;"DA18    ";"DADDONA S.A.                                      ";AV. ASAMBLEA 580;954914;"BCH12          ";BCH12 - BACHA DE APOYAR BLANCA 460x320x140;100;100;100;23144585;040926090804205;181796677;;;;11/10/2031 00:00:00;1;13812300;04/09/2026 09:08:04;Tiago;Rodriguez;;;;;;Tiago Rodriguez;
14137245;04/09/2026 11:47:06;3;2;0001  214855-1;03;CAMIONETA MIE 1;2092009;"DA18    ";"DADDONA S.A.                                      ";AV. ASAMBLEA 580;954914;"BCH12          ";BCH12 - BACHA DE APOYAR BLANCA 460x320x140;100;100;100;23144591;040926090811439;181796721;;;;11/10/2031 00:00:00;1;13812305;04/09/2026 09:08:11;Tiago;Rodriguez;;;;;;Tiago Rodriguez;
14137245;04/09/2026 11:47:06;3;2;0001  214855-1;03;CAMIONETA MIE 1;2092009;"DA18    ";"DADDONA S.A.                                      ";AV. ASAMBLEA 580;954914;"BCH12          ";BCH12 - BACHA DE APOYAR BLANCA 460x320x140;100;100;100;23144592;040926090819655;181796761;;;;11/10/2031 00:00:00;1;13812310;04/09/2026 09:08:19;Tiago;Rodriguez;;;;;;Tiago Rodriguez;
14137245;04/09/2026 11:47:06;3;2;0001  214855-1;03;CAMIONETA MIE 1;2092009;"DA18    ";"DADDONA S.A.                                      ";AV. ASAMBLEA 580;954914;"BCH12          ";BCH12 - BACHA DE APOYAR BLANCA 460x320x140;100;100;100;23144596;040926090826983;181796799;;;;11/10/2031 00:00:00;1;13812313;04/09/2026 09:08:26;Tiago;Rodriguez;;;;;;Tiago Rodriguez;
14137245;04/09/2026 11:47:06;3;2;0001  214855-1;03;CAMIONETA MIE 1;2092009;"DA18    ";"DADDONA S.A.                                      ";AV. ASAMBLEA 580;954914;"BCH12          ";BCH12 - BACHA DE APOYAR BLANCA 460x320x140;100;100;100;23144604;040926090836806;181796856;;;;11/10/2031 00:00:00;1;13812315;04/09/2026 09:08:36;Tiago;Rodriguez;;;;;;Tiago Rodriguez;
14137245;04/09/2026 11:47:06;3;2;0001  214855-1;03;CAMIONETA MIE 1;2092009;"DA18    ";"DADDONA S.A.                                      ";AV. ASAMBLEA 580;954914;"BCH12          ";BCH12 - BACHA DE APOYAR BLANCA 460x320x140;100;100;100;23144609;040926090844449;181796902;;;;11/10/2031 00:00:00;1;13812322;04/09/2026 09:08:44;Tiago;Rodriguez;;;;;;Tiago Rodriguez;
14137245;04/09/2026 11:47:06;3;2;0001  214855-1;03;CAMIONETA MIE 1;2092009;"DA18    ";"DADDONA S.A.                                      ";AV. ASAMBLEA 580;954914;"BCH12          ";BCH12 - BACHA DE APOYAR BLANCA 460x320x140;100;100;100;23144614;040926090850870;181796932;;;;11/10/2031 00:00:00;1;13812325;04/09/2026 09:08:50;Tiago;Rodriguez;;;;;;Tiago Rodriguez;
14137245;04/09/2026 11:47:06;3;2;0001  214855-1;03;CAMIONETA MIE 1;2092009;"DA18    ";"DADDONA S.A.                                      ";AV. ASAMBLEA 580;954914;"BCH12          ";BCH12 - BACHA DE APOYAR BLANCA 460x320x140;100;100;100;23144617;040926090856661;181796947;;;;11/10/2031 00:00:00;1;13812334;04/09/2026 09:08:56;Tiago;Rodriguez;;;;;;Tiago Rodriguez;
14137245;04/09/2026 11:47:06;3;2;0001  214855-1;03;CAMIONETA MIE 1;2092009;"DA18    ";"DADDONA S.A.                                      ";AV. ASAMBLEA 580;954914;"BCH12          ";BCH12 - BACHA DE APOYAR BLANCA 460x320x140;100;100;100;23144631;040926090904467;181796984;;;;11/10/2031 00:00:00;1;13812337;04/09/2026 09:09:04;Tiago;Rodriguez;;;;;;Tiago Rodriguez;
14137245;04/09/2026 11:47:06;3;2;0001  214855-1;03;CAMIONETA MIE 1;2092009;"DA18    ";"DADDONA S.A.                                      ";AV. ASAMBLEA 580;954914;"BCH12          ";BCH12 - BACHA DE APOYAR BLANCA 460x320x140;100;100;100;23144640;040926090912222;181797024;;;;11/10/2031 00:00:00;1;13812342;04/09/2026 09:09:12;Tiago;Rodriguez;;;;;;Tiago Rodriguez;
14137245;04/09/2026 11:47:06;3;2;0001  214855-1;03;CAMIONETA MIE 1;2092009;"DA18    ";"DADDONA S.A.                                      ";AV. ASAMBLEA 580;954914;"BCH12          ";BCH12 - BACHA DE APOYAR BLANCA 460x320x140;100;100;100;23144653;040926090920008;181797060;;;;11/10/2031 00:00:00;1;13812347;04/09/2026 09:09:20;Tiago;Rodriguez;;;;;;Tiago Rodriguez;
14137245;04/09/2026 11:47:06;3;2;0001  214855-1;03;CAMIONETA MIE 1;2092009;"DA18    ";"DADDONA S.A.                                      ";AV. ASAMBLEA 580;954914;"BCH12          ";BCH12 - BACHA DE APOYAR BLANCA 460x320x140;100;100;100;23144655;040926090927217;181797091;;;;11/10/2031 00:00:00;1;13812350;04/09/2026 09:09:27;Tiago;Rodriguez;;;;;;Tiago Rodriguez;
14137245;04/09/2026 11:47:06;3;2;0001  214855-1;03;CAMIONETA MIE 1;2092009;"DA18    ";"DADDONA S.A.                                      ";AV. ASAMBLEA 580;954914;"BCH12          ";BCH12 - BACHA DE APOYAR BLANCA 460x320x140;100;100;100;23144663;040926090935286;181797125;;;;11/10/2031 00:00:00;1;13812356;04/09/2026 09:09:35;Tiago;Rodriguez;;;;;;Tiago Rodriguez;
14137245;04/09/2026 11:47:06;3;2;0001  214855-1;03;CAMIONETA MIE 1;2092009;"DA18    ";"DADDONA S.A.                                      ";AV. ASAMBLEA 580;954914;"BCH12          ";BCH12 - BACHA DE APOYAR BLANCA 460x320x140;100;100;100;23144680;040926090959714;181797252;;;;11/10/2031 00:00:00;1;13812369;04/09/2026 09:09:59;Tiago;Rodriguez;;;;;;Tiago Rodriguez;
14137245;04/09/2026 11:47:06;3;2;0001  214855-1;03;CAMIONETA MIE 1;2092009;"DA18    ";"DADDONA S.A.                                      ";AV. ASAMBLEA 580;954914;"BCH12          ";BCH12 - BACHA DE APOYAR BLANCA 460x320x140;100;100;100;23144684;040926091008538;181797280;;;;11/10/2031 00:00:00;1;13812371;04/09/2026 09:10:08;Tiago;Rodriguez;;;;;;Tiago Rodriguez;
14137245;04/09/2026 11:47:06;3;2;0001  214855-1;03;CAMIONETA MIE 1;2092009;"DA18    ";"DADDONA S.A.                                      ";AV. ASAMBLEA 580;954914;"BCH12          ";BCH12 - BACHA DE APOYAR BLANCA 460x320x140;100;100;100;23144688;040926091016122;181797322;;;;11/10/2031 00:00:00;1;13812372;04/09/2026 09:10:16;Tiago;Rodriguez;;;;;;Tiago Rodriguez;
14137245;04/09/2026 11:47:06;3;2;0001  214855-1;03;CAMIONETA MIE 1;2092009;"DA18    ";"DADDONA S.A.                                      ";AV. ASAMBLEA 580;954914;"BCH12          ";BCH12 - BACHA DE APOYAR BLANCA 460x320x140;100;100;100;23144692;040926091022689;181797356;;;;11/10/2031 00:00:00;1;13812376;04/09/2026 09:10:22;Tiago;Rodriguez;;;;;;Tiago Rodriguez;
14137245;04/09/2026 11:47:06;3;2;0001  214855-1;03;CAMIONETA MIE 1;2092009;"DA18    ";"DADDONA S.A.                                      ";AV. ASAMBLEA 580;954914;"BCH12          ";BCH12 - BACHA DE APOYAR BLANCA 460x320x140;100;100;100;23144706;040926091033401;181797403;;;;11/10/2031 00:00:00;1;13812379;04/09/2026 09:10:33;Tiago;Rodriguez;;;;;;Tiago Rodriguez;
14137245;04/09/2026 11:47:06;3;2;0001  214855-1;03;CAMIONETA MIE 1;2092009;"DA18    ";"DADDONA S.A.                                      ";AV. ASAMBLEA 580;954914;"BCH12          ";BCH12 - BACHA DE APOYAR BLANCA 460x320x140;100;100;100;23144725;040926091041251;181797447;;;;11/10/2031 00:00:00;1;13812381;04/09/2026 09:10:41;Tiago;Rodriguez;;;;;;Tiago Rodriguez;
14137245;04/09/2026 11:47:06;3;2;0001  214855-1;03;CAMIONETA MIE 1;2092009;"DA18    ";"DADDONA S.A.                                      ";AV. ASAMBLEA 580;954914;"BCH12          ";BCH12 - BACHA DE APOYAR BLANCA 460x320x140;100;100;100;23144730;040926091049439;181797479;;;;11/10/2031 00:00:00;1;13812385;04/09/2026 09:10:49;Tiago;Rodriguez;;;;;;Tiago Rodriguez;
14137245;04/09/2026 11:47:06;3;2;0001  214855-1;03;CAMIONETA MIE 1;2092009;"DA18    ";"DADDONA S.A.                                      ";AV. ASAMBLEA 580;954914;"BCH12          ";BCH12 - BACHA DE APOYAR BLANCA 460x320x140;100;100;100;23144732;040926091055197;181797501;;;;11/10/2031 00:00:00;1;13812390;04/09/2026 09:10:55;Tiago;Rodriguez;;;;;;Tiago Rodriguez;
14137245;04/09/2026 11:47:06;3;2;0001  214855-1;03;CAMIONETA MIE 1;2092009;"DA18    ";"DADDONA S.A.                                      ";AV. ASAMBLEA 580;954914;"BCH12          ";BCH12 - BACHA DE APOYAR BLANCA 460x320x140;100;100;100;23144741;040926091101488;181797532;;;;11/10/2031 00:00:00;1;13812393;04/09/2026 09:11:01;Tiago;Rodriguez;;;;;;Tiago Rodriguez;
14137245;04/09/2026 11:47:06;3;2;0001  214855-1;03;CAMIONETA MIE 1;2092009;"DA18    ";"DADDONA S.A.                                      ";AV. ASAMBLEA 580;954914;"BCH12          ";BCH12 - BACHA DE APOYAR BLANCA 460x320x140;100;100;100;23144745;040926091108703;181797571;;;;11/10/2031 00:00:00;1;13812397;04/09/2026 09:11:08;Tiago;Rodriguez;;;;;;Tiago Rodriguez;
14137245;04/09/2026 11:47:06;3;2;0001  214855-1;03;CAMIONETA MIE 1;2092009;"DA18    ";"DADDONA S.A.                                      ";AV. ASAMBLEA 580;954914;"BCH12          ";BCH12 - BACHA DE APOYAR BLANCA 460x320x140;100;100;100;23144753;040926091116393;181797601;;;;11/10/2031 00:00:00;1;13812401;04/09/2026 09:11:16;Tiago;Rodriguez;;;;;;Tiago Rodriguez;
14137245;04/09/2026 11:47:06;3;2;0001  214855-1;03;CAMIONETA MIE 1;2092009;"DA18    ";"DADDONA S.A.                                      ";AV. ASAMBLEA 580;954914;"BCH12          ";BCH12 - BACHA DE APOYAR BLANCA 460x320x140;100;100;100;23144757;040926091123671;181797629;;;;11/10/2031 00:00:00;1;13812407;04/09/2026 09:11:23;Tiago;Rodriguez;;;;;;Tiago Rodriguez;
14137245;04/09/2026 11:47:06;3;2;0001  214855-1;03;CAMIONETA MIE 1;2092009;"DA18    ";"DADDONA S.A.                                      ";AV. ASAMBLEA 580;954914;"BCH12          ";BCH12 - BACHA DE APOYAR BLANCA 460x320x140;100;100;100;23144763;040926091130726;181797666;;;;11/10/2031 00:00:00;1;13812411;04/09/2026 09:11:30;Tiago;Rodriguez;;;;;;Tiago Rodriguez;
14137245;04/09/2026 11:47:06;3;2;0001  214855-1;03;CAMIONETA MIE 1;2092009;"DA18    ";"DADDONA S.A.                                      ";AV. ASAMBLEA 580;954914;"BCH12          ";BCH12 - BACHA DE APOYAR BLANCA 460x320x140;100;100;100;23144779;040926091151884;181797763;;;;11/10/2031 00:00:00;1;13812420;04/09/2026 09:11:51;Tiago;Rodriguez;;;;;;Tiago Rodriguez;
14137245;04/09/2026 11:47:06;3;2;0001  214855-1;03;CAMIONETA MIE 1;2092009;"DA18    ";"DADDONA S.A.                                      ";AV. ASAMBLEA 580;954914;"BCH12          ";BCH12 - BACHA DE APOYAR BLANCA 460x320x140;100;100;100;23144816;040926091248362;181798013;;;;11/10/2031 00:00:00;1;13812445;04/09/2026 09:12:48;Tiago;Rodriguez;;;;;;Tiago Rodriguez;
14137245;04/09/2026 11:47:06;3;2;0001  214855-1;03;CAMIONETA MIE 1;2092009;"DA18    ";"DADDONA S.A.                                      ";AV. ASAMBLEA 580;954914;"BCH12          ";BCH12 - BACHA DE APOYAR BLANCA 460x320x140;100;100;100;23144830;040926091254187;181798042;;;;11/10/2031 00:00:00;1;13812446;04/09/2026 09:12:54;Tiago;Rodriguez;;;;;;Tiago Rodriguez;
14137245;04/09/2026 11:47:06;3;2;0001  214855-1;03;CAMIONETA MIE 1;2092009;"DA18    ";"DADDONA S.A.                                      ";AV. ASAMBLEA 580;954914;"BCH12          ";BCH12 - BACHA DE APOYAR BLANCA 460x320x140;100;100;100;23144840;040926091301512;181798080;;;;11/10/2031 00:00:00;1;13812453;04/09/2026 09:13:01;Tiago;Rodriguez;;;;;;Tiago Rodriguez;
14137245;04/09/2026 11:47:06;3;2;0001  214855-1;03;CAMIONETA MIE 1;2092009;"DA18    ";"DADDONA S.A.                                      ";AV. ASAMBLEA 580;954914;"BCH12          ";BCH12 - BACHA DE APOYAR BLANCA 460x320x140;100;100;100;23144848;040926091308074;181798118;;;;11/10/2031 00:00:00;1;13812460;04/09/2026 09:13:08;Tiago;Rodriguez;;;;;;Tiago Rodriguez;
14137245;04/09/2026 11:47:06;3;2;0001  214855-1;03;CAMIONETA MIE 1;2092009;"DA18    ";"DADDONA S.A.                                      ";AV. ASAMBLEA 580;954914;"BCH12          ";BCH12 - BACHA DE APOYAR BLANCA 460x320x140;100;100;100;23144852;040926091315645;181798149;;;;11/10/2031 00:00:00;1;13812465;04/09/2026 09:13:15;Tiago;Rodriguez;;;;;;Tiago Rodriguez;
14137245;04/09/2026 11:47:06;3;2;0001  214855-1;03;CAMIONETA MIE 1;2092009;"DA18    ";"DADDONA S.A.                                      ";AV. ASAMBLEA 580;954914;"BCH12          ";BCH12 - BACHA DE APOYAR BLANCA 460x320x140;100;100;100;23144870;040926091323974;181798186;;;;11/10/2031 00:00:00;1;13812467;04/09/2026 09:13:23;Tiago;Rodriguez;;;;;;Tiago Rodriguez;
14137245;04/09/2026 11:47:06;3;2;0001  214855-1;03;CAMIONETA MIE 1;2092009;"DA18    ";"DADDONA S.A.                                      ";AV. ASAMBLEA 580;954914;"BCH12          ";BCH12 - BACHA DE APOYAR BLANCA 460x320x140;100;100;100;23144875;040926091329855;181798217;;;;11/10/2031 00:00:00;1;13812471;04/09/2026 09:13:29;Tiago;Rodriguez;;;;;;Tiago Rodriguez;
14137245;04/09/2026 11:47:06;3;2;0001  214855-1;03;CAMIONETA MIE 1;2092009;"DA18    ";"DADDONA S.A.                                      ";AV. ASAMBLEA 580;954914;"BCH12          ";BCH12 - BACHA DE APOYAR BLANCA 460x320x140;100;100;100;23144881;040926091341490;181798280;;;;11/10/2031 00:00:00;1;13812477;04/09/2026 09:13:41;Tiago;Rodriguez;;;;;;Tiago Rodriguez;
14137245;04/09/2026 11:47:06;3;2;0001  214855-1;03;CAMIONETA MIE 1;2092009;"DA18    ";"DADDONA S.A.                                      ";AV. ASAMBLEA 580;954914;"BCH12          ";BCH12 - BACHA DE APOYAR BLANCA 460x320x140;100;100;100;23144888;040926091348626;181798307;;;;11/10/2031 00:00:00;1;13812482;04/09/2026 09:13:48;Tiago;Rodriguez;;;;;;Tiago Rodriguez;
14137245;04/09/2026 11:47:06;3;2;0001  214855-1;03;CAMIONETA MIE 1;2092009;"DA18    ";"DADDONA S.A.                                      ";AV. ASAMBLEA 580;954914;"BCH12          ";BCH12 - BACHA DE APOYAR BLANCA 460x320x140;100;100;100;23144894;040926091356664;181798352;;;;11/10/2031 00:00:00;1;13812486;04/09/2026 09:13:56;Tiago;Rodriguez;;;;;;Tiago Rodriguez;
14137245;04/09/2026 11:47:06;3;2;0001  214855-1;03;CAMIONETA MIE 1;2092009;"DA18    ";"DADDONA S.A.                                      ";AV. ASAMBLEA 580;954914;"BCH12          ";BCH12 - BACHA DE APOYAR BLANCA 460x320x140;100;100;100;23144913;040926091402772;181798383;;;;11/10/2031 00:00:00;1;13812488;04/09/2026 09:14:02;Tiago;Rodriguez;;;;;;Tiago Rodriguez;
14137245;04/09/2026 11:47:06;3;2;0001  214855-1;03;CAMIONETA MIE 1;2092009;"DA18    ";"DADDONA S.A.                                      ";AV. ASAMBLEA 580;954914;"BCH12          ";BCH12 - BACHA DE APOYAR BLANCA 460x320x140;100;100;100;23144917;040926091415356;181798439;;;;11/10/2031 00:00:00;1;13812492;04/09/2026 09:14:15;Tiago;Rodriguez;;;;;;Tiago Rodriguez;
14137245;04/09/2026 11:47:06;3;2;0001  214855-1;03;CAMIONETA MIE 1;2092009;"DA18    ";"DADDONA S.A.                                      ";AV. ASAMBLEA 580;954914;"BCH12          ";BCH12 - BACHA DE APOYAR BLANCA 460x320x140;100;100;100;23144923;040926091423672;181798482;;;;11/10/2031 00:00:00;1;13812497;04/09/2026 09:14:23;Tiago;Rodriguez;;;;;;Tiago Rodriguez;
14137245;04/09/2026 11:47:06;3;2;0001  214855-1;03;CAMIONETA MIE 1;2092009;"DA18    ";"DADDONA S.A.                                      ";AV. ASAMBLEA 580;954914;"BCH12          ";BCH12 - BACHA DE APOYAR BLANCA 460x320x140;100;100;100;23144930;040926091431953;181798515;;;;11/10/2031 00:00:00;1;13812503;04/09/2026 09:14:31;Tiago;Rodriguez;;;;;;Tiago Rodriguez;
14137245;04/09/2026 11:47:06;3;2;0001  214855-1;03;CAMIONETA MIE 1;2092009;"DA18    ";"DADDONA S.A.                                      ";AV. ASAMBLEA 580;954914;"BCH12          ";BCH12 - BACHA DE APOYAR BLANCA 460x320x140;100;100;100;23144940;040926091447756;181798589;;;;11/10/2031 00:00:00;1;13812512;04/09/2026 09:14:47;Tiago;Rodriguez;;;;;;Tiago Rodriguez;
14137245;04/09/2026 11:47:06;3;2;0001  214855-1;03;CAMIONETA MIE 1;2092009;"DA18    ";"DADDONA S.A.                                      ";AV. ASAMBLEA 580;954914;"BCH12          ";BCH12 - BACHA DE APOYAR BLANCA 460x320x140;100;100;100;23144941;040926091454131;181798627;;;;11/10/2031 00:00:00;1;13812514;04/09/2026 09:14:54;Tiago;Rodriguez;;;;;;Tiago Rodriguez;
14137245;04/09/2026 11:47:06;3;2;0001  214855-1;03;CAMIONETA MIE 1;2092009;"DA18    ";"DADDONA S.A.                                      ";AV. ASAMBLEA 580;954914;"BCH12          ";BCH12 - BACHA DE APOYAR BLANCA 460x320x140;100;100;100;23144948;040926091500311;181798651;;;;11/10/2031 00:00:00;1;13812517;04/09/2026 09:15:00;Tiago;Rodriguez;;;;;;Tiago Rodriguez;
14137245;04/09/2026 11:47:06;3;2;0001  214855-1;03;CAMIONETA MIE 1;2092009;"DA18    ";"DADDONA S.A.                                      ";AV. ASAMBLEA 580;954914;"BCH12          ";BCH12 - BACHA DE APOYAR BLANCA 460x320x140;100;100;100;23144949;040926091507721;181798691;;;;11/10/2031 00:00:00;1;13812525;04/09/2026 09:15:07;Tiago;Rodriguez;;;;;;Tiago Rodriguez;
14137245;04/09/2026 11:47:06;3;2;0001  214855-1;03;CAMIONETA MIE 1;2092009;"DA18    ";"DADDONA S.A.                                      ";AV. ASAMBLEA 580;954914;"BCH12          ";BCH12 - BACHA DE APOYAR BLANCA 460x320x140;100;100;100;23144951;040926091514400;181798719;;;;11/10/2031 00:00:00;1;13812530;04/09/2026 09:15:14;Tiago;Rodriguez;;;;;;Tiago Rodriguez;
14137245;04/09/2026 11:47:06;3;2;0001  214855-1;03;CAMIONETA MIE 1;2092009;"DA18    ";"DADDONA S.A.                                      ";AV. ASAMBLEA 580;954914;"BCH12          ";BCH12 - BACHA DE APOYAR BLANCA 460x320x140;100;100;100;23144955;040926091520856;181798754;;;;11/10/2031 00:00:00;1;13812534;04/09/2026 09:15:20;Tiago;Rodriguez;;;;;;Tiago Rodriguez;
14137245;04/09/2026 11:47:06;3;2;0001  214855-1;03;CAMIONETA MIE 1;2092009;"DA18    ";"DADDONA S.A.                                      ";AV. ASAMBLEA 580;954914;"BCH12          ";BCH12 - BACHA DE APOYAR BLANCA 460x320x140;100;100;100;23144963;040926091527761;181798783;;;;11/10/2031 00:00:00;1;13812537;04/09/2026 09:15:27;Tiago;Rodriguez;;;;;;Tiago Rodriguez;
14137245;04/09/2026 11:47:06;3;2;0001  214855-1;03;CAMIONETA MIE 1;2092009;"DA18    ";"DADDONA S.A.                                      ";AV. ASAMBLEA 580;954914;"BCH12          ";BCH12 - BACHA DE APOYAR BLANCA 460x320x140;100;100;100;23144968;040926091533602;181798811;;;;11/10/2031 00:00:00;1;13812541;04/09/2026 09:15:33;Tiago;Rodriguez;;;;;;Tiago Rodriguez;
14137245;04/09/2026 11:47:06;3;2;0001  214855-1;03;CAMIONETA MIE 1;2092009;"DA18    ";"DADDONA S.A.                                      ";AV. ASAMBLEA 580;954914;"BCH12          ";BCH12 - BACHA DE APOYAR BLANCA 460x320x140;100;100;100;23144973;040926091540790;181798848;;;;11/10/2031 00:00:00;1;13812545;04/09/2026 09:15:40;Tiago;Rodriguez;;;;;;Tiago Rodriguez;
14137245;04/09/2026 11:47:06;3;2;0001  214855-1;03;CAMIONETA MIE 1;2092009;"DA18    ";"DADDONA S.A.                                      ";AV. ASAMBLEA 580;954914;"BCH12          ";BCH12 - BACHA DE APOYAR BLANCA 460x320x140;100;100;100;23144983;040926091547248;181798888;;;;11/10/2031 00:00:00;1;13812546;04/09/2026 09:15:47;Tiago;Rodriguez;;;;;;Tiago Rodriguez;
14137245;04/09/2026 11:47:06;3;2;0001  214855-1;03;CAMIONETA MIE 1;2092009;"DA18    ";"DADDONA S.A.                                      ";AV. ASAMBLEA 580;954914;"BCH12          ";BCH12 - BACHA DE APOYAR BLANCA 460x320x140;100;100;100;23144990;040926091553582;181798921;;;;11/10/2031 00:00:00;1;13812550;04/09/2026 09:15:53;Tiago;Rodriguez;;;;;;Tiago Rodriguez;
14137245;04/09/2026 11:47:06;3;2;0001  214855-1;03;CAMIONETA MIE 1;2092009;"DA18    ";"DADDONA S.A.                                      ";AV. ASAMBLEA 580;954914;"BCH12          ";BCH12 - BACHA DE APOYAR BLANCA 460x320x140;100;100;100;23144997;040926091600033;181798949;;;;11/10/2031 00:00:00;1;13812551;04/09/2026 09:16:00;Tiago;Rodriguez;;;;;;Tiago Rodriguez;
14137245;04/09/2026 11:47:06;3;2;0001  214855-1;03;CAMIONETA MIE 1;2092009;"DA18    ";"DADDONA S.A.                                      ";AV. ASAMBLEA 580;954914;"BCH12          ";BCH12 - BACHA DE APOYAR BLANCA 460x320x140;100;100;100;23144998;040926091606263;181798986;;;;11/10/2031 00:00:00;1;13812554;04/09/2026 09:16:06;Tiago;Rodriguez;;;;;;Tiago Rodriguez;
14137245;04/09/2026 11:47:06;3;2;0001  214855-1;03;CAMIONETA MIE 1;2092009;"DA18    ";"DADDONA S.A.                                      ";AV. ASAMBLEA 580;954914;"BCH12          ";BCH12 - BACHA DE APOYAR BLANCA 460x320x140;100;100;100;23145003;040926091612195;181799022;;;;11/10/2031 00:00:00;1;13812556;04/09/2026 09:16:12;Tiago;Rodriguez;;;;;;Tiago Rodriguez;
14137245;04/09/2026 11:47:06;3;2;0001  214855-1;03;CAMIONETA MIE 1;2092009;"DA18    ";"DADDONA S.A.                                      ";AV. ASAMBLEA 580;954914;"BCH12          ";BCH12 - BACHA DE APOYAR BLANCA 460x320x140;100;100;100;23145008;040926091617838;181799051;;;;11/10/2031 00:00:00;1;13812558;04/09/2026 09:16:17;Tiago;Rodriguez;;;;;;Tiago Rodriguez;
14137245;04/09/2026 11:47:06;3;2;0001  214855-1;03;CAMIONETA MIE 1;2092009;"DA18    ";"DADDONA S.A.                                      ";AV. ASAMBLEA 580;954914;"BCH12          ";BCH12 - BACHA DE APOYAR BLANCA 460x320x140;100;100;100;23145012;040926091623736;181799077;;;;11/10/2031 00:00:00;1;13812563;04/09/2026 09:16:23;Tiago;Rodriguez;;;;;;Tiago Rodriguez;
14137245;04/09/2026 11:47:06;3;2;0001  214855-1;03;CAMIONETA MIE 1;2092009;"DA18    ";"DADDONA S.A.                                      ";AV. ASAMBLEA 580;954914;"BCH12          ";BCH12 - BACHA DE APOYAR BLANCA 460x320x140;100;100;100;23145018;040926091632932;181799121;;;;11/10/2031 00:00:00;1;13812567;04/09/2026 09:16:32;Tiago;Rodriguez;;;;;;Tiago Rodriguez;
14137245;04/09/2026 11:47:06;3;2;0001  214855-1;03;CAMIONETA MIE 1;2092009;"DA18    ";"DADDONA S.A.                                      ";AV. ASAMBLEA 580;954914;"BCH12          ";BCH12 - BACHA DE APOYAR BLANCA 460x320x140;100;100;100;23145023;040926091639762;181799150;;;;11/10/2031 00:00:00;1;13812569;04/09/2026 09:16:39;Tiago;Rodriguez;;;;;;Tiago Rodriguez;
14137245;04/09/2026 11:47:06;3;2;0001  214855-1;03;CAMIONETA MIE 1;2092009;"DA18    ";"DADDONA S.A.                                      ";AV. ASAMBLEA 580;954914;"BCH12          ";BCH12 - BACHA DE APOYAR BLANCA 460x320x140;100;100;100;23145033;040926091646380;181799188;;;;11/10/2031 00:00:00;1;13812572;04/09/2026 09:16:46;Tiago;Rodriguez;;;;;;Tiago Rodriguez;
14137245;04/09/2026 11:47:06;3;2;0001  214855-1;03;CAMIONETA MIE 1;2092009;"DA18    ";"DADDONA S.A.                                      ";AV. ASAMBLEA 580;954914;"BCH12          ";BCH12 - BACHA DE APOYAR BLANCA 460x320x140;100;100;100;23145037;040926091652655;181799228;;;;11/10/2031 00:00:00;1;13812577;04/09/2026 09:16:52;Tiago;Rodriguez;;;;;;Tiago Rodriguez;
14137245;04/09/2026 11:47:06;3;2;0001  214855-1;03;CAMIONETA MIE 1;2092009;"DA18    ";"DADDONA S.A.                                      ";AV. ASAMBLEA 580;954914;"BCH12          ";BCH12 - BACHA DE APOYAR BLANCA 460x320x140;100;100;100;23145041;040926091659219;181799259;;;;11/10/2031 00:00:00;1;13812581;04/09/2026 09:16:59;Tiago;Rodriguez;;;;;;Tiago Rodriguez;
14137245;04/09/2026 11:47:06;3;2;0001  214855-1;03;CAMIONETA MIE 1;2092009;"DA18    ";"DADDONA S.A.                                      ";AV. ASAMBLEA 580;954914;"BCH12          ";BCH12 - BACHA DE APOYAR BLANCA 460x320x140;100;100;100;23145044;040926091705407;181799293;;;;11/10/2031 00:00:00;1;13812586;04/09/2026 09:17:05;Tiago;Rodriguez;;;;;;Tiago Rodriguez;
14137245;04/09/2026 11:47:06;3;2;0001  214855-1;03;CAMIONETA MIE 1;2092009;"DA18    ";"DADDONA S.A.                                      ";AV. ASAMBLEA 580;954914;"BCH12          ";BCH12 - BACHA DE APOYAR BLANCA 460x320x140;100;100;100;23145058;040926091711072;181799319;;;;11/10/2031 00:00:00;1;13812590;04/09/2026 09:17:11;Tiago;Rodriguez;;;;;;Tiago Rodriguez;
14137245;04/09/2026 11:47:06;3;2;0001  214855-1;03;CAMIONETA MIE 1;2092009;"DA18    ";"DADDONA S.A.                                      ";AV. ASAMBLEA 580;954914;"BCH12          ";BCH12 - BACHA DE APOYAR BLANCA 460x320x140;100;100;100;23145067;040926091716753;181799346;;;;11/10/2031 00:00:00;1;13812593;04/09/2026 09:17:16;Tiago;Rodriguez;;;;;;Tiago Rodriguez;
14137245;04/09/2026 11:47:06;3;2;0001  214855-1;03;CAMIONETA MIE 1;2092009;"DA18    ";"DADDONA S.A.                                      ";AV. ASAMBLEA 580;954914;"BCH12          ";BCH12 - BACHA DE APOYAR BLANCA 460x320x140;100;100;100;23145069;040926091725969;181799392;;;;11/10/2031 00:00:00;1;13812597;04/09/2026 09:17:25;Tiago;Rodriguez;;;;;;Tiago Rodriguez;
14137245;04/09/2026 11:47:06;3;2;0001  214855-1;03;CAMIONETA MIE 1;2092009;"DA18    ";"DADDONA S.A.                                      ";AV. ASAMBLEA 580;954914;"BCH12          ";BCH12 - BACHA DE APOYAR BLANCA 460x320x140;100;100;100;23145075;040926091732988;181799427;;;;11/10/2031 00:00:00;1;13812600;04/09/2026 09:17:33;Tiago;Rodriguez;;;;;;Tiago Rodriguez;
14137245;04/09/2026 11:47:06;3;2;0001  214855-1;03;CAMIONETA MIE 1;2092009;"DA18    ";"DADDONA S.A.                                      ";AV. ASAMBLEA 580;954914;"BCH12          ";BCH12 - BACHA DE APOYAR BLANCA 460x320x140;100;100;100;23145076;040926091739112;181799452;;;;11/10/2031 00:00:00;1;13812607;04/09/2026 09:17:39;Tiago;Rodriguez;;;;;;Tiago Rodriguez;
14137245;04/09/2026 11:47:06;3;2;0001  214855-1;03;CAMIONETA MIE 1;2092009;"DA18    ";"DADDONA S.A.                                      ";AV. ASAMBLEA 580;954914;"BCH12          ";BCH12 - BACHA DE APOYAR BLANCA 460x320x140;100;100;100;23145092;040926091801229;181799563;;;;11/10/2031 00:00:00;1;13812621;04/09/2026 09:18:01;Tiago;Rodriguez;;;;;;Tiago Rodriguez;
14137245;04/09/2026 11:47:06;3;2;0001  214855-1;03;CAMIONETA MIE 1;2092009;"DA18    ";"DADDONA S.A.                                      ";AV. ASAMBLEA 580;954921;"BCH18          ";BCH18 - BACHA DE APOYAR SIMIL MARMOL 460x320x140;50;50;50;23145134;040926091915902;181799940;;;;10/04/2031 00:00:00;1;13812652;04/09/2026 09:19:15;Tiago;Rodriguez;;;;;;Tiago Rodriguez;
14137245;04/09/2026 11:47:06;3;2;0001  214855-1;03;CAMIONETA MIE 1;2092009;"DA18    ";"DADDONA S.A.                                      ";AV. ASAMBLEA 580;954921;"BCH18          ";BCH18 - BACHA DE APOYAR SIMIL MARMOL 460x320x140;50;50;50;23145139;040926091922467;181799973;;;;10/04/2031 00:00:00;1;13812655;04/09/2026 09:19:22;Tiago;Rodriguez;;;;;;Tiago Rodriguez;
14137245;04/09/2026 11:47:06;3;2;0001  214855-1;03;CAMIONETA MIE 1;2092009;"DA18    ";"DADDONA S.A.                                      ";AV. ASAMBLEA 580;954921;"BCH18          ";BCH18 - BACHA DE APOYAR SIMIL MARMOL 460x320x140;50;50;50;23145141;040926091928686;181800000;;;;10/04/2031 00:00:00;1;13812658;04/09/2026 09:19:28;Tiago;Rodriguez;;;;;;Tiago Rodriguez;
14137245;04/09/2026 11:47:06;3;2;0001  214855-1;03;CAMIONETA MIE 1;2092009;"DA18    ";"DADDONA S.A.                                      ";AV. ASAMBLEA 580;954921;"BCH18          ";BCH18 - BACHA DE APOYAR SIMIL MARMOL 460x320x140;50;50;50;23145147;040926091934659;181800032;;;;10/04/2031 00:00:00;1;13812661;04/09/2026 09:19:34;Tiago;Rodriguez;;;;;;Tiago Rodriguez;
14137245;04/09/2026 11:47:06;3;2;0001  214855-1;03;CAMIONETA MIE 1;2092009;"DA18    ";"DADDONA S.A.                                      ";AV. ASAMBLEA 580;954921;"BCH18          ";BCH18 - BACHA DE APOYAR SIMIL MARMOL 460x320x140;50;50;50;23145152;040926091941154;181800052;;;;10/04/2031 00:00:00;1;13812664;04/09/2026 09:19:41;Tiago;Rodriguez;;;;;;Tiago Rodriguez;
14137245;04/09/2026 11:47:06;3;2;0001  214855-1;03;CAMIONETA MIE 1;2092009;"DA18    ";"DADDONA S.A.                                      ";AV. ASAMBLEA 580;954921;"BCH18          ";BCH18 - BACHA DE APOYAR SIMIL MARMOL 460x320x140;50;50;50;23145159;040926091957975;181800144;;;;10/04/2031 00:00:00;1;13812669;04/09/2026 09:19:57;Tiago;Rodriguez;;;;;;Tiago Rodriguez;
14137245;04/09/2026 11:47:06;3;2;0001  214855-1;03;CAMIONETA MIE 1;2092009;"DA18    ";"DADDONA S.A.                                      ";AV. ASAMBLEA 580;954921;"BCH18          ";BCH18 - BACHA DE APOYAR SIMIL MARMOL 460x320x140;50;50;50;23145169;040926092017746;181800265;;;;10/04/2031 00:00:00;1;13812677;04/09/2026 09:20:17;Tiago;Rodriguez;;;;;;Tiago Rodriguez;
14137245;04/09/2026 11:47:06;3;2;0001  214855-1;03;CAMIONETA MIE 1;2092009;"DA18    ";"DADDONA S.A.                                      ";AV. ASAMBLEA 580;954921;"BCH18          ";BCH18 - BACHA DE APOYAR SIMIL MARMOL 460x320x140;50;50;50;23145173;040926092023685;181800297;;;;10/04/2031 00:00:00;1;13812681;04/09/2026 09:20:23;Tiago;Rodriguez;;;;;;Tiago Rodriguez;
14137245;04/09/2026 11:47:06;3;2;0001  214855-1;03;CAMIONETA MIE 1;2092009;"DA18    ";"DADDONA S.A.                                      ";AV. ASAMBLEA 580;954921;"BCH18          ";BCH18 - BACHA DE APOYAR SIMIL MARMOL 460x320x140;50;50;50;23145180;040926092029789;181800326;;;;10/04/2031 00:00:00;1;13812685;04/09/2026 09:20:29;Tiago;Rodriguez;;;;;;Tiago Rodriguez;
14137245;04/09/2026 11:47:06;3;2;0001  214855-1;03;CAMIONETA MIE 1;2092009;"DA18    ";"DADDONA S.A.                                      ";AV. ASAMBLEA 580;954921;"BCH18          ";BCH18 - BACHA DE APOYAR SIMIL MARMOL 460x320x140;50;50;50;23145192;040926092035802;181800356;;;;10/04/2031 00:00:00;1;13812687;04/09/2026 09:20:35;Tiago;Rodriguez;;;;;;Tiago Rodriguez;
14137245;04/09/2026 11:47:06;3;2;0001  214855-1;03;CAMIONETA MIE 1;2092009;"DA18    ";"DADDONA S.A.                                      ";AV. ASAMBLEA 580;954921;"BCH18          ";BCH18 - BACHA DE APOYAR SIMIL MARMOL 460x320x140;50;50;50;23145195;040926092043496;181800402;;;;10/04/2031 00:00:00;1;13812692;04/09/2026 09:20:43;Tiago;Rodriguez;;;;;;Tiago Rodriguez;
14137245;04/09/2026 11:47:06;3;2;0001  214855-1;03;CAMIONETA MIE 1;2092009;"DA18    ";"DADDONA S.A.                                      ";AV. ASAMBLEA 580;954921;"BCH18          ";BCH18 - BACHA DE APOYAR SIMIL MARMOL 460x320x140;50;50;50;23145201;040926092050700;181800470;;;;10/04/2031 00:00:00;1;13812695;04/09/2026 09:20:50;Tiago;Rodriguez;;;;;;Tiago Rodriguez;
14137245;04/09/2026 11:47:06;3;2;0001  214855-1;03;CAMIONETA MIE 1;2092009;"DA18    ";"DADDONA S.A.                                      ";AV. ASAMBLEA 580;954921;"BCH18          ";BCH18 - BACHA DE APOYAR SIMIL MARMOL 460x320x140;50;50;50;23145206;040926092057069;181800502;;;;10/04/2031 00:00:00;1;13812700;04/09/2026 09:20:57;Tiago;Rodriguez;;;;;;Tiago Rodriguez;
14137245;04/09/2026 11:47:06;3;2;0001  214855-1;03;CAMIONETA MIE 1;2092009;"DA18    ";"DADDONA S.A.                                      ";AV. ASAMBLEA 580;954921;"BCH18          ";BCH18 - BACHA DE APOYAR SIMIL MARMOL 460x320x140;50;50;50;23145212;040926092103165;181800535;;;;10/04/2031 00:00:00;1;13812703;04/09/2026 09:21:03;Tiago;Rodriguez;;;;;;Tiago Rodriguez;
14137245;04/09/2026 11:47:06;3;2;0001  214855-1;03;CAMIONETA MIE 1;2092009;"DA18    ";"DADDONA S.A.                                      ";AV. ASAMBLEA 580;954921;"BCH18          ";BCH18 - BACHA DE APOYAR SIMIL MARMOL 460x320x140;50;50;50;23145216;040926092109600;181800562;;;;10/04/2031 00:00:00;1;13812706;04/09/2026 09:21:09;Tiago;Rodriguez;;;;;;Tiago Rodriguez;
14137245;04/09/2026 11:47:06;3;2;0001  214855-1;03;CAMIONETA MIE 1;2092009;"DA18    ";"DADDONA S.A.                                      ";AV. ASAMBLEA 580;954921;"BCH18          ";BCH18 - BACHA DE APOYAR SIMIL MARMOL 460x320x140;50;50;50;23145223;040926092114901;181800598;;;;10/04/2031 00:00:00;1;13812709;04/09/2026 09:21:14;Tiago;Rodriguez;;;;;;Tiago Rodriguez;
14137245;04/09/2026 11:47:06;3;2;0001  214855-1;03;CAMIONETA MIE 1;2092009;"DA18    ";"DADDONA S.A.                                      ";AV. ASAMBLEA 580;954921;"BCH18          ";BCH18 - BACHA DE APOYAR SIMIL MARMOL 460x320x140;50;50;50;23145225;040926092121164;181800629;;;;10/04/2031 00:00:00;1;13812713;04/09/2026 09:21:21;Tiago;Rodriguez;;;;;;Tiago Rodriguez;
14137245;04/09/2026 11:47:06;3;2;0001  214855-1;03;CAMIONETA MIE 1;2092009;"DA18    ";"DADDONA S.A.                                      ";AV. ASAMBLEA 580;954921;"BCH18          ";BCH18 - BACHA DE APOYAR SIMIL MARMOL 460x320x140;50;50;50;23145228;040926092126621;181800668;;;;10/04/2031 00:00:00;1;13812715;04/09/2026 09:21:26;Tiago;Rodriguez;;;;;;Tiago Rodriguez;
14137245;04/09/2026 11:47:06;3;2;0001  214855-1;03;CAMIONETA MIE 1;2092009;"DA18    ";"DADDONA S.A.                                      ";AV. ASAMBLEA 580;954921;"BCH18          ";BCH18 - BACHA DE APOYAR SIMIL MARMOL 460x320x140;50;50;50;23145232;040926092134077;181800715;;;;10/04/2031 00:00:00;1;13812718;04/09/2026 09:21:34;Tiago;Rodriguez;;;;;;Tiago Rodriguez;
14137245;04/09/2026 11:47:06;3;2;0001  214855-1;03;CAMIONETA MIE 1;2092009;"DA18    ";"DADDONA S.A.                                      ";AV. ASAMBLEA 580;954921;"BCH18          ";BCH18 - BACHA DE APOYAR SIMIL MARMOL 460x320x140;50;50;50;23145235;040926092140397;181800751;;;;10/04/2031 00:00:00;1;13812720;04/09/2026 09:21:40;Tiago;Rodriguez;;;;;;Tiago Rodriguez;
14137245;04/09/2026 11:47:06;3;2;0001  214855-1;03;CAMIONETA MIE 1;2092009;"DA18    ";"DADDONA S.A.                                      ";AV. ASAMBLEA 580;954921;"BCH18          ";BCH18 - BACHA DE APOYAR SIMIL MARMOL 460x320x140;50;50;50;23145250;040926092146517;181800787;;;;10/04/2031 00:00:00;1;13812723;04/09/2026 09:21:46;Tiago;Rodriguez;;;;;;Tiago Rodriguez;
14137245;04/09/2026 11:47:06;3;2;0001  214855-1;03;CAMIONETA MIE 1;2092009;"DA18    ";"DADDONA S.A.                                      ";AV. ASAMBLEA 580;954921;"BCH18          ";BCH18 - BACHA DE APOYAR SIMIL MARMOL 460x320x140;50;50;50;23145253;040926092152617;181800817;;;;10/04/2031 00:00:00;1;13812727;04/09/2026 09:21:52;Tiago;Rodriguez;;;;;;Tiago Rodriguez;
14137245;04/09/2026 11:47:06;3;2;0001  214855-1;03;CAMIONETA MIE 1;2092009;"DA18    ";"DADDONA S.A.                                      ";AV. ASAMBLEA 580;954921;"BCH18          ";BCH18 - BACHA DE APOYAR SIMIL MARMOL 460x320x140;50;50;50;23145260;040926092200434;181800885;;;;10/04/2031 00:00:00;1;13812731;04/09/2026 09:22:00;Tiago;Rodriguez;;;;;;Tiago Rodriguez;
14137245;04/09/2026 11:47:06;3;2;0001  214855-1;03;CAMIONETA MIE 1;2092009;"DA18    ";"DADDONA S.A.                                      ";AV. ASAMBLEA 580;954921;"BCH18          ";BCH18 - BACHA DE APOYAR SIMIL MARMOL 460x320x140;50;50;50;23145266;040926092207602;181800924;;;;10/04/2031 00:00:00;1;13812735;04/09/2026 09:22:07;Tiago;Rodriguez;;;;;;Tiago Rodriguez;
14137245;04/09/2026 11:47:06;3;2;0001  214855-1;03;CAMIONETA MIE 1;2092009;"DA18    ";"DADDONA S.A.                                      ";AV. ASAMBLEA 580;954921;"BCH18          ";BCH18 - BACHA DE APOYAR SIMIL MARMOL 460x320x140;50;50;50;23145270;040926092213887;181800960;;;;10/04/2031 00:00:00;1;13812736;04/09/2026 09:22:13;Tiago;Rodriguez;;;;;;Tiago Rodriguez;
14137245;04/09/2026 11:47:06;3;2;0001  214855-1;03;CAMIONETA MIE 1;2092009;"DA18    ";"DADDONA S.A.                                      ";AV. ASAMBLEA 580;954921;"BCH18          ";BCH18 - BACHA DE APOYAR SIMIL MARMOL 460x320x140;50;50;50;23145272;040926092221069;181801000;;;;10/04/2031 00:00:00;1;13812741;04/09/2026 09:22:21;Tiago;Rodriguez;;;;;;Tiago Rodriguez;
14137245;04/09/2026 11:47:06;3;2;0001  214855-1;03;CAMIONETA MIE 1;2092009;"DA18    ";"DADDONA S.A.                                      ";AV. ASAMBLEA 580;954921;"BCH18          ";BCH18 - BACHA DE APOYAR SIMIL MARMOL 460x320x140;50;50;50;23145279;040926092236871;181801070;;;;10/04/2031 00:00:00;1;13812750;04/09/2026 09:22:36;Tiago;Rodriguez;;;;;;Tiago Rodriguez;
14137245;04/09/2026 11:47:06;3;2;0001  214855-1;03;CAMIONETA MIE 1;2092009;"DA18    ";"DADDONA S.A.                                      ";AV. ASAMBLEA 580;954921;"BCH18          ";BCH18 - BACHA DE APOYAR SIMIL MARMOL 460x320x140;50;50;50;23145285;040926092243021;181801100;;;;10/04/2031 00:00:00;1;13812754;04/09/2026 09:22:43;Tiago;Rodriguez;;;;;;Tiago Rodriguez;
14137245;04/09/2026 11:47:06;3;2;0001  214855-1;03;CAMIONETA MIE 1;2092009;"DA18    ";"DADDONA S.A.                                      ";AV. ASAMBLEA 580;954921;"BCH18          ";BCH18 - BACHA DE APOYAR SIMIL MARMOL 460x320x140;50;50;50;23145287;040926092248751;181801122;;;;10/04/2031 00:00:00;1;13812755;04/09/2026 09:22:48;Tiago;Rodriguez;;;;;;Tiago Rodriguez;
14137245;04/09/2026 11:47:06;3;2;0001  214855-1;03;CAMIONETA MIE 1;2092009;"DA18    ";"DADDONA S.A.                                      ";AV. ASAMBLEA 580;954921;"BCH18          ";BCH18 - BACHA DE APOYAR SIMIL MARMOL 460x320x140;50;50;50;23145327;040926092321402;181801273;;;;10/04/2031 00:00:00;1;13812765;04/09/2026 09:23:21;Tiago;Rodriguez;;;;;;Tiago Rodriguez;
14137245;04/09/2026 11:47:06;3;2;0001  214855-1;03;CAMIONETA MIE 1;2092009;"DA18    ";"DADDONA S.A.                                      ";AV. ASAMBLEA 580;954921;"BCH18          ";BCH18 - BACHA DE APOYAR SIMIL MARMOL 460x320x140;50;50;50;23145331;040926092327930;181801331;;;;10/04/2031 00:00:00;1;13812769;04/09/2026 09:23:27;Tiago;Rodriguez;;;;;;Tiago Rodriguez;
14137245;04/09/2026 11:47:06;3;2;0001  214855-1;03;CAMIONETA MIE 1;2092009;"DA18    ";"DADDONA S.A.                                      ";AV. ASAMBLEA 580;954921;"BCH18          ";BCH18 - BACHA DE APOYAR SIMIL MARMOL 460x320x140;50;50;50;23145335;040926092334824;181801366;;;;10/04/2031 00:00:00;1;13812773;04/09/2026 09:23:34;Tiago;Rodriguez;;;;;;Tiago Rodriguez;
14137245;04/09/2026 11:47:06;3;2;0001  214855-1;03;CAMIONETA MIE 1;2092009;"DA18    ";"DADDONA S.A.                                      ";AV. ASAMBLEA 580;954921;"BCH18          ";BCH18 - BACHA DE APOYAR SIMIL MARMOL 460x320x140;50;50;50;23145337;040926092341796;181801392;;;;10/04/2031 00:00:00;1;13812776;04/09/2026 09:23:41;Tiago;Rodriguez;;;;;;Tiago Rodriguez;
14137245;04/09/2026 11:47:06;3;2;0001  214855-1;03;CAMIONETA MIE 1;2092009;"DA18    ";"DADDONA S.A.                                      ";AV. ASAMBLEA 580;954921;"BCH18          ";BCH18 - BACHA DE APOYAR SIMIL MARMOL 460x320x140;50;50;50;23145342;040926092348090;181801425;;;;10/04/2031 00:00:00;1;13812777;04/09/2026 09:23:48;Tiago;Rodriguez;;;;;;Tiago Rodriguez;
14137245;04/09/2026 11:47:06;3;2;0001  214855-1;03;CAMIONETA MIE 1;2092009;"DA18    ";"DADDONA S.A.                                      ";AV. ASAMBLEA 580;954921;"BCH18          ";BCH18 - BACHA DE APOYAR SIMIL MARMOL 460x320x140;50;50;50;23145346;040926092354031;181801459;;;;10/04/2031 00:00:00;1;13812780;04/09/2026 09:23:54;Tiago;Rodriguez;;;;;;Tiago Rodriguez;
14137245;04/09/2026 11:47:06;3;2;0001  214855-1;03;CAMIONETA MIE 1;2092009;"DA18    ";"DADDONA S.A.                                      ";AV. ASAMBLEA 580;954921;"BCH18          ";BCH18 - BACHA DE APOYAR SIMIL MARMOL 460x320x140;50;50;50;23145353;040926092400883;181801489;;;;10/04/2031 00:00:00;1;13812784;04/09/2026 09:24:00;Tiago;Rodriguez;;;;;;Tiago Rodriguez;
14137245;04/09/2026 11:47:06;3;2;0001  214855-1;03;CAMIONETA MIE 1;2092009;"DA18    ";"DADDONA S.A.                                      ";AV. ASAMBLEA 580;954921;"BCH18          ";BCH18 - BACHA DE APOYAR SIMIL MARMOL 460x320x140;50;50;50;23145357;040926092407025;181801515;;;;10/04/2031 00:00:00;1;13812790;04/09/2026 09:24:07;Tiago;Rodriguez;;;;;;Tiago Rodriguez;
14137245;04/09/2026 11:47:06;3;2;0001  214855-1;03;CAMIONETA MIE 1;2092009;"DA18    ";"DADDONA S.A.                                      ";AV. ASAMBLEA 580;954921;"BCH18          ";BCH18 - BACHA DE APOYAR SIMIL MARMOL 460x320x140;50;50;50;23145361;040926092413751;181801552;;;;10/04/2031 00:00:00;1;13812795;04/09/2026 09:24:13;Tiago;Rodriguez;;;;;;Tiago Rodriguez;
14137245;04/09/2026 11:47:06;3;2;0001  214855-1;03;CAMIONETA MIE 1;2092009;"DA18    ";"DADDONA S.A.                                      ";AV. ASAMBLEA 580;954921;"BCH18          ";BCH18 - BACHA DE APOYAR SIMIL MARMOL 460x320x140;50;50;50;23145364;040926092419849;181801586;;;;10/04/2031 00:00:00;1;13812797;04/09/2026 09:24:19;Tiago;Rodriguez;;;;;;Tiago Rodriguez;
14137245;04/09/2026 11:47:06;3;2;0001  214855-1;03;CAMIONETA MIE 1;2092009;"DA18    ";"DADDONA S.A.                                      ";AV. ASAMBLEA 580;954921;"BCH18          ";BCH18 - BACHA DE APOYAR SIMIL MARMOL 460x320x140;50;50;50;23145367;040926092426157;181801617;;;;10/04/2031 00:00:00;1;13812800;04/09/2026 09:24:26;Tiago;Rodriguez;;;;;;Tiago Rodriguez;
14137245;04/09/2026 11:47:06;3;2;0001  214855-1;03;CAMIONETA MIE 1;2092009;"DA18    ";"DADDONA S.A.                                      ";AV. ASAMBLEA 580;954921;"BCH18          ";BCH18 - BACHA DE APOYAR SIMIL MARMOL 460x320x140;50;50;50;23145377;040926092431847;181801646;;;;10/04/2031 00:00:00;1;13812803;04/09/2026 09:24:31;Tiago;Rodriguez;;;;;;Tiago Rodriguez;
14137245;04/09/2026 11:47:06;3;2;0001  214855-1;03;CAMIONETA MIE 1;2092009;"DA18    ";"DADDONA S.A.                                      ";AV. ASAMBLEA 580;954921;"BCH18          ";BCH18 - BACHA DE APOYAR SIMIL MARMOL 460x320x140;50;50;50;23145383;040926092437253;181801677;;;;10/04/2031 00:00:00;1;13812808;04/09/2026 09:24:37;Tiago;Rodriguez;;;;;;Tiago Rodriguez;
14137245;04/09/2026 11:47:06;3;2;0001  214855-1;03;CAMIONETA MIE 1;2092009;"DA18    ";"DADDONA S.A.                                      ";AV. ASAMBLEA 580;954921;"BCH18          ";BCH18 - BACHA DE APOYAR SIMIL MARMOL 460x320x140;50;50;50;23145387;040926092442817;181801694;;;;10/04/2031 00:00:00;1;13812812;04/09/2026 09:24:42;Tiago;Rodriguez;;;;;;Tiago Rodriguez;
14137245;04/09/2026 11:47:06;3;2;0001  214855-1;03;CAMIONETA MIE 1;2092009;"DA18    ";"DADDONA S.A.                                      ";AV. ASAMBLEA 580;954921;"BCH18          ";BCH18 - BACHA DE APOYAR SIMIL MARMOL 460x320x140;50;50;50;23145398;040926092448996;181801727;;;;10/04/2031 00:00:00;1;13812816;04/09/2026 09:24:49;Tiago;Rodriguez;;;;;;Tiago Rodriguez;
14137245;04/09/2026 11:47:06;3;2;0001  214855-1;03;CAMIONETA MIE 1;2092009;"DA18    ";"DADDONA S.A.                                      ";AV. ASAMBLEA 580;954921;"BCH18          ";BCH18 - BACHA DE APOYAR SIMIL MARMOL 460x320x140;50;50;50;23145401;040926092454660;181801752;;;;10/04/2031 00:00:00;1;13812819;04/09/2026 09:24:54;Tiago;Rodriguez;;;;;;Tiago Rodriguez;
14137245;04/09/2026 11:47:06;3;2;0001  214855-1;03;CAMIONETA MIE 1;2092009;"DA18    ";"DADDONA S.A.                                      ";AV. ASAMBLEA 580;954921;"BCH18          ";BCH18 - BACHA DE APOYAR SIMIL MARMOL 460x320x140;50;50;50;23145407;040926092500371;181801785;;;;10/04/2031 00:00:00;1;13812821;04/09/2026 09:25:00;Tiago;Rodriguez;;;;;;Tiago Rodriguez;
14137245;04/09/2026 11:47:06;3;2;0001  214855-1;03;CAMIONETA MIE 1;2092009;"DA18    ";"DADDONA S.A.                                      ";AV. ASAMBLEA 580;954921;"BCH18          ";BCH18 - BACHA DE APOYAR SIMIL MARMOL 460x320x140;50;50;50;23145413;040926092506739;181801811;;;;10/04/2031 00:00:00;1;13812828;04/09/2026 09:25:06;Tiago;Rodriguez;;;;;;Tiago Rodriguez;
14137245;04/09/2026 11:47:06;3;2;0001  214855-1;03;CAMIONETA MIE 1;2092009;"DA18    ";"DADDONA S.A.                                      ";AV. ASAMBLEA 580;954921;"BCH18          ";BCH18 - BACHA DE APOYAR SIMIL MARMOL 460x320x140;50;50;50;23145420;040926092512633;181801839;;;;10/04/2031 00:00:00;1;13812830;04/09/2026 09:25:12;Tiago;Rodriguez;;;;;;Tiago Rodriguez;
14137245;04/09/2026 11:47:06;3;2;0001  214855-1;03;CAMIONETA MIE 1;2092009;"DA18    ";"DADDONA S.A.                                      ";AV. ASAMBLEA 580;954921;"BCH18          ";BCH18 - BACHA DE APOYAR SIMIL MARMOL 460x320x140;50;50;50;23145424;040926092519592;181801874;;;;10/04/2031 00:00:00;1;13812834;04/09/2026 09:25:19;Tiago;Rodriguez;;;;;;Tiago Rodriguez;
14137245;04/09/2026 11:47:06;3;2;0001  214855-1;03;CAMIONETA MIE 1;2092009;"DA18    ";"DADDONA S.A.                                      ";AV. ASAMBLEA 580;954921;"BCH18          ";BCH18 - BACHA DE APOYAR SIMIL MARMOL 460x320x140;50;50;50;23145428;040926092526876;181765911;;;;10/04/2031 00:00:00;1;13812835;04/09/2026 09:25:26;Tiago;Rodriguez;;;;;;Tiago Rodriguez;
14137245;04/09/2026 11:47:06;3;2;0001  214855-1;03;CAMIONETA MIE 1;2092009;"DA18    ";"DADDONA S.A.                                      ";AV. ASAMBLEA 580;954908;"BCH07          ";BCH07 - BACHA DE APOYAR OVALADA 400x330x150;20;20;20;23146153;040926094159496;181806872;;;;07/29/2031 00:00:00;1;13813224;04/09/2026 09:41:59;Tiago;Rodriguez;;;;;;Tiago Rodriguez;
14137245;04/09/2026 11:47:06;3;2;0001  214855-1;03;CAMIONETA MIE 1;2092009;"DA18    ";"DADDONA S.A.                                      ";AV. ASAMBLEA 580;954908;"BCH07          ";BCH07 - BACHA DE APOYAR OVALADA 400x330x150;20;20;20;23146160;040926094209208;181806920;;;;07/29/2031 00:00:00;1;13813228;04/09/2026 09:42:09;Tiago;Rodriguez;;;;;;Tiago Rodriguez;
14137245;04/09/2026 11:47:06;3;2;0001  214855-1;03;CAMIONETA MIE 1;2092009;"DA18    ";"DADDONA S.A.                                      ";AV. ASAMBLEA 580;954908;"BCH07          ";BCH07 - BACHA DE APOYAR OVALADA 400x330x150;20;20;20;23146167;040926094218516;181806964;;;;07/29/2031 00:00:00;1;13813234;04/09/2026 09:42:18;Tiago;Rodriguez;;;;;;Tiago Rodriguez;
14137245;04/09/2026 11:47:06;3;2;0001  214855-1;03;CAMIONETA MIE 1;2092009;"DA18    ";"DADDONA S.A.                                      ";AV. ASAMBLEA 580;954908;"BCH07          ";BCH07 - BACHA DE APOYAR OVALADA 400x330x150;20;20;20;23146178;040926094234582;181807064;;;;07/29/2031 00:00:00;1;13813245;04/09/2026 09:42:34;Tiago;Rodriguez;;;;;;Tiago Rodriguez;
14137245;04/09/2026 11:47:06;3;2;0001  214855-1;03;CAMIONETA MIE 1;2092009;"DA18    ";"DADDONA S.A.                                      ";AV. ASAMBLEA 580;954908;"BCH07          ";BCH07 - BACHA DE APOYAR OVALADA 400x330x150;20;20;20;23146185;040926094241636;181807106;;;;07/29/2031 00:00:00;1;13813248;04/09/2026 09:42:41;Tiago;Rodriguez;;;;;;Tiago Rodriguez;
14137245;04/09/2026 11:47:06;3;2;0001  214855-1;03;CAMIONETA MIE 1;2092009;"DA18    ";"DADDONA S.A.                                      ";AV. ASAMBLEA 580;954908;"BCH07          ";BCH07 - BACHA DE APOYAR OVALADA 400x330x150;20;20;20;23146199;040926094257151;181807178;;;;07/29/2031 00:00:00;1;13813252;04/09/2026 09:42:57;Tiago;Rodriguez;;;;;;Tiago Rodriguez;
14137245;04/09/2026 11:47:06;3;2;0001  214855-1;03;CAMIONETA MIE 1;2092009;"DA18    ";"DADDONA S.A.                                      ";AV. ASAMBLEA 580;954911;"BCH10          ";BCH10 - BACHA DE APOYAR NEGRO MATE 460x320x140;10;10;10;23146231;040926094337553;181807376;;;;07/28/2031 00:00:00;1;13813269;04/09/2026 09:43:37;Tiago;Rodriguez;;;;;;Tiago Rodriguez;
14137245;04/09/2026 11:47:06;3;2;0001  214855-1;03;CAMIONETA MIE 1;2092009;"DA18    ";"DADDONA S.A.                                      ";AV. ASAMBLEA 580;954911;"BCH10          ";BCH10 - BACHA DE APOYAR NEGRO MATE 460x320x140;10;10;10;23146239;040926094349803;181807444;;;;07/28/2031 00:00:00;1;13813271;04/09/2026 09:43:49;Tiago;Rodriguez;;;;;;Tiago Rodriguez;
14137245;04/09/2026 11:47:06;3;2;0001  214855-1;03;CAMIONETA MIE 1;2092009;"DA18    ";"DADDONA S.A.                                      ";AV. ASAMBLEA 580;954911;"BCH10          ";BCH10 - BACHA DE APOYAR NEGRO MATE 460x320x140;10;10;10;23146247;040926094359314;181807487;;;;07/28/2031 00:00:00;1;13813274;04/09/2026 09:43:59;Tiago;Rodriguez;;;;;;Tiago Rodriguez;
14137245;04/09/2026 11:47:06;3;2;0001  214855-1;03;CAMIONETA MIE 1;2092009;"DA18    ";"DADDONA S.A.                                      ";AV. ASAMBLEA 580;954911;"BCH10          ";BCH10 - BACHA DE APOYAR NEGRO MATE 460x320x140;10;10;10;23146298;040926094453213;181807773;;;;07/28/2031 00:00:00;1;13813296;04/09/2026 09:44:53;Tiago;Rodriguez;;;;;;Tiago Rodriguez;
14137245;04/09/2026 11:47:06;3;2;0001  214855-1;03;CAMIONETA MIE 1;2092009;"DA18    ";"DADDONA S.A.                                      ";AV. ASAMBLEA 580;954911;"BCH10          ";BCH10 - BACHA DE APOYAR NEGRO MATE 460x320x140;10;10;10;23146313;040926094503901;181807817;;;;07/28/2031 00:00:00;1;13813305;04/09/2026 09:45:03;Tiago;Rodriguez;;;;;;Tiago Rodriguez;
14137245;04/09/2026 11:47:06;3;2;0001  214855-1;03;CAMIONETA MIE 1;2092009;"DA18    ";"DADDONA S.A.                                      ";AV. ASAMBLEA 580;954908;"BCH07          ";BCH07 - BACHA DE APOYAR OVALADA 400x330x150;20;20;20;23146322;040926094512375;181807859;;;;07/29/2031 00:00:00;1;13813308;04/09/2026 09:45:12;Tiago;Rodriguez;;;;;;Tiago Rodriguez;
14137245;04/09/2026 11:47:06;3;2;0001  214855-1;03;CAMIONETA MIE 1;2092009;"DA18    ";"DADDONA S.A.                                      ";AV. ASAMBLEA 580;954908;"BCH07          ";BCH07 - BACHA DE APOYAR OVALADA 400x330x150;20;20;20;23146352;040926094540546;181807991;;;;07/29/2031 00:00:00;1;13813320;04/09/2026 09:45:40;Tiago;Rodriguez;;;;;;Tiago Rodriguez;
14137245;04/09/2026 11:47:06;3;2;0001  214855-1;03;CAMIONETA MIE 1;2092009;"DA18    ";"DADDONA S.A.                                      ";AV. ASAMBLEA 580;954908;"BCH07          ";BCH07 - BACHA DE APOYAR OVALADA 400x330x150;20;20;20;23146383;040926094551179;181808064;;;;07/29/2031 00:00:00;1;13813325;04/09/2026 09:45:51;Tiago;Rodriguez;;;;;;Tiago Rodriguez;
14137245;04/09/2026 11:47:06;3;2;0001  214855-1;03;CAMIONETA MIE 1;2092009;"DA18    ";"DADDONA S.A.                                      ";AV. ASAMBLEA 580;954908;"BCH07          ";BCH07 - BACHA DE APOYAR OVALADA 400x330x150;20;20;20;23146390;040926094559714;181808102;;;;07/29/2031 00:00:00;1;13813327;04/09/2026 09:45:59;Tiago;Rodriguez;;;;;;Tiago Rodriguez;
14137245;04/09/2026 11:47:06;3;2;0001  214855-1;03;CAMIONETA MIE 1;2092009;"DA18    ";"DADDONA S.A.                                      ";AV. ASAMBLEA 580;954908;"BCH07          ";BCH07 - BACHA DE APOYAR OVALADA 400x330x150;20;20;20;23146401;040926094614941;181808168;;;;07/29/2031 00:00:00;1;13813339;04/09/2026 09:46:14;Tiago;Rodriguez;;;;;;Tiago Rodriguez;
14137245;04/09/2026 11:47:06;3;2;0001  214855-1;03;CAMIONETA MIE 1;2092009;"DA18    ";"DADDONA S.A.                                      ";AV. ASAMBLEA 580;954908;"BCH07          ";BCH07 - BACHA DE APOYAR OVALADA 400x330x150;20;20;20;23146407;040926094622736;181808210;;;;07/29/2031 00:00:00;1;13813340;04/09/2026 09:46:22;Tiago;Rodriguez;;;;;;Tiago Rodriguez;
14137245;04/09/2026 11:47:06;3;2;0001  214855-1;03;CAMIONETA MIE 1;2092009;"DA18    ";"DADDONA S.A.                                      ";AV. ASAMBLEA 580;954908;"BCH07          ";BCH07 - BACHA DE APOYAR OVALADA 400x330x150;20;20;20;23146413;040926094630369;181808246;;;;07/29/2031 00:00:00;1;13813343;04/09/2026 09:46:30;Tiago;Rodriguez;;;;;;Tiago Rodriguez;
14137245;04/09/2026 11:47:06;3;2;0001  214855-1;03;CAMIONETA MIE 1;2092009;"DA18    ";"DADDONA S.A.                                      ";AV. ASAMBLEA 580;954908;"BCH07          ";BCH07 - BACHA DE APOYAR OVALADA 400x330x150;20;20;20;23146416;040926094636831;181808370;;;;07/29/2031 00:00:00;1;13813346;04/09/2026 09:46:36;Tiago;Rodriguez;;;;;;Tiago Rodriguez;
14137245;04/09/2026 11:47:06;3;2;0001  214855-1;03;CAMIONETA MIE 1;2092009;"DA18    ";"DADDONA S.A.                                      ";AV. ASAMBLEA 580;954908;"BCH07          ";BCH07 - BACHA DE APOYAR OVALADA 400x330x150;20;20;20;23146428;040926094645664;181808397;;;;07/29/2031 00:00:00;1;13813349;04/09/2026 09:46:45;Tiago;Rodriguez;;;;;;Tiago Rodriguez;
14137245;04/09/2026 11:47:06;3;2;0001  214855-1;03;CAMIONETA MIE 1;2092009;"DA18    ";"DADDONA S.A.                                      ";AV. ASAMBLEA 580;954908;"BCH07          ";BCH07 - BACHA DE APOYAR OVALADA 400x330x150;20;20;20;23146432;040926094652957;181808436;;;;07/29/2031 00:00:00;1;13813351;04/09/2026 09:46:52;Tiago;Rodriguez;;;;;;Tiago Rodriguez;
14137245;04/09/2026 11:47:06;3;2;0001  214855-1;03;CAMIONETA MIE 1;2092009;"DA18    ";"DADDONA S.A.                                      ";AV. ASAMBLEA 580;954911;"BCH10          ";BCH10 - BACHA DE APOYAR NEGRO MATE 460x320x140;10;10;10;23146439;040926094702933;181808476;;;;07/28/2031 00:00:00;1;13813358;04/09/2026 09:47:02;Tiago;Rodriguez;;;;;;Tiago Rodriguez;
14137245;04/09/2026 11:47:06;3;2;0001  214855-1;03;CAMIONETA MIE 1;2092009;"DA18    ";"DADDONA S.A.                                      ";AV. ASAMBLEA 580;954911;"BCH10          ";BCH10 - BACHA DE APOYAR NEGRO MATE 460x320x140;10;10;10;23146449;040926094710863;181808510;;;;07/28/2031 00:00:00;1;13813363;04/09/2026 09:47:10;Tiago;Rodriguez;;;;;;Tiago Rodriguez;
14137245;04/09/2026 11:47:06;3;2;0001  214855-1;03;CAMIONETA MIE 1;2092009;"DA18    ";"DADDONA S.A.                                      ";AV. ASAMBLEA 580;954911;"BCH10          ";BCH10 - BACHA DE APOYAR NEGRO MATE 460x320x140;10;10;10;23146455;040926094717283;181808542;;;;07/28/2031 00:00:00;1;13813368;04/09/2026 09:47:17;Tiago;Rodriguez;;;;;;Tiago Rodriguez;
14137245;04/09/2026 11:47:06;3;2;0001  214855-1;03;CAMIONETA MIE 1;2092009;"DA18    ";"DADDONA S.A.                                      ";AV. ASAMBLEA 580;954911;"BCH10          ";BCH10 - BACHA DE APOYAR NEGRO MATE 460x320x140;10;10;10;23146460;040926094725092;181808569;;;;07/28/2031 00:00:00;1;13813371;04/09/2026 09:47:25;Tiago;Rodriguez;;;;;;Tiago Rodriguez;
14137245;04/09/2026 11:47:06;3;2;0001  214855-1;03;CAMIONETA MIE 1;2092009;"DA18    ";"DADDONA S.A.                                      ";AV. ASAMBLEA 580;954911;"BCH10          ";BCH10 - BACHA DE APOYAR NEGRO MATE 460x320x140;10;10;10;23146485;040926094732232;181765045;;;;07/28/2031 00:00:00;1;13813374;04/09/2026 09:47:32;Tiago;Rodriguez;;;;;;Tiago Rodriguez;
14137245;04/09/2026 11:47:06;3;2;0001  214855-1;03;CAMIONETA MIE 1;2092009;"DA18    ";"DADDONA S.A.                                      ";AV. ASAMBLEA 580;954908;"BCH07          ";BCH07 - BACHA DE APOYAR OVALADA 400x330x150;20;20;20;23146507;040926094758885;181808750;;;;07/29/2031 00:00:00;1;13813381;04/09/2026 09:47:58;Tiago;Rodriguez;;;;;;Tiago Rodriguez;
14137245;04/09/2026 11:47:06;3;2;0001  214855-1;03;CAMIONETA MIE 1;2092009;"DA18    ";"DADDONA S.A.                                      ";AV. ASAMBLEA 580;954908;"BCH07          ";BCH07 - BACHA DE APOYAR OVALADA 400x330x150;20;20;20;23146510;040926094805510;181808790;;;;07/29/2031 00:00:00;1;13813386;04/09/2026 09:48:05;Tiago;Rodriguez;;;;;;Tiago Rodriguez;
14137245;04/09/2026 11:47:06;3;2;0001  214855-1;03;CAMIONETA MIE 1;2092009;"DA18    ";"DADDONA S.A.                                      ";AV. ASAMBLEA 580;954908;"BCH07          ";BCH07 - BACHA DE APOYAR OVALADA 400x330x150;20;20;20;23146540;040926094840434;181808969;;;;07/29/2031 00:00:00;1;13813395;04/09/2026 09:48:40;Tiago;Rodriguez;;;;;;Tiago Rodriguez;
14137245;04/09/2026 11:47:06;3;2;0001  214855-1;03;CAMIONETA MIE 1;2092009;"DA18    ";"DADDONA S.A.                                      ";AV. ASAMBLEA 580;954908;"BCH07          ";BCH07 - BACHA DE APOYAR OVALADA 400x330x150;20;20;20;23146543;040926094849228;181766888;;;;07/29/2031 00:00:00;1;13813397;04/09/2026 09:48:49;Tiago;Rodriguez;;;;;;Tiago Rodriguez;
14137245;04/09/2026 11:47:06;3;2;0001  214855-1;03;CAMIONETA MIE 1;2092009;"DA18    ";"DADDONA S.A.                                      ";AV. ASAMBLEA 580;954922;"BCH19          ";"BACHA DE APOYAR BLANCA 365x235x120                                    ";70;70;70;23146731;040926095316985;181810442;;;;07/27/2031 00:00:00;1;13813496;04/09/2026 09:53:17;Tiago;Rodriguez;;;;;;Tiago Rodriguez;
14137245;04/09/2026 11:47:06;3;2;0001  214855-1;03;CAMIONETA MIE 1;2092009;"DA18    ";"DADDONA S.A.                                      ";AV. ASAMBLEA 580;954922;"BCH19          ";"BACHA DE APOYAR BLANCA 365x235x120                                    ";70;70;70;23146739;040926095325567;181810492;;;;07/27/2031 00:00:00;1;13813502;04/09/2026 09:53:25;Tiago;Rodriguez;;;;;;Tiago Rodriguez;
14137245;04/09/2026 11:47:06;3;2;0001  214855-1;03;CAMIONETA MIE 1;2092009;"DA18    ";"DADDONA S.A.                                      ";AV. ASAMBLEA 580;954922;"BCH19          ";"BACHA DE APOYAR BLANCA 365x235x120                                    ";70;70;70;23146745;040926095331793;181810526;;;;07/27/2031 00:00:00;1;13813506;04/09/2026 09:53:31;Tiago;Rodriguez;;;;;;Tiago Rodriguez;
14137245;04/09/2026 11:47:06;3;2;0001  214855-1;03;CAMIONETA MIE 1;2092009;"DA18    ";"DADDONA S.A.                                      ";AV. ASAMBLEA 580;954922;"BCH19          ";"BACHA DE APOYAR BLANCA 365x235x120                                    ";70;70;70;23146752;040926095340517;181810582;;;;07/27/2031 00:00:00;1;13813509;04/09/2026 09:53:40;Tiago;Rodriguez;;;;;;Tiago Rodriguez;
14137245;04/09/2026 11:47:06;3;2;0001  214855-1;03;CAMIONETA MIE 1;2092009;"DA18    ";"DADDONA S.A.                                      ";AV. ASAMBLEA 580;954922;"BCH19          ";"BACHA DE APOYAR BLANCA 365x235x120                                    ";70;70;70;23146758;040926095346208;181810611;;;;07/27/2031 00:00:00;1;13813513;04/09/2026 09:53:46;Tiago;Rodriguez;;;;;;Tiago Rodriguez;
14137245;04/09/2026 11:47:06;3;2;0001  214855-1;03;CAMIONETA MIE 1;2092009;"DA18    ";"DADDONA S.A.                                      ";AV. ASAMBLEA 580;954922;"BCH19          ";"BACHA DE APOYAR BLANCA 365x235x120                                    ";70;70;70;23146769;040926095353364;181810641;;;;07/27/2031 00:00:00;1;13813515;04/09/2026 09:53:53;Tiago;Rodriguez;;;;;;Tiago Rodriguez;
14137245;04/09/2026 11:47:06;3;2;0001  214855-1;03;CAMIONETA MIE 1;2092009;"DA18    ";"DADDONA S.A.                                      ";AV. ASAMBLEA 580;954922;"BCH19          ";"BACHA DE APOYAR BLANCA 365x235x120                                    ";70;70;70;23146775;040926095400582;181810678;;;;07/27/2031 00:00:00;1;13813518;04/09/2026 09:54:00;Tiago;Rodriguez;;;;;;Tiago Rodriguez;
14137245;04/09/2026 11:47:06;3;2;0001  214855-1;03;CAMIONETA MIE 1;2092009;"DA18    ";"DADDONA S.A.                                      ";AV. ASAMBLEA 580;954922;"BCH19          ";"BACHA DE APOYAR BLANCA 365x235x120                                    ";70;70;70;23146793;040926095407138;181810708;;;;07/27/2031 00:00:00;1;13813521;04/09/2026 09:54:07;Tiago;Rodriguez;;;;;;Tiago Rodriguez;
14137245;04/09/2026 11:47:06;3;2;0001  214855-1;03;CAMIONETA MIE 1;2092009;"DA18    ";"DADDONA S.A.                                      ";AV. ASAMBLEA 580;954922;"BCH19          ";"BACHA DE APOYAR BLANCA 365x235x120                                    ";70;70;70;23146805;040926095419902;181810761;;;;07/27/2031 00:00:00;1;13813532;04/09/2026 09:54:19;Tiago;Rodriguez;;;;;;Tiago Rodriguez;
14137245;04/09/2026 11:47:06;3;2;0001  214855-1;03;CAMIONETA MIE 1;2092009;"DA18    ";"DADDONA S.A.                                      ";AV. ASAMBLEA 580;954922;"BCH19          ";"BACHA DE APOYAR BLANCA 365x235x120                                    ";70;70;70;23146808;040926095425836;181810790;;;;07/27/2031 00:00:00;1;13813535;04/09/2026 09:54:25;Tiago;Rodriguez;;;;;;Tiago Rodriguez;
14137245;04/09/2026 11:47:06;3;2;0001  214855-1;03;CAMIONETA MIE 1;2092009;"DA18    ";"DADDONA S.A.                                      ";AV. ASAMBLEA 580;954922;"BCH19          ";"BACHA DE APOYAR BLANCA 365x235x120                                    ";70;70;70;23146813;040926095432379;181810820;;;;07/27/2031 00:00:00;1;13813538;04/09/2026 09:54:32;Tiago;Rodriguez;;;;;;Tiago Rodriguez;
14137245;04/09/2026 11:47:06;3;2;0001  214855-1;03;CAMIONETA MIE 1;2092009;"DA18    ";"DADDONA S.A.                                      ";AV. ASAMBLEA 580;954922;"BCH19          ";"BACHA DE APOYAR BLANCA 365x235x120                                    ";70;70;70;23146818;040926095437937;181810849;;;;07/27/2031 00:00:00;1;13813542;04/09/2026 09:54:37;Tiago;Rodriguez;;;;;;Tiago Rodriguez;
14137245;04/09/2026 11:47:06;3;2;0001  214855-1;03;CAMIONETA MIE 1;2092009;"DA18    ";"DADDONA S.A.                                      ";AV. ASAMBLEA 580;954922;"BCH19          ";"BACHA DE APOYAR BLANCA 365x235x120                                    ";70;70;70;23146820;040926095446378;181810891;;;;07/27/2031 00:00:00;1;13813545;04/09/2026 09:54:46;Tiago;Rodriguez;;;;;;Tiago Rodriguez;
14137245;04/09/2026 11:47:06;3;2;0001  214855-1;03;CAMIONETA MIE 1;2092009;"DA18    ";"DADDONA S.A.                                      ";AV. ASAMBLEA 580;954922;"BCH19          ";"BACHA DE APOYAR BLANCA 365x235x120                                    ";70;70;70;23146824;040926095452872;181810933;;;;07/27/2031 00:00:00;1;13813551;04/09/2026 09:54:52;Tiago;Rodriguez;;;;;;Tiago Rodriguez;
14137245;04/09/2026 11:47:06;3;2;0001  214855-1;03;CAMIONETA MIE 1;2092009;"DA18    ";"DADDONA S.A.                                      ";AV. ASAMBLEA 580;954922;"BCH19          ";"BACHA DE APOYAR BLANCA 365x235x120                                    ";70;70;70;23146828;040926095501269;181810976;;;;07/27/2031 00:00:00;1;13813555;04/09/2026 09:55:01;Tiago;Rodriguez;;;;;;Tiago Rodriguez;
14137245;04/09/2026 11:47:06;3;2;0001  214855-1;03;CAMIONETA MIE 1;2092009;"DA18    ";"DADDONA S.A.                                      ";AV. ASAMBLEA 580;954922;"BCH19          ";"BACHA DE APOYAR BLANCA 365x235x120                                    ";70;70;70;23146838;040926095510785;181811029;;;;07/27/2031 00:00:00;1;13813561;04/09/2026 09:55:10;Tiago;Rodriguez;;;;;;Tiago Rodriguez;
14137245;04/09/2026 11:47:06;3;2;0001  214855-1;03;CAMIONETA MIE 1;2092009;"DA18    ";"DADDONA S.A.                                      ";AV. ASAMBLEA 580;954922;"BCH19          ";"BACHA DE APOYAR BLANCA 365x235x120                                    ";70;70;70;23146846;040926095517399;181811065;;;;07/27/2031 00:00:00;1;13813564;04/09/2026 09:55:17;Tiago;Rodriguez;;;;;;Tiago Rodriguez;
14137245;04/09/2026 11:47:06;3;2;0001  214855-1;03;CAMIONETA MIE 1;2092009;"DA18    ";"DADDONA S.A.                                      ";AV. ASAMBLEA 580;954922;"BCH19          ";"BACHA DE APOYAR BLANCA 365x235x120                                    ";70;70;70;23146852;040926095527684;181811107;;;;07/27/2031 00:00:00;1;13813569;04/09/2026 09:55:27;Tiago;Rodriguez;;;;;;Tiago Rodriguez;
14137245;04/09/2026 11:47:06;3;2;0001  214855-1;03;CAMIONETA MIE 1;2092009;"DA18    ";"DADDONA S.A.                                      ";AV. ASAMBLEA 580;954922;"BCH19          ";"BACHA DE APOYAR BLANCA 365x235x120                                    ";70;70;70;23146877;040926095609902;181811328;;;;07/27/2031 00:00:00;1;13813593;04/09/2026 09:56:09;Tiago;Rodriguez;;;;;;Tiago Rodriguez;
14137245;04/09/2026 11:47:06;3;2;0001  214855-1;03;CAMIONETA MIE 1;2092009;"DA18    ";"DADDONA S.A.                                      ";AV. ASAMBLEA 580;954922;"BCH19          ";"BACHA DE APOYAR BLANCA 365x235x120                                    ";70;70;70;23146883;040926095616652;181811360;;;;07/27/2031 00:00:00;1;13813597;04/09/2026 09:56:16;Tiago;Rodriguez;;;;;;Tiago Rodriguez;
14137245;04/09/2026 11:47:06;3;2;0001  214855-1;03;CAMIONETA MIE 1;2092009;"DA18    ";"DADDONA S.A.                                      ";AV. ASAMBLEA 580;954922;"BCH19          ";"BACHA DE APOYAR BLANCA 365x235x120                                    ";70;70;70;23146888;040926095625046;181811397;;;;07/27/2031 00:00:00;1;13813600;04/09/2026 09:56:25;Tiago;Rodriguez;;;;;;Tiago Rodriguez;
14137245;04/09/2026 11:47:06;3;2;0001  214855-1;03;CAMIONETA MIE 1;2092009;"DA18    ";"DADDONA S.A.                                      ";AV. ASAMBLEA 580;954922;"BCH19          ";"BACHA DE APOYAR BLANCA 365x235x120                                    ";70;70;70;23146899;040926095631469;181811431;;;;07/27/2031 00:00:00;1;13813603;04/09/2026 09:56:31;Tiago;Rodriguez;;;;;;Tiago Rodriguez;
14137245;04/09/2026 11:47:06;3;2;0001  214855-1;03;CAMIONETA MIE 1;2092009;"DA18    ";"DADDONA S.A.                                      ";AV. ASAMBLEA 580;954922;"BCH19          ";"BACHA DE APOYAR BLANCA 365x235x120                                    ";70;70;70;23146910;040926095637382;181811465;;;;07/27/2031 00:00:00;1;13813606;04/09/2026 09:56:37;Tiago;Rodriguez;;;;;;Tiago Rodriguez;
14137245;04/09/2026 11:47:06;3;2;0001  214855-1;03;CAMIONETA MIE 1;2092009;"DA18    ";"DADDONA S.A.                                      ";AV. ASAMBLEA 580;954922;"BCH19          ";"BACHA DE APOYAR BLANCA 365x235x120                                    ";70;70;70;23146913;040926095643855;181811493;;;;07/27/2031 00:00:00;1;13813610;04/09/2026 09:56:43;Tiago;Rodriguez;;;;;;Tiago Rodriguez;
14137245;04/09/2026 11:47:06;3;2;0001  214855-1;03;CAMIONETA MIE 1;2092009;"DA18    ";"DADDONA S.A.                                      ";AV. ASAMBLEA 580;954922;"BCH19          ";"BACHA DE APOYAR BLANCA 365x235x120                                    ";70;70;70;23146917;040926095650965;181811527;;;;07/27/2031 00:00:00;1;13813613;04/09/2026 09:56:50;Tiago;Rodriguez;;;;;;Tiago Rodriguez;
14137245;04/09/2026 11:47:06;3;2;0001  214855-1;03;CAMIONETA MIE 1;2092009;"DA18    ";"DADDONA S.A.                                      ";AV. ASAMBLEA 580;954922;"BCH19          ";"BACHA DE APOYAR BLANCA 365x235x120                                    ";70;70;70;23146923;040926095701277;181811564;;;;07/27/2031 00:00:00;1;13813618;04/09/2026 09:57:01;Tiago;Rodriguez;;;;;;Tiago Rodriguez;
14137245;04/09/2026 11:47:06;3;2;0001  214855-1;03;CAMIONETA MIE 1;2092009;"DA18    ";"DADDONA S.A.                                      ";AV. ASAMBLEA 580;954922;"BCH19          ";"BACHA DE APOYAR BLANCA 365x235x120                                    ";70;70;70;23147001;040926095854333;181812091;;;;07/27/2031 00:00:00;1;13813664;04/09/2026 09:58:54;Tiago;Rodriguez;;;;;;Tiago Rodriguez;
14137245;04/09/2026 11:47:06;3;2;0001  214855-1;03;CAMIONETA MIE 1;2092009;"DA18    ";"DADDONA S.A.                                      ";AV. ASAMBLEA 580;954922;"BCH19          ";"BACHA DE APOYAR BLANCA 365x235x120                                    ";70;70;70;23147008;040926095900718;181812120;;;;07/27/2031 00:00:00;1;13813669;04/09/2026 09:59:00;Tiago;Rodriguez;;;;;;Tiago Rodriguez;
14137245;04/09/2026 11:47:06;3;2;0001  214855-1;03;CAMIONETA MIE 1;2092009;"DA18    ";"DADDONA S.A.                                      ";AV. ASAMBLEA 580;954922;"BCH19          ";"BACHA DE APOYAR BLANCA 365x235x120                                    ";70;70;70;23147023;040926095907461;181812159;;;;07/27/2031 00:00:00;1;13813675;04/09/2026 09:59:07;Tiago;Rodriguez;;;;;;Tiago Rodriguez;
14137245;04/09/2026 11:47:06;3;2;0001  214855-1;03;CAMIONETA MIE 1;2092009;"DA18    ";"DADDONA S.A.                                      ";AV. ASAMBLEA 580;954922;"BCH19          ";"BACHA DE APOYAR BLANCA 365x235x120                                    ";70;70;70;23147027;040926095913952;181812197;;;;07/27/2031 00:00:00;1;13813677;04/09/2026 09:59:13;Tiago;Rodriguez;;;;;;Tiago Rodriguez;
14137245;04/09/2026 11:47:06;3;2;0001  214855-1;03;CAMIONETA MIE 1;2092009;"DA18    ";"DADDONA S.A.                                      ";AV. ASAMBLEA 580;954922;"BCH19          ";"BACHA DE APOYAR BLANCA 365x235x120                                    ";70;70;70;23147032;040926095922516;181812263;;;;07/27/2031 00:00:00;1;13813680;04/09/2026 09:59:22;Tiago;Rodriguez;;;;;;Tiago Rodriguez;
14137245;04/09/2026 11:47:06;3;2;0001  214855-1;03;CAMIONETA MIE 1;2092009;"DA18    ";"DADDONA S.A.                                      ";AV. ASAMBLEA 580;954922;"BCH19          ";"BACHA DE APOYAR BLANCA 365x235x120                                    ";70;70;70;23147037;040926095928997;181812299;;;;07/27/2031 00:00:00;1;13813683;04/09/2026 09:59:29;Tiago;Rodriguez;;;;;;Tiago Rodriguez;
14137245;04/09/2026 11:47:06;3;2;0001  214855-1;03;CAMIONETA MIE 1;2092009;"DA18    ";"DADDONA S.A.                                      ";AV. ASAMBLEA 580;954922;"BCH19          ";"BACHA DE APOYAR BLANCA 365x235x120                                    ";70;70;70;23147039;040926095936054;181812326;;;;07/27/2031 00:00:00;1;13813685;04/09/2026 09:59:36;Tiago;Rodriguez;;;;;;Tiago Rodriguez;
14137245;04/09/2026 11:47:06;3;2;0001  214855-1;03;CAMIONETA MIE 1;2092009;"DA18    ";"DADDONA S.A.                                      ";AV. ASAMBLEA 580;954922;"BCH19          ";"BACHA DE APOYAR BLANCA 365x235x120                                    ";70;70;70;23147043;040926095945799;181812375;;;;07/27/2031 00:00:00;1;13813688;04/09/2026 09:59:45;Tiago;Rodriguez;;;;;;Tiago Rodriguez;
14137245;04/09/2026 11:47:06;3;2;0001  214855-1;03;CAMIONETA MIE 1;2092009;"DA18    ";"DADDONA S.A.                                      ";AV. ASAMBLEA 580;954922;"BCH19          ";"BACHA DE APOYAR BLANCA 365x235x120                                    ";70;70;70;23147057;040926095956359;181812420;;;;07/27/2031 00:00:00;1;13813696;04/09/2026 09:59:56;Tiago;Rodriguez;;;;;;Tiago Rodriguez;
14137245;04/09/2026 11:47:06;3;2;0001  214855-1;03;CAMIONETA MIE 1;2092009;"DA18    ";"DADDONA S.A.                                      ";AV. ASAMBLEA 580;954922;"BCH19          ";"BACHA DE APOYAR BLANCA 365x235x120                                    ";70;70;70;23147060;040926100003351;181812458;;;;07/27/2031 00:00:00;1;13813704;04/09/2026 10:00:03;Tiago;Rodriguez;;;;;;Tiago Rodriguez;
14137245;04/09/2026 11:47:06;3;2;0001  214855-1;03;CAMIONETA MIE 1;2092009;"DA18    ";"DADDONA S.A.                                      ";AV. ASAMBLEA 580;954922;"BCH19          ";"BACHA DE APOYAR BLANCA 365x235x120                                    ";70;70;70;23147774;040926101540092;181817603;;;;07/27/2031 00:00:00;1;13814097;04/09/2026 10:15:40;Tiago;Rodriguez;;;;;;Tiago Rodriguez;
14137245;04/09/2026 11:47:06;3;2;0001  214855-1;03;CAMIONETA MIE 1;2092009;"DA18    ";"DADDONA S.A.                                      ";AV. ASAMBLEA 580;954922;"BCH19          ";"BACHA DE APOYAR BLANCA 365x235x120                                    ";70;70;70;23147790;040926101546482;181817638;;;;07/27/2031 00:00:00;1;13814099;04/09/2026 10:15:46;Tiago;Rodriguez;;;;;;Tiago Rodriguez;
14137245;04/09/2026 11:47:06;3;2;0001  214855-1;03;CAMIONETA MIE 1;2092009;"DA18    ";"DADDONA S.A.                                      ";AV. ASAMBLEA 580;954922;"BCH19          ";"BACHA DE APOYAR BLANCA 365x235x120                                    ";70;70;70;23147795;040926101552899;181817675;;;;07/27/2031 00:00:00;1;13814105;04/09/2026 10:15:52;Tiago;Rodriguez;;;;;;Tiago Rodriguez;
14137245;04/09/2026 11:47:06;3;2;0001  214855-1;03;CAMIONETA MIE 1;2092009;"DA18    ";"DADDONA S.A.                                      ";AV. ASAMBLEA 580;954922;"BCH19          ";"BACHA DE APOYAR BLANCA 365x235x120                                    ";70;70;70;23147799;040926101558735;181817703;;;;07/27/2031 00:00:00;1;13814111;04/09/2026 10:15:58;Tiago;Rodriguez;;;;;;Tiago Rodriguez;
14137245;04/09/2026 11:47:06;3;2;0001  214855-1;03;CAMIONETA MIE 1;2092009;"DA18    ";"DADDONA S.A.                                      ";AV. ASAMBLEA 580;954922;"BCH19          ";"BACHA DE APOYAR BLANCA 365x235x120                                    ";70;70;70;23147812;040926101607737;181817766;;;;07/27/2031 00:00:00;1;13814117;04/09/2026 10:16:07;Tiago;Rodriguez;;;;;;Tiago Rodriguez;
14137245;04/09/2026 11:47:06;3;2;0001  214855-1;03;CAMIONETA MIE 1;2092009;"DA18    ";"DADDONA S.A.                                      ";AV. ASAMBLEA 580;954926;"BCH20          ";"BACHA BAJO MESADA BLANCA 500x400x185                                  ";10;10;10;23147825;040926101630237;181817897;;;;07/28/2031 00:00:00;1;13814132;04/09/2026 10:16:30;Tiago;Rodriguez;;;;;;Tiago Rodriguez;
14137245;04/09/2026 11:47:06;3;2;0001  214855-1;03;CAMIONETA MIE 1;2092009;"DA18    ";"DADDONA S.A.                                      ";AV. ASAMBLEA 580;954926;"BCH20          ";"BACHA BAJO MESADA BLANCA 500x400x185                                  ";10;10;10;23147837;040926101636308;181817936;;;;07/28/2031 00:00:00;1;13814135;04/09/2026 10:16:36;Tiago;Rodriguez;;;;;;Tiago Rodriguez;
14137245;04/09/2026 11:47:06;3;2;0001  214855-1;03;CAMIONETA MIE 1;2092009;"DA18    ";"DADDONA S.A.                                      ";AV. ASAMBLEA 580;954926;"BCH20          ";"BACHA BAJO MESADA BLANCA 500x400x185                                  ";10;10;10;23147841;040926101643869;181817982;;;;07/28/2031 00:00:00;1;13814138;04/09/2026 10:16:43;Tiago;Rodriguez;;;;;;Tiago Rodriguez;
14137245;04/09/2026 11:47:06;3;2;0001  214855-1;03;CAMIONETA MIE 1;2092009;"DA18    ";"DADDONA S.A.                                      ";AV. ASAMBLEA 580;954926;"BCH20          ";"BACHA BAJO MESADA BLANCA 500x400x185                                  ";10;10;10;23147842;040926101651136;181818044;;;;07/28/2031 00:00:00;1;13814140;04/09/2026 10:16:51;Tiago;Rodriguez;;;;;;Tiago Rodriguez;
14137245;04/09/2026 11:47:06;3;2;0001  214855-1;03;CAMIONETA MIE 1;2092009;"DA18    ";"DADDONA S.A.                                      ";AV. ASAMBLEA 580;954926;"BCH20          ";"BACHA BAJO MESADA BLANCA 500x400x185                                  ";10;10;10;23147848;040926101701489;181818114;;;;07/28/2031 00:00:00;1;13814146;04/09/2026 10:17:01;Tiago;Rodriguez;;;;;;Tiago Rodriguez;
14137245;04/09/2026 11:47:06;3;2;0001  214855-1;03;CAMIONETA MIE 1;2092009;"DA18    ";"DADDONA S.A.                                      ";AV. ASAMBLEA 580;954914;"BCH12          ";BCH12 - BACHA DE APOYAR BLANCA 460x320x140;100;100;100;23147881;040926101738500;181818307;;;;11/10/2031 00:00:00;1;13814154;04/09/2026 10:17:38;Tiago;Rodriguez;;;;;;Tiago Rodriguez;
14137245;04/09/2026 11:47:06;3;2;0001  214855-1;03;CAMIONETA MIE 1;2092009;"DA18    ";"DADDONA S.A.                                      ";AV. ASAMBLEA 580;954914;"BCH12          ";BCH12 - BACHA DE APOYAR BLANCA 460x320x140;100;100;100;23147886;040926101746692;181818351;;;;11/10/2031 00:00:00;1;13814157;04/09/2026 10:17:46;Tiago;Rodriguez;;;;;;Tiago Rodriguez;
14137245;04/09/2026 11:47:06;3;2;0001  214855-1;03;CAMIONETA MIE 1;2092009;"DA18    ";"DADDONA S.A.                                      ";AV. ASAMBLEA 580;954914;"BCH12          ";BCH12 - BACHA DE APOYAR BLANCA 460x320x140;100;100;100;23147913;040926101759509;181818424;;;;11/10/2031 00:00:00;1;13814164;04/09/2026 10:17:59;Tiago;Rodriguez;;;;;;Tiago Rodriguez;
14137245;04/09/2026 11:47:06;3;2;0001  214855-1;03;CAMIONETA MIE 1;2092009;"DA18    ";"DADDONA S.A.                                      ";AV. ASAMBLEA 580;954914;"BCH12          ";BCH12 - BACHA DE APOYAR BLANCA 460x320x140;100;100;100;23147921;040926101806962;181818458;;;;11/10/2031 00:00:00;1;13814167;04/09/2026 10:18:06;Tiago;Rodriguez;;;;;;Tiago Rodriguez;
14137245;04/09/2026 11:47:06;3;2;0001  214855-1;03;CAMIONETA MIE 1;2092009;"DA18    ";"DADDONA S.A.                                      ";AV. ASAMBLEA 580;954914;"BCH12          ";BCH12 - BACHA DE APOYAR BLANCA 460x320x140;100;100;100;23147929;040926101813934;181818507;;;;11/10/2031 00:00:00;1;13814169;04/09/2026 10:18:13;Tiago;Rodriguez;;;;;;Tiago Rodriguez;
14137245;04/09/2026 11:47:06;3;2;0001  214855-1;03;CAMIONETA MIE 1;2092009;"DA18    ";"DADDONA S.A.                                      ";AV. ASAMBLEA 580;954914;"BCH12          ";BCH12 - BACHA DE APOYAR BLANCA 460x320x140;100;100;100;23147941;040926101824347;181818562;;;;11/10/2031 00:00:00;1;13814174;04/09/2026 10:18:24;Tiago;Rodriguez;;;;;;Tiago Rodriguez;
14137245;04/09/2026 11:47:06;3;2;0001  214855-1;03;CAMIONETA MIE 1;2092009;"DA18    ";"DADDONA S.A.                                      ";AV. ASAMBLEA 580;954914;"BCH12          ";BCH12 - BACHA DE APOYAR BLANCA 460x320x140;100;100;100;23147945;040926101831477;181818606;;;;11/10/2031 00:00:00;1;13814177;04/09/2026 10:18:31;Tiago;Rodriguez;;;;;;Tiago Rodriguez;
14137245;04/09/2026 11:47:06;3;2;0001  214855-1;03;CAMIONETA MIE 1;2092009;"DA18    ";"DADDONA S.A.                                      ";AV. ASAMBLEA 580;954914;"BCH12          ";BCH12 - BACHA DE APOYAR BLANCA 460x320x140;100;100;100;23147955;040926101838215;181818639;;;;11/10/2031 00:00:00;1;13814182;04/09/2026 10:18:38;Tiago;Rodriguez;;;;;;Tiago Rodriguez;
14137245;04/09/2026 11:47:06;3;2;0001  214855-1;03;CAMIONETA MIE 1;2092009;"DA18    ";"DADDONA S.A.                                      ";AV. ASAMBLEA 580;954922;"BCH19          ";"BACHA DE APOYAR BLANCA 365x235x120                                    ";70;70;70;23148062;040926102004803;181819123;;;;07/27/2031 00:00:00;1;13814217;04/09/2026 10:20:04;Tiago;Rodriguez;;;;;;Tiago Rodriguez;
14137245;04/09/2026 11:47:06;3;2;0001  214855-1;03;CAMIONETA MIE 1;2092009;"DA18    ";"DADDONA S.A.                                      ";AV. ASAMBLEA 580;954922;"BCH19          ";"BACHA DE APOYAR BLANCA 365x235x120                                    ";70;70;70;23148067;040926102014052;181819180;;;;07/27/2031 00:00:00;1;13814222;04/09/2026 10:20:14;Tiago;Rodriguez;;;;;;Tiago Rodriguez;
14137245;04/09/2026 11:47:06;3;2;0001  214855-1;03;CAMIONETA MIE 1;2092009;"DA18    ";"DADDONA S.A.                                      ";AV. ASAMBLEA 580;954922;"BCH19          ";"BACHA DE APOYAR BLANCA 365x235x120                                    ";70;70;70;23148096;040926102044272;181819362;;;;07/27/2031 00:00:00;1;13814236;04/09/2026 10:20:44;Tiago;Rodriguez;;;;;;Tiago Rodriguez;
14137245;04/09/2026 11:47:06;3;2;0001  214855-1;03;CAMIONETA MIE 1;2092009;"DA18    ";"DADDONA S.A.                                      ";AV. ASAMBLEA 580;954922;"BCH19          ";"BACHA DE APOYAR BLANCA 365x235x120                                    ";70;70;70;23148124;040926102123725;181819667;;;;07/27/2031 00:00:00;1;13814255;04/09/2026 10:21:23;Tiago;Rodriguez;;;;;;Tiago Rodriguez;
14137245;04/09/2026 11:47:06;3;2;0001  214855-1;03;CAMIONETA MIE 1;2092009;"DA18    ";"DADDONA S.A.                                      ";AV. ASAMBLEA 580;954922;"BCH19          ";"BACHA DE APOYAR BLANCA 365x235x120                                    ";70;70;70;23148134;040926102133688;181819767;;;;07/27/2031 00:00:00;1;13814258;04/09/2026 10:21:33;Tiago;Rodriguez;;;;;;Tiago Rodriguez;
14137245;04/09/2026 11:47:06;3;2;0001  214855-1;03;CAMIONETA MIE 1;2092009;"DA18    ";"DADDONA S.A.                                      ";AV. ASAMBLEA 580;954922;"BCH19          ";"BACHA DE APOYAR BLANCA 365x235x120                                    ";70;70;70;23148150;040926102143760;181819836;;;;07/27/2031 00:00:00;1;13814266;04/09/2026 10:21:43;Tiago;Rodriguez;;;;;;Tiago Rodriguez;
14137245;04/09/2026 11:47:06;3;2;0001  214855-1;03;CAMIONETA MIE 1;2092009;"DA18    ";"DADDONA S.A.                                      ";AV. ASAMBLEA 580;954922;"BCH19          ";"BACHA DE APOYAR BLANCA 365x235x120                                    ";70;70;70;23148163;040926102157526;181819914;;;;07/27/2031 00:00:00;1;13814274;04/09/2026 10:21:57;Tiago;Rodriguez;;;;;;Tiago Rodriguez;
14137245;04/09/2026 11:47:06;3;2;0001  214855-1;03;CAMIONETA MIE 1;2092009;"DA18    ";"DADDONA S.A.                                      ";AV. ASAMBLEA 580;954922;"BCH19          ";"BACHA DE APOYAR BLANCA 365x235x120                                    ";70;70;70;23148177;040926102207229;181819976;;;;07/27/2031 00:00:00;1;13814278;04/09/2026 10:22:07;Tiago;Rodriguez;;;;;;Tiago Rodriguez;
14137245;04/09/2026 11:47:06;3;2;0001  214855-1;03;CAMIONETA MIE 1;2092009;"DA18    ";"DADDONA S.A.                                      ";AV. ASAMBLEA 580;954922;"BCH19          ";"BACHA DE APOYAR BLANCA 365x235x120                                    ";70;70;70;23148189;040926102223405;181820156;;;;07/27/2031 00:00:00;1;13814285;04/09/2026 10:22:23;Tiago;Rodriguez;;;;;;Tiago Rodriguez;
14137245;04/09/2026 11:47:06;3;2;0001  214855-1;03;CAMIONETA MIE 1;2092009;"DA18    ";"DADDONA S.A.                                      ";AV. ASAMBLEA 580;954922;"BCH19          ";"BACHA DE APOYAR BLANCA 365x235x120                                    ";70;70;70;23148198;040926102233322;181820224;;;;07/27/2031 00:00:00;1;13814288;04/09/2026 10:22:33;Tiago;Rodriguez;;;;;;Tiago Rodriguez;
14137245;04/09/2026 11:47:06;3;2;0001  214855-1;03;CAMIONETA MIE 1;2092009;"DA18    ";"DADDONA S.A.                                      ";AV. ASAMBLEA 580;954922;"BCH19          ";"BACHA DE APOYAR BLANCA 365x235x120                                    ";70;70;70;23148215;040926102242681;181820276;;;;07/27/2031 00:00:00;1;13814295;04/09/2026 10:22:42;Tiago;Rodriguez;;;;;;Tiago Rodriguez;
14137245;04/09/2026 11:47:06;3;2;0001  214855-1;03;CAMIONETA MIE 1;2092009;"DA18    ";"DADDONA S.A.                                      ";AV. ASAMBLEA 580;954922;"BCH19          ";"BACHA DE APOYAR BLANCA 365x235x120                                    ";70;70;70;23148223;040926102250317;181820318;;;;07/27/2031 00:00:00;1;13814299;04/09/2026 10:22:50;Tiago;Rodriguez;;;;;;Tiago Rodriguez;
14137245;04/09/2026 11:47:06;3;2;0001  214855-1;03;CAMIONETA MIE 1;2092009;"DA18    ";"DADDONA S.A.                                      ";AV. ASAMBLEA 580;954922;"BCH19          ";"BACHA DE APOYAR BLANCA 365x235x120                                    ";70;70;70;23148264;040926102319951;181820485;;;;07/27/2031 00:00:00;1;13814320;04/09/2026 10:23:19;Tiago;Rodriguez;;;;;;Tiago Rodriguez;
14137245;04/09/2026 11:47:06;3;2;0001  214855-1;03;CAMIONETA MIE 1;2092009;"DA18    ";"DADDONA S.A.                                      ";AV. ASAMBLEA 580;954922;"BCH19          ";"BACHA DE APOYAR BLANCA 365x235x120                                    ";70;70;70;23148284;040926102328354;181820526;;;;07/27/2031 00:00:00;1;13814328;04/09/2026 10:23:28;Tiago;Rodriguez;;;;;;Tiago Rodriguez;
14137245;04/09/2026 11:47:06;3;2;0001  214855-1;03;CAMIONETA MIE 1;2092009;"DA18    ";"DADDONA S.A.                                      ";AV. ASAMBLEA 580;954922;"BCH19          ";"BACHA DE APOYAR BLANCA 365x235x120                                    ";70;70;70;23148290;040926102336166;181820573;;;;07/27/2031 00:00:00;1;13814331;04/09/2026 10:23:36;Tiago;Rodriguez;;;;;;Tiago Rodriguez;
14137245;04/09/2026 11:47:06;3;2;0001  214855-1;03;CAMIONETA MIE 1;2092009;"DA18    ";"DADDONA S.A.                                      ";AV. ASAMBLEA 580;954922;"BCH19          ";"BACHA DE APOYAR BLANCA 365x235x120                                    ";70;70;70;23148297;040926102343698;181820616;;;;07/27/2031 00:00:00;1;13814334;04/09/2026 10:23:43;Tiago;Rodriguez;;;;;;Tiago Rodriguez;
14137245;04/09/2026 11:47:06;3;2;0001  214855-1;03;CAMIONETA MIE 1;2092009;"DA18    ";"DADDONA S.A.                                      ";AV. ASAMBLEA 580;954922;"BCH19          ";"BACHA DE APOYAR BLANCA 365x235x120                                    ";70;70;70;23148307;040926102352735;181820681;;;;07/27/2031 00:00:00;1;13814339;04/09/2026 10:23:52;Tiago;Rodriguez;;;;;;Tiago Rodriguez;
14137245;04/09/2026 11:47:06;3;2;0001  214855-1;03;CAMIONETA MIE 1;2092009;"DA18    ";"DADDONA S.A.                                      ";AV. ASAMBLEA 580;954926;"BCH20          ";"BACHA BAJO MESADA BLANCA 500x400x185                                  ";10;10;10;23148327;040926102419136;181820864;;;;07/28/2031 00:00:00;1;13814346;04/09/2026 10:24:19;Tiago;Rodriguez;;;;;;Tiago Rodriguez;
14137245;04/09/2026 11:47:06;3;2;0001  214855-1;03;CAMIONETA MIE 1;2092009;"DA18    ";"DADDONA S.A.                                      ";AV. ASAMBLEA 580;954926;"BCH20          ";"BACHA BAJO MESADA BLANCA 500x400x185                                  ";10;10;10;23148333;040926102428040;181820926;;;;07/28/2031 00:00:00;1;13814356;04/09/2026 10:24:28;Tiago;Rodriguez;;;;;;Tiago Rodriguez;
14137245;04/09/2026 11:47:06;3;2;0001  214855-1;03;CAMIONETA MIE 1;2092009;"DA18    ";"DADDONA S.A.                                      ";AV. ASAMBLEA 580;954926;"BCH20          ";"BACHA BAJO MESADA BLANCA 500x400x185                                  ";10;10;10;23148342;040926102437487;181820985;;;;07/28/2031 00:00:00;1;13814364;04/09/2026 10:24:37;Tiago;Rodriguez;;;;;;Tiago Rodriguez;
14137245;04/09/2026 11:47:06;3;2;0001  214855-1;03;CAMIONETA MIE 1;2092009;"DA18    ";"DADDONA S.A.                                      ";AV. ASAMBLEA 580;954926;"BCH20          ";"BACHA BAJO MESADA BLANCA 500x400x185                                  ";10;10;10;23148349;040926102445083;181821039;;;;07/28/2031 00:00:00;1;13814367;04/09/2026 10:24:45;Tiago;Rodriguez;;;;;;Tiago Rodriguez;
14137245;04/09/2026 11:47:06;3;2;0001  214855-1;03;CAMIONETA MIE 1;2092009;"DA18    ";"DADDONA S.A.                                      ";AV. ASAMBLEA 580;954926;"BCH20          ";"BACHA BAJO MESADA BLANCA 500x400x185                                  ";10;10;10;23148354;040926102450968;181765277;;;;07/28/2031 00:00:00;1;13814372;04/09/2026 10:24:50;Tiago;Rodriguez;;;;;;Tiago Rodriguez;
14137245;04/09/2026 11:47:06;3;2;0001  214855-1;03;CAMIONETA MIE 1;2092009;"DA18    ";"DADDONA S.A.                                      ";AV. ASAMBLEA 580;954914;"BCH12          ";BCH12 - BACHA DE APOYAR BLANCA 460x320x140;100;100;100;23148380;040926102508461;181821199;;;;11/10/2031 00:00:00;1;13814385;04/09/2026 10:25:08;Tiago;Rodriguez;;;;;;Tiago Rodriguez;
14137245;04/09/2026 11:47:06;3;2;0001  214855-1;03;CAMIONETA MIE 1;2092009;"DA18    ";"DADDONA S.A.                                      ";AV. ASAMBLEA 580;954914;"BCH12          ";BCH12 - BACHA DE APOYAR BLANCA 460x320x140;100;100;100;23148399;040926102521236;181821277;;;;11/10/2031 00:00:00;1;13814394;04/09/2026 10:25:21;Tiago;Rodriguez;;;;;;Tiago Rodriguez;
14137245;04/09/2026 11:47:06;3;2;0001  214855-1;03;CAMIONETA MIE 1;2092009;"DA18    ";"DADDONA S.A.                                      ";AV. ASAMBLEA 580;954914;"BCH12          ";BCH12 - BACHA DE APOYAR BLANCA 460x320x140;100;100;100;23148405;040926102528699;181821321;;;;11/10/2031 00:00:00;1;13814400;04/09/2026 10:25:28;Tiago;Rodriguez;;;;;;Tiago Rodriguez;
14137245;04/09/2026 11:47:06;3;2;0001  214855-1;03;CAMIONETA MIE 1;2092009;"DA18    ";"DADDONA S.A.                                      ";AV. ASAMBLEA 580;954914;"BCH12          ";BCH12 - BACHA DE APOYAR BLANCA 460x320x140;100;100;100;23148418;040926102536703;181821376;;;;11/10/2031 00:00:00;1;13814404;04/09/2026 10:25:36;Tiago;Rodriguez;;;;;;Tiago Rodriguez;
14137245;04/09/2026 11:47:06;3;2;0001  214855-1;03;CAMIONETA MIE 1;2092009;"DA18    ";"DADDONA S.A.                                      ";AV. ASAMBLEA 580;954914;"BCH12          ";BCH12 - BACHA DE APOYAR BLANCA 460x320x140;100;100;100;23148426;040926102543358;181821456;;;;11/10/2031 00:00:00;1;13814407;04/09/2026 10:25:43;Tiago;Rodriguez;;;;;;Tiago Rodriguez;
14137245;04/09/2026 11:47:06;3;2;0001  214855-1;03;CAMIONETA MIE 1;2092009;"DA18    ";"DADDONA S.A.                                      ";AV. ASAMBLEA 580;954914;"BCH12          ";BCH12 - BACHA DE APOYAR BLANCA 460x320x140;100;100;100;23148447;040926102552018;181821547;;;;11/10/2031 00:00:00;1;13814412;04/09/2026 10:25:52;Tiago;Rodriguez;;;;;;Tiago Rodriguez;
14137245;04/09/2026 11:47:06;3;2;0001  214855-1;03;CAMIONETA MIE 1;2092009;"DA18    ";"DADDONA S.A.                                      ";AV. ASAMBLEA 580;954914;"BCH12          ";BCH12 - BACHA DE APOYAR BLANCA 460x320x140;100;100;100;23148460;040926102600793;181821601;;;;11/10/2031 00:00:00;1;13814416;04/09/2026 10:26:00;Tiago;Rodriguez;;;;;;Tiago Rodriguez;
14137245;04/09/2026 11:47:06;3;2;0001  214855-1;03;CAMIONETA MIE 1;2092009;"DA18    ";"DADDONA S.A.                                      ";AV. ASAMBLEA 580;954914;"BCH12          ";BCH12 - BACHA DE APOYAR BLANCA 460x320x140;100;100;100;23148467;040926102609702;181766267;;;;11/10/2031 00:00:00;1;13814424;04/09/2026 10:26:09;Tiago;Rodriguez;;;;;;Tiago Rodriguez;
14137245;04/09/2026 11:47:06;3;2;0001  214855-1;03;CAMIONETA MIE 1;2092009;"DA18    ";"DADDONA S.A.                                      ";AV. ASAMBLEA 580;954922;"BCH19          ";"BACHA DE APOYAR BLANCA 365x235x120                                    ";70;70;70;23148523;040926102725609;181822119;;;;07/27/2031 00:00:00;1;13814466;04/09/2026 10:27:25;Tiago;Rodriguez;;;;;;Tiago Rodriguez;
14137245;04/09/2026 11:47:06;3;2;0001  214855-1;03;CAMIONETA MIE 1;2092009;"DA18    ";"DADDONA S.A.                                      ";AV. ASAMBLEA 580;954922;"BCH19          ";"BACHA DE APOYAR BLANCA 365x235x120                                    ";70;70;70;23148529;040926102732101;181822163;;;;07/27/2031 00:00:00;1;13814468;04/09/2026 10:27:32;Tiago;Rodriguez;;;;;;Tiago Rodriguez;
14137245;04/09/2026 11:47:06;3;2;0001  214855-1;03;CAMIONETA MIE 1;2092009;"DA18    ";"DADDONA S.A.                                      ";AV. ASAMBLEA 580;954922;"BCH19          ";"BACHA DE APOYAR BLANCA 365x235x120                                    ";70;70;70;23148535;040926102739776;181822229;;;;07/27/2031 00:00:00;1;13814473;04/09/2026 10:27:39;Tiago;Rodriguez;;;;;;Tiago Rodriguez;
14137245;04/09/2026 11:47:06;3;2;0001  214855-1;03;CAMIONETA MIE 1;2092009;"DA18    ";"DADDONA S.A.                                      ";AV. ASAMBLEA 580;954922;"BCH19          ";"BACHA DE APOYAR BLANCA 365x235x120                                    ";70;70;70;23148542;040926102747120;181822285;;;;07/27/2031 00:00:00;1;13814476;04/09/2026 10:27:47;Tiago;Rodriguez;;;;;;Tiago Rodriguez;
14137245;04/09/2026 11:47:06;3;2;0001  214855-1;03;CAMIONETA MIE 1;2092009;"DA18    ";"DADDONA S.A.                                      ";AV. ASAMBLEA 580;954922;"BCH19          ";"BACHA DE APOYAR BLANCA 365x235x120                                    ";70;70;70;23148547;040926102754091;181822340;;;;07/27/2031 00:00:00;1;13814478;04/09/2026 10:27:54;Tiago;Rodriguez;;;;;;Tiago Rodriguez;
14137245;04/09/2026 11:47:06;3;2;0001  214855-1;03;CAMIONETA MIE 1;2092009;"DA18    ";"DADDONA S.A.                                      ";AV. ASAMBLEA 580;954922;"BCH19          ";"BACHA DE APOYAR BLANCA 365x235x120                                    ";70;70;70;23148556;040926102801320;181822385;;;;07/27/2031 00:00:00;1;13814481;04/09/2026 10:28:01;Tiago;Rodriguez;;;;;;Tiago Rodriguez;
14137245;04/09/2026 11:47:06;3;2;0001  214855-1;03;CAMIONETA MIE 1;2092009;"DA18    ";"DADDONA S.A.                                      ";AV. ASAMBLEA 580;954922;"BCH19          ";"BACHA DE APOYAR BLANCA 365x235x120                                    ";70;70;70;23148568;040926102808580;181822422;;;;07/27/2031 00:00:00;1;13814484;04/09/2026 10:28:08;Tiago;Rodriguez;;;;;;Tiago Rodriguez;
14137245;04/09/2026 11:47:06;3;2;0001  214855-1;03;CAMIONETA MIE 1;2092009;"DA18    ";"DADDONA S.A.                                      ";AV. ASAMBLEA 580;954922;"BCH19          ";"BACHA DE APOYAR BLANCA 365x235x120                                    ";70;70;70;23148577;040926102820015;181822499;;;;07/27/2031 00:00:00;1;13814489;04/09/2026 10:28:20;Tiago;Rodriguez;;;;;;Tiago Rodriguez;
14137245;04/09/2026 11:47:06;3;2;0001  214855-1;03;CAMIONETA MIE 1;2092009;"DA18    ";"DADDONA S.A.                                      ";AV. ASAMBLEA 580;954922;"BCH19          ";"BACHA DE APOYAR BLANCA 365x235x120                                    ";70;70;70;23148584;040926102830302;181822582;;;;07/27/2031 00:00:00;1;13814492;04/09/2026 10:28:30;Tiago;Rodriguez;;;;;;Tiago Rodriguez;
14137245;04/09/2026 11:47:06;3;2;0001  214855-1;03;CAMIONETA MIE 1;2092009;"DA18    ";"DADDONA S.A.                                      ";AV. ASAMBLEA 580;954922;"BCH19          ";"BACHA DE APOYAR BLANCA 365x235x120                                    ";70;70;70;23148591;040926102836359;181822621;;;;07/27/2031 00:00:00;1;13814495;04/09/2026 10:28:36;Tiago;Rodriguez;;;;;;Tiago Rodriguez;
14137245;04/09/2026 11:47:06;3;2;0001  214855-1;03;CAMIONETA MIE 1;2092009;"DA18    ";"DADDONA S.A.                                      ";AV. ASAMBLEA 580;954922;"BCH19          ";"BACHA DE APOYAR BLANCA 365x235x120                                    ";70;70;70;23148604;040926102845611;181822691;;;;07/27/2031 00:00:00;1;13814500;04/09/2026 10:28:45;Tiago;Rodriguez;;;;;;Tiago Rodriguez;
14137245;04/09/2026 11:47:06;3;2;0001  214855-1;03;CAMIONETA MIE 1;2092009;"DA18    ";"DADDONA S.A.                                      ";AV. ASAMBLEA 580;954922;"BCH19          ";"BACHA DE APOYAR BLANCA 365x235x120                                    ";70;70;70;23148611;040926102852219;181767511;;;;07/27/2031 00:00:00;1;13814506;04/09/2026 10:28:52;Tiago;Rodriguez;;;;;;Tiago Rodriguez;
14137245;04/09/2026 11:47:06;3;2;0001  214855-1;03;CAMIONETA MIE 1;2092009;"DA18    ";"DADDONA S.A.                                      ";AV. ASAMBLEA 580;953414;"90-059         ";90-059 - PACK GRIF.MALBA BL/CR (Lavatorio-Bide-Ducha c/t);50;50;50;23148694;040926103030900;181823329;;;;11/16/2031 00:00:00;4;13814555;04/09/2026 10:30:30;Tiago;Rodriguez;;;;;;Tiago Rodriguez;
14137245;04/09/2026 11:47:06;3;2;0001  214855-1;03;CAMIONETA MIE 1;2092009;"DA18    ";"DADDONA S.A.                                      ";AV. ASAMBLEA 580;953414;"90-059         ";90-059 - PACK GRIF.MALBA BL/CR (Lavatorio-Bide-Ducha c/t);50;50;50;23148716;040926103105686;181823571;;;;11/16/2031 00:00:00;4;13814570;04/09/2026 10:31:05;Tiago;Rodriguez;;;;;;Tiago Rodriguez;
14137245;04/09/2026 11:47:06;3;2;0001  214855-1;03;CAMIONETA MIE 1;2092009;"DA18    ";"DADDONA S.A.                                      ";AV. ASAMBLEA 580;953414;"90-059         ";90-059 - PACK GRIF.MALBA BL/CR (Lavatorio-Bide-Ducha c/t);50;50;50;23148764;040926103157263;181823887;;;;11/16/2031 00:00:00;4;13814592;04/09/2026 10:31:57;Tiago;Rodriguez;;;;;;Tiago Rodriguez;
14137245;04/09/2026 11:47:06;3;2;0001  214855-1;03;CAMIONETA MIE 1;2092009;"DA18    ";"DADDONA S.A.                                      ";AV. ASAMBLEA 580;953414;"90-059         ";90-059 - PACK GRIF.MALBA BL/CR (Lavatorio-Bide-Ducha c/t);50;50;50;23148777;040926103215707;181823998;;;;11/16/2031 00:00:00;4;13814605;04/09/2026 10:32:15;Tiago;Rodriguez;;;;;;Tiago Rodriguez;
14137245;04/09/2026 11:47:06;3;2;0001  214855-1;03;CAMIONETA MIE 1;2092009;"DA18    ";"DADDONA S.A.                                      ";AV. ASAMBLEA 580;953414;"90-059         ";90-059 - PACK GRIF.MALBA BL/CR (Lavatorio-Bide-Ducha c/t);50;50;50;23148798;040926103236266;181824104;;;;11/16/2031 00:00:00;4;13814615;04/09/2026 10:32:36;Tiago;Rodriguez;;;;;;Tiago Rodriguez;
14137245;04/09/2026 11:47:06;3;2;0001  214855-1;03;CAMIONETA MIE 1;2092009;"DA18    ";"DADDONA S.A.                                      ";AV. ASAMBLEA 580;953109;"80-166         ";"DUCHA EMB. C/TRANSF. CR C.CERAM ADRA PLUS                             ";20;20;20;23148835;040926103306935;181824273;;;;01/18/2032 00:00:00;4;13814633;04/09/2026 10:33:06;Tiago;Rodriguez;;;;;;Tiago Rodriguez;
14137245;04/09/2026 11:47:06;3;2;0001  214855-1;03;CAMIONETA MIE 1;2092009;"DA18    ";"DADDONA S.A.                                      ";AV. ASAMBLEA 580;953109;"80-166         ";"DUCHA EMB. C/TRANSF. CR C.CERAM ADRA PLUS                             ";20;20;20;23148853;040926103326636;181824397;;;;01/18/2032 00:00:00;4;13814644;04/09/2026 10:33:26;Tiago;Rodriguez;;;;;;Tiago Rodriguez;
14137245;04/09/2026 11:47:06;3;2;0001  214855-1;03;CAMIONETA MIE 1;2092009;"DA18    ";"DADDONA S.A.                                      ";AV. ASAMBLEA 580;953109;"80-166         ";"DUCHA EMB. C/TRANSF. CR C.CERAM ADRA PLUS                             ";20;20;20;23148884;040926103353958;181824556;;;;01/18/2032 00:00:00;4;13814658;04/09/2026 10:33:53;Tiago;Rodriguez;;;;;;Tiago Rodriguez;
14137245;04/09/2026 11:47:06;3;2;0001  214855-1;03;CAMIONETA MIE 1;2092009;"DA18    ";"DADDONA S.A.                                      ";AV. ASAMBLEA 580;953109;"80-166         ";"DUCHA EMB. C/TRANSF. CR C.CERAM ADRA PLUS                             ";20;20;20;23148903;040926103412236;181824658;;;;01/18/2032 00:00:00;4;13814665;04/09/2026 10:34:12;Tiago;Rodriguez;;;;;;Tiago Rodriguez;
14137245;04/09/2026 11:47:06;3;2;0001  214855-1;03;CAMIONETA MIE 1;2092009;"DA18    ";"DADDONA S.A.                                      ";AV. ASAMBLEA 580;953109;"80-166         ";"DUCHA EMB. C/TRANSF. CR C.CERAM ADRA PLUS                             ";20;20;20;23148980;040926103603075;181774119;;;;01/18/2032 00:00:00;4;13814714;04/09/2026 10:36:03;Tiago;Rodriguez;;;;;;Tiago Rodriguez;
14137245;04/09/2026 11:47:06;3;2;0001  214855-1;03;CAMIONETA MIE 1;2092009;"DA18    ";"DADDONA S.A.                                      ";AV. ASAMBLEA 580;953414;"90-059         ";90-059 - PACK GRIF.MALBA BL/CR (Lavatorio-Bide-Ducha c/t);50;50;50;23148994;040926103622296;181825474;;;;11/16/2031 00:00:00;4;13814733;04/09/2026 10:36:22;Tiago;Rodriguez;;;;;;Tiago Rodriguez;
14137245;04/09/2026 11:47:06;3;2;0001  214855-1;03;CAMIONETA MIE 1;2092009;"DA18    ";"DADDONA S.A.                                      ";AV. ASAMBLEA 580;953414;"90-059         ";90-059 - PACK GRIF.MALBA BL/CR (Lavatorio-Bide-Ducha c/t);50;50;50;23149020;040926103645772;181825618;;;;11/16/2031 00:00:00;4;13814751;04/09/2026 10:36:45;Tiago;Rodriguez;;;;;;Tiago Rodriguez;
14137245;04/09/2026 11:47:06;3;2;0001  214855-1;03;CAMIONETA MIE 1;2092009;"DA18    ";"DADDONA S.A.                                      ";AV. ASAMBLEA 580;953414;"90-059         ";90-059 - PACK GRIF.MALBA BL/CR (Lavatorio-Bide-Ducha c/t);50;50;50;23149086;040926103758961;181826044;;;;11/16/2031 00:00:00;4;13814791;04/09/2026 10:37:58;Tiago;Rodriguez;;;;;;Tiago Rodriguez;
14137245;04/09/2026 11:47:06;3;2;0001  214855-1;03;CAMIONETA MIE 1;2092009;"DA18    ";"DADDONA S.A.                                      ";AV. ASAMBLEA 580;953414;"90-059         ";90-059 - PACK GRIF.MALBA BL/CR (Lavatorio-Bide-Ducha c/t);50;50;50;23149111;040926103827747;181826235;;;;11/16/2031 00:00:00;4;13814802;04/09/2026 10:38:27;Tiago;Rodriguez;;;;;;Tiago Rodriguez;
14137245;04/09/2026 11:47:06;3;2;0001  214855-1;03;CAMIONETA MIE 1;2092009;"DA18    ";"DADDONA S.A.                                      ";AV. ASAMBLEA 580;953414;"90-059         ";90-059 - PACK GRIF.MALBA BL/CR (Lavatorio-Bide-Ducha c/t);50;50;50;23149129;040926103847004;181826352;;;;11/16/2031 00:00:00;4;13814810;04/09/2026 10:38:47;Tiago;Rodriguez;;;;;;Tiago Rodriguez;
14137245;04/09/2026 11:47:06;3;2;0001  214855-1;03;CAMIONETA MIE 1;2092009;"DA18    ";"DADDONA S.A.                                      ";AV. ASAMBLEA 580;953414;"90-059         ";90-059 - PACK GRIF.MALBA BL/CR (Lavatorio-Bide-Ducha c/t);50;50;50;23149151;040926103907970;181826484;;;;11/16/2031 00:00:00;4;13814823;04/09/2026 10:39:08;Tiago;Rodriguez;;;;;;Tiago Rodriguez;
14137245;04/09/2026 11:47:06;3;2;0001  214855-1;03;CAMIONETA MIE 1;2092009;"DA18    ";"DADDONA S.A.                                      ";AV. ASAMBLEA 580;953414;"90-059         ";90-059 - PACK GRIF.MALBA BL/CR (Lavatorio-Bide-Ducha c/t);50;50;50;23149181;040926103933978;181826624;;;;11/16/2031 00:00:00;4;13814833;04/09/2026 10:39:33;Tiago;Rodriguez;;;;;;Tiago Rodriguez;
14137245;04/09/2026 11:47:06;3;2;0001  214855-1;03;CAMIONETA MIE 1;2092009;"DA18    ";"DADDONA S.A.                                      ";AV. ASAMBLEA 580;952863;"70-059         ";70-059 - BIDE BL/CR C.STD MALBA;10;10;10;23149211;040926104005141;181770433;;;;08/23/2031 00:00:00;10;13814849;04/09/2026 10:40:05;Tiago;Rodriguez;;;;;;Tiago Rodriguez;
14137245;04/09/2026 11:47:06;3;2;0001  214855-1;03;CAMIONETA MIE 1;2092009;"DA18    ";"DADDONA S.A.                                      ";AV. ASAMBLEA 580;952912;"70-162         ";70-162 - BIDE CR C.CERAM LINEA ADRA;30;30;30;23149251;040926104041580;181827009;;;;07/29/2031 00:00:00;10;13814867;04/09/2026 10:40:41;Tiago;Rodriguez;;;;;;Tiago Rodriguez;
14137245;04/09/2026 11:47:06;3;2;0001  214855-1;03;CAMIONETA MIE 1;2092009;"DA18    ";"DADDONA S.A.                                      ";AV. ASAMBLEA 580;952912;"70-162         ";70-162 - BIDE CR C.CERAM LINEA ADRA;30;30;30;23149291;040926104111811;181827184;;;;07/29/2031 00:00:00;10;13814882;04/09/2026 10:41:11;Tiago;Rodriguez;;;;;;Tiago Rodriguez;
14137245;04/09/2026 11:47:06;3;2;0001  214855-1;03;CAMIONETA MIE 1;2092009;"DA18    ";"DADDONA S.A.                                      ";AV. ASAMBLEA 580;952912;"70-162         ";70-162 - BIDE CR C.CERAM LINEA ADRA;30;30;30;23149317;040926104146111;181773321;;;;07/29/2031 00:00:00;10;13814901;04/09/2026 10:41:46;Tiago;Rodriguez;;;;;;Tiago Rodriguez;
14137245;04/09/2026 11:47:06;3;2;0001  214855-1;03;CAMIONETA MIE 1;2092009;"DA18    ";"DADDONA S.A.                                      ";AV. ASAMBLEA 580;952584;"60-059         ";60-059 - LAVATORIO BL/CR C.STD MALBA;30;30;30;23149362;040926104249148;181827766;;;;09/21/2031 00:00:00;10;13814942;04/09/2026 10:42:49;Tiago;Rodriguez;;;;;;Tiago Rodriguez;
14137245;04/09/2026 11:47:06;3;2;0001  214855-1;03;CAMIONETA MIE 1;2092009;"DA18    ";"DADDONA S.A.                                      ";AV. ASAMBLEA 580;952584;"60-059         ";60-059 - LAVATORIO BL/CR C.STD MALBA;30;30;30;23149387;040926104319612;181827940;;;;09/21/2031 00:00:00;10;13814958;04/09/2026 10:43:19;Tiago;Rodriguez;;;;;;Tiago Rodriguez;
14137245;04/09/2026 11:47:06;3;2;0001  214855-1;03;CAMIONETA MIE 1;2092009;"DA18    ";"DADDONA S.A.                                      ";AV. ASAMBLEA 580;952584;"60-059         ";60-059 - LAVATORIO BL/CR C.STD MALBA;30;30;30;23149415;040926104355736;181771219;;;;09/21/2031 00:00:00;10;13814978;04/09/2026 10:43:55;Tiago;Rodriguez;;;;;;Tiago Rodriguez;
14137245;04/09/2026 11:47:06;3;2;0001  214855-1;03;CAMIONETA MIE 1;2092009;"DA18    ";"DADDONA S.A.                                      ";AV. ASAMBLEA 580;953061;"80-059         ";80-059 - DUCHA EMB. C/TRANSF.BL/CR C.STD MALBA;250;250;250;23149436;040926104429733;181828398;;;;01/31/2032 00:00:00;10;13814993;04/09/2026 10:44:29;Tiago;Rodriguez;;;;;;Tiago Rodriguez;
14137245;04/09/2026 11:47:06;3;2;0001  214855-1;03;CAMIONETA MIE 1;2092009;"DA18    ";"DADDONA S.A.                                      ";AV. ASAMBLEA 580;953061;"80-059         ";80-059 - DUCHA EMB. C/TRANSF.BL/CR C.STD MALBA;250;250;250;23149453;040926104502461;181828613;;;;01/31/2032 00:00:00;10;13815012;04/09/2026 10:45:02;Tiago;Rodriguez;;;;;;Tiago Rodriguez;
14137245;04/09/2026 11:47:06;3;2;0001  214855-1;03;CAMIONETA MIE 1;2092009;"DA18    ";"DADDONA S.A.                                      ";AV. ASAMBLEA 580;953061;"80-059         ";80-059 - DUCHA EMB. C/TRANSF.BL/CR C.STD MALBA;250;250;250;23149491;040926104541268;181828912;;;;01/31/2032 00:00:00;10;13815031;04/09/2026 10:45:41;Tiago;Rodriguez;;;;;;Tiago Rodriguez;
14137245;04/09/2026 11:47:06;3;2;0001  214855-1;03;CAMIONETA MIE 1;2092009;"DA18    ";"DADDONA S.A.                                      ";AV. ASAMBLEA 580;953061;"80-059         ";80-059 - DUCHA EMB. C/TRANSF.BL/CR C.STD MALBA;250;250;250;23149517;040926104615527;181829139;;;;01/31/2032 00:00:00;10;13815054;04/09/2026 10:46:15;Tiago;Rodriguez;;;;;;Tiago Rodriguez;
14137245;04/09/2026 11:47:06;3;2;0001  214855-1;03;CAMIONETA MIE 1;2092009;"DA18    ";"DADDONA S.A.                                      ";AV. ASAMBLEA 580;953061;"80-059         ";80-059 - DUCHA EMB. C/TRANSF.BL/CR C.STD MALBA;250;250;250;23149567;040926104703733;181829445;;;;01/31/2032 00:00:00;10;13815079;04/09/2026 10:47:03;Tiago;Rodriguez;;;;;;Tiago Rodriguez;
14137245;04/09/2026 11:47:06;3;2;0001  214855-1;03;CAMIONETA MIE 1;2092009;"DA18    ";"DADDONA S.A.                                      ";AV. ASAMBLEA 580;952634;"60-162         ";60-162 - LAVATORIO CR C.CERAM LINEA ADRA;60;60;60;23149737;040926105043249;181830839;;;;07/29/2031 00:00:00;10;13815201;04/09/2026 10:50:43;Tiago;Rodriguez;;;;;;Tiago Rodriguez;
14137245;04/09/2026 11:47:06;3;2;0001  214855-1;03;CAMIONETA MIE 1;2092009;"DA18    ";"DADDONA S.A.                                      ";AV. ASAMBLEA 580;952634;"60-162         ";60-162 - LAVATORIO CR C.CERAM LINEA ADRA;60;60;60;23149756;040926105115329;181831032;;;;07/29/2031 00:00:00;10;13815217;04/09/2026 10:51:15;Tiago;Rodriguez;;;;;;Tiago Rodriguez;
14137245;04/09/2026 11:47:06;3;2;0001  214855-1;03;CAMIONETA MIE 1;2092009;"DA18    ";"DADDONA S.A.                                      ";AV. ASAMBLEA 580;952634;"60-162         ";60-162 - LAVATORIO CR C.CERAM LINEA ADRA;60;60;60;23149792;040926105150055;181831230;;;;07/29/2031 00:00:00;10;13815238;04/09/2026 10:51:50;Tiago;Rodriguez;;;;;;Tiago Rodriguez;
14137245;04/09/2026 11:47:06;3;2;0001  214855-1;03;CAMIONETA MIE 1;2092009;"DA18    ";"DADDONA S.A.                                      ";AV. ASAMBLEA 580;952634;"60-162         ";60-162 - LAVATORIO CR C.CERAM LINEA ADRA;60;60;60;23149829;040926105237982;181831598;;;;07/29/2031 00:00:00;10;13815271;04/09/2026 10:52:37;Tiago;Rodriguez;;;;;;Tiago Rodriguez;
14137245;04/09/2026 11:47:06;3;2;0001  214855-1;03;CAMIONETA MIE 1;2092009;"DA18    ";"DADDONA S.A.                                      ";AV. ASAMBLEA 580;952634;"60-162         ";60-162 - LAVATORIO CR C.CERAM LINEA ADRA;60;60;60;23149858;040926105327683;181831942;;;;07/29/2031 00:00:00;10;13815306;04/09/2026 10:53:27;Tiago;Rodriguez;;;;;;Tiago Rodriguez;
14137245;04/09/2026 11:47:06;3;2;0001  214855-1;03;CAMIONETA MIE 1;2092009;"DA18    ";"DADDONA S.A.                                      ";AV. ASAMBLEA 580;952634;"60-162         ";60-162 - LAVATORIO CR C.CERAM LINEA ADRA;60;60;60;23149894;040926105416739;181776725;;;;07/29/2031 00:00:00;10;13815335;04/09/2026 10:54:16;Tiago;Rodriguez;;;;;;Tiago Rodriguez;
14137245;04/09/2026 11:47:06;3;2;0001  214855-1;03;CAMIONETA MIE 1;2092009;"DA18    ";"DADDONA S.A.                                      ";AV. ASAMBLEA 580;953421;"90-166         ";90-166 - PACK GRIF. ADRA PLUS (Lav-Bide-Ducha c/t Plus);100;100;100;23150069;040926105756038;181833660;;;;11/08/2031 00:00:00;3;13815483;04/09/2026 10:57:56;Tiago;Rodriguez;;;;;;Tiago Rodriguez;
14137245;04/09/2026 11:47:06;3;2;0001  214855-1;03;CAMIONETA MIE 1;2092009;"DA18    ";"DADDONA S.A.                                      ";AV. ASAMBLEA 580;953421;"90-166         ";90-166 - PACK GRIF. ADRA PLUS (Lav-Bide-Ducha c/t Plus);100;100;100;23150082;040926105811648;181833759;;;;11/08/2031 00:00:00;3;13815492;04/09/2026 10:58:11;Tiago;Rodriguez;;;;;;Tiago Rodriguez;
14137245;04/09/2026 11:47:06;3;2;0001  214855-1;03;CAMIONETA MIE 1;2092009;"DA18    ";"DADDONA S.A.                                      ";AV. ASAMBLEA 580;953421;"90-166         ";90-166 - PACK GRIF. ADRA PLUS (Lav-Bide-Ducha c/t Plus);100;100;100;23150096;040926105828573;181833897;;;;11/08/2031 00:00:00;3;13815506;04/09/2026 10:58:28;Tiago;Rodriguez;;;;;;Tiago Rodriguez;
14137245;04/09/2026 11:47:06;3;2;0001  214855-1;03;CAMIONETA MIE 1;2092009;"DA18    ";"DADDONA S.A.                                      ";AV. ASAMBLEA 580;953421;"90-166         ";90-166 - PACK GRIF. ADRA PLUS (Lav-Bide-Ducha c/t Plus);100;100;100;23150110;040926105845716;181834007;;;;11/08/2031 00:00:00;3;13815518;04/09/2026 10:58:45;Tiago;Rodriguez;;;;;;Tiago Rodriguez;
14137245;04/09/2026 11:47:06;3;2;0001  214855-1;03;CAMIONETA MIE 1;2092009;"DA18    ";"DADDONA S.A.                                      ";AV. ASAMBLEA 580;953421;"90-166         ";90-166 - PACK GRIF. ADRA PLUS (Lav-Bide-Ducha c/t Plus);100;100;100;23150132;040926105901094;181834100;;;;11/08/2031 00:00:00;3;13815526;04/09/2026 10:59:01;Tiago;Rodriguez;;;;;;Tiago Rodriguez;
14137245;04/09/2026 11:47:06;3;2;0001  214855-1;03;CAMIONETA MIE 1;2092009;"DA18    ";"DADDONA S.A.                                      ";AV. ASAMBLEA 580;953421;"90-166         ";90-166 - PACK GRIF. ADRA PLUS (Lav-Bide-Ducha c/t Plus);100;100;100;23150145;040926105917795;181834206;;;;11/08/2031 00:00:00;3;13815537;04/09/2026 10:59:17;Tiago;Rodriguez;;;;;;Tiago Rodriguez;
14137245;04/09/2026 11:47:06;3;2;0001  214855-1;03;CAMIONETA MIE 1;2092009;"DA18    ";"DADDONA S.A.                                      ";AV. ASAMBLEA 580;953421;"90-166         ";90-166 - PACK GRIF. ADRA PLUS (Lav-Bide-Ducha c/t Plus);100;100;100;23150166;040926105936802;181834322;;;;11/08/2031 00:00:00;3;13815550;04/09/2026 10:59:36;Tiago;Rodriguez;;;;;;Tiago Rodriguez;
14137245;04/09/2026 11:47:06;3;2;0001  214855-1;03;CAMIONETA MIE 1;2092009;"DA18    ";"DADDONA S.A.                                      ";AV. ASAMBLEA 580;953421;"90-166         ";90-166 - PACK GRIF. ADRA PLUS (Lav-Bide-Ducha c/t Plus);100;100;100;23150176;040926105952407;181834421;;;;11/08/2031 00:00:00;3;13815561;04/09/2026 10:59:52;Tiago;Rodriguez;;;;;;Tiago Rodriguez;
14137245;04/09/2026 11:47:06;3;2;0001  214855-1;03;CAMIONETA MIE 1;2092009;"DA18    ";"DADDONA S.A.                                      ";AV. ASAMBLEA 580;953421;"90-166         ";90-166 - PACK GRIF. ADRA PLUS (Lav-Bide-Ducha c/t Plus);100;100;100;23150195;040926110006713;181834509;;;;11/08/2031 00:00:00;3;13815568;04/09/2026 11:00:06;Tiago;Rodriguez;;;;;;Tiago Rodriguez;
14137245;04/09/2026 11:47:06;3;2;0001  214855-1;03;CAMIONETA MIE 1;2092009;"DA18    ";"DADDONA S.A.                                      ";AV. ASAMBLEA 580;953421;"90-166         ";90-166 - PACK GRIF. ADRA PLUS (Lav-Bide-Ducha c/t Plus);100;100;100;23150208;040926110022448;181834613;;;;11/08/2031 00:00:00;3;13815582;04/09/2026 11:00:22;Tiago;Rodriguez;;;;;;Tiago Rodriguez;
14137245;04/09/2026 11:47:06;3;2;0001  214855-1;03;CAMIONETA MIE 1;2092009;"DA18    ";"DADDONA S.A.                                      ";AV. ASAMBLEA 580;953421;"90-166         ";90-166 - PACK GRIF. ADRA PLUS (Lav-Bide-Ducha c/t Plus);100;100;100;23150219;040926110038615;181834725;;;;11/08/2031 00:00:00;3;13815594;04/09/2026 11:00:38;Tiago;Rodriguez;;;;;;Tiago Rodriguez;
14137245;04/09/2026 11:47:06;3;2;0001  214855-1;03;CAMIONETA MIE 1;2092009;"DA18    ";"DADDONA S.A.                                      ";AV. ASAMBLEA 580;953421;"90-166         ";90-166 - PACK GRIF. ADRA PLUS (Lav-Bide-Ducha c/t Plus);100;100;100;23150245;040926110056928;181834843;;;;11/08/2031 00:00:00;3;13815600;04/09/2026 11:00:56;Tiago;Rodriguez;;;;;;Tiago Rodriguez;
14137245;04/09/2026 11:47:06;3;2;0001  214855-1;03;CAMIONETA MIE 1;2092009;"DA18    ";"DADDONA S.A.                                      ";AV. ASAMBLEA 580;953421;"90-166         ";90-166 - PACK GRIF. ADRA PLUS (Lav-Bide-Ducha c/t Plus);100;100;100;23150266;040926110114856;181834950;;;;11/08/2031 00:00:00;3;13815611;04/09/2026 11:01:14;Tiago;Rodriguez;;;;;;Tiago Rodriguez;
14137245;04/09/2026 11:47:06;3;2;0001  214855-1;03;CAMIONETA MIE 1;2092009;"DA18    ";"DADDONA S.A.                                      ";AV. ASAMBLEA 580;953421;"90-166         ";90-166 - PACK GRIF. ADRA PLUS (Lav-Bide-Ducha c/t Plus);100;100;100;23150285;040926110133261;181835057;;;;11/08/2031 00:00:00;3;13815621;04/09/2026 11:01:33;Tiago;Rodriguez;;;;;;Tiago Rodriguez;
14137245;04/09/2026 11:47:06;3;2;0001  214855-1;03;CAMIONETA MIE 1;2092009;"DA18    ";"DADDONA S.A.                                      ";AV. ASAMBLEA 580;953421;"90-166         ";90-166 - PACK GRIF. ADRA PLUS (Lav-Bide-Ducha c/t Plus);100;100;100;23150298;040926110150914;181835147;;;;11/08/2031 00:00:00;3;13815634;04/09/2026 11:01:50;Tiago;Rodriguez;;;;;;Tiago Rodriguez;
14137245;04/09/2026 11:47:06;3;2;0001  214855-1;03;CAMIONETA MIE 1;2092009;"DA18    ";"DADDONA S.A.                                      ";AV. ASAMBLEA 580;953421;"90-166         ";90-166 - PACK GRIF. ADRA PLUS (Lav-Bide-Ducha c/t Plus);100;100;100;23150309;040926110207895;181835245;;;;11/08/2031 00:00:00;3;13815643;04/09/2026 11:02:07;Tiago;Rodriguez;;;;;;Tiago Rodriguez;
14137245;04/09/2026 11:47:06;3;2;0001  214855-1;03;CAMIONETA MIE 1;2092009;"DA18    ";"DADDONA S.A.                                      ";AV. ASAMBLEA 580;953421;"90-166         ";90-166 - PACK GRIF. ADRA PLUS (Lav-Bide-Ducha c/t Plus);100;100;100;23150624;040926110730056;181837189;;;;11/08/2031 00:00:00;3;13815804;04/09/2026 11:07:30;Tiago;Rodriguez;;;;;;Tiago Rodriguez;
14137245;04/09/2026 11:47:06;3;2;0001  214855-1;03;CAMIONETA MIE 1;2092009;"DA18    ";"DADDONA S.A.                                      ";AV. ASAMBLEA 580;953421;"90-166         ";90-166 - PACK GRIF. ADRA PLUS (Lav-Bide-Ducha c/t Plus);100;100;100;23150637;040926110747025;181837285;;;;11/08/2031 00:00:00;3;13815810;04/09/2026 11:07:47;Tiago;Rodriguez;;;;;;Tiago Rodriguez;
14137245;04/09/2026 11:47:06;3;2;0001  214855-1;03;CAMIONETA MIE 1;2092009;"DA18    ";"DADDONA S.A.                                      ";AV. ASAMBLEA 580;953421;"90-166         ";90-166 - PACK GRIF. ADRA PLUS (Lav-Bide-Ducha c/t Plus);100;100;100;23150671;040926110803933;181837398;;;;11/08/2031 00:00:00;3;13815817;04/09/2026 11:08:03;Tiago;Rodriguez;;;;;;Tiago Rodriguez;
14137245;04/09/2026 11:47:06;3;2;0001  214855-1;03;CAMIONETA MIE 1;2092009;"DA18    ";"DADDONA S.A.                                      ";AV. ASAMBLEA 580;953421;"90-166         ";90-166 - PACK GRIF. ADRA PLUS (Lav-Bide-Ducha c/t Plus);100;100;100;23150739;040926110905397;181837781;;;;11/08/2031 00:00:00;3;13815844;04/09/2026 11:09:05;Tiago;Rodriguez;;;;;;Tiago Rodriguez;
14137245;04/09/2026 11:47:06;3;2;0001  214855-1;03;CAMIONETA MIE 1;2092009;"DA18    ";"DADDONA S.A.                                      ";AV. ASAMBLEA 580;953421;"90-166         ";90-166 - PACK GRIF. ADRA PLUS (Lav-Bide-Ducha c/t Plus);100;100;100;23150752;040926110922256;181837876;;;;11/08/2031 00:00:00;3;13815856;04/09/2026 11:09:22;Tiago;Rodriguez;;;;;;Tiago Rodriguez;
14137245;04/09/2026 11:47:06;3;2;0001  214855-1;03;CAMIONETA MIE 1;2092009;"DA18    ";"DADDONA S.A.                                      ";AV. ASAMBLEA 580;953421;"90-166         ";90-166 - PACK GRIF. ADRA PLUS (Lav-Bide-Ducha c/t Plus);100;100;100;23150776;040926110939061;181837971;;;;11/08/2031 00:00:00;3;13815869;04/09/2026 11:09:39;Tiago;Rodriguez;;;;;;Tiago Rodriguez;
14137245;04/09/2026 11:47:06;3;2;0001  214855-1;03;CAMIONETA MIE 1;2092009;"DA18    ";"DADDONA S.A.                                      ";AV. ASAMBLEA 580;953421;"90-166         ";90-166 - PACK GRIF. ADRA PLUS (Lav-Bide-Ducha c/t Plus);100;100;100;23150799;040926110959016;181838088;;;;11/08/2031 00:00:00;3;13815880;04/09/2026 11:09:59;Tiago;Rodriguez;;;;;;Tiago Rodriguez;
14137245;04/09/2026 11:47:06;3;2;0001  214855-1;03;CAMIONETA MIE 1;2092009;"DA18    ";"DADDONA S.A.                                      ";AV. ASAMBLEA 580;953421;"90-166         ";90-166 - PACK GRIF. ADRA PLUS (Lav-Bide-Ducha c/t Plus);100;100;100;23150822;040926111016696;181838314;;;;11/08/2031 00:00:00;3;13815895;04/09/2026 11:10:16;Tiago;Rodriguez;;;;;;Tiago Rodriguez;
14137245;04/09/2026 11:47:06;3;2;0001  214855-1;03;CAMIONETA MIE 1;2092009;"DA18    ";"DADDONA S.A.                                      ";AV. ASAMBLEA 580;953421;"90-166         ";90-166 - PACK GRIF. ADRA PLUS (Lav-Bide-Ducha c/t Plus);100;100;100;23150845;040926111035004;181838432;;;;11/08/2031 00:00:00;3;13815907;04/09/2026 11:10:35;Tiago;Rodriguez;;;;;;Tiago Rodriguez;
14137245;04/09/2026 11:47:06;3;2;0001  214855-1;03;CAMIONETA MIE 1;2092009;"DA18    ";"DADDONA S.A.                                      ";AV. ASAMBLEA 580;953421;"90-166         ";90-166 - PACK GRIF. ADRA PLUS (Lav-Bide-Ducha c/t Plus);100;100;100;23150866;040926111053555;181838526;;;;11/08/2031 00:00:00;3;13815916;04/09/2026 11:10:53;Tiago;Rodriguez;;;;;;Tiago Rodriguez;
14137245;04/09/2026 11:47:06;3;2;0001  214855-1;03;CAMIONETA MIE 1;2092009;"DA18    ";"DADDONA S.A.                                      ";AV. ASAMBLEA 580;953421;"90-166         ";90-166 - PACK GRIF. ADRA PLUS (Lav-Bide-Ducha c/t Plus);100;100;100;23150888;040926111111240;181838633;;;;11/08/2031 00:00:00;3;13815926;04/09/2026 11:11:11;Tiago;Rodriguez;;;;;;Tiago Rodriguez;
14137245;04/09/2026 11:47:06;3;2;0001  214855-1;03;CAMIONETA MIE 1;2092009;"DA18    ";"DADDONA S.A.                                      ";AV. ASAMBLEA 580;953421;"90-166         ";90-166 - PACK GRIF. ADRA PLUS (Lav-Bide-Ducha c/t Plus);100;100;100;23150922;040926111133652;181838760;;;;11/08/2031 00:00:00;3;13815946;04/09/2026 11:11:33;Tiago;Rodriguez;;;;;;Tiago Rodriguez;
14137245;04/09/2026 11:47:06;3;2;0001  214855-1;03;CAMIONETA MIE 1;2092009;"DA18    ";"DADDONA S.A.                                      ";AV. ASAMBLEA 580;953421;"90-166         ";90-166 - PACK GRIF. ADRA PLUS (Lav-Bide-Ducha c/t Plus);100;100;100;23150951;040926111159980;181838917;;;;11/08/2031 00:00:00;3;13815958;04/09/2026 11:11:59;Tiago;Rodriguez;;;;;;Tiago Rodriguez;
14137245;04/09/2026 11:47:06;3;2;0001  214855-1;03;CAMIONETA MIE 1;2092009;"DA18    ";"DADDONA S.A.                                      ";AV. ASAMBLEA 580;953421;"90-166         ";90-166 - PACK GRIF. ADRA PLUS (Lav-Bide-Ducha c/t Plus);100;100;100;23150987;040926111233904;181839146;;;;11/08/2031 00:00:00;3;13815982;04/09/2026 11:12:33;Tiago;Rodriguez;;;;;;Tiago Rodriguez;
14137245;04/09/2026 11:47:06;3;2;0001  214855-1;03;CAMIONETA MIE 1;2092009;"DA18    ";"DADDONA S.A.                                      ";AV. ASAMBLEA 580;953421;"90-166         ";90-166 - PACK GRIF. ADRA PLUS (Lav-Bide-Ducha c/t Plus);100;100;100;23151006;040926111252448;181839257;;;;11/08/2031 00:00:00;3;13815996;04/09/2026 11:12:52;Tiago;Rodriguez;;;;;;Tiago Rodriguez;
14137245;04/09/2026 11:47:06;3;2;0001  214855-1;03;CAMIONETA MIE 1;2092009;"DA18    ";"DADDONA S.A.                                      ";AV. ASAMBLEA 580;953421;"90-166         ";90-166 - PACK GRIF. ADRA PLUS (Lav-Bide-Ducha c/t Plus);100;100;100;23151024;040926111312193;181839399;;;;11/08/2031 00:00:00;3;13816005;04/09/2026 11:13:12;Tiago;Rodriguez;;;;;;Tiago Rodriguez;
14137245;04/09/2026 11:47:06;3;2;0001  214855-1;03;CAMIONETA MIE 1;2092009;"DA18    ";"DADDONA S.A.                                      ";AV. ASAMBLEA 580;953421;"90-166         ";90-166 - PACK GRIF. ADRA PLUS (Lav-Bide-Ducha c/t Plus);100;100;100;23151041;040926111328560;181839490;;;;11/08/2031 00:00:00;3;13816016;04/09/2026 11:13:28;Tiago;Rodriguez;;;;;;Tiago Rodriguez;
14137245;04/09/2026 11:47:06;3;2;0001  214855-1;03;CAMIONETA MIE 1;2092009;"DA18    ";"DADDONA S.A.                                      ";AV. ASAMBLEA 580;953421;"90-166         ";90-166 - PACK GRIF. ADRA PLUS (Lav-Bide-Ducha c/t Plus);100;100;100;23151248;040926111649921;181774854;;;;11/08/2031 00:00:00;1;13816127;04/09/2026 11:16:49;Tiago;Rodriguez;;;;;;Tiago Rodriguez;
14137245;04/09/2026 11:47:06;3;2;0001  214855-1;03;CAMIONETA MIE 1;2092009;"DA18    ";"DADDONA S.A.                                      ";AV. ASAMBLEA 580;953414;"90-059         ";90-059 - PACK GRIF.MALBA BL/CR (Lavatorio-Bide-Ducha c/t);50;50;50;23151248;040926111649921;181777253;;;;11/16/2031 00:00:00;2;13816127;04/09/2026 11:16:49;Tiago;Rodriguez;;;;;;Tiago Rodriguez;
14137245;04/09/2026 11:47:06;3;2;0001  214855-1;03;CAMIONETA MIE 1;2092009;"DA18    ";"DADDONA S.A.                                      ";AV. ASAMBLEA 580;953061;"80-059         ";80-059 - DUCHA EMB. C/TRANSF.BL/CR C.STD MALBA;250;250;250;23151464;040926112035298;181842318;;;;01/31/2032 00:00:00;10;13816237;04/09/2026 11:20:35;Tiago;Rodriguez;;;;;;Tiago Rodriguez;
14137245;04/09/2026 11:47:06;3;2;0001  214855-1;03;CAMIONETA MIE 1;2092009;"DA18    ";"DADDONA S.A.                                      ";AV. ASAMBLEA 580;953061;"80-059         ";80-059 - DUCHA EMB. C/TRANSF.BL/CR C.STD MALBA;250;250;250;23151485;040926112103554;181842520;;;;01/31/2032 00:00:00;10;13816255;04/09/2026 11:21:03;Tiago;Rodriguez;;;;;;Tiago Rodriguez;
14137245;04/09/2026 11:47:06;3;2;0001  214855-1;03;CAMIONETA MIE 1;2092009;"DA18    ";"DADDONA S.A.                                      ";AV. ASAMBLEA 580;953061;"80-059         ";80-059 - DUCHA EMB. C/TRANSF.BL/CR C.STD MALBA;250;250;250;23151544;040926112155035;181842858;;;;01/31/2032 00:00:00;10;13816278;04/09/2026 11:21:55;Tiago;Rodriguez;;;;;;Tiago Rodriguez;
14137245;04/09/2026 11:47:06;3;2;0001  214855-1;03;CAMIONETA MIE 1;2092009;"DA18    ";"DADDONA S.A.                                      ";AV. ASAMBLEA 580;953061;"80-059         ";80-059 - DUCHA EMB. C/TRANSF.BL/CR C.STD MALBA;250;250;250;23151597;040926112243093;181843168;;;;01/31/2032 00:00:00;10;13816317;04/09/2026 11:22:43;Tiago;Rodriguez;;;;;;Tiago Rodriguez;
14137245;04/09/2026 11:47:06;3;2;0001  214855-1;03;CAMIONETA MIE 1;2092009;"DA18    ";"DADDONA S.A.                                      ";AV. ASAMBLEA 580;953061;"80-059         ";80-059 - DUCHA EMB. C/TRANSF.BL/CR C.STD MALBA;250;250;250;23151634;040926112319628;181843397;;;;01/31/2032 00:00:00;10;13816344;04/09/2026 11:23:19;Tiago;Rodriguez;;;;;;Tiago Rodriguez;
14137245;04/09/2026 11:47:06;3;2;0001  214855-1;03;CAMIONETA MIE 1;2092009;"DA18    ";"DADDONA S.A.                                      ";AV. ASAMBLEA 580;953061;"80-059         ";80-059 - DUCHA EMB. C/TRANSF.BL/CR C.STD MALBA;250;250;250;23151653;040926112348011;181843736;;;;01/31/2032 00:00:00;10;13816360;04/09/2026 11:23:48;Tiago;Rodriguez;;;;;;Tiago Rodriguez;
14137245;04/09/2026 11:47:06;3;2;0001  214855-1;03;CAMIONETA MIE 1;2092009;"DA18    ";"DADDONA S.A.                                      ";AV. ASAMBLEA 580;953061;"80-059         ";80-059 - DUCHA EMB. C/TRANSF.BL/CR C.STD MALBA;250;250;250;23151681;040926112416238;181843918;;;;01/31/2032 00:00:00;10;13816378;04/09/2026 11:24:16;Tiago;Rodriguez;;;;;;Tiago Rodriguez;
14137245;04/09/2026 11:47:06;3;2;0001  214855-1;03;CAMIONETA MIE 1;2092009;"DA18    ";"DADDONA S.A.                                      ";AV. ASAMBLEA 580;953061;"80-059         ";80-059 - DUCHA EMB. C/TRANSF.BL/CR C.STD MALBA;250;250;250;23151706;040926112443489;181844122;;;;01/31/2032 00:00:00;10;13816399;04/09/2026 11:24:43;Tiago;Rodriguez;;;;;;Tiago Rodriguez;
14137245;04/09/2026 11:47:06;3;2;0001  214855-1;03;CAMIONETA MIE 1;2092009;"DA18    ";"DADDONA S.A.                                      ";AV. ASAMBLEA 580;953061;"80-059         ";80-059 - DUCHA EMB. C/TRANSF.BL/CR C.STD MALBA;250;250;250;23151724;040926112516722;181844322;;;;01/31/2032 00:00:00;10;13816427;04/09/2026 11:25:16;Tiago;Rodriguez;;;;;;Tiago Rodriguez;
14137245;04/09/2026 11:47:06;3;2;0001  214855-1;03;CAMIONETA MIE 1;2092009;"DA18    ";"DADDONA S.A.                                      ";AV. ASAMBLEA 580;953061;"80-059         ";80-059 - DUCHA EMB. C/TRANSF.BL/CR C.STD MALBA;250;250;250;23151741;040926112546569;181844510;;;;01/31/2032 00:00:00;10;13816448;04/09/2026 11:25:46;Tiago;Rodriguez;;;;;;Tiago Rodriguez;
14137245;04/09/2026 11:47:06;3;2;0001  214855-1;03;CAMIONETA MIE 1;2092009;"DA18    ";"DADDONA S.A.                                      ";AV. ASAMBLEA 580;953061;"80-059         ";80-059 - DUCHA EMB. C/TRANSF.BL/CR C.STD MALBA;250;250;250;23151756;040926112611539;181844662;;;;01/31/2032 00:00:00;10;13816467;04/09/2026 11:26:11;Tiago;Rodriguez;;;;;;Tiago Rodriguez;
14137245;04/09/2026 11:47:06;3;2;0001  214855-1;03;CAMIONETA MIE 1;2092009;"DA18    ";"DADDONA S.A.                                      ";AV. ASAMBLEA 580;953061;"80-059         ";80-059 - DUCHA EMB. C/TRANSF.BL/CR C.STD MALBA;250;250;250;23151774;040926112638705;181844873;;;;01/31/2032 00:00:00;10;13816487;04/09/2026 11:26:38;Tiago;Rodriguez;;;;;;Tiago Rodriguez;
14137245;04/09/2026 11:47:06;3;2;0001  214855-1;03;CAMIONETA MIE 1;2092009;"DA18    ";"DADDONA S.A.                                      ";AV. ASAMBLEA 580;953061;"80-059         ";80-059 - DUCHA EMB. C/TRANSF.BL/CR C.STD MALBA;250;250;250;23151803;040926112709666;181845048;;;;01/31/2032 00:00:00;10;13816508;04/09/2026 11:27:09;Tiago;Rodriguez;;;;;;Tiago Rodriguez;
14137245;04/09/2026 11:47:06;3;2;0001  214855-1;03;CAMIONETA MIE 1;2092009;"DA18    ";"DADDONA S.A.                                      ";AV. ASAMBLEA 580;953061;"80-059         ";80-059 - DUCHA EMB. C/TRANSF.BL/CR C.STD MALBA;250;250;250;23151827;040926112738287;181845227;;;;01/31/2032 00:00:00;10;13816535;04/09/2026 11:27:38;Tiago;Rodriguez;;;;;;Tiago Rodriguez;
14137245;04/09/2026 11:47:06;3;2;0001  214855-1;03;CAMIONETA MIE 1;2092009;"DA18    ";"DADDONA S.A.                                      ";AV. ASAMBLEA 580;953061;"80-059         ";80-059 - DUCHA EMB. C/TRANSF.BL/CR C.STD MALBA;250;250;250;23151859;040926112814955;181845487;;;;01/31/2032 00:00:00;10;13816553;04/09/2026 11:28:14;Tiago;Rodriguez;;;;;;Tiago Rodriguez;
14137245;04/09/2026 11:47:06;3;2;0001  214855-1;03;CAMIONETA MIE 1;2092009;"DA18    ";"DADDONA S.A.                                      ";AV. ASAMBLEA 580;953061;"80-059         ";80-059 - DUCHA EMB. C/TRANSF.BL/CR C.STD MALBA;250;250;250;23151869;040926112838418;181845631;;;;01/31/2032 00:00:00;10;13816569;04/09/2026 11:28:38;Tiago;Rodriguez;;;;;;Tiago Rodriguez;
14137245;04/09/2026 11:47:06;3;2;0001  214855-1;03;CAMIONETA MIE 1;2092009;"DA18    ";"DADDONA S.A.                                      ";AV. ASAMBLEA 580;953061;"80-059         ";80-059 - DUCHA EMB. C/TRANSF.BL/CR C.STD MALBA;250;250;250;23151896;040926112908284;181845808;;;;01/31/2032 00:00:00;10;13816583;04/09/2026 11:29:08;Tiago;Rodriguez;;;;;;Tiago Rodriguez;
14137245;04/09/2026 11:47:06;3;2;0001  214855-1;03;CAMIONETA MIE 1;2092009;"DA18    ";"DADDONA S.A.                                      ";AV. ASAMBLEA 580;953061;"80-059         ";80-059 - DUCHA EMB. C/TRANSF.BL/CR C.STD MALBA;250;250;250;23151916;040926112933521;181845962;;;;01/31/2032 00:00:00;10;13816600;04/09/2026 11:29:33;Tiago;Rodriguez;;;;;;Tiago Rodriguez;
14137245;04/09/2026 11:47:06;3;2;0001  214855-1;03;CAMIONETA MIE 1;2092009;"DA18    ";"DADDONA S.A.                                      ";AV. ASAMBLEA 580;953061;"80-059         ";80-059 - DUCHA EMB. C/TRANSF.BL/CR C.STD MALBA;250;250;250;23151939;040926112959331;181846088;;;;01/31/2032 00:00:00;10;13816613;04/09/2026 11:29:59;Tiago;Rodriguez;;;;;;Tiago Rodriguez;
14137245;04/09/2026 11:47:06;3;2;0001  214855-1;03;CAMIONETA MIE 1;2092009;"DA18    ";"DADDONA S.A.                                      ";AV. ASAMBLEA 580;953061;"80-059         ";80-059 - DUCHA EMB. C/TRANSF.BL/CR C.STD MALBA;250;250;250;23151969;040926113036030;181772382;;;;01/31/2032 00:00:00;10;13816641;04/09/2026 11:30:36;Tiago;Rodriguez;;;;;;Tiago Rodriguez;
14137245;04/09/2026 11:47:06;3;2;0001  214855-1;03;CAMIONETA MIE 1;2092009;"DA18    ";"DADDONA S.A.                                      ";AV. ASAMBLEA 580;953422;"90-166N        ";90-166N - PACK GRIF. ADRA BLACK PLUS  (Lav-Bide-Ducha c/t Plus);20;20;20;23152063;040926113229539;181847005;;;;01/11/2032 00:00:00;3;13816714;04/09/2026 11:32:29;Tiago;Rodriguez;;;;;;Tiago Rodriguez;
14137245;04/09/2026 11:47:06;3;2;0001  214855-1;03;CAMIONETA MIE 1;2092009;"DA18    ";"DADDONA S.A.                                      ";AV. ASAMBLEA 580;953422;"90-166N        ";90-166N - PACK GRIF. ADRA BLACK PLUS  (Lav-Bide-Ducha c/t Plus);20;20;20;23152078;040926113253742;181847144;;;;01/11/2032 00:00:00;3;13816726;04/09/2026 11:32:53;Tiago;Rodriguez;;;;;;Tiago Rodriguez;
14137245;04/09/2026 11:47:06;3;2;0001  214855-1;03;CAMIONETA MIE 1;2092009;"DA18    ";"DADDONA S.A.                                      ";AV. ASAMBLEA 580;953422;"90-166N        ";90-166N - PACK GRIF. ADRA BLACK PLUS  (Lav-Bide-Ducha c/t Plus);20;20;20;23152097;040926113313984;181847241;;;;01/11/2032 00:00:00;3;13816733;04/09/2026 11:33:14;Tiago;Rodriguez;;;;;;Tiago Rodriguez;
14137245;04/09/2026 11:47:06;3;2;0001  214855-1;03;CAMIONETA MIE 1;2092009;"DA18    ";"DADDONA S.A.                                      ";AV. ASAMBLEA 580;953422;"90-166N        ";90-166N - PACK GRIF. ADRA BLACK PLUS  (Lav-Bide-Ducha c/t Plus);20;20;20;23152161;040926113420172;181847614;;;;01/11/2032 00:00:00;3;13816776;04/09/2026 11:34:20;Tiago;Rodriguez;;;;;;Tiago Rodriguez;
14137245;04/09/2026 11:47:06;3;2;0001  214855-1;03;CAMIONETA MIE 1;2092009;"DA18    ";"DADDONA S.A.                                      ";AV. ASAMBLEA 580;953422;"90-166N        ";90-166N - PACK GRIF. ADRA BLACK PLUS  (Lav-Bide-Ducha c/t Plus);20;20;20;23152379;040926113813247;181848975;;;;01/11/2032 00:00:00;3;13816915;04/09/2026 11:38:13;Tiago;Rodriguez;;;;;;Tiago Rodriguez;
14137245;04/09/2026 11:47:06;3;2;0001  214855-1;03;CAMIONETA MIE 1;2092009;"DA18    ";"DADDONA S.A.                                      ";AV. ASAMBLEA 580;953422;"90-166N        ";90-166N - PACK GRIF. ADRA BLACK PLUS  (Lav-Bide-Ducha c/t Plus);20;20;20;23152401;040926113833458;181849080;;;;01/11/2032 00:00:00;3;13816935;04/09/2026 11:38:33;Tiago;Rodriguez;;;;;;Tiago Rodriguez;
14137245;04/09/2026 11:47:06;3;2;0001  214855-1;03;CAMIONETA MIE 1;2092009;"DA18    ";"DADDONA S.A.                                      ";AV. ASAMBLEA 580;953422;"90-166N        ";90-166N - PACK GRIF. ADRA BLACK PLUS  (Lav-Bide-Ducha c/t Plus);20;20;20;23152419;040926113905691;181769230;;;;01/11/2032 00:00:00;2;13816954;04/09/2026 11:39:05;Tiago;Rodriguez;;;;;;Tiago Rodriguez;
14137245;04/09/2026 11:47:06;3;2;0001  214855-1;03;CAMIONETA MIE 1;2092009;"DA18    ";"DADDONA S.A.                                      ";AV. ASAMBLEA 580;953071;"80-100G        ";80-100G - DUCHA EMB. C/TRANSF. GOLD C.CERAM FABRIC;2;2;2;23152428;040926113920924;181768217;;;;12/03/2031 00:00:00;2;13816961;04/09/2026 11:39:20;Tiago;Rodriguez;;;;;;Tiago Rodriguez;
14137245;04/09/2026 11:47:06;3;2;0001  214855-1;03;CAMIONETA MIE 1;2092009;"DA18    ";"DADDONA S.A.                                      ";AV. ASAMBLEA 580;953110;"80-166N        ";80-166N - DUCHA EMB. C/TRANSF. BLACK C.CERAM ADRA PLUS;5;5;5;23152439;040926113936238;181768471;;;;01/07/2032 00:00:00;5;13816971;04/09/2026 11:39:36;Tiago;Rodriguez;;;;;;Tiago Rodriguez;
14137245;04/09/2026 11:47:06;3;2;0001  214855-1;03;CAMIONETA MIE 1;2092009;"DA18    ";"DADDONA S.A.                                      ";AV. ASAMBLEA 580;952759;"62-162N        ";62-162N - LAVATORIO DE PARED BLACK C.CERAM ADRA;2;2;2;23152483;040926114034100;181769294;;;;12/08/2031 00:00:00;2;13817007;04/09/2026 11:40:34;Tiago;Rodriguez;;;;;;Tiago Rodriguez;
14137245;04/09/2026 11:47:06;3;2;0001  214855-1;03;CAMIONETA MIE 1;2092009;"DA18    ";"DADDONA S.A.                                      ";AV. ASAMBLEA 580;952874;"70-100G        ";70-100G - BIDE GOLD C.CERAM FABRIC;2;2;2;23152483;040926114034100;181768299;;;;07/29/2031 00:00:00;2;13817007;04/09/2026 11:40:34;Tiago;Rodriguez;;;;;;Tiago Rodriguez;
14137245;04/09/2026 11:47:06;3;2;0001  214855-1;03;CAMIONETA MIE 1;2092009;"DA18    ";"DADDONA S.A.                                      ";AV. ASAMBLEA 580;952913;"70-162N        ";70-162N - BIDE BLACK C.CERAM LINEA ADRA;5;5;5;23152483;040926114034100;181768559;;;;12/08/2031 00:00:00;5;13817007;04/09/2026 11:40:34;Tiago;Rodriguez;;;;;;Tiago Rodriguez;
14137245;04/09/2026 11:47:06;3;2;0001  214855-1;03;CAMIONETA MIE 1;2092009;"DA18    ";"DADDONA S.A.                                      ";AV. ASAMBLEA 580;952635;"60-162N        ";60-162N - LAVATORIO BLACK C.CERAM LINEA ADRA;10;10;10;23152519;040926114117134;181769485;;;;11/03/2031 00:00:00;10;13817034;04/09/2026 11:41:17;Tiago;Rodriguez;;;;;;Tiago Rodriguez;
14137245;04/09/2026 11:47:06;3;2;0001  214855-1;03;CAMIONETA MIE 1;2092009;"DA18    ";"DADDONA S.A.                                      ";AV. ASAMBLEA 580;951553;"20-184         ";"MONOCOMANDO DE COCINA CR SUV                                          ";50;50;50;23152726;040926114606634;181852029;;;;10/04/2031 00:00:00;10;13817172;04/09/2026 11:46:06;Tiago;Rodriguez;;;;;;Tiago Rodriguez;
14137245;04/09/2026 11:47:06;3;2;0001  214855-1;03;CAMIONETA MIE 1;2092009;"DA18    ";"DADDONA S.A.                                      ";AV. ASAMBLEA 580;951553;"20-184         ";"MONOCOMANDO DE COCINA CR SUV                                          ";50;50;50;23152744;040926114631409;181852173;;;;10/04/2031 00:00:00;10;13817185;04/09/2026 11:46:31;Tiago;Rodriguez;;;;;;Tiago Rodriguez;
14137245;04/09/2026 11:47:06;3;2;0001  214855-1;03;CAMIONETA MIE 1;2092009;"DA18    ";"DADDONA S.A.                                      ";AV. ASAMBLEA 580;951553;"20-184         ";"MONOCOMANDO DE COCINA CR SUV                                          ";50;50;50;23152750;040926114640350;181852232;;;;10/04/2031 00:00:00;10;13817190;04/09/2026 11:46:40;Tiago;Rodriguez;;;;;;Tiago Rodriguez;
14137245;04/09/2026 11:47:06;3;2;0001  214855-1;03;CAMIONETA MIE 1;2092009;"DA18    ";"DADDONA S.A.                                      ";AV. ASAMBLEA 580;951553;"20-184         ";"MONOCOMANDO DE COCINA CR SUV                                          ";50;50;50;23152758;040926114648677;181852279;;;;10/04/2031 00:00:00;10;13817194;04/09/2026 11:46:48;Tiago;Rodriguez;;;;;;Tiago Rodriguez;
14137245;04/09/2026 11:47:06;3;2;0001  214855-1;03;CAMIONETA MIE 1;2092009;"DA18    ";"DADDONA S.A.                                      ";AV. ASAMBLEA 580;951553;"20-184         ";"MONOCOMANDO DE COCINA CR SUV                                          ";50;50;50;23152765;040926114657435;181767803;;;;10/04/2031 00:00:00;10;13817197;04/09/2026 11:46:57;Tiago;Rodriguez;;;;;;Tiago Rodriguez;
14137287;03/09/2026 12:32:40;3;2;0001  213746-3;03;CAMION MAR 1;2093912;"PL21    ";"PINTO LEONEL E. -SANIT. BRONCESUR                 ";MIGUEL CANE 1042;957722;"RA1436         ";RA1436 - AIREADOR PICO LAV/BAÑERA M18.5 x 1 mm;1;1;1;23117751;030926123237068;181587745;;;;02/21/2032 00:00:00;1;13798664;03/09/2026 12:32:37;Agustin;Scirica;24397479;03/09/2026 11:28:41;6867;Javier;Lescano;Agustin Scirica;Javier Lescano
14137288;04/09/2026 10:02:48;3;2;0001  214885-1;03;CAMION MAR 1;2093912;"PL21    ";"PINTO LEONEL E. -SANIT. BRONCESUR                 ";MIGUEL CANE 1042;957462;"RA1062         ";RA1062 - AIREADOR PICO LAV/BAÑERA TERUEL M18.5 x 1mm;1;1;1;23117752;040926100247510;181589948;;;;11/22/2031 00:00:00;1;13813751;04/09/2026 10:02:47;Agustin;Scirica;24397479;03/09/2026 11:28:41;6867;Javier;Lescano;Agustin Scirica;Javier Lescano
14137289;04/09/2026 09:10:37;3;2;0001  214964-1;03;CAMION MAR 1;2093912;"PL21    ";"PINTO LEONEL E. -SANIT. BRONCESUR                 ";MIGUEL CANE 1042;952456;"51-190         ";51-190 - MESADA BIMANDO C.CERAM BLACK VELVET;10;10;10;23117778;040926091037434;181665135;;;;10/13/2031 00:00:00;9;13805321;04/09/2026 09:10:37;Maximiliano;Nievas;24397523;03/09/2026 15:49:28;7636;Kevin;Arce;Maximiliano Nievas;Kevin Arce
14137289;04/09/2026 09:10:37;3;2;0001  214964-1;03;CAMION MAR 1;2093912;"PL21    ";"PINTO LEONEL E. -SANIT. BRONCESUR                 ";MIGUEL CANE 1042;952802;"63-192         ";63-192 - LAVATORIO PARED EMBUTIR MONOCOMANDO SORIA BLACK;10;10;10;23117778;040926091037434;181636195;;;;07/27/2031 00:00:00;10;13805321;04/09/2026 09:10:37;Maximiliano;Nievas;24397523;03/09/2026 15:49:28;7636;Kevin;Arce;Maximiliano Nievas;Kevin Arce
14137289;04/09/2026 09:10:37;3;2;0001  214964-1;03;CAMION MAR 1;2093912;"PL21    ";"PINTO LEONEL E. -SANIT. BRONCESUR                 ";MIGUEL CANE 1042;953102;"80-152         ";80-152 - DUCHA EMB. CR C/TRANSF. MONOCOMANDO SORIA;10;10;10;23117778;040926091037434;181634758;;;;10/26/2031 00:00:00;10;13805321;04/09/2026 09:10:37;Maximiliano;Nievas;24397523;03/09/2026 15:49:28;7636;Kevin;Arce;Maximiliano Nievas;Kevin Arce
14137289;04/09/2026 09:10:37;3;2;0001  214964-1;03;CAMION MAR 1;2093912;"PL21    ";"PINTO LEONEL E. -SANIT. BRONCESUR                 ";MIGUEL CANE 1042;953171;"80-353NI       ";80-353NI - DUCHA DE EMB 3 FUNCIONES BEAT NICKEL;10;10;10;23117778;040926091037434;181683706;;;;01/11/2032 00:00:00;9;13805321;04/09/2026 09:10:37;Maximiliano;Nievas;24397523;03/09/2026 15:49:28;7636;Kevin;Arce;Maximiliano Nievas;Kevin Arce
14137289;04/09/2026 09:10:37;3;2;0001  214964-1;03;CAMION MAR 1;2093912;"PL21    ";"PINTO LEONEL E. -SANIT. BRONCESUR                 ";MIGUEL CANE 1042;953347;"85-168N        ";85-168N - DUCHA MONOC C/TRANSF Y DUCHADOR BLACK WAVE;50;50;50;23117778;040926091037434;181681147;;;;01/20/2032 00:00:00;50;13805321;04/09/2026 09:10:37;Maximiliano;Nievas;24397523;03/09/2026 15:49:28;7636;Kevin;Arce;Maximiliano Nievas;Kevin Arce
14137289;04/09/2026 09:10:37;3;2;0001  214964-1;03;CAMION MAR 1;2093912;"PL21    ";"PINTO LEONEL E. -SANIT. BRONCESUR                 ";MIGUEL CANE 1042;957097;"PDU102N        ";"PISO DUCHA RESINA POLIESTER NEGRO 1200x700x25                         ";5;5;5;23132730;030926160515892;181692435;;;;08/13/2031 00:00:00;5;13805621;03/09/2026 16:05:15;Maximiliano;Nievas;;;;;;Maximiliano Nievas;
14137289;04/09/2026 09:10:37;3;2;0001  214964-1;03;CAMION MAR 1;2093912;"PL21    ";"PINTO LEONEL E. -SANIT. BRONCESUR                 ";MIGUEL CANE 1042;957095;"PDU101N        ";"PISO DUCHA RESINA POLIESTER NEGRO 900x700x25                          ";5;5;5;23132730;030926160515892;181695391;;;;08/13/2031 00:00:00;5;13805621;03/09/2026 16:05:15;Maximiliano;Nievas;;;;;;Maximiliano Nievas;
14137289;04/09/2026 09:10:37;3;2;0001  214964-1;03;CAMION MAR 1;2093912;"PL21    ";"PINTO LEONEL E. -SANIT. BRONCESUR                 ";MIGUEL CANE 1042;957099;"PDU103N        ";"PISO DUCHA RESINA POLIESTER NEGRO 1600x700x25                         ";2;2;2;23132730;030926160515892;181691427;;;;08/13/2031 00:00:00;2;13805621;03/09/2026 16:05:15;Maximiliano;Nievas;;;;;;Maximiliano Nievas;
14137289;04/09/2026 09:10:37;3;2;0001  214964-1;03;CAMION MAR 1;2093912;"PL21    ";"PINTO LEONEL E. -SANIT. BRONCESUR                 ";MIGUEL CANE 1042;951318;"18040          ";18040 - PORTA ROLLO NIQUEL LINEA BEAT;20;20;20;23133998;030926163655002;181633930;;;;07/28/2031 00:00:00;20;13806525;03/09/2026 16:36:55;Maximiliano;Nievas;;;;;;Maximiliano Nievas;
14137289;04/09/2026 09:10:37;3;2;0001  214964-1;03;CAMION MAR 1;2093912;"PL21    ";"PINTO LEONEL E. -SANIT. BRONCESUR                 ";MIGUEL CANE 1042;951485;"20-100G        ";20-100G - MONOCOMANDO DE COCINA FABRIC GOLD;10;10;10;23133998;030926163655002;181636970;;;;07/27/2031 00:00:00;10;13806525;03/09/2026 16:36:55;Maximiliano;Nievas;;;;;;Maximiliano Nievas;
14137289;04/09/2026 09:10:37;3;2;0001  214964-1;03;CAMION MAR 1;2093912;"PL21    ";"PINTO LEONEL E. -SANIT. BRONCESUR                 ";MIGUEL CANE 1042;952712;"61-176         ";61-176 - LAVATORIO MONOC ALTO CR RIO;50;50;50;23133998;030926163655002;181632725;;;;10/09/2031 00:00:00;50;13806525;03/09/2026 16:36:55;Maximiliano;Nievas;;;;;;Maximiliano Nievas;
14137289;04/09/2026 09:10:37;3;2;0001  214964-1;03;CAMION MAR 1;2093912;"PL21    ";"PINTO LEONEL E. -SANIT. BRONCESUR                 ";MIGUEL CANE 1042;952713;"61-176N        ";61-176N - LAVATORIO MONOC ALTO BLACK RIO;50;50;50;23133998;030926163655002;181631362;;;;07/29/2031 00:00:00;50;13806525;03/09/2026 16:36:55;Maximiliano;Nievas;;;;;;Maximiliano Nievas;
14137289;04/09/2026 09:10:37;3;2;0001  214964-1;03;CAMION MAR 1;2093912;"PL21    ";"PINTO LEONEL E. -SANIT. BRONCESUR                 ";MIGUEL CANE 1042;952800;"63-183         ";"LAVATORIO PARED EMB MONOCOMANDO MAT                                   ";30;30;30;23133998;030926163655002;181639495;;;;01/12/2032 00:00:00;30;13806525;03/09/2026 16:36:55;Maximiliano;Nievas;;;;;;Maximiliano Nievas;
14137289;04/09/2026 09:10:37;3;2;0001  214964-1;03;CAMION MAR 1;2093912;"PL21    ";"PINTO LEONEL E. -SANIT. BRONCESUR                 ";MIGUEL CANE 1042;953123;"80-176N        ";80-176N - DUCHA EMB C/TRANSF MONOC BLACK RIO;20;20;20;23133998;030926163655002;181633306;;;;07/27/2031 00:00:00;20;13806525;03/09/2026 16:36:55;Maximiliano;Nievas;;;;;;Maximiliano Nievas;
14137289;04/09/2026 09:10:37;3;2;0001  214964-1;03;CAMION MAR 1;2093912;"PL21    ";"PINTO LEONEL E. -SANIT. BRONCESUR                 ";MIGUEL CANE 1042;951606;"21100          ";21100 - ESTANTE ORGANIZADOR RECTANGULAR 25x12x7;20;20;20;23140227;040926070308519;181624338;;;;07/29/2031 00:00:00;20;13810065;04/09/2026 07:03:08;Maximiliano;Nievas;;;;;;Maximiliano Nievas;
14137289;04/09/2026 09:10:37;3;2;0001  214964-1;03;CAMION MAR 1;2093912;"PL21    ";"PINTO LEONEL E. -SANIT. BRONCESUR                 ";MIGUEL CANE 1042;951540;"20-168N        ";20-168N - MONOCOMANDO COCINA BLACK WAVE;10;10;10;23140227;040926070308519;181684184;;;;07/27/2031 00:00:00;10;13810065;04/09/2026 07:03:08;Maximiliano;Nievas;;;;;;Maximiliano Nievas;
14137289;04/09/2026 09:10:37;3;2;0001  214964-1;03;CAMION MAR 1;2093912;"PL21    ";"PINTO LEONEL E. -SANIT. BRONCESUR                 ";MIGUEL CANE 1042;951523;"20-134         ";20-134 - MONOCOMANDO COCINA BETIS;12;12;12;23140227;040926070308519;181669685;;;;08/11/2031 00:00:00;12;13810065;04/09/2026 07:03:08;Maximiliano;Nievas;;;;;;Maximiliano Nievas;
14137289;04/09/2026 09:10:37;3;2;0001  214964-1;03;CAMION MAR 1;2093912;"PL21    ";"PINTO LEONEL E. -SANIT. BRONCESUR                 ";MIGUEL CANE 1042;951424;"20040DG        ";20040DG - PORTA ROLLO DARK GOLD LINEA PULSE;10;10;10;23140227;040926070308519;181601090;;;;07/29/2031 00:00:00;10;13810065;04/09/2026 07:03:08;Maximiliano;Nievas;;;;;;Maximiliano Nievas;
14137289;04/09/2026 09:10:37;3;2;0001  214964-1;03;CAMION MAR 1;2093912;"PL21    ";"PINTO LEONEL E. -SANIT. BRONCESUR                 ";MIGUEL CANE 1042;951398;"20020GR        ";20020GR - TOALLERO DE ARO GRAFITO LINEA PULSE;10;10;10;23140227;040926070308519;181684294;;;;07/29/2031 00:00:00;10;13810065;04/09/2026 07:03:08;Maximiliano;Nievas;;;;;;Maximiliano Nievas;
14137289;04/09/2026 09:10:37;3;2;0001  214964-1;03;CAMION MAR 1;2093912;"PL21    ";"PINTO LEONEL E. -SANIT. BRONCESUR                 ";MIGUEL CANE 1042;951396;"20020DG        ";20020DG - TOALLERO DE ARO DARK GOLD LINEA PULSE;10;10;10;23140227;040926070308519;181603021;;;;07/27/2031 00:00:00;10;13810065;04/09/2026 07:03:08;Maximiliano;Nievas;;;;;;Maximiliano Nievas;
14137289;04/09/2026 09:10:37;3;2;0001  214964-1;03;CAMION MAR 1;2093912;"PL21    ";"PINTO LEONEL E. -SANIT. BRONCESUR                 ";MIGUEL CANE 1042;951382;"20010DG        ";20010DG - TOALLERO BARRAL DARK GOLD LINEA PULSE;10;10;10;23140227;040926070308519;181647012;;;;07/27/2031 00:00:00;10;13810065;04/09/2026 07:03:08;Maximiliano;Nievas;;;;;;Maximiliano Nievas;
14137289;04/09/2026 09:10:37;3;2;0001  214964-1;03;CAMION MAR 1;2093912;"PL21    ";"PINTO LEONEL E. -SANIT. BRONCESUR                 ";MIGUEL CANE 1042;951306;"17050G         ";17050G - JABONERA  LINEA FABRIC GOLD;10;10;10;23140227;040926070308519;181602239;;;;07/29/2031 00:00:00;10;13810065;04/09/2026 07:03:08;Maximiliano;Nievas;;;;;;Maximiliano Nievas;
14137289;04/09/2026 09:10:37;3;2;0001  214964-1;03;CAMION MAR 1;2093912;"PL21    ";"PINTO LEONEL E. -SANIT. BRONCESUR                 ";MIGUEL CANE 1042;951303;"17040G         ";17040G - PORTA ROLLO LINEA FABRIC GOLD;20;20;20;23140227;040926070308519;181646035;;;;07/28/2031 00:00:00;20;13810065;04/09/2026 07:03:08;Maximiliano;Nievas;;;;;;Maximiliano Nievas;
14137289;04/09/2026 09:10:37;3;2;0001  214964-1;03;CAMION MAR 1;2093912;"PL21    ";"PINTO LEONEL E. -SANIT. BRONCESUR                 ";MIGUEL CANE 1042;954906;"BCH05          ";BCH05 - BACHA DE APOYAR CUADRADA 370x370x130;30;30;30;23140227;040926070308519;181652137;;;;07/27/2031 00:00:00;30;13810065;04/09/2026 07:03:08;Maximiliano;Nievas;;;;;;Maximiliano Nievas;
14137289;04/09/2026 09:10:37;3;2;0001  214964-1;03;CAMION MAR 1;2093912;"PL21    ";"PINTO LEONEL E. -SANIT. BRONCESUR                 ";MIGUEL CANE 1042;957102;"PDU120         ";"DESAGUE P/PISO DE DUCHA                                               ";22;22;22;23140227;040926070308519;181688503;;;;12/07/2031 00:00:00;22;13810065;04/09/2026 07:03:08;Maximiliano;Nievas;;;;;;Maximiliano Nievas;
14137289;04/09/2026 09:10:37;3;2;0001  214964-1;03;CAMION MAR 1;2093912;"PL21    ";"PINTO LEONEL E. -SANIT. BRONCESUR                 ";MIGUEL CANE 1042;951530;"20-146         ";20-146 - MONOCOMANDO DE COCINA CR LINEA MOVE;200;200;200;23140711;040926072343860;181591570;;;;10/09/2031 00:00:00;200;13810238;04/09/2026 07:23:43;Maximiliano;Nievas;;;;;;Maximiliano Nievas;
14137289;04/09/2026 09:10:37;3;2;0001  214964-1;03;CAMION MAR 1;2093912;"PL21    ";"PINTO LEONEL E. -SANIT. BRONCESUR                 ";MIGUEL CANE 1042;951539;"20-168         ";20-168 - MONOCOMANDO COCINA CR WAVE;10;10;10;23140711;040926072343860;181624964;;;;07/27/2031 00:00:00;10;13810238;04/09/2026 07:23:43;Maximiliano;Nievas;;;;;;Maximiliano Nievas;
14137289;04/09/2026 09:10:37;3;2;0001  214964-1;03;CAMION MAR 1;2093912;"PL21    ";"PINTO LEONEL E. -SANIT. BRONCESUR                 ";MIGUEL CANE 1042;952637;"60-168         ";60-168 - LAVATORIO MONOC BAJO CR WAVE;10;10;10;23140711;040926072343860;181622145;;;;07/27/2031 00:00:00;10;13810238;04/09/2026 07:23:43;Maximiliano;Nievas;;;;;;Maximiliano Nievas;
14137289;04/09/2026 09:10:37;3;2;0001  214964-1;03;CAMION MAR 1;2093912;"PL21    ";"PINTO LEONEL E. -SANIT. BRONCESUR                 ";MIGUEL CANE 1042;953322;"83-205         ";83-205 - DUCHA EXT C/TRANSF MONOC STEEL PICO CURVO;20;20;20;23141394;040926075013147;181775282;;;;07/27/2031 00:00:00;10;13810606;04/09/2026 07:50:13;Maximiliano;Nievas;;;;;;Maximiliano Nievas;
14137289;04/09/2026 09:10:37;3;2;0001  214964-1;03;CAMION MAR 1;2093912;"PL21    ";"PINTO LEONEL E. -SANIT. BRONCESUR                 ";MIGUEL CANE 1042;953131;"80-183         ";"DUCHA EMB C/TRANSF MONOCOMANDO MAT                                    ";10;10;10;23141394;040926075013147;181642793;;;;11/02/2031 00:00:00;10;13810606;04/09/2026 07:50:13;Maximiliano;Nievas;;;;;;Maximiliano Nievas;
14137289;04/09/2026 09:10:37;3;2;0001  214964-1;03;CAMION MAR 1;2093912;"PL21    ";"PINTO LEONEL E. -SANIT. BRONCESUR                 ";MIGUEL CANE 1042;951531;"20-146N        ";20-146N - MONOCOMANDO DE COCINA BLACK LINEA MOVE;50;50;50;23141394;040926075013147;181645311;;;;07/30/2031 00:00:00;50;13810606;04/09/2026 07:50:13;Maximiliano;Nievas;;;;;;Maximiliano Nievas;
14137289;04/09/2026 09:10:37;3;2;0001  214964-1;03;CAMION MAR 1;2093912;"PL21    ";"PINTO LEONEL E. -SANIT. BRONCESUR                 ";MIGUEL CANE 1042;951513;"20-122N        ";20-122N - MONOCOMANDO COCINA C/PICO EXTRAIBLE VALENCIA BLACK;30;30;30;23141394;040926075013147;181649591;;;;08/06/2031 00:00:00;30;13810606;04/09/2026 07:50:13;Maximiliano;Nievas;;;;;;Maximiliano Nievas;
14137289;04/09/2026 09:10:37;3;2;0001  214964-1;03;CAMION MAR 1;2093912;"PL21    ";"PINTO LEONEL E. -SANIT. BRONCESUR                 ";MIGUEL CANE 1042;953351;"85-183         ";"DUCHA EMB C/TRANSF Y DUCHADOR MONOC MAT                               ";30;30;30;23141394;040926075013147;181642547;;;;01/12/2032 00:00:00;30;13810606;04/09/2026 07:50:13;Maximiliano;Nievas;;;;;;Maximiliano Nievas;
14137289;04/09/2026 09:10:37;3;2;0001  214964-1;03;CAMION MAR 1;2093912;"PL21    ";"PINTO LEONEL E. -SANIT. BRONCESUR                 ";MIGUEL CANE 1042;955159;"D439           ";D439 - KIT DE DUCHA MANUAL;20;20;20;23141992;040926080652645;181685695;;;;12/16/2031 00:00:00;20;13810901;04/09/2026 08:06:52;Maximiliano;Nievas;;;;;;Maximiliano Nievas;
14137289;04/09/2026 09:10:37;3;2;0001  214964-1;03;CAMION MAR 1;2093912;"PL21    ";"PINTO LEONEL E. -SANIT. BRONCESUR                 ";MIGUEL CANE 1042;952643;"60-175DG       ";60-175DG - LAVATORIO PULSE DARK GOLD C.CERAM;10;10;10;23141992;040926080652645;181659950;;;;07/31/2031 00:00:00;10;13810901;04/09/2026 08:06:52;Maximiliano;Nievas;;;;;;Maximiliano Nievas;
14137289;04/09/2026 09:10:37;3;2;0001  214964-1;03;CAMION MAR 1;2093912;"PL21    ";"PINTO LEONEL E. -SANIT. BRONCESUR                 ";MIGUEL CANE 1042;952645;"60-175GR       ";60-175GR - LAVATORIO PULSE GRAFITO C.CERAM;5;5;5;23141992;040926080652645;181660821;;;;07/31/2031 00:00:00;5;13810901;04/09/2026 08:06:52;Maximiliano;Nievas;;;;;;Maximiliano Nievas;
14137289;04/09/2026 09:10:37;3;2;0001  214964-1;03;CAMION MAR 1;2093912;"PL21    ";"PINTO LEONEL E. -SANIT. BRONCESUR                 ";MIGUEL CANE 1042;952658;"60-190         ";60-190 - LAVATORIO C.CERAM BLACK VELVET;10;10;10;23141992;040926080652645;181662509;;;;08/12/2031 00:00:00;10;13810901;04/09/2026 08:06:52;Maximiliano;Nievas;;;;;;Maximiliano Nievas;
14137289;04/09/2026 09:10:37;3;2;0001  214964-1;03;CAMION MAR 1;2093912;"PL21    ";"PINTO LEONEL E. -SANIT. BRONCESUR                 ";MIGUEL CANE 1042;952765;"62-175DG       ";62-175DG - LAVATORIO DE PARED PULSE DARK GOLD C.CERAM;10;10;10;23141992;040926080652645;181661302;;;;07/31/2031 00:00:00;10;13810901;04/09/2026 08:06:52;Maximiliano;Nievas;;;;;;Maximiliano Nievas;
14137289;04/09/2026 09:10:37;3;2;0001  214964-1;03;CAMION MAR 1;2093912;"PL21    ";"PINTO LEONEL E. -SANIT. BRONCESUR                 ";MIGUEL CANE 1042;952767;"62-175GR       ";62-175GR - LAVATORIO DE PARED PULSE GRAFITO C.CERAM;5;5;5;23141992;040926080652645;181661707;;;;09/03/2031 00:00:00;5;13810901;04/09/2026 08:06:52;Maximiliano;Nievas;;;;;;Maximiliano Nievas;
14137289;04/09/2026 09:10:37;3;2;0001  214964-1;03;CAMION MAR 1;2093912;"PL21    ";"PINTO LEONEL E. -SANIT. BRONCESUR                 ";MIGUEL CANE 1042;952921;"70-175DG       ";70-175DG - BIDE PULSE DARK GOLD C.CERAM;10;10;10;23141992;040926080652645;181660490;;;;07/31/2031 00:00:00;10;13810901;04/09/2026 08:06:52;Maximiliano;Nievas;;;;;;Maximiliano Nievas;
14137289;04/09/2026 09:10:37;3;2;0001  214964-1;03;CAMION MAR 1;2093912;"PL21    ";"PINTO LEONEL E. -SANIT. BRONCESUR                 ";MIGUEL CANE 1042;952936;"70-190         ";70-190 - BIDE C.CERAM BLACK VELVET;10;10;10;23141992;040926080652645;181663942;;;;11/08/2031 00:00:00;10;13810901;04/09/2026 08:06:52;Maximiliano;Nievas;;;;;;Maximiliano Nievas;
14137289;04/09/2026 09:10:37;3;2;0001  214964-1;03;CAMION MAR 1;2093912;"PL21    ";"PINTO LEONEL E. -SANIT. BRONCESUR                 ";MIGUEL CANE 1042;953109;"80-166         ";"DUCHA EMB. C/TRANSF. CR C.CERAM ADRA PLUS                             ";10;10;10;23141992;040926080652645;181682407;;;;01/18/2032 00:00:00;10;13810901;04/09/2026 08:06:52;Maximiliano;Nievas;;;;;;Maximiliano Nievas;
14137289;04/09/2026 09:10:37;3;2;0001  214964-1;03;CAMION MAR 1;2093912;"PL21    ";"PINTO LEONEL E. -SANIT. BRONCESUR                 ";MIGUEL CANE 1042;953110;"80-166N        ";80-166N - DUCHA EMB. C/TRANSF. BLACK C.CERAM ADRA PLUS;10;10;10;23141992;040926080652645;181663116;;;;01/07/2032 00:00:00;10;13810901;04/09/2026 08:06:52;Maximiliano;Nievas;;;;;;Maximiliano Nievas;
14137289;04/09/2026 09:10:37;3;2;0001  214964-1;03;CAMION MAR 1;2093912;"PL21    ";"PINTO LEONEL E. -SANIT. BRONCESUR                 ";MIGUEL CANE 1042;953346;"85-168         ";85-168 - DUCHA MONOC C/TRANSF Y DUCHADOR CR WAVE;50;50;50;23141992;040926080652645;181654739;;;;02/01/2032 00:00:00;50;13810901;04/09/2026 08:06:52;Maximiliano;Nievas;;;;;;Maximiliano Nievas;
14137289;04/09/2026 09:10:37;3;2;0001  214964-1;03;CAMION MAR 1;2093912;"PL21    ";"PINTO LEONEL E. -SANIT. BRONCESUR                 ";MIGUEL CANE 1042;953171;"80-353NI       ";80-353NI - DUCHA DE EMB 3 FUNCIONES BEAT NICKEL;10;10;10;23143080;040926083328226;181786099;;;;01/11/2032 00:00:00;1;13811506;04/09/2026 08:33:28;Maximiliano;Nievas;;;;;;Maximiliano Nievas;
14137289;04/09/2026 09:10:37;3;2;0001  214964-1;03;CAMION MAR 1;2093912;"PL21    ";"PINTO LEONEL E. -SANIT. BRONCESUR                 ";MIGUEL CANE 1042;952456;"51-190         ";51-190 - MESADA BIMANDO C.CERAM BLACK VELVET;10;10;10;23143080;040926083328226;181786098;;;;10/13/2031 00:00:00;1;13811506;04/09/2026 08:33:28;Maximiliano;Nievas;;;;;;Maximiliano Nievas;
14137289;04/09/2026 09:10:37;3;2;0001  214964-1;03;CAMION MAR 1;2093912;"PL21    ";"PINTO LEONEL E. -SANIT. BRONCESUR                 ";MIGUEL CANE 1042;951565;"20-205         ";20-205 - MONOCOMANDO DE COCINA STEEL;50;50;50;23143080;040926083328226;181596610;;;;07/28/2031 00:00:00;50;13811506;04/09/2026 08:33:28;Maximiliano;Nievas;;;;;;Maximiliano Nievas;
14137289;04/09/2026 09:10:37;3;2;0001  214964-1;03;CAMION MAR 1;2093912;"PL21    ";"PINTO LEONEL E. -SANIT. BRONCESUR                 ";MIGUEL CANE 1042;951512;"20-122         ";"MONOCOMANDO COCINA CR C/PICO EXTRAIBLE VALENCIA                       ";108;108;108;23143080;040926083328226;181595085;;;;08/06/2031 00:00:00;108;13811506;04/09/2026 08:33:28;Maximiliano;Nievas;;;;;;Maximiliano Nievas;
14137289;04/09/2026 09:10:37;3;2;0001  214964-1;03;CAMION MAR 1;2093912;"PL21    ";"PINTO LEONEL E. -SANIT. BRONCESUR                 ";MIGUEL CANE 1042;953322;"83-205         ";83-205 - DUCHA EXT C/TRANSF MONOC STEEL PICO CURVO;20;20;20;23143785;040926085036676;181625989;;;;07/27/2031 00:00:00;10;13811876;04/09/2026 08:50:36;Maximiliano;Nievas;;;;;;Maximiliano Nievas;
14137289;04/09/2026 09:10:37;3;2;0001  214964-1;03;CAMION MAR 1;2093912;"PL21    ";"PINTO LEONEL E. -SANIT. BRONCESUR                 ";MIGUEL CANE 1042;952796;"63-168N        ";"LAVATORIO PARED EMB MONOC BLACK WAVE                                  ";20;20;20;23143785;040926085036676;181620438;;;;07/28/2031 00:00:00;20;13811876;04/09/2026 08:50:36;Maximiliano;Nievas;;;;;;Maximiliano Nievas;
14137289;04/09/2026 09:10:37;3;2;0001  214964-1;03;CAMION MAR 1;2093912;"PL21    ";"PINTO LEONEL E. -SANIT. BRONCESUR                 ";MIGUEL CANE 1042;952467;"52-121         ";52-121 - GRIFERIA REBATIBLE P/LLENADO DE OLLAS MARBELLA;20;20;20;23143785;040926085036676;181623361;;;;07/29/2031 00:00:00;20;13811876;04/09/2026 08:50:36;Maximiliano;Nievas;;;;;;Maximiliano Nievas;
14137289;04/09/2026 09:10:37;3;2;0001  214964-1;03;CAMION MAR 1;2093912;"PL21    ";"PINTO LEONEL E. -SANIT. BRONCESUR                 ";MIGUEL CANE 1042;951563;"20-202NI       ";20-202NI - MONOCOMANDO COCINA NICKEL HOOP;5;5;5;23143785;040926085036676;181624660;;;;07/29/2031 00:00:00;5;13811876;04/09/2026 08:50:36;Maximiliano;Nievas;;;;;;Maximiliano Nievas;
14137289;04/09/2026 09:10:37;3;2;0001  214964-1;03;CAMION MAR 1;2093912;"PL21    ";"PINTO LEONEL E. -SANIT. BRONCESUR                 ";MIGUEL CANE 1042;954650;"A815           ";"A815 - DUCHA 8"" C/BRAZO Y CAMPANA CR";50;50;50;23143785;040926085036676;181600369;;;;07/28/2031 00:00:00;50;13811876;04/09/2026 08:50:36;Maximiliano;Nievas;;;;;;Maximiliano Nievas;
14137289;04/09/2026 09:10:37;3;2;0001  214964-1;03;CAMION MAR 1;2093912;"PL21    ";"PINTO LEONEL E. -SANIT. BRONCESUR                 ";MIGUEL CANE 1042;953967;"A1250          ";A1250 - COLUMNA DE DUCHA CROMO;10;10;10;23143785;040926085036676;181621575;;;;07/27/2031 00:00:00;10;13811876;04/09/2026 08:50:36;Maximiliano;Nievas;;;;;;Maximiliano Nievas;
14137356;03/09/2026 07:28:22;3;2;0008    2882-1;01;CAMIONETA LUN 1;2091843;"CO28    ";"CONSTRUDISENO S.A.                                ";RUTA 197 Y PANAMERICANA;952598;"60-100NI       ";60-100NI - LAVATORIO NICKEL C.CERAM FABRIC;1;1;1;23092537;030926072822593;181401695;;;;10/08/2031 00:00:00;1;13790102;03/09/2026 07:28:22;Maximiliano;Nievas;24373564;02/09/2026 14:51:02;7673;Maximo;Batista;Maximiliano Nievas;Maximo Batista
14137356;03/09/2026 07:28:22;3;2;0008    2882-1;01;CAMIONETA LUN 1;2091843;"CO28    ";"CONSTRUDISENO S.A.                                ";RUTA 197 Y PANAMERICANA;952713;"61-176N        ";61-176N - LAVATORIO MONOC ALTO BLACK RIO;1;1;1;23092537;030926072822593;181400409;;;;07/29/2031 00:00:00;1;13790102;03/09/2026 07:28:22;Maximiliano;Nievas;24373564;02/09/2026 14:51:02;7673;Maximo;Batista;Maximiliano Nievas;Maximo Batista
14137356;03/09/2026 07:28:22;3;2;0008    2882-1;01;CAMIONETA LUN 1;2091843;"CO28    ";"CONSTRUDISENO S.A.                                ";RUTA 197 Y PANAMERICANA;952876;"70-100NI       ";70-100NI - BIDE NICKEL C.CERAM FABRIC;1;1;1;23092537;030926072822593;181401541;;;;12/01/2031 00:00:00;1;13790102;03/09/2026 07:28:22;Maximiliano;Nievas;24373564;02/09/2026 14:51:02;7673;Maximo;Batista;Maximiliano Nievas;Maximo Batista
14137356;03/09/2026 07:28:22;3;2;0008    2882-1;01;CAMIONETA LUN 1;2091843;"CO28    ";"CONSTRUDISENO S.A.                                ";RUTA 197 Y PANAMERICANA;952945;"70-199         ";70-199 - BIDE CR C.CERAM LIVE;1;1;1;23092537;030926072822593;181412108;;;;12/16/2031 00:00:00;1;13790102;03/09/2026 07:28:22;Maximiliano;Nievas;24373564;02/09/2026 14:51:02;7673;Maximo;Batista;Maximiliano Nievas;Maximo Batista
14137356;03/09/2026 07:28:22;3;2;0008    2882-1;01;CAMIONETA LUN 1;2091843;"CO28    ";"CONSTRUDISENO S.A.                                ";RUTA 197 Y PANAMERICANA;953073;"80-100NI       ";80-100NI - DUCHA EMB. C/TRANSF. NICKEL C.CERAM FABRIC;1;1;1;23092537;030926072822593;181403439;;;;02/08/2032 00:00:00;1;13790102;03/09/2026 07:28:22;Maximiliano;Nievas;24373564;02/09/2026 14:51:02;7673;Maximo;Batista;Maximiliano Nievas;Maximo Batista
14137356;03/09/2026 07:28:22;3;2;0008    2882-1;01;CAMIONETA LUN 1;2091843;"CO28    ";"CONSTRUDISENO S.A.                                ";RUTA 197 Y PANAMERICANA;954906;"BCH05          ";BCH05 - BACHA DE APOYAR CUADRADA 370x370x130;1;1;1;23092537;030926072822593;181401039;;;;07/27/2031 00:00:00;1;13790102;03/09/2026 07:28:22;Maximiliano;Nievas;24373564;02/09/2026 14:51:02;7673;Maximo;Batista;Maximiliano Nievas;Maximo Batista
14137356;03/09/2026 07:28:22;3;2;0008    2882-1;01;CAMIONETA LUN 1;2091843;"CO28    ";"CONSTRUDISENO S.A.                                ";RUTA 197 Y PANAMERICANA;954914;"BCH12          ";BCH12 - BACHA DE APOYAR BLANCA 460x320x140;1;1;1;23092537;030926072822593;181400734;;;;11/10/2031 00:00:00;1;13790102;03/09/2026 07:28:22;Maximiliano;Nievas;24373564;02/09/2026 14:51:02;7673;Maximo;Batista;Maximiliano Nievas;Maximo Batista
14137356;03/09/2026 07:28:22;3;2;0008    2882-1;01;CAMIONETA LUN 1;2091843;"CO28    ";"CONSTRUDISENO S.A.                                ";RUTA 197 Y PANAMERICANA;957098;"PDU103         ";"PISO DUCHA RESINA POLIESTER BLANCA 1600x700x25                        ";1;1;1;23092537;030926072822593;181408520;;;;08/13/2031 00:00:00;1;13790102;03/09/2026 07:28:22;Maximiliano;Nievas;24373564;02/09/2026 14:51:02;7673;Maximo;Batista;Maximiliano Nievas;Maximo Batista
14137356;03/09/2026 07:28:22;3;2;0008    2882-1;01;CAMIONETA LUN 1;2091843;"CO28    ";"CONSTRUDISENO S.A.                                ";RUTA 197 Y PANAMERICANA;957102;"PDU120         ";"DESAGUE P/PISO DE DUCHA                                               ";1;1;1;23092537;030926072822593;181406471;;;;12/07/2031 00:00:00;1;13790102;03/09/2026 07:28:22;Maximiliano;Nievas;24373564;02/09/2026 14:51:02;7673;Maximo;Batista;Maximiliano Nievas;Maximo Batista
14137474;03/09/2026 08:37:01;3;2;0001  214517-1;05;CAMIONETA LUN 4;2093478;"MH17    ";"MALDONADO HECTOR H. -SANIT. MALDONADO             ";BLANCO ENCALADA 2606;953308;"83-130         ";83-130 - DUCHA EXT. C/TRANSF. MONOCOMANDO BILBAO;6;6;6;23096981;030926083701411;181439345;;;;07/28/2031 00:00:00;6;13791286;03/09/2026 08:37:01;Maximiliano;Nievas;24377901;02/09/2026 15:51:49;7673;Maximo;Batista;Maximiliano Nievas;Maximo Batista
14137474;03/09/2026 08:37:01;3;2;0001  214517-1;05;CAMIONETA LUN 4;2093478;"MH17    ";"MALDONADO HECTOR H. -SANIT. MALDONADO             ";BLANCO ENCALADA 2606;953047;"80-034         ";80-034 - DUCHA EMB. C/TRANSF. CR BETIS;4;4;4;23096981;030926083701411;181440973;;;;07/31/2031 00:00:00;4;13791286;03/09/2026 08:37:01;Maximiliano;Nievas;24377901;02/09/2026 15:51:49;7673;Maximo;Batista;Maximiliano Nievas;Maximo Batista
14137474;03/09/2026 08:37:01;3;2;0001  214517-1;05;CAMIONETA LUN 4;2093478;"MH17    ";"MALDONADO HECTOR H. -SANIT. MALDONADO             ";BLANCO ENCALADA 2606;952892;"70-130         ";70-130 - BIDE MONOCOMANDO C/ TRANSF BILBAO;4;4;4;23096981;030926083701411;181439692;;;;07/28/2031 00:00:00;4;13791286;03/09/2026 08:37:01;Maximiliano;Nievas;24377901;02/09/2026 15:51:49;7673;Maximo;Batista;Maximiliano Nievas;Maximo Batista
14137474;03/09/2026 08:37:01;3;2;0001  214517-1;05;CAMIONETA LUN 4;2093478;"MH17    ";"MALDONADO HECTOR H. -SANIT. MALDONADO             ";BLANCO ENCALADA 2606;952619;"60-134         ";60-134 - LAVATORIO CR C.CERAM BETIS;4;4;4;23096981;030926083701411;181440224;;;;07/31/2031 00:00:00;4;13791286;03/09/2026 08:37:01;Maximiliano;Nievas;24377901;02/09/2026 15:51:49;7673;Maximo;Batista;Maximiliano Nievas;Maximo Batista
14137474;03/09/2026 08:37:01;3;2;0001  214517-1;05;CAMIONETA LUN 4;2093478;"MH17    ";"MALDONADO HECTOR H. -SANIT. MALDONADO             ";BLANCO ENCALADA 2606;952605;"60-118         ";60-118 - LAVATORIO CR C.CERAM RODA;4;4;4;23096981;030926083701411;181436473;;;;07/31/2031 00:00:00;4;13791286;03/09/2026 08:37:01;Maximiliano;Nievas;24377901;02/09/2026 15:51:49;7673;Maximo;Batista;Maximiliano Nievas;Maximo Batista
14137474;03/09/2026 08:37:01;3;2;0001  214517-1;05;CAMIONETA LUN 4;2093478;"MH17    ";"MALDONADO HECTOR H. -SANIT. MALDONADO             ";BLANCO ENCALADA 2606;952300;"435/C          ";435/C - DUCHA EMB.C/TRANSF CR C.CERAM MURCIA;1;1;1;23096981;030926083701411;181436792;;;;08/12/2031 00:00:00;1;13791286;03/09/2026 08:37:01;Maximiliano;Nievas;24377901;02/09/2026 15:51:49;7673;Maximo;Batista;Maximiliano Nievas;Maximo Batista
14137474;03/09/2026 08:37:01;3;2;0001  214517-1;05;CAMIONETA LUN 4;2093478;"MH17    ";"MALDONADO HECTOR H. -SANIT. MALDONADO             ";BLANCO ENCALADA 2606;952039;"315/C          ";315/C - BIDE CR C.CERAM MURCIA;1;1;1;23096981;030926083701411;181437128;;;;08/12/2031 00:00:00;1;13791286;03/09/2026 08:37:01;Maximiliano;Nievas;24377901;02/09/2026 15:51:49;7673;Maximo;Batista;Maximiliano Nievas;Maximo Batista
14137474;03/09/2026 08:37:01;3;2;0001  214517-1;05;CAMIONETA LUN 4;2093478;"MH17    ";"MALDONADO HECTOR H. -SANIT. MALDONADO             ";BLANCO ENCALADA 2606;951629;"215/C          ";"215/C - LAVATORIO C/CERAM.CROMO ""MURCIA""";1;1;1;23096981;030926083701411;181436987;;;;08/12/2031 00:00:00;1;13791286;03/09/2026 08:37:01;Maximiliano;Nievas;24377901;02/09/2026 15:51:49;7673;Maximo;Batista;Maximiliano Nievas;Maximo Batista
14137475;03/09/2026 07:11:29;3;2;0001  214444-1;05;CAMIONETA LUN 4;2094664;"SS43    ";"SANITARIOS SIONE S.R.L.                           ";VIDAL 1783;957691;"RA1398         ";RA1398 - VOLANTE SELECTOR DUCHA MORA;1;1;1;23099554;030926071128507;181457856;;;;08/02/2031 00:00:00;1;13789854;03/09/2026 07:11:28;Maximiliano;Nievas;24380156;02/09/2026 16:36:55;7673;Maximo;Batista;Maximiliano Nievas;Maximo Batista
14137475;03/09/2026 07:11:29;3;2;0001  214444-1;05;CAMIONETA LUN 4;2094664;"SS43    ";"SANITARIOS SIONE S.R.L.                           ";VIDAL 1783;957572;"RA1205         ";RA1205 - 10 BUJES INTERIOR NYLON;4;4;4;23099554;030926071128507;181458296;;;;10/11/2031 00:00:00;4;13789854;03/09/2026 07:11:28;Maximiliano;Nievas;24380156;02/09/2026 16:36:55;7673;Maximo;Batista;Maximiliano Nievas;Maximo Batista
14137475;03/09/2026 07:11:29;3;2;0001  214444-1;05;CAMIONETA LUN 4;2094664;"SS43    ";"SANITARIOS SIONE S.R.L.                           ";VIDAL 1783;955159;"D439           ";D439 - KIT DE DUCHA MANUAL;2;2;2;23099554;030926071128507;181456558;;;;12/16/2031 00:00:00;2;13789854;03/09/2026 07:11:28;Maximiliano;Nievas;24380156;02/09/2026 16:36:55;7673;Maximo;Batista;Maximiliano Nievas;Maximo Batista
14137475;03/09/2026 07:11:29;3;2;0001  214444-1;05;CAMIONETA LUN 4;2094664;"SS43    ";"SANITARIOS SIONE S.R.L.                           ";VIDAL 1783;953073;"80-100NI       ";80-100NI - DUCHA EMB. C/TRANSF. NICKEL C.CERAM FABRIC;1;1;1;23099554;030926071128507;181456188;;;;02/08/2032 00:00:00;1;13789854;03/09/2026 07:11:28;Maximiliano;Nievas;24380156;02/09/2026 16:36:55;7673;Maximo;Batista;Maximiliano Nievas;Maximo Batista
14137475;03/09/2026 07:11:29;3;2;0001  214444-1;05;CAMIONETA LUN 4;2094664;"SS43    ";"SANITARIOS SIONE S.R.L.                           ";VIDAL 1783;952954;"70-203         ";70-203 - BIDE MONOCOMANDO ADRA;1;1;1;23099554;030926071128507;181455098;;;;07/29/2031 00:00:00;1;13789854;03/09/2026 07:11:28;Maximiliano;Nievas;24380156;02/09/2026 16:36:55;7673;Maximo;Batista;Maximiliano Nievas;Maximo Batista
14137475;03/09/2026 07:11:29;3;2;0001  214444-1;05;CAMIONETA LUN 4;2094664;"SS43    ";"SANITARIOS SIONE S.R.L.                           ";VIDAL 1783;952888;"70-122         ";70-122 - BIDE C.CERAM CR VALENCIA;1;1;1;23099554;030926071128507;181456014;;;;10/26/2031 00:00:00;1;13789854;03/09/2026 07:11:28;Maximiliano;Nievas;24380156;02/09/2026 16:36:55;7673;Maximo;Batista;Maximiliano Nievas;Maximo Batista
14137475;03/09/2026 07:11:29;3;2;0001  214444-1;05;CAMIONETA LUN 4;2094664;"SS43    ";"SANITARIOS SIONE S.R.L.                           ";VIDAL 1783;952798;"63-176N        ";"LAVATORIO PARED EMB MONOC BLACK RIO                                   ";2;2;2;23099554;030926071128507;181455608;;;;12/14/2031 00:00:00;2;13789854;03/09/2026 07:11:28;Maximiliano;Nievas;24380156;02/09/2026 16:36:55;7673;Maximo;Batista;Maximiliano Nievas;Maximo Batista
14137475;03/09/2026 07:11:29;3;2;0001  214444-1;05;CAMIONETA LUN 4;2094664;"SS43    ";"SANITARIOS SIONE S.R.L.                           ";VIDAL 1783;952631;"60-153         ";60-153 - LAVATORIO CR C.CERAMICO CASTILLA;1;1;1;23099554;030926071128507;181457357;;;;11/23/2031 00:00:00;1;13789854;03/09/2026 07:11:28;Maximiliano;Nievas;24380156;02/09/2026 16:36:55;7673;Maximo;Batista;Maximiliano Nievas;Maximo Batista
14137475;03/09/2026 07:11:29;3;2;0001  214444-1;05;CAMIONETA LUN 4;2094664;"SS43    ";"SANITARIOS SIONE S.R.L.                           ";VIDAL 1783;951540;"20-168N        ";20-168N - MONOCOMANDO COCINA BLACK WAVE;1;1;1;23099554;030926071128507;181457016;;;;07/27/2031 00:00:00;1;13789854;03/09/2026 07:11:28;Maximiliano;Nievas;24380156;02/09/2026 16:36:55;7673;Maximo;Batista;Maximiliano Nievas;Maximo Batista
14137475;03/09/2026 07:11:29;3;2;0001  214444-1;05;CAMIONETA LUN 4;2094664;"SS43    ";"SANITARIOS SIONE S.R.L.                           ";VIDAL 1783;951535;"20-160         ";20-160 - MONOCOMANDO MESADA COCINA DIQUE;8;8;8;23099554;030926071128507;181454819;;;;07/28/2031 00:00:00;8;13789854;03/09/2026 07:11:28;Maximiliano;Nievas;24380156;02/09/2026 16:36:55;7673;Maximo;Batista;Maximiliano Nievas;Maximo Batista
14137475;03/09/2026 07:11:29;3;2;0001  214444-1;05;CAMIONETA LUN 4;2094664;"SS43    ";"SANITARIOS SIONE S.R.L.                           ";VIDAL 1783;951299;"17030C         ";17030C - PERCHA LINEA FABRIC CROMO;2;2;2;23099554;030926071128507;181455223;;;;11/10/2031 00:00:00;2;13789854;03/09/2026 07:11:28;Maximiliano;Nievas;24380156;02/09/2026 16:36:55;7673;Maximo;Batista;Maximiliano Nievas;Maximo Batista
14137476;03/09/2026 07:15:21;3;2;0001  214665-1;05;CAMIONETA LUN 4;2091541;"CC37    ";"COSTA CALCAGNO SRL                                ";AV. MOSCONI 2470;951606;"21100          ";21100 - ESTANTE ORGANIZADOR RECTANGULAR 25x12x7;66;66;66;23096704;030926071521932;181433596;;;;07/29/2031 00:00:00;66;13789929;03/09/2026 07:15:21;Agustin;Scirica;24377686;02/09/2026 15:37:37;7152;Mirko;Hernandez;Agustin Scirica;Mirko Hernandez
14137477;03/09/2026 07:02:51;3;2;0001  214689-1;05;CAMIONETA LUN 4;2091541;"CC37    ";"COSTA CALCAGNO SRL                                ";AV. MOSCONI 2470;954806;"AB-003         ";AB-003 - AGARRADERA ACERO INOX CROMADO 50 CM SAFE;2;2;2;23092621;030926070251414;181400137;;;;07/27/2031 00:00:00;2;13789782;03/09/2026 07:02:51;Maximiliano;Nievas;24373627;02/09/2026 14:46:23;7636;Kevin;Arce;Maximiliano Nievas;Kevin Arce
14137477;03/09/2026 07:02:51;3;2;0001  214689-1;05;CAMIONETA LUN 4;2091541;"CC37    ";"COSTA CALCAGNO SRL                                ";AV. MOSCONI 2470;954805;"AB-002         ";AB-002 - AGARRADERA ACERO INOX CROMADO 40 CM SAFE;2;2;2;23092621;030926070251414;181399802;;;;08/12/2031 00:00:00;2;13789782;03/09/2026 07:02:51;Maximiliano;Nievas;24373627;02/09/2026 14:46:23;7636;Kevin;Arce;Maximiliano Nievas;Kevin Arce
14137477;03/09/2026 07:02:51;3;2;0001  214689-1;05;CAMIONETA LUN 4;2091541;"CC37    ";"COSTA CALCAGNO SRL                                ";AV. MOSCONI 2470;954804;"AB-001         ";AB-001 - AGARRADERA ACERO INOX CROMADO 30 CM SAFE;2;2;2;23092621;030926070251414;181399667;;;;07/28/2031 00:00:00;2;13789782;03/09/2026 07:02:51;Maximiliano;Nievas;24373627;02/09/2026 14:46:23;7636;Kevin;Arce;Maximiliano Nievas;Kevin Arce
14137477;03/09/2026 07:02:51;3;2;0001  214689-1;05;CAMIONETA LUN 4;2091541;"CC37    ";"COSTA CALCAGNO SRL                                ";AV. MOSCONI 2470;953312;"83-133         ";83-133 - DUCHA EXT. C/TRANSF. MONOCOMANDO LUGO;3;3;3;23092621;030926070251414;181403188;;;;07/30/2031 00:00:00;3;13789782;03/09/2026 07:02:51;Maximiliano;Nievas;24373627;02/09/2026 14:46:23;7636;Kevin;Arce;Maximiliano Nievas;Kevin Arce
14137477;03/09/2026 07:02:51;3;2;0001  214689-1;05;CAMIONETA LUN 4;2091541;"CC37    ";"COSTA CALCAGNO SRL                                ";AV. MOSCONI 2470;952896;"70-133         ";70-133 - BIDE MONOCOMANDO LUGO;3;3;3;23092621;030926070251414;181402424;;;;07/30/2031 00:00:00;3;13789782;03/09/2026 07:02:51;Maximiliano;Nievas;24373627;02/09/2026 14:46:23;7636;Kevin;Arce;Maximiliano Nievas;Kevin Arce
14137477;03/09/2026 07:02:51;3;2;0001  214689-1;05;CAMIONETA LUN 4;2091541;"CC37    ";"COSTA CALCAGNO SRL                                ";AV. MOSCONI 2470;952618;"60-133         ";60-133 - LAVATORIO MONOCOMANDO LUGO;3;3;3;23092621;030926070251414;181403704;;;;07/29/2031 00:00:00;3;13789782;03/09/2026 07:02:51;Maximiliano;Nievas;24373627;02/09/2026 14:46:23;7636;Kevin;Arce;Maximiliano Nievas;Kevin Arce
14137477;03/09/2026 07:02:51;3;2;0001  214689-1;05;CAMIONETA LUN 4;2091541;"CC37    ";"COSTA CALCAGNO SRL                                ";AV. MOSCONI 2470;952610;"60-122         ";60-122 - LAVATORIO C.CERAM CR VALENCIA;1;1;1;23092621;030926070251414;181406872;;;;12/10/2031 00:00:00;1;13789782;03/09/2026 07:02:51;Maximiliano;Nievas;24373627;02/09/2026 14:46:23;7636;Kevin;Arce;Maximiliano Nievas;Kevin Arce
14137478;03/09/2026 07:21:29;3;2;0001  214690-1;05;CAMIONETA LUN 4;2091721;"CJ32    ";"CONLON JUAN I. -POMPEI SANITARIOS                 ";AV. CABILDO 1308;957937;"RA967          ";RA967 - CAMPANA VALENCIA - MALLORCA;1;1;1;23092622;030926072129286;181409544;;;;11/30/2031 00:00:00;1;13790023;03/09/2026 07:21:29;Maximiliano;Nievas;24373627;02/09/2026 14:46:23;7636;Kevin;Arce;Maximiliano Nievas;Kevin Arce
14137478;03/09/2026 07:21:29;3;2;0001  214690-1;05;CAMIONETA LUN 4;2091721;"CJ32    ";"CONLON JUAN I. -POMPEI SANITARIOS                 ";AV. CABILDO 1308;957550;"RA1189         ";RA1189 - SET PROLONGADOR P/VASTAGO Y CAMPANA (x3);1;1;1;23092622;030926072129286;181409359;;;;02/10/2032 00:00:00;1;13790023;03/09/2026 07:21:29;Maximiliano;Nievas;24373627;02/09/2026 14:46:23;7636;Kevin;Arce;Maximiliano Nievas;Kevin Arce
14137478;03/09/2026 07:21:29;3;2;0001  214690-1;05;CAMIONETA LUN 4;2091721;"CJ32    ";"CONLON JUAN I. -POMPEI SANITARIOS                 ";AV. CABILDO 1308;957392;"RA003          ";RA003 - CABEZAL IZQUIERDO CIERRE CERAMICO (CALIENTE);5;5;5;23092622;030926072129286;181409135;;;;09/16/2031 00:00:00;5;13790023;03/09/2026 07:21:29;Maximiliano;Nievas;24373627;02/09/2026 14:46:23;7636;Kevin;Arce;Maximiliano Nievas;Kevin Arce
14137478;03/09/2026 07:21:29;3;2;0001  214690-1;05;CAMIONETA LUN 4;2091721;"CJ32    ";"CONLON JUAN I. -POMPEI SANITARIOS                 ";AV. CABILDO 1308;957391;"RA002          ";RA002 - CABEZAL DERECHO CIERRE CERAMICO (FRIA);5;5;5;23092622;030926072129286;181408587;;;;02/01/2032 00:00:00;5;13790023;03/09/2026 07:21:29;Maximiliano;Nievas;24373627;02/09/2026 14:46:23;7636;Kevin;Arce;Maximiliano Nievas;Kevin Arce
14137478;03/09/2026 07:21:29;3;2;0001  214690-1;05;CAMIONETA LUN 4;2091721;"CJ32    ";"CONLON JUAN I. -POMPEI SANITARIOS                 ";AV. CABILDO 1308;952634;"60-162         ";60-162 - LAVATORIO CR C.CERAM LINEA ADRA;2;2;2;23092622;030926072129286;181408007;;;;07/29/2031 00:00:00;2;13790023;03/09/2026 07:21:29;Maximiliano;Nievas;24373627;02/09/2026 14:46:23;7636;Kevin;Arce;Maximiliano Nievas;Kevin Arce
14137478;03/09/2026 07:21:29;3;2;0001  214690-1;05;CAMIONETA LUN 4;2091721;"CJ32    ";"CONLON JUAN I. -POMPEI SANITARIOS                 ";AV. CABILDO 1308;951296;"17020C         ";17020C - TOALLERO DE ARO LINEA FABRIC CROMO;1;1;1;23092622;030926072129286;181404318;;;;07/30/2031 00:00:00;1;13790023;03/09/2026 07:21:29;Maximiliano;Nievas;24373627;02/09/2026 14:46:23;7636;Kevin;Arce;Maximiliano Nievas;Kevin Arce
14137479;03/09/2026 06:37:40;3;2;0001  214776-1;05;CAMIONETA LUN 4;2094664;"SS43    ";"SANITARIOS SIONE S.R.L.                           ";VIDAL 1783;951309;"17060G         ";17060G - PORTA VASO Y CEPILLO  LINEA FABRIC GOLD;1;1;1;23094095;030926063739785;181411892;;;;07/31/2031 00:00:00;1;13789625;03/09/2026 06:37:39;Maximiliano;Nievas;24375007;02/09/2026 14:51:47;7152;Mirko;Hernandez;Maximiliano Nievas;Mirko Hernandez
14137479;03/09/2026 06:37:40;3;2;0001  214776-1;05;CAMIONETA LUN 4;2094664;"SS43    ";"SANITARIOS SIONE S.R.L.                           ";VIDAL 1783;951306;"17050G         ";17050G - JABONERA  LINEA FABRIC GOLD;1;1;1;23094095;030926063739785;181411452;;;;07/29/2031 00:00:00;1;13789625;03/09/2026 06:37:39;Maximiliano;Nievas;24375007;02/09/2026 14:51:47;7152;Mirko;Hernandez;Maximiliano Nievas;Mirko Hernandez
14137479;03/09/2026 06:37:40;3;2;0001  214776-1;05;CAMIONETA LUN 4;2094664;"SS43    ";"SANITARIOS SIONE S.R.L.                           ";VIDAL 1783;951303;"17040G         ";17040G - PORTA ROLLO LINEA FABRIC GOLD;1;1;1;23094095;030926063739785;181410811;;;;07/28/2031 00:00:00;1;13789625;03/09/2026 06:37:39;Maximiliano;Nievas;24375007;02/09/2026 14:51:47;7152;Mirko;Hernandez;Maximiliano Nievas;Mirko Hernandez
14137479;03/09/2026 06:37:40;3;2;0001  214776-1;05;CAMIONETA LUN 4;2094664;"SS43    ";"SANITARIOS SIONE S.R.L.                           ";VIDAL 1783;951300;"17030G         ";17030G - PERCHA LINEA FABRIC GOLD;1;1;1;23094095;030926063739785;181410295;;;;07/29/2031 00:00:00;1;13789625;03/09/2026 06:37:39;Maximiliano;Nievas;24375007;02/09/2026 14:51:47;7152;Mirko;Hernandez;Maximiliano Nievas;Mirko Hernandez
14137479;03/09/2026 06:37:40;3;2;0001  214776-1;05;CAMIONETA LUN 4;2094664;"SS43    ";"SANITARIOS SIONE S.R.L.                           ";VIDAL 1783;951297;"17020G         ";17020G - TOALLERO DE ARO LINEA FABRIC GOLD;1;1;1;23094095;030926063739785;181411116;;;;07/29/2031 00:00:00;1;13789625;03/09/2026 06:37:39;Maximiliano;Nievas;24375007;02/09/2026 14:51:47;7152;Mirko;Hernandez;Maximiliano Nievas;Mirko Hernandez
14137479;03/09/2026 06:37:40;3;2;0001  214776-1;05;CAMIONETA LUN 4;2094664;"SS43    ";"SANITARIOS SIONE S.R.L.                           ";VIDAL 1783;951294;"17010G         ";17010G - TOALLERO BARRAL LINEA FABRIC GOLD;1;1;1;23094095;030926063739785;181411269;;;;07/27/2031 00:00:00;1;13789625;03/09/2026 06:37:39;Maximiliano;Nievas;24375007;02/09/2026 14:51:47;7152;Mirko;Hernandez;Maximiliano Nievas;Mirko Hernandez
14137480;03/09/2026 06:57:12;3;2;0001  214779-1;05;CAMIONETA LUN 4;2092473;"FG17    ";"FERNANDEZ GONZALO M.-SANITARIOS FERNANDEZ         ";AV. ANGEL GALLARDO 996;953432;"910/M          ";"910/M - JGO.MDA.P.CANO CROMO ""DIQUE""";5;5;5;23092623;030926065712297;181407443;;;;12/21/2031 00:00:00;5;13789775;03/09/2026 06:57:12;Maximiliano;Nievas;24373627;02/09/2026 14:46:23;7636;Kevin;Arce;Maximiliano Nievas;Kevin Arce
14137481;03/09/2026 06:56:27;3;2;0001  214780-1;05;CAMIONETA LUN 4;2093804;"PA29    ";"PIRILLI ALEJANDRO ANTONIO - DIECI                 ";AV. FEDERICO LACROZE 1880;952726;"61-203         ";61-203 - LAVATORIO MONOCOMANDO ALTO ADRA;1;1;1;23092624;030926065623702;181406007;;;;01/11/2032 00:00:00;1;13789773;03/09/2026 06:56:23;Maximiliano;Nievas;24373627;02/09/2026 14:46:23;7636;Kevin;Arce;Maximiliano Nievas;Kevin Arce
14137481;03/09/2026 06:56:27;3;2;0001  214780-1;05;CAMIONETA LUN 4;2093804;"PA29    ";"PIRILLI ALEJANDRO ANTONIO - DIECI                 ";AV. FEDERICO LACROZE 1880;952677;"60-203         ";60-203 - LAVATORIO MONOCOMANDO BAJO ADRA;2;2;2;23092624;030926065623702;181405890;;;;02/10/2032 00:00:00;2;13789773;03/09/2026 06:56:23;Maximiliano;Nievas;24373627;02/09/2026 14:46:23;7636;Kevin;Arce;Maximiliano Nievas;Kevin Arce
14137482;03/09/2026 06:12:19;3;2;0001  214790-1;05;CAMIONETA LUN 4;2091139;"AP11    ";"ABASTECIMIENTOS PLASTICOS S.R.L. -ABAS PLAS       ";THAMES 1416;957812;"RA1589         ";RA1589 - TORNILLO REGULACION VALVULA TEMPORIZADA 02-010;1;1;1;23094660;030926061218374;181415010;;;;10/16/2031 00:00:00;1;13789531;03/09/2026 06:12:18;Maximiliano;Nievas;24375555;02/09/2026 14:58:08;7152;Mirko;Hernandez;Maximiliano Nievas;Mirko Hernandez
14137482;03/09/2026 06:12:19;3;2;0001  214790-1;05;CAMIONETA LUN 4;2091139;"AP11    ";"ABASTECIMIENTOS PLASTICOS S.R.L. -ABAS PLAS       ";THAMES 1416;958216;"RU1260         ";RU1260 - HORQUILLA ACCIONAMIENTO VALVULA TEMPORIZADA 02-010;1;1;1;23094660;030926061218374;181414890;;;;10/16/2031 00:00:00;1;13789531;03/09/2026 06:12:18;Maximiliano;Nievas;24375555;02/09/2026 14:58:08;7152;Mirko;Hernandez;Maximiliano Nievas;Mirko Hernandez
14137483;02/09/2026 16:42:10;3;2;0001  214810-1;05;CAMIONETA LUN 4;2092032;"DB15    ";"DEL BELLO MARIELA -FERRETERIA TIENDA LUME         ";MANUELA PEDRAZA 6123;953491;"943            ";"943 - J.COCINA PARED EMB. CR ""DIQUE""";1;1;1;23092625;020926164209797;181405066;;;;07/31/2031 00:00:00;1;13786454;02/09/2026 16:42:09;Maximiliano;Nievas;24373627;02/09/2026 14:46:23;7636;Kevin;Arce;Maximiliano Nievas;Kevin Arce
14137483;02/09/2026 16:42:10;3;2;0001  214810-1;05;CAMIONETA LUN 4;2092032;"DB15    ";"DEL BELLO MARIELA -FERRETERIA TIENDA LUME         ";MANUELA PEDRAZA 6123;953110;"80-166N        ";80-166N - DUCHA EMB. C/TRANSF. BLACK C.CERAM ADRA PLUS;1;1;1;23092625;020926164209797;181406581;;;;11/25/2031 00:00:00;1;13786454;02/09/2026 16:42:09;Maximiliano;Nievas;24373627;02/09/2026 14:46:23;7636;Kevin;Arce;Maximiliano Nievas;Kevin Arce
14137483;02/09/2026 16:42:10;3;2;0001  214810-1;05;CAMIONETA LUN 4;2092032;"DB15    ";"DEL BELLO MARIELA -FERRETERIA TIENDA LUME         ";MANUELA PEDRAZA 6123;952727;"61-203N        ";"LAVATORIO MONOCOMANDO ALTO ADRA BLACK                                 ";1;1;1;23092625;020926164209797;181406234;;;;01/06/2032 00:00:00;1;13786454;02/09/2026 16:42:09;Maximiliano;Nievas;24373627;02/09/2026 14:46:23;7636;Kevin;Arce;Maximiliano Nievas;Kevin Arce
14137483;02/09/2026 16:42:10;3;2;0001  214810-1;05;CAMIONETA LUN 4;2092032;"DB15    ";"DEL BELLO MARIELA -FERRETERIA TIENDA LUME         ";MANUELA PEDRAZA 6123;952498;"54-130         ";54-130 - MONOCOMANDO COCINA PARED EXT BILBAO;1;1;1;23092625;020926164209797;181400707;;;;07/27/2031 00:00:00;1;13786454;02/09/2026 16:42:09;Maximiliano;Nievas;24373627;02/09/2026 14:46:23;7636;Kevin;Arce;Maximiliano Nievas;Kevin Arce
14137483;02/09/2026 16:42:10;3;2;0001  214810-1;05;CAMIONETA LUN 4;2092032;"DB15    ";"DEL BELLO MARIELA -FERRETERIA TIENDA LUME         ";MANUELA PEDRAZA 6123;951611;"21-160         ";"MONOCOMANDO DUO COCINA CROMO DIQUE                                    ";1;1;1;23092625;020926164209797;181401599;;;;12/14/2031 00:00:00;1;13786454;02/09/2026 16:42:09;Maximiliano;Nievas;24373627;02/09/2026 14:46:23;7636;Kevin;Arce;Maximiliano Nievas;Kevin Arce
14137484;03/09/2026 06:25:04;3;2;0001  214813-1;05;CAMIONETA LUN 4;2094911;"VA12    ";"VALEANT S.R.L.-SANITARIOS TITO                    ";AV. OLAZABAL 3636;957622;"RA1268         ";RA1268 - CAMPANA LAVATORIO / DUCHA PRADO / FABRIC CROMO;5;5;5;23094661;030926062503639;181415419;;;;11/30/2031 00:00:00;5;13789585;03/09/2026 06:25:03;Maximiliano;Nievas;24375555;02/09/2026 14:58:08;7152;Mirko;Hernandez;Maximiliano Nievas;Mirko Hernandez
14137485;03/09/2026 06:31:28;3;2;0001  214900-1;05;CAMIONETA LUN 4;2093804;"PA29    ";"PIRILLI ALEJANDRO ANTONIO - DIECI                 ";AV. FEDERICO LACROZE 1880;951530;"20-146         ";20-146 - MONOCOMANDO DE COCINA CR LINEA MOVE;2;2;2;23094096;030926063128703;181410626;;;;10/09/2031 00:00:00;2;13789621;03/09/2026 06:31:28;Maximiliano;Nievas;24375007;02/09/2026 14:51:47;7152;Mirko;Hernandez;Maximiliano Nievas;Mirko Hernandez
14141329;03/09/2026 06:46:06;3;2;0001  214937-1;05;CAMIONETA LUN 4;2094559;"SM34    ";"SANITARIOS MATRECARI S.A.                         ";RODRIGUEZ PEÑA 1516;952596;"60-100G        ";60-100G - LAVATORIO GOLD C.CERAM FABRIC;1;1;1;23098197;030926064604674;181447617;;;;11/10/2031 00:00:00;1;13789659;03/09/2026 06:46:04;Maximiliano;Nievas;24379132;02/09/2026 16:20:52;7673;Maximo;Batista;Maximiliano Nievas;Maximo Batista
14141329;03/09/2026 06:46:06;3;2;0001  214937-1;05;CAMIONETA LUN 4;2094559;"SM34    ";"SANITARIOS MATRECARI S.A.                         ";RODRIGUEZ PEÑA 1516;952723;"61-200C        ";61-200C - LAVATORIO MONOC ALTO CR FABRIC;1;1;1;23098197;030926064604674;181447186;;;;07/27/2031 00:00:00;1;13789659;03/09/2026 06:46:04;Maximiliano;Nievas;24379132;02/09/2026 16:20:52;7673;Maximo;Batista;Maximiliano Nievas;Maximo Batista
14141329;03/09/2026 06:46:06;3;2;0001  214937-1;05;CAMIONETA LUN 4;2094559;"SM34    ";"SANITARIOS MATRECARI S.A.                         ";RODRIGUEZ PEÑA 1516;952739;"62-100C        ";62-100C - LAVATORIO DE PARED CR C.CERAM FABRIC;1;1;1;23098197;030926064604674;181447777;;;;07/31/2031 00:00:00;1;13789659;03/09/2026 06:46:04;Maximiliano;Nievas;24379132;02/09/2026 16:20:52;7673;Maximo;Batista;Maximiliano Nievas;Maximo Batista
14141329;03/09/2026 06:46:06;3;2;0001  214937-1;05;CAMIONETA LUN 4;2094559;"SM34    ";"SANITARIOS MATRECARI S.A.                         ";RODRIGUEZ PEÑA 1516;952740;"62-100G        ";62-100G - LAVATORIO DE PARED GOLD C.CERAM FABRIC;1;1;1;23098197;030926064604674;181447993;;;;12/20/2031 00:00:00;1;13789659;03/09/2026 06:46:04;Maximiliano;Nievas;24379132;02/09/2026 16:20:52;7673;Maximo;Batista;Maximiliano Nievas;Maximo Batista
14141329;03/09/2026 06:46:06;3;2;0001  214937-1;05;CAMIONETA LUN 4;2094559;"SM34    ";"SANITARIOS MATRECARI S.A.                         ";RODRIGUEZ PEÑA 1516;952874;"70-100G        ";70-100G - BIDE GOLD C.CERAM FABRIC;1;1;1;23098197;030926064604674;181447727;;;;07/29/2031 00:00:00;1;13789659;03/09/2026 06:46:04;Maximiliano;Nievas;24379132;02/09/2026 16:20:52;7673;Maximo;Batista;Maximiliano Nievas;Maximo Batista
14141329;03/09/2026 06:46:06;3;2;0001  214937-1;05;CAMIONETA LUN 4;2094559;"SM34    ";"SANITARIOS MATRECARI S.A.                         ";RODRIGUEZ PEÑA 1516;953152;"80-200C        ";80-200C - DUCHA EMB. MONOC. 3 FUNCIONES CR FABRIC;2;2;2;23098197;030926064604674;181448276;;;;12/14/2031 00:00:00;2;13789659;03/09/2026 06:46:04;Maximiliano;Nievas;24379132;02/09/2026 16:20:52;7673;Maximo;Batista;Maximiliano Nievas;Maximo Batista
14141329;03/09/2026 06:46:06;3;2;0001  214937-1;05;CAMIONETA LUN 4;2094559;"SM34    ";"SANITARIOS MATRECARI S.A.                         ";RODRIGUEZ PEÑA 1516;953153;"80-200G        ";80-200G - DUCHA EMB. MONOC. 3 FUNCIONES GOLD FABRIC;1;1;1;23098197;030926064604674;181448587;;;;12/03/2031 00:00:00;1;13789659;03/09/2026 06:46:04;Maximiliano;Nievas;24379132;02/09/2026 16:20:52;7673;Maximo;Batista;Maximiliano Nievas;Maximo Batista
14141329;03/09/2026 06:46:06;3;2;0001  214937-1;05;CAMIONETA LUN 4;2094559;"SM34    ";"SANITARIOS MATRECARI S.A.                         ";RODRIGUEZ PEÑA 1516;953330;"84-180         ";84-180 - GRIFERIA DE PIE P/BAÑERA EXENTA VERA;1;1;1;23098197;030926064604674;181444549;;;;07/28/2031 00:00:00;1;13789659;03/09/2026 06:46:04;Maximiliano;Nievas;24379132;02/09/2026 16:20:52;7673;Maximo;Batista;Maximiliano Nievas;Maximo Batista
14141329;03/09/2026 06:46:06;3;2;0001  214937-1;05;CAMIONETA LUN 4;2094559;"SM34    ";"SANITARIOS MATRECARI S.A.                         ";RODRIGUEZ PEÑA 1516;957626;"RA1269G        ";RA1269G - BRAZO Y FLOR DE DUCHA FABRIC GOLD;4;4;4;23098197;030926064604674;181449000;;;;11/13/2031 00:00:00;4;13789659;03/09/2026 06:46:04;Maximiliano;Nievas;24379132;02/09/2026 16:20:52;7673;Maximo;Batista;Maximiliano Nievas;Maximo Batista
14141330;03/09/2026 07:26:01;3;2;0001  214948-1;05;CAMIONETA LUN 4;2094257;"RT04    ";"REY DEL TANQUE S.R.L.                             ";AV. DE LOS INCAS 5452;954804;"AB-001         ";AB-001 - AGARRADERA ACERO INOX CROMADO 30 CM SAFE;5;5;5;23094859;030926072556531;181416985;;;;07/28/2031 00:00:00;5;13789847;03/09/2026 07:25:56;Tiago;Rodriguez;24375773;02/09/2026 15:34:29;7673;Maximo;Batista;Tiago Rodriguez;Maximo Batista
14141330;03/09/2026 07:26:01;3;2;0001  214948-1;05;CAMIONETA LUN 4;2094257;"RT04    ";"REY DEL TANQUE S.R.L.                             ";AV. DE LOS INCAS 5452;951303;"17040G         ";17040G - PORTA ROLLO LINEA FABRIC GOLD;20;20;20;23094859;030926072556531;181427268;;;;07/28/2031 00:00:00;8;13789847;03/09/2026 07:25:56;Tiago;Rodriguez;24375773;02/09/2026 15:34:29;7673;Maximo;Batista;Tiago Rodriguez;Maximo Batista
14141330;03/09/2026 07:26:01;3;2;0001  214948-1;05;CAMIONETA LUN 4;2094257;"RT04    ";"REY DEL TANQUE S.R.L.                             ";AV. DE LOS INCAS 5452;951300;"17030G         ";17030G - PERCHA LINEA FABRIC GOLD;20;20;20;23094859;030926072556531;181428592;;;;07/29/2031 00:00:00;8;13789847;03/09/2026 07:25:56;Tiago;Rodriguez;24375773;02/09/2026 15:34:29;7673;Maximo;Batista;Tiago Rodriguez;Maximo Batista
14141330;03/09/2026 07:26:01;3;2;0001  214948-1;05;CAMIONETA LUN 4;2094257;"RT04    ";"REY DEL TANQUE S.R.L.                             ";AV. DE LOS INCAS 5452;951297;"17020G         ";17020G - TOALLERO DE ARO LINEA FABRIC GOLD;20;20;20;23094859;030926072556531;181419929;;;;07/29/2031 00:00:00;8;13789847;03/09/2026 07:25:56;Tiago;Rodriguez;24375773;02/09/2026 15:34:29;7673;Maximo;Batista;Tiago Rodriguez;Maximo Batista
14141330;03/09/2026 07:26:01;3;2;0001  214948-1;05;CAMIONETA LUN 4;2094257;"RT04    ";"REY DEL TANQUE S.R.L.                             ";AV. DE LOS INCAS 5452;954885;"BAI01NI        ";BAI01NI - BACHA EMB COCINA C/ACCESORIOS 750x450x220 NICKEL BRUSHED;5;5;5;23105951;030926070452651;181504409;;;;09/28/2031 00:00:00;1;13789852;03/09/2026 07:04:52;Tiago;Rodriguez;;;;;;Tiago Rodriguez;
14141330;03/09/2026 07:26:01;3;2;0001  214948-1;05;CAMIONETA LUN 4;2094257;"RT04    ";"REY DEL TANQUE S.R.L.                             ";AV. DE LOS INCAS 5452;954885;"BAI01NI        ";BAI01NI - BACHA EMB COCINA C/ACCESORIOS 750x450x220 NICKEL BRUSHED;5;5;5;23105961;030926070516406;181504458;;;;09/28/2031 00:00:00;1;13789859;03/09/2026 07:05:16;Tiago;Rodriguez;;;;;;Tiago Rodriguez;
14141330;03/09/2026 07:26:01;3;2;0001  214948-1;05;CAMIONETA LUN 4;2094257;"RT04    ";"REY DEL TANQUE S.R.L.                             ";AV. DE LOS INCAS 5452;954885;"BAI01NI        ";BAI01NI - BACHA EMB COCINA C/ACCESORIOS 750x450x220 NICKEL BRUSHED;5;5;5;23105967;030926070538473;181504495;;;;09/28/2031 00:00:00;1;13789863;03/09/2026 07:05:38;Tiago;Rodriguez;;;;;;Tiago Rodriguez;
14141330;03/09/2026 07:26:01;3;2;0001  214948-1;05;CAMIONETA LUN 4;2094257;"RT04    ";"REY DEL TANQUE S.R.L.                             ";AV. DE LOS INCAS 5452;954885;"BAI01NI        ";BAI01NI - BACHA EMB COCINA C/ACCESORIOS 750x450x220 NICKEL BRUSHED;5;5;5;23106020;030926070647225;181504643;;;;09/28/2031 00:00:00;1;13789879;03/09/2026 07:06:47;Tiago;Rodriguez;;;;;;Tiago Rodriguez;
14141330;03/09/2026 07:26:01;3;2;0001  214948-1;05;CAMIONETA LUN 4;2094257;"RT04    ";"REY DEL TANQUE S.R.L.                             ";AV. DE LOS INCAS 5452;951116;"12006          ";"SET DE 6 PIEZAS LINEA 12000                                           ";10;10;10;23106050;030926070800589;181422865;;;;07/30/2031 00:00:00;10;13789891;03/09/2026 07:08:00;Tiago;Rodriguez;;;;;;Tiago Rodriguez;
14141330;03/09/2026 07:26:01;3;2;0001  214948-1;05;CAMIONETA LUN 4;2094257;"RT04    ";"REY DEL TANQUE S.R.L.                             ";AV. DE LOS INCAS 5452;951485;"20-100G        ";20-100G - MONOCOMANDO DE COCINA FABRIC GOLD;5;5;5;23106134;030926071036183;181421242;;;;07/27/2031 00:00:00;5;13789916;03/09/2026 07:10:36;Tiago;Rodriguez;;;;;;Tiago Rodriguez;
14141330;03/09/2026 07:26:01;3;2;0001  214948-1;05;CAMIONETA LUN 4;2094257;"RT04    ";"REY DEL TANQUE S.R.L.                             ";AV. DE LOS INCAS 5452;951653;"22-178         ";22-178 - MONOCOMANDO DE COCINA P/AGUA FILTRADA VITA;8;8;8;23106151;030926071105397;181425529;;;;12/23/2031 00:00:00;8;13789920;03/09/2026 07:11:05;Tiago;Rodriguez;;;;;;Tiago Rodriguez;
14141330;03/09/2026 07:26:01;3;2;0001  214948-1;05;CAMIONETA LUN 4;2094257;"RT04    ";"REY DEL TANQUE S.R.L.                             ";AV. DE LOS INCAS 5452;951565;"20-205         ";20-205 - MONOCOMANDO DE COCINA STEEL;10;10;10;23106187;030926071235179;181420585;;;;07/28/2031 00:00:00;10;13789936;03/09/2026 07:12:35;Tiago;Rodriguez;;;;;;Tiago Rodriguez;
14141330;03/09/2026 07:26:01;3;2;0001  214948-1;05;CAMIONETA LUN 4;2094257;"RT04    ";"REY DEL TANQUE S.R.L.                             ";AV. DE LOS INCAS 5452;951553;"20-184         ";"MONOCOMANDO DE COCINA CR SUV                                          ";20;20;20;23106214;030926071316697;181505752;;;;10/04/2031 00:00:00;10;13789945;03/09/2026 07:13:16;Tiago;Rodriguez;;;;;;Tiago Rodriguez;
14141330;03/09/2026 07:26:01;3;2;0001  214948-1;05;CAMIONETA LUN 4;2094257;"RT04    ";"REY DEL TANQUE S.R.L.                             ";AV. DE LOS INCAS 5452;951553;"20-184         ";"MONOCOMANDO DE COCINA CR SUV                                          ";20;20;20;23106226;030926071356462;181418641;;;;10/04/2031 00:00:00;10;13789951;03/09/2026 07:13:56;Tiago;Rodriguez;;;;;;Tiago Rodriguez;
14141330;03/09/2026 07:26:01;3;2;0001  214948-1;05;CAMIONETA LUN 4;2094257;"RT04    ";"REY DEL TANQUE S.R.L.                             ";AV. DE LOS INCAS 5452;951545;"20-172         ";20-172 - COCINA MESADA MONOC. COLORS NEGRO;6;6;6;23106251;030926071455042;181418040;;;;07/28/2031 00:00:00;6;13789968;03/09/2026 07:14:55;Tiago;Rodriguez;;;;;;Tiago Rodriguez;
14141330;03/09/2026 07:26:01;3;2;0001  214948-1;05;CAMIONETA LUN 4;2094257;"RT04    ";"REY DEL TANQUE S.R.L.                             ";AV. DE LOS INCAS 5452;951303;"17040G         ";17040G - PORTA ROLLO LINEA FABRIC GOLD;20;20;20;23106283;030926071546362;181506241;;;;07/28/2031 00:00:00;12;13789979;03/09/2026 07:15:46;Tiago;Rodriguez;;;;;;Tiago Rodriguez;
14141330;03/09/2026 07:26:01;3;2;0001  214948-1;05;CAMIONETA LUN 4;2094257;"RT04    ";"REY DEL TANQUE S.R.L.                             ";AV. DE LOS INCAS 5452;951300;"17030G         ";17030G - PERCHA LINEA FABRIC GOLD;20;20;20;23106309;030926071636352;181506401;;;;07/29/2031 00:00:00;12;13789987;03/09/2026 07:16:36;Tiago;Rodriguez;;;;;;Tiago Rodriguez;
14141330;03/09/2026 07:26:01;3;2;0001  214948-1;05;CAMIONETA LUN 4;2094257;"RT04    ";"REY DEL TANQUE S.R.L.                             ";AV. DE LOS INCAS 5452;951297;"17020G         ";17020G - TOALLERO DE ARO LINEA FABRIC GOLD;20;20;20;23106332;030926071729233;181506569;;;;07/29/2031 00:00:00;12;13789994;03/09/2026 07:17:29;Tiago;Rodriguez;;;;;;Tiago Rodriguez;
14141330;03/09/2026 07:26:01;3;2;0001  214948-1;05;CAMIONETA LUN 4;2094257;"RT04    ";"REY DEL TANQUE S.R.L.                             ";AV. DE LOS INCAS 5452;954885;"BAI01NI        ";BAI01NI - BACHA EMB COCINA C/ACCESORIOS 750x450x220 NICKEL BRUSHED;5;5;5;23106406;030926072125120;181430106;;;;09/28/2031 00:00:00;1;13790038;03/09/2026 07:21:25;Tiago;Rodriguez;;;;;;Tiago Rodriguez;
14141376;03/09/2026 10:33:26;3;2;0001  214883-1;05;CAMIONETA LUN 3;2093090;"KI01    ";"KONECTA INSUMOS SANITARIOS S.R.L.                 ";AV. BENAVIDEZ 3591;951528;"20-140         ";20-140 - MONOCOMANDO DE COCINA LINEA CUINA;5;5;5;23106372;030926103326058;181508411;;;;10/07/2031 00:00:00;5;13794713;03/09/2026 10:33:26;Maximiliano;Nievas;24386619;03/09/2026 07:29:49;7152;Mirko;Hernandez;Maximiliano Nievas;Mirko Hernandez
14141376;03/09/2026 10:33:26;3;2;0001  214883-1;05;CAMIONETA LUN 3;2093090;"KI01    ";"KONECTA INSUMOS SANITARIOS S.R.L.                 ";AV. BENAVIDEZ 3591;951536;"20-162         ";20-162 - MONOCOMANDO COCINA ADRA;10;10;10;23106372;030926103326058;181508098;;;;07/28/2031 00:00:00;10;13794713;03/09/2026 10:33:26;Maximiliano;Nievas;24386619;03/09/2026 07:29:49;7152;Mirko;Hernandez;Maximiliano Nievas;Mirko Hernandez
14141376;03/09/2026 10:33:26;3;2;0001  214883-1;05;CAMIONETA LUN 3;2093090;"KI01    ";"KONECTA INSUMOS SANITARIOS S.R.L.                 ";AV. BENAVIDEZ 3591;951547;"20-174         ";20-174 - COCINA MESADA MONOC. COLORS BLACK;5;5;5;23106372;030926103326058;181508873;;;;07/28/2031 00:00:00;5;13794713;03/09/2026 10:33:26;Maximiliano;Nievas;24386619;03/09/2026 07:29:49;7152;Mirko;Hernandez;Maximiliano Nievas;Mirko Hernandez
14141376;03/09/2026 10:33:26;3;2;0001  214883-1;05;CAMIONETA LUN 3;2093090;"KI01    ";"KONECTA INSUMOS SANITARIOS S.R.L.                 ";AV. BENAVIDEZ 3591;953107;"80-162         ";80-162 - DUCHA EMB. C/TRANSF. CR C.CERAM ADRA;4;4;4;23106372;030926103326058;181507836;;;;07/29/2031 00:00:00;4;13794713;03/09/2026 10:33:26;Maximiliano;Nievas;24386619;03/09/2026 07:29:49;7152;Mirko;Hernandez;Maximiliano Nievas;Mirko Hernandez
14141378;03/09/2026 12:00:58;3;2;0001  214915-1;05;CAMIONETA LUN 3;2094499;"SJ04    ";"SANITARIOS JOSE C. PAZ S A E F                    ";HIPOLITO YRIGOYEN 1206;951112;"12003          ";"SET DE 3 PIEZAS LINEA 12000                                           ";2;2;2;23106356;030926120057832;181511479;;;;08/12/2031 00:00:00;2;13797486;03/09/2026 12:00:57;Maximiliano;Nievas;24386603;03/09/2026 07:44:04;7767;Leandro;Cantero;Maximiliano Nievas;Leandro Cantero
14141378;03/09/2026 12:00:58;3;2;0001  214915-1;05;CAMIONETA LUN 3;2094499;"SJ04    ";"SANITARIOS JOSE C. PAZ S A E F                    ";HIPOLITO YRIGOYEN 1206;951512;"20-122         ";"MONOCOMANDO COCINA CR C/PICO EXTRAIBLE VALENCIA                       ";6;6;6;23106356;030926120057832;181508178;;;;08/06/2031 00:00:00;6;13797486;03/09/2026 12:00:57;Maximiliano;Nievas;24386603;03/09/2026 07:44:04;7767;Leandro;Cantero;Maximiliano Nievas;Leandro Cantero
14141378;03/09/2026 12:00:58;3;2;0001  214915-1;05;CAMIONETA LUN 3;2094499;"SJ04    ";"SANITARIOS JOSE C. PAZ S A E F                    ";HIPOLITO YRIGOYEN 1206;951523;"20-134         ";20-134 - MONOCOMANDO COCINA BETIS;12;12;12;23106356;030926120057832;181510116;;;;08/11/2031 00:00:00;12;13797486;03/09/2026 12:00:57;Maximiliano;Nievas;24386603;03/09/2026 07:44:04;7767;Leandro;Cantero;Maximiliano Nievas;Leandro Cantero
14141378;03/09/2026 12:00:58;3;2;0001  214915-1;05;CAMIONETA LUN 3;2094499;"SJ04    ";"SANITARIOS JOSE C. PAZ S A E F                    ";HIPOLITO YRIGOYEN 1206;951530;"20-146         ";20-146 - MONOCOMANDO DE COCINA CR LINEA MOVE;12;12;12;23106356;030926120057832;181509025;;;;10/09/2031 00:00:00;12;13797486;03/09/2026 12:00:57;Maximiliano;Nievas;24386603;03/09/2026 07:44:04;7767;Leandro;Cantero;Maximiliano Nievas;Leandro Cantero
14141378;03/09/2026 12:00:58;3;2;0001  214915-1;05;CAMIONETA LUN 3;2094499;"SJ04    ";"SANITARIOS JOSE C. PAZ S A E F                    ";HIPOLITO YRIGOYEN 1206;951531;"20-146N        ";20-146N - MONOCOMANDO DE COCINA BLACK LINEA MOVE;6;6;6;23106356;030926120057832;181508843;;;;07/30/2031 00:00:00;6;13797486;03/09/2026 12:00:57;Maximiliano;Nievas;24386603;03/09/2026 07:44:04;7767;Leandro;Cantero;Maximiliano Nievas;Leandro Cantero
14141378;03/09/2026 12:00:58;3;2;0001  214915-1;05;CAMIONETA LUN 3;2094499;"SJ04    ";"SANITARIOS JOSE C. PAZ S A E F                    ";HIPOLITO YRIGOYEN 1206;951535;"20-160         ";20-160 - MONOCOMANDO MESADA COCINA DIQUE;16;16;16;23106356;030926120057832;181509203;;;;07/28/2031 00:00:00;16;13797486;03/09/2026 12:00:57;Maximiliano;Nievas;24386603;03/09/2026 07:44:04;7767;Leandro;Cantero;Maximiliano Nievas;Leandro Cantero
14141378;03/09/2026 12:00:58;3;2;0001  214915-1;05;CAMIONETA LUN 3;2094499;"SJ04    ";"SANITARIOS JOSE C. PAZ S A E F                    ";HIPOLITO YRIGOYEN 1206;951748;"3006           ";3006 - SET DE 6 PIEZAS LINEA 3000;10;10;10;23106356;030926120057832;181509783;;;;07/29/2031 00:00:00;10;13797486;03/09/2026 12:00:57;Maximiliano;Nievas;24386603;03/09/2026 07:44:04;7767;Leandro;Cantero;Maximiliano Nievas;Leandro Cantero
14141378;03/09/2026 12:00:58;3;2;0001  214915-1;05;CAMIONETA LUN 3;2094499;"SJ04    ";"SANITARIOS JOSE C. PAZ S A E F                    ";HIPOLITO YRIGOYEN 1206;952499;"54-203         ";"COCINA PARED EXT C.CERAM ADRA MONOCOMANDO                             ";2;2;2;23106356;030926120057832;181510239;;;;11/23/2031 00:00:00;2;13797486;03/09/2026 12:00:57;Maximiliano;Nievas;24386603;03/09/2026 07:44:04;7767;Leandro;Cantero;Maximiliano Nievas;Leandro Cantero
14141378;03/09/2026 12:00:58;3;2;0001  214915-1;05;CAMIONETA LUN 3;2094499;"SJ04    ";"SANITARIOS JOSE C. PAZ S A E F                    ";HIPOLITO YRIGOYEN 1206;952618;"60-133         ";60-133 - LAVATORIO MONOCOMANDO LUGO;12;12;12;23106356;030926120057832;181509401;;;;07/29/2031 00:00:00;12;13797486;03/09/2026 12:00:57;Maximiliano;Nievas;24386603;03/09/2026 07:44:04;7767;Leandro;Cantero;Maximiliano Nievas;Leandro Cantero
14141378;03/09/2026 12:00:58;3;2;0001  214915-1;05;CAMIONETA LUN 3;2094499;"SJ04    ";"SANITARIOS JOSE C. PAZ S A E F                    ";HIPOLITO YRIGOYEN 1206;952647;"60-176         ";"LAVATORIO MONOCOMANDO BAJO CR RIO                                     ";1;1;1;23106356;030926120057832;181507440;;;;10/11/2031 00:00:00;1;13797486;03/09/2026 12:00:57;Maximiliano;Nievas;24386603;03/09/2026 07:44:04;7767;Leandro;Cantero;Maximiliano Nievas;Leandro Cantero
14141378;03/09/2026 12:00:58;3;2;0001  214915-1;05;CAMIONETA LUN 3;2094499;"SJ04    ";"SANITARIOS JOSE C. PAZ S A E F                    ";HIPOLITO YRIGOYEN 1206;952650;"60-180         ";60-180 - LAVATORIO MONOCOMANDO BAJO VERA;2;2;2;23106356;030926120057832;181507749;;;;07/28/2031 00:00:00;2;13797486;03/09/2026 12:00:57;Maximiliano;Nievas;24386603;03/09/2026 07:44:04;7767;Leandro;Cantero;Maximiliano Nievas;Leandro Cantero
14141378;03/09/2026 12:00:58;3;2;0001  214915-1;05;CAMIONETA LUN 3;2094499;"SJ04    ";"SANITARIOS JOSE C. PAZ S A E F                    ";HIPOLITO YRIGOYEN 1206;952713;"61-176N        ";61-176N - LAVATORIO MONOC ALTO BLACK RIO;8;8;8;23106356;030926120057832;181507347;;;;07/29/2031 00:00:00;8;13797486;03/09/2026 12:00:57;Maximiliano;Nievas;24386603;03/09/2026 07:44:04;7767;Leandro;Cantero;Maximiliano Nievas;Leandro Cantero
14141378;03/09/2026 12:00:58;3;2;0001  214915-1;05;CAMIONETA LUN 3;2094499;"SJ04    ";"SANITARIOS JOSE C. PAZ S A E F                    ";HIPOLITO YRIGOYEN 1206;953063;"8006           ";8006 - SET DE 6 PIEZAS LINEA 8000;10;10;10;23106356;030926120057832;181508321;;;;07/29/2031 00:00:00;10;13797486;03/09/2026 12:00:57;Maximiliano;Nievas;24386603;03/09/2026 07:44:04;7767;Leandro;Cantero;Maximiliano Nievas;Leandro Cantero
14141378;03/09/2026 12:00:58;3;2;0001  214915-1;05;CAMIONETA LUN 3;2094499;"SJ04    ";"SANITARIOS JOSE C. PAZ S A E F                    ";HIPOLITO YRIGOYEN 1206;953312;"83-133         ";83-133 - DUCHA EXT. C/TRANSF. MONOCOMANDO LUGO;6;6;6;23106356;030926120057832;181509337;;;;07/30/2031 00:00:00;6;13797486;03/09/2026 12:00:57;Maximiliano;Nievas;24386603;03/09/2026 07:44:04;7767;Leandro;Cantero;Maximiliano Nievas;Leandro Cantero
14141378;03/09/2026 12:00:58;3;2;0001  214915-1;05;CAMIONETA LUN 3;2094499;"SJ04    ";"SANITARIOS JOSE C. PAZ S A E F                    ";HIPOLITO YRIGOYEN 1206;953317;"83-176N        ";83-176N - DUCHA EXT. C/TRANSF. MONOC BLACK RIO;3;3;3;23106356;030926120057832;181507559;;;;07/29/2031 00:00:00;3;13797486;03/09/2026 12:00:57;Maximiliano;Nievas;24386603;03/09/2026 07:44:04;7767;Leandro;Cantero;Maximiliano Nievas;Leandro Cantero
14141378;03/09/2026 12:00:58;3;2;0001  214915-1;05;CAMIONETA LUN 3;2094499;"SJ04    ";"SANITARIOS JOSE C. PAZ S A E F                    ";HIPOLITO YRIGOYEN 1206;954648;"A813           ";A813 - DUCHA C/BRAZO Y CAMPANA CR 3 FUNCIONES;7;7;7;23106356;030926120057832;181510648;;;;07/27/2031 00:00:00;7;13797486;03/09/2026 12:00:57;Maximiliano;Nievas;24386603;03/09/2026 07:44:04;7767;Leandro;Cantero;Maximiliano Nievas;Leandro Cantero
14141378;03/09/2026 12:00:58;3;2;0001  214915-1;05;CAMIONETA LUN 3;2094499;"SJ04    ";"SANITARIOS JOSE C. PAZ S A E F                    ";HIPOLITO YRIGOYEN 1206;954650;"A815           ";"A815 - DUCHA 8"" C/BRAZO Y CAMPANA CR";7;7;7;23106356;030926120057832;181511156;;;;07/28/2031 00:00:00;7;13797486;03/09/2026 12:00:57;Maximiliano;Nievas;24386603;03/09/2026 07:44:04;7767;Leandro;Cantero;Maximiliano Nievas;Leandro Cantero
14141378;03/09/2026 12:00:58;3;2;0001  214915-1;05;CAMIONETA LUN 3;2094499;"SJ04    ";"SANITARIOS JOSE C. PAZ S A E F                    ";HIPOLITO YRIGOYEN 1206;954651;"A816           ";"A816 - DUCHA 6"" C/BRAZO Y CAMPANA CR";5;5;5;23106356;030926120057832;181511356;;;;07/27/2031 00:00:00;5;13797486;03/09/2026 12:00:57;Maximiliano;Nievas;24386603;03/09/2026 07:44:04;7767;Leandro;Cantero;Maximiliano Nievas;Leandro Cantero
14141379;03/09/2026 12:31:50;3;2;0001  214916-1;05;CAMIONETA LUN 3;2094499;"SJ04    ";"SANITARIOS JOSE C. PAZ S A E F                    ";HIPOLITO YRIGOYEN 1206;951543;"20-170         ";20-170 - COCINA MESADA MONOC. COLORS AZUL;6;6;6;23105418;030926033148279;181501679;;;;07/27/2031 00:00:00;6;13798641;03/09/2026 12:31:48;Mirko;Hernandez;24385675;03/09/2026 06:36:44;6867;Javier;Lescano;Mirko Hernandez;Javier Lescano
14141383;03/09/2026 07:41:58;3;2;0008    2883-1;05;CAMIONETA LUN 3;2094499;"SJ04    ";"SANITARIOS JOSE C. PAZ S A E F                    ";HIPOLITO YRIGOYEN 1206;952582;"60-057         ";60-057 - LAVATORIO C.STD VERIN PLUS;29;29;29;23105578;030926074157601;181504104;;;;01/06/2032 00:00:00;4;13790001;03/09/2026 07:41:57;Agustin;Scirica;24385939;03/09/2026 07:14:32;7767;Leandro;Cantero;Agustin Scirica;Leandro Cantero
14141383;03/09/2026 07:41:58;3;2;0008    2883-1;05;CAMIONETA LUN 3;2094499;"SJ04    ";"SANITARIOS JOSE C. PAZ S A E F                    ";HIPOLITO YRIGOYEN 1206;953107;"80-162         ";80-162 - DUCHA EMB. C/TRANSF. CR C.CERAM ADRA;5;5;5;23105578;030926074157601;181505726;;;;07/29/2031 00:00:00;2;13790001;03/09/2026 07:41:57;Agustin;Scirica;24385939;03/09/2026 07:14:32;7767;Leandro;Cantero;Agustin Scirica;Leandro Cantero
14141383;03/09/2026 07:41:58;3;2;0008    2883-1;05;CAMIONETA LUN 3;2094499;"SJ04    ";"SANITARIOS JOSE C. PAZ S A E F                    ";HIPOLITO YRIGOYEN 1206;953059;"80-057         ";80-057 - DUCHA EMB. C/TRANSF. C.STD VERIN PLUS;19;19;19;23105578;030926074157601;181505235;;;;01/04/2032 00:00:00;1;13790001;03/09/2026 07:41:57;Agustin;Scirica;24385939;03/09/2026 07:14:32;7767;Leandro;Cantero;Agustin Scirica;Leandro Cantero
14141383;03/09/2026 07:41:58;3;2;0008    2883-1;05;CAMIONETA LUN 3;2094499;"SJ04    ";"SANITARIOS JOSE C. PAZ S A E F                    ";HIPOLITO YRIGOYEN 1206;953107;"80-162         ";80-162 - DUCHA EMB. C/TRANSF. CR C.CERAM ADRA;5;5;5;23106549;030926072704383;181508374;;;;07/29/2031 00:00:00;1;13790101;03/09/2026 07:27:04;Agustin;Scirica;;;;;;Agustin Scirica;
14141383;03/09/2026 07:41:58;3;2;0008    2883-1;05;CAMIONETA LUN 3;2094499;"SJ04    ";"SANITARIOS JOSE C. PAZ S A E F                    ";HIPOLITO YRIGOYEN 1206;953059;"80-057         ";80-057 - DUCHA EMB. C/TRANSF. C.STD VERIN PLUS;19;19;19;23106549;030926072704383;181508373;;;;01/04/2032 00:00:00;4;13790101;03/09/2026 07:27:04;Agustin;Scirica;;;;;;Agustin Scirica;
14141383;03/09/2026 07:41:58;3;2;0008    2883-1;05;CAMIONETA LUN 3;2094499;"SJ04    ";"SANITARIOS JOSE C. PAZ S A E F                    ";HIPOLITO YRIGOYEN 1206;952860;"70-057         ";70-057 - BIDE C.STD VERIN PLUS;7;7;7;23106549;030926072704383;181508372;;;;01/11/2032 00:00:00;5;13790101;03/09/2026 07:27:04;Agustin;Scirica;;;;;;Agustin Scirica;
14141383;03/09/2026 07:41:58;3;2;0008    2883-1;05;CAMIONETA LUN 3;2094499;"SJ04    ";"SANITARIOS JOSE C. PAZ S A E F                    ";HIPOLITO YRIGOYEN 1206;952582;"60-057         ";60-057 - LAVATORIO C.STD VERIN PLUS;29;29;29;23106549;030926072704383;181508371;;;;01/06/2032 00:00:00;5;13790101;03/09/2026 07:27:04;Agustin;Scirica;;;;;;Agustin Scirica;
14141383;03/09/2026 07:41:58;3;2;0008    2883-1;05;CAMIONETA LUN 3;2094499;"SJ04    ";"SANITARIOS JOSE C. PAZ S A E F                    ";HIPOLITO YRIGOYEN 1206;952860;"70-057         ";70-057 - BIDE C.STD VERIN PLUS;7;7;7;23106558;030926072725165;181508450;;;;01/11/2032 00:00:00;1;13790106;03/09/2026 07:27:25;Agustin;Scirica;;;;;;Agustin Scirica;
14141383;03/09/2026 07:41:58;3;2;0008    2883-1;05;CAMIONETA LUN 3;2094499;"SJ04    ";"SANITARIOS JOSE C. PAZ S A E F                    ";HIPOLITO YRIGOYEN 1206;953059;"80-057         ";80-057 - DUCHA EMB. C/TRANSF. C.STD VERIN PLUS;19;19;19;23106558;030926072725165;181508451;;;;01/04/2032 00:00:00;3;13790106;03/09/2026 07:27:25;Agustin;Scirica;;;;;;Agustin Scirica;
14141383;03/09/2026 07:41:58;3;2;0008    2883-1;05;CAMIONETA LUN 3;2094499;"SJ04    ";"SANITARIOS JOSE C. PAZ S A E F                    ";HIPOLITO YRIGOYEN 1206;953107;"80-162         ";80-162 - DUCHA EMB. C/TRANSF. CR C.CERAM ADRA;5;5;5;23106558;030926072725165;181508452;;;;07/29/2031 00:00:00;1;13790106;03/09/2026 07:27:25;Agustin;Scirica;;;;;;Agustin Scirica;
14141383;03/09/2026 07:41:58;3;2;0008    2883-1;05;CAMIONETA LUN 3;2094499;"SJ04    ";"SANITARIOS JOSE C. PAZ S A E F                    ";HIPOLITO YRIGOYEN 1206;952582;"60-057         ";60-057 - LAVATORIO C.STD VERIN PLUS;29;29;29;23106575;030926072801054;181508563;;;;01/06/2032 00:00:00;10;13790114;03/09/2026 07:28:01;Agustin;Scirica;;;;;;Agustin Scirica;
14141383;03/09/2026 07:41:58;3;2;0008    2883-1;05;CAMIONETA LUN 3;2094499;"SJ04    ";"SANITARIOS JOSE C. PAZ S A E F                    ";HIPOLITO YRIGOYEN 1206;951568;"203            ";"203 - LAVATORIO CROMO ""DIQUE""";5;5;5;23106587;030926072844932;181508704;;;;01/11/2032 00:00:00;2;13790120;03/09/2026 07:28:44;Agustin;Scirica;;;;;;Agustin Scirica;
14141383;03/09/2026 07:41:58;3;2;0008    2883-1;05;CAMIONETA LUN 3;2094499;"SJ04    ";"SANITARIOS JOSE C. PAZ S A E F                    ";HIPOLITO YRIGOYEN 1206;953324;"835            ";835 - JGO.MDA. P.FUNDIDO CR MURCIA;12;12;12;23106587;030926072844932;181508705;;;;07/29/2031 00:00:00;4;13790120;03/09/2026 07:28:44;Agustin;Scirica;;;;;;Agustin Scirica;
14141383;03/09/2026 07:41:58;3;2;0008    2883-1;05;CAMIONETA LUN 3;2094499;"SJ04    ";"SANITARIOS JOSE C. PAZ S A E F                    ";HIPOLITO YRIGOYEN 1206;953432;"910/M          ";"910/M - JGO.MDA.P.CANO CROMO ""DIQUE""";21;21;21;23106587;030926072844932;181508706;;;;12/21/2031 00:00:00;4;13790120;03/09/2026 07:28:44;Agustin;Scirica;;;;;;Agustin Scirica;
14141383;03/09/2026 07:41:58;3;2;0008    2883-1;05;CAMIONETA LUN 3;2094499;"SJ04    ";"SANITARIOS JOSE C. PAZ S A E F                    ";HIPOLITO YRIGOYEN 1206;953060;"80-058         ";80-058 - DUCHA EMB. C/TRANSF. CR C.STD MALBA;11;11;11;23106607;030926072924101;181508826;;;;01/06/2032 00:00:00;1;13790130;03/09/2026 07:29:24;Agustin;Scirica;;;;;;Agustin Scirica;
14141383;03/09/2026 07:41:58;3;2;0008    2883-1;05;CAMIONETA LUN 3;2094499;"SJ04    ";"SANITARIOS JOSE C. PAZ S A E F                    ";HIPOLITO YRIGOYEN 1206;953432;"910/M          ";"910/M - JGO.MDA.P.CANO CROMO ""DIQUE""";21;21;21;23106607;030926072924101;181508827;;;;12/21/2031 00:00:00;4;13790130;03/09/2026 07:29:24;Agustin;Scirica;;;;;;Agustin Scirica;
14141383;03/09/2026 07:41:58;3;2;0008    2883-1;05;CAMIONETA LUN 3;2094499;"SJ04    ";"SANITARIOS JOSE C. PAZ S A E F                    ";HIPOLITO YRIGOYEN 1206;952862;"70-058         ";70-058 - BIDE CR C.STD MALBA;9;9;9;23106607;030926072924101;181508825;;;;10/20/2031 00:00:00;5;13790130;03/09/2026 07:29:24;Agustin;Scirica;;;;;;Agustin Scirica;
14141383;03/09/2026 07:41:58;3;2;0008    2883-1;05;CAMIONETA LUN 3;2094499;"SJ04    ";"SANITARIOS JOSE C. PAZ S A E F                    ";HIPOLITO YRIGOYEN 1206;953060;"80-058         ";80-058 - DUCHA EMB. C/TRANSF. CR C.STD MALBA;11;11;11;23106702;030926073233587;181509440;;;;01/06/2032 00:00:00;2;13790167;03/09/2026 07:32:33;Agustin;Scirica;;;;;;Agustin Scirica;
14141383;03/09/2026 07:41:58;3;2;0008    2883-1;05;CAMIONETA LUN 3;2094499;"SJ04    ";"SANITARIOS JOSE C. PAZ S A E F                    ";HIPOLITO YRIGOYEN 1206;953432;"910/M          ";"910/M - JGO.MDA.P.CANO CROMO ""DIQUE""";21;21;21;23106702;030926073233587;181509441;;;;12/21/2031 00:00:00;4;13790167;03/09/2026 07:32:33;Agustin;Scirica;;;;;;Agustin Scirica;
14141383;03/09/2026 07:41:58;3;2;0008    2883-1;05;CAMIONETA LUN 3;2094499;"SJ04    ";"SANITARIOS JOSE C. PAZ S A E F                    ";HIPOLITO YRIGOYEN 1206;952862;"70-058         ";70-058 - BIDE CR C.STD MALBA;9;9;9;23106702;030926073233587;181503850;;;;10/20/2031 00:00:00;4;13790167;03/09/2026 07:32:33;Agustin;Scirica;;;;;;Agustin Scirica;
14141383;03/09/2026 07:41:58;3;2;0008    2883-1;05;CAMIONETA LUN 3;2094499;"SJ04    ";"SANITARIOS JOSE C. PAZ S A E F                    ";HIPOLITO YRIGOYEN 1206;952912;"70-162         ";70-162 - BIDE CR C.CERAM LINEA ADRA;10;10;10;23106713;030926073307419;181505572;;;;07/29/2031 00:00:00;10;13790176;03/09/2026 07:33:07;Agustin;Scirica;;;;;;Agustin Scirica;
14141383;03/09/2026 07:41:58;3;2;0008    2883-1;05;CAMIONETA LUN 3;2094499;"SJ04    ";"SANITARIOS JOSE C. PAZ S A E F                    ";HIPOLITO YRIGOYEN 1206;952582;"60-057         ";60-057 - LAVATORIO C.STD VERIN PLUS;29;29;29;23106751;030926073344398;181509664;;;;01/06/2032 00:00:00;10;13790190;03/09/2026 07:33:44;Agustin;Scirica;;;;;;Agustin Scirica;
14141383;03/09/2026 07:41:58;3;2;0008    2883-1;05;CAMIONETA LUN 3;2094499;"SJ04    ";"SANITARIOS JOSE C. PAZ S A E F                    ";HIPOLITO YRIGOYEN 1206;953060;"80-058         ";80-058 - DUCHA EMB. C/TRANSF. CR C.STD MALBA;11;11;11;23106762;030926073417376;181509776;;;;01/06/2032 00:00:00;2;13790204;03/09/2026 07:34:17;Agustin;Scirica;;;;;;Agustin Scirica;
14141383;03/09/2026 07:41:58;3;2;0008    2883-1;05;CAMIONETA LUN 3;2094499;"SJ04    ";"SANITARIOS JOSE C. PAZ S A E F                    ";HIPOLITO YRIGOYEN 1206;953432;"910/M          ";"910/M - JGO.MDA.P.CANO CROMO ""DIQUE""";21;21;21;23106762;030926073417376;181509777;;;;12/21/2031 00:00:00;8;13790204;03/09/2026 07:34:17;Agustin;Scirica;;;;;;Agustin Scirica;
14141383;03/09/2026 07:41:58;3;2;0008    2883-1;05;CAMIONETA LUN 3;2094499;"SJ04    ";"SANITARIOS JOSE C. PAZ S A E F                    ";HIPOLITO YRIGOYEN 1206;953474;"933            ";933 - JGO PARED C/EXT CR DIQUE;6;6;6;23106785;030926073457391;181502808;;;;01/07/2032 00:00:00;6;13790218;03/09/2026 07:34:57;Agustin;Scirica;;;;;;Agustin Scirica;
14141383;03/09/2026 07:41:58;3;2;0008    2883-1;05;CAMIONETA LUN 3;2094499;"SJ04    ";"SANITARIOS JOSE C. PAZ S A E F                    ";HIPOLITO YRIGOYEN 1206;953432;"910/M          ";"910/M - JGO.MDA.P.CANO CROMO ""DIQUE""";21;21;21;23106785;030926073457391;181503456;;;;12/21/2031 00:00:00;1;13790218;03/09/2026 07:34:57;Agustin;Scirica;;;;;;Agustin Scirica;
14141383;03/09/2026 07:41:58;3;2;0008    2883-1;05;CAMIONETA LUN 3;2094499;"SJ04    ";"SANITARIOS JOSE C. PAZ S A E F                    ";HIPOLITO YRIGOYEN 1206;951620;"214/CR         ";214/CR - LAVATORIO CR/CR ARES;2;2;2;23106785;030926073457391;181502946;;;;01/27/2032 00:00:00;2;13790218;03/09/2026 07:34:57;Agustin;Scirica;;;;;;Agustin Scirica;
14141383;03/09/2026 07:41:58;3;2;0008    2883-1;05;CAMIONETA LUN 3;2094499;"SJ04    ";"SANITARIOS JOSE C. PAZ S A E F                    ";HIPOLITO YRIGOYEN 1206;951568;"203            ";"203 - LAVATORIO CROMO ""DIQUE""";5;5;5;23106785;030926073457391;181509906;;;;01/11/2032 00:00:00;1;13790218;03/09/2026 07:34:57;Agustin;Scirica;;;;;;Agustin Scirica;
14141383;03/09/2026 07:41:58;3;2;0008    2883-1;05;CAMIONETA LUN 3;2094499;"SJ04    ";"SANITARIOS JOSE C. PAZ S A E F                    ";HIPOLITO YRIGOYEN 1206;953059;"80-057         ";80-057 - DUCHA EMB. C/TRANSF. C.STD VERIN PLUS;19;19;19;23106801;030926073543366;181510072;;;;01/04/2032 00:00:00;10;13790226;03/09/2026 07:35:43;Agustin;Scirica;;;;;;Agustin Scirica;
14141383;03/09/2026 07:41:58;3;2;0008    2883-1;05;CAMIONETA LUN 3;2094499;"SJ04    ";"SANITARIOS JOSE C. PAZ S A E F                    ";HIPOLITO YRIGOYEN 1206;953324;"835            ";835 - JGO.MDA. P.FUNDIDO CR MURCIA;12;12;12;23106892;030926073855337;181503207;;;;07/29/2031 00:00:00;8;13790267;03/09/2026 07:38:55;Agustin;Scirica;;;;;;Agustin Scirica;
14141383;03/09/2026 07:41:58;3;2;0008    2883-1;05;CAMIONETA LUN 3;2094499;"SJ04    ";"SANITARIOS JOSE C. PAZ S A E F                    ";HIPOLITO YRIGOYEN 1206;952860;"70-057         ";70-057 - BIDE C.STD VERIN PLUS;7;7;7;23106892;030926073855337;181504396;;;;01/11/2032 00:00:00;1;13790267;03/09/2026 07:38:55;Agustin;Scirica;;;;;;Agustin Scirica;
14141383;03/09/2026 07:41:58;3;2;0008    2883-1;05;CAMIONETA LUN 3;2094499;"SJ04    ";"SANITARIOS JOSE C. PAZ S A E F                    ";HIPOLITO YRIGOYEN 1206;951568;"203            ";"203 - LAVATORIO CROMO ""DIQUE""";5;5;5;23106892;030926073855337;181510675;;;;01/11/2032 00:00:00;1;13790267;03/09/2026 07:38:55;Agustin;Scirica;;;;;;Agustin Scirica;
14141383;03/09/2026 07:41:58;3;2;0008    2883-1;05;CAMIONETA LUN 3;2094499;"SJ04    ";"SANITARIOS JOSE C. PAZ S A E F                    ";HIPOLITO YRIGOYEN 1206;951568;"203            ";"203 - LAVATORIO CROMO ""DIQUE""";5;5;5;23106982;030926074113630;181503540;;;;01/11/2032 00:00:00;1;13790300;03/09/2026 07:41:13;Agustin;Scirica;;;;;;Agustin Scirica;
14141383;03/09/2026 07:41:58;3;2;0008    2883-1;05;CAMIONETA LUN 3;2094499;"SJ04    ";"SANITARIOS JOSE C. PAZ S A E F                    ";HIPOLITO YRIGOYEN 1206;952634;"60-162         ";60-162 - LAVATORIO CR C.CERAM LINEA ADRA;1;1;1;23106982;030926074113630;181505861;;;;07/29/2031 00:00:00;1;13790300;03/09/2026 07:41:13;Agustin;Scirica;;;;;;Agustin Scirica;
14141383;03/09/2026 07:41:58;3;2;0008    2883-1;05;CAMIONETA LUN 3;2094499;"SJ04    ";"SANITARIOS JOSE C. PAZ S A E F                    ";HIPOLITO YRIGOYEN 1206;953059;"80-057         ";80-057 - DUCHA EMB. C/TRANSF. C.STD VERIN PLUS;19;19;19;23106982;030926074113630;181511050;;;;01/04/2032 00:00:00;1;13790300;03/09/2026 07:41:13;Agustin;Scirica;;;;;;Agustin Scirica;
14141383;03/09/2026 07:41:58;3;2;0008    2883-1;05;CAMIONETA LUN 3;2094499;"SJ04    ";"SANITARIOS JOSE C. PAZ S A E F                    ";HIPOLITO YRIGOYEN 1206;953060;"80-058         ";80-058 - DUCHA EMB. C/TRANSF. CR C.STD MALBA;11;11;11;23106982;030926074113630;181503721;;;;01/06/2032 00:00:00;6;13790300;03/09/2026 07:41:13;Agustin;Scirica;;;;;;Agustin Scirica;
14141383;03/09/2026 07:41:58;3;2;0008    2883-1;05;CAMIONETA LUN 3;2094499;"SJ04    ";"SANITARIOS JOSE C. PAZ S A E F                    ";HIPOLITO YRIGOYEN 1206;953107;"80-162         ";80-162 - DUCHA EMB. C/TRANSF. CR C.CERAM ADRA;5;5;5;23106982;030926074113630;181511051;;;;07/29/2031 00:00:00;1;13790300;03/09/2026 07:41:13;Agustin;Scirica;;;;;;Agustin Scirica;
14141384;03/09/2026 10:54:01;3;2;0001  214985-1;05;CAMIONETA LUN 3;2091373;"BO16    ";"BODEN CERAMICS S.R.L. -SYRIA CERAMICOS            ";AV GRAL JUAN DOMINGO PERON 8270;954912;"BCH11BM        ";BCH11BM - BACHA DE APOYAR REDONDA BLANCO MATE 400x400x125;1;1;1;23105246;030926105354158;181500633;;;;08/17/2031 00:00:00;1;13795461;03/09/2026 10:53:54;Maximiliano;Nievas;24385457;03/09/2026 06:22:56;7152;Mirko;Hernandez;Maximiliano Nievas;Mirko Hernandez
14141510;03/09/2026 09:08:36;3;2;0001  214925-1;05;CAMIONETA LUN 3;2202993;"CM57    ";"CELESIA MARIANO T-SANITARIOS LARRALDE 1724        ";CRISOLOGO LARRALDE 1724;953317;"83-176N        ";83-176N - DUCHA EXT. C/TRANSF. MONOC BLACK RIO;6;6;6;23105548;030926090836003;181503858;;;;07/29/2031 00:00:00;6;13791424;03/09/2026 09:08:36;Maximiliano;Nievas;24385913;03/09/2026 07:16:13;7152;Mirko;Hernandez;Maximiliano Nievas;Mirko Hernandez
14141510;03/09/2026 09:08:36;3;2;0001  214925-1;05;CAMIONETA LUN 3;2202993;"CM57    ";"CELESIA MARIANO T-SANITARIOS LARRALDE 1724        ";CRISOLOGO LARRALDE 1724;953316;"83-176         ";83-176 - DUCHA EXT. C/TRANSF. MONOC CR RIO;6;6;6;23105548;030926090836003;181503838;;;;07/28/2031 00:00:00;6;13791424;03/09/2026 09:08:36;Maximiliano;Nievas;24385913;03/09/2026 07:16:13;7152;Mirko;Hernandez;Maximiliano Nievas;Mirko Hernandez
14141510;03/09/2026 09:08:36;3;2;0001  214925-1;05;CAMIONETA LUN 3;2202993;"CM57    ";"CELESIA MARIANO T-SANITARIOS LARRALDE 1724        ";CRISOLOGO LARRALDE 1724;953312;"83-133         ";83-133 - DUCHA EXT. C/TRANSF. MONOCOMANDO LUGO;12;12;12;23105548;030926090836003;181502880;;;;07/30/2031 00:00:00;12;13791424;03/09/2026 09:08:36;Maximiliano;Nievas;24385913;03/09/2026 07:16:13;7152;Mirko;Hernandez;Maximiliano Nievas;Mirko Hernandez
14141510;03/09/2026 09:08:36;3;2;0001  214925-1;05;CAMIONETA LUN 3;2202993;"CM57    ";"CELESIA MARIANO T-SANITARIOS LARRALDE 1724        ";CRISOLOGO LARRALDE 1724;953136;"80-190P        ";80-190P - DUCHA EMB. C/TRANSF. C.CERAM BLACK VELVET PLUS;1;1;1;23105548;030926090836003;181505060;;;;07/29/2031 00:00:00;1;13791424;03/09/2026 09:08:36;Maximiliano;Nievas;24385913;03/09/2026 07:16:13;7152;Mirko;Hernandez;Maximiliano Nievas;Mirko Hernandez
14141510;03/09/2026 09:08:36;3;2;0001  214925-1;05;CAMIONETA LUN 3;2202993;"CM57    ";"CELESIA MARIANO T-SANITARIOS LARRALDE 1724        ";CRISOLOGO LARRALDE 1724;953059;"80-057         ";80-057 - DUCHA EMB. C/TRANSF. C.STD VERIN PLUS;12;12;12;23105548;030926090836003;181506159;;;;01/04/2032 00:00:00;12;13791424;03/09/2026 09:08:36;Maximiliano;Nievas;24385913;03/09/2026 07:16:13;7152;Mirko;Hernandez;Maximiliano Nievas;Mirko Hernandez
14141510;03/09/2026 09:08:36;3;2;0001  214925-1;05;CAMIONETA LUN 3;2202993;"CM57    ";"CELESIA MARIANO T-SANITARIOS LARRALDE 1724        ";CRISOLOGO LARRALDE 1724;953055;"80-045         ";80-045 - DUCHA EMB.C/TRANSF CR  C.STD CRUZ;12;12;12;23105548;030926090836003;181504179;;;;01/04/2032 00:00:00;12;13791424;03/09/2026 09:08:36;Maximiliano;Nievas;24385913;03/09/2026 07:16:13;7152;Mirko;Hernandez;Maximiliano Nievas;Mirko Hernandez
14141510;03/09/2026 09:08:36;3;2;0001  214925-1;05;CAMIONETA LUN 3;2202993;"CM57    ";"CELESIA MARIANO T-SANITARIOS LARRALDE 1724        ";CRISOLOGO LARRALDE 1724;952936;"70-190         ";70-190 - BIDE C.CERAM BLACK VELVET;2;2;2;23105548;030926090836003;181505094;;;;11/08/2031 00:00:00;2;13791424;03/09/2026 09:08:36;Maximiliano;Nievas;24385913;03/09/2026 07:16:13;7152;Mirko;Hernandez;Maximiliano Nievas;Mirko Hernandez
14141510;03/09/2026 09:08:36;3;2;0001  214925-1;05;CAMIONETA LUN 3;2202993;"CM57    ";"CELESIA MARIANO T-SANITARIOS LARRALDE 1724        ";CRISOLOGO LARRALDE 1724;952926;"70-176N        ";70-176N - BIDE MONOC C/TRANSF BLACK RIO;6;6;6;23105548;030926090836003;181503909;;;;11/23/2031 00:00:00;6;13791424;03/09/2026 09:08:36;Maximiliano;Nievas;24385913;03/09/2026 07:16:13;7152;Mirko;Hernandez;Maximiliano Nievas;Mirko Hernandez
14141510;03/09/2026 09:08:36;3;2;0001  214925-1;05;CAMIONETA LUN 3;2202993;"CM57    ";"CELESIA MARIANO T-SANITARIOS LARRALDE 1724        ";CRISOLOGO LARRALDE 1724;952658;"60-190         ";60-190 - LAVATORIO C.CERAM BLACK VELVET;2;2;2;23105548;030926090836003;181505328;;;;08/12/2031 00:00:00;2;13791424;03/09/2026 09:08:36;Maximiliano;Nievas;24385913;03/09/2026 07:16:13;7152;Mirko;Hernandez;Maximiliano Nievas;Mirko Hernandez
14141510;03/09/2026 09:08:36;3;2;0001  214925-1;05;CAMIONETA LUN 3;2202993;"CM57    ";"CELESIA MARIANO T-SANITARIOS LARRALDE 1724        ";CRISOLOGO LARRALDE 1724;952648;"60-176N        ";"LAVATORIO MONOCOMANDO BAJO BLACK RIO                                  ";6;6;6;23105548;030926090836003;181503737;;;;07/29/2031 00:00:00;6;13791424;03/09/2026 09:08:36;Maximiliano;Nievas;24385913;03/09/2026 07:16:13;7152;Mirko;Hernandez;Maximiliano Nievas;Mirko Hernandez
14141510;03/09/2026 09:08:36;3;2;0001  214925-1;05;CAMIONETA LUN 3;2202993;"CM57    ";"CELESIA MARIANO T-SANITARIOS LARRALDE 1724        ";CRISOLOGO LARRALDE 1724;952647;"60-176         ";"LAVATORIO MONOCOMANDO BAJO CR RIO                                     ";6;6;6;23105548;030926090836003;181503492;;;;10/11/2031 00:00:00;6;13791424;03/09/2026 09:08:36;Maximiliano;Nievas;24385913;03/09/2026 07:16:13;7152;Mirko;Hernandez;Maximiliano Nievas;Mirko Hernandez
14141510;03/09/2026 09:08:36;3;2;0001  214925-1;05;CAMIONETA LUN 3;2202993;"CM57    ";"CELESIA MARIANO T-SANITARIOS LARRALDE 1724        ";CRISOLOGO LARRALDE 1724;952618;"60-133         ";60-133 - LAVATORIO MONOCOMANDO LUGO;12;12;12;23105548;030926090836003;181502765;;;;07/29/2031 00:00:00;12;13791424;03/09/2026 09:08:36;Maximiliano;Nievas;24385913;03/09/2026 07:16:13;7152;Mirko;Hernandez;Maximiliano Nievas;Mirko Hernandez
14141510;03/09/2026 09:08:36;3;2;0001  214925-1;05;CAMIONETA LUN 3;2202993;"CM57    ";"CELESIA MARIANO T-SANITARIOS LARRALDE 1724        ";CRISOLOGO LARRALDE 1724;952577;"60-045         ";60-045 - LAVATORIO CR/CR C.STD CRUZ;12;12;12;23105548;030926090836003;181504422;;;;01/24/2032 00:00:00;12;13791424;03/09/2026 09:08:36;Maximiliano;Nievas;24385913;03/09/2026 07:16:13;7152;Mirko;Hernandez;Maximiliano Nievas;Mirko Hernandez
14141510;03/09/2026 09:08:36;3;2;0001  214925-1;05;CAMIONETA LUN 3;2202993;"CM57    ";"CELESIA MARIANO T-SANITARIOS LARRALDE 1724        ";CRISOLOGO LARRALDE 1724;951653;"22-178         ";22-178 - MONOCOMANDO DE COCINA P/AGUA FILTRADA VITA;8;8;8;23105548;030926090836003;181502621;;;;12/23/2031 00:00:00;8;13791424;03/09/2026 09:08:36;Maximiliano;Nievas;24385913;03/09/2026 07:16:13;7152;Mirko;Hernandez;Maximiliano Nievas;Mirko Hernandez
14141510;03/09/2026 09:08:36;3;2;0001  214925-1;05;CAMIONETA LUN 3;2202993;"CM57    ";"CELESIA MARIANO T-SANITARIOS LARRALDE 1724        ";CRISOLOGO LARRALDE 1724;951536;"20-162         ";20-162 - MONOCOMANDO COCINA ADRA;10;10;10;23105548;030926090836003;181503197;;;;07/28/2031 00:00:00;10;13791424;03/09/2026 09:08:36;Maximiliano;Nievas;24385913;03/09/2026 07:16:13;7152;Mirko;Hernandez;Maximiliano Nievas;Mirko Hernandez
14141510;03/09/2026 09:08:36;3;2;0001  214925-1;05;CAMIONETA LUN 3;2202993;"CM57    ";"CELESIA MARIANO T-SANITARIOS LARRALDE 1724        ";CRISOLOGO LARRALDE 1724;951535;"20-160         ";20-160 - MONOCOMANDO MESADA COCINA DIQUE;16;16;16;23105548;030926090836003;181502949;;;;07/28/2031 00:00:00;16;13791424;03/09/2026 09:08:36;Maximiliano;Nievas;24385913;03/09/2026 07:16:13;7152;Mirko;Hernandez;Maximiliano Nievas;Mirko Hernandez
14141510;03/09/2026 09:08:36;3;2;0001  214925-1;05;CAMIONETA LUN 3;2202993;"CM57    ";"CELESIA MARIANO T-SANITARIOS LARRALDE 1724        ";CRISOLOGO LARRALDE 1724;951532;"20-147         ";20-147 - MONOCOMANDO DE COCINA SWIFT;10;10;10;23105548;030926090836003;181503667;;;;07/29/2031 00:00:00;10;13791424;03/09/2026 09:08:36;Maximiliano;Nievas;24385913;03/09/2026 07:16:13;7152;Mirko;Hernandez;Maximiliano Nievas;Mirko Hernandez
14141510;03/09/2026 09:08:36;3;2;0001  214925-1;05;CAMIONETA LUN 3;2202993;"CM57    ";"CELESIA MARIANO T-SANITARIOS LARRALDE 1724        ";CRISOLOGO LARRALDE 1724;951531;"20-146N        ";20-146N - MONOCOMANDO DE COCINA BLACK LINEA MOVE;6;6;6;23105548;030926090836003;181503097;;;;07/30/2031 00:00:00;6;13791424;03/09/2026 09:08:36;Maximiliano;Nievas;24385913;03/09/2026 07:16:13;7152;Mirko;Hernandez;Maximiliano Nievas;Mirko Hernandez
14141510;03/09/2026 09:08:36;3;2;0001  214925-1;05;CAMIONETA LUN 3;2202993;"CM57    ";"CELESIA MARIANO T-SANITARIOS LARRALDE 1724        ";CRISOLOGO LARRALDE 1724;951530;"20-146         ";20-146 - MONOCOMANDO DE COCINA CR LINEA MOVE;6;6;6;23105548;030926090836003;181503011;;;;10/09/2031 00:00:00;6;13791424;03/09/2026 09:08:36;Maximiliano;Nievas;24385913;03/09/2026 07:16:13;7152;Mirko;Hernandez;Maximiliano Nievas;Mirko Hernandez
14141510;03/09/2026 09:08:36;3;2;0001  214925-1;05;CAMIONETA LUN 3;2202993;"CM57    ";"CELESIA MARIANO T-SANITARIOS LARRALDE 1724        ";CRISOLOGO LARRALDE 1724;951523;"20-134         ";20-134 - MONOCOMANDO COCINA BETIS;12;12;12;23105548;030926090836003;181503400;;;;08/11/2031 00:00:00;12;13791424;03/09/2026 09:08:36;Maximiliano;Nievas;24385913;03/09/2026 07:16:13;7152;Mirko;Hernandez;Maximiliano Nievas;Mirko Hernandez
14141511;03/09/2026 08:07:28;3;2;0001  214936-1;05;CAMIONETA LUN 3;2091884;"CP29    ";"CASA PICK S.A.                                    ";MARCOS SASTRE 1751;952944;"70-198         ";70-198 - BIDE CR C.CERAM PURA;75;75;75;23105335;030926080727897;181504168;;;;11/04/2031 00:00:00;5;13790454;03/09/2026 08:07:27;Tiago;Rodriguez;24385609;03/09/2026 07:37:32;7636;Kevin;Arce;Tiago Rodriguez;Kevin Arce
14141511;03/09/2026 08:07:28;3;2;0001  214936-1;05;CAMIONETA LUN 3;2091884;"CP29    ";"CASA PICK S.A.                                    ";MARCOS SASTRE 1751;953147;"80-198P        ";80-198P - DUCHA DE EMBUTIR C/TRANSF PLUS PURA;20;20;20;23107336;030926075210263;181513459;;;;11/04/2031 00:00:00;3;13790460;03/09/2026 07:52:10;Tiago;Rodriguez;;;;;;Tiago Rodriguez;
14141511;03/09/2026 08:07:28;3;2;0001  214936-1;05;CAMIONETA LUN 3;2091884;"CP29    ";"CASA PICK S.A.                                    ";MARCOS SASTRE 1751;953147;"80-198P        ";80-198P - DUCHA DE EMBUTIR C/TRANSF PLUS PURA;20;20;20;23107348;030926075235526;181513538;;;;11/04/2031 00:00:00;3;13790469;03/09/2026 07:52:35;Tiago;Rodriguez;;;;;;Tiago Rodriguez;
14141511;03/09/2026 08:07:28;3;2;0001  214936-1;05;CAMIONETA LUN 3;2091884;"CP29    ";"CASA PICK S.A.                                    ";MARCOS SASTRE 1751;953147;"80-198P        ";80-198P - DUCHA DE EMBUTIR C/TRANSF PLUS PURA;20;20;20;23107368;030926075256608;181513617;;;;11/04/2031 00:00:00;3;13790476;03/09/2026 07:52:56;Tiago;Rodriguez;;;;;;Tiago Rodriguez;
14141511;03/09/2026 08:07:28;3;2;0001  214936-1;05;CAMIONETA LUN 3;2091884;"CP29    ";"CASA PICK S.A.                                    ";MARCOS SASTRE 1751;953147;"80-198P        ";80-198P - DUCHA DE EMBUTIR C/TRANSF PLUS PURA;20;20;20;23107390;030926075324708;181513706;;;;11/04/2031 00:00:00;3;13790489;03/09/2026 07:53:24;Tiago;Rodriguez;;;;;;Tiago Rodriguez;
14141511;03/09/2026 08:07:28;3;2;0001  214936-1;05;CAMIONETA LUN 3;2091884;"CP29    ";"CASA PICK S.A.                                    ";MARCOS SASTRE 1751;953147;"80-198P        ";80-198P - DUCHA DE EMBUTIR C/TRANSF PLUS PURA;20;20;20;23107406;030926075350219;181513794;;;;11/04/2031 00:00:00;3;13790496;03/09/2026 07:53:50;Tiago;Rodriguez;;;;;;Tiago Rodriguez;
14141511;03/09/2026 08:07:28;3;2;0001  214936-1;05;CAMIONETA LUN 3;2091884;"CP29    ";"CASA PICK S.A.                                    ";MARCOS SASTRE 1751;953147;"80-198P        ";80-198P - DUCHA DE EMBUTIR C/TRANSF PLUS PURA;20;20;20;23107424;030926075417051;181513901;;;;11/04/2031 00:00:00;3;13790504;03/09/2026 07:54:17;Tiago;Rodriguez;;;;;;Tiago Rodriguez;
14141511;03/09/2026 08:07:28;3;2;0001  214936-1;05;CAMIONETA LUN 3;2091884;"CP29    ";"CASA PICK S.A.                                    ";MARCOS SASTRE 1751;953153;"80-200G        ";80-200G - DUCHA EMB. MONOC. 3 FUNCIONES GOLD FABRIC;3;3;3;23107447;030926075507067;181514074;;;;12/03/2031 00:00:00;1;13790516;03/09/2026 07:55:07;Tiago;Rodriguez;;;;;;Tiago Rodriguez;
14141511;03/09/2026 08:07:28;3;2;0001  214936-1;05;CAMIONETA LUN 3;2091884;"CP29    ";"CASA PICK S.A.                                    ";MARCOS SASTRE 1751;953147;"80-198P        ";80-198P - DUCHA DE EMBUTIR C/TRANSF PLUS PURA;20;20;20;23107447;030926075507067;181504337;;;;11/04/2031 00:00:00;2;13790516;03/09/2026 07:55:07;Tiago;Rodriguez;;;;;;Tiago Rodriguez;
14141511;03/09/2026 08:07:28;3;2;0001  214936-1;05;CAMIONETA LUN 3;2091884;"CP29    ";"CASA PICK S.A.                                    ";MARCOS SASTRE 1751;953146;"80-198         ";80-198 - DUCHA EMB. C/TRANSF. CR C.CERAM PURA;10;10;10;23107465;030926075531194;181514162;;;;12/07/2031 00:00:00;4;13790528;03/09/2026 07:55:31;Tiago;Rodriguez;;;;;;Tiago Rodriguez;
14141511;03/09/2026 08:07:28;3;2;0001  214936-1;05;CAMIONETA LUN 3;2091884;"CP29    ";"CASA PICK S.A.                                    ";MARCOS SASTRE 1751;953146;"80-198         ";80-198 - DUCHA EMB. C/TRANSF. CR C.CERAM PURA;10;10;10;23107485;030926075600039;181514288;;;;12/07/2031 00:00:00;4;13790532;03/09/2026 07:56:00;Tiago;Rodriguez;;;;;;Tiago Rodriguez;
14141511;03/09/2026 08:07:28;3;2;0001  214936-1;05;CAMIONETA LUN 3;2091884;"CP29    ";"CASA PICK S.A.                                    ";MARCOS SASTRE 1751;953154;"80-200N        ";80-200N - DUCHA EMB. MONOC. 3 FUNCIONES BLACK FABRIC;2;2;2;23107501;030926075630757;181514401;;;;01/04/2032 00:00:00;1;13790541;03/09/2026 07:56:30;Tiago;Rodriguez;;;;;;Tiago Rodriguez;
14141511;03/09/2026 08:07:28;3;2;0001  214936-1;05;CAMIONETA LUN 3;2091884;"CP29    ";"CASA PICK S.A.                                    ";MARCOS SASTRE 1751;953153;"80-200G        ";80-200G - DUCHA EMB. MONOC. 3 FUNCIONES GOLD FABRIC;3;3;3;23107501;030926075630757;181506871;;;;12/03/2031 00:00:00;2;13790541;03/09/2026 07:56:30;Tiago;Rodriguez;;;;;;Tiago Rodriguez;
14141511;03/09/2026 08:07:28;3;2;0001  214936-1;05;CAMIONETA LUN 3;2091884;"CP29    ";"CASA PICK S.A.                                    ";MARCOS SASTRE 1751;953154;"80-200N        ";80-200N - DUCHA EMB. MONOC. 3 FUNCIONES BLACK FABRIC;2;2;2;23107518;030926075658445;181506588;;;;01/04/2032 00:00:00;1;13790546;03/09/2026 07:56:58;Tiago;Rodriguez;;;;;;Tiago Rodriguez;
14141511;03/09/2026 08:07:28;3;2;0001  214936-1;05;CAMIONETA LUN 3;2091884;"CP29    ";"CASA PICK S.A.                                    ";MARCOS SASTRE 1751;953146;"80-198         ";80-198 - DUCHA EMB. C/TRANSF. CR C.CERAM PURA;10;10;10;23107518;030926075658445;181510202;;;;12/07/2031 00:00:00;2;13790546;03/09/2026 07:56:58;Tiago;Rodriguez;;;;;;Tiago Rodriguez;
14141511;03/09/2026 08:07:28;3;2;0001  214936-1;05;CAMIONETA LUN 3;2091884;"CP29    ";"CASA PICK S.A.                                    ";MARCOS SASTRE 1751;952944;"70-198         ";70-198 - BIDE CR C.CERAM PURA;75;75;75;23107532;030926075736250;181514679;;;;11/04/2031 00:00:00;10;13790560;03/09/2026 07:57:36;Tiago;Rodriguez;;;;;;Tiago Rodriguez;
14141511;03/09/2026 08:07:28;3;2;0001  214936-1;05;CAMIONETA LUN 3;2091884;"CP29    ";"CASA PICK S.A.                                    ";MARCOS SASTRE 1751;952944;"70-198         ";70-198 - BIDE CR C.CERAM PURA;75;75;75;23107556;030926075817727;181514860;;;;11/04/2031 00:00:00;10;13790569;03/09/2026 07:58:17;Tiago;Rodriguez;;;;;;Tiago Rodriguez;
14141511;03/09/2026 08:07:28;3;2;0001  214936-1;05;CAMIONETA LUN 3;2091884;"CP29    ";"CASA PICK S.A.                                    ";MARCOS SASTRE 1751;952944;"70-198         ";70-198 - BIDE CR C.CERAM PURA;75;75;75;23107576;030926075906435;181515052;;;;11/04/2031 00:00:00;10;13790587;03/09/2026 07:59:06;Tiago;Rodriguez;;;;;;Tiago Rodriguez;
14141511;03/09/2026 08:07:28;3;2;0001  214936-1;05;CAMIONETA LUN 3;2091884;"CP29    ";"CASA PICK S.A.                                    ";MARCOS SASTRE 1751;952944;"70-198         ";70-198 - BIDE CR C.CERAM PURA;75;75;75;23107595;030926075946979;181515181;;;;11/04/2031 00:00:00;10;13790600;03/09/2026 07:59:46;Tiago;Rodriguez;;;;;;Tiago Rodriguez;
14141511;03/09/2026 08:07:28;3;2;0001  214936-1;05;CAMIONETA LUN 3;2091884;"CP29    ";"CASA PICK S.A.                                    ";MARCOS SASTRE 1751;952944;"70-198         ";70-198 - BIDE CR C.CERAM PURA;75;75;75;23107619;030926080023420;181515324;;;;11/04/2031 00:00:00;10;13790610;03/09/2026 08:00:23;Tiago;Rodriguez;;;;;;Tiago Rodriguez;
14141511;03/09/2026 08:07:28;3;2;0001  214936-1;05;CAMIONETA LUN 3;2091884;"CP29    ";"CASA PICK S.A.                                    ";MARCOS SASTRE 1751;952944;"70-198         ";70-198 - BIDE CR C.CERAM PURA;75;75;75;23107637;030926080059726;181515474;;;;11/04/2031 00:00:00;10;13790623;03/09/2026 08:00:59;Tiago;Rodriguez;;;;;;Tiago Rodriguez;
14141511;03/09/2026 08:07:28;3;2;0001  214936-1;05;CAMIONETA LUN 3;2091884;"CP29    ";"CASA PICK S.A.                                    ";MARCOS SASTRE 1751;952944;"70-198         ";70-198 - BIDE CR C.CERAM PURA;75;75;75;23107657;030926080136555;181515633;;;;11/04/2031 00:00:00;10;13790637;03/09/2026 08:01:36;Tiago;Rodriguez;;;;;;Tiago Rodriguez;
14141511;03/09/2026 08:07:28;3;2;0001  214936-1;05;CAMIONETA LUN 3;2091884;"CP29    ";"CASA PICK S.A.                                    ";MARCOS SASTRE 1751;952666;"60-198         ";60-198 - LAVATORIO CR C.CERAM PURA;70;70;70;23107674;030926080215773;181515777;;;;11/24/2031 00:00:00;10;13790647;03/09/2026 08:02:15;Tiago;Rodriguez;;;;;;Tiago Rodriguez;
14141511;03/09/2026 08:07:28;3;2;0001  214936-1;05;CAMIONETA LUN 3;2091884;"CP29    ";"CASA PICK S.A.                                    ";MARCOS SASTRE 1751;952666;"60-198         ";60-198 - LAVATORIO CR C.CERAM PURA;70;70;70;23107690;030926080255374;181515947;;;;11/24/2031 00:00:00;10;13790660;03/09/2026 08:02:55;Tiago;Rodriguez;;;;;;Tiago Rodriguez;
14141511;03/09/2026 08:07:28;3;2;0001  214936-1;05;CAMIONETA LUN 3;2091884;"CP29    ";"CASA PICK S.A.                                    ";MARCOS SASTRE 1751;952666;"60-198         ";60-198 - LAVATORIO CR C.CERAM PURA;70;70;70;23107709;030926080330003;181516087;;;;11/24/2031 00:00:00;10;13790673;03/09/2026 08:03:30;Tiago;Rodriguez;;;;;;Tiago Rodriguez;
14141511;03/09/2026 08:07:28;3;2;0001  214936-1;05;CAMIONETA LUN 3;2091884;"CP29    ";"CASA PICK S.A.                                    ";MARCOS SASTRE 1751;952666;"60-198         ";60-198 - LAVATORIO CR C.CERAM PURA;70;70;70;23107753;030926080405622;181516217;;;;11/24/2031 00:00:00;10;13790683;03/09/2026 08:04:05;Tiago;Rodriguez;;;;;;Tiago Rodriguez;
14141511;03/09/2026 08:07:28;3;2;0001  214936-1;05;CAMIONETA LUN 3;2091884;"CP29    ";"CASA PICK S.A.                                    ";MARCOS SASTRE 1751;952666;"60-198         ";60-198 - LAVATORIO CR C.CERAM PURA;70;70;70;23107794;030926080449418;181516396;;;;11/24/2031 00:00:00;10;13790696;03/09/2026 08:04:49;Tiago;Rodriguez;;;;;;Tiago Rodriguez;
14141511;03/09/2026 08:07:28;3;2;0001  214936-1;05;CAMIONETA LUN 3;2091884;"CP29    ";"CASA PICK S.A.                                    ";MARCOS SASTRE 1751;952666;"60-198         ";60-198 - LAVATORIO CR C.CERAM PURA;70;70;70;23107821;030926080519296;181516522;;;;11/24/2031 00:00:00;10;13790705;03/09/2026 08:05:19;Tiago;Rodriguez;;;;;;Tiago Rodriguez;
14141511;03/09/2026 08:07:28;3;2;0001  214936-1;05;CAMIONETA LUN 3;2091884;"CP29    ";"CASA PICK S.A.                                    ";MARCOS SASTRE 1751;952666;"60-198         ";60-198 - LAVATORIO CR C.CERAM PURA;70;70;70;23107859;030926080609923;181503123;;;;11/24/2031 00:00:00;10;13790724;03/09/2026 08:06:09;Tiago;Rodriguez;;;;;;Tiago Rodriguez;
14141511;03/09/2026 08:07:28;3;2;0001  214936-1;05;CAMIONETA LUN 3;2091884;"CP29    ";"CASA PICK S.A.                                    ";MARCOS SASTRE 1751;952950;"70-200G        ";70-200G - BIDE MONOCOMANDO GOLD FABRIC;3;3;3;23107886;030926080649875;181505733;;;;07/27/2031 00:00:00;3;13790741;03/09/2026 08:06:49;Tiago;Rodriguez;;;;;;Tiago Rodriguez;
14141511;03/09/2026 08:07:28;3;2;0001  214936-1;05;CAMIONETA LUN 3;2091884;"CP29    ";"CASA PICK S.A.                                    ";MARCOS SASTRE 1751;952725;"61-200N        ";61-200N - LAVATORIO MONOC ALTO FABRIC BLACK;2;2;2;23107886;030926080649875;181505992;;;;07/28/2031 00:00:00;2;13790741;03/09/2026 08:06:49;Tiago;Rodriguez;;;;;;Tiago Rodriguez;
14141511;03/09/2026 08:07:28;3;2;0001  214936-1;05;CAMIONETA LUN 3;2091884;"CP29    ";"CASA PICK S.A.                                    ";MARCOS SASTRE 1751;952673;"60-200G        ";60-200G - LAVATORIO MONOC BAJO GOLD FABRIC;2;2;2;23107886;030926080649875;181505475;;;;07/28/2031 00:00:00;2;13790741;03/09/2026 08:06:49;Tiago;Rodriguez;;;;;;Tiago Rodriguez;
14141512;03/09/2026 07:24:02;3;2;0001  214938-1;05;CAMIONETA LUN 3;2091214;"BA30    ";"BARUGEL AZULAY Y CIA SAIC                         ";MARCOS SASTRE 1751;953346;"85-168         ";85-168 - DUCHA MONOC C/TRANSF Y DUCHADOR CR WAVE;2;2;2;23105262;030926072400098;181501206;;;;02/01/2032 00:00:00;2;13790060;03/09/2026 07:24:00;Maximiliano;Nievas;24385480;03/09/2026 06:37:19;7152;Mirko;Hernandez;Maximiliano Nievas;Mirko Hernandez
14141512;03/09/2026 07:24:02;3;2;0001  214938-1;05;CAMIONETA LUN 3;2091214;"BA30    ";"BARUGEL AZULAY Y CIA SAIC                         ";MARCOS SASTRE 1751;952915;"70-168         ";70-168 - BIDE MONOC CR WAVE;1;1;1;23105262;030926072400098;181501468;;;;01/18/2032 00:00:00;1;13790060;03/09/2026 07:24:00;Maximiliano;Nievas;24385480;03/09/2026 06:37:19;7152;Mirko;Hernandez;Maximiliano Nievas;Mirko Hernandez
14141512;03/09/2026 07:24:02;3;2;0001  214938-1;05;CAMIONETA LUN 3;2091214;"BA30    ";"BARUGEL AZULAY Y CIA SAIC                         ";MARCOS SASTRE 1751;952708;"61-168         ";61-168 - LAVATORIO MONOC ALTO CR WAVE;2;2;2;23105262;030926072400098;181501348;;;;07/27/2031 00:00:00;2;13790060;03/09/2026 07:24:00;Maximiliano;Nievas;24385480;03/09/2026 06:37:19;7152;Mirko;Hernandez;Maximiliano Nievas;Mirko Hernandez
14141513;03/09/2026 07:17:42;3;2;0001  214967-1;05;CAMIONETA LUN 3;2093656;"NA09    ";"NAVARRO ACHE S.A.                                 ";PANAMERICANA KM 47 COLECTORA ESTE RAMAL ESCOBAR 2390;953112;"80-168         ";80-168 - DUCHA EMB C/TRANSF MONOC CR WAVE;1;1;1;23105263;030926071740821;181501233;;;;02/04/2032 00:00:00;1;13789934;03/09/2026 07:17:40;Maximiliano;Nievas;24385480;03/09/2026 06:37:19;7152;Mirko;Hernandez;Maximiliano Nievas;Mirko Hernandez
14141513;03/09/2026 07:17:42;3;2;0001  214967-1;05;CAMIONETA LUN 3;2093656;"NA09    ";"NAVARRO ACHE S.A.                                 ";PANAMERICANA KM 47 COLECTORA ESTE RAMAL ESCOBAR 2390;952915;"70-168         ";70-168 - BIDE MONOC CR WAVE;1;1;1;23105263;030926071740821;181501513;;;;01/18/2032 00:00:00;1;13789934;03/09/2026 07:17:40;Maximiliano;Nievas;24385480;03/09/2026 06:37:19;7152;Mirko;Hernandez;Maximiliano Nievas;Mirko Hernandez
14141513;03/09/2026 07:17:42;3;2;0001  214967-1;05;CAMIONETA LUN 3;2093656;"NA09    ";"NAVARRO ACHE S.A.                                 ";PANAMERICANA KM 47 COLECTORA ESTE RAMAL ESCOBAR 2390;952708;"61-168         ";61-168 - LAVATORIO MONOC ALTO CR WAVE;1;1;1;23105263;030926071740821;181501408;;;;07/27/2031 00:00:00;1;13789934;03/09/2026 07:17:40;Maximiliano;Nievas;24385480;03/09/2026 06:37:19;7152;Mirko;Hernandez;Maximiliano Nievas;Mirko Hernandez
14141513;03/09/2026 07:17:42;3;2;0001  214967-1;05;CAMIONETA LUN 3;2093656;"NA09    ";"NAVARRO ACHE S.A.                                 ";PANAMERICANA KM 47 COLECTORA ESTE RAMAL ESCOBAR 2390;951102;"11040          ";"PORTA ROLLO LINEA 11000                                               ";1;1;1;23105263;030926071740821;181501661;;;;07/27/2031 00:00:00;1;13789934;03/09/2026 07:17:40;Maximiliano;Nievas;24385480;03/09/2026 06:37:19;7152;Mirko;Hernandez;Maximiliano Nievas;Mirko Hernandez
14141513;03/09/2026 07:17:42;3;2;0001  214967-1;05;CAMIONETA LUN 3;2093656;"NA09    ";"NAVARRO ACHE S.A.                                 ";PANAMERICANA KM 47 COLECTORA ESTE RAMAL ESCOBAR 2390;951101;"11030          ";"PERCHA LINEA 11000                                                    ";1;1;1;23105263;030926071740821;181501593;;;;07/29/2031 00:00:00;1;13789934;03/09/2026 07:17:40;Maximiliano;Nievas;24385480;03/09/2026 06:37:19;7152;Mirko;Hernandez;Maximiliano Nievas;Mirko Hernandez
14141513;03/09/2026 07:17:42;3;2;0001  214967-1;05;CAMIONETA LUN 3;2093656;"NA09    ";"NAVARRO ACHE S.A.                                 ";PANAMERICANA KM 47 COLECTORA ESTE RAMAL ESCOBAR 2390;951099;"11010          ";"TOALLERO BARRAL LINEA 11000                                           ";1;1;1;23105263;030926071740821;181501691;;;;07/27/2031 00:00:00;1;13789934;03/09/2026 07:17:40;Maximiliano;Nievas;24385480;03/09/2026 06:37:19;7152;Mirko;Hernandez;Maximiliano Nievas;Mirko Hernandez
14141514;03/09/2026 07:24:39;3;2;0001  214968-1;05;CAMIONETA LUN 3;2093656;"NA09    ";"NAVARRO ACHE S.A.                                 ";PANAMERICANA KM 47 COLECTORA ESTE RAMAL ESCOBAR 2390;952953;"70-201NI       ";70-201NI - BIDE CR C.CERAM BEAT NICKEL;3;3;3;23105264;030926072438746;181500967;;;;07/29/2031 00:00:00;3;13790069;03/09/2026 07:24:38;Maximiliano;Nievas;24385480;03/09/2026 06:37:19;7152;Mirko;Hernandez;Maximiliano Nievas;Mirko Hernandez
14141515;03/09/2026 13:16:35;3;2;0001  214963-1;05;CAMIONETA LUN 3;2091048;"AG26    ";"AGROREDES SRL                                     ";AUSTRIA NORTE 2450;954909;"BCH08          ";BCH08 - BACHA DE APOYAR OVALADA 580x355x105;3;3;3;23105466;030926131634368;181503696;;;;07/28/2031 00:00:00;1;13799263;03/09/2026 13:16:34;Tiago;Rodriguez;24385703;03/09/2026 07:24:59;6867;Javier;Lescano;Tiago Rodriguez;Javier Lescano
14141515;03/09/2026 13:16:35;3;2;0001  214963-1;05;CAMIONETA LUN 3;2091048;"AG26    ";"AGROREDES SRL                                     ";AUSTRIA NORTE 2450;952728;"61-205         ";61-205 - LAVATORIO MONOC ALTO STEEL;2;2;2;23122577;030926125740696;181502824;;;;07/28/2031 00:00:00;2;13799313;03/09/2026 12:57:40;Tiago;Rodriguez;;;;;;Tiago Rodriguez;
14141515;03/09/2026 13:16:35;3;2;0001  214963-1;05;CAMIONETA LUN 3;2091048;"AG26    ";"AGROREDES SRL                                     ";AUSTRIA NORTE 2450;951530;"20-146         ";20-146 - MONOCOMANDO DE COCINA CR LINEA MOVE;2;2;2;23122577;030926125740696;181503041;;;;10/09/2031 00:00:00;2;13799313;03/09/2026 12:57:40;Tiago;Rodriguez;;;;;;Tiago Rodriguez;
14141515;03/09/2026 13:16:35;3;2;0001  214963-1;05;CAMIONETA LUN 3;2091048;"AG26    ";"AGROREDES SRL                                     ";AUSTRIA NORTE 2450;951302;"17040C         ";17040C - PORTA ROLLO LINEA FABRIC CROMO;2;2;2;23122577;030926125740696;181503104;;;;07/29/2031 00:00:00;2;13799313;03/09/2026 12:57:40;Tiago;Rodriguez;;;;;;Tiago Rodriguez;
14141515;03/09/2026 13:16:35;3;2;0001  214963-1;05;CAMIONETA LUN 3;2091048;"AG26    ";"AGROREDES SRL                                     ";AUSTRIA NORTE 2450;951833;"30-132         ";30-132 - COCINA MESADA MONOC. C/DUCHADOR EXTENSIBLE VIGO;2;2;2;23122629;030926125907921;181502902;;;;07/28/2031 00:00:00;2;13799359;03/09/2026 12:59:07;Tiago;Rodriguez;;;;;;Tiago Rodriguez;
14141515;03/09/2026 13:16:35;3;2;0001  214963-1;05;CAMIONETA LUN 3;2091048;"AG26    ";"AGROREDES SRL                                     ";AUSTRIA NORTE 2450;953330;"84-180         ";84-180 - GRIFERIA DE PIE P/BAÑERA EXENTA VERA;2;2;2;23122629;030926125907921;181502723;;;;07/28/2031 00:00:00;2;13799359;03/09/2026 12:59:07;Tiago;Rodriguez;;;;;;Tiago Rodriguez;
14141515;03/09/2026 13:16:35;3;2;0001  214963-1;05;CAMIONETA LUN 3;2091048;"AG26    ";"AGROREDES SRL                                     ";AUSTRIA NORTE 2450;952674;"60-200N        ";60-200N - LAVATORIO MONOC BAJO BLACK FABRIC;2;2;2;23122669;030926130016392;181502776;;;;07/28/2031 00:00:00;2;13799386;03/09/2026 13:00:16;Tiago;Rodriguez;;;;;;Tiago Rodriguez;
14141515;03/09/2026 13:16:35;3;2;0001  214963-1;05;CAMIONETA LUN 3;2091048;"AG26    ";"AGROREDES SRL                                     ";AUSTRIA NORTE 2450;952714;"61-180         ";61-180 - LAVATORIO MONOCOMANDO ALTO VERA;2;2;2;23122669;030926130016392;181502042;;;;07/28/2031 00:00:00;2;13799386;03/09/2026 13:00:16;Tiago;Rodriguez;;;;;;Tiago Rodriguez;
14141515;03/09/2026 13:16:35;3;2;0001  214963-1;05;CAMIONETA LUN 3;2091048;"AG26    ";"AGROREDES SRL                                     ";AUSTRIA NORTE 2450;952724;"61-200G        ";61-200G - LAVATORIO MONOC ALTO GOLD FABRIC;3;3;3;23122669;030926130016392;181502266;;;;07/27/2031 00:00:00;3;13799386;03/09/2026 13:00:16;Tiago;Rodriguez;;;;;;Tiago Rodriguez;
14141515;03/09/2026 13:16:35;3;2;0001  214963-1;05;CAMIONETA LUN 3;2091048;"AG26    ";"AGROREDES SRL                                     ";AUSTRIA NORTE 2450;952956;"70-205         ";70-205 - BIDE MONOCOMANDO STEEL;2;2;2;23122703;030926130112769;181502933;;;;11/08/2031 00:00:00;2;13799407;03/09/2026 13:01:12;Tiago;Rodriguez;;;;;;Tiago Rodriguez;
14141515;03/09/2026 13:16:35;3;2;0001  214963-1;05;CAMIONETA LUN 3;2091048;"AG26    ";"AGROREDES SRL                                     ";AUSTRIA NORTE 2450;952950;"70-200G        ";70-200G - BIDE MONOCOMANDO GOLD FABRIC;3;3;3;23122703;030926130112769;181502419;;;;07/27/2031 00:00:00;3;13799407;03/09/2026 13:01:12;Tiago;Rodriguez;;;;;;Tiago Rodriguez;
14141515;03/09/2026 13:16:35;3;2;0001  214963-1;05;CAMIONETA LUN 3;2091048;"AG26    ";"AGROREDES SRL                                     ";AUSTRIA NORTE 2450;952928;"70-180         ";70-180 - BIDE MONOCOMANDO C/TRANSF. VERA;2;2;2;23122703;030926130112769;181623413;;;;07/27/2031 00:00:00;1;13799407;03/09/2026 13:01:12;Tiago;Rodriguez;;;;;;Tiago Rodriguez;
14141515;03/09/2026 13:16:35;3;2;0001  214963-1;05;CAMIONETA LUN 3;2091048;"AG26    ";"AGROREDES SRL                                     ";AUSTRIA NORTE 2450;951297;"17020G         ";17020G - TOALLERO DE ARO LINEA FABRIC GOLD;2;2;2;23122703;030926130112769;181502482;;;;07/29/2031 00:00:00;2;13799407;03/09/2026 13:01:12;Tiago;Rodriguez;;;;;;Tiago Rodriguez;
14141515;03/09/2026 13:16:35;3;2;0001  214963-1;05;CAMIONETA LUN 3;2091048;"AG26    ";"AGROREDES SRL                                     ";AUSTRIA NORTE 2450;951300;"17030G         ";17030G - PERCHA LINEA FABRIC GOLD;6;6;6;23122763;030926130257550;181503217;;;;07/29/2031 00:00:00;6;13799446;03/09/2026 13:02:57;Tiago;Rodriguez;;;;;;Tiago Rodriguez;
14141515;03/09/2026 13:16:35;3;2;0001  214963-1;05;CAMIONETA LUN 3;2091048;"AG26    ";"AGROREDES SRL                                     ";AUSTRIA NORTE 2450;952799;"63-180         ";63-180 - LAVATORIO MONOC. DE PARED VERA;1;1;1;23122763;030926130257550;181501779;;;;07/27/2031 00:00:00;1;13799446;03/09/2026 13:02:57;Tiago;Rodriguez;;;;;;Tiago Rodriguez;
14141515;03/09/2026 13:16:35;3;2;0001  214963-1;05;CAMIONETA LUN 3;2091048;"AG26    ";"AGROREDES SRL                                     ";AUSTRIA NORTE 2450;953153;"80-200G        ";80-200G - DUCHA EMB. MONOC. 3 FUNCIONES GOLD FABRIC;3;3;3;23122994;030926130715168;181506270;;;;12/03/2031 00:00:00;3;13799566;03/09/2026 13:07:15;Tiago;Rodriguez;;;;;;Tiago Rodriguez;
14141515;03/09/2026 13:16:35;3;2;0001  214963-1;05;CAMIONETA LUN 3;2091048;"AG26    ";"AGROREDES SRL                                     ";AUSTRIA NORTE 2450;953347;"85-168N        ";85-168N - DUCHA MONOC C/TRANSF Y DUCHADOR BLACK WAVE;4;4;4;23123014;030926130744617;181625088;;;;01/20/2032 00:00:00;3;13799577;03/09/2026 13:07:44;Tiago;Rodriguez;;;;;;Tiago Rodriguez;
14141515;03/09/2026 13:16:35;3;2;0001  214963-1;05;CAMIONETA LUN 3;2091048;"AG26    ";"AGROREDES SRL                                     ";AUSTRIA NORTE 2450;953347;"85-168N        ";85-168N - DUCHA MONOC C/TRANSF Y DUCHADOR BLACK WAVE;4;4;4;23123031;030926130804290;181506716;;;;01/20/2032 00:00:00;1;13799581;03/09/2026 13:08:04;Tiago;Rodriguez;;;;;;Tiago Rodriguez;
14141515;03/09/2026 13:16:35;3;2;0001  214963-1;05;CAMIONETA LUN 3;2091048;"AG26    ";"AGROREDES SRL                                     ";AUSTRIA NORTE 2450;953215;"81-100N        ";"DUCHA EMB. S/TRANSF. BLACK C.CERAM FABRIC                             ";1;1;1;23123031;030926130804290;181505114;;;;01/03/2032 00:00:00;1;13799581;03/09/2026 13:08:04;Tiago;Rodriguez;;;;;;Tiago Rodriguez;
14141515;03/09/2026 13:16:35;3;2;0001  214963-1;05;CAMIONETA LUN 3;2091048;"AG26    ";"AGROREDES SRL                                     ";AUSTRIA NORTE 2450;953073;"80-100NI       ";80-100NI - DUCHA EMB. C/TRANSF. NICKEL C.CERAM FABRIC;2;2;2;23123031;030926130804290;181625188;;;;02/08/2032 00:00:00;1;13799581;03/09/2026 13:08:04;Tiago;Rodriguez;;;;;;Tiago Rodriguez;
14141515;03/09/2026 13:16:35;3;2;0001  214963-1;05;CAMIONETA LUN 3;2091048;"AG26    ";"AGROREDES SRL                                     ";AUSTRIA NORTE 2450;952676;"60-201NI       ";60-201NI - LAVATORIO C.CERAM BEAT NICKEL;2;2;2;23123042;030926130825622;181505605;;;;08/20/2031 00:00:00;2;13799592;03/09/2026 13:08:25;Tiago;Rodriguez;;;;;;Tiago Rodriguez;
14141515;03/09/2026 13:16:35;3;2;0001  214963-1;05;CAMIONETA LUN 3;2091048;"AG26    ";"AGROREDES SRL                                     ";AUSTRIA NORTE 2450;952727;"61-203N        ";"LAVATORIO MONOCOMANDO ALTO ADRA BLACK                                 ";2;2;2;23123042;030926130825622;181505281;;;;01/06/2032 00:00:00;2;13799592;03/09/2026 13:08:25;Tiago;Rodriguez;;;;;;Tiago Rodriguez;
14141515;03/09/2026 13:16:35;3;2;0001  214963-1;05;CAMIONETA LUN 3;2091048;"AG26    ";"AGROREDES SRL                                     ";AUSTRIA NORTE 2450;952947;"70-199N        ";70-199N - BIDE BLACK C.CERAM LIVE;2;2;2;23123052;030926130856133;181505749;;;;07/29/2031 00:00:00;2;13799609;03/09/2026 13:08:56;Tiago;Rodriguez;;;;;;Tiago Rodriguez;
14141515;03/09/2026 13:16:35;3;2;0001  214963-1;05;CAMIONETA LUN 3;2091048;"AG26    ";"AGROREDES SRL                                     ";AUSTRIA NORTE 2450;952741;"62-100N        ";62-100N - LAVATORIO DE PARED BLACK C.CERAM FABRIC;3;3;3;23123052;030926130856133;181504123;;;;11/05/2031 00:00:00;3;13799609;03/09/2026 13:08:56;Tiago;Rodriguez;;;;;;Tiago Rodriguez;
14141515;03/09/2026 13:16:35;3;2;0001  214963-1;05;CAMIONETA LUN 3;2091048;"AG26    ";"AGROREDES SRL                                     ";AUSTRIA NORTE 2450;952740;"62-100G        ";62-100G - LAVATORIO DE PARED GOLD C.CERAM FABRIC;2;2;2;23123052;030926130856133;181504169;;;;12/20/2031 00:00:00;2;13799609;03/09/2026 13:08:56;Tiago;Rodriguez;;;;;;Tiago Rodriguez;
14141515;03/09/2026 13:16:35;3;2;0001  214963-1;05;CAMIONETA LUN 3;2091048;"AG26    ";"AGROREDES SRL                                     ";AUSTRIA NORTE 2450;952677;"60-203         ";60-203 - LAVATORIO MONOCOMANDO BAJO ADRA;1;1;1;23123052;030926130856133;181505398;;;;02/10/2032 00:00:00;1;13799609;03/09/2026 13:08:56;Tiago;Rodriguez;;;;;;Tiago Rodriguez;
14141515;03/09/2026 13:16:35;3;2;0001  214963-1;05;CAMIONETA LUN 3;2091048;"AG26    ";"AGROREDES SRL                                     ";AUSTRIA NORTE 2450;952739;"62-100C        ";62-100C - LAVATORIO DE PARED CR C.CERAM FABRIC;3;3;3;23123074;030926130926586;181504405;;;;07/31/2031 00:00:00;3;13799619;03/09/2026 13:09:26;Tiago;Rodriguez;;;;;;Tiago Rodriguez;
14141515;03/09/2026 13:16:35;3;2;0001  214963-1;05;CAMIONETA LUN 3;2091048;"AG26    ";"AGROREDES SRL                                     ";AUSTRIA NORTE 2450;952873;"70-100C        ";70-100C - BIDE CR C.CERAM FABRIC;4;4;4;23123074;030926130926586;181504504;;;;07/31/2031 00:00:00;4;13799619;03/09/2026 13:09:26;Tiago;Rodriguez;;;;;;Tiago Rodriguez;
14141515;03/09/2026 13:16:35;3;2;0001  214963-1;05;CAMIONETA LUN 3;2091048;"AG26    ";"AGROREDES SRL                                     ";AUSTRIA NORTE 2450;952875;"70-100N        ";70-100N - BIDE BLACK C.CERAM FABRIC;3;3;3;23123074;030926130926586;181504223;;;;07/29/2031 00:00:00;3;13799619;03/09/2026 13:09:26;Tiago;Rodriguez;;;;;;Tiago Rodriguez;
14141515;03/09/2026 13:16:35;3;2;0001  214963-1;05;CAMIONETA LUN 3;2091048;"AG26    ";"AGROREDES SRL                                     ";AUSTRIA NORTE 2450;952796;"63-168N        ";"LAVATORIO PARED EMB MONOC BLACK WAVE                                  ";2;2;2;23123091;030926131000026;181502529;;;;07/28/2031 00:00:00;2;13799634;03/09/2026 13:10:00;Tiago;Rodriguez;;;;;;Tiago Rodriguez;
14141515;03/09/2026 13:16:35;3;2;0001  214963-1;05;CAMIONETA LUN 3;2091048;"AG26    ";"AGROREDES SRL                                     ";AUSTRIA NORTE 2450;952673;"60-200G        ";60-200G - LAVATORIO MONOC BAJO GOLD FABRIC;3;3;3;23123091;030926131000026;181502319;;;;07/28/2031 00:00:00;3;13799634;03/09/2026 13:10:00;Tiago;Rodriguez;;;;;;Tiago Rodriguez;
14141515;03/09/2026 13:16:35;3;2;0001  214963-1;05;CAMIONETA LUN 3;2091048;"AG26    ";"AGROREDES SRL                                     ";AUSTRIA NORTE 2450;952908;"70-152         ";70-152 - BIDE MONOCOMANDO CR C/TRANSFERENCIA SORIA;3;3;3;23123143;030926131040875;181502103;;;;07/28/2031 00:00:00;3;13799652;03/09/2026 13:10:40;Tiago;Rodriguez;;;;;;Tiago Rodriguez;
14141515;03/09/2026 13:16:35;3;2;0001  214963-1;05;CAMIONETA LUN 3;2091048;"AG26    ";"AGROREDES SRL                                     ";AUSTRIA NORTE 2450;952928;"70-180         ";70-180 - BIDE MONOCOMANDO C/TRANSF. VERA;2;2;2;23123143;030926131040875;181501999;;;;07/27/2031 00:00:00;1;13799652;03/09/2026 13:10:40;Tiago;Rodriguez;;;;;;Tiago Rodriguez;
14141515;03/09/2026 13:16:35;3;2;0001  214963-1;05;CAMIONETA LUN 3;2091048;"AG26    ";"AGROREDES SRL                                     ";AUSTRIA NORTE 2450;953073;"80-100NI       ";80-100NI - DUCHA EMB. C/TRANSF. NICKEL C.CERAM FABRIC;2;2;2;23123143;030926131040875;181505056;;;;02/08/2032 00:00:00;1;13799652;03/09/2026 13:10:40;Tiago;Rodriguez;;;;;;Tiago Rodriguez;
14141515;03/09/2026 13:16:35;3;2;0001  214963-1;05;CAMIONETA LUN 3;2091048;"AG26    ";"AGROREDES SRL                                     ";AUSTRIA NORTE 2450;954913;"BCH11N         ";BCH11N - BACHA DE APOYAR REDONDA NEGRO MATE 400x400x125;1;1;1;23123226;030926131220439;181503866;;;;07/29/2031 00:00:00;1;13799691;03/09/2026 13:12:20;Tiago;Rodriguez;;;;;;Tiago Rodriguez;
14141515;03/09/2026 13:16:35;3;2;0001  214963-1;05;CAMIONETA LUN 3;2091048;"AG26    ";"AGROREDES SRL                                     ";AUSTRIA NORTE 2450;954917;"BCH15          ";BCH15 - BACHA SEMI EMBUTIDA  BLANCA 530x370x155;2;2;2;23123291;030926131326490;181627046;;;;07/28/2031 00:00:00;1;13799718;03/09/2026 13:13:26;Tiago;Rodriguez;;;;;;Tiago Rodriguez;
14141515;03/09/2026 13:16:35;3;2;0001  214963-1;05;CAMIONETA LUN 3;2091048;"AG26    ";"AGROREDES SRL                                     ";AUSTRIA NORTE 2450;954917;"BCH15          ";BCH15 - BACHA SEMI EMBUTIDA  BLANCA 530x370x155;2;2;2;23123303;030926131346862;181503795;;;;07/28/2031 00:00:00;1;13799731;03/09/2026 13:13:46;Tiago;Rodriguez;;;;;;Tiago Rodriguez;
14141515;03/09/2026 13:16:35;3;2;0001  214963-1;05;CAMIONETA LUN 3;2091048;"AG26    ";"AGROREDES SRL                                     ";AUSTRIA NORTE 2450;954915;"BCH13          ";BCH13 - BACHA DE APOYAR BLANCA RECTANGULAR 465x260x125;1;1;1;23123314;030926131403120;181503626;;;;07/27/2031 00:00:00;1;13799736;03/09/2026 13:14:03;Tiago;Rodriguez;;;;;;Tiago Rodriguez;
14141515;03/09/2026 13:16:35;3;2;0001  214963-1;05;CAMIONETA LUN 3;2091048;"AG26    ";"AGROREDES SRL                                     ";AUSTRIA NORTE 2450;954921;"BCH18          ";BCH18 - BACHA DE APOYAR SIMIL MARMOL 460x320x140;2;2;2;23123329;030926131427708;181627383;;;;10/04/2031 00:00:00;1;13799746;03/09/2026 13:14:27;Tiago;Rodriguez;;;;;;Tiago Rodriguez;
14141515;03/09/2026 13:16:35;3;2;0001  214963-1;05;CAMIONETA LUN 3;2091048;"AG26    ";"AGROREDES SRL                                     ";AUSTRIA NORTE 2450;954921;"BCH18          ";BCH18 - BACHA DE APOYAR SIMIL MARMOL 460x320x140;2;2;2;23123333;030926131438145;181503335;;;;10/04/2031 00:00:00;1;13799752;03/09/2026 13:14:38;Tiago;Rodriguez;;;;;;Tiago Rodriguez;
14141515;03/09/2026 13:16:35;3;2;0001  214963-1;05;CAMIONETA LUN 3;2091048;"AG26    ";"AGROREDES SRL                                     ";AUSTRIA NORTE 2450;954903;"BCH03/3        ";BCH03/3 - BACHA DE APOYAR RECTANGULAR 3 AG 500x420x130;4;4;4;23123344;030926131444890;181627484;;;;07/29/2031 00:00:00;1;13799754;03/09/2026 13:14:44;Tiago;Rodriguez;;;;;;Tiago Rodriguez;
14141515;03/09/2026 13:16:35;3;2;0001  214963-1;05;CAMIONETA LUN 3;2091048;"AG26    ";"AGROREDES SRL                                     ";AUSTRIA NORTE 2450;954903;"BCH03/3        ";BCH03/3 - BACHA DE APOYAR RECTANGULAR 3 AG 500x420x130;4;4;4;23123348;030926131451771;181627528;;;;07/29/2031 00:00:00;1;13799760;03/09/2026 13:14:51;Tiago;Rodriguez;;;;;;Tiago Rodriguez;
14141515;03/09/2026 13:16:35;3;2;0001  214963-1;05;CAMIONETA LUN 3;2091048;"AG26    ";"AGROREDES SRL                                     ";AUSTRIA NORTE 2450;954914;"BCH12          ";BCH12 - BACHA DE APOYAR BLANCA 460x320x140;2;2;2;23123357;030926131502476;181627586;;;;11/10/2031 00:00:00;1;13799766;03/09/2026 13:15:02;Tiago;Rodriguez;;;;;;Tiago Rodriguez;
14141515;03/09/2026 13:16:35;3;2;0001  214963-1;05;CAMIONETA LUN 3;2091048;"AG26    ";"AGROREDES SRL                                     ";AUSTRIA NORTE 2450;954914;"BCH12          ";BCH12 - BACHA DE APOYAR BLANCA 460x320x140;2;2;2;23123366;030926131508845;181503303;;;;11/10/2031 00:00:00;1;13799768;03/09/2026 13:15:08;Tiago;Rodriguez;;;;;;Tiago Rodriguez;
14141515;03/09/2026 13:16:35;3;2;0001  214963-1;05;CAMIONETA LUN 3;2091048;"AG26    ";"AGROREDES SRL                                     ";AUSTRIA NORTE 2450;954903;"BCH03/3        ";BCH03/3 - BACHA DE APOYAR RECTANGULAR 3 AG 500x420x130;4;4;4;23123375;030926131517718;181627694;;;;07/29/2031 00:00:00;1;13799774;03/09/2026 13:15:17;Tiago;Rodriguez;;;;;;Tiago Rodriguez;
14141515;03/09/2026 13:16:35;3;2;0001  214963-1;05;CAMIONETA LUN 3;2091048;"AG26    ";"AGROREDES SRL                                     ";AUSTRIA NORTE 2450;954903;"BCH03/3        ";BCH03/3 - BACHA DE APOYAR RECTANGULAR 3 AG 500x420x130;4;4;4;23123423;030926131527035;181504008;;;;07/29/2031 00:00:00;1;13799781;03/09/2026 13:15:27;Tiago;Rodriguez;;;;;;Tiago Rodriguez;
14141515;03/09/2026 13:16:35;3;2;0001  214963-1;05;CAMIONETA LUN 3;2091048;"AG26    ";"AGROREDES SRL                                     ";AUSTRIA NORTE 2450;954908;"BCH07          ";BCH07 - BACHA DE APOYAR OVALADA 400x330x150;2;2;2;23123446;030926131605194;181628000;;;;07/29/2031 00:00:00;1;13799800;03/09/2026 13:16:05;Tiago;Rodriguez;;;;;;Tiago Rodriguez;
14141515;03/09/2026 13:16:35;3;2;0001  214963-1;05;CAMIONETA LUN 3;2091048;"AG26    ";"AGROREDES SRL                                     ";AUSTRIA NORTE 2450;954908;"BCH07          ";BCH07 - BACHA DE APOYAR OVALADA 400x330x150;2;2;2;23123457;030926131611491;181503261;;;;07/29/2031 00:00:00;1;13799803;03/09/2026 13:16:11;Tiago;Rodriguez;;;;;;Tiago Rodriguez;
14141515;03/09/2026 13:16:35;3;2;0001  214963-1;05;CAMIONETA LUN 3;2091048;"AG26    ";"AGROREDES SRL                                     ";AUSTRIA NORTE 2450;954909;"BCH08          ";BCH08 - BACHA DE APOYAR OVALADA 580x355x105;3;3;3;23123465;030926131618536;181628080;;;;07/28/2031 00:00:00;1;13799804;03/09/2026 13:16:18;Tiago;Rodriguez;;;;;;Tiago Rodriguez;
14141515;03/09/2026 13:16:35;3;2;0001  214963-1;05;CAMIONETA LUN 3;2091048;"AG26    ";"AGROREDES SRL                                     ";AUSTRIA NORTE 2450;954909;"BCH08          ";BCH08 - BACHA DE APOYAR OVALADA 580x355x105;3;3;3;23123471;030926131626709;181628156;;;;07/28/2031 00:00:00;1;13799810;03/09/2026 13:16:26;Tiago;Rodriguez;;;;;;Tiago Rodriguez;
14141516;03/09/2026 07:26:28;3;2;9999      88-1;05;CAMIONETA LUN 3;2091911;"CR23    ";"CRETA PORCELLANATOS S.A. -CRETA DISEGNO           ";BEETHOVEN 819;952874;"70-100G        ";70-100G - BIDE GOLD C.CERAM FABRIC;1;1;1;23105265;030926072624508;181501054;;;;07/29/2031 00:00:00;1;13790092;03/09/2026 07:26:24;Maximiliano;Nievas;24385480;03/09/2026 06:37:19;7152;Mirko;Hernandez;Maximiliano Nievas;Mirko Hernandez
14141516;03/09/2026 07:26:28;3;2;9999      88-1;05;CAMIONETA LUN 3;2091911;"CR23    ";"CRETA PORCELLANATOS S.A. -CRETA DISEGNO           ";BEETHOVEN 819;952596;"60-100G        ";60-100G - LAVATORIO GOLD C.CERAM FABRIC;1;1;1;23105265;030926072624508;181501043;;;;11/10/2031 00:00:00;1;13790092;03/09/2026 07:26:24;Maximiliano;Nievas;24385480;03/09/2026 06:37:19;7152;Mirko;Hernandez;Maximiliano Nievas;Mirko Hernandez
14141516;03/09/2026 07:26:28;3;2;9999      88-1;05;CAMIONETA LUN 3;2091911;"CR23    ";"CRETA PORCELLANATOS S.A. -CRETA DISEGNO           ";BEETHOVEN 819;953214;"81-100G        ";81-100G - DUCHA EMB S/TRANSF GOLD C.CERAM FABRIC;1;1;1;23105265;030926072624508;181501131;;;;01/11/2032 00:00:00;1;13790092;03/09/2026 07:26:24;Maximiliano;Nievas;24385480;03/09/2026 06:37:19;7152;Mirko;Hernandez;Maximiliano Nievas;Mirko Hernandez
14141516;03/09/2026 07:26:28;3;2;9999      88-1;05;CAMIONETA LUN 3;2091911;"CR23    ";"CRETA PORCELLANATOS S.A. -CRETA DISEGNO           ";BEETHOVEN 819;953071;"80-100G        ";80-100G - DUCHA EMB. C/TRANSF. GOLD C.CERAM FABRIC;1;1;1;23105265;030926072624508;181501087;;;;12/03/2031 00:00:00;1;13790092;03/09/2026 07:26:24;Maximiliano;Nievas;24385480;03/09/2026 06:37:19;7152;Mirko;Hernandez;Maximiliano Nievas;Mirko Hernandez
14141517;03/09/2026 10:18:30;3;2;0001  214785-1;05;CAMIONETA LUN 3;2091911;"CR23    ";"CRETA PORCELLANATOS S.A. -CRETA DISEGNO           ";BEETHOVEN 819;951384;"20010GR        ";20010GR - TOALLERO BARRAL GRAFITO LINEA PULSE  ;1;1;1;23106554;030926101830130;181510204;;;;07/27/2031 00:00:00;1;13793990;03/09/2026 10:18:30;Maximiliano;Nievas;24386793;03/09/2026 07:40:03;6867;Javier;Lescano;Maximiliano Nievas;Javier Lescano
14141517;03/09/2026 10:18:30;3;2;0001  214785-1;05;CAMIONETA LUN 3;2091911;"CR23    ";"CRETA PORCELLANATOS S.A. -CRETA DISEGNO           ";BEETHOVEN 819;951412;"20030GR        ";20030GR - PERCHA GRAFITO LINEA PULSE  ;1;1;1;23106554;030926101830130;181509267;;;;07/31/2031 00:00:00;1;13793990;03/09/2026 10:18:30;Maximiliano;Nievas;24386793;03/09/2026 07:40:03;6867;Javier;Lescano;Maximiliano Nievas;Javier Lescano
14141517;03/09/2026 10:18:30;3;2;0001  214785-1;05;CAMIONETA LUN 3;2091911;"CR23    ";"CRETA PORCELLANATOS S.A. -CRETA DISEGNO           ";BEETHOVEN 819;951426;"20040GR        ";20040GR - PORTA ROLLO GRAFITO LINEA PULSE;1;1;1;23106554;030926101830130;181509573;;;;07/31/2031 00:00:00;1;13793990;03/09/2026 10:18:30;Maximiliano;Nievas;24386793;03/09/2026 07:40:03;6867;Javier;Lescano;Maximiliano Nievas;Javier Lescano
14141517;03/09/2026 10:18:30;3;2;0001  214785-1;05;CAMIONETA LUN 3;2091911;"CR23    ";"CRETA PORCELLANATOS S.A. -CRETA DISEGNO           ";BEETHOVEN 819;952678;"60-203N        ";"LAVATORIO MONOCOMANDO BAJO ADRA BLACK                                 ";2;2;2;23106554;030926101830130;181510811;;;;07/29/2031 00:00:00;2;13793990;03/09/2026 10:18:30;Maximiliano;Nievas;24386793;03/09/2026 07:40:03;6867;Javier;Lescano;Maximiliano Nievas;Javier Lescano
14141517;03/09/2026 10:18:30;3;2;0001  214785-1;05;CAMIONETA LUN 3;2091911;"CR23    ";"CRETA PORCELLANATOS S.A. -CRETA DISEGNO           ";BEETHOVEN 819;952767;"62-175GR       ";62-175GR - LAVATORIO DE PARED PULSE GRAFITO C.CERAM;1;1;1;23106554;030926101830130;181510717;;;;09/03/2031 00:00:00;1;13793990;03/09/2026 10:18:30;Maximiliano;Nievas;24386793;03/09/2026 07:40:03;6867;Javier;Lescano;Maximiliano Nievas;Javier Lescano
14141517;03/09/2026 10:18:30;3;2;0001  214785-1;05;CAMIONETA LUN 3;2091911;"CR23    ";"CRETA PORCELLANATOS S.A. -CRETA DISEGNO           ";BEETHOVEN 819;952796;"63-168N        ";"LAVATORIO PARED EMB MONOC BLACK WAVE                                  ";2;2;2;23106554;030926101830130;181509073;;;;07/28/2031 00:00:00;2;13793990;03/09/2026 10:18:30;Maximiliano;Nievas;24386793;03/09/2026 07:40:03;6867;Javier;Lescano;Maximiliano Nievas;Javier Lescano
14141517;03/09/2026 10:18:30;3;2;0001  214785-1;05;CAMIONETA LUN 3;2091911;"CR23    ";"CRETA PORCELLANATOS S.A. -CRETA DISEGNO           ";BEETHOVEN 819;952916;"70-168N        ";70-168N - BIDE MONOC BLACK WAVE;2;2;2;23106554;030926101830130;181510532;;;;01/05/2032 00:00:00;2;13793990;03/09/2026 10:18:30;Maximiliano;Nievas;24386793;03/09/2026 07:40:03;6867;Javier;Lescano;Maximiliano Nievas;Javier Lescano
14141517;03/09/2026 10:18:30;3;2;0001  214785-1;05;CAMIONETA LUN 3;2091911;"CR23    ";"CRETA PORCELLANATOS S.A. -CRETA DISEGNO           ";BEETHOVEN 819;952923;"70-175GR       ";70-175GR - BIDE PULSE GRAFITO C.CERAM;1;1;1;23106554;030926101830130;181510700;;;;07/31/2031 00:00:00;1;13793990;03/09/2026 10:18:30;Maximiliano;Nievas;24386793;03/09/2026 07:40:03;6867;Javier;Lescano;Maximiliano Nievas;Javier Lescano
14141517;03/09/2026 10:18:30;3;2;0001  214785-1;05;CAMIONETA LUN 3;2091911;"CR23    ";"CRETA PORCELLANATOS S.A. -CRETA DISEGNO           ";BEETHOVEN 819;953120;"80-175GR       ";80-175GR - DUCHA EMB C/TRANSF. PULSE GRAFITO C.CERAM;1;1;1;23106554;030926101830130;181510685;;;;10/12/2031 00:00:00;1;13793990;03/09/2026 10:18:30;Maximiliano;Nievas;24386793;03/09/2026 07:40:03;6867;Javier;Lescano;Maximiliano Nievas;Javier Lescano
14141517;03/09/2026 10:18:30;3;2;0001  214785-1;05;CAMIONETA LUN 3;2091911;"CR23    ";"CRETA PORCELLANATOS S.A. -CRETA DISEGNO           ";BEETHOVEN 819;953334;"84-203         ";"DUCHA EXT C/COLUMNA Y TRANSF CR ADRA                                  ";1;1;1;23106554;030926101830130;181510015;;;;12/02/2031 00:00:00;1;13793990;03/09/2026 10:18:30;Maximiliano;Nievas;24386793;03/09/2026 07:40:03;6867;Javier;Lescano;Maximiliano Nievas;Javier Lescano
14141517;03/09/2026 10:18:30;3;2;0001  214785-1;05;CAMIONETA LUN 3;2091911;"CR23    ";"CRETA PORCELLANATOS S.A. -CRETA DISEGNO           ";BEETHOVEN 819;953347;"85-168N        ";85-168N - DUCHA MONOC C/TRANSF Y DUCHADOR BLACK WAVE;2;2;2;23106554;030926101830130;181508637;;;;01/20/2032 00:00:00;2;13793990;03/09/2026 10:18:30;Maximiliano;Nievas;24386793;03/09/2026 07:40:03;6867;Javier;Lescano;Maximiliano Nievas;Javier Lescano
14141564;03/09/2026 10:02:30;3;2;0001  214960-1;14;RETIRA;2094711;"SY05    ";"SANITARIOS YRIGOYEN CABRERA S. R. L.              ";DEBENEDETTI 3052;954947;"BID104-3       ";"BIDE 3 AGUJEROS BLANCO LINEA STONE                                    ";10;10;10;23094534;030926100230024;181413485;;;;07/30/2031 00:00:00;1;13793630;03/09/2026 10:02:30;Tiago;Rodriguez;24375419;02/09/2026 14:56:54;7673;Maximo;Batista;Tiago Rodriguez;Maximo Batista
14141564;03/09/2026 10:02:30;3;2;0001  214960-1;14;RETIRA;2094711;"SY05    ";"SANITARIOS YRIGOYEN CABRERA S. R. L.              ";DEBENEDETTI 3052;954947;"BID104-3       ";"BIDE 3 AGUJEROS BLANCO LINEA STONE                                    ";10;10;10;23113489;030926100131656;181555159;;;;07/30/2031 00:00:00;1;13793633;03/09/2026 10:01:31;Tiago;Rodriguez;;;;;;Tiago Rodriguez;
14141564;03/09/2026 10:02:30;3;2;0001  214960-1;14;RETIRA;2094711;"SY05    ";"SANITARIOS YRIGOYEN CABRERA S. R. L.              ";DEBENEDETTI 3052;954947;"BID104-3       ";"BIDE 3 AGUJEROS BLANCO LINEA STONE                                    ";10;10;10;23113494;030926100137897;181555201;;;;07/30/2031 00:00:00;1;13793636;03/09/2026 10:01:37;Tiago;Rodriguez;;;;;;Tiago Rodriguez;
14141564;03/09/2026 10:02:30;3;2;0001  214960-1;14;RETIRA;2094711;"SY05    ";"SANITARIOS YRIGOYEN CABRERA S. R. L.              ";DEBENEDETTI 3052;954947;"BID104-3       ";"BIDE 3 AGUJEROS BLANCO LINEA STONE                                    ";10;10;10;23113500;030926100144018;181555236;;;;07/30/2031 00:00:00;1;13793640;03/09/2026 10:01:44;Tiago;Rodriguez;;;;;;Tiago Rodriguez;
14141564;03/09/2026 10:02:30;3;2;0001  214960-1;14;RETIRA;2094711;"SY05    ";"SANITARIOS YRIGOYEN CABRERA S. R. L.              ";DEBENEDETTI 3052;954947;"BID104-3       ";"BIDE 3 AGUJEROS BLANCO LINEA STONE                                    ";10;10;10;23113502;030926100151359;181555279;;;;07/30/2031 00:00:00;1;13793644;03/09/2026 10:01:51;Tiago;Rodriguez;;;;;;Tiago Rodriguez;
14141564;03/09/2026 10:02:30;3;2;0001  214960-1;14;RETIRA;2094711;"SY05    ";"SANITARIOS YRIGOYEN CABRERA S. R. L.              ";DEBENEDETTI 3052;954947;"BID104-3       ";"BIDE 3 AGUJEROS BLANCO LINEA STONE                                    ";10;10;10;23113506;030926100157801;181555312;;;;07/30/2031 00:00:00;1;13793648;03/09/2026 10:01:57;Tiago;Rodriguez;;;;;;Tiago Rodriguez;
14141564;03/09/2026 10:02:30;3;2;0001  214960-1;14;RETIRA;2094711;"SY05    ";"SANITARIOS YRIGOYEN CABRERA S. R. L.              ";DEBENEDETTI 3052;954947;"BID104-3       ";"BIDE 3 AGUJEROS BLANCO LINEA STONE                                    ";10;10;10;23113509;030926100203680;181555338;;;;07/30/2031 00:00:00;1;13793649;03/09/2026 10:02:03;Tiago;Rodriguez;;;;;;Tiago Rodriguez;
14141564;03/09/2026 10:02:30;3;2;0001  214960-1;14;RETIRA;2094711;"SY05    ";"SANITARIOS YRIGOYEN CABRERA S. R. L.              ";DEBENEDETTI 3052;954947;"BID104-3       ";"BIDE 3 AGUJEROS BLANCO LINEA STONE                                    ";10;10;10;23113510;030926100209623;181555378;;;;07/30/2031 00:00:00;1;13793653;03/09/2026 10:02:09;Tiago;Rodriguez;;;;;;Tiago Rodriguez;
14141564;03/09/2026 10:02:30;3;2;0001  214960-1;14;RETIRA;2094711;"SY05    ";"SANITARIOS YRIGOYEN CABRERA S. R. L.              ";DEBENEDETTI 3052;954947;"BID104-3       ";"BIDE 3 AGUJEROS BLANCO LINEA STONE                                    ";10;10;10;23113513;030926100215507;181555415;;;;07/30/2031 00:00:00;1;13793659;03/09/2026 10:02:15;Tiago;Rodriguez;;;;;;Tiago Rodriguez;
14141564;03/09/2026 10:02:30;3;2;0001  214960-1;14;RETIRA;2094711;"SY05    ";"SANITARIOS YRIGOYEN CABRERA S. R. L.              ";DEBENEDETTI 3052;954947;"BID104-3       ";"BIDE 3 AGUJEROS BLANCO LINEA STONE                                    ";10;10;10;23113520;030926100223039;181555463;;;;07/30/2031 00:00:00;1;13793661;03/09/2026 10:02:23;Tiago;Rodriguez;;;;;;Tiago Rodriguez;
14141565;03/09/2026 09:18:15;3;2;0001  214962-1;14;RETIRA;2094711;"SY05    ";"SANITARIOS YRIGOYEN CABRERA S. R. L.              ";DEBENEDETTI 3052;952712;"61-176         ";61-176 - LAVATORIO MONOC ALTO CR RIO;10;10;10;23105227;030926091811190;181500832;;;;10/09/2031 00:00:00;6;13790248;03/09/2026 09:18:11;Maximiliano;Nievas;24385434;03/09/2026 06:40:07;7767;Leandro;Cantero;Maximiliano Nievas;Leandro Cantero
14141565;03/09/2026 09:18:15;3;2;0001  214962-1;14;RETIRA;2094711;"SY05    ";"SANITARIOS YRIGOYEN CABRERA S. R. L.              ";DEBENEDETTI 3052;951530;"20-146         ";20-146 - MONOCOMANDO DE COCINA CR LINEA MOVE;6;6;6;23107014;030926074205919;181501235;;;;10/09/2031 00:00:00;6;13790309;03/09/2026 07:42:06;Maximiliano;Nievas;;;;;;Maximiliano Nievas;
14141565;03/09/2026 09:18:15;3;2;0001  214962-1;14;RETIRA;2094711;"SY05    ";"SANITARIOS YRIGOYEN CABRERA S. R. L.              ";DEBENEDETTI 3052;952449;"51-107         ";51-107 - JGO. MESADA CR C.CERAM BEDIA;2;2;2;23107014;030926074205919;181501805;;;;11/10/2031 00:00:00;2;13790309;03/09/2026 07:42:06;Maximiliano;Nievas;;;;;;Maximiliano Nievas;
14141565;03/09/2026 09:18:15;3;2;0001  214962-1;14;RETIRA;2094711;"SY05    ";"SANITARIOS YRIGOYEN CABRERA S. R. L.              ";DEBENEDETTI 3052;952618;"60-133         ";60-133 - LAVATORIO MONOCOMANDO LUGO;4;4;4;23107014;030926074205919;181501165;;;;07/29/2031 00:00:00;4;13790309;03/09/2026 07:42:06;Maximiliano;Nievas;;;;;;Maximiliano Nievas;
14141565;03/09/2026 09:18:15;3;2;0001  214962-1;14;RETIRA;2094711;"SY05    ";"SANITARIOS YRIGOYEN CABRERA S. R. L.              ";DEBENEDETTI 3052;952638;"60-168N        ";60-168N - LAVATORIO MONOC BAJO BLACK WAVE;2;2;2;23107014;030926074205919;181500540;;;;07/27/2031 00:00:00;2;13790309;03/09/2026 07:42:06;Maximiliano;Nievas;;;;;;Maximiliano Nievas;
14141565;03/09/2026 09:18:15;3;2;0001  214962-1;14;RETIRA;2094711;"SY05    ";"SANITARIOS YRIGOYEN CABRERA S. R. L.              ";DEBENEDETTI 3052;952647;"60-176         ";"LAVATORIO MONOCOMANDO BAJO CR RIO                                     ";20;20;20;23107014;030926074205919;181500981;;;;10/11/2031 00:00:00;20;13790309;03/09/2026 07:42:06;Maximiliano;Nievas;;;;;;Maximiliano Nievas;
14141565;03/09/2026 09:18:15;3;2;0001  214962-1;14;RETIRA;2094711;"SY05    ";"SANITARIOS YRIGOYEN CABRERA S. R. L.              ";DEBENEDETTI 3052;952712;"61-176         ";61-176 - LAVATORIO MONOC ALTO CR RIO;10;10;10;23107014;030926074205919;181511219;;;;10/09/2031 00:00:00;4;13790309;03/09/2026 07:42:06;Maximiliano;Nievas;;;;;;Maximiliano Nievas;
14141565;03/09/2026 09:18:15;3;2;0001  214962-1;14;RETIRA;2094711;"SY05    ";"SANITARIOS YRIGOYEN CABRERA S. R. L.              ";DEBENEDETTI 3052;952723;"61-200C        ";61-200C - LAVATORIO MONOC ALTO CR FABRIC;2;2;2;23107014;030926074205919;181500461;;;;07/27/2031 00:00:00;2;13790309;03/09/2026 07:42:06;Maximiliano;Nievas;;;;;;Maximiliano Nievas;
14141565;03/09/2026 09:18:15;3;2;0001  214962-1;14;RETIRA;2094711;"SY05    ";"SANITARIOS YRIGOYEN CABRERA S. R. L.              ";DEBENEDETTI 3052;952925;"70-176         ";70-176 - BIDE MONOC C/TRANSF CR RIO;4;4;4;23107014;030926074205919;181500686;;;;11/17/2031 00:00:00;4;13790309;03/09/2026 07:42:06;Maximiliano;Nievas;;;;;;Maximiliano Nievas;
14141565;03/09/2026 09:18:15;3;2;0001  214962-1;14;RETIRA;2094711;"SY05    ";"SANITARIOS YRIGOYEN CABRERA S. R. L.              ";DEBENEDETTI 3052;952926;"70-176N        ";70-176N - BIDE MONOC C/TRANSF BLACK RIO;6;6;6;23107014;030926074205919;181501509;;;;11/23/2031 00:00:00;6;13790309;03/09/2026 07:42:06;Maximiliano;Nievas;;;;;;Maximiliano Nievas;
14141565;03/09/2026 09:18:15;3;2;0001  214962-1;14;RETIRA;2094711;"SY05    ";"SANITARIOS YRIGOYEN CABRERA S. R. L.              ";DEBENEDETTI 3052;953113;"80-168N        ";80-168N - DUCHA EMB C/TRANSF MONOC BLACK WAVE;1;1;1;23107014;030926074205919;181501996;;;;01/22/2032 00:00:00;1;13790309;03/09/2026 07:42:06;Maximiliano;Nievas;;;;;;Maximiliano Nievas;
14141565;03/09/2026 09:18:15;3;2;0001  214962-1;14;RETIRA;2094711;"SY05    ";"SANITARIOS YRIGOYEN CABRERA S. R. L.              ";DEBENEDETTI 3052;953122;"80-176         ";80-176 - DUCHA EMB C/TRANSF MONOC CR RIO;4;4;4;23107014;030926074205919;181500910;;;;07/29/2031 00:00:00;4;13790309;03/09/2026 07:42:06;Maximiliano;Nievas;;;;;;Maximiliano Nievas;
14141565;03/09/2026 09:18:15;3;2;0001  214962-1;14;RETIRA;2094711;"SY05    ";"SANITARIOS YRIGOYEN CABRERA S. R. L.              ";DEBENEDETTI 3052;953312;"83-133         ";83-133 - DUCHA EXT. C/TRANSF. MONOCOMANDO LUGO;2;2;2;23107014;030926074205919;181501321;;;;07/30/2031 00:00:00;2;13790309;03/09/2026 07:42:06;Maximiliano;Nievas;;;;;;Maximiliano Nievas;
14141565;03/09/2026 09:18:15;3;2;0001  214962-1;14;RETIRA;2094711;"SY05    ";"SANITARIOS YRIGOYEN CABRERA S. R. L.              ";DEBENEDETTI 3052;953346;"85-168         ";85-168 - DUCHA MONOC C/TRANSF Y DUCHADOR CR WAVE;2;2;2;23107014;030926074205919;181501710;;;;02/01/2032 00:00:00;2;13790309;03/09/2026 07:42:06;Maximiliano;Nievas;;;;;;Maximiliano Nievas;
14141565;03/09/2026 09:18:15;3;2;0001  214962-1;14;RETIRA;2094711;"SY05    ";"SANITARIOS YRIGOYEN CABRERA S. R. L.              ";DEBENEDETTI 3052;953347;"85-168N        ";85-168N - DUCHA MONOC C/TRANSF Y DUCHADOR BLACK WAVE;1;1;1;23107014;030926074205919;181501933;;;;01/20/2032 00:00:00;1;13790309;03/09/2026 07:42:06;Maximiliano;Nievas;;;;;;Maximiliano Nievas;
14141566;03/09/2026 07:48:01;3;2;0001  214961-2;14;RETIRA;2094711;"SY05    ";"SANITARIOS YRIGOYEN CABRERA S. R. L.              ";DEBENEDETTI 3052;956416;"INO104-2       ";"DEPOSITO C/DESCARGA DUAL BLANCO LINEA STONE                           ";8;8;8;23105149;030926074800060;181500329;;;;01/28/2032 00:00:00;8;13790378;03/09/2026 07:48:00;Maximiliano;Nievas;24385361;03/09/2026 06:18:24;7767;Leandro;Cantero;Maximiliano Nievas;Leandro Cantero
14141641;03/09/2026 06:13:58;3;2;4444    2392-1;10;URGENTES;2109166;"CLIEVEN ";"CLIENTE EVENTUAL                                  ";RIVADAVIA 3428;950907;"05-010         ";"LAVATORIO BAJO TEMPORIZADO TECNO                                      ";5;5;5;23105107;030926061357025;181499815;;;;07/28/2031 00:00:00;5;13789542;03/09/2026 06:13:57;Gaston Alejandro;Kiriczuk;24385294;03/09/2026 06:11:25;7767;Leandro;Cantero;Gaston Alejandro Kiriczuk;Leandro Cantero
14141645;03/09/2026 12:23:28;3;2;0008    2890-1;14;RETIRA;2092572;"FS09    ";"FANTINI SERGIO DANIEL - DIST.GUALEGUAY            ";B. ROLDAN 2183;953324;"835            ";835 - JGO.MDA. P.FUNDIDO CR MURCIA;6;6;6;23105113;030926122327387;181501270;;;;07/29/2031 00:00:00;6;13798115;03/09/2026 12:23:27;Agustin;Scirica;24385307;03/09/2026 06:35:49;7673;Maximo;Batista;Agustin Scirica;Maximo Batista
14141645;03/09/2026 12:23:28;3;2;0008    2890-1;14;RETIRA;2092572;"FS09    ";"FANTINI SERGIO DANIEL - DIST.GUALEGUAY            ";B. ROLDAN 2183;953432;"910/M          ";"910/M - JGO.MDA.P.CANO CROMO ""DIQUE""";10;10;10;23105113;030926122327387;181501166;;;;12/21/2031 00:00:00;10;13798115;03/09/2026 12:23:27;Agustin;Scirica;24385307;03/09/2026 06:35:49;7673;Maximo;Batista;Agustin Scirica;Maximo Batista
14141645;03/09/2026 12:23:28;3;2;0008    2890-1;14;RETIRA;2092572;"FS09    ";"FANTINI SERGIO DANIEL - DIST.GUALEGUAY            ";B. ROLDAN 2183;953312;"83-133         ";83-133 - DUCHA EXT. C/TRANSF. MONOCOMANDO LUGO;6;6;6;23105113;030926122327387;181500796;;;;07/30/2031 00:00:00;6;13798115;03/09/2026 12:23:27;Agustin;Scirica;24385307;03/09/2026 06:35:49;7673;Maximo;Batista;Agustin Scirica;Maximo Batista
14141645;03/09/2026 12:23:28;3;2;0008    2890-1;14;RETIRA;2092572;"FS09    ";"FANTINI SERGIO DANIEL - DIST.GUALEGUAY            ";B. ROLDAN 2183;953244;"814/CRC        ";814/CRC - MESADA P.FUNDIDO CR/CR C.CERAM. ARES;6;6;6;23105113;030926122327387;181501499;;;;02/16/2032 00:00:00;6;13798115;03/09/2026 12:23:27;Agustin;Scirica;24385307;03/09/2026 06:35:49;7673;Maximo;Batista;Agustin Scirica;Maximo Batista
14141645;03/09/2026 12:23:28;3;2;0008    2890-1;14;RETIRA;2092572;"FS09    ";"FANTINI SERGIO DANIEL - DIST.GUALEGUAY            ";B. ROLDAN 2183;953243;"814/CR         ";814/CR - MESADA P.FUNDIDO CR/CR ARES;6;6;6;23105113;030926122327387;181501420;;;;01/13/2032 00:00:00;6;13798115;03/09/2026 12:23:27;Agustin;Scirica;24385307;03/09/2026 06:35:49;7673;Maximo;Batista;Agustin Scirica;Maximo Batista
14141645;03/09/2026 12:23:28;3;2;0008    2890-1;14;RETIRA;2092572;"FS09    ";"FANTINI SERGIO DANIEL - DIST.GUALEGUAY            ";B. ROLDAN 2183;952712;"61-176         ";61-176 - LAVATORIO MONOC ALTO CR RIO;6;6;6;23105113;030926122327387;181500449;;;;10/09/2031 00:00:00;6;13798115;03/09/2026 12:23:27;Agustin;Scirica;24385307;03/09/2026 06:35:49;7673;Maximo;Batista;Agustin Scirica;Maximo Batista
14141645;03/09/2026 12:23:28;3;2;0008    2890-1;14;RETIRA;2092572;"FS09    ";"FANTINI SERGIO DANIEL - DIST.GUALEGUAY            ";B. ROLDAN 2183;952647;"60-176         ";"LAVATORIO MONOCOMANDO BAJO CR RIO                                     ";2;2;2;23105113;030926122327387;181500363;;;;10/11/2031 00:00:00;2;13798115;03/09/2026 12:23:27;Agustin;Scirica;24385307;03/09/2026 06:35:49;7673;Maximo;Batista;Agustin Scirica;Maximo Batista
14141645;03/09/2026 12:23:28;3;2;0008    2890-1;14;RETIRA;2092572;"FS09    ";"FANTINI SERGIO DANIEL - DIST.GUALEGUAY            ";B. ROLDAN 2183;952618;"60-133         ";60-133 - LAVATORIO MONOCOMANDO LUGO;6;6;6;23105113;030926122327387;181500701;;;;07/29/2031 00:00:00;6;13798115;03/09/2026 12:23:27;Agustin;Scirica;24385307;03/09/2026 06:35:49;7673;Maximo;Batista;Agustin Scirica;Maximo Batista
14141645;03/09/2026 12:23:28;3;2;0008    2890-1;14;RETIRA;2092572;"FS09    ";"FANTINI SERGIO DANIEL - DIST.GUALEGUAY            ";B. ROLDAN 2183;951553;"20-184         ";"MONOCOMANDO DE COCINA CR SUV                                          ";12;12;12;23105113;030926122327387;181500217;;;;10/04/2031 00:00:00;12;13798115;03/09/2026 12:23:27;Agustin;Scirica;24385307;03/09/2026 06:35:49;7673;Maximo;Batista;Agustin Scirica;Maximo Batista
14141645;03/09/2026 12:23:28;3;2;0008    2890-1;14;RETIRA;2092572;"FS09    ";"FANTINI SERGIO DANIEL - DIST.GUALEGUAY            ";B. ROLDAN 2183;951548;"20-179         ";20-179 - MONOCOMANDO DE COCINA LARA;8;8;8;23105113;030926122327387;181500658;;;;07/27/2031 00:00:00;8;13798115;03/09/2026 12:23:27;Agustin;Scirica;24385307;03/09/2026 06:35:49;7673;Maximo;Batista;Agustin Scirica;Maximo Batista
14141645;03/09/2026 12:23:28;3;2;0008    2890-1;14;RETIRA;2092572;"FS09    ";"FANTINI SERGIO DANIEL - DIST.GUALEGUAY            ";B. ROLDAN 2183;951545;"20-172         ";20-172 - COCINA MESADA MONOC. COLORS NEGRO;6;6;6;23105113;030926122327387;181500059;;;;07/28/2031 00:00:00;6;13798115;03/09/2026 12:23:27;Agustin;Scirica;24385307;03/09/2026 06:35:49;7673;Maximo;Batista;Agustin Scirica;Maximo Batista
14141645;03/09/2026 12:23:28;3;2;0008    2890-1;14;RETIRA;2092572;"FS09    ";"FANTINI SERGIO DANIEL - DIST.GUALEGUAY            ";B. ROLDAN 2183;951535;"20-160         ";20-160 - MONOCOMANDO MESADA COCINA DIQUE;8;8;8;23105113;030926122327387;181500571;;;;07/28/2031 00:00:00;8;13798115;03/09/2026 12:23:27;Agustin;Scirica;24385307;03/09/2026 06:35:49;7673;Maximo;Batista;Agustin Scirica;Maximo Batista
14141645;03/09/2026 12:23:28;3;2;0008    2890-1;14;RETIRA;2092572;"FS09    ";"FANTINI SERGIO DANIEL - DIST.GUALEGUAY            ";B. ROLDAN 2183;951531;"20-146N        ";20-146N - MONOCOMANDO DE COCINA BLACK LINEA MOVE;6;6;6;23105113;030926122327387;181500508;;;;07/30/2031 00:00:00;6;13798115;03/09/2026 12:23:27;Agustin;Scirica;24385307;03/09/2026 06:35:49;7673;Maximo;Batista;Agustin Scirica;Maximo Batista
14141645;03/09/2026 12:23:28;3;2;0008    2890-1;14;RETIRA;2092572;"FS09    ";"FANTINI SERGIO DANIEL - DIST.GUALEGUAY            ";B. ROLDAN 2183;951523;"20-134         ";20-134 - MONOCOMANDO COCINA BETIS;12;12;12;23105113;030926122327387;181500917;;;;08/11/2031 00:00:00;12;13798115;03/09/2026 12:23:27;Agustin;Scirica;24385307;03/09/2026 06:35:49;7673;Maximo;Batista;Agustin Scirica;Maximo Batista
14141645;03/09/2026 12:23:28;3;2;0008    2890-1;14;RETIRA;2092572;"FS09    ";"FANTINI SERGIO DANIEL - DIST.GUALEGUAY            ";B. ROLDAN 2183;951488;"20-102         ";"20-102 - MONOCOMANDO MESADA CROMO ""RENACER""";10;10;10;23105113;030926122327387;181500942;;;;08/20/2031 00:00:00;10;13798115;03/09/2026 12:23:27;Agustin;Scirica;24385307;03/09/2026 06:35:49;7673;Maximo;Batista;Agustin Scirica;Maximo Batista
14141646;03/09/2026 08:04:29;3;2;0008    2891-1;14;RETIRA;2092572;"FS09    ";"FANTINI SERGIO DANIEL - DIST.GUALEGUAY            ";B. ROLDAN 2183;951563;"20-202NI       ";20-202NI - MONOCOMANDO COCINA NICKEL HOOP;2;2;2;23105108;030926080427853;181500041;;;;07/29/2031 00:00:00;2;13790630;03/09/2026 08:04:27;Maximiliano;Nievas;24385293;03/09/2026 06:19:46;7636;Kevin;Arce;Maximiliano Nievas;Kevin Arce
14141646;03/09/2026 08:04:29;3;2;0008    2891-1;14;RETIRA;2092572;"FS09    ";"FANTINI SERGIO DANIEL - DIST.GUALEGUAY            ";B. ROLDAN 2183;952648;"60-176N        ";"LAVATORIO MONOCOMANDO BAJO BLACK RIO                                  ";2;2;2;23105108;030926080427853;181500421;;;;07/29/2031 00:00:00;2;13790630;03/09/2026 08:04:27;Maximiliano;Nievas;24385293;03/09/2026 06:19:46;7636;Kevin;Arce;Maximiliano Nievas;Kevin Arce
14141646;03/09/2026 08:04:29;3;2;0008    2891-1;14;RETIRA;2092572;"FS09    ";"FANTINI SERGIO DANIEL - DIST.GUALEGUAY            ";B. ROLDAN 2183;952713;"61-176N        ";61-176N - LAVATORIO MONOC ALTO BLACK RIO;3;3;3;23105108;030926080427853;181500265;;;;07/29/2031 00:00:00;3;13790630;03/09/2026 08:04:27;Maximiliano;Nievas;24385293;03/09/2026 06:19:46;7636;Kevin;Arce;Maximiliano Nievas;Kevin Arce
14141648;03/09/2026 07:58:50;3;2;0001  214959-1;14;RETIRA;2091857;"CO42    ";"COLADONATO FEDERICO N.-SANITARIOS CARUPA          ";AV. JUAN B. JUSTO 2476;951551;"20-182N        ";20-182N - MONOCOMANDO DE COCINA MULTIFUNCION BLACK ZENITH;1;1;1;23105244;030926075849063;181500628;;;;07/30/2031 00:00:00;1;13790555;03/09/2026 07:58:49;Maximiliano;Nievas;24385444;03/09/2026 06:30:56;7636;Kevin;Arce;Maximiliano Nievas;Kevin Arce
14141648;03/09/2026 07:58:50;3;2;0001  214959-1;14;RETIRA;2091857;"CO42    ";"COLADONATO FEDERICO N.-SANITARIOS CARUPA          ";AV. JUAN B. JUSTO 2476;952582;"60-057         ";60-057 - LAVATORIO C.STD VERIN PLUS;4;4;4;23105244;030926075849063;181501048;;;;01/06/2032 00:00:00;4;13790555;03/09/2026 07:58:49;Maximiliano;Nievas;24385444;03/09/2026 06:30:56;7636;Kevin;Arce;Maximiliano Nievas;Kevin Arce
14141648;03/09/2026 07:58:50;3;2;0001  214959-1;14;RETIRA;2091857;"CO42    ";"COLADONATO FEDERICO N.-SANITARIOS CARUPA          ";AV. JUAN B. JUSTO 2476;952713;"61-176N        ";61-176N - LAVATORIO MONOC ALTO BLACK RIO;2;2;2;23105244;030926075849063;181500860;;;;07/29/2031 00:00:00;2;13790555;03/09/2026 07:58:49;Maximiliano;Nievas;24385444;03/09/2026 06:30:56;7636;Kevin;Arce;Maximiliano Nievas;Kevin Arce
14141648;03/09/2026 07:58:50;3;2;0001  214959-1;14;RETIRA;2091857;"CO42    ";"COLADONATO FEDERICO N.-SANITARIOS CARUPA          ";AV. JUAN B. JUSTO 2476;952860;"70-057         ";70-057 - BIDE C.STD VERIN PLUS;4;4;4;23105244;030926075849063;181501094;;;;01/11/2032 00:00:00;4;13790555;03/09/2026 07:58:49;Maximiliano;Nievas;24385444;03/09/2026 06:30:56;7636;Kevin;Arce;Maximiliano Nievas;Kevin Arce
14141648;03/09/2026 07:58:50;3;2;0001  214959-1;14;RETIRA;2091857;"CO42    ";"COLADONATO FEDERICO N.-SANITARIOS CARUPA          ";AV. JUAN B. JUSTO 2476;952912;"70-162         ";70-162 - BIDE CR C.CERAM LINEA ADRA;4;4;4;23105244;030926075849063;181500969;;;;07/29/2031 00:00:00;4;13790555;03/09/2026 07:58:49;Maximiliano;Nievas;24385444;03/09/2026 06:30:56;7636;Kevin;Arce;Maximiliano Nievas;Kevin Arce
14141648;03/09/2026 07:58:50;3;2;0001  214959-1;14;RETIRA;2091857;"CO42    ";"COLADONATO FEDERICO N.-SANITARIOS CARUPA          ";AV. JUAN B. JUSTO 2476;953059;"80-057         ";80-057 - DUCHA EMB. C/TRANSF. C.STD VERIN PLUS;4;4;4;23105244;030926075849063;181501145;;;;01/04/2032 00:00:00;4;13790555;03/09/2026 07:58:49;Maximiliano;Nievas;24385444;03/09/2026 06:30:56;7636;Kevin;Arce;Maximiliano Nievas;Kevin Arce
14141649;03/09/2026 08:05:49;3;2;0001  215031-1;14;RETIRA;2093847;"PE15    ";"PITA EPPER NICOLAS                                ";LADISLAO MARTINEZ 276 1 C;952596;"60-100G        ";60-100G - LAVATORIO GOLD C.CERAM FABRIC;1;1;1;23105097;030926080548684;181499919;;;;11/10/2031 00:00:00;1;13790701;03/09/2026 08:05:48;Maximiliano;Nievas;24385284;03/09/2026 06:15:27;7152;Mirko;Hernandez;Maximiliano Nievas;Mirko Hernandez
14141649;03/09/2026 08:05:49;3;2;0001  215031-1;14;RETIRA;2093847;"PE15    ";"PITA EPPER NICOLAS                                ";LADISLAO MARTINEZ 276 1 C;952673;"60-200G        ";60-200G - LAVATORIO MONOC BAJO GOLD FABRIC;1;1;1;23105097;030926080548684;181500099;;;;07/28/2031 00:00:00;1;13790701;03/09/2026 08:05:48;Maximiliano;Nievas;24385284;03/09/2026 06:15:27;7152;Mirko;Hernandez;Maximiliano Nievas;Mirko Hernandez
14141649;03/09/2026 08:05:49;3;2;0001  215031-1;14;RETIRA;2093847;"PE15    ";"PITA EPPER NICOLAS                                ";LADISLAO MARTINEZ 276 1 C;952800;"63-183         ";"LAVATORIO PARED EMB MONOCOMANDO MAT                                   ";1;1;1;23105097;030926080548684;181500002;;;;01/12/2032 00:00:00;1;13790701;03/09/2026 08:05:48;Maximiliano;Nievas;24385284;03/09/2026 06:15:27;7152;Mirko;Hernandez;Maximiliano Nievas;Mirko Hernandez
14141649;03/09/2026 08:05:49;3;2;0001  215031-1;14;RETIRA;2093847;"PE15    ";"PITA EPPER NICOLAS                                ";LADISLAO MARTINEZ 276 1 C;952950;"70-200G        ";70-200G - BIDE MONOCOMANDO GOLD FABRIC;1;1;1;23105097;030926080548684;181500069;;;;07/27/2031 00:00:00;1;13790701;03/09/2026 08:05:48;Maximiliano;Nievas;24385284;03/09/2026 06:15:27;7152;Mirko;Hernandez;Maximiliano Nievas;Mirko Hernandez
14141649;03/09/2026 08:05:49;3;2;0001  215031-1;14;RETIRA;2093847;"PE15    ";"PITA EPPER NICOLAS                                ";LADISLAO MARTINEZ 276 1 C;953153;"80-200G        ";80-200G - DUCHA EMB. MONOC. 3 FUNCIONES GOLD FABRIC;1;1;1;23105097;030926080548684;181499853;;;;12/03/2031 00:00:00;1;13790701;03/09/2026 08:05:48;Maximiliano;Nievas;24385284;03/09/2026 06:15:27;7152;Mirko;Hernandez;Maximiliano Nievas;Mirko Hernandez
14141649;03/09/2026 08:05:49;3;2;0001  215031-1;14;RETIRA;2093847;"PE15    ";"PITA EPPER NICOLAS                                ";LADISLAO MARTINEZ 276 1 C;953351;"85-183         ";"DUCHA EMB C/TRANSF Y DUCHADOR MONOC MAT                               ";1;1;1;23105097;030926080548684;181499980;;;;01/12/2032 00:00:00;1;13790701;03/09/2026 08:05:48;Maximiliano;Nievas;24385284;03/09/2026 06:15:27;7152;Mirko;Hernandez;Maximiliano Nievas;Mirko Hernandez
14141751;03/09/2026 10:19:34;3;2;0001  214673-1;05;CAMIONETA LUN 5;2094122;"RE19    ";"REVESTIR S.A.                                     ";AV. CENTENARIO 939;952938;"70-192         ";70-192 - BIDE SORIA BLACK;5;5;5;23107153;030926101934700;181514982;;;;07/27/2031 00:00:00;5;13794274;03/09/2026 10:19:34;Maximiliano;Nievas;24387330;03/09/2026 08:04:13;6867;Javier;Lescano;Maximiliano Nievas;Javier Lescano
14141752;03/09/2026 10:27:59;3;2;0001  214703-1;05;CAMIONETA LUN 5;2094599;"SP21    ";"SASSONE PABLO R. -GARAGE ABIERTO                  ";BERUTTI 1936;955159;"D439           ";D439 - KIT DE DUCHA MANUAL;1;1;1;23110513;030926102759495;181540187;;;;12/16/2031 00:00:00;1;13794295;03/09/2026 10:27:59;Maximiliano;Nievas;24390515;03/09/2026 09:17:33;6867;Javier;Lescano;Maximiliano Nievas;Javier Lescano
14141752;03/09/2026 10:27:59;3;2;0001  214703-1;05;CAMIONETA LUN 5;2094599;"SP21    ";"SASSONE PABLO R. -GARAGE ABIERTO                  ";BERUTTI 1936;952926;"70-176N        ";70-176N - BIDE MONOC C/TRANSF BLACK RIO;1;1;1;23110513;030926102759495;181539335;;;;11/23/2031 00:00:00;1;13794295;03/09/2026 10:27:59;Maximiliano;Nievas;24390515;03/09/2026 09:17:33;6867;Javier;Lescano;Maximiliano Nievas;Javier Lescano
14141752;03/09/2026 10:27:59;3;2;0001  214703-1;05;CAMIONETA LUN 5;2094599;"SP21    ";"SASSONE PABLO R. -GARAGE ABIERTO                  ";BERUTTI 1936;952661;"60-193         ";60-193 - LAVATORIO MONOCOMANDO BAJO MORA;1;1;1;23110513;030926102759495;181539956;;;;07/28/2031 00:00:00;1;13794295;03/09/2026 10:27:59;Maximiliano;Nievas;24390515;03/09/2026 09:17:33;6867;Javier;Lescano;Maximiliano Nievas;Javier Lescano
14141752;03/09/2026 10:27:59;3;2;0001  214703-1;05;CAMIONETA LUN 5;2094599;"SP21    ";"SASSONE PABLO R. -GARAGE ABIERTO                  ";BERUTTI 1936;952648;"60-176N        ";"LAVATORIO MONOCOMANDO BAJO BLACK RIO                                  ";1;1;1;23110513;030926102759495;181538276;;;;07/29/2031 00:00:00;1;13794295;03/09/2026 10:27:59;Maximiliano;Nievas;24390515;03/09/2026 09:17:33;6867;Javier;Lescano;Maximiliano Nievas;Javier Lescano
14141752;03/09/2026 10:27:59;3;2;0001  214703-1;05;CAMIONETA LUN 5;2094599;"SP21    ";"SASSONE PABLO R. -GARAGE ABIERTO                  ";BERUTTI 1936;952647;"60-176         ";"LAVATORIO MONOCOMANDO BAJO CR RIO                                     ";7;7;7;23110513;030926102759495;181539187;;;;10/11/2031 00:00:00;7;13794295;03/09/2026 10:27:59;Maximiliano;Nievas;24390515;03/09/2026 09:17:33;6867;Javier;Lescano;Maximiliano Nievas;Javier Lescano
14141752;03/09/2026 10:27:59;3;2;0001  214703-1;05;CAMIONETA LUN 5;2094599;"SP21    ";"SASSONE PABLO R. -GARAGE ABIERTO                  ";BERUTTI 1936;952634;"60-162         ";60-162 - LAVATORIO CR C.CERAM LINEA ADRA;2;2;2;23110513;030926102759495;181540359;;;;07/29/2031 00:00:00;2;13794295;03/09/2026 10:27:59;Maximiliano;Nievas;24390515;03/09/2026 09:17:33;6867;Javier;Lescano;Maximiliano Nievas;Javier Lescano
14141752;03/09/2026 10:27:59;3;2;0001  214703-1;05;CAMIONETA LUN 5;2094599;"SP21    ";"SASSONE PABLO R. -GARAGE ABIERTO                  ";BERUTTI 1936;951975;"3040           ";3040 - PORTA ROLLO LINEA 3000;3;3;3;23110513;030926102759495;181537437;;;;07/27/2031 00:00:00;3;13794295;03/09/2026 10:27:59;Maximiliano;Nievas;24390515;03/09/2026 09:17:33;6867;Javier;Lescano;Maximiliano Nievas;Javier Lescano
14141752;03/09/2026 10:27:59;3;2;0001  214703-1;05;CAMIONETA LUN 5;2094599;"SP21    ";"SASSONE PABLO R. -GARAGE ABIERTO                  ";BERUTTI 1936;951961;"3030           ";3030 - PERCHA LINEA 3000;3;3;3;23110513;030926102759495;181537308;;;;08/27/2031 00:00:00;3;13794295;03/09/2026 10:27:59;Maximiliano;Nievas;24390515;03/09/2026 09:17:33;6867;Javier;Lescano;Maximiliano Nievas;Javier Lescano
14141752;03/09/2026 10:27:59;3;2;0001  214703-1;05;CAMIONETA LUN 5;2094599;"SP21    ";"SASSONE PABLO R. -GARAGE ABIERTO                  ";BERUTTI 1936;951906;"3020           ";3020 - TOALLERO DE ARO LINEA 3000;5;5;5;23110513;030926102759495;181537226;;;;07/29/2031 00:00:00;5;13794295;03/09/2026 10:27:59;Maximiliano;Nievas;24390515;03/09/2026 09:17:33;6867;Javier;Lescano;Maximiliano Nievas;Javier Lescano
14141752;03/09/2026 10:27:59;3;2;0001  214703-1;05;CAMIONETA LUN 5;2094599;"SP21    ";"SASSONE PABLO R. -GARAGE ABIERTO                  ";BERUTTI 1936;951794;"3010           ";3010 - TOALLERO BARRAL LINEA 3000;2;2;2;23110513;030926102759495;181536991;;;;07/29/2031 00:00:00;2;13794295;03/09/2026 10:27:59;Maximiliano;Nievas;24390515;03/09/2026 09:17:33;6867;Javier;Lescano;Maximiliano Nievas;Javier Lescano
14141752;03/09/2026 10:27:59;3;2;0001  214703-1;05;CAMIONETA LUN 5;2094599;"SP21    ";"SASSONE PABLO R. -GARAGE ABIERTO                  ";BERUTTI 1936;951748;"3006           ";3006 - SET DE 6 PIEZAS LINEA 3000;3;3;3;23110513;030926102759495;181539781;;;;07/29/2031 00:00:00;3;13794295;03/09/2026 10:27:59;Maximiliano;Nievas;24390515;03/09/2026 09:17:33;6867;Javier;Lescano;Maximiliano Nievas;Javier Lescano
14141752;03/09/2026 10:27:59;3;2;0001  214703-1;05;CAMIONETA LUN 5;2094599;"SP21    ";"SASSONE PABLO R. -GARAGE ABIERTO                  ";BERUTTI 1936;951116;"12006          ";"SET DE 6 PIEZAS LINEA 12000                                           ";2;2;2;23110513;030926102759495;181539543;;;;07/30/2031 00:00:00;2;13794295;03/09/2026 10:27:59;Maximiliano;Nievas;24390515;03/09/2026 09:17:33;6867;Javier;Lescano;Maximiliano Nievas;Javier Lescano
14141753;03/09/2026 09:43:29;3;2;0001  214705-1;05;CAMIONETA LUN 5;2093977;"PP20    ";"PRIATEL PISOS S.R.L.                              ";HAITI 2187;952912;"70-162         ";70-162 - BIDE CR C.CERAM LINEA ADRA;1;1;1;23107208;030926094329114;181516358;;;;07/29/2031 00:00:00;1;13793077;03/09/2026 09:43:29;Maximiliano;Nievas;24387340;03/09/2026 08:08:59;7636;Kevin;Arce;Maximiliano Nievas;Kevin Arce
14141754;03/09/2026 09:46:26;3;2;0001  214812-1;05;CAMIONETA LUN 5;2092050;"DC18    ";"DI CARLO SEBASTIAN F -DI CARLO SANIT              ";DERQUI 5076;953243;"814/CR         ";814/CR - MESADA P.FUNDIDO CR/CR ARES;1;1;1;23107209;030926094622817;181513709;;;;01/13/2032 00:00:00;1;13793140;03/09/2026 09:46:22;Maximiliano;Nievas;24387340;03/09/2026 08:08:59;7636;Kevin;Arce;Maximiliano Nievas;Kevin Arce
14141754;03/09/2026 09:46:26;3;2;0001  214812-1;05;CAMIONETA LUN 5;2092050;"DC18    ";"DI CARLO SEBASTIAN F -DI CARLO SANIT              ";DERQUI 5076;952862;"70-058         ";70-058 - BIDE CR C.STD MALBA;4;4;4;23107209;030926094622817;181515513;;;;10/20/2031 00:00:00;4;13793140;03/09/2026 09:46:22;Maximiliano;Nievas;24387340;03/09/2026 08:08:59;7636;Kevin;Arce;Maximiliano Nievas;Kevin Arce
14141754;03/09/2026 09:46:26;3;2;0001  214812-1;05;CAMIONETA LUN 5;2092050;"DC18    ";"DI CARLO SEBASTIAN F -DI CARLO SANIT              ";DERQUI 5076;952583;"60-058         ";60-058 - LAVATORIO CR C.STD MALBA;3;3;3;23107209;030926094622817;181516125;;;;12/03/2031 00:00:00;3;13793140;03/09/2026 09:46:22;Maximiliano;Nievas;24387340;03/09/2026 08:08:59;7636;Kevin;Arce;Maximiliano Nievas;Kevin Arce
14141754;03/09/2026 09:46:26;3;2;0001  214812-1;05;CAMIONETA LUN 5;2092050;"DC18    ";"DI CARLO SEBASTIAN F -DI CARLO SANIT              ";DERQUI 5076;952438;"51-058         ";51-058 - COCINA MESADA CR C.STD MALBA;5;5;5;23107209;030926094622817;181516775;;;;10/19/2031 00:00:00;5;13793140;03/09/2026 09:46:22;Maximiliano;Nievas;24387340;03/09/2026 08:08:59;7636;Kevin;Arce;Maximiliano Nievas;Kevin Arce
14141754;03/09/2026 09:46:26;3;2;0001  214812-1;05;CAMIONETA LUN 5;2092050;"DC18    ";"DI CARLO SEBASTIAN F -DI CARLO SANIT              ";DERQUI 5076;951611;"21-160         ";"MONOCOMANDO DUO COCINA CROMO DIQUE                                    ";2;2;2;23107209;030926094622817;181513185;;;;12/14/2031 00:00:00;2;13793140;03/09/2026 09:46:22;Maximiliano;Nievas;24387340;03/09/2026 08:08:59;7636;Kevin;Arce;Maximiliano Nievas;Kevin Arce
14141755;03/09/2026 09:00:14;3;2;0001  214214-2;05;CAMIONETA LUN 5;2247574;"TS11    ";"TODO SANITARIOS Y GAS S.R.L.                      ";AV SANTA FE 1365;957871;"RA764          ";RA764 - BOLSITA P/CONEXION BIDET LINEAS STD COMPLETO;2;2;2;23107234;030926090013743;181513741;;;;02/01/2032 00:00:00;2;13791881;03/09/2026 09:00:13;Agustin;Scirica;24387416;03/09/2026 08:04:20;7767;Leandro;Cantero;Agustin Scirica;Leandro Cantero
14141755;03/09/2026 09:00:14;3;2;0001  214214-2;05;CAMIONETA LUN 5;2247574;"TS11    ";"TODO SANITARIOS Y GAS S.R.L.                      ";AV SANTA FE 1365;957469;"RA1076         ";"10 ORING P/MONOC COCINA RENACER                                       ";2;2;2;23107234;030926090013743;181514611;;;;01/14/2032 00:00:00;2;13791881;03/09/2026 09:00:13;Agustin;Scirica;24387416;03/09/2026 08:04:20;7767;Leandro;Cantero;Agustin Scirica;Leandro Cantero
14141756;03/09/2026 09:31:51;3;2;0001  214867-1;05;CAMIONETA LUN 5;2094270;"SA04    ";"SANITARIOS ADELINA S.R.L.                         ";AV. DE MAYO 480;952438;"51-058         ";51-058 - COCINA MESADA CR C.STD MALBA;2;2;2;23107210;030926093148851;181516872;;;;10/19/2031 00:00:00;2;13792722;03/09/2026 09:31:48;Maximiliano;Nievas;24387340;03/09/2026 08:08:59;7636;Kevin;Arce;Maximiliano Nievas;Kevin Arce
14141758;03/09/2026 09:08:12;3;2;0001  214926-1;05;CAMIONETA LUN 5;2092387;"FA20    ";"FALABELLA S.A.                                    ";AV LIBERTADOR 77;954679;"A843           ";A843 - DUCHADOR ANTICALCAREO 5F C/BARRAL,SOP,FLEX,JABONER;2;2;2;23107771;030926090812439;181519113;;;;07/28/2031 00:00:00;2;13791848;03/09/2026 09:08:12;Tiago;Rodriguez;24387938;03/09/2026 08:46:42;6867;Javier;Lescano;Tiago Rodriguez;Javier Lescano
14141758;03/09/2026 09:08:12;3;2;0001  214926-1;05;CAMIONETA LUN 5;2092387;"FA20    ";"FALABELLA S.A.                                    ";AV LIBERTADOR 77;951259;"16006BL        ";16006BL - SET 6 PIEZAS ACCESORIOS LINEA 16000 BLACK;4;4;4;23110213;030926085934673;181519996;;;;07/27/2031 00:00:00;4;13791872;03/09/2026 08:59:34;Tiago;Rodriguez;;;;;;Tiago Rodriguez;
14141758;03/09/2026 09:08:12;3;2;0001  214926-1;05;CAMIONETA LUN 5;2092387;"FA20    ";"FALABELLA S.A.                                    ";AV LIBERTADOR 77;951258;"16006          ";16006 - SET 6 PIEZAS ACCESORIOS LINEA 16000;4;4;4;23110213;030926085934673;181523486;;;;07/29/2031 00:00:00;4;13791872;03/09/2026 08:59:34;Tiago;Rodriguez;;;;;;Tiago Rodriguez;
14141758;03/09/2026 09:08:12;3;2;0001  214926-1;05;CAMIONETA LUN 5;2092387;"FA20    ";"FALABELLA S.A.                                    ";AV LIBERTADOR 77;951098;"11006          ";"SET DE 6 PIEZAS LINEA 11000                                           ";2;2;2;23110251;030926090027366;181522439;;;;07/29/2031 00:00:00;2;13791896;03/09/2026 09:00:27;Tiago;Rodriguez;;;;;;Tiago Rodriguez;
14141758;03/09/2026 09:08:12;3;2;0001  214926-1;05;CAMIONETA LUN 5;2092387;"FA20    ";"FALABELLA S.A.                                    ";AV LIBERTADOR 77;951116;"12006          ";"SET DE 6 PIEZAS LINEA 12000                                           ";4;4;4;23110251;030926090027366;181522044;;;;07/30/2031 00:00:00;4;13791896;03/09/2026 09:00:27;Tiago;Rodriguez;;;;;;Tiago Rodriguez;
14141758;03/09/2026 09:08:12;3;2;0001  214926-1;05;CAMIONETA LUN 5;2092387;"FA20    ";"FALABELLA S.A.                                    ";AV LIBERTADOR 77;951748;"3006           ";3006 - SET DE 6 PIEZAS LINEA 3000;2;2;2;23110251;030926090027366;181522248;;;;07/29/2031 00:00:00;2;13791896;03/09/2026 09:00:27;Tiago;Rodriguez;;;;;;Tiago Rodriguez;
14141758;03/09/2026 09:08:12;3;2;0001  214926-1;05;CAMIONETA LUN 5;2092387;"FA20    ";"FALABELLA S.A.                                    ";AV LIBERTADOR 77;952452;"51-122         ";51-122 - MESADA BIMANDO CR C.CERAM VALENCIA;3;3;3;23110291;030926090114647;181524562;;;;01/03/2032 00:00:00;3;13791918;03/09/2026 09:01:14;Tiago;Rodriguez;;;;;;Tiago Rodriguez;
14141758;03/09/2026 09:08:12;3;2;0001  214926-1;05;CAMIONETA LUN 5;2092387;"FA20    ";"FALABELLA S.A.                                    ";AV LIBERTADOR 77;952456;"51-190         ";51-190 - MESADA BIMANDO C.CERAM BLACK VELVET;7;7;7;23110328;030926090143337;181535331;;;;10/13/2031 00:00:00;3;13791933;03/09/2026 09:01:43;Tiago;Rodriguez;;;;;;Tiago Rodriguez;
14141758;03/09/2026 09:08:12;3;2;0001  214926-1;05;CAMIONETA LUN 5;2092387;"FA20    ";"FALABELLA S.A.                                    ";AV LIBERTADOR 77;952456;"51-190         ";51-190 - MESADA BIMANDO C.CERAM BLACK VELVET;7;7;7;23110352;030926090217869;181535586;;;;10/13/2031 00:00:00;3;13791942;03/09/2026 09:02:17;Tiago;Rodriguez;;;;;;Tiago Rodriguez;
14141758;03/09/2026 09:08:12;3;2;0001  214926-1;05;CAMIONETA LUN 5;2092387;"FA20    ";"FALABELLA S.A.                                    ";AV LIBERTADOR 77;953109;"80-166         ";"DUCHA EMB. C/TRANSF. CR C.CERAM ADRA PLUS                             ";7;7;7;23110382;030926090252558;181535788;;;;01/18/2032 00:00:00;4;13791957;03/09/2026 09:02:52;Tiago;Rodriguez;;;;;;Tiago Rodriguez;
14141758;03/09/2026 09:08:12;3;2;0001  214926-1;05;CAMIONETA LUN 5;2092387;"FA20    ";"FALABELLA S.A.                                    ";AV LIBERTADOR 77;952456;"51-190         ";51-190 - MESADA BIMANDO C.CERAM BLACK VELVET;7;7;7;23110423;030926090336772;181524204;;;;10/13/2031 00:00:00;1;13791976;03/09/2026 09:03:36;Tiago;Rodriguez;;;;;;Tiago Rodriguez;
14141758;03/09/2026 09:08:12;3;2;0001  214926-1;05;CAMIONETA LUN 5;2092387;"FA20    ";"FALABELLA S.A.                                    ";AV LIBERTADOR 77;953109;"80-166         ";"DUCHA EMB. C/TRANSF. CR C.CERAM ADRA PLUS                             ";7;7;7;23110423;030926090336772;181517441;;;;01/18/2032 00:00:00;3;13791976;03/09/2026 09:03:36;Tiago;Rodriguez;;;;;;Tiago Rodriguez;
14141758;03/09/2026 09:08:12;3;2;0001  214926-1;05;CAMIONETA LUN 5;2092387;"FA20    ";"FALABELLA S.A.                                    ";AV LIBERTADOR 77;952634;"60-162         ";60-162 - LAVATORIO CR C.CERAM LINEA ADRA;5;5;5;23110457;030926090418759;181517680;;;;07/29/2031 00:00:00;5;13791995;03/09/2026 09:04:18;Tiago;Rodriguez;;;;;;Tiago Rodriguez;
14141758;03/09/2026 09:08:12;3;2;0001  214926-1;05;CAMIONETA LUN 5;2092387;"FA20    ";"FALABELLA S.A.                                    ";AV LIBERTADOR 77;952441;"51-061         ";51-061 - COCINA MESADA CR C.STD PUEBLA;11;11;11;23110457;030926090418759;181536271;;;;07/29/2031 00:00:00;5;13791995;03/09/2026 09:04:18;Tiago;Rodriguez;;;;;;Tiago Rodriguez;
14141758;03/09/2026 09:08:12;3;2;0001  214926-1;05;CAMIONETA LUN 5;2092387;"FA20    ";"FALABELLA S.A.                                    ";AV LIBERTADOR 77;952441;"51-061         ";51-061 - COCINA MESADA CR C.STD PUEBLA;11;11;11;23110523;030926090534756;181518230;;;;07/29/2031 00:00:00;6;13792017;03/09/2026 09:05:34;Tiago;Rodriguez;;;;;;Tiago Rodriguez;
14141758;03/09/2026 09:08:12;3;2;0001  214926-1;05;CAMIONETA LUN 5;2092387;"FA20    ";"FALABELLA S.A.                                    ";AV LIBERTADOR 77;952664;"60-196         ";60-196 - LAVATORIO CR C.CERAM LOOP;4;4;4;23110523;030926090534756;181518666;;;;07/31/2031 00:00:00;4;13792017;03/09/2026 09:05:34;Tiago;Rodriguez;;;;;;Tiago Rodriguez;
14141758;03/09/2026 09:08:12;3;2;0001  214926-1;05;CAMIONETA LUN 5;2092387;"FA20    ";"FALABELLA S.A.                                    ";AV LIBERTADOR 77;953474;"933            ";933 - JGO PARED C/EXT CR DIQUE;3;3;3;23110550;030926090603022;181522623;;;;01/07/2032 00:00:00;3;13792028;03/09/2026 09:06:03;Tiago;Rodriguez;;;;;;Tiago Rodriguez;
14141758;03/09/2026 09:08:12;3;2;0001  214926-1;05;CAMIONETA LUN 5;2092387;"FA20    ";"FALABELLA S.A.                                    ";AV LIBERTADOR 77;951512;"20-122         ";"MONOCOMANDO COCINA CR C/PICO EXTRAIBLE VALENCIA                       ";7;7;7;23110582;030926090644174;181537015;;;;08/06/2031 00:00:00;1;13792037;03/09/2026 09:06:44;Tiago;Rodriguez;;;;;;Tiago Rodriguez;
14141758;03/09/2026 09:08:12;3;2;0001  214926-1;05;CAMIONETA LUN 5;2092387;"FA20    ";"FALABELLA S.A.                                    ";AV LIBERTADOR 77;952650;"60-180         ";60-180 - LAVATORIO MONOCOMANDO BAJO VERA;5;5;5;23110582;030926090644174;181520711;;;;07/28/2031 00:00:00;5;13792037;03/09/2026 09:06:44;Tiago;Rodriguez;;;;;;Tiago Rodriguez;
14141758;03/09/2026 09:08:12;3;2;0001  214926-1;05;CAMIONETA LUN 5;2092387;"FA20    ";"FALABELLA S.A.                                    ";AV LIBERTADOR 77;951512;"20-122         ";"MONOCOMANDO COCINA CR C/PICO EXTRAIBLE VALENCIA                       ";7;7;7;23110613;030926090718735;181519560;;;;08/06/2031 00:00:00;6;13792052;03/09/2026 09:07:18;Tiago;Rodriguez;;;;;;Tiago Rodriguez;
14141758;03/09/2026 09:08:12;3;2;0001  214926-1;05;CAMIONETA LUN 5;2092387;"FA20    ";"FALABELLA S.A.                                    ";AV LIBERTADOR 77;951523;"20-134         ";20-134 - MONOCOMANDO COCINA BETIS;5;5;5;23110630;030926090739440;181523068;;;;08/11/2031 00:00:00;5;13792062;03/09/2026 09:07:39;Tiago;Rodriguez;;;;;;Tiago Rodriguez;
14141758;03/09/2026 09:08:12;3;2;0001  214926-1;05;CAMIONETA LUN 5;2092387;"FA20    ";"FALABELLA S.A.                                    ";AV LIBERTADOR 77;951547;"20-174         ";20-174 - COCINA MESADA MONOC. COLORS BLACK;4;4;4;23110639;030926090753471;181521318;;;;07/28/2031 00:00:00;4;13792066;03/09/2026 09:07:53;Tiago;Rodriguez;;;;;;Tiago Rodriguez;
14141759;03/09/2026 09:30:39;3;2;0001  214927-1;05;CAMIONETA LUN 5;2092050;"DC18    ";"DI CARLO SEBASTIAN F -DI CARLO SANIT              ";DERQUI 5076;953406;"90-045         ";90-045 - PACK GRIF LAV-BID-DUCHA C/TRANSF CRUZ;1;1;1;23107211;030926093037243;181513884;;;;08/04/2031 00:00:00;1;13792686;03/09/2026 09:30:37;Maximiliano;Nievas;24387340;03/09/2026 08:08:59;7636;Kevin;Arce;Maximiliano Nievas;Kevin Arce
14141760;03/09/2026 10:17:57;3;2;0001  214982-1;05;CAMIONETA LUN 5;2091287;"BF11    ";"BLANCO FERNANDO - TECNOGRIF -                     ";AV PERON 3601;953109;"80-166         ";"DUCHA EMB. C/TRANSF. CR C.CERAM ADRA PLUS                             ";4;4;4;23109970;030926101756881;181533686;;;;01/18/2032 00:00:00;4;13794073;03/09/2026 10:17:56;Tiago;Rodriguez;24390027;03/09/2026 09:07:30;7152;Mirko;Hernandez;Tiago Rodriguez;Mirko Hernandez
14141760;03/09/2026 10:17:57;3;2;0001  214982-1;05;CAMIONETA LUN 5;2091287;"BF11    ";"BLANCO FERNANDO - TECNOGRIF -                     ";AV PERON 3601;952925;"70-176         ";70-176 - BIDE MONOC C/TRANSF CR RIO;5;5;5;23114191;030926101456793;181536782;;;;11/17/2031 00:00:00;5;13794123;03/09/2026 10:14:56;Tiago;Rodriguez;;;;;;Tiago Rodriguez;
14141760;03/09/2026 10:17:57;3;2;0001  214982-1;05;CAMIONETA LUN 5;2091287;"BF11    ";"BLANCO FERNANDO - TECNOGRIF -                     ";AV PERON 3601;952647;"60-176         ";"LAVATORIO MONOCOMANDO BAJO CR RIO                                     ";3;3;3;23114212;030926101529019;181537066;;;;10/11/2031 00:00:00;3;13794147;03/09/2026 10:15:29;Tiago;Rodriguez;;;;;;Tiago Rodriguez;
14141760;03/09/2026 10:17:57;3;2;0001  214982-1;05;CAMIONETA LUN 5;2091287;"BF11    ";"BLANCO FERNANDO - TECNOGRIF -                     ";AV PERON 3601;951532;"20-147         ";20-147 - MONOCOMANDO DE COCINA SWIFT;3;3;3;23114264;030926101636623;181536392;;;;07/29/2031 00:00:00;3;13794193;03/09/2026 10:16:36;Tiago;Rodriguez;;;;;;Tiago Rodriguez;
14141760;03/09/2026 10:17:57;3;2;0001  214982-1;05;CAMIONETA LUN 5;2091287;"BF11    ";"BLANCO FERNANDO - TECNOGRIF -                     ";AV PERON 3601;951530;"20-146         ";20-146 - MONOCOMANDO DE COCINA CR LINEA MOVE;2;2;2;23114264;030926101636623;181534956;;;;10/09/2031 00:00:00;2;13794193;03/09/2026 10:16:36;Tiago;Rodriguez;;;;;;Tiago Rodriguez;
14141760;03/09/2026 10:17:57;3;2;0001  214982-1;05;CAMIONETA LUN 5;2091287;"BF11    ";"BLANCO FERNANDO - TECNOGRIF -                     ";AV PERON 3601;952453;"51-131         ";51-131 - MESADA BIMANDO CR C.CERAM MALLORCA;1;1;1;23114315;030926101713885;181533975;;;;01/11/2032 00:00:00;1;13794216;03/09/2026 10:17:13;Tiago;Rodriguez;;;;;;Tiago Rodriguez;
14141760;03/09/2026 10:17:57;3;2;0001  214982-1;05;CAMIONETA LUN 5;2091287;"BF11    ";"BLANCO FERNANDO - TECNOGRIF -                     ";AV PERON 3601;951653;"22-178         ";22-178 - MONOCOMANDO DE COCINA P/AGUA FILTRADA VITA;1;1;1;23114315;030926101713885;181535624;;;;12/23/2031 00:00:00;1;13794216;03/09/2026 10:17:13;Tiago;Rodriguez;;;;;;Tiago Rodriguez;
14141761;03/09/2026 09:41:03;3;2;0001  214986-1;05;CAMIONETA LUN 5;2091373;"BO16    ";"BODEN CERAMICS S.R.L. -SYRIA CERAMICOS            ";PANAMERICANA 2144;952874;"70-100G        ";70-100G - BIDE GOLD C.CERAM FABRIC;2;2;2;23107212;030926094103003;181514820;;;;07/29/2031 00:00:00;2;13792792;03/09/2026 09:41:03;Maximiliano;Nievas;24387340;03/09/2026 08:08:59;7636;Kevin;Arce;Maximiliano Nievas;Kevin Arce
14141761;03/09/2026 09:41:03;3;2;0001  214986-1;05;CAMIONETA LUN 5;2091373;"BO16    ";"BODEN CERAMICS S.R.L. -SYRIA CERAMICOS            ";PANAMERICANA 2144;952596;"60-100G        ";60-100G - LAVATORIO GOLD C.CERAM FABRIC;5;5;5;23107212;030926094103003;181514648;;;;11/10/2031 00:00:00;5;13792792;03/09/2026 09:41:03;Maximiliano;Nievas;24387340;03/09/2026 08:08:59;7636;Kevin;Arce;Maximiliano Nievas;Kevin Arce
14141762;03/09/2026 08:59:41;3;2;0001  214712-1;05;CAMIONETA LUN 5;2093638;"MU06    ";"MULTIMATERIALES S.R.L.                            ";AV. FLEMING 2291;957873;"RA766          ";RA766 - BOLSITA P/CONEXION LAVATORIO BRONCE;2;2;2;23107235;030926085940976;181516180;;;;07/31/2031 00:00:00;2;13791867;03/09/2026 08:59:40;Agustin;Scirica;24387416;03/09/2026 08:04:20;7767;Leandro;Cantero;Agustin Scirica;Leandro Cantero
14141762;03/09/2026 08:59:41;3;2;0001  214712-1;05;CAMIONETA LUN 5;2093638;"MU06    ";"MULTIMATERIALES S.R.L.                            ";AV. FLEMING 2291;957717;"RA1423         ";"CONEXIONES BRONCE P / TRANSF BIDE BEAT                                ";2;2;2;23107235;030926085940976;181514326;;;;02/03/2032 00:00:00;2;13791867;03/09/2026 08:59:40;Agustin;Scirica;24387416;03/09/2026 08:04:20;7767;Leandro;Cantero;Agustin Scirica;Leandro Cantero
14141762;03/09/2026 08:59:41;3;2;0001  214712-1;05;CAMIONETA LUN 5;2093638;"MU06    ";"MULTIMATERIALES S.R.L.                            ";AV. FLEMING 2291;957491;"RA1101-1N      ";RA1101-1N - FLEXIBLE BLACK MONOC COCINA CUINA M15 x 55cm;1;1;1;23107235;030926085940976;181514150;;;;12/23/2031 00:00:00;1;13791867;03/09/2026 08:59:40;Agustin;Scirica;24387416;03/09/2026 08:04:20;7767;Leandro;Cantero;Agustin Scirica;Leandro Cantero
14141763;03/09/2026 09:55:00;3;2;0001  214887-1;05;CAMIONETA LUN 5;2094122;"RE19    ";"REVESTIR S.A.                                     ";AV. CENTENARIO 939;957098;"PDU103         ";"PISO DUCHA RESINA POLIESTER BLANCA 1600x700x25                        ";3;3;3;23107303;030926095500115;181537065;;;;08/13/2031 00:00:00;1;13792558;03/09/2026 09:55:00;Tiago;Rodriguez;24387503;03/09/2026 09:21:18;6922;Franco;Potenza;Tiago Rodriguez;Franco Potenza
14141763;03/09/2026 09:55:00;3;2;0001  214887-1;05;CAMIONETA LUN 5;2094122;"RE19    ";"REVESTIR S.A.                                     ";AV. CENTENARIO 939;951113;"12004N         ";"SET DE 4 PIEZAS LINEA 12000 BLACK                                     ";3;3;3;23111624;030926092653966;181534068;;;;09/01/2031 00:00:00;3;13792594;03/09/2026 09:26:54;Tiago;Rodriguez;;;;;;Tiago Rodriguez;
14141763;03/09/2026 09:55:00;3;2;0001  214887-1;05;CAMIONETA LUN 5;2094122;"RE19    ";"REVESTIR S.A.                                     ";AV. CENTENARIO 939;952468;"52-121N        ";52-121N - GRIFERIA REBATIBLE LLENADO DE OLLAS MARBELLA BLACK;5;5;5;23111624;030926092653966;181532231;;;;07/28/2031 00:00:00;5;13792594;03/09/2026 09:26:54;Tiago;Rodriguez;;;;;;Tiago Rodriguez;
14141763;03/09/2026 09:55:00;3;2;0001  214887-1;05;CAMIONETA LUN 5;2094122;"RE19    ";"REVESTIR S.A.                                     ";AV. CENTENARIO 939;952467;"52-121         ";52-121 - GRIFERIA REBATIBLE P/LLENADO DE OLLAS MARBELLA;1;1;1;23111624;030926092653966;181532023;;;;07/29/2031 00:00:00;1;13792594;03/09/2026 09:26:54;Tiago;Rodriguez;;;;;;Tiago Rodriguez;
14141763;03/09/2026 09:55:00;3;2;0001  214887-1;05;CAMIONETA LUN 5;2094122;"RE19    ";"REVESTIR S.A.                                     ";AV. CENTENARIO 939;952915;"70-168         ";70-168 - BIDE MONOC CR WAVE;1;1;1;23111669;030926092729075;181532475;;;;01/18/2032 00:00:00;1;13792611;03/09/2026 09:27:29;Tiago;Rodriguez;;;;;;Tiago Rodriguez;
14141763;03/09/2026 09:55:00;3;2;0001  214887-1;05;CAMIONETA LUN 5;2094122;"RE19    ";"REVESTIR S.A.                                     ";AV. CENTENARIO 939;952916;"70-168N        ";70-168N - BIDE MONOC BLACK WAVE;1;1;1;23111669;030926092729075;181527179;;;;01/05/2032 00:00:00;1;13792611;03/09/2026 09:27:29;Tiago;Rodriguez;;;;;;Tiago Rodriguez;
14141763;03/09/2026 09:55:00;3;2;0001  214887-1;05;CAMIONETA LUN 5;2094122;"RE19    ";"REVESTIR S.A.                                     ";AV. CENTENARIO 939;953122;"80-176         ";80-176 - DUCHA EMB C/TRANSF MONOC CR RIO;2;2;2;23111669;030926092729075;181525229;;;;07/29/2031 00:00:00;2;13792611;03/09/2026 09:27:29;Tiago;Rodriguez;;;;;;Tiago Rodriguez;
14141763;03/09/2026 09:55:00;3;2;0001  214887-1;05;CAMIONETA LUN 5;2094122;"RE19    ";"REVESTIR S.A.                                     ";AV. CENTENARIO 939;953123;"80-176N        ";80-176N - DUCHA EMB C/TRANSF MONOC BLACK RIO;1;1;1;23111669;030926092729075;181524702;;;;07/27/2031 00:00:00;1;13792611;03/09/2026 09:27:29;Tiago;Rodriguez;;;;;;Tiago Rodriguez;
14141763;03/09/2026 09:55:00;3;2;0001  214887-1;05;CAMIONETA LUN 5;2094122;"RE19    ";"REVESTIR S.A.                                     ";AV. CENTENARIO 939;952637;"60-168         ";60-168 - LAVATORIO MONOC BAJO CR WAVE;2;2;2;23111669;030926092729075;181531792;;;;07/27/2031 00:00:00;2;13792611;03/09/2026 09:27:29;Tiago;Rodriguez;;;;;;Tiago Rodriguez;
14141763;03/09/2026 09:55:00;3;2;0001  214887-1;05;CAMIONETA LUN 5;2094122;"RE19    ";"REVESTIR S.A.                                     ";AV. CENTENARIO 939;952672;"60-200C        ";60-200C - LAVATORIO MONOC BAJO CR FABRIC;3;3;3;23111669;030926092729075;181530449;;;;07/28/2031 00:00:00;3;13792611;03/09/2026 09:27:29;Tiago;Rodriguez;;;;;;Tiago Rodriguez;
14141763;03/09/2026 09:55:00;3;2;0001  214887-1;05;CAMIONETA LUN 5;2094122;"RE19    ";"REVESTIR S.A.                                     ";AV. CENTENARIO 939;952647;"60-176         ";"LAVATORIO MONOCOMANDO BAJO CR RIO                                     ";3;3;3;23111714;030926092810454;181525533;;;;10/11/2031 00:00:00;3;13792625;03/09/2026 09:28:10;Tiago;Rodriguez;;;;;;Tiago Rodriguez;
14141763;03/09/2026 09:55:00;3;2;0001  214887-1;05;CAMIONETA LUN 5;2094122;"RE19    ";"REVESTIR S.A.                                     ";AV. CENTENARIO 939;952638;"60-168N        ";60-168N - LAVATORIO MONOC BAJO BLACK WAVE;4;4;4;23111714;030926092810454;181531310;;;;07/27/2031 00:00:00;4;13792625;03/09/2026 09:28:10;Tiago;Rodriguez;;;;;;Tiago Rodriguez;
14141763;03/09/2026 09:55:00;3;2;0001  214887-1;05;CAMIONETA LUN 5;2094122;"RE19    ";"REVESTIR S.A.                                     ";AV. CENTENARIO 939;951524;"20-135         ";20-135 - MONOCOMANDO COCINA SANTANDER;1;1;1;23111738;030926092837899;181522981;;;;07/28/2031 00:00:00;1;13792640;03/09/2026 09:28:37;Tiago;Rodriguez;;;;;;Tiago Rodriguez;
14141763;03/09/2026 09:55:00;3;2;0001  214887-1;05;CAMIONETA LUN 5;2094122;"RE19    ";"REVESTIR S.A.                                     ";AV. CENTENARIO 939;952713;"61-176N        ";61-176N - LAVATORIO MONOC ALTO BLACK RIO;3;3;3;23111738;030926092837899;181525079;;;;07/29/2031 00:00:00;3;13792640;03/09/2026 09:28:37;Tiago;Rodriguez;;;;;;Tiago Rodriguez;
14141763;03/09/2026 09:55:00;3;2;0001  214887-1;05;CAMIONETA LUN 5;2094122;"RE19    ";"REVESTIR S.A.                                     ";AV. CENTENARIO 939;953153;"80-200G        ";80-200G - DUCHA EMB. MONOC. 3 FUNCIONES GOLD FABRIC;4;4;4;23111782;030926092915868;181544539;;;;12/03/2031 00:00:00;3;13792659;03/09/2026 09:29:15;Tiago;Rodriguez;;;;;;Tiago Rodriguez;
14141763;03/09/2026 09:55:00;3;2;0001  214887-1;05;CAMIONETA LUN 5;2094122;"RE19    ";"REVESTIR S.A.                                     ";AV. CENTENARIO 939;953070;"80-100C        ";80-100C - DUCHA EMB. C/TRANSF. CR C.CERAM FABRIC;3;3;3;23111862;030926093019697;181518181;;;;07/29/2031 00:00:00;3;13792682;03/09/2026 09:30:19;Tiago;Rodriguez;;;;;;Tiago Rodriguez;
14141763;03/09/2026 09:55:00;3;2;0001  214887-1;05;CAMIONETA LUN 5;2094122;"RE19    ";"REVESTIR S.A.                                     ";AV. CENTENARIO 939;953148;"80-199         ";80-199 - DUCHA EMB. C/TRANSF. CR C.CERAM LIVE;2;2;2;23111879;030926093038966;181516754;;;;11/04/2031 00:00:00;2;13792692;03/09/2026 09:30:38;Tiago;Rodriguez;;;;;;Tiago Rodriguez;
14141763;03/09/2026 09:55:00;3;2;0001  214887-1;05;CAMIONETA LUN 5;2094122;"RE19    ";"REVESTIR S.A.                                     ";AV. CENTENARIO 939;953152;"80-200C        ";80-200C - DUCHA EMB. MONOC. 3 FUNCIONES CR FABRIC;1;1;1;23111879;030926093038966;181526738;;;;12/14/2031 00:00:00;1;13792692;03/09/2026 09:30:38;Tiago;Rodriguez;;;;;;Tiago Rodriguez;
14141763;03/09/2026 09:55:00;3;2;0001  214887-1;05;CAMIONETA LUN 5;2094122;"RE19    ";"REVESTIR S.A.                                     ";AV. CENTENARIO 939;952667;"60-199         ";60-199 - LAVATORIO CR C.CERAM LIVE;2;2;2;23111910;030926093111849;181545226;;;;11/16/2031 00:00:00;1;13792709;03/09/2026 09:31:11;Tiago;Rodriguez;;;;;;Tiago Rodriguez;
14141763;03/09/2026 09:55:00;3;2;0001  214887-1;05;CAMIONETA LUN 5;2094122;"RE19    ";"REVESTIR S.A.                                     ";AV. CENTENARIO 939;952676;"60-201NI       ";60-201NI - LAVATORIO C.CERAM BEAT NICKEL;3;3;3;23111910;030926093111849;181516953;;;;08/20/2031 00:00:00;3;13792709;03/09/2026 09:31:11;Tiago;Rodriguez;;;;;;Tiago Rodriguez;
14141763;03/09/2026 09:55:00;3;2;0001  214887-1;05;CAMIONETA LUN 5;2094122;"RE19    ";"REVESTIR S.A.                                     ";AV. CENTENARIO 939;952641;"60-175         ";60-175 - LAVATORIO CR. C.CERAM PULSE;1;1;1;23111937;030926093140363;181522288;;;;07/29/2031 00:00:00;1;13792734;03/09/2026 09:31:40;Tiago;Rodriguez;;;;;;Tiago Rodriguez;
14141763;03/09/2026 09:55:00;3;2;0001  214887-1;05;CAMIONETA LUN 5;2094122;"RE19    ";"REVESTIR S.A.                                     ";AV. CENTENARIO 939;952595;"60-100C        ";60-100C - LAVATORIO CR C.CERAM FABRIC;2;2;2;23111937;030926093140363;181518848;;;;08/17/2031 00:00:00;2;13792734;03/09/2026 09:31:40;Tiago;Rodriguez;;;;;;Tiago Rodriguez;
14141763;03/09/2026 09:55:00;3;2;0001  214887-1;05;CAMIONETA LUN 5;2094122;"RE19    ";"REVESTIR S.A.                                     ";AV. CENTENARIO 939;952740;"62-100G        ";62-100G - LAVATORIO DE PARED GOLD C.CERAM FABRIC;7;7;7;23112292;030926093836193;181519579;;;;12/20/2031 00:00:00;7;13792909;03/09/2026 09:38:36;Tiago;Rodriguez;;;;;;Tiago Rodriguez;
14141763;03/09/2026 09:55:00;3;2;0001  214887-1;05;CAMIONETA LUN 5;2094122;"RE19    ";"REVESTIR S.A.                                     ";AV. CENTENARIO 939;952873;"70-100C        ";70-100C - BIDE CR C.CERAM FABRIC;2;2;2;23112292;030926093836193;181547607;;;;07/31/2031 00:00:00;1;13792909;03/09/2026 09:38:36;Tiago;Rodriguez;;;;;;Tiago Rodriguez;
14141763;03/09/2026 09:55:00;3;2;0001  214887-1;05;CAMIONETA LUN 5;2094122;"RE19    ";"REVESTIR S.A.                                     ";AV. CENTENARIO 939;952909;"70-153         ";70-153 - BIDE CR C.CERAM CASTILLA;3;3;3;23112328;030926093922601;181517640;;;;10/20/2031 00:00:00;3;13792931;03/09/2026 09:39:22;Tiago;Rodriguez;;;;;;Tiago Rodriguez;
14141763;03/09/2026 09:55:00;3;2;0001  214887-1;05;CAMIONETA LUN 5;2094122;"RE19    ";"REVESTIR S.A.                                     ";AV. CENTENARIO 939;952875;"70-100N        ";70-100N - BIDE BLACK C.CERAM FABRIC;2;2;2;23112328;030926093922601;181547849;;;;07/29/2031 00:00:00;1;13792931;03/09/2026 09:39:22;Tiago;Rodriguez;;;;;;Tiago Rodriguez;
14141763;03/09/2026 09:55:00;3;2;0001  214887-1;05;CAMIONETA LUN 5;2094122;"RE19    ";"REVESTIR S.A.                                     ";AV. CENTENARIO 939;952756;"62-153         ";62-153 - LAVATORIO PARED EMB. C.CERAM CASTILLA;3;3;3;23112328;030926093922601;181517830;;;;01/21/2032 00:00:00;3;13792931;03/09/2026 09:39:22;Tiago;Rodriguez;;;;;;Tiago Rodriguez;
14141763;03/09/2026 09:55:00;3;2;0001  214887-1;05;CAMIONETA LUN 5;2094122;"RE19    ";"REVESTIR S.A.                                     ";AV. CENTENARIO 939;952610;"60-122         ";60-122 - LAVATORIO C.CERAM CR VALENCIA;3;3;3;23112328;030926093922601;181517450;;;;12/10/2031 00:00:00;3;13792931;03/09/2026 09:39:22;Tiago;Rodriguez;;;;;;Tiago Rodriguez;
14141763;03/09/2026 09:55:00;3;2;0001  214887-1;05;CAMIONETA LUN 5;2094122;"RE19    ";"REVESTIR S.A.                                     ";AV. CENTENARIO 939;951533;"20-150         ";20-150 - MONOCOMANDO MESADA COCINA TOLEDO;2;2;2;23112374;030926094002973;181523626;;;;07/27/2031 00:00:00;2;13792951;03/09/2026 09:40:02;Tiago;Rodriguez;;;;;;Tiago Rodriguez;
14141763;03/09/2026 09:55:00;3;2;0001  214887-1;05;CAMIONETA LUN 5;2094122;"RE19    ";"REVESTIR S.A.                                     ";AV. CENTENARIO 939;952667;"60-199         ";60-199 - LAVATORIO CR C.CERAM LIVE;2;2;2;23112374;030926094002973;181516669;;;;11/16/2031 00:00:00;1;13792951;03/09/2026 09:40:02;Tiago;Rodriguez;;;;;;Tiago Rodriguez;
14141763;03/09/2026 09:55:00;3;2;0001  214887-1;05;CAMIONETA LUN 5;2094122;"RE19    ";"REVESTIR S.A.                                     ";AV. CENTENARIO 939;953153;"80-200G        ";80-200G - DUCHA EMB. MONOC. 3 FUNCIONES GOLD FABRIC;4;4;4;23112374;030926094002973;181516432;;;;12/03/2031 00:00:00;1;13792951;03/09/2026 09:40:02;Tiago;Rodriguez;;;;;;Tiago Rodriguez;
14141763;03/09/2026 09:55:00;3;2;0001  214887-1;05;CAMIONETA LUN 5;2094122;"RE19    ";"REVESTIR S.A.                                     ";AV. CENTENARIO 939;952953;"70-201NI       ";70-201NI - BIDE CR C.CERAM BEAT NICKEL;2;2;2;23112474;030926094206034;181517055;;;;07/29/2031 00:00:00;2;13793029;03/09/2026 09:42:06;Tiago;Rodriguez;;;;;;Tiago Rodriguez;
14141763;03/09/2026 09:55:00;3;2;0001  214887-1;05;CAMIONETA LUN 5;2094122;"RE19    ";"REVESTIR S.A.                                     ";AV. CENTENARIO 939;952875;"70-100N        ";70-100N - BIDE BLACK C.CERAM FABRIC;2;2;2;23112474;030926094206034;181519169;;;;07/29/2031 00:00:00;1;13793029;03/09/2026 09:42:06;Tiago;Rodriguez;;;;;;Tiago Rodriguez;
14141763;03/09/2026 09:55:00;3;2;0001  214887-1;05;CAMIONETA LUN 5;2094122;"RE19    ";"REVESTIR S.A.                                     ";AV. CENTENARIO 939;952873;"70-100C        ";70-100C - BIDE CR C.CERAM FABRIC;2;2;2;23112474;030926094206034;181518368;;;;07/31/2031 00:00:00;1;13793029;03/09/2026 09:42:06;Tiago;Rodriguez;;;;;;Tiago Rodriguez;
14141763;03/09/2026 09:55:00;3;2;0001  214887-1;05;CAMIONETA LUN 5;2094122;"RE19    ";"REVESTIR S.A.                                     ";AV. CENTENARIO 939;952763;"62-175         ";62-175 - LAVATORIO DE PARED CR C.CERAM PULSE;1;1;1;23112474;030926094206034;181522049;;;;07/31/2031 00:00:00;1;13793029;03/09/2026 09:42:06;Tiago;Rodriguez;;;;;;Tiago Rodriguez;
14141763;03/09/2026 09:55:00;3;2;0001  214887-1;05;CAMIONETA LUN 5;2094122;"RE19    ";"REVESTIR S.A.                                     ";AV. CENTENARIO 939;952739;"62-100C        ";62-100C - LAVATORIO DE PARED CR C.CERAM FABRIC;2;2;2;23112474;030926094206034;181519035;;;;07/31/2031 00:00:00;2;13793029;03/09/2026 09:42:06;Tiago;Rodriguez;;;;;;Tiago Rodriguez;
14141763;03/09/2026 09:55:00;3;2;0001  214887-1;05;CAMIONETA LUN 5;2094122;"RE19    ";"REVESTIR S.A.                                     ";AV. CENTENARIO 939;957102;"PDU120         ";"DESAGUE P/PISO DE DUCHA                                               ";9;9;9;23112506;030926094244402;181538661;;;;12/07/2031 00:00:00;9;13793053;03/09/2026 09:42:44;Tiago;Rodriguez;;;;;;Tiago Rodriguez;
14141763;03/09/2026 09:55:00;3;2;0001  214887-1;05;CAMIONETA LUN 5;2094122;"RE19    ";"REVESTIR S.A.                                     ";AV. CENTENARIO 939;951260;"16010          ";16010 - TOALLERO BARRAL LINEA 16000;1;1;1;23112586;030926094410562;181532946;;;;07/31/2031 00:00:00;1;13793101;03/09/2026 09:44:10;Tiago;Rodriguez;;;;;;Tiago Rodriguez;
14141763;03/09/2026 09:55:00;3;2;0001  214887-1;05;CAMIONETA LUN 5;2094122;"RE19    ";"REVESTIR S.A.                                     ";AV. CENTENARIO 939;951263;"16030BL        ";16030BL - PERCHA LINEA 16000 BLACK;3;3;3;23112586;030926094410562;181533603;;;;07/28/2031 00:00:00;3;13793101;03/09/2026 09:44:10;Tiago;Rodriguez;;;;;;Tiago Rodriguez;
14141763;03/09/2026 09:55:00;3;2;0001  214887-1;05;CAMIONETA LUN 5;2094122;"RE19    ";"REVESTIR S.A.                                     ";AV. CENTENARIO 939;951265;"16040BL        ";16040BL - PORTA ROLLO ACCESORIOS LINEA 16000 BLACK;3;3;3;23112586;030926094410562;181533437;;;;07/31/2031 00:00:00;3;13793101;03/09/2026 09:44:10;Tiago;Rodriguez;;;;;;Tiago Rodriguez;
14141763;03/09/2026 09:55:00;3;2;0001  214887-1;05;CAMIONETA LUN 5;2094122;"RE19    ";"REVESTIR S.A.                                     ";AV. CENTENARIO 939;951303;"17040G         ";17040G - PORTA ROLLO LINEA FABRIC GOLD;1;1;1;23112586;030926094410562;181529905;;;;07/28/2031 00:00:00;1;13793101;03/09/2026 09:44:10;Tiago;Rodriguez;;;;;;Tiago Rodriguez;
14141763;03/09/2026 09:55:00;3;2;0001  214887-1;05;CAMIONETA LUN 5;2094122;"RE19    ";"REVESTIR S.A.                                     ";AV. CENTENARIO 939;951318;"18040          ";18040 - PORTA ROLLO NIQUEL LINEA BEAT;3;3;3;23112586;030926094410562;181523951;;;;07/28/2031 00:00:00;3;13793101;03/09/2026 09:44:10;Tiago;Rodriguez;;;;;;Tiago Rodriguez;
14141763;03/09/2026 09:55:00;3;2;0001  214887-1;05;CAMIONETA LUN 5;2094122;"RE19    ";"REVESTIR S.A.                                     ";AV. CENTENARIO 939;951314;"18020          ";18020 - TOALLERO DE ARO NIQUEL LINEA BEAT;1;1;1;23112586;030926094410562;181524094;;;;07/29/2031 00:00:00;1;13793101;03/09/2026 09:44:10;Tiago;Rodriguez;;;;;;Tiago Rodriguez;
14141763;03/09/2026 09:55:00;3;2;0001  214887-1;05;CAMIONETA LUN 5;2094122;"RE19    ";"REVESTIR S.A.                                     ";AV. CENTENARIO 939;952926;"70-176N        ";70-176N - BIDE MONOC C/TRANSF BLACK RIO;6;6;6;23112684;030926094602159;181524629;;;;11/23/2031 00:00:00;6;13793156;03/09/2026 09:46:02;Tiago;Rodriguez;;;;;;Tiago Rodriguez;
14141763;03/09/2026 09:55:00;3;2;0001  214887-1;05;CAMIONETA LUN 5;2094122;"RE19    ";"REVESTIR S.A.                                     ";AV. CENTENARIO 939;951530;"20-146         ";20-146 - MONOCOMANDO DE COCINA CR LINEA MOVE;6;6;6;23112692;030926094612302;181529780;;;;10/09/2031 00:00:00;6;13793162;03/09/2026 09:46:12;Tiago;Rodriguez;;;;;;Tiago Rodriguez;
14141763;03/09/2026 09:55:00;3;2;0001  214887-1;05;CAMIONETA LUN 5;2094122;"RE19    ";"REVESTIR S.A.                                     ";AV. CENTENARIO 939;952712;"61-176         ";61-176 - LAVATORIO MONOC ALTO CR RIO;6;6;6;23112720;030926094650022;181525902;;;;10/09/2031 00:00:00;6;13793177;03/09/2026 09:46:50;Tiago;Rodriguez;;;;;;Tiago Rodriguez;
14141763;03/09/2026 09:55:00;3;2;0001  214887-1;05;CAMIONETA LUN 5;2094122;"RE19    ";"REVESTIR S.A.                                     ";AV. CENTENARIO 939;954885;"BAI01NI        ";BAI01NI - BACHA EMB COCINA C/ACCESORIOS 750x450x220 NICKEL BRUSHED;2;2;2;23112750;030926094732684;181550501;;;;09/28/2031 00:00:00;1;13793198;03/09/2026 09:47:32;Tiago;Rodriguez;;;;;;Tiago Rodriguez;
14141763;03/09/2026 09:55:00;3;2;0001  214887-1;05;CAMIONETA LUN 5;2094122;"RE19    ";"REVESTIR S.A.                                     ";AV. CENTENARIO 939;954883;"BAI01G         ";BAI01G - BACHA EMB COCINA C/ACCESORIOS 750x450x220 GOLD BRUSHED;4;4;4;23112805;030926094820695;181550772;;;;07/30/2031 00:00:00;1;13793227;03/09/2026 09:48:20;Tiago;Rodriguez;;;;;;Tiago Rodriguez;
14141763;03/09/2026 09:55:00;3;2;0001  214887-1;05;CAMIONETA LUN 5;2094122;"RE19    ";"REVESTIR S.A.                                     ";AV. CENTENARIO 939;954883;"BAI01G         ";BAI01G - BACHA EMB COCINA C/ACCESORIOS 750x450x220 GOLD BRUSHED;4;4;4;23112853;030926094856105;181550961;;;;07/30/2031 00:00:00;1;13793248;03/09/2026 09:48:56;Tiago;Rodriguez;;;;;;Tiago Rodriguez;
14141763;03/09/2026 09:55:00;3;2;0001  214887-1;05;CAMIONETA LUN 5;2094122;"RE19    ";"REVESTIR S.A.                                     ";AV. CENTENARIO 939;954885;"BAI01NI        ";BAI01NI - BACHA EMB COCINA C/ACCESORIOS 750x450x220 NICKEL BRUSHED;2;2;2;23112902;030926094937640;181514978;;;;09/28/2031 00:00:00;1;13793264;03/09/2026 09:49:37;Tiago;Rodriguez;;;;;;Tiago Rodriguez;
14141763;03/09/2026 09:55:00;3;2;0001  214887-1;05;CAMIONETA LUN 5;2094122;"RE19    ";"REVESTIR S.A.                                     ";AV. CENTENARIO 939;954883;"BAI01G         ";BAI01G - BACHA EMB COCINA C/ACCESORIOS 750x450x220 GOLD BRUSHED;4;4;4;23112917;030926094954104;181551303;;;;07/30/2031 00:00:00;1;13793272;03/09/2026 09:49:54;Tiago;Rodriguez;;;;;;Tiago Rodriguez;
14141763;03/09/2026 09:55:00;3;2;0001  214887-1;05;CAMIONETA LUN 5;2094122;"RE19    ";"REVESTIR S.A.                                     ";AV. CENTENARIO 939;954883;"BAI01G         ";BAI01G - BACHA EMB COCINA C/ACCESORIOS 750x450x220 GOLD BRUSHED;4;4;4;23112946;030926095035259;181514525;;;;07/30/2031 00:00:00;1;13793293;03/09/2026 09:50:35;Tiago;Rodriguez;;;;;;Tiago Rodriguez;
14141763;03/09/2026 09:55:00;3;2;0001  214887-1;05;CAMIONETA LUN 5;2094122;"RE19    ";"REVESTIR S.A.                                     ";AV. CENTENARIO 939;951485;"20-100G        ";20-100G - MONOCOMANDO DE COCINA FABRIC GOLD;5;5;5;23112960;030926095052182;181523442;;;;07/27/2031 00:00:00;5;13793306;03/09/2026 09:50:52;Tiago;Rodriguez;;;;;;Tiago Rodriguez;
14141763;03/09/2026 09:55:00;3;2;0001  214887-1;05;CAMIONETA LUN 5;2094122;"RE19    ";"REVESTIR S.A.                                     ";AV. CENTENARIO 939;957097;"PDU102N        ";"PISO DUCHA RESINA POLIESTER NEGRO 1200x700x25                         ";1;1;1;23113128;030926095403501;181537786;;;;08/13/2031 00:00:00;1;13793386;03/09/2026 09:54:03;Tiago;Rodriguez;;;;;;Tiago Rodriguez;
14141763;03/09/2026 09:55:00;3;2;0001  214887-1;05;CAMIONETA LUN 5;2094122;"RE19    ";"REVESTIR S.A.                                     ";AV. CENTENARIO 939;957098;"PDU103         ";"PISO DUCHA RESINA POLIESTER BLANCA 1600x700x25                        ";3;3;3;23113164;030926095438638;181552902;;;;08/13/2031 00:00:00;1;13793411;03/09/2026 09:54:38;Tiago;Rodriguez;;;;;;Tiago Rodriguez;
14141763;03/09/2026 09:55:00;3;2;0001  214887-1;05;CAMIONETA LUN 5;2094122;"RE19    ";"REVESTIR S.A.                                     ";AV. CENTENARIO 939;957098;"PDU103         ";"PISO DUCHA RESINA POLIESTER BLANCA 1600x700x25                        ";3;3;3;23113186;030926095452356;181552987;;;;08/13/2031 00:00:00;1;13793419;03/09/2026 09:54:52;Tiago;Rodriguez;;;;;;Tiago Rodriguez;
14141764;03/09/2026 09:00:54;3;2;0001  214513-2;05;CAMIONETA LUN 5;2092399;"FA32    ";"FERNANDEZ AGUSTIN JOSE - GASTITO                  ";PARANA 5295;957450;"RA1050         ";RA1050 - VOLANTE MALLORCA STD.;6;6;6;23107236;030926090054733;181513427;;;;02/21/2032 00:00:00;6;13791899;03/09/2026 09:00:54;Agustin;Scirica;24387416;03/09/2026 08:04:20;7767;Leandro;Cantero;Agustin Scirica;Leandro Cantero
14141766;03/09/2026 09:44:57;3;2;0001  214430-1;05;CAMIONETA LUN 5;2091837;"CO22    ";"COPMACO LTDA.                                     ";SANTA FE 597;951600;"209            ";209 - LAVATORIO CROMO LAZA;4;4;4;23107213;030926094454480;181515039;;;;01/10/2032 00:00:00;4;13793107;03/09/2026 09:44:54;Maximiliano;Nievas;24387340;03/09/2026 08:08:59;7636;Kevin;Arce;Maximiliano Nievas;Kevin Arce
14141766;03/09/2026 09:44:57;3;2;0001  214430-1;05;CAMIONETA LUN 5;2091837;"CO22    ";"COPMACO LTDA.                                     ";SANTA FE 597;952281;"429            ";"429 - DUCHA EMB.C/TRANSF.CR ""LAZA""";4;4;4;23107213;030926094454480;181514268;;;;01/12/2032 00:00:00;4;13793107;03/09/2026 09:44:54;Maximiliano;Nievas;24387340;03/09/2026 08:08:59;7636;Kevin;Arce;Maximiliano Nievas;Kevin Arce
14141767;03/09/2026 12:01:54;3;2;0001  214516-1;05;CAMIONETA LUN 5;2091837;"CO22    ";"COPMACO LTDA.                                     ";BV. SASTRE 3071;952683;"60-209         ";60-209 - LAVATORIO CR C.CERAM CADIZ;1;1;1;23107267;030926120152894;181513512;;;;09/10/2031 00:00:00;1;13797858;03/09/2026 12:01:52;Maximiliano;Nievas;24387460;03/09/2026 07:52:44;7152;Mirko;Hernandez;Maximiliano Nievas;Mirko Hernandez
14141767;03/09/2026 12:01:54;3;2;0001  214516-1;05;CAMIONETA LUN 5;2091837;"CO22    ";"COPMACO LTDA.                                     ";BV. SASTRE 3071;952960;"70-209         ";70-209 - BIDE CR C.CERAM CADIZ;2;2;2;23107267;030926120152894;181513101;;;;02/09/2032 00:00:00;2;13797858;03/09/2026 12:01:52;Maximiliano;Nievas;24387460;03/09/2026 07:52:44;7152;Mirko;Hernandez;Maximiliano Nievas;Mirko Hernandez
14141768;03/09/2026 12:02:29;3;2;0001  214606-1;05;CAMIONETA LUN 5;2091837;"CO22    ";"COPMACO LTDA.                                     ";BV. SASTRE 3071;953165;"80-209         ";"DUCHA EMB C/TRANSF CR C.CERAM CADIZ                                   ";1;1;1;23107268;030926120227819;181513415;;;;09/17/2031 00:00:00;1;13797871;03/09/2026 12:02:27;Maximiliano;Nievas;24387460;03/09/2026 07:52:44;7152;Mirko;Hernandez;Maximiliano Nievas;Mirko Hernandez
14141769;03/09/2026 10:28:33;3;2;0001  214641-1;05;CAMIONETA LUN 5;2091837;"CO22    ";"COPMACO LTDA.                                     ";AV. SANTIAGO MARZO SUR 1816;954885;"BAI01NI        ";BAI01NI - BACHA EMB COCINA C/ACCESORIOS 750x450x220 NICKEL BRUSHED;1;1;1;23107147;030926102833117;181512681;;;;09/28/2031 00:00:00;1;13794591;03/09/2026 10:28:33;Maximiliano;Nievas;24387328;03/09/2026 07:49:35;7152;Mirko;Hernandez;Maximiliano Nievas;Mirko Hernandez
14141770;03/09/2026 10:42:52;3;2;0001  214666-1;05;CAMIONETA LUN 5;2091837;"CO22    ";"COPMACO LTDA.                                     ";BANFI 570;951611;"21-160         ";"MONOCOMANDO DUO COCINA CROMO DIQUE                                    ";10;10;10;23107154;030926104251060;181514144;;;;12/14/2031 00:00:00;10;13795054;03/09/2026 10:42:51;Maximiliano;Nievas;24387330;03/09/2026 08:04:13;6867;Javier;Lescano;Maximiliano Nievas;Javier Lescano
14141771;03/09/2026 10:29:02;3;2;0001  214713-1;05;CAMIONETA LUN 5;2091837;"CO22    ";"COPMACO LTDA.                                     ";AV. SANTIAGO MARZO SUR 1816;954922;"BCH19          ";"BACHA DE APOYAR BLANCA 365x235x120                                    ";1;1;1;23107148;030926102902049;181512781;;;;07/28/2031 00:00:00;1;13794609;03/09/2026 10:29:02;Maximiliano;Nievas;24387328;03/09/2026 07:49:35;7152;Mirko;Hernandez;Maximiliano Nievas;Mirko Hernandez
14141772;03/09/2026 10:48:37;3;2;0001  214856-1;05;CAMIONETA LUN 5;2091837;"CO22    ";"COPMACO LTDA.                                     ";DAMASO VALDEZ ESQ. OLLEROS 398;954921;"BCH18          ";BCH18 - BACHA DE APOYAR SIMIL MARMOL 460x320x140;2;2;2;23109698;030926104837172;181535777;;;;10/04/2031 00:00:00;2;13795110;03/09/2026 10:48:37;Maximiliano;Nievas;24389787;03/09/2026 09:05:03;6867;Javier;Lescano;Maximiliano Nievas;Javier Lescano
14141772;03/09/2026 10:48:37;3;2;0001  214856-1;05;CAMIONETA LUN 5;2091837;"CO22    ";"COPMACO LTDA.                                     ";DAMASO VALDEZ ESQ. OLLEROS 398;953317;"83-176N        ";83-176N - DUCHA EXT. C/TRANSF. MONOC BLACK RIO;1;1;1;23109698;030926104837172;181533263;;;;07/29/2031 00:00:00;1;13795110;03/09/2026 10:48:37;Maximiliano;Nievas;24389787;03/09/2026 09:05:03;6867;Javier;Lescano;Maximiliano Nievas;Javier Lescano
14141772;03/09/2026 10:48:37;3;2;0001  214856-1;05;CAMIONETA LUN 5;2091837;"CO22    ";"COPMACO LTDA.                                     ";DAMASO VALDEZ ESQ. OLLEROS 398;953316;"83-176         ";83-176 - DUCHA EXT. C/TRANSF. MONOC CR RIO;1;1;1;23109698;030926104837172;181533225;;;;07/28/2031 00:00:00;1;13795110;03/09/2026 10:48:37;Maximiliano;Nievas;24389787;03/09/2026 09:05:03;6867;Javier;Lescano;Maximiliano Nievas;Javier Lescano
14141772;03/09/2026 10:48:37;3;2;0001  214856-1;05;CAMIONETA LUN 5;2091837;"CO22    ";"COPMACO LTDA.                                     ";DAMASO VALDEZ ESQ. OLLEROS 398;953156;"80-201NI       ";80-201NI - DUCHA EMB C/TRANSF C.CERAM BEAT NICKEL;1;1;1;23109698;030926104837172;181536434;;;;11/10/2031 00:00:00;1;13795110;03/09/2026 10:48:37;Maximiliano;Nievas;24389787;03/09/2026 09:05:03;6867;Javier;Lescano;Maximiliano Nievas;Javier Lescano
14141772;03/09/2026 10:48:37;3;2;0001  214856-1;05;CAMIONETA LUN 5;2091837;"CO22    ";"COPMACO LTDA.                                     ";DAMASO VALDEZ ESQ. OLLEROS 398;953131;"80-183         ";"DUCHA EMB C/TRANSF MONOCOMANDO MAT                                    ";1;1;1;23109698;030926104837172;181534428;;;;11/02/2031 00:00:00;1;13795110;03/09/2026 10:48:37;Maximiliano;Nievas;24389787;03/09/2026 09:05:03;6867;Javier;Lescano;Maximiliano Nievas;Javier Lescano
14141772;03/09/2026 10:48:37;3;2;0001  214856-1;05;CAMIONETA LUN 5;2091837;"CO22    ";"COPMACO LTDA.                                     ";DAMASO VALDEZ ESQ. OLLEROS 398;953123;"80-176N        ";80-176N - DUCHA EMB C/TRANSF MONOC BLACK RIO;1;1;1;23109698;030926104837172;181532836;;;;07/27/2031 00:00:00;1;13795110;03/09/2026 10:48:37;Maximiliano;Nievas;24389787;03/09/2026 09:05:03;6867;Javier;Lescano;Maximiliano Nievas;Javier Lescano
14141772;03/09/2026 10:48:37;3;2;0001  214856-1;05;CAMIONETA LUN 5;2091837;"CO22    ";"COPMACO LTDA.                                     ";DAMASO VALDEZ ESQ. OLLEROS 398;953122;"80-176         ";80-176 - DUCHA EMB C/TRANSF MONOC CR RIO;1;1;1;23109698;030926104837172;181532562;;;;07/29/2031 00:00:00;1;13795110;03/09/2026 10:48:37;Maximiliano;Nievas;24389787;03/09/2026 09:05:03;6867;Javier;Lescano;Maximiliano Nievas;Javier Lescano
14141772;03/09/2026 10:48:37;3;2;0001  214856-1;05;CAMIONETA LUN 5;2091837;"CO22    ";"COPMACO LTDA.                                     ";DAMASO VALDEZ ESQ. OLLEROS 398;952953;"70-201NI       ";70-201NI - BIDE CR C.CERAM BEAT NICKEL;1;1;1;23109698;030926104837172;181536270;;;;07/29/2031 00:00:00;1;13795110;03/09/2026 10:48:37;Maximiliano;Nievas;24389787;03/09/2026 09:05:03;6867;Javier;Lescano;Maximiliano Nievas;Javier Lescano
14141772;03/09/2026 10:48:37;3;2;0001  214856-1;05;CAMIONETA LUN 5;2091837;"CO22    ";"COPMACO LTDA.                                     ";DAMASO VALDEZ ESQ. OLLEROS 398;952933;"70-183         ";"BIDE MONOCOMANDO C/TRANSF MAT                                         ";1;1;1;23109698;030926104837172;181534590;;;;11/02/2031 00:00:00;1;13795110;03/09/2026 10:48:37;Maximiliano;Nievas;24389787;03/09/2026 09:05:03;6867;Javier;Lescano;Maximiliano Nievas;Javier Lescano
14141772;03/09/2026 10:48:37;3;2;0001  214856-1;05;CAMIONETA LUN 5;2091837;"CO22    ";"COPMACO LTDA.                                     ";DAMASO VALDEZ ESQ. OLLEROS 398;952926;"70-176N        ";70-176N - BIDE MONOC C/TRANSF BLACK RIO;1;1;1;23109698;030926104837172;181532879;;;;11/23/2031 00:00:00;1;13795110;03/09/2026 10:48:37;Maximiliano;Nievas;24389787;03/09/2026 09:05:03;6867;Javier;Lescano;Maximiliano Nievas;Javier Lescano
14141772;03/09/2026 10:48:37;3;2;0001  214856-1;05;CAMIONETA LUN 5;2091837;"CO22    ";"COPMACO LTDA.                                     ";DAMASO VALDEZ ESQ. OLLEROS 398;952925;"70-176         ";70-176 - BIDE MONOC C/TRANSF CR RIO;1;1;1;23109698;030926104837172;181532466;;;;11/17/2031 00:00:00;1;13795110;03/09/2026 10:48:37;Maximiliano;Nievas;24389787;03/09/2026 09:05:03;6867;Javier;Lescano;Maximiliano Nievas;Javier Lescano
14141772;03/09/2026 10:48:37;3;2;0001  214856-1;05;CAMIONETA LUN 5;2091837;"CO22    ";"COPMACO LTDA.                                     ";DAMASO VALDEZ ESQ. OLLEROS 398;952786;"62-201NI       ";62-201NI - LAVATORIO DE PARED C.CERAM BEAT NICKEL;1;1;1;23109698;030926104837172;181536146;;;;11/02/2031 00:00:00;1;13795110;03/09/2026 10:48:37;Maximiliano;Nievas;24389787;03/09/2026 09:05:03;6867;Javier;Lescano;Maximiliano Nievas;Javier Lescano
14141772;03/09/2026 10:48:37;3;2;0001  214856-1;05;CAMIONETA LUN 5;2091837;"CO22    ";"COPMACO LTDA.                                     ";DAMASO VALDEZ ESQ. OLLEROS 398;952719;"61-183         ";"LAVATORIO MONOCOMANDO ALTO MAT                                        ";1;1;1;23109698;030926104837172;181534716;;;;11/02/2031 00:00:00;1;13795110;03/09/2026 10:48:37;Maximiliano;Nievas;24389787;03/09/2026 09:05:03;6867;Javier;Lescano;Maximiliano Nievas;Javier Lescano
14141772;03/09/2026 10:48:37;3;2;0001  214856-1;05;CAMIONETA LUN 5;2091837;"CO22    ";"COPMACO LTDA.                                     ";DAMASO VALDEZ ESQ. OLLEROS 398;952713;"61-176N        ";61-176N - LAVATORIO MONOC ALTO BLACK RIO;1;1;1;23109698;030926104837172;181532694;;;;07/29/2031 00:00:00;1;13795110;03/09/2026 10:48:37;Maximiliano;Nievas;24389787;03/09/2026 09:05:03;6867;Javier;Lescano;Maximiliano Nievas;Javier Lescano
14141772;03/09/2026 10:48:37;3;2;0001  214856-1;05;CAMIONETA LUN 5;2091837;"CO22    ";"COPMACO LTDA.                                     ";DAMASO VALDEZ ESQ. OLLEROS 398;952712;"61-176         ";61-176 - LAVATORIO MONOC ALTO CR RIO;1;1;1;23109698;030926104837172;181532438;;;;10/09/2031 00:00:00;1;13795110;03/09/2026 10:48:37;Maximiliano;Nievas;24389787;03/09/2026 09:05:03;6867;Javier;Lescano;Maximiliano Nievas;Javier Lescano
14141772;03/09/2026 10:48:37;3;2;0001  214856-1;05;CAMIONETA LUN 5;2091837;"CO22    ";"COPMACO LTDA.                                     ";DAMASO VALDEZ ESQ. OLLEROS 398;952676;"60-201NI       ";60-201NI - LAVATORIO C.CERAM BEAT NICKEL;1;1;1;23109698;030926104837172;181536216;;;;08/20/2031 00:00:00;1;13795110;03/09/2026 10:48:37;Maximiliano;Nievas;24389787;03/09/2026 09:05:03;6867;Javier;Lescano;Maximiliano Nievas;Javier Lescano
14141772;03/09/2026 10:48:37;3;2;0001  214856-1;05;CAMIONETA LUN 5;2091837;"CO22    ";"COPMACO LTDA.                                     ";DAMASO VALDEZ ESQ. OLLEROS 398;952655;"60-183         ";"LAVATORIO MONOCOMANDO BAJO MAT                                        ";1;1;1;23109698;030926104837172;181534631;;;;11/02/2031 00:00:00;1;13795110;03/09/2026 10:48:37;Maximiliano;Nievas;24389787;03/09/2026 09:05:03;6867;Javier;Lescano;Maximiliano Nievas;Javier Lescano
14141772;03/09/2026 10:48:37;3;2;0001  214856-1;05;CAMIONETA LUN 5;2091837;"CO22    ";"COPMACO LTDA.                                     ";DAMASO VALDEZ ESQ. OLLEROS 398;952648;"60-176N        ";"LAVATORIO MONOCOMANDO BAJO BLACK RIO                                  ";1;1;1;23109698;030926104837172;181532737;;;;07/29/2031 00:00:00;1;13795110;03/09/2026 10:48:37;Maximiliano;Nievas;24389787;03/09/2026 09:05:03;6867;Javier;Lescano;Maximiliano Nievas;Javier Lescano
14141772;03/09/2026 10:48:37;3;2;0001  214856-1;05;CAMIONETA LUN 5;2091837;"CO22    ";"COPMACO LTDA.                                     ";DAMASO VALDEZ ESQ. OLLEROS 398;952647;"60-176         ";"LAVATORIO MONOCOMANDO BAJO CR RIO                                     ";1;1;1;23109698;030926104837172;181532526;;;;10/11/2031 00:00:00;1;13795110;03/09/2026 10:48:37;Maximiliano;Nievas;24389787;03/09/2026 09:05:03;6867;Javier;Lescano;Maximiliano Nievas;Javier Lescano
14141772;03/09/2026 10:48:37;3;2;0001  214856-1;05;CAMIONETA LUN 5;2091837;"CO22    ";"COPMACO LTDA.                                     ";DAMASO VALDEZ ESQ. OLLEROS 398;951760;"3006SS         ";3006SS - SET DE 6 PIEZAS LINEA 3000 SS;2;2;2;23109698;030926104837172;181533534;;;;07/29/2031 00:00:00;2;13795110;03/09/2026 10:48:37;Maximiliano;Nievas;24389787;03/09/2026 09:05:03;6867;Javier;Lescano;Maximiliano Nievas;Javier Lescano
14141772;03/09/2026 10:48:37;3;2;0001  214856-1;05;CAMIONETA LUN 5;2091837;"CO22    ";"COPMACO LTDA.                                     ";DAMASO VALDEZ ESQ. OLLEROS 398;951324;"19006          ";19006 - SET DE 6 PIEZAS LINEA 19000;2;2;2;23109698;030926104837172;181533998;;;;07/28/2031 00:00:00;2;13795110;03/09/2026 10:48:37;Maximiliano;Nievas;24389787;03/09/2026 09:05:03;6867;Javier;Lescano;Maximiliano Nievas;Javier Lescano
14141772;03/09/2026 10:48:37;3;2;0001  214856-1;05;CAMIONETA LUN 5;2091837;"CO22    ";"COPMACO LTDA.                                     ";DAMASO VALDEZ ESQ. OLLEROS 398;951309;"17060G         ";17060G - PORTA VASO Y CEPILLO  LINEA FABRIC GOLD;1;1;1;23109698;030926104837172;181531753;;;;07/31/2031 00:00:00;1;13795110;03/09/2026 10:48:37;Maximiliano;Nievas;24389787;03/09/2026 09:05:03;6867;Javier;Lescano;Maximiliano Nievas;Javier Lescano
14141772;03/09/2026 10:48:37;3;2;0001  214856-1;05;CAMIONETA LUN 5;2091837;"CO22    ";"COPMACO LTDA.                                     ";DAMASO VALDEZ ESQ. OLLEROS 398;951306;"17050G         ";17050G - JABONERA  LINEA FABRIC GOLD;1;1;1;23109698;030926104837172;181531883;;;;07/29/2031 00:00:00;1;13795110;03/09/2026 10:48:37;Maximiliano;Nievas;24389787;03/09/2026 09:05:03;6867;Javier;Lescano;Maximiliano Nievas;Javier Lescano
14141772;03/09/2026 10:48:37;3;2;0001  214856-1;05;CAMIONETA LUN 5;2091837;"CO22    ";"COPMACO LTDA.                                     ";DAMASO VALDEZ ESQ. OLLEROS 398;951303;"17040G         ";17040G - PORTA ROLLO LINEA FABRIC GOLD;1;1;1;23109698;030926104837172;181535114;;;;07/28/2031 00:00:00;1;13795110;03/09/2026 10:48:37;Maximiliano;Nievas;24389787;03/09/2026 09:05:03;6867;Javier;Lescano;Maximiliano Nievas;Javier Lescano
14141772;03/09/2026 10:48:37;3;2;0001  214856-1;05;CAMIONETA LUN 5;2091837;"CO22    ";"COPMACO LTDA.                                     ";DAMASO VALDEZ ESQ. OLLEROS 398;951300;"17030G         ";17030G - PERCHA LINEA FABRIC GOLD;1;1;1;23109698;030926104837172;181535345;;;;07/29/2031 00:00:00;1;13795110;03/09/2026 10:48:37;Maximiliano;Nievas;24389787;03/09/2026 09:05:03;6867;Javier;Lescano;Maximiliano Nievas;Javier Lescano
14141772;03/09/2026 10:48:37;3;2;0001  214856-1;05;CAMIONETA LUN 5;2091837;"CO22    ";"COPMACO LTDA.                                     ";DAMASO VALDEZ ESQ. OLLEROS 398;951297;"17020G         ";17020G - TOALLERO DE ARO LINEA FABRIC GOLD;1;1;1;23109698;030926104837172;181532090;;;;07/29/2031 00:00:00;1;13795110;03/09/2026 10:48:37;Maximiliano;Nievas;24389787;03/09/2026 09:05:03;6867;Javier;Lescano;Maximiliano Nievas;Javier Lescano
14141772;03/09/2026 10:48:37;3;2;0001  214856-1;05;CAMIONETA LUN 5;2091837;"CO22    ";"COPMACO LTDA.                                     ";DAMASO VALDEZ ESQ. OLLEROS 398;951294;"17010G         ";17010G - TOALLERO BARRAL LINEA FABRIC GOLD;1;1;1;23109698;030926104837172;181532132;;;;07/27/2031 00:00:00;1;13795110;03/09/2026 10:48:37;Maximiliano;Nievas;24389787;03/09/2026 09:05:03;6867;Javier;Lescano;Maximiliano Nievas;Javier Lescano
14141774;03/09/2026 11:48:27;3;2;0001  215018-1;05;CAMIONETA LUN 5;2091837;"CO22    ";"COPMACO LTDA.                                     ";CASTELLI 11;951488;"20-102         ";"20-102 - MONOCOMANDO MESADA CROMO ""RENACER""";4;4;4;23107155;030926114826799;181516122;;;;08/20/2031 00:00:00;4;13797382;03/09/2026 11:48:26;Maximiliano;Nievas;24387330;03/09/2026 08:04:13;6867;Javier;Lescano;Maximiliano Nievas;Javier Lescano
14141774;03/09/2026 11:48:27;3;2;0001  215018-1;05;CAMIONETA LUN 5;2091837;"CO22    ";"COPMACO LTDA.                                     ";CASTELLI 11;951523;"20-134         ";20-134 - MONOCOMANDO COCINA BETIS;2;2;2;23107155;030926114826799;181515697;;;;08/11/2031 00:00:00;2;13797382;03/09/2026 11:48:26;Maximiliano;Nievas;24387330;03/09/2026 08:04:13;6867;Javier;Lescano;Maximiliano Nievas;Javier Lescano
14141774;03/09/2026 11:48:27;3;2;0001  215018-1;05;CAMIONETA LUN 5;2091837;"CO22    ";"COPMACO LTDA.                                     ";CASTELLI 11;951532;"20-147         ";20-147 - MONOCOMANDO DE COCINA SWIFT;2;2;2;23107155;030926114826799;181513574;;;;07/29/2031 00:00:00;2;13797382;03/09/2026 11:48:26;Maximiliano;Nievas;24387330;03/09/2026 08:04:13;6867;Javier;Lescano;Maximiliano Nievas;Javier Lescano
14141774;03/09/2026 11:48:27;3;2;0001  215018-1;05;CAMIONETA LUN 5;2091837;"CO22    ";"COPMACO LTDA.                                     ";CASTELLI 11;951535;"20-160         ";20-160 - MONOCOMANDO MESADA COCINA DIQUE;4;4;4;23107155;030926114826799;181513257;;;;07/28/2031 00:00:00;4;13797382;03/09/2026 11:48:26;Maximiliano;Nievas;24387330;03/09/2026 08:04:13;6867;Javier;Lescano;Maximiliano Nievas;Javier Lescano
14141774;03/09/2026 11:48:27;3;2;0001  215018-1;05;CAMIONETA LUN 5;2091837;"CO22    ";"COPMACO LTDA.                                     ";CASTELLI 11;951737;"3005           ";3005 - SET DE 5 PIEZAS LINEA 3000;2;2;2;23107155;030926114826799;181515445;;;;07/27/2031 00:00:00;2;13797382;03/09/2026 11:48:26;Maximiliano;Nievas;24387330;03/09/2026 08:04:13;6867;Javier;Lescano;Maximiliano Nievas;Javier Lescano
14141774;03/09/2026 11:48:27;3;2;0001  215018-1;05;CAMIONETA LUN 5;2091837;"CO22    ";"COPMACO LTDA.                                     ";CASTELLI 11;951975;"3040           ";3040 - PORTA ROLLO LINEA 3000;4;4;4;23107155;030926114826799;181514506;;;;07/27/2031 00:00:00;4;13797382;03/09/2026 11:48:26;Maximiliano;Nievas;24387330;03/09/2026 08:04:13;6867;Javier;Lescano;Maximiliano Nievas;Javier Lescano
14141795;03/09/2026 10:20:25;3;2;0001  214676-1;05;CAMIONETA LUN 5;2091970;"CT06    ";"COMERCIAL TUCSON S.A.                             ";COLECTORA PANAMERICANA   28851;954920;"BCH17          ";BCH17 - BACHA DE APOYAR BLANCA 838x457x254 C/DESAGOTE Y REJILLA;1;1;1;23109330;030926102022034;181530962;;;;07/28/2031 00:00:00;1;13794254;03/09/2026 10:20:22;Tiago;Rodriguez;24389456;03/09/2026 09:00:03;7636;Kevin;Arce;Tiago Rodriguez;Kevin Arce
14141795;03/09/2026 10:20:25;3;2;0001  214676-1;05;CAMIONETA LUN 5;2091970;"CT06    ";"COMERCIAL TUCSON S.A.                             ";COLECTORA PANAMERICANA   28851;952759;"62-162N        ";62-162N - LAVATORIO DE PARED BLACK C.CERAM ADRA;2;2;2;23114396;030926101848100;181534032;;;;12/08/2031 00:00:00;2;13794265;03/09/2026 10:18:48;Tiago;Rodriguez;;;;;;Tiago Rodriguez;
14141795;03/09/2026 10:20:25;3;2;0001  214676-1;05;CAMIONETA LUN 5;2091970;"CT06    ";"COMERCIAL TUCSON S.A.                             ";COLECTORA PANAMERICANA   28851;954905;"BCH04/3        ";BCH04/3 - BACHA DE APOYAR CUADRADA 3 AG 420x420x125;1;1;1;23114453;030926102005924;181529765;;;;07/28/2031 00:00:00;1;13794304;03/09/2026 10:20:05;Tiago;Rodriguez;;;;;;Tiago Rodriguez;
14141797;03/09/2026 09:24:48;3;2;0001  214677-1;05;CAMIONETA LUN 5;2091970;"CT06    ";"COMERCIAL TUCSON S.A.                             ";COLECTORA PANAMERICANA   28851;953159;"80-203P        ";80-203P - DUCHA EMB C/TRANSF. MONOCOMANDO ADRA PLUS;5;5;5;23109126;030926092447428;181531281;;;;07/27/2031 00:00:00;5;13792335;03/09/2026 09:24:47;Tiago;Rodriguez;24389245;03/09/2026 09:10:45;7767;Leandro;Cantero;Tiago Rodriguez;Leandro Cantero
14141797;03/09/2026 09:24:48;3;2;0001  214677-1;05;CAMIONETA LUN 5;2091970;"CT06    ";"COMERCIAL TUCSON S.A.                             ";COLECTORA PANAMERICANA   28851;953136;"80-190P        ";80-190P - DUCHA EMB. C/TRANSF. C.CERAM BLACK VELVET PLUS;1;1;1;23111151;030926091810342;181529212;;;;07/29/2031 00:00:00;1;13792356;03/09/2026 09:18:10;Tiago;Rodriguez;;;;;;Tiago Rodriguez;
14141797;03/09/2026 09:24:48;3;2;0001  214677-1;05;CAMIONETA LUN 5;2091970;"CT06    ";"COMERCIAL TUCSON S.A.                             ";COLECTORA PANAMERICANA   28851;953070;"80-100C        ";80-100C - DUCHA EMB. C/TRANSF. CR C.CERAM FABRIC;2;2;2;23111151;030926091810342;181538198;;;;07/30/2031 00:00:00;2;13792356;03/09/2026 09:18:10;Tiago;Rodriguez;;;;;;Tiago Rodriguez;
14141797;03/09/2026 09:24:48;3;2;0001  214677-1;05;CAMIONETA LUN 5;2091970;"CT06    ";"COMERCIAL TUCSON S.A.                             ";COLECTORA PANAMERICANA   28851;953071;"80-100G        ";80-100G - DUCHA EMB. C/TRANSF. GOLD C.CERAM FABRIC;2;2;2;23111178;030926091830201;181540803;;;;12/03/2031 00:00:00;1;13792364;03/09/2026 09:18:30;Tiago;Rodriguez;;;;;;Tiago Rodriguez;
14141797;03/09/2026 09:24:48;3;2;0001  214677-1;05;CAMIONETA LUN 5;2091970;"CT06    ";"COMERCIAL TUCSON S.A.                             ";COLECTORA PANAMERICANA   28851;953104;"80-153         ";80-153 - DUCHA EMB. C/TRANSF. CR C.CERAM CASTILLA;2;2;2;23111178;030926091830201;181529019;;;;11/04/2031 00:00:00;2;13792364;03/09/2026 09:18:30;Tiago;Rodriguez;;;;;;Tiago Rodriguez;
14141797;03/09/2026 09:24:48;3;2;0001  214677-1;05;CAMIONETA LUN 5;2091970;"CT06    ";"COMERCIAL TUCSON S.A.                             ";COLECTORA PANAMERICANA   28851;952726;"61-203         ";61-203 - LAVATORIO MONOCOMANDO ALTO ADRA;5;5;5;23111205;030926091852498;181540909;;;;01/11/2032 00:00:00;4;13792373;03/09/2026 09:18:52;Tiago;Rodriguez;;;;;;Tiago Rodriguez;
14141797;03/09/2026 09:24:48;3;2;0001  214677-1;05;CAMIONETA LUN 5;2091970;"CT06    ";"COMERCIAL TUCSON S.A.                             ";COLECTORA PANAMERICANA   28851;952595;"60-100C        ";60-100C - LAVATORIO CR C.CERAM FABRIC;1;1;1;23111241;030926091923894;181528716;;;;08/17/2031 00:00:00;1;13792383;03/09/2026 09:19:23;Tiago;Rodriguez;;;;;;Tiago Rodriguez;
14141797;03/09/2026 09:24:48;3;2;0001  214677-1;05;CAMIONETA LUN 5;2091970;"CT06    ";"COMERCIAL TUCSON S.A.                             ";COLECTORA PANAMERICANA   28851;952726;"61-203         ";61-203 - LAVATORIO MONOCOMANDO ALTO ADRA;5;5;5;23111241;030926091923894;181529975;;;;01/11/2032 00:00:00;1;13792383;03/09/2026 09:19:23;Tiago;Rodriguez;;;;;;Tiago Rodriguez;
14141797;03/09/2026 09:24:48;3;2;0001  214677-1;05;CAMIONETA LUN 5;2091970;"CT06    ";"COMERCIAL TUCSON S.A.                             ";COLECTORA PANAMERICANA   28851;953071;"80-100G        ";80-100G - DUCHA EMB. C/TRANSF. GOLD C.CERAM FABRIC;2;2;2;23111241;030926091923894;181528505;;;;12/03/2031 00:00:00;1;13792383;03/09/2026 09:19:23;Tiago;Rodriguez;;;;;;Tiago Rodriguez;
14141797;03/09/2026 09:24:48;3;2;0001  214677-1;05;CAMIONETA LUN 5;2091970;"CT06    ";"COMERCIAL TUCSON S.A.                             ";COLECTORA PANAMERICANA   28851;952936;"70-190         ";70-190 - BIDE C.CERAM BLACK VELVET;1;1;1;23111283;030926092007339;181529368;;;;11/08/2031 00:00:00;1;13792413;03/09/2026 09:20:07;Tiago;Rodriguez;;;;;;Tiago Rodriguez;
14141797;03/09/2026 09:24:48;3;2;0001  214677-1;05;CAMIONETA LUN 5;2091970;"CT06    ";"COMERCIAL TUCSON S.A.                             ";COLECTORA PANAMERICANA   28851;952912;"70-162         ";70-162 - BIDE CR C.CERAM LINEA ADRA;2;2;2;23111283;030926092007339;181527148;;;;07/29/2031 00:00:00;2;13792413;03/09/2026 09:20:07;Tiago;Rodriguez;;;;;;Tiago Rodriguez;
14141797;03/09/2026 09:24:48;3;2;0001  214677-1;05;CAMIONETA LUN 5;2091970;"CT06    ";"COMERCIAL TUCSON S.A.                             ";COLECTORA PANAMERICANA   28851;952774;"62-190         ";62-190 - LAVATORIO PARED EMB. C.CERAM BLACK VELVET;1;1;1;23111283;030926092007339;181529496;;;;09/02/2031 00:00:00;1;13792413;03/09/2026 09:20:07;Tiago;Rodriguez;;;;;;Tiago Rodriguez;
14141797;03/09/2026 09:24:48;3;2;0001  214677-1;05;CAMIONETA LUN 5;2091970;"CT06    ";"COMERCIAL TUCSON S.A.                             ";COLECTORA PANAMERICANA   28851;952759;"62-162N        ";62-162N - LAVATORIO DE PARED BLACK C.CERAM ADRA;1;1;1;23111283;030926092007339;181529753;;;;12/08/2031 00:00:00;1;13792413;03/09/2026 09:20:07;Tiago;Rodriguez;;;;;;Tiago Rodriguez;
14141797;03/09/2026 09:24:48;3;2;0001  214677-1;05;CAMIONETA LUN 5;2091970;"CT06    ";"COMERCIAL TUCSON S.A.                             ";COLECTORA PANAMERICANA   28851;952758;"62-162         ";62-162 - LAVATORIO DE PARED CR C.CERAM ADRA;1;1;1;23111283;030926092007339;181527704;;;;07/31/2031 00:00:00;1;13792413;03/09/2026 09:20:07;Tiago;Rodriguez;;;;;;Tiago Rodriguez;
14141797;03/09/2026 09:24:48;3;2;0001  214677-1;05;CAMIONETA LUN 5;2091970;"CT06    ";"COMERCIAL TUCSON S.A.                             ";COLECTORA PANAMERICANA   28851;952740;"62-100G        ";62-100G - LAVATORIO DE PARED GOLD C.CERAM FABRIC;1;1;1;23111283;030926092007339;181528280;;;;12/20/2031 00:00:00;1;13792413;03/09/2026 09:20:07;Tiago;Rodriguez;;;;;;Tiago Rodriguez;
14141797;03/09/2026 09:24:48;3;2;0001  214677-1;05;CAMIONETA LUN 5;2091970;"CT06    ";"COMERCIAL TUCSON S.A.                             ";COLECTORA PANAMERICANA   28851;952678;"60-203N        ";"LAVATORIO MONOCOMANDO BAJO ADRA BLACK                                 ";1;1;1;23111283;030926092007339;181529591;;;;07/29/2031 00:00:00;1;13792413;03/09/2026 09:20:07;Tiago;Rodriguez;;;;;;Tiago Rodriguez;
14141797;03/09/2026 09:24:48;3;2;0001  214677-1;05;CAMIONETA LUN 5;2091970;"CT06    ";"COMERCIAL TUCSON S.A.                             ";COLECTORA PANAMERICANA   28851;952634;"60-162         ";60-162 - LAVATORIO CR C.CERAM LINEA ADRA;2;2;2;23111283;030926092007339;181526939;;;;07/29/2031 00:00:00;2;13792413;03/09/2026 09:20:07;Tiago;Rodriguez;;;;;;Tiago Rodriguez;
14141797;03/09/2026 09:24:48;3;2;0001  214677-1;05;CAMIONETA LUN 5;2091970;"CT06    ";"COMERCIAL TUCSON S.A.                             ";COLECTORA PANAMERICANA   28851;952950;"70-200G        ";70-200G - BIDE MONOCOMANDO GOLD FABRIC;1;1;1;23111319;030926092047497;181533956;;;;07/27/2031 00:00:00;1;13792431;03/09/2026 09:20:47;Tiago;Rodriguez;;;;;;Tiago Rodriguez;
14141797;03/09/2026 09:24:48;3;2;0001  214677-1;05;CAMIONETA LUN 5;2091970;"CT06    ";"COMERCIAL TUCSON S.A.                             ";COLECTORA PANAMERICANA   28851;952954;"70-203         ";70-203 - BIDE MONOCOMANDO ADRA;3;3;3;23111319;030926092047497;181532134;;;;07/29/2031 00:00:00;3;13792431;03/09/2026 09:20:47;Tiago;Rodriguez;;;;;;Tiago Rodriguez;
14141797;03/09/2026 09:24:48;3;2;0001  214677-1;05;CAMIONETA LUN 5;2091970;"CT06    ";"COMERCIAL TUCSON S.A.                             ";COLECTORA PANAMERICANA   28851;953320;"83-203         ";83-203 - DUCHA EXT C/TRANSF. MONOCOMANDO ADRA;1;1;1;23111319;030926092047497;181531474;;;;07/29/2031 00:00:00;1;13792431;03/09/2026 09:20:47;Tiago;Rodriguez;;;;;;Tiago Rodriguez;
14141797;03/09/2026 09:24:48;3;2;0001  214677-1;05;CAMIONETA LUN 5;2091970;"CT06    ";"COMERCIAL TUCSON S.A.                             ";COLECTORA PANAMERICANA   28851;952650;"60-180         ";60-180 - LAVATORIO MONOCOMANDO BAJO VERA;1;1;1;23111319;030926092047497;181535950;;;;07/28/2031 00:00:00;1;13792431;03/09/2026 09:20:47;Tiago;Rodriguez;;;;;;Tiago Rodriguez;
14141797;03/09/2026 09:24:48;3;2;0001  214677-1;05;CAMIONETA LUN 5;2091970;"CT06    ";"COMERCIAL TUCSON S.A.                             ";COLECTORA PANAMERICANA   28851;951565;"20-205         ";20-205 - MONOCOMANDO DE COCINA STEEL;6;6;6;23111361;030926092147478;181533787;;;;07/28/2031 00:00:00;6;13792460;03/09/2026 09:21:47;Tiago;Rodriguez;;;;;;Tiago Rodriguez;
14141797;03/09/2026 09:24:48;3;2;0001  214677-1;05;CAMIONETA LUN 5;2091970;"CT06    ";"COMERCIAL TUCSON S.A.                             ";COLECTORA PANAMERICANA   28851;951748;"3006           ";3006 - SET DE 6 PIEZAS LINEA 3000;1;1;1;23111379;030926092203527;181530705;;;;07/29/2031 00:00:00;1;13792469;03/09/2026 09:22:03;Tiago;Rodriguez;;;;;;Tiago Rodriguez;
14141797;03/09/2026 09:24:48;3;2;0001  214677-1;05;CAMIONETA LUN 5;2091970;"CT06    ";"COMERCIAL TUCSON S.A.                             ";COLECTORA PANAMERICANA   28851;952724;"61-200G        ";61-200G - LAVATORIO MONOC ALTO GOLD FABRIC;1;1;1;23111379;030926092203527;181534351;;;;07/27/2031 00:00:00;1;13792469;03/09/2026 09:22:03;Tiago;Rodriguez;;;;;;Tiago Rodriguez;
14141797;03/09/2026 09:24:48;3;2;0001  214677-1;05;CAMIONETA LUN 5;2091970;"CT06    ";"COMERCIAL TUCSON S.A.                             ";COLECTORA PANAMERICANA   28851;953158;"80-203N        ";"DUCHA EMB C/TRANSF. MONOCOMANDO ADRA BLACK PLUS                       ";2;2;2;23111379;030926092203527;181536734;;;;07/28/2031 00:00:00;2;13792469;03/09/2026 09:22:03;Tiago;Rodriguez;;;;;;Tiago Rodriguez;
14141797;03/09/2026 09:24:48;3;2;0001  214677-1;05;CAMIONETA LUN 5;2091970;"CT06    ";"COMERCIAL TUCSON S.A.                             ";COLECTORA PANAMERICANA   28851;953161;"80-205         ";80-205 - DUCHA EMB. C/TRANSF. MONOC STEEL;1;1;1;23111379;030926092203527;181532573;;;;08/11/2031 00:00:00;1;13792469;03/09/2026 09:22:03;Tiago;Rodriguez;;;;;;Tiago Rodriguez;
14141797;03/09/2026 09:24:48;3;2;0001  214677-1;05;CAMIONETA LUN 5;2091970;"CT06    ";"COMERCIAL TUCSON S.A.                             ";COLECTORA PANAMERICANA   28851;953122;"80-176         ";80-176 - DUCHA EMB C/TRANSF MONOC CR RIO;1;1;1;23111417;030926092244522;181534918;;;;07/29/2031 00:00:00;1;13792487;03/09/2026 09:22:44;Tiago;Rodriguez;;;;;;Tiago Rodriguez;
14141797;03/09/2026 09:24:48;3;2;0001  214677-1;05;CAMIONETA LUN 5;2091970;"CT06    ";"COMERCIAL TUCSON S.A.                             ";COLECTORA PANAMERICANA   28851;952955;"70-203N        ";"BIDE MONOCOMANDO ADRA BLACK                                           ";3;3;3;23111417;030926092244522;181537418;;;;07/27/2031 00:00:00;3;13792487;03/09/2026 09:22:44;Tiago;Rodriguez;;;;;;Tiago Rodriguez;
14141797;03/09/2026 09:24:48;3;2;0001  214677-1;05;CAMIONETA LUN 5;2091970;"CT06    ";"COMERCIAL TUCSON S.A.                             ";COLECTORA PANAMERICANA   28851;952951;"70-200N        ";70-200N - BIDE MONOCOMANDO BLACK FABRIC;2;2;2;23111417;030926092244522;181536958;;;;09/06/2031 00:00:00;2;13792487;03/09/2026 09:22:44;Tiago;Rodriguez;;;;;;Tiago Rodriguez;
14141797;03/09/2026 09:24:48;3;2;0001  214677-1;05;CAMIONETA LUN 5;2091970;"CT06    ";"COMERCIAL TUCSON S.A.                             ";COLECTORA PANAMERICANA   28851;952925;"70-176         ";70-176 - BIDE MONOC C/TRANSF CR RIO;1;1;1;23111417;030926092244522;181534700;;;;11/17/2031 00:00:00;1;13792487;03/09/2026 09:22:44;Tiago;Rodriguez;;;;;;Tiago Rodriguez;
14141797;03/09/2026 09:24:48;3;2;0001  214677-1;05;CAMIONETA LUN 5;2091970;"CT06    ";"COMERCIAL TUCSON S.A.                             ";COLECTORA PANAMERICANA   28851;952467;"52-121         ";52-121 - GRIFERIA REBATIBLE P/LLENADO DE OLLAS MARBELLA;1;1;1;23111441;030926092315092;181536302;;;;07/29/2031 00:00:00;1;13792494;03/09/2026 09:23:15;Tiago;Rodriguez;;;;;;Tiago Rodriguez;
14141797;03/09/2026 09:24:48;3;2;0001  214677-1;05;CAMIONETA LUN 5;2091970;"CT06    ";"COMERCIAL TUCSON S.A.                             ";COLECTORA PANAMERICANA   28851;953123;"80-176N        ";80-176N - DUCHA EMB C/TRANSF MONOC BLACK RIO;2;2;2;23111441;030926092315092;181535098;;;;07/27/2031 00:00:00;2;13792494;03/09/2026 09:23:15;Tiago;Rodriguez;;;;;;Tiago Rodriguez;
14141797;03/09/2026 09:24:48;3;2;0001  214677-1;05;CAMIONETA LUN 5;2091970;"CT06    ";"COMERCIAL TUCSON S.A.                             ";COLECTORA PANAMERICANA   28851;952915;"70-168         ";70-168 - BIDE MONOC CR WAVE;1;1;1;23111441;030926092315092;181536474;;;;01/18/2032 00:00:00;1;13792494;03/09/2026 09:23:15;Tiago;Rodriguez;;;;;;Tiago Rodriguez;
14141797;03/09/2026 09:24:48;3;2;0001  214677-1;05;CAMIONETA LUN 5;2091970;"CT06    ";"COMERCIAL TUCSON S.A.                             ";COLECTORA PANAMERICANA   28851;951512;"20-122         ";"MONOCOMANDO COCINA CR C/PICO EXTRAIBLE VALENCIA                       ";6;6;6;23111485;030926092417556;181534123;;;;08/06/2031 00:00:00;6;13792513;03/09/2026 09:24:17;Tiago;Rodriguez;;;;;;Tiago Rodriguez;
14141797;03/09/2026 09:24:48;3;2;0001  214677-1;05;CAMIONETA LUN 5;2091970;"CT06    ";"COMERCIAL TUCSON S.A.                             ";COLECTORA PANAMERICANA   28851;951513;"20-122N        ";20-122N - MONOCOMANDO COCINA C/PICO EXTRAIBLE VALENCIA BLACK;6;6;6;23111507;030926092432743;181530428;;;;08/06/2031 00:00:00;6;13792517;03/09/2026 09:24:32;Tiago;Rodriguez;;;;;;Tiago Rodriguez;
14141798;03/09/2026 08:52:11;3;2;0001  214930-1;05;CAMIONETA LUN 5;2092387;"FA20    ";"FALABELLA S.A.                                    ";AV. DE LOS CONSTITUYENTES 3002;951259;"16006BL        ";16006BL - SET 6 PIEZAS ACCESORIOS LINEA 16000 BLACK;12;12;12;23107806;030926085210578;181523153;;;;07/27/2031 00:00:00;10;13791368;03/09/2026 08:52:10;Tiago;Rodriguez;24387951;03/09/2026 08:34:39;7767;Leandro;Cantero;Tiago Rodriguez;Leandro Cantero
14141798;03/09/2026 08:52:11;3;2;0001  214930-1;05;CAMIONETA LUN 5;2092387;"FA20    ";"FALABELLA S.A.                                    ";AV. DE LOS CONSTITUYENTES 3002;951258;"16006          ";16006 - SET 6 PIEZAS ACCESORIOS LINEA 16000;9;9;9;23109293;030926083917847;181527600;;;;07/29/2031 00:00:00;4;13791379;03/09/2026 08:39:17;Tiago;Rodriguez;;;;;;Tiago Rodriguez;
14141798;03/09/2026 08:52:11;3;2;0001  214930-1;05;CAMIONETA LUN 5;2092387;"FA20    ";"FALABELLA S.A.                                    ";AV. DE LOS CONSTITUYENTES 3002;951259;"16006BL        ";16006BL - SET 6 PIEZAS ACCESORIOS LINEA 16000 BLACK;12;12;12;23109293;030926083917847;181527601;;;;07/27/2031 00:00:00;2;13791379;03/09/2026 08:39:17;Tiago;Rodriguez;;;;;;Tiago Rodriguez;
14141798;03/09/2026 08:52:11;3;2;0001  214930-1;05;CAMIONETA LUN 5;2092387;"FA20    ";"FALABELLA S.A.                                    ";AV. DE LOS CONSTITUYENTES 3002;951748;"3006           ";3006 - SET DE 6 PIEZAS LINEA 3000;8;8;8;23109315;030926083954000;181523770;;;;07/29/2031 00:00:00;8;13791392;03/09/2026 08:39:54;Tiago;Rodriguez;;;;;;Tiago Rodriguez;
14141798;03/09/2026 08:52:11;3;2;0001  214930-1;05;CAMIONETA LUN 5;2092387;"FA20    ";"FALABELLA S.A.                                    ";AV. DE LOS CONSTITUYENTES 3002;951132;"13006          ";"SET DE 6 PIEZAS LINEA 13000                                           ";1;1;1;23109399;030926084151991;181521737;;;;07/28/2031 00:00:00;1;13791435;03/09/2026 08:41:52;Tiago;Rodriguez;;;;;;Tiago Rodriguez;
14141798;03/09/2026 08:52:11;3;2;0001  214930-1;05;CAMIONETA LUN 5;2092387;"FA20    ";"FALABELLA S.A.                                    ";AV. DE LOS CONSTITUYENTES 3002;951258;"16006          ";16006 - SET 6 PIEZAS ACCESORIOS LINEA 16000;9;9;9;23109399;030926084151991;181521544;;;;07/29/2031 00:00:00;5;13791435;03/09/2026 08:41:52;Tiago;Rodriguez;;;;;;Tiago Rodriguez;
14141798;03/09/2026 08:52:11;3;2;0001  214930-1;05;CAMIONETA LUN 5;2092387;"FA20    ";"FALABELLA S.A.                                    ";AV. DE LOS CONSTITUYENTES 3002;952456;"51-190         ";51-190 - MESADA BIMANDO C.CERAM BLACK VELVET;4;4;4;23109429;030926084236937;181528756;;;;10/13/2031 00:00:00;3;13791458;03/09/2026 08:42:36;Tiago;Rodriguez;;;;;;Tiago Rodriguez;
14141798;03/09/2026 08:52:11;3;2;0001  214930-1;05;CAMIONETA LUN 5;2092387;"FA20    ";"FALABELLA S.A.                                    ";AV. DE LOS CONSTITUYENTES 3002;952453;"51-131         ";51-131 - MESADA BIMANDO CR C.CERAM MALLORCA;4;4;4;23109440;030926084306253;181528931;;;;01/11/2032 00:00:00;3;13791473;03/09/2026 08:43:06;Tiago;Rodriguez;;;;;;Tiago Rodriguez;
14141798;03/09/2026 08:52:11;3;2;0001  214930-1;05;CAMIONETA LUN 5;2092387;"FA20    ";"FALABELLA S.A.                                    ";AV. DE LOS CONSTITUYENTES 3002;952453;"51-131         ";51-131 - MESADA BIMANDO CR C.CERAM MALLORCA;4;4;4;23109460;030926084344630;181519667;;;;01/11/2032 00:00:00;1;13791487;03/09/2026 08:43:44;Tiago;Rodriguez;;;;;;Tiago Rodriguez;
14141798;03/09/2026 08:52:11;3;2;0001  214930-1;05;CAMIONETA LUN 5;2092387;"FA20    ";"FALABELLA S.A.                                    ";AV. DE LOS CONSTITUYENTES 3002;952456;"51-190         ";51-190 - MESADA BIMANDO C.CERAM BLACK VELVET;4;4;4;23109460;030926084344630;181520362;;;;10/13/2031 00:00:00;1;13791487;03/09/2026 08:43:44;Tiago;Rodriguez;;;;;;Tiago Rodriguez;
14141798;03/09/2026 08:52:11;3;2;0001  214930-1;05;CAMIONETA LUN 5;2092387;"FA20    ";"FALABELLA S.A.                                    ";AV. DE LOS CONSTITUYENTES 3002;953109;"80-166         ";"DUCHA EMB. C/TRANSF. CR C.CERAM ADRA PLUS                             ";10;10;10;23109476;030926084410449;181529293;;;;01/18/2032 00:00:00;4;13791495;03/09/2026 08:44:10;Tiago;Rodriguez;;;;;;Tiago Rodriguez;
14141798;03/09/2026 08:52:11;3;2;0001  214930-1;05;CAMIONETA LUN 5;2092387;"FA20    ";"FALABELLA S.A.                                    ";AV. DE LOS CONSTITUYENTES 3002;953109;"80-166         ";"DUCHA EMB. C/TRANSF. CR C.CERAM ADRA PLUS                             ";10;10;10;23109503;030926084449748;181529508;;;;01/18/2032 00:00:00;4;13791515;03/09/2026 08:44:49;Tiago;Rodriguez;;;;;;Tiago Rodriguez;
14141798;03/09/2026 08:52:11;3;2;0001  214930-1;05;CAMIONETA LUN 5;2092387;"FA20    ";"FALABELLA S.A.                                    ";AV. DE LOS CONSTITUYENTES 3002;952441;"51-061         ";51-061 - COCINA MESADA CR C.STD PUEBLA;5;5;5;23109662;030926084759542;181525757;;;;01/04/2032 00:00:00;5;13791589;03/09/2026 08:47:59;Tiago;Rodriguez;;;;;;Tiago Rodriguez;
14141798;03/09/2026 08:52:11;3;2;0001  214930-1;05;CAMIONETA LUN 5;2092387;"FA20    ";"FALABELLA S.A.                                    ";AV. DE LOS CONSTITUYENTES 3002;952664;"60-196         ";60-196 - LAVATORIO CR C.CERAM LOOP;13;13;13;23109662;030926084759542;181530552;;;;07/31/2031 00:00:00;3;13791589;03/09/2026 08:47:59;Tiago;Rodriguez;;;;;;Tiago Rodriguez;
14141798;03/09/2026 08:52:11;3;2;0001  214930-1;05;CAMIONETA LUN 5;2092387;"FA20    ";"FALABELLA S.A.                                    ";AV. DE LOS CONSTITUYENTES 3002;953109;"80-166         ";"DUCHA EMB. C/TRANSF. CR C.CERAM ADRA PLUS                             ";10;10;10;23109687;030926084833157;181517694;;;;01/18/2032 00:00:00;2;13791606;03/09/2026 08:48:33;Tiago;Rodriguez;;;;;;Tiago Rodriguez;
14141798;03/09/2026 08:52:11;3;2;0001  214930-1;05;CAMIONETA LUN 5;2092387;"FA20    ";"FALABELLA S.A.                                    ";AV. DE LOS CONSTITUYENTES 3002;952634;"60-162         ";60-162 - LAVATORIO CR C.CERAM LINEA ADRA;16;16;16;23109723;030926084914542;181530964;;;;07/29/2031 00:00:00;6;13791624;03/09/2026 08:49:14;Tiago;Rodriguez;;;;;;Tiago Rodriguez;
14141798;03/09/2026 08:52:11;3;2;0001  214930-1;05;CAMIONETA LUN 5;2092387;"FA20    ";"FALABELLA S.A.                                    ";AV. DE LOS CONSTITUYENTES 3002;953474;"933            ";933 - JGO PARED C/EXT CR DIQUE;4;4;4;23109723;030926084914542;181524233;;;;01/07/2032 00:00:00;4;13791624;03/09/2026 08:49:14;Tiago;Rodriguez;;;;;;Tiago Rodriguez;
14141798;03/09/2026 08:52:11;3;2;0001  214930-1;05;CAMIONETA LUN 5;2092387;"FA20    ";"FALABELLA S.A.                                    ";AV. DE LOS CONSTITUYENTES 3002;952634;"60-162         ";60-162 - LAVATORIO CR C.CERAM LINEA ADRA;16;16;16;23109753;030926084953481;181516949;;;;07/29/2031 00:00:00;10;13791639;03/09/2026 08:49:53;Tiago;Rodriguez;;;;;;Tiago Rodriguez;
14141798;03/09/2026 08:52:11;3;2;0001  214930-1;05;CAMIONETA LUN 5;2092387;"FA20    ";"FALABELLA S.A.                                    ";AV. DE LOS CONSTITUYENTES 3002;952664;"60-196         ";60-196 - LAVATORIO CR C.CERAM LOOP;13;13;13;23109789;030926085035762;181518769;;;;07/31/2031 00:00:00;10;13791657;03/09/2026 08:50:35;Tiago;Rodriguez;;;;;;Tiago Rodriguez;
14141798;03/09/2026 08:52:11;3;2;0001  214930-1;05;CAMIONETA LUN 5;2092387;"FA20    ";"FALABELLA S.A.                                    ";AV. DE LOS CONSTITUYENTES 3002;952912;"70-162         ";70-162 - BIDE CR C.CERAM LINEA ADRA;6;6;6;23109821;030926085118680;181517943;;;;07/29/2031 00:00:00;6;13791673;03/09/2026 08:51:18;Tiago;Rodriguez;;;;;;Tiago Rodriguez;
14141799;03/09/2026 09:17:10;3;2;0001  214973-1;05;CAMIONETA LUN 5;2091970;"CT06    ";"COMERCIAL TUCSON S.A.                             ";COLECTORA PANAMERICANA   28851;953346;"85-168         ";85-168 - DUCHA MONOC C/TRANSF Y DUCHADOR CR WAVE;45;45;45;23107422;030926091708841;181514339;;;;02/01/2032 00:00:00;3;13792180;03/09/2026 09:17:08;Tiago;Rodriguez;24387580;03/09/2026 08:53:09;7152;Mirko;Hernandez;Tiago Rodriguez;Mirko Hernandez
14141799;03/09/2026 09:17:10;3;2;0001  214973-1;05;CAMIONETA LUN 5;2091970;"CT06    ";"COMERCIAL TUCSON S.A.                             ";COLECTORA PANAMERICANA   28851;953346;"85-168         ";85-168 - DUCHA MONOC C/TRANSF Y DUCHADOR CR WAVE;45;45;45;23110850;030926091220710;181538782;;;;02/01/2032 00:00:00;3;13792197;03/09/2026 09:12:20;Tiago;Rodriguez;;;;;;Tiago Rodriguez;
14141799;03/09/2026 09:17:10;3;2;0001  214973-1;05;CAMIONETA LUN 5;2091970;"CT06    ";"COMERCIAL TUCSON S.A.                             ";COLECTORA PANAMERICANA   28851;953346;"85-168         ";85-168 - DUCHA MONOC C/TRANSF Y DUCHADOR CR WAVE;45;45;45;23110874;030926091248146;181538937;;;;02/01/2032 00:00:00;3;13792212;03/09/2026 09:12:48;Tiago;Rodriguez;;;;;;Tiago Rodriguez;
14141799;03/09/2026 09:17:10;3;2;0001  214973-1;05;CAMIONETA LUN 5;2091970;"CT06    ";"COMERCIAL TUCSON S.A.                             ";COLECTORA PANAMERICANA   28851;953346;"85-168         ";85-168 - DUCHA MONOC C/TRANSF Y DUCHADOR CR WAVE;45;45;45;23110893;030926091319347;181539098;;;;02/01/2032 00:00:00;3;13792226;03/09/2026 09:13:19;Tiago;Rodriguez;;;;;;Tiago Rodriguez;
14141799;03/09/2026 09:17:10;3;2;0001  214973-1;05;CAMIONETA LUN 5;2091970;"CT06    ";"COMERCIAL TUCSON S.A.                             ";COLECTORA PANAMERICANA   28851;953346;"85-168         ";85-168 - DUCHA MONOC C/TRANSF Y DUCHADOR CR WAVE;45;45;45;23110913;030926091343549;181539221;;;;02/01/2032 00:00:00;3;13792233;03/09/2026 09:13:43;Tiago;Rodriguez;;;;;;Tiago Rodriguez;
14141799;03/09/2026 09:17:10;3;2;0001  214973-1;05;CAMIONETA LUN 5;2091970;"CT06    ";"COMERCIAL TUCSON S.A.                             ";COLECTORA PANAMERICANA   28851;953346;"85-168         ";85-168 - DUCHA MONOC C/TRANSF Y DUCHADOR CR WAVE;45;45;45;23110932;030926091407555;181539376;;;;02/01/2032 00:00:00;3;13792242;03/09/2026 09:14:07;Tiago;Rodriguez;;;;;;Tiago Rodriguez;
14141799;03/09/2026 09:17:10;3;2;0001  214973-1;05;CAMIONETA LUN 5;2091970;"CT06    ";"COMERCIAL TUCSON S.A.                             ";COLECTORA PANAMERICANA   28851;953346;"85-168         ";85-168 - DUCHA MONOC C/TRANSF Y DUCHADOR CR WAVE;45;45;45;23110952;030926091424726;181539470;;;;02/01/2032 00:00:00;3;13792248;03/09/2026 09:14:24;Tiago;Rodriguez;;;;;;Tiago Rodriguez;
14141799;03/09/2026 09:17:10;3;2;0001  214973-1;05;CAMIONETA LUN 5;2091970;"CT06    ";"COMERCIAL TUCSON S.A.                             ";COLECTORA PANAMERICANA   28851;953346;"85-168         ";85-168 - DUCHA MONOC C/TRANSF Y DUCHADOR CR WAVE;45;45;45;23110968;030926091442993;181539580;;;;02/01/2032 00:00:00;3;13792253;03/09/2026 09:14:43;Tiago;Rodriguez;;;;;;Tiago Rodriguez;
14141799;03/09/2026 09:17:10;3;2;0001  214973-1;05;CAMIONETA LUN 5;2091970;"CT06    ";"COMERCIAL TUCSON S.A.                             ";COLECTORA PANAMERICANA   28851;953346;"85-168         ";85-168 - DUCHA MONOC C/TRANSF Y DUCHADOR CR WAVE;45;45;45;23110980;030926091500560;181539673;;;;02/01/2032 00:00:00;3;13792264;03/09/2026 09:15:00;Tiago;Rodriguez;;;;;;Tiago Rodriguez;
14141799;03/09/2026 09:17:10;3;2;0001  214973-1;05;CAMIONETA LUN 5;2091970;"CT06    ";"COMERCIAL TUCSON S.A.                             ";COLECTORA PANAMERICANA   28851;953346;"85-168         ";85-168 - DUCHA MONOC C/TRANSF Y DUCHADOR CR WAVE;45;45;45;23110990;030926091519623;181539776;;;;02/01/2032 00:00:00;3;13792268;03/09/2026 09:15:19;Tiago;Rodriguez;;;;;;Tiago Rodriguez;
14141799;03/09/2026 09:17:10;3;2;0001  214973-1;05;CAMIONETA LUN 5;2091970;"CT06    ";"COMERCIAL TUCSON S.A.                             ";COLECTORA PANAMERICANA   28851;953346;"85-168         ";85-168 - DUCHA MONOC C/TRANSF Y DUCHADOR CR WAVE;45;45;45;23111004;030926091536728;181539861;;;;02/01/2032 00:00:00;3;13792279;03/09/2026 09:15:36;Tiago;Rodriguez;;;;;;Tiago Rodriguez;
14141799;03/09/2026 09:17:10;3;2;0001  214973-1;05;CAMIONETA LUN 5;2091970;"CT06    ";"COMERCIAL TUCSON S.A.                             ";COLECTORA PANAMERICANA   28851;953346;"85-168         ";85-168 - DUCHA MONOC C/TRANSF Y DUCHADOR CR WAVE;45;45;45;23111020;030926091553875;181539963;;;;02/01/2032 00:00:00;3;13792284;03/09/2026 09:15:53;Tiago;Rodriguez;;;;;;Tiago Rodriguez;
14141799;03/09/2026 09:17:10;3;2;0001  214973-1;05;CAMIONETA LUN 5;2091970;"CT06    ";"COMERCIAL TUCSON S.A.                             ";COLECTORA PANAMERICANA   28851;953346;"85-168         ";85-168 - DUCHA MONOC C/TRANSF Y DUCHADOR CR WAVE;45;45;45;23111033;030926091611866;181540055;;;;02/01/2032 00:00:00;3;13792291;03/09/2026 09:16:11;Tiago;Rodriguez;;;;;;Tiago Rodriguez;
14141799;03/09/2026 09:17:10;3;2;0001  214973-1;05;CAMIONETA LUN 5;2091970;"CT06    ";"COMERCIAL TUCSON S.A.                             ";COLECTORA PANAMERICANA   28851;953346;"85-168         ";85-168 - DUCHA MONOC C/TRANSF Y DUCHADOR CR WAVE;45;45;45;23111049;030926091631346;181540152;;;;02/01/2032 00:00:00;3;13792298;03/09/2026 09:16:31;Tiago;Rodriguez;;;;;;Tiago Rodriguez;
14141799;03/09/2026 09:17:10;3;2;0001  214973-1;05;CAMIONETA LUN 5;2091970;"CT06    ";"COMERCIAL TUCSON S.A.                             ";COLECTORA PANAMERICANA   28851;953346;"85-168         ";85-168 - DUCHA MONOC C/TRANSF Y DUCHADOR CR WAVE;45;45;45;23111061;030926091649854;181540245;;;;02/01/2032 00:00:00;3;13792308;03/09/2026 09:16:49;Tiago;Rodriguez;;;;;;Tiago Rodriguez;
14141925;03/09/2026 15:07:01;3;2;0004     111-1;05;CAMIONETA MAR 1;2093194;"LG10    ";"LOPEZ GAS ONLINE S.A                              ";AV. REMEDIOS DE ESCALADA 2375;954921;"BCH18          ";BCH18 - BACHA DE APOYAR SIMIL MARMOL 460x320x140;1;1;1;23116601;030926150700832;181582268;;;;10/04/2031 00:00:00;1;13803679;03/09/2026 15:07:00;Maximiliano;Nievas;24396272;03/09/2026 11:10:56;6867;Javier;Lescano;Maximiliano Nievas;Javier Lescano
14141925;03/09/2026 15:07:01;3;2;0004     111-1;05;CAMIONETA MAR 1;2093194;"LG10    ";"LOPEZ GAS ONLINE S.A                              ";AV. REMEDIOS DE ESCALADA 2375;954915;"BCH13          ";BCH13 - BACHA DE APOYAR BLANCA RECTANGULAR 465x260x125;1;1;1;23116601;030926150700832;181581444;;;;07/27/2031 00:00:00;1;13803679;03/09/2026 15:07:00;Maximiliano;Nievas;24396272;03/09/2026 11:10:56;6867;Javier;Lescano;Maximiliano Nievas;Javier Lescano
14141925;03/09/2026 15:07:01;3;2;0004     111-1;05;CAMIONETA MAR 1;2093194;"LG10    ";"LOPEZ GAS ONLINE S.A                              ";AV. REMEDIOS DE ESCALADA 2375;954908;"BCH07          ";BCH07 - BACHA DE APOYAR OVALADA 400x330x150;1;1;1;23116601;030926150700832;181582483;;;;07/29/2031 00:00:00;1;13803679;03/09/2026 15:07:00;Maximiliano;Nievas;24396272;03/09/2026 11:10:56;6867;Javier;Lescano;Maximiliano Nievas;Javier Lescano
14141925;03/09/2026 15:07:01;3;2;0004     111-1;05;CAMIONETA MAR 1;2093194;"LG10    ";"LOPEZ GAS ONLINE S.A                              ";AV. REMEDIOS DE ESCALADA 2375;954905;"BCH04/3        ";BCH04/3 - BACHA DE APOYAR CUADRADA 3 AG 420x420x125;1;1;1;23116601;030926150700832;181582136;;;;07/28/2031 00:00:00;1;13803679;03/09/2026 15:07:00;Maximiliano;Nievas;24396272;03/09/2026 11:10:56;6867;Javier;Lescano;Maximiliano Nievas;Javier Lescano
14141925;03/09/2026 15:07:01;3;2;0004     111-1;05;CAMIONETA MAR 1;2093194;"LG10    ";"LOPEZ GAS ONLINE S.A                              ";AV. REMEDIOS DE ESCALADA 2375;953334;"84-203         ";"DUCHA EXT C/COLUMNA Y TRANSF CR ADRA                                  ";1;1;1;23116601;030926150700832;181583025;;;;12/02/2031 00:00:00;1;13803679;03/09/2026 15:07:00;Maximiliano;Nievas;24396272;03/09/2026 11:10:56;6867;Javier;Lescano;Maximiliano Nievas;Javier Lescano
14141925;03/09/2026 15:07:01;3;2;0004     111-1;05;CAMIONETA MAR 1;2093194;"LG10    ";"LOPEZ GAS ONLINE S.A                              ";AV. REMEDIOS DE ESCALADA 2375;952781;"62-199         ";62-199 - LAVATORIO DE PARED CR C.CERAM LIVE;1;1;1;23116601;030926150700832;181580822;;;;08/03/2031 00:00:00;1;13803679;03/09/2026 15:07:00;Maximiliano;Nievas;24396272;03/09/2026 11:10:56;6867;Javier;Lescano;Maximiliano Nievas;Javier Lescano
14141926;03/09/2026 11:14:46;3;2;0001  214672-1;05;CAMIONETA MAR 1;2094762;"TE15    ";"TERREZZA MARIANELA                                ";HIPOLITO YRIGOYEN 9997;952631;"60-153         ";60-153 - LAVATORIO CR C.CERAMICO CASTILLA;1;1;1;23112528;030926111440616;181560502;;;;11/23/2031 00:00:00;1;13795922;03/09/2026 11:14:40;Tiago;Rodriguez;24392294;03/09/2026 10:25:51;7767;Leandro;Cantero;Tiago Rodriguez;Leandro Cantero
14141926;03/09/2026 11:14:46;3;2;0001  214672-1;05;CAMIONETA MAR 1;2094762;"TE15    ";"TERREZZA MARIANELA                                ";HIPOLITO YRIGOYEN 9997;952641;"60-175         ";60-175 - LAVATORIO CR. C.CERAM PULSE;1;1;1;23112528;030926111440616;181558680;;;;07/29/2031 00:00:00;1;13795922;03/09/2026 11:14:40;Tiago;Rodriguez;24392294;03/09/2026 10:25:51;7767;Leandro;Cantero;Tiago Rodriguez;Leandro Cantero
14141926;03/09/2026 11:14:46;3;2;0001  214672-1;05;CAMIONETA MAR 1;2094762;"TE15    ";"TERREZZA MARIANELA                                ";HIPOLITO YRIGOYEN 9997;952643;"60-175DG       ";60-175DG - LAVATORIO PULSE DARK GOLD C.CERAM;1;1;1;23112528;030926111440616;181558750;;;;07/31/2031 00:00:00;1;13795922;03/09/2026 11:14:40;Tiago;Rodriguez;24392294;03/09/2026 10:25:51;7767;Leandro;Cantero;Tiago Rodriguez;Leandro Cantero
14141926;03/09/2026 11:14:46;3;2;0001  214672-1;05;CAMIONETA MAR 1;2094762;"TE15    ";"TERREZZA MARIANELA                                ";HIPOLITO YRIGOYEN 9997;952909;"70-153         ";70-153 - BIDE CR C.CERAM CASTILLA;1;1;1;23112528;030926111440616;181560376;;;;10/20/2031 00:00:00;1;13795922;03/09/2026 11:14:40;Tiago;Rodriguez;24392294;03/09/2026 10:25:51;7767;Leandro;Cantero;Tiago Rodriguez;Leandro Cantero
14141926;03/09/2026 11:14:46;3;2;0001  214672-1;05;CAMIONETA MAR 1;2094762;"TE15    ";"TERREZZA MARIANELA                                ";HIPOLITO YRIGOYEN 9997;952650;"60-180         ";60-180 - LAVATORIO MONOCOMANDO BAJO VERA;15;15;15;23117017;030926110739218;181556665;;;;07/28/2031 00:00:00;15;13795927;03/09/2026 11:07:39;Tiago;Rodriguez;;;;;;Tiago Rodriguez;
14141926;03/09/2026 11:14:46;3;2;0001  214672-1;05;CAMIONETA MAR 1;2094762;"TE15    ";"TERREZZA MARIANELA                                ";HIPOLITO YRIGOYEN 9997;952955;"70-203N        ";"BIDE MONOCOMANDO ADRA BLACK                                           ";4;4;4;23117081;030926110849210;181552283;;;;07/27/2031 00:00:00;4;13795979;03/09/2026 11:08:49;Tiago;Rodriguez;;;;;;Tiago Rodriguez;
14141926;03/09/2026 11:14:46;3;2;0001  214672-1;05;CAMIONETA MAR 1;2094762;"TE15    ";"TERREZZA MARIANELA                                ";HIPOLITO YRIGOYEN 9997;952954;"70-203         ";70-203 - BIDE MONOCOMANDO ADRA;4;4;4;23117081;030926110849210;181557605;;;;07/29/2031 00:00:00;4;13795979;03/09/2026 11:08:49;Tiago;Rodriguez;;;;;;Tiago Rodriguez;
14141926;03/09/2026 11:14:46;3;2;0001  214672-1;05;CAMIONETA MAR 1;2094762;"TE15    ";"TERREZZA MARIANELA                                ";HIPOLITO YRIGOYEN 9997;952950;"70-200G        ";70-200G - BIDE MONOCOMANDO GOLD FABRIC;2;2;2;23117081;030926110849210;181555336;;;;07/27/2031 00:00:00;2;13795979;03/09/2026 11:08:49;Tiago;Rodriguez;;;;;;Tiago Rodriguez;
14141926;03/09/2026 11:14:46;3;2;0001  214672-1;05;CAMIONETA MAR 1;2094762;"TE15    ";"TERREZZA MARIANELA                                ";HIPOLITO YRIGOYEN 9997;953158;"80-203N        ";"DUCHA EMB C/TRANSF. MONOCOMANDO ADRA BLACK PLUS                       ";4;4;4;23117102;030926110911821;181553489;;;;07/28/2031 00:00:00;4;13795997;03/09/2026 11:09:11;Tiago;Rodriguez;;;;;;Tiago Rodriguez;
14141926;03/09/2026 11:14:46;3;2;0001  214672-1;05;CAMIONETA MAR 1;2094762;"TE15    ";"TERREZZA MARIANELA                                ";HIPOLITO YRIGOYEN 9997;952674;"60-200N        ";60-200N - LAVATORIO MONOC BAJO BLACK FABRIC;1;1;1;23117102;030926110911821;181552654;;;;07/28/2031 00:00:00;1;13795997;03/09/2026 11:09:11;Tiago;Rodriguez;;;;;;Tiago Rodriguez;
14141926;03/09/2026 11:14:46;3;2;0001  214672-1;05;CAMIONETA MAR 1;2094762;"TE15    ";"TERREZZA MARIANELA                                ";HIPOLITO YRIGOYEN 9997;952725;"61-200N        ";61-200N - LAVATORIO MONOC ALTO FABRIC BLACK;1;1;1;23117209;030926111110914;181552563;;;;07/28/2031 00:00:00;1;13796059;03/09/2026 11:11:10;Tiago;Rodriguez;;;;;;Tiago Rodriguez;
14141926;03/09/2026 11:14:46;3;2;0001  214672-1;05;CAMIONETA MAR 1;2094762;"TE15    ";"TERREZZA MARIANELA                                ";HIPOLITO YRIGOYEN 9997;953159;"80-203P        ";80-203P - DUCHA EMB C/TRANSF. MONOCOMANDO ADRA PLUS;4;4;4;23117220;030926111130758;181557957;;;;07/27/2031 00:00:00;4;13796072;03/09/2026 11:11:30;Tiago;Rodriguez;;;;;;Tiago Rodriguez;
14141926;03/09/2026 11:14:46;3;2;0001  214672-1;05;CAMIONETA MAR 1;2094762;"TE15    ";"TERREZZA MARIANELA                                ";HIPOLITO YRIGOYEN 9997;953334;"84-203         ";"DUCHA EXT C/COLUMNA Y TRANSF CR ADRA                                  ";3;3;3;23117236;030926111150876;181554968;;;;12/02/2031 00:00:00;3;13796091;03/09/2026 11:11:50;Tiago;Rodriguez;;;;;;Tiago Rodriguez;
14141926;03/09/2026 11:14:46;3;2;0001  214672-1;05;CAMIONETA MAR 1;2094762;"TE15    ";"TERREZZA MARIANELA                                ";HIPOLITO YRIGOYEN 9997;951833;"30-132         ";30-132 - COCINA MESADA MONOC. C/DUCHADOR EXTENSIBLE VIGO;4;4;4;23117274;030926111232585;181553738;;;;07/28/2031 00:00:00;4;13796115;03/09/2026 11:12:32;Tiago;Rodriguez;;;;;;Tiago Rodriguez;
14141926;03/09/2026 11:14:46;3;2;0001  214672-1;05;CAMIONETA MAR 1;2094762;"TE15    ";"TERREZZA MARIANELA                                ";HIPOLITO YRIGOYEN 9997;953071;"80-100G        ";80-100G - DUCHA EMB. C/TRANSF. GOLD C.CERAM FABRIC;2;2;2;23117311;030926111311110;181561537;;;;12/03/2031 00:00:00;2;13796145;03/09/2026 11:13:11;Tiago;Rodriguez;;;;;;Tiago Rodriguez;
14141926;03/09/2026 11:14:46;3;2;0001  214672-1;05;CAMIONETA MAR 1;2094762;"TE15    ";"TERREZZA MARIANELA                                ";HIPOLITO YRIGOYEN 9997;953072;"80-100N        ";80-100N - DUCHA EMB. C/TRANSF. BLACK C.CERAM FABRIC;1;1;1;23117311;030926111311110;181561300;;;;10/29/2031 00:00:00;1;13796145;03/09/2026 11:13:11;Tiago;Rodriguez;;;;;;Tiago Rodriguez;
14141926;03/09/2026 11:14:46;3;2;0001  214672-1;05;CAMIONETA MAR 1;2094762;"TE15    ";"TERREZZA MARIANELA                                ";HIPOLITO YRIGOYEN 9997;952921;"70-175DG       ";70-175DG - BIDE PULSE DARK GOLD C.CERAM;1;1;1;23117329;030926111338687;181558830;;;;07/31/2031 00:00:00;1;13796159;03/09/2026 11:13:38;Tiago;Rodriguez;;;;;;Tiago Rodriguez;
14141926;03/09/2026 11:14:46;3;2;0001  214672-1;05;CAMIONETA MAR 1;2094762;"TE15    ";"TERREZZA MARIANELA                                ";HIPOLITO YRIGOYEN 9997;952919;"70-175         ";70-175 - BIDE CR. C.CERAM PULSE;1;1;1;23117329;030926111338687;181559171;;;;07/31/2031 00:00:00;1;13796159;03/09/2026 11:13:38;Tiago;Rodriguez;;;;;;Tiago Rodriguez;
14141926;03/09/2026 11:14:46;3;2;0001  214672-1;05;CAMIONETA MAR 1;2094762;"TE15    ";"TERREZZA MARIANELA                                ";HIPOLITO YRIGOYEN 9997;952678;"60-203N        ";"LAVATORIO MONOCOMANDO BAJO ADRA BLACK                                 ";4;4;4;23117329;030926111338687;181560001;;;;07/29/2031 00:00:00;4;13796159;03/09/2026 11:13:38;Tiago;Rodriguez;;;;;;Tiago Rodriguez;
14141926;03/09/2026 11:14:46;3;2;0001  214672-1;05;CAMIONETA MAR 1;2094762;"TE15    ";"TERREZZA MARIANELA                                ";HIPOLITO YRIGOYEN 9997;952677;"60-203         ";60-203 - LAVATORIO MONOCOMANDO BAJO ADRA;4;4;4;23117329;030926111338687;181559865;;;;02/10/2032 00:00:00;4;13796159;03/09/2026 11:13:38;Tiago;Rodriguez;;;;;;Tiago Rodriguez;
14141926;03/09/2026 11:14:46;3;2;0001  214672-1;05;CAMIONETA MAR 1;2094762;"TE15    ";"TERREZZA MARIANELA                                ";HIPOLITO YRIGOYEN 9997;953116;"80-175         ";80-175 - DUCHA EMB C/TRANSF. CR C.CERAM PULSE;1;1;1;23117364;030926111416763;181559084;;;;07/31/2031 00:00:00;1;13796180;03/09/2026 11:14:16;Tiago;Rodriguez;;;;;;Tiago Rodriguez;
14141926;03/09/2026 11:14:46;3;2;0001  214672-1;05;CAMIONETA MAR 1;2094762;"TE15    ";"TERREZZA MARIANELA                                ";HIPOLITO YRIGOYEN 9997;953118;"80-175DG       ";80-175DG - DUCHA EMB C/TRANSF. PULSE DARK GOLD C.CERAM;1;1;1;23117364;030926111416763;181559418;;;;10/19/2031 00:00:00;1;13796180;03/09/2026 11:14:16;Tiago;Rodriguez;;;;;;Tiago Rodriguez;
14141926;03/09/2026 11:14:46;3;2;0001  214672-1;05;CAMIONETA MAR 1;2094762;"TE15    ";"TERREZZA MARIANELA                                ";HIPOLITO YRIGOYEN 9997;953154;"80-200N        ";80-200N - DUCHA EMB. MONOC. 3 FUNCIONES BLACK FABRIC;1;1;1;23117364;030926111416763;181558382;;;;01/04/2032 00:00:00;1;13796180;03/09/2026 11:14:16;Tiago;Rodriguez;;;;;;Tiago Rodriguez;
14141927;03/09/2026 11:31:05;3;2;0001  214707-1;05;CAMIONETA MAR 1;2091760;"CL40    ";"CLICK-ON S.A. -TIOSO HOGAR                        ";AU A CAÑUELAS KM 41 PUENTE DEL INCA 2450;953161;"80-205         ";80-205 - DUCHA EMB. C/TRANSF. MONOC STEEL;5;5;5;23115700;030926113104931;181573514;;;;08/11/2031 00:00:00;5;13796772;03/09/2026 11:31:04;Tiago;Rodriguez;24395310;03/09/2026 10:47:38;7767;Leandro;Cantero;Tiago Rodriguez;Leandro Cantero
14141927;03/09/2026 11:31:05;3;2;0001  214707-1;05;CAMIONETA MAR 1;2091760;"CL40    ";"CLICK-ON S.A. -TIOSO HOGAR                        ";AU A CAÑUELAS KM 41 PUENTE DEL INCA 2450;952956;"70-205         ";70-205 - BIDE MONOCOMANDO STEEL;20;20;20;23118289;030926112945327;181590555;;;;11/08/2031 00:00:00;8;13796790;03/09/2026 11:29:45;Tiago;Rodriguez;;;;;;Tiago Rodriguez;
14141927;03/09/2026 11:31:05;3;2;0001  214707-1;05;CAMIONETA MAR 1;2091760;"CL40    ";"CLICK-ON S.A. -TIOSO HOGAR                        ";AU A CAÑUELAS KM 41 PUENTE DEL INCA 2450;952956;"70-205         ";70-205 - BIDE MONOCOMANDO STEEL;20;20;20;23118311;030926113011498;181590744;;;;11/08/2031 00:00:00;6;13796812;03/09/2026 11:30:11;Tiago;Rodriguez;;;;;;Tiago Rodriguez;
14141927;03/09/2026 11:31:05;3;2;0001  214707-1;05;CAMIONETA MAR 1;2091760;"CL40    ";"CLICK-ON S.A. -TIOSO HOGAR                        ";AU A CAÑUELAS KM 41 PUENTE DEL INCA 2450;952956;"70-205         ";70-205 - BIDE MONOCOMANDO STEEL;20;20;20;23118338;030926113044577;181572690;;;;11/08/2031 00:00:00;6;13796831;03/09/2026 11:30:44;Tiago;Rodriguez;;;;;;Tiago Rodriguez;
14141928;03/09/2026 10:52:18;3;2;0001  214716-1;05;CAMIONETA MAR 1;2091760;"CL40    ";"CLICK-ON S.A. -TIOSO HOGAR                        ";AU A CAÑUELAS KM 41 PUENTE DEL INCA 2450;952713;"61-176N        ";61-176N - LAVATORIO MONOC ALTO BLACK RIO;6;6;6;23111188;030926105217217;181541573;;;;07/29/2031 00:00:00;6;13795402;03/09/2026 10:52:17;Maximiliano;Nievas;24391119;03/09/2026 09:22:14;6867;Javier;Lescano;Maximiliano Nievas;Javier Lescano
14141929;03/09/2026 14:42:38;3;2;0001  214759-1;05;CAMIONETA MAR 1;2094481;"SH18    ";"SALTI HECTOR E.-BONN LIVE                         ";MARIANO CASTEX 1166;954901;"BCH01          ";BCH01 - BACHA DE APOYAR CIRCULAR 320x145;1;1;1;23111405;030926144238125;181543479;;;;07/28/2031 00:00:00;1;13802714;03/09/2026 14:42:38;Tiago;Rodriguez;24391294;03/09/2026 09:27:54;6867;Javier;Lescano;Tiago Rodriguez;Javier Lescano
14141929;03/09/2026 14:42:38;3;2;0001  214759-1;05;CAMIONETA MAR 1;2094481;"SH18    ";"SALTI HECTOR E.-BONN LIVE                         ";MARIANO CASTEX 1166;952728;"61-205         ";61-205 - LAVATORIO MONOC ALTO STEEL;1;1;1;23128375;030926144132032;181543946;;;;07/28/2031 00:00:00;1;13802718;03/09/2026 14:41:32;Tiago;Rodriguez;;;;;;Tiago Rodriguez;
14141930;03/09/2026 09:48:05;3;2;0001  214807-1;05;CAMIONETA MAR 1;2094762;"TE15    ";"TERREZZA MARIANELA                                ";HIPOLITO YRIGOYEN 9997;952728;"61-205         ";61-205 - LAVATORIO MONOC ALTO STEEL;4;4;4;23111189;030926094805519;181541890;;;;07/28/2031 00:00:00;4;13793210;03/09/2026 09:48:05;Maximiliano;Nievas;24391119;03/09/2026 09:22:14;6867;Javier;Lescano;Maximiliano Nievas;Javier Lescano
14141931;03/09/2026 10:35:11;3;2;0001  214868-1;05;CAMIONETA MAR 1;2094682;"ST17    ";"STM LOMAS DE CONCRETO SA - STM HOME               ";INTENDENTE TAVANO 1446;954918;"BCH16          ";BCH16 - BACHA DE APOYAR BLANCA 610x457x254 C/DESAGOTE Y REJILLA;5;5;5;23111887;030926013511020;181545727;;;;01/06/2032 00:00:00;5;13794791;03/09/2026 10:35:11;Mirko;Hernandez;24391688;03/09/2026 09:46:59;6922;Franco;Potenza;Mirko Hernandez;Franco Potenza
14141932;03/09/2026 12:34:05;3;2;0001  214870-1;05;CAMIONETA MAR 1;2093517;"ML13    ";"MARASLIOGLU LEANDRO A.-MARASH BAÑOS Y COCINAS     ";CASTEX 2050;952708;"61-168         ";61-168 - LAVATORIO MONOC ALTO CR WAVE;4;4;4;23117290;030926123404334;181585151;;;;07/27/2031 00:00:00;4;13798686;03/09/2026 12:34:04;Agustin;Scirica;24396840;03/09/2026 11:16:21;6922;Franco;Potenza;Agustin Scirica;Franco Potenza
14141933;03/09/2026 14:43:10;3;2;0001  214911-1;05;CAMIONETA MAR 1;2094481;"SH18    ";"SALTI HECTOR E.-BONN LIVE                         ";MARIANO CASTEX 1166;951607;"21100N         ";21100N - ESTANTE ORGANIZADOR RECTANGULAR BLACK 25x12x7;1;1;1;23111406;030926144309350;181543801;;;;07/27/2031 00:00:00;1;13802772;03/09/2026 14:43:09;Tiago;Rodriguez;24391294;03/09/2026 09:27:54;6867;Javier;Lescano;Tiago Rodriguez;Javier Lescano
14141933;03/09/2026 14:43:10;3;2;0001  214911-1;05;CAMIONETA MAR 1;2094481;"SH18    ";"SALTI HECTOR E.-BONN LIVE                         ";MARIANO CASTEX 1166;954908;"BCH07          ";BCH07 - BACHA DE APOYAR OVALADA 400x330x150;1;1;1;23128463;030926144259534;181543303;;;;07/29/2031 00:00:00;1;13802775;03/09/2026 14:42:59;Tiago;Rodriguez;;;;;;Tiago Rodriguez;
14141934;03/09/2026 12:00:55;3;2;0001  214922-1;05;CAMIONETA MAR 1;2092019;"DA28    ";"DAPESOL S.A. -MATERIALES ACON                     ";VIAMONTE 1803;952647;"60-176         ";"LAVATORIO MONOCOMANDO BAJO CR RIO                                     ";4;4;4;23114757;030926120054565;181568504;;;;10/11/2031 00:00:00;4;13797744;03/09/2026 12:00:54;Tiago;Rodriguez;24394387;03/09/2026 10:43:15;7767;Leandro;Cantero;Tiago Rodriguez;Leandro Cantero
14141934;03/09/2026 12:00:55;3;2;0001  214922-1;05;CAMIONETA MAR 1;2092019;"DA28    ";"DAPESOL S.A. -MATERIALES ACON                     ";VIAMONTE 1803;953122;"80-176         ";80-176 - DUCHA EMB C/TRANSF MONOC CR RIO;2;2;2;23114757;030926120054565;181569072;;;;07/29/2031 00:00:00;2;13797744;03/09/2026 12:00:54;Tiago;Rodriguez;24394387;03/09/2026 10:43:15;7767;Leandro;Cantero;Tiago Rodriguez;Leandro Cantero
14141934;03/09/2026 12:00:55;3;2;0001  214922-1;05;CAMIONETA MAR 1;2092019;"DA28    ";"DAPESOL S.A. -MATERIALES ACON                     ";VIAMONTE 1803;956416;"INO104-2       ";"DEPOSITO C/DESCARGA DUAL BLANCO LINEA STONE                           ";1;1;1;23119850;030926115749457;181566460;;;;10/18/2031 00:00:00;1;13797747;03/09/2026 11:57:49;Tiago;Rodriguez;;;;;;Tiago Rodriguez;
14141934;03/09/2026 12:00:55;3;2;0001  214922-1;05;CAMIONETA MAR 1;2092019;"DA28    ";"DAPESOL S.A. -MATERIALES ACON                     ";VIAMONTE 1803;953109;"80-166         ";"DUCHA EMB. C/TRANSF. CR C.CERAM ADRA PLUS                             ";3;3;3;23119871;030926115808262;181571083;;;;01/18/2032 00:00:00;3;13797762;03/09/2026 11:58:08;Tiago;Rodriguez;;;;;;Tiago Rodriguez;
14141934;03/09/2026 12:00:55;3;2;0001  214922-1;05;CAMIONETA MAR 1;2092019;"DA28    ";"DAPESOL S.A. -MATERIALES ACON                     ";VIAMONTE 1803;952643;"60-175DG       ";60-175DG - LAVATORIO PULSE DARK GOLD C.CERAM;1;1;1;23119871;030926115808262;181570337;;;;07/31/2031 00:00:00;1;13797762;03/09/2026 11:58:08;Tiago;Rodriguez;;;;;;Tiago Rodriguez;
14141934;03/09/2026 12:00:55;3;2;0001  214922-1;05;CAMIONETA MAR 1;2092019;"DA28    ";"DAPESOL S.A. -MATERIALES ACON                     ";VIAMONTE 1803;951536;"20-162         ";20-162 - MONOCOMANDO COCINA ADRA;5;5;5;23119904;030926115831691;181569878;;;;07/28/2031 00:00:00;5;13797779;03/09/2026 11:58:31;Tiago;Rodriguez;;;;;;Tiago Rodriguez;
14141934;03/09/2026 12:00:55;3;2;0001  214922-1;05;CAMIONETA MAR 1;2092019;"DA28    ";"DAPESOL S.A. -MATERIALES ACON                     ";VIAMONTE 1803;952468;"52-121N        ";52-121N - GRIFERIA REBATIBLE LLENADO DE OLLAS MARBELLA BLACK;1;1;1;23119904;030926115831691;181566923;;;;07/28/2031 00:00:00;1;13797779;03/09/2026 11:58:31;Tiago;Rodriguez;;;;;;Tiago Rodriguez;
14141934;03/09/2026 12:00:55;3;2;0001  214922-1;05;CAMIONETA MAR 1;2092019;"DA28    ";"DAPESOL S.A. -MATERIALES ACON                     ";VIAMONTE 1803;953347;"85-168N        ";85-168N - DUCHA MONOC C/TRANSF Y DUCHADOR BLACK WAVE;1;1;1;23119920;030926115902816;181571522;;;;01/20/2032 00:00:00;1;13797791;03/09/2026 11:59:02;Tiago;Rodriguez;;;;;;Tiago Rodriguez;
14141934;03/09/2026 12:00:55;3;2;0001  214922-1;05;CAMIONETA MAR 1;2092019;"DA28    ";"DAPESOL S.A. -MATERIALES ACON                     ";VIAMONTE 1803;952912;"70-162         ";70-162 - BIDE CR C.CERAM LINEA ADRA;3;3;3;23119920;030926115902816;181571271;;;;07/29/2031 00:00:00;3;13797791;03/09/2026 11:59:02;Tiago;Rodriguez;;;;;;Tiago Rodriguez;
14141934;03/09/2026 12:00:55;3;2;0001  214922-1;05;CAMIONETA MAR 1;2092019;"DA28    ";"DAPESOL S.A. -MATERIALES ACON                     ";VIAMONTE 1803;951318;"18040          ";18040 - PORTA ROLLO NIQUEL LINEA BEAT;1;1;1;23119964;030926120001336;181567581;;;;07/28/2031 00:00:00;1;13797819;03/09/2026 12:00:01;Tiago;Rodriguez;;;;;;Tiago Rodriguez;
14141934;03/09/2026 12:00:55;3;2;0001  214922-1;05;CAMIONETA MAR 1;2092019;"DA28    ";"DAPESOL S.A. -MATERIALES ACON                     ";VIAMONTE 1803;951322;"18060          ";18060 - PORTA VASO Y CEPILLO NIQUEL LINEA BEAT;2;2;2;23119964;030926120001336;181567892;;;;07/27/2031 00:00:00;2;13797819;03/09/2026 12:00:01;Tiago;Rodriguez;;;;;;Tiago Rodriguez;
14141934;03/09/2026 12:00:55;3;2;0001  214922-1;05;CAMIONETA MAR 1;2092019;"DA28    ";"DAPESOL S.A. -MATERIALES ACON                     ";VIAMONTE 1803;951314;"18020          ";18020 - TOALLERO DE ARO NIQUEL LINEA BEAT;2;2;2;23119964;030926120001336;181568274;;;;07/29/2031 00:00:00;2;13797819;03/09/2026 12:00:01;Tiago;Rodriguez;;;;;;Tiago Rodriguez;
14141935;03/09/2026 11:39:02;3;2;0001  214950-1;05;CAMIONETA MAR 1;2093421;"ME36    ";"MERMOZ S.A.                                       ";AV. ALSINA 1234;951535;"20-160         ";20-160 - MONOCOMANDO MESADA COCINA DIQUE;8;8;8;23115931;030926113901929;181576409;;;;07/28/2031 00:00:00;8;13796956;03/09/2026 11:39:01;Tiago;Rodriguez;24395578;03/09/2026 10:59:33;7767;Leandro;Cantero;Tiago Rodriguez;Leandro Cantero
14141935;03/09/2026 11:39:02;3;2;0001  214950-1;05;CAMIONETA MAR 1;2093421;"ME36    ";"MERMOZ S.A.                                       ";AV. ALSINA 1234;952726;"61-203         ";61-203 - LAVATORIO MONOCOMANDO ALTO ADRA;8;8;8;23118516;030926113441935;181592484;;;;01/11/2032 00:00:00;4;13796964;03/09/2026 11:34:41;Tiago;Rodriguez;;;;;;Tiago Rodriguez;
14141935;03/09/2026 11:39:02;3;2;0001  214950-1;05;CAMIONETA MAR 1;2093421;"ME36    ";"MERMOZ S.A.                                       ";AV. ALSINA 1234;952726;"61-203         ";61-203 - LAVATORIO MONOCOMANDO ALTO ADRA;8;8;8;23118560;030926113522467;181577728;;;;01/11/2032 00:00:00;4;13796990;03/09/2026 11:35:22;Tiago;Rodriguez;;;;;;Tiago Rodriguez;
14141935;03/09/2026 11:39:02;3;2;0001  214950-1;05;CAMIONETA MAR 1;2093421;"ME36    ";"MERMOZ S.A.                                       ";AV. ALSINA 1234;953159;"80-203P        ";80-203P - DUCHA EMB C/TRANSF. MONOCOMANDO ADRA PLUS;3;3;3;23118588;030926113556238;181576136;;;;07/27/2031 00:00:00;3;13797006;03/09/2026 11:35:56;Tiago;Rodriguez;;;;;;Tiago Rodriguez;
14141935;03/09/2026 11:39:02;3;2;0001  214950-1;05;CAMIONETA MAR 1;2093421;"ME36    ";"MERMOZ S.A.                                       ";AV. ALSINA 1234;952912;"70-162         ";70-162 - BIDE CR C.CERAM LINEA ADRA;3;3;3;23118746;030926113830293;181578338;;;;07/29/2031 00:00:00;3;13797086;03/09/2026 11:38:30;Tiago;Rodriguez;;;;;;Tiago Rodriguez;
14141935;03/09/2026 11:39:02;3;2;0001  214950-1;05;CAMIONETA MAR 1;2093421;"ME36    ";"MERMOZ S.A.                                       ";AV. ALSINA 1234;952634;"60-162         ";60-162 - LAVATORIO CR C.CERAM LINEA ADRA;3;3;3;23118746;030926113830293;181578578;;;;07/29/2031 00:00:00;3;13797086;03/09/2026 11:38:30;Tiago;Rodriguez;;;;;;Tiago Rodriguez;
14141935;03/09/2026 11:39:02;3;2;0001  214950-1;05;CAMIONETA MAR 1;2093421;"ME36    ";"MERMOZ S.A.                                       ";AV. ALSINA 1234;950907;"05-010         ";"LAVATORIO BAJO TEMPORIZADO TECNO                                      ";5;5;5;23118746;030926113830293;181574677;;;;07/28/2031 00:00:00;5;13797086;03/09/2026 11:38:30;Tiago;Rodriguez;;;;;;Tiago Rodriguez;
14141936;03/09/2026 12:47:35;3;2;0008    2885-1;05;CAMIONETA MAR 1;2093421;"ME36    ";"MERMOZ S.A.                                       ";AV. ALSINA 1234;953159;"80-203P        ";80-203P - DUCHA EMB C/TRANSF. MONOCOMANDO ADRA PLUS;3;3;3;23116553;030926124735161;181580744;;;;07/27/2031 00:00:00;3;13798959;03/09/2026 12:47:35;Tiago;Rodriguez;24396231;03/09/2026 11:11:19;7767;Leandro;Cantero;Tiago Rodriguez;Leandro Cantero
14141936;03/09/2026 12:47:35;3;2;0008    2885-1;05;CAMIONETA MAR 1;2093421;"ME36    ";"MERMOZ S.A.                                       ";AV. ALSINA 1234;952726;"61-203         ";61-203 - LAVATORIO MONOCOMANDO ALTO ADRA;8;8;8;23122069;030926124516332;181618290;;;;01/11/2032 00:00:00;4;13798974;03/09/2026 12:45:16;Tiago;Rodriguez;;;;;;Tiago Rodriguez;
14141936;03/09/2026 12:47:35;3;2;0008    2885-1;05;CAMIONETA MAR 1;2093421;"ME36    ";"MERMOZ S.A.                                       ";AV. ALSINA 1234;950907;"05-010         ";"LAVATORIO BAJO TEMPORIZADO TECNO                                      ";5;5;5;23122123;030926124604348;181581299;;;;07/28/2031 00:00:00;5;13799001;03/09/2026 12:46:04;Tiago;Rodriguez;;;;;;Tiago Rodriguez;
14141936;03/09/2026 12:47:35;3;2;0008    2885-1;05;CAMIONETA MAR 1;2093421;"ME36    ";"MERMOZ S.A.                                       ";AV. ALSINA 1234;952912;"70-162         ";70-162 - BIDE CR C.CERAM LINEA ADRA;3;3;3;23122123;030926124604348;181582187;;;;07/29/2031 00:00:00;3;13799001;03/09/2026 12:46:04;Tiago;Rodriguez;;;;;;Tiago Rodriguez;
14141936;03/09/2026 12:47:35;3;2;0008    2885-1;05;CAMIONETA MAR 1;2093421;"ME36    ";"MERMOZ S.A.                                       ";AV. ALSINA 1234;952634;"60-162         ";60-162 - LAVATORIO CR C.CERAM LINEA ADRA;3;3;3;23122123;030926124604348;181582037;;;;07/29/2031 00:00:00;3;13799001;03/09/2026 12:46:04;Tiago;Rodriguez;;;;;;Tiago Rodriguez;
14141936;03/09/2026 12:47:35;3;2;0008    2885-1;05;CAMIONETA MAR 1;2093421;"ME36    ";"MERMOZ S.A.                                       ";AV. ALSINA 1234;952726;"61-203         ";61-203 - LAVATORIO MONOCOMANDO ALTO ADRA;8;8;8;23122152;030926124644223;181583196;;;;01/11/2032 00:00:00;4;13799021;03/09/2026 12:46:44;Tiago;Rodriguez;;;;;;Tiago Rodriguez;
14141936;03/09/2026 12:47:35;3;2;0008    2885-1;05;CAMIONETA MAR 1;2093421;"ME36    ";"MERMOZ S.A.                                       ";AV. ALSINA 1234;951535;"20-160         ";20-160 - MONOCOMANDO MESADA COCINA DIQUE;8;8;8;23122163;030926124715078;181580186;;;;07/28/2031 00:00:00;8;13799036;03/09/2026 12:47:15;Tiago;Rodriguez;;;;;;Tiago Rodriguez;
14141937;03/09/2026 10:03:20;3;2;0001  214184-2;05;CAMIONETA MAR 1;2094663;"SS42    ";"SINCENCO SILVIO D -CASA SILVIO                    ";RIVADAVIA 2152;957871;"RA764          ";RA764 - BOLSITA P/CONEXION BIDET LINEAS STD COMPLETO;5;5;5;23111212;030926100318951;181541789;;;;02/01/2032 00:00:00;5;13793685;03/09/2026 10:03:18;Tiago;Rodriguez;24391129;03/09/2026 09:33:31;7152;Mirko;Hernandez;Tiago Rodriguez;Mirko Hernandez
14141938;03/09/2026 12:42:04;3;2;0001  214826-1;05;CAMIONETA MAR 1;2093421;"ME36    ";"MERMOZ S.A.                                       ";AV. ALSINA 1234;951264;"16040          ";16040 - PORTA ROLLO ACCESORIOS LINEA 16000;6;6;6;23112112;030926034203898;181550438;;;;07/27/2031 00:00:00;6;13798860;03/09/2026 12:42:03;Mirko;Hernandez;24391895;03/09/2026 09:48:29;7152;Mirko;Hernandez;Mirko Hernandez;Mirko Hernandez
14141938;03/09/2026 12:42:04;3;2;0001  214826-1;05;CAMIONETA MAR 1;2093421;"ME36    ";"MERMOZ S.A.                                       ";AV. ALSINA 1234;951537;"20-162N        ";"MONOCOMANDO COCINA BLACK ADRA                                         ";10;10;10;23112112;030926034203898;181548192;;;;07/28/2031 00:00:00;10;13798860;03/09/2026 12:42:03;Mirko;Hernandez;24391895;03/09/2026 09:48:29;7152;Mirko;Hernandez;Mirko Hernandez;Mirko Hernandez
14141938;03/09/2026 12:42:04;3;2;0001  214826-1;05;CAMIONETA MAR 1;2093421;"ME36    ";"MERMOZ S.A.                                       ";AV. ALSINA 1234;954942;"BID102-1       ";"BIDE 1 AGUJERO BLANCO LINEA LOFT                                      ";6;6;6;23112112;030926034203898;181548866;;;;01/28/2032 00:00:00;6;13798860;03/09/2026 12:42:03;Mirko;Hernandez;24391895;03/09/2026 09:48:29;7152;Mirko;Hernandez;Mirko Hernandez;Mirko Hernandez
14141938;03/09/2026 12:42:04;3;2;0001  214826-1;05;CAMIONETA MAR 1;2093421;"ME36    ";"MERMOZ S.A.                                       ";AV. ALSINA 1234;951262;"16030          ";16030 - PERCHA LINEA 16000;6;6;6;23112112;030926034203898;181549791;;;;07/27/2031 00:00:00;6;13798860;03/09/2026 12:42:03;Mirko;Hernandez;24391895;03/09/2026 09:48:29;7152;Mirko;Hernandez;Mirko Hernandez;Mirko Hernandez
14141939;03/09/2026 10:51:25;3;2;0008    2878-1;05;CAMIONETA MAR 1;2093421;"ME36    ";"MERMOZ S.A.                                       ";AV. ALSINA 1234;951264;"16040          ";16040 - PORTA ROLLO ACCESORIOS LINEA 16000;14;14;14;23111355;030926015124902;181545501;;;;07/27/2031 00:00:00;14;13794981;03/09/2026 10:51:24;Mirko;Hernandez;24391236;03/09/2026 09:42:36;7767;Leandro;Cantero;Mirko Hernandez;Leandro Cantero
14141939;03/09/2026 10:51:25;3;2;0008    2878-1;05;CAMIONETA MAR 1;2093421;"ME36    ";"MERMOZ S.A.                                       ";AV. ALSINA 1234;951537;"20-162N        ";"MONOCOMANDO COCINA BLACK ADRA                                         ";20;20;20;23111355;030926015124902;181544633;;;;07/28/2031 00:00:00;20;13794981;03/09/2026 10:51:24;Mirko;Hernandez;24391236;03/09/2026 09:42:36;7767;Leandro;Cantero;Mirko Hernandez;Leandro Cantero
14141939;03/09/2026 10:51:25;3;2;0008    2878-1;05;CAMIONETA MAR 1;2093421;"ME36    ";"MERMOZ S.A.                                       ";AV. ALSINA 1234;951262;"16030          ";16030 - PERCHA LINEA 16000;14;14;14;23111355;030926015124902;181546324;;;;07/27/2031 00:00:00;14;13794981;03/09/2026 10:51:24;Mirko;Hernandez;24391236;03/09/2026 09:42:36;7767;Leandro;Cantero;Mirko Hernandez;Leandro Cantero
14141939;03/09/2026 10:51:25;3;2;0008    2878-1;05;CAMIONETA MAR 1;2093421;"ME36    ";"MERMOZ S.A.                                       ";AV. ALSINA 1234;954942;"BID102-1       ";"BIDE 1 AGUJERO BLANCO LINEA LOFT                                      ";14;14;14;23115611;030926014141770;181543048;;;;12/13/2031 00:00:00;14;13795027;03/09/2026 10:41:41;Mirko;Hernandez;;;;;;Mirko Hernandez;
14141940;03/09/2026 14:40:20;3;2;0001  214947-1;05;CAMIONETA MAR 1;2091760;"CL40    ";"CLICK-ON S.A. -TIOSO HOGAR                        ";AU A CAÑUELAS KM 41 PUENTE DEL INCA 2450;952453;"51-131         ";51-131 - MESADA BIMANDO CR C.CERAM MALLORCA;3;3;3;23111795;030926144019899;181549483;;;;01/11/2032 00:00:00;2;13802059;03/09/2026 14:40:19;Tiago;Rodriguez;24391633;03/09/2026 10:20:23;6867;Javier;Lescano;Tiago Rodriguez;Javier Lescano
14141940;03/09/2026 14:40:20;3;2;0001  214947-1;05;CAMIONETA MAR 1;2091760;"CL40    ";"CLICK-ON S.A. -TIOSO HOGAR                        ";AU A CAÑUELAS KM 41 PUENTE DEL INCA 2450;951653;"22-178         ";22-178 - MONOCOMANDO DE COCINA P/AGUA FILTRADA VITA;8;8;8;23127424;030926142520453;181549037;;;;12/23/2031 00:00:00;8;13802111;03/09/2026 14:25:20;Tiago;Rodriguez;;;;;;Tiago Rodriguez;
14141940;03/09/2026 14:40:20;3;2;0001  214947-1;05;CAMIONETA MAR 1;2091760;"CL40    ";"CLICK-ON S.A. -TIOSO HOGAR                        ";AU A CAÑUELAS KM 41 PUENTE DEL INCA 2450;951531;"20-146N        ";20-146N - MONOCOMANDO DE COCINA BLACK LINEA MOVE;10;10;10;23127471;030926142604004;181657585;;;;07/30/2031 00:00:00;6;13802135;03/09/2026 14:26:04;Tiago;Rodriguez;;;;;;Tiago Rodriguez;
14141940;03/09/2026 14:40:20;3;2;0001  214947-1;05;CAMIONETA MAR 1;2091760;"CL40    ";"CLICK-ON S.A. -TIOSO HOGAR                        ";AU A CAÑUELAS KM 41 PUENTE DEL INCA 2450;952712;"61-176         ";61-176 - LAVATORIO MONOC ALTO CR RIO;5;5;5;23127508;030926142629559;181547312;;;;10/09/2031 00:00:00;5;13802148;03/09/2026 14:26:29;Tiago;Rodriguez;;;;;;Tiago Rodriguez;
14141940;03/09/2026 14:40:20;3;2;0001  214947-1;05;CAMIONETA MAR 1;2091760;"CL40    ";"CLICK-ON S.A. -TIOSO HOGAR                        ";AU A CAÑUELAS KM 41 PUENTE DEL INCA 2450;953432;"910/M          ";"910/M - JGO.MDA.P.CANO CROMO ""DIQUE""";7;7;7;23127543;030926142715112;181658148;;;;12/21/2031 00:00:00;5;13802178;03/09/2026 14:27:15;Tiago;Rodriguez;;;;;;Tiago Rodriguez;
14141940;03/09/2026 14:40:20;3;2;0001  214947-1;05;CAMIONETA MAR 1;2091760;"CL40    ";"CLICK-ON S.A. -TIOSO HOGAR                        ";AU A CAÑUELAS KM 41 PUENTE DEL INCA 2450;955159;"D439           ";D439 - KIT DE DUCHA MANUAL;5;5;5;23127543;030926142715112;181550766;;;;12/16/2031 00:00:00;5;13802178;03/09/2026 14:27:15;Tiago;Rodriguez;;;;;;Tiago Rodriguez;
14141940;03/09/2026 14:40:20;3;2;0001  214947-1;05;CAMIONETA MAR 1;2091760;"CL40    ";"CLICK-ON S.A. -TIOSO HOGAR                        ";AU A CAÑUELAS KM 41 PUENTE DEL INCA 2450;953107;"80-162         ";80-162 - DUCHA EMB. C/TRANSF. CR C.CERAM ADRA;4;4;4;23127572;030926142740156;181551149;;;;07/29/2031 00:00:00;4;13802183;03/09/2026 14:27:40;Tiago;Rodriguez;;;;;;Tiago Rodriguez;
14141940;03/09/2026 14:40:20;3;2;0001  214947-1;05;CAMIONETA MAR 1;2091760;"CL40    ";"CLICK-ON S.A. -TIOSO HOGAR                        ";AU A CAÑUELAS KM 41 PUENTE DEL INCA 2450;952759;"62-162N        ";62-162N - LAVATORIO DE PARED BLACK C.CERAM ADRA;2;2;2;23127572;030926142740156;181549908;;;;12/08/2031 00:00:00;2;13802183;03/09/2026 14:27:40;Tiago;Rodriguez;;;;;;Tiago Rodriguez;
14141940;03/09/2026 14:40:20;3;2;0001  214947-1;05;CAMIONETA MAR 1;2091760;"CL40    ";"CLICK-ON S.A. -TIOSO HOGAR                        ";AU A CAÑUELAS KM 41 PUENTE DEL INCA 2450;952758;"62-162         ";62-162 - LAVATORIO DE PARED CR C.CERAM ADRA;2;2;2;23127572;030926142740156;181550490;;;;07/31/2031 00:00:00;2;13802183;03/09/2026 14:27:40;Tiago;Rodriguez;;;;;;Tiago Rodriguez;
14141940;03/09/2026 14:40:20;3;2;0001  214947-1;05;CAMIONETA MAR 1;2091760;"CL40    ";"CLICK-ON S.A. -TIOSO HOGAR                        ";AU A CAÑUELAS KM 41 PUENTE DEL INCA 2450;953109;"80-166         ";"DUCHA EMB. C/TRANSF. CR C.CERAM ADRA PLUS                             ";4;4;4;23127591;030926142803132;181550981;;;;01/18/2032 00:00:00;4;13802199;03/09/2026 14:28:03;Tiago;Rodriguez;;;;;;Tiago Rodriguez;
14141940;03/09/2026 14:40:20;3;2;0001  214947-1;05;CAMIONETA MAR 1;2091760;"CL40    ";"CLICK-ON S.A. -TIOSO HOGAR                        ";AU A CAÑUELAS KM 41 PUENTE DEL INCA 2450;951565;"20-205         ";20-205 - MONOCOMANDO DE COCINA STEEL;3;3;3;23127613;030926142829906;181547840;;;;07/28/2031 00:00:00;3;13802212;03/09/2026 14:28:29;Tiago;Rodriguez;;;;;;Tiago Rodriguez;
14141940;03/09/2026 14:40:20;3;2;0001  214947-1;05;CAMIONETA MAR 1;2091760;"CL40    ";"CLICK-ON S.A. -TIOSO HOGAR                        ";AU A CAÑUELAS KM 41 PUENTE DEL INCA 2450;952453;"51-131         ";51-131 - MESADA BIMANDO CR C.CERAM MALLORCA;3;3;3;23127613;030926142829906;181658741;;;;01/11/2032 00:00:00;1;13802212;03/09/2026 14:28:29;Tiago;Rodriguez;;;;;;Tiago Rodriguez;
14141940;03/09/2026 14:40:20;3;2;0001  214947-1;05;CAMIONETA MAR 1;2091760;"CL40    ";"CLICK-ON S.A. -TIOSO HOGAR                        ";AU A CAÑUELAS KM 41 PUENTE DEL INCA 2450;951531;"20-146N        ";20-146N - MONOCOMANDO DE COCINA BLACK LINEA MOVE;10;10;10;23127648;030926142851172;181548499;;;;07/30/2031 00:00:00;4;13802230;03/09/2026 14:28:51;Tiago;Rodriguez;;;;;;Tiago Rodriguez;
14141940;03/09/2026 14:40:20;3;2;0001  214947-1;05;CAMIONETA MAR 1;2091760;"CL40    ";"CLICK-ON S.A. -TIOSO HOGAR                        ";AU A CAÑUELAS KM 41 PUENTE DEL INCA 2450;953110;"80-166N        ";80-166N - DUCHA EMB. C/TRANSF. BLACK C.CERAM ADRA PLUS;10;10;10;23127683;030926142927975;181659201;;;;11/25/2031 00:00:00;3;13802250;03/09/2026 14:29:27;Tiago;Rodriguez;;;;;;Tiago Rodriguez;
14141940;03/09/2026 14:40:20;3;2;0001  214947-1;05;CAMIONETA MAR 1;2091760;"CL40    ";"CLICK-ON S.A. -TIOSO HOGAR                        ";AU A CAÑUELAS KM 41 PUENTE DEL INCA 2450;953110;"80-166N        ";80-166N - DUCHA EMB. C/TRANSF. BLACK C.CERAM ADRA PLUS;10;10;10;23127702;030926142955457;181659462;;;;11/25/2031 00:00:00;4;13802269;03/09/2026 14:29:55;Tiago;Rodriguez;;;;;;Tiago Rodriguez;
14141940;03/09/2026 14:40:20;3;2;0001  214947-1;05;CAMIONETA MAR 1;2091760;"CL40    ";"CLICK-ON S.A. -TIOSO HOGAR                        ";AU A CAÑUELAS KM 41 PUENTE DEL INCA 2450;952707;"61-152         ";61-152 - LAVATORIO MONOCOMANDO CROMO ALTO SORIA;1;1;1;23127764;030926143049969;181546359;;;;07/27/2031 00:00:00;1;13802307;03/09/2026 14:30:49;Tiago;Rodriguez;;;;;;Tiago Rodriguez;
14141940;03/09/2026 14:40:20;3;2;0001  214947-1;05;CAMIONETA MAR 1;2091760;"CL40    ";"CLICK-ON S.A. -TIOSO HOGAR                        ";AU A CAÑUELAS KM 41 PUENTE DEL INCA 2450;953122;"80-176         ";80-176 - DUCHA EMB C/TRANSF MONOC CR RIO;3;3;3;23127764;030926143049969;181546028;;;;07/29/2031 00:00:00;3;13802307;03/09/2026 14:30:49;Tiago;Rodriguez;;;;;;Tiago Rodriguez;
14141940;03/09/2026 14:40:20;3;2;0001  214947-1;05;CAMIONETA MAR 1;2091760;"CL40    ";"CLICK-ON S.A. -TIOSO HOGAR                        ";AU A CAÑUELAS KM 41 PUENTE DEL INCA 2450;953432;"910/M          ";"910/M - JGO.MDA.P.CANO CROMO ""DIQUE""";7;7;7;23127793;030926143127289;181550357;;;;12/21/2031 00:00:00;2;13802324;03/09/2026 14:31:27;Tiago;Rodriguez;;;;;;Tiago Rodriguez;
14141940;03/09/2026 14:40:20;3;2;0001  214947-1;05;CAMIONETA MAR 1;2091760;"CL40    ";"CLICK-ON S.A. -TIOSO HOGAR                        ";AU A CAÑUELAS KM 41 PUENTE DEL INCA 2450;951760;"3006SS         ";3006SS - SET DE 6 PIEZAS LINEA 3000 SS;3;3;3;23127793;030926143127289;181546563;;;;07/29/2031 00:00:00;3;13802324;03/09/2026 14:31:27;Tiago;Rodriguez;;;;;;Tiago Rodriguez;
14141940;03/09/2026 14:40:20;3;2;0001  214947-1;05;CAMIONETA MAR 1;2091760;"CL40    ";"CLICK-ON S.A. -TIOSO HOGAR                        ";AU A CAÑUELAS KM 41 PUENTE DEL INCA 2450;952648;"60-176N        ";"LAVATORIO MONOCOMANDO BAJO BLACK RIO                                  ";10;10;10;23127824;030926143156077;181660494;;;;07/29/2031 00:00:00;6;13802349;03/09/2026 14:31:56;Tiago;Rodriguez;;;;;;Tiago Rodriguez;
14141940;03/09/2026 14:40:20;3;2;0001  214947-1;05;CAMIONETA MAR 1;2091760;"CL40    ";"CLICK-ON S.A. -TIOSO HOGAR                        ";AU A CAÑUELAS KM 41 PUENTE DEL INCA 2450;952648;"60-176N        ";"LAVATORIO MONOCOMANDO BAJO BLACK RIO                                  ";10;10;10;23127842;030926143217376;181545367;;;;07/29/2031 00:00:00;4;13802366;03/09/2026 14:32:17;Tiago;Rodriguez;;;;;;Tiago Rodriguez;
14141940;03/09/2026 14:40:20;3;2;0001  214947-1;05;CAMIONETA MAR 1;2091760;"CL40    ";"CLICK-ON S.A. -TIOSO HOGAR                        ";AU A CAÑUELAS KM 41 PUENTE DEL INCA 2450;953110;"80-166N        ";80-166N - DUCHA EMB. C/TRANSF. BLACK C.CERAM ADRA PLUS;10;10;10;23127906;030926143311723;181549798;;;;11/25/2031 00:00:00;3;13802388;03/09/2026 14:33:11;Tiago;Rodriguez;;;;;;Tiago Rodriguez;
14141940;03/09/2026 14:40:20;3;2;0001  214947-1;05;CAMIONETA MAR 1;2091760;"CL40    ";"CLICK-ON S.A. -TIOSO HOGAR                        ";AU A CAÑUELAS KM 41 PUENTE DEL INCA 2450;954914;"BCH12          ";BCH12 - BACHA DE APOYAR BLANCA 460x320x140;5;5;5;23127967;030926143356442;181661359;;;;11/10/2031 00:00:00;1;13802413;03/09/2026 14:33:56;Tiago;Rodriguez;;;;;;Tiago Rodriguez;
14141940;03/09/2026 14:40:20;3;2;0001  214947-1;05;CAMIONETA MAR 1;2091760;"CL40    ";"CLICK-ON S.A. -TIOSO HOGAR                        ";AU A CAÑUELAS KM 41 PUENTE DEL INCA 2450;954914;"BCH12          ";BCH12 - BACHA DE APOYAR BLANCA 460x320x140;5;5;5;23127979;030926143411795;181661481;;;;11/10/2031 00:00:00;1;13802425;03/09/2026 14:34:11;Tiago;Rodriguez;;;;;;Tiago Rodriguez;
14141940;03/09/2026 14:40:20;3;2;0001  214947-1;05;CAMIONETA MAR 1;2091760;"CL40    ";"CLICK-ON S.A. -TIOSO HOGAR                        ";AU A CAÑUELAS KM 41 PUENTE DEL INCA 2450;954914;"BCH12          ";BCH12 - BACHA DE APOYAR BLANCA 460x320x140;5;5;5;23128019;030926143443910;181661753;;;;11/10/2031 00:00:00;1;13802447;03/09/2026 14:34:43;Tiago;Rodriguez;;;;;;Tiago Rodriguez;
14141940;03/09/2026 14:40:20;3;2;0001  214947-1;05;CAMIONETA MAR 1;2091760;"CL40    ";"CLICK-ON S.A. -TIOSO HOGAR                        ";AU A CAÑUELAS KM 41 PUENTE DEL INCA 2450;954914;"BCH12          ";BCH12 - BACHA DE APOYAR BLANCA 460x320x140;5;5;5;23128056;030926143504944;181661919;;;;11/10/2031 00:00:00;1;13802460;03/09/2026 14:35:04;Tiago;Rodriguez;;;;;;Tiago Rodriguez;
14141940;03/09/2026 14:40:20;3;2;0001  214947-1;05;CAMIONETA MAR 1;2091760;"CL40    ";"CLICK-ON S.A. -TIOSO HOGAR                        ";AU A CAÑUELAS KM 41 PUENTE DEL INCA 2450;954914;"BCH12          ";BCH12 - BACHA DE APOYAR BLANCA 460x320x140;5;5;5;23128074;030926143533337;181554862;;;;11/10/2031 00:00:00;1;13802475;03/09/2026 14:35:33;Tiago;Rodriguez;;;;;;Tiago Rodriguez;
14141940;03/09/2026 14:40:20;3;2;0001  214947-1;05;CAMIONETA MAR 1;2091760;"CL40    ";"CLICK-ON S.A. -TIOSO HOGAR                        ";AU A CAÑUELAS KM 41 PUENTE DEL INCA 2450;954901;"BCH01          ";BCH01 - BACHA DE APOYAR CIRCULAR 320x145;4;4;4;23128089;030926143558265;181662330;;;;07/28/2031 00:00:00;1;13802494;03/09/2026 14:35:58;Tiago;Rodriguez;;;;;;Tiago Rodriguez;
14141940;03/09/2026 14:40:20;3;2;0001  214947-1;05;CAMIONETA MAR 1;2091760;"CL40    ";"CLICK-ON S.A. -TIOSO HOGAR                        ";AU A CAÑUELAS KM 41 PUENTE DEL INCA 2450;954901;"BCH01          ";BCH01 - BACHA DE APOYAR CIRCULAR 320x145;4;4;4;23128107;030926143620931;181662487;;;;07/28/2031 00:00:00;1;13802503;03/09/2026 14:36:20;Tiago;Rodriguez;;;;;;Tiago Rodriguez;
14141940;03/09/2026 14:40:20;3;2;0001  214947-1;05;CAMIONETA MAR 1;2091760;"CL40    ";"CLICK-ON S.A. -TIOSO HOGAR                        ";AU A CAÑUELAS KM 41 PUENTE DEL INCA 2450;954901;"BCH01          ";BCH01 - BACHA DE APOYAR CIRCULAR 320x145;4;4;4;23128135;030926143645042;181662694;;;;07/28/2031 00:00:00;1;13802518;03/09/2026 14:36:45;Tiago;Rodriguez;;;;;;Tiago Rodriguez;
14141940;03/09/2026 14:40:20;3;2;0001  214947-1;05;CAMIONETA MAR 1;2091760;"CL40    ";"CLICK-ON S.A. -TIOSO HOGAR                        ";AU A CAÑUELAS KM 41 PUENTE DEL INCA 2450;954901;"BCH01          ";BCH01 - BACHA DE APOYAR CIRCULAR 320x145;4;4;4;23128150;030926143704391;181555098;;;;07/28/2031 00:00:00;1;13802539;03/09/2026 14:37:04;Tiago;Rodriguez;;;;;;Tiago Rodriguez;
14141941;03/09/2026 14:41:12;3;2;0001  215035-1;05;CAMIONETA MAR 1;2091995;"CY03    ";"COMERCIALIZADORA Y CONSTRUCTORA LANUS SA  CYCLA   ";REMEDIOS DE ESCALADA SAN MARTIN 890;951530;"20-146         ";20-146 - MONOCOMANDO DE COCINA CR LINEA MOVE;3;3;3;23111713;030926144109515;181544470;;;;10/09/2031 00:00:00;3;13802697;03/09/2026 14:41:09;Tiago;Rodriguez;24391572;03/09/2026 09:29:15;6867;Javier;Lescano;Tiago Rodriguez;Javier Lescano
14141962;03/09/2026 10:12:37;3;2;0001  214905-1;05;CAMIONETA MAR 1;2093609;"MR20    ";"MANNARINO FEDERICO                                ";BOEDO 952;951156;"1330           ";"QUEINOX MACHO MOVIL MH 1/2"" x 30                                      ";60;60;60;23111213;030926101235762;181544876;;;;02/16/2032 00:00:00;10;13793718;03/09/2026 10:12:35;Tiago;Rodriguez;24391129;03/09/2026 09:33:31;7152;Mirko;Hernandez;Tiago Rodriguez;Mirko Hernandez
14141962;03/09/2026 10:12:37;3;2;0001  214905-1;05;CAMIONETA MAR 1;2093609;"MR20    ";"MANNARINO FEDERICO                                ";BOEDO 952;951177;"1350           ";"QUEINOX MACHO MOVIL MH 1/2"" x 50                                      ";20;20;20;23111213;030926101235762;181545917;;;;07/27/2031 00:00:00;20;13793718;03/09/2026 10:12:35;Tiago;Rodriguez;24391129;03/09/2026 09:33:31;7152;Mirko;Hernandez;Tiago Rodriguez;Mirko Hernandez
14141962;03/09/2026 10:12:37;3;2;0001  214905-1;05;CAMIONETA MAR 1;2093609;"MR20    ";"MANNARINO FEDERICO                                ";BOEDO 952;951168;"1340           ";"QUEINOX MACHO MOVIL MH 1/2"" x 40                                      ";40;40;40;23113648;030926100430892;181545394;;;;02/09/2032 00:00:00;40;13793726;03/09/2026 10:04:30;Tiago;Rodriguez;;;;;;Tiago Rodriguez;
14141962;03/09/2026 10:12:37;3;2;0001  214905-1;05;CAMIONETA MAR 1;2093609;"MR20    ";"MANNARINO FEDERICO                                ";BOEDO 952;951156;"1330           ";"QUEINOX MACHO MOVIL MH 1/2"" x 30                                      ";60;60;60;23113679;030926100458873;181556417;;;;02/16/2032 00:00:00;50;13793749;03/09/2026 10:04:58;Tiago;Rodriguez;;;;;;Tiago Rodriguez;
14141962;03/09/2026 10:12:37;3;2;0001  214905-1;05;CAMIONETA MAR 1;2093609;"MR20    ";"MANNARINO FEDERICO                                ";BOEDO 952;951162;"1335           ";"QUEINOX MACHO MOVIL MH 1/2"" x 35                                      ";40;40;40;23113772;030926100641407;181545208;;;;02/10/2032 00:00:00;40;13793832;03/09/2026 10:06:41;Tiago;Rodriguez;;;;;;Tiago Rodriguez;
14141962;03/09/2026 10:12:37;3;2;0001  214905-1;05;CAMIONETA MAR 1;2093609;"MR20    ";"MANNARINO FEDERICO                                ";BOEDO 952;951146;"1320           ";"QUEINOX MACHO MOVIL MH 1/2"" x 20                                      ";40;40;40;23113819;030926100755181;181544270;;;;11/19/2031 00:00:00;40;13793868;03/09/2026 10:07:55;Tiago;Rodriguez;;;;;;Tiago Rodriguez;
14141962;03/09/2026 10:12:37;3;2;0001  214905-1;05;CAMIONETA MAR 1;2093609;"MR20    ";"MANNARINO FEDERICO                                ";BOEDO 952;951153;"1325           ";"QUEINOX MACHO MOVIL MH 1/2"" x 25                                      ";40;40;40;23113907;030926100946934;181542407;;;;02/21/2032 00:00:00;40;13793931;03/09/2026 10:09:46;Tiago;Rodriguez;;;;;;Tiago Rodriguez;
14141963;03/09/2026 14:26:48;3;2;0001  214907-1;05;CAMIONETA MAR 1;2093609;"MR20    ";"MANNARINO FEDERICO                                ";BOEDO 952;951988;"3060           ";3060 - PORTA CEPILLO LINEA 3000;5;5;5;23112811;030926142643048;181560497;;;;07/29/2031 00:00:00;5;13801272;03/09/2026 14:26:43;Maximiliano;Nievas;24392507;03/09/2026 10:24:28;6922;Franco;Potenza;Maximiliano Nievas;Franco Potenza
14141963;03/09/2026 14:26:48;3;2;0001  214907-1;05;CAMIONETA MAR 1;2093609;"MR20    ";"MANNARINO FEDERICO                                ";BOEDO 952;952449;"51-107         ";51-107 - JGO. MESADA CR C.CERAM BEDIA;4;4;4;23112811;030926142643048;181553062;;;;11/10/2031 00:00:00;4;13801272;03/09/2026 14:26:43;Maximiliano;Nievas;24392507;03/09/2026 10:24:28;6922;Franco;Potenza;Maximiliano Nievas;Franco Potenza
14141963;03/09/2026 14:26:48;3;2;0001  214907-1;05;CAMIONETA MAR 1;2093609;"MR20    ";"MANNARINO FEDERICO                                ";BOEDO 952;952498;"54-130         ";54-130 - MONOCOMANDO COCINA PARED EXT BILBAO;3;3;3;23112811;030926142643048;181563233;;;;07/27/2031 00:00:00;3;13801272;03/09/2026 14:26:43;Maximiliano;Nievas;24392507;03/09/2026 10:24:28;6922;Franco;Potenza;Maximiliano Nievas;Franco Potenza
14141963;03/09/2026 14:26:48;3;2;0001  214907-1;05;CAMIONETA MAR 1;2093609;"MR20    ";"MANNARINO FEDERICO                                ";BOEDO 952;952610;"60-122         ";60-122 - LAVATORIO C.CERAM CR VALENCIA;3;3;3;23112811;030926142643048;181552832;;;;12/10/2031 00:00:00;3;13801272;03/09/2026 14:26:43;Maximiliano;Nievas;24392507;03/09/2026 10:24:28;6922;Franco;Potenza;Maximiliano Nievas;Franco Potenza
14141963;03/09/2026 14:26:48;3;2;0001  214907-1;05;CAMIONETA MAR 1;2093609;"MR20    ";"MANNARINO FEDERICO                                ";BOEDO 952;952634;"60-162         ";60-162 - LAVATORIO CR C.CERAM LINEA ADRA;3;3;3;23112811;030926142643048;181554397;;;;07/29/2031 00:00:00;3;13801272;03/09/2026 14:26:43;Maximiliano;Nievas;24392507;03/09/2026 10:24:28;6922;Franco;Potenza;Maximiliano Nievas;Franco Potenza
14141963;03/09/2026 14:26:48;3;2;0001  214907-1;05;CAMIONETA MAR 1;2093609;"MR20    ";"MANNARINO FEDERICO                                ";BOEDO 952;952713;"61-176N        ";61-176N - LAVATORIO MONOC ALTO BLACK RIO;2;2;2;23112811;030926142643048;181557896;;;;07/29/2031 00:00:00;2;13801272;03/09/2026 14:26:43;Maximiliano;Nievas;24392507;03/09/2026 10:24:28;6922;Franco;Potenza;Maximiliano Nievas;Franco Potenza
14141963;03/09/2026 14:26:48;3;2;0001  214907-1;05;CAMIONETA MAR 1;2093609;"MR20    ";"MANNARINO FEDERICO                                ";BOEDO 952;952860;"70-057         ";70-057 - BIDE C.STD VERIN PLUS;8;8;8;23112811;030926142643048;181554223;;;;01/11/2032 00:00:00;8;13801272;03/09/2026 14:26:43;Maximiliano;Nievas;24392507;03/09/2026 10:24:28;6922;Franco;Potenza;Maximiliano Nievas;Franco Potenza
14141963;03/09/2026 14:26:48;3;2;0001  214907-1;05;CAMIONETA MAR 1;2093609;"MR20    ";"MANNARINO FEDERICO                                ";BOEDO 952;953432;"910/M          ";"910/M - JGO.MDA.P.CANO CROMO ""DIQUE""";5;5;5;23112811;030926142643048;181553644;;;;12/21/2031 00:00:00;5;13801272;03/09/2026 14:26:43;Maximiliano;Nievas;24392507;03/09/2026 10:24:28;6922;Franco;Potenza;Maximiliano Nievas;Franco Potenza
14141963;03/09/2026 14:26:48;3;2;0001  214907-1;05;CAMIONETA MAR 1;2093609;"MR20    ";"MANNARINO FEDERICO                                ";BOEDO 952;953437;"914/CR         ";914/CR - JGO.MDA.P.CAÑO CR ARES;5;5;5;23112811;030926142643048;181555865;;;;01/13/2032 00:00:00;5;13801272;03/09/2026 14:26:43;Maximiliano;Nievas;24392507;03/09/2026 10:24:28;6922;Franco;Potenza;Maximiliano Nievas;Franco Potenza
14141963;03/09/2026 14:26:48;3;2;0001  214907-1;05;CAMIONETA MAR 1;2093609;"MR20    ";"MANNARINO FEDERICO                                ";BOEDO 952;953474;"933            ";933 - JGO PARED C/EXT CR DIQUE;5;5;5;23112811;030926142643048;181557223;;;;01/07/2032 00:00:00;5;13801272;03/09/2026 14:26:43;Maximiliano;Nievas;24392507;03/09/2026 10:24:28;6922;Franco;Potenza;Maximiliano Nievas;Franco Potenza
14141963;03/09/2026 14:26:48;3;2;0001  214907-1;05;CAMIONETA MAR 1;2093609;"MR20    ";"MANNARINO FEDERICO                                ";BOEDO 952;957920;"RA920          ";RA920 - VOLANTE VALENCIA;4;4;4;23112811;030926142643048;181563958;;;;01/05/2032 00:00:00;4;13801272;03/09/2026 14:26:43;Maximiliano;Nievas;24392507;03/09/2026 10:24:28;6922;Franco;Potenza;Maximiliano Nievas;Franco Potenza
14141963;03/09/2026 14:26:48;3;2;0001  214907-1;05;CAMIONETA MAR 1;2093609;"MR20    ";"MANNARINO FEDERICO                                ";BOEDO 952;958232;"RU878          ";RU878 - VIDRIO JABONERA REDONADA REPUESTO;6;6;6;23112811;030926142643048;181563660;;;;01/05/2032 00:00:00;6;13801272;03/09/2026 14:26:43;Maximiliano;Nievas;24392507;03/09/2026 10:24:28;6922;Franco;Potenza;Maximiliano Nievas;Franco Potenza
14141963;03/09/2026 14:26:48;3;2;0001  214907-1;05;CAMIONETA MAR 1;2093609;"MR20    ";"MANNARINO FEDERICO                                ";BOEDO 952;951189;"1360           ";"QUEINOX MH 1/2"" x 60                                                  ";10;10;10;23112811;030926142643048;181562491;;;;07/31/2031 00:00:00;10;13801272;03/09/2026 14:26:43;Maximiliano;Nievas;24392507;03/09/2026 10:24:28;6922;Franco;Potenza;Maximiliano Nievas;Franco Potenza
14141963;03/09/2026 14:26:48;3;2;0001  214907-1;05;CAMIONETA MAR 1;2093609;"MR20    ";"MANNARINO FEDERICO                                ";BOEDO 952;951488;"20-102         ";"20-102 - MONOCOMANDO MESADA CROMO ""RENACER""";10;10;10;23112811;030926142643048;181555434;;;;08/20/2031 00:00:00;10;13801272;03/09/2026 14:26:43;Maximiliano;Nievas;24392507;03/09/2026 10:24:28;6922;Franco;Potenza;Maximiliano Nievas;Franco Potenza
14141963;03/09/2026 14:26:48;3;2;0001  214907-1;05;CAMIONETA MAR 1;2093609;"MR20    ";"MANNARINO FEDERICO                                ";BOEDO 952;951523;"20-134         ";20-134 - MONOCOMANDO COCINA BETIS;5;5;5;23112811;030926142643048;181554866;;;;08/11/2031 00:00:00;5;13801272;03/09/2026 14:26:43;Maximiliano;Nievas;24392507;03/09/2026 10:24:28;6922;Franco;Potenza;Maximiliano Nievas;Franco Potenza
14141963;03/09/2026 14:26:48;3;2;0001  214907-1;05;CAMIONETA MAR 1;2093609;"MR20    ";"MANNARINO FEDERICO                                ";BOEDO 952;951536;"20-162         ";20-162 - MONOCOMANDO COCINA ADRA;2;2;2;23112811;030926142643048;181556901;;;;07/28/2031 00:00:00;2;13801272;03/09/2026 14:26:43;Maximiliano;Nievas;24392507;03/09/2026 10:24:28;6922;Franco;Potenza;Maximiliano Nievas;Franco Potenza
14141963;03/09/2026 14:26:48;3;2;0001  214907-1;05;CAMIONETA MAR 1;2093609;"MR20    ";"MANNARINO FEDERICO                                ";BOEDO 952;951606;"21100          ";21100 - ESTANTE ORGANIZADOR RECTANGULAR 25x12x7;5;5;5;23112811;030926142643048;181558601;;;;07/29/2031 00:00:00;5;13801272;03/09/2026 14:26:43;Maximiliano;Nievas;24392507;03/09/2026 10:24:28;6922;Franco;Potenza;Maximiliano Nievas;Franco Potenza
14141963;03/09/2026 14:26:48;3;2;0001  214907-1;05;CAMIONETA MAR 1;2093609;"MR20    ";"MANNARINO FEDERICO                                ";BOEDO 952;951614;"21200          ";21200 - ESQUINERO ORGANIZADOR 19x19x7;4;4;4;23112811;030926142643048;181559098;;;;07/27/2031 00:00:00;4;13801272;03/09/2026 14:26:43;Maximiliano;Nievas;24392507;03/09/2026 10:24:28;6922;Franco;Potenza;Maximiliano Nievas;Franco Potenza
14141963;03/09/2026 14:26:48;3;2;0001  214907-1;05;CAMIONETA MAR 1;2093609;"MR20    ";"MANNARINO FEDERICO                                ";BOEDO 952;951794;"3010           ";3010 - TOALLERO BARRAL LINEA 3000;2;2;2;23112811;030926142643048;181559497;;;;07/29/2031 00:00:00;2;13801272;03/09/2026 14:26:43;Maximiliano;Nievas;24392507;03/09/2026 10:24:28;6922;Franco;Potenza;Maximiliano Nievas;Franco Potenza
14141963;03/09/2026 14:26:48;3;2;0001  214907-1;05;CAMIONETA MAR 1;2093609;"MR20    ";"MANNARINO FEDERICO                                ";BOEDO 952;951906;"3020           ";3020 - TOALLERO DE ARO LINEA 3000;5;5;5;23112811;030926142643048;181559653;;;;07/29/2031 00:00:00;5;13801272;03/09/2026 14:26:43;Maximiliano;Nievas;24392507;03/09/2026 10:24:28;6922;Franco;Potenza;Maximiliano Nievas;Franco Potenza
14141963;03/09/2026 14:26:48;3;2;0001  214907-1;05;CAMIONETA MAR 1;2093609;"MR20    ";"MANNARINO FEDERICO                                ";BOEDO 952;951983;"3050           ";3050 - JABONERA LINEA 3000;5;5;5;23112811;030926142643048;181560161;;;;07/27/2031 00:00:00;5;13801272;03/09/2026 14:26:43;Maximiliano;Nievas;24392507;03/09/2026 10:24:28;6922;Franco;Potenza;Maximiliano Nievas;Franco Potenza
14141974;03/09/2026 11:22:55;3;2;0001  214928-1;05;CAMIONETA MAR 1;2092387;"FA20    ";"FALABELLA S.A.                                    ";AV HIPOLITO YRIGOYEN 13298;951523;"20-134         ";20-134 - MONOCOMANDO COCINA BETIS;4;4;4;23113113;030926112251082;181555684;;;;08/11/2031 00:00:00;4;13796322;03/09/2026 11:22:51;Tiago;Rodriguez;24392734;03/09/2026 10:12:55;7152;Mirko;Hernandez;Tiago Rodriguez;Mirko Hernandez
14141974;03/09/2026 11:22:55;3;2;0001  214928-1;05;CAMIONETA MAR 1;2092387;"FA20    ";"FALABELLA S.A.                                    ";AV HIPOLITO YRIGOYEN 13298;952912;"70-162         ";70-162 - BIDE CR C.CERAM LINEA ADRA;10;10;10;23117614;030926111843323;181559365;;;;07/29/2031 00:00:00;10;13796338;03/09/2026 11:18:43;Tiago;Rodriguez;;;;;;Tiago Rodriguez;
14141974;03/09/2026 11:22:55;3;2;0001  214928-1;05;CAMIONETA MAR 1;2092387;"FA20    ";"FALABELLA S.A.                                    ";AV HIPOLITO YRIGOYEN 13298;952453;"51-131         ";51-131 - MESADA BIMANDO CR C.CERAM MALLORCA;5;5;5;23117658;030926111924566;181586487;;;;01/11/2032 00:00:00;3;13796367;03/09/2026 11:19:24;Tiago;Rodriguez;;;;;;Tiago Rodriguez;
14141974;03/09/2026 11:22:55;3;2;0001  214928-1;05;CAMIONETA MAR 1;2092387;"FA20    ";"FALABELLA S.A.                                    ";AV HIPOLITO YRIGOYEN 13298;952441;"51-061         ";51-061 - COCINA MESADA CR C.STD PUEBLA;5;5;5;23117749;030926112044814;181558086;;;;01/04/2032 00:00:00;5;13796422;03/09/2026 11:20:44;Tiago;Rodriguez;;;;;;Tiago Rodriguez;
14141974;03/09/2026 11:22:55;3;2;0001  214928-1;05;CAMIONETA MAR 1;2092387;"FA20    ";"FALABELLA S.A.                                    ";AV HIPOLITO YRIGOYEN 13298;952453;"51-131         ";51-131 - MESADA BIMANDO CR C.CERAM MALLORCA;5;5;5;23117749;030926112044814;181557557;;;;01/11/2032 00:00:00;2;13796422;03/09/2026 11:20:44;Tiago;Rodriguez;;;;;;Tiago Rodriguez;
14141974;03/09/2026 11:22:55;3;2;0001  214928-1;05;CAMIONETA MAR 1;2092387;"FA20    ";"FALABELLA S.A.                                    ";AV HIPOLITO YRIGOYEN 13298;951748;"3006           ";3006 - SET DE 6 PIEZAS LINEA 3000;5;5;5;23117770;030926112110125;181556386;;;;07/29/2031 00:00:00;5;13796444;03/09/2026 11:21:10;Tiago;Rodriguez;;;;;;Tiago Rodriguez;
14141974;03/09/2026 11:22:55;3;2;0001  214928-1;05;CAMIONETA MAR 1;2092387;"FA20    ";"FALABELLA S.A.                                    ";AV HIPOLITO YRIGOYEN 13298;950975;"10005CR        ";"SET DE 5 PIEZAS LINEA 10000 MINIMALISTA                               ";2;2;2;23117770;030926112110125;181556704;;;;07/29/2031 00:00:00;2;13796444;03/09/2026 11:21:10;Tiago;Rodriguez;;;;;;Tiago Rodriguez;
14141974;03/09/2026 11:22:55;3;2;0001  214928-1;05;CAMIONETA MAR 1;2092387;"FA20    ";"FALABELLA S.A.                                    ";AV HIPOLITO YRIGOYEN 13298;951116;"12006          ";"SET DE 6 PIEZAS LINEA 12000                                           ";2;2;2;23117770;030926112110125;181556032;;;;07/30/2031 00:00:00;2;13796444;03/09/2026 11:21:10;Tiago;Rodriguez;;;;;;Tiago Rodriguez;
14141974;03/09/2026 11:22:55;3;2;0001  214928-1;05;CAMIONETA MAR 1;2092387;"FA20    ";"FALABELLA S.A.                                    ";AV HIPOLITO YRIGOYEN 13298;951512;"20-122         ";"MONOCOMANDO COCINA CR C/PICO EXTRAIBLE VALENCIA                       ";5;5;5;23117854;030926112229194;181554643;;;;08/06/2031 00:00:00;5;13796503;03/09/2026 11:22:29;Tiago;Rodriguez;;;;;;Tiago Rodriguez;
14142018;03/09/2026 13:43:23;3;2;0001  214809-1;05;CAMIONETA MAR 3;2092815;"GS16    ";"GRAMMATICO SERGIO A -SANITARIOS ALVEAR            ";MARCELO T. DE ALVEAR 1387;954922;"BCH19          ";"BACHA DE APOYAR BLANCA 365x235x120                                    ";1;1;1;23119075;030926134322475;181596494;;;;07/28/2031 00:00:00;1;13800703;03/09/2026 13:43:22;Maximiliano;Nievas;24399015;03/09/2026 11:46:48;6867;Javier;Lescano;Maximiliano Nievas;Javier Lescano
14142019;03/09/2026 14:30:38;3;2;0001  214816-1;05;CAMIONETA MAR 3;2091589;"CE01    ";"CENCOSUD S.A.                                     ";AV. JUAN B. ALBERDI 3928;951382;"20010DG        ";20010DG - TOALLERO BARRAL DARK GOLD LINEA PULSE;1;1;1;23119266;030926143038709;181599524;;;;07/27/2031 00:00:00;1;13802233;03/09/2026 14:30:38;Maximiliano;Nievas;24399207;03/09/2026 11:54:45;6867;Javier;Lescano;Maximiliano Nievas;Javier Lescano
14142019;03/09/2026 14:30:38;3;2;0001  214816-1;05;CAMIONETA MAR 3;2091589;"CE01    ";"CENCOSUD S.A.                                     ";AV. JUAN B. ALBERDI 3928;951410;"20030DG        ";20030DG - PERCHA DARK GOLD LINEA PULSE;4;4;4;23119266;030926143038709;181600235;;;;07/31/2031 00:00:00;4;13802233;03/09/2026 14:30:38;Maximiliano;Nievas;24399207;03/09/2026 11:54:45;6867;Javier;Lescano;Maximiliano Nievas;Javier Lescano
14142019;03/09/2026 14:30:38;3;2;0001  214816-1;05;CAMIONETA MAR 3;2091589;"CE01    ";"CENCOSUD S.A.                                     ";AV. JUAN B. ALBERDI 3928;951424;"20040DG        ";20040DG - PORTA ROLLO DARK GOLD LINEA PULSE;1;1;1;23119266;030926143038709;181600104;;;;07/29/2031 00:00:00;1;13802233;03/09/2026 14:30:38;Maximiliano;Nievas;24399207;03/09/2026 11:54:45;6867;Javier;Lescano;Maximiliano Nievas;Javier Lescano
14142019;03/09/2026 14:30:38;3;2;0001  214816-1;05;CAMIONETA MAR 3;2091589;"CE01    ";"CENCOSUD S.A.                                     ";AV. JUAN B. ALBERDI 3928;952923;"70-175GR       ";70-175GR - BIDE PULSE GRAFITO C.CERAM;1;1;1;23119266;030926143038709;181598776;;;;07/31/2031 00:00:00;1;13802233;03/09/2026 14:30:38;Maximiliano;Nievas;24399207;03/09/2026 11:54:45;6867;Javier;Lescano;Maximiliano Nievas;Javier Lescano
14142021;03/09/2026 14:28:47;3;2;0001  215013-1;05;CAMIONETA MAR 3;2091589;"CE01    ";"CENCOSUD S.A.                                     ";AV. JUAN B. ALBERDI 3928;952953;"70-201NI       ";70-201NI - BIDE CR C.CERAM BEAT NICKEL;2;2;2;23119267;030926142847624;181598480;;;;07/29/2031 00:00:00;2;13802223;03/09/2026 14:28:47;Maximiliano;Nievas;24399207;03/09/2026 11:54:45;6867;Javier;Lescano;Maximiliano Nievas;Javier Lescano
14149000;03/09/2026 10:16:18;3;2;0001  214831-2;10;URGENTES;2094738;"TC11    ";"TRIPOLI CARLOS L.                                 ";ALVAREZ PRADO E/MENDEZ Y STORN;951611;"21-160         ";"MONOCOMANDO DUO COCINA CROMO DIQUE                                    ";12;12;12;23106288;030926101617438;181506530;;;;12/14/2031 00:00:00;12;13794171;03/09/2026 10:16:17;Gaston Alejandro;Kiriczuk;24386541;03/09/2026 07:18:01;7767;Leandro;Cantero;Gaston Alejandro Kiriczuk;Leandro Cantero
14149673;03/09/2026 12:45:44;3;2;0001  214822-1;14;RETIRA;2094662;"SS41    ";"SANITARIOS SANJUAN S.R.L.                         ";SANABRIA 2978;957447;"RA1030         ";RA1030 - PICO ROCIADOR P/ MONOC COCINA CUINA;10;10;10;23117592;030926124542634;181598396;;;;02/21/2032 00:00:00;10;13798717;03/09/2026 12:45:42;Agustin;Scirica;24397309;03/09/2026 12:04:35;6922;Franco;Potenza;Agustin Scirica;Franco Potenza
14149673;03/09/2026 12:45:44;3;2;0001  214822-1;14;RETIRA;2094662;"SS41    ";"SANITARIOS SANJUAN S.R.L.                         ";SANABRIA 2978;957409;"RA023N         ";RA023N - SOPAPA LAVATORIO / BIDE FABRIC BLACK;20;20;20;23117592;030926124542634;181602233;;;;11/16/2031 00:00:00;20;13798717;03/09/2026 12:45:42;Agustin;Scirica;24397309;03/09/2026 12:04:35;6922;Franco;Potenza;Agustin Scirica;Franco Potenza
14149673;03/09/2026 12:45:44;3;2;0001  214822-1;14;RETIRA;2094662;"SS41    ";"SANITARIOS SANJUAN S.R.L.                         ";SANABRIA 2978;953347;"85-168N        ";85-168N - DUCHA MONOC C/TRANSF Y DUCHADOR BLACK WAVE;1;1;1;23117592;030926124542634;181586403;;;;01/20/2032 00:00:00;1;13798717;03/09/2026 12:45:42;Agustin;Scirica;24397309;03/09/2026 12:04:35;6922;Franco;Potenza;Agustin Scirica;Franco Potenza
14149673;03/09/2026 12:45:44;3;2;0001  214822-1;14;RETIRA;2094662;"SS41    ";"SANITARIOS SANJUAN S.R.L.                         ";SANABRIA 2978;953346;"85-168         ";85-168 - DUCHA MONOC C/TRANSF Y DUCHADOR CR WAVE;2;2;2;23117592;030926124542634;181588019;;;;02/01/2032 00:00:00;2;13798717;03/09/2026 12:45:42;Agustin;Scirica;24397309;03/09/2026 12:04:35;6922;Franco;Potenza;Agustin Scirica;Franco Potenza
14149673;03/09/2026 12:45:44;3;2;0001  214822-1;14;RETIRA;2094662;"SS41    ";"SANITARIOS SANJUAN S.R.L.                         ";SANABRIA 2978;953324;"835            ";835 - JGO.MDA. P.FUNDIDO CR MURCIA;12;12;12;23117592;030926124542634;181587236;;;;07/29/2031 00:00:00;12;13798717;03/09/2026 12:45:42;Agustin;Scirica;24397309;03/09/2026 12:04:35;6922;Franco;Potenza;Agustin Scirica;Franco Potenza
14149673;03/09/2026 12:45:44;3;2;0001  214822-1;14;RETIRA;2094662;"SS41    ";"SANITARIOS SANJUAN S.R.L.                         ";SANABRIA 2978;953161;"80-205         ";80-205 - DUCHA EMB. C/TRANSF. MONOC STEEL;3;3;3;23117592;030926124542634;181597657;;;;08/11/2031 00:00:00;3;13798717;03/09/2026 12:45:42;Agustin;Scirica;24397309;03/09/2026 12:04:35;6922;Franco;Potenza;Agustin Scirica;Franco Potenza
14149673;03/09/2026 12:45:44;3;2;0001  214822-1;14;RETIRA;2094662;"SS41    ";"SANITARIOS SANJUAN S.R.L.                         ";SANABRIA 2978;952954;"70-203         ";70-203 - BIDE MONOCOMANDO ADRA;4;4;4;23117592;030926124542634;181591276;;;;07/29/2031 00:00:00;4;13798717;03/09/2026 12:45:42;Agustin;Scirica;24397309;03/09/2026 12:04:35;6922;Franco;Potenza;Agustin Scirica;Franco Potenza
14149673;03/09/2026 12:45:44;3;2;0001  214822-1;14;RETIRA;2094662;"SS41    ";"SANITARIOS SANJUAN S.R.L.                         ";SANABRIA 2978;952728;"61-205         ";61-205 - LAVATORIO MONOC ALTO STEEL;3;3;3;23117592;030926124542634;181596332;;;;07/28/2031 00:00:00;3;13798717;03/09/2026 12:45:42;Agustin;Scirica;24397309;03/09/2026 12:04:35;6922;Franco;Potenza;Agustin Scirica;Franco Potenza
14149673;03/09/2026 12:45:44;3;2;0001  214822-1;14;RETIRA;2094662;"SS41    ";"SANITARIOS SANJUAN S.R.L.                         ";SANABRIA 2978;952712;"61-176         ";61-176 - LAVATORIO MONOC ALTO CR RIO;4;4;4;23117592;030926124542634;181596071;;;;10/09/2031 00:00:00;4;13798717;03/09/2026 12:45:42;Agustin;Scirica;24397309;03/09/2026 12:04:35;6922;Franco;Potenza;Agustin Scirica;Franco Potenza
14149673;03/09/2026 12:45:44;3;2;0001  214822-1;14;RETIRA;2094662;"SS41    ";"SANITARIOS SANJUAN S.R.L.                         ";SANABRIA 2978;952679;"60-205         ";60-205 - LAVATORIO MONOC BAJO STEEL;4;4;4;23117592;030926124542634;181596701;;;;07/27/2031 00:00:00;4;13798717;03/09/2026 12:45:42;Agustin;Scirica;24397309;03/09/2026 12:04:35;6922;Franco;Potenza;Agustin Scirica;Franco Potenza
14149673;03/09/2026 12:45:44;3;2;0001  214822-1;14;RETIRA;2094662;"SS41    ";"SANITARIOS SANJUAN S.R.L.                         ";SANABRIA 2978;952677;"60-203         ";60-203 - LAVATORIO MONOCOMANDO BAJO ADRA;3;3;3;23117592;030926124542634;181587627;;;;02/10/2032 00:00:00;3;13798717;03/09/2026 12:45:42;Agustin;Scirica;24397309;03/09/2026 12:04:35;6922;Franco;Potenza;Agustin Scirica;Franco Potenza
14149673;03/09/2026 12:45:44;3;2;0001  214822-1;14;RETIRA;2094662;"SS41    ";"SANITARIOS SANJUAN S.R.L.                         ";SANABRIA 2978;952676;"60-201NI       ";60-201NI - LAVATORIO C.CERAM BEAT NICKEL;1;1;1;23117592;030926124542634;181587363;;;;08/20/2031 00:00:00;1;13798717;03/09/2026 12:45:42;Agustin;Scirica;24397309;03/09/2026 12:04:35;6922;Franco;Potenza;Agustin Scirica;Franco Potenza
14149673;03/09/2026 12:45:44;3;2;0001  214822-1;14;RETIRA;2094662;"SS41    ";"SANITARIOS SANJUAN S.R.L.                         ";SANABRIA 2978;952647;"60-176         ";"LAVATORIO MONOCOMANDO BAJO CR RIO                                     ";2;2;2;23117592;030926124542634;181595465;;;;10/11/2031 00:00:00;2;13798717;03/09/2026 12:45:42;Agustin;Scirica;24397309;03/09/2026 12:04:35;6922;Franco;Potenza;Agustin Scirica;Franco Potenza
14149673;03/09/2026 12:45:44;3;2;0001  214822-1;14;RETIRA;2094662;"SS41    ";"SANITARIOS SANJUAN S.R.L.                         ";SANABRIA 2978;952467;"52-121         ";52-121 - GRIFERIA REBATIBLE P/LLENADO DE OLLAS MARBELLA;3;3;3;23117592;030926124542634;181596870;;;;07/29/2031 00:00:00;3;13798717;03/09/2026 12:45:42;Agustin;Scirica;24397309;03/09/2026 12:04:35;6922;Franco;Potenza;Agustin Scirica;Franco Potenza
14149673;03/09/2026 12:45:44;3;2;0001  214822-1;14;RETIRA;2094662;"SS41    ";"SANITARIOS SANJUAN S.R.L.                         ";SANABRIA 2978;951523;"20-134         ";20-134 - MONOCOMANDO COCINA BETIS;6;6;6;23117592;030926124542634;181593126;;;;08/11/2031 00:00:00;6;13798717;03/09/2026 12:45:42;Agustin;Scirica;24397309;03/09/2026 12:04:35;6922;Franco;Potenza;Agustin Scirica;Franco Potenza
14149674;03/09/2026 12:31:25;3;2;0001  214336-2;14;RETIRA;2091857;"CO42    ";"COLADONATO FEDERICO N.-SANITARIOS CARUPA          ";AV. JUAN B. JUSTO 2476;957612;"RA1255N        ";"DUCHA DE MANO CILINDRICA DE LATON VERA BLACK                          ";1;1;1;23117531;030926123123134;181586368;;;;02/21/2032 00:00:00;1;13798577;03/09/2026 12:31:23;Agustin;Scirica;24397213;03/09/2026 11:19:18;6867;Javier;Lescano;Agustin Scirica;Javier Lescano
14149677;03/09/2026 08:49:10;3;2;0001  214862-1;10;URGENTES;2109130;"750     ";"SOLER, Lucas                                      ";intendente Arricau 4464;954651;"A816           ";"A816 - DUCHA 6"" C/BRAZO Y CAMPANA CR";1;1;1;23109564;030926084907850;181530584;;;;07/27/2031 00:00:00;1;13791615;03/09/2026 08:49:07;Gaston Alejandro;Kiriczuk;24389675;03/09/2026 08:48:34;6409;Gaston Alejandro;Kiriczuk;Gaston Alejandro Kiriczuk;Gaston Alejandro Kiriczuk
14149830;03/09/2026 13:13:19;3;2;0001  214987-1;05;CAMIONETA EXP 1;2093172;"LE14    ";"L.E.CER S.R.L.                                    ";LIBERTAD 10110;951306;"17050G         ";17050G - JABONERA  LINEA FABRIC GOLD;3;3;3;23120758;030926131318540;181609834;;;;07/29/2031 00:00:00;3;13799708;03/09/2026 13:13:18;Maximiliano;Nievas;24400776;03/09/2026 12:18:57;6867;Javier;Lescano;Maximiliano Nievas;Javier Lescano
14149831;03/09/2026 13:45:57;3;2;0001  214995-1;05;CAMIONETA EXP 1;2094872;"TU03    ";"TUBONOR S.A.                                      ";AV. CIRCUNVALACION R.9 KM 1294 MZ 6;951488;"20-102         ";"20-102 - MONOCOMANDO MESADA CROMO ""RENACER""";20;20;20;23120410;030926134556485;181621496;;;;08/20/2031 00:00:00;10;13799936;03/09/2026 13:45:56;Tiago;Rodriguez;24400432;03/09/2026 12:57:21;6922;Franco;Potenza;Tiago Rodriguez;Franco Potenza
14149831;03/09/2026 13:45:57;3;2;0001  214995-1;05;CAMIONETA EXP 1;2094872;"TU03    ";"TUBONOR S.A.                                      ";AV. CIRCUNVALACION R.9 KM 1294 MZ 6;951600;"209            ";209 - LAVATORIO CROMO LAZA;30;30;30;23123703;030926132101561;181629909;;;;01/10/2032 00:00:00;10;13799943;03/09/2026 13:21:01;Tiago;Rodriguez;;;;;;Tiago Rodriguez;
14149831;03/09/2026 13:45:57;3;2;0001  214995-1;05;CAMIONETA EXP 1;2094872;"TU03    ";"TUBONOR S.A.                                      ";AV. CIRCUNVALACION R.9 KM 1294 MZ 6;951600;"209            ";209 - LAVATORIO CROMO LAZA;30;30;30;23123781;030926132231244;181630445;;;;01/10/2032 00:00:00;10;13799975;03/09/2026 13:22:31;Tiago;Rodriguez;;;;;;Tiago Rodriguez;
14149831;03/09/2026 13:45:57;3;2;0001  214995-1;05;CAMIONETA EXP 1;2094872;"TU03    ";"TUBONOR S.A.                                      ";AV. CIRCUNVALACION R.9 KM 1294 MZ 6;951600;"209            ";209 - LAVATORIO CROMO LAZA;30;30;30;23123828;030926132322187;181618980;;;;01/10/2032 00:00:00;10;13800000;03/09/2026 13:23:22;Tiago;Rodriguez;;;;;;Tiago Rodriguez;
14149831;03/09/2026 13:45:57;3;2;0001  214995-1;05;CAMIONETA EXP 1;2094872;"TU03    ";"TUBONOR S.A.                                      ";AV. CIRCUNVALACION R.9 KM 1294 MZ 6;952419;"51-001N        ";"51-001N - COCINA MESADA ""CROMO Y""";5;5;5;23123905;030926132427385;181614747;;;;07/29/2031 00:00:00;5;13800024;03/09/2026 13:24:27;Tiago;Rodriguez;;;;;;Tiago Rodriguez;
14149831;03/09/2026 13:45:57;3;2;0001  214995-1;05;CAMIONETA EXP 1;2094872;"TU03    ";"TUBONOR S.A.                                      ";AV. CIRCUNVALACION R.9 KM 1294 MZ 6;952470;"53-001N        ";"53-001N - COCINA PARED EXTERIOR PICO ALTO ""CROMO Y""";5;5;5;23123905;030926132427385;181615077;;;;07/31/2031 00:00:00;5;13800024;03/09/2026 13:24:27;Tiago;Rodriguez;;;;;;Tiago Rodriguez;
14149831;03/09/2026 13:45:57;3;2;0001  214995-1;05;CAMIONETA EXP 1;2094872;"TU03    ";"TUBONOR S.A.                                      ";AV. CIRCUNVALACION R.9 KM 1294 MZ 6;951996;"309            ";"309 - BIDE CROMO ""LAZA""";20;20;20;23123951;030926132526508;181631545;;;;01/11/2032 00:00:00;10;13800059;03/09/2026 13:25:26;Tiago;Rodriguez;;;;;;Tiago Rodriguez;
14149831;03/09/2026 13:45:57;3;2;0001  214995-1;05;CAMIONETA EXP 1;2094872;"TU03    ";"TUBONOR S.A.                                      ";AV. CIRCUNVALACION R.9 KM 1294 MZ 6;952541;"60-001N        ";"60-001N - LAVATORIO ""CROMO Y""";10;10;10;23123988;030926132612009;181615443;;;;07/29/2031 00:00:00;10;13800092;03/09/2026 13:26:12;Tiago;Rodriguez;;;;;;Tiago Rodriguez;
14149831;03/09/2026 13:45:57;3;2;0001  214995-1;05;CAMIONETA EXP 1;2094872;"TU03    ";"TUBONOR S.A.                                      ";AV. CIRCUNVALACION R.9 KM 1294 MZ 6;951996;"309            ";"309 - BIDE CROMO ""LAZA""";20;20;20;23124145;030926132852957;181617672;;;;01/11/2032 00:00:00;10;13800183;03/09/2026 13:28:52;Tiago;Rodriguez;;;;;;Tiago Rodriguez;
14149831;03/09/2026 13:45:57;3;2;0001  214995-1;05;CAMIONETA EXP 1;2094872;"TU03    ";"TUBONOR S.A.                                      ";AV. CIRCUNVALACION R.9 KM 1294 MZ 6;953487;"939            ";939 - JGO.COCINA C/EXTENSIBLE CR LAZA;10;10;10;23124167;030926132929894;181619967;;;;12/29/2031 00:00:00;10;13800200;03/09/2026 13:29:29;Tiago;Rodriguez;;;;;;Tiago Rodriguez;
14149831;03/09/2026 13:45:57;3;2;0001  214995-1;05;CAMIONETA EXP 1;2094872;"TU03    ";"TUBONOR S.A.                                      ";AV. CIRCUNVALACION R.9 KM 1294 MZ 6;953060;"80-058         ";80-058 - DUCHA EMB. C/TRANSF. CR C.STD MALBA;10;10;10;23124198;030926133008034;181613576;;;;01/06/2032 00:00:00;10;13800223;03/09/2026 13:30:08;Tiago;Rodriguez;;;;;;Tiago Rodriguez;
14149831;03/09/2026 13:45:57;3;2;0001  214995-1;05;CAMIONETA EXP 1;2094872;"TU03    ";"TUBONOR S.A.                                      ";AV. CIRCUNVALACION R.9 KM 1294 MZ 6;952583;"60-058         ";60-058 - LAVATORIO CR C.STD MALBA;10;10;10;23124247;030926133053563;181613910;;;;12/03/2031 00:00:00;10;13800242;03/09/2026 13:30:53;Tiago;Rodriguez;;;;;;Tiago Rodriguez;
14149831;03/09/2026 13:45:57;3;2;0001  214995-1;05;CAMIONETA EXP 1;2094872;"TU03    ";"TUBONOR S.A.                                      ";AV. CIRCUNVALACION R.9 KM 1294 MZ 6;952281;"429            ";"429 - DUCHA EMB.C/TRANSF.CR ""LAZA""";20;20;20;23124305;030926133153901;181633891;;;;01/12/2032 00:00:00;10;13800271;03/09/2026 13:31:53;Tiago;Rodriguez;;;;;;Tiago Rodriguez;
14149831;03/09/2026 13:45:57;3;2;0001  214995-1;05;CAMIONETA EXP 1;2094872;"TU03    ";"TUBONOR S.A.                                      ";AV. CIRCUNVALACION R.9 KM 1294 MZ 6;952860;"70-057         ";70-057 - BIDE C.STD VERIN PLUS;20;20;20;23124344;030926133251874;181634251;;;;01/11/2032 00:00:00;10;13800310;03/09/2026 13:32:51;Tiago;Rodriguez;;;;;;Tiago Rodriguez;
14149831;03/09/2026 13:45:57;3;2;0001  214995-1;05;CAMIONETA EXP 1;2094872;"TU03    ";"TUBONOR S.A.                                      ";AV. CIRCUNVALACION R.9 KM 1294 MZ 6;953445;"919/M          ";919/M - JGO.MDA.P.CANO CROMO LAZA;20;20;20;23124389;030926133341703;181634555;;;;01/31/2032 00:00:00;10;13800342;03/09/2026 13:33:41;Tiago;Rodriguez;;;;;;Tiago Rodriguez;
14149831;03/09/2026 13:45:57;3;2;0001  214995-1;05;CAMIONETA EXP 1;2094872;"TU03    ";"TUBONOR S.A.                                      ";AV. CIRCUNVALACION R.9 KM 1294 MZ 6;953445;"919/M          ";919/M - JGO.MDA.P.CANO CROMO LAZA;20;20;20;23124554;030926133641019;181612714;;;;01/31/2032 00:00:00;10;13800482;03/09/2026 13:36:41;Tiago;Rodriguez;;;;;;Tiago Rodriguez;
14149831;03/09/2026 13:45:57;3;2;0001  214995-1;05;CAMIONETA EXP 1;2094872;"TU03    ";"TUBONOR S.A.                                      ";AV. CIRCUNVALACION R.9 KM 1294 MZ 6;953059;"80-057         ";80-057 - DUCHA EMB. C/TRANSF. C.STD VERIN PLUS;30;30;30;23124588;030926133725474;181636205;;;;01/04/2032 00:00:00;10;13800498;03/09/2026 13:37:25;Tiago;Rodriguez;;;;;;Tiago Rodriguez;
14149831;03/09/2026 13:45:57;3;2;0001  214995-1;05;CAMIONETA EXP 1;2094872;"TU03    ";"TUBONOR S.A.                                      ";AV. CIRCUNVALACION R.9 KM 1294 MZ 6;953059;"80-057         ";80-057 - DUCHA EMB. C/TRANSF. C.STD VERIN PLUS;30;30;30;23124613;030926133808896;181636486;;;;01/04/2032 00:00:00;10;13800523;03/09/2026 13:38:08;Tiago;Rodriguez;;;;;;Tiago Rodriguez;
14149831;03/09/2026 13:45:57;3;2;0001  214995-1;05;CAMIONETA EXP 1;2094872;"TU03    ";"TUBONOR S.A.                                      ";AV. CIRCUNVALACION R.9 KM 1294 MZ 6;952860;"70-057         ";70-057 - BIDE C.STD VERIN PLUS;20;20;20;23124672;030926133900503;181610412;;;;01/11/2032 00:00:00;10;13800560;03/09/2026 13:39:00;Tiago;Rodriguez;;;;;;Tiago Rodriguez;
14149831;03/09/2026 13:45:57;3;2;0001  214995-1;05;CAMIONETA EXP 1;2094872;"TU03    ";"TUBONOR S.A.                                      ";AV. CIRCUNVALACION R.9 KM 1294 MZ 6;952582;"60-057         ";60-057 - LAVATORIO C.STD VERIN PLUS;30;30;30;23124745;030926134013780;181637347;;;;01/06/2032 00:00:00;10;13800595;03/09/2026 13:40:13;Tiago;Rodriguez;;;;;;Tiago Rodriguez;
14149831;03/09/2026 13:45:57;3;2;0001  214995-1;05;CAMIONETA EXP 1;2094872;"TU03    ";"TUBONOR S.A.                                      ";AV. CIRCUNVALACION R.9 KM 1294 MZ 6;952582;"60-057         ";60-057 - LAVATORIO C.STD VERIN PLUS;30;30;30;23124822;030926134109761;181637717;;;;01/06/2032 00:00:00;10;13800631;03/09/2026 13:41:09;Tiago;Rodriguez;;;;;;Tiago Rodriguez;
14149831;03/09/2026 13:45:57;3;2;0001  214995-1;05;CAMIONETA EXP 1;2094872;"TU03    ";"TUBONOR S.A.                                      ";AV. CIRCUNVALACION R.9 KM 1294 MZ 6;952281;"429            ";"429 - DUCHA EMB.C/TRANSF.CR ""LAZA""";20;20;20;23124892;030926134153527;181616266;;;;01/12/2032 00:00:00;10;13800659;03/09/2026 13:41:53;Tiago;Rodriguez;;;;;;Tiago Rodriguez;
14149831;03/09/2026 13:45:57;3;2;0001  214995-1;05;CAMIONETA EXP 1;2094872;"TU03    ";"TUBONOR S.A.                                      ";AV. CIRCUNVALACION R.9 KM 1294 MZ 6;952582;"60-057         ";60-057 - LAVATORIO C.STD VERIN PLUS;30;30;30;23124921;030926134227705;181609517;;;;01/06/2032 00:00:00;10;13800678;03/09/2026 13:42:27;Tiago;Rodriguez;;;;;;Tiago Rodriguez;
14149831;03/09/2026 13:45:57;3;2;0001  214995-1;05;CAMIONETA EXP 1;2094872;"TU03    ";"TUBONOR S.A.                                      ";AV. CIRCUNVALACION R.9 KM 1294 MZ 6;953059;"80-057         ";80-057 - DUCHA EMB. C/TRANSF. C.STD VERIN PLUS;30;30;30;23124952;030926134305754;181611448;;;;01/04/2032 00:00:00;10;13800699;03/09/2026 13:43:05;Tiago;Rodriguez;;;;;;Tiago Rodriguez;
14149831;03/09/2026 13:45:57;3;2;0001  214995-1;05;CAMIONETA EXP 1;2094872;"TU03    ";"TUBONOR S.A.                                      ";AV. CIRCUNVALACION R.9 KM 1294 MZ 6;952618;"60-133         ";60-133 - LAVATORIO MONOCOMANDO LUGO;5;5;5;23125037;030926134435273;181621751;;;;07/29/2031 00:00:00;5;13800743;03/09/2026 13:44:35;Tiago;Rodriguez;;;;;;Tiago Rodriguez;
14149831;03/09/2026 13:45:57;3;2;0001  214995-1;05;CAMIONETA EXP 1;2094872;"TU03    ";"TUBONOR S.A.                                      ";AV. CIRCUNVALACION R.9 KM 1294 MZ 6;951568;"203            ";"203 - LAVATORIO CROMO ""DIQUE""";5;5;5;23125037;030926134435273;181612870;;;;01/11/2032 00:00:00;5;13800743;03/09/2026 13:44:35;Tiago;Rodriguez;;;;;;Tiago Rodriguez;
14149831;03/09/2026 13:45:57;3;2;0001  214995-1;05;CAMIONETA EXP 1;2094872;"TU03    ";"TUBONOR S.A.                                      ";AV. CIRCUNVALACION R.9 KM 1294 MZ 6;952728;"61-205         ";61-205 - LAVATORIO MONOC ALTO STEEL;3;3;3;23125071;030926134501379;181622051;;;;07/28/2031 00:00:00;3;13800762;03/09/2026 13:45:01;Tiago;Rodriguez;;;;;;Tiago Rodriguez;
14149831;03/09/2026 13:45:57;3;2;0001  214995-1;05;CAMIONETA EXP 1;2094872;"TU03    ";"TUBONOR S.A.                                      ";AV. CIRCUNVALACION R.9 KM 1294 MZ 6;951488;"20-102         ";"20-102 - MONOCOMANDO MESADA CROMO ""RENACER""";20;20;20;23125107;030926134526764;181639492;;;;08/20/2031 00:00:00;10;13800781;03/09/2026 13:45:26;Tiago;Rodriguez;;;;;;Tiago Rodriguez;
14149834;03/09/2026 13:12:29;3;2;0001  214854-1;05;CAMIONETA EXP 1;2092674;"GF09    ";"GILLI FAUDIN LUIS V. -GILCOMAT                    ";9 DE JULIO 3537;951326;"19020          ";19020 - TOALLERO DE ARO LINEA 19000;3;3;3;23120866;030926131228703;181610742;;;;07/29/2031 00:00:00;3;13799656;03/09/2026 13:12:28;Maximiliano;Nievas;24400886;03/09/2026 12:21:17;6867;Javier;Lescano;Maximiliano Nievas;Javier Lescano
14149835;03/09/2026 15:05:13;3;2;0001  215027-1;05;CAMIONETA EXP 1;2092262;"ED04    ";"EDIFICOR S.R.L.                                   ";AV. LOS MOLDAVOS 3131;952741;"62-100N        ";62-100N - LAVATORIO DE PARED BLACK C.CERAM FABRIC;5;5;5;23128138;030926150512626;181665346;;;;11/05/2031 00:00:00;5;13803605;03/09/2026 15:05:12;Maximiliano;Nievas;24407665;03/09/2026 14:42:24;7767;Leandro;Cantero;Maximiliano Nievas;Leandro Cantero
14149835;03/09/2026 15:05:13;3;2;0001  215027-1;05;CAMIONETA EXP 1;2092262;"ED04    ";"EDIFICOR S.R.L.                                   ";AV. LOS MOLDAVOS 3131;953154;"80-200N        ";80-200N - DUCHA EMB. MONOC. 3 FUNCIONES BLACK FABRIC;5;5;5;23128138;030926150512626;181664348;;;;01/04/2032 00:00:00;5;13803605;03/09/2026 15:05:12;Maximiliano;Nievas;24407665;03/09/2026 14:42:24;7767;Leandro;Cantero;Maximiliano Nievas;Leandro Cantero
14149836;03/09/2026 12:51:05;3;2;0001  215030-1;05;CAMIONETA EXP 1;2092674;"GF09    ";"GILLI FAUDIN LUIS V. -GILCOMAT                    ";9 DE JULIO 3537;952874;"70-100G        ";70-100G - BIDE GOLD C.CERAM FABRIC;1;1;1;23120456;030926125103455;181609712;;;;07/29/2031 00:00:00;1;13799142;03/09/2026 12:51:03;Agustin;Scirica;24400481;03/09/2026 12:20:29;7767;Leandro;Cantero;Agustin Scirica;Leandro Cantero
14149837;03/09/2026 12:52:36;3;2;0001  214778-1;05;CAMIONETA EXP 1;2092621;"GA31    ";"GALBAHIA S.R.L.                                   ";FUERTE ARGENTINO 581;952638;"60-168N        ";60-168N - LAVATORIO MONOC BAJO BLACK WAVE;1;1;1;23120457;030926125234975;181607304;;;;07/27/2031 00:00:00;1;13799153;03/09/2026 12:52:34;Agustin;Scirica;24400481;03/09/2026 12:20:29;7767;Leandro;Cantero;Agustin Scirica;Leandro Cantero
14149837;03/09/2026 12:52:36;3;2;0001  214778-1;05;CAMIONETA EXP 1;2092621;"GA31    ";"GALBAHIA S.R.L.                                   ";FUERTE ARGENTINO 581;952796;"63-168N        ";"LAVATORIO PARED EMB MONOC BLACK WAVE                                  ";1;1;1;23120457;030926125234975;181607039;;;;07/28/2031 00:00:00;1;13799153;03/09/2026 12:52:34;Agustin;Scirica;24400481;03/09/2026 12:20:29;7767;Leandro;Cantero;Agustin Scirica;Leandro Cantero
14149837;03/09/2026 12:52:36;3;2;0001  214778-1;05;CAMIONETA EXP 1;2092621;"GA31    ";"GALBAHIA S.R.L.                                   ";FUERTE ARGENTINO 581;952798;"63-176N        ";"LAVATORIO PARED EMB MONOC BLACK RIO                                   ";1;1;1;23120457;030926125234975;181609040;;;;12/14/2031 00:00:00;1;13799153;03/09/2026 12:52:34;Agustin;Scirica;24400481;03/09/2026 12:20:29;7767;Leandro;Cantero;Agustin Scirica;Leandro Cantero
14149837;03/09/2026 12:52:36;3;2;0001  214778-1;05;CAMIONETA EXP 1;2092621;"GA31    ";"GALBAHIA S.R.L.                                   ";FUERTE ARGENTINO 581;952916;"70-168N        ";70-168N - BIDE MONOC BLACK WAVE;1;1;1;23120457;030926125234975;181608429;;;;01/05/2032 00:00:00;1;13799153;03/09/2026 12:52:34;Agustin;Scirica;24400481;03/09/2026 12:20:29;7767;Leandro;Cantero;Agustin Scirica;Leandro Cantero
14149837;03/09/2026 12:52:36;3;2;0001  214778-1;05;CAMIONETA EXP 1;2092621;"GA31    ";"GALBAHIA S.R.L.                                   ";FUERTE ARGENTINO 581;952926;"70-176N        ";70-176N - BIDE MONOC C/TRANSF BLACK RIO;1;1;1;23120457;030926125234975;181607784;;;;11/23/2031 00:00:00;1;13799153;03/09/2026 12:52:34;Agustin;Scirica;24400481;03/09/2026 12:20:29;7767;Leandro;Cantero;Agustin Scirica;Leandro Cantero
14149837;03/09/2026 12:52:36;3;2;0001  214778-1;05;CAMIONETA EXP 1;2092621;"GA31    ";"GALBAHIA S.R.L.                                   ";FUERTE ARGENTINO 581;953123;"80-176N        ";80-176N - DUCHA EMB C/TRANSF MONOC BLACK RIO;1;1;1;23120457;030926125234975;181607920;;;;07/27/2031 00:00:00;1;13799153;03/09/2026 12:52:34;Agustin;Scirica;24400481;03/09/2026 12:20:29;7767;Leandro;Cantero;Agustin Scirica;Leandro Cantero
14149837;03/09/2026 12:52:36;3;2;0001  214778-1;05;CAMIONETA EXP 1;2092621;"GA31    ";"GALBAHIA S.R.L.                                   ";FUERTE ARGENTINO 581;953347;"85-168N        ";85-168N - DUCHA MONOC C/TRANSF Y DUCHADOR BLACK WAVE;1;1;1;23120457;030926125234975;181610376;;;;01/20/2032 00:00:00;1;13799153;03/09/2026 12:52:34;Agustin;Scirica;24400481;03/09/2026 12:20:29;7767;Leandro;Cantero;Agustin Scirica;Leandro Cantero
14149838;04/09/2026 06:27:57;3;2;0001  215046-1;05;CAMIONETA EXP 1;2092674;"GF09    ";"GILLI FAUDIN LUIS V. -GILCOMAT                    ";9 DE JULIO 3537;954907;"BCH06          ";BCH06 - BACHA DE APOYAR CIRCULAR 415x135;12;12;12;23127612;040926062750055;181660288;;;;10/04/2031 00:00:00;1;13809808;04/09/2026 06:27:50;Tiago;Rodriguez;24407130;03/09/2026 14:35:33;6922;Franco;Potenza;Tiago Rodriguez;Franco Potenza
14149838;04/09/2026 06:27:57;3;2;0001  215046-1;05;CAMIONETA EXP 1;2092674;"GF09    ";"GILLI FAUDIN LUIS V. -GILCOMAT                    ";9 DE JULIO 3537;954907;"BCH06          ";BCH06 - BACHA DE APOYAR CIRCULAR 415x135;12;12;12;23139616;040926062517488;181764407;;;;10/04/2031 00:00:00;1;13809815;04/09/2026 06:25:17;Tiago;Rodriguez;;;;;;Tiago Rodriguez;
14149838;04/09/2026 06:27:57;3;2;0001  215046-1;05;CAMIONETA EXP 1;2092674;"GF09    ";"GILLI FAUDIN LUIS V. -GILCOMAT                    ";9 DE JULIO 3537;954907;"BCH06          ";BCH06 - BACHA DE APOYAR CIRCULAR 415x135;12;12;12;23139619;040926062531609;181764424;;;;10/04/2031 00:00:00;1;13809818;04/09/2026 06:25:31;Tiago;Rodriguez;;;;;;Tiago Rodriguez;
14149838;04/09/2026 06:27:57;3;2;0001  215046-1;05;CAMIONETA EXP 1;2092674;"GF09    ";"GILLI FAUDIN LUIS V. -GILCOMAT                    ";9 DE JULIO 3537;954907;"BCH06          ";BCH06 - BACHA DE APOYAR CIRCULAR 415x135;12;12;12;23139622;040926062545337;181764444;;;;10/04/2031 00:00:00;1;13809823;04/09/2026 06:25:45;Tiago;Rodriguez;;;;;;Tiago Rodriguez;
14149838;04/09/2026 06:27:57;3;2;0001  215046-1;05;CAMIONETA EXP 1;2092674;"GF09    ";"GILLI FAUDIN LUIS V. -GILCOMAT                    ";9 DE JULIO 3537;954907;"BCH06          ";BCH06 - BACHA DE APOYAR CIRCULAR 415x135;12;12;12;23139623;040926062552157;181764452;;;;10/04/2031 00:00:00;1;13809824;04/09/2026 06:25:52;Tiago;Rodriguez;;;;;;Tiago Rodriguez;
14149838;04/09/2026 06:27:57;3;2;0001  215046-1;05;CAMIONETA EXP 1;2092674;"GF09    ";"GILLI FAUDIN LUIS V. -GILCOMAT                    ";9 DE JULIO 3537;954907;"BCH06          ";BCH06 - BACHA DE APOYAR CIRCULAR 415x135;12;12;12;23139626;040926062559786;181764460;;;;10/04/2031 00:00:00;1;13809825;04/09/2026 06:25:59;Tiago;Rodriguez;;;;;;Tiago Rodriguez;
14149838;04/09/2026 06:27:57;3;2;0001  215046-1;05;CAMIONETA EXP 1;2092674;"GF09    ";"GILLI FAUDIN LUIS V. -GILCOMAT                    ";9 DE JULIO 3537;954907;"BCH06          ";BCH06 - BACHA DE APOYAR CIRCULAR 415x135;12;12;12;23139630;040926062618415;181764477;;;;10/04/2031 00:00:00;1;13809828;04/09/2026 06:26:18;Tiago;Rodriguez;;;;;;Tiago Rodriguez;
14149838;04/09/2026 06:27:57;3;2;0001  215046-1;05;CAMIONETA EXP 1;2092674;"GF09    ";"GILLI FAUDIN LUIS V. -GILCOMAT                    ";9 DE JULIO 3537;954907;"BCH06          ";BCH06 - BACHA DE APOYAR CIRCULAR 415x135;12;12;12;23139635;040926062651356;181764506;;;;10/04/2031 00:00:00;1;13809833;04/09/2026 06:26:51;Tiago;Rodriguez;;;;;;Tiago Rodriguez;
14149838;04/09/2026 06:27:57;3;2;0001  215046-1;05;CAMIONETA EXP 1;2092674;"GF09    ";"GILLI FAUDIN LUIS V. -GILCOMAT                    ";9 DE JULIO 3537;954907;"BCH06          ";BCH06 - BACHA DE APOYAR CIRCULAR 415x135;12;12;12;23139637;040926062702213;181764518;;;;10/04/2031 00:00:00;1;13809835;04/09/2026 06:27:02;Tiago;Rodriguez;;;;;;Tiago Rodriguez;
14149838;04/09/2026 06:27:57;3;2;0001  215046-1;05;CAMIONETA EXP 1;2092674;"GF09    ";"GILLI FAUDIN LUIS V. -GILCOMAT                    ";9 DE JULIO 3537;954907;"BCH06          ";BCH06 - BACHA DE APOYAR CIRCULAR 415x135;12;12;12;23139640;040926062709463;181764528;;;;10/04/2031 00:00:00;1;13809837;04/09/2026 06:27:09;Tiago;Rodriguez;;;;;;Tiago Rodriguez;
14149838;04/09/2026 06:27:57;3;2;0001  215046-1;05;CAMIONETA EXP 1;2092674;"GF09    ";"GILLI FAUDIN LUIS V. -GILCOMAT                    ";9 DE JULIO 3537;954907;"BCH06          ";BCH06 - BACHA DE APOYAR CIRCULAR 415x135;12;12;12;23139645;040926062727842;181764543;;;;10/04/2031 00:00:00;1;13809838;04/09/2026 06:27:27;Tiago;Rodriguez;;;;;;Tiago Rodriguez;
14149838;04/09/2026 06:27:57;3;2;0001  215046-1;05;CAMIONETA EXP 1;2092674;"GF09    ";"GILLI FAUDIN LUIS V. -GILCOMAT                    ";9 DE JULIO 3537;954907;"BCH06          ";BCH06 - BACHA DE APOYAR CIRCULAR 415x135;12;12;12;23139648;040926062739019;181764557;;;;10/04/2031 00:00:00;1;13809839;04/09/2026 06:27:39;Tiago;Rodriguez;;;;;;Tiago Rodriguez;
14149839;04/09/2026 07:46:15;3;2;0001  214502-1;05;CAMIONETA EXP 1;2091996;"CZ01    ";"CASA ZEILA DE J.M.BERNALES                        ";GBDOR. PAZ 783;957435;"RA1013         ";RA1013 - VOLANTE CR MONOCOMANDO RENACER;5;5;5;23139457;040926074614246;181769574;;;;10/14/2031 00:00:00;5;13810264;04/09/2026 07:46:14;Tiago;Rodriguez;24418838;04/09/2026 07:19:35;7636;Kevin;Arce;Tiago Rodriguez;Kevin Arce
14149839;04/09/2026 07:46:15;3;2;0001  214502-1;05;CAMIONETA EXP 1;2091996;"CZ01    ";"CASA ZEILA DE J.M.BERNALES                        ";GBDOR. PAZ 783;958173;"RS140          ";RS140 - 10 LLAVE ALLEN 2 MM;5;5;5;23139457;040926074614246;181768227;;;;08/02/2031 00:00:00;5;13810264;04/09/2026 07:46:14;Tiago;Rodriguez;24418838;04/09/2026 07:19:35;7636;Kevin;Arce;Tiago Rodriguez;Kevin Arce
14149839;04/09/2026 07:46:15;3;2;0001  214502-1;05;CAMIONETA EXP 1;2091996;"CZ01    ";"CASA ZEILA DE J.M.BERNALES                        ";GBDOR. PAZ 783;957890;"RA818          ";RA818 - VOLANTE CR DIQUE;10;10;10;23139457;040926074614246;181769259;;;;01/05/2032 00:00:00;10;13810264;04/09/2026 07:46:14;Tiago;Rodriguez;24418838;04/09/2026 07:19:35;7636;Kevin;Arce;Tiago Rodriguez;Kevin Arce
14149839;04/09/2026 07:46:15;3;2;0001  214502-1;05;CAMIONETA EXP 1;2091996;"CZ01    ";"CASA ZEILA DE J.M.BERNALES                        ";GBDOR. PAZ 783;957855;"RA723          ";RA723 - LATERAL LAV /  BIDE STD COMPLETO;2;2;2;23139457;040926074614246;181767998;;;;08/02/2031 00:00:00;2;13810264;04/09/2026 07:46:14;Tiago;Rodriguez;24418838;04/09/2026 07:19:35;7636;Kevin;Arce;Tiago Rodriguez;Kevin Arce
14149839;04/09/2026 07:46:15;3;2;0001  214502-1;05;CAMIONETA EXP 1;2091996;"CZ01    ";"CASA ZEILA DE J.M.BERNALES                        ";GBDOR. PAZ 783;957845;"RA704C         ";RA704C - VOLANTE ARES / CELEBRITY CROMO;5;5;5;23139457;040926074614246;181768834;;;;11/16/2031 00:00:00;5;13810264;04/09/2026 07:46:14;Tiago;Rodriguez;24418838;04/09/2026 07:19:35;7636;Kevin;Arce;Tiago Rodriguez;Kevin Arce
14149839;04/09/2026 07:46:15;3;2;0001  214502-1;05;CAMIONETA EXP 1;2091996;"CZ01    ";"CASA ZEILA DE J.M.BERNALES                        ";GBDOR. PAZ 783;951545;"20-172         ";20-172 - COCINA MESADA MONOC. COLORS NEGRO;5;5;5;23139457;040926074614246;181764385;;;;07/28/2031 00:00:00;5;13810264;04/09/2026 07:46:14;Tiago;Rodriguez;24418838;04/09/2026 07:19:35;7636;Kevin;Arce;Tiago Rodriguez;Kevin Arce
14149839;04/09/2026 07:46:15;3;2;0001  214502-1;05;CAMIONETA EXP 1;2091996;"CZ01    ";"CASA ZEILA DE J.M.BERNALES                        ";GBDOR. PAZ 783;957447;"RA1030         ";RA1030 - PICO ROCIADOR P/ MONOC COCINA CUINA;5;5;5;23139457;040926074614246;181768606;;;;02/21/2032 00:00:00;5;13810264;04/09/2026 07:46:14;Tiago;Rodriguez;24418838;04/09/2026 07:19:35;7636;Kevin;Arce;Tiago Rodriguez;Kevin Arce
14149839;04/09/2026 07:46:15;3;2;0001  214502-1;05;CAMIONETA EXP 1;2091996;"CZ01    ";"CASA ZEILA DE J.M.BERNALES                        ";GBDOR. PAZ 783;950907;"05-010         ";"LAVATORIO BAJO TEMPORIZADO TECNO                                      ";10;10;10;23140762;040926072600996;181764918;;;;07/28/2031 00:00:00;10;13810266;04/09/2026 07:26:01;Tiago;Rodriguez;;;;;;Tiago Rodriguez;
14149839;04/09/2026 07:46:15;3;2;0001  214502-1;05;CAMIONETA EXP 1;2091996;"CZ01    ";"CASA ZEILA DE J.M.BERNALES                        ";GBDOR. PAZ 783;952591;"601            ";601 - CANILLA COCINA MESADA CROMO DIQUE;2;2;2;23140789;040926072718840;181767044;;;;12/20/2031 00:00:00;2;13810284;04/09/2026 07:27:18;Tiago;Rodriguez;;;;;;Tiago Rodriguez;
14149839;04/09/2026 07:46:15;3;2;0001  214502-1;05;CAMIONETA EXP 1;2091996;"CZ01    ";"CASA ZEILA DE J.M.BERNALES                        ";GBDOR. PAZ 783;952693;"605            ";605 - CANILLA COC.PARED P.ALTO CROMO DIQUE;2;2;2;23140789;040926072718840;181767075;;;;09/07/2031 00:00:00;2;13810284;04/09/2026 07:27:18;Tiago;Rodriguez;;;;;;Tiago Rodriguez;
14149839;04/09/2026 07:46:15;3;2;0001  214502-1;05;CAMIONETA EXP 1;2091996;"CZ01    ";"CASA ZEILA DE J.M.BERNALES                        ";GBDOR. PAZ 783;951537;"20-162N        ";"MONOCOMANDO COCINA BLACK ADRA                                         ";5;5;5;23140814;040926072815587;181764619;;;;07/28/2031 00:00:00;5;13810291;04/09/2026 07:28:15;Tiago;Rodriguez;;;;;;Tiago Rodriguez;
14149839;04/09/2026 07:46:15;3;2;0001  214502-1;05;CAMIONETA EXP 1;2091996;"CZ01    ";"CASA ZEILA DE J.M.BERNALES                        ";GBDOR. PAZ 783;951553;"20-184         ";"MONOCOMANDO DE COCINA CR SUV                                          ";5;5;5;23140850;040926072847425;181764202;;;;10/04/2031 00:00:00;5;13810300;04/09/2026 07:28:47;Tiago;Rodriguez;;;;;;Tiago Rodriguez;
14149839;04/09/2026 07:46:15;3;2;0001  214502-1;05;CAMIONETA EXP 1;2091996;"CZ01    ";"CASA ZEILA DE J.M.BERNALES                        ";GBDOR. PAZ 783;952582;"60-057         ";60-057 - LAVATORIO C.STD VERIN PLUS;5;5;5;23140871;040926072919175;181767800;;;;01/06/2032 00:00:00;5;13810307;04/09/2026 07:29:19;Tiago;Rodriguez;;;;;;Tiago Rodriguez;
14149839;04/09/2026 07:46:15;3;2;0001  214502-1;05;CAMIONETA EXP 1;2091996;"CZ01    ";"CASA ZEILA DE J.M.BERNALES                        ";GBDOR. PAZ 783;951568;"203            ";"203 - LAVATORIO CROMO ""DIQUE""";5;5;5;23140871;040926072919175;181766722;;;;01/11/2032 00:00:00;5;13810307;04/09/2026 07:29:19;Tiago;Rodriguez;;;;;;Tiago Rodriguez;
14149839;04/09/2026 07:46:15;3;2;0001  214502-1;05;CAMIONETA EXP 1;2091996;"CZ01    ";"CASA ZEILA DE J.M.BERNALES                        ";GBDOR. PAZ 783;951535;"20-160         ";20-160 - MONOCOMANDO MESADA COCINA DIQUE;5;5;5;23140907;040926073107138;181771984;;;;07/28/2031 00:00:00;4;13810331;04/09/2026 07:31:07;Tiago;Rodriguez;;;;;;Tiago Rodriguez;
14149839;04/09/2026 07:46:15;3;2;0001  214502-1;05;CAMIONETA EXP 1;2091996;"CZ01    ";"CASA ZEILA DE J.M.BERNALES                        ";GBDOR. PAZ 783;951653;"22-178         ";22-178 - MONOCOMANDO DE COCINA P/AGUA FILTRADA VITA;1;1;1;23140907;040926073107138;181766275;;;;12/23/2031 00:00:00;1;13810331;04/09/2026 07:31:07;Tiago;Rodriguez;;;;;;Tiago Rodriguez;
14149839;04/09/2026 07:46:15;3;2;0001  214502-1;05;CAMIONETA EXP 1;2091996;"CZ01    ";"CASA ZEILA DE J.M.BERNALES                        ";GBDOR. PAZ 783;952449;"51-107         ";51-107 - JGO. MESADA CR C.CERAM BEDIA;10;10;10;23140919;040926073127835;181765856;;;;11/10/2031 00:00:00;10;13810337;04/09/2026 07:31:27;Tiago;Rodriguez;;;;;;Tiago Rodriguez;
14149839;04/09/2026 07:46:15;3;2;0001  214502-1;05;CAMIONETA EXP 1;2091996;"CZ01    ";"CASA ZEILA DE J.M.BERNALES                        ";GBDOR. PAZ 783;951737;"3005           ";3005 - SET DE 5 PIEZAS LINEA 3000;5;5;5;23140936;040926073222919;181765221;;;;07/27/2031 00:00:00;5;13810352;04/09/2026 07:32:22;Tiago;Rodriguez;;;;;;Tiago Rodriguez;
14149839;04/09/2026 07:46:15;3;2;0001  214502-1;05;CAMIONETA EXP 1;2091996;"CZ01    ";"CASA ZEILA DE J.M.BERNALES                        ";GBDOR. PAZ 783;951535;"20-160         ";20-160 - MONOCOMANDO MESADA COCINA DIQUE;5;5;5;23140936;040926073222919;181765471;;;;07/28/2031 00:00:00;1;13810352;04/09/2026 07:32:22;Tiago;Rodriguez;;;;;;Tiago Rodriguez;
14149839;04/09/2026 07:46:15;3;2;0001  214502-1;05;CAMIONETA EXP 1;2091996;"CZ01    ";"CASA ZEILA DE J.M.BERNALES                        ";GBDOR. PAZ 783;952912;"70-162         ";70-162 - BIDE CR C.CERAM LINEA ADRA;2;2;2;23141001;040926073540952;181767384;;;;07/29/2031 00:00:00;2;13810389;04/09/2026 07:35:40;Tiago;Rodriguez;;;;;;Tiago Rodriguez;
14149839;04/09/2026 07:46:15;3;2;0001  214502-1;05;CAMIONETA EXP 1;2091996;"CZ01    ";"CASA ZEILA DE J.M.BERNALES                        ";GBDOR. PAZ 783;953278;"83-001N        ";"83-001N - DUCHA EXT. C/TRANSF. ""CROMO Y""";2;2;2;23141001;040926073540952;181765652;;;;11/26/2031 00:00:00;2;13810389;04/09/2026 07:35:40;Tiago;Rodriguez;;;;;;Tiago Rodriguez;
14149839;04/09/2026 07:46:15;3;2;0001  214502-1;05;CAMIONETA EXP 1;2091996;"CZ01    ";"CASA ZEILA DE J.M.BERNALES                        ";GBDOR. PAZ 783;951957;"303            ";"303 - BIDET CROMO ""DIQUE""";2;2;2;23141001;040926073540952;181766613;;;;11/25/2031 00:00:00;2;13810389;04/09/2026 07:35:40;Tiago;Rodriguez;;;;;;Tiago Rodriguez;
14149839;04/09/2026 07:46:15;3;2;0001  214502-1;05;CAMIONETA EXP 1;2091996;"CZ01    ";"CASA ZEILA DE J.M.BERNALES                        ";GBDOR. PAZ 783;952634;"60-162         ";60-162 - LAVATORIO CR C.CERAM LINEA ADRA;5;5;5;23141021;040926073631368;181767306;;;;07/29/2031 00:00:00;5;13810399;04/09/2026 07:36:31;Tiago;Rodriguez;;;;;;Tiago Rodriguez;
14149839;04/09/2026 07:46:15;3;2;0001  214502-1;05;CAMIONETA EXP 1;2091996;"CZ01    ";"CASA ZEILA DE J.M.BERNALES                        ";GBDOR. PAZ 783;952438;"51-058         ";51-058 - COCINA MESADA CR C.STD MALBA;5;5;5;23141021;040926073631368;181767510;;;;10/19/2031 00:00:00;5;13810399;04/09/2026 07:36:31;Tiago;Rodriguez;;;;;;Tiago Rodriguez;
14149839;04/09/2026 07:46:15;3;2;0001  214502-1;05;CAMIONETA EXP 1;2091996;"CZ01    ";"CASA ZEILA DE J.M.BERNALES                        ";GBDOR. PAZ 783;953322;"83-205         ";83-205 - DUCHA EXT C/TRANSF MONOC STEEL PICO CURVO;2;2;2;23141066;040926073720944;181764453;;;;07/27/2031 00:00:00;2;13810411;04/09/2026 07:37:20;Tiago;Rodriguez;;;;;;Tiago Rodriguez;
14149839;04/09/2026 07:46:15;3;2;0001  214502-1;05;CAMIONETA EXP 1;2091996;"CZ01    ";"CASA ZEILA DE J.M.BERNALES                        ";GBDOR. PAZ 783;951975;"3040           ";3040 - PORTA ROLLO LINEA 3000;5;5;5;23141111;040926073916077;181764081;;;;07/27/2031 00:00:00;5;13810434;04/09/2026 07:39:16;Tiago;Rodriguez;;;;;;Tiago Rodriguez;
14149839;04/09/2026 07:46:15;3;2;0001  214502-1;05;CAMIONETA EXP 1;2091996;"CZ01    ";"CASA ZEILA DE J.M.BERNALES                        ";GBDOR. PAZ 783;954656;"A819           ";A819 - DUCHADOR ANTICALCAREO C/FLEXIBLE Y SOPORTE;5;5;5;23141111;040926073916077;181763989;;;;07/27/2031 00:00:00;5;13810434;04/09/2026 07:39:16;Tiago;Rodriguez;;;;;;Tiago Rodriguez;
14149839;04/09/2026 07:46:15;3;2;0001  214502-1;05;CAMIONETA EXP 1;2091996;"CZ01    ";"CASA ZEILA DE J.M.BERNALES                        ";GBDOR. PAZ 783;951523;"20-134         ";20-134 - MONOCOMANDO COCINA BETIS;6;6;6;23141146;040926074039913;181766418;;;;08/11/2031 00:00:00;6;13810452;04/09/2026 07:40:39;Tiago;Rodriguez;;;;;;Tiago Rodriguez;
14149840;03/09/2026 15:44:54;3;2;0001  214834-1;05;CAMIONETA EXP 1;2093341;"MA56    ";"MORAL ANTONIO A. -COMERCIAL 3 DE MAYO             ";RUTA 36 254;951523;"20-134         ";20-134 - MONOCOMANDO COCINA BETIS;6;6;6;23128216;030926154453951;181666842;;;;08/11/2031 00:00:00;6;13804312;03/09/2026 15:44:53;Maximiliano;Nievas;24407704;03/09/2026 14:47:51;6922;Franco;Potenza;Maximiliano Nievas;Franco Potenza
14149840;03/09/2026 15:44:54;3;2;0001  214834-1;05;CAMIONETA EXP 1;2093341;"MA56    ";"MORAL ANTONIO A. -COMERCIAL 3 DE MAYO             ";RUTA 36 254;952437;"51-057         ";51-057 - COCINA MESADA CR C.STD VERIN PLUS;3;3;3;23128216;030926154453951;181665464;;;;01/27/2032 00:00:00;3;13804312;03/09/2026 15:44:53;Maximiliano;Nievas;24407704;03/09/2026 14:47:51;6922;Franco;Potenza;Maximiliano Nievas;Franco Potenza
14149840;03/09/2026 15:44:54;3;2;0001  214834-1;05;CAMIONETA EXP 1;2093341;"MA56    ";"MORAL ANTONIO A. -COMERCIAL 3 DE MAYO             ";RUTA 36 254;952582;"60-057         ";60-057 - LAVATORIO C.STD VERIN PLUS;3;3;3;23128216;030926154453951;181664343;;;;01/06/2032 00:00:00;3;13804312;03/09/2026 15:44:53;Maximiliano;Nievas;24407704;03/09/2026 14:47:51;6922;Franco;Potenza;Maximiliano Nievas;Franco Potenza
14149840;03/09/2026 15:44:54;3;2;0001  214834-1;05;CAMIONETA EXP 1;2093341;"MA56    ";"MORAL ANTONIO A. -COMERCIAL 3 DE MAYO             ";RUTA 36 254;952618;"60-133         ";60-133 - LAVATORIO MONOCOMANDO LUGO;4;4;4;23128216;030926154453951;181666386;;;;07/29/2031 00:00:00;4;13804312;03/09/2026 15:44:53;Maximiliano;Nievas;24407704;03/09/2026 14:47:51;6922;Franco;Potenza;Maximiliano Nievas;Franco Potenza
14149840;03/09/2026 15:44:54;3;2;0001  214834-1;05;CAMIONETA EXP 1;2093341;"MA56    ";"MORAL ANTONIO A. -COMERCIAL 3 DE MAYO             ";RUTA 36 254;952831;"70-010         ";70-010 - BIDE BL/CR LORCA;3;3;3;23128216;030926154453951;181663893;;;;12/08/2031 00:00:00;3;13804312;03/09/2026 15:44:53;Maximiliano;Nievas;24407704;03/09/2026 14:47:51;6922;Franco;Potenza;Maximiliano Nievas;Franco Potenza
14149840;03/09/2026 15:44:54;3;2;0001  214834-1;05;CAMIONETA EXP 1;2093341;"MA56    ";"MORAL ANTONIO A. -COMERCIAL 3 DE MAYO             ";RUTA 36 254;953432;"910/M          ";"910/M - JGO.MDA.P.CANO CROMO ""DIQUE""";3;3;3;23128216;030926154453951;181664882;;;;12/21/2031 00:00:00;3;13804312;03/09/2026 15:44:53;Maximiliano;Nievas;24407704;03/09/2026 14:47:51;6922;Franco;Potenza;Maximiliano Nievas;Franco Potenza
14149840;03/09/2026 15:44:54;3;2;0001  214834-1;05;CAMIONETA EXP 1;2093341;"MA56    ";"MORAL ANTONIO A. -COMERCIAL 3 DE MAYO             ";RUTA 36 254;957391;"RA002          ";RA002 - CABEZAL DERECHO CIERRE CERAMICO (FRIA);6;6;6;23128216;030926154453951;181667247;;;;02/01/2032 00:00:00;6;13804312;03/09/2026 15:44:53;Maximiliano;Nievas;24407704;03/09/2026 14:47:51;6922;Franco;Potenza;Maximiliano Nievas;Franco Potenza
14149840;03/09/2026 15:44:54;3;2;0001  214834-1;05;CAMIONETA EXP 1;2093341;"MA56    ";"MORAL ANTONIO A. -COMERCIAL 3 DE MAYO             ";RUTA 36 254;957392;"RA003          ";RA003 - CABEZAL IZQUIERDO CIERRE CERAMICO (CALIENTE);6;6;6;23128216;030926154453951;181667433;;;;09/16/2031 00:00:00;6;13804312;03/09/2026 15:44:53;Maximiliano;Nievas;24407704;03/09/2026 14:47:51;6922;Franco;Potenza;Maximiliano Nievas;Franco Potenza
14149840;03/09/2026 15:44:54;3;2;0001  214834-1;05;CAMIONETA EXP 1;2093341;"MA56    ";"MORAL ANTONIO A. -COMERCIAL 3 DE MAYO             ";RUTA 36 254;957550;"RA1189         ";RA1189 - SET PROLONGADOR P/VASTAGO Y CAMPANA (x3);6;6;6;23128216;030926154453951;181667627;;;;02/10/2032 00:00:00;6;13804312;03/09/2026 15:44:53;Maximiliano;Nievas;24407704;03/09/2026 14:47:51;6922;Franco;Potenza;Maximiliano Nievas;Franco Potenza
14149841;03/09/2026 14:19:52;3;2;0001  214835-1;05;CAMIONETA EXP 1;2091761;"CL41    ";"CASA DE LEON S.R.L.                               ";KENNEDY 98;951297;"17020G         ";17020G - TOALLERO DE ARO LINEA FABRIC GOLD;3;3;3;23120950;030926141952444;181612142;;;;07/29/2031 00:00:00;3;13800841;03/09/2026 14:19:52;Tiago;Rodriguez;24400979;03/09/2026 12:55:41;6867;Javier;Lescano;Tiago Rodriguez;Javier Lescano
14149841;03/09/2026 14:19:52;3;2;0001  214835-1;05;CAMIONETA EXP 1;2091761;"CL41    ";"CASA DE LEON S.R.L.                               ";KENNEDY 98;951303;"17040G         ";17040G - PORTA ROLLO LINEA FABRIC GOLD;3;3;3;23120950;030926141952444;181613691;;;;07/28/2031 00:00:00;3;13800841;03/09/2026 14:19:52;Tiago;Rodriguez;24400979;03/09/2026 12:55:41;6867;Javier;Lescano;Tiago Rodriguez;Javier Lescano
14149841;03/09/2026 14:19:52;3;2;0001  214835-1;05;CAMIONETA EXP 1;2091761;"CL41    ";"CASA DE LEON S.R.L.                               ";KENNEDY 98;951309;"17060G         ";17060G - PORTA VASO Y CEPILLO  LINEA FABRIC GOLD;3;3;3;23120950;030926141952444;181611364;;;;07/31/2031 00:00:00;3;13800841;03/09/2026 14:19:52;Tiago;Rodriguez;24400979;03/09/2026 12:55:41;6867;Javier;Lescano;Tiago Rodriguez;Javier Lescano
14149841;03/09/2026 14:19:52;3;2;0001  214835-1;05;CAMIONETA EXP 1;2091761;"CL41    ";"CASA DE LEON S.R.L.                               ";KENNEDY 98;953070;"80-100C        ";80-100C - DUCHA EMB. C/TRANSF. CR C.CERAM FABRIC;4;4;4;23125353;030926134911422;181641052;;;;07/30/2031 00:00:00;3;13800888;03/09/2026 13:49:11;Tiago;Rodriguez;;;;;;Tiago Rodriguez;
14149841;03/09/2026 14:19:52;3;2;0001  214835-1;05;CAMIONETA EXP 1;2091761;"CL41    ";"CASA DE LEON S.R.L.                               ";KENNEDY 98;953071;"80-100G        ";80-100G - DUCHA EMB. C/TRANSF. GOLD C.CERAM FABRIC;5;5;5;23125378;030926134937333;181641285;;;;12/03/2031 00:00:00;3;13800904;03/09/2026 13:49:37;Tiago;Rodriguez;;;;;;Tiago Rodriguez;
14149841;03/09/2026 14:19:52;3;2;0001  214835-1;05;CAMIONETA EXP 1;2091761;"CL41    ";"CASA DE LEON S.R.L.                               ";KENNEDY 98;953070;"80-100C        ";80-100C - DUCHA EMB. C/TRANSF. CR C.CERAM FABRIC;4;4;4;23125407;030926135000967;181617198;;;;07/30/2031 00:00:00;1;13800922;03/09/2026 13:50:01;Tiago;Rodriguez;;;;;;Tiago Rodriguez;
14149841;03/09/2026 14:19:52;3;2;0001  214835-1;05;CAMIONETA EXP 1;2091761;"CL41    ";"CASA DE LEON S.R.L.                               ";KENNEDY 98;953071;"80-100G        ";80-100G - DUCHA EMB. C/TRANSF. GOLD C.CERAM FABRIC;5;5;5;23125407;030926135000967;181616415;;;;12/03/2031 00:00:00;2;13800922;03/09/2026 13:50:01;Tiago;Rodriguez;;;;;;Tiago Rodriguez;
14149841;03/09/2026 14:19:52;3;2;0001  214835-1;05;CAMIONETA EXP 1;2091761;"CL41    ";"CASA DE LEON S.R.L.                               ";KENNEDY 98;953161;"80-205         ";80-205 - DUCHA EMB. C/TRANSF. MONOC STEEL;4;4;4;23125432;030926135025662;181612982;;;;08/11/2031 00:00:00;4;13800933;03/09/2026 13:50:25;Tiago;Rodriguez;;;;;;Tiago Rodriguez;
14149841;03/09/2026 14:19:52;3;2;0001  214835-1;05;CAMIONETA EXP 1;2091761;"CL41    ";"CASA DE LEON S.R.L.                               ";KENNEDY 98;952596;"60-100G        ";60-100G - LAVATORIO GOLD C.CERAM FABRIC;2;2;2;23125461;030926135055491;181616641;;;;11/10/2031 00:00:00;2;13800953;03/09/2026 13:50:55;Tiago;Rodriguez;;;;;;Tiago Rodriguez;
14149841;03/09/2026 14:19:52;3;2;0001  214835-1;05;CAMIONETA EXP 1;2091761;"CL41    ";"CASA DE LEON S.R.L.                               ";KENNEDY 98;952595;"60-100C        ";60-100C - LAVATORIO CR C.CERAM FABRIC;2;2;2;23125461;030926135055491;181617517;;;;08/17/2031 00:00:00;2;13800953;03/09/2026 13:50:55;Tiago;Rodriguez;;;;;;Tiago Rodriguez;
14149841;03/09/2026 14:19:52;3;2;0001  214835-1;05;CAMIONETA EXP 1;2091761;"CL41    ";"CASA DE LEON S.R.L.                               ";KENNEDY 98;951294;"17010G         ";17010G - TOALLERO BARRAL LINEA FABRIC GOLD;3;3;3;23125526;030926135208209;181612325;;;;07/27/2031 00:00:00;3;13800998;03/09/2026 13:52:08;Tiago;Rodriguez;;;;;;Tiago Rodriguez;
14149841;03/09/2026 14:19:52;3;2;0001  214835-1;05;CAMIONETA EXP 1;2091761;"CL41    ";"CASA DE LEON S.R.L.                               ";KENNEDY 98;951300;"17030G         ";17030G - PERCHA LINEA FABRIC GOLD;4;4;4;23125526;030926135208209;181614876;;;;07/29/2031 00:00:00;4;13800998;03/09/2026 13:52:08;Tiago;Rodriguez;;;;;;Tiago Rodriguez;
14149841;03/09/2026 14:19:52;3;2;0001  214835-1;05;CAMIONETA EXP 1;2091761;"CL41    ";"CASA DE LEON S.R.L.                               ";KENNEDY 98;952618;"60-133         ";60-133 - LAVATORIO MONOCOMANDO LUGO;4;4;4;23125564;030926135242902;181613376;;;;07/29/2031 00:00:00;4;13801013;03/09/2026 13:52:42;Tiago;Rodriguez;;;;;;Tiago Rodriguez;
14149841;03/09/2026 14:19:52;3;2;0001  214835-1;05;CAMIONETA EXP 1;2091761;"CL41    ";"CASA DE LEON S.R.L.                               ";KENNEDY 98;951536;"20-162         ";20-162 - MONOCOMANDO COCINA ADRA;2;2;2;23125564;030926135242902;181613595;;;;07/28/2031 00:00:00;2;13801013;03/09/2026 13:52:42;Tiago;Rodriguez;;;;;;Tiago Rodriguez;
14149841;03/09/2026 14:19:52;3;2;0001  214835-1;05;CAMIONETA EXP 1;2091761;"CL41    ";"CASA DE LEON S.R.L.                               ";KENNEDY 98;952956;"70-205         ";70-205 - BIDE MONOCOMANDO STEEL;3;3;3;23125587;030926135315883;181611859;;;;11/08/2031 00:00:00;3;13801027;03/09/2026 13:53:15;Tiago;Rodriguez;;;;;;Tiago Rodriguez;
14149841;03/09/2026 14:19:52;3;2;0001  214835-1;05;CAMIONETA EXP 1;2091761;"CL41    ";"CASA DE LEON S.R.L.                               ";KENNEDY 98;952724;"61-200G        ";61-200G - LAVATORIO MONOC ALTO GOLD FABRIC;2;2;2;23125605;030926135345919;181613136;;;;07/27/2031 00:00:00;2;13801040;03/09/2026 13:53:45;Tiago;Rodriguez;;;;;;Tiago Rodriguez;
14149841;03/09/2026 14:19:52;3;2;0001  214835-1;05;CAMIONETA EXP 1;2091761;"CL41    ";"CASA DE LEON S.R.L.                               ";KENNEDY 98;951523;"20-134         ";20-134 - MONOCOMANDO COCINA BETIS;4;4;4;23125605;030926135345919;181614648;;;;08/11/2031 00:00:00;4;13801040;03/09/2026 13:53:45;Tiago;Rodriguez;;;;;;Tiago Rodriguez;
14149841;03/09/2026 14:19:52;3;2;0001  214835-1;05;CAMIONETA EXP 1;2091761;"CL41    ";"CASA DE LEON S.R.L.                               ";KENNEDY 98;952821;"70-001N        ";"70-001N - BIDE ""CROMO Y""";5;5;5;23125638;030926135437768;181615848;;;;07/31/2031 00:00:00;5;13801079;03/09/2026 13:54:37;Tiago;Rodriguez;;;;;;Tiago Rodriguez;
14149841;03/09/2026 14:19:52;3;2;0001  214835-1;05;CAMIONETA EXP 1;2091761;"CL41    ";"CASA DE LEON S.R.L.                               ";KENNEDY 98;953018;"80-001N        ";"80-001N - DUCHA EMB. C/TRANSF. ""CROMO Y""";5;5;5;23125638;030926135437768;181615731;;;;07/31/2031 00:00:00;5;13801079;03/09/2026 13:54:37;Tiago;Rodriguez;;;;;;Tiago Rodriguez;
14149841;03/09/2026 14:19:52;3;2;0001  214835-1;05;CAMIONETA EXP 1;2091761;"CL41    ";"CASA DE LEON S.R.L.                               ";KENNEDY 98;953107;"80-162         ";80-162 - DUCHA EMB. C/TRANSF. CR C.CERAM ADRA;4;4;4;23125684;030926135525678;181620580;;;;07/29/2031 00:00:00;4;13801102;03/09/2026 13:55:25;Tiago;Rodriguez;;;;;;Tiago Rodriguez;
14149841;03/09/2026 14:19:52;3;2;0001  214835-1;05;CAMIONETA EXP 1;2091761;"CL41    ";"CASA DE LEON S.R.L.                               ";KENNEDY 98;952267;"423            ";"423 - DUCHA EMB. C/TRANSF.CR ""DIQUE""";4;4;4;23125684;030926135525678;181619666;;;;02/03/2032 00:00:00;4;13801102;03/09/2026 13:55:25;Tiago;Rodriguez;;;;;;Tiago Rodriguez;
14149841;03/09/2026 14:19:52;3;2;0001  214835-1;05;CAMIONETA EXP 1;2091761;"CL41    ";"CASA DE LEON S.R.L.                               ";KENNEDY 98;952874;"70-100G        ";70-100G - BIDE GOLD C.CERAM FABRIC;4;4;4;23125684;030926135525678;181643861;;;;07/29/2031 00:00:00;2;13801102;03/09/2026 13:55:25;Tiago;Rodriguez;;;;;;Tiago Rodriguez;
14149841;03/09/2026 14:19:52;3;2;0001  214835-1;05;CAMIONETA EXP 1;2091761;"CL41    ";"CASA DE LEON S.R.L.                               ";KENNEDY 98;953059;"80-057         ";80-057 - DUCHA EMB. C/TRANSF. C.STD VERIN PLUS;6;6;6;23126393;030926140706708;181621616;;;;01/04/2032 00:00:00;6;13801448;03/09/2026 14:07:06;Tiago;Rodriguez;;;;;;Tiago Rodriguez;
14149841;03/09/2026 14:19:52;3;2;0001  214835-1;05;CAMIONETA EXP 1;2091761;"CL41    ";"CASA DE LEON S.R.L.                               ";KENNEDY 98;952874;"70-100G        ";70-100G - BIDE GOLD C.CERAM FABRIC;4;4;4;23126393;030926140706708;181616898;;;;07/29/2031 00:00:00;2;13801448;03/09/2026 14:07:06;Tiago;Rodriguez;;;;;;Tiago Rodriguez;
14149841;03/09/2026 14:19:52;3;2;0001  214835-1;05;CAMIONETA EXP 1;2091761;"CL41    ";"CASA DE LEON S.R.L.                               ";KENNEDY 98;952873;"70-100C        ";70-100C - BIDE CR C.CERAM FABRIC;4;4;4;23126393;030926140706708;181649055;;;;07/31/2031 00:00:00;1;13801448;03/09/2026 14:07:06;Tiago;Rodriguez;;;;;;Tiago Rodriguez;
14149841;03/09/2026 14:19:52;3;2;0001  214835-1;05;CAMIONETA EXP 1;2091761;"CL41    ";"CASA DE LEON S.R.L.                               ";KENNEDY 98;952541;"60-001N        ";"60-001N - LAVATORIO ""CROMO Y""";5;5;5;23126393;030926140706708;181649054;;;;07/29/2031 00:00:00;1;13801448;03/09/2026 14:07:06;Tiago;Rodriguez;;;;;;Tiago Rodriguez;
14149841;03/09/2026 14:19:52;3;2;0001  214835-1;05;CAMIONETA EXP 1;2091761;"CL41    ";"CASA DE LEON S.R.L.                               ";KENNEDY 98;952541;"60-001N        ";"60-001N - LAVATORIO ""CROMO Y""";5;5;5;23126426;030926140751717;181616084;;;;07/29/2031 00:00:00;4;13801467;03/09/2026 14:07:51;Tiago;Rodriguez;;;;;;Tiago Rodriguez;
14149841;03/09/2026 14:19:52;3;2;0001  214835-1;05;CAMIONETA EXP 1;2091761;"CL41    ";"CASA DE LEON S.R.L.                               ";KENNEDY 98;952582;"60-057         ";60-057 - LAVATORIO C.STD VERIN PLUS;6;6;6;23126426;030926140751717;181621001;;;;01/06/2032 00:00:00;6;13801467;03/09/2026 14:07:51;Tiago;Rodriguez;;;;;;Tiago Rodriguez;
14149841;03/09/2026 14:19:52;3;2;0001  214835-1;05;CAMIONETA EXP 1;2091761;"CL41    ";"CASA DE LEON S.R.L.                               ";KENNEDY 98;952912;"70-162         ";70-162 - BIDE CR C.CERAM LINEA ADRA;6;6;6;23126454;030926140835166;181649792;;;;07/29/2031 00:00:00;5;13801491;03/09/2026 14:08:35;Tiago;Rodriguez;;;;;;Tiago Rodriguez;
14149841;03/09/2026 14:19:52;3;2;0001  214835-1;05;CAMIONETA EXP 1;2091761;"CL41    ";"CASA DE LEON S.R.L.                               ";KENNEDY 98;952634;"60-162         ";60-162 - LAVATORIO CR C.CERAM LINEA ADRA;6;6;6;23126454;030926140835166;181649791;;;;07/29/2031 00:00:00;2;13801491;03/09/2026 14:08:35;Tiago;Rodriguez;;;;;;Tiago Rodriguez;
14149841;03/09/2026 14:19:52;3;2;0001  214835-1;05;CAMIONETA EXP 1;2091761;"CL41    ";"CASA DE LEON S.R.L.                               ";KENNEDY 98;951957;"303            ";"303 - BIDET CROMO ""DIQUE""";4;4;4;23126454;030926140835166;181649790;;;;11/25/2031 00:00:00;3;13801491;03/09/2026 14:08:35;Tiago;Rodriguez;;;;;;Tiago Rodriguez;
14149841;03/09/2026 14:19:52;3;2;0001  214835-1;05;CAMIONETA EXP 1;2091761;"CL41    ";"CASA DE LEON S.R.L.                               ";KENNEDY 98;952679;"60-205         ";60-205 - LAVATORIO MONOC BAJO STEEL;2;2;2;23126522;030926141002356;181611588;;;;07/27/2031 00:00:00;2;13801541;03/09/2026 14:10:02;Tiago;Rodriguez;;;;;;Tiago Rodriguez;
14149841;03/09/2026 14:19:52;3;2;0001  214835-1;05;CAMIONETA EXP 1;2091761;"CL41    ";"CASA DE LEON S.R.L.                               ";KENNEDY 98;952728;"61-205         ";61-205 - LAVATORIO MONOC ALTO STEEL;2;2;2;23126522;030926141002356;181611484;;;;07/28/2031 00:00:00;2;13801541;03/09/2026 14:10:02;Tiago;Rodriguez;;;;;;Tiago Rodriguez;
14149841;03/09/2026 14:19:52;3;2;0001  214835-1;05;CAMIONETA EXP 1;2091761;"CL41    ";"CASA DE LEON S.R.L.                               ";KENNEDY 98;952498;"54-130         ";54-130 - MONOCOMANDO COCINA PARED EXT BILBAO;6;6;6;23126562;030926141036795;181611158;;;;07/27/2031 00:00:00;6;13801556;03/09/2026 14:10:36;Tiago;Rodriguez;;;;;;Tiago Rodriguez;
14149841;03/09/2026 14:19:52;3;2;0001  214835-1;05;CAMIONETA EXP 1;2091761;"CL41    ";"CASA DE LEON S.R.L.                               ";KENNEDY 98;951568;"203            ";"203 - LAVATORIO CROMO ""DIQUE""";3;3;3;23126652;030926141158310;181619550;;;;01/11/2032 00:00:00;3;13801603;03/09/2026 14:11:58;Tiago;Rodriguez;;;;;;Tiago Rodriguez;
14149841;03/09/2026 14:19:52;3;2;0001  214835-1;05;CAMIONETA EXP 1;2091761;"CL41    ";"CASA DE LEON S.R.L.                               ";KENNEDY 98;951957;"303            ";"303 - BIDET CROMO ""DIQUE""";4;4;4;23126652;030926141158310;181619482;;;;11/25/2031 00:00:00;1;13801603;03/09/2026 14:11:58;Tiago;Rodriguez;;;;;;Tiago Rodriguez;
14149841;03/09/2026 14:19:52;3;2;0001  214835-1;05;CAMIONETA EXP 1;2091761;"CL41    ";"CASA DE LEON S.R.L.                               ";KENNEDY 98;952437;"51-057         ";51-057 - COCINA MESADA CR C.STD VERIN PLUS;3;3;3;23126652;030926141158310;181618660;;;;01/27/2032 00:00:00;3;13801603;03/09/2026 14:11:58;Tiago;Rodriguez;;;;;;Tiago Rodriguez;
14149841;03/09/2026 14:19:52;3;2;0001  214835-1;05;CAMIONETA EXP 1;2091761;"CL41    ";"CASA DE LEON S.R.L.                               ";KENNEDY 98;952873;"70-100C        ";70-100C - BIDE CR C.CERAM FABRIC;4;4;4;23126652;030926141158310;181617414;;;;07/31/2031 00:00:00;3;13801603;03/09/2026 14:11:58;Tiago;Rodriguez;;;;;;Tiago Rodriguez;
14149841;03/09/2026 14:19:52;3;2;0001  214835-1;05;CAMIONETA EXP 1;2091761;"CL41    ";"CASA DE LEON S.R.L.                               ";KENNEDY 98;952912;"70-162         ";70-162 - BIDE CR C.CERAM LINEA ADRA;6;6;6;23127052;030926141904205;181620352;;;;07/29/2031 00:00:00;1;13801843;03/09/2026 14:19:04;Tiago;Rodriguez;;;;;;Tiago Rodriguez;
14149841;03/09/2026 14:19:52;3;2;0001  214835-1;05;CAMIONETA EXP 1;2091761;"CL41    ";"CASA DE LEON S.R.L.                               ";KENNEDY 98;952634;"60-162         ";60-162 - LAVATORIO CR C.CERAM LINEA ADRA;6;6;6;23127052;030926141904205;181619969;;;;07/29/2031 00:00:00;4;13801843;03/09/2026 14:19:04;Tiago;Rodriguez;;;;;;Tiago Rodriguez;
14149841;03/09/2026 14:19:52;3;2;0001  214835-1;05;CAMIONETA EXP 1;2091761;"CL41    ";"CASA DE LEON S.R.L.                               ";KENNEDY 98;952860;"70-057         ";70-057 - BIDE C.STD VERIN PLUS;6;6;6;23127052;030926141904205;181621211;;;;01/11/2032 00:00:00;6;13801843;03/09/2026 14:19:04;Tiago;Rodriguez;;;;;;Tiago Rodriguez;
14150026;03/09/2026 15:27:22;3;2;0001  214841-1;05;CAMIONETA EXP 1;2093993;"PR22    ";"PEREZ RUBEN -LA CLARITA                           ";ETCHEVERRIA 1740;953056;"8005           ";8005 - SET DE 5 PIEZAS LINEA 8000;10;10;10;23120930;030926152707794;181619514;;;;07/27/2031 00:00:00;10;13803162;03/09/2026 15:27:07;Tiago;Rodriguez;24400958;03/09/2026 14:34:20;7767;Leandro;Cantero;Tiago Rodriguez;Leandro Cantero
14150026;03/09/2026 15:27:22;3;2;0001  214841-1;05;CAMIONETA EXP 1;2093993;"PR22    ";"PEREZ RUBEN -LA CLARITA                           ";ETCHEVERRIA 1740;953028;"80-010         ";80-010 - DUCHA EMB. C/TRANSF. BL/CR LORCA;10;10;10;23129136;030926145404702;181656157;;;;09/16/2031 00:00:00;10;13803172;03/09/2026 14:54:04;Tiago;Rodriguez;;;;;;Tiago Rodriguez;
14150026;03/09/2026 15:27:22;3;2;0001  214841-1;05;CAMIONETA EXP 1;2093993;"PR22    ";"PEREZ RUBEN -LA CLARITA                           ";ETCHEVERRIA 1740;952542;"60-002         ";60-002 - LAVATORIO RENACER;6;6;6;23129195;030926145513357;181671351;;;;07/29/2031 00:00:00;4;13803219;03/09/2026 14:55:13;Tiago;Rodriguez;;;;;;Tiago Rodriguez;
14150026;03/09/2026 15:27:22;3;2;0001  214841-1;05;CAMIONETA EXP 1;2093993;"PR22    ";"PEREZ RUBEN -LA CLARITA                           ";ETCHEVERRIA 1740;952634;"60-162         ";60-162 - LAVATORIO CR C.CERAM LINEA ADRA;6;6;6;23129195;030926145513357;181671352;;;;07/29/2031 00:00:00;2;13803219;03/09/2026 14:55:13;Tiago;Rodriguez;;;;;;Tiago Rodriguez;
14150026;03/09/2026 15:27:22;3;2;0001  214841-1;05;CAMIONETA EXP 1;2093993;"PR22    ";"PEREZ RUBEN -LA CLARITA                           ";ETCHEVERRIA 1740;953437;"914/CR         ";914/CR - JGO.MDA.P.CAÑO CR ARES;4;4;4;23129195;030926145513357;181647441;;;;01/13/2032 00:00:00;4;13803219;03/09/2026 14:55:13;Tiago;Rodriguez;;;;;;Tiago Rodriguez;
14150026;03/09/2026 15:27:22;3;2;0001  214841-1;05;CAMIONETA EXP 1;2093993;"PR22    ";"PEREZ RUBEN -LA CLARITA                           ";ETCHEVERRIA 1740;952426;"51-010         ";51-010 - COCINA MESADA BL/CR LORCA;12;12;12;23129240;030926145550869;181671620;;;;01/03/2032 00:00:00;10;13803241;03/09/2026 14:55:50;Tiago;Rodriguez;;;;;;Tiago Rodriguez;
14150026;03/09/2026 15:27:22;3;2;0001  214841-1;05;CAMIONETA EXP 1;2093993;"PR22    ";"PEREZ RUBEN -LA CLARITA                           ";ETCHEVERRIA 1740;952267;"423            ";"423 - DUCHA EMB. C/TRANSF.CR ""DIQUE""";6;6;6;23129283;030926145631689;181650546;;;;02/03/2032 00:00:00;6;13803266;03/09/2026 14:56:31;Tiago;Rodriguez;;;;;;Tiago Rodriguez;
14150026;03/09/2026 15:27:22;3;2;0001  214841-1;05;CAMIONETA EXP 1;2093993;"PR22    ";"PEREZ RUBEN -LA CLARITA                           ";ETCHEVERRIA 1740;951568;"203            ";"203 - LAVATORIO CROMO ""DIQUE""";4;4;4;23129283;030926145631689;181650287;;;;01/11/2032 00:00:00;4;13803266;03/09/2026 14:56:31;Tiago;Rodriguez;;;;;;Tiago Rodriguez;
14150026;03/09/2026 15:27:22;3;2;0001  214841-1;05;CAMIONETA EXP 1;2093993;"PR22    ";"PEREZ RUBEN -LA CLARITA                           ";ETCHEVERRIA 1740;952542;"60-002         ";60-002 - LAVATORIO RENACER;6;6;6;23129310;030926145712653;181650010;;;;07/29/2031 00:00:00;2;13803293;03/09/2026 14:57:12;Tiago;Rodriguez;;;;;;Tiago Rodriguez;
14150026;03/09/2026 15:27:22;3;2;0001  214841-1;05;CAMIONETA EXP 1;2093993;"PR22    ";"PEREZ RUBEN -LA CLARITA                           ";ETCHEVERRIA 1740;952634;"60-162         ";60-162 - LAVATORIO CR C.CERAM LINEA ADRA;6;6;6;23129310;030926145712653;181672202;;;;07/29/2031 00:00:00;3;13803293;03/09/2026 14:57:12;Tiago;Rodriguez;;;;;;Tiago Rodriguez;
14150026;03/09/2026 15:27:22;3;2;0001  214841-1;05;CAMIONETA EXP 1;2093993;"PR22    ";"PEREZ RUBEN -LA CLARITA                           ";ETCHEVERRIA 1740;952583;"60-058         ";60-058 - LAVATORIO CR C.STD MALBA;6;6;6;23129310;030926145712653;181672201;;;;12/03/2031 00:00:00;5;13803293;03/09/2026 14:57:12;Tiago;Rodriguez;;;;;;Tiago Rodriguez;
14150026;03/09/2026 15:27:22;3;2;0001  214841-1;05;CAMIONETA EXP 1;2093993;"PR22    ";"PEREZ RUBEN -LA CLARITA                           ";ETCHEVERRIA 1740;951957;"303            ";"303 - BIDET CROMO ""DIQUE""";6;6;6;23129339;030926145750037;181672489;;;;11/25/2031 00:00:00;5;13803323;03/09/2026 14:57:50;Tiago;Rodriguez;;;;;;Tiago Rodriguez;
14150026;03/09/2026 15:27:22;3;2;0001  214841-1;05;CAMIONETA EXP 1;2093993;"PR22    ";"PEREZ RUBEN -LA CLARITA                           ";ETCHEVERRIA 1740;952551;"60-010         ";60-010 - LAVATORIO BL/CR LORCA;5;5;5;23129339;030926145750037;181655440;;;;12/07/2031 00:00:00;5;13803323;03/09/2026 14:57:50;Tiago;Rodriguez;;;;;;Tiago Rodriguez;
14150026;03/09/2026 15:27:22;3;2;0001  214841-1;05;CAMIONETA EXP 1;2093993;"PR22    ";"PEREZ RUBEN -LA CLARITA                           ";ETCHEVERRIA 1740;952438;"51-058         ";51-058 - COCINA MESADA CR C.STD MALBA;14;14;14;23129362;030926145823934;181672718;;;;10/19/2031 00:00:00;10;13803345;03/09/2026 14:58:23;Tiago;Rodriguez;;;;;;Tiago Rodriguez;
14150026;03/09/2026 15:27:22;3;2;0001  214841-1;05;CAMIONETA EXP 1;2093993;"PR22    ";"PEREZ RUBEN -LA CLARITA                           ";ETCHEVERRIA 1740;952634;"60-162         ";60-162 - LAVATORIO CR C.CERAM LINEA ADRA;6;6;6;23129407;030926145910770;181655036;;;;07/29/2031 00:00:00;1;13803385;03/09/2026 14:59:10;Tiago;Rodriguez;;;;;;Tiago Rodriguez;
14150026;03/09/2026 15:27:22;3;2;0001  214841-1;05;CAMIONETA EXP 1;2093993;"PR22    ";"PEREZ RUBEN -LA CLARITA                           ";ETCHEVERRIA 1740;952740;"62-100G        ";62-100G - LAVATORIO DE PARED GOLD C.CERAM FABRIC;1;1;1;23129407;030926145910770;181622629;;;;12/20/2031 00:00:00;1;13803385;03/09/2026 14:59:10;Tiago;Rodriguez;;;;;;Tiago Rodriguez;
14150026;03/09/2026 15:27:22;3;2;0001  214841-1;05;CAMIONETA EXP 1;2093993;"PR22    ";"PEREZ RUBEN -LA CLARITA                           ";ETCHEVERRIA 1740;952862;"70-058         ";70-058 - BIDE CR C.STD MALBA;6;6;6;23129407;030926145910770;181653056;;;;10/20/2031 00:00:00;6;13803385;03/09/2026 14:59:10;Tiago;Rodriguez;;;;;;Tiago Rodriguez;
14150026;03/09/2026 15:27:22;3;2;0001  214841-1;05;CAMIONETA EXP 1;2093993;"PR22    ";"PEREZ RUBEN -LA CLARITA                           ";ETCHEVERRIA 1740;952874;"70-100G        ";70-100G - BIDE GOLD C.CERAM FABRIC;1;1;1;23129407;030926145910770;181622380;;;;07/29/2031 00:00:00;1;13803385;03/09/2026 14:59:10;Tiago;Rodriguez;;;;;;Tiago Rodriguez;
14150026;03/09/2026 15:27:22;3;2;0001  214841-1;05;CAMIONETA EXP 1;2093993;"PR22    ";"PEREZ RUBEN -LA CLARITA                           ";ETCHEVERRIA 1740;952438;"51-058         ";51-058 - COCINA MESADA CR C.STD MALBA;14;14;14;23129407;030926145910770;181673027;;;;10/19/2031 00:00:00;1;13803385;03/09/2026 14:59:10;Tiago;Rodriguez;;;;;;Tiago Rodriguez;
14150026;03/09/2026 15:27:22;3;2;0001  214841-1;05;CAMIONETA EXP 1;2093993;"PR22    ";"PEREZ RUBEN -LA CLARITA                           ";ETCHEVERRIA 1740;952244;"409            ";"409 - DUCHA EXT.C/TRANSF.CR ""LAZA""";2;2;2;23129441;030926145953215;181622235;;;;02/17/2032 00:00:00;2;13803418;03/09/2026 14:59:53;Tiago;Rodriguez;;;;;;Tiago Rodriguez;
14150026;03/09/2026 15:27:22;3;2;0001  214841-1;05;CAMIONETA EXP 1;2093993;"PR22    ";"PEREZ RUBEN -LA CLARITA                           ";ETCHEVERRIA 1740;952914;"70-163         ";70-163 - BIDE CR C.CERAM SENA;1;1;1;23129441;030926145953215;181652419;;;;07/27/2031 00:00:00;1;13803418;03/09/2026 14:59:53;Tiago;Rodriguez;;;;;;Tiago Rodriguez;
14150026;03/09/2026 15:27:22;3;2;0001  214841-1;05;CAMIONETA EXP 1;2093993;"PR22    ";"PEREZ RUBEN -LA CLARITA                           ";ETCHEVERRIA 1740;952583;"60-058         ";60-058 - LAVATORIO CR C.STD MALBA;6;6;6;23129441;030926145953215;181654041;;;;12/03/2031 00:00:00;1;13803418;03/09/2026 14:59:53;Tiago;Rodriguez;;;;;;Tiago Rodriguez;
14150026;03/09/2026 15:27:22;3;2;0001  214841-1;05;CAMIONETA EXP 1;2093993;"PR22    ";"PEREZ RUBEN -LA CLARITA                           ";ETCHEVERRIA 1740;953059;"80-057         ";80-057 - DUCHA EMB. C/TRANSF. C.STD VERIN PLUS;6;6;6;23129441;030926145953215;181658819;;;;01/04/2032 00:00:00;6;13803418;03/09/2026 14:59:53;Tiago;Rodriguez;;;;;;Tiago Rodriguez;
14150026;03/09/2026 15:27:22;3;2;0001  214841-1;05;CAMIONETA EXP 1;2093993;"PR22    ";"PEREZ RUBEN -LA CLARITA                           ";ETCHEVERRIA 1740;951957;"303            ";"303 - BIDET CROMO ""DIQUE""";6;6;6;23129481;030926150057098;181650726;;;;11/25/2031 00:00:00;1;13803475;03/09/2026 15:00:57;Tiago;Rodriguez;;;;;;Tiago Rodriguez;
14150026;03/09/2026 15:27:22;3;2;0001  214841-1;05;CAMIONETA EXP 1;2093993;"PR22    ";"PEREZ RUBEN -LA CLARITA                           ";ETCHEVERRIA 1740;952426;"51-010         ";51-010 - COCINA MESADA BL/CR LORCA;12;12;12;23129481;030926150057098;181660322;;;;01/03/2032 00:00:00;2;13803475;03/09/2026 15:00:57;Tiago;Rodriguez;;;;;;Tiago Rodriguez;
14150026;03/09/2026 15:27:22;3;2;0001  214841-1;05;CAMIONETA EXP 1;2093993;"PR22    ";"PEREZ RUBEN -LA CLARITA                           ";ETCHEVERRIA 1740;952438;"51-058         ";51-058 - COCINA MESADA CR C.STD MALBA;14;14;14;23129481;030926150057098;181658382;;;;10/19/2031 00:00:00;3;13803475;03/09/2026 15:00:57;Tiago;Rodriguez;;;;;;Tiago Rodriguez;
14150026;03/09/2026 15:27:22;3;2;0001  214841-1;05;CAMIONETA EXP 1;2093993;"PR22    ";"PEREZ RUBEN -LA CLARITA                           ";ETCHEVERRIA 1740;953019;"80-002         ";80-002 - DUCHA EMB C/TRANSF. RENACER;4;4;4;23129500;030926150128344;181651983;;;;07/29/2031 00:00:00;4;13803497;03/09/2026 15:01:28;Tiago;Rodriguez;;;;;;Tiago Rodriguez;
14150026;03/09/2026 15:27:22;3;2;0001  214841-1;05;CAMIONETA EXP 1;2093993;"PR22    ";"PEREZ RUBEN -LA CLARITA                           ";ETCHEVERRIA 1740;953107;"80-162         ";80-162 - DUCHA EMB. C/TRANSF. CR C.CERAM ADRA;2;2;2;23129500;030926150128344;181655616;;;;07/29/2031 00:00:00;2;13803497;03/09/2026 15:01:28;Tiago;Rodriguez;;;;;;Tiago Rodriguez;
14150026;03/09/2026 15:27:22;3;2;0001  214841-1;05;CAMIONETA EXP 1;2093993;"PR22    ";"PEREZ RUBEN -LA CLARITA                           ";ETCHEVERRIA 1740;952650;"60-180         ";60-180 - LAVATORIO MONOCOMANDO BAJO VERA;6;6;6;23129551;030926150241222;181617410;;;;07/28/2031 00:00:00;6;13803546;03/09/2026 15:02:41;Tiago;Rodriguez;;;;;;Tiago Rodriguez;
14150026;03/09/2026 15:27:22;3;2;0001  214841-1;05;CAMIONETA EXP 1;2093993;"PR22    ";"PEREZ RUBEN -LA CLARITA                           ";ETCHEVERRIA 1740;951545;"20-172         ";20-172 - COCINA MESADA MONOC. COLORS NEGRO;2;2;2;23129551;030926150241222;181616157;;;;07/28/2031 00:00:00;2;13803546;03/09/2026 15:02:41;Tiago;Rodriguez;;;;;;Tiago Rodriguez;
14150026;03/09/2026 15:27:22;3;2;0001  214841-1;05;CAMIONETA EXP 1;2093993;"PR22    ";"PEREZ RUBEN -LA CLARITA                           ";ETCHEVERRIA 1740;952714;"61-180         ";61-180 - LAVATORIO MONOCOMANDO ALTO VERA;4;4;4;23129574;030926150302209;181617930;;;;07/28/2031 00:00:00;4;13803568;03/09/2026 15:03:02;Tiago;Rodriguez;;;;;;Tiago Rodriguez;
14150026;03/09/2026 15:27:22;3;2;0001  214841-1;05;CAMIONETA EXP 1;2093993;"PR22    ";"PEREZ RUBEN -LA CLARITA                           ";ETCHEVERRIA 1740;953312;"83-133         ";83-133 - DUCHA EXT. C/TRANSF. MONOCOMANDO LUGO;10;10;10;23129635;030926150359769;181675087;;;;07/30/2031 00:00:00;4;13803591;03/09/2026 15:03:59;Tiago;Rodriguez;;;;;;Tiago Rodriguez;
14150026;03/09/2026 15:27:22;3;2;0001  214841-1;05;CAMIONETA EXP 1;2093993;"PR22    ";"PEREZ RUBEN -LA CLARITA                           ";ETCHEVERRIA 1740;950906;"04-010         ";"LAVATORIO DE PARED TEMPORIZADO TECNO                                  ";3;3;3;23129635;030926150359769;181616631;;;;07/31/2031 00:00:00;3;13803591;03/09/2026 15:03:59;Tiago;Rodriguez;;;;;;Tiago Rodriguez;
14150026;03/09/2026 15:27:22;3;2;0001  214841-1;05;CAMIONETA EXP 1;2093993;"PR22    ";"PEREZ RUBEN -LA CLARITA                           ";ETCHEVERRIA 1740;952660;"60-192         ";60-192 - LAVATORIO BAJO SORIA BLACK;2;2;2;23129660;030926150436100;181617042;;;;07/27/2031 00:00:00;2;13803610;03/09/2026 15:04:36;Tiago;Rodriguez;;;;;;Tiago Rodriguez;
14150026;03/09/2026 15:27:22;3;2;0001  214841-1;05;CAMIONETA EXP 1;2093993;"PR22    ";"PEREZ RUBEN -LA CLARITA                           ";ETCHEVERRIA 1740;952630;"60-152         ";60-152 - LAVATORIO CR MONOCOMANDO BAJO SORIA;2;2;2;23129660;030926150436100;181618734;;;;07/27/2031 00:00:00;2;13803610;03/09/2026 15:04:36;Tiago;Rodriguez;;;;;;Tiago Rodriguez;
14150026;03/09/2026 15:27:22;3;2;0001  214841-1;05;CAMIONETA EXP 1;2093993;"PR22    ";"PEREZ RUBEN -LA CLARITA                           ";ETCHEVERRIA 1740;952618;"60-133         ";60-133 - LAVATORIO MONOCOMANDO LUGO;20;20;20;23129660;030926150436100;181675330;;;;07/29/2031 00:00:00;2;13803610;03/09/2026 15:04:36;Tiago;Rodriguez;;;;;;Tiago Rodriguez;
14150026;03/09/2026 15:27:22;3;2;0001  214841-1;05;CAMIONETA EXP 1;2093993;"PR22    ";"PEREZ RUBEN -LA CLARITA                           ";ETCHEVERRIA 1740;953138;"80-192         ";80-192 - DUCHA EMB. C/TRANSF. SORIA BLACK;2;2;2;23129696;030926150512215;181618232;;;;07/28/2031 00:00:00;2;13803624;03/09/2026 15:05:12;Tiago;Rodriguez;;;;;;Tiago Rodriguez;
14150026;03/09/2026 15:27:22;3;2;0001  214841-1;05;CAMIONETA EXP 1;2093993;"PR22    ";"PEREZ RUBEN -LA CLARITA                           ";ETCHEVERRIA 1740;952707;"61-152         ";61-152 - LAVATORIO MONOCOMANDO CROMO ALTO SORIA;2;2;2;23129696;030926150512215;181618628;;;;07/27/2031 00:00:00;2;13803624;03/09/2026 15:05:12;Tiago;Rodriguez;;;;;;Tiago Rodriguez;
14150026;03/09/2026 15:27:22;3;2;0001  214841-1;05;CAMIONETA EXP 1;2093993;"PR22    ";"PEREZ RUBEN -LA CLARITA                           ";ETCHEVERRIA 1740;952636;"60-163         ";60-163 - LAVATORIO CR C.CERAM SENA;1;1;1;23129729;030926150609330;181652607;;;;07/29/2031 00:00:00;1;13803659;03/09/2026 15:06:09;Tiago;Rodriguez;;;;;;Tiago Rodriguez;
14150026;03/09/2026 15:27:22;3;2;0001  214841-1;05;CAMIONETA EXP 1;2093993;"PR22    ";"PEREZ RUBEN -LA CLARITA                           ";ETCHEVERRIA 1740;953153;"80-200G        ";80-200G - DUCHA EMB. MONOC. 3 FUNCIONES GOLD FABRIC;1;1;1;23129729;030926150609330;181654477;;;;12/03/2031 00:00:00;1;13803659;03/09/2026 15:06:09;Tiago;Rodriguez;;;;;;Tiago Rodriguez;
14150026;03/09/2026 15:27:22;3;2;0001  214841-1;05;CAMIONETA EXP 1;2093993;"PR22    ";"PEREZ RUBEN -LA CLARITA                           ";ETCHEVERRIA 1740;952684;"603            ";603 - CANILLA COC.PARED P.BAJO CROMO DIQUE;6;6;6;23129771;030926150654803;181648380;;;;11/22/2031 00:00:00;6;13803705;03/09/2026 15:06:54;Tiago;Rodriguez;;;;;;Tiago Rodriguez;
14150026;03/09/2026 15:27:22;3;2;0001  214841-1;05;CAMIONETA EXP 1;2093993;"PR22    ";"PEREZ RUBEN -LA CLARITA                           ";ETCHEVERRIA 1740;951195;"1380G          ";"QUEINOX GAS MH 1/2""x80 APROBADO POR IGA                               ";6;6;6;23130201;030926151522141;181613651;;;;09/10/2031 00:00:00;6;13804032;03/09/2026 15:15:22;Tiago;Rodriguez;;;;;;Tiago Rodriguez;
14150026;03/09/2026 15:27:22;3;2;0001  214841-1;05;CAMIONETA EXP 1;2093993;"PR22    ";"PEREZ RUBEN -LA CLARITA                           ";ETCHEVERRIA 1740;951794;"3010           ";3010 - TOALLERO BARRAL LINEA 3000;6;6;6;23130201;030926151522141;181615085;;;;07/29/2031 00:00:00;6;13804032;03/09/2026 15:15:22;Tiago;Rodriguez;;;;;;Tiago Rodriguez;
14150026;03/09/2026 15:27:22;3;2;0001  214841-1;05;CAMIONETA EXP 1;2093993;"PR22    ";"PEREZ RUBEN -LA CLARITA                           ";ETCHEVERRIA 1740;957860;"RA737C         ";RA737C - BRAZO Y FLOR DUCHA STD ABS CR;20;20;20;23130201;030926151522141;181661400;;;;08/02/2031 00:00:00;20;13804032;03/09/2026 15:15:22;Tiago;Rodriguez;;;;;;Tiago Rodriguez;
14150026;03/09/2026 15:27:22;3;2;0001  214841-1;05;CAMIONETA EXP 1;2093993;"PR22    ";"PEREZ RUBEN -LA CLARITA                           ";ETCHEVERRIA 1740;954651;"A816           ";"A816 - DUCHA 6"" C/BRAZO Y CAMPANA CR";6;6;6;23130201;030926151522141;181614398;;;;07/27/2031 00:00:00;6;13804032;03/09/2026 15:15:22;Tiago;Rodriguez;;;;;;Tiago Rodriguez;
14150026;03/09/2026 15:27:22;3;2;0001  214841-1;05;CAMIONETA EXP 1;2093993;"PR22    ";"PEREZ RUBEN -LA CLARITA                           ";ETCHEVERRIA 1740;951961;"3030           ";3030 - PERCHA LINEA 3000;24;24;24;23130495;030926152103138;181615827;;;;08/27/2031 00:00:00;24;13804193;03/09/2026 15:21:03;Tiago;Rodriguez;;;;;;Tiago Rodriguez;
14150026;03/09/2026 15:27:22;3;2;0001  214841-1;05;CAMIONETA EXP 1;2093993;"PR22    ";"PEREZ RUBEN -LA CLARITA                           ";ETCHEVERRIA 1740;951535;"20-160         ";20-160 - MONOCOMANDO MESADA COCINA DIQUE;8;8;8;23130502;030926152115341;181619802;;;;07/28/2031 00:00:00;8;13804203;03/09/2026 15:21:15;Tiago;Rodriguez;;;;;;Tiago Rodriguez;
14150026;03/09/2026 15:27:22;3;2;0001  214841-1;05;CAMIONETA EXP 1;2093993;"PR22    ";"PEREZ RUBEN -LA CLARITA                           ";ETCHEVERRIA 1740;952618;"60-133         ";60-133 - LAVATORIO MONOCOMANDO LUGO;20;20;20;23130533;030926152200289;181683346;;;;07/29/2031 00:00:00;6;13804225;03/09/2026 15:22:00;Tiago;Rodriguez;;;;;;Tiago Rodriguez;
14150026;03/09/2026 15:27:22;3;2;0001  214841-1;05;CAMIONETA EXP 1;2093993;"PR22    ";"PEREZ RUBEN -LA CLARITA                           ";ETCHEVERRIA 1740;952618;"60-133         ";60-133 - LAVATORIO MONOCOMANDO LUGO;20;20;20;23130548;030926152225994;181683539;;;;07/29/2031 00:00:00;6;13804240;03/09/2026 15:22:26;Tiago;Rodriguez;;;;;;Tiago Rodriguez;
14150026;03/09/2026 15:27:22;3;2;0001  214841-1;05;CAMIONETA EXP 1;2093993;"PR22    ";"PEREZ RUBEN -LA CLARITA                           ";ETCHEVERRIA 1740;952618;"60-133         ";60-133 - LAVATORIO MONOCOMANDO LUGO;20;20;20;23130595;030926152307597;181621207;;;;07/29/2031 00:00:00;6;13804259;03/09/2026 15:23:07;Tiago;Rodriguez;;;;;;Tiago Rodriguez;
14150026;03/09/2026 15:27:22;3;2;0001  214841-1;05;CAMIONETA EXP 1;2093993;"PR22    ";"PEREZ RUBEN -LA CLARITA                           ";ETCHEVERRIA 1740;952498;"54-130         ";54-130 - MONOCOMANDO COCINA PARED EXT BILBAO;6;6;6;23130632;030926152340424;181616388;;;;07/27/2031 00:00:00;6;13804291;03/09/2026 15:23:40;Tiago;Rodriguez;;;;;;Tiago Rodriguez;
14150026;03/09/2026 15:27:22;3;2;0001  214841-1;05;CAMIONETA EXP 1;2093993;"PR22    ";"PEREZ RUBEN -LA CLARITA                           ";ETCHEVERRIA 1740;954906;"BCH05          ";BCH05 - BACHA DE APOYAR CUADRADA 370x370x130;2;2;2;23130650;030926152357232;181684227;;;;07/27/2031 00:00:00;1;13804311;03/09/2026 15:23:57;Tiago;Rodriguez;;;;;;Tiago Rodriguez;
14150026;03/09/2026 15:27:22;3;2;0001  214841-1;05;CAMIONETA EXP 1;2093993;"PR22    ";"PEREZ RUBEN -LA CLARITA                           ";ETCHEVERRIA 1740;954908;"BCH07          ";BCH07 - BACHA DE APOYAR OVALADA 400x330x150;2;2;2;23130691;030926152438753;181684540;;;;07/29/2031 00:00:00;1;13804336;03/09/2026 15:24:38;Tiago;Rodriguez;;;;;;Tiago Rodriguez;
14150026;03/09/2026 15:27:22;3;2;0001  214841-1;05;CAMIONETA EXP 1;2093993;"PR22    ";"PEREZ RUBEN -LA CLARITA                           ";ETCHEVERRIA 1740;951116;"12006          ";"SET DE 6 PIEZAS LINEA 12000                                           ";10;10;10;23130715;030926152510957;181621477;;;;07/30/2031 00:00:00;10;13804350;03/09/2026 15:25:10;Tiago;Rodriguez;;;;;;Tiago Rodriguez;
14150026;03/09/2026 15:27:22;3;2;0001  214841-1;05;CAMIONETA EXP 1;2093993;"PR22    ";"PEREZ RUBEN -LA CLARITA                           ";ETCHEVERRIA 1740;954906;"BCH05          ";BCH05 - BACHA DE APOYAR CUADRADA 370x370x130;2;2;2;23130752;030926152601060;181613117;;;;07/27/2031 00:00:00;1;13804376;03/09/2026 15:26:01;Tiago;Rodriguez;;;;;;Tiago Rodriguez;
14150026;03/09/2026 15:27:22;3;2;0001  214841-1;05;CAMIONETA EXP 1;2093993;"PR22    ";"PEREZ RUBEN -LA CLARITA                           ";ETCHEVERRIA 1740;954908;"BCH07          ";BCH07 - BACHA DE APOYAR OVALADA 400x330x150;2;2;2;23130768;030926152625915;181612709;;;;07/29/2031 00:00:00;1;13804394;03/09/2026 15:26:25;Tiago;Rodriguez;;;;;;Tiago Rodriguez;
14150026;03/09/2026 15:27:22;3;2;0001  214841-1;05;CAMIONETA EXP 1;2093993;"PR22    ";"PEREZ RUBEN -LA CLARITA                           ";ETCHEVERRIA 1740;953312;"83-133         ";83-133 - DUCHA EXT. C/TRANSF. MONOCOMANDO LUGO;10;10;10;23130793;030926152656167;181620792;;;;07/30/2031 00:00:00;6;13804404;03/09/2026 15:26:56;Tiago;Rodriguez;;;;;;Tiago Rodriguez;
14150027;03/09/2026 15:47:59;3;2;0001  214843-1;05;CAMIONETA EXP 1;2091478;"CA54    ";"MIMAT MATERIALES SA - CASA ALEKSY WASIUK          ";AV. BEATO ROQUE GONZALEZ 136;953312;"83-133         ";83-133 - DUCHA EXT. C/TRANSF. MONOCOMANDO LUGO;3;3;3;23127221;030926154759517;181663208;;;;07/30/2031 00:00:00;3;13804469;03/09/2026 15:47:59;Gustavo;Soderquvist;24406783;03/09/2026 14:46:05;6867;Javier;Lescano;Gustavo Soderquvist;Javier Lescano
14150027;03/09/2026 15:47:59;3;2;0001  214843-1;05;CAMIONETA EXP 1;2091478;"CA54    ";"MIMAT MATERIALES SA - CASA ALEKSY WASIUK          ";AV. BEATO ROQUE GONZALEZ 136;950906;"04-010         ";"LAVATORIO DE PARED TEMPORIZADO TECNO                                  ";5;5;5;23131079;030926153245409;181660368;;;;07/31/2031 00:00:00;5;13804583;03/09/2026 15:32:45;Gustavo;Soderquvist;;;;;;Gustavo Soderquvist;
14150027;03/09/2026 15:47:59;3;2;0001  214843-1;05;CAMIONETA EXP 1;2091478;"CA54    ";"MIMAT MATERIALES SA - CASA ALEKSY WASIUK          ";AV. BEATO ROQUE GONZALEZ 136;952707;"61-152         ";61-152 - LAVATORIO MONOCOMANDO CROMO ALTO SORIA;3;3;3;23131079;030926153245409;181658726;;;;07/27/2031 00:00:00;3;13804583;03/09/2026 15:32:45;Gustavo;Soderquvist;;;;;;Gustavo Soderquvist;
14150027;03/09/2026 15:47:59;3;2;0001  214843-1;05;CAMIONETA EXP 1;2091478;"CA54    ";"MIMAT MATERIALES SA - CASA ALEKSY WASIUK          ";AV. BEATO ROQUE GONZALEZ 136;951547;"20-174         ";20-174 - COCINA MESADA MONOC. COLORS BLACK;2;2;2;23131220;030926153508541;181658353;;;;07/28/2031 00:00:00;2;13804654;03/09/2026 15:35:08;Gustavo;Soderquvist;;;;;;Gustavo Soderquvist;
14150027;03/09/2026 15:47:59;3;2;0001  214843-1;05;CAMIONETA EXP 1;2091478;"CA54    ";"MIMAT MATERIALES SA - CASA ALEKSY WASIUK          ";AV. BEATO ROQUE GONZALEZ 136;950907;"05-010         ";"LAVATORIO BAJO TEMPORIZADO TECNO                                      ";3;3;3;23131220;030926153508541;181661685;;;;07/28/2031 00:00:00;3;13804654;03/09/2026 15:35:08;Gustavo;Soderquvist;;;;;;Gustavo Soderquvist;
14150027;03/09/2026 15:47:59;3;2;0001  214843-1;05;CAMIONETA EXP 1;2091478;"CA54    ";"MIMAT MATERIALES SA - CASA ALEKSY WASIUK          ";AV. BEATO ROQUE GONZALEZ 136;950903;"03-010         ";"LAVATORIO ALTO TEMPORIZADO TECNO                                      ";5;5;5;23131220;030926153508541;181659966;;;;09/16/2031 00:00:00;5;13804654;03/09/2026 15:35:08;Gustavo;Soderquvist;;;;;;Gustavo Soderquvist;
14150027;03/09/2026 15:47:59;3;2;0001  214843-1;05;CAMIONETA EXP 1;2091478;"CA54    ";"MIMAT MATERIALES SA - CASA ALEKSY WASIUK          ";AV. BEATO ROQUE GONZALEZ 136;950892;"01-010         ";"VALVULA P/MINGITORIO TEMPORIZADA TECNO                                ";3;3;3;23131263;030926153617878;181660508;;;;07/28/2031 00:00:00;3;13804680;03/09/2026 15:36:17;Gustavo;Soderquvist;;;;;;Gustavo Soderquvist;
14150027;03/09/2026 15:47:59;3;2;0001  214843-1;05;CAMIONETA EXP 1;2091478;"CA54    ";"MIMAT MATERIALES SA - CASA ALEKSY WASIUK          ";AV. BEATO ROQUE GONZALEZ 136;952614;"60-130         ";60-130 - LAVATORIO MONOCOMANDO BAJO BILBAO;3;3;3;23131263;030926153617878;181659112;;;;07/28/2031 00:00:00;3;13804680;03/09/2026 15:36:17;Gustavo;Soderquvist;;;;;;Gustavo Soderquvist;
14150027;03/09/2026 15:47:59;3;2;0001  214843-1;05;CAMIONETA EXP 1;2091478;"CA54    ";"MIMAT MATERIALES SA - CASA ALEKSY WASIUK          ";AV. BEATO ROQUE GONZALEZ 136;950895;"02-010         ";"VALVULA P/INODORO TEMPORIZADA TECNO                                   ";4;4;4;23131316;030926153655956;181660853;;;;07/28/2031 00:00:00;4;13804704;03/09/2026 15:36:55;Gustavo;Soderquvist;;;;;;Gustavo Soderquvist;
14150027;03/09/2026 15:47:59;3;2;0001  214843-1;05;CAMIONETA EXP 1;2091478;"CA54    ";"MIMAT MATERIALES SA - CASA ALEKSY WASIUK          ";AV. BEATO ROQUE GONZALEZ 136;950896;"02-010N        ";"VALVULA P/INODORO TEMPORIZADA TECNO BLACK                             ";2;2;2;23131316;030926153655956;181660658;;;;07/28/2031 00:00:00;2;13804704;03/09/2026 15:36:55;Gustavo;Soderquvist;;;;;;Gustavo Soderquvist;
14150027;03/09/2026 15:47:59;3;2;0001  214843-1;05;CAMIONETA EXP 1;2091478;"CA54    ";"MIMAT MATERIALES SA - CASA ALEKSY WASIUK          ";AV. BEATO ROQUE GONZALEZ 136;953099;"80-150         ";80-150 - DUCHA EMB. C/TRANSF. CR C.CERAM TOLEDO;2;2;2;23131361;030926153738203;181657300;;;;11/19/2031 00:00:00;2;13804727;03/09/2026 15:37:38;Gustavo;Soderquvist;;;;;;Gustavo Soderquvist;
14150027;03/09/2026 15:47:59;3;2;0001  214843-1;05;CAMIONETA EXP 1;2091478;"CA54    ";"MIMAT MATERIALES SA - CASA ALEKSY WASIUK          ";AV. BEATO ROQUE GONZALEZ 136;951523;"20-134         ";20-134 - MONOCOMANDO COCINA BETIS;6;6;6;23131446;030926153919332;181665680;;;;08/11/2031 00:00:00;6;13804781;03/09/2026 15:39:19;Gustavo;Soderquvist;;;;;;Gustavo Soderquvist;
14150027;03/09/2026 15:47:59;3;2;0001  214843-1;05;CAMIONETA EXP 1;2091478;"CA54    ";"MIMAT MATERIALES SA - CASA ALEKSY WASIUK          ";AV. BEATO ROQUE GONZALEZ 136;951508;"20-121         ";20-121 - COCINA MSDA MONOC.P. REDONDO MARBELLA;1;1;1;23131476;030926153956330;181662081;;;;07/30/2031 00:00:00;1;13804806;03/09/2026 15:39:56;Gustavo;Soderquvist;;;;;;Gustavo Soderquvist;
14150027;03/09/2026 15:47:59;3;2;0001  214843-1;05;CAMIONETA EXP 1;2091478;"CA54    ";"MIMAT MATERIALES SA - CASA ALEKSY WASIUK          ";AV. BEATO ROQUE GONZALEZ 136;951554;"20-190         ";20-190 - COCINA MESADA MONOC BLACK VELVET;3;3;3;23131476;030926153956330;181661247;;;;07/28/2031 00:00:00;3;13804806;03/09/2026 15:39:56;Gustavo;Soderquvist;;;;;;Gustavo Soderquvist;
14150027;03/09/2026 15:47:59;3;2;0001  214843-1;05;CAMIONETA EXP 1;2091478;"CA54    ";"MIMAT MATERIALES SA - CASA ALEKSY WASIUK          ";AV. BEATO ROQUE GONZALEZ 136;953086;"80-131         ";80-131 - DUCHA EMB. C/TRANSF. CR C.CERAM MALLORCA;2;2;2;23131500;030926154029606;181656953;;;;10/25/2031 00:00:00;2;13804832;03/09/2026 15:40:29;Gustavo;Soderquvist;;;;;;Gustavo Soderquvist;
14150027;03/09/2026 15:47:59;3;2;0001  214843-1;05;CAMIONETA EXP 1;2091478;"CA54    ";"MIMAT MATERIALES SA - CASA ALEKSY WASIUK          ";AV. BEATO ROQUE GONZALEZ 136;952616;"60-131         ";60-131 - LAVATORIO C.CERAM CR MALLORCA;2;2;2;23131500;030926154029606;181657159;;;;01/03/2032 00:00:00;2;13804832;03/09/2026 15:40:29;Gustavo;Soderquvist;;;;;;Gustavo Soderquvist;
14150027;03/09/2026 15:47:59;3;2;0001  214843-1;05;CAMIONETA EXP 1;2091478;"CA54    ";"MIMAT MATERIALES SA - CASA ALEKSY WASIUK          ";AV. BEATO ROQUE GONZALEZ 136;951528;"20-140         ";20-140 - MONOCOMANDO DE COCINA LINEA CUINA;2;2;2;23131542;030926154117747;181659678;;;;10/07/2031 00:00:00;2;13804866;03/09/2026 15:41:17;Gustavo;Soderquvist;;;;;;Gustavo Soderquvist;
14150027;03/09/2026 15:47:59;3;2;0001  214843-1;05;CAMIONETA EXP 1;2091478;"CA54    ";"MIMAT MATERIALES SA - CASA ALEKSY WASIUK          ";AV. BEATO ROQUE GONZALEZ 136;951098;"11006          ";"SET DE 6 PIEZAS LINEA 11000                                           ";3;3;3;23131585;030926154205192;181664140;;;;07/29/2031 00:00:00;3;13804891;03/09/2026 15:42:05;Gustavo;Soderquvist;;;;;;Gustavo Soderquvist;
14150027;03/09/2026 15:47:59;3;2;0001  214843-1;05;CAMIONETA EXP 1;2091478;"CA54    ";"MIMAT MATERIALES SA - CASA ALEKSY WASIUK          ";AV. BEATO ROQUE GONZALEZ 136;951116;"12006          ";"SET DE 6 PIEZAS LINEA 12000                                           ";5;5;5;23131585;030926154205192;181663710;;;;07/30/2031 00:00:00;5;13804891;03/09/2026 15:42:05;Gustavo;Soderquvist;;;;;;Gustavo Soderquvist;
14150027;03/09/2026 15:47:59;3;2;0001  214843-1;05;CAMIONETA EXP 1;2091478;"CA54    ";"MIMAT MATERIALES SA - CASA ALEKSY WASIUK          ";AV. BEATO ROQUE GONZALEZ 136;951259;"16006BL        ";16006BL - SET 6 PIEZAS ACCESORIOS LINEA 16000 BLACK;3;3;3;23131740;030926154441030;181661473;;;;07/27/2031 00:00:00;3;13804992;03/09/2026 15:44:41;Gustavo;Soderquvist;;;;;;Gustavo Soderquvist;
14150027;03/09/2026 15:47:59;3;2;0001  214843-1;05;CAMIONETA EXP 1;2091478;"CA54    ";"MIMAT MATERIALES SA - CASA ALEKSY WASIUK          ";AV. BEATO ROQUE GONZALEZ 136;951258;"16006          ";16006 - SET 6 PIEZAS ACCESORIOS LINEA 16000;5;5;5;23131740;030926154441030;181666783;;;;07/29/2031 00:00:00;5;13804992;03/09/2026 15:44:41;Gustavo;Soderquvist;;;;;;Gustavo Soderquvist;
14150027;03/09/2026 15:47:59;3;2;0001  214843-1;05;CAMIONETA EXP 1;2091478;"CA54    ";"MIMAT MATERIALES SA - CASA ALEKSY WASIUK          ";AV. BEATO ROQUE GONZALEZ 136;952721;"61-193         ";61-193 - LAVATORIO MONOCOMANDO ALTO MORA;5;5;5;23131790;030926154530654;181664529;;;;07/27/2031 00:00:00;5;13805021;03/09/2026 15:45:30;Gustavo;Soderquvist;;;;;;Gustavo Soderquvist;
14150027;03/09/2026 15:47:59;3;2;0001  214843-1;05;CAMIONETA EXP 1;2091478;"CA54    ";"MIMAT MATERIALES SA - CASA ALEKSY WASIUK          ";AV. BEATO ROQUE GONZALEZ 136;952608;"60-121         ";60-121 - LAVATORIO C.CERAM CR MARBELLA;3;3;3;23131827;030926154619828;181664785;;;;01/25/2032 00:00:00;3;13805054;03/09/2026 15:46:19;Gustavo;Soderquvist;;;;;;Gustavo Soderquvist;
14150027;03/09/2026 15:47:59;3;2;0001  214843-1;05;CAMIONETA EXP 1;2091478;"CA54    ";"MIMAT MATERIALES SA - CASA ALEKSY WASIUK          ";AV. BEATO ROQUE GONZALEZ 136;951535;"20-160         ";20-160 - MONOCOMANDO MESADA COCINA DIQUE;5;5;5;23131827;030926154619828;181662834;;;;07/28/2031 00:00:00;5;13805054;03/09/2026 15:46:19;Gustavo;Soderquvist;;;;;;Gustavo Soderquvist;
14150027;03/09/2026 15:47:59;3;2;0001  214843-1;05;CAMIONETA EXP 1;2091478;"CA54    ";"MIMAT MATERIALES SA - CASA ALEKSY WASIUK          ";AV. BEATO ROQUE GONZALEZ 136;952628;"60-150         ";60-150 - LAVATORIO CR C.CERAM TOLEDO;2;2;2;23131827;030926154619828;181657393;;;;07/28/2031 00:00:00;2;13805054;03/09/2026 15:46:19;Gustavo;Soderquvist;;;;;;Gustavo Soderquvist;
14150027;03/09/2026 15:47:59;3;2;0001  214843-1;05;CAMIONETA EXP 1;2091478;"CA54    ";"MIMAT MATERIALES SA - CASA ALEKSY WASIUK          ";AV. BEATO ROQUE GONZALEZ 136;952498;"54-130         ";54-130 - MONOCOMANDO COCINA PARED EXT BILBAO;4;4;4;23131881;030926154720578;181659416;;;;07/27/2031 00:00:00;4;13805094;03/09/2026 15:47:20;Gustavo;Soderquvist;;;;;;Gustavo Soderquvist;
14150027;03/09/2026 15:47:59;3;2;0001  214843-1;05;CAMIONETA EXP 1;2091478;"CA54    ";"MIMAT MATERIALES SA - CASA ALEKSY WASIUK          ";AV. BEATO ROQUE GONZALEZ 136;951488;"20-102         ";"20-102 - MONOCOMANDO MESADA CROMO ""RENACER""";6;6;6;23131881;030926154720578;181665289;;;;08/20/2031 00:00:00;6;13805094;03/09/2026 15:47:20;Gustavo;Soderquvist;;;;;;Gustavo Soderquvist;
14150832;03/09/2026 12:04:24;3;2;TR 0000  122158;01;CARPINTERIA;2090863;DEP_108;EXIBICION MONTES DE OCA;.;952714;"61-180         ";61-180 - LAVATORIO MONOCOMANDO ALTO VERA;1;1;1;23110887;030926120422789;181540945;;;;07/28/2031 00:00:00;1;13794263;03/09/2026 12:04:22;Gaston Alejandro;Kiriczuk;24390877;03/09/2026 09:20:51;7767;Leandro;Cantero;Gaston Alejandro Kiriczuk;Leandro Cantero
14150832;03/09/2026 12:04:24;3;2;TR 0000  122158;01;CARPINTERIA;2090863;DEP_108;EXIBICION MONTES DE OCA;.;952650;"60-180         ";60-180 - LAVATORIO MONOCOMANDO BAJO VERA;1;1;1;23110887;030926120422789;181541060;;;;07/28/2031 00:00:00;1;13794263;03/09/2026 12:04:22;Gaston Alejandro;Kiriczuk;24390877;03/09/2026 09:20:51;7767;Leandro;Cantero;Gaston Alejandro Kiriczuk;Leandro Cantero
14150832;03/09/2026 12:04:24;3;2;TR 0000  122158;01;CARPINTERIA;2090863;DEP_108;EXIBICION MONTES DE OCA;.;951565;"20-205         ";20-205 - MONOCOMANDO DE COCINA STEEL;1;1;1;23110887;030926120422789;181539837;;;;07/28/2031 00:00:00;1;13794263;03/09/2026 12:04:22;Gaston Alejandro;Kiriczuk;24390877;03/09/2026 09:20:51;7767;Leandro;Cantero;Gaston Alejandro Kiriczuk;Leandro Cantero
14150832;03/09/2026 12:04:24;3;2;TR 0000  122158;01;CARPINTERIA;2090863;DEP_108;EXIBICION MONTES DE OCA;.;951552;"20-183         ";"MONOCOMANDO DE COCINA MAT                                             ";1;1;1;23110887;030926120422789;181541483;;;;11/02/2031 00:00:00;1;13794263;03/09/2026 12:04:22;Gaston Alejandro;Kiriczuk;24390877;03/09/2026 09:20:51;7767;Leandro;Cantero;Gaston Alejandro Kiriczuk;Leandro Cantero
14150832;03/09/2026 12:04:24;3;2;TR 0000  122158;01;CARPINTERIA;2090863;DEP_108;EXIBICION MONTES DE OCA;.;951532;"20-147         ";20-147 - MONOCOMANDO DE COCINA SWIFT;1;1;1;23110887;030926120422789;181540167;;;;07/29/2031 00:00:00;1;13794263;03/09/2026 12:04:22;Gaston Alejandro;Kiriczuk;24390877;03/09/2026 09:20:51;7767;Leandro;Cantero;Gaston Alejandro Kiriczuk;Leandro Cantero
14150832;03/09/2026 12:04:24;3;2;TR 0000  122158;01;CARPINTERIA;2090863;DEP_108;EXIBICION MONTES DE OCA;.;951512;"20-122         ";"MONOCOMANDO COCINA CR C/PICO EXTRAIBLE VALENCIA                       ";1;1;1;23110887;030926120422789;181540045;;;;08/06/2031 00:00:00;1;13794263;03/09/2026 12:04:22;Gaston Alejandro;Kiriczuk;24390877;03/09/2026 09:20:51;7767;Leandro;Cantero;Gaston Alejandro Kiriczuk;Leandro Cantero
14150833;03/09/2026 12:18:15;3;2;TR 0000  122189;01;CARPINTERIA;2090863;DEP_108;EXIBICION MONTES DE OCA;.;957097;"PDU102N        ";"PISO DUCHA RESINA POLIESTER NEGRO 1200x700x25                         ";1;1;1;23110884;030926031815581;181584383;;;;08/13/2031 00:00:00;1;13798089;03/09/2026 12:18:15;Mirko;Hernandez;24390860;03/09/2026 11:18:12;7636;Kevin;Arce;Mirko Hernandez;Kevin Arce
14150833;03/09/2026 12:18:15;3;2;TR 0000  122189;01;CARPINTERIA;2090863;DEP_108;EXIBICION MONTES DE OCA;.;954913;"BCH11N         ";BCH11N - BACHA DE APOYAR REDONDA NEGRO MATE 400x400x125;1;1;1;23110884;030926031815581;181540640;;;;07/29/2031 00:00:00;1;13798089;03/09/2026 12:18:15;Mirko;Hernandez;24390860;03/09/2026 11:18:12;7636;Kevin;Arce;Mirko Hernandez;Kevin Arce
14150833;03/09/2026 12:18:15;3;2;TR 0000  122189;01;CARPINTERIA;2090863;DEP_108;EXIBICION MONTES DE OCA;.;953351;"85-183         ";"DUCHA EMB C/TRANSF Y DUCHADOR MONOC MAT                               ";1;1;1;23110884;030926031815581;181571594;;;;01/12/2032 00:00:00;1;13798089;03/09/2026 12:18:15;Mirko;Hernandez;24390860;03/09/2026 11:18:12;7636;Kevin;Arce;Mirko Hernandez;Kevin Arce
14150833;03/09/2026 12:18:15;3;2;TR 0000  122189;01;CARPINTERIA;2090863;DEP_108;EXIBICION MONTES DE OCA;.;953331;"84-190         ";84-190 - DUCHA EXTERIOR CON COLUMNA BLACK VELVET;1;1;1;23110884;030926031815581;181546969;;;;10/06/2031 00:00:00;1;13798089;03/09/2026 12:18:15;Mirko;Hernandez;24390860;03/09/2026 11:18:12;7636;Kevin;Arce;Mirko Hernandez;Kevin Arce
14150833;03/09/2026 12:18:15;3;2;TR 0000  122189;01;CARPINTERIA;2090863;DEP_108;EXIBICION MONTES DE OCA;.;953161;"80-205         ";80-205 - DUCHA EMB. C/TRANSF. MONOC STEEL;2;2;2;23110884;030926031815581;181563044;;;;08/11/2031 00:00:00;2;13798089;03/09/2026 12:18:15;Mirko;Hernandez;24390860;03/09/2026 11:18:12;7636;Kevin;Arce;Mirko Hernandez;Kevin Arce
14150833;03/09/2026 12:18:15;3;2;TR 0000  122189;01;CARPINTERIA;2090863;DEP_108;EXIBICION MONTES DE OCA;.;953157;"80-203         ";80-203 - DUCHA EMB C/TRANSF. MONOCOMANDO ADRA;2;2;2;23110884;030926031815581;181565214;;;;07/27/2031 00:00:00;2;13798089;03/09/2026 12:18:15;Mirko;Hernandez;24390860;03/09/2026 11:18:12;7636;Kevin;Arce;Mirko Hernandez;Kevin Arce
14150833;03/09/2026 12:18:15;3;2;TR 0000  122189;01;CARPINTERIA;2090863;DEP_108;EXIBICION MONTES DE OCA;.;953154;"80-200N        ";80-200N - DUCHA EMB. MONOC. 3 FUNCIONES BLACK FABRIC;2;2;2;23110884;030926031815581;181573307;;;;01/04/2032 00:00:00;2;13798089;03/09/2026 12:18:15;Mirko;Hernandez;24390860;03/09/2026 11:18:12;7636;Kevin;Arce;Mirko Hernandez;Kevin Arce
14150833;03/09/2026 12:18:15;3;2;TR 0000  122189;01;CARPINTERIA;2090863;DEP_108;EXIBICION MONTES DE OCA;.;953138;"80-192         ";80-192 - DUCHA EMB. C/TRANSF. SORIA BLACK;1;1;1;23110884;030926031815581;181555067;;;;07/28/2031 00:00:00;1;13798089;03/09/2026 12:18:15;Mirko;Hernandez;24390860;03/09/2026 11:18:12;7636;Kevin;Arce;Mirko Hernandez;Kevin Arce
14150833;03/09/2026 12:18:15;3;2;TR 0000  122189;01;CARPINTERIA;2090863;DEP_108;EXIBICION MONTES DE OCA;.;953131;"80-183         ";"DUCHA EMB C/TRANSF MONOCOMANDO MAT                                    ";1;1;1;23110884;030926031815581;181571857;;;;11/02/2031 00:00:00;1;13798089;03/09/2026 12:18:15;Mirko;Hernandez;24390860;03/09/2026 11:18:12;7636;Kevin;Arce;Mirko Hernandez;Kevin Arce
14150833;03/09/2026 12:18:15;3;2;TR 0000  122189;01;CARPINTERIA;2090863;DEP_108;EXIBICION MONTES DE OCA;.;953125;"80-180         ";80-180 - DUCHA EMB. C/TRANSF. MONOCOMANDO VERA;2;2;2;23110884;030926031815581;181578252;;;;11/23/2031 00:00:00;2;13798089;03/09/2026 12:18:15;Mirko;Hernandez;24390860;03/09/2026 11:18:12;7636;Kevin;Arce;Mirko Hernandez;Kevin Arce
14150833;03/09/2026 12:18:15;3;2;TR 0000  122189;01;CARPINTERIA;2090863;DEP_108;EXIBICION MONTES DE OCA;.;953122;"80-176         ";80-176 - DUCHA EMB C/TRANSF MONOC CR RIO;1;1;1;23110884;030926031815581;181558439;;;;07/29/2031 00:00:00;1;13798089;03/09/2026 12:18:15;Mirko;Hernandez;24390860;03/09/2026 11:18:12;7636;Kevin;Arce;Mirko Hernandez;Kevin Arce
14150833;03/09/2026 12:18:15;3;2;TR 0000  122189;01;CARPINTERIA;2090863;DEP_108;EXIBICION MONTES DE OCA;.;953113;"80-168N        ";80-168N - DUCHA EMB C/TRANSF MONOC BLACK WAVE;1;1;1;23110884;030926031815581;181579652;;;;01/22/2032 00:00:00;1;13798089;03/09/2026 12:18:15;Mirko;Hernandez;24390860;03/09/2026 11:18:12;7636;Kevin;Arce;Mirko Hernandez;Kevin Arce
14150833;03/09/2026 12:18:15;3;2;TR 0000  122189;01;CARPINTERIA;2090863;DEP_108;EXIBICION MONTES DE OCA;.;953112;"80-168         ";80-168 - DUCHA EMB C/TRANSF MONOC CR WAVE;1;1;1;23110884;030926031815581;181574732;;;;02/04/2032 00:00:00;1;13798089;03/09/2026 12:18:15;Mirko;Hernandez;24390860;03/09/2026 11:18:12;7636;Kevin;Arce;Mirko Hernandez;Kevin Arce
14150833;03/09/2026 12:18:15;3;2;TR 0000  122189;01;CARPINTERIA;2090863;DEP_108;EXIBICION MONTES DE OCA;.;953102;"80-152         ";80-152 - DUCHA EMB. CR C/TRANSF. MONOCOMANDO SORIA;1;1;1;23110884;030926031815581;181556649;;;;10/26/2031 00:00:00;1;13798089;03/09/2026 12:18:15;Mirko;Hernandez;24390860;03/09/2026 11:18:12;7636;Kevin;Arce;Mirko Hernandez;Kevin Arce
14150833;03/09/2026 12:18:15;3;2;TR 0000  122189;01;CARPINTERIA;2090863;DEP_108;EXIBICION MONTES DE OCA;.;952728;"61-205         ";61-205 - LAVATORIO MONOC ALTO STEEL;2;2;2;23110884;030926031815581;181544741;;;;07/28/2031 00:00:00;2;13798089;03/09/2026 12:18:15;Mirko;Hernandez;24390860;03/09/2026 11:18:12;7636;Kevin;Arce;Mirko Hernandez;Kevin Arce
14150833;03/09/2026 12:18:15;3;2;TR 0000  122189;01;CARPINTERIA;2090863;DEP_108;EXIBICION MONTES DE OCA;.;952726;"61-203         ";61-203 - LAVATORIO MONOCOMANDO ALTO ADRA;2;2;2;23110884;030926031815581;181576415;;;;01/11/2032 00:00:00;2;13798089;03/09/2026 12:18:15;Mirko;Hernandez;24390860;03/09/2026 11:18:12;7636;Kevin;Arce;Mirko Hernandez;Kevin Arce
14150833;03/09/2026 12:18:15;3;2;TR 0000  122189;01;CARPINTERIA;2090863;DEP_108;EXIBICION MONTES DE OCA;.;952725;"61-200N        ";61-200N - LAVATORIO MONOC ALTO FABRIC BLACK;2;2;2;23110884;030926031815581;181543667;;;;07/28/2031 00:00:00;2;13798089;03/09/2026 12:18:15;Mirko;Hernandez;24390860;03/09/2026 11:18:12;7636;Kevin;Arce;Mirko Hernandez;Kevin Arce
14150833;03/09/2026 12:18:15;3;2;TR 0000  122189;01;CARPINTERIA;2090863;DEP_108;EXIBICION MONTES DE OCA;.;952720;"61-192         ";61-192 - LAVATORIO ALTO SORIA BLACK;1;1;1;23110884;030926031815581;181555859;;;;07/27/2031 00:00:00;1;13798089;03/09/2026 12:18:15;Mirko;Hernandez;24390860;03/09/2026 11:18:12;7636;Kevin;Arce;Mirko Hernandez;Kevin Arce
14150833;03/09/2026 12:18:15;3;2;TR 0000  122189;01;CARPINTERIA;2090863;DEP_108;EXIBICION MONTES DE OCA;.;952719;"61-183         ";"LAVATORIO MONOCOMANDO ALTO MAT                                        ";2;2;2;23110884;030926031815581;181568306;;;;11/02/2031 00:00:00;2;13798089;03/09/2026 12:18:15;Mirko;Hernandez;24390860;03/09/2026 11:18:12;7636;Kevin;Arce;Mirko Hernandez;Kevin Arce
14150833;03/09/2026 12:18:15;3;2;TR 0000  122189;01;CARPINTERIA;2090863;DEP_108;EXIBICION MONTES DE OCA;.;952714;"61-180         ";61-180 - LAVATORIO MONOCOMANDO ALTO VERA;2;2;2;23110884;030926031815581;181555543;;;;07/28/2031 00:00:00;2;13798089;03/09/2026 12:18:15;Mirko;Hernandez;24390860;03/09/2026 11:18:12;7636;Kevin;Arce;Mirko Hernandez;Kevin Arce
14150833;03/09/2026 12:18:15;3;2;TR 0000  122189;01;CARPINTERIA;2090863;DEP_108;EXIBICION MONTES DE OCA;.;952712;"61-176         ";61-176 - LAVATORIO MONOC ALTO CR RIO;1;1;1;23110884;030926031815581;181559640;;;;10/09/2031 00:00:00;1;13798089;03/09/2026 12:18:15;Mirko;Hernandez;24390860;03/09/2026 11:18:12;7636;Kevin;Arce;Mirko Hernandez;Kevin Arce
14150833;03/09/2026 12:18:15;3;2;TR 0000  122189;01;CARPINTERIA;2090863;DEP_108;EXIBICION MONTES DE OCA;.;952709;"61-168N        ";61-168N - LAVATORIO MONOC ALTO BLACK WAVE;2;2;2;23110884;030926031815581;181543424;;;;07/28/2031 00:00:00;2;13798089;03/09/2026 12:18:15;Mirko;Hernandez;24390860;03/09/2026 11:18:12;7636;Kevin;Arce;Mirko Hernandez;Kevin Arce
14150833;03/09/2026 12:18:15;3;2;TR 0000  122189;01;CARPINTERIA;2090863;DEP_108;EXIBICION MONTES DE OCA;.;952708;"61-168         ";61-168 - LAVATORIO MONOC ALTO CR WAVE;1;1;1;23110884;030926031815581;181547113;;;;07/27/2031 00:00:00;1;13798089;03/09/2026 12:18:15;Mirko;Hernandez;24390860;03/09/2026 11:18:12;7636;Kevin;Arce;Mirko Hernandez;Kevin Arce
14150833;03/09/2026 12:18:15;3;2;TR 0000  122189;01;CARPINTERIA;2090863;DEP_108;EXIBICION MONTES DE OCA;.;952707;"61-152         ";61-152 - LAVATORIO MONOCOMANDO CROMO ALTO SORIA;1;1;1;23110884;030926031815581;181557470;;;;07/27/2031 00:00:00;1;13798089;03/09/2026 12:18:15;Mirko;Hernandez;24390860;03/09/2026 11:18:12;7636;Kevin;Arce;Mirko Hernandez;Kevin Arce
14150833;03/09/2026 12:18:15;3;2;TR 0000  122189;01;CARPINTERIA;2090863;DEP_108;EXIBICION MONTES DE OCA;.;952679;"60-205         ";60-205 - LAVATORIO MONOC BAJO STEEL;2;2;2;23110884;030926031815581;181544961;;;;07/27/2031 00:00:00;2;13798089;03/09/2026 12:18:15;Mirko;Hernandez;24390860;03/09/2026 11:18:12;7636;Kevin;Arce;Mirko Hernandez;Kevin Arce
14150833;03/09/2026 12:18:15;3;2;TR 0000  122189;01;CARPINTERIA;2090863;DEP_108;EXIBICION MONTES DE OCA;.;952677;"60-203         ";60-203 - LAVATORIO MONOCOMANDO BAJO ADRA;2;2;2;23110884;030926031815581;181576704;;;;02/10/2032 00:00:00;2;13798089;03/09/2026 12:18:15;Mirko;Hernandez;24390860;03/09/2026 11:18:12;7636;Kevin;Arce;Mirko Hernandez;Kevin Arce
14150833;03/09/2026 12:18:15;3;2;TR 0000  122189;01;CARPINTERIA;2090863;DEP_108;EXIBICION MONTES DE OCA;.;952674;"60-200N        ";60-200N - LAVATORIO MONOC BAJO BLACK FABRIC;2;2;2;23110884;030926031815581;181543847;;;;07/28/2031 00:00:00;2;13798089;03/09/2026 12:18:15;Mirko;Hernandez;24390860;03/09/2026 11:18:12;7636;Kevin;Arce;Mirko Hernandez;Kevin Arce
14150833;03/09/2026 12:18:15;3;2;TR 0000  122189;01;CARPINTERIA;2090863;DEP_108;EXIBICION MONTES DE OCA;.;952660;"60-192         ";60-192 - LAVATORIO BAJO SORIA BLACK;1;1;1;23110884;030926031815581;181556289;;;;07/27/2031 00:00:00;1;13798089;03/09/2026 12:18:15;Mirko;Hernandez;24390860;03/09/2026 11:18:12;7636;Kevin;Arce;Mirko Hernandez;Kevin Arce
14150833;03/09/2026 12:18:15;3;2;TR 0000  122189;01;CARPINTERIA;2090863;DEP_108;EXIBICION MONTES DE OCA;.;952655;"60-183         ";"LAVATORIO MONOCOMANDO BAJO MAT                                        ";2;2;2;23110884;030926031815581;181569649;;;;11/02/2031 00:00:00;2;13798089;03/09/2026 12:18:15;Mirko;Hernandez;24390860;03/09/2026 11:18:12;7636;Kevin;Arce;Mirko Hernandez;Kevin Arce
14150833;03/09/2026 12:18:15;3;2;TR 0000  122189;01;CARPINTERIA;2090863;DEP_108;EXIBICION MONTES DE OCA;.;952650;"60-180         ";60-180 - LAVATORIO MONOCOMANDO BAJO VERA;2;2;2;23110884;030926031815581;181555694;;;;07/28/2031 00:00:00;2;13798089;03/09/2026 12:18:15;Mirko;Hernandez;24390860;03/09/2026 11:18:12;7636;Kevin;Arce;Mirko Hernandez;Kevin Arce
14150833;03/09/2026 12:18:15;3;2;TR 0000  122189;01;CARPINTERIA;2090863;DEP_108;EXIBICION MONTES DE OCA;.;952647;"60-176         ";"LAVATORIO MONOCOMANDO BAJO CR RIO                                     ";1;1;1;23110884;030926031815581;181558758;;;;10/11/2031 00:00:00;1;13798089;03/09/2026 12:18:15;Mirko;Hernandez;24390860;03/09/2026 11:18:12;7636;Kevin;Arce;Mirko Hernandez;Kevin Arce
14150833;03/09/2026 12:18:15;3;2;TR 0000  122189;01;CARPINTERIA;2090863;DEP_108;EXIBICION MONTES DE OCA;.;952637;"60-168         ";60-168 - LAVATORIO MONOC BAJO CR WAVE;1;1;1;23110884;030926031815581;181545604;;;;07/27/2031 00:00:00;1;13798089;03/09/2026 12:18:15;Mirko;Hernandez;24390860;03/09/2026 11:18:12;7636;Kevin;Arce;Mirko Hernandez;Kevin Arce
14150833;03/09/2026 12:18:15;3;2;TR 0000  122189;01;CARPINTERIA;2090863;DEP_108;EXIBICION MONTES DE OCA;.;952630;"60-152         ";60-152 - LAVATORIO CR MONOCOMANDO BAJO SORIA;1;1;1;23110884;030926031815581;181557699;;;;07/27/2031 00:00:00;1;13798089;03/09/2026 12:18:15;Mirko;Hernandez;24390860;03/09/2026 11:18:12;7636;Kevin;Arce;Mirko Hernandez;Kevin Arce
14150833;03/09/2026 12:18:15;3;2;TR 0000  122189;01;CARPINTERIA;2090863;DEP_108;EXIBICION MONTES DE OCA;.;952499;"54-203         ";"COCINA PARED EXT C.CERAM ADRA MONOCOMANDO                             ";1;1;1;23110884;030926031815581;181578592;;;;11/23/2031 00:00:00;1;13798089;03/09/2026 12:18:15;Mirko;Hernandez;24390860;03/09/2026 11:18:12;7636;Kevin;Arce;Mirko Hernandez;Kevin Arce
14150833;03/09/2026 12:18:15;3;2;TR 0000  122189;01;CARPINTERIA;2090863;DEP_108;EXIBICION MONTES DE OCA;.;952467;"52-121         ";52-121 - GRIFERIA REBATIBLE P/LLENADO DE OLLAS MARBELLA;2;2;2;23110884;030926031815581;181545729;;;;07/29/2031 00:00:00;2;13798089;03/09/2026 12:18:15;Mirko;Hernandez;24390860;03/09/2026 11:18:12;7636;Kevin;Arce;Mirko Hernandez;Kevin Arce
14150833;03/09/2026 12:18:15;3;2;TR 0000  122189;01;CARPINTERIA;2090863;DEP_108;EXIBICION MONTES DE OCA;.;951833;"30-132         ";30-132 - COCINA MESADA MONOC. C/DUCHADOR EXTENSIBLE VIGO;1;1;1;23110884;030926031815581;181545178;;;;07/28/2031 00:00:00;1;13798089;03/09/2026 12:18:15;Mirko;Hernandez;24390860;03/09/2026 11:18:12;7636;Kevin;Arce;Mirko Hernandez;Kevin Arce
14150833;03/09/2026 12:18:15;3;2;TR 0000  122189;01;CARPINTERIA;2090863;DEP_108;EXIBICION MONTES DE OCA;.;951760;"3006SS         ";3006SS - SET DE 6 PIEZAS LINEA 3000 SS;2;2;2;23110884;030926031815581;181546435;;;;07/29/2031 00:00:00;2;13798089;03/09/2026 12:18:15;Mirko;Hernandez;24390860;03/09/2026 11:18:12;7636;Kevin;Arce;Mirko Hernandez;Kevin Arce
14150833;03/09/2026 12:18:15;3;2;TR 0000  122189;01;CARPINTERIA;2090863;DEP_108;EXIBICION MONTES DE OCA;.;951653;"22-178         ";22-178 - MONOCOMANDO DE COCINA P/AGUA FILTRADA VITA;1;1;1;23110884;030926031815581;181574948;;;;12/23/2031 00:00:00;1;13798089;03/09/2026 12:18:15;Mirko;Hernandez;24390860;03/09/2026 11:18:12;7636;Kevin;Arce;Mirko Hernandez;Kevin Arce
14150833;03/09/2026 12:18:15;3;2;TR 0000  122189;01;CARPINTERIA;2090863;DEP_108;EXIBICION MONTES DE OCA;.;951652;"22006N         ";"SET DE 6 PIEZAS LINEA 22000 BLACK                                     ";2;2;2;23110884;030926031815581;181569090;;;;09/01/2031 00:00:00;2;13798089;03/09/2026 12:18:15;Mirko;Hernandez;24390860;03/09/2026 11:18:12;7636;Kevin;Arce;Mirko Hernandez;Kevin Arce
14150833;03/09/2026 12:18:15;3;2;TR 0000  122189;01;CARPINTERIA;2090863;DEP_108;EXIBICION MONTES DE OCA;.;951614;"21200          ";21200 - ESQUINERO ORGANIZADOR 19x19x7;1;1;1;23110884;030926031815581;181546587;;;;07/27/2031 00:00:00;1;13798089;03/09/2026 12:18:15;Mirko;Hernandez;24390860;03/09/2026 11:18:12;7636;Kevin;Arce;Mirko Hernandez;Kevin Arce
14150833;03/09/2026 12:18:15;3;2;TR 0000  122189;01;CARPINTERIA;2090863;DEP_108;EXIBICION MONTES DE OCA;.;951611;"21-160         ";"MONOCOMANDO DUO COCINA CROMO DIQUE                                    ";1;1;1;23110884;030926031815581;181542193;;;;12/14/2031 00:00:00;1;13798089;03/09/2026 12:18:15;Mirko;Hernandez;24390860;03/09/2026 11:18:12;7636;Kevin;Arce;Mirko Hernandez;Kevin Arce
14150833;03/09/2026 12:18:15;3;2;TR 0000  122189;01;CARPINTERIA;2090863;DEP_108;EXIBICION MONTES DE OCA;.;951607;"21100N         ";21100N - ESTANTE ORGANIZADOR RECTANGULAR BLACK 25x12x7;1;1;1;23110884;030926031815581;181559951;;;;07/27/2031 00:00:00;1;13798089;03/09/2026 12:18:15;Mirko;Hernandez;24390860;03/09/2026 11:18:12;7636;Kevin;Arce;Mirko Hernandez;Kevin Arce
14150833;03/09/2026 12:18:15;3;2;TR 0000  122189;01;CARPINTERIA;2090863;DEP_108;EXIBICION MONTES DE OCA;.;951565;"20-205         ";20-205 - MONOCOMANDO DE COCINA STEEL;1;1;1;23110884;030926031815581;181561904;;;;07/28/2031 00:00:00;1;13798089;03/09/2026 12:18:15;Mirko;Hernandez;24390860;03/09/2026 11:18:12;7636;Kevin;Arce;Mirko Hernandez;Kevin Arce
14150833;03/09/2026 12:18:15;3;2;TR 0000  122189;01;CARPINTERIA;2090863;DEP_108;EXIBICION MONTES DE OCA;.;951563;"20-202NI       ";20-202NI - MONOCOMANDO COCINA NICKEL HOOP;2;2;2;23110884;030926031815581;181546223;;;;07/29/2031 00:00:00;2;13798089;03/09/2026 12:18:15;Mirko;Hernandez;24390860;03/09/2026 11:18:12;7636;Kevin;Arce;Mirko Hernandez;Kevin Arce
14150833;03/09/2026 12:18:15;3;2;TR 0000  122189;01;CARPINTERIA;2090863;DEP_108;EXIBICION MONTES DE OCA;.;951561;"20-201NI       ";20-201NI - COCINA MONOCOMANDO JOYSTICK BEAT NICKEL;2;2;2;23110884;030926031815581;181546896;;;;07/28/2031 00:00:00;2;13798089;03/09/2026 12:18:15;Mirko;Hernandez;24390860;03/09/2026 11:18:12;7636;Kevin;Arce;Mirko Hernandez;Kevin Arce
14150833;03/09/2026 12:18:15;3;2;TR 0000  122189;01;CARPINTERIA;2090863;DEP_108;EXIBICION MONTES DE OCA;.;951553;"20-184         ";"MONOCOMANDO DE COCINA CR SUV                                          ";1;1;1;23110884;030926031815581;181543991;;;;10/04/2031 00:00:00;1;13798089;03/09/2026 12:18:15;Mirko;Hernandez;24390860;03/09/2026 11:18:12;7636;Kevin;Arce;Mirko Hernandez;Kevin Arce
14150833;03/09/2026 12:18:15;3;2;TR 0000  122189;01;CARPINTERIA;2090863;DEP_108;EXIBICION MONTES DE OCA;.;951552;"20-183         ";"MONOCOMANDO DE COCINA MAT                                             ";2;2;2;23110884;030926031815581;181570843;;;;11/02/2031 00:00:00;2;13798089;03/09/2026 12:18:15;Mirko;Hernandez;24390860;03/09/2026 11:18:12;7636;Kevin;Arce;Mirko Hernandez;Kevin Arce
14150833;03/09/2026 12:18:15;3;2;TR 0000  122189;01;CARPINTERIA;2090863;DEP_108;EXIBICION MONTES DE OCA;.;951550;"20-182         ";20-182 - MONOCOMANDO DE COCINA MULTIFUNCION CR ZENITH;2;2;2;23110884;030926031815581;181564560;;;;07/30/2031 00:00:00;2;13798089;03/09/2026 12:18:15;Mirko;Hernandez;24390860;03/09/2026 11:18:12;7636;Kevin;Arce;Mirko Hernandez;Kevin Arce
14150833;03/09/2026 12:18:15;3;2;TR 0000  122189;01;CARPINTERIA;2090863;DEP_108;EXIBICION MONTES DE OCA;.;951547;"20-174         ";20-174 - COCINA MESADA MONOC. COLORS BLACK;2;2;2;23110884;030926031815581;181547314;;;;07/28/2031 00:00:00;2;13798089;03/09/2026 12:18:15;Mirko;Hernandez;24390860;03/09/2026 11:18:12;7636;Kevin;Arce;Mirko Hernandez;Kevin Arce
14150833;03/09/2026 12:18:15;3;2;TR 0000  122189;01;CARPINTERIA;2090863;DEP_108;EXIBICION MONTES DE OCA;.;951539;"20-168         ";20-168 - MONOCOMANDO COCINA CR WAVE;2;2;2;23110884;030926031815581;181545920;;;;07/27/2031 00:00:00;2;13798089;03/09/2026 12:18:15;Mirko;Hernandez;24390860;03/09/2026 11:18:12;7636;Kevin;Arce;Mirko Hernandez;Kevin Arce
14150833;03/09/2026 12:18:15;3;2;TR 0000  122189;01;CARPINTERIA;2090863;DEP_108;EXIBICION MONTES DE OCA;.;951537;"20-162N        ";"MONOCOMANDO COCINA BLACK ADRA                                         ";1;1;1;23110884;030926031815581;181562291;;;;07/28/2031 00:00:00;1;13798089;03/09/2026 12:18:15;Mirko;Hernandez;24390860;03/09/2026 11:18:12;7636;Kevin;Arce;Mirko Hernandez;Kevin Arce
14150833;03/09/2026 12:18:15;3;2;TR 0000  122189;01;CARPINTERIA;2090863;DEP_108;EXIBICION MONTES DE OCA;.;951536;"20-162         ";20-162 - MONOCOMANDO COCINA ADRA;1;1;1;23110884;030926031815581;181572198;;;;07/28/2031 00:00:00;1;13798089;03/09/2026 12:18:15;Mirko;Hernandez;24390860;03/09/2026 11:18:12;7636;Kevin;Arce;Mirko Hernandez;Kevin Arce
14150833;03/09/2026 12:18:15;3;2;TR 0000  122189;01;CARPINTERIA;2090863;DEP_108;EXIBICION MONTES DE OCA;.;951533;"20-150         ";20-150 - MONOCOMANDO MESADA COCINA TOLEDO;1;1;1;23110884;030926031815581;181553811;;;;07/27/2031 00:00:00;1;13798089;03/09/2026 12:18:15;Mirko;Hernandez;24390860;03/09/2026 11:18:12;7636;Kevin;Arce;Mirko Hernandez;Kevin Arce
14150833;03/09/2026 12:18:15;3;2;TR 0000  122189;01;CARPINTERIA;2090863;DEP_108;EXIBICION MONTES DE OCA;.;951532;"20-147         ";20-147 - MONOCOMANDO DE COCINA SWIFT;1;1;1;23110884;030926031815581;181561406;;;;07/29/2031 00:00:00;1;13798089;03/09/2026 12:18:15;Mirko;Hernandez;24390860;03/09/2026 11:18:12;7636;Kevin;Arce;Mirko Hernandez;Kevin Arce
14150833;03/09/2026 12:18:15;3;2;TR 0000  122189;01;CARPINTERIA;2090863;DEP_108;EXIBICION MONTES DE OCA;.;951529;"20-140N        ";20-140N - MONOCOMANDO DE COCINA LINEA CUINA BLACK;1;1;1;23110884;030926031815581;181542523;;;;07/29/2031 00:00:00;1;13798089;03/09/2026 12:18:15;Mirko;Hernandez;24390860;03/09/2026 11:18:12;7636;Kevin;Arce;Mirko Hernandez;Kevin Arce
14150833;03/09/2026 12:18:15;3;2;TR 0000  122189;01;CARPINTERIA;2090863;DEP_108;EXIBICION MONTES DE OCA;.;951528;"20-140         ";20-140 - MONOCOMANDO DE COCINA LINEA CUINA;1;1;1;23110884;030926031815581;181543068;;;;10/07/2031 00:00:00;1;13798089;03/09/2026 12:18:15;Mirko;Hernandez;24390860;03/09/2026 11:18:12;7636;Kevin;Arce;Mirko Hernandez;Kevin Arce
14150833;03/09/2026 12:18:15;3;2;TR 0000  122189;01;CARPINTERIA;2090863;DEP_108;EXIBICION MONTES DE OCA;.;951513;"20-122N        ";20-122N - MONOCOMANDO COCINA C/PICO EXTRAIBLE VALENCIA BLACK;1;1;1;23110884;030926031815581;181573697;;;;08/06/2031 00:00:00;1;13798089;03/09/2026 12:18:15;Mirko;Hernandez;24390860;03/09/2026 11:18:12;7636;Kevin;Arce;Mirko Hernandez;Kevin Arce
14150833;03/09/2026 12:18:15;3;2;TR 0000  122189;01;CARPINTERIA;2090863;DEP_108;EXIBICION MONTES DE OCA;.;951512;"20-122         ";"MONOCOMANDO COCINA CR C/PICO EXTRAIBLE VALENCIA                       ";1;1;1;23110884;030926031815581;181561696;;;;08/06/2031 00:00:00;1;13798089;03/09/2026 12:18:15;Mirko;Hernandez;24390860;03/09/2026 11:18:12;7636;Kevin;Arce;Mirko Hernandez;Kevin Arce
14150833;03/09/2026 12:18:15;3;2;TR 0000  122189;01;CARPINTERIA;2090863;DEP_108;EXIBICION MONTES DE OCA;.;951485;"20-100G        ";20-100G - MONOCOMANDO DE COCINA FABRIC GOLD;2;2;2;23110884;030926031815581;181553566;;;;07/27/2031 00:00:00;2;13798089;03/09/2026 12:18:15;Mirko;Hernandez;24390860;03/09/2026 11:18:12;7636;Kevin;Arce;Mirko Hernandez;Kevin Arce
14150833;03/09/2026 12:18:15;3;2;TR 0000  122189;01;CARPINTERIA;2090863;DEP_108;EXIBICION MONTES DE OCA;.;951451;"20060DG        ";20060DG - PORTA VASO Y CEPILLO DARK GOLD LINEA PULSE;1;1;1;23110884;030926031815581;181579391;;;;07/29/2031 00:00:00;1;13798089;03/09/2026 12:18:15;Mirko;Hernandez;24390860;03/09/2026 11:18:12;7636;Kevin;Arce;Mirko Hernandez;Kevin Arce
14150833;03/09/2026 12:18:15;3;2;TR 0000  122189;01;CARPINTERIA;2090863;DEP_108;EXIBICION MONTES DE OCA;.;951437;"20050DG        ";20050DG - JABONERA DARK GOLD LINEA PULSE;1;1;1;23110884;030926031815581;181541405;;;;07/31/2031 00:00:00;1;13798089;03/09/2026 12:18:15;Mirko;Hernandez;24390860;03/09/2026 11:18:12;7636;Kevin;Arce;Mirko Hernandez;Kevin Arce
14150833;03/09/2026 12:18:15;3;2;TR 0000  122189;01;CARPINTERIA;2090863;DEP_108;EXIBICION MONTES DE OCA;.;951424;"20040DG        ";20040DG - PORTA ROLLO DARK GOLD LINEA PULSE;1;1;1;23110884;030926031815581;181541346;;;;07/29/2031 00:00:00;1;13798089;03/09/2026 12:18:15;Mirko;Hernandez;24390860;03/09/2026 11:18:12;7636;Kevin;Arce;Mirko Hernandez;Kevin Arce
14150833;03/09/2026 12:18:15;3;2;TR 0000  122189;01;CARPINTERIA;2090863;DEP_108;EXIBICION MONTES DE OCA;.;951410;"20030DG        ";20030DG - PERCHA DARK GOLD LINEA PULSE;1;1;1;23110884;030926031815581;181541763;;;;07/31/2031 00:00:00;1;13798089;03/09/2026 12:18:15;Mirko;Hernandez;24390860;03/09/2026 11:18:12;7636;Kevin;Arce;Mirko Hernandez;Kevin Arce
14150833;03/09/2026 12:18:15;3;2;TR 0000  122189;01;CARPINTERIA;2090863;DEP_108;EXIBICION MONTES DE OCA;.;951396;"20020DG        ";20020DG - TOALLERO DE ARO DARK GOLD LINEA PULSE;1;1;1;23110884;030926031815581;181541668;;;;07/27/2031 00:00:00;1;13798089;03/09/2026 12:18:15;Mirko;Hernandez;24390860;03/09/2026 11:18:12;7636;Kevin;Arce;Mirko Hernandez;Kevin Arce
14150833;03/09/2026 12:18:15;3;2;TR 0000  122189;01;CARPINTERIA;2090863;DEP_108;EXIBICION MONTES DE OCA;.;951382;"20010DG        ";20010DG - TOALLERO BARRAL DARK GOLD LINEA PULSE;1;1;1;23110884;030926031815581;181566895;;;;07/27/2031 00:00:00;1;13798089;03/09/2026 12:18:15;Mirko;Hernandez;24390860;03/09/2026 11:18:12;7636;Kevin;Arce;Mirko Hernandez;Kevin Arce
14150833;03/09/2026 12:18:15;3;2;TR 0000  122189;01;CARPINTERIA;2090863;DEP_108;EXIBICION MONTES DE OCA;.;951324;"19006          ";19006 - SET DE 6 PIEZAS LINEA 19000;1;1;1;23110884;030926031815581;181575688;;;;07/28/2031 00:00:00;1;13798089;03/09/2026 12:18:15;Mirko;Hernandez;24390860;03/09/2026 11:18:12;7636;Kevin;Arce;Mirko Hernandez;Kevin Arce
14150833;03/09/2026 12:18:15;3;2;TR 0000  122189;01;CARPINTERIA;2090863;DEP_108;EXIBICION MONTES DE OCA;.;951322;"18060          ";18060 - PORTA VASO Y CEPILLO NIQUEL LINEA BEAT;1;1;1;23110884;030926031815581;181557905;;;;07/27/2031 00:00:00;1;13798089;03/09/2026 12:18:15;Mirko;Hernandez;24390860;03/09/2026 11:18:12;7636;Kevin;Arce;Mirko Hernandez;Kevin Arce
14150833;03/09/2026 12:18:15;3;2;TR 0000  122189;01;CARPINTERIA;2090863;DEP_108;EXIBICION MONTES DE OCA;.;951320;"18050          ";18050 - JABONERA NIQUEL LINEA BEAT;1;1;1;23110884;030926031815581;181557871;;;;07/28/2031 00:00:00;1;13798089;03/09/2026 12:18:15;Mirko;Hernandez;24390860;03/09/2026 11:18:12;7636;Kevin;Arce;Mirko Hernandez;Kevin Arce
14150833;03/09/2026 12:18:15;3;2;TR 0000  122189;01;CARPINTERIA;2090863;DEP_108;EXIBICION MONTES DE OCA;.;951318;"18040          ";18040 - PORTA ROLLO NIQUEL LINEA BEAT;1;1;1;23110884;030926031815581;181557060;;;;07/28/2031 00:00:00;1;13798089;03/09/2026 12:18:15;Mirko;Hernandez;24390860;03/09/2026 11:18:12;7636;Kevin;Arce;Mirko Hernandez;Kevin Arce
14150833;03/09/2026 12:18:15;3;2;TR 0000  122189;01;CARPINTERIA;2090863;DEP_108;EXIBICION MONTES DE OCA;.;951314;"18020          ";18020 - TOALLERO DE ARO NIQUEL LINEA BEAT;1;1;1;23110884;030926031815581;181556101;;;;07/29/2031 00:00:00;1;13798089;03/09/2026 12:18:15;Mirko;Hernandez;24390860;03/09/2026 11:18:12;7636;Kevin;Arce;Mirko Hernandez;Kevin Arce
14150833;03/09/2026 12:18:15;3;2;TR 0000  122189;01;CARPINTERIA;2090863;DEP_108;EXIBICION MONTES DE OCA;.;951312;"18010          ";18010 - TOALLERO BARRAL NIQUEL LINEA BEAT;1;1;1;23110884;030926031815581;181556018;;;;07/29/2031 00:00:00;1;13798089;03/09/2026 12:18:15;Mirko;Hernandez;24390860;03/09/2026 11:18:12;7636;Kevin;Arce;Mirko Hernandez;Kevin Arce
14150833;03/09/2026 12:18:15;3;2;TR 0000  122189;01;CARPINTERIA;2090863;DEP_108;EXIBICION MONTES DE OCA;.;951310;"17060N         ";17060N - PORTA VASO Y CEPILLO  LINEA FABRIC BLACK;1;1;1;23110884;030926031815581;181578993;;;;07/29/2031 00:00:00;1;13798089;03/09/2026 12:18:15;Mirko;Hernandez;24390860;03/09/2026 11:18:12;7636;Kevin;Arce;Mirko Hernandez;Kevin Arce
14150833;03/09/2026 12:18:15;3;2;TR 0000  122189;01;CARPINTERIA;2090863;DEP_108;EXIBICION MONTES DE OCA;.;951309;"17060G         ";17060G - PORTA VASO Y CEPILLO  LINEA FABRIC GOLD;1;1;1;23110884;030926031815581;181543256;;;;07/31/2031 00:00:00;1;13798089;03/09/2026 12:18:15;Mirko;Hernandez;24390860;03/09/2026 11:18:12;7636;Kevin;Arce;Mirko Hernandez;Kevin Arce
14150833;03/09/2026 12:18:15;3;2;TR 0000  122189;01;CARPINTERIA;2090863;DEP_108;EXIBICION MONTES DE OCA;.;951307;"17050N         ";17050N - JABONERA  LINEA FABRIC BLACK;1;1;1;23110884;030926031815581;181579218;;;;07/30/2031 00:00:00;1;13798089;03/09/2026 12:18:15;Mirko;Hernandez;24390860;03/09/2026 11:18:12;7636;Kevin;Arce;Mirko Hernandez;Kevin Arce
14150833;03/09/2026 12:18:15;3;2;TR 0000  122189;01;CARPINTERIA;2090863;DEP_108;EXIBICION MONTES DE OCA;.;951306;"17050G         ";17050G - JABONERA  LINEA FABRIC GOLD;1;1;1;23110884;030926031815581;181541547;;;;07/29/2031 00:00:00;1;13798089;03/09/2026 12:18:15;Mirko;Hernandez;24390860;03/09/2026 11:18:12;7636;Kevin;Arce;Mirko Hernandez;Kevin Arce
14150833;03/09/2026 12:18:15;3;2;TR 0000  122189;01;CARPINTERIA;2090863;DEP_108;EXIBICION MONTES DE OCA;.;951304;"17040N         ";17040N - PORTA ROLLO LINEA FABRIC BLACK;1;1;1;23110884;030926031815581;181579039;;;;07/29/2031 00:00:00;1;13798089;03/09/2026 12:18:15;Mirko;Hernandez;24390860;03/09/2026 11:18:12;7636;Kevin;Arce;Mirko Hernandez;Kevin Arce
14150833;03/09/2026 12:18:15;3;2;TR 0000  122189;01;CARPINTERIA;2090863;DEP_108;EXIBICION MONTES DE OCA;.;951303;"17040G         ";17040G - PORTA ROLLO LINEA FABRIC GOLD;1;1;1;23110884;030926031815581;181571210;;;;07/28/2031 00:00:00;1;13798089;03/09/2026 12:18:15;Mirko;Hernandez;24390860;03/09/2026 11:18:12;7636;Kevin;Arce;Mirko Hernandez;Kevin Arce
14150833;03/09/2026 12:18:15;3;2;TR 0000  122189;01;CARPINTERIA;2090863;DEP_108;EXIBICION MONTES DE OCA;.;951301;"17030N         ";17030N - PERCHA LINEA FABRIC BLACK;1;1;1;23110884;030926031815581;181578855;;;;07/28/2031 00:00:00;1;13798089;03/09/2026 12:18:15;Mirko;Hernandez;24390860;03/09/2026 11:18:12;7636;Kevin;Arce;Mirko Hernandez;Kevin Arce
14150833;03/09/2026 12:18:15;3;2;TR 0000  122189;01;CARPINTERIA;2090863;DEP_108;EXIBICION MONTES DE OCA;.;951300;"17030G         ";17030G - PERCHA LINEA FABRIC GOLD;1;1;1;23110884;030926031815581;181577577;;;;07/29/2031 00:00:00;1;13798089;03/09/2026 12:18:15;Mirko;Hernandez;24390860;03/09/2026 11:18:12;7636;Kevin;Arce;Mirko Hernandez;Kevin Arce
14150833;03/09/2026 12:18:15;3;2;TR 0000  122189;01;CARPINTERIA;2090863;DEP_108;EXIBICION MONTES DE OCA;.;951298;"17020N         ";17020N - TOALLERO DE ARO LINEA FABRIC BLACK;1;1;1;23110884;030926031815581;181579179;;;;07/29/2031 00:00:00;1;13798089;03/09/2026 12:18:15;Mirko;Hernandez;24390860;03/09/2026 11:18:12;7636;Kevin;Arce;Mirko Hernandez;Kevin Arce
14150833;03/09/2026 12:18:15;3;2;TR 0000  122189;01;CARPINTERIA;2090863;DEP_108;EXIBICION MONTES DE OCA;.;951297;"17020G         ";17020G - TOALLERO DE ARO LINEA FABRIC GOLD;1;1;1;23110884;030926031815581;181565601;;;;07/29/2031 00:00:00;1;13798089;03/09/2026 12:18:15;Mirko;Hernandez;24390860;03/09/2026 11:18:12;7636;Kevin;Arce;Mirko Hernandez;Kevin Arce
14150833;03/09/2026 12:18:15;3;2;TR 0000  122189;01;CARPINTERIA;2090863;DEP_108;EXIBICION MONTES DE OCA;.;951294;"17010G         ";17010G - TOALLERO BARRAL LINEA FABRIC GOLD;1;1;1;23110884;030926031815581;181565727;;;;07/27/2031 00:00:00;1;13798089;03/09/2026 12:18:15;Mirko;Hernandez;24390860;03/09/2026 11:18:12;7636;Kevin;Arce;Mirko Hernandez;Kevin Arce
14150833;03/09/2026 12:18:15;3;2;TR 0000  122189;01;CARPINTERIA;2090863;DEP_108;EXIBICION MONTES DE OCA;.;951259;"16006BL        ";16006BL - SET 6 PIEZAS ACCESORIOS LINEA 16000 BLACK;1;1;1;23110884;030926031815581;181565375;;;;07/27/2031 00:00:00;1;13798089;03/09/2026 12:18:15;Mirko;Hernandez;24390860;03/09/2026 11:18:12;7636;Kevin;Arce;Mirko Hernandez;Kevin Arce
14150833;03/09/2026 12:18:15;3;2;TR 0000  122189;01;CARPINTERIA;2090863;DEP_108;EXIBICION MONTES DE OCA;.;951258;"16006          ";16006 - SET 6 PIEZAS ACCESORIOS LINEA 16000;1;1;1;23110884;030926031815581;181578509;;;;07/29/2031 00:00:00;1;13798089;03/09/2026 12:18:15;Mirko;Hernandez;24390860;03/09/2026 11:18:12;7636;Kevin;Arce;Mirko Hernandez;Kevin Arce
14150833;03/09/2026 12:18:15;3;2;TR 0000  122189;01;CARPINTERIA;2090863;DEP_108;EXIBICION MONTES DE OCA;.;951098;"11006          ";"SET DE 6 PIEZAS LINEA 11000                                           ";1;1;1;23110884;030926031815581;181574238;;;;07/29/2031 00:00:00;1;13798089;03/09/2026 12:18:15;Mirko;Hernandez;24390860;03/09/2026 11:18:12;7636;Kevin;Arce;Mirko Hernandez;Kevin Arce
14150833;03/09/2026 12:18:15;3;2;TR 0000  122189;01;CARPINTERIA;2090863;DEP_108;EXIBICION MONTES DE OCA;.;950974;"10005BL        ";"SET DE 5 PIEZAS LINEA 10000 BLACK                                     ";1;1;1;23110884;030926031815581;181575324;;;;07/28/2031 00:00:00;1;13798089;03/09/2026 12:18:15;Mirko;Hernandez;24390860;03/09/2026 11:18:12;7636;Kevin;Arce;Mirko Hernandez;Kevin Arce
14151448;03/09/2026 15:09:13;3;2;0001  214859-1;05;CAMIONETA MAR 2;2094319;"SA60    ";"SANTAGAL S.R.L.                                   ";AV. INDEPENDENCIA 2218;953334;"84-203         ";"DUCHA EXT C/COLUMNA Y TRANSF CR ADRA                                  ";4;4;4;23117302;030926150909744;181585090;;;;12/02/2031 00:00:00;4;13803740;03/09/2026 15:09:09;Maximiliano;Nievas;24396992;03/09/2026 11:16:24;6867;Javier;Lescano;Maximiliano Nievas;Javier Lescano
14151449;03/09/2026 13:46:48;3;2;0001  214358-5;05;CAMIONETA MAR 2;2094319;"SA60    ";"SANTAGAL S.R.L.                                   ";CHILE 2375;956413;"INO103-1       ";"INODORO BLANCO C/ASIENTO LINEA URBAN                                  ";10;10;10;23117295;030926044647656;181591393;;;;09/03/2031 00:00:00;5;13799790;03/09/2026 13:46:47;Mirko;Hernandez;24396990;03/09/2026 11:54:31;7767;Leandro;Cantero;Mirko Hernandez;Leandro Cantero
14151449;03/09/2026 13:46:48;3;2;0001  214358-5;05;CAMIONETA MAR 2;2094319;"SA60    ";"SANTAGAL S.R.L.                                   ";CHILE 2375;956416;"INO104-2       ";"DEPOSITO C/DESCARGA DUAL BLANCO LINEA STONE                           ";20;20;20;23123565;030926041821005;181600001;;;;10/18/2031 00:00:00;20;13799866;03/09/2026 13:18:21;Mirko;Hernandez;;;;;;Mirko Hernandez;
14151449;03/09/2026 13:46:48;3;2;0001  214358-5;05;CAMIONETA MAR 2;2094319;"SA60    ";"SANTAGAL S.R.L.                                   ";CHILE 2375;954944;"BID103-1       ";"BIDE 1 AGUJERO BLANCO LINEA URBAN                                     ";10;10;10;23124194;030926042957795;181594690;;;;07/30/2031 00:00:00;10;13800215;03/09/2026 13:29:57;Mirko;Hernandez;;;;;;Mirko Hernandez;
14151449;03/09/2026 13:46:48;3;2;0001  214358-5;05;CAMIONETA MAR 2;2094319;"SA60    ";"SANTAGAL S.R.L.                                   ";CHILE 2375;956414;"INO103-2       ";"DEPOSITO C/DESCARGA DUAL BLANCO LINEA URBAN                           ";10;10;10;23124194;030926042957795;181585898;;;;09/03/2031 00:00:00;10;13800215;03/09/2026 13:29:57;Mirko;Hernandez;;;;;;Mirko Hernandez;
14151449;03/09/2026 13:46:48;3;2;0001  214358-5;05;CAMIONETA MAR 2;2094319;"SA60    ";"SANTAGAL S.R.L.                                   ";CHILE 2375;956413;"INO103-1       ";"INODORO BLANCO C/ASIENTO LINEA URBAN                                  ";10;10;10;23124995;030926044357150;181638916;;;;09/03/2031 00:00:00;5;13800724;03/09/2026 13:43:57;Mirko;Hernandez;;;;;;Mirko Hernandez;
14151449;03/09/2026 13:46:48;3;2;0001  214358-5;05;CAMIONETA MAR 2;2094319;"SA60    ";"SANTAGAL S.R.L.                                   ";CHILE 2375;954946;"BID104-1       ";"BIDE 1 AGUJERO BLANCO LINEA STONE                                     ";1;1;1;23124995;030926044357150;181589433;;;;01/20/2032 00:00:00;1;13800724;03/09/2026 13:43:57;Mirko;Hernandez;;;;;;Mirko Hernandez;
14151449;03/09/2026 13:46:48;3;2;0001  214358-5;05;CAMIONETA MAR 2;2094319;"SA60    ";"SANTAGAL S.R.L.                                   ";CHILE 2375;954945;"BID103-3       ";"BIDE 3 AGUJEROS BLANCO LINEA URBAN                                    ";6;6;6;23124995;030926044357150;181588695;;;;07/30/2031 00:00:00;6;13800724;03/09/2026 13:43:57;Mirko;Hernandez;;;;;;Mirko Hernandez;
14152636;03/09/2026 11:18:40;3;2;0008    2645-4;05;CAMIONETA MAR 1;2092004;"DA11    ";"DAFYS S.A.                                        ";OLAZABAL 272;957469;"RA1076         ";"10 ORING P/MONOC COCINA RENACER                                       ";20;20;20;23114449;030926021837995;181563715;;;;01/14/2032 00:00:00;20;13796324;03/09/2026 11:18:37;Mirko;Hernandez;24394048;03/09/2026 10:23:50;7152;Mirko;Hernandez;Mirko Hernandez;Mirko Hernandez
14152710;03/09/2026 11:12:35;3;2;0001  214929-1;05;CAMIONETA MAR 1;2094940;"VG04    ";"VELAZQUEZ NORBERTO Y GRANELLA JORGE               ";BELGRANO 1450;950892;"01-010         ";"VALVULA P/MINGITORIO TEMPORIZADA TECNO                                ";2;2;2;23114900;030926021233038;181566624;;;;07/28/2031 00:00:00;2;13796113;03/09/2026 11:12:33;Mirko;Hernandez;24394540;03/09/2026 10:31:16;7152;Mirko;Hernandez;Mirko Hernandez;Mirko Hernandez
14152727;03/09/2026 11:11:43;3;2;0001  214877-1;05;CAMIONETA MAR 1;2093610;"MS03    ";"MATERIALES SUR S.A.                               ";COSTA RICA 1578;952936;"70-190         ";70-190 - BIDE C.CERAM BLACK VELVET;1;1;1;23114707;030926021141414;181565276;;;;11/08/2031 00:00:00;1;13796075;03/09/2026 11:11:41;Mirko;Hernandez;24394262;03/09/2026 10:27:29;7152;Mirko;Hernandez;Mirko Hernandez;Mirko Hernandez
14152728;03/09/2026 12:25:46;3;2;0001  214901-1;05;CAMIONETA MAR 1;2093610;"MS03    ";"MATERIALES SUR S.A.                               ";COSTA RICA 1578;953319;"83-193         ";83-193 - DUCHA EXT. C/TRANSF. MONOCOMANDO MORA;2;2;2;23116596;030926122545103;181581715;;;;07/27/2031 00:00:00;2;13798453;03/09/2026 12:25:45;Agustin;Scirica;24396273;03/09/2026 11:10:19;6922;Franco;Potenza;Agustin Scirica;Franco Potenza
14152728;03/09/2026 12:25:46;3;2;0001  214901-1;05;CAMIONETA MAR 1;2093610;"MS03    ";"MATERIALES SUR S.A.                               ";COSTA RICA 1578;953318;"83-180         ";83-180 - DUCHA EXT. C/TRANSF. MONOCOMANDO VERA;1;1;1;23116596;030926122545103;181581438;;;;07/27/2031 00:00:00;1;13798453;03/09/2026 12:25:45;Agustin;Scirica;24396273;03/09/2026 11:10:19;6922;Franco;Potenza;Agustin Scirica;Franco Potenza
14152728;03/09/2026 12:25:46;3;2;0001  214901-1;05;CAMIONETA MAR 1;2093610;"MS03    ";"MATERIALES SUR S.A.                               ";COSTA RICA 1578;952634;"60-162         ";60-162 - LAVATORIO CR C.CERAM LINEA ADRA;4;4;4;23116596;030926122545103;181579761;;;;07/29/2031 00:00:00;4;13798453;03/09/2026 12:25:45;Agustin;Scirica;24396273;03/09/2026 11:10:19;6922;Franco;Potenza;Agustin Scirica;Franco Potenza
14152728;03/09/2026 12:25:46;3;2;0001  214901-1;05;CAMIONETA MAR 1;2093610;"MS03    ";"MATERIALES SUR S.A.                               ";COSTA RICA 1578;951535;"20-160         ";20-160 - MONOCOMANDO MESADA COCINA DIQUE;2;2;2;23116596;030926122545103;181580450;;;;07/28/2031 00:00:00;2;13798453;03/09/2026 12:25:45;Agustin;Scirica;24396273;03/09/2026 11:10:19;6922;Franco;Potenza;Agustin Scirica;Franco Potenza
14152728;03/09/2026 12:25:46;3;2;0001  214901-1;05;CAMIONETA MAR 1;2093610;"MS03    ";"MATERIALES SUR S.A.                               ";COSTA RICA 1578;951524;"20-135         ";20-135 - MONOCOMANDO COCINA SANTANDER;1;1;1;23116596;030926122545103;181580813;;;;07/28/2031 00:00:00;1;13798453;03/09/2026 12:25:45;Agustin;Scirica;24396273;03/09/2026 11:10:19;6922;Franco;Potenza;Agustin Scirica;Franco Potenza
14152728;03/09/2026 12:25:46;3;2;0001  214901-1;05;CAMIONETA MAR 1;2093610;"MS03    ";"MATERIALES SUR S.A.                               ";COSTA RICA 1578;951523;"20-134         ";20-134 - MONOCOMANDO COCINA BETIS;1;1;1;23116596;030926122545103;181580213;;;;08/11/2031 00:00:00;1;13798453;03/09/2026 12:25:45;Agustin;Scirica;24396273;03/09/2026 11:10:19;6922;Franco;Potenza;Agustin Scirica;Franco Potenza
14152728;03/09/2026 12:25:46;3;2;0001  214901-1;05;CAMIONETA MAR 1;2093610;"MS03    ";"MATERIALES SUR S.A.                               ";COSTA RICA 1578;951151;"1320-40GN      ";"FLEXIBLE P/GAS NATURAL EXTENSIBLE 1/2 20-40 CM                        ";10;10;10;23116596;030926122545103;181582786;;;;07/31/2031 00:00:00;10;13798453;03/09/2026 12:25:45;Agustin;Scirica;24396273;03/09/2026 11:10:19;6922;Franco;Potenza;Agustin Scirica;Franco Potenza
14152728;03/09/2026 12:25:46;3;2;0001  214901-1;05;CAMIONETA MAR 1;2093610;"MS03    ";"MATERIALES SUR S.A.                               ";COSTA RICA 1578;950892;"01-010         ";"VALVULA P/MINGITORIO TEMPORIZADA TECNO                                ";2;2;2;23116596;030926122545103;181582051;;;;07/28/2031 00:00:00;2;13798453;03/09/2026 12:25:45;Agustin;Scirica;24396273;03/09/2026 11:10:19;6922;Franco;Potenza;Agustin Scirica;Franco Potenza
14152792;03/09/2026 13:42:06;3;2;0001  214958-1;05;CAMIONETA MAR 3;2093262;"LP11    ";"SANITARIOS LA PRIMERA S.R.L.                      ";AV. MEDRANO 666;952677;"60-203         ";60-203 - LAVATORIO MONOCOMANDO BAJO ADRA;2;2;2;23119076;030926134206412;181596214;;;;02/10/2032 00:00:00;2;13800655;03/09/2026 13:42:06;Maximiliano;Nievas;24399015;03/09/2026 11:46:48;6867;Javier;Lescano;Maximiliano Nievas;Javier Lescano
14152792;03/09/2026 13:42:06;3;2;0001  214958-1;05;CAMIONETA MAR 3;2093262;"LP11    ";"SANITARIOS LA PRIMERA S.R.L.                      ";AV. MEDRANO 666;954915;"BCH13          ";BCH13 - BACHA DE APOYAR BLANCA RECTANGULAR 465x260x125;2;2;2;23119076;030926134206412;181596938;;;;07/27/2031 00:00:00;2;13800655;03/09/2026 13:42:06;Maximiliano;Nievas;24399015;03/09/2026 11:46:48;6867;Javier;Lescano;Maximiliano Nievas;Javier Lescano
14152793;03/09/2026 14:28:17;3;2;0001  214818-1;05;CAMIONETA MAR 3;2094063;"RA22    ";"RENUS ALFREDO R. -HERRAJES ARENALES               ";ARENALES 1230;953334;"84-203         ";"DUCHA EXT C/COLUMNA Y TRANSF CR ADRA                                  ";1;1;1;23119767;030926142816414;181602130;;;;12/02/2031 00:00:00;1;13802203;03/09/2026 14:28:16;Maximiliano;Nievas;24399624;03/09/2026 11:58:18;6867;Javier;Lescano;Maximiliano Nievas;Javier Lescano
14152794;03/09/2026 13:22:41;3;2;0001  213952-2;05;CAMIONETA MAR 3;2093222;"LJ15    ";"LEIRO JOAQUIN C. - EL GASIFICADOR                 ";AV. B. DE IRIGOYEN 1366;958224;"RU589          ";RU589 - CODO P/COCINA DE EMBUTIR;5;5;5;23119939;030926132241087;181605481;;;;02/21/2032 00:00:00;5;13799973;03/09/2026 13:22:41;Maximiliano;Nievas;24399638;03/09/2026 12:07:33;7767;Leandro;Cantero;Maximiliano Nievas;Leandro Cantero
14152795;03/09/2026 13:14:47;3;2;0001  214534-2;05;CAMIONETA MAR 3;2094196;"RM20    ";"ROSEBOON MIGUEL O. -M&M SANITARIOS                ";AV. RIVADAVIA 2130;957447;"RA1030         ";RA1030 - PICO ROCIADOR P/ MONOC COCINA CUINA;13;13;13;23119940;030926131444168;181604029;;;;02/21/2032 00:00:00;13;13799742;03/09/2026 13:14:44;Maximiliano;Nievas;24399638;03/09/2026 12:07:33;7767;Leandro;Cantero;Maximiliano Nievas;Leandro Cantero
14152849;03/09/2026 13:32:45;3;2;0001  214957-1;05;CAMIONETA MAR 3;2093262;"LP11    ";"SANITARIOS LA PRIMERA S.R.L.                      ";AV. MEDRANO 666;953153;"80-200G        ";80-200G - DUCHA EMB. MONOC. 3 FUNCIONES GOLD FABRIC;2;2;2;23118261;030926133244043;181591380;;;;12/03/2031 00:00:00;2;13800176;03/09/2026 13:32:44;Maximiliano;Nievas;24398032;03/09/2026 11:43:18;6867;Javier;Lescano;Maximiliano Nievas;Javier Lescano
14152849;03/09/2026 13:32:45;3;2;0001  214957-1;05;CAMIONETA MAR 3;2093262;"LP11    ";"SANITARIOS LA PRIMERA S.R.L.                      ";AV. MEDRANO 666;952650;"60-180         ";60-180 - LAVATORIO MONOCOMANDO BAJO VERA;1;1;1;23118261;030926133244043;181593261;;;;07/28/2031 00:00:00;1;13800176;03/09/2026 13:32:44;Maximiliano;Nievas;24398032;03/09/2026 11:43:18;6867;Javier;Lescano;Maximiliano Nievas;Javier Lescano
14152849;03/09/2026 13:32:45;3;2;0001  214957-1;05;CAMIONETA MAR 3;2093262;"LP11    ";"SANITARIOS LA PRIMERA S.R.L.                      ";AV. MEDRANO 666;951528;"20-140         ";20-140 - MONOCOMANDO DE COCINA LINEA CUINA;5;5;5;23118261;030926133244043;181592500;;;;10/07/2031 00:00:00;5;13800176;03/09/2026 13:32:44;Maximiliano;Nievas;24398032;03/09/2026 11:43:18;6867;Javier;Lescano;Maximiliano Nievas;Javier Lescano
14152849;03/09/2026 13:32:45;3;2;0001  214957-1;05;CAMIONETA MAR 3;2093262;"LP11    ";"SANITARIOS LA PRIMERA S.R.L.                      ";AV. MEDRANO 666;951523;"20-134         ";20-134 - MONOCOMANDO COCINA BETIS;6;6;6;23118261;030926133244043;181594551;;;;08/11/2031 00:00:00;6;13800176;03/09/2026 13:32:44;Maximiliano;Nievas;24398032;03/09/2026 11:43:18;6867;Javier;Lescano;Maximiliano Nievas;Javier Lescano
14152849;03/09/2026 13:32:45;3;2;0001  214957-1;05;CAMIONETA MAR 3;2093262;"LP11    ";"SANITARIOS LA PRIMERA S.R.L.                      ";AV. MEDRANO 666;953168;"80-329         ";80-329 - DUCHA DE EMB 3 FUNCIONES CASTILLA;2;2;2;23118261;030926133244043;181595533;;;;12/21/2031 00:00:00;2;13800176;03/09/2026 13:32:44;Maximiliano;Nievas;24398032;03/09/2026 11:43:18;6867;Javier;Lescano;Maximiliano Nievas;Javier Lescano
14152849;03/09/2026 13:32:45;3;2;0001  214957-1;05;CAMIONETA MAR 3;2093262;"LP11    ";"SANITARIOS LA PRIMERA S.R.L.                      ";AV. MEDRANO 666;953316;"83-176         ";83-176 - DUCHA EXT. C/TRANSF. MONOC CR RIO;2;2;2;23118261;030926133244043;181593040;;;;07/28/2031 00:00:00;2;13800176;03/09/2026 13:32:44;Maximiliano;Nievas;24398032;03/09/2026 11:43:18;6867;Javier;Lescano;Maximiliano Nievas;Javier Lescano
14152849;03/09/2026 13:32:45;3;2;0001  214957-1;05;CAMIONETA MAR 3;2093262;"LP11    ";"SANITARIOS LA PRIMERA S.R.L.                      ";AV. MEDRANO 666;953346;"85-168         ";85-168 - DUCHA MONOC C/TRANSF Y DUCHADOR CR WAVE;2;2;2;23118261;030926133244043;181593671;;;;02/01/2032 00:00:00;2;13800176;03/09/2026 13:32:44;Maximiliano;Nievas;24398032;03/09/2026 11:43:18;6867;Javier;Lescano;Maximiliano Nievas;Javier Lescano
14152849;03/09/2026 13:32:45;3;2;0001  214957-1;05;CAMIONETA MAR 3;2093262;"LP11    ";"SANITARIOS LA PRIMERA S.R.L.                      ";AV. MEDRANO 666;953347;"85-168N        ";85-168N - DUCHA MONOC C/TRANSF Y DUCHADOR BLACK WAVE;2;2;2;23118261;030926133244043;181595293;;;;01/20/2032 00:00:00;2;13800176;03/09/2026 13:32:44;Maximiliano;Nievas;24398032;03/09/2026 11:43:18;6867;Javier;Lescano;Maximiliano Nievas;Javier Lescano
14152849;03/09/2026 13:32:45;3;2;0001  214957-1;05;CAMIONETA MAR 3;2093262;"LP11    ";"SANITARIOS LA PRIMERA S.R.L.                      ";AV. MEDRANO 666;953432;"910/M          ";"910/M - JGO.MDA.P.CANO CROMO ""DIQUE""";5;5;5;23118261;030926133244043;181595793;;;;12/21/2031 00:00:00;5;13800176;03/09/2026 13:32:44;Maximiliano;Nievas;24398032;03/09/2026 11:43:18;6867;Javier;Lescano;Maximiliano Nievas;Javier Lescano
14152849;03/09/2026 13:32:45;3;2;0001  214957-1;05;CAMIONETA MAR 3;2093262;"LP11    ";"SANITARIOS LA PRIMERA S.R.L.                      ";AV. MEDRANO 666;954908;"BCH07          ";BCH07 - BACHA DE APOYAR OVALADA 400x330x150;3;3;3;23118261;030926133244043;181591710;;;;07/29/2031 00:00:00;3;13800176;03/09/2026 13:32:44;Maximiliano;Nievas;24398032;03/09/2026 11:43:18;6867;Javier;Lescano;Maximiliano Nievas;Javier Lescano
14152849;03/09/2026 13:32:45;3;2;0001  214957-1;05;CAMIONETA MAR 3;2093262;"LP11    ";"SANITARIOS LA PRIMERA S.R.L.                      ";AV. MEDRANO 666;954914;"BCH12          ";BCH12 - BACHA DE APOYAR BLANCA 460x320x140;1;1;1;23118261;030926133244043;181591894;;;;11/10/2031 00:00:00;1;13800176;03/09/2026 13:32:44;Maximiliano;Nievas;24398032;03/09/2026 11:43:18;6867;Javier;Lescano;Maximiliano Nievas;Javier Lescano
14155554;03/09/2026 13:02:53;3;2;0001  215138-1;14;RETIRA;2094691;"SV01    ";"FERLISE CARLOS Y EDUARDO -SANIT. VIEJO BUENO      ";VIEJO BUENO 299;951552;"20-183         ";"MONOCOMANDO DE COCINA MAT                                             ";1;1;1;23119903;030926040251189;181607951;;;;11/02/2031 00:00:00;1;13799414;03/09/2026 13:02:51;Mirko;Hernandez;24399803;03/09/2026 12:16:21;6867;Javier;Lescano;Mirko Hernandez;Javier Lescano
14155554;03/09/2026 13:02:53;3;2;0001  215138-1;14;RETIRA;2094691;"SV01    ";"FERLISE CARLOS Y EDUARDO -SANIT. VIEJO BUENO      ";VIEJO BUENO 299;952908;"70-152         ";70-152 - BIDE MONOCOMANDO CR C/TRANSFERENCIA SORIA;2;2;2;23119903;030926040251189;181607506;;;;07/28/2031 00:00:00;2;13799414;03/09/2026 13:02:51;Mirko;Hernandez;24399803;03/09/2026 12:16:21;6867;Javier;Lescano;Mirko Hernandez;Javier Lescano
14155554;03/09/2026 13:02:53;3;2;0001  215138-1;14;RETIRA;2094691;"SV01    ";"FERLISE CARLOS Y EDUARDO -SANIT. VIEJO BUENO      ";VIEJO BUENO 299;954914;"BCH12          ";BCH12 - BACHA DE APOYAR BLANCA 460x320x140;1;1;1;23119903;030926040251189;181608255;;;;11/10/2031 00:00:00;1;13799414;03/09/2026 13:02:51;Mirko;Hernandez;24399803;03/09/2026 12:16:21;6867;Javier;Lescano;Mirko Hernandez;Javier Lescano
14155554;03/09/2026 13:02:53;3;2;0001  215138-1;14;RETIRA;2094691;"SV01    ";"FERLISE CARLOS Y EDUARDO -SANIT. VIEJO BUENO      ";VIEJO BUENO 299;954915;"BCH13          ";BCH13 - BACHA DE APOYAR BLANCA RECTANGULAR 465x260x125;1;1;1;23119903;030926040251189;181608919;;;;07/27/2031 00:00:00;1;13799414;03/09/2026 13:02:51;Mirko;Hernandez;24399803;03/09/2026 12:16:21;6867;Javier;Lescano;Mirko Hernandez;Javier Lescano
14155554;03/09/2026 13:02:53;3;2;0001  215138-1;14;RETIRA;2094691;"SV01    ";"FERLISE CARLOS Y EDUARDO -SANIT. VIEJO BUENO      ";VIEJO BUENO 299;954944;"BID103-1       ";"BIDE 1 AGUJERO BLANCO LINEA URBAN                                     ";2;2;2;23119903;030926040251189;181606362;;;;07/30/2031 00:00:00;2;13799414;03/09/2026 13:02:51;Mirko;Hernandez;24399803;03/09/2026 12:16:21;6867;Javier;Lescano;Mirko Hernandez;Javier Lescano
14155554;03/09/2026 13:02:53;3;2;0001  215138-1;14;RETIRA;2094691;"SV01    ";"FERLISE CARLOS Y EDUARDO -SANIT. VIEJO BUENO      ";VIEJO BUENO 299;956413;"INO103-1       ";"INODORO BLANCO C/ASIENTO LINEA URBAN                                  ";2;2;2;23119903;030926040251189;181607154;;;;09/03/2031 00:00:00;2;13799414;03/09/2026 13:02:51;Mirko;Hernandez;24399803;03/09/2026 12:16:21;6867;Javier;Lescano;Mirko Hernandez;Javier Lescano
14155554;03/09/2026 13:02:53;3;2;0001  215138-1;14;RETIRA;2094691;"SV01    ";"FERLISE CARLOS Y EDUARDO -SANIT. VIEJO BUENO      ";VIEJO BUENO 299;956414;"INO103-2       ";"DEPOSITO C/DESCARGA DUAL BLANCO LINEA URBAN                           ";2;2;2;23119903;030926040251189;181606643;;;;09/03/2031 00:00:00;2;13799414;03/09/2026 13:02:51;Mirko;Hernandez;24399803;03/09/2026 12:16:21;6867;Javier;Lescano;Mirko Hernandez;Javier Lescano
14156495;03/09/2026 15:59:42;3;2;0001  214102-4;10;URGENTES;2093088;"KG04    ";"KATSUDA GUSTAVO ALEJANDRO                         ";AV. LA RIOJA 1166;956417;"INO104N-1      ";"INODORO BLACK C/ASIENTO LINEA STONE                                   ";2;2;2;23126683;030926155940342;181654451;;;;10/16/2031 00:00:00;2;13805468;03/09/2026 15:59:40;Maximiliano;Nievas;24406196;03/09/2026 14:21:58;6867;Javier;Lescano;Maximiliano Nievas;Javier Lescano
14156495;03/09/2026 15:59:42;3;2;0001  214102-4;10;URGENTES;2093088;"KG04    ";"KATSUDA GUSTAVO ALEJANDRO                         ";AV. LA RIOJA 1166;956418;"INO104N-2      ";"DEPOSITO C/DESCARGA DUAL BLACK LINEA STONE                            ";2;2;2;23126683;030926155940342;181654392;;;;10/18/2031 00:00:00;2;13805468;03/09/2026 15:59:40;Maximiliano;Nievas;24406196;03/09/2026 14:21:58;6867;Javier;Lescano;Maximiliano Nievas;Javier Lescano
14156821;05/09/2026 11:22:52;3;2;0001  214755-2;02;CAMIONETA DIARIOS 1;2093517;"ML13    ";"MARASLIOGLU LEANDRO A.-MARASH BAÑOS Y COCINAS     ";AV. MARIANO ACOSTA 395;954947;"BID104-3       ";"BIDE 3 AGUJEROS BLANCO LINEA STONE                                    ";3;3;3;23150283;050926112251798;181839721;;;;07/30/2031 00:00:00;3;13833853;05/09/2026 11:22:51;Tiago;Rodriguez;24429314;04/09/2026 11:21:03;6867;Javier;Lescano;Tiago Rodriguez;Javier Lescano
14156821;05/09/2026 11:22:52;3;2;0001  214755-2;02;CAMIONETA DIARIOS 1;2093517;"ML13    ";"MARASLIOGLU LEANDRO A.-MARASH BAÑOS Y COCINAS     ";AV. MARIANO ACOSTA 395;954949;"BID104N-3      ";"BIDE 3 AGUJEROS BLACK LINEA STONE                                     ";1;1;1;23150283;050926112251798;181838241;;;;07/30/2031 00:00:00;1;13833853;05/09/2026 11:22:51;Tiago;Rodriguez;24429314;04/09/2026 11:21:03;6867;Javier;Lescano;Tiago Rodriguez;Javier Lescano
14156821;05/09/2026 11:22:52;3;2;0001  214755-2;02;CAMIONETA DIARIOS 1;2093517;"ML13    ";"MARASLIOGLU LEANDRO A.-MARASH BAÑOS Y COCINAS     ";AV. MARIANO ACOSTA 395;956416;"INO104-2       ";"DEPOSITO C/DESCARGA DUAL BLANCO LINEA STONE                           ";10;10;10;23150283;050926112251798;181841277;;;;10/18/2031 00:00:00;10;13833853;05/09/2026 11:22:51;Tiago;Rodriguez;24429314;04/09/2026 11:21:03;6867;Javier;Lescano;Tiago Rodriguez;Javier Lescano
14156821;05/09/2026 11:22:52;3;2;0001  214755-2;02;CAMIONETA DIARIOS 1;2093517;"ML13    ";"MARASLIOGLU LEANDRO A.-MARASH BAÑOS Y COCINAS     ";AV. MARIANO ACOSTA 395;956417;"INO104N-1      ";"INODORO BLACK C/ASIENTO LINEA STONE                                   ";2;2;2;23150283;050926112251798;181838643;;;;10/16/2031 00:00:00;2;13833853;05/09/2026 11:22:51;Tiago;Rodriguez;24429314;04/09/2026 11:21:03;6867;Javier;Lescano;Tiago Rodriguez;Javier Lescano
14156821;05/09/2026 11:22:52;3;2;0001  214755-2;02;CAMIONETA DIARIOS 1;2093517;"ML13    ";"MARASLIOGLU LEANDRO A.-MARASH BAÑOS Y COCINAS     ";AV. MARIANO ACOSTA 395;956418;"INO104N-2      ";"DEPOSITO C/DESCARGA DUAL BLACK LINEA STONE                            ";2;2;2;23150283;050926112251798;181838437;;;;10/18/2031 00:00:00;2;13833853;05/09/2026 11:22:51;Tiago;Rodriguez;24429314;04/09/2026 11:21:03;6867;Javier;Lescano;Tiago Rodriguez;Javier Lescano
14156822;05/09/2026 11:27:30;3;2;0001  214871-1;02;CAMIONETA DIARIOS 1;2093517;"ML13    ";"MARASLIOGLU LEANDRO A.-MARASH BAÑOS Y COCINAS     ";AV. MARIANO ACOSTA 395;951533;"20-150         ";20-150 - MONOCOMANDO MESADA COCINA TOLEDO;1;1;1;23152154;050926112729969;181852843;;;;07/27/2031 00:00:00;1;13833912;05/09/2026 11:27:29;Maximiliano;Nievas;24431151;04/09/2026 11:55:02;7152;Mirko;Hernandez;Maximiliano Nievas;Mirko Hernandez
14156822;05/09/2026 11:27:30;3;2;0001  214871-1;02;CAMIONETA DIARIOS 1;2093517;"ML13    ";"MARASLIOGLU LEANDRO A.-MARASH BAÑOS Y COCINAS     ";AV. MARIANO ACOSTA 395;952631;"60-153         ";60-153 - LAVATORIO CR C.CERAMICO CASTILLA;1;1;1;23152154;050926112729969;181848881;;;;11/23/2031 00:00:00;1;13833912;05/09/2026 11:27:29;Maximiliano;Nievas;24431151;04/09/2026 11:55:02;7152;Mirko;Hernandez;Maximiliano Nievas;Mirko Hernandez
14156822;05/09/2026 11:27:30;3;2;0001  214871-1;02;CAMIONETA DIARIOS 1;2093517;"ML13    ";"MARASLIOGLU LEANDRO A.-MARASH BAÑOS Y COCINAS     ";AV. MARIANO ACOSTA 395;952677;"60-203         ";60-203 - LAVATORIO MONOCOMANDO BAJO ADRA;2;2;2;23152154;050926112729969;181852360;;;;02/10/2032 00:00:00;2;13833912;05/09/2026 11:27:29;Maximiliano;Nievas;24431151;04/09/2026 11:55:02;7152;Mirko;Hernandez;Maximiliano Nievas;Mirko Hernandez
14156822;05/09/2026 11:27:30;3;2;0001  214871-1;02;CAMIONETA DIARIOS 1;2093517;"ML13    ";"MARASLIOGLU LEANDRO A.-MARASH BAÑOS Y COCINAS     ";AV. MARIANO ACOSTA 395;952713;"61-176N        ";61-176N - LAVATORIO MONOC ALTO BLACK RIO;3;3;3;23152154;050926112729969;181853806;;;;07/29/2031 00:00:00;3;13833912;05/09/2026 11:27:29;Maximiliano;Nievas;24431151;04/09/2026 11:55:02;7152;Mirko;Hernandez;Maximiliano Nievas;Mirko Hernandez
14156822;05/09/2026 11:27:30;3;2;0001  214871-1;02;CAMIONETA DIARIOS 1;2093517;"ML13    ";"MARASLIOGLU LEANDRO A.-MARASH BAÑOS Y COCINAS     ";AV. MARIANO ACOSTA 395;952726;"61-203         ";61-203 - LAVATORIO MONOCOMANDO ALTO ADRA;3;3;3;23152154;050926112729969;181852391;;;;01/11/2032 00:00:00;3;13833912;05/09/2026 11:27:29;Maximiliano;Nievas;24431151;04/09/2026 11:55:02;7152;Mirko;Hernandez;Maximiliano Nievas;Mirko Hernandez
14156822;05/09/2026 11:27:30;3;2;0001  214871-1;02;CAMIONETA DIARIOS 1;2093517;"ML13    ";"MARASLIOGLU LEANDRO A.-MARASH BAÑOS Y COCINAS     ";AV. MARIANO ACOSTA 395;952909;"70-153         ";70-153 - BIDE CR C.CERAM CASTILLA;1;1;1;23152154;050926112729969;181848742;;;;10/20/2031 00:00:00;1;13833912;05/09/2026 11:27:29;Maximiliano;Nievas;24431151;04/09/2026 11:55:02;7152;Mirko;Hernandez;Maximiliano Nievas;Mirko Hernandez
14156822;05/09/2026 11:27:30;3;2;0001  214871-1;02;CAMIONETA DIARIOS 1;2093517;"ML13    ";"MARASLIOGLU LEANDRO A.-MARASH BAÑOS Y COCINAS     ";AV. MARIANO ACOSTA 395;952926;"70-176N        ";70-176N - BIDE MONOC C/TRANSF BLACK RIO;4;4;4;23152154;050926112729969;181853532;;;;11/23/2031 00:00:00;4;13833912;05/09/2026 11:27:29;Maximiliano;Nievas;24431151;04/09/2026 11:55:02;7152;Mirko;Hernandez;Maximiliano Nievas;Mirko Hernandez
14156822;05/09/2026 11:27:30;3;2;0001  214871-1;02;CAMIONETA DIARIOS 1;2093517;"ML13    ";"MARASLIOGLU LEANDRO A.-MARASH BAÑOS Y COCINAS     ";AV. MARIANO ACOSTA 395;952954;"70-203         ";70-203 - BIDE MONOCOMANDO ADRA;2;2;2;23152154;050926112729969;181854858;;;;07/29/2031 00:00:00;2;13833912;05/09/2026 11:27:29;Maximiliano;Nievas;24431151;04/09/2026 11:55:02;7152;Mirko;Hernandez;Maximiliano Nievas;Mirko Hernandez
14156822;05/09/2026 11:27:30;3;2;0001  214871-1;02;CAMIONETA DIARIOS 1;2093517;"ML13    ";"MARASLIOGLU LEANDRO A.-MARASH BAÑOS Y COCINAS     ";AV. MARIANO ACOSTA 395;953104;"80-153         ";80-153 - DUCHA EMB. C/TRANSF. CR C.CERAM CASTILLA;1;1;1;23152154;050926112729969;181848853;;;;11/04/2031 00:00:00;1;13833912;05/09/2026 11:27:29;Maximiliano;Nievas;24431151;04/09/2026 11:55:02;7152;Mirko;Hernandez;Maximiliano Nievas;Mirko Hernandez
14156823;05/09/2026 07:21:37;3;2;0001  215107-1;02;CAMIONETA DIARIOS 1;2093517;"ML13    ";"MARASLIOGLU LEANDRO A.-MARASH BAÑOS Y COCINAS     ";AV. MARIANO ACOSTA 395;951529;"20-140N        ";20-140N - MONOCOMANDO DE COCINA LINEA CUINA BLACK;2;2;2;23152998;050926072136316;181856315;;;;07/29/2031 00:00:00;2;13830806;05/09/2026 07:21:36;Tiago;Rodriguez;24432056;04/09/2026 12:02:37;7636;Kevin;Arce;Tiago Rodriguez;Kevin Arce
14156823;05/09/2026 07:21:37;3;2;0001  215107-1;02;CAMIONETA DIARIOS 1;2093517;"ML13    ";"MARASLIOGLU LEANDRO A.-MARASH BAÑOS Y COCINAS     ";AV. MARIANO ACOSTA 395;952595;"60-100C        ";60-100C - LAVATORIO CR C.CERAM FABRIC;2;2;2;23152998;050926072136316;181857548;;;;08/17/2031 00:00:00;2;13830806;05/09/2026 07:21:36;Tiago;Rodriguez;24432056;04/09/2026 12:02:37;7636;Kevin;Arce;Tiago Rodriguez;Kevin Arce
14156837;04/09/2026 11:31:26;3;2;0001  215140-1;02;CAMIONETA DIARIOS 1;2092491;"FI07    ";"FILHOS S.R.L.                                     ";AV. GRAL PAZ 11863;956483;"LG01C60        ";LG01C60 - LAVATORIO MONOC CR LUCERNA;24;24;24;23150466;040926113126298;181837820;;;;07/28/2031 00:00:00;24;13816656;04/09/2026 11:31:26;Gustavo;Soderquvist;24429408;04/09/2026 11:10:39;6922;Franco;Potenza;Gustavo Soderquvist;Franco Potenza
14156841;05/09/2026 11:36:00;3;2;0001  215026-1;02;CAMIONETA DIARIOS 1;2093099;"KN01    ";"KALFAIAN HNOS. S.R.L                              ";ALBARIÑO 2676;952583;"60-058         ";60-058 - LAVATORIO CR C.STD MALBA;12;12;12;23150903;050926113555859;181840498;;;;12/03/2031 00:00:00;12;13833974;05/09/2026 11:35:55;Maximiliano;Nievas;24429800;04/09/2026 11:25:56;6922;Franco;Potenza;Maximiliano Nievas;Franco Potenza
14156841;05/09/2026 11:36:00;3;2;0001  215026-1;02;CAMIONETA DIARIOS 1;2093099;"KN01    ";"KALFAIAN HNOS. S.R.L                              ";ALBARIÑO 2676;952630;"60-152         ";60-152 - LAVATORIO CR MONOCOMANDO BAJO SORIA;2;2;2;23150903;050926113555859;181844170;;;;07/27/2031 00:00:00;2;13833974;05/09/2026 11:35:55;Maximiliano;Nievas;24429800;04/09/2026 11:25:56;6922;Franco;Potenza;Maximiliano Nievas;Franco Potenza
14156841;05/09/2026 11:36:00;3;2;0001  215026-1;02;CAMIONETA DIARIOS 1;2093099;"KN01    ";"KALFAIAN HNOS. S.R.L                              ";ALBARIÑO 2676;952634;"60-162         ";60-162 - LAVATORIO CR C.CERAM LINEA ADRA;6;6;6;23150903;050926113555859;181842258;;;;07/29/2031 00:00:00;6;13833974;05/09/2026 11:35:55;Maximiliano;Nievas;24429800;04/09/2026 11:25:56;6922;Franco;Potenza;Maximiliano Nievas;Franco Potenza
14156841;05/09/2026 11:36:00;3;2;0001  215026-1;02;CAMIONETA DIARIOS 1;2093099;"KN01    ";"KALFAIAN HNOS. S.R.L                              ";ALBARIÑO 2676;952862;"70-058         ";70-058 - BIDE CR C.STD MALBA;12;12;12;23150903;050926113555859;181840950;;;;10/20/2031 00:00:00;12;13833974;05/09/2026 11:35:55;Maximiliano;Nievas;24429800;04/09/2026 11:25:56;6922;Franco;Potenza;Maximiliano Nievas;Franco Potenza
14156841;05/09/2026 11:36:00;3;2;0001  215026-1;02;CAMIONETA DIARIOS 1;2093099;"KN01    ";"KALFAIAN HNOS. S.R.L                              ";ALBARIÑO 2676;952908;"70-152         ";70-152 - BIDE MONOCOMANDO CR C/TRANSFERENCIA SORIA;2;2;2;23150903;050926113555859;181844286;;;;07/28/2031 00:00:00;2;13833974;05/09/2026 11:35:55;Maximiliano;Nievas;24429800;04/09/2026 11:25:56;6922;Franco;Potenza;Maximiliano Nievas;Franco Potenza
14156841;05/09/2026 11:36:00;3;2;0001  215026-1;02;CAMIONETA DIARIOS 1;2093099;"KN01    ";"KALFAIAN HNOS. S.R.L                              ";ALBARIÑO 2676;952912;"70-162         ";70-162 - BIDE CR C.CERAM LINEA ADRA;6;6;6;23150903;050926113555859;181843122;;;;07/29/2031 00:00:00;6;13833974;05/09/2026 11:35:55;Maximiliano;Nievas;24429800;04/09/2026 11:25:56;6922;Franco;Potenza;Maximiliano Nievas;Franco Potenza
14156841;05/09/2026 11:36:00;3;2;0001  215026-1;02;CAMIONETA DIARIOS 1;2093099;"KN01    ";"KALFAIAN HNOS. S.R.L                              ";ALBARIÑO 2676;953060;"80-058         ";80-058 - DUCHA EMB. C/TRANSF. CR C.STD MALBA;12;12;12;23150903;050926113555859;181841673;;;;01/06/2032 00:00:00;12;13833974;05/09/2026 11:35:55;Maximiliano;Nievas;24429800;04/09/2026 11:25:56;6922;Franco;Potenza;Maximiliano Nievas;Franco Potenza
14156841;05/09/2026 11:36:00;3;2;0001  215026-1;02;CAMIONETA DIARIOS 1;2093099;"KN01    ";"KALFAIAN HNOS. S.R.L                              ";ALBARIÑO 2676;953102;"80-152         ";80-152 - DUCHA EMB. CR C/TRANSF. MONOCOMANDO SORIA;2;2;2;23150903;050926113555859;181844468;;;;10/26/2031 00:00:00;2;13833974;05/09/2026 11:35:55;Maximiliano;Nievas;24429800;04/09/2026 11:25:56;6922;Franco;Potenza;Maximiliano Nievas;Franco Potenza
14156841;05/09/2026 11:36:00;3;2;0001  215026-1;02;CAMIONETA DIARIOS 1;2093099;"KN01    ";"KALFAIAN HNOS. S.R.L                              ";ALBARIÑO 2676;953107;"80-162         ";80-162 - DUCHA EMB. C/TRANSF. CR C.CERAM ADRA;1;1;1;23150903;050926113555859;181842349;;;;07/29/2031 00:00:00;1;13833974;05/09/2026 11:35:55;Maximiliano;Nievas;24429800;04/09/2026 11:25:56;6922;Franco;Potenza;Maximiliano Nievas;Franco Potenza
14156841;05/09/2026 11:36:00;3;2;0001  215026-1;02;CAMIONETA DIARIOS 1;2093099;"KN01    ";"KALFAIAN HNOS. S.R.L                              ";ALBARIÑO 2676;953109;"80-166         ";"DUCHA EMB. C/TRANSF. CR C.CERAM ADRA PLUS                             ";6;6;6;23150903;050926113555859;181842822;;;;01/18/2032 00:00:00;6;13833974;05/09/2026 11:35:55;Maximiliano;Nievas;24429800;04/09/2026 11:25:56;6922;Franco;Potenza;Maximiliano Nievas;Franco Potenza
14156842;05/09/2026 10:36:27;3;2;0001  214912-1;02;CAMIONETA DIARIOS 1;2093099;"KN01    ";"KALFAIAN HNOS. S.R.L                              ";ALBARIÑO 2676;952627;"60-149         ";60-149 - LAVATORIO CR C.CERAM SAND;30;30;30;23150863;050926103627208;181844396;;;;07/27/2031 00:00:00;30;13833202;05/09/2026 10:36:27;Tiago;Rodriguez;24429774;04/09/2026 11:34:22;7636;Kevin;Arce;Tiago Rodriguez;Kevin Arce
14156842;05/09/2026 10:36:27;3;2;0001  214912-1;02;CAMIONETA DIARIOS 1;2093099;"KN01    ";"KALFAIAN HNOS. S.R.L                              ";ALBARIÑO 2676;952905;"70-149         ";70-149 - BIDE CR C.CERAM SAND;30;30;30;23150863;050926103627208;181846550;;;;07/29/2031 00:00:00;30;13833202;05/09/2026 10:36:27;Tiago;Rodriguez;24429774;04/09/2026 11:34:22;7636;Kevin;Arce;Tiago Rodriguez;Kevin Arce
14156842;05/09/2026 10:36:27;3;2;0001  214912-1;02;CAMIONETA DIARIOS 1;2093099;"KN01    ";"KALFAIAN HNOS. S.R.L                              ";ALBARIÑO 2676;953098;"80-149         ";80-149 - DUCHA EMB. C/TRANSF. CR C.CERAM SAND;30;30;30;23150863;050926103627208;181842686;;;;07/30/2031 00:00:00;30;13833202;05/09/2026 10:36:27;Tiago;Rodriguez;24429774;04/09/2026 11:34:22;7636;Kevin;Arce;Tiago Rodriguez;Kevin Arce
14156843;05/09/2026 10:47:38;3;2;0001  215025-1;02;CAMIONETA DIARIOS 1;2093099;"KN01    ";"KALFAIAN HNOS. S.R.L                              ";ALBARIÑO 2676;951535;"20-160         ";20-160 - MONOCOMANDO MESADA COCINA DIQUE;10;10;10;23151568;050926104738565;181847153;;;;07/28/2031 00:00:00;10;13833315;05/09/2026 10:47:38;Tiago;Rodriguez;24430387;04/09/2026 11:39:53;6867;Javier;Lescano;Tiago Rodriguez;Javier Lescano
14156843;05/09/2026 10:47:38;3;2;0001  215025-1;02;CAMIONETA DIARIOS 1;2093099;"KN01    ";"KALFAIAN HNOS. S.R.L                              ";ALBARIÑO 2676;951611;"21-160         ";"MONOCOMANDO DUO COCINA CROMO DIQUE                                    ";20;20;20;23151568;050926104738565;181848377;;;;12/14/2031 00:00:00;20;13833315;05/09/2026 10:47:38;Tiago;Rodriguez;24430387;04/09/2026 11:39:53;6867;Javier;Lescano;Tiago Rodriguez;Javier Lescano
14156843;05/09/2026 10:47:38;3;2;0001  215025-1;02;CAMIONETA DIARIOS 1;2093099;"KN01    ";"KALFAIAN HNOS. S.R.L                              ";ALBARIÑO 2676;952438;"51-058         ";51-058 - COCINA MESADA CR C.STD MALBA;10;10;10;23151568;050926104738565;181845087;;;;10/19/2031 00:00:00;10;13833315;05/09/2026 10:47:38;Tiago;Rodriguez;24430387;04/09/2026 11:39:53;6867;Javier;Lescano;Tiago Rodriguez;Javier Lescano
14156843;05/09/2026 10:47:38;3;2;0001  215025-1;02;CAMIONETA DIARIOS 1;2093099;"KN01    ";"KALFAIAN HNOS. S.R.L                              ";ALBARIÑO 2676;952582;"60-057         ";60-057 - LAVATORIO C.STD VERIN PLUS;6;6;6;23151568;050926104738565;181846217;;;;01/06/2032 00:00:00;6;13833315;05/09/2026 10:47:38;Tiago;Rodriguez;24430387;04/09/2026 11:39:53;6867;Javier;Lescano;Tiago Rodriguez;Javier Lescano
14156843;05/09/2026 10:47:38;3;2;0001  215025-1;02;CAMIONETA DIARIOS 1;2093099;"KN01    ";"KALFAIAN HNOS. S.R.L                              ";ALBARIÑO 2676;952635;"60-162N        ";60-162N - LAVATORIO BLACK C.CERAM LINEA ADRA;10;10;10;23151568;050926104738565;181849458;;;;11/03/2031 00:00:00;10;13833315;05/09/2026 10:47:38;Tiago;Rodriguez;24430387;04/09/2026 11:39:53;6867;Javier;Lescano;Tiago Rodriguez;Javier Lescano
14156843;05/09/2026 10:47:38;3;2;0001  215025-1;02;CAMIONETA DIARIOS 1;2093099;"KN01    ";"KALFAIAN HNOS. S.R.L                              ";ALBARIÑO 2676;952707;"61-152         ";61-152 - LAVATORIO MONOCOMANDO CROMO ALTO SORIA;1;1;1;23151568;050926104738565;181847704;;;;07/27/2031 00:00:00;1;13833315;05/09/2026 10:47:38;Tiago;Rodriguez;24430387;04/09/2026 11:39:53;6867;Javier;Lescano;Tiago Rodriguez;Javier Lescano
14156843;05/09/2026 10:47:38;3;2;0001  215025-1;02;CAMIONETA DIARIOS 1;2093099;"KN01    ";"KALFAIAN HNOS. S.R.L                              ";ALBARIÑO 2676;952712;"61-176         ";61-176 - LAVATORIO MONOC ALTO CR RIO;10;10;10;23151568;050926104738565;181847510;;;;10/09/2031 00:00:00;10;13833315;05/09/2026 10:47:38;Tiago;Rodriguez;24430387;04/09/2026 11:39:53;6867;Javier;Lescano;Tiago Rodriguez;Javier Lescano
14156843;05/09/2026 10:47:38;3;2;0001  215025-1;02;CAMIONETA DIARIOS 1;2093099;"KN01    ";"KALFAIAN HNOS. S.R.L                              ";ALBARIÑO 2676;953028;"80-010         ";80-010 - DUCHA EMB. C/TRANSF. BL/CR LORCA;10;10;10;23151568;050926104738565;181844840;;;;09/16/2031 00:00:00;10;13833315;05/09/2026 10:47:38;Tiago;Rodriguez;24430387;04/09/2026 11:39:53;6867;Javier;Lescano;Tiago Rodriguez;Javier Lescano
14156843;05/09/2026 10:47:38;3;2;0001  215025-1;02;CAMIONETA DIARIOS 1;2093099;"KN01    ";"KALFAIAN HNOS. S.R.L                              ";ALBARIÑO 2676;953059;"80-057         ";80-057 - DUCHA EMB. C/TRANSF. C.STD VERIN PLUS;10;10;10;23151568;050926104738565;181846151;;;;01/04/2032 00:00:00;10;13833315;05/09/2026 10:47:38;Tiago;Rodriguez;24430387;04/09/2026 11:39:53;6867;Javier;Lescano;Tiago Rodriguez;Javier Lescano
14156843;05/09/2026 10:47:38;3;2;0001  215025-1;02;CAMIONETA DIARIOS 1;2093099;"KN01    ";"KALFAIAN HNOS. S.R.L                              ";ALBARIÑO 2676;957390;"RA001          ";RA001 - CABEZAL STD NO ASCENDENTE;6;6;6;23151568;050926104738565;181846688;;;;11/22/2031 00:00:00;6;13833315;05/09/2026 10:47:38;Tiago;Rodriguez;24430387;04/09/2026 11:39:53;6867;Javier;Lescano;Tiago Rodriguez;Javier Lescano
14156847;04/09/2026 11:15:13;3;2;0008    2898-1;02;CAMIONETA DIARIOS 1;2092097;"DF07    ";"DISTR. DE SANITARIOS FRANCO FIA S.R.L.            ";AV. GRAL PAZ 11863;956497;"LG04C70        ";LG04C70 - BIDE CR C.CERAM DAVOS;10;10;10;23150163;040926111512755;181834998;;;;07/29/2031 00:00:00;10;13816066;04/09/2026 11:15:12;Maximiliano;Nievas;24429199;04/09/2026 11:03:29;6922;Franco;Potenza;Maximiliano Nievas;Franco Potenza
14156848;04/09/2026 11:30:20;3;2;0001  214773-2;02;CAMIONETA DIARIOS 1;2091390;"BR08    ";"BAEZ RAMON ANTONIO                                ";BOULOGNE SUR MER 864;951611;"21-160         ";"MONOCOMANDO DUO COCINA CROMO DIQUE                                    ";5;5;5;23150467;040926113020721;181837088;;;;12/14/2031 00:00:00;5;13816621;04/09/2026 11:30:20;Gustavo;Soderquvist;24429408;04/09/2026 11:10:39;6922;Franco;Potenza;Gustavo Soderquvist;Franco Potenza
14156984;05/09/2026 07:22:37;3;2;0001  214935-1;02;CAMIONETA DIARIOS 1;2094295;"SA36    ";"SAMOT S.A.S.  -SANIPLAST                          ";ALEJANDRO MARGARINOS 911;951653;"22-178         ";22-178 - MONOCOMANDO DE COCINA P/AGUA FILTRADA VITA;1;1;1;23152179;050926072236459;181848967;;;;12/23/2031 00:00:00;1;13830808;05/09/2026 07:22:36;Tiago;Rodriguez;24431160;04/09/2026 11:51:05;7636;Kevin;Arce;Tiago Rodriguez;Kevin Arce
14156984;05/09/2026 07:22:37;3;2;0001  214935-1;02;CAMIONETA DIARIOS 1;2094295;"SA36    ";"SAMOT S.A.S.  -SANIPLAST                          ";ALEJANDRO MARGARINOS 911;952741;"62-100N        ";62-100N - LAVATORIO DE PARED BLACK C.CERAM FABRIC;3;3;3;23152179;050926072236459;181853211;;;;11/05/2031 00:00:00;3;13830808;05/09/2026 07:22:36;Tiago;Rodriguez;24431160;04/09/2026 11:51:05;7636;Kevin;Arce;Tiago Rodriguez;Kevin Arce
14156984;05/09/2026 07:22:37;3;2;0001  214935-1;02;CAMIONETA DIARIOS 1;2094295;"SA36    ";"SAMOT S.A.S.  -SANIPLAST                          ";ALEJANDRO MARGARINOS 911;952875;"70-100N        ";70-100N - BIDE BLACK C.CERAM FABRIC;3;3;3;23152179;050926072236459;181852458;;;;07/29/2031 00:00:00;3;13830808;05/09/2026 07:22:36;Tiago;Rodriguez;24431160;04/09/2026 11:51:05;7636;Kevin;Arce;Tiago Rodriguez;Kevin Arce
14156984;05/09/2026 07:22:37;3;2;0001  214935-1;02;CAMIONETA DIARIOS 1;2094295;"SA36    ";"SAMOT S.A.S.  -SANIPLAST                          ";ALEJANDRO MARGARINOS 911;953072;"80-100N        ";80-100N - DUCHA EMB. C/TRANSF. BLACK C.CERAM FABRIC;3;3;3;23152179;050926072236459;181853053;;;;10/29/2031 00:00:00;3;13830808;05/09/2026 07:22:36;Tiago;Rodriguez;24431160;04/09/2026 11:51:05;7636;Kevin;Arce;Tiago Rodriguez;Kevin Arce
14156985;04/09/2026 11:16:40;3;2;0001  214975-1;02;CAMIONETA DIARIOS 1;2094295;"SA36    ";"SAMOT S.A.S.  -SANIPLAST                          ";ALEJANDRO MARGARINOS 911;952783;"62-199N        ";62-199N - LAVATORIO DE PARED BLACK C.CERAM LIVE;2;2;2;23150164;040926111637789;181835334;;;;07/31/2031 00:00:00;2;13816097;04/09/2026 11:16:37;Maximiliano;Nievas;24429199;04/09/2026 11:03:29;6922;Franco;Potenza;Maximiliano Nievas;Franco Potenza
14156985;04/09/2026 11:16:40;3;2;0001  214975-1;02;CAMIONETA DIARIOS 1;2094295;"SA36    ";"SAMOT S.A.S.  -SANIPLAST                          ";ALEJANDRO MARGARINOS 911;952947;"70-199N        ";70-199N - BIDE BLACK C.CERAM LIVE;2;2;2;23150164;040926111637789;181835679;;;;07/29/2031 00:00:00;2;13816097;04/09/2026 11:16:37;Maximiliano;Nievas;24429199;04/09/2026 11:03:29;6922;Franco;Potenza;Maximiliano Nievas;Franco Potenza
14156985;04/09/2026 11:16:40;3;2;0001  214975-1;02;CAMIONETA DIARIOS 1;2094295;"SA36    ";"SAMOT S.A.S.  -SANIPLAST                          ";ALEJANDRO MARGARINOS 911;953150;"80-199N        ";80-199N - DUCHA EMB. C/TRANSF. BLACK C.CERAM LIVE;2;2;2;23150164;040926111637789;181835530;;;;09/27/2031 00:00:00;2;13816097;04/09/2026 11:16:37;Maximiliano;Nievas;24429199;04/09/2026 11:03:29;6922;Franco;Potenza;Maximiliano Nievas;Franco Potenza
14156999;04/09/2026 11:29:45;3;2;0001  215021-1;02;CAMIONETA DIARIOS 1;2091837;"CO22    ";"COPMACO LTDA.                                     ";BV. ESPAÑA 935;951653;"22-178         ";22-178 - MONOCOMANDO DE COCINA P/AGUA FILTRADA VITA;1;1;1;23150468;040926112943451;181838239;;;;12/23/2031 00:00:00;1;13816606;04/09/2026 11:29:43;Gustavo;Soderquvist;24429408;04/09/2026 11:10:39;6922;Franco;Potenza;Gustavo Soderquvist;Franco Potenza
14157022;05/09/2026 11:21:04;3;2;0001  215014-1;02;CAMIONETA DIARIOS 1;2300681;"MA61    ";"MARQUEZ E HIJOS S.A.S.                            ";BOLIVAR 1245;952873;"70-100C        ";70-100C - BIDE CR C.CERAM FABRIC;2;2;2;23151819;050926111950908;181846218;;;;07/31/2031 00:00:00;2;13833605;05/09/2026 11:19:50;Maximiliano;Nievas;24430786;04/09/2026 11:46:21;6922;Franco;Potenza;Maximiliano Nievas;Franco Potenza
14157022;05/09/2026 11:21:04;3;2;0001  215014-1;02;CAMIONETA DIARIOS 1;2300681;"MA61    ";"MARQUEZ E HIJOS S.A.S.                            ";BOLIVAR 1245;952912;"70-162         ";70-162 - BIDE CR C.CERAM LINEA ADRA;2;2;2;23151819;050926111950908;181845534;;;;07/29/2031 00:00:00;2;13833605;05/09/2026 11:19:50;Maximiliano;Nievas;24430786;04/09/2026 11:46:21;6922;Franco;Potenza;Maximiliano Nievas;Franco Potenza
14157022;05/09/2026 11:21:04;3;2;0001  215014-1;02;CAMIONETA DIARIOS 1;2300681;"MA61    ";"MARQUEZ E HIJOS S.A.S.                            ";BOLIVAR 1245;952946;"70-199B        ";70-199B - BIDE WHITE C.CERAM LIVE;2;2;2;23151819;050926111950908;181848778;;;;07/31/2031 00:00:00;2;13833605;05/09/2026 11:19:50;Maximiliano;Nievas;24430786;04/09/2026 11:46:21;6922;Franco;Potenza;Maximiliano Nievas;Franco Potenza
14157022;05/09/2026 11:21:04;3;2;0001  215014-1;02;CAMIONETA DIARIOS 1;2300681;"MA61    ";"MARQUEZ E HIJOS S.A.S.                            ";BOLIVAR 1245;952956;"70-205         ";70-205 - BIDE MONOCOMANDO STEEL;2;2;2;23151819;050926111950908;181851792;;;;11/08/2031 00:00:00;2;13833605;05/09/2026 11:19:50;Maximiliano;Nievas;24430786;04/09/2026 11:46:21;6922;Franco;Potenza;Maximiliano Nievas;Franco Potenza
14157022;05/09/2026 11:21:04;3;2;0001  215014-1;02;CAMIONETA DIARIOS 1;2300681;"MA61    ";"MARQUEZ E HIJOS S.A.S.                            ";BOLIVAR 1245;953070;"80-100C        ";80-100C - DUCHA EMB. C/TRANSF. CR C.CERAM FABRIC;1;1;1;23151819;050926111950908;181846128;;;;07/30/2031 00:00:00;1;13833605;05/09/2026 11:19:50;Maximiliano;Nievas;24430786;04/09/2026 11:46:21;6922;Franco;Potenza;Maximiliano Nievas;Franco Potenza
14157022;05/09/2026 11:21:04;3;2;0001  215014-1;02;CAMIONETA DIARIOS 1;2300681;"MA61    ";"MARQUEZ E HIJOS S.A.S.                            ";BOLIVAR 1245;953109;"80-166         ";"DUCHA EMB. C/TRANSF. CR C.CERAM ADRA PLUS                             ";2;2;2;23151819;050926111950908;181845653;;;;01/18/2032 00:00:00;2;13833605;05/09/2026 11:19:50;Maximiliano;Nievas;24430786;04/09/2026 11:46:21;6922;Franco;Potenza;Maximiliano Nievas;Franco Potenza
14157022;05/09/2026 11:21:04;3;2;0001  215014-1;02;CAMIONETA DIARIOS 1;2300681;"MA61    ";"MARQUEZ E HIJOS S.A.S.                            ";BOLIVAR 1245;953149;"80-199B        ";80-199B - DUCHA EMB. C/TRANSF. WHITE C.CERAM LIVE;2;2;2;23151819;050926111950908;181848963;;;;07/31/2031 00:00:00;2;13833605;05/09/2026 11:19:50;Maximiliano;Nievas;24430786;04/09/2026 11:46:21;6922;Franco;Potenza;Maximiliano Nievas;Franco Potenza
14157022;05/09/2026 11:21:04;3;2;0001  215014-1;02;CAMIONETA DIARIOS 1;2300681;"MA61    ";"MARQUEZ E HIJOS S.A.S.                            ";BOLIVAR 1245;953159;"80-203P        ";80-203P - DUCHA EMB C/TRANSF. MONOCOMANDO ADRA PLUS;2;2;2;23151819;050926111950908;181849587;;;;07/27/2031 00:00:00;2;13833605;05/09/2026 11:19:50;Maximiliano;Nievas;24430786;04/09/2026 11:46:21;6922;Franco;Potenza;Maximiliano Nievas;Franco Potenza
14157022;05/09/2026 11:21:04;3;2;0001  215014-1;02;CAMIONETA DIARIOS 1;2300681;"MA61    ";"MARQUEZ E HIJOS S.A.S.                            ";BOLIVAR 1245;953161;"80-205         ";80-205 - DUCHA EMB. C/TRANSF. MONOC STEEL;2;2;2;23151819;050926111950908;181850787;;;;08/11/2031 00:00:00;2;13833605;05/09/2026 11:19:50;Maximiliano;Nievas;24430786;04/09/2026 11:46:21;6922;Franco;Potenza;Maximiliano Nievas;Franco Potenza
14157022;05/09/2026 11:21:04;3;2;0001  215014-1;02;CAMIONETA DIARIOS 1;2300681;"MA61    ";"MARQUEZ E HIJOS S.A.S.                            ";BOLIVAR 1245;951760;"3006SS         ";3006SS - SET DE 6 PIEZAS LINEA 3000 SS;2;2;2;23151819;050926111950908;181852084;;;;07/29/2031 00:00:00;2;13833605;05/09/2026 11:19:50;Maximiliano;Nievas;24430786;04/09/2026 11:46:21;6922;Franco;Potenza;Maximiliano Nievas;Franco Potenza
14157022;05/09/2026 11:21:04;3;2;0001  215014-1;02;CAMIONETA DIARIOS 1;2300681;"MA61    ";"MARQUEZ E HIJOS S.A.S.                            ";BOLIVAR 1245;952595;"60-100C        ";60-100C - LAVATORIO CR C.CERAM FABRIC;2;2;2;23151819;050926111950908;181846335;;;;08/17/2031 00:00:00;2;13833605;05/09/2026 11:19:50;Maximiliano;Nievas;24430786;04/09/2026 11:46:21;6922;Franco;Potenza;Maximiliano Nievas;Franco Potenza
14157022;05/09/2026 11:21:04;3;2;0001  215014-1;02;CAMIONETA DIARIOS 1;2300681;"MA61    ";"MARQUEZ E HIJOS S.A.S.                            ";BOLIVAR 1245;952634;"60-162         ";60-162 - LAVATORIO CR C.CERAM LINEA ADRA;2;2;2;23151819;050926111950908;181845393;;;;07/29/2031 00:00:00;2;13833605;05/09/2026 11:19:50;Maximiliano;Nievas;24430786;04/09/2026 11:46:21;6922;Franco;Potenza;Maximiliano Nievas;Franco Potenza
14157022;05/09/2026 11:21:04;3;2;0001  215014-1;02;CAMIONETA DIARIOS 1;2300681;"MA61    ";"MARQUEZ E HIJOS S.A.S.                            ";BOLIVAR 1245;952635;"60-162N        ";60-162N - LAVATORIO BLACK C.CERAM LINEA ADRA;1;1;1;23151819;050926111950908;181846508;;;;11/03/2031 00:00:00;1;13833605;05/09/2026 11:19:50;Maximiliano;Nievas;24430786;04/09/2026 11:46:21;6922;Franco;Potenza;Maximiliano Nievas;Franco Potenza
14157022;05/09/2026 11:21:04;3;2;0001  215014-1;02;CAMIONETA DIARIOS 1;2300681;"MA61    ";"MARQUEZ E HIJOS S.A.S.                            ";BOLIVAR 1245;952647;"60-176         ";"LAVATORIO MONOCOMANDO BAJO CR RIO                                     ";3;3;3;23151819;050926111950908;181850065;;;;10/11/2031 00:00:00;3;13833605;05/09/2026 11:19:50;Maximiliano;Nievas;24430786;04/09/2026 11:46:21;6922;Franco;Potenza;Maximiliano Nievas;Franco Potenza
14157022;05/09/2026 11:21:04;3;2;0001  215014-1;02;CAMIONETA DIARIOS 1;2300681;"MA61    ";"MARQUEZ E HIJOS S.A.S.                            ";BOLIVAR 1245;952668;"60-199B        ";60-199B - LAVATORIO WHITE C.CERAM LIVE;2;2;2;23151819;050926111950908;181849081;;;;07/31/2031 00:00:00;2;13833605;05/09/2026 11:19:50;Maximiliano;Nievas;24430786;04/09/2026 11:46:21;6922;Franco;Potenza;Maximiliano Nievas;Franco Potenza
14157022;05/09/2026 11:21:04;3;2;0001  215014-1;02;CAMIONETA DIARIOS 1;2300681;"MA61    ";"MARQUEZ E HIJOS S.A.S.                            ";BOLIVAR 1245;952677;"60-203         ";60-203 - LAVATORIO MONOCOMANDO BAJO ADRA;5;5;5;23151819;050926111950908;181846658;;;;02/10/2032 00:00:00;5;13833605;05/09/2026 11:19:50;Maximiliano;Nievas;24430786;04/09/2026 11:46:21;6922;Franco;Potenza;Maximiliano Nievas;Franco Potenza
14157022;05/09/2026 11:21:04;3;2;0001  215014-1;02;CAMIONETA DIARIOS 1;2300681;"MA61    ";"MARQUEZ E HIJOS S.A.S.                            ";BOLIVAR 1245;952723;"61-200C        ";61-200C - LAVATORIO MONOC ALTO CR FABRIC;2;2;2;23151819;050926111950908;181851482;;;;07/27/2031 00:00:00;2;13833605;05/09/2026 11:19:50;Maximiliano;Nievas;24430786;04/09/2026 11:46:21;6922;Franco;Potenza;Maximiliano Nievas;Franco Potenza
14157022;05/09/2026 11:21:04;3;2;0001  215014-1;02;CAMIONETA DIARIOS 1;2300681;"MA61    ";"MARQUEZ E HIJOS S.A.S.                            ";BOLIVAR 1245;952726;"61-203         ";61-203 - LAVATORIO MONOCOMANDO ALTO ADRA;3;3;3;23151819;050926111950908;181846798;;;;01/11/2032 00:00:00;3;13833605;05/09/2026 11:19:50;Maximiliano;Nievas;24430786;04/09/2026 11:46:21;6922;Franco;Potenza;Maximiliano Nievas;Franco Potenza
14157022;05/09/2026 11:21:04;3;2;0001  215014-1;02;CAMIONETA DIARIOS 1;2300681;"MA61    ";"MARQUEZ E HIJOS S.A.S.                            ";BOLIVAR 1245;952728;"61-205         ";61-205 - LAVATORIO MONOC ALTO STEEL;2;2;2;23151819;050926111950908;181851278;;;;07/28/2031 00:00:00;2;13833605;05/09/2026 11:19:50;Maximiliano;Nievas;24430786;04/09/2026 11:46:21;6922;Franco;Potenza;Maximiliano Nievas;Franco Potenza
14157022;05/09/2026 11:21:04;3;2;0001  215014-1;02;CAMIONETA DIARIOS 1;2300681;"MA61    ";"MARQUEZ E HIJOS S.A.S.                            ";BOLIVAR 1245;952856;"70-045         ";70-045 - BIDE CROMO C.STD CRUZ;2;2;2;23151819;050926111950908;181845942;;;;02/01/2032 00:00:00;2;13833605;05/09/2026 11:19:50;Maximiliano;Nievas;24430786;04/09/2026 11:46:21;6922;Franco;Potenza;Maximiliano Nievas;Franco Potenza
14157023;04/09/2026 12:09:06;3;2;0001  214977-1;02;CAMIONETA DIARIOS 1;2427314;"AA26    ";"ARAMENDI ANDREA PATRICIA - OCAÑA                  ";MENDOZA 1260;950892;"01-010         ";"VALVULA P/MINGITORIO TEMPORIZADA TECNO                                ";10;10;10;23150590;040926120905504;181843446;;;;07/28/2031 00:00:00;10;13817607;04/09/2026 12:09:05;Agustin;Scirica;24429569;04/09/2026 11:32:37;7152;Mirko;Hernandez;Agustin Scirica;Mirko Hernandez
14157023;04/09/2026 12:09:06;3;2;0001  214977-1;02;CAMIONETA DIARIOS 1;2427314;"AA26    ";"ARAMENDI ANDREA PATRICIA - OCAÑA                  ";MENDOZA 1260;952452;"51-122         ";51-122 - MESADA BIMANDO CR C.CERAM VALENCIA;10;10;10;23153485;040926120007042;181857032;;;;01/17/2032 00:00:00;4;13817624;04/09/2026 12:00:07;Agustin;Scirica;;;;;;Agustin Scirica;
14157023;04/09/2026 12:09:06;3;2;0001  214977-1;02;CAMIONETA DIARIOS 1;2427314;"AA26    ";"ARAMENDI ANDREA PATRICIA - OCAÑA                  ";MENDOZA 1260;952452;"51-122         ";51-122 - MESADA BIMANDO CR C.CERAM VALENCIA;10;10;10;23153529;040926120020223;181857109;;;;01/17/2032 00:00:00;3;13817630;04/09/2026 12:00:20;Agustin;Scirica;;;;;;Agustin Scirica;
14157023;04/09/2026 12:09:06;3;2;0001  214977-1;02;CAMIONETA DIARIOS 1;2427314;"AA26    ";"ARAMENDI ANDREA PATRICIA - OCAÑA                  ";MENDOZA 1260;952452;"51-122         ";51-122 - MESADA BIMANDO CR C.CERAM VALENCIA;10;10;10;23153654;040926120218256;181841552;;;;01/17/2032 00:00:00;3;13817696;04/09/2026 12:02:18;Agustin;Scirica;;;;;;Agustin Scirica;
14157023;04/09/2026 12:09:06;3;2;0001  214977-1;02;CAMIONETA DIARIOS 1;2427314;"AA26    ";"ARAMENDI ANDREA PATRICIA - OCAÑA                  ";MENDOZA 1260;953083;"80-122         ";80-122 - DUCHA EMB.C/TRANSF. C.CERAM CR VALENCIA;15;15;15;23153694;040926120254025;181858074;;;;07/31/2031 00:00:00;10;13817721;04/09/2026 12:02:54;Agustin;Scirica;;;;;;Agustin Scirica;
14157023;04/09/2026 12:09:06;3;2;0001  214977-1;02;CAMIONETA DIARIOS 1;2427314;"AA26    ";"ARAMENDI ANDREA PATRICIA - OCAÑA                  ";MENDOZA 1260;953477;"934/CR         ";934/CR - J.PARED C/EXT CRUZ CR/CR ARES;10;10;10;23153755;040926120356960;181842927;;;;01/03/2032 00:00:00;10;13817750;04/09/2026 12:03:56;Agustin;Scirica;;;;;;Agustin Scirica;
14157023;04/09/2026 12:09:06;3;2;0001  214977-1;02;CAMIONETA DIARIOS 1;2427314;"AA26    ";"ARAMENDI ANDREA PATRICIA - OCAÑA                  ";MENDOZA 1260;952577;"60-045         ";60-045 - LAVATORIO CR/CR C.STD CRUZ;10;10;10;23153796;040926120436210;181842000;;;;01/24/2032 00:00:00;10;13817769;04/09/2026 12:04:36;Agustin;Scirica;;;;;;Agustin Scirica;
14157023;04/09/2026 12:09:06;3;2;0001  214977-1;02;CAMIONETA DIARIOS 1;2427314;"AA26    ";"ARAMENDI ANDREA PATRICIA - OCAÑA                  ";MENDOZA 1260;952888;"70-122         ";70-122 - BIDE C.CERAM CR VALENCIA;15;15;15;23153842;040926120514997;181858907;;;;10/26/2031 00:00:00;10;13817780;04/09/2026 12:05:15;Agustin;Scirica;;;;;;Agustin Scirica;
14157023;04/09/2026 12:09:06;3;2;0001  214977-1;02;CAMIONETA DIARIOS 1;2427314;"AA26    ";"ARAMENDI ANDREA PATRICIA - OCAÑA                  ";MENDOZA 1260;952888;"70-122         ";70-122 - BIDE C.CERAM CR VALENCIA;15;15;15;23153876;040926120557903;181841056;;;;10/26/2031 00:00:00;5;13817798;04/09/2026 12:05:57;Agustin;Scirica;;;;;;Agustin Scirica;
14157023;04/09/2026 12:09:06;3;2;0001  214977-1;02;CAMIONETA DIARIOS 1;2427314;"AA26    ";"ARAMENDI ANDREA PATRICIA - OCAÑA                  ";MENDOZA 1260;953083;"80-122         ";80-122 - DUCHA EMB.C/TRANSF. C.CERAM CR VALENCIA;15;15;15;23153876;040926120557903;181840530;;;;07/31/2031 00:00:00;5;13817798;04/09/2026 12:05:57;Agustin;Scirica;;;;;;Agustin Scirica;
14157023;04/09/2026 12:09:06;3;2;0001  214977-1;02;CAMIONETA DIARIOS 1;2427314;"AA26    ";"ARAMENDI ANDREA PATRICIA - OCAÑA                  ";MENDOZA 1260;952217;"403            ";403 - DUCHA EXT. C/TRANSF.CR DIQUE;5;5;5;23153893;040926120627431;181838973;;;;01/25/2032 00:00:00;5;13817812;04/09/2026 12:06:27;Agustin;Scirica;;;;;;Agustin Scirica;
14157023;04/09/2026 12:09:06;3;2;0001  214977-1;02;CAMIONETA DIARIOS 1;2427314;"AA26    ";"ARAMENDI ANDREA PATRICIA - OCAÑA                  ";MENDOZA 1260;952747;"62-122         ";62-122 - LAVATORIO PARED C.CERAM CR VALENCIA;5;5;5;23153893;040926120627431;181838458;;;;10/08/2031 00:00:00;5;13817812;04/09/2026 12:06:27;Agustin;Scirica;;;;;;Agustin Scirica;
14157023;04/09/2026 12:09:06;3;2;0001  214977-1;02;CAMIONETA DIARIOS 1;2427314;"AA26    ";"ARAMENDI ANDREA PATRICIA - OCAÑA                  ";MENDOZA 1260;952856;"70-045         ";70-045 - BIDE CROMO C.STD CRUZ;5;5;5;23153932;040926120709054;181842330;;;;02/01/2032 00:00:00;5;13817828;04/09/2026 12:07:09;Agustin;Scirica;;;;;;Agustin Scirica;
14157023;04/09/2026 12:09:06;3;2;0001  214977-1;02;CAMIONETA DIARIOS 1;2427314;"AA26    ";"ARAMENDI ANDREA PATRICIA - OCAÑA                  ";MENDOZA 1260;953055;"80-045         ";80-045 - DUCHA EMB.C/TRANSF CR  C.STD CRUZ;5;5;5;23153932;040926120709054;181842207;;;;01/04/2032 00:00:00;5;13817828;04/09/2026 12:07:09;Agustin;Scirica;;;;;;Agustin Scirica;
14157023;04/09/2026 12:09:06;3;2;0001  214977-1;02;CAMIONETA DIARIOS 1;2427314;"AA26    ";"ARAMENDI ANDREA PATRICIA - OCAÑA                  ";MENDOZA 1260;952610;"60-122         ";60-122 - LAVATORIO C.CERAM CR VALENCIA;15;15;15;23153966;040926120742702;181859837;;;;12/10/2031 00:00:00;10;13817842;04/09/2026 12:07:42;Agustin;Scirica;;;;;;Agustin Scirica;
14157023;04/09/2026 12:09:06;3;2;0001  214977-1;02;CAMIONETA DIARIOS 1;2427314;"AA26    ";"ARAMENDI ANDREA PATRICIA - OCAÑA                  ";MENDOZA 1260;952267;"423            ";"423 - DUCHA EMB. C/TRANSF.CR ""DIQUE""";5;5;5;23154006;040926120840993;181839420;;;;02/03/2032 00:00:00;5;13817870;04/09/2026 12:08:41;Agustin;Scirica;;;;;;Agustin Scirica;
14157023;04/09/2026 12:09:06;3;2;0001  214977-1;02;CAMIONETA DIARIOS 1;2427314;"AA26    ";"ARAMENDI ANDREA PATRICIA - OCAÑA                  ";MENDOZA 1260;952610;"60-122         ";60-122 - LAVATORIO C.CERAM CR VALENCIA;15;15;15;23154006;040926120840993;181840146;;;;12/10/2031 00:00:00;5;13817870;04/09/2026 12:08:41;Agustin;Scirica;;;;;;Agustin Scirica;
14157789;03/09/2026 13:39:04;3;2;0008    2896-1;10;URGENTES;2093779;"PA01    ";"VARIOS                                            ";rivadavia 3428;952596;"60-100G        ";60-100G - LAVATORIO GOLD C.CERAM FABRIC;1;1;1;23124319;030926133904512;181634887;;;;11/10/2031 00:00:00;1;13800558;03/09/2026 13:39:04;Gaston Alejandro;Kiriczuk;24403993;03/09/2026 13:35:24;6409;Gaston Alejandro;Kiriczuk;Gaston Alejandro Kiriczuk;Gaston Alejandro Kiriczuk
14157789;03/09/2026 13:39:04;3;2;0008    2896-1;10;URGENTES;2093779;"PA01    ";"VARIOS                                            ";rivadavia 3428;952724;"61-200G        ";61-200G - LAVATORIO MONOC ALTO GOLD FABRIC;1;1;1;23124319;030926133904512;181635061;;;;07/27/2031 00:00:00;1;13800558;03/09/2026 13:39:04;Gaston Alejandro;Kiriczuk;24403993;03/09/2026 13:35:24;6409;Gaston Alejandro;Kiriczuk;Gaston Alejandro Kiriczuk;Gaston Alejandro Kiriczuk
14157790;03/09/2026 13:29:13;3;2;4444    2400-1;10;URGENTES;2109166;"CLIEVEN ";"CLIENTE EVENTUAL                                  ";RIVADAVIA 3428;952925;"70-176         ";70-176 - BIDE MONOC C/TRANSF CR RIO;1;1;1;23123363;030926132912484;181629302;;;;11/17/2031 00:00:00;1;13800187;03/09/2026 13:29:12;Gaston Alejandro;Kiriczuk;24403173;03/09/2026 13:22:32;6409;Gaston Alejandro;Kiriczuk;Gaston Alejandro Kiriczuk;Gaston Alejandro Kiriczuk
14157791;03/09/2026 13:28:33;3;2;4444    2403-1;10;URGENTES;2109166;"CLIEVEN ";"CLIENTE EVENTUAL                                  ";RIVADAVIA 3428;951513;"20-122N        ";20-122N - MONOCOMANDO COCINA C/PICO EXTRAIBLE VALENCIA BLACK;1;1;1;23123364;030926132831754;181628272;;;;08/06/2031 00:00:00;1;13800160;03/09/2026 13:28:31;Gaston Alejandro;Kiriczuk;24403173;03/09/2026 13:22:32;6409;Gaston Alejandro;Kiriczuk;Gaston Alejandro Kiriczuk;Gaston Alejandro Kiriczuk
14157792;03/09/2026 13:38:38;3;2;4444    2404-1;10;URGENTES;2109166;"CLIEVEN ";"CLIENTE EVENTUAL                                  ";RIVADAVIA 3428;957979;"RF1360         ";"RF1360 - FLEXIBLE MONOCOMANDO 1/2"" M10x60cm  x1  para Bide";1;1;1;23124485;030926133838066;181635624;;;;07/31/2031 00:00:00;1;13800537;03/09/2026 13:38:38;Gaston Alejandro;Kiriczuk;24404224;03/09/2026 13:36:46;6409;Gaston Alejandro;Kiriczuk;Gaston Alejandro Kiriczuk;Gaston Alejandro Kiriczuk
14157805;03/09/2026 14:58:46;3;2;0001  214821-1;14;RETIRA;2094662;"SS41    ";"SANITARIOS SANJUAN S.R.L.                         ";SANABRIA 2978;956416;"INO104-2       ";"DEPOSITO C/DESCARGA DUAL BLANCO LINEA STONE                           ";8;8;8;23126121;030926055845352;181652027;;;;10/18/2031 00:00:00;8;13803137;03/09/2026 14:58:45;Mirko;Hernandez;24405650;03/09/2026 14:18:20;6922;Franco;Potenza;Mirko Hernandez;Franco Potenza
14157805;03/09/2026 14:58:46;3;2;0001  214821-1;14;RETIRA;2094662;"SS41    ";"SANITARIOS SANJUAN S.R.L.                         ";SANABRIA 2978;954947;"BID104-3       ";"BIDE 3 AGUJEROS BLANCO LINEA STONE                                    ";3;3;3;23126121;030926055845352;181650252;;;;07/30/2031 00:00:00;3;13803137;03/09/2026 14:58:45;Mirko;Hernandez;24405650;03/09/2026 14:18:20;6922;Franco;Potenza;Mirko Hernandez;Franco Potenza
14157805;03/09/2026 14:58:46;3;2;0001  214821-1;14;RETIRA;2094662;"SS41    ";"SANITARIOS SANJUAN S.R.L.                         ";SANABRIA 2978;956415;"INO104-1       ";"INODORO BLANCO C/ASIENTO LINEA STONE                                  ";8;8;8;23129267;030926055614752;181652198;;;;01/20/2032 00:00:00;8;13803254;03/09/2026 14:56:14;Mirko;Hernandez;;;;;;Mirko Hernandez;
14157806;03/09/2026 14:34:36;3;2;0001  214961-3;14;RETIRA;2094711;"SY05    ";"SANITARIOS YRIGOYEN CABRERA S. R. L.              ";DEBENEDETTI 3052;956415;"INO104-1       ";"INODORO BLANCO C/ASIENTO LINEA STONE                                  ";8;8;8;23126259;030926053434911;181649584;;;;01/20/2032 00:00:00;8;13802429;03/09/2026 14:34:34;Mirko;Hernandez;24405772;03/09/2026 14:08:21;6867;Javier;Lescano;Mirko Hernandez;Javier Lescano
14158031;03/09/2026 13:28:06;3;2;9999      85-1;10;URGENTES;2094039;"QU01    ";"QUEIJA S.A                                        ";HERRERA 725;951297;"17020G         ";17020G - TOALLERO DE ARO LINEA FABRIC GOLD;2;2;2;23123365;030926132805019;181629814;;;;07/29/2031 00:00:00;2;13800142;03/09/2026 13:28:05;Gaston Alejandro;Kiriczuk;24403173;03/09/2026 13:22:32;6409;Gaston Alejandro;Kiriczuk;Gaston Alejandro Kiriczuk;Gaston Alejandro Kiriczuk
14158031;03/09/2026 13:28:06;3;2;9999      85-1;10;URGENTES;2094039;"QU01    ";"QUEIJA S.A                                        ";HERRERA 725;951303;"17040G         ";17040G - PORTA ROLLO LINEA FABRIC GOLD;2;2;2;23123365;030926132805019;181627950;;;;07/28/2031 00:00:00;2;13800142;03/09/2026 13:28:05;Gaston Alejandro;Kiriczuk;24403173;03/09/2026 13:22:32;6409;Gaston Alejandro;Kiriczuk;Gaston Alejandro Kiriczuk;Gaston Alejandro Kiriczuk
14158031;03/09/2026 13:28:06;3;2;9999      85-1;10;URGENTES;2094039;"QU01    ";"QUEIJA S.A                                        ";HERRERA 725;952724;"61-200G        ";61-200G - LAVATORIO MONOC ALTO GOLD FABRIC;2;2;2;23123365;030926132805019;181629596;;;;07/27/2031 00:00:00;2;13800142;03/09/2026 13:28:05;Gaston Alejandro;Kiriczuk;24403173;03/09/2026 13:22:32;6409;Gaston Alejandro;Kiriczuk;Gaston Alejandro Kiriczuk;Gaston Alejandro Kiriczuk
14161288;08/09/2026 09:11:36;3;2;0001  214733-1;05;CAMION EXP 1;2092925;"HU03    ";"HURA S.A.S.                                       ";ALVEAR 671;956418;"INO104N-2      ";"DEPOSITO C/DESCARGA DUAL BLACK LINEA STONE                            ";4;4;4;23172528;080926091133211;182001749;;;;10/18/2031 00:00:00;4;13855904;08/09/2026 09:11:33;Maximiliano;Nievas;24451657;05/09/2026 08:59:48;6585;Mathias;Montenegro;Maximiliano Nievas;Mathias Montenegro
14161288;08/09/2026 09:11:36;3;2;0001  214733-1;05;CAMION EXP 1;2092925;"HU03    ";"HURA S.A.S.                                       ";ALVEAR 671;958232;"RU878          ";RU878 - VIDRIO JABONERA REDONADA REPUESTO;20;20;20;23219210;080926090257436;182013869;;;;01/05/2032 00:00:00;20;13858062;08/09/2026 09:02:58;Maximiliano;Nievas;;;;;;Maximiliano Nievas;
14161288;08/09/2026 09:11:36;3;2;0001  214733-1;05;CAMION EXP 1;2092925;"HU03    ";"HURA S.A.S.                                       ";ALVEAR 671;957921;"RA920N         ";RA920N - VOLANTE BLACK VELVET;2;2;2;23219210;080926090257436;182010376;;;;01/05/2032 00:00:00;2;13858062;08/09/2026 09:02:58;Maximiliano;Nievas;;;;;;Maximiliano Nievas;
14161288;08/09/2026 09:11:36;3;2;0001  214733-1;05;CAMION EXP 1;2092925;"HU03    ";"HURA S.A.S.                                       ";ALVEAR 671;957911;"RA874          ";RA874 - 10 BUJES SUJETA CAMPANA DE BAÑO NEGRO;1;1;1;23219210;080926090257436;182010450;;;;11/02/2031 00:00:00;1;13858062;08/09/2026 09:02:58;Maximiliano;Nievas;;;;;;Maximiliano Nievas;
14161288;08/09/2026 09:11:36;3;2;0001  214733-1;05;CAMION EXP 1;2092925;"HU03    ";"HURA S.A.S.                                       ";ALVEAR 671;957876;"RA773C         ";RA773C - CAMPANA C/BUJE ARES/BEDIA/MURCIA;2;2;2;23219210;080926090257436;182010492;;;;11/16/2031 00:00:00;2;13858062;08/09/2026 09:02:58;Maximiliano;Nievas;;;;;;Maximiliano Nievas;
14161288;08/09/2026 09:11:36;3;2;0001  214733-1;05;CAMION EXP 1;2092925;"HU03    ";"HURA S.A.S.                                       ";ALVEAR 671;957572;"RA1205         ";RA1205 - 10 BUJES INTERIOR NYLON;10;10;10;23219210;080926090257436;182014197;;;;10/11/2031 00:00:00;10;13858062;08/09/2026 09:02:58;Maximiliano;Nievas;;;;;;Maximiliano Nievas;
14161288;08/09/2026 09:11:36;3;2;0001  214733-1;05;CAMION EXP 1;2092925;"HU03    ";"HURA S.A.S.                                       ";ALVEAR 671;957550;"RA1189         ";RA1189 - SET PROLONGADOR P/VASTAGO Y CAMPANA (x3);4;4;4;23219210;080926090257436;182014258;;;;02/10/2032 00:00:00;4;13858062;08/09/2026 09:02:58;Maximiliano;Nievas;;;;;;Maximiliano Nievas;
14161288;08/09/2026 09:11:36;3;2;0001  214733-1;05;CAMION EXP 1;2092925;"HU03    ";"HURA S.A.S.                                       ";ALVEAR 671;957452;"RA1051         ";RA1051 - VOLANTE TRANSFERENCIA MALLORCA;2;2;2;23219210;080926090257436;182002547;;;;08/05/2031 00:00:00;2;13858062;08/09/2026 09:02:58;Maximiliano;Nievas;;;;;;Maximiliano Nievas;
14161288;08/09/2026 09:11:36;3;2;0001  214733-1;05;CAMION EXP 1;2092925;"HU03    ";"HURA S.A.S.                                       ";ALVEAR 671;957447;"RA1030         ";RA1030 - PICO ROCIADOR P/ MONOC COCINA CUINA;3;3;3;23219210;080926090257436;182012874;;;;02/21/2032 00:00:00;3;13858062;08/09/2026 09:02:58;Maximiliano;Nievas;;;;;;Maximiliano Nievas;
14161288;08/09/2026 09:11:36;3;2;0001  214733-1;05;CAMION EXP 1;2092925;"HU03    ";"HURA S.A.S.                                       ";ALVEAR 671;957425;"RA088          ";RA088 - PICO BAÑERA ARUBA/LORCA C/CAMPANA;2;2;2;23219210;080926090257436;182014535;;;;08/02/2031 00:00:00;2;13858062;08/09/2026 09:02:58;Maximiliano;Nievas;;;;;;Maximiliano Nievas;
14161288;08/09/2026 09:11:36;3;2;0001  214733-1;05;CAMION EXP 1;2092925;"HU03    ";"HURA S.A.S.                                       ";ALVEAR 671;957400;"RA015R         ";RA015R - CORTACHORRO PLASTICO P/GRIFERIA;5;5;5;23219210;080926090257436;182004323;;;;07/31/2031 00:00:00;5;13858062;08/09/2026 09:02:58;Maximiliano;Nievas;;;;;;Maximiliano Nievas;
14161288;08/09/2026 09:11:36;3;2;0001  214733-1;05;CAMION EXP 1;2092925;"HU03    ";"HURA S.A.S.                                       ";ALVEAR 671;957391;"RA002          ";RA002 - CABEZAL DERECHO CIERRE CERAMICO (FRIA);3;3;3;23219210;080926090257436;182014318;;;;02/01/2032 00:00:00;3;13858062;08/09/2026 09:02:58;Maximiliano;Nievas;;;;;;Maximiliano Nievas;
14161288;08/09/2026 09:11:36;3;2;0001  214733-1;05;CAMION EXP 1;2092925;"HU03    ";"HURA S.A.S.                                       ";ALVEAR 671;957390;"RA001          ";RA001 - CABEZAL STD NO ASCENDENTE;10;10;10;23219210;080926090257436;182014403;;;;11/22/2031 00:00:00;10;13858062;08/09/2026 09:02:58;Maximiliano;Nievas;;;;;;Maximiliano Nievas;
14161288;08/09/2026 09:11:36;3;2;0001  214733-1;05;CAMION EXP 1;2092925;"HU03    ";"HURA S.A.S.                                       ";ALVEAR 671;952709;"61-168N        ";61-168N - LAVATORIO MONOC ALTO BLACK WAVE;2;2;2;23219210;080926090257436;182003535;;;;07/28/2031 00:00:00;2;13858062;08/09/2026 09:02:58;Maximiliano;Nievas;;;;;;Maximiliano Nievas;
14161288;08/09/2026 09:11:36;3;2;0001  214733-1;05;CAMION EXP 1;2092925;"HU03    ";"HURA S.A.S.                                       ";ALVEAR 671;952678;"60-203N        ";"LAVATORIO MONOCOMANDO BAJO ADRA BLACK                                 ";1;1;1;23219210;080926090257436;182018676;;;;01/06/2032 00:00:00;1;13858062;08/09/2026 09:02:58;Maximiliano;Nievas;;;;;;Maximiliano Nievas;
14161288;08/09/2026 09:11:36;3;2;0001  214733-1;05;CAMION EXP 1;2092925;"HU03    ";"HURA S.A.S.                                       ";ALVEAR 671;952655;"60-183         ";"LAVATORIO MONOCOMANDO BAJO MAT                                        ";5;5;5;23219210;080926090257436;182011131;;;;11/02/2031 00:00:00;5;13858062;08/09/2026 09:02:58;Maximiliano;Nievas;;;;;;Maximiliano Nievas;
14161288;08/09/2026 09:11:36;3;2;0001  214733-1;05;CAMION EXP 1;2092925;"HU03    ";"HURA S.A.S.                                       ";ALVEAR 671;952650;"60-180         ";60-180 - LAVATORIO MONOCOMANDO BAJO VERA;1;1;1;23219210;080926090257436;182004621;;;;07/28/2031 00:00:00;1;13858062;08/09/2026 09:02:58;Maximiliano;Nievas;;;;;;Maximiliano Nievas;
14161288;08/09/2026 09:11:36;3;2;0001  214733-1;05;CAMION EXP 1;2092925;"HU03    ";"HURA S.A.S.                                       ";ALVEAR 671;952648;"60-176N        ";"LAVATORIO MONOCOMANDO BAJO BLACK RIO                                  ";1;1;1;23219210;080926090257436;182004079;;;;07/29/2031 00:00:00;1;13858062;08/09/2026 09:02:58;Maximiliano;Nievas;;;;;;Maximiliano Nievas;
14161288;08/09/2026 09:11:36;3;2;0001  214733-1;05;CAMION EXP 1;2092925;"HU03    ";"HURA S.A.S.                                       ";ALVEAR 671;952647;"60-176         ";"LAVATORIO MONOCOMANDO BAJO CR RIO                                     ";3;3;3;23219210;080926090257436;182005378;;;;10/11/2031 00:00:00;3;13858062;08/09/2026 09:02:58;Maximiliano;Nievas;;;;;;Maximiliano Nievas;
14161288;08/09/2026 09:11:36;3;2;0001  214733-1;05;CAMION EXP 1;2092925;"HU03    ";"HURA S.A.S.                                       ";ALVEAR 671;951993;"3070           ";3070 - JABONERA PARA BAÑERA LINEA 3000;4;4;4;23219210;080926090257436;182002438;;;;07/31/2031 00:00:00;4;13858062;08/09/2026 09:02:58;Maximiliano;Nievas;;;;;;Maximiliano Nievas;
14161288;08/09/2026 09:11:36;3;2;0001  214733-1;05;CAMION EXP 1;2092925;"HU03    ";"HURA S.A.S.                                       ";ALVEAR 671;951975;"3040           ";3040 - PORTA ROLLO LINEA 3000;4;4;4;23219210;080926090257436;182002400;;;;07/27/2031 00:00:00;4;13858062;08/09/2026 09:02:58;Maximiliano;Nievas;;;;;;Maximiliano Nievas;
14161288;08/09/2026 09:11:36;3;2;0001  214733-1;05;CAMION EXP 1;2092925;"HU03    ";"HURA S.A.S.                                       ";ALVEAR 671;951961;"3030           ";3030 - PERCHA LINEA 3000;5;5;5;23219210;080926090257436;182002335;;;;08/27/2031 00:00:00;5;13858062;08/09/2026 09:02:58;Maximiliano;Nievas;;;;;;Maximiliano Nievas;
14161288;08/09/2026 09:11:36;3;2;0001  214733-1;05;CAMION EXP 1;2092925;"HU03    ";"HURA S.A.S.                                       ";ALVEAR 671;951650;"22004N         ";"SET DE 4 PIEZAS LINEA 22000 BLACK                                     ";4;4;4;23219210;080926090257436;182015135;;;;09/01/2031 00:00:00;4;13858062;08/09/2026 09:02:58;Maximiliano;Nievas;;;;;;Maximiliano Nievas;
14161288;08/09/2026 09:11:36;3;2;0001  214733-1;05;CAMION EXP 1;2092925;"HU03    ";"HURA S.A.S.                                       ";ALVEAR 671;951606;"21100          ";21100 - ESTANTE ORGANIZADOR RECTANGULAR 25x12x7;2;2;2;23219210;080926090257436;182003134;;;;07/29/2031 00:00:00;2;13858062;08/09/2026 09:02:58;Maximiliano;Nievas;;;;;;Maximiliano Nievas;
14161288;08/09/2026 09:11:36;3;2;0001  214733-1;05;CAMION EXP 1;2092925;"HU03    ";"HURA S.A.S.                                       ";ALVEAR 671;951565;"20-205         ";20-205 - MONOCOMANDO DE COCINA STEEL;3;3;3;23219210;080926090257436;182009986;;;;07/28/2031 00:00:00;3;13858062;08/09/2026 09:02:58;Maximiliano;Nievas;;;;;;Maximiliano Nievas;
14161288;08/09/2026 09:11:36;3;2;0001  214733-1;05;CAMION EXP 1;2092925;"HU03    ";"HURA S.A.S.                                       ";ALVEAR 671;951553;"20-184         ";"MONOCOMANDO DE COCINA CR SUV                                          ";10;10;10;23219210;080926090257436;182003382;;;;10/04/2031 00:00:00;10;13858062;08/09/2026 09:02:58;Maximiliano;Nievas;;;;;;Maximiliano Nievas;
14161288;08/09/2026 09:11:36;3;2;0001  214733-1;05;CAMION EXP 1;2092925;"HU03    ";"HURA S.A.S.                                       ";ALVEAR 671;951545;"20-172         ";20-172 - COCINA MESADA MONOC. COLORS NEGRO;3;3;3;23219210;080926090257436;182003101;;;;07/28/2031 00:00:00;3;13858062;08/09/2026 09:02:58;Maximiliano;Nievas;;;;;;Maximiliano Nievas;
14161288;08/09/2026 09:11:36;3;2;0001  214733-1;05;CAMION EXP 1;2092925;"HU03    ";"HURA S.A.S.                                       ";ALVEAR 671;951536;"20-162         ";20-162 - MONOCOMANDO COCINA ADRA;10;10;10;23219210;080926090257436;182014899;;;;07/28/2031 00:00:00;10;13858062;08/09/2026 09:02:58;Maximiliano;Nievas;;;;;;Maximiliano Nievas;
14161288;08/09/2026 09:11:36;3;2;0001  214733-1;05;CAMION EXP 1;2092925;"HU03    ";"HURA S.A.S.                                       ";ALVEAR 671;951533;"20-150         ";20-150 - MONOCOMANDO MESADA COCINA TOLEDO;2;2;2;23219210;080926090257436;182004991;;;;07/27/2031 00:00:00;2;13858062;08/09/2026 09:02:58;Maximiliano;Nievas;;;;;;Maximiliano Nievas;
14161288;08/09/2026 09:11:36;3;2;0001  214733-1;05;CAMION EXP 1;2092925;"HU03    ";"HURA S.A.S.                                       ";ALVEAR 671;951531;"20-146N        ";20-146N - MONOCOMANDO DE COCINA BLACK LINEA MOVE;2;2;2;23219210;080926090257436;182012987;;;;07/30/2031 00:00:00;2;13858062;08/09/2026 09:02:58;Maximiliano;Nievas;;;;;;Maximiliano Nievas;
14161288;08/09/2026 09:11:36;3;2;0001  214733-1;05;CAMION EXP 1;2092925;"HU03    ";"HURA S.A.S.                                       ";ALVEAR 671;951530;"20-146         ";20-146 - MONOCOMANDO DE COCINA CR LINEA MOVE;3;3;3;23219210;080926090257436;182013090;;;;10/09/2031 00:00:00;3;13858062;08/09/2026 09:02:58;Maximiliano;Nievas;;;;;;Maximiliano Nievas;
14161288;08/09/2026 09:11:36;3;2;0001  214733-1;05;CAMION EXP 1;2092925;"HU03    ";"HURA S.A.S.                                       ";ALVEAR 671;951528;"20-140         ";20-140 - MONOCOMANDO DE COCINA LINEA CUINA;3;3;3;23219210;080926090257436;182003739;;;;10/07/2031 00:00:00;3;13858062;08/09/2026 09:02:58;Maximiliano;Nievas;;;;;;Maximiliano Nievas;
14161288;08/09/2026 09:11:36;3;2;0001  214733-1;05;CAMION EXP 1;2092925;"HU03    ";"HURA S.A.S.                                       ";ALVEAR 671;951523;"20-134         ";20-134 - MONOCOMANDO COCINA BETIS;6;6;6;23219210;080926090257436;182015811;;;;08/11/2031 00:00:00;6;13858062;08/09/2026 09:02:58;Maximiliano;Nievas;;;;;;Maximiliano Nievas;
14161288;08/09/2026 09:11:36;3;2;0001  214733-1;05;CAMION EXP 1;2092925;"HU03    ";"HURA S.A.S.                                       ";ALVEAR 671;951488;"20-102         ";"20-102 - MONOCOMANDO MESADA CROMO ""RENACER""";10;10;10;23219210;080926090257436;182015953;;;;08/20/2031 00:00:00;10;13858062;08/09/2026 09:02:58;Maximiliano;Nievas;;;;;;Maximiliano Nievas;
14161288;08/09/2026 09:11:36;3;2;0001  214733-1;05;CAMION EXP 1;2092925;"HU03    ";"HURA S.A.S.                                       ";ALVEAR 671;951258;"16006          ";16006 - SET 6 PIEZAS ACCESORIOS LINEA 16000;4;4;4;23219210;080926090257436;182015568;;;;07/29/2031 00:00:00;4;13858062;08/09/2026 09:02:58;Maximiliano;Nievas;;;;;;Maximiliano Nievas;
14161288;08/09/2026 09:11:36;3;2;0001  214733-1;05;CAMION EXP 1;2092925;"HU03    ";"HURA S.A.S.                                       ";ALVEAR 671;951137;"13050          ";"JABONERA LINEA 13000                                                  ";4;4;4;23219210;080926090257436;182002142;;;;07/31/2031 00:00:00;4;13858062;08/09/2026 09:02:58;Maximiliano;Nievas;;;;;;Maximiliano Nievas;
14161288;08/09/2026 09:11:36;3;2;0001  214733-1;05;CAMION EXP 1;2092925;"HU03    ";"HURA S.A.S.                                       ";ALVEAR 671;951117;"12006N         ";"SET DE 6 PIEZAS LINEA 12000 BLACK                                     ";4;4;4;23219210;080926090257436;182015410;;;;09/01/2031 00:00:00;4;13858062;08/09/2026 09:02:58;Maximiliano;Nievas;;;;;;Maximiliano Nievas;
14161288;08/09/2026 09:11:36;3;2;0001  214733-1;05;CAMION EXP 1;2092925;"HU03    ";"HURA S.A.S.                                       ";ALVEAR 671;951116;"12006          ";"SET DE 6 PIEZAS LINEA 12000                                           ";10;10;10;23219210;080926090257436;182013172;;;;07/30/2031 00:00:00;10;13858062;08/09/2026 09:02:58;Maximiliano;Nievas;;;;;;Maximiliano Nievas;
14161288;08/09/2026 09:11:36;3;2;0001  214733-1;05;CAMION EXP 1;2092925;"HU03    ";"HURA S.A.S.                                       ";ALVEAR 671;951113;"12004N         ";"SET DE 4 PIEZAS LINEA 12000 BLACK                                     ";4;4;4;23219210;080926090257436;182010230;;;;09/01/2031 00:00:00;4;13858062;08/09/2026 09:02:58;Maximiliano;Nievas;;;;;;Maximiliano Nievas;
14161288;08/09/2026 09:11:36;3;2;0001  214733-1;05;CAMION EXP 1;2092925;"HU03    ";"HURA S.A.S.                                       ";ALVEAR 671;951102;"11040          ";"PORTA ROLLO LINEA 11000                                               ";4;4;4;23219210;080926090257436;182002283;;;;07/27/2031 00:00:00;4;13858062;08/09/2026 09:02:58;Maximiliano;Nievas;;;;;;Maximiliano Nievas;
14161288;08/09/2026 09:11:36;3;2;0001  214733-1;05;CAMION EXP 1;2092925;"HU03    ";"HURA S.A.S.                                       ";ALVEAR 671;951101;"11030          ";"PERCHA LINEA 11000                                                    ";3;3;3;23219210;080926090257436;182002244;;;;07/28/2031 00:00:00;3;13858062;08/09/2026 09:02:58;Maximiliano;Nievas;;;;;;Maximiliano Nievas;
14161288;08/09/2026 09:11:36;3;2;0001  214733-1;05;CAMION EXP 1;2092925;"HU03    ";"HURA S.A.S.                                       ";ALVEAR 671;951098;"11006          ";"SET DE 6 PIEZAS LINEA 11000                                           ";10;10;10;23219210;080926090257436;182013441;;;;07/29/2031 00:00:00;10;13858062;08/09/2026 09:02:58;Maximiliano;Nievas;;;;;;Maximiliano Nievas;
14161288;08/09/2026 09:11:36;3;2;0001  214733-1;05;CAMION EXP 1;2092925;"HU03    ";"HURA S.A.S.                                       ";ALVEAR 671;951018;"10040CR        ";"PORTA ROLLO LINEA 10000 MINIMALISTA                                   ";2;2;2;23219210;080926090257436;182002354;;;;12/28/2031 00:00:00;2;13858062;08/09/2026 09:02:58;Maximiliano;Nievas;;;;;;Maximiliano Nievas;
14161288;08/09/2026 09:11:36;3;2;0001  214733-1;05;CAMION EXP 1;2092925;"HU03    ";"HURA S.A.S.                                       ";ALVEAR 671;956417;"INO104N-1      ";"INODORO BLACK C/ASIENTO LINEA STONE                                   ";4;4;4;23219210;080926090257436;182001702;;;;10/16/2031 00:00:00;4;13858062;08/09/2026 09:02:58;Maximiliano;Nievas;;;;;;Maximiliano Nievas;
14161288;08/09/2026 09:11:36;3;2;0001  214733-1;05;CAMION EXP 1;2092925;"HU03    ";"HURA S.A.S.                                       ";ALVEAR 671;956415;"INO104-1       ";"INODORO BLANCO C/ASIENTO LINEA STONE                                  ";1;1;1;23219210;080926090257436;182001309;;;;01/20/2032 00:00:00;1;13858062;08/09/2026 09:02:58;Maximiliano;Nievas;;;;;;Maximiliano Nievas;
14161288;08/09/2026 09:11:36;3;2;0001  214733-1;05;CAMION EXP 1;2092925;"HU03    ";"HURA S.A.S.                                       ";ALVEAR 671;956414;"INO103-2       ";"DEPOSITO C/DESCARGA DUAL BLANCO LINEA URBAN                           ";2;2;2;23219210;080926090257436;182001027;;;;09/03/2031 00:00:00;2;13858062;08/09/2026 09:02:58;Maximiliano;Nievas;;;;;;Maximiliano Nievas;
14161288;08/09/2026 09:11:36;3;2;0001  214733-1;05;CAMION EXP 1;2092925;"HU03    ";"HURA S.A.S.                                       ";ALVEAR 671;955159;"D439           ";D439 - KIT DE DUCHA MANUAL;3;3;3;23219210;080926090257436;182018442;;;;12/16/2031 00:00:00;3;13858062;08/09/2026 09:02:58;Maximiliano;Nievas;;;;;;Maximiliano Nievas;
14161288;08/09/2026 09:11:36;3;2;0001  214733-1;05;CAMION EXP 1;2092925;"HU03    ";"HURA S.A.S.                                       ";ALVEAR 671;954948;"BID104N-1      ";"BIDE 1 AGUJERO BLACK LINEA STONE                                      ";4;4;4;23219210;080926090257436;182001561;;;;01/18/2032 00:00:00;4;13858062;08/09/2026 09:02:58;Maximiliano;Nievas;;;;;;Maximiliano Nievas;
14161288;08/09/2026 09:11:36;3;2;0001  214733-1;05;CAMION EXP 1;2092925;"HU03    ";"HURA S.A.S.                                       ";ALVEAR 671;954947;"BID104-3       ";"BIDE 3 AGUJEROS BLANCO LINEA STONE                                    ";1;1;1;23219210;080926090257436;182001158;;;;07/30/2031 00:00:00;1;13858062;08/09/2026 09:02:58;Maximiliano;Nievas;;;;;;Maximiliano Nievas;
14161288;08/09/2026 09:11:36;3;2;0001  214733-1;05;CAMION EXP 1;2092925;"HU03    ";"HURA S.A.S.                                       ";ALVEAR 671;954946;"BID104-1       ";"BIDE 1 AGUJERO BLANCO LINEA STONE                                     ";3;3;3;23219210;080926090257436;182001241;;;;01/20/2032 00:00:00;3;13858062;08/09/2026 09:02:58;Maximiliano;Nievas;;;;;;Maximiliano Nievas;
14161288;08/09/2026 09:11:36;3;2;0001  214733-1;05;CAMION EXP 1;2092925;"HU03    ";"HURA S.A.S.                                       ";ALVEAR 671;954945;"BID103-3       ";"BIDE 3 AGUJEROS BLANCO LINEA URBAN                                    ";1;1;1;23219210;080926090257436;182001093;;;;07/30/2031 00:00:00;1;13858062;08/09/2026 09:02:58;Maximiliano;Nievas;;;;;;Maximiliano Nievas;
14161288;08/09/2026 09:11:36;3;2;0001  214733-1;05;CAMION EXP 1;2092925;"HU03    ";"HURA S.A.S.                                       ";ALVEAR 671;954921;"BCH18          ";BCH18 - BACHA DE APOYAR SIMIL MARMOL 460x320x140;3;3;3;23219210;080926090257436;182016288;;;;10/04/2031 00:00:00;3;13858062;08/09/2026 09:02:58;Maximiliano;Nievas;;;;;;Maximiliano Nievas;
14161288;08/09/2026 09:11:36;3;2;0001  214733-1;05;CAMION EXP 1;2092925;"HU03    ";"HURA S.A.S.                                       ";ALVEAR 671;954914;"BCH12          ";BCH12 - BACHA DE APOYAR BLANCA 460x320x140;3;3;3;23219210;080926090257436;182016138;;;;11/10/2031 00:00:00;3;13858062;08/09/2026 09:02:58;Maximiliano;Nievas;;;;;;Maximiliano Nievas;
14161288;08/09/2026 09:11:36;3;2;0001  214733-1;05;CAMION EXP 1;2092925;"HU03    ";"HURA S.A.S.                                       ";ALVEAR 671;954911;"BCH10          ";BCH10 - BACHA DE APOYAR NEGRO MATE 460x320x140;1;1;1;23219210;080926090257436;182016331;;;;07/28/2031 00:00:00;1;13858062;08/09/2026 09:02:58;Maximiliano;Nievas;;;;;;Maximiliano Nievas;
14161288;08/09/2026 09:11:36;3;2;0001  214733-1;05;CAMION EXP 1;2092925;"HU03    ";"HURA S.A.S.                                       ";ALVEAR 671;954906;"BCH05          ";BCH05 - BACHA DE APOYAR CUADRADA 370x370x130;1;1;1;23219210;080926090257436;182017788;;;;07/27/2031 00:00:00;1;13858062;08/09/2026 09:02:58;Maximiliano;Nievas;;;;;;Maximiliano Nievas;
14161288;08/09/2026 09:11:36;3;2;0001  214733-1;05;CAMION EXP 1;2092925;"HU03    ";"HURA S.A.S.                                       ";ALVEAR 671;954883;"BAI01G         ";BAI01G - BACHA EMB COCINA C/ACCESORIOS 750x450x220 GOLD BRUSHED;1;1;1;23219210;080926090257436;182017633;;;;07/30/2031 00:00:00;1;13858062;08/09/2026 09:02:58;Maximiliano;Nievas;;;;;;Maximiliano Nievas;
14161288;08/09/2026 09:11:36;3;2;0001  214733-1;05;CAMION EXP 1;2092925;"HU03    ";"HURA S.A.S.                                       ";ALVEAR 671;953351;"85-183         ";"DUCHA EMB C/TRANSF Y DUCHADOR MONOC MAT                               ";7;7;7;23219210;080926090257436;182011457;;;;01/12/2032 00:00:00;7;13858062;08/09/2026 09:02:58;Maximiliano;Nievas;;;;;;Maximiliano Nievas;
14161288;08/09/2026 09:11:36;3;2;0001  214733-1;05;CAMION EXP 1;2092925;"HU03    ";"HURA S.A.S.                                       ";ALVEAR 671;953322;"83-205         ";83-205 - DUCHA EXT C/TRANSF MONOC STEEL PICO CURVO;2;2;2;23219210;080926090257436;182003053;;;;07/27/2031 00:00:00;2;13858062;08/09/2026 09:02:58;Maximiliano;Nievas;;;;;;Maximiliano Nievas;
14161288;08/09/2026 09:11:36;3;2;0001  214733-1;05;CAMION EXP 1;2092925;"HU03    ";"HURA S.A.S.                                       ";ALVEAR 671;953317;"83-176N        ";83-176N - DUCHA EXT. C/TRANSF. MONOC BLACK RIO;3;3;3;23219210;080926090257436;182005219;;;;07/29/2031 00:00:00;3;13858062;08/09/2026 09:02:58;Maximiliano;Nievas;;;;;;Maximiliano Nievas;
14161288;08/09/2026 09:11:36;3;2;0001  214733-1;05;CAMION EXP 1;2092925;"HU03    ";"HURA S.A.S.                                       ";ALVEAR 671;953312;"83-133         ";83-133 - DUCHA EXT. C/TRANSF. MONOCOMANDO LUGO;2;2;2;23219210;080926090257436;182014798;;;;07/30/2031 00:00:00;2;13858062;08/09/2026 09:02:58;Maximiliano;Nievas;;;;;;Maximiliano Nievas;
14161288;08/09/2026 09:11:36;3;2;0001  214733-1;05;CAMION EXP 1;2092925;"HU03    ";"HURA S.A.S.                                       ";ALVEAR 671;953161;"80-205         ";80-205 - DUCHA EMB. C/TRANSF. MONOC STEEL;3;3;3;23219210;080926090257436;182003974;;;;08/11/2031 00:00:00;3;13858062;08/09/2026 09:02:58;Maximiliano;Nievas;;;;;;Maximiliano Nievas;
14161288;08/09/2026 09:11:36;3;2;0001  214733-1;05;CAMION EXP 1;2092925;"HU03    ";"HURA S.A.S.                                       ";ALVEAR 671;953152;"80-200C        ";80-200C - DUCHA EMB. MONOC. 3 FUNCIONES CR FABRIC;1;1;1;23219210;080926090257436;182018999;;;;12/14/2031 00:00:00;1;13858062;08/09/2026 09:02:58;Maximiliano;Nievas;;;;;;Maximiliano Nievas;
14161288;08/09/2026 09:11:36;3;2;0001  214733-1;05;CAMION EXP 1;2092925;"HU03    ";"HURA S.A.S.                                       ";ALVEAR 671;953104;"80-153         ";80-153 - DUCHA EMB. C/TRANSF. CR C.CERAM CASTILLA;1;1;1;23219210;080926090257436;182018804;;;;11/04/2031 00:00:00;1;13858062;08/09/2026 09:02:58;Maximiliano;Nievas;;;;;;Maximiliano Nievas;
14161288;08/09/2026 09:11:36;3;2;0001  214733-1;05;CAMION EXP 1;2092925;"HU03    ";"HURA S.A.S.                                       ";ALVEAR 671;952956;"70-205         ";70-205 - BIDE MONOCOMANDO STEEL;2;2;2;23219210;080926090257436;182003187;;;;11/08/2031 00:00:00;2;13858062;08/09/2026 09:02:58;Maximiliano;Nievas;;;;;;Maximiliano Nievas;
14161288;08/09/2026 09:11:36;3;2;0001  214733-1;05;CAMION EXP 1;2092925;"HU03    ";"HURA S.A.S.                                       ";ALVEAR 671;952955;"70-203N        ";"BIDE MONOCOMANDO ADRA BLACK                                           ";2;2;2;23219210;080926090257436;182002898;;;;07/27/2031 00:00:00;2;13858062;08/09/2026 09:02:58;Maximiliano;Nievas;;;;;;Maximiliano Nievas;
14161288;08/09/2026 09:11:36;3;2;0001  214733-1;05;CAMION EXP 1;2092925;"HU03    ";"HURA S.A.S.                                       ";ALVEAR 671;952933;"70-183         ";"BIDE MONOCOMANDO C/TRANSF MAT                                         ";5;5;5;23219210;080926090257436;182011078;;;;11/02/2031 00:00:00;5;13858062;08/09/2026 09:02:58;Maximiliano;Nievas;;;;;;Maximiliano Nievas;
14161288;08/09/2026 09:11:36;3;2;0001  214733-1;05;CAMION EXP 1;2092925;"HU03    ";"HURA S.A.S.                                       ";ALVEAR 671;952926;"70-176N        ";70-176N - BIDE MONOC C/TRANSF BLACK RIO;2;2;2;23219210;080926090257436;182004498;;;;11/23/2031 00:00:00;2;13858062;08/09/2026 09:02:58;Maximiliano;Nievas;;;;;;Maximiliano Nievas;
14161288;08/09/2026 09:11:36;3;2;0001  214733-1;05;CAMION EXP 1;2092925;"HU03    ";"HURA S.A.S.                                       ";ALVEAR 671;952873;"70-100C        ";70-100C - BIDE CR C.CERAM FABRIC;1;1;1;23219210;080926090257436;182018844;;;;07/31/2031 00:00:00;1;13858062;08/09/2026 09:02:58;Maximiliano;Nievas;;;;;;Maximiliano Nievas;
14161288;08/09/2026 09:11:36;3;2;0001  214733-1;05;CAMION EXP 1;2092925;"HU03    ";"HURA S.A.S.                                       ";ALVEAR 671;952800;"63-183         ";"LAVATORIO PARED EMB MONOCOMANDO MAT                                   ";1;1;1;23219210;080926090257436;182011239;;;;01/12/2032 00:00:00;1;13858062;08/09/2026 09:02:58;Maximiliano;Nievas;;;;;;Maximiliano Nievas;
14161288;08/09/2026 09:11:36;3;2;0001  214733-1;05;CAMION EXP 1;2092925;"HU03    ";"HURA S.A.S.                                       ";ALVEAR 671;952728;"61-205         ";61-205 - LAVATORIO MONOC ALTO STEEL;2;2;2;23219210;080926090257436;182003245;;;;07/28/2031 00:00:00;2;13858062;08/09/2026 09:02:58;Maximiliano;Nievas;;;;;;Maximiliano Nievas;
14161288;08/09/2026 09:11:36;3;2;0001  214733-1;05;CAMION EXP 1;2092925;"HU03    ";"HURA S.A.S.                                       ";ALVEAR 671;952727;"61-203N        ";"LAVATORIO MONOCOMANDO ALTO ADRA BLACK                                 ";4;4;4;23219210;080926090257436;182018710;;;;01/06/2032 00:00:00;4;13858062;08/09/2026 09:02:58;Maximiliano;Nievas;;;;;;Maximiliano Nievas;
14161288;08/09/2026 09:11:36;3;2;0001  214733-1;05;CAMION EXP 1;2092925;"HU03    ";"HURA S.A.S.                                       ";ALVEAR 671;952723;"61-200C        ";61-200C - LAVATORIO MONOC ALTO CR FABRIC;1;1;1;23219210;080926090257436;182002978;;;;07/27/2031 00:00:00;1;13858062;08/09/2026 09:02:58;Maximiliano;Nievas;;;;;;Maximiliano Nievas;
14161288;08/09/2026 09:11:36;3;2;0001  214733-1;05;CAMION EXP 1;2092925;"HU03    ";"HURA S.A.S.                                       ";ALVEAR 671;952719;"61-183         ";"LAVATORIO MONOCOMANDO ALTO MAT                                        ";2;2;2;23219210;080926090257436;182010634;;;;11/02/2031 00:00:00;2;13858062;08/09/2026 09:02:58;Maximiliano;Nievas;;;;;;Maximiliano Nievas;
14161288;08/09/2026 09:11:36;3;2;0001  214733-1;05;CAMION EXP 1;2092925;"HU03    ";"HURA S.A.S.                                       ";ALVEAR 671;952713;"61-176N        ";61-176N - LAVATORIO MONOC ALTO BLACK RIO;5;5;5;23219210;080926090257436;182004154;;;;07/29/2031 00:00:00;5;13858062;08/09/2026 09:02:58;Maximiliano;Nievas;;;;;;Maximiliano Nievas;
14161288;08/09/2026 09:11:36;3;2;0001  214733-1;05;CAMION EXP 1;2092925;"HU03    ";"HURA S.A.S.                                       ";ALVEAR 671;952712;"61-176         ";61-176 - LAVATORIO MONOC ALTO CR RIO;2;2;2;23219210;080926090257436;182005472;;;;10/09/2031 00:00:00;2;13858062;08/09/2026 09:02:58;Maximiliano;Nievas;;;;;;Maximiliano Nievas;
14162291;08/09/2026 08:04:58;3;2;0001  215120-1;05;CAMION EXP 1;2094813;"TO04    ";"TOBA S.R.L.                                       ";AV. AGUIRRE SUR 2840;953477;"934/CR         ";934/CR - J.PARED C/EXT CRUZ CR/CR ARES;24;24;24;23172705;080926080457147;182017998;;;;01/03/2032 00:00:00;24;13855872;08/09/2026 08:04:57;Tiago;Rodriguez;24451839;05/09/2026 09:14:39;6646;Agustin;Vanegas;Tiago Rodriguez;Agustin Vanegas
14162291;08/09/2026 08:04:58;3;2;0001  215120-1;05;CAMION EXP 1;2094813;"TO04    ";"TOBA S.R.L.                                       ";AV. AGUIRRE SUR 2840;953474;"933            ";933 - JGO PARED C/EXT CR DIQUE;20;20;20;23172705;080926080457147;182019286;;;;01/07/2032 00:00:00;20;13855872;08/09/2026 08:04:57;Tiago;Rodriguez;24451839;05/09/2026 09:14:39;6646;Agustin;Vanegas;Tiago Rodriguez;Agustin Vanegas
14162291;08/09/2026 08:04:58;3;2;0001  215120-1;05;CAMION EXP 1;2094813;"TO04    ";"TOBA S.R.L.                                       ";AV. AGUIRRE SUR 2840;953437;"914/CR         ";914/CR - JGO.MDA.P.CAÑO CR ARES;20;20;20;23172705;080926080457147;182017634;;;;01/13/2032 00:00:00;20;13855872;08/09/2026 08:04:57;Tiago;Rodriguez;24451839;05/09/2026 09:14:39;6646;Agustin;Vanegas;Tiago Rodriguez;Agustin Vanegas
14162291;08/09/2026 08:04:58;3;2;0001  215120-1;05;CAMION EXP 1;2094813;"TO04    ";"TOBA S.R.L.                                       ";AV. AGUIRRE SUR 2840;953432;"910/M          ";"910/M - JGO.MDA.P.CANO CROMO ""DIQUE""";20;20;20;23172705;080926080457147;182016629;;;;12/21/2031 00:00:00;20;13855872;08/09/2026 08:04:57;Tiago;Rodriguez;24451839;05/09/2026 09:14:39;6646;Agustin;Vanegas;Tiago Rodriguez;Agustin Vanegas
14162291;08/09/2026 08:04:58;3;2;0001  215120-1;05;CAMION EXP 1;2094813;"TO04    ";"TOBA S.R.L.                                       ";AV. AGUIRRE SUR 2840;953312;"83-133         ";83-133 - DUCHA EXT. C/TRANSF. MONOCOMANDO LUGO;20;20;20;23172705;080926080457147;182010320;;;;07/30/2031 00:00:00;2;13855872;08/09/2026 08:04:57;Tiago;Rodriguez;24451839;05/09/2026 09:14:39;6646;Agustin;Vanegas;Tiago Rodriguez;Agustin Vanegas
14162291;08/09/2026 08:04:58;3;2;0001  215120-1;05;CAMION EXP 1;2094813;"TO04    ";"TOBA S.R.L.                                       ";AV. AGUIRRE SUR 2840;953158;"80-203N        ";"DUCHA EMB C/TRANSF. MONOCOMANDO ADRA BLACK PLUS                       ";2;2;2;23172705;080926080457147;182002759;;;;07/28/2031 00:00:00;2;13855872;08/09/2026 08:04:57;Tiago;Rodriguez;24451839;05/09/2026 09:14:39;6646;Agustin;Vanegas;Tiago Rodriguez;Agustin Vanegas
14162291;08/09/2026 08:04:58;3;2;0001  215120-1;05;CAMION EXP 1;2094813;"TO04    ";"TOBA S.R.L.                                       ";AV. AGUIRRE SUR 2840;953138;"80-192         ";80-192 - DUCHA EMB. C/TRANSF. SORIA BLACK;4;4;4;23172705;080926080457147;182004402;;;;07/28/2031 00:00:00;4;13855872;08/09/2026 08:04:57;Tiago;Rodriguez;24451839;05/09/2026 09:14:39;6646;Agustin;Vanegas;Tiago Rodriguez;Agustin Vanegas
14162291;08/09/2026 08:04:58;3;2;0001  215120-1;05;CAMION EXP 1;2094813;"TO04    ";"TOBA S.R.L.                                       ";AV. AGUIRRE SUR 2840;953136;"80-190P        ";80-190P - DUCHA EMB. C/TRANSF. C.CERAM BLACK VELVET PLUS;2;2;2;23172705;080926080457147;182013963;;;;07/29/2031 00:00:00;2;13855872;08/09/2026 08:04:57;Tiago;Rodriguez;24451839;05/09/2026 09:14:39;6646;Agustin;Vanegas;Tiago Rodriguez;Agustin Vanegas
14162291;08/09/2026 08:04:58;3;2;0001  215120-1;05;CAMION EXP 1;2094813;"TO04    ";"TOBA S.R.L.                                       ";AV. AGUIRRE SUR 2840;953104;"80-153         ";80-153 - DUCHA EMB. C/TRANSF. CR C.CERAM CASTILLA;10;10;10;23172705;080926080457147;182012850;;;;11/04/2031 00:00:00;9;13855872;08/09/2026 08:04:57;Tiago;Rodriguez;24451839;05/09/2026 09:14:39;6646;Agustin;Vanegas;Tiago Rodriguez;Agustin Vanegas
14162291;08/09/2026 08:04:58;3;2;0001  215120-1;05;CAMION EXP 1;2094813;"TO04    ";"TOBA S.R.L.                                       ";AV. AGUIRRE SUR 2840;953102;"80-152         ";80-152 - DUCHA EMB. CR C/TRANSF. MONOCOMANDO SORIA;4;4;4;23172705;080926080457147;182003975;;;;10/26/2031 00:00:00;2;13855872;08/09/2026 08:04:57;Tiago;Rodriguez;24451839;05/09/2026 09:14:39;6646;Agustin;Vanegas;Tiago Rodriguez;Agustin Vanegas
14162291;08/09/2026 08:04:58;3;2;0001  215120-1;05;CAMION EXP 1;2094813;"TO04    ";"TOBA S.R.L.                                       ";AV. AGUIRRE SUR 2840;953028;"80-010         ";80-010 - DUCHA EMB. C/TRANSF. BL/CR LORCA;20;20;20;23172705;080926080457147;182015675;;;;09/16/2031 00:00:00;20;13855872;08/09/2026 08:04:57;Tiago;Rodriguez;24451839;05/09/2026 09:14:39;6646;Agustin;Vanegas;Tiago Rodriguez;Agustin Vanegas
14162291;08/09/2026 08:04:58;3;2;0001  215120-1;05;CAMION EXP 1;2094813;"TO04    ";"TOBA S.R.L.                                       ";AV. AGUIRRE SUR 2840;952909;"70-153         ";70-153 - BIDE CR C.CERAM CASTILLA;8;8;8;23172705;080926080457147;182012953;;;;10/20/2031 00:00:00;8;13855872;08/09/2026 08:04:57;Tiago;Rodriguez;24451839;05/09/2026 09:14:39;6646;Agustin;Vanegas;Tiago Rodriguez;Agustin Vanegas
14162291;08/09/2026 08:04:58;3;2;0001  215120-1;05;CAMION EXP 1;2094813;"TO04    ";"TOBA S.R.L.                                       ";AV. AGUIRRE SUR 2840;952774;"62-190         ";62-190 - LAVATORIO PARED EMB. C.CERAM BLACK VELVET;3;3;3;23172705;080926080457147;182013490;;;;09/02/2031 00:00:00;3;13855872;08/09/2026 08:04:57;Tiago;Rodriguez;24451839;05/09/2026 09:14:39;6646;Agustin;Vanegas;Tiago Rodriguez;Agustin Vanegas
14162291;08/09/2026 08:04:58;3;2;0001  215120-1;05;CAMION EXP 1;2094813;"TO04    ";"TOBA S.R.L.                                       ";AV. AGUIRRE SUR 2840;952756;"62-153         ";62-153 - LAVATORIO PARED EMB. C.CERAM CASTILLA;2;2;2;23172705;080926080457147;182011830;;;;01/21/2032 00:00:00;2;13855872;08/09/2026 08:04:57;Tiago;Rodriguez;24451839;05/09/2026 09:14:39;6646;Agustin;Vanegas;Tiago Rodriguez;Agustin Vanegas
14162291;08/09/2026 08:04:58;3;2;0001  215120-1;05;CAMION EXP 1;2094813;"TO04    ";"TOBA S.R.L.                                       ";AV. AGUIRRE SUR 2840;952728;"61-205         ";61-205 - LAVATORIO MONOC ALTO STEEL;5;5;5;23172705;080926080457147;182002920;;;;07/28/2031 00:00:00;5;13855872;08/09/2026 08:04:57;Tiago;Rodriguez;24451839;05/09/2026 09:14:39;6646;Agustin;Vanegas;Tiago Rodriguez;Agustin Vanegas
14162291;08/09/2026 08:04:58;3;2;0001  215120-1;05;CAMION EXP 1;2094813;"TO04    ";"TOBA S.R.L.                                       ";AV. AGUIRRE SUR 2840;952727;"61-203N        ";"LAVATORIO MONOCOMANDO ALTO ADRA BLACK                                 ";12;12;12;23172705;080926080457147;182013501;;;;01/06/2032 00:00:00;12;13855872;08/09/2026 08:04:57;Tiago;Rodriguez;24451839;05/09/2026 09:14:39;6646;Agustin;Vanegas;Tiago Rodriguez;Agustin Vanegas
14162291;08/09/2026 08:04:58;3;2;0001  215120-1;05;CAMION EXP 1;2094813;"TO04    ";"TOBA S.R.L.                                       ";AV. AGUIRRE SUR 2840;952720;"61-192         ";61-192 - LAVATORIO ALTO SORIA BLACK;3;3;3;23172705;080926080457147;182004123;;;;07/27/2031 00:00:00;1;13855872;08/09/2026 08:04:57;Tiago;Rodriguez;24451839;05/09/2026 09:14:39;6646;Agustin;Vanegas;Tiago Rodriguez;Agustin Vanegas
14162291;08/09/2026 08:04:58;3;2;0001  215120-1;05;CAMION EXP 1;2094813;"TO04    ";"TOBA S.R.L.                                       ";AV. AGUIRRE SUR 2840;952678;"60-203N        ";"LAVATORIO MONOCOMANDO BAJO ADRA BLACK                                 ";6;6;6;23172705;080926080457147;182013766;;;;01/06/2032 00:00:00;5;13855872;08/09/2026 08:04:57;Tiago;Rodriguez;24451839;05/09/2026 09:14:39;6646;Agustin;Vanegas;Tiago Rodriguez;Agustin Vanegas
14162291;08/09/2026 08:04:58;3;2;0001  215120-1;05;CAMION EXP 1;2094813;"TO04    ";"TOBA S.R.L.                                       ";AV. AGUIRRE SUR 2840;952631;"60-153         ";60-153 - LAVATORIO CR C.CERAMICO CASTILLA;10;10;10;23172705;080926080457147;182012009;;;;11/23/2031 00:00:00;10;13855872;08/09/2026 08:04:57;Tiago;Rodriguez;24451839;05/09/2026 09:14:39;6646;Agustin;Vanegas;Tiago Rodriguez;Agustin Vanegas
14162291;08/09/2026 08:04:58;3;2;0001  215120-1;05;CAMION EXP 1;2094813;"TO04    ";"TOBA S.R.L.                                       ";AV. AGUIRRE SUR 2840;952596;"60-100G        ";60-100G - LAVATORIO GOLD C.CERAM FABRIC;4;4;4;23172705;080926080457147;182014234;;;;11/10/2031 00:00:00;4;13855872;08/09/2026 08:04:57;Tiago;Rodriguez;24451839;05/09/2026 09:14:39;6646;Agustin;Vanegas;Tiago Rodriguez;Agustin Vanegas
14162291;08/09/2026 08:04:58;3;2;0001  215120-1;05;CAMION EXP 1;2094813;"TO04    ";"TOBA S.R.L.                                       ";AV. AGUIRRE SUR 2840;952595;"60-100C        ";60-100C - LAVATORIO CR C.CERAM FABRIC;2;2;2;23172705;080926080457147;182014133;;;;08/17/2031 00:00:00;2;13855872;08/09/2026 08:04:57;Tiago;Rodriguez;24451839;05/09/2026 09:14:39;6646;Agustin;Vanegas;Tiago Rodriguez;Agustin Vanegas
14162291;08/09/2026 08:04:58;3;2;0001  215120-1;05;CAMION EXP 1;2094813;"TO04    ";"TOBA S.R.L.                                       ";AV. AGUIRRE SUR 2840;952551;"60-010         ";60-010 - LAVATORIO BL/CR LORCA;20;20;20;23172705;080926080457147;182016184;;;;12/07/2031 00:00:00;20;13855872;08/09/2026 08:04:57;Tiago;Rodriguez;24451839;05/09/2026 09:14:39;6646;Agustin;Vanegas;Tiago Rodriguez;Agustin Vanegas
14162291;08/09/2026 08:04:58;3;2;0001  215120-1;05;CAMION EXP 1;2094813;"TO04    ";"TOBA S.R.L.                                       ";AV. AGUIRRE SUR 2840;952292;"434/CR         ";434/CR - DUCHA EMB.C/TRANSF CR ARES;10;10;10;23172705;080926080457147;182017062;;;;01/12/2032 00:00:00;10;13855872;08/09/2026 08:04:57;Tiago;Rodriguez;24451839;05/09/2026 09:14:39;6646;Agustin;Vanegas;Tiago Rodriguez;Agustin Vanegas
14162291;08/09/2026 08:04:58;3;2;0001  215120-1;05;CAMION EXP 1;2094813;"TO04    ";"TOBA S.R.L.                                       ";AV. AGUIRRE SUR 2840;951620;"214/CR         ";214/CR - LAVATORIO CR/CR ARES;12;12;12;23172705;080926080457147;182014471;;;;01/27/2032 00:00:00;12;13855872;08/09/2026 08:04:57;Tiago;Rodriguez;24451839;05/09/2026 09:14:39;6646;Agustin;Vanegas;Tiago Rodriguez;Agustin Vanegas
14162291;08/09/2026 08:04:58;3;2;0001  215120-1;05;CAMION EXP 1;2094813;"TO04    ";"TOBA S.R.L.                                       ";AV. AGUIRRE SUR 2840;953152;"80-200C        ";80-200C - DUCHA EMB. MONOC. 3 FUNCIONES CR FABRIC;2;2;2;23215879;080926073924084;182019664;;;;12/14/2031 00:00:00;2;13856416;08/09/2026 07:39:24;Tiago;Rodriguez;;;;;;Tiago Rodriguez;
14162291;08/09/2026 08:04:58;3;2;0001  215120-1;05;CAMION EXP 1;2094813;"TO04    ";"TOBA S.R.L.                                       ";AV. AGUIRRE SUR 2840;953104;"80-153         ";80-153 - DUCHA EMB. C/TRANSF. CR C.CERAM CASTILLA;10;10;10;23215879;080926073924084;182334467;;;;11/04/2031 00:00:00;1;13856416;08/09/2026 07:39:24;Tiago;Rodriguez;;;;;;Tiago Rodriguez;
14162291;08/09/2026 08:04:58;3;2;0001  215120-1;05;CAMION EXP 1;2094813;"TO04    ";"TOBA S.R.L.                                       ";AV. AGUIRRE SUR 2840;953102;"80-152         ";80-152 - DUCHA EMB. CR C/TRANSF. MONOCOMANDO SORIA;4;4;4;23215879;080926073924084;182334466;;;;10/26/2031 00:00:00;2;13856416;08/09/2026 07:39:24;Tiago;Rodriguez;;;;;;Tiago Rodriguez;
14162291;08/09/2026 08:04:58;3;2;0001  215120-1;05;CAMION EXP 1;2094813;"TO04    ";"TOBA S.R.L.                                       ";AV. AGUIRRE SUR 2840;953063;"8006           ";8006 - SET DE 6 PIEZAS LINEA 8000;10;10;10;23215879;080926073924084;182003060;;;;07/29/2031 00:00:00;10;13856416;08/09/2026 07:39:24;Tiago;Rodriguez;;;;;;Tiago Rodriguez;
14162291;08/09/2026 08:04:58;3;2;0001  215120-1;05;CAMION EXP 1;2094813;"TO04    ";"TOBA S.R.L.                                       ";AV. AGUIRRE SUR 2840;952955;"70-203N        ";"BIDE MONOCOMANDO ADRA BLACK                                           ";3;3;3;23215879;080926073924084;182002636;;;;07/27/2031 00:00:00;3;13856416;08/09/2026 07:39:24;Tiago;Rodriguez;;;;;;Tiago Rodriguez;
14162291;08/09/2026 08:04:58;3;2;0001  215120-1;05;CAMION EXP 1;2094813;"TO04    ";"TOBA S.R.L.                                       ";AV. AGUIRRE SUR 2840;952938;"70-192         ";70-192 - BIDE SORIA BLACK;4;4;4;23215879;080926073924084;182004374;;;;07/27/2031 00:00:00;4;13856416;08/09/2026 07:39:24;Tiago;Rodriguez;;;;;;Tiago Rodriguez;
14162291;08/09/2026 08:04:58;3;2;0001  215120-1;05;CAMION EXP 1;2094813;"TO04    ";"TOBA S.R.L.                                       ";AV. AGUIRRE SUR 2840;952908;"70-152         ";70-152 - BIDE MONOCOMANDO CR C/TRANSFERENCIA SORIA;3;3;3;23215879;080926073924084;182003865;;;;07/28/2031 00:00:00;3;13856416;08/09/2026 07:39:24;Tiago;Rodriguez;;;;;;Tiago Rodriguez;
14162291;08/09/2026 08:04:58;3;2;0001  215120-1;05;CAMION EXP 1;2094813;"TO04    ";"TOBA S.R.L.                                       ";AV. AGUIRRE SUR 2840;952720;"61-192         ";61-192 - LAVATORIO ALTO SORIA BLACK;3;3;3;23215879;080926073924084;182334465;;;;07/27/2031 00:00:00;2;13856416;08/09/2026 07:39:24;Tiago;Rodriguez;;;;;;Tiago Rodriguez;
14162291;08/09/2026 08:04:58;3;2;0001  215120-1;05;CAMION EXP 1;2094813;"TO04    ";"TOBA S.R.L.                                       ";AV. AGUIRRE SUR 2840;952707;"61-152         ";61-152 - LAVATORIO MONOCOMANDO CROMO ALTO SORIA;8;8;8;23215879;080926073924084;182003461;;;;07/27/2031 00:00:00;8;13856416;08/09/2026 07:39:24;Tiago;Rodriguez;;;;;;Tiago Rodriguez;
14162291;08/09/2026 08:04:58;3;2;0001  215120-1;05;CAMION EXP 1;2094813;"TO04    ";"TOBA S.R.L.                                       ";AV. AGUIRRE SUR 2840;952678;"60-203N        ";"LAVATORIO MONOCOMANDO BAJO ADRA BLACK                                 ";6;6;6;23215879;080926073924084;182334464;;;;01/06/2032 00:00:00;1;13856416;08/09/2026 07:39:24;Tiago;Rodriguez;;;;;;Tiago Rodriguez;
14162291;08/09/2026 08:04:58;3;2;0001  215120-1;05;CAMION EXP 1;2094813;"TO04    ";"TOBA S.R.L.                                       ";AV. AGUIRRE SUR 2840;952672;"60-200C        ";60-200C - LAVATORIO MONOC BAJO CR FABRIC;2;2;2;23215879;080926073924084;182002829;;;;07/28/2031 00:00:00;2;13856416;08/09/2026 07:39:24;Tiago;Rodriguez;;;;;;Tiago Rodriguez;
14162291;08/09/2026 08:04:58;3;2;0001  215120-1;05;CAMION EXP 1;2094813;"TO04    ";"TOBA S.R.L.                                       ";AV. AGUIRRE SUR 2840;952630;"60-152         ";60-152 - LAVATORIO CR MONOCOMANDO BAJO SORIA;6;6;6;23215879;080926073924084;182003593;;;;07/27/2031 00:00:00;6;13856416;08/09/2026 07:39:24;Tiago;Rodriguez;;;;;;Tiago Rodriguez;
14162291;08/09/2026 08:04:58;3;2;0001  215120-1;05;CAMION EXP 1;2094813;"TO04    ";"TOBA S.R.L.                                       ";AV. AGUIRRE SUR 2840;952618;"60-133         ";60-133 - LAVATORIO MONOCOMANDO LUGO;20;20;20;23215879;080926073924084;182010459;;;;07/29/2031 00:00:00;20;13856416;08/09/2026 07:39:24;Tiago;Rodriguez;;;;;;Tiago Rodriguez;
14162291;08/09/2026 08:04:58;3;2;0001  215120-1;05;CAMION EXP 1;2094813;"TO04    ";"TOBA S.R.L.                                       ";AV. AGUIRRE SUR 2840;952591;"601            ";601 - CANILLA COCINA MESADA CROMO DIQUE;12;12;12;23215879;080926073924084;182019842;;;;12/20/2031 00:00:00;12;13856416;08/09/2026 07:39:24;Tiago;Rodriguez;;;;;;Tiago Rodriguez;
14162291;08/09/2026 08:04:58;3;2;0001  215120-1;05;CAMION EXP 1;2094813;"TO04    ";"TOBA S.R.L.                                       ";AV. AGUIRRE SUR 2840;951748;"3006           ";3006 - SET DE 6 PIEZAS LINEA 3000;10;10;10;23215879;080926073924084;182009696;;;;07/29/2031 00:00:00;10;13856416;08/09/2026 07:39:24;Tiago;Rodriguez;;;;;;Tiago Rodriguez;
14162291;08/09/2026 08:04:58;3;2;0001  215120-1;05;CAMION EXP 1;2094813;"TO04    ";"TOBA S.R.L.                                       ";AV. AGUIRRE SUR 2840;951535;"20-160         ";20-160 - MONOCOMANDO MESADA COCINA DIQUE;24;24;24;23215879;080926073924084;182009851;;;;07/28/2031 00:00:00;24;13856416;08/09/2026 07:39:24;Tiago;Rodriguez;;;;;;Tiago Rodriguez;
14162291;08/09/2026 08:04:58;3;2;0001  215120-1;05;CAMION EXP 1;2094813;"TO04    ";"TOBA S.R.L.                                       ";AV. AGUIRRE SUR 2840;951524;"20-135         ";20-135 - MONOCOMANDO COCINA SANTANDER;3;3;3;23215879;080926073924084;182005273;;;;07/28/2031 00:00:00;3;13856416;08/09/2026 07:39:24;Tiago;Rodriguez;;;;;;Tiago Rodriguez;
14162291;08/09/2026 08:04:58;3;2;0001  215120-1;05;CAMION EXP 1;2094813;"TO04    ";"TOBA S.R.L.                                       ";AV. AGUIRRE SUR 2840;951523;"20-134         ";20-134 - MONOCOMANDO COCINA BETIS;40;40;40;23215879;080926073924084;182011213;;;;08/11/2031 00:00:00;40;13856416;08/09/2026 07:39:24;Tiago;Rodriguez;;;;;;Tiago Rodriguez;
14162291;08/09/2026 08:04:58;3;2;0001  215120-1;05;CAMION EXP 1;2094813;"TO04    ";"TOBA S.R.L.                                       ";AV. AGUIRRE SUR 2840;951488;"20-102         ";"20-102 - MONOCOMANDO MESADA CROMO ""RENACER""";10;10;10;23215879;080926073924084;182011018;;;;08/20/2031 00:00:00;10;13856416;08/09/2026 07:39:24;Tiago;Rodriguez;;;;;;Tiago Rodriguez;
14162291;08/09/2026 08:04:58;3;2;0001  215120-1;05;CAMION EXP 1;2094813;"TO04    ";"TOBA S.R.L.                                       ";AV. AGUIRRE SUR 2840;951258;"16006          ";16006 - SET 6 PIEZAS ACCESORIOS LINEA 16000;10;10;10;23215879;080926073924084;182011481;;;;07/29/2031 00:00:00;10;13856416;08/09/2026 07:39:24;Tiago;Rodriguez;;;;;;Tiago Rodriguez;
14162291;08/09/2026 08:04:58;3;2;0001  215120-1;05;CAMION EXP 1;2094813;"TO04    ";"TOBA S.R.L.                                       ";AV. AGUIRRE SUR 2840;951116;"12006          ";"SET DE 6 PIEZAS LINEA 12000                                           ";20;20;20;23215879;080926073924084;182009530;;;;07/30/2031 00:00:00;20;13856416;08/09/2026 07:39:24;Tiago;Rodriguez;;;;;;Tiago Rodriguez;
14162291;08/09/2026 08:04:58;3;2;0001  215120-1;05;CAMION EXP 1;2094813;"TO04    ";"TOBA S.R.L.                                       ";AV. AGUIRRE SUR 2840;953312;"83-133         ";83-133 - DUCHA EXT. C/TRANSF. MONOCOMANDO LUGO;20;20;20;23215879;080926073924084;182334468;;;;07/30/2031 00:00:00;18;13856416;08/09/2026 07:39:24;Tiago;Rodriguez;;;;;;Tiago Rodriguez;
14162291;08/09/2026 08:04:58;3;2;0001  215120-1;05;CAMION EXP 1;2094813;"TO04    ";"TOBA S.R.L.                                       ";AV. AGUIRRE SUR 2840;954649;"A814           ";A814 - DUCHA C/BRAZO Y CAMPANA CR;10;10;10;23215879;080926073924084;182002311;;;;08/13/2031 00:00:00;10;13856416;08/09/2026 07:39:24;Tiago;Rodriguez;;;;;;Tiago Rodriguez;
14162291;08/09/2026 08:04:58;3;2;0001  215120-1;05;CAMION EXP 1;2094813;"TO04    ";"TOBA S.R.L.                                       ";AV. AGUIRRE SUR 2840;954650;"A815           ";"A815 - DUCHA 8"" C/BRAZO Y CAMPANA CR";10;10;10;23215879;080926073924084;182002420;;;;07/28/2031 00:00:00;10;13856416;08/09/2026 07:39:24;Tiago;Rodriguez;;;;;;Tiago Rodriguez;
14162291;08/09/2026 08:04:58;3;2;0001  215120-1;05;CAMION EXP 1;2094813;"TO04    ";"TOBA S.R.L.                                       ";AV. AGUIRRE SUR 2840;954651;"A816           ";"A816 - DUCHA 6"" C/BRAZO Y CAMPANA CR";20;20;20;23215879;080926073924084;182002434;;;;07/27/2031 00:00:00;20;13856416;08/09/2026 07:39:24;Tiago;Rodriguez;;;;;;Tiago Rodriguez;
14162301;05/09/2026 10:43:05;3;2;0001  214999-1;05;CAMION EXP 1;2090999;"AC02    ";"ACCESANIGA S.A.                                   ";PARAGUAY 1332;952898;"70-135         ";70-135 - BIDE C.CERAM SANTANDER;1;1;1;23176439;050926104305033;182029606;;;;07/29/2031 00:00:00;1;13833309;05/09/2026 10:43:05;Tiago;Rodriguez;24455882;05/09/2026 10:09:35;6584;Luis Alberto;Villareal;Tiago Rodriguez;Luis Alberto Villareal
14162301;05/09/2026 10:43:05;3;2;0001  214999-1;05;CAMION EXP 1;2090999;"AC02    ";"ACCESANIGA S.A.                                   ";PARAGUAY 1332;952723;"61-200C        ";61-200C - LAVATORIO MONOC ALTO CR FABRIC;1;1;1;23176439;050926104305033;182029795;;;;07/27/2031 00:00:00;1;13833309;05/09/2026 10:43:05;Tiago;Rodriguez;24455882;05/09/2026 10:09:35;6584;Luis Alberto;Villareal;Tiago Rodriguez;Luis Alberto Villareal
14162302;08/09/2026 10:15:10;3;2;0001  214763-1;05;CAMION EXP 1;2090999;"AC02    ";"ACCESANIGA S.A.                                   ";PARAGUAY 1332;952648;"60-176N        ";"LAVATORIO MONOCOMANDO BAJO BLACK RIO                                  ";10;10;10;23175354;080926101508838;182023866;;;;07/29/2031 00:00:00;10;13857850;08/09/2026 10:15:08;Gustavo;Soderquvist;24454661;05/09/2026 10:40:44;6585;Mathias;Montenegro;Gustavo Soderquvist;Mathias Montenegro
14162302;08/09/2026 10:15:10;3;2;0001  214763-1;05;CAMION EXP 1;2090999;"AC02    ";"ACCESANIGA S.A.                                   ";PARAGUAY 1332;952647;"60-176         ";"LAVATORIO MONOCOMANDO BAJO CR RIO                                     ";15;15;15;23175354;080926101508838;182025357;;;;10/11/2031 00:00:00;6;13857850;08/09/2026 10:15:08;Gustavo;Soderquvist;24454661;05/09/2026 10:40:44;6585;Mathias;Montenegro;Gustavo Soderquvist;Mathias Montenegro
14162302;08/09/2026 10:15:10;3;2;0001  214763-1;05;CAMION EXP 1;2090999;"AC02    ";"ACCESANIGA S.A.                                   ";PARAGUAY 1332;952498;"54-130         ";54-130 - MONOCOMANDO COCINA PARED EXT BILBAO;5;5;5;23175354;080926101508838;182022376;;;;07/27/2031 00:00:00;5;13857850;08/09/2026 10:15:08;Gustavo;Soderquvist;24454661;05/09/2026 10:40:44;6585;Mathias;Montenegro;Gustavo Soderquvist;Mathias Montenegro
14162302;08/09/2026 10:15:10;3;2;0001  214763-1;05;CAMION EXP 1;2090999;"AC02    ";"ACCESANIGA S.A.                                   ";PARAGUAY 1332;951833;"30-132         ";30-132 - COCINA MESADA MONOC. C/DUCHADOR EXTENSIBLE VIGO;10;10;10;23175354;080926101508838;182022530;;;;07/28/2031 00:00:00;10;13857850;08/09/2026 10:15:08;Gustavo;Soderquvist;24454661;05/09/2026 10:40:44;6585;Mathias;Montenegro;Gustavo Soderquvist;Mathias Montenegro
14162302;08/09/2026 10:15:10;3;2;0001  214763-1;05;CAMION EXP 1;2090999;"AC02    ";"ACCESANIGA S.A.                                   ";PARAGUAY 1332;951653;"22-178         ";22-178 - MONOCOMANDO DE COCINA P/AGUA FILTRADA VITA;3;3;3;23175354;080926101508838;182028490;;;;12/23/2031 00:00:00;3;13857850;08/09/2026 10:15:08;Gustavo;Soderquvist;24454661;05/09/2026 10:40:44;6585;Mathias;Montenegro;Gustavo Soderquvist;Mathias Montenegro
14162302;08/09/2026 10:15:10;3;2;0001  214763-1;05;CAMION EXP 1;2090999;"AC02    ";"ACCESANIGA S.A.                                   ";PARAGUAY 1332;951565;"20-205         ";20-205 - MONOCOMANDO DE COCINA STEEL;15;15;15;23175354;080926101508838;182027140;;;;07/28/2031 00:00:00;10;13857850;08/09/2026 10:15:08;Gustavo;Soderquvist;24454661;05/09/2026 10:40:44;6585;Mathias;Montenegro;Gustavo Soderquvist;Mathias Montenegro
14162302;08/09/2026 10:15:10;3;2;0001  214763-1;05;CAMION EXP 1;2090999;"AC02    ";"ACCESANIGA S.A.                                   ";PARAGUAY 1332;951533;"20-150         ";20-150 - MONOCOMANDO MESADA COCINA TOLEDO;6;6;6;23175354;080926101508838;182024410;;;;07/27/2031 00:00:00;6;13857850;08/09/2026 10:15:08;Gustavo;Soderquvist;24454661;05/09/2026 10:40:44;6585;Mathias;Montenegro;Gustavo Soderquvist;Mathias Montenegro
14162302;08/09/2026 10:15:10;3;2;0001  214763-1;05;CAMION EXP 1;2090999;"AC02    ";"ACCESANIGA S.A.                                   ";PARAGUAY 1332;951532;"20-147         ";20-147 - MONOCOMANDO DE COCINA SWIFT;15;15;15;23175354;080926101508838;182026617;;;;07/29/2031 00:00:00;10;13857850;08/09/2026 10:15:08;Gustavo;Soderquvist;24454661;05/09/2026 10:40:44;6585;Mathias;Montenegro;Gustavo Soderquvist;Mathias Montenegro
14162302;08/09/2026 10:15:10;3;2;0001  214763-1;05;CAMION EXP 1;2090999;"AC02    ";"ACCESANIGA S.A.                                   ";PARAGUAY 1332;951531;"20-146N        ";20-146N - MONOCOMANDO DE COCINA BLACK LINEA MOVE;18;18;18;23175354;080926101508838;182027993;;;;07/30/2031 00:00:00;18;13857850;08/09/2026 10:15:08;Gustavo;Soderquvist;24454661;05/09/2026 10:40:44;6585;Mathias;Montenegro;Gustavo Soderquvist;Mathias Montenegro
14162302;08/09/2026 10:15:10;3;2;0001  214763-1;05;CAMION EXP 1;2090999;"AC02    ";"ACCESANIGA S.A.                                   ";PARAGUAY 1332;951513;"20-122N        ";20-122N - MONOCOMANDO COCINA C/PICO EXTRAIBLE VALENCIA BLACK;12;12;12;23175354;080926101508838;182028289;;;;08/06/2031 00:00:00;12;13857850;08/09/2026 10:15:08;Gustavo;Soderquvist;24454661;05/09/2026 10:40:44;6585;Mathias;Montenegro;Gustavo Soderquvist;Mathias Montenegro
14162302;08/09/2026 10:15:10;3;2;0001  214763-1;05;CAMION EXP 1;2090999;"AC02    ";"ACCESANIGA S.A.                                   ";PARAGUAY 1332;951512;"20-122         ";"MONOCOMANDO COCINA CR C/PICO EXTRAIBLE VALENCIA                       ";18;18;18;23175354;080926101508838;182026882;;;;08/06/2031 00:00:00;18;13857850;08/09/2026 10:15:08;Gustavo;Soderquvist;24454661;05/09/2026 10:40:44;6585;Mathias;Montenegro;Gustavo Soderquvist;Mathias Montenegro
14162302;08/09/2026 10:15:10;3;2;0001  214763-1;05;CAMION EXP 1;2090999;"AC02    ";"ACCESANIGA S.A.                                   ";PARAGUAY 1332;953312;"83-133         ";83-133 - DUCHA EXT. C/TRANSF. MONOCOMANDO LUGO;5;5;5;23175354;080926101508838;182028897;;;;07/30/2031 00:00:00;5;13857850;08/09/2026 10:15:08;Gustavo;Soderquvist;24454661;05/09/2026 10:40:44;6585;Mathias;Montenegro;Gustavo Soderquvist;Mathias Montenegro
14162302;08/09/2026 10:15:10;3;2;0001  214763-1;05;CAMION EXP 1;2090999;"AC02    ";"ACCESANIGA S.A.                                   ";PARAGUAY 1332;952926;"70-176N        ";70-176N - BIDE MONOC C/TRANSF BLACK RIO;5;5;5;23175354;080926101508838;182024097;;;;11/23/2031 00:00:00;5;13857850;08/09/2026 10:15:08;Gustavo;Soderquvist;24454661;05/09/2026 10:40:44;6585;Mathias;Montenegro;Gustavo Soderquvist;Mathias Montenegro
14162302;08/09/2026 10:15:10;3;2;0001  214763-1;05;CAMION EXP 1;2090999;"AC02    ";"ACCESANIGA S.A.                                   ";PARAGUAY 1332;952925;"70-176         ";70-176 - BIDE MONOC C/TRANSF CR RIO;5;5;5;23175354;080926101508838;182025696;;;;11/17/2031 00:00:00;5;13857850;08/09/2026 10:15:08;Gustavo;Soderquvist;24454661;05/09/2026 10:40:44;6585;Mathias;Montenegro;Gustavo Soderquvist;Mathias Montenegro
14162302;08/09/2026 10:15:10;3;2;0001  214763-1;05;CAMION EXP 1;2090999;"AC02    ";"ACCESANIGA S.A.                                   ";PARAGUAY 1332;952713;"61-176N        ";61-176N - LAVATORIO MONOC ALTO BLACK RIO;5;5;5;23175354;080926101508838;182023956;;;;07/29/2031 00:00:00;5;13857850;08/09/2026 10:15:08;Gustavo;Soderquvist;24454661;05/09/2026 10:40:44;6585;Mathias;Montenegro;Gustavo Soderquvist;Mathias Montenegro
14162302;08/09/2026 10:15:10;3;2;0001  214763-1;05;CAMION EXP 1;2090999;"AC02    ";"ACCESANIGA S.A.                                   ";PARAGUAY 1332;952712;"61-176         ";61-176 - LAVATORIO MONOC ALTO CR RIO;15;15;15;23175354;080926101508838;182025622;;;;10/09/2031 00:00:00;6;13857850;08/09/2026 10:15:08;Gustavo;Soderquvist;24454661;05/09/2026 10:40:44;6585;Mathias;Montenegro;Gustavo Soderquvist;Mathias Montenegro
14162302;08/09/2026 10:15:10;3;2;0001  214763-1;05;CAMION EXP 1;2090999;"AC02    ";"ACCESANIGA S.A.                                   ";PARAGUAY 1332;954805;"AB-002         ";AB-002 - AGARRADERA ACERO INOX CROMADO 40 CM SAFE;5;5;5;23175354;080926101508838;182022250;;;;08/12/2031 00:00:00;5;13857850;08/09/2026 10:15:08;Gustavo;Soderquvist;24454661;05/09/2026 10:40:44;6585;Mathias;Montenegro;Gustavo Soderquvist;Mathias Montenegro
14162302;08/09/2026 10:15:10;3;2;0001  214763-1;05;CAMION EXP 1;2090999;"AC02    ";"ACCESANIGA S.A.                                   ";PARAGUAY 1332;954804;"AB-001         ";AB-001 - AGARRADERA ACERO INOX CROMADO 30 CM SAFE;20;20;20;23175354;080926101508838;182022144;;;;07/28/2031 00:00:00;20;13857850;08/09/2026 10:15:08;Gustavo;Soderquvist;24454661;05/09/2026 10:40:44;6585;Mathias;Montenegro;Gustavo Soderquvist;Mathias Montenegro
14162302;08/09/2026 10:15:10;3;2;0001  214763-1;05;CAMION EXP 1;2090999;"AC02    ";"ACCESANIGA S.A.                                   ";PARAGUAY 1332;954651;"A816           ";"A816 - DUCHA 6"" C/BRAZO Y CAMPANA CR";20;20;20;23175354;080926101508838;182021951;;;;07/27/2031 00:00:00;20;13857850;08/09/2026 10:15:08;Gustavo;Soderquvist;24454661;05/09/2026 10:40:44;6585;Mathias;Montenegro;Gustavo Soderquvist;Mathias Montenegro
14162302;08/09/2026 10:15:10;3;2;0001  214763-1;05;CAMION EXP 1;2090999;"AC02    ";"ACCESANIGA S.A.                                   ";PARAGUAY 1332;951116;"12006          ";"SET DE 6 PIEZAS LINEA 12000                                           ";10;10;10;23175354;080926101508838;182028107;;;;07/30/2031 00:00:00;10;13857850;08/09/2026 10:15:08;Gustavo;Soderquvist;24454661;05/09/2026 10:40:44;6585;Mathias;Montenegro;Gustavo Soderquvist;Mathias Montenegro
14162302;08/09/2026 10:15:10;3;2;0001  214763-1;05;CAMION EXP 1;2090999;"AC02    ";"ACCESANIGA S.A.                                   ";PARAGUAY 1332;950907;"05-010         ";"LAVATORIO BAJO TEMPORIZADO TECNO                                      ";20;20;20;23175354;080926101508838;182027674;;;;07/28/2031 00:00:00;20;13857850;08/09/2026 10:15:08;Gustavo;Soderquvist;24454661;05/09/2026 10:40:44;6585;Mathias;Montenegro;Gustavo Soderquvist;Mathias Montenegro
14162302;08/09/2026 10:15:10;3;2;0001  214763-1;05;CAMION EXP 1;2090999;"AC02    ";"ACCESANIGA S.A.                                   ";PARAGUAY 1332;953477;"934/CR         ";934/CR - J.PARED C/EXT CRUZ CR/CR ARES;2;2;2;23220363;080926092506955;182034647;;;;02/09/2032 00:00:00;2;13858578;08/09/2026 09:25:07;Gustavo;Soderquvist;;;;;;Gustavo Soderquvist;
14162302;08/09/2026 10:15:10;3;2;0001  214763-1;05;CAMION EXP 1;2090999;"AC02    ";"ACCESANIGA S.A.                                   ";PARAGUAY 1332;953317;"83-176N        ";83-176N - DUCHA EXT. C/TRANSF. MONOC BLACK RIO;3;3;3;23220363;080926092506955;182025115;;;;07/29/2031 00:00:00;3;13858578;08/09/2026 09:25:07;Gustavo;Soderquvist;;;;;;Gustavo Soderquvist;
14162302;08/09/2026 10:15:10;3;2;0001  214763-1;05;CAMION EXP 1;2090999;"AC02    ";"ACCESANIGA S.A.                                   ";PARAGUAY 1332;954922;"BCH19          ";"BACHA DE APOYAR BLANCA 365x235x120                                    ";5;5;5;23220363;080926092506955;182031352;;;;07/28/2031 00:00:00;5;13858578;08/09/2026 09:25:07;Gustavo;Soderquvist;;;;;;Gustavo Soderquvist;
14162302;08/09/2026 10:15:10;3;2;0001  214763-1;05;CAMION EXP 1;2090999;"AC02    ";"ACCESANIGA S.A.                                   ";PARAGUAY 1332;953156;"80-201NI       ";80-201NI - DUCHA EMB C/TRANSF C.CERAM BEAT NICKEL;5;5;5;23220363;080926092506955;182032828;;;;11/10/2031 00:00:00;5;13858578;08/09/2026 09:25:07;Gustavo;Soderquvist;;;;;;Gustavo Soderquvist;
14162302;08/09/2026 10:15:10;3;2;0001  214763-1;05;CAMION EXP 1;2090999;"AC02    ";"ACCESANIGA S.A.                                   ";PARAGUAY 1332;953136;"80-190P        ";80-190P - DUCHA EMB. C/TRANSF. C.CERAM BLACK VELVET PLUS;5;5;5;23220363;080926092506955;182033766;;;;07/29/2031 00:00:00;5;13858578;08/09/2026 09:25:07;Gustavo;Soderquvist;;;;;;Gustavo Soderquvist;
14162302;08/09/2026 10:15:10;3;2;0001  214763-1;05;CAMION EXP 1;2090999;"AC02    ";"ACCESANIGA S.A.                                   ";PARAGUAY 1332;953102;"80-152         ";80-152 - DUCHA EMB. CR C/TRANSF. MONOCOMANDO SORIA;3;3;3;23220363;080926092506955;182024614;;;;10/26/2031 00:00:00;3;13858578;08/09/2026 09:25:07;Gustavo;Soderquvist;;;;;;Gustavo Soderquvist;
14162302;08/09/2026 10:15:10;3;2;0001  214763-1;05;CAMION EXP 1;2090999;"AC02    ";"ACCESANIGA S.A.                                   ";PARAGUAY 1332;953059;"80-057         ";80-057 - DUCHA EMB. C/TRANSF. C.STD VERIN PLUS;5;5;5;23220363;080926092506955;182031857;;;;01/04/2032 00:00:00;5;13858578;08/09/2026 09:25:07;Gustavo;Soderquvist;;;;;;Gustavo Soderquvist;
14162302;08/09/2026 10:15:10;3;2;0001  214763-1;05;CAMION EXP 1;2090999;"AC02    ";"ACCESANIGA S.A.                                   ";PARAGUAY 1332;952953;"70-201NI       ";70-201NI - BIDE CR C.CERAM BEAT NICKEL;5;5;5;23220363;080926092506955;182032988;;;;07/29/2031 00:00:00;5;13858578;08/09/2026 09:25:07;Gustavo;Soderquvist;;;;;;Gustavo Soderquvist;
14162302;08/09/2026 10:15:10;3;2;0001  214763-1;05;CAMION EXP 1;2090999;"AC02    ";"ACCESANIGA S.A.                                   ";PARAGUAY 1332;952942;"70-196         ";70-196 - BIDE CR C.CERAM LOOP;5;5;5;23220363;080926092506955;182032182;;;;07/31/2031 00:00:00;5;13858578;08/09/2026 09:25:07;Gustavo;Soderquvist;;;;;;Gustavo Soderquvist;
14162302;08/09/2026 10:15:10;3;2;0001  214763-1;05;CAMION EXP 1;2090999;"AC02    ";"ACCESANIGA S.A.                                   ";PARAGUAY 1332;952936;"70-190         ";70-190 - BIDE C.CERAM BLACK VELVET;5;5;5;23220363;080926092506955;182033908;;;;11/08/2031 00:00:00;5;13858578;08/09/2026 09:25:07;Gustavo;Soderquvist;;;;;;Gustavo Soderquvist;
14162302;08/09/2026 10:15:10;3;2;0001  214763-1;05;CAMION EXP 1;2090999;"AC02    ";"ACCESANIGA S.A.                                   ";PARAGUAY 1332;952888;"70-122         ";70-122 - BIDE C.CERAM CR VALENCIA;5;5;5;23220363;080926092506955;182033493;;;;10/26/2031 00:00:00;5;13858578;08/09/2026 09:25:07;Gustavo;Soderquvist;;;;;;Gustavo Soderquvist;
14162302;08/09/2026 10:15:10;3;2;0001  214763-1;05;CAMION EXP 1;2090999;"AC02    ";"ACCESANIGA S.A.                                   ";PARAGUAY 1332;952860;"70-057         ";70-057 - BIDE C.STD VERIN PLUS;5;5;5;23220363;080926092506955;182031774;;;;01/11/2032 00:00:00;5;13858578;08/09/2026 09:25:07;Gustavo;Soderquvist;;;;;;Gustavo Soderquvist;
14162302;08/09/2026 10:15:10;3;2;0001  214763-1;05;CAMION EXP 1;2090999;"AC02    ";"ACCESANIGA S.A.                                   ";PARAGUAY 1332;952725;"61-200N        ";61-200N - LAVATORIO MONOC ALTO FABRIC BLACK;2;2;2;23220363;080926092506955;182023183;;;;07/28/2031 00:00:00;2;13858578;08/09/2026 09:25:07;Gustavo;Soderquvist;;;;;;Gustavo Soderquvist;
14162302;08/09/2026 10:15:10;3;2;0001  214763-1;05;CAMION EXP 1;2090999;"AC02    ";"ACCESANIGA S.A.                                   ";PARAGUAY 1332;952720;"61-192         ";61-192 - LAVATORIO ALTO SORIA BLACK;3;3;3;23220363;080926092506955;182024522;;;;07/27/2031 00:00:00;3;13858578;08/09/2026 09:25:07;Gustavo;Soderquvist;;;;;;Gustavo Soderquvist;
14162302;08/09/2026 10:15:10;3;2;0001  214763-1;05;CAMION EXP 1;2090999;"AC02    ";"ACCESANIGA S.A.                                   ";PARAGUAY 1332;952712;"61-176         ";61-176 - LAVATORIO MONOC ALTO CR RIO;15;15;15;23220363;080926092506955;182363712;;;;10/09/2031 00:00:00;9;13858578;08/09/2026 09:25:07;Gustavo;Soderquvist;;;;;;Gustavo Soderquvist;
14162302;08/09/2026 10:15:10;3;2;0001  214763-1;05;CAMION EXP 1;2090999;"AC02    ";"ACCESANIGA S.A.                                   ";PARAGUAY 1332;952676;"60-201NI       ";60-201NI - LAVATORIO C.CERAM BEAT NICKEL;10;10;10;23220363;080926092506955;182033155;;;;08/20/2031 00:00:00;10;13858578;08/09/2026 09:25:07;Gustavo;Soderquvist;;;;;;Gustavo Soderquvist;
14162302;08/09/2026 10:15:10;3;2;0001  214763-1;05;CAMION EXP 1;2090999;"AC02    ";"ACCESANIGA S.A.                                   ";PARAGUAY 1332;952664;"60-196         ";60-196 - LAVATORIO CR C.CERAM LOOP;10;10;10;23220363;080926092506955;182032407;;;;07/31/2031 00:00:00;10;13858578;08/09/2026 09:25:07;Gustavo;Soderquvist;;;;;;Gustavo Soderquvist;
14162302;08/09/2026 10:15:10;3;2;0001  214763-1;05;CAMION EXP 1;2090999;"AC02    ";"ACCESANIGA S.A.                                   ";PARAGUAY 1332;952658;"60-190         ";60-190 - LAVATORIO C.CERAM BLACK VELVET;3;3;3;23220363;080926092506955;182033586;;;;08/12/2031 00:00:00;3;13858578;08/09/2026 09:25:07;Gustavo;Soderquvist;;;;;;Gustavo Soderquvist;
14162302;08/09/2026 10:15:10;3;2;0001  214763-1;05;CAMION EXP 1;2090999;"AC02    ";"ACCESANIGA S.A.                                   ";PARAGUAY 1332;952647;"60-176         ";"LAVATORIO MONOCOMANDO BAJO CR RIO                                     ";15;15;15;23220363;080926092506955;182363711;;;;10/11/2031 00:00:00;9;13858578;08/09/2026 09:25:07;Gustavo;Soderquvist;;;;;;Gustavo Soderquvist;
14162302;08/09/2026 10:15:10;3;2;0001  214763-1;05;CAMION EXP 1;2090999;"AC02    ";"ACCESANIGA S.A.                                   ";PARAGUAY 1332;952630;"60-152         ";60-152 - LAVATORIO CR MONOCOMANDO BAJO SORIA;2;2;2;23220363;080926092506955;182024942;;;;07/27/2031 00:00:00;2;13858578;08/09/2026 09:25:07;Gustavo;Soderquvist;;;;;;Gustavo Soderquvist;
14162302;08/09/2026 10:15:10;3;2;0001  214763-1;05;CAMION EXP 1;2090999;"AC02    ";"ACCESANIGA S.A.                                   ";PARAGUAY 1332;952582;"60-057         ";60-057 - LAVATORIO C.STD VERIN PLUS;15;15;15;23220363;080926092506955;182031506;;;;01/06/2032 00:00:00;15;13858578;08/09/2026 09:25:07;Gustavo;Soderquvist;;;;;;Gustavo Soderquvist;
14162302;08/09/2026 10:15:10;3;2;0001  214763-1;05;CAMION EXP 1;2090999;"AC02    ";"ACCESANIGA S.A.                                   ";PARAGUAY 1332;952453;"51-131         ";51-131 - MESADA BIMANDO CR C.CERAM MALLORCA;15;15;15;23220363;080926092506955;182034075;;;;01/11/2032 00:00:00;15;13858578;08/09/2026 09:25:07;Gustavo;Soderquvist;;;;;;Gustavo Soderquvist;
14162302;08/09/2026 10:15:10;3;2;0001  214763-1;05;CAMION EXP 1;2090999;"AC02    ";"ACCESANIGA S.A.                                   ";PARAGUAY 1332;952449;"51-107         ";51-107 - JGO. MESADA CR C.CERAM BEDIA;5;5;5;23220363;080926092506955;182033337;;;;11/10/2031 00:00:00;5;13858578;08/09/2026 09:25:07;Gustavo;Soderquvist;;;;;;Gustavo Soderquvist;
14162302;08/09/2026 10:15:10;3;2;0001  214763-1;05;CAMION EXP 1;2090999;"AC02    ";"ACCESANIGA S.A.                                   ";PARAGUAY 1332;951607;"21100N         ";21100N - ESTANTE ORGANIZADOR RECTANGULAR BLACK 25x12x7;5;5;5;23220363;080926092506955;182026409;;;;07/27/2031 00:00:00;5;13858578;08/09/2026 09:25:07;Gustavo;Soderquvist;;;;;;Gustavo Soderquvist;
14162302;08/09/2026 10:15:10;3;2;0001  214763-1;05;CAMION EXP 1;2090999;"AC02    ";"ACCESANIGA S.A.                                   ";PARAGUAY 1332;951293;"17010C         ";17010C - TOALLERO BARRAL LINEA FABRIC CROMO;5;5;5;23220363;080926092506955;182030121;;;;07/27/2031 00:00:00;5;13858578;08/09/2026 09:25:07;Gustavo;Soderquvist;;;;;;Gustavo Soderquvist;
14162302;08/09/2026 10:15:10;3;2;0001  214763-1;05;CAMION EXP 1;2090999;"AC02    ";"ACCESANIGA S.A.                                   ";PARAGUAY 1332;951259;"16006BL        ";16006BL - SET 6 PIEZAS ACCESORIOS LINEA 16000 BLACK;5;5;5;23220363;080926092506955;182027457;;;;07/27/2031 00:00:00;5;13858578;08/09/2026 09:25:07;Gustavo;Soderquvist;;;;;;Gustavo Soderquvist;
14162302;08/09/2026 10:15:10;3;2;0001  214763-1;05;CAMION EXP 1;2090999;"AC02    ";"ACCESANIGA S.A.                                   ";PARAGUAY 1332;953553;"985            ";985 - JGO PARED EXT CR P.FUNDIDO MURCIA;5;5;5;23220363;080926092506955;182032601;;;;09/01/2031 00:00:00;5;13858578;08/09/2026 09:25:07;Gustavo;Soderquvist;;;;;;Gustavo Soderquvist;
14162302;08/09/2026 10:15:10;3;2;0001  214763-1;05;CAMION EXP 1;2090999;"AC02    ";"ACCESANIGA S.A.                                   ";PARAGUAY 1332;951606;"21100          ";21100 - ESTANTE ORGANIZADOR RECTANGULAR 25x12x7;5;5;5;23220363;080926092506955;182023078;;;;07/29/2031 00:00:00;5;13858578;08/09/2026 09:25:07;Gustavo;Soderquvist;;;;;;Gustavo Soderquvist;
14162302;08/09/2026 10:15:10;3;2;0001  214763-1;05;CAMION EXP 1;2090999;"AC02    ";"ACCESANIGA S.A.                                   ";PARAGUAY 1332;951565;"20-205         ";20-205 - MONOCOMANDO DE COCINA STEEL;15;15;15;23220363;080926092506955;182363710;;;;07/28/2031 00:00:00;5;13858578;08/09/2026 09:25:07;Gustavo;Soderquvist;;;;;;Gustavo Soderquvist;
14162302;08/09/2026 10:15:10;3;2;0001  214763-1;05;CAMION EXP 1;2090999;"AC02    ";"ACCESANIGA S.A.                                   ";PARAGUAY 1332;951554;"20-190         ";20-190 - COCINA MESADA MONOC BLACK VELVET;3;3;3;23220363;080926092506955;182023572;;;;07/28/2031 00:00:00;3;13858578;08/09/2026 09:25:07;Gustavo;Soderquvist;;;;;;Gustavo Soderquvist;
14162302;08/09/2026 10:15:10;3;2;0001  214763-1;05;CAMION EXP 1;2090999;"AC02    ";"ACCESANIGA S.A.                                   ";PARAGUAY 1332;951547;"20-174         ";20-174 - COCINA MESADA MONOC. COLORS BLACK;3;3;3;23220363;080926092506955;182022888;;;;07/28/2031 00:00:00;3;13858578;08/09/2026 09:25:07;Gustavo;Soderquvist;;;;;;Gustavo Soderquvist;
14162302;08/09/2026 10:15:10;3;2;0001  214763-1;05;CAMION EXP 1;2090999;"AC02    ";"ACCESANIGA S.A.                                   ";PARAGUAY 1332;951532;"20-147         ";20-147 - MONOCOMANDO DE COCINA SWIFT;15;15;15;23220363;080926092506955;182363709;;;;07/29/2031 00:00:00;5;13858578;08/09/2026 09:25:07;Gustavo;Soderquvist;;;;;;Gustavo Soderquvist;
14162302;08/09/2026 10:15:10;3;2;0001  214763-1;05;CAMION EXP 1;2090999;"AC02    ";"ACCESANIGA S.A.                                   ";PARAGUAY 1332;951529;"20-140N        ";20-140N - MONOCOMANDO DE COCINA LINEA CUINA BLACK;2;2;2;23220363;080926092506955;182023361;;;;07/29/2031 00:00:00;2;13858578;08/09/2026 09:25:07;Gustavo;Soderquvist;;;;;;Gustavo Soderquvist;
14162302;08/09/2026 10:15:10;3;2;0001  214763-1;05;CAMION EXP 1;2090999;"AC02    ";"ACCESANIGA S.A.                                   ";PARAGUAY 1332;951524;"20-135         ";20-135 - MONOCOMANDO COCINA SANTANDER;3;3;3;23220363;080926092506955;182028698;;;;07/28/2031 00:00:00;3;13858578;08/09/2026 09:25:07;Gustavo;Soderquvist;;;;;;Gustavo Soderquvist;
14162302;08/09/2026 10:15:10;3;2;0001  214763-1;05;CAMION EXP 1;2090999;"AC02    ";"ACCESANIGA S.A.                                   ";PARAGUAY 1332;951523;"20-134         ";20-134 - MONOCOMANDO COCINA BETIS;24;24;24;23220363;080926092506955;182031154;;;;08/11/2031 00:00:00;24;13858578;08/09/2026 09:25:07;Gustavo;Soderquvist;;;;;;Gustavo Soderquvist;
14162302;08/09/2026 10:15:10;3;2;0001  214763-1;05;CAMION EXP 1;2090999;"AC02    ";"ACCESANIGA S.A.                                   ";PARAGUAY 1332;951318;"18040          ";18040 - PORTA ROLLO NIQUEL LINEA BEAT;5;5;5;23220363;080926092506955;182024213;;;;07/28/2031 00:00:00;5;13858578;08/09/2026 09:25:07;Gustavo;Soderquvist;;;;;;Gustavo Soderquvist;
14162302;08/09/2026 10:15:10;3;2;0001  214763-1;05;CAMION EXP 1;2090999;"AC02    ";"ACCESANIGA S.A.                                   ";PARAGUAY 1332;951312;"18010          ";18010 - TOALLERO BARRAL NIQUEL LINEA BEAT;3;3;3;23220363;080926092506955;182024326;;;;07/29/2031 00:00:00;3;13858578;08/09/2026 09:25:07;Gustavo;Soderquvist;;;;;;Gustavo Soderquvist;
14162302;08/09/2026 10:15:10;3;2;0001  214763-1;05;CAMION EXP 1;2090999;"AC02    ";"ACCESANIGA S.A.                                   ";PARAGUAY 1332;951304;"17040N         ";17040N - PORTA ROLLO LINEA FABRIC BLACK;5;5;5;23220363;080926092506955;182030371;;;;07/29/2031 00:00:00;5;13858578;08/09/2026 09:25:07;Gustavo;Soderquvist;;;;;;Gustavo Soderquvist;
14162302;08/09/2026 10:15:10;3;2;0001  214763-1;05;CAMION EXP 1;2090999;"AC02    ";"ACCESANIGA S.A.                                   ";PARAGUAY 1332;951303;"17040G         ";17040G - PORTA ROLLO LINEA FABRIC GOLD;3;3;3;23220363;080926092506955;182029775;;;;07/28/2031 00:00:00;3;13858578;08/09/2026 09:25:07;Gustavo;Soderquvist;;;;;;Gustavo Soderquvist;
14162302;08/09/2026 10:15:10;3;2;0001  214763-1;05;CAMION EXP 1;2090999;"AC02    ";"ACCESANIGA S.A.                                   ";PARAGUAY 1332;951302;"17040C         ";17040C - PORTA ROLLO LINEA FABRIC CROMO;5;5;5;23220363;080926092506955;182029751;;;;07/29/2031 00:00:00;5;13858578;08/09/2026 09:25:07;Gustavo;Soderquvist;;;;;;Gustavo Soderquvist;
14162302;08/09/2026 10:15:10;3;2;0001  214763-1;05;CAMION EXP 1;2090999;"AC02    ";"ACCESANIGA S.A.                                   ";PARAGUAY 1332;951301;"17030N         ";17030N - PERCHA LINEA FABRIC BLACK;10;10;10;23220363;080926092506955;182030528;;;;07/28/2031 00:00:00;10;13858578;08/09/2026 09:25:07;Gustavo;Soderquvist;;;;;;Gustavo Soderquvist;
14162302;08/09/2026 10:15:10;3;2;0001  214763-1;05;CAMION EXP 1;2090999;"AC02    ";"ACCESANIGA S.A.                                   ";PARAGUAY 1332;951299;"17030C         ";17030C - PERCHA LINEA FABRIC CROMO;10;10;10;23220363;080926092506955;182029961;;;;11/10/2031 00:00:00;10;13858578;08/09/2026 09:25:07;Gustavo;Soderquvist;;;;;;Gustavo Soderquvist;
14162303;05/09/2026 10:42:47;3;2;0001  215032-1;05;CAMION EXP 1;2090999;"AC02    ";"ACCESANIGA S.A.                                   ";PARAGUAY 1332;953153;"80-200G        ";80-200G - DUCHA EMB. MONOC. 3 FUNCIONES GOLD FABRIC;1;1;1;23176362;050926104245856;182029323;;;;12/03/2031 00:00:00;1;13833307;05/09/2026 10:42:45;Tiago;Rodriguez;24455811;05/09/2026 10:06:00;6584;Luis Alberto;Villareal;Tiago Rodriguez;Luis Alberto Villareal
14162342;08/09/2026 09:20:40;3;2;0001  215074-1;05;CAMION EXP 1;2093502;"MJ18    ";"SUCESION DE MARCHAL JUAN HECTOR                   ";AV. INDEPENDENCIA 3324;951536;"20-162         ";20-162 - MONOCOMANDO COCINA ADRA;32;32;32;23175623;080926092037001;182026362;;;;07/28/2031 00:00:00;32;13858265;08/09/2026 09:20:37;Tiago;Rodriguez;24454962;05/09/2026 10:00:50;6584;Luis Alberto;Villareal;Tiago Rodriguez;Luis Alberto Villareal
14162342;08/09/2026 09:20:40;3;2;0001  215074-1;05;CAMION EXP 1;2093502;"MJ18    ";"SUCESION DE MARCHAL JUAN HECTOR                   ";AV. INDEPENDENCIA 3324;951794;"3010           ";3010 - TOALLERO BARRAL LINEA 3000;67;67;67;23175623;080926092037001;182025048;;;;07/29/2031 00:00:00;67;13858265;08/09/2026 09:20:37;Tiago;Rodriguez;24454962;05/09/2026 10:00:50;6584;Luis Alberto;Villareal;Tiago Rodriguez;Luis Alberto Villareal
14162342;08/09/2026 09:20:40;3;2;0001  215074-1;05;CAMION EXP 1;2093502;"MJ18    ";"SUCESION DE MARCHAL JUAN HECTOR                   ";AV. INDEPENDENCIA 3324;951961;"3030           ";3030 - PERCHA LINEA 3000;67;67;67;23175623;080926092037001;182025681;;;;08/27/2031 00:00:00;67;13858265;08/09/2026 09:20:37;Tiago;Rodriguez;24454962;05/09/2026 10:00:50;6584;Luis Alberto;Villareal;Tiago Rodriguez;Luis Alberto Villareal
14162342;08/09/2026 09:20:40;3;2;0001  215074-1;05;CAMION EXP 1;2093502;"MJ18    ";"SUCESION DE MARCHAL JUAN HECTOR                   ";AV. INDEPENDENCIA 3324;951975;"3040           ";3040 - PORTA ROLLO LINEA 3000;67;67;67;23175623;080926092037001;182025974;;;;07/27/2031 00:00:00;67;13858265;08/09/2026 09:20:37;Tiago;Rodriguez;24454962;05/09/2026 10:00:50;6584;Luis Alberto;Villareal;Tiago Rodriguez;Luis Alberto Villareal
14162342;08/09/2026 09:20:40;3;2;0001  215074-1;05;CAMION EXP 1;2093502;"MJ18    ";"SUCESION DE MARCHAL JUAN HECTOR                   ";AV. INDEPENDENCIA 3324;952677;"60-203         ";60-203 - LAVATORIO MONOCOMANDO BAJO ADRA;67;67;67;23175623;080926092037001;182028515;;;;02/10/2032 00:00:00;67;13858265;08/09/2026 09:20:37;Tiago;Rodriguez;24454962;05/09/2026 10:00:50;6584;Luis Alberto;Villareal;Tiago Rodriguez;Luis Alberto Villareal
14162342;08/09/2026 09:20:40;3;2;0001  215074-1;05;CAMION EXP 1;2093502;"MJ18    ";"SUCESION DE MARCHAL JUAN HECTOR                   ";AV. INDEPENDENCIA 3324;952954;"70-203         ";70-203 - BIDE MONOCOMANDO ADRA;34;34;34;23175623;080926092037001;182026925;;;;07/29/2031 00:00:00;34;13858265;08/09/2026 09:20:37;Tiago;Rodriguez;24454962;05/09/2026 10:00:50;6584;Luis Alberto;Villareal;Tiago Rodriguez;Luis Alberto Villareal
14162535;04/09/2026 06:44:19;3;2;0001  214820-1;10;URGENTES;2092050;"DC18    ";"DI CARLO SEBASTIAN F -DI CARLO SANIT              ";DERQUI 5076;957674;"RA1368         ";RA1368 - CABEZAL DUCHADOR CR MONOC COCINA VALENCIIA;1;1;1;23139400;040926064419481;181763307;;;;07/31/2031 00:00:00;1;13809950;04/09/2026 06:44:19;Gustavo;Soderquvist;24418766;04/09/2026 06:05:33;7636;Kevin;Arce;Gustavo Soderquvist;Kevin Arce
14162536;04/09/2026 06:44:20;3;2;0001  214817-1;10;URGENTES;2091589;"CE01    ";"CENCOSUD S.A.                                     ";AV. PANAMERICANA Y FONDO DE LA LEGUA;952756;"62-153         ";62-153 - LAVATORIO PARED EMB. C.CERAM CASTILLA;5;5;5;23139601;040926064419641;181764754;;;;01/21/2032 00:00:00;5;13809935;04/09/2026 06:44:19;Tiago;Rodriguez;24419014;04/09/2026 06:37:03;7152;Mirko;Hernandez;Tiago Rodriguez;Mirko Hernandez
14162536;04/09/2026 06:44:20;3;2;0001  214817-1;10;URGENTES;2091589;"CE01    ";"CENCOSUD S.A.                                     ";AV. PANAMERICANA Y FONDO DE LA LEGUA;951550;"20-182         ";20-182 - MONOCOMANDO DE COCINA MULTIFUNCION CR ZENITH;1;1;1;23139911;040926064253116;181765159;;;;07/30/2031 00:00:00;1;13809936;04/09/2026 06:42:53;Tiago;Rodriguez;;;;;;Tiago Rodriguez;
14162536;04/09/2026 06:44:20;3;2;0001  214817-1;10;URGENTES;2091589;"CE01    ";"CENCOSUD S.A.                                     ";AV. PANAMERICANA Y FONDO DE LA LEGUA;952638;"60-168N        ";60-168N - LAVATORIO MONOC BAJO BLACK WAVE;1;1;1;23139919;040926064341412;181764836;;;;07/27/2031 00:00:00;1;13809945;04/09/2026 06:43:41;Tiago;Rodriguez;;;;;;Tiago Rodriguez;
14162536;04/09/2026 06:44:20;3;2;0001  214817-1;10;URGENTES;2091589;"CE01    ";"CENCOSUD S.A.                                     ";AV. PANAMERICANA Y FONDO DE LA LEGUA;952673;"60-200G        ";60-200G - LAVATORIO MONOC BAJO GOLD FABRIC;1;1;1;23139919;040926064341412;181765061;;;;07/28/2031 00:00:00;1;13809945;04/09/2026 06:43:41;Tiago;Rodriguez;;;;;;Tiago Rodriguez;
14162536;04/09/2026 06:44:20;3;2;0001  214817-1;10;URGENTES;2091589;"CE01    ";"CENCOSUD S.A.                                     ";AV. PANAMERICANA Y FONDO DE LA LEGUA;952916;"70-168N        ";70-168N - BIDE MONOC BLACK WAVE;2;2;2;23139919;040926064341412;181764921;;;;01/05/2032 00:00:00;2;13809945;04/09/2026 06:43:41;Tiago;Rodriguez;;;;;;Tiago Rodriguez;
14162536;04/09/2026 06:44:20;3;2;0001  214817-1;10;URGENTES;2091589;"CE01    ";"CENCOSUD S.A.                                     ";AV. PANAMERICANA Y FONDO DE LA LEGUA;952950;"70-200G        ";70-200G - BIDE MONOCOMANDO GOLD FABRIC;1;1;1;23139919;040926064341412;181765093;;;;07/27/2031 00:00:00;1;13809945;04/09/2026 06:43:41;Tiago;Rodriguez;;;;;;Tiago Rodriguez;
14162536;04/09/2026 06:44:20;3;2;0001  214817-1;10;URGENTES;2091589;"CE01    ";"CENCOSUD S.A.                                     ";AV. PANAMERICANA Y FONDO DE LA LEGUA;952951;"70-200N        ";70-200N - BIDE MONOCOMANDO BLACK FABRIC;1;1;1;23139919;040926064341412;181764996;;;;09/06/2031 00:00:00;1;13809945;04/09/2026 06:43:41;Tiago;Rodriguez;;;;;;Tiago Rodriguez;
14162536;04/09/2026 06:44:20;3;2;0001  214817-1;10;URGENTES;2091589;"CE01    ";"CENCOSUD S.A.                                     ";AV. PANAMERICANA Y FONDO DE LA LEGUA;953113;"80-168N        ";80-168N - DUCHA EMB C/TRANSF MONOC BLACK WAVE;1;1;1;23139919;040926064341412;181764468;;;;01/22/2032 00:00:00;1;13809945;04/09/2026 06:43:41;Tiago;Rodriguez;;;;;;Tiago Rodriguez;
14162575;04/09/2026 06:44:44;3;2;0001  214664-1;10;URGENTES;2094039;"QU01    ";"QUEIJA S.A                                        ";HERRERA 725;951297;"17020G         ";17020G - TOALLERO DE ARO LINEA FABRIC GOLD;1;1;1;23139391;040926064441196;181763313;;;;07/29/2031 00:00:00;1;13809951;04/09/2026 06:44:41;Gustavo;Soderquvist;24418762;04/09/2026 06:05:22;7152;Mirko;Hernandez;Gustavo Soderquvist;Mirko Hernandez
14162680;04/09/2026 10:06:02;3;2;0001  214679-1;06;CAMIONETA MIE 2;2092204;"DS15    ";"DI STABILE E HIJOS S.A.                           ";JUAN M. DE ROSAS 8378;952583;"60-058         ";60-058 - LAVATORIO CR C.STD MALBA;5;5;5;23141860;040926100559576;181780303;;;;12/03/2031 00:00:00;5;13813826;04/09/2026 10:05:59;Maximiliano;Nievas;24421312;04/09/2026 08:14:01;6922;Franco;Potenza;Maximiliano Nievas;Franco Potenza
14162680;04/09/2026 10:06:02;3;2;0001  214679-1;06;CAMIONETA MIE 2;2092204;"DS15    ";"DI STABILE E HIJOS S.A.                           ";JUAN M. DE ROSAS 8378;952936;"70-190         ";70-190 - BIDE C.CERAM BLACK VELVET;5;5;5;23141860;040926100559576;181778777;;;;11/08/2031 00:00:00;5;13813826;04/09/2026 10:05:59;Maximiliano;Nievas;24421312;04/09/2026 08:14:01;6922;Franco;Potenza;Maximiliano Nievas;Franco Potenza
14162680;04/09/2026 10:06:02;3;2;0001  214679-1;06;CAMIONETA MIE 2;2092204;"DS15    ";"DI STABILE E HIJOS S.A.                           ";JUAN M. DE ROSAS 8378;954914;"BCH12          ";BCH12 - BACHA DE APOYAR BLANCA 460x320x140;2;2;2;23141860;040926100559576;181778456;;;;11/10/2031 00:00:00;2;13813826;04/09/2026 10:05:59;Maximiliano;Nievas;24421312;04/09/2026 08:14:01;6922;Franco;Potenza;Maximiliano Nievas;Franco Potenza
14162681;04/09/2026 07:54:59;3;2;0001  214724-1;06;CAMIONETA MIE 2;2094325;"SA66    ";"SANITARIOS CAÑUELAS SRL                           ";RUTA 205 Y RIVADAVIA;952802;"63-192         ";63-192 - LAVATORIO PARED EMBUTIR MONOCOMANDO SORIA BLACK;40;40;40;23140657;040926075459514;181771283;;;;07/27/2031 00:00:00;40;13810644;04/09/2026 07:54:59;Gustavo;Soderquvist;24420047;04/09/2026 07:49:47;7636;Kevin;Arce;Gustavo Soderquvist;Kevin Arce
14162681;04/09/2026 07:54:59;3;2;0001  214724-1;06;CAMIONETA MIE 2;2094325;"SA66    ";"SANITARIOS CAÑUELAS SRL                           ";RUTA 205 Y RIVADAVIA;953138;"80-192         ";80-192 - DUCHA EMB. C/TRANSF. SORIA BLACK;40;40;40;23140657;040926075459514;181774311;;;;07/28/2031 00:00:00;40;13810644;04/09/2026 07:54:59;Gustavo;Soderquvist;24420047;04/09/2026 07:49:47;7636;Kevin;Arce;Gustavo Soderquvist;Kevin Arce
14162682;04/09/2026 10:41:55;3;2;0001  214745-1;06;CAMIONETA MIE 2;2095091;"ZZ02    ";"ZINGALV GALVANIZADOS Y ZINC S.R.L.                ";AV. SANTA MARIA 3460;952453;"51-131         ";51-131 - MESADA BIMANDO CR C.CERAM MALLORCA;2;2;2;23140322;040926104153301;181768198;;;;01/11/2032 00:00:00;2;13814902;04/09/2026 10:41:53;Maximiliano;Nievas;24419729;04/09/2026 10:28:43;6414;Agustin;Scirica;Maximiliano Nievas;Agustin Scirica
14162683;04/09/2026 07:09:29;3;2;0001  214746-1;06;CAMIONETA MIE 2;2094238;"RR17    ";"RAMOS REVESTIMIENTOS S.R.L.                       ";ALBERDI 4030;951113;"12004N         ";"SET DE 4 PIEZAS LINEA 12000 BLACK                                     ";1;1;1;23140205;040926070928687;181767622;;;;09/01/2031 00:00:00;1;13810119;04/09/2026 07:09:28;Tiago;Rodriguez;24419641;04/09/2026 07:06:49;6414;Agustin;Scirica;Tiago Rodriguez;Agustin Scirica
14162683;04/09/2026 07:09:29;3;2;0001  214746-1;06;CAMIONETA MIE 2;2094238;"RR17    ";"RAMOS REVESTIMIENTOS S.R.L.                       ";ALBERDI 4030;952713;"61-176N        ";61-176N - LAVATORIO MONOC ALTO BLACK RIO;1;1;1;23140205;040926070928687;181767333;;;;07/29/2031 00:00:00;1;13810119;04/09/2026 07:09:28;Tiago;Rodriguez;24419641;04/09/2026 07:06:49;6414;Agustin;Scirica;Tiago Rodriguez;Agustin Scirica
14162684;04/09/2026 11:14:33;3;2;0001  214756-1;06;CAMIONETA MIE 2;2093429;"ME44    ";"MERDUN S.R.L. -EL FARO                            ";JOSE MARIA MORENO 565;953432;"910/M          ";"910/M - JGO.MDA.P.CANO CROMO ""DIQUE""";1;1;1;23141475;040926111428182;181776588;;;;12/21/2031 00:00:00;1;13816030;04/09/2026 11:14:28;Gustavo;Soderquvist;24420863;04/09/2026 08:03:32;6922;Franco;Potenza;Gustavo Soderquvist;Franco Potenza
14162684;04/09/2026 11:14:33;3;2;0001  214756-1;06;CAMIONETA MIE 2;2093429;"ME44    ";"MERDUN S.R.L. -EL FARO                            ";JOSE MARIA MORENO 565;953109;"80-166         ";"DUCHA EMB. C/TRANSF. CR C.CERAM ADRA PLUS                             ";2;2;2;23141475;040926111428182;181776158;;;;01/18/2032 00:00:00;2;13816030;04/09/2026 11:14:28;Gustavo;Soderquvist;24420863;04/09/2026 08:03:32;6922;Franco;Potenza;Gustavo Soderquvist;Franco Potenza
14162684;04/09/2026 11:14:33;3;2;0001  214756-1;06;CAMIONETA MIE 2;2093429;"ME44    ";"MERDUN S.R.L. -EL FARO                            ";JOSE MARIA MORENO 565;952912;"70-162         ";70-162 - BIDE CR C.CERAM LINEA ADRA;2;2;2;23141475;040926111428182;181775986;;;;07/29/2031 00:00:00;2;13816030;04/09/2026 11:14:28;Gustavo;Soderquvist;24420863;04/09/2026 08:03:32;6922;Franco;Potenza;Gustavo Soderquvist;Franco Potenza
14162684;04/09/2026 11:14:33;3;2;0001  214756-1;06;CAMIONETA MIE 2;2093429;"ME44    ";"MERDUN S.R.L. -EL FARO                            ";JOSE MARIA MORENO 565;952634;"60-162         ";60-162 - LAVATORIO CR C.CERAM LINEA ADRA;2;2;2;23141475;040926111428182;181776356;;;;07/29/2031 00:00:00;2;13816030;04/09/2026 11:14:28;Gustavo;Soderquvist;24420863;04/09/2026 08:03:32;6922;Franco;Potenza;Gustavo Soderquvist;Franco Potenza
14162684;04/09/2026 11:14:33;3;2;0001  214756-1;06;CAMIONETA MIE 2;2093429;"ME44    ";"MERDUN S.R.L. -EL FARO                            ";JOSE MARIA MORENO 565;951536;"20-162         ";20-162 - MONOCOMANDO COCINA ADRA;10;10;10;23141475;040926111428182;181777041;;;;07/28/2031 00:00:00;10;13816030;04/09/2026 11:14:28;Gustavo;Soderquvist;24420863;04/09/2026 08:03:32;6922;Franco;Potenza;Gustavo Soderquvist;Franco Potenza
14162684;04/09/2026 11:14:33;3;2;0001  214756-1;06;CAMIONETA MIE 2;2093429;"ME44    ";"MERDUN S.R.L. -EL FARO                            ";JOSE MARIA MORENO 565;951535;"20-160         ";20-160 - MONOCOMANDO MESADA COCINA DIQUE;8;8;8;23141475;040926111428182;181777146;;;;07/28/2031 00:00:00;8;13816030;04/09/2026 11:14:28;Gustavo;Soderquvist;24420863;04/09/2026 08:03:32;6922;Franco;Potenza;Gustavo Soderquvist;Franco Potenza
14162684;04/09/2026 11:14:33;3;2;0001  214756-1;06;CAMIONETA MIE 2;2093429;"ME44    ";"MERDUN S.R.L. -EL FARO                            ";JOSE MARIA MORENO 565;951116;"12006          ";"SET DE 6 PIEZAS LINEA 12000                                           ";10;10;10;23141475;040926111428182;181777426;;;;07/30/2031 00:00:00;10;13816030;04/09/2026 11:14:28;Gustavo;Soderquvist;24420863;04/09/2026 08:03:32;6922;Franco;Potenza;Gustavo Soderquvist;Franco Potenza
14162685;04/09/2026 08:59:28;3;2;0001  214758-1;06;CAMIONETA MIE 2;2092854;"HE09    ";"HARGUINDEGUY ELIZABETH M -CASA FRANCO             ";HONORIO LUQUE 5967;957911;"RA874          ";RA874 - 10 BUJES SUJETA CAMPANA DE BAÑO NEGRO;5;5;5;23141306;040926085927608;181783524;;;;11/02/2031 00:00:00;5;13812021;04/09/2026 08:59:27;Gustavo;Soderquvist;24420698;04/09/2026 08:25:37;7152;Mirko;Hernandez;Gustavo Soderquvist;Mirko Hernandez
14162685;04/09/2026 08:59:28;3;2;0001  214758-1;06;CAMIONETA MIE 2;2092854;"HE09    ";"HARGUINDEGUY ELIZABETH M -CASA FRANCO             ";HONORIO LUQUE 5967;957872;"RA765          ";RA765 - BOLSITA P/CONEXION LAVATORIO LINEAS STD COMPLETO;2;2;2;23141306;040926085927608;181783796;;;;07/31/2031 00:00:00;2;13812021;04/09/2026 08:59:27;Gustavo;Soderquvist;24420698;04/09/2026 08:25:37;7152;Mirko;Hernandez;Gustavo Soderquvist;Mirko Hernandez
14162685;04/09/2026 08:59:28;3;2;0001  214758-1;06;CAMIONETA MIE 2;2092854;"HE09    ";"HARGUINDEGUY ELIZABETH M -CASA FRANCO             ";HONORIO LUQUE 5967;957871;"RA764          ";RA764 - BOLSITA P/CONEXION BIDET LINEAS STD COMPLETO;2;2;2;23141306;040926085927608;181783662;;;;02/01/2032 00:00:00;2;13812021;04/09/2026 08:59:27;Gustavo;Soderquvist;24420698;04/09/2026 08:25:37;7152;Mirko;Hernandez;Gustavo Soderquvist;Mirko Hernandez
14162685;04/09/2026 08:59:28;3;2;0001  214758-1;06;CAMIONETA MIE 2;2092854;"HE09    ";"HARGUINDEGUY ELIZABETH M -CASA FRANCO             ";HONORIO LUQUE 5967;953432;"910/M          ";"910/M - JGO.MDA.P.CANO CROMO ""DIQUE""";1;1;1;23141306;040926085927608;181780874;;;;12/21/2031 00:00:00;1;13812021;04/09/2026 08:59:27;Gustavo;Soderquvist;24420698;04/09/2026 08:25:37;7152;Mirko;Hernandez;Gustavo Soderquvist;Mirko Hernandez
14162685;04/09/2026 08:59:28;3;2;0001  214758-1;06;CAMIONETA MIE 2;2092854;"HE09    ";"HARGUINDEGUY ELIZABETH M -CASA FRANCO             ";HONORIO LUQUE 5967;953312;"83-133         ";83-133 - DUCHA EXT. C/TRANSF. MONOCOMANDO LUGO;4;4;4;23141306;040926085927608;181778238;;;;07/30/2031 00:00:00;4;13812021;04/09/2026 08:59:27;Gustavo;Soderquvist;24420698;04/09/2026 08:25:37;7152;Mirko;Hernandez;Gustavo Soderquvist;Mirko Hernandez
14162685;04/09/2026 08:59:28;3;2;0001  214758-1;06;CAMIONETA MIE 2;2092854;"HE09    ";"HARGUINDEGUY ELIZABETH M -CASA FRANCO             ";HONORIO LUQUE 5967;953148;"80-199         ";80-199 - DUCHA EMB. C/TRANSF. CR C.CERAM LIVE;1;1;1;23141306;040926085927608;181780643;;;;11/04/2031 00:00:00;1;13812021;04/09/2026 08:59:27;Gustavo;Soderquvist;24420698;04/09/2026 08:25:37;7152;Mirko;Hernandez;Gustavo Soderquvist;Mirko Hernandez
14162685;04/09/2026 08:59:28;3;2;0001  214758-1;06;CAMIONETA MIE 2;2092854;"HE09    ";"HARGUINDEGUY ELIZABETH M -CASA FRANCO             ";HONORIO LUQUE 5967;953060;"80-058         ";80-058 - DUCHA EMB. C/TRANSF. CR C.STD MALBA;1;1;1;23141306;040926085927608;181781165;;;;01/06/2032 00:00:00;1;13812021;04/09/2026 08:59:27;Gustavo;Soderquvist;24420698;04/09/2026 08:25:37;7152;Mirko;Hernandez;Gustavo Soderquvist;Mirko Hernandez
14162685;04/09/2026 08:59:28;3;2;0001  214758-1;06;CAMIONETA MIE 2;2092854;"HE09    ";"HARGUINDEGUY ELIZABETH M -CASA FRANCO             ";HONORIO LUQUE 5967;952896;"70-133         ";70-133 - BIDE MONOCOMANDO LUGO;1;1;1;23141306;040926085927608;181776001;;;;07/30/2031 00:00:00;1;13812021;04/09/2026 08:59:27;Gustavo;Soderquvist;24420698;04/09/2026 08:25:37;7152;Mirko;Hernandez;Gustavo Soderquvist;Mirko Hernandez
14162685;04/09/2026 08:59:28;3;2;0001  214758-1;06;CAMIONETA MIE 2;2092854;"HE09    ";"HARGUINDEGUY ELIZABETH M -CASA FRANCO             ";HONORIO LUQUE 5967;952634;"60-162         ";60-162 - LAVATORIO CR C.CERAM LINEA ADRA;3;3;3;23141306;040926085927608;181779895;;;;07/29/2031 00:00:00;3;13812021;04/09/2026 08:59:27;Gustavo;Soderquvist;24420698;04/09/2026 08:25:37;7152;Mirko;Hernandez;Gustavo Soderquvist;Mirko Hernandez
14162685;04/09/2026 08:59:28;3;2;0001  214758-1;06;CAMIONETA MIE 2;2092854;"HE09    ";"HARGUINDEGUY ELIZABETH M -CASA FRANCO             ";HONORIO LUQUE 5967;952618;"60-133         ";60-133 - LAVATORIO MONOCOMANDO LUGO;4;4;4;23141306;040926085927608;181778534;;;;07/29/2031 00:00:00;4;13812021;04/09/2026 08:59:27;Gustavo;Soderquvist;24420698;04/09/2026 08:25:37;7152;Mirko;Hernandez;Gustavo Soderquvist;Mirko Hernandez
14162685;04/09/2026 08:59:28;3;2;0001  214758-1;06;CAMIONETA MIE 2;2092854;"HE09    ";"HARGUINDEGUY ELIZABETH M -CASA FRANCO             ";HONORIO LUQUE 5967;952610;"60-122         ";60-122 - LAVATORIO C.CERAM CR VALENCIA;2;2;2;23141306;040926085927608;181781804;;;;12/10/2031 00:00:00;2;13812021;04/09/2026 08:59:27;Gustavo;Soderquvist;24420698;04/09/2026 08:25:37;7152;Mirko;Hernandez;Gustavo Soderquvist;Mirko Hernandez
14162685;04/09/2026 08:59:28;3;2;0001  214758-1;06;CAMIONETA MIE 2;2092854;"HE09    ";"HARGUINDEGUY ELIZABETH M -CASA FRANCO             ";HONORIO LUQUE 5967;952583;"60-058         ";60-058 - LAVATORIO CR C.STD MALBA;3;3;3;23141306;040926085927608;181781197;;;;12/03/2031 00:00:00;3;13812021;04/09/2026 08:59:27;Gustavo;Soderquvist;24420698;04/09/2026 08:25:37;7152;Mirko;Hernandez;Gustavo Soderquvist;Mirko Hernandez
14162685;04/09/2026 08:59:28;3;2;0001  214758-1;06;CAMIONETA MIE 2;2092854;"HE09    ";"HARGUINDEGUY ELIZABETH M -CASA FRANCO             ";HONORIO LUQUE 5967;952582;"60-057         ";60-057 - LAVATORIO C.STD VERIN PLUS;1;1;1;23141306;040926085927608;181780064;;;;01/06/2032 00:00:00;1;13812021;04/09/2026 08:59:27;Gustavo;Soderquvist;24420698;04/09/2026 08:25:37;7152;Mirko;Hernandez;Gustavo Soderquvist;Mirko Hernandez
14162685;04/09/2026 08:59:28;3;2;0001  214758-1;06;CAMIONETA MIE 2;2092854;"HE09    ";"HARGUINDEGUY ELIZABETH M -CASA FRANCO             ";HONORIO LUQUE 5967;952498;"54-130         ";54-130 - MONOCOMANDO COCINA PARED EXT BILBAO;2;2;2;23141306;040926085927608;181775494;;;;07/27/2031 00:00:00;2;13812021;04/09/2026 08:59:27;Gustavo;Soderquvist;24420698;04/09/2026 08:25:37;7152;Mirko;Hernandez;Gustavo Soderquvist;Mirko Hernandez
14162685;04/09/2026 08:59:28;3;2;0001  214758-1;06;CAMIONETA MIE 2;2092854;"HE09    ";"HARGUINDEGUY ELIZABETH M -CASA FRANCO             ";HONORIO LUQUE 5967;952438;"51-058         ";51-058 - COCINA MESADA CR C.STD MALBA;1;1;1;23141306;040926085927608;181780143;;;;10/19/2031 00:00:00;1;13812021;04/09/2026 08:59:27;Gustavo;Soderquvist;24420698;04/09/2026 08:25:37;7152;Mirko;Hernandez;Gustavo Soderquvist;Mirko Hernandez
14162685;04/09/2026 08:59:28;3;2;0001  214758-1;06;CAMIONETA MIE 2;2092854;"HE09    ";"HARGUINDEGUY ELIZABETH M -CASA FRANCO             ";HONORIO LUQUE 5967;952437;"51-057         ";51-057 - COCINA MESADA CR C.STD VERIN PLUS;2;2;2;23141306;040926085927608;181782168;;;;01/27/2032 00:00:00;2;13812021;04/09/2026 08:59:27;Gustavo;Soderquvist;24420698;04/09/2026 08:25:37;7152;Mirko;Hernandez;Gustavo Soderquvist;Mirko Hernandez
14162685;04/09/2026 08:59:28;3;2;0001  214758-1;06;CAMIONETA MIE 2;2092854;"HE09    ";"HARGUINDEGUY ELIZABETH M -CASA FRANCO             ";HONORIO LUQUE 5967;951545;"20-172         ";20-172 - COCINA MESADA MONOC. COLORS NEGRO;2;2;2;23141306;040926085927608;181775691;;;;07/28/2031 00:00:00;2;13812021;04/09/2026 08:59:27;Gustavo;Soderquvist;24420698;04/09/2026 08:25:37;7152;Mirko;Hernandez;Gustavo Soderquvist;Mirko Hernandez
14162685;04/09/2026 08:59:28;3;2;0001  214758-1;06;CAMIONETA MIE 2;2092854;"HE09    ";"HARGUINDEGUY ELIZABETH M -CASA FRANCO             ";HONORIO LUQUE 5967;951535;"20-160         ";20-160 - MONOCOMANDO MESADA COCINA DIQUE;1;1;1;23141306;040926085927608;181777098;;;;07/28/2031 00:00:00;1;13812021;04/09/2026 08:59:27;Gustavo;Soderquvist;24420698;04/09/2026 08:25:37;7152;Mirko;Hernandez;Gustavo Soderquvist;Mirko Hernandez
14162685;04/09/2026 08:59:28;3;2;0001  214758-1;06;CAMIONETA MIE 2;2092854;"HE09    ";"HARGUINDEGUY ELIZABETH M -CASA FRANCO             ";HONORIO LUQUE 5967;951530;"20-146         ";20-146 - MONOCOMANDO DE COCINA CR LINEA MOVE;1;1;1;23141306;040926085927608;181778041;;;;10/09/2031 00:00:00;1;13812021;04/09/2026 08:59:27;Gustavo;Soderquvist;24420698;04/09/2026 08:25:37;7152;Mirko;Hernandez;Gustavo Soderquvist;Mirko Hernandez
14162685;04/09/2026 08:59:28;3;2;0001  214758-1;06;CAMIONETA MIE 2;2092854;"HE09    ";"HARGUINDEGUY ELIZABETH M -CASA FRANCO             ";HONORIO LUQUE 5967;951523;"20-134         ";20-134 - MONOCOMANDO COCINA BETIS;6;6;6;23141306;040926085927608;181779047;;;;08/11/2031 00:00:00;6;13812021;04/09/2026 08:59:27;Gustavo;Soderquvist;24420698;04/09/2026 08:25:37;7152;Mirko;Hernandez;Gustavo Soderquvist;Mirko Hernandez
14162685;04/09/2026 08:59:28;3;2;0001  214758-1;06;CAMIONETA MIE 2;2092854;"HE09    ";"HARGUINDEGUY ELIZABETH M -CASA FRANCO             ";HONORIO LUQUE 5967;951508;"20-121         ";20-121 - COCINA MSDA MONOC.P. REDONDO MARBELLA;1;1;1;23141306;040926085927608;181775883;;;;07/30/2031 00:00:00;1;13812021;04/09/2026 08:59:27;Gustavo;Soderquvist;24420698;04/09/2026 08:25:37;7152;Mirko;Hernandez;Gustavo Soderquvist;Mirko Hernandez
14162685;04/09/2026 08:59:28;3;2;0001  214758-1;06;CAMIONETA MIE 2;2092854;"HE09    ";"HARGUINDEGUY ELIZABETH M -CASA FRANCO             ";HONORIO LUQUE 5967;951488;"20-102         ";"20-102 - MONOCOMANDO MESADA CROMO ""RENACER""";2;2;2;23141306;040926085927608;181778897;;;;08/20/2031 00:00:00;2;13812021;04/09/2026 08:59:27;Gustavo;Soderquvist;24420698;04/09/2026 08:25:37;7152;Mirko;Hernandez;Gustavo Soderquvist;Mirko Hernandez
14162685;04/09/2026 08:59:28;3;2;0001  214758-1;06;CAMIONETA MIE 2;2092854;"HE09    ";"HARGUINDEGUY ELIZABETH M -CASA FRANCO             ";HONORIO LUQUE 5967;951116;"12006          ";"SET DE 6 PIEZAS LINEA 12000                                           ";1;1;1;23141306;040926085927608;181776577;;;;07/30/2031 00:00:00;1;13812021;04/09/2026 08:59:27;Gustavo;Soderquvist;24420698;04/09/2026 08:25:37;7152;Mirko;Hernandez;Gustavo Soderquvist;Mirko Hernandez
14162685;04/09/2026 08:59:28;3;2;0001  214758-1;06;CAMIONETA MIE 2;2092854;"HE09    ";"HARGUINDEGUY ELIZABETH M -CASA FRANCO             ";HONORIO LUQUE 5967;951114;"12005          ";"SET DE 5 PIEZAS LINEA 12000                                           ";3;3;3;23141306;040926085927608;181776792;;;;07/30/2031 00:00:00;3;13812021;04/09/2026 08:59:27;Gustavo;Soderquvist;24420698;04/09/2026 08:25:37;7152;Mirko;Hernandez;Gustavo Soderquvist;Mirko Hernandez
14162688;04/09/2026 08:14:30;3;2;0001  214775-1;06;CAMIONETA MIE 2;2093694;"NM04    ";"NEO MATERIALES S.A.                               ";M. BUFANO (CMNO DE CINTURA) 2068;951512;"20-122         ";"MONOCOMANDO COCINA CR C/PICO EXTRAIBLE VALENCIA                       ";12;12;12;23139811;040926081429003;181771015;;;;08/06/2031 00:00:00;6;13810630;04/09/2026 08:14:29;Tiago;Rodriguez;24419172;04/09/2026 07:39:15;7152;Mirko;Hernandez;Tiago Rodriguez;Mirko Hernandez
14162688;04/09/2026 08:14:30;3;2;0001  214775-1;06;CAMIONETA MIE 2;2093694;"NM04    ";"NEO MATERIALES S.A.                               ";M. BUFANO (CMNO DE CINTURA) 2068;951620;"214/CR         ";214/CR - LAVATORIO CR/CR ARES;15;15;15;23141486;040926075218728;181775630;;;;01/27/2032 00:00:00;10;13810637;04/09/2026 07:52:18;Tiago;Rodriguez;;;;;;Tiago Rodriguez;
14162688;04/09/2026 08:14:30;3;2;0001  214775-1;06;CAMIONETA MIE 2;2093694;"NM04    ";"NEO MATERIALES S.A.                               ";M. BUFANO (CMNO DE CINTURA) 2068;952577;"60-045         ";60-045 - LAVATORIO CR/CR C.STD CRUZ;20;20;20;23141502;040926075257190;181775740;;;;01/24/2032 00:00:00;10;13810642;04/09/2026 07:52:57;Tiago;Rodriguez;;;;;;Tiago Rodriguez;
14162688;04/09/2026 08:14:30;3;2;0001  214775-1;06;CAMIONETA MIE 2;2093694;"NM04    ";"NEO MATERIALES S.A.                               ";M. BUFANO (CMNO DE CINTURA) 2068;952551;"60-010         ";60-010 - LAVATORIO BL/CR LORCA;20;20;20;23141547;040926075409955;181775976;;;;12/07/2031 00:00:00;10;13810670;04/09/2026 07:54:09;Tiago;Rodriguez;;;;;;Tiago Rodriguez;
14162688;04/09/2026 08:14:30;3;2;0001  214775-1;06;CAMIONETA MIE 2;2093694;"NM04    ";"NEO MATERIALES S.A.                               ";M. BUFANO (CMNO DE CINTURA) 2068;952577;"60-045         ";60-045 - LAVATORIO CR/CR C.STD CRUZ;20;20;20;23141566;040926075450458;181767537;;;;01/24/2032 00:00:00;10;13810687;04/09/2026 07:54:50;Tiago;Rodriguez;;;;;;Tiago Rodriguez;
14162688;04/09/2026 08:14:30;3;2;0001  214775-1;06;CAMIONETA MIE 2;2093694;"NM04    ";"NEO MATERIALES S.A.                               ";M. BUFANO (CMNO DE CINTURA) 2068;952551;"60-010         ";60-010 - LAVATORIO BL/CR LORCA;20;20;20;23141598;040926075535299;181765876;;;;12/07/2031 00:00:00;10;13810700;04/09/2026 07:55:35;Tiago;Rodriguez;;;;;;Tiago Rodriguez;
14162688;04/09/2026 08:14:30;3;2;0001  214775-1;06;CAMIONETA MIE 2;2093694;"NM04    ";"NEO MATERIALES S.A.                               ";M. BUFANO (CMNO DE CINTURA) 2068;952438;"51-058         ";51-058 - COCINA MESADA CR C.STD MALBA;30;30;30;23141633;040926075637724;181776462;;;;10/19/2031 00:00:00;10;13810714;04/09/2026 07:56:37;Tiago;Rodriguez;;;;;;Tiago Rodriguez;
14162688;04/09/2026 08:14:30;3;2;0001  214775-1;06;CAMIONETA MIE 2;2093694;"NM04    ";"NEO MATERIALES S.A.                               ";M. BUFANO (CMNO DE CINTURA) 2068;953197;"81-010         ";81-010 - DUCHA EMB. S/TRANSF. BL/CR LORCA;10;10;10;23141653;040926075727597;181766465;;;;11/24/2031 00:00:00;10;13810725;04/09/2026 07:57:27;Tiago;Rodriguez;;;;;;Tiago Rodriguez;
14162688;04/09/2026 08:14:30;3;2;0001  214775-1;06;CAMIONETA MIE 2;2093694;"NM04    ";"NEO MATERIALES S.A.                               ";M. BUFANO (CMNO DE CINTURA) 2068;952438;"51-058         ";51-058 - COCINA MESADA CR C.STD MALBA;30;30;30;23141669;040926075800506;181776737;;;;10/19/2031 00:00:00;10;13810736;04/09/2026 07:58:00;Tiago;Rodriguez;;;;;;Tiago Rodriguez;
14162688;04/09/2026 08:14:30;3;2;0001  214775-1;06;CAMIONETA MIE 2;2093694;"NM04    ";"NEO MATERIALES S.A.                               ";M. BUFANO (CMNO DE CINTURA) 2068;952634;"60-162         ";60-162 - LAVATORIO CR C.CERAM LINEA ADRA;10;10;10;23141687;040926075837966;181765675;;;;07/29/2031 00:00:00;10;13810750;04/09/2026 07:58:37;Tiago;Rodriguez;;;;;;Tiago Rodriguez;
14162688;04/09/2026 08:14:30;3;2;0001  214775-1;06;CAMIONETA MIE 2;2093694;"NM04    ";"NEO MATERIALES S.A.                               ";M. BUFANO (CMNO DE CINTURA) 2068;952438;"51-058         ";51-058 - COCINA MESADA CR C.STD MALBA;30;30;30;23141704;040926075911707;181766305;;;;10/19/2031 00:00:00;10;13810761;04/09/2026 07:59:11;Tiago;Rodriguez;;;;;;Tiago Rodriguez;
14162688;04/09/2026 08:14:30;3;2;0001  214775-1;06;CAMIONETA MIE 2;2093694;"NM04    ";"NEO MATERIALES S.A.                               ";M. BUFANO (CMNO DE CINTURA) 2068;951620;"214/CR         ";214/CR - LAVATORIO CR/CR ARES;15;15;15;23141737;040926080042839;181767909;;;;01/27/2032 00:00:00;5;13810784;04/09/2026 08:00:42;Tiago;Rodriguez;;;;;;Tiago Rodriguez;
14162688;04/09/2026 08:14:30;3;2;0001  214775-1;06;CAMIONETA MIE 2;2093694;"NM04    ";"NEO MATERIALES S.A.                               ";M. BUFANO (CMNO DE CINTURA) 2068;952947;"70-199N        ";70-199N - BIDE BLACK C.CERAM LIVE;2;2;2;23141737;040926080042839;181766953;;;;07/29/2031 00:00:00;2;13810784;04/09/2026 08:00:42;Tiago;Rodriguez;;;;;;Tiago Rodriguez;
14162688;04/09/2026 08:14:30;3;2;0001  214775-1;06;CAMIONETA MIE 2;2093694;"NM04    ";"NEO MATERIALES S.A.                               ";M. BUFANO (CMNO DE CINTURA) 2068;952874;"70-100G        ";70-100G - BIDE GOLD C.CERAM FABRIC;2;2;2;23141737;040926080042839;181767728;;;;07/29/2031 00:00:00;2;13810784;04/09/2026 08:00:42;Tiago;Rodriguez;;;;;;Tiago Rodriguez;
14162688;04/09/2026 08:14:30;3;2;0001  214775-1;06;CAMIONETA MIE 2;2093694;"NM04    ";"NEO MATERIALES S.A.                               ";M. BUFANO (CMNO DE CINTURA) 2068;952783;"62-199N        ";62-199N - LAVATORIO DE PARED BLACK C.CERAM LIVE;2;2;2;23141737;040926080042839;181767056;;;;07/31/2031 00:00:00;2;13810784;04/09/2026 08:00:42;Tiago;Rodriguez;;;;;;Tiago Rodriguez;
14162688;04/09/2026 08:14:30;3;2;0001  214775-1;06;CAMIONETA MIE 2;2093694;"NM04    ";"NEO MATERIALES S.A.                               ";M. BUFANO (CMNO DE CINTURA) 2068;952426;"51-010         ";51-010 - COCINA MESADA BL/CR LORCA;30;30;30;23141755;040926080123204;181777470;;;;01/03/2032 00:00:00;10;13810804;04/09/2026 08:01:23;Tiago;Rodriguez;;;;;;Tiago Rodriguez;
14162688;04/09/2026 08:14:30;3;2;0001  214775-1;06;CAMIONETA MIE 2;2093694;"NM04    ";"NEO MATERIALES S.A.                               ";M. BUFANO (CMNO DE CINTURA) 2068;952426;"51-010         ";51-010 - COCINA MESADA BL/CR LORCA;30;30;30;23141765;040926080154286;181777552;;;;01/03/2032 00:00:00;10;13810814;04/09/2026 08:01:54;Tiago;Rodriguez;;;;;;Tiago Rodriguez;
14162688;04/09/2026 08:14:30;3;2;0001  214775-1;06;CAMIONETA MIE 2;2093694;"NM04    ";"NEO MATERIALES S.A.                               ";M. BUFANO (CMNO DE CINTURA) 2068;952426;"51-010         ";51-010 - COCINA MESADA BL/CR LORCA;30;30;30;23141808;040926080232925;181766715;;;;01/03/2032 00:00:00;10;13810826;04/09/2026 08:02:32;Tiago;Rodriguez;;;;;;Tiago Rodriguez;
14162688;04/09/2026 08:14:30;3;2;0001  214775-1;06;CAMIONETA MIE 2;2093694;"NM04    ";"NEO MATERIALES S.A.                               ";M. BUFANO (CMNO DE CINTURA) 2068;952669;"60-199N        ";60-199N - LAVATORIO BLACK C.CERAM LIVE;2;2;2;23141838;040926080324117;181766967;;;;07/27/2031 00:00:00;2;13810840;04/09/2026 08:03:24;Tiago;Rodriguez;;;;;;Tiago Rodriguez;
14162688;04/09/2026 08:14:30;3;2;0001  214775-1;06;CAMIONETA MIE 2;2093694;"NM04    ";"NEO MATERIALES S.A.                               ";M. BUFANO (CMNO DE CINTURA) 2068;952596;"60-100G        ";60-100G - LAVATORIO GOLD C.CERAM FABRIC;2;2;2;23141838;040926080324117;181767691;;;;11/10/2031 00:00:00;2;13810840;04/09/2026 08:03:24;Tiago;Rodriguez;;;;;;Tiago Rodriguez;
14162688;04/09/2026 08:14:30;3;2;0001  214775-1;06;CAMIONETA MIE 2;2093694;"NM04    ";"NEO MATERIALES S.A.                               ";M. BUFANO (CMNO DE CINTURA) 2068;953071;"80-100G        ";80-100G - DUCHA EMB. C/TRANSF. GOLD C.CERAM FABRIC;2;2;2;23141877;040926080413547;181767600;;;;12/03/2031 00:00:00;2;13810856;04/09/2026 08:04:13;Tiago;Rodriguez;;;;;;Tiago Rodriguez;
14162688;04/09/2026 08:14:30;3;2;0001  214775-1;06;CAMIONETA MIE 2;2093694;"NM04    ";"NEO MATERIALES S.A.                               ";M. BUFANO (CMNO DE CINTURA) 2068;952452;"51-122         ";51-122 - MESADA BIMANDO CR C.CERAM VALENCIA;2;2;2;23141923;040926080435310;181767133;;;;01/03/2032 00:00:00;2;13810862;04/09/2026 08:04:35;Tiago;Rodriguez;;;;;;Tiago Rodriguez;
14162688;04/09/2026 08:14:30;3;2;0001  214775-1;06;CAMIONETA MIE 2;2093694;"NM04    ";"NEO MATERIALES S.A.                               ";M. BUFANO (CMNO DE CINTURA) 2068;953150;"80-199N        ";80-199N - DUCHA EMB. C/TRANSF. BLACK C.CERAM LIVE;2;2;2;23141942;040926080507657;181767006;;;;09/27/2031 00:00:00;2;13810869;04/09/2026 08:05:07;Tiago;Rodriguez;;;;;;Tiago Rodriguez;
14162688;04/09/2026 08:14:30;3;2;0001  214775-1;06;CAMIONETA MIE 2;2093694;"NM04    ";"NEO MATERIALES S.A.                               ";M. BUFANO (CMNO DE CINTURA) 2068;952712;"61-176         ";61-176 - LAVATORIO MONOC ALTO CR RIO;10;10;10;23141966;040926080606530;181778460;;;;10/09/2031 00:00:00;4;13810890;04/09/2026 08:06:06;Tiago;Rodriguez;;;;;;Tiago Rodriguez;
14162688;04/09/2026 08:14:30;3;2;0001  214775-1;06;CAMIONETA MIE 2;2093694;"NM04    ";"NEO MATERIALES S.A.                               ";M. BUFANO (CMNO DE CINTURA) 2068;952713;"61-176N        ";61-176N - LAVATORIO MONOC ALTO BLACK RIO;10;10;10;23141966;040926080606530;181778461;;;;07/29/2031 00:00:00;4;13810890;04/09/2026 08:06:06;Tiago;Rodriguez;;;;;;Tiago Rodriguez;
14162688;04/09/2026 08:14:30;3;2;0001  214775-1;06;CAMIONETA MIE 2;2093694;"NM04    ";"NEO MATERIALES S.A.                               ";M. BUFANO (CMNO DE CINTURA) 2068;952647;"60-176         ";"LAVATORIO MONOCOMANDO BAJO CR RIO                                     ";10;10;10;23142031;040926080718337;181778704;;;;10/11/2031 00:00:00;4;13810908;04/09/2026 08:07:18;Tiago;Rodriguez;;;;;;Tiago Rodriguez;
14162688;04/09/2026 08:14:30;3;2;0001  214775-1;06;CAMIONETA MIE 2;2093694;"NM04    ";"NEO MATERIALES S.A.                               ";M. BUFANO (CMNO DE CINTURA) 2068;952499;"54-203         ";"COCINA PARED EXT C.CERAM ADRA MONOCOMANDO                             ";10;10;10;23142069;040926080807141;181778898;;;;11/23/2031 00:00:00;4;13810925;04/09/2026 08:08:07;Tiago;Rodriguez;;;;;;Tiago Rodriguez;
14162688;04/09/2026 08:14:30;3;2;0001  214775-1;06;CAMIONETA MIE 2;2093694;"NM04    ";"NEO MATERIALES S.A.                               ";M. BUFANO (CMNO DE CINTURA) 2068;951545;"20-172         ";20-172 - COCINA MESADA MONOC. COLORS NEGRO;5;5;5;23142087;040926080848887;181772333;;;;07/28/2031 00:00:00;5;13810941;04/09/2026 08:08:48;Tiago;Rodriguez;;;;;;Tiago Rodriguez;
14162688;04/09/2026 08:14:30;3;2;0001  214775-1;06;CAMIONETA MIE 2;2093694;"NM04    ";"NEO MATERIALES S.A.                               ";M. BUFANO (CMNO DE CINTURA) 2068;951531;"20-146N        ";20-146N - MONOCOMANDO DE COCINA BLACK LINEA MOVE;12;12;12;23142149;040926081008166;181779458;;;;07/30/2031 00:00:00;6;13810977;04/09/2026 08:10:08;Tiago;Rodriguez;;;;;;Tiago Rodriguez;
14162688;04/09/2026 08:14:30;3;2;0001  214775-1;06;CAMIONETA MIE 2;2093694;"NM04    ";"NEO MATERIALES S.A.                               ";M. BUFANO (CMNO DE CINTURA) 2068;951531;"20-146N        ";20-146N - MONOCOMANDO DE COCINA BLACK LINEA MOVE;12;12;12;23142156;040926081022969;181770633;;;;07/30/2031 00:00:00;6;13810983;04/09/2026 08:10:22;Tiago;Rodriguez;;;;;;Tiago Rodriguez;
14162688;04/09/2026 08:14:30;3;2;0001  214775-1;06;CAMIONETA MIE 2;2093694;"NM04    ";"NEO MATERIALES S.A.                               ";M. BUFANO (CMNO DE CINTURA) 2068;951653;"22-178         ";22-178 - MONOCOMANDO DE COCINA P/AGUA FILTRADA VITA;8;8;8;23142174;040926081039825;181770392;;;;12/23/2031 00:00:00;8;13810989;04/09/2026 08:10:39;Tiago;Rodriguez;;;;;;Tiago Rodriguez;
14162688;04/09/2026 08:14:30;3;2;0001  214775-1;06;CAMIONETA MIE 2;2093694;"NM04    ";"NEO MATERIALES S.A.                               ";M. BUFANO (CMNO DE CINTURA) 2068;952712;"61-176         ";61-176 - LAVATORIO MONOC ALTO CR RIO;10;10;10;23142178;040926081051946;181771234;;;;10/09/2031 00:00:00;6;13810993;04/09/2026 08:10:51;Tiago;Rodriguez;;;;;;Tiago Rodriguez;
14162688;04/09/2026 08:14:30;3;2;0001  214775-1;06;CAMIONETA MIE 2;2093694;"NM04    ";"NEO MATERIALES S.A.                               ";M. BUFANO (CMNO DE CINTURA) 2068;952713;"61-176N        ";61-176N - LAVATORIO MONOC ALTO BLACK RIO;10;10;10;23142187;040926081107187;181771680;;;;07/29/2031 00:00:00;6;13811001;04/09/2026 08:11:07;Tiago;Rodriguez;;;;;;Tiago Rodriguez;
14162688;04/09/2026 08:14:30;3;2;0001  214775-1;06;CAMIONETA MIE 2;2093694;"NM04    ";"NEO MATERIALES S.A.                               ";M. BUFANO (CMNO DE CINTURA) 2068;951532;"20-147         ";20-147 - MONOCOMANDO DE COCINA SWIFT;10;10;10;23142197;040926081123937;181770832;;;;07/29/2031 00:00:00;10;13811006;04/09/2026 08:11:23;Tiago;Rodriguez;;;;;;Tiago Rodriguez;
14162688;04/09/2026 08:14:30;3;2;0001  214775-1;06;CAMIONETA MIE 2;2093694;"NM04    ";"NEO MATERIALES S.A.                               ";M. BUFANO (CMNO DE CINTURA) 2068;951553;"20-184         ";"MONOCOMANDO DE COCINA CR SUV                                          ";20;20;20;23142256;040926081243243;181780133;;;;10/04/2031 00:00:00;10;13811028;04/09/2026 08:12:43;Tiago;Rodriguez;;;;;;Tiago Rodriguez;
14162688;04/09/2026 08:14:30;3;2;0001  214775-1;06;CAMIONETA MIE 2;2093694;"NM04    ";"NEO MATERIALES S.A.                               ";M. BUFANO (CMNO DE CINTURA) 2068;951553;"20-184         ";"MONOCOMANDO DE COCINA CR SUV                                          ";20;20;20;23142272;040926081307839;181771910;;;;10/04/2031 00:00:00;10;13811043;04/09/2026 08:13:07;Tiago;Rodriguez;;;;;;Tiago Rodriguez;
14162688;04/09/2026 08:14:30;3;2;0001  214775-1;06;CAMIONETA MIE 2;2093694;"NM04    ";"NEO MATERIALES S.A.                               ";M. BUFANO (CMNO DE CINTURA) 2068;952647;"60-176         ";"LAVATORIO MONOCOMANDO BAJO CR RIO                                     ";10;10;10;23142280;040926081325621;181771427;;;;10/11/2031 00:00:00;6;13811056;04/09/2026 08:13:25;Tiago;Rodriguez;;;;;;Tiago Rodriguez;
14162688;04/09/2026 08:14:30;3;2;0001  214775-1;06;CAMIONETA MIE 2;2093694;"NM04    ";"NEO MATERIALES S.A.                               ";M. BUFANO (CMNO DE CINTURA) 2068;952499;"54-203         ";"COCINA PARED EXT C.CERAM ADRA MONOCOMANDO                             ";10;10;10;23142300;040926081351298;181769489;;;;11/23/2031 00:00:00;6;13811062;04/09/2026 08:13:51;Tiago;Rodriguez;;;;;;Tiago Rodriguez;
14162688;04/09/2026 08:14:30;3;2;0001  214775-1;06;CAMIONETA MIE 2;2093694;"NM04    ";"NEO MATERIALES S.A.                               ";M. BUFANO (CMNO DE CINTURA) 2068;951512;"20-122         ";"MONOCOMANDO COCINA CR C/PICO EXTRAIBLE VALENCIA                       ";12;12;12;23142312;040926081418959;181780602;;;;08/06/2031 00:00:00;6;13811075;04/09/2026 08:14:18;Tiago;Rodriguez;;;;;;Tiago Rodriguez;
14162689;04/09/2026 07:10:04;3;2;0001  214970-1;06;CAMIONETA MIE 2;2092204;"DS15    ";"DI STABILE E HIJOS S.A.                           ";JUAN M. DE ROSAS 8378;951565;"20-205         ";20-205 - MONOCOMANDO DE COCINA STEEL;5;5;5;23140206;040926071004161;181767566;;;;07/28/2031 00:00:00;5;13810125;04/09/2026 07:10:04;Tiago;Rodriguez;24419641;04/09/2026 07:06:49;6414;Agustin;Scirica;Tiago Rodriguez;Agustin Scirica
14162690;04/09/2026 10:45:22;3;2;0001  214974-1;06;CAMIONETA MIE 2;2092823;"GT08    ";"GRUPO GOBBI ARIETA S.A.                           ";PUENTE DEL INCA 2050;952641;"60-175         ";60-175 - LAVATORIO CR. C.CERAM PULSE;3;3;3;23140323;040926104521789;181768353;;;;07/29/2031 00:00:00;3;13814976;04/09/2026 10:45:21;Maximiliano;Nievas;24419729;04/09/2026 10:28:43;6414;Agustin;Scirica;Maximiliano Nievas;Agustin Scirica
14162690;04/09/2026 10:45:22;3;2;0001  214974-1;06;CAMIONETA MIE 2;2092823;"GT08    ";"GRUPO GOBBI ARIETA S.A.                           ";PUENTE DEL INCA 2050;952766;"62-175G        ";62-175G - LAVATORIO DE PARED GOLD C.CERAM PULSE;4;4;4;23140323;040926104521789;181822449;;;;12/08/2031 00:00:00;4;13814976;04/09/2026 10:45:21;Maximiliano;Nievas;24419729;04/09/2026 10:28:43;6414;Agustin;Scirica;Maximiliano Nievas;Agustin Scirica
14162690;04/09/2026 10:45:22;3;2;0001  214974-1;06;CAMIONETA MIE 2;2092823;"GT08    ";"GRUPO GOBBI ARIETA S.A.                           ";PUENTE DEL INCA 2050;952797;"63-176         ";"LAVATORIO PARED EMB MONOC CR RIO                                      ";6;6;6;23140323;040926104521789;181768075;;;;12/14/2031 00:00:00;6;13814976;04/09/2026 10:45:21;Maximiliano;Nievas;24419729;04/09/2026 10:28:43;6414;Agustin;Scirica;Maximiliano Nievas;Agustin Scirica
14162690;04/09/2026 10:45:22;3;2;0001  214974-1;06;CAMIONETA MIE 2;2092823;"GT08    ";"GRUPO GOBBI ARIETA S.A.                           ";PUENTE DEL INCA 2050;952798;"63-176N        ";"LAVATORIO PARED EMB MONOC BLACK RIO                                   ";6;6;6;23140323;040926104521789;181768039;;;;12/14/2031 00:00:00;6;13814976;04/09/2026 10:45:21;Maximiliano;Nievas;24419729;04/09/2026 10:28:43;6414;Agustin;Scirica;Maximiliano Nievas;Agustin Scirica
14162690;04/09/2026 10:45:22;3;2;0001  214974-1;06;CAMIONETA MIE 2;2092823;"GT08    ";"GRUPO GOBBI ARIETA S.A.                           ";PUENTE DEL INCA 2050;953116;"80-175         ";80-175 - DUCHA EMB C/TRANSF. CR C.CERAM PULSE;3;3;3;23140323;040926104521789;181768475;;;;07/31/2031 00:00:00;3;13814976;04/09/2026 10:45:21;Maximiliano;Nievas;24419729;04/09/2026 10:28:43;6414;Agustin;Scirica;Maximiliano Nievas;Agustin Scirica
14162690;04/09/2026 10:45:22;3;2;0001  214974-1;06;CAMIONETA MIE 2;2092823;"GT08    ";"GRUPO GOBBI ARIETA S.A.                           ";PUENTE DEL INCA 2050;953119;"80-175G        ";80-175G - DUCHA EMB C/TRANSF. GOLD C.CERAM PULSE;3;3;3;23140323;040926104521789;181767890;;;;07/29/2031 00:00:00;3;13814976;04/09/2026 10:45:21;Maximiliano;Nievas;24419729;04/09/2026 10:28:43;6414;Agustin;Scirica;Maximiliano Nievas;Agustin Scirica
14162691;04/09/2026 07:08:53;3;2;0001  215036-1;06;CAMIONETA MIE 2;2091888;"CP34    ";"CATALANO PATRICIA L-SANITARIOS MRM                ";AV. DIAZ VELEZ 986;953331;"84-190         ";84-190 - DUCHA EXTERIOR CON COLUMNA BLACK VELVET;1;1;1;23140207;040926070852096;181767423;;;;10/06/2031 00:00:00;1;13810110;04/09/2026 07:08:52;Tiago;Rodriguez;24419641;04/09/2026 07:06:49;6414;Agustin;Scirica;Tiago Rodriguez;Agustin Scirica
14162692;04/09/2026 09:00:08;3;2;0001  215096-1;06;CAMIONETA MIE 2;2092891;"HL02    ";"HEREDIA LEONARDO A - FERRETERIA HEREDIA           ";CARLOS CASARES 5808;953335;"84-203ST       ";"DUCHA EXT C/COLUMNA CR ADRA                                           ";5;5;5;23141473;040926090006745;181777214;;;;12/15/2031 00:00:00;5;13811884;04/09/2026 09:00:06;Tiago;Rodriguez;24420859;04/09/2026 08:17:41;7636;Kevin;Arce;Tiago Rodriguez;Kevin Arce
14162692;04/09/2026 09:00:08;3;2;0001  215096-1;06;CAMIONETA MIE 2;2092891;"HL02    ";"HEREDIA LEONARDO A - FERRETERIA HEREDIA           ";CARLOS CASARES 5808;951568;"203            ";"203 - LAVATORIO CROMO ""DIQUE""";20;20;20;23143811;040926085101763;181791450;;;;01/11/2032 00:00:00;10;13811888;04/09/2026 08:51:01;Tiago;Rodriguez;;;;;;Tiago Rodriguez;
14162692;04/09/2026 09:00:08;3;2;0001  215096-1;06;CAMIONETA MIE 2;2092891;"HL02    ";"HEREDIA LEONARDO A - FERRETERIA HEREDIA           ";CARLOS CASARES 5808;951568;"203            ";"203 - LAVATORIO CROMO ""DIQUE""";20;20;20;23143843;040926085146394;181781251;;;;01/11/2032 00:00:00;10;13811910;04/09/2026 08:51:46;Tiago;Rodriguez;;;;;;Tiago Rodriguez;
14162692;04/09/2026 09:00:08;3;2;0001  215096-1;06;CAMIONETA MIE 2;2092891;"HL02    ";"HEREDIA LEONARDO A - FERRETERIA HEREDIA           ";CARLOS CASARES 5808;953406;"90-045         ";90-045 - PACK GRIF LAV-BID-DUCHA C/TRANSF CRUZ;2;2;2;23143878;040926085233375;181779854;;;;08/04/2031 00:00:00;2;13811924;04/09/2026 08:52:33;Tiago;Rodriguez;;;;;;Tiago Rodriguez;
14162692;04/09/2026 09:00:08;3;2;0001  215096-1;06;CAMIONETA MIE 2;2092891;"HL02    ";"HEREDIA LEONARDO A - FERRETERIA HEREDIA           ";CARLOS CASARES 5808;952983;"744/CR         ";744/CR - JGO.P/LAVARROPA CR/CR ARES;2;2;2;23143916;040926085306731;181777746;;;;07/29/2031 00:00:00;2;13811938;04/09/2026 08:53:06;Tiago;Rodriguez;;;;;;Tiago Rodriguez;
14162692;04/09/2026 09:00:08;3;2;0001  215096-1;06;CAMIONETA MIE 2;2092891;"HL02    ";"HEREDIA LEONARDO A - FERRETERIA HEREDIA           ";CARLOS CASARES 5808;953476;"934            ";934 - JGO.PARED PICO U C/EXT CRUZ BL/CR ARES;3;3;3;23143916;040926085306731;181779675;;;;07/31/2031 00:00:00;3;13811938;04/09/2026 08:53:06;Tiago;Rodriguez;;;;;;Tiago Rodriguez;
14162692;04/09/2026 09:00:08;3;2;0001  215096-1;06;CAMIONETA MIE 2;2092891;"HL02    ";"HEREDIA LEONARDO A - FERRETERIA HEREDIA           ";CARLOS CASARES 5808;953494;"944            ";944 - JUEGO COC.PARED EMB CRUZ BL/CR ARES;3;3;3;23143916;040926085306731;181779531;;;;07/31/2031 00:00:00;3;13811938;04/09/2026 08:53:06;Tiago;Rodriguez;;;;;;Tiago Rodriguez;
14162692;04/09/2026 09:00:08;3;2;0001  215096-1;06;CAMIONETA MIE 2;2092891;"HL02    ";"HEREDIA LEONARDO A - FERRETERIA HEREDIA           ";CARLOS CASARES 5808;954228;"A1450C         ";A1450C - DUCHADOR CILINDRICO MINIMALISTA ABS CROMO C/BLISTER;5;5;5;23144064;040926085645793;181778684;;;;07/31/2031 00:00:00;5;13812023;04/09/2026 08:56:45;Tiago;Rodriguez;;;;;;Tiago Rodriguez;
14162692;04/09/2026 09:00:08;3;2;0001  215096-1;06;CAMIONETA MIE 2;2092891;"HL02    ";"HEREDIA LEONARDO A - FERRETERIA HEREDIA           ";CARLOS CASARES 5808;954235;"A1452NI        ";A1452NI - CAÑO DE DUCHA RECTO 150 MM NICKEL C/BLISTER;3;3;3;23144064;040926085645793;181778972;;;;02/02/2032 00:00:00;3;13812023;04/09/2026 08:56:45;Tiago;Rodriguez;;;;;;Tiago Rodriguez;
14162692;04/09/2026 09:00:08;3;2;0001  215096-1;06;CAMIONETA MIE 2;2092891;"HL02    ";"HEREDIA LEONARDO A - FERRETERIA HEREDIA           ";CARLOS CASARES 5808;954234;"A1452N         ";A1452N - CAÑO DE DUCHA RECTO 150 MM BLACK C/BLISTER;5;5;5;23144064;040926085645793;181778459;;;;07/31/2031 00:00:00;5;13812023;04/09/2026 08:56:45;Tiago;Rodriguez;;;;;;Tiago Rodriguez;
14162692;04/09/2026 09:00:08;3;2;0001  215096-1;06;CAMIONETA MIE 2;2092891;"HL02    ";"HEREDIA LEONARDO A - FERRETERIA HEREDIA           ";CARLOS CASARES 5808;954232;"A1452G         ";A1452G - CAÑO DE DUCHA RECTO 150 MM GOLD C/BLISTER;3;3;3;23144064;040926085645793;181778094;;;;01/27/2032 00:00:00;3;13812023;04/09/2026 08:56:45;Tiago;Rodriguez;;;;;;Tiago Rodriguez;
14162692;04/09/2026 09:00:08;3;2;0001  215096-1;06;CAMIONETA MIE 2;2092891;"HL02    ";"HEREDIA LEONARDO A - FERRETERIA HEREDIA           ";CARLOS CASARES 5808;954230;"A1452C         ";A1452C - CAÑO DE DUCHA RECTO 150 MM CROMO C/BLISTER;5;5;5;23144064;040926085645793;181778756;;;;07/31/2031 00:00:00;5;13812023;04/09/2026 08:56:45;Tiago;Rodriguez;;;;;;Tiago Rodriguez;
14162692;04/09/2026 09:00:08;3;2;0001  215096-1;06;CAMIONETA MIE 2;2092891;"HL02    ";"HEREDIA LEONARDO A - FERRETERIA HEREDIA           ";CARLOS CASARES 5808;1007844;"20-122S        ";"MONOCOMANDO COCINA INOX C/PICO EXTRAIBLE VALENCIA                     ";18;18;18;23144166;040926085920658;181794004;;;;01/06/2032 00:00:00;6;13812083;04/09/2026 08:59:20;Tiago;Rodriguez;;;;;;Tiago Rodriguez;
14162692;04/09/2026 09:00:08;3;2;0001  215096-1;06;CAMIONETA MIE 2;2092891;"HL02    ";"HEREDIA LEONARDO A - FERRETERIA HEREDIA           ";CARLOS CASARES 5808;1007844;"20-122S        ";"MONOCOMANDO COCINA INOX C/PICO EXTRAIBLE VALENCIA                     ";18;18;18;23144174;040926085934160;181794087;;;;01/06/2032 00:00:00;6;13812090;04/09/2026 08:59:34;Tiago;Rodriguez;;;;;;Tiago Rodriguez;
14162692;04/09/2026 09:00:08;3;2;0001  215096-1;06;CAMIONETA MIE 2;2092891;"HL02    ";"HEREDIA LEONARDO A - FERRETERIA HEREDIA           ";CARLOS CASARES 5808;1007844;"20-122S        ";"MONOCOMANDO COCINA INOX C/PICO EXTRAIBLE VALENCIA                     ";18;18;18;23144180;040926085948502;181776162;;;;01/06/2032 00:00:00;6;13812093;04/09/2026 08:59:48;Tiago;Rodriguez;;;;;;Tiago Rodriguez;
14162693;04/09/2026 07:11:37;3;2;0001  215105-1;06;CAMIONETA MIE 2;2093694;"NM04    ";"NEO MATERIALES S.A.                               ";M. BUFANO (CMNO DE CINTURA) 2068;951553;"20-184         ";"MONOCOMANDO DE COCINA CR SUV                                          ";20;20;20;23140208;040926071135196;181767475;;;;10/04/2031 00:00:00;10;13810134;04/09/2026 07:11:35;Tiago;Rodriguez;24419641;04/09/2026 07:06:49;6414;Agustin;Scirica;Tiago Rodriguez;Agustin Scirica
14162693;04/09/2026 07:11:37;3;2;0001  215105-1;06;CAMIONETA MIE 2;2093694;"NM04    ";"NEO MATERIALES S.A.                               ";M. BUFANO (CMNO DE CINTURA) 2068;951553;"20-184         ";"MONOCOMANDO DE COCINA CR SUV                                          ";20;20;20;23140417;040926071111396;181768394;;;;10/04/2031 00:00:00;10;13810137;04/09/2026 07:11:11;Tiago;Rodriguez;;;;;;Tiago Rodriguez;
14162866;04/09/2026 10:35:33;3;2;0001  214742-1;06;CAMIONETA MIE 4;2094233;"RR12    ";"RIOS MARIA JOSE Y RIOS MARIA FERNANDA S.H.        ";AV. CARRASCO 538;953432;"910/M          ";"910/M - JGO.MDA.P.CANO CROMO ""DIQUE""";2;2;2;23144168;040926103532454;181795609;;;;12/21/2031 00:00:00;2;13814250;04/09/2026 10:35:32;Gustavo;Soderquvist;24423577;04/09/2026 09:42:05;7152;Mirko;Hernandez;Gustavo Soderquvist;Mirko Hernandez
14162866;04/09/2026 10:35:33;3;2;0001  214742-1;06;CAMIONETA MIE 4;2094233;"RR12    ";"RIOS MARIA JOSE Y RIOS MARIA FERNANDA S.H.        ";AV. CARRASCO 538;951568;"203            ";"203 - LAVATORIO CROMO ""DIQUE""";2;2;2;23144168;040926103532454;181795892;;;;01/11/2032 00:00:00;2;13814250;04/09/2026 10:35:32;Gustavo;Soderquvist;24423577;04/09/2026 09:42:05;7152;Mirko;Hernandez;Gustavo Soderquvist;Mirko Hernandez
14162866;04/09/2026 10:35:33;3;2;0001  214742-1;06;CAMIONETA MIE 4;2094233;"RR12    ";"RIOS MARIA JOSE Y RIOS MARIA FERNANDA S.H.        ";AV. CARRASCO 538;951177;"1350           ";"QUEINOX MACHO MOVIL MH 1/2"" x 50                                      ";20;20;20;23144168;040926103532454;181799057;;;;07/27/2031 00:00:00;20;13814250;04/09/2026 10:35:32;Gustavo;Soderquvist;24423577;04/09/2026 09:42:05;7152;Mirko;Hernandez;Gustavo Soderquvist;Mirko Hernandez
14162866;04/09/2026 10:35:33;3;2;0001  214742-1;06;CAMIONETA MIE 4;2094233;"RR12    ";"RIOS MARIA JOSE Y RIOS MARIA FERNANDA S.H.        ";AV. CARRASCO 538;951168;"1340           ";"QUEINOX MACHO MOVIL MH 1/2"" x 40                                      ";20;20;20;23144168;040926103532454;181799305;;;;02/09/2032 00:00:00;20;13814250;04/09/2026 10:35:32;Gustavo;Soderquvist;24423577;04/09/2026 09:42:05;7152;Mirko;Hernandez;Gustavo Soderquvist;Mirko Hernandez
14162866;04/09/2026 10:35:33;3;2;0001  214742-1;06;CAMIONETA MIE 4;2094233;"RR12    ";"RIOS MARIA JOSE Y RIOS MARIA FERNANDA S.H.        ";AV. CARRASCO 538;951162;"1335           ";"QUEINOX MACHO MOVIL MH 1/2"" x 35                                      ";40;40;40;23144168;040926103532454;181799678;;;;02/10/2032 00:00:00;40;13814250;04/09/2026 10:35:32;Gustavo;Soderquvist;24423577;04/09/2026 09:42:05;7152;Mirko;Hernandez;Gustavo Soderquvist;Mirko Hernandez
14162866;04/09/2026 10:35:33;3;2;0001  214742-1;06;CAMIONETA MIE 4;2094233;"RR12    ";"RIOS MARIA JOSE Y RIOS MARIA FERNANDA S.H.        ";AV. CARRASCO 538;951156;"1330           ";"QUEINOX MACHO MOVIL MH 1/2"" x 30                                      ";40;40;40;23144168;040926103532454;181799794;;;;02/16/2032 00:00:00;40;13814250;04/09/2026 10:35:32;Gustavo;Soderquvist;24423577;04/09/2026 09:42:05;7152;Mirko;Hernandez;Gustavo Soderquvist;Mirko Hernandez
14162866;04/09/2026 10:35:33;3;2;0001  214742-1;06;CAMIONETA MIE 4;2094233;"RR12    ";"RIOS MARIA JOSE Y RIOS MARIA FERNANDA S.H.        ";AV. CARRASCO 538;951153;"1325           ";"QUEINOX MACHO MOVIL MH 1/2"" x 25                                      ";20;20;20;23144168;040926103532454;181800315;;;;02/21/2032 00:00:00;20;13814250;04/09/2026 10:35:32;Gustavo;Soderquvist;24423577;04/09/2026 09:42:05;7152;Mirko;Hernandez;Gustavo Soderquvist;Mirko Hernandez
14162866;04/09/2026 10:35:33;3;2;0001  214742-1;06;CAMIONETA MIE 4;2094233;"RR12    ";"RIOS MARIA JOSE Y RIOS MARIA FERNANDA S.H.        ";AV. CARRASCO 538;951146;"1320           ";"QUEINOX MACHO MOVIL MH 1/2"" x 20                                      ";20;20;20;23144168;040926103532454;181800721;;;;11/19/2031 00:00:00;20;13814250;04/09/2026 10:35:32;Gustavo;Soderquvist;24423577;04/09/2026 09:42:05;7152;Mirko;Hernandez;Gustavo Soderquvist;Mirko Hernandez
14162867;04/09/2026 10:39:19;3;2;0001  214749-1;06;CAMIONETA MIE 4;2091228;"BA45    ";"BRUNETTI ADRIANA NOEMI                            ";JUAN B. ALBERDI 3783;951530;"20-146         ";20-146 - MONOCOMANDO DE COCINA CR LINEA MOVE;1;1;1;23147016;040926103918780;181815370;;;;10/09/2031 00:00:00;1;13814702;04/09/2026 10:39:18;Maximiliano;Nievas;24425892;04/09/2026 10:19:43;7152;Mirko;Hernandez;Maximiliano Nievas;Mirko Hernandez
14162867;04/09/2026 10:39:19;3;2;0001  214749-1;06;CAMIONETA MIE 4;2091228;"BA45    ";"BRUNETTI ADRIANA NOEMI                            ";JUAN B. ALBERDI 3783;951532;"20-147         ";20-147 - MONOCOMANDO DE COCINA SWIFT;10;10;10;23147016;040926103918780;181817098;;;;07/29/2031 00:00:00;10;13814702;04/09/2026 10:39:18;Maximiliano;Nievas;24425892;04/09/2026 10:19:43;7152;Mirko;Hernandez;Maximiliano Nievas;Mirko Hernandez
14162867;04/09/2026 10:39:19;3;2;0001  214749-1;06;CAMIONETA MIE 4;2091228;"BA45    ";"BRUNETTI ADRIANA NOEMI                            ";JUAN B. ALBERDI 3783;951653;"22-178         ";22-178 - MONOCOMANDO DE COCINA P/AGUA FILTRADA VITA;1;1;1;23147016;040926103918780;181816266;;;;12/23/2031 00:00:00;1;13814702;04/09/2026 10:39:18;Maximiliano;Nievas;24425892;04/09/2026 10:19:43;7152;Mirko;Hernandez;Maximiliano Nievas;Mirko Hernandez
14162867;04/09/2026 10:39:19;3;2;0001  214749-1;06;CAMIONETA MIE 4;2091228;"BA45    ";"BRUNETTI ADRIANA NOEMI                            ";JUAN B. ALBERDI 3783;952634;"60-162         ";60-162 - LAVATORIO CR C.CERAM LINEA ADRA;1;1;1;23147016;040926103918780;181813998;;;;07/29/2031 00:00:00;1;13814702;04/09/2026 10:39:18;Maximiliano;Nievas;24425892;04/09/2026 10:19:43;7152;Mirko;Hernandez;Maximiliano Nievas;Mirko Hernandez
14162867;04/09/2026 10:39:19;3;2;0001  214749-1;06;CAMIONETA MIE 4;2091228;"BA45    ";"BRUNETTI ADRIANA NOEMI                            ";JUAN B. ALBERDI 3783;952713;"61-176N        ";61-176N - LAVATORIO MONOC ALTO BLACK RIO;1;1;1;23147016;040926103918780;181818200;;;;07/29/2031 00:00:00;1;13814702;04/09/2026 10:39:18;Maximiliano;Nievas;24425892;04/09/2026 10:19:43;7152;Mirko;Hernandez;Maximiliano Nievas;Mirko Hernandez
14162867;04/09/2026 10:39:19;3;2;0001  214749-1;06;CAMIONETA MIE 4;2091228;"BA45    ";"BRUNETTI ADRIANA NOEMI                            ";JUAN B. ALBERDI 3783;952726;"61-203         ";61-203 - LAVATORIO MONOCOMANDO ALTO ADRA;2;2;2;23147016;040926103918780;181813538;;;;01/11/2032 00:00:00;2;13814702;04/09/2026 10:39:18;Maximiliano;Nievas;24425892;04/09/2026 10:19:43;7152;Mirko;Hernandez;Maximiliano Nievas;Mirko Hernandez
14162867;04/09/2026 10:39:19;3;2;0001  214749-1;06;CAMIONETA MIE 4;2091228;"BA45    ";"BRUNETTI ADRIANA NOEMI                            ";JUAN B. ALBERDI 3783;952728;"61-205         ";61-205 - LAVATORIO MONOC ALTO STEEL;1;1;1;23147016;040926103918780;181818422;;;;07/28/2031 00:00:00;1;13814702;04/09/2026 10:39:18;Maximiliano;Nievas;24425892;04/09/2026 10:19:43;7152;Mirko;Hernandez;Maximiliano Nievas;Mirko Hernandez
14162867;04/09/2026 10:39:19;3;2;0001  214749-1;06;CAMIONETA MIE 4;2091228;"BA45    ";"BRUNETTI ADRIANA NOEMI                            ";JUAN B. ALBERDI 3783;952912;"70-162         ";70-162 - BIDE CR C.CERAM LINEA ADRA;1;1;1;23147016;040926103918780;181813921;;;;07/29/2031 00:00:00;1;13814702;04/09/2026 10:39:18;Maximiliano;Nievas;24425892;04/09/2026 10:19:43;7152;Mirko;Hernandez;Maximiliano Nievas;Mirko Hernandez
14162867;04/09/2026 10:39:19;3;2;0001  214749-1;06;CAMIONETA MIE 4;2091228;"BA45    ";"BRUNETTI ADRIANA NOEMI                            ";JUAN B. ALBERDI 3783;952925;"70-176         ";70-176 - BIDE MONOC C/TRANSF CR RIO;1;1;1;23147016;040926103918780;181816725;;;;11/17/2031 00:00:00;1;13814702;04/09/2026 10:39:18;Maximiliano;Nievas;24425892;04/09/2026 10:19:43;7152;Mirko;Hernandez;Maximiliano Nievas;Mirko Hernandez
14162867;04/09/2026 10:39:19;3;2;0001  214749-1;06;CAMIONETA MIE 4;2091228;"BA45    ";"BRUNETTI ADRIANA NOEMI                            ";JUAN B. ALBERDI 3783;952954;"70-203         ";70-203 - BIDE MONOCOMANDO ADRA;2;2;2;23147016;040926103918780;181814721;;;;07/29/2031 00:00:00;2;13814702;04/09/2026 10:39:18;Maximiliano;Nievas;24425892;04/09/2026 10:19:43;7152;Mirko;Hernandez;Maximiliano Nievas;Mirko Hernandez
14162867;04/09/2026 10:39:19;3;2;0001  214749-1;06;CAMIONETA MIE 4;2091228;"BA45    ";"BRUNETTI ADRIANA NOEMI                            ";JUAN B. ALBERDI 3783;952956;"70-205         ";70-205 - BIDE MONOCOMANDO STEEL;2;2;2;23147016;040926103918780;181818527;;;;11/08/2031 00:00:00;2;13814702;04/09/2026 10:39:18;Maximiliano;Nievas;24425892;04/09/2026 10:19:43;7152;Mirko;Hernandez;Maximiliano Nievas;Mirko Hernandez
14162867;04/09/2026 10:39:19;3;2;0001  214749-1;06;CAMIONETA MIE 4;2091228;"BA45    ";"BRUNETTI ADRIANA NOEMI                            ";JUAN B. ALBERDI 3783;953157;"80-203         ";80-203 - DUCHA EMB C/TRANSF. MONOCOMANDO ADRA;1;1;1;23147016;040926103918780;181817665;;;;07/27/2031 00:00:00;1;13814702;04/09/2026 10:39:18;Maximiliano;Nievas;24425892;04/09/2026 10:19:43;7152;Mirko;Hernandez;Maximiliano Nievas;Mirko Hernandez
14162867;04/09/2026 10:39:19;3;2;0001  214749-1;06;CAMIONETA MIE 4;2091228;"BA45    ";"BRUNETTI ADRIANA NOEMI                            ";JUAN B. ALBERDI 3783;953161;"80-205         ";80-205 - DUCHA EMB. C/TRANSF. MONOC STEEL;1;1;1;23147016;040926103918780;181817928;;;;08/11/2031 00:00:00;1;13814702;04/09/2026 10:39:18;Maximiliano;Nievas;24425892;04/09/2026 10:19:43;7152;Mirko;Hernandez;Maximiliano Nievas;Mirko Hernandez
14162867;04/09/2026 10:39:19;3;2;0001  214749-1;06;CAMIONETA MIE 4;2091228;"BA45    ";"BRUNETTI ADRIANA NOEMI                            ";JUAN B. ALBERDI 3783;953322;"83-205         ";83-205 - DUCHA EXT C/TRANSF MONOC STEEL PICO CURVO;1;1;1;23147016;040926103918780;181818920;;;;07/27/2031 00:00:00;1;13814702;04/09/2026 10:39:18;Maximiliano;Nievas;24425892;04/09/2026 10:19:43;7152;Mirko;Hernandez;Maximiliano Nievas;Mirko Hernandez
14162868;04/09/2026 10:16:20;3;2;0001  214787-1;06;CAMIONETA MIE 4;2092406;"FC03    ";"CHUAR S.R.L.                                      ";LOS PIONEROS 539;951532;"20-147         ";20-147 - MONOCOMANDO DE COCINA SWIFT;4;4;4;23143814;040926101618336;181794703;;;;07/29/2031 00:00:00;4;13814101;04/09/2026 10:16:18;Maximiliano;Nievas;24423227;04/09/2026 09:03:54;6867;Javier;Lescano;Maximiliano Nievas;Javier Lescano
14162868;04/09/2026 10:16:20;3;2;0001  214787-1;06;CAMIONETA MIE 4;2092406;"FC03    ";"CHUAR S.R.L.                                      ";LOS PIONEROS 539;951529;"20-140N        ";20-140N - MONOCOMANDO DE COCINA LINEA CUINA BLACK;1;1;1;23143814;040926101618336;181792506;;;;07/29/2031 00:00:00;1;13814101;04/09/2026 10:16:18;Maximiliano;Nievas;24423227;04/09/2026 09:03:54;6867;Javier;Lescano;Maximiliano Nievas;Javier Lescano
14162869;04/09/2026 11:37:43;3;2;0001  214808-1;06;CAMIONETA MIE 4;2092452;"FE26    ";"FEMEN S.A. - CENTRO DE MATERIALES -               ";AV. AVELLANEDA 3847;953421;"90-166         ";90-166 - PACK GRIF. ADRA PLUS (Lav-Bide-Ducha c/t Plus);2;2;2;23146627;040926113740091;181810140;;;;01/04/2032 00:00:00;2;13816777;04/09/2026 11:37:40;Gustavo;Soderquvist;24425518;04/09/2026 10:00:23;6867;Javier;Lescano;Gustavo Soderquvist;Javier Lescano
14162869;04/09/2026 11:37:43;3;2;0001  214808-1;06;CAMIONETA MIE 4;2092452;"FE26    ";"FEMEN S.A. - CENTRO DE MATERIALES -               ";AV. AVELLANEDA 3847;953157;"80-203         ";80-203 - DUCHA EMB C/TRANSF. MONOCOMANDO ADRA;1;1;1;23146627;040926113740091;181812501;;;;07/27/2031 00:00:00;1;13816777;04/09/2026 11:37:40;Gustavo;Soderquvist;24425518;04/09/2026 10:00:23;6867;Javier;Lescano;Gustavo Soderquvist;Javier Lescano
14162869;04/09/2026 11:37:43;3;2;0001  214808-1;06;CAMIONETA MIE 4;2092452;"FE26    ";"FEMEN S.A. - CENTRO DE MATERIALES -               ";AV. AVELLANEDA 3847;952925;"70-176         ";70-176 - BIDE MONOC C/TRANSF CR RIO;2;2;2;23146627;040926113740091;181811214;;;;11/17/2031 00:00:00;2;13816777;04/09/2026 11:37:40;Gustavo;Soderquvist;24425518;04/09/2026 10:00:23;6867;Javier;Lescano;Gustavo Soderquvist;Javier Lescano
14162869;04/09/2026 11:37:43;3;2;0001  214808-1;06;CAMIONETA MIE 4;2092452;"FE26    ";"FEMEN S.A. - CENTRO DE MATERIALES -               ";AV. AVELLANEDA 3847;952647;"60-176         ";"LAVATORIO MONOCOMANDO BAJO CR RIO                                     ";2;2;2;23146627;040926113740091;181811349;;;;10/11/2031 00:00:00;2;13816777;04/09/2026 11:37:40;Gustavo;Soderquvist;24425518;04/09/2026 10:00:23;6867;Javier;Lescano;Gustavo Soderquvist;Javier Lescano
14162869;04/09/2026 11:37:43;3;2;0001  214808-1;06;CAMIONETA MIE 4;2092452;"FE26    ";"FEMEN S.A. - CENTRO DE MATERIALES -               ";AV. AVELLANEDA 3847;952635;"60-162N        ";60-162N - LAVATORIO BLACK C.CERAM LINEA ADRA;2;2;2;23146627;040926113740091;181810741;;;;11/03/2031 00:00:00;2;13816777;04/09/2026 11:37:40;Gustavo;Soderquvist;24425518;04/09/2026 10:00:23;6867;Javier;Lescano;Gustavo Soderquvist;Javier Lescano
14162869;04/09/2026 11:37:43;3;2;0001  214808-1;06;CAMIONETA MIE 4;2092452;"FE26    ";"FEMEN S.A. - CENTRO DE MATERIALES -               ";AV. AVELLANEDA 3847;952583;"60-058         ";60-058 - LAVATORIO CR C.STD MALBA;4;4;4;23146627;040926113740091;181810386;;;;12/03/2031 00:00:00;4;13816777;04/09/2026 11:37:40;Gustavo;Soderquvist;24425518;04/09/2026 10:00:23;6867;Javier;Lescano;Gustavo Soderquvist;Javier Lescano
14162869;04/09/2026 11:37:43;3;2;0001  214808-1;06;CAMIONETA MIE 4;2092452;"FE26    ";"FEMEN S.A. - CENTRO DE MATERIALES -               ";AV. AVELLANEDA 3847;951611;"21-160         ";"MONOCOMANDO DUO COCINA CROMO DIQUE                                    ";4;4;4;23146627;040926113740091;181812315;;;;12/14/2031 00:00:00;4;13816777;04/09/2026 11:37:40;Gustavo;Soderquvist;24425518;04/09/2026 10:00:23;6867;Javier;Lescano;Gustavo Soderquvist;Javier Lescano
14162869;04/09/2026 11:37:43;3;2;0001  214808-1;06;CAMIONETA MIE 4;2092452;"FE26    ";"FEMEN S.A. - CENTRO DE MATERIALES -               ";AV. AVELLANEDA 3847;951553;"20-184         ";"MONOCOMANDO DE COCINA CR SUV                                          ";10;10;10;23146627;040926113740091;181811532;;;;10/04/2031 00:00:00;10;13816777;04/09/2026 11:37:40;Gustavo;Soderquvist;24425518;04/09/2026 10:00:23;6867;Javier;Lescano;Gustavo Soderquvist;Javier Lescano
14162869;04/09/2026 11:37:43;3;2;0001  214808-1;06;CAMIONETA MIE 4;2092452;"FE26    ";"FEMEN S.A. - CENTRO DE MATERIALES -               ";AV. AVELLANEDA 3847;951545;"20-172         ";20-172 - COCINA MESADA MONOC. COLORS NEGRO;4;4;4;23146627;040926113740091;181811885;;;;07/28/2031 00:00:00;4;13816777;04/09/2026 11:37:40;Gustavo;Soderquvist;24425518;04/09/2026 10:00:23;6867;Javier;Lescano;Gustavo Soderquvist;Javier Lescano
14162869;04/09/2026 11:37:43;3;2;0001  214808-1;06;CAMIONETA MIE 4;2092452;"FE26    ";"FEMEN S.A. - CENTRO DE MATERIALES -               ";AV. AVELLANEDA 3847;951513;"20-122N        ";20-122N - MONOCOMANDO COCINA C/PICO EXTRAIBLE VALENCIA BLACK;6;6;6;23146627;040926113740091;181810951;;;;08/06/2031 00:00:00;6;13816777;04/09/2026 11:37:40;Gustavo;Soderquvist;24425518;04/09/2026 10:00:23;6867;Javier;Lescano;Gustavo Soderquvist;Javier Lescano
14162870;04/09/2026 11:19:16;3;2;0001  214864-1;06;CAMIONETA MIE 4;2091228;"BA45    ";"BRUNETTI ADRIANA NOEMI                            ";JUAN B. ALBERDI 3783;954915;"BCH13          ";BCH13 - BACHA DE APOYAR BLANCA RECTANGULAR 465x260x125;10;10;10;23145822;040926111914282;181805494;;;;07/27/2031 00:00:00;10;13816111;04/09/2026 11:19:14;Gustavo;Soderquvist;24424890;04/09/2026 09:50:18;6867;Javier;Lescano;Gustavo Soderquvist;Javier Lescano
14162870;04/09/2026 11:19:16;3;2;0001  214864-1;06;CAMIONETA MIE 4;2091228;"BA45    ";"BRUNETTI ADRIANA NOEMI                            ";JUAN B. ALBERDI 3783;952677;"60-203         ";60-203 - LAVATORIO MONOCOMANDO BAJO ADRA;10;10;10;23145822;040926111914282;181805894;;;;02/10/2032 00:00:00;10;13816111;04/09/2026 11:19:14;Gustavo;Soderquvist;24424890;04/09/2026 09:50:18;6867;Javier;Lescano;Gustavo Soderquvist;Javier Lescano
14162871;04/09/2026 11:10:49;3;2;0001  214893-1;06;CAMIONETA MIE 4;2095040;"WM02    ";"WILEJTO MARCOS M. -ISA SANITARIOS                 ";CALDERON DE LA BARCA 2925;953477;"934/CR         ";934/CR - J.PARED C/EXT CRUZ CR/CR ARES;2;2;2;23145967;040926111048240;181814571;;;;01/03/2032 00:00:00;2;13815738;04/09/2026 11:10:48;Maximiliano;Nievas;24425025;04/09/2026 10:17:31;7636;Kevin;Arce;Maximiliano Nievas;Kevin Arce
14162871;04/09/2026 11:10:49;3;2;0001  214893-1;06;CAMIONETA MIE 4;2095040;"WM02    ";"WILEJTO MARCOS M. -ISA SANITARIOS                 ";CALDERON DE LA BARCA 2925;953437;"914/CR         ";914/CR - JGO.MDA.P.CAÑO CR ARES;5;5;5;23145967;040926111048240;181814430;;;;01/13/2032 00:00:00;5;13815738;04/09/2026 11:10:48;Maximiliano;Nievas;24425025;04/09/2026 10:17:31;7636;Kevin;Arce;Maximiliano Nievas;Kevin Arce
14162871;04/09/2026 11:10:49;3;2;0001  214893-1;06;CAMIONETA MIE 4;2095040;"WM02    ";"WILEJTO MARCOS M. -ISA SANITARIOS                 ";CALDERON DE LA BARCA 2925;953182;"8040           ";8040 - PORTA ROLLO LINEA 8000;2;2;2;23145967;040926111048240;181808086;;;;08/27/2031 00:00:00;2;13815738;04/09/2026 11:10:48;Maximiliano;Nievas;24425025;04/09/2026 10:17:31;7636;Kevin;Arce;Maximiliano Nievas;Kevin Arce
14162871;04/09/2026 11:10:49;3;2;0001  214893-1;06;CAMIONETA MIE 4;2095040;"WM02    ";"WILEJTO MARCOS M. -ISA SANITARIOS                 ";CALDERON DE LA BARCA 2925;953109;"80-166         ";"DUCHA EMB. C/TRANSF. CR C.CERAM ADRA PLUS                             ";2;2;2;23145967;040926111048240;181816888;;;;01/18/2032 00:00:00;2;13815738;04/09/2026 11:10:48;Maximiliano;Nievas;24425025;04/09/2026 10:17:31;7636;Kevin;Arce;Maximiliano Nievas;Kevin Arce
14162871;04/09/2026 11:10:49;3;2;0001  214893-1;06;CAMIONETA MIE 4;2095040;"WM02    ";"WILEJTO MARCOS M. -ISA SANITARIOS                 ";CALDERON DE LA BARCA 2925;952913;"70-162N        ";70-162N - BIDE BLACK C.CERAM LINEA ADRA;2;2;2;23145967;040926111048240;181812720;;;;12/08/2031 00:00:00;2;13815738;04/09/2026 11:10:48;Maximiliano;Nievas;24425025;04/09/2026 10:17:31;7636;Kevin;Arce;Maximiliano Nievas;Kevin Arce
14162871;04/09/2026 11:10:49;3;2;0001  214893-1;06;CAMIONETA MIE 4;2095040;"WM02    ";"WILEJTO MARCOS M. -ISA SANITARIOS                 ";CALDERON DE LA BARCA 2925;952912;"70-162         ";70-162 - BIDE CR C.CERAM LINEA ADRA;2;2;2;23145967;040926111048240;181816572;;;;07/29/2031 00:00:00;2;13815738;04/09/2026 11:10:48;Maximiliano;Nievas;24425025;04/09/2026 10:17:31;7636;Kevin;Arce;Maximiliano Nievas;Kevin Arce
14162871;04/09/2026 11:10:49;3;2;0001  214893-1;06;CAMIONETA MIE 4;2095040;"WM02    ";"WILEJTO MARCOS M. -ISA SANITARIOS                 ";CALDERON DE LA BARCA 2925;952650;"60-180         ";60-180 - LAVATORIO MONOCOMANDO BAJO VERA;2;2;2;23145967;040926111048240;181811610;;;;07/28/2031 00:00:00;2;13815738;04/09/2026 11:10:48;Maximiliano;Nievas;24425025;04/09/2026 10:17:31;7636;Kevin;Arce;Maximiliano Nievas;Kevin Arce
14162871;04/09/2026 11:10:49;3;2;0001  214893-1;06;CAMIONETA MIE 4;2095040;"WM02    ";"WILEJTO MARCOS M. -ISA SANITARIOS                 ";CALDERON DE LA BARCA 2925;952635;"60-162N        ";60-162N - LAVATORIO BLACK C.CERAM LINEA ADRA;1;1;1;23145967;040926111048240;181811915;;;;11/03/2031 00:00:00;1;13815738;04/09/2026 11:10:48;Maximiliano;Nievas;24425025;04/09/2026 10:17:31;7636;Kevin;Arce;Maximiliano Nievas;Kevin Arce
14162871;04/09/2026 11:10:49;3;2;0001  214893-1;06;CAMIONETA MIE 4;2095040;"WM02    ";"WILEJTO MARCOS M. -ISA SANITARIOS                 ";CALDERON DE LA BARCA 2925;952634;"60-162         ";60-162 - LAVATORIO CR C.CERAM LINEA ADRA;3;3;3;23145967;040926111048240;181816418;;;;07/29/2031 00:00:00;3;13815738;04/09/2026 11:10:48;Maximiliano;Nievas;24425025;04/09/2026 10:17:31;7636;Kevin;Arce;Maximiliano Nievas;Kevin Arce
14162871;04/09/2026 11:10:49;3;2;0001  214893-1;06;CAMIONETA MIE 4;2095040;"WM02    ";"WILEJTO MARCOS M. -ISA SANITARIOS                 ";CALDERON DE LA BARCA 2925;952583;"60-058         ";60-058 - LAVATORIO CR C.STD MALBA;4;4;4;23145967;040926111048240;181816005;;;;12/03/2031 00:00:00;4;13815738;04/09/2026 11:10:48;Maximiliano;Nievas;24425025;04/09/2026 10:17:31;7636;Kevin;Arce;Maximiliano Nievas;Kevin Arce
14162871;04/09/2026 11:10:49;3;2;0001  214893-1;06;CAMIONETA MIE 4;2095040;"WM02    ";"WILEJTO MARCOS M. -ISA SANITARIOS                 ";CALDERON DE LA BARCA 2925;952582;"60-057         ";60-057 - LAVATORIO C.STD VERIN PLUS;2;2;2;23145967;040926111048240;181817274;;;;01/06/2032 00:00:00;2;13815738;04/09/2026 11:10:48;Maximiliano;Nievas;24425025;04/09/2026 10:17:31;7636;Kevin;Arce;Maximiliano Nievas;Kevin Arce
14162871;04/09/2026 11:10:49;3;2;0001  214893-1;06;CAMIONETA MIE 4;2095040;"WM02    ";"WILEJTO MARCOS M. -ISA SANITARIOS                 ";CALDERON DE LA BARCA 2925;952453;"51-131         ";51-131 - MESADA BIMANDO CR C.CERAM MALLORCA;1;1;1;23145967;040926111048240;181813018;;;;01/11/2032 00:00:00;1;13815738;04/09/2026 11:10:48;Maximiliano;Nievas;24425025;04/09/2026 10:17:31;7636;Kevin;Arce;Maximiliano Nievas;Kevin Arce
14162871;04/09/2026 11:10:49;3;2;0001  214893-1;06;CAMIONETA MIE 4;2095040;"WM02    ";"WILEJTO MARCOS M. -ISA SANITARIOS                 ";CALDERON DE LA BARCA 2925;952438;"51-058         ";51-058 - COCINA MESADA CR C.STD MALBA;4;4;4;23145967;040926111048240;181817096;;;;10/19/2031 00:00:00;4;13815738;04/09/2026 11:10:48;Maximiliano;Nievas;24425025;04/09/2026 10:17:31;7636;Kevin;Arce;Maximiliano Nievas;Kevin Arce
14162871;04/09/2026 11:10:49;3;2;0001  214893-1;06;CAMIONETA MIE 4;2095040;"WM02    ";"WILEJTO MARCOS M. -ISA SANITARIOS                 ";CALDERON DE LA BARCA 2925;952437;"51-057         ";51-057 - COCINA MESADA CR C.STD VERIN PLUS;2;2;2;23145967;040926111048240;181815127;;;;01/27/2032 00:00:00;2;13815738;04/09/2026 11:10:48;Maximiliano;Nievas;24425025;04/09/2026 10:17:31;7636;Kevin;Arce;Maximiliano Nievas;Kevin Arce
14162871;04/09/2026 11:10:49;3;2;0001  214893-1;06;CAMIONETA MIE 4;2095040;"WM02    ";"WILEJTO MARCOS M. -ISA SANITARIOS                 ";CALDERON DE LA BARCA 2925;952292;"434/CR         ";434/CR - DUCHA EMB.C/TRANSF CR ARES;2;2;2;23145967;040926111048240;181814018;;;;01/12/2032 00:00:00;2;13815738;04/09/2026 11:10:48;Maximiliano;Nievas;24425025;04/09/2026 10:17:31;7636;Kevin;Arce;Maximiliano Nievas;Kevin Arce
14162871;04/09/2026 11:10:49;3;2;0001  214893-1;06;CAMIONETA MIE 4;2095040;"WM02    ";"WILEJTO MARCOS M. -ISA SANITARIOS                 ";CALDERON DE LA BARCA 2925;952028;"314/CR         ";314/CR - BIDE CROMO ARES;2;2;2;23145967;040926111048240;181813608;;;;01/11/2032 00:00:00;2;13815738;04/09/2026 11:10:48;Maximiliano;Nievas;24425025;04/09/2026 10:17:31;7636;Kevin;Arce;Maximiliano Nievas;Kevin Arce
14162871;04/09/2026 11:10:49;3;2;0001  214893-1;06;CAMIONETA MIE 4;2095040;"WM02    ";"WILEJTO MARCOS M. -ISA SANITARIOS                 ";CALDERON DE LA BARCA 2925;951975;"3040           ";3040 - PORTA ROLLO LINEA 3000;3;3;3;23145967;040926111048240;181808511;;;;07/27/2031 00:00:00;3;13815738;04/09/2026 11:10:48;Maximiliano;Nievas;24425025;04/09/2026 10:17:31;7636;Kevin;Arce;Maximiliano Nievas;Kevin Arce
14162871;04/09/2026 11:10:49;3;2;0001  214893-1;06;CAMIONETA MIE 4;2095040;"WM02    ";"WILEJTO MARCOS M. -ISA SANITARIOS                 ";CALDERON DE LA BARCA 2925;951620;"214/CR         ";214/CR - LAVATORIO CR/CR ARES;3;3;3;23145967;040926111048240;181813383;;;;01/27/2032 00:00:00;3;13815738;04/09/2026 11:10:48;Maximiliano;Nievas;24425025;04/09/2026 10:17:31;7636;Kevin;Arce;Maximiliano Nievas;Kevin Arce
14162871;04/09/2026 11:10:49;3;2;0001  214893-1;06;CAMIONETA MIE 4;2095040;"WM02    ";"WILEJTO MARCOS M. -ISA SANITARIOS                 ";CALDERON DE LA BARCA 2925;951547;"20-174         ";20-174 - COCINA MESADA MONOC. COLORS BLACK;2;2;2;23145967;040926111048240;181809002;;;;07/28/2031 00:00:00;2;13815738;04/09/2026 11:10:48;Maximiliano;Nievas;24425025;04/09/2026 10:17:31;7636;Kevin;Arce;Maximiliano Nievas;Kevin Arce
14162871;04/09/2026 11:10:49;3;2;0001  214893-1;06;CAMIONETA MIE 4;2095040;"WM02    ";"WILEJTO MARCOS M. -ISA SANITARIOS                 ";CALDERON DE LA BARCA 2925;951545;"20-172         ";20-172 - COCINA MESADA MONOC. COLORS NEGRO;1;1;1;23145967;040926111048240;181809308;;;;07/28/2031 00:00:00;1;13815738;04/09/2026 11:10:48;Maximiliano;Nievas;24425025;04/09/2026 10:17:31;7636;Kevin;Arce;Maximiliano Nievas;Kevin Arce
14162871;04/09/2026 11:10:49;3;2;0001  214893-1;06;CAMIONETA MIE 4;2095040;"WM02    ";"WILEJTO MARCOS M. -ISA SANITARIOS                 ";CALDERON DE LA BARCA 2925;951535;"20-160         ";20-160 - MONOCOMANDO MESADA COCINA DIQUE;8;8;8;23145967;040926111048240;181810489;;;;07/28/2031 00:00:00;8;13815738;04/09/2026 11:10:48;Maximiliano;Nievas;24425025;04/09/2026 10:17:31;7636;Kevin;Arce;Maximiliano Nievas;Kevin Arce
14162871;04/09/2026 11:10:49;3;2;0001  214893-1;06;CAMIONETA MIE 4;2095040;"WM02    ";"WILEJTO MARCOS M. -ISA SANITARIOS                 ";CALDERON DE LA BARCA 2925;950892;"01-010         ";"VALVULA P/MINGITORIO TEMPORIZADA TECNO                                ";3;3;3;23145967;040926111048240;181809868;;;;07/28/2031 00:00:00;3;13815738;04/09/2026 11:10:48;Maximiliano;Nievas;24425025;04/09/2026 10:17:31;7636;Kevin;Arce;Maximiliano Nievas;Kevin Arce
14162872;04/09/2026 11:02:08;3;2;0001  214919-1;06;CAMIONETA MIE 4;2093138;"LB03    ";"LORES JOSE M. Y BRIGGEN DANiEL                    ";AV. RIVADAVIA 9284;951156;"1330           ";"QUEINOX MACHO MOVIL MH 1/2"" x 30                                      ";100;100;100;23148220;040926110207388;181826233;;;;02/16/2032 00:00:00;100;13815435;04/09/2026 11:02:07;Maximiliano;Nievas;24427059;04/09/2026 10:51:48;7152;Mirko;Hernandez;Maximiliano Nievas;Mirko Hernandez
14162872;04/09/2026 11:02:08;3;2;0001  214919-1;06;CAMIONETA MIE 4;2093138;"LB03    ";"LORES JOSE M. Y BRIGGEN DANiEL                    ";AV. RIVADAVIA 9284;951189;"1360           ";"QUEINOX MH 1/2"" x 60                                                  ";20;20;20;23148220;040926110207388;181825947;;;;07/31/2031 00:00:00;20;13815435;04/09/2026 11:02:07;Maximiliano;Nievas;24427059;04/09/2026 10:51:48;7152;Mirko;Hernandez;Maximiliano Nievas;Mirko Hernandez
14162872;04/09/2026 11:02:08;3;2;0001  214919-1;06;CAMIONETA MIE 4;2093138;"LB03    ";"LORES JOSE M. Y BRIGGEN DANiEL                    ";AV. RIVADAVIA 9284;951508;"20-121         ";20-121 - COCINA MSDA MONOC.P. REDONDO MARBELLA;1;1;1;23148220;040926110207388;181824656;;;;07/30/2031 00:00:00;1;13815435;04/09/2026 11:02:07;Maximiliano;Nievas;24427059;04/09/2026 10:51:48;7152;Mirko;Hernandez;Maximiliano Nievas;Mirko Hernandez
14162872;04/09/2026 11:02:08;3;2;0001  214919-1;06;CAMIONETA MIE 4;2093138;"LB03    ";"LORES JOSE M. Y BRIGGEN DANiEL                    ";AV. RIVADAVIA 9284;951611;"21-160         ";"MONOCOMANDO DUO COCINA CROMO DIQUE                                    ";1;1;1;23148220;040926110207388;181825162;;;;12/14/2031 00:00:00;1;13815435;04/09/2026 11:02:07;Maximiliano;Nievas;24427059;04/09/2026 10:51:48;7152;Mirko;Hernandez;Maximiliano Nievas;Mirko Hernandez
14162872;04/09/2026 11:02:08;3;2;0001  214919-1;06;CAMIONETA MIE 4;2093138;"LB03    ";"LORES JOSE M. Y BRIGGEN DANiEL                    ";AV. RIVADAVIA 9284;952449;"51-107         ";51-107 - JGO. MESADA CR C.CERAM BEDIA;2;2;2;23148220;040926110207388;181821272;;;;11/10/2031 00:00:00;2;13815435;04/09/2026 11:02:07;Maximiliano;Nievas;24427059;04/09/2026 10:51:48;7152;Mirko;Hernandez;Maximiliano Nievas;Mirko Hernandez
14162872;04/09/2026 11:02:08;3;2;0001  214919-1;06;CAMIONETA MIE 4;2093138;"LB03    ";"LORES JOSE M. Y BRIGGEN DANiEL                    ";AV. RIVADAVIA 9284;952542;"60-002         ";60-002 - LAVATORIO RENACER;2;2;2;23148220;040926110207388;181823511;;;;07/29/2031 00:00:00;2;13815435;04/09/2026 11:02:07;Maximiliano;Nievas;24427059;04/09/2026 10:51:48;7152;Mirko;Hernandez;Maximiliano Nievas;Mirko Hernandez
14162872;04/09/2026 11:02:08;3;2;0001  214919-1;06;CAMIONETA MIE 4;2093138;"LB03    ";"LORES JOSE M. Y BRIGGEN DANiEL                    ";AV. RIVADAVIA 9284;952577;"60-045         ";60-045 - LAVATORIO CR/CR C.STD CRUZ;2;2;2;23148220;040926110207388;181822042;;;;01/24/2032 00:00:00;2;13815435;04/09/2026 11:02:07;Maximiliano;Nievas;24427059;04/09/2026 10:51:48;7152;Mirko;Hernandez;Maximiliano Nievas;Mirko Hernandez
14162872;04/09/2026 11:02:08;3;2;0001  214919-1;06;CAMIONETA MIE 4;2093138;"LB03    ";"LORES JOSE M. Y BRIGGEN DANiEL                    ";AV. RIVADAVIA 9284;952608;"60-121         ";60-121 - LAVATORIO C.CERAM CR MARBELLA;1;1;1;23148220;040926110207388;181823049;;;;01/25/2032 00:00:00;1;13815435;04/09/2026 11:02:07;Maximiliano;Nievas;24427059;04/09/2026 10:51:48;7152;Mirko;Hernandez;Maximiliano Nievas;Mirko Hernandez
14162872;04/09/2026 11:02:08;3;2;0001  214919-1;06;CAMIONETA MIE 4;2093138;"LB03    ";"LORES JOSE M. Y BRIGGEN DANiEL                    ";AV. RIVADAVIA 9284;952634;"60-162         ";60-162 - LAVATORIO CR C.CERAM LINEA ADRA;1;1;1;23148220;040926110207388;181823964;;;;07/29/2031 00:00:00;1;13815435;04/09/2026 11:02:07;Maximiliano;Nievas;24427059;04/09/2026 10:51:48;7152;Mirko;Hernandez;Maximiliano Nievas;Mirko Hernandez
14162872;04/09/2026 11:02:08;3;2;0001  214919-1;06;CAMIONETA MIE 4;2093138;"LB03    ";"LORES JOSE M. Y BRIGGEN DANiEL                    ";AV. RIVADAVIA 9284;952635;"60-162N        ";60-162N - LAVATORIO BLACK C.CERAM LINEA ADRA;1;1;1;23148220;040926110207388;181821453;;;;11/03/2031 00:00:00;1;13815435;04/09/2026 11:02:07;Maximiliano;Nievas;24427059;04/09/2026 10:51:48;7152;Mirko;Hernandez;Maximiliano Nievas;Mirko Hernandez
14162872;04/09/2026 11:02:08;3;2;0001  214919-1;06;CAMIONETA MIE 4;2093138;"LB03    ";"LORES JOSE M. Y BRIGGEN DANiEL                    ";AV. RIVADAVIA 9284;952856;"70-045         ";70-045 - BIDE CROMO C.STD CRUZ;2;2;2;23148220;040926110207388;181822256;;;;02/01/2032 00:00:00;2;13815435;04/09/2026 11:02:07;Maximiliano;Nievas;24427059;04/09/2026 10:51:48;7152;Mirko;Hernandez;Maximiliano Nievas;Mirko Hernandez
14162872;04/09/2026 11:02:08;3;2;0001  214919-1;06;CAMIONETA MIE 4;2093138;"LB03    ";"LORES JOSE M. Y BRIGGEN DANiEL                    ";AV. RIVADAVIA 9284;952886;"70-121         ";70-121 - BIDE C.CERAM CR MARBELLA;1;1;1;23148220;040926110207388;181822872;;;;01/17/2032 00:00:00;1;13815435;04/09/2026 11:02:07;Maximiliano;Nievas;24427059;04/09/2026 10:51:48;7152;Mirko;Hernandez;Maximiliano Nievas;Mirko Hernandez
14162872;04/09/2026 11:02:08;3;2;0001  214919-1;06;CAMIONETA MIE 4;2093138;"LB03    ";"LORES JOSE M. Y BRIGGEN DANiEL                    ";AV. RIVADAVIA 9284;952912;"70-162         ";70-162 - BIDE CR C.CERAM LINEA ADRA;1;1;1;23148220;040926110207388;181824117;;;;07/29/2031 00:00:00;1;13815435;04/09/2026 11:02:07;Maximiliano;Nievas;24427059;04/09/2026 10:51:48;7152;Mirko;Hernandez;Maximiliano Nievas;Mirko Hernandez
14162872;04/09/2026 11:02:08;3;2;0001  214919-1;06;CAMIONETA MIE 4;2093138;"LB03    ";"LORES JOSE M. Y BRIGGEN DANiEL                    ";AV. RIVADAVIA 9284;952913;"70-162N        ";70-162N - BIDE BLACK C.CERAM LINEA ADRA;1;1;1;23148220;040926110207388;181821697;;;;12/08/2031 00:00:00;1;13815435;04/09/2026 11:02:07;Maximiliano;Nievas;24427059;04/09/2026 10:51:48;7152;Mirko;Hernandez;Maximiliano Nievas;Mirko Hernandez
14162872;04/09/2026 11:02:08;3;2;0001  214919-1;06;CAMIONETA MIE 4;2093138;"LB03    ";"LORES JOSE M. Y BRIGGEN DANiEL                    ";AV. RIVADAVIA 9284;953109;"80-166         ";"DUCHA EMB. C/TRANSF. CR C.CERAM ADRA PLUS                             ";1;1;1;23148220;040926110207388;181824246;;;;01/18/2032 00:00:00;1;13815435;04/09/2026 11:02:07;Maximiliano;Nievas;24427059;04/09/2026 10:51:48;7152;Mirko;Hernandez;Maximiliano Nievas;Mirko Hernandez
14162872;04/09/2026 11:02:08;3;2;0001  214919-1;06;CAMIONETA MIE 4;2093138;"LB03    ";"LORES JOSE M. Y BRIGGEN DANiEL                    ";AV. RIVADAVIA 9284;953110;"80-166N        ";80-166N - DUCHA EMB. C/TRANSF. BLACK C.CERAM ADRA PLUS;1;1;1;23148220;040926110207388;181821851;;;;01/07/2032 00:00:00;1;13815435;04/09/2026 11:02:07;Maximiliano;Nievas;24427059;04/09/2026 10:51:48;7152;Mirko;Hernandez;Maximiliano Nievas;Mirko Hernandez
14162872;04/09/2026 11:02:08;3;2;0001  214919-1;06;CAMIONETA MIE 4;2093138;"LB03    ";"LORES JOSE M. Y BRIGGEN DANiEL                    ";AV. RIVADAVIA 9284;957842;"RA5044C        ";RA5044C - VOLANTE BEDIA;3;3;3;23148220;040926110207388;181831117;;;;08/02/2031 00:00:00;3;13815435;04/09/2026 11:02:07;Maximiliano;Nievas;24427059;04/09/2026 10:51:48;7152;Mirko;Hernandez;Maximiliano Nievas;Mirko Hernandez
14162874;05/09/2026 09:55:35;3;2;0001  214934-1;06;CAMIONETA MIE 4;2092693;"GG24    ";"G & G EXIMPORT SAS                                ";BERMUDEZ 3186;951488;"20-102         ";"20-102 - MONOCOMANDO MESADA CROMO ""RENACER""";4;4;4;23149761;050926095534737;181834943;;;;08/20/2031 00:00:00;4;13832721;05/09/2026 09:55:34;Maximiliano;Nievas;24428719;04/09/2026 11:01:25;6867;Javier;Lescano;Maximiliano Nievas;Javier Lescano
14162874;05/09/2026 09:55:35;3;2;0001  214934-1;06;CAMIONETA MIE 4;2092693;"GG24    ";"G & G EXIMPORT SAS                                ";BERMUDEZ 3186;951523;"20-134         ";20-134 - MONOCOMANDO COCINA BETIS;2;2;2;23149761;050926095534737;181834662;;;;08/11/2031 00:00:00;2;13832721;05/09/2026 09:55:34;Maximiliano;Nievas;24428719;04/09/2026 11:01:25;6867;Javier;Lescano;Maximiliano Nievas;Javier Lescano
14162874;05/09/2026 09:55:35;3;2;0001  214934-1;06;CAMIONETA MIE 4;2092693;"GG24    ";"G & G EXIMPORT SAS                                ";BERMUDEZ 3186;951528;"20-140         ";20-140 - MONOCOMANDO DE COCINA LINEA CUINA;1;1;1;23149761;050926095534737;181834281;;;;10/07/2031 00:00:00;1;13832721;05/09/2026 09:55:34;Maximiliano;Nievas;24428719;04/09/2026 11:01:25;6867;Javier;Lescano;Maximiliano Nievas;Javier Lescano
14162874;05/09/2026 09:55:35;3;2;0001  214934-1;06;CAMIONETA MIE 4;2092693;"GG24    ";"G & G EXIMPORT SAS                                ";BERMUDEZ 3186;952437;"51-057         ";51-057 - COCINA MESADA CR C.STD VERIN PLUS;2;2;2;23149761;050926095534737;181832809;;;;01/27/2032 00:00:00;2;13832721;05/09/2026 09:55:34;Maximiliano;Nievas;24428719;04/09/2026 11:01:25;6867;Javier;Lescano;Maximiliano Nievas;Javier Lescano
14162874;05/09/2026 09:55:35;3;2;0001  214934-1;06;CAMIONETA MIE 4;2092693;"GG24    ";"G & G EXIMPORT SAS                                ";BERMUDEZ 3186;952618;"60-133         ";60-133 - LAVATORIO MONOCOMANDO LUGO;2;2;2;23149761;050926095534737;181833116;;;;07/29/2031 00:00:00;2;13832721;05/09/2026 09:55:34;Maximiliano;Nievas;24428719;04/09/2026 11:01:25;6867;Javier;Lescano;Maximiliano Nievas;Javier Lescano
14162874;05/09/2026 09:55:35;3;2;0001  214934-1;06;CAMIONETA MIE 4;2092693;"GG24    ";"G & G EXIMPORT SAS                                ";BERMUDEZ 3186;952647;"60-176         ";"LAVATORIO MONOCOMANDO BAJO CR RIO                                     ";1;1;1;23149761;050926095534737;181833852;;;;10/11/2031 00:00:00;1;13832721;05/09/2026 09:55:34;Maximiliano;Nievas;24428719;04/09/2026 11:01:25;6867;Javier;Lescano;Maximiliano Nievas;Javier Lescano
14162874;05/09/2026 09:55:35;3;2;0001  214934-1;06;CAMIONETA MIE 4;2092693;"GG24    ";"G & G EXIMPORT SAS                                ";BERMUDEZ 3186;952896;"70-133         ";70-133 - BIDE MONOCOMANDO LUGO;1;1;1;23149761;050926095534737;181833590;;;;07/30/2031 00:00:00;1;13832721;05/09/2026 09:55:34;Maximiliano;Nievas;24428719;04/09/2026 11:01:25;6867;Javier;Lescano;Maximiliano Nievas;Javier Lescano
14162874;05/09/2026 09:55:35;3;2;0001  214934-1;06;CAMIONETA MIE 4;2092693;"GG24    ";"G & G EXIMPORT SAS                                ";BERMUDEZ 3186;953109;"80-166         ";"DUCHA EMB. C/TRANSF. CR C.CERAM ADRA PLUS                             ";1;1;1;23149761;050926095534737;181831258;;;;01/18/2032 00:00:00;1;13832721;05/09/2026 09:55:34;Maximiliano;Nievas;24428719;04/09/2026 11:01:25;6867;Javier;Lescano;Maximiliano Nievas;Javier Lescano
14162874;05/09/2026 09:55:35;3;2;0001  214934-1;06;CAMIONETA MIE 4;2092693;"GG24    ";"G & G EXIMPORT SAS                                ";BERMUDEZ 3186;953312;"83-133         ";83-133 - DUCHA EXT. C/TRANSF. MONOCOMANDO LUGO;2;2;2;23149761;050926095534737;181833236;;;;07/30/2031 00:00:00;2;13832721;05/09/2026 09:55:34;Maximiliano;Nievas;24428719;04/09/2026 11:01:25;6867;Javier;Lescano;Maximiliano Nievas;Javier Lescano
14162874;05/09/2026 09:55:35;3;2;0001  214934-1;06;CAMIONETA MIE 4;2092693;"GG24    ";"G & G EXIMPORT SAS                                ";BERMUDEZ 3186;953316;"83-176         ";83-176 - DUCHA EXT. C/TRANSF. MONOC CR RIO;1;1;1;23149761;050926095534737;181833908;;;;07/28/2031 00:00:00;1;13832721;05/09/2026 09:55:34;Maximiliano;Nievas;24428719;04/09/2026 11:01:25;6867;Javier;Lescano;Maximiliano Nievas;Javier Lescano
14162875;04/09/2026 10:13:50;3;2;0001  214945-1;06;CAMIONETA MIE 4;2094976;"VL05    ";"VENTURA LEANDRO ARIEL                             ";AV LA PLATA 213;958173;"RS140          ";RS140 - 10 LLAVE ALLEN 2 MM;2;2;2;23144169;040926101349529;181803463;;;;08/02/2031 00:00:00;2;13813806;04/09/2026 10:13:49;Gustavo;Soderquvist;24423577;04/09/2026 09:42:05;7152;Mirko;Hernandez;Gustavo Soderquvist;Mirko Hernandez
14162875;04/09/2026 10:13:50;3;2;0001  214945-1;06;CAMIONETA MIE 4;2094976;"VL05    ";"VENTURA LEANDRO ARIEL                             ";AV LA PLATA 213;958171;"RS094          ";RS094 - 30 GUSANILLO M4x0.7x4;4;4;4;23144169;040926101349529;181802354;;;;08/02/2031 00:00:00;4;13813806;04/09/2026 10:13:49;Gustavo;Soderquvist;24423577;04/09/2026 09:42:05;7152;Mirko;Hernandez;Gustavo Soderquvist;Mirko Hernandez
14162875;04/09/2026 10:13:50;3;2;0001  214945-1;06;CAMIONETA MIE 4;2094976;"VL05    ";"VENTURA LEANDRO ARIEL                             ";AV LA PLATA 213;957913;"RA876          ";RA876 - 10 BUJES ESTRIADO P/VOLANTE;10;10;10;23144169;040926101349529;181806147;;;;01/13/2032 00:00:00;10;13813806;04/09/2026 10:13:49;Gustavo;Soderquvist;24423577;04/09/2026 09:42:05;7152;Mirko;Hernandez;Gustavo Soderquvist;Mirko Hernandez
14162875;04/09/2026 10:13:50;3;2;0001  214945-1;06;CAMIONETA MIE 4;2094976;"VL05    ";"VENTURA LEANDRO ARIEL                             ";AV LA PLATA 213;957872;"RA765          ";RA765 - BOLSITA P/CONEXION LAVATORIO LINEAS STD COMPLETO;4;4;4;23144169;040926101349529;181806271;;;;07/31/2031 00:00:00;4;13813806;04/09/2026 10:13:49;Gustavo;Soderquvist;24423577;04/09/2026 09:42:05;7152;Mirko;Hernandez;Gustavo Soderquvist;Mirko Hernandez
14162875;04/09/2026 10:13:50;3;2;0001  214945-1;06;CAMIONETA MIE 4;2094976;"VL05    ";"VENTURA LEANDRO ARIEL                             ";AV LA PLATA 213;957867;"RA757          ";RA757 - LLAVE TUBO 26 MM Y 32 MM;2;2;2;23144169;040926101349529;181804007;;;;07/31/2031 00:00:00;2;13813806;04/09/2026 10:13:49;Gustavo;Soderquvist;24423577;04/09/2026 09:42:05;7152;Mirko;Hernandez;Gustavo Soderquvist;Mirko Hernandez
14162875;04/09/2026 10:13:50;3;2;0001  214945-1;06;CAMIONETA MIE 4;2094976;"VL05    ";"VENTURA LEANDRO ARIEL                             ";AV LA PLATA 213;957722;"RA1436         ";RA1436 - AIREADOR PICO LAV/BAÑERA M18.5 x 1 mm;2;2;2;23144169;040926101349529;181804275;;;;02/21/2032 00:00:00;2;13813806;04/09/2026 10:13:49;Gustavo;Soderquvist;24423577;04/09/2026 09:42:05;7152;Mirko;Hernandez;Gustavo Soderquvist;Mirko Hernandez
14162875;04/09/2026 10:13:50;3;2;0001  214945-1;06;CAMIONETA MIE 4;2094976;"VL05    ";"VENTURA LEANDRO ARIEL                             ";AV LA PLATA 213;957500;"RA1110         ";RA1110 - AIREADOR P/MONOCOMANDO BETIS M16.5 x 1;4;4;4;23144169;040926101349529;181806434;;;;07/31/2031 00:00:00;4;13813806;04/09/2026 10:13:49;Gustavo;Soderquvist;24423577;04/09/2026 09:42:05;7152;Mirko;Hernandez;Gustavo Soderquvist;Mirko Hernandez
14162875;04/09/2026 10:13:50;3;2;0001  214945-1;06;CAMIONETA MIE 4;2094976;"VL05    ";"VENTURA LEANDRO ARIEL                             ";AV LA PLATA 213;957399;"RA014          ";RA014 - PICO CAÑO J  P/MESADA;3;3;3;23144169;040926101349529;181802128;;;;08/04/2031 00:00:00;3;13813806;04/09/2026 10:13:49;Gustavo;Soderquvist;24423577;04/09/2026 09:42:05;7152;Mirko;Hernandez;Gustavo Soderquvist;Mirko Hernandez
14162875;04/09/2026 10:13:50;3;2;0001  214945-1;06;CAMIONETA MIE 4;2094976;"VL05    ";"VENTURA LEANDRO ARIEL                             ";AV LA PLATA 213;957390;"RA001          ";RA001 - CABEZAL STD NO ASCENDENTE;10;10;10;23144169;040926101349529;181804780;;;;11/22/2031 00:00:00;10;13813806;04/09/2026 10:13:49;Gustavo;Soderquvist;24423577;04/09/2026 09:42:05;7152;Mirko;Hernandez;Gustavo Soderquvist;Mirko Hernandez
14162875;04/09/2026 10:13:50;3;2;0001  214945-1;06;CAMIONETA MIE 4;2094976;"VL05    ";"VENTURA LEANDRO ARIEL                             ";AV LA PLATA 213;952618;"60-133         ";60-133 - LAVATORIO MONOCOMANDO LUGO;2;2;2;23144169;040926101349529;181798087;;;;07/29/2031 00:00:00;2;13813806;04/09/2026 10:13:49;Gustavo;Soderquvist;24423577;04/09/2026 09:42:05;7152;Mirko;Hernandez;Gustavo Soderquvist;Mirko Hernandez
14162875;04/09/2026 10:13:50;3;2;0001  214945-1;06;CAMIONETA MIE 4;2094976;"VL05    ";"VENTURA LEANDRO ARIEL                             ";AV LA PLATA 213;951620;"214/CR         ";214/CR - LAVATORIO CR/CR ARES;1;1;1;23144169;040926101349529;181796946;;;;01/27/2032 00:00:00;1;13813806;04/09/2026 10:13:49;Gustavo;Soderquvist;24423577;04/09/2026 09:42:05;7152;Mirko;Hernandez;Gustavo Soderquvist;Mirko Hernandez
14162877;04/09/2026 11:27:54;3;2;0001  214954-1;06;CAMIONETA MIE 4;2205163;"BA46    ";"BAIRESMAT S.R.L.                                  ";AV. RIVADAVIA 7980;951297;"17020G         ";17020G - TOALLERO DE ARO LINEA FABRIC GOLD;3;3;3;23147902;040926112752798;181820055;;;;07/29/2031 00:00:00;3;13816374;04/09/2026 11:27:52;Maximiliano;Nievas;24426795;04/09/2026 10:36:20;7636;Kevin;Arce;Maximiliano Nievas;Kevin Arce
14162877;04/09/2026 11:27:54;3;2;0001  214954-1;06;CAMIONETA MIE 4;2205163;"BA46    ";"BAIRESMAT S.R.L.                                  ";AV. RIVADAVIA 7980;951300;"17030G         ";17030G - PERCHA LINEA FABRIC GOLD;5;5;5;23147902;040926112752798;181823302;;;;07/29/2031 00:00:00;5;13816374;04/09/2026 11:27:52;Maximiliano;Nievas;24426795;04/09/2026 10:36:20;7636;Kevin;Arce;Maximiliano Nievas;Kevin Arce
14162877;04/09/2026 11:27:54;3;2;0001  214954-1;06;CAMIONETA MIE 4;2205163;"BA46    ";"BAIRESMAT S.R.L.                                  ";AV. RIVADAVIA 7980;951301;"17030N         ";17030N - PERCHA LINEA FABRIC BLACK;2;2;2;23147902;040926112752798;181822429;;;;07/28/2031 00:00:00;2;13816374;04/09/2026 11:27:52;Maximiliano;Nievas;24426795;04/09/2026 10:36:20;7636;Kevin;Arce;Maximiliano Nievas;Kevin Arce
14162877;04/09/2026 11:27:54;3;2;0001  214954-1;06;CAMIONETA MIE 4;2205163;"BA46    ";"BAIRESMAT S.R.L.                                  ";AV. RIVADAVIA 7980;951303;"17040G         ";17040G - PORTA ROLLO LINEA FABRIC GOLD;3;3;3;23147902;040926112752798;181821814;;;;07/28/2031 00:00:00;3;13816374;04/09/2026 11:27:52;Maximiliano;Nievas;24426795;04/09/2026 10:36:20;7636;Kevin;Arce;Maximiliano Nievas;Kevin Arce
14162877;04/09/2026 11:27:54;3;2;0001  214954-1;06;CAMIONETA MIE 4;2205163;"BA46    ";"BAIRESMAT S.R.L.                                  ";AV. RIVADAVIA 7980;952796;"63-168N        ";"LAVATORIO PARED EMB MONOC BLACK WAVE                                  ";2;2;2;23147902;040926112752798;181819166;;;;07/28/2031 00:00:00;2;13816374;04/09/2026 11:27:52;Maximiliano;Nievas;24426795;04/09/2026 10:36:20;7636;Kevin;Arce;Maximiliano Nievas;Kevin Arce
14162877;04/09/2026 11:27:54;3;2;0001  214954-1;06;CAMIONETA MIE 4;2205163;"BA46    ";"BAIRESMAT S.R.L.                                  ";AV. RIVADAVIA 7980;952874;"70-100G        ";70-100G - BIDE GOLD C.CERAM FABRIC;2;2;2;23147902;040926112752798;181824205;;;;07/29/2031 00:00:00;2;13816374;04/09/2026 11:27:52;Maximiliano;Nievas;24426795;04/09/2026 10:36:20;7636;Kevin;Arce;Maximiliano Nievas;Kevin Arce
14162877;04/09/2026 11:27:54;3;2;0001  214954-1;06;CAMIONETA MIE 4;2205163;"BA46    ";"BAIRESMAT S.R.L.                                  ";AV. RIVADAVIA 7980;953071;"80-100G        ";80-100G - DUCHA EMB. C/TRANSF. GOLD C.CERAM FABRIC;4;4;4;23147902;040926112752798;181824019;;;;12/03/2031 00:00:00;4;13816374;04/09/2026 11:27:52;Maximiliano;Nievas;24426795;04/09/2026 10:36:20;7636;Kevin;Arce;Maximiliano Nievas;Kevin Arce
14162877;04/09/2026 11:27:54;3;2;0001  214954-1;06;CAMIONETA MIE 4;2205163;"BA46    ";"BAIRESMAT S.R.L.                                  ";AV. RIVADAVIA 7980;953136;"80-190P        ";80-190P - DUCHA EMB. C/TRANSF. C.CERAM BLACK VELVET PLUS;1;1;1;23147902;040926112752798;181824405;;;;07/29/2031 00:00:00;1;13816374;04/09/2026 11:27:52;Maximiliano;Nievas;24426795;04/09/2026 10:36:20;7636;Kevin;Arce;Maximiliano Nievas;Kevin Arce
14162877;04/09/2026 11:27:54;3;2;0001  214954-1;06;CAMIONETA MIE 4;2205163;"BA46    ";"BAIRESMAT S.R.L.                                  ";AV. RIVADAVIA 7980;953314;"83-152         ";83-152 - DUCHA EXT. CR C/TRANSF. MONOCOMANDO SORIA;1;1;1;23147902;040926112752798;181821175;;;;07/28/2031 00:00:00;1;13816374;04/09/2026 11:27:52;Maximiliano;Nievas;24426795;04/09/2026 10:36:20;7636;Kevin;Arce;Maximiliano Nievas;Kevin Arce
14162877;04/09/2026 11:27:54;3;2;0001  214954-1;06;CAMIONETA MIE 4;2205163;"BA46    ";"BAIRESMAT S.R.L.                                  ";AV. RIVADAVIA 7980;953347;"85-168N        ";85-168N - DUCHA MONOC C/TRANSF Y DUCHADOR BLACK WAVE;2;2;2;23147902;040926112752798;181824988;;;;02/04/2032 00:00:00;2;13816374;04/09/2026 11:27:52;Maximiliano;Nievas;24426795;04/09/2026 10:36:20;7636;Kevin;Arce;Maximiliano Nievas;Kevin Arce
14162878;04/09/2026 10:46:54;3;2;0001  214976-1;06;CAMIONETA MIE 4;2092810;"GS11    ";"GENERACION SANITARIA S.A.                         ";ROSARIO 555;957520;"RA1154         ";RA1154 - ARO + O'RING BASE MONOC COCINA BETIS;4;4;4;23144170;040926104654329;181806685;;;;11/22/2031 00:00:00;4;13814883;04/09/2026 10:46:54;Gustavo;Soderquvist;24423577;04/09/2026 09:42:05;7152;Mirko;Hernandez;Gustavo Soderquvist;Mirko Hernandez
14162878;04/09/2026 10:46:54;3;2;0001  214976-1;06;CAMIONETA MIE 4;2092810;"GS11    ";"GENERACION SANITARIA S.A.                         ";ROSARIO 555;957500;"RA1110         ";RA1110 - AIREADOR P/MONOCOMANDO BETIS M16.5 x 1;6;6;6;23144170;040926104654329;181806546;;;;07/31/2031 00:00:00;6;13814883;04/09/2026 10:46:54;Gustavo;Soderquvist;24423577;04/09/2026 09:42:05;7152;Mirko;Hernandez;Gustavo Soderquvist;Mirko Hernandez
14162878;04/09/2026 10:46:54;3;2;0001  214976-1;06;CAMIONETA MIE 4;2092810;"GS11    ";"GENERACION SANITARIA S.A.                         ";ROSARIO 555;957499;"RA1109         ";RA1109 - (10) JUNTA P/MONOCOMANDO DIQUE;1;1;1;23144170;040926104654329;181802535;;;;09/08/2031 00:00:00;1;13814883;04/09/2026 10:46:54;Gustavo;Soderquvist;24423577;04/09/2026 09:42:05;7152;Mirko;Hernandez;Gustavo Soderquvist;Mirko Hernandez
14162878;04/09/2026 10:46:54;3;2;0001  214976-1;06;CAMIONETA MIE 4;2092810;"GS11    ";"GENERACION SANITARIA S.A.                         ";ROSARIO 555;957469;"RA1076         ";"10 ORING P/MONOC COCINA RENACER                                       ";2;2;2;23144170;040926104654329;181802683;;;;01/14/2032 00:00:00;2;13814883;04/09/2026 10:46:54;Gustavo;Soderquvist;24423577;04/09/2026 09:42:05;7152;Mirko;Hernandez;Gustavo Soderquvist;Mirko Hernandez
14162878;04/09/2026 10:46:54;3;2;0001  214976-1;06;CAMIONETA MIE 4;2092810;"GS11    ";"GENERACION SANITARIA S.A.                         ";ROSARIO 555;957447;"RA1030         ";RA1030 - PICO ROCIADOR P/ MONOC COCINA CUINA;2;2;2;23144170;040926104654329;181805644;;;;02/21/2032 00:00:00;2;13814883;04/09/2026 10:46:54;Gustavo;Soderquvist;24423577;04/09/2026 09:42:05;7152;Mirko;Hernandez;Gustavo Soderquvist;Mirko Hernandez
14162878;04/09/2026 10:46:54;3;2;0001  214976-1;06;CAMIONETA MIE 4;2092810;"GS11    ";"GENERACION SANITARIA S.A.                         ";ROSARIO 555;957393;"RA004          ";RA004 - CABEZAL P/TRANSF. BIDET Y DUCHA EMBUTIR;6;6;6;23144170;040926104654329;181805381;;;;07/31/2031 00:00:00;6;13814883;04/09/2026 10:46:54;Gustavo;Soderquvist;24423577;04/09/2026 09:42:05;7152;Mirko;Hernandez;Gustavo Soderquvist;Mirko Hernandez
14162878;04/09/2026 10:46:54;3;2;0001  214976-1;06;CAMIONETA MIE 4;2092810;"GS11    ";"GENERACION SANITARIA S.A.                         ";ROSARIO 555;955159;"D439           ";D439 - KIT DE DUCHA MANUAL;4;4;4;23144170;040926104654329;181796327;;;;12/16/2031 00:00:00;4;13814883;04/09/2026 10:46:54;Gustavo;Soderquvist;24423577;04/09/2026 09:42:05;7152;Mirko;Hernandez;Gustavo Soderquvist;Mirko Hernandez
14162878;04/09/2026 10:46:54;3;2;0001  214976-1;06;CAMIONETA MIE 4;2092810;"GS11    ";"GENERACION SANITARIA S.A.                         ";ROSARIO 555;952499;"54-203         ";"COCINA PARED EXT C.CERAM ADRA MONOCOMANDO                             ";2;2;2;23144170;040926104654329;181797799;;;;11/23/2031 00:00:00;2;13814883;04/09/2026 10:46:54;Gustavo;Soderquvist;24423577;04/09/2026 09:42:05;7152;Mirko;Hernandez;Gustavo Soderquvist;Mirko Hernandez
14162879;04/09/2026 09:32:18;3;2;0001  214980-1;06;CAMIONETA MIE 4;2094331;"SA72    ";"SANI 3 S.R.L                                      ";AV. BOYACA 2034;957944;"RA980          ";RA980 - 10 CONJ. PROLONGADOR LARGO (TORNILLO+TUBO) VOLANTE;1;1;1;23144385;040926093217637;181796866;;;;10/09/2031 00:00:00;1;13813023;04/09/2026 09:32:17;Gustavo;Soderquvist;24423768;04/09/2026 09:12:24;6867;Javier;Lescano;Gustavo Soderquvist;Javier Lescano
14162880;05/09/2026 07:59:29;3;2;0001  214952-1;06;CAMIONETA MIE 4;2093378;"MC28    ";"MI CASA Y YO S.A.                                 ";SEGUROLA 650;957824;"RA1598         ";RA1598 - FILTRO DE AGUA P/MONOCOMANDO VITA;2;2;2;23145932;050926075802955;181814380;;;;10/20/2031 00:00:00;2;13830834;05/09/2026 07:58:02;Maximiliano;Nievas;24424982;04/09/2026 10:54:15;6922;Franco;Potenza;Maximiliano Nievas;Franco Potenza
14162880;05/09/2026 07:59:29;3;2;0001  214952-1;06;CAMIONETA MIE 4;2093378;"MC28    ";"MI CASA Y YO S.A.                                 ";SEGUROLA 650;957444;"RA1027N        ";RA1027N - TAPA VALVULA DE DESCARGA P/INODORO BLACK 02-010N;2;2;2;23145932;050926075802955;181805957;;;;07/31/2031 00:00:00;2;13830834;05/09/2026 07:58:02;Maximiliano;Nievas;24424982;04/09/2026 10:54:15;6922;Franco;Potenza;Maximiliano Nievas;Franco Potenza
14162880;05/09/2026 07:59:29;3;2;0001  214952-1;06;CAMIONETA MIE 4;2093378;"MC28    ";"MI CASA Y YO S.A.                                 ";SEGUROLA 650;954922;"BCH19          ";"BACHA DE APOYAR BLANCA 365x235x120                                    ";2;2;2;23145932;050926075802955;181814076;;;;07/28/2031 00:00:00;2;13830834;05/09/2026 07:58:02;Maximiliano;Nievas;24424982;04/09/2026 10:54:15;6922;Franco;Potenza;Maximiliano Nievas;Franco Potenza
14162880;05/09/2026 07:59:29;3;2;0001  214952-1;06;CAMIONETA MIE 4;2093378;"MC28    ";"MI CASA Y YO S.A.                                 ";SEGUROLA 650;954921;"BCH18          ";BCH18 - BACHA DE APOYAR SIMIL MARMOL 460x320x140;1;1;1;23145932;050926075802955;181813456;;;;10/04/2031 00:00:00;1;13830834;05/09/2026 07:58:02;Maximiliano;Nievas;24424982;04/09/2026 10:54:15;6922;Franco;Potenza;Maximiliano Nievas;Franco Potenza
14162880;05/09/2026 07:59:29;3;2;0001  214952-1;06;CAMIONETA MIE 4;2093378;"MC28    ";"MI CASA Y YO S.A.                                 ";SEGUROLA 650;954904;"BCH04/1        ";BCH04/1 - BACHA DE APOYAR CUADRADA 1 AG 420x420x125;1;1;1;23145932;050926075802955;181813657;;;;10/04/2031 00:00:00;1;13830834;05/09/2026 07:58:02;Maximiliano;Nievas;24424982;04/09/2026 10:54:15;6922;Franco;Potenza;Maximiliano Nievas;Franco Potenza
14162880;05/09/2026 07:59:29;3;2;0001  214952-1;06;CAMIONETA MIE 4;2093378;"MC28    ";"MI CASA Y YO S.A.                                 ";SEGUROLA 650;954791;"A996           ";A996 - DUCHA 8' CUADRADA CR C/BRAZO Y CAMPANA;5;5;5;23145932;050926075802955;181810910;;;;07/29/2031 00:00:00;5;13830834;05/09/2026 07:58:02;Maximiliano;Nievas;24424982;04/09/2026 10:54:15;6922;Franco;Potenza;Maximiliano Nievas;Franco Potenza
14162880;05/09/2026 07:59:29;3;2;0001  214952-1;06;CAMIONETA MIE 4;2093378;"MC28    ";"MI CASA Y YO S.A.                                 ";SEGUROLA 650;954379;"A1539N         ";"TAPA Y TECLA PARA VALVULA DE DESCARGA CUADRADA MINIMALISTA BLACK      ";1;1;1;23145932;050926075802955;181812919;;;;07/31/2031 00:00:00;1;13830834;05/09/2026 07:58:02;Maximiliano;Nievas;24424982;04/09/2026 10:54:15;6922;Franco;Potenza;Maximiliano Nievas;Franco Potenza
14162880;05/09/2026 07:59:29;3;2;0001  214952-1;06;CAMIONETA MIE 4;2093378;"MC28    ";"MI CASA Y YO S.A.                                 ";SEGUROLA 650;954234;"A1452N         ";A1452N - CAÑO DE DUCHA RECTO 150 MM BLACK C/BLISTER;5;5;5;23145932;050926075802955;181811497;;;;07/31/2031 00:00:00;5;13830834;05/09/2026 07:58:02;Maximiliano;Nievas;24424982;04/09/2026 10:54:15;6922;Franco;Potenza;Maximiliano Nievas;Franco Potenza
14162880;05/09/2026 07:59:29;3;2;0001  214952-1;06;CAMIONETA MIE 4;2093378;"MC28    ";"MI CASA Y YO S.A.                                 ";SEGUROLA 650;954230;"A1452C         ";A1452C - CAÑO DE DUCHA RECTO 150 MM CROMO C/BLISTER;5;5;5;23145932;050926075802955;181810417;;;;07/31/2031 00:00:00;5;13830834;05/09/2026 07:58:02;Maximiliano;Nievas;24424982;04/09/2026 10:54:15;6922;Franco;Potenza;Maximiliano Nievas;Franco Potenza
14162880;05/09/2026 07:59:29;3;2;0001  214952-1;06;CAMIONETA MIE 4;2093378;"MC28    ";"MI CASA Y YO S.A.                                 ";SEGUROLA 650;954228;"A1450C         ";A1450C - DUCHADOR CILINDRICO MINIMALISTA ABS CROMO C/BLISTER;1;1;1;23145932;050926075802955;181810204;;;;07/31/2031 00:00:00;1;13830834;05/09/2026 07:58:02;Maximiliano;Nievas;24424982;04/09/2026 10:54:15;6922;Franco;Potenza;Maximiliano Nievas;Franco Potenza
14162880;05/09/2026 07:59:29;3;2;0001  214952-1;06;CAMIONETA MIE 4;2093378;"MC28    ";"MI CASA Y YO S.A.                                 ";SEGUROLA 650;953351;"85-183         ";"DUCHA EMB C/TRANSF Y DUCHADOR MONOC MAT                               ";2;2;2;23145932;050926075802955;181807568;;;;01/12/2032 00:00:00;2;13830834;05/09/2026 07:58:02;Maximiliano;Nievas;24424982;04/09/2026 10:54:15;6922;Franco;Potenza;Maximiliano Nievas;Franco Potenza
14162880;05/09/2026 07:59:29;3;2;0001  214952-1;06;CAMIONETA MIE 4;2093378;"MC28    ";"MI CASA Y YO S.A.                                 ";SEGUROLA 650;953317;"83-176N        ";83-176N - DUCHA EXT. C/TRANSF. MONOC BLACK RIO;1;1;1;23145932;050926075802955;181809393;;;;07/29/2031 00:00:00;1;13830834;05/09/2026 07:58:02;Maximiliano;Nievas;24424982;04/09/2026 10:54:15;6922;Franco;Potenza;Maximiliano Nievas;Franco Potenza
14162880;05/09/2026 07:59:29;3;2;0001  214952-1;06;CAMIONETA MIE 4;2093378;"MC28    ";"MI CASA Y YO S.A.                                 ";SEGUROLA 650;953159;"80-203P        ";80-203P - DUCHA EMB C/TRANSF. MONOCOMANDO ADRA PLUS;1;1;1;23145932;050926075802955;181808456;;;;07/27/2031 00:00:00;1;13830834;05/09/2026 07:58:02;Maximiliano;Nievas;24424982;04/09/2026 10:54:15;6922;Franco;Potenza;Maximiliano Nievas;Franco Potenza
14162880;05/09/2026 07:59:29;3;2;0001  214952-1;06;CAMIONETA MIE 4;2093378;"MC28    ";"MI CASA Y YO S.A.                                 ";SEGUROLA 650;952933;"70-183         ";"BIDE MONOCOMANDO C/TRANSF MAT                                         ";2;2;2;23145932;050926075802955;181806754;;;;11/02/2031 00:00:00;2;13830834;05/09/2026 07:58:02;Maximiliano;Nievas;24424982;04/09/2026 10:54:15;6922;Franco;Potenza;Maximiliano Nievas;Franco Potenza
14162880;05/09/2026 07:59:29;3;2;0001  214952-1;06;CAMIONETA MIE 4;2093378;"MC28    ";"MI CASA Y YO S.A.                                 ";SEGUROLA 650;952925;"70-176         ";70-176 - BIDE MONOC C/TRANSF CR RIO;1;1;1;23145932;050926075802955;181809262;;;;11/17/2031 00:00:00;1;13830834;05/09/2026 07:58:02;Maximiliano;Nievas;24424982;04/09/2026 10:54:15;6922;Franco;Potenza;Maximiliano Nievas;Franco Potenza
14162880;05/09/2026 07:59:29;3;2;0001  214952-1;06;CAMIONETA MIE 4;2093378;"MC28    ";"MI CASA Y YO S.A.                                 ";SEGUROLA 650;952800;"63-183         ";"LAVATORIO PARED EMB MONOCOMANDO MAT                                   ";1;1;1;23145932;050926075802955;181807244;;;;01/12/2032 00:00:00;1;13830834;05/09/2026 07:58:02;Maximiliano;Nievas;24424982;04/09/2026 10:54:15;6922;Franco;Potenza;Maximiliano Nievas;Franco Potenza
14162880;05/09/2026 07:59:29;3;2;0001  214952-1;06;CAMIONETA MIE 4;2093378;"MC28    ";"MI CASA Y YO S.A.                                 ";SEGUROLA 650;952740;"62-100G        ";62-100G - LAVATORIO DE PARED GOLD C.CERAM FABRIC;1;1;1;23145932;050926075802955;181806349;;;;12/20/2031 00:00:00;1;13830834;05/09/2026 07:58:02;Maximiliano;Nievas;24424982;04/09/2026 10:54:15;6922;Franco;Potenza;Maximiliano Nievas;Franco Potenza
14162880;05/09/2026 07:59:29;3;2;0001  214952-1;06;CAMIONETA MIE 4;2093378;"MC28    ";"MI CASA Y YO S.A.                                 ";SEGUROLA 650;952723;"61-200C        ";61-200C - LAVATORIO MONOC ALTO CR FABRIC;1;1;1;23145932;050926075802955;181809670;;;;07/27/2031 00:00:00;1;13830834;05/09/2026 07:58:02;Maximiliano;Nievas;24424982;04/09/2026 10:54:15;6922;Franco;Potenza;Maximiliano Nievas;Franco Potenza
14162880;05/09/2026 07:59:29;3;2;0001  214952-1;06;CAMIONETA MIE 4;2093378;"MC28    ";"MI CASA Y YO S.A.                                 ";SEGUROLA 650;952655;"60-183         ";"LAVATORIO MONOCOMANDO BAJO MAT                                        ";2;2;2;23145932;050926075802955;181807127;;;;11/02/2031 00:00:00;2;13830834;05/09/2026 07:58:02;Maximiliano;Nievas;24424982;04/09/2026 10:54:15;6922;Franco;Potenza;Maximiliano Nievas;Franco Potenza
14162880;05/09/2026 07:59:29;3;2;0001  214952-1;06;CAMIONETA MIE 4;2093378;"MC28    ";"MI CASA Y YO S.A.                                 ";SEGUROLA 650;952629;"60-151         ";60-151 - LAVATORIO CR C.CERAM CROWN;20;20;20;23145932;050926075802955;181812683;;;;11/11/2031 00:00:00;20;13830834;05/09/2026 07:58:02;Maximiliano;Nievas;24424982;04/09/2026 10:54:15;6922;Franco;Potenza;Maximiliano Nievas;Franco Potenza
14162880;05/09/2026 07:59:29;3;2;0001  214952-1;06;CAMIONETA MIE 4;2093378;"MC28    ";"MI CASA Y YO S.A.                                 ";SEGUROLA 650;951650;"22004N         ";"SET DE 4 PIEZAS LINEA 22000 BLACK                                     ";1;1;1;23145932;050926075802955;181807924;;;;09/01/2031 00:00:00;1;13830834;05/09/2026 07:58:02;Maximiliano;Nievas;24424982;04/09/2026 10:54:15;6922;Franco;Potenza;Maximiliano Nievas;Franco Potenza
14162880;05/09/2026 07:59:29;3;2;0001  214952-1;06;CAMIONETA MIE 4;2093378;"MC28    ";"MI CASA Y YO S.A.                                 ";SEGUROLA 650;951649;"22004          ";"SET DE 4 PIEZAS LINEA 22000                                           ";2;2;2;23145932;050926075802955;181807864;;;;09/01/2031 00:00:00;2;13830834;05/09/2026 07:58:02;Maximiliano;Nievas;24424982;04/09/2026 10:54:15;6922;Franco;Potenza;Maximiliano Nievas;Franco Potenza
14162880;05/09/2026 07:59:29;3;2;0001  214952-1;06;CAMIONETA MIE 4;2093378;"MC28    ";"MI CASA Y YO S.A.                                 ";SEGUROLA 650;951607;"21100N         ";21100N - ESTANTE ORGANIZADOR RECTANGULAR BLACK 25x12x7;1;1;1;23145932;050926075802955;181808696;;;;07/27/2031 00:00:00;1;13830834;05/09/2026 07:58:02;Maximiliano;Nievas;24424982;04/09/2026 10:54:15;6922;Franco;Potenza;Maximiliano Nievas;Franco Potenza
14162880;05/09/2026 07:59:29;3;2;0001  214952-1;06;CAMIONETA MIE 4;2093378;"MC28    ";"MI CASA Y YO S.A.                                 ";SEGUROLA 650;951606;"21100          ";21100 - ESTANTE ORGANIZADOR RECTANGULAR 25x12x7;1;1;1;23145932;050926075802955;181809739;;;;07/29/2031 00:00:00;1;13830834;05/09/2026 07:58:02;Maximiliano;Nievas;24424982;04/09/2026 10:54:15;6922;Franco;Potenza;Maximiliano Nievas;Franco Potenza
14162880;05/09/2026 07:59:29;3;2;0001  214952-1;06;CAMIONETA MIE 4;2093378;"MC28    ";"MI CASA Y YO S.A.                                 ";SEGUROLA 650;951398;"20020GR        ";20020GR - TOALLERO DE ARO GRAFITO LINEA PULSE;1;1;1;23145932;050926075802955;181809974;;;;07/29/2031 00:00:00;1;13830834;05/09/2026 07:58:02;Maximiliano;Nievas;24424982;04/09/2026 10:54:15;6922;Franco;Potenza;Maximiliano Nievas;Franco Potenza
14162880;05/09/2026 07:59:29;3;2;0001  214952-1;06;CAMIONETA MIE 4;2093378;"MC28    ";"MI CASA Y YO S.A.                                 ";SEGUROLA 650;951327;"19030          ";19030 - PERCHA LINEA 19000;1;1;1;23145932;050926075802955;181811110;;;;07/29/2031 00:00:00;1;13830834;05/09/2026 07:58:02;Maximiliano;Nievas;24424982;04/09/2026 10:54:15;6922;Franco;Potenza;Maximiliano Nievas;Franco Potenza
14162880;05/09/2026 07:59:29;3;2;0001  214952-1;06;CAMIONETA MIE 4;2093378;"MC28    ";"MI CASA Y YO S.A.                                 ";SEGUROLA 650;951326;"19020          ";19020 - TOALLERO DE ARO LINEA 19000;2;2;2;23145932;050926075802955;181811334;;;;07/29/2031 00:00:00;2;13830834;05/09/2026 07:58:02;Maximiliano;Nievas;24424982;04/09/2026 10:54:15;6922;Franco;Potenza;Maximiliano Nievas;Franco Potenza
14162880;05/09/2026 07:59:29;3;2;0001  214952-1;06;CAMIONETA MIE 4;2093378;"MC28    ";"MI CASA Y YO S.A.                                 ";SEGUROLA 650;951307;"17050N         ";17050N - JABONERA  LINEA FABRIC BLACK;1;1;1;23145932;050926075802955;181808166;;;;07/30/2031 00:00:00;1;13830834;05/09/2026 07:58:02;Maximiliano;Nievas;24424982;04/09/2026 10:54:15;6922;Franco;Potenza;Maximiliano Nievas;Franco Potenza
14162880;05/09/2026 07:59:29;3;2;0001  214952-1;06;CAMIONETA MIE 4;2093378;"MC28    ";"MI CASA Y YO S.A.                                 ";SEGUROLA 650;951297;"17020G         ";17020G - TOALLERO DE ARO LINEA FABRIC GOLD;1;1;1;23145932;050926075802955;181808904;;;;07/29/2031 00:00:00;1;13830834;05/09/2026 07:58:02;Maximiliano;Nievas;24424982;04/09/2026 10:54:15;6922;Franco;Potenza;Maximiliano Nievas;Franco Potenza
14162880;05/09/2026 07:59:29;3;2;0001  214952-1;06;CAMIONETA MIE 4;2093378;"MC28    ";"MI CASA Y YO S.A.                                 ";SEGUROLA 650;951294;"17010G         ";17010G - TOALLERO BARRAL LINEA FABRIC GOLD;1;1;1;23145932;050926075802955;181808935;;;;07/27/2031 00:00:00;1;13830834;05/09/2026 07:58:02;Maximiliano;Nievas;24424982;04/09/2026 10:54:15;6922;Franco;Potenza;Maximiliano Nievas;Franco Potenza
14162881;04/09/2026 11:19:20;3;2;0001  214953-1;06;CAMIONETA MIE 4;2093378;"MC28    ";"MI CASA Y YO S.A.                                 ";SEGUROLA 650;956416;"INO104-2       ";"DEPOSITO C/DESCARGA DUAL BLANCO LINEA STONE                           ";1;1;1;23143927;040926111920167;181792865;;;;10/18/2031 00:00:00;1;13816182;04/09/2026 11:19:20;Maximiliano;Nievas;24423355;04/09/2026 08:58:33;7152;Mirko;Hernandez;Maximiliano Nievas;Mirko Hernandez
14162881;04/09/2026 11:19:20;3;2;0001  214953-1;06;CAMIONETA MIE 4;2093378;"MC28    ";"MI CASA Y YO S.A.                                 ";SEGUROLA 650;957102;"PDU120         ";"DESAGUE P/PISO DE DUCHA                                               ";2;2;2;23143927;040926111920167;181793656;;;;12/07/2031 00:00:00;2;13816182;04/09/2026 11:19:20;Maximiliano;Nievas;24423355;04/09/2026 08:58:33;7152;Mirko;Hernandez;Maximiliano Nievas;Mirko Hernandez
14162882;04/09/2026 09:39:06;3;2;0001  214649-2;06;CAMIONETA MIE 4;2094976;"VL05    ";"VENTURA LEANDRO ARIEL                             ";AV LA PLATA 213;957450;"RA1050         ";RA1050 - VOLANTE MALLORCA STD.;6;6;6;23144386;040926093906044;181796739;;;;02/21/2032 00:00:00;6;13813159;04/09/2026 09:39:06;Gustavo;Soderquvist;24423768;04/09/2026 09:12:24;6867;Javier;Lescano;Gustavo Soderquvist;Javier Lescano
14162883;04/09/2026 11:00:07;3;2;0001  214824-1;06;CAMIONETA MIE 4;2090990;"AB08    ";"ABELSON S.A.                                      ";GAONA 3326;952647;"60-176         ";"LAVATORIO MONOCOMANDO BAJO CR RIO                                     ";10;10;10;23146279;040926110004842;181809991;;;;10/11/2031 00:00:00;10;13815450;04/09/2026 11:00:04;Gustavo;Soderquvist;24425296;04/09/2026 09:56:45;7152;Mirko;Hernandez;Gustavo Soderquvist;Mirko Hernandez
14162883;04/09/2026 11:00:07;3;2;0001  214824-1;06;CAMIONETA MIE 4;2090990;"AB08    ";"ABELSON S.A.                                      ";GAONA 3326;952712;"61-176         ";61-176 - LAVATORIO MONOC ALTO CR RIO;10;10;10;23146279;040926110004842;181811387;;;;10/09/2031 00:00:00;10;13815450;04/09/2026 11:00:04;Gustavo;Soderquvist;24425296;04/09/2026 09:56:45;7152;Mirko;Hernandez;Gustavo Soderquvist;Mirko Hernandez
14162883;04/09/2026 11:00:07;3;2;0001  214824-1;06;CAMIONETA MIE 4;2090990;"AB08    ";"ABELSON S.A.                                      ";GAONA 3326;952713;"61-176N        ";61-176N - LAVATORIO MONOC ALTO BLACK RIO;10;10;10;23146279;040926110004842;181809058;;;;07/29/2031 00:00:00;10;13815450;04/09/2026 11:00:04;Gustavo;Soderquvist;24425296;04/09/2026 09:56:45;7152;Mirko;Hernandez;Gustavo Soderquvist;Mirko Hernandez
14162883;04/09/2026 11:00:07;3;2;0001  214824-1;06;CAMIONETA MIE 4;2090990;"AB08    ";"ABELSON S.A.                                      ";GAONA 3326;952925;"70-176         ";70-176 - BIDE MONOC C/TRANSF CR RIO;10;10;10;23146279;040926110004842;181811054;;;;11/17/2031 00:00:00;10;13815450;04/09/2026 11:00:04;Gustavo;Soderquvist;24425296;04/09/2026 09:56:45;7152;Mirko;Hernandez;Gustavo Soderquvist;Mirko Hernandez
14162883;04/09/2026 11:00:07;3;2;0001  214824-1;06;CAMIONETA MIE 4;2090990;"AB08    ";"ABELSON S.A.                                      ";GAONA 3326;953122;"80-176         ";80-176 - DUCHA EMB C/TRANSF MONOC CR RIO;10;10;10;23146279;040926110004842;181809570;;;;07/29/2031 00:00:00;10;13815450;04/09/2026 11:00:04;Gustavo;Soderquvist;24425296;04/09/2026 09:56:45;7152;Mirko;Hernandez;Gustavo Soderquvist;Mirko Hernandez
14162884;04/09/2026 12:05:24;3;2;0001  215037-1;06;CAMIONETA MIE 4;2094370;"SC33    ";"SANITARIOS CAMPANA S.R.L.                         ";AV. FRANCISCO BEIRO 3300;952551;"60-010         ";60-010 - LAVATORIO BL/CR LORCA;20;20;20;23144849;040926120515743;181799493;;;;12/07/2031 00:00:00;20;13817589;04/09/2026 12:05:15;Maximiliano;Nievas;24424084;04/09/2026 09:31:57;6867;Javier;Lescano;Maximiliano Nievas;Javier Lescano
14162884;04/09/2026 12:05:24;3;2;0001  215037-1;06;CAMIONETA MIE 4;2094370;"SC33    ";"SANITARIOS CAMPANA S.R.L.                         ";AV. FRANCISCO BEIRO 3300;952583;"60-058         ";60-058 - LAVATORIO CR C.STD MALBA;20;20;20;23144849;040926120515743;181803806;;;;12/03/2031 00:00:00;20;13817589;04/09/2026 12:05:15;Maximiliano;Nievas;24424084;04/09/2026 09:31:57;6867;Javier;Lescano;Maximiliano Nievas;Javier Lescano
14162884;04/09/2026 12:05:24;3;2;0001  215037-1;06;CAMIONETA MIE 4;2094370;"SC33    ";"SANITARIOS CAMPANA S.R.L.                         ";AV. FRANCISCO BEIRO 3300;952634;"60-162         ";60-162 - LAVATORIO CR C.CERAM LINEA ADRA;20;20;20;23144849;040926120515743;181800730;;;;07/29/2031 00:00:00;20;13817589;04/09/2026 12:05:15;Maximiliano;Nievas;24424084;04/09/2026 09:31:57;6867;Javier;Lescano;Maximiliano Nievas;Javier Lescano
14162884;04/09/2026 12:05:24;3;2;0001  215037-1;06;CAMIONETA MIE 4;2094370;"SC33    ";"SANITARIOS CAMPANA S.R.L.                         ";AV. FRANCISCO BEIRO 3300;952774;"62-190         ";62-190 - LAVATORIO PARED EMB. C.CERAM BLACK VELVET;2;2;2;23144849;040926120515743;181802680;;;;09/02/2031 00:00:00;2;13817589;04/09/2026 12:05:15;Maximiliano;Nievas;24424084;04/09/2026 09:31:57;6867;Javier;Lescano;Maximiliano Nievas;Javier Lescano
14162884;04/09/2026 12:05:24;3;2;0001  215037-1;06;CAMIONETA MIE 4;2094370;"SC33    ";"SANITARIOS CAMPANA S.R.L.                         ";AV. FRANCISCO BEIRO 3300;952912;"70-162         ";70-162 - BIDE CR C.CERAM LINEA ADRA;20;20;20;23144849;040926120515743;181800104;;;;07/29/2031 00:00:00;20;13817589;04/09/2026 12:05:15;Maximiliano;Nievas;24424084;04/09/2026 09:31:57;6867;Javier;Lescano;Maximiliano Nievas;Javier Lescano
14162884;04/09/2026 12:05:24;3;2;0001  215037-1;06;CAMIONETA MIE 4;2094370;"SC33    ";"SANITARIOS CAMPANA S.R.L.                         ";AV. FRANCISCO BEIRO 3300;953109;"80-166         ";"DUCHA EMB. C/TRANSF. CR C.CERAM ADRA PLUS                             ";10;10;10;23144849;040926120515743;181799052;;;;01/18/2032 00:00:00;10;13817589;04/09/2026 12:05:15;Maximiliano;Nievas;24424084;04/09/2026 09:31:57;6867;Javier;Lescano;Maximiliano Nievas;Javier Lescano
14162884;04/09/2026 12:05:24;3;2;0001  215037-1;06;CAMIONETA MIE 4;2094370;"SC33    ";"SANITARIOS CAMPANA S.R.L.                         ";AV. FRANCISCO BEIRO 3300;953136;"80-190P        ";80-190P - DUCHA EMB. C/TRANSF. C.CERAM BLACK VELVET PLUS;2;2;2;23144849;040926120515743;181802888;;;;07/29/2031 00:00:00;2;13817589;04/09/2026 12:05:15;Maximiliano;Nievas;24424084;04/09/2026 09:31:57;6867;Javier;Lescano;Maximiliano Nievas;Javier Lescano
14162885;05/09/2026 08:41:55;3;2;0001  215038-1;06;CAMIONETA MIE 4;2094370;"SC33    ";"SANITARIOS CAMPANA S.R.L.                         ";AV. FRANCISCO BEIRO 3300;951116;"12006          ";"SET DE 6 PIEZAS LINEA 12000                                           ";5;5;5;23144884;050926084153295;181803883;;;;07/30/2031 00:00:00;5;13831661;05/09/2026 08:41:53;Tiago;Rodriguez;24424115;04/09/2026 09:35:58;6922;Franco;Potenza;Tiago Rodriguez;Franco Potenza
14162885;05/09/2026 08:41:55;3;2;0001  215038-1;06;CAMIONETA MIE 4;2094370;"SC33    ";"SANITARIOS CAMPANA S.R.L.                         ";AV. FRANCISCO BEIRO 3300;951535;"20-160         ";20-160 - MONOCOMANDO MESADA COCINA DIQUE;8;8;8;23144884;050926084153295;181801368;;;;07/28/2031 00:00:00;8;13831661;05/09/2026 08:41:53;Tiago;Rodriguez;24424115;04/09/2026 09:35:58;6922;Franco;Potenza;Tiago Rodriguez;Franco Potenza
14162885;05/09/2026 08:41:55;3;2;0001  215038-1;06;CAMIONETA MIE 4;2094370;"SC33    ";"SANITARIOS CAMPANA S.R.L.                         ";AV. FRANCISCO BEIRO 3300;951552;"20-183         ";"MONOCOMANDO DE COCINA MAT                                             ";5;5;5;23144884;050926084153295;181801710;;;;11/02/2031 00:00:00;5;13831661;05/09/2026 08:41:53;Tiago;Rodriguez;24424115;04/09/2026 09:35:58;6922;Franco;Potenza;Tiago Rodriguez;Franco Potenza
14162885;05/09/2026 08:41:55;3;2;0001  215038-1;06;CAMIONETA MIE 4;2094370;"SC33    ";"SANITARIOS CAMPANA S.R.L.                         ";AV. FRANCISCO BEIRO 3300;951961;"3030           ";3030 - PERCHA LINEA 3000;5;5;5;23144884;050926084153295;181804508;;;;08/27/2031 00:00:00;5;13831661;05/09/2026 08:41:53;Tiago;Rodriguez;24424115;04/09/2026 09:35:58;6922;Franco;Potenza;Tiago Rodriguez;Franco Potenza
14162885;05/09/2026 08:41:55;3;2;0001  215038-1;06;CAMIONETA MIE 4;2094370;"SC33    ";"SANITARIOS CAMPANA S.R.L.                         ";AV. FRANCISCO BEIRO 3300;952499;"54-203         ";"COCINA PARED EXT C.CERAM ADRA MONOCOMANDO                             ";10;10;10;23144884;050926084153295;181800106;;;;11/23/2031 00:00:00;10;13831661;05/09/2026 08:41:53;Tiago;Rodriguez;24424115;04/09/2026 09:35:58;6922;Franco;Potenza;Tiago Rodriguez;Franco Potenza
14162885;05/09/2026 08:41:55;3;2;0001  215038-1;06;CAMIONETA MIE 4;2094370;"SC33    ";"SANITARIOS CAMPANA S.R.L.                         ";AV. FRANCISCO BEIRO 3300;952583;"60-058         ";60-058 - LAVATORIO CR C.STD MALBA;20;20;20;23144884;050926084153295;181799750;;;;12/03/2031 00:00:00;20;13831661;05/09/2026 08:41:53;Tiago;Rodriguez;24424115;04/09/2026 09:35:58;6922;Franco;Potenza;Tiago Rodriguez;Franco Potenza
14162885;05/09/2026 08:41:55;3;2;0001  215038-1;06;CAMIONETA MIE 4;2094370;"SC33    ";"SANITARIOS CAMPANA S.R.L.                         ";AV. FRANCISCO BEIRO 3300;952618;"60-133         ";60-133 - LAVATORIO MONOCOMANDO LUGO;10;10;10;23144884;050926084153295;181801221;;;;07/29/2031 00:00:00;10;13831661;05/09/2026 08:41:53;Tiago;Rodriguez;24424115;04/09/2026 09:35:58;6922;Franco;Potenza;Tiago Rodriguez;Franco Potenza
14162885;05/09/2026 08:41:55;3;2;0001  215038-1;06;CAMIONETA MIE 4;2094370;"SC33    ";"SANITARIOS CAMPANA S.R.L.                         ";AV. FRANCISCO BEIRO 3300;952655;"60-183         ";"LAVATORIO MONOCOMANDO BAJO MAT                                        ";3;3;3;23144884;050926084153295;181802582;;;;11/02/2031 00:00:00;3;13831661;05/09/2026 08:41:53;Tiago;Rodriguez;24424115;04/09/2026 09:35:58;6922;Franco;Potenza;Tiago Rodriguez;Franco Potenza
14162885;05/09/2026 08:41:55;3;2;0001  215038-1;06;CAMIONETA MIE 4;2094370;"SC33    ";"SANITARIOS CAMPANA S.R.L.                         ";AV. FRANCISCO BEIRO 3300;952933;"70-183         ";"BIDE MONOCOMANDO C/TRANSF MAT                                         ";3;3;3;23144884;050926084153295;181802425;;;;11/02/2031 00:00:00;3;13831661;05/09/2026 08:41:53;Tiago;Rodriguez;24424115;04/09/2026 09:35:58;6922;Franco;Potenza;Tiago Rodriguez;Franco Potenza
14162885;05/09/2026 08:41:55;3;2;0001  215038-1;06;CAMIONETA MIE 4;2094370;"SC33    ";"SANITARIOS CAMPANA S.R.L.                         ";AV. FRANCISCO BEIRO 3300;953131;"80-183         ";"DUCHA EMB C/TRANSF MONOCOMANDO MAT                                    ";3;3;3;23144884;050926084153295;181803043;;;;11/02/2031 00:00:00;3;13831661;05/09/2026 08:41:53;Tiago;Rodriguez;24424115;04/09/2026 09:35:58;6922;Franco;Potenza;Tiago Rodriguez;Franco Potenza
14162885;05/09/2026 08:41:55;3;2;0001  215038-1;06;CAMIONETA MIE 4;2094370;"SC33    ";"SANITARIOS CAMPANA S.R.L.                         ";AV. FRANCISCO BEIRO 3300;953312;"83-133         ";83-133 - DUCHA EXT. C/TRANSF. MONOCOMANDO LUGO;10;10;10;23144884;050926084153295;181800826;;;;07/30/2031 00:00:00;10;13831661;05/09/2026 08:41:53;Tiago;Rodriguez;24424115;04/09/2026 09:35:58;6922;Franco;Potenza;Tiago Rodriguez;Franco Potenza
14162885;05/09/2026 08:41:55;3;2;0001  215038-1;06;CAMIONETA MIE 4;2094370;"SC33    ";"SANITARIOS CAMPANA S.R.L.                         ";AV. FRANCISCO BEIRO 3300;953351;"85-183         ";"DUCHA EMB C/TRANSF Y DUCHADOR MONOC MAT                               ";2;2;2;23144884;050926084153295;181803143;;;;01/12/2032 00:00:00;2;13831661;05/09/2026 08:41:53;Tiago;Rodriguez;24424115;04/09/2026 09:35:58;6922;Franco;Potenza;Tiago Rodriguez;Franco Potenza
14162886;04/09/2026 10:17:03;3;2;0001  215042-1;06;CAMIONETA MIE 4;2205163;"BA46    ";"BAIRESMAT S.R.L.                                  ";AV. RIVADAVIA 7980;953334;"84-203         ";"DUCHA EXT C/COLUMNA Y TRANSF CR ADRA                                  ";1;1;1;23143815;040926101701938;181792883;;;;12/02/2031 00:00:00;1;13814143;04/09/2026 10:17:01;Maximiliano;Nievas;24423227;04/09/2026 09:03:54;6867;Javier;Lescano;Maximiliano Nievas;Javier Lescano
14162887;04/09/2026 10:33:21;3;2;0008    2893-1;06;CAMIONETA MIE 4;2094370;"SC33    ";"SANITARIOS CAMPANA S.R.L.                         ";AV. FRANCISCO BEIRO 3300;955159;"D439           ";D439 - KIT DE DUCHA MANUAL;10;10;10;23144334;040926103321035;181800608;;;;12/16/2031 00:00:00;10;13814159;04/09/2026 10:33:21;Maximiliano;Nievas;24423751;04/09/2026 09:37:20;7636;Kevin;Arce;Maximiliano Nievas;Kevin Arce
14162887;04/09/2026 10:33:21;3;2;0008    2893-1;06;CAMIONETA MIE 4;2094370;"SC33    ";"SANITARIOS CAMPANA S.R.L.                         ";AV. FRANCISCO BEIRO 3300;953422;"90-166N        ";90-166N - PACK GRIF. ADRA BLACK PLUS  (Lav-Bide-Ducha c/t Plus);5;5;5;23144334;040926103321035;181798164;;;;01/11/2032 00:00:00;5;13814159;04/09/2026 10:33:21;Maximiliano;Nievas;24423751;04/09/2026 09:37:20;7636;Kevin;Arce;Maximiliano Nievas;Kevin Arce
14162887;04/09/2026 10:33:21;3;2;0008    2893-1;06;CAMIONETA MIE 4;2094370;"SC33    ";"SANITARIOS CAMPANA S.R.L.                         ";AV. FRANCISCO BEIRO 3300;953421;"90-166         ";90-166 - PACK GRIF. ADRA PLUS (Lav-Bide-Ducha c/t Plus);10;10;10;23144334;040926103321035;181802159;;;;01/04/2032 00:00:00;10;13814159;04/09/2026 10:33:21;Maximiliano;Nievas;24423751;04/09/2026 09:37:20;7636;Kevin;Arce;Maximiliano Nievas;Kevin Arce
14162887;04/09/2026 10:33:21;3;2;0008    2893-1;06;CAMIONETA MIE 4;2094370;"SC33    ";"SANITARIOS CAMPANA S.R.L.                         ";AV. FRANCISCO BEIRO 3300;953244;"814/CRC        ";814/CRC - MESADA P.FUNDIDO CR/CR C.CERAM. ARES;10;10;10;23144334;040926103321035;181799890;;;;02/16/2032 00:00:00;10;13814159;04/09/2026 10:33:21;Maximiliano;Nievas;24423751;04/09/2026 09:37:20;7636;Kevin;Arce;Maximiliano Nievas;Kevin Arce
14162887;04/09/2026 10:33:21;3;2;0008    2893-1;06;CAMIONETA MIE 4;2094370;"SC33    ";"SANITARIOS CAMPANA S.R.L.                         ";AV. FRANCISCO BEIRO 3300;953110;"80-166N        ";80-166N - DUCHA EMB. C/TRANSF. BLACK C.CERAM ADRA PLUS;5;5;5;23144334;040926103321035;181798496;;;;01/07/2032 00:00:00;5;13814159;04/09/2026 10:33:21;Maximiliano;Nievas;24423751;04/09/2026 09:37:20;7636;Kevin;Arce;Maximiliano Nievas;Kevin Arce
14162887;04/09/2026 10:33:21;3;2;0008    2893-1;06;CAMIONETA MIE 4;2094370;"SC33    ";"SANITARIOS CAMPANA S.R.L.                         ";AV. FRANCISCO BEIRO 3300;953028;"80-010         ";80-010 - DUCHA EMB. C/TRANSF. BL/CR LORCA;20;20;20;23144334;040926103321035;181803838;;;;09/16/2031 00:00:00;20;13814159;04/09/2026 10:33:21;Maximiliano;Nievas;24423751;04/09/2026 09:37:20;7636;Kevin;Arce;Maximiliano Nievas;Kevin Arce
14162887;04/09/2026 10:33:21;3;2;0008    2893-1;06;CAMIONETA MIE 4;2094370;"SC33    ";"SANITARIOS CAMPANA S.R.L.                         ";AV. FRANCISCO BEIRO 3300;952831;"70-010         ";70-010 - BIDE BL/CR LORCA;10;10;10;23144334;040926103321035;181802616;;;;12/08/2031 00:00:00;10;13814159;04/09/2026 10:33:21;Maximiliano;Nievas;24423751;04/09/2026 09:37:20;7636;Kevin;Arce;Maximiliano Nievas;Kevin Arce
14162887;04/09/2026 10:33:21;3;2;0008    2893-1;06;CAMIONETA MIE 4;2094370;"SC33    ";"SANITARIOS CAMPANA S.R.L.                         ";AV. FRANCISCO BEIRO 3300;952453;"51-131         ";51-131 - MESADA BIMANDO CR C.CERAM MALLORCA;5;5;5;23144334;040926103321035;181799080;;;;01/11/2032 00:00:00;5;13814159;04/09/2026 10:33:21;Maximiliano;Nievas;24423751;04/09/2026 09:37:20;7636;Kevin;Arce;Maximiliano Nievas;Kevin Arce
14162887;04/09/2026 10:33:21;3;2;0008    2893-1;06;CAMIONETA MIE 4;2094370;"SC33    ";"SANITARIOS CAMPANA S.R.L.                         ";AV. FRANCISCO BEIRO 3300;952438;"51-058         ";51-058 - COCINA MESADA CR C.STD MALBA;20;20;20;23144334;040926103321035;181804987;;;;10/19/2031 00:00:00;20;13814159;04/09/2026 10:33:21;Maximiliano;Nievas;24423751;04/09/2026 09:37:20;7636;Kevin;Arce;Maximiliano Nievas;Kevin Arce
14162887;04/09/2026 10:33:21;3;2;0008    2893-1;06;CAMIONETA MIE 4;2094370;"SC33    ";"SANITARIOS CAMPANA S.R.L.                         ";AV. FRANCISCO BEIRO 3300;951553;"20-184         ";"MONOCOMANDO DE COCINA CR SUV                                          ";10;10;10;23144334;040926103321035;181796727;;;;10/04/2031 00:00:00;10;13814159;04/09/2026 10:33:21;Maximiliano;Nievas;24423751;04/09/2026 09:37:20;7636;Kevin;Arce;Maximiliano Nievas;Kevin Arce
14162887;04/09/2026 10:33:21;3;2;0008    2893-1;06;CAMIONETA MIE 4;2094370;"SC33    ";"SANITARIOS CAMPANA S.R.L.                         ";AV. FRANCISCO BEIRO 3300;951524;"20-135         ";20-135 - MONOCOMANDO COCINA SANTANDER;5;5;5;23144334;040926103321035;181797604;;;;07/28/2031 00:00:00;5;13814159;04/09/2026 10:33:21;Maximiliano;Nievas;24423751;04/09/2026 09:37:20;7636;Kevin;Arce;Maximiliano Nievas;Kevin Arce
14162888;04/09/2026 09:33:18;3;2;0001  210956-2;06;CAMIONETA MIE 4;2092810;"GS11    ";"GENERACION SANITARIA S.A.                         ";ROSARIO 555;957469;"RA1076         ";"10 ORING P/MONOC COCINA RENACER                                       ";1;1;1;23144387;040926093314758;181797378;;;;01/14/2032 00:00:00;1;13813046;04/09/2026 09:33:14;Gustavo;Soderquvist;24423768;04/09/2026 09:12:24;6867;Javier;Lescano;Gustavo Soderquvist;Javier Lescano
14162889;04/09/2026 10:49:58;3;2;0001  214830-1;06;CAMIONETA MIE 4;2093315;"MA29    ";"MULTISANITARIOS Y ACCESORIOS S.R.L.               ";AV. JUAN B. ALBERDI 3528;953445;"919/M          ";919/M - JGO.MDA.P.CANO CROMO LAZA;2;2;2;23144171;040926104957903;181795740;;;;01/31/2032 00:00:00;2;13815168;04/09/2026 10:49:57;Gustavo;Soderquvist;24423577;04/09/2026 09:42:05;7152;Mirko;Hernandez;Gustavo Soderquvist;Mirko Hernandez
14162889;04/09/2026 10:49:58;3;2;0001  214830-1;06;CAMIONETA MIE 4;2093315;"MA29    ";"MULTISANITARIOS Y ACCESORIOS S.R.L.               ";AV. JUAN B. ALBERDI 3528;953312;"83-133         ";83-133 - DUCHA EXT. C/TRANSF. MONOCOMANDO LUGO;1;1;1;23144171;040926104957903;181798267;;;;07/30/2031 00:00:00;1;13815168;04/09/2026 10:49:57;Gustavo;Soderquvist;24423577;04/09/2026 09:42:05;7152;Mirko;Hernandez;Gustavo Soderquvist;Mirko Hernandez
14162889;04/09/2026 10:49:58;3;2;0001  214830-1;06;CAMIONETA MIE 4;2093315;"MA29    ";"MULTISANITARIOS Y ACCESORIOS S.R.L.               ";AV. JUAN B. ALBERDI 3528;952886;"70-121         ";70-121 - BIDE C.CERAM CR MARBELLA;1;1;1;23144171;040926104957903;181796620;;;;01/17/2032 00:00:00;1;13815168;04/09/2026 10:49:57;Gustavo;Soderquvist;24423577;04/09/2026 09:42:05;7152;Mirko;Hernandez;Gustavo Soderquvist;Mirko Hernandez
14162889;04/09/2026 10:49:58;3;2;0001  214830-1;06;CAMIONETA MIE 4;2093315;"MA29    ";"MULTISANITARIOS Y ACCESORIOS S.R.L.               ";AV. JUAN B. ALBERDI 3528;952281;"429            ";"429 - DUCHA EMB.C/TRANSF.CR ""LAZA""";2;2;2;23144171;040926104957903;181797182;;;;01/12/2032 00:00:00;2;13815168;04/09/2026 10:49:57;Gustavo;Soderquvist;24423577;04/09/2026 09:42:05;7152;Mirko;Hernandez;Gustavo Soderquvist;Mirko Hernandez
14162889;04/09/2026 10:49:58;3;2;0001  214830-1;06;CAMIONETA MIE 4;2093315;"MA29    ";"MULTISANITARIOS Y ACCESORIOS S.R.L.               ";AV. JUAN B. ALBERDI 3528;951600;"209            ";209 - LAVATORIO CROMO LAZA;2;2;2;23144171;040926104957903;181797298;;;;02/01/2032 00:00:00;2;13815168;04/09/2026 10:49:57;Gustavo;Soderquvist;24423577;04/09/2026 09:42:05;7152;Mirko;Hernandez;Gustavo Soderquvist;Mirko Hernandez
14162890;04/09/2026 09:34:53;3;2;0001  215072-1;06;CAMIONETA MIE 4;2091886;"CP31    ";"CASAPAULINO SAS                                   ";JOAQUIN V. GONZALEZ 3366;957624;"RA1268N        ";RA1268N - CAMPANA LAVATORIO / DUCHA FABRIC BLACK;1;1;1;23144388;040926093451492;181797282;;;;07/31/2031 00:00:00;1;13813074;04/09/2026 09:34:51;Gustavo;Soderquvist;24423768;04/09/2026 09:12:24;6867;Javier;Lescano;Gustavo Soderquvist;Javier Lescano
14162891;05/09/2026 08:46:53;3;2;0001  215085-1;06;CAMIONETA MIE 4;2094552;"SM27    ";"SANCHEZ MARIA L.- DIST. JONTE                     ";AV. GRAL MOSCONI 3449;953491;"943            ";"943 - J.COCINA PARED EMB. CR ""DIQUE""";1;1;1;23149014;050926084652861;181832642;;;;07/31/2031 00:00:00;1;13831782;05/09/2026 08:46:52;Tiago;Rodriguez;24427860;04/09/2026 11:10:15;7636;Kevin;Arce;Tiago Rodriguez;Kevin Arce
14162891;05/09/2026 08:46:53;3;2;0001  215085-1;06;CAMIONETA MIE 4;2094552;"SM27    ";"SANCHEZ MARIA L.- DIST. JONTE                     ";AV. GRAL MOSCONI 3449;953474;"933            ";933 - JGO PARED C/EXT CR DIQUE;2;2;2;23149014;050926084652861;181832764;;;;01/07/2032 00:00:00;2;13831782;05/09/2026 08:46:52;Tiago;Rodriguez;24427860;04/09/2026 11:10:15;7636;Kevin;Arce;Tiago Rodriguez;Kevin Arce
14162891;05/09/2026 08:46:53;3;2;0001  215085-1;06;CAMIONETA MIE 4;2094552;"SM27    ";"SANCHEZ MARIA L.- DIST. JONTE                     ";AV. GRAL MOSCONI 3449;953437;"914/CR         ";914/CR - JGO.MDA.P.CAÑO CR ARES;1;1;1;23149014;050926084652861;181834308;;;;01/13/2032 00:00:00;1;13831782;05/09/2026 08:46:52;Tiago;Rodriguez;24427860;04/09/2026 11:10:15;7636;Kevin;Arce;Tiago Rodriguez;Kevin Arce
14162891;05/09/2026 08:46:53;3;2;0001  215085-1;06;CAMIONETA MIE 4;2094552;"SM27    ";"SANCHEZ MARIA L.- DIST. JONTE                     ";AV. GRAL MOSCONI 3449;953244;"814/CRC        ";814/CRC - MESADA P.FUNDIDO CR/CR C.CERAM. ARES;1;1;1;23149014;050926084652861;181834116;;;;02/16/2032 00:00:00;1;13831782;05/09/2026 08:46:52;Tiago;Rodriguez;24427860;04/09/2026 11:10:15;7636;Kevin;Arce;Tiago Rodriguez;Kevin Arce
14162891;05/09/2026 08:46:53;3;2;0001  215085-1;06;CAMIONETA MIE 4;2094552;"SM27    ";"SANCHEZ MARIA L.- DIST. JONTE                     ";AV. GRAL MOSCONI 3449;953109;"80-166         ";"DUCHA EMB. C/TRANSF. CR C.CERAM ADRA PLUS                             ";1;1;1;23149014;050926084652861;181837128;;;;01/18/2032 00:00:00;1;13831782;05/09/2026 08:46:52;Tiago;Rodriguez;24427860;04/09/2026 11:10:15;7636;Kevin;Arce;Tiago Rodriguez;Kevin Arce
14162891;05/09/2026 08:46:53;3;2;0001  215085-1;06;CAMIONETA MIE 4;2094552;"SM27    ";"SANCHEZ MARIA L.- DIST. JONTE                     ";AV. GRAL MOSCONI 3449;953091;"80-138         ";80-138 - DUCHA EMB. C/TRANSF. CR C.CERAM VALENCIA PLUS;1;1;1;23149014;050926084652861;181836523;;;;01/14/2032 00:00:00;1;13831782;05/09/2026 08:46:52;Tiago;Rodriguez;24427860;04/09/2026 11:10:15;7636;Kevin;Arce;Tiago Rodriguez;Kevin Arce
14162891;05/09/2026 08:46:53;3;2;0001  215085-1;06;CAMIONETA MIE 4;2094552;"SM27    ";"SANCHEZ MARIA L.- DIST. JONTE                     ";AV. GRAL MOSCONI 3449;953060;"80-058         ";80-058 - DUCHA EMB. C/TRANSF. CR C.STD MALBA;1;1;1;23149014;050926084652861;181835563;;;;01/06/2032 00:00:00;1;13831782;05/09/2026 08:46:52;Tiago;Rodriguez;24427860;04/09/2026 11:10:15;7636;Kevin;Arce;Tiago Rodriguez;Kevin Arce
14162891;05/09/2026 08:46:53;3;2;0001  215085-1;06;CAMIONETA MIE 4;2094552;"SM27    ";"SANCHEZ MARIA L.- DIST. JONTE                     ";AV. GRAL MOSCONI 3449;952912;"70-162         ";70-162 - BIDE CR C.CERAM LINEA ADRA;1;1;1;23149014;050926084652861;181837375;;;;07/29/2031 00:00:00;1;13831782;05/09/2026 08:46:52;Tiago;Rodriguez;24427860;04/09/2026 11:10:15;7636;Kevin;Arce;Tiago Rodriguez;Kevin Arce
14162891;05/09/2026 08:46:53;3;2;0001  215085-1;06;CAMIONETA MIE 4;2094552;"SM27    ";"SANCHEZ MARIA L.- DIST. JONTE                     ";AV. GRAL MOSCONI 3449;952888;"70-122         ";70-122 - BIDE C.CERAM CR VALENCIA;1;1;1;23149014;050926084652861;181833391;;;;10/26/2031 00:00:00;1;13831782;05/09/2026 08:46:52;Tiago;Rodriguez;24427860;04/09/2026 11:10:15;7636;Kevin;Arce;Tiago Rodriguez;Kevin Arce
14162891;05/09/2026 08:46:53;3;2;0001  215085-1;06;CAMIONETA MIE 4;2094552;"SM27    ";"SANCHEZ MARIA L.- DIST. JONTE                     ";AV. GRAL MOSCONI 3449;952862;"70-058         ";70-058 - BIDE CR C.STD MALBA;1;1;1;23149014;050926084652861;181835630;;;;10/20/2031 00:00:00;1;13831782;05/09/2026 08:46:52;Tiago;Rodriguez;24427860;04/09/2026 11:10:15;7636;Kevin;Arce;Tiago Rodriguez;Kevin Arce
14162891;05/09/2026 08:46:53;3;2;0001  215085-1;06;CAMIONETA MIE 4;2094552;"SM27    ";"SANCHEZ MARIA L.- DIST. JONTE                     ";AV. GRAL MOSCONI 3449;952860;"70-057         ";70-057 - BIDE C.STD VERIN PLUS;1;1;1;23149014;050926084652861;181836767;;;;01/11/2032 00:00:00;1;13831782;05/09/2026 08:46:52;Tiago;Rodriguez;24427860;04/09/2026 11:10:15;7636;Kevin;Arce;Tiago Rodriguez;Kevin Arce
14162891;05/09/2026 08:46:53;3;2;0001  215085-1;06;CAMIONETA MIE 4;2094552;"SM27    ";"SANCHEZ MARIA L.- DIST. JONTE                     ";AV. GRAL MOSCONI 3449;952634;"60-162         ";60-162 - LAVATORIO CR C.CERAM LINEA ADRA;2;2;2;23149014;050926084652861;181837800;;;;07/29/2031 00:00:00;2;13831782;05/09/2026 08:46:52;Tiago;Rodriguez;24427860;04/09/2026 11:10:15;7636;Kevin;Arce;Tiago Rodriguez;Kevin Arce
14162891;05/09/2026 08:46:53;3;2;0001  215085-1;06;CAMIONETA MIE 4;2094552;"SM27    ";"SANCHEZ MARIA L.- DIST. JONTE                     ";AV. GRAL MOSCONI 3449;952610;"60-122         ";60-122 - LAVATORIO C.CERAM CR VALENCIA;1;1;1;23149014;050926084652861;181833336;;;;12/10/2031 00:00:00;1;13831782;05/09/2026 08:46:52;Tiago;Rodriguez;24427860;04/09/2026 11:10:15;7636;Kevin;Arce;Tiago Rodriguez;Kevin Arce
14162891;05/09/2026 08:46:53;3;2;0001  215085-1;06;CAMIONETA MIE 4;2094552;"SM27    ";"SANCHEZ MARIA L.- DIST. JONTE                     ";AV. GRAL MOSCONI 3449;952583;"60-058         ";60-058 - LAVATORIO CR C.STD MALBA;1;1;1;23149014;050926084652861;181835681;;;;12/03/2031 00:00:00;1;13831782;05/09/2026 08:46:52;Tiago;Rodriguez;24427860;04/09/2026 11:10:15;7636;Kevin;Arce;Tiago Rodriguez;Kevin Arce
14162891;05/09/2026 08:46:53;3;2;0001  215085-1;06;CAMIONETA MIE 4;2094552;"SM27    ";"SANCHEZ MARIA L.- DIST. JONTE                     ";AV. GRAL MOSCONI 3449;952438;"51-058         ";51-058 - COCINA MESADA CR C.STD MALBA;1;1;1;23149014;050926084652861;181836884;;;;10/19/2031 00:00:00;1;13831782;05/09/2026 08:46:52;Tiago;Rodriguez;24427860;04/09/2026 11:10:15;7636;Kevin;Arce;Tiago Rodriguez;Kevin Arce
14162891;05/09/2026 08:46:53;3;2;0001  215085-1;06;CAMIONETA MIE 4;2094552;"SM27    ";"SANCHEZ MARIA L.- DIST. JONTE                     ";AV. GRAL MOSCONI 3449;951957;"303            ";"303 - BIDET CROMO ""DIQUE""";1;1;1;23149014;050926084652861;181835904;;;;11/25/2031 00:00:00;1;13831782;05/09/2026 08:46:52;Tiago;Rodriguez;24427860;04/09/2026 11:10:15;7636;Kevin;Arce;Tiago Rodriguez;Kevin Arce
14162891;05/09/2026 08:46:53;3;2;0001  215085-1;06;CAMIONETA MIE 4;2094552;"SM27    ";"SANCHEZ MARIA L.- DIST. JONTE                     ";AV. GRAL MOSCONI 3449;951620;"214/CR         ";214/CR - LAVATORIO CR/CR ARES;1;1;1;23149014;050926084652861;181833785;;;;01/27/2032 00:00:00;1;13831782;05/09/2026 08:46:52;Tiago;Rodriguez;24427860;04/09/2026 11:10:15;7636;Kevin;Arce;Tiago Rodriguez;Kevin Arce
14162891;05/09/2026 08:46:53;3;2;0001  215085-1;06;CAMIONETA MIE 4;2094552;"SM27    ";"SANCHEZ MARIA L.- DIST. JONTE                     ";AV. GRAL MOSCONI 3449;951611;"21-160         ";"MONOCOMANDO DUO COCINA CROMO DIQUE                                    ";1;1;1;23149014;050926084652861;181828142;;;;12/14/2031 00:00:00;1;13831782;05/09/2026 08:46:52;Tiago;Rodriguez;24427860;04/09/2026 11:10:15;7636;Kevin;Arce;Tiago Rodriguez;Kevin Arce
14162891;05/09/2026 08:46:53;3;2;0001  215085-1;06;CAMIONETA MIE 4;2094552;"SM27    ";"SANCHEZ MARIA L.- DIST. JONTE                     ";AV. GRAL MOSCONI 3449;951568;"203            ";"203 - LAVATORIO CROMO ""DIQUE""";1;1;1;23149014;050926084652861;181836046;;;;01/11/2032 00:00:00;1;13831782;05/09/2026 08:46:52;Tiago;Rodriguez;24427860;04/09/2026 11:10:15;7636;Kevin;Arce;Tiago Rodriguez;Kevin Arce
14162891;05/09/2026 08:46:53;3;2;0001  215085-1;06;CAMIONETA MIE 4;2094552;"SM27    ";"SANCHEZ MARIA L.- DIST. JONTE                     ";AV. GRAL MOSCONI 3449;951553;"20-184         ";"MONOCOMANDO DE COCINA CR SUV                                          ";1;1;1;23149014;050926084652861;181828726;;;;10/04/2031 00:00:00;1;13831782;05/09/2026 08:46:52;Tiago;Rodriguez;24427860;04/09/2026 11:10:15;7636;Kevin;Arce;Tiago Rodriguez;Kevin Arce
14162891;05/09/2026 08:46:53;3;2;0001  215085-1;06;CAMIONETA MIE 4;2094552;"SM27    ";"SANCHEZ MARIA L.- DIST. JONTE                     ";AV. GRAL MOSCONI 3449;951535;"20-160         ";20-160 - MONOCOMANDO MESADA COCINA DIQUE;2;2;2;23149014;050926084652861;181831979;;;;07/28/2031 00:00:00;2;13831782;05/09/2026 08:46:52;Tiago;Rodriguez;24427860;04/09/2026 11:10:15;7636;Kevin;Arce;Tiago Rodriguez;Kevin Arce
14162891;05/09/2026 08:46:53;3;2;0001  215085-1;06;CAMIONETA MIE 4;2094552;"SM27    ";"SANCHEZ MARIA L.- DIST. JONTE                     ";AV. GRAL MOSCONI 3449;951523;"20-134         ";20-134 - MONOCOMANDO COCINA BETIS;2;2;2;23149014;050926084652861;181834971;;;;08/11/2031 00:00:00;2;13831782;05/09/2026 08:46:52;Tiago;Rodriguez;24427860;04/09/2026 11:10:15;7636;Kevin;Arce;Tiago Rodriguez;Kevin Arce
14162891;05/09/2026 08:46:53;3;2;0001  215085-1;06;CAMIONETA MIE 4;2094552;"SM27    ";"SANCHEZ MARIA L.- DIST. JONTE                     ";AV. GRAL MOSCONI 3449;951488;"20-102         ";"20-102 - MONOCOMANDO MESADA CROMO ""RENACER""";2;2;2;23149014;050926084652861;181834724;;;;08/20/2031 00:00:00;2;13831782;05/09/2026 08:46:52;Tiago;Rodriguez;24427860;04/09/2026 11:10:15;7636;Kevin;Arce;Tiago Rodriguez;Kevin Arce
14162891;05/09/2026 08:46:53;3;2;0001  215085-1;06;CAMIONETA MIE 4;2094552;"SM27    ";"SANCHEZ MARIA L.- DIST. JONTE                     ";AV. GRAL MOSCONI 3449;951116;"12006          ";"SET DE 6 PIEZAS LINEA 12000                                           ";1;1;1;23149014;050926084652861;181832292;;;;07/30/2031 00:00:00;1;13831782;05/09/2026 08:46:52;Tiago;Rodriguez;24427860;04/09/2026 11:10:15;7636;Kevin;Arce;Tiago Rodriguez;Kevin Arce
14162892;04/09/2026 10:07:18;3;2;0001  215086-1;06;CAMIONETA MIE 4;2094552;"SM27    ";"SANCHEZ MARIA L.- DIST. JONTE                     ";AV. GRAL MOSCONI 3449;951546;"20-173         ";20-173 - COCINA MESADA MONOC. COLORS ROJO;1;1;1;23143816;040926100717724;181793204;;;;07/28/2031 00:00:00;1;13813860;04/09/2026 10:07:17;Maximiliano;Nievas;24423227;04/09/2026 09:03:54;6867;Javier;Lescano;Maximiliano Nievas;Javier Lescano
14162892;04/09/2026 10:07:18;3;2;0001  215086-1;06;CAMIONETA MIE 4;2094552;"SM27    ";"SANCHEZ MARIA L.- DIST. JONTE                     ";AV. GRAL MOSCONI 3449;951543;"20-170         ";20-170 - COCINA MESADA MONOC. COLORS AZUL;1;1;1;23143816;040926100717724;181793382;;;;07/27/2031 00:00:00;1;13813860;04/09/2026 10:07:17;Maximiliano;Nievas;24423227;04/09/2026 09:03:54;6867;Javier;Lescano;Maximiliano Nievas;Javier Lescano
14162893;05/09/2026 08:48:53;3;2;0001  215087-1;06;CAMIONETA MIE 4;2091122;"AN18    ";"ANSBOR S.R.L.                                     ";AV. ALBERDI 3907;952452;"51-122         ";51-122 - MESADA BIMANDO CR C.CERAM VALENCIA;1;1;1;23149327;050926084852640;181829653;;;;01/17/2032 00:00:00;1;13831826;05/09/2026 08:48:52;Tiago;Rodriguez;24428180;04/09/2026 10:51:02;6867;Javier;Lescano;Tiago Rodriguez;Javier Lescano
14162893;05/09/2026 08:48:53;3;2;0001  215087-1;06;CAMIONETA MIE 4;2091122;"AN18    ";"ANSBOR S.R.L.                                     ";AV. ALBERDI 3907;952453;"51-131         ";51-131 - MESADA BIMANDO CR C.CERAM MALLORCA;1;1;1;23149327;050926084852640;181829547;;;;01/11/2032 00:00:00;1;13831826;05/09/2026 08:48:52;Tiago;Rodriguez;24428180;04/09/2026 10:51:02;6867;Javier;Lescano;Tiago Rodriguez;Javier Lescano
14162893;05/09/2026 08:48:53;3;2;0001  215087-1;06;CAMIONETA MIE 4;2091122;"AN18    ";"ANSBOR S.R.L.                                     ";AV. ALBERDI 3907;952499;"54-203         ";"COCINA PARED EXT C.CERAM ADRA MONOCOMANDO                             ";2;2;2;23149327;050926084852640;181829363;;;;11/23/2031 00:00:00;2;13831826;05/09/2026 08:48:52;Tiago;Rodriguez;24428180;04/09/2026 10:51:02;6867;Javier;Lescano;Tiago Rodriguez;Javier Lescano
14162893;05/09/2026 08:48:53;3;2;0001  215087-1;06;CAMIONETA MIE 4;2091122;"AN18    ";"ANSBOR S.R.L.                                     ";AV. ALBERDI 3907;952634;"60-162         ";60-162 - LAVATORIO CR C.CERAM LINEA ADRA;2;2;2;23149327;050926084852640;181830284;;;;07/29/2031 00:00:00;2;13831826;05/09/2026 08:48:52;Tiago;Rodriguez;24428180;04/09/2026 10:51:02;6867;Javier;Lescano;Tiago Rodriguez;Javier Lescano
14162893;05/09/2026 08:48:53;3;2;0001  215087-1;06;CAMIONETA MIE 4;2091122;"AN18    ";"ANSBOR S.R.L.                                     ";AV. ALBERDI 3907;952677;"60-203         ";60-203 - LAVATORIO MONOCOMANDO BAJO ADRA;2;2;2;23149327;050926084852640;181829778;;;;02/10/2032 00:00:00;2;13831826;05/09/2026 08:48:52;Tiago;Rodriguez;24428180;04/09/2026 10:51:02;6867;Javier;Lescano;Tiago Rodriguez;Javier Lescano
14162893;05/09/2026 08:48:53;3;2;0001  215087-1;06;CAMIONETA MIE 4;2091122;"AN18    ";"ANSBOR S.R.L.                                     ";AV. ALBERDI 3907;952679;"60-205         ";60-205 - LAVATORIO MONOC BAJO STEEL;1;1;1;23149327;050926084852640;181828198;;;;07/27/2031 00:00:00;1;13831826;05/09/2026 08:48:52;Tiago;Rodriguez;24428180;04/09/2026 10:51:02;6867;Javier;Lescano;Tiago Rodriguez;Javier Lescano
14162893;05/09/2026 08:48:53;3;2;0001  215087-1;06;CAMIONETA MIE 4;2091122;"AN18    ";"ANSBOR S.R.L.                                     ";AV. ALBERDI 3907;952912;"70-162         ";70-162 - BIDE CR C.CERAM LINEA ADRA;2;2;2;23149327;050926084852640;181830533;;;;07/29/2031 00:00:00;2;13831826;05/09/2026 08:48:52;Tiago;Rodriguez;24428180;04/09/2026 10:51:02;6867;Javier;Lescano;Tiago Rodriguez;Javier Lescano
14162893;05/09/2026 08:48:53;3;2;0001  215087-1;06;CAMIONETA MIE 4;2091122;"AN18    ";"ANSBOR S.R.L.                                     ";AV. ALBERDI 3907;952956;"70-205         ";70-205 - BIDE MONOCOMANDO STEEL;1;1;1;23149327;050926084852640;181828295;;;;11/08/2031 00:00:00;1;13831826;05/09/2026 08:48:52;Tiago;Rodriguez;24428180;04/09/2026 10:51:02;6867;Javier;Lescano;Tiago Rodriguez;Javier Lescano
14162893;05/09/2026 08:48:53;3;2;0001  215087-1;06;CAMIONETA MIE 4;2091122;"AN18    ";"ANSBOR S.R.L.                                     ";AV. ALBERDI 3907;953109;"80-166         ";"DUCHA EMB. C/TRANSF. CR C.CERAM ADRA PLUS                             ";3;3;3;23149327;050926084852640;181830785;;;;01/18/2032 00:00:00;3;13831826;05/09/2026 08:48:52;Tiago;Rodriguez;24428180;04/09/2026 10:51:02;6867;Javier;Lescano;Tiago Rodriguez;Javier Lescano
14162893;05/09/2026 08:48:53;3;2;0001  215087-1;06;CAMIONETA MIE 4;2091122;"AN18    ";"ANSBOR S.R.L.                                     ";AV. ALBERDI 3907;953317;"83-176N        ";83-176N - DUCHA EXT. C/TRANSF. MONOC BLACK RIO;1;1;1;23149327;050926084852640;181829034;;;;07/29/2031 00:00:00;1;13831826;05/09/2026 08:48:52;Tiago;Rodriguez;24428180;04/09/2026 10:51:02;6867;Javier;Lescano;Tiago Rodriguez;Javier Lescano
14162893;05/09/2026 08:48:53;3;2;0001  215087-1;06;CAMIONETA MIE 4;2091122;"AN18    ";"ANSBOR S.R.L.                                     ";AV. ALBERDI 3907;953325;"835/C          ";835/C - JGO.MDA.P.FUND. CR C.CERAM. MURCIA;2;2;2;23149327;050926084852640;181829976;;;;11/24/2031 00:00:00;2;13831826;05/09/2026 08:48:52;Tiago;Rodriguez;24428180;04/09/2026 10:51:02;6867;Javier;Lescano;Tiago Rodriguez;Javier Lescano
14162893;05/09/2026 08:48:53;3;2;0001  215087-1;06;CAMIONETA MIE 4;2091122;"AN18    ";"ANSBOR S.R.L.                                     ";AV. ALBERDI 3907;953334;"84-203         ";"DUCHA EXT C/COLUMNA Y TRANSF CR ADRA                                  ";1;1;1;23149327;050926084852640;181828793;;;;12/02/2031 00:00:00;1;13831826;05/09/2026 08:48:52;Tiago;Rodriguez;24428180;04/09/2026 10:51:02;6867;Javier;Lescano;Tiago Rodriguez;Javier Lescano
14162893;05/09/2026 08:48:53;3;2;0001  215087-1;06;CAMIONETA MIE 4;2091122;"AN18    ";"ANSBOR S.R.L.                                     ";AV. ALBERDI 3907;955159;"D439           ";D439 - KIT DE DUCHA MANUAL;1;1;1;23149327;050926084852640;181830105;;;;12/16/2031 00:00:00;1;13831826;05/09/2026 08:48:52;Tiago;Rodriguez;24428180;04/09/2026 10:51:02;6867;Javier;Lescano;Tiago Rodriguez;Javier Lescano
14162894;04/09/2026 09:31:54;3;2;0001  215090-1;06;CAMIONETA MIE 4;2094976;"VL05    ";"VENTURA LEANDRO ARIEL                             ";AV LA PLATA 213;957553;"RA1193         ";RA1193 - AIREADOR MONOC VERA COLORS M24x1;1;1;1;23144389;040926093152842;181797702;;;;08/18/2031 00:00:00;1;13812965;04/09/2026 09:31:52;Gustavo;Soderquvist;24423768;04/09/2026 09:12:24;6867;Javier;Lescano;Gustavo Soderquvist;Javier Lescano
14162894;04/09/2026 09:31:54;3;2;0001  215090-1;06;CAMIONETA MIE 4;2094976;"VL05    ";"VENTURA LEANDRO ARIEL                             ";AV LA PLATA 213;957409;"RA023N         ";RA023N - SOPAPA LAVATORIO / BIDE FABRIC BLACK;10;10;10;23144389;040926093152842;181797071;;;;12/20/2031 00:00:00;10;13812965;04/09/2026 09:31:52;Gustavo;Soderquvist;24423768;04/09/2026 09:12:24;6867;Javier;Lescano;Gustavo Soderquvist;Javier Lescano
14162895;04/09/2026 10:04:43;3;2;0001  215137-1;06;CAMIONETA MIE 4;2093713;"NS03    ";"NESGAMET S.A.                                     ";SOR JUANA DE LA CRUZ 1462;951553;"20-184         ";"MONOCOMANDO DE COCINA CR SUV                                          ";3;3;3;23143817;040926100443736;181792329;;;;10/04/2031 00:00:00;3;13813799;04/09/2026 10:04:43;Maximiliano;Nievas;24423227;04/09/2026 09:03:54;6867;Javier;Lescano;Maximiliano Nievas;Javier Lescano
14162895;04/09/2026 10:04:43;3;2;0001  215137-1;06;CAMIONETA MIE 4;2093713;"NS03    ";"NESGAMET S.A.                                     ";SOR JUANA DE LA CRUZ 1462;951523;"20-134         ";20-134 - MONOCOMANDO COCINA BETIS;3;3;3;23143817;040926100443736;181795220;;;;08/11/2031 00:00:00;3;13813799;04/09/2026 10:04:43;Maximiliano;Nievas;24423227;04/09/2026 09:03:54;6867;Javier;Lescano;Maximiliano Nievas;Javier Lescano
14162896;04/09/2026 09:52:35;3;2;0001  215047-1;06;CAMIONETA MIE 4;2093704;"NO09    ";"NOCITO S.A.                                       ";ALVAREZ JONTE 3944;951318;"18040          ";18040 - PORTA ROLLO NIQUEL LINEA BEAT;30;30;30;23143818;040926095235189;181794386;;;;07/28/2031 00:00:00;30;13813414;04/09/2026 09:52:35;Gustavo;Soderquvist;24423227;04/09/2026 09:03:54;6867;Javier;Lescano;Gustavo Soderquvist;Javier Lescano
14162896;04/09/2026 09:52:35;3;2;0001  215047-1;06;CAMIONETA MIE 4;2093704;"NO09    ";"NOCITO S.A.                                       ";ALVAREZ JONTE 3944;951314;"18020          ";18020 - TOALLERO DE ARO NIQUEL LINEA BEAT;30;30;30;23143818;040926095235189;181793809;;;;07/29/2031 00:00:00;30;13813414;04/09/2026 09:52:35;Gustavo;Soderquvist;24423227;04/09/2026 09:03:54;6867;Javier;Lescano;Gustavo Soderquvist;Javier Lescano
14162897;05/09/2026 09:51:00;3;2;0001  215063-1;06;CAMIONETA MIE 4;2093713;"NS03    ";"NESGAMET S.A.                                     ";SOR JUANA DE LA CRUZ 1462;951301;"17030N         ";17030N - PERCHA LINEA FABRIC BLACK;2;2;2;23149853;050926095100505;181834523;;;;07/28/2031 00:00:00;2;13832630;05/09/2026 09:51:00;Maximiliano;Nievas;24428846;04/09/2026 11:04:32;7152;Mirko;Hernandez;Maximiliano Nievas;Mirko Hernandez
14162897;05/09/2026 09:51:00;3;2;0001  215063-1;06;CAMIONETA MIE 4;2093713;"NS03    ";"NESGAMET S.A.                                     ";SOR JUANA DE LA CRUZ 1462;951304;"17040N         ";17040N - PORTA ROLLO LINEA FABRIC BLACK;1;1;1;23149853;050926095100505;181834733;;;;07/29/2031 00:00:00;1;13832630;05/09/2026 09:51:00;Maximiliano;Nievas;24428846;04/09/2026 11:04:32;7152;Mirko;Hernandez;Maximiliano Nievas;Mirko Hernandez
14162897;05/09/2026 09:51:00;3;2;0001  215063-1;06;CAMIONETA MIE 4;2093713;"NS03    ";"NESGAMET S.A.                                     ";SOR JUANA DE LA CRUZ 1462;951545;"20-172         ";20-172 - COCINA MESADA MONOC. COLORS NEGRO;1;1;1;23149853;050926095100505;181836014;;;;07/28/2031 00:00:00;1;13832630;05/09/2026 09:51:00;Maximiliano;Nievas;24428846;04/09/2026 11:04:32;7152;Mirko;Hernandez;Maximiliano Nievas;Mirko Hernandez
14162897;05/09/2026 09:51:00;3;2;0001  215063-1;06;CAMIONETA MIE 4;2093713;"NS03    ";"NESGAMET S.A.                                     ";SOR JUANA DE LA CRUZ 1462;952438;"51-058         ";51-058 - COCINA MESADA CR C.STD MALBA;6;6;6;23149853;050926095100505;181833259;;;;10/19/2031 00:00:00;6;13832630;05/09/2026 09:51:00;Maximiliano;Nievas;24428846;04/09/2026 11:04:32;7152;Mirko;Hernandez;Maximiliano Nievas;Mirko Hernandez
14162897;05/09/2026 09:51:00;3;2;0001  215063-1;06;CAMIONETA MIE 4;2093713;"NS03    ";"NESGAMET S.A.                                     ";SOR JUANA DE LA CRUZ 1462;952638;"60-168N        ";60-168N - LAVATORIO MONOC BAJO BLACK WAVE;1;1;1;23149853;050926095100505;181835867;;;;07/27/2031 00:00:00;1;13832630;05/09/2026 09:51:00;Maximiliano;Nievas;24428846;04/09/2026 11:04:32;7152;Mirko;Hernandez;Maximiliano Nievas;Mirko Hernandez
14162897;05/09/2026 09:51:00;3;2;0001  215063-1;06;CAMIONETA MIE 4;2093713;"NS03    ";"NESGAMET S.A.                                     ";SOR JUANA DE LA CRUZ 1462;953154;"80-200N        ";80-200N - DUCHA EMB. MONOC. 3 FUNCIONES BLACK FABRIC;1;1;1;23149853;050926095100505;181835433;;;;01/04/2032 00:00:00;1;13832630;05/09/2026 09:51:00;Maximiliano;Nievas;24428846;04/09/2026 11:04:32;7152;Mirko;Hernandez;Maximiliano Nievas;Mirko Hernandez
14162897;05/09/2026 09:51:00;3;2;0001  215063-1;06;CAMIONETA MIE 4;2093713;"NS03    ";"NESGAMET S.A.                                     ";SOR JUANA DE LA CRUZ 1462;954914;"BCH12          ";BCH12 - BACHA DE APOYAR BLANCA 460x320x140;1;1;1;23149853;050926095100505;181834277;;;;11/10/2031 00:00:00;1;13832630;05/09/2026 09:51:00;Maximiliano;Nievas;24428846;04/09/2026 11:04:32;7152;Mirko;Hernandez;Maximiliano Nievas;Mirko Hernandez
14162959;04/09/2026 09:19:35;3;2;0001  214914-1;05;CAMIONETA MIE 3;2092349;"ES13    ";"EDEN SANITARIOS S.R.L.                            ";JUAN M. DE ROSAS 9586;951102;"11040          ";"PORTA ROLLO LINEA 11000                                               ";70;70;70;23143606;040926091935078;181791090;;;;07/27/2031 00:00:00;70;13812468;04/09/2026 09:19:35;Gustavo;Soderquvist;24423084;04/09/2026 09:00:11;7636;Kevin;Arce;Gustavo Soderquvist;Kevin Arce
14162959;04/09/2026 09:19:35;3;2;0001  214914-1;05;CAMIONETA MIE 3;2092349;"ES13    ";"EDEN SANITARIOS S.R.L.                            ";JUAN M. DE ROSAS 9586;952647;"60-176         ";"LAVATORIO MONOCOMANDO BAJO CR RIO                                     ";5;5;5;23143606;040926091935078;181792601;;;;10/11/2031 00:00:00;5;13812468;04/09/2026 09:19:35;Gustavo;Soderquvist;24423084;04/09/2026 09:00:11;7636;Kevin;Arce;Gustavo Soderquvist;Kevin Arce
14162959;04/09/2026 09:19:35;3;2;0001  214914-1;05;CAMIONETA MIE 3;2092349;"ES13    ";"EDEN SANITARIOS S.R.L.                            ";JUAN M. DE ROSAS 9586;952712;"61-176         ";61-176 - LAVATORIO MONOC ALTO CR RIO;3;3;3;23143606;040926091935078;181793137;;;;10/09/2031 00:00:00;3;13812468;04/09/2026 09:19:35;Gustavo;Soderquvist;24423084;04/09/2026 09:00:11;7636;Kevin;Arce;Gustavo Soderquvist;Kevin Arce
14162959;04/09/2026 09:19:35;3;2;0001  214914-1;05;CAMIONETA MIE 3;2092349;"ES13    ";"EDEN SANITARIOS S.R.L.                            ";JUAN M. DE ROSAS 9586;951101;"11030          ";"PERCHA LINEA 11000                                                    ";140;140;140;23143606;040926091935078;181791512;;;;07/29/2031 00:00:00;140;13812468;04/09/2026 09:19:35;Gustavo;Soderquvist;24423084;04/09/2026 09:00:11;7636;Kevin;Arce;Gustavo Soderquvist;Kevin Arce
14162960;04/09/2026 12:20:19;3;2;0001  214956-1;05;CAMIONETA MIE 3;2093731;"OD04    ";"ORTIZ DARIO A.- CERAMITODO                        ";SENGUEL 6447;955159;"D439           ";D439 - KIT DE DUCHA MANUAL;2;2;2;23142933;040926122017759;181788940;;;;12/16/2031 00:00:00;2;13817905;04/09/2026 12:20:17;Maximiliano;Nievas;24422446;04/09/2026 08:47:25;6867;Javier;Lescano;Maximiliano Nievas;Javier Lescano
14162960;04/09/2026 12:20:19;3;2;0001  214956-1;05;CAMIONETA MIE 3;2093731;"OD04    ";"ORTIZ DARIO A.- CERAMITODO                        ";SENGUEL 6447;953491;"943            ";"943 - J.COCINA PARED EMB. CR ""DIQUE""";2;2;2;23142933;040926122017759;181788030;;;;07/31/2031 00:00:00;2;13817905;04/09/2026 12:20:17;Maximiliano;Nievas;24422446;04/09/2026 08:47:25;6867;Javier;Lescano;Maximiliano Nievas;Javier Lescano
14162960;04/09/2026 12:20:19;3;2;0001  214956-1;05;CAMIONETA MIE 3;2093731;"OD04    ";"ORTIZ DARIO A.- CERAMITODO                        ";SENGUEL 6447;953334;"84-203         ";"DUCHA EXT C/COLUMNA Y TRANSF CR ADRA                                  ";5;5;5;23142933;040926122017759;181787045;;;;12/02/2031 00:00:00;5;13817905;04/09/2026 12:20:17;Maximiliano;Nievas;24422446;04/09/2026 08:47:25;6867;Javier;Lescano;Maximiliano Nievas;Javier Lescano
14162960;04/09/2026 12:20:19;3;2;0001  214956-1;05;CAMIONETA MIE 3;2093731;"OD04    ";"ORTIZ DARIO A.- CERAMITODO                        ";SENGUEL 6447;953331;"84-190         ";84-190 - DUCHA EXTERIOR CON COLUMNA BLACK VELVET;2;2;2;23142933;040926122017759;181786013;;;;10/06/2031 00:00:00;2;13817905;04/09/2026 12:20:17;Maximiliano;Nievas;24422446;04/09/2026 08:47:25;6867;Javier;Lescano;Maximiliano Nievas;Javier Lescano
14162960;04/09/2026 12:20:19;3;2;0001  214956-1;05;CAMIONETA MIE 3;2093731;"OD04    ";"ORTIZ DARIO A.- CERAMITODO                        ";SENGUEL 6447;953109;"80-166         ";"DUCHA EMB. C/TRANSF. CR C.CERAM ADRA PLUS                             ";3;3;3;23142933;040926122017759;181790408;;;;01/18/2032 00:00:00;3;13817905;04/09/2026 12:20:17;Maximiliano;Nievas;24422446;04/09/2026 08:47:25;6867;Javier;Lescano;Maximiliano Nievas;Javier Lescano
14162960;04/09/2026 12:20:19;3;2;0001  214956-1;05;CAMIONETA MIE 3;2093731;"OD04    ";"ORTIZ DARIO A.- CERAMITODO                        ";SENGUEL 6447;953107;"80-162         ";80-162 - DUCHA EMB. C/TRANSF. CR C.CERAM ADRA;1;1;1;23142933;040926122017759;181790254;;;;07/29/2031 00:00:00;1;13817905;04/09/2026 12:20:17;Maximiliano;Nievas;24422446;04/09/2026 08:47:25;6867;Javier;Lescano;Maximiliano Nievas;Javier Lescano
14162960;04/09/2026 12:20:19;3;2;0001  214956-1;05;CAMIONETA MIE 3;2093731;"OD04    ";"ORTIZ DARIO A.- CERAMITODO                        ";SENGUEL 6447;953090;"80-136         ";80-136 - DUCHA EMB. C/TRANSF. CR C.C. MARBELLA PLUS;2;2;2;23142933;040926122017759;181789925;;;;10/29/2031 00:00:00;2;13817905;04/09/2026 12:20:17;Maximiliano;Nievas;24422446;04/09/2026 08:47:25;6867;Javier;Lescano;Maximiliano Nievas;Javier Lescano
14162960;04/09/2026 12:20:19;3;2;0001  214956-1;05;CAMIONETA MIE 3;2093731;"OD04    ";"ORTIZ DARIO A.- CERAMITODO                        ";SENGUEL 6447;952936;"70-190         ";70-190 - BIDE C.CERAM BLACK VELVET;2;2;2;23142933;040926122017759;181788551;;;;11/08/2031 00:00:00;2;13817905;04/09/2026 12:20:17;Maximiliano;Nievas;24422446;04/09/2026 08:47:25;6867;Javier;Lescano;Maximiliano Nievas;Javier Lescano
14162960;04/09/2026 12:20:19;3;2;0001  214956-1;05;CAMIONETA MIE 3;2093731;"OD04    ";"ORTIZ DARIO A.- CERAMITODO                        ";SENGUEL 6447;952886;"70-121         ";70-121 - BIDE C.CERAM CR MARBELLA;2;2;2;23142933;040926122017759;181787827;;;;01/17/2032 00:00:00;2;13817905;04/09/2026 12:20:17;Maximiliano;Nievas;24422446;04/09/2026 08:47:25;6867;Javier;Lescano;Maximiliano Nievas;Javier Lescano
14162960;04/09/2026 12:20:19;3;2;0001  214956-1;05;CAMIONETA MIE 3;2093731;"OD04    ";"ORTIZ DARIO A.- CERAMITODO                        ";SENGUEL 6447;952863;"70-059         ";70-059 - BIDE BL/CR C.STD MALBA;2;2;2;23142933;040926122017759;181789258;;;;08/23/2031 00:00:00;2;13817905;04/09/2026 12:20:17;Maximiliano;Nievas;24422446;04/09/2026 08:47:25;6867;Javier;Lescano;Maximiliano Nievas;Javier Lescano
14162960;04/09/2026 12:20:19;3;2;0001  214956-1;05;CAMIONETA MIE 3;2093731;"OD04    ";"ORTIZ DARIO A.- CERAMITODO                        ";SENGUEL 6447;952727;"61-203N        ";"LAVATORIO MONOCOMANDO ALTO ADRA BLACK                                 ";1;1;1;23142933;040926122017759;181788315;;;;01/06/2032 00:00:00;1;13817905;04/09/2026 12:20:17;Maximiliano;Nievas;24422446;04/09/2026 08:47:25;6867;Javier;Lescano;Maximiliano Nievas;Javier Lescano
14162960;04/09/2026 12:20:19;3;2;0001  214956-1;05;CAMIONETA MIE 3;2093731;"OD04    ";"ORTIZ DARIO A.- CERAMITODO                        ";SENGUEL 6447;952712;"61-176         ";61-176 - LAVATORIO MONOC ALTO CR RIO;2;2;2;23142933;040926122017759;181786618;;;;10/09/2031 00:00:00;2;13817905;04/09/2026 12:20:17;Maximiliano;Nievas;24422446;04/09/2026 08:47:25;6867;Javier;Lescano;Maximiliano Nievas;Javier Lescano
14162960;04/09/2026 12:20:19;3;2;0001  214956-1;05;CAMIONETA MIE 3;2093731;"OD04    ";"ORTIZ DARIO A.- CERAMITODO                        ";SENGUEL 6447;952648;"60-176N        ";"LAVATORIO MONOCOMANDO BAJO BLACK RIO                                  ";2;2;2;23142933;040926122017759;181786529;;;;07/29/2031 00:00:00;2;13817905;04/09/2026 12:20:17;Maximiliano;Nievas;24422446;04/09/2026 08:47:25;6867;Javier;Lescano;Maximiliano Nievas;Javier Lescano
14162960;04/09/2026 12:20:19;3;2;0001  214956-1;05;CAMIONETA MIE 3;2093731;"OD04    ";"ORTIZ DARIO A.- CERAMITODO                        ";SENGUEL 6447;952637;"60-168         ";60-168 - LAVATORIO MONOC BAJO CR WAVE;2;2;2;23142933;040926122017759;181785829;;;;07/27/2031 00:00:00;2;13817905;04/09/2026 12:20:17;Maximiliano;Nievas;24422446;04/09/2026 08:47:25;6867;Javier;Lescano;Maximiliano Nievas;Javier Lescano
14162960;04/09/2026 12:20:19;3;2;0001  214956-1;05;CAMIONETA MIE 3;2093731;"OD04    ";"ORTIZ DARIO A.- CERAMITODO                        ";SENGUEL 6447;952608;"60-121         ";60-121 - LAVATORIO C.CERAM CR MARBELLA;2;2;2;23142933;040926122017759;181787725;;;;01/25/2032 00:00:00;2;13817905;04/09/2026 12:20:17;Maximiliano;Nievas;24422446;04/09/2026 08:47:25;6867;Javier;Lescano;Maximiliano Nievas;Javier Lescano
14162960;04/09/2026 12:20:19;3;2;0001  214956-1;05;CAMIONETA MIE 3;2093731;"OD04    ";"ORTIZ DARIO A.- CERAMITODO                        ";SENGUEL 6447;952584;"60-059         ";60-059 - LAVATORIO BL/CR C.STD MALBA;2;2;2;23142933;040926122017759;181789376;;;;09/21/2031 00:00:00;2;13817905;04/09/2026 12:20:17;Maximiliano;Nievas;24422446;04/09/2026 08:47:25;6867;Javier;Lescano;Maximiliano Nievas;Javier Lescano
14162960;04/09/2026 12:20:19;3;2;0001  214956-1;05;CAMIONETA MIE 3;2093731;"OD04    ";"ORTIZ DARIO A.- CERAMITODO                        ";SENGUEL 6447;952583;"60-058         ";60-058 - LAVATORIO CR C.STD MALBA;2;2;2;23142933;040926122017759;181789149;;;;12/03/2031 00:00:00;2;13817905;04/09/2026 12:20:17;Maximiliano;Nievas;24422446;04/09/2026 08:47:25;6867;Javier;Lescano;Maximiliano Nievas;Javier Lescano
14162960;04/09/2026 12:20:19;3;2;0001  214956-1;05;CAMIONETA MIE 3;2093731;"OD04    ";"ORTIZ DARIO A.- CERAMITODO                        ";SENGUEL 6447;952471;"53-002         ";53-002 - COCINA PARED EXT. P.ALTO RENACER;2;2;2;23142933;040926122017759;181789528;;;;07/29/2031 00:00:00;2;13817905;04/09/2026 12:20:17;Maximiliano;Nievas;24422446;04/09/2026 08:47:25;6867;Javier;Lescano;Maximiliano Nievas;Javier Lescano
14162960;04/09/2026 12:20:19;3;2;0001  214956-1;05;CAMIONETA MIE 3;2093731;"OD04    ";"ORTIZ DARIO A.- CERAMITODO                        ";SENGUEL 6447;952456;"51-190         ";51-190 - MESADA BIMANDO C.CERAM BLACK VELVET;2;2;2;23142933;040926122017759;181788694;;;;10/13/2031 00:00:00;2;13817905;04/09/2026 12:20:17;Maximiliano;Nievas;24422446;04/09/2026 08:47:25;6867;Javier;Lescano;Maximiliano Nievas;Javier Lescano
14162960;04/09/2026 12:20:19;3;2;0001  214956-1;05;CAMIONETA MIE 3;2093731;"OD04    ";"ORTIZ DARIO A.- CERAMITODO                        ";SENGUEL 6447;952439;"51-059         ";51-059 - COCINA MESADA BL/CR C.STD MALBA;3;3;3;23142933;040926122017759;181789013;;;;12/13/2031 00:00:00;3;13817905;04/09/2026 12:20:17;Maximiliano;Nievas;24422446;04/09/2026 08:47:25;6867;Javier;Lescano;Maximiliano Nievas;Javier Lescano
14162960;04/09/2026 12:20:19;3;2;0001  214956-1;05;CAMIONETA MIE 3;2093731;"OD04    ";"ORTIZ DARIO A.- CERAMITODO                        ";SENGUEL 6447;952438;"51-058         ";51-058 - COCINA MESADA CR C.STD MALBA;3;3;3;23142933;040926122017759;181790136;;;;10/19/2031 00:00:00;3;13817905;04/09/2026 12:20:17;Maximiliano;Nievas;24422446;04/09/2026 08:47:25;6867;Javier;Lescano;Maximiliano Nievas;Javier Lescano
14162960;04/09/2026 12:20:19;3;2;0001  214956-1;05;CAMIONETA MIE 3;2093731;"OD04    ";"ORTIZ DARIO A.- CERAMITODO                        ";SENGUEL 6447;951554;"20-190         ";20-190 - COCINA MESADA MONOC BLACK VELVET;1;1;1;23142933;040926122017759;181787220;;;;07/28/2031 00:00:00;1;13817905;04/09/2026 12:20:17;Maximiliano;Nievas;24422446;04/09/2026 08:47:25;6867;Javier;Lescano;Maximiliano Nievas;Javier Lescano
14162960;04/09/2026 12:20:19;3;2;0001  214956-1;05;CAMIONETA MIE 3;2093731;"OD04    ";"ORTIZ DARIO A.- CERAMITODO                        ";SENGUEL 6447;951553;"20-184         ";"MONOCOMANDO DE COCINA CR SUV                                          ";10;10;10;23142933;040926122017759;181785726;;;;10/04/2031 00:00:00;10;13817905;04/09/2026 12:20:17;Maximiliano;Nievas;24422446;04/09/2026 08:47:25;6867;Javier;Lescano;Maximiliano Nievas;Javier Lescano
14162960;04/09/2026 12:20:19;3;2;0001  214956-1;05;CAMIONETA MIE 3;2093731;"OD04    ";"ORTIZ DARIO A.- CERAMITODO                        ";SENGUEL 6447;951535;"20-160         ";20-160 - MONOCOMANDO MESADA COCINA DIQUE;8;8;8;23142933;040926122017759;181787599;;;;07/28/2031 00:00:00;8;13817905;04/09/2026 12:20:17;Maximiliano;Nievas;24422446;04/09/2026 08:47:25;6867;Javier;Lescano;Maximiliano Nievas;Javier Lescano
14162960;04/09/2026 12:20:19;3;2;0001  214956-1;05;CAMIONETA MIE 3;2093731;"OD04    ";"ORTIZ DARIO A.- CERAMITODO                        ";SENGUEL 6447;951530;"20-146         ";20-146 - MONOCOMANDO DE COCINA CR LINEA MOVE;5;5;5;23142933;040926122017759;181787515;;;;10/09/2031 00:00:00;5;13817905;04/09/2026 12:20:17;Maximiliano;Nievas;24422446;04/09/2026 08:47:25;6867;Javier;Lescano;Maximiliano Nievas;Javier Lescano
14162960;04/09/2026 12:20:19;3;2;0001  214956-1;05;CAMIONETA MIE 3;2093731;"OD04    ";"ORTIZ DARIO A.- CERAMITODO                        ";SENGUEL 6447;951512;"20-122         ";"MONOCOMANDO COCINA CR C/PICO EXTRAIBLE VALENCIA                       ";6;6;6;23142933;040926122017759;181786800;;;;08/06/2031 00:00:00;6;13817905;04/09/2026 12:20:17;Maximiliano;Nievas;24422446;04/09/2026 08:47:25;6867;Javier;Lescano;Maximiliano Nievas;Javier Lescano
14162961;05/09/2026 07:05:31;3;2;0008    2886-1;05;CAMIONETA MIE 3;2093731;"OD04    ";"ORTIZ DARIO A.- CERAMITODO                        ";SENGUEL 6447;955159;"D439           ";D439 - KIT DE DUCHA MANUAL;7;7;7;23142332;050926070531069;181787293;;;;12/16/2031 00:00:00;7;13830478;05/09/2026 07:05:31;Maximiliano;Nievas;24421820;04/09/2026 09:10:08;6922;Franco;Potenza;Maximiliano Nievas;Franco Potenza
14162961;05/09/2026 07:05:31;3;2;0008    2886-1;05;CAMIONETA MIE 3;2093731;"OD04    ";"ORTIZ DARIO A.- CERAMITODO                        ";SENGUEL 6447;953491;"943            ";"943 - J.COCINA PARED EMB. CR ""DIQUE""";7;7;7;23142332;050926070531069;181792532;;;;07/31/2031 00:00:00;7;13830478;05/09/2026 07:05:31;Maximiliano;Nievas;24421820;04/09/2026 09:10:08;6922;Franco;Potenza;Maximiliano Nievas;Franco Potenza
14162961;05/09/2026 07:05:31;3;2;0008    2886-1;05;CAMIONETA MIE 3;2093731;"OD04    ";"ORTIZ DARIO A.- CERAMITODO                        ";SENGUEL 6447;953334;"84-203         ";"DUCHA EXT C/COLUMNA Y TRANSF CR ADRA                                  ";10;10;10;23142332;050926070531069;181794896;;;;12/02/2031 00:00:00;10;13830478;05/09/2026 07:05:31;Maximiliano;Nievas;24421820;04/09/2026 09:10:08;6922;Franco;Potenza;Maximiliano Nievas;Franco Potenza
14162961;05/09/2026 07:05:31;3;2;0008    2886-1;05;CAMIONETA MIE 3;2093731;"OD04    ";"ORTIZ DARIO A.- CERAMITODO                        ";SENGUEL 6447;953331;"84-190         ";84-190 - DUCHA EXTERIOR CON COLUMNA BLACK VELVET;7;7;7;23142332;050926070531069;181796908;;;;10/06/2031 00:00:00;7;13830478;05/09/2026 07:05:31;Maximiliano;Nievas;24421820;04/09/2026 09:10:08;6922;Franco;Potenza;Maximiliano Nievas;Franco Potenza
14162961;05/09/2026 07:05:31;3;2;0008    2886-1;05;CAMIONETA MIE 3;2093731;"OD04    ";"ORTIZ DARIO A.- CERAMITODO                        ";SENGUEL 6447;953109;"80-166         ";"DUCHA EMB. C/TRANSF. CR C.CERAM ADRA PLUS                             ";9;9;9;23142332;050926070531069;181781444;;;;01/18/2032 00:00:00;9;13830478;05/09/2026 07:05:31;Maximiliano;Nievas;24421820;04/09/2026 09:10:08;6922;Franco;Potenza;Maximiliano Nievas;Franco Potenza
14162961;05/09/2026 07:05:31;3;2;0008    2886-1;05;CAMIONETA MIE 3;2093731;"OD04    ";"ORTIZ DARIO A.- CERAMITODO                        ";SENGUEL 6447;953107;"80-162         ";80-162 - DUCHA EMB. C/TRANSF. CR C.CERAM ADRA;2;2;2;23142332;050926070531069;181781330;;;;07/29/2031 00:00:00;2;13830478;05/09/2026 07:05:31;Maximiliano;Nievas;24421820;04/09/2026 09:10:08;6922;Franco;Potenza;Maximiliano Nievas;Franco Potenza
14162961;05/09/2026 07:05:31;3;2;0008    2886-1;05;CAMIONETA MIE 3;2093731;"OD04    ";"ORTIZ DARIO A.- CERAMITODO                        ";SENGUEL 6447;953090;"80-136         ";80-136 - DUCHA EMB. C/TRANSF. CR C.C. MARBELLA PLUS;4;4;4;23142332;050926070531069;181783009;;;;10/29/2031 00:00:00;4;13830478;05/09/2026 07:05:31;Maximiliano;Nievas;24421820;04/09/2026 09:10:08;6922;Franco;Potenza;Maximiliano Nievas;Franco Potenza
14162961;05/09/2026 07:05:31;3;2;0008    2886-1;05;CAMIONETA MIE 3;2093731;"OD04    ";"ORTIZ DARIO A.- CERAMITODO                        ";SENGUEL 6447;952936;"70-190         ";70-190 - BIDE C.CERAM BLACK VELVET;7;7;7;23142332;050926070531069;181788137;;;;11/08/2031 00:00:00;7;13830478;05/09/2026 07:05:31;Maximiliano;Nievas;24421820;04/09/2026 09:10:08;6922;Franco;Potenza;Maximiliano Nievas;Franco Potenza
14162961;05/09/2026 07:05:31;3;2;0008    2886-1;05;CAMIONETA MIE 3;2093731;"OD04    ";"ORTIZ DARIO A.- CERAMITODO                        ";SENGUEL 6447;952886;"70-121         ";70-121 - BIDE C.CERAM CR MARBELLA;4;4;4;23142332;050926070531069;181790808;;;;01/17/2032 00:00:00;4;13830478;05/09/2026 07:05:31;Maximiliano;Nievas;24421820;04/09/2026 09:10:08;6922;Franco;Potenza;Maximiliano Nievas;Franco Potenza
14162961;05/09/2026 07:05:31;3;2;0008    2886-1;05;CAMIONETA MIE 3;2093731;"OD04    ";"ORTIZ DARIO A.- CERAMITODO                        ";SENGUEL 6447;952863;"70-059         ";70-059 - BIDE BL/CR C.STD MALBA;7;7;7;23142332;050926070531069;181785573;;;;08/23/2031 00:00:00;7;13830478;05/09/2026 07:05:31;Maximiliano;Nievas;24421820;04/09/2026 09:10:08;6922;Franco;Potenza;Maximiliano Nievas;Franco Potenza
14162961;05/09/2026 07:05:31;3;2;0008    2886-1;05;CAMIONETA MIE 3;2093731;"OD04    ";"ORTIZ DARIO A.- CERAMITODO                        ";SENGUEL 6447;952727;"61-203N        ";"LAVATORIO MONOCOMANDO ALTO ADRA BLACK                                 ";2;2;2;23142332;050926070531069;181788338;;;;01/06/2032 00:00:00;2;13830478;05/09/2026 07:05:31;Maximiliano;Nievas;24421820;04/09/2026 09:10:08;6922;Franco;Potenza;Maximiliano Nievas;Franco Potenza
14162961;05/09/2026 07:05:31;3;2;0008    2886-1;05;CAMIONETA MIE 3;2093731;"OD04    ";"ORTIZ DARIO A.- CERAMITODO                        ";SENGUEL 6447;952712;"61-176         ";61-176 - LAVATORIO MONOC ALTO CR RIO;7;7;7;23142332;050926070531069;181793127;;;;10/09/2031 00:00:00;7;13830478;05/09/2026 07:05:31;Maximiliano;Nievas;24421820;04/09/2026 09:10:08;6922;Franco;Potenza;Maximiliano Nievas;Franco Potenza
14162961;05/09/2026 07:05:31;3;2;0008    2886-1;05;CAMIONETA MIE 3;2093731;"OD04    ";"ORTIZ DARIO A.- CERAMITODO                        ";SENGUEL 6447;952648;"60-176N        ";"LAVATORIO MONOCOMANDO BAJO BLACK RIO                                  ";7;7;7;23142332;050926070531069;181793505;;;;07/29/2031 00:00:00;7;13830478;05/09/2026 07:05:31;Maximiliano;Nievas;24421820;04/09/2026 09:10:08;6922;Franco;Potenza;Maximiliano Nievas;Franco Potenza
14162961;05/09/2026 07:05:31;3;2;0008    2886-1;05;CAMIONETA MIE 3;2093731;"OD04    ";"ORTIZ DARIO A.- CERAMITODO                        ";SENGUEL 6447;952637;"60-168         ";60-168 - LAVATORIO MONOC BAJO CR WAVE;4;4;4;23142332;050926070531069;181795211;;;;07/27/2031 00:00:00;4;13830478;05/09/2026 07:05:31;Maximiliano;Nievas;24421820;04/09/2026 09:10:08;6922;Franco;Potenza;Maximiliano Nievas;Franco Potenza
14162961;05/09/2026 07:05:31;3;2;0008    2886-1;05;CAMIONETA MIE 3;2093731;"OD04    ";"ORTIZ DARIO A.- CERAMITODO                        ";SENGUEL 6447;952608;"60-121         ";60-121 - LAVATORIO C.CERAM CR MARBELLA;4;4;4;23142332;050926070531069;181791963;;;;01/25/2032 00:00:00;4;13830478;05/09/2026 07:05:31;Maximiliano;Nievas;24421820;04/09/2026 09:10:08;6922;Franco;Potenza;Maximiliano Nievas;Franco Potenza
14162961;05/09/2026 07:05:31;3;2;0008    2886-1;05;CAMIONETA MIE 3;2093731;"OD04    ";"ORTIZ DARIO A.- CERAMITODO                        ";SENGUEL 6447;952584;"60-059         ";60-059 - LAVATORIO BL/CR C.STD MALBA;7;7;7;23142332;050926070531069;181785801;;;;09/21/2031 00:00:00;7;13830478;05/09/2026 07:05:31;Maximiliano;Nievas;24421820;04/09/2026 09:10:08;6922;Franco;Potenza;Maximiliano Nievas;Franco Potenza
14162961;05/09/2026 07:05:31;3;2;0008    2886-1;05;CAMIONETA MIE 3;2093731;"OD04    ";"ORTIZ DARIO A.- CERAMITODO                        ";SENGUEL 6447;952583;"60-058         ";60-058 - LAVATORIO CR C.STD MALBA;7;7;7;23142332;050926070531069;181786562;;;;12/03/2031 00:00:00;7;13830478;05/09/2026 07:05:31;Maximiliano;Nievas;24421820;04/09/2026 09:10:08;6922;Franco;Potenza;Maximiliano Nievas;Franco Potenza
14162961;05/09/2026 07:05:31;3;2;0008    2886-1;05;CAMIONETA MIE 3;2093731;"OD04    ";"ORTIZ DARIO A.- CERAMITODO                        ";SENGUEL 6447;952471;"53-002         ";53-002 - COCINA PARED EXT. P.ALTO RENACER;7;7;7;23142332;050926070531069;181786214;;;;07/29/2031 00:00:00;7;13830478;05/09/2026 07:05:31;Maximiliano;Nievas;24421820;04/09/2026 09:10:08;6922;Franco;Potenza;Maximiliano Nievas;Franco Potenza
14162961;05/09/2026 07:05:31;3;2;0008    2886-1;05;CAMIONETA MIE 3;2093731;"OD04    ";"ORTIZ DARIO A.- CERAMITODO                        ";SENGUEL 6447;952456;"51-190         ";51-190 - MESADA BIMANDO C.CERAM BLACK VELVET;7;7;7;23142332;050926070531069;181787881;;;;10/13/2031 00:00:00;7;13830478;05/09/2026 07:05:31;Maximiliano;Nievas;24421820;04/09/2026 09:10:08;6922;Franco;Potenza;Maximiliano Nievas;Franco Potenza
14162961;05/09/2026 07:05:31;3;2;0008    2886-1;05;CAMIONETA MIE 3;2093731;"OD04    ";"ORTIZ DARIO A.- CERAMITODO                        ";SENGUEL 6447;952439;"51-059         ";51-059 - COCINA MESADA BL/CR C.STD MALBA;9;9;9;23142332;050926070531069;181787130;;;;12/13/2031 00:00:00;9;13830478;05/09/2026 07:05:31;Maximiliano;Nievas;24421820;04/09/2026 09:10:08;6922;Franco;Potenza;Maximiliano Nievas;Franco Potenza
14162961;05/09/2026 07:05:31;3;2;0008    2886-1;05;CAMIONETA MIE 3;2093731;"OD04    ";"ORTIZ DARIO A.- CERAMITODO                        ";SENGUEL 6447;952438;"51-058         ";51-058 - COCINA MESADA CR C.STD MALBA;9;9;9;23142332;050926070531069;181782190;;;;10/19/2031 00:00:00;9;13830478;05/09/2026 07:05:31;Maximiliano;Nievas;24421820;04/09/2026 09:10:08;6922;Franco;Potenza;Maximiliano Nievas;Franco Potenza
14162961;05/09/2026 07:05:31;3;2;0008    2886-1;05;CAMIONETA MIE 3;2093731;"OD04    ";"ORTIZ DARIO A.- CERAMITODO                        ";SENGUEL 6447;951554;"20-190         ";20-190 - COCINA MESADA MONOC BLACK VELVET;2;2;2;23142332;050926070531069;181793741;;;;07/28/2031 00:00:00;2;13830478;05/09/2026 07:05:31;Maximiliano;Nievas;24421820;04/09/2026 09:10:08;6922;Franco;Potenza;Maximiliano Nievas;Franco Potenza
14162961;05/09/2026 07:05:31;3;2;0008    2886-1;05;CAMIONETA MIE 3;2093731;"OD04    ";"ORTIZ DARIO A.- CERAMITODO                        ";SENGUEL 6447;951535;"20-160         ";20-160 - MONOCOMANDO MESADA COCINA DIQUE;16;16;16;23142332;050926070531069;181789428;;;;07/28/2031 00:00:00;16;13830478;05/09/2026 07:05:31;Maximiliano;Nievas;24421820;04/09/2026 09:10:08;6922;Franco;Potenza;Maximiliano Nievas;Franco Potenza
14162961;05/09/2026 07:05:31;3;2;0008    2886-1;05;CAMIONETA MIE 3;2093731;"OD04    ";"ORTIZ DARIO A.- CERAMITODO                        ";SENGUEL 6447;951530;"20-146         ";20-146 - MONOCOMANDO DE COCINA CR LINEA MOVE;10;10;10;23142332;050926070531069;181789015;;;;10/09/2031 00:00:00;10;13830478;05/09/2026 07:05:31;Maximiliano;Nievas;24421820;04/09/2026 09:10:08;6922;Franco;Potenza;Maximiliano Nievas;Franco Potenza
14167048;04/09/2026 06:43:27;3;2;4444    2408-1;10;URGENTES;2109166;"CLIEVEN ";"CLIENTE EVENTUAL                                  ";RIVADAVIA 3428;952467;"52-121         ";52-121 - GRIFERIA REBATIBLE P/LLENADO DE OLLAS MARBELLA;1;1;1;23139435;040926064324942;181763539;;;;07/29/2031 00:00:00;1;13809940;04/09/2026 06:43:24;Gustavo;Soderquvist;24418812;04/09/2026 06:12:16;7636;Kevin;Arce;Gustavo Soderquvist;Kevin Arce
14167049;04/09/2026 06:43:59;3;2;4444    2409-1;10;URGENTES;2109166;"CLIEVEN ";"CLIENTE EVENTUAL                                  ";RIVADAVIA 3428;954912;"BCH11BM        ";BCH11BM - BACHA DE APOYAR REDONDA BLANCO MATE 400x400x125;1;1;1;23139412;040926064357753;181763388;;;;08/17/2031 00:00:00;1;13809947;04/09/2026 06:43:57;Gustavo;Soderquvist;24418786;04/09/2026 06:08:17;7636;Kevin;Arce;Gustavo Soderquvist;Kevin Arce
14167050;04/09/2026 06:38:46;3;2;0001  215152-1;14;RETIRA;2091716;"CJ27    ";"CIANNI JOSE ANDRES                                ";RODRIGUEZ PEÑA 694 11;952541;"60-001N        ";"60-001N - LAVATORIO ""CROMO Y""";1;1;1;23139565;040926063839856;181764270;;;;07/29/2031 00:00:00;1;13809902;04/09/2026 06:38:39;Tiago;Rodriguez;24418947;04/09/2026 06:23:36;7152;Mirko;Hernandez;Tiago Rodriguez;Mirko Hernandez
14167050;04/09/2026 06:38:46;3;2;0001  215152-1;14;RETIRA;2091716;"CJ27    ";"CIANNI JOSE ANDRES                                ";RODRIGUEZ PEÑA 694 11;952821;"70-001N        ";"70-001N - BIDE ""CROMO Y""";1;1;1;23139565;040926063839856;181764249;;;;07/31/2031 00:00:00;1;13809902;04/09/2026 06:38:39;Tiago;Rodriguez;24418947;04/09/2026 06:23:36;7152;Mirko;Hernandez;Tiago Rodriguez;Mirko Hernandez
14167050;04/09/2026 06:38:46;3;2;0001  215152-1;14;RETIRA;2091716;"CJ27    ";"CIANNI JOSE ANDRES                                ";RODRIGUEZ PEÑA 694 11;953278;"83-001N        ";"83-001N - DUCHA EXT. C/TRANSF. ""CROMO Y""";1;1;1;23139565;040926063839856;181764221;;;;11/26/2031 00:00:00;1;13809902;04/09/2026 06:38:39;Tiago;Rodriguez;24418947;04/09/2026 06:23:36;7152;Mirko;Hernandez;Tiago Rodriguez;Mirko Hernandez
14167051;04/09/2026 06:33:00;3;2;0001  215150-1;10;URGENTES;2109073;"643     ";"APUT PATRICIO                                     ";3 DE FEBRERO 347;952821;"70-001N        ";"70-001N - BIDE ""CROMO Y""";3;3;3;23139422;040926063259488;181764006;;;;07/31/2031 00:00:00;3;13809871;04/09/2026 06:32:59;Gustavo;Soderquvist;24418796;04/09/2026 06:18:50;7152;Mirko;Hernandez;Gustavo Soderquvist;Mirko Hernandez
14167051;04/09/2026 06:33:00;3;2;0001  215150-1;10;URGENTES;2109073;"643     ";"APUT PATRICIO                                     ";3 DE FEBRERO 347;953335;"84-203ST       ";"DUCHA EXT C/COLUMNA CR ADRA                                           ";3;3;3;23139422;040926063259488;181763887;;;;12/15/2031 00:00:00;3;13809871;04/09/2026 06:32:59;Gustavo;Soderquvist;24418796;04/09/2026 06:18:50;7152;Mirko;Hernandez;Gustavo Soderquvist;Mirko Hernandez
14167819;04/09/2026 06:48:57;3;2;RM 0016   29606;01;INTERPLANTA;2090876;DEP_20;LOGISTICA INTERNA (DEP 20);.;951570;"203/E          ";203/E - LAVATORIO A SOPAPA CR VERIN;89;89;89;23139945;040926064845040;181766131;;;;07/31/2031 00:00:00;89;;;;;24419393;04/09/2026 06:48:45;6404;Ivan;Goyena;;Ivan Goyena
14167819;04/09/2026 06:48:57;3;2;RM 0016   29606;01;INTERPLANTA;2090876;DEP_20;LOGISTICA INTERNA (DEP 20);.;952513;"55-023         ";55-023 - COCINA PARED EMB. P.ALTO BL/CR ARES PLUS;106;106;106;23139945;040926064845040;181766075;;;;07/29/2031 00:00:00;106;;;;;24419393;04/09/2026 06:48:45;6404;Ivan;Goyena;;Ivan Goyena
14167819;04/09/2026 06:48:57;3;2;RM 0016   29606;01;INTERPLANTA;2090876;DEP_20;LOGISTICA INTERNA (DEP 20);.;953238;"81-190P        ";81-190P - DUCHA EMB. S/T. C.CERAM BLACK VELVET PLUS;50;50;50;23139945;040926064845040;181766145;;;;07/31/2031 00:00:00;50;;;;;24419393;04/09/2026 06:48:45;6404;Ivan;Goyena;;Ivan Goyena
14167819;04/09/2026 06:48:57;3;2;RM 0016   29606;01;INTERPLANTA;2090876;DEP_20;LOGISTICA INTERNA (DEP 20);.;953415;"90-059LT       ";"PACK GRIF. MALBA LITE BL/CR                                           ";160;160;160;23139945;040926064845040;181766109;;;;08/17/2031 00:00:00;160;;;;;24419393;04/09/2026 06:48:45;6404;Ivan;Goyena;;Ivan Goyena
14167819;04/09/2026 06:48:57;3;2;RM 0016   29606;01;INTERPLANTA;2090876;DEP_20;LOGISTICA INTERNA (DEP 20);.;953431;"910/E          ";910/E - MESADA PICO CANO VERIN;43;43;43;23139945;040926064845040;181766158;;;;07/31/2031 00:00:00;43;;;;;24419393;04/09/2026 06:48:45;6404;Ivan;Goyena;;Ivan Goyena
14167819;04/09/2026 06:48:57;3;2;RM 0016   29606;01;INTERPLANTA;2090876;DEP_20;LOGISTICA INTERNA (DEP 20);.;953475;"933/E          ";933/E - COCINA PARED EXT. C/EXT. CROMO VERIN;59;59;59;23139945;040926064845040;181766120;;;;07/31/2031 00:00:00;59;;;;;24419393;04/09/2026 06:48:45;6404;Ivan;Goyena;;Ivan Goyena
14167820;04/09/2026 07:31:51;3;2;RM 0016   29731;01;INTERPLANTA;2090906;DEP_48;INGENIERIA (RIVADAVIA);.;954166;"A1402G         ";A1402G - PICO BAÑERA LINEA FABRIC GOLD C/CAMPANA CUADRADA;4;4;4;23140896;040926073150810;181772096;;;;02/14/2032 00:00:00;4;;;;;24420267;04/09/2026 07:31:50;6404;Ivan;Goyena;;Ivan Goyena
14167820;04/09/2026 07:31:51;3;2;RM 0016   29731;01;INTERPLANTA;2090906;DEP_48;INGENIERIA (RIVADAVIA);.;954163;"A1401G         ";A1401G - CAÑO FLOR DUCHA GOLD 400 mm C/CAMPANA CUADRADA;2;2;2;23140896;040926073150810;181772128;;;;02/14/2032 00:00:00;2;;;;;24420267;04/09/2026 07:31:50;6404;Ivan;Goyena;;Ivan Goyena
14167820;04/09/2026 07:31:51;3;2;RM 0016   29731;01;INTERPLANTA;2090906;DEP_48;INGENIERIA (RIVADAVIA);.;953981;"A1256G         ";A1256G - MANGUERA x1,5 MT P/ DUCHA DE MANO GOLD;2;2;2;23140896;040926073150810;181772070;;;;02/14/2032 00:00:00;2;;;;;24420267;04/09/2026 07:31:50;6404;Ivan;Goyena;;Ivan Goyena
14167821;04/09/2026 07:29:49;3;2;RM 0016   29779;01;INTERPLANTA;2090876;DEP_20;LOGISTICA INTERNA (DEP 20);.;954796;"A997           ";A997 - PICO LAVATORIO Lineas Roda Valencia Marbella Imp;1200;1200;1200;23140866;040926072947951;181771741;;;;07/27/2031 00:00:00;1200;;;;;24420232;04/09/2026 07:29:48;6404;Ivan;Goyena;;Ivan Goyena
14167821;04/09/2026 07:29:49;3;2;RM 0016   29779;01;INTERPLANTA;2090876;DEP_20;LOGISTICA INTERNA (DEP 20);.;954609;"A762           ";A762 - CAMPANA Y EXENTRICO P/DUCHA EXTERIOR METALICO;3200;3200;3200;23140866;040926072947951;181771721;;;;07/29/2031 00:00:00;3200;;;;;24420232;04/09/2026 07:29:48;6404;Ivan;Goyena;;Ivan Goyena
14167821;04/09/2026 07:29:49;3;2;RM 0016   29779;01;INTERPLANTA;2090876;DEP_20;LOGISTICA INTERNA (DEP 20);.;954336;"A1500          ";A1500 - COLUMNA DE DUCHA CROMO P/GRIFERIA;25;25;25;23140866;040926072947951;181771762;;;;08/18/2031 00:00:00;25;;;;;24420232;04/09/2026 07:29:48;6404;Ivan;Goyena;;Ivan Goyena
14167822;04/09/2026 06:51:41;3;2;RM 0016   29825;01;INTERPLANTA;2090876;DEP_20;LOGISTICA INTERNA (DEP 20);.;953591;"A012           ";"A012 - PICO ALTO P/JUEGO DE COCINA ""U""";3999;3999;3999;23140012;040926065139224;181766364;;;;02/02/2032 00:00:00;3999;;;;;24419446;04/09/2026 06:51:39;6404;Ivan;Goyena;;Ivan Goyena
14167822;04/09/2026 06:51:41;3;2;RM 0016   29825;01;INTERPLANTA;2090876;DEP_20;LOGISTICA INTERNA (DEP 20);.;953731;"A1061          ";A1061 - ROSETA FLOR DE DUCHA LINEA TERUEL;312;312;312;23140012;040926065139224;181766357;;;;07/28/2031 00:00:00;312;;;;;24419446;04/09/2026 06:51:39;6404;Ivan;Goyena;;Ivan Goyena
14167822;04/09/2026 06:51:41;3;2;RM 0016   29825;01;INTERPLANTA;2090876;DEP_20;LOGISTICA INTERNA (DEP 20);.;954759;"A960           ";"A960 - FLOR DE DUCHA MALLORCA/VIGO 6""";630;630;630;23140012;040926065139224;181766353;;;;07/28/2031 00:00:00;630;;;;;24419446;04/09/2026 06:51:39;6404;Ivan;Goyena;;Ivan Goyena
14167822;04/09/2026 06:51:41;3;2;RM 0016   29825;01;INTERPLANTA;2090876;DEP_20;LOGISTICA INTERNA (DEP 20);.;954728;"A920N          ";"VOLANTE CRUZ BLACK VELVET                                             ";4380;4380;4380;23140012;040926065139224;181766377;;;;02/14/2032 00:00:00;4380;;;;;24419446;04/09/2026 06:51:39;6404;Ivan;Goyena;;Ivan Goyena
14167822;04/09/2026 06:51:41;3;2;RM 0016   29825;01;INTERPLANTA;2090876;DEP_20;LOGISTICA INTERNA (DEP 20);.;954609;"A762           ";A762 - CAMPANA Y EXENTRICO P/DUCHA EXTERIOR METALICO;4500;4500;4500;23140012;040926065139224;181766328;;;;07/29/2031 00:00:00;4500;;;;;24419446;04/09/2026 06:51:39;6404;Ivan;Goyena;;Ivan Goyena
14167822;04/09/2026 06:51:41;3;2;RM 0016   29825;01;INTERPLANTA;2090876;DEP_20;LOGISTICA INTERNA (DEP 20);.;953777;"A1106          ";A1106 - VOLANTE MONOCOMANDO DIQUE / BETIS;4400;4400;4400;23140012;040926065139224;181766342;;;;01/06/2032 00:00:00;4400;;;;;24419446;04/09/2026 06:51:39;6404;Ivan;Goyena;;Ivan Goyena
14168890;04/09/2026 07:36:35;3;2;RM 0016   29223;01;INTERPLANTA;2090906;DEP_48;INGENIERIA (RIVADAVIA);.;952688;"60-381         ";60-381 - LAVATORIO MONOC SS ESENCIA;2;2;2;23140995;040926073635352;181772803;;;;02/18/2032 00:00:00;2;;;;;24420408;04/09/2026 07:36:35;6404;Ivan;Goyena;;Ivan Goyena
14168890;04/09/2026 07:36:35;3;2;RM 0016   29223;01;INTERPLANTA;2090906;DEP_48;INGENIERIA (RIVADAVIA);.;953348;"85-181         ";85-181 - DUCHA EMB. C/TRANSF. Y DUCHADOR MONOC SS ESENCIA;2;2;2;23140995;040926073635352;181772861;;;;02/18/2032 00:00:00;2;;;;;24420408;04/09/2026 07:36:35;6404;Ivan;Goyena;;Ivan Goyena
14168890;04/09/2026 07:36:35;3;2;RM 0016   29223;01;INTERPLANTA;2090906;DEP_48;INGENIERIA (RIVADAVIA);.;953349;"85-181C        ";85-181C - DUCHA EMB. C/TRANSF. Y DUCHADOR MONOC CR ESENCIA;2;2;2;23140995;040926073635352;181772831;;;;02/18/2032 00:00:00;2;;;;;24420408;04/09/2026 07:36:35;6404;Ivan;Goyena;;Ivan Goyena
14168890;04/09/2026 07:36:35;3;2;RM 0016   29223;01;INTERPLANTA;2090906;DEP_48;INGENIERIA (RIVADAVIA);.;953350;"85-181G        ";85-181G - DUCHA EMB. C/TRANSF. Y DUCHADOR MONOC GOLD ESENCIA;2;2;2;23140995;040926073635352;181772882;;;;02/18/2032 00:00:00;2;;;;;24420408;04/09/2026 07:36:35;6404;Ivan;Goyena;;Ivan Goyena
14169196;04/09/2026 07:50:53;3;2;TR 0000  118160;01;INTERPLANTA;2090863;DEP_108;EXIBICION MONTES DE OCA;.;956412;"INO102-2       ";"DEPOSITO C/DESCARGA DUAL BLANCO LINEA LOFT                            ";1;1;1;23141386;040926075052773;181775369;;;;11/19/2031 00:00:00;1;;;;;24420794;04/09/2026 07:50:52;6404;Ivan;Goyena;;Ivan Goyena
14169805;04/09/2026 08:34:10;3;2;0001  213847-3;10;URGENTES;2094221;"RP07    ";"RIO PLOMO S.A.S                                   ";BELTRAN 346;958152;"RINO104-3      ";"ASIENTO INODORO LINEA STONE                                           ";5;5;5;23143056;040926083409996;181786010;;;;02/25/2032 00:00:00;5;13811517;04/09/2026 08:34:09;Gaston Alejandro;Kiriczuk;24422595;04/09/2026 08:33:16;6404;Ivan;Goyena;Gaston Alejandro Kiriczuk;Ivan Goyena
14169806;04/09/2026 08:35:00;3;2;0001  214490-1;10;URGENTES;2094850;"TR21    ";"TROFA SA - MUNDO CAÑO                             ";AV. BARTOLOME MITRE 635;958152;"RINO104-3      ";"ASIENTO INODORO LINEA STONE                                           ";1;1;1;23143079;040926083500768;181786118;;;;02/25/2032 00:00:00;1;13811536;04/09/2026 08:35:00;Gaston Alejandro;Kiriczuk;24422625;04/09/2026 08:33:41;6404;Ivan;Goyena;Gaston Alejandro Kiriczuk;Ivan Goyena
14169834;04/09/2026 08:35:34;3;2;0004     112-1;10;URGENTES;2092358;"ET02    ";"EL TEHUELCHE S.A.C.I.C.I.                         ";PERITO MORENO 99;958152;"RINO104-3      ";"ASIENTO INODORO LINEA STONE                                           ";1;1;1;23143087;040926083534083;181786226;;;;02/25/2032 00:00:00;1;13811544;04/09/2026 08:35:34;Gaston Alejandro;Kiriczuk;24422637;04/09/2026 08:34:06;6404;Ivan;Goyena;Gaston Alejandro Kiriczuk;Ivan Goyena
14171490;04/09/2026 09:53:29;3;2;9999      89-1;10;URGENTES;2094039;"QU01    ";"QUEIJA S.A                                        ";HERRERA 725;951551;"20-182N        ";20-182N - MONOCOMANDO DE COCINA MULTIFUNCION BLACK ZENITH;1;1;1;23146581;040926095328503;181809719;;;;07/30/2031 00:00:00;1;13813498;04/09/2026 09:53:28;Gaston Alejandro;Kiriczuk;24425466;04/09/2026 09:52:32;6409;Gaston Alejandro;Kiriczuk;Gaston Alejandro Kiriczuk;Gaston Alejandro Kiriczuk
14171490;04/09/2026 09:53:29;3;2;9999      89-1;10;URGENTES;2094039;"QU01    ";"QUEIJA S.A                                        ";HERRERA 725;951550;"20-182         ";20-182 - MONOCOMANDO DE COCINA MULTIFUNCION CR ZENITH;1;1;1;23146581;040926095328503;181809413;;;;07/30/2031 00:00:00;1;13813498;04/09/2026 09:53:28;Gaston Alejandro;Kiriczuk;24425466;04/09/2026 09:52:32;6409;Gaston Alejandro;Kiriczuk;Gaston Alejandro Kiriczuk;Gaston Alejandro Kiriczuk
14171498;04/09/2026 09:46:15;3;2;TR 0000  124673;01;INTERPLANTA;2090863;DEP_108;EXIBICION MONTES DE OCA;.;1141161;"BCH23          ";"BACHA DE APOYAR CIRCULAR BLANCA 310x110                               ";1;1;1;23146121;040926094615217;181808138;;;;02/11/2032 00:00:00;1;;;;;24425152;04/09/2026 09:46:15;6404;Ivan;Goyena;;Ivan Goyena
14171498;04/09/2026 09:46:15;3;2;TR 0000  124673;01;INTERPLANTA;2090863;DEP_108;EXIBICION MONTES DE OCA;.;1141160;"BCH22          ";"BACHA DE APOYAR BLANCA 450x290x110                                    ";1;1;1;23146121;040926094615217;181808112;;;;02/11/2032 00:00:00;1;;;;;24425152;04/09/2026 09:46:15;6404;Ivan;Goyena;;Ivan Goyena
14171498;04/09/2026 09:46:15;3;2;TR 0000  124673;01;INTERPLANTA;2090863;DEP_108;EXIBICION MONTES DE OCA;.;953350;"85-181G        ";85-181G - DUCHA EMB. C/TRANSF. Y DUCHADOR MONOC GOLD ESENCIA;1;1;1;23146121;040926094615217;181807307;;;;02/18/2032 00:00:00;1;;;;;24425152;04/09/2026 09:46:15;6404;Ivan;Goyena;;Ivan Goyena
14171498;04/09/2026 09:46:15;3;2;TR 0000  124673;01;INTERPLANTA;2090863;DEP_108;EXIBICION MONTES DE OCA;.;953349;"85-181C        ";85-181C - DUCHA EMB. C/TRANSF. Y DUCHADOR MONOC CR ESENCIA;1;1;1;23146121;040926094615217;181806875;;;;02/18/2032 00:00:00;1;;;;;24425152;04/09/2026 09:46:15;6404;Ivan;Goyena;;Ivan Goyena
14171498;04/09/2026 09:46:15;3;2;TR 0000  124673;01;INTERPLANTA;2090863;DEP_108;EXIBICION MONTES DE OCA;.;953348;"85-181         ";85-181 - DUCHA EMB. C/TRANSF. Y DUCHADOR MONOC SS ESENCIA;1;1;1;23146121;040926094615217;181806924;;;;02/18/2032 00:00:00;1;;;;;24425152;04/09/2026 09:46:15;6404;Ivan;Goyena;;Ivan Goyena
14171498;04/09/2026 09:46:15;3;2;TR 0000  124673;01;INTERPLANTA;2090863;DEP_108;EXIBICION MONTES DE OCA;.;953129;"80-181G        ";80-181G - DUCHA EMB. C/TRANSF. MONOC GOLD ESENCIA;1;1;1;23146121;040926094615217;181807198;;;;02/18/2032 00:00:00;1;;;;;24425152;04/09/2026 09:46:15;6404;Ivan;Goyena;;Ivan Goyena
14171498;04/09/2026 09:46:15;3;2;TR 0000  124673;01;INTERPLANTA;2090863;DEP_108;EXIBICION MONTES DE OCA;.;953128;"80-181C        ";80-181C - DUCHA EMB. C/TRANSF. MONOC CR ESENCIA;1;1;1;23146121;040926094615217;181807125;;;;02/18/2032 00:00:00;1;;;;;24425152;04/09/2026 09:46:15;6404;Ivan;Goyena;;Ivan Goyena
14171498;04/09/2026 09:46:15;3;2;TR 0000  124673;01;INTERPLANTA;2090863;DEP_108;EXIBICION MONTES DE OCA;.;953127;"80-181         ";80-181 - DUCHA EMB. C/TRANSF. MONOC SS ESENCIA;1;1;1;23146121;040926094615217;181807403;;;;02/18/2032 00:00:00;1;;;;;24425152;04/09/2026 09:46:15;6404;Ivan;Goyena;;Ivan Goyena
14171498;04/09/2026 09:46:15;3;2;TR 0000  124673;01;INTERPLANTA;2090863;DEP_108;EXIBICION MONTES DE OCA;.;952772;"62-181G        ";62-181G - LAVATORIO PARED EMB MONOC GOLD ESENCIA;1;1;1;23146121;040926094615217;181807644;;;;02/18/2032 00:00:00;1;;;;;24425152;04/09/2026 09:46:15;6404;Ivan;Goyena;;Ivan Goyena
14171498;04/09/2026 09:46:15;3;2;TR 0000  124673;01;INTERPLANTA;2090863;DEP_108;EXIBICION MONTES DE OCA;.;952771;"62-181C        ";62-181C - LAVATORIO PARED EMB MONOC CR ESENCIA;1;1;1;23146121;040926094615217;181807550;;;;02/18/2032 00:00:00;1;;;;;24425152;04/09/2026 09:46:15;6404;Ivan;Goyena;;Ivan Goyena
14171498;04/09/2026 09:46:15;3;2;TR 0000  124673;01;INTERPLANTA;2090863;DEP_108;EXIBICION MONTES DE OCA;.;952770;"62-181         ";62-181 - LAVATORIO PARED EMB MONOC SS ESENCIA;1;1;1;23146121;040926094615217;181807050;;;;02/18/2032 00:00:00;1;;;;;24425152;04/09/2026 09:46:15;6404;Ivan;Goyena;;Ivan Goyena
14171498;04/09/2026 09:46:15;3;2;TR 0000  124673;01;INTERPLANTA;2090863;DEP_108;EXIBICION MONTES DE OCA;.;952717;"61-181G        ";61-181G - LAVATORIO MONOC ALTO GOLD ESENCIA;1;1;1;23146121;040926094615217;181807365;;;;02/18/2032 00:00:00;1;;;;;24425152;04/09/2026 09:46:15;6404;Ivan;Goyena;;Ivan Goyena
14171498;04/09/2026 09:46:15;3;2;TR 0000  124673;01;INTERPLANTA;2090863;DEP_108;EXIBICION MONTES DE OCA;.;952716;"61-181C        ";61-181C - LAVATORIO MONOC ALTO CR ESENCIA;1;1;1;23146121;040926094615217;181807162;;;;02/18/2032 00:00:00;1;;;;;24425152;04/09/2026 09:46:15;6404;Ivan;Goyena;;Ivan Goyena
14171498;04/09/2026 09:46:15;3;2;TR 0000  124673;01;INTERPLANTA;2090863;DEP_108;EXIBICION MONTES DE OCA;.;952715;"61-181         ";61-181 - LAVATORIO MONOC ALTO SS ESENCIA;1;1;1;23146121;040926094615217;181806960;;;;02/18/2032 00:00:00;1;;;;;24425152;04/09/2026 09:46:15;6404;Ivan;Goyena;;Ivan Goyena
14171498;04/09/2026 09:46:15;3;2;TR 0000  124673;01;INTERPLANTA;2090863;DEP_108;EXIBICION MONTES DE OCA;.;952653;"60-181G        ";60-181G - LAVATORIO MONOC BAJO GOLD ESENCIA;1;1;1;23146121;040926094615217;181807448;;;;02/18/2032 00:00:00;1;;;;;24425152;04/09/2026 09:46:15;6404;Ivan;Goyena;;Ivan Goyena
14171498;04/09/2026 09:46:15;3;2;TR 0000  124673;01;INTERPLANTA;2090863;DEP_108;EXIBICION MONTES DE OCA;.;952652;"60-181C        ";60-181C - LAVATORIO MONOC BAJO CR ESENCIA;1;1;1;23146121;040926094615217;181807591;;;;02/18/2032 00:00:00;1;;;;;24425152;04/09/2026 09:46:15;6404;Ivan;Goyena;;Ivan Goyena
14171498;04/09/2026 09:46:15;3;2;TR 0000  124673;01;INTERPLANTA;2090863;DEP_108;EXIBICION MONTES DE OCA;.;952651;"60-181         ";60-181 - LAVATORIO MONOC BAJO SS ESENCIA;1;1;1;23146121;040926094615217;181807009;;;;02/18/2032 00:00:00;1;;;;;24425152;04/09/2026 09:46:15;6404;Ivan;Goyena;;Ivan Goyena
14171908;04/09/2026 10:28:59;3;2;RM 0016   29908;01;INTERPLANTA;2090876;DEP_20;LOGISTICA INTERNA (DEP 20);.;1013561;"INO104-4       ";"KIT VALVULA INODORO DESCARGA DUAL CROMO STONE                         ";3;3;3;23147887;040926102854625;181820314;;;;02/25/2032 00:00:00;3;;;;;24426773;04/09/2026 10:28:54;6408;Juan Manuel;Espinola;;Juan Manuel Espinola
14171908;04/09/2026 10:28:59;3;2;RM 0016   29908;01;INTERPLANTA;2090876;DEP_20;LOGISTICA INTERNA (DEP 20);.;1101589;"INO100-3       ";"ASIENTO INODORO URBAN STONE LINEA NUEVA                               ";3;3;3;23147887;040926102854625;181821052;;;;02/25/2032 00:00:00;3;;;;;24426773;04/09/2026 10:28:54;6408;Juan Manuel;Espinola;;Juan Manuel Espinola
14171908;04/09/2026 10:28:59;3;2;RM 0016   29908;01;INTERPLANTA;2090876;DEP_20;LOGISTICA INTERNA (DEP 20);.;1101594;"INO102-3       ";"ASIENTO INODORO LINEA LOFT                                            ";5;5;5;23147887;040926102854625;181822435;;;;02/25/2032 00:00:00;5;;;;;24426773;04/09/2026 10:28:54;6408;Juan Manuel;Espinola;;Juan Manuel Espinola
14171908;04/09/2026 10:28:59;3;2;RM 0016   29908;01;INTERPLANTA;2090876;DEP_20;LOGISTICA INTERNA (DEP 20);.;1101618;"INO101V-3      ";"ASIENTO INODORO LINEA ACQUA TAPA BLANDA                               ";1;1;1;23147887;040926102854625;181822066;;;;02/25/2032 00:00:00;1;;;;;24426773;04/09/2026 10:28:54;6408;Juan Manuel;Espinola;;Juan Manuel Espinola
14171908;04/09/2026 10:28:59;3;2;RM 0016   29908;01;INTERPLANTA;2090876;DEP_20;LOGISTICA INTERNA (DEP 20);.;1101624;"INO102-4       ";"KIT VALVULA INODORO DESCARGA DUAL CROMO LOFT                          ";1;1;1;23147887;040926102854625;181822344;;;;02/25/2032 00:00:00;1;;;;;24426773;04/09/2026 10:28:54;6408;Juan Manuel;Espinola;;Juan Manuel Espinola
14171908;04/09/2026 10:28:59;3;2;RM 0016   29908;01;INTERPLANTA;2090876;DEP_20;LOGISTICA INTERNA (DEP 20);.;1101732;"INO104NV-4     ";"KIT VALVULA INODORO DESCARGA DUAL CROMO STONE BLACK L-2024            ";3;3;3;23147887;040926102854625;181822189;;;;02/25/2032 00:00:00;3;;;;;24426773;04/09/2026 10:28:54;6408;Juan Manuel;Espinola;;Juan Manuel Espinola
14171908;04/09/2026 10:28:59;3;2;RM 0016   29908;01;INTERPLANTA;2090876;DEP_20;LOGISTICA INTERNA (DEP 20);.;1101737;"INO104N-4      ";"KIT VALVULA INODORO DESCARGA DUAL CROMO STONE BLACK                   ";1;1;1;23147887;040926102854625;181821525;;;;02/25/2032 00:00:00;1;;;;;24426773;04/09/2026 10:28:54;6408;Juan Manuel;Espinola;;Juan Manuel Espinola
14171908;04/09/2026 10:28:59;3;2;RM 0016   29908;01;INTERPLANTA;2090876;DEP_20;LOGISTICA INTERNA (DEP 20);.;1101738;"INO100-6       ";"CONJUNTO FIJACION LINEA URBAN STONE LOFT                              ";15;15;15;23147887;040926102854625;181821139;;;;02/25/2032 00:00:00;15;;;;;24426773;04/09/2026 10:28:54;6408;Juan Manuel;Espinola;;Juan Manuel Espinola
14171908;04/09/2026 10:28:59;3;2;RM 0016   29908;01;INTERPLANTA;2090876;DEP_20;LOGISTICA INTERNA (DEP 20);.;1101739;"INO101-6       ";"CONJUNTO FIJACION LINEA ACQUA                                         ";1;1;1;23147887;040926102854625;181822610;;;;02/25/2032 00:00:00;1;;;;;24426773;04/09/2026 10:28:54;6408;Juan Manuel;Espinola;;Juan Manuel Espinola
14171908;04/09/2026 10:28:59;3;2;RM 0016   29908;01;INTERPLANTA;2090876;DEP_20;LOGISTICA INTERNA (DEP 20);.;1101740;"INO100-2       ";"SOPORTE TAPA INODORO                                                  ";3;3;3;23147887;040926102854625;181821226;;;;02/25/2032 00:00:00;3;;;;;24426773;04/09/2026 10:28:54;6408;Juan Manuel;Espinola;;Juan Manuel Espinola
14171908;04/09/2026 10:28:59;3;2;RM 0016   29908;01;INTERPLANTA;2090876;DEP_20;LOGISTICA INTERNA (DEP 20);.;1101751;"INO103-5       ";"TAPA DEPOSITO BLANCO LINEA URBAN                                      ";1;1;1;23147887;040926102854625;181822687;;;;02/25/2032 00:00:00;1;;;;;24426773;04/09/2026 10:28:54;6408;Juan Manuel;Espinola;;Juan Manuel Espinola
14171908;04/09/2026 10:28:59;3;2;RM 0016   29908;01;INTERPLANTA;2090876;DEP_20;LOGISTICA INTERNA (DEP 20);.;1101754;"INO104-5       ";"TAPA DEPOSITO LINEA STONE                                             ";3;3;3;23147887;040926102854625;181820952;;;;02/25/2032 00:00:00;3;;;;;24426773;04/09/2026 10:28:54;6408;Juan Manuel;Espinola;;Juan Manuel Espinola
14174008;05/09/2026 11:24:02;3;2;0001  214939-1;05;CAMIONETA EXP 5;2092668;"GE12    ";"GERMANO S.R.L. -GERMANO MATERIALES                ";AV. CABRAL 2253;952786;"62-201NI       ";62-201NI - LAVATORIO DE PARED C.CERAM BEAT NICKEL;1;1;1;23153396;050926112357182;181858788;;;;11/02/2031 00:00:00;1;13833871;05/09/2026 11:23:57;Maximiliano;Nievas;24432374;04/09/2026 12:13:52;7152;Mirko;Hernandez;Maximiliano Nievas;Mirko Hernandez
14174008;05/09/2026 11:24:02;3;2;0001  214939-1;05;CAMIONETA EXP 5;2092668;"GE12    ";"GERMANO S.R.L. -GERMANO MATERIALES                ";AV. CABRAL 2253;952953;"70-201NI       ";70-201NI - BIDE CR C.CERAM BEAT NICKEL;1;1;1;23153396;050926112357182;181858388;;;;07/29/2031 00:00:00;1;13833871;05/09/2026 11:23:57;Maximiliano;Nievas;24432374;04/09/2026 12:13:52;7152;Mirko;Hernandez;Maximiliano Nievas;Mirko Hernandez
14174008;05/09/2026 11:24:02;3;2;0001  214939-1;05;CAMIONETA EXP 5;2092668;"GE12    ";"GERMANO S.R.L. -GERMANO MATERIALES                ";AV. CABRAL 2253;953354;"85-201NI       ";85-201NI - DUCHA EMB C/TRANSF Y DUCHADOR C.CERAM BEAT NICKEL;1;1;1;23153396;050926112357182;181858874;;;;01/11/2032 00:00:00;1;13833871;05/09/2026 11:23:57;Maximiliano;Nievas;24432374;04/09/2026 12:13:52;7152;Mirko;Hernandez;Maximiliano Nievas;Mirko Hernandez
14174009;05/09/2026 10:56:29;3;2;0001  214944-1;05;CAMIONETA EXP 5;2092802;"GR24    ";"GAETO RUBEN ERNESTO                               ";SALTA 850;952856;"70-045         ";70-045 - BIDE CROMO C.STD CRUZ;1;1;1;23172406;050926105629692;182000762;;;;02/01/2032 00:00:00;1;13833497;05/09/2026 10:56:29;Tiago;Rodriguez;24451569;05/09/2026 06:26:23;6585;Mathias;Montenegro;Tiago Rodriguez;Mathias Montenegro
14174009;05/09/2026 10:56:29;3;2;0001  214944-1;05;CAMIONETA EXP 5;2092802;"GR24    ";"GAETO RUBEN ERNESTO                               ";SALTA 850;952860;"70-057         ";70-057 - BIDE C.STD VERIN PLUS;2;2;2;23172406;050926105629692;182000733;;;;01/11/2032 00:00:00;2;13833497;05/09/2026 10:56:29;Tiago;Rodriguez;24451569;05/09/2026 06:26:23;6585;Mathias;Montenegro;Tiago Rodriguez;Mathias Montenegro
14174009;05/09/2026 10:56:29;3;2;0001  214944-1;05;CAMIONETA EXP 5;2092802;"GR24    ";"GAETO RUBEN ERNESTO                               ";SALTA 850;952925;"70-176         ";70-176 - BIDE MONOC C/TRANSF CR RIO;4;4;4;23172406;050926105629692;182000554;;;;11/17/2031 00:00:00;4;13833497;05/09/2026 10:56:29;Tiago;Rodriguez;24451569;05/09/2026 06:26:23;6585;Mathias;Montenegro;Tiago Rodriguez;Mathias Montenegro
14174009;05/09/2026 10:56:29;3;2;0001  214944-1;05;CAMIONETA EXP 5;2092802;"GR24    ";"GAETO RUBEN ERNESTO                               ";SALTA 850;953437;"914/CR         ";914/CR - JGO.MDA.P.CAÑO CR ARES;7;7;7;23172406;050926105629692;182000805;;;;01/13/2032 00:00:00;7;13833497;05/09/2026 10:56:29;Tiago;Rodriguez;24451569;05/09/2026 06:26:23;6585;Mathias;Montenegro;Tiago Rodriguez;Mathias Montenegro
14174009;05/09/2026 10:56:29;3;2;0001  214944-1;05;CAMIONETA EXP 5;2092802;"GR24    ";"GAETO RUBEN ERNESTO                               ";SALTA 850;951535;"20-160         ";20-160 - MONOCOMANDO MESADA COCINA DIQUE;16;16;16;23172406;050926105629692;182000694;;;;07/28/2031 00:00:00;16;13833497;05/09/2026 10:56:29;Tiago;Rodriguez;24451569;05/09/2026 06:26:23;6585;Mathias;Montenegro;Tiago Rodriguez;Mathias Montenegro
14174009;05/09/2026 10:56:29;3;2;0001  214944-1;05;CAMIONETA EXP 5;2092802;"GR24    ";"GAETO RUBEN ERNESTO                               ";SALTA 850;951553;"20-184         ";"MONOCOMANDO DE COCINA CR SUV                                          ";10;10;10;23172406;050926105629692;182000516;;;;10/04/2031 00:00:00;10;13833497;05/09/2026 10:56:29;Tiago;Rodriguez;24451569;05/09/2026 06:26:23;6585;Mathias;Montenegro;Tiago Rodriguez;Mathias Montenegro
14174009;05/09/2026 10:56:29;3;2;0001  214944-1;05;CAMIONETA EXP 5;2092802;"GR24    ";"GAETO RUBEN ERNESTO                               ";SALTA 850;952577;"60-045         ";60-045 - LAVATORIO CR/CR C.STD CRUZ;3;3;3;23172406;050926105629692;182000771;;;;01/24/2032 00:00:00;3;13833497;05/09/2026 10:56:29;Tiago;Rodriguez;24451569;05/09/2026 06:26:23;6585;Mathias;Montenegro;Tiago Rodriguez;Mathias Montenegro
14174009;05/09/2026 10:56:29;3;2;0001  214944-1;05;CAMIONETA EXP 5;2092802;"GR24    ";"GAETO RUBEN ERNESTO                               ";SALTA 850;952582;"60-057         ";60-057 - LAVATORIO C.STD VERIN PLUS;2;2;2;23172406;050926105629692;182000723;;;;01/06/2032 00:00:00;2;13833497;05/09/2026 10:56:29;Tiago;Rodriguez;24451569;05/09/2026 06:26:23;6585;Mathias;Montenegro;Tiago Rodriguez;Mathias Montenegro
14174010;05/09/2026 09:44:27;3;2;0001  214949-1;05;CAMIONETA EXP 5;2092284;"EF10    ";"EL FONTANERO VM S.A.S.                            ";444;952420;"51-002         ";51-002 - COCINA MESADA RENACER;10;10;10;23153397;050926094426613;181859530;;;;11/03/2031 00:00:00;10;13832588;05/09/2026 09:44:26;Maximiliano;Nievas;24432374;04/09/2026 12:13:52;7152;Mirko;Hernandez;Maximiliano Nievas;Mirko Hernandez
14174011;08/09/2026 09:40:15;3;2;0001  214805-1;05;CAMIONETA EXP 5;2095082;"ZJ02    ";"ZORZON JOANA M -SANTIANO CONSTRUCCIONES           ";AV, TIERRA DEL FUEGO 2163/9;951258;"16006          ";16006 - SET 6 PIEZAS ACCESORIOS LINEA 16000;4;4;4;23153320;080926094014113;181863402;;;;07/29/2031 00:00:00;4;13858834;08/09/2026 09:40:14;Tiago;Rodriguez;24432366;04/09/2026 12:30:49;6922;Franco;Potenza;Tiago Rodriguez;Franco Potenza
14174011;08/09/2026 09:40:15;3;2;0001  214805-1;05;CAMIONETA EXP 5;2095082;"ZJ02    ";"ZORZON JOANA M -SANTIANO CONSTRUCCIONES           ";AV, TIERRA DEL FUEGO 2163/9;951654;"22-178N        ";22-178N - MONOCOMANDO DE COCINA P/AGUA FILTRADA VITA BLACK;8;8;8;23153320;080926094014113;181860902;;;;11/09/2031 00:00:00;8;13858834;08/09/2026 09:40:14;Tiago;Rodriguez;24432366;04/09/2026 12:30:49;6922;Franco;Potenza;Tiago Rodriguez;Franco Potenza
14174011;08/09/2026 09:40:15;3;2;0001  214805-1;05;CAMIONETA EXP 5;2095082;"ZJ02    ";"ZORZON JOANA M -SANTIANO CONSTRUCCIONES           ";AV, TIERRA DEL FUEGO 2163/9;951833;"30-132         ";30-132 - COCINA MESADA MONOC. C/DUCHADOR EXTENSIBLE VIGO;2;2;2;23153320;080926094014113;181857669;;;;07/28/2031 00:00:00;2;13858834;08/09/2026 09:40:14;Tiago;Rodriguez;24432366;04/09/2026 12:30:49;6922;Franco;Potenza;Tiago Rodriguez;Franco Potenza
14174011;08/09/2026 09:40:15;3;2;0001  214805-1;05;CAMIONETA EXP 5;2095082;"ZJ02    ";"ZORZON JOANA M -SANTIANO CONSTRUCCIONES           ";AV, TIERRA DEL FUEGO 2163/9;952499;"54-203         ";"COCINA PARED EXT C.CERAM ADRA MONOCOMANDO                             ";6;6;6;23153320;080926094014113;181862980;;;;11/23/2031 00:00:00;6;13858834;08/09/2026 09:40:14;Tiago;Rodriguez;24432366;04/09/2026 12:30:49;6922;Franco;Potenza;Tiago Rodriguez;Franco Potenza
14174011;08/09/2026 09:40:15;3;2;0001  214805-1;05;CAMIONETA EXP 5;2095082;"ZJ02    ";"ZORZON JOANA M -SANTIANO CONSTRUCCIONES           ";AV, TIERRA DEL FUEGO 2163/9;952637;"60-168         ";60-168 - LAVATORIO MONOC BAJO CR WAVE;3;3;3;23153320;080926094014113;181858437;;;;07/27/2031 00:00:00;3;13858834;08/09/2026 09:40:14;Tiago;Rodriguez;24432366;04/09/2026 12:30:49;6922;Franco;Potenza;Tiago Rodriguez;Franco Potenza
14174011;08/09/2026 09:40:15;3;2;0001  214805-1;05;CAMIONETA EXP 5;2095082;"ZJ02    ";"ZORZON JOANA M -SANTIANO CONSTRUCCIONES           ";AV, TIERRA DEL FUEGO 2163/9;952638;"60-168N        ";60-168N - LAVATORIO MONOC BAJO BLACK WAVE;3;3;3;23153320;080926094014113;181858269;;;;07/27/2031 00:00:00;3;13858834;08/09/2026 09:40:14;Tiago;Rodriguez;24432366;04/09/2026 12:30:49;6922;Franco;Potenza;Tiago Rodriguez;Franco Potenza
14174011;08/09/2026 09:40:15;3;2;0001  214805-1;05;CAMIONETA EXP 5;2095082;"ZJ02    ";"ZORZON JOANA M -SANTIANO CONSTRUCCIONES           ";AV, TIERRA DEL FUEGO 2163/9;952650;"60-180         ";60-180 - LAVATORIO MONOCOMANDO BAJO VERA;4;4;4;23153320;080926094014113;181860496;;;;07/28/2031 00:00:00;4;13858834;08/09/2026 09:40:14;Tiago;Rodriguez;24432366;04/09/2026 12:30:49;6922;Franco;Potenza;Tiago Rodriguez;Franco Potenza
14174011;08/09/2026 09:40:15;3;2;0001  214805-1;05;CAMIONETA EXP 5;2095082;"ZJ02    ";"ZORZON JOANA M -SANTIANO CONSTRUCCIONES           ";AV, TIERRA DEL FUEGO 2163/9;952669;"60-199N        ";60-199N - LAVATORIO BLACK C.CERAM LIVE;1;1;1;23153320;080926094014113;181866082;;;;07/27/2031 00:00:00;1;13858834;08/09/2026 09:40:14;Tiago;Rodriguez;24432366;04/09/2026 12:30:49;6922;Franco;Potenza;Tiago Rodriguez;Franco Potenza
14174011;08/09/2026 09:40:15;3;2;0001  214805-1;05;CAMIONETA EXP 5;2095082;"ZJ02    ";"ZORZON JOANA M -SANTIANO CONSTRUCCIONES           ";AV, TIERRA DEL FUEGO 2163/9;952677;"60-203         ";60-203 - LAVATORIO MONOCOMANDO BAJO ADRA;3;3;3;23153320;080926094014113;181864371;;;;02/10/2032 00:00:00;3;13858834;08/09/2026 09:40:14;Tiago;Rodriguez;24432366;04/09/2026 12:30:49;6922;Franco;Potenza;Tiago Rodriguez;Franco Potenza
14174011;08/09/2026 09:40:15;3;2;0001  214805-1;05;CAMIONETA EXP 5;2095082;"ZJ02    ";"ZORZON JOANA M -SANTIANO CONSTRUCCIONES           ";AV, TIERRA DEL FUEGO 2163/9;952708;"61-168         ";61-168 - LAVATORIO MONOC ALTO CR WAVE;3;3;3;23153320;080926094014113;181859212;;;;07/27/2031 00:00:00;3;13858834;08/09/2026 09:40:14;Tiago;Rodriguez;24432366;04/09/2026 12:30:49;6922;Franco;Potenza;Tiago Rodriguez;Franco Potenza
14174011;08/09/2026 09:40:15;3;2;0001  214805-1;05;CAMIONETA EXP 5;2095082;"ZJ02    ";"ZORZON JOANA M -SANTIANO CONSTRUCCIONES           ";AV, TIERRA DEL FUEGO 2163/9;952709;"61-168N        ";61-168N - LAVATORIO MONOC ALTO BLACK WAVE;3;3;3;23153320;080926094014113;181857400;;;;07/28/2031 00:00:00;3;13858834;08/09/2026 09:40:14;Tiago;Rodriguez;24432366;04/09/2026 12:30:49;6922;Franco;Potenza;Tiago Rodriguez;Franco Potenza
14174011;08/09/2026 09:40:15;3;2;0001  214805-1;05;CAMIONETA EXP 5;2095082;"ZJ02    ";"ZORZON JOANA M -SANTIANO CONSTRUCCIONES           ";AV, TIERRA DEL FUEGO 2163/9;952714;"61-180         ";61-180 - LAVATORIO MONOCOMANDO ALTO VERA;4;4;4;23153320;080926094014113;181860154;;;;07/28/2031 00:00:00;4;13858834;08/09/2026 09:40:14;Tiago;Rodriguez;24432366;04/09/2026 12:30:49;6922;Franco;Potenza;Tiago Rodriguez;Franco Potenza
14174011;08/09/2026 09:40:15;3;2;0001  214805-1;05;CAMIONETA EXP 5;2095082;"ZJ02    ";"ZORZON JOANA M -SANTIANO CONSTRUCCIONES           ";AV, TIERRA DEL FUEGO 2163/9;952726;"61-203         ";61-203 - LAVATORIO MONOCOMANDO ALTO ADRA;3;3;3;23153320;080926094014113;181864565;;;;01/11/2032 00:00:00;3;13858834;08/09/2026 09:40:14;Tiago;Rodriguez;24432366;04/09/2026 12:30:49;6922;Franco;Potenza;Tiago Rodriguez;Franco Potenza
14174011;08/09/2026 09:40:15;3;2;0001  214805-1;05;CAMIONETA EXP 5;2095082;"ZJ02    ";"ZORZON JOANA M -SANTIANO CONSTRUCCIONES           ";AV, TIERRA DEL FUEGO 2163/9;952783;"62-199N        ";62-199N - LAVATORIO DE PARED BLACK C.CERAM LIVE;1;1;1;23153320;080926094014113;181865868;;;;07/31/2031 00:00:00;1;13858834;08/09/2026 09:40:14;Tiago;Rodriguez;24432366;04/09/2026 12:30:49;6922;Franco;Potenza;Tiago Rodriguez;Franco Potenza
14174011;08/09/2026 09:40:15;3;2;0001  214805-1;05;CAMIONETA EXP 5;2095082;"ZJ02    ";"ZORZON JOANA M -SANTIANO CONSTRUCCIONES           ";AV, TIERRA DEL FUEGO 2163/9;952795;"63-168         ";63-168 - LAVATORIO PARED EMB MONOC CR WAVE;1;1;1;23153320;080926094014113;181859005;;;;07/28/2031 00:00:00;1;13858834;08/09/2026 09:40:14;Tiago;Rodriguez;24432366;04/09/2026 12:30:49;6922;Franco;Potenza;Tiago Rodriguez;Franco Potenza
14174011;08/09/2026 09:40:15;3;2;0001  214805-1;05;CAMIONETA EXP 5;2095082;"ZJ02    ";"ZORZON JOANA M -SANTIANO CONSTRUCCIONES           ";AV, TIERRA DEL FUEGO 2163/9;952796;"63-168N        ";"LAVATORIO PARED EMB MONOC BLACK WAVE                                  ";3;3;3;23153320;080926094014113;181857009;;;;07/28/2031 00:00:00;3;13858834;08/09/2026 09:40:14;Tiago;Rodriguez;24432366;04/09/2026 12:30:49;6922;Franco;Potenza;Tiago Rodriguez;Franco Potenza
14174011;08/09/2026 09:40:15;3;2;0001  214805-1;05;CAMIONETA EXP 5;2095082;"ZJ02    ";"ZORZON JOANA M -SANTIANO CONSTRUCCIONES           ";AV, TIERRA DEL FUEGO 2163/9;952915;"70-168         ";70-168 - BIDE MONOC CR WAVE;3;3;3;23153320;080926094014113;181858887;;;;01/18/2032 00:00:00;3;13858834;08/09/2026 09:40:14;Tiago;Rodriguez;24432366;04/09/2026 12:30:49;6922;Franco;Potenza;Tiago Rodriguez;Franco Potenza
14174011;08/09/2026 09:40:15;3;2;0001  214805-1;05;CAMIONETA EXP 5;2095082;"ZJ02    ";"ZORZON JOANA M -SANTIANO CONSTRUCCIONES           ";AV, TIERRA DEL FUEGO 2163/9;952916;"70-168N        ";70-168N - BIDE MONOC BLACK WAVE;3;3;3;23153320;080926094014113;181862492;;;;01/05/2032 00:00:00;3;13858834;08/09/2026 09:40:14;Tiago;Rodriguez;24432366;04/09/2026 12:30:49;6922;Franco;Potenza;Tiago Rodriguez;Franco Potenza
14174011;08/09/2026 09:40:15;3;2;0001  214805-1;05;CAMIONETA EXP 5;2095082;"ZJ02    ";"ZORZON JOANA M -SANTIANO CONSTRUCCIONES           ";AV, TIERRA DEL FUEGO 2163/9;952928;"70-180         ";70-180 - BIDE MONOCOMANDO C/TRANSF. VERA;4;4;4;23153320;080926094014113;181859776;;;;07/27/2031 00:00:00;4;13858834;08/09/2026 09:40:14;Tiago;Rodriguez;24432366;04/09/2026 12:30:49;6922;Franco;Potenza;Tiago Rodriguez;Franco Potenza
14174011;08/09/2026 09:40:15;3;2;0001  214805-1;05;CAMIONETA EXP 5;2095082;"ZJ02    ";"ZORZON JOANA M -SANTIANO CONSTRUCCIONES           ";AV, TIERRA DEL FUEGO 2163/9;952947;"70-199N        ";70-199N - BIDE BLACK C.CERAM LIVE;1;1;1;23153320;080926094014113;181866309;;;;07/29/2031 00:00:00;1;13858834;08/09/2026 09:40:14;Tiago;Rodriguez;24432366;04/09/2026 12:30:49;6922;Franco;Potenza;Tiago Rodriguez;Franco Potenza
14174011;08/09/2026 09:40:15;3;2;0001  214805-1;05;CAMIONETA EXP 5;2095082;"ZJ02    ";"ZORZON JOANA M -SANTIANO CONSTRUCCIONES           ";AV, TIERRA DEL FUEGO 2163/9;952954;"70-203         ";70-203 - BIDE MONOCOMANDO ADRA;3;3;3;23153320;080926094014113;181861846;;;;07/29/2031 00:00:00;3;13858834;08/09/2026 09:40:14;Tiago;Rodriguez;24432366;04/09/2026 12:30:49;6922;Franco;Potenza;Tiago Rodriguez;Franco Potenza
14174011;08/09/2026 09:40:15;3;2;0001  214805-1;05;CAMIONETA EXP 5;2095082;"ZJ02    ";"ZORZON JOANA M -SANTIANO CONSTRUCCIONES           ";AV, TIERRA DEL FUEGO 2163/9;953112;"80-168         ";80-168 - DUCHA EMB C/TRANSF MONOC CR WAVE;3;3;3;23153320;080926094014113;181865394;;;;02/04/2032 00:00:00;3;13858834;08/09/2026 09:40:14;Tiago;Rodriguez;24432366;04/09/2026 12:30:49;6922;Franco;Potenza;Tiago Rodriguez;Franco Potenza
14174011;08/09/2026 09:40:15;3;2;0001  214805-1;05;CAMIONETA EXP 5;2095082;"ZJ02    ";"ZORZON JOANA M -SANTIANO CONSTRUCCIONES           ";AV, TIERRA DEL FUEGO 2163/9;953113;"80-168N        ";80-168N - DUCHA EMB C/TRANSF MONOC BLACK WAVE;3;3;3;23153320;080926094014113;181867673;;;;01/22/2032 00:00:00;3;13858834;08/09/2026 09:40:14;Tiago;Rodriguez;24432366;04/09/2026 12:30:49;6922;Franco;Potenza;Tiago Rodriguez;Franco Potenza
14174011;08/09/2026 09:40:15;3;2;0001  214805-1;05;CAMIONETA EXP 5;2095082;"ZJ02    ";"ZORZON JOANA M -SANTIANO CONSTRUCCIONES           ";AV, TIERRA DEL FUEGO 2163/9;953125;"80-180         ";80-180 - DUCHA EMB. C/TRANSF. MONOCOMANDO VERA;4;4;4;23153320;080926094014113;181863874;;;;11/23/2031 00:00:00;4;13858834;08/09/2026 09:40:14;Tiago;Rodriguez;24432366;04/09/2026 12:30:49;6922;Franco;Potenza;Tiago Rodriguez;Franco Potenza
14174011;08/09/2026 09:40:15;3;2;0001  214805-1;05;CAMIONETA EXP 5;2095082;"ZJ02    ";"ZORZON JOANA M -SANTIANO CONSTRUCCIONES           ";AV, TIERRA DEL FUEGO 2163/9;953150;"80-199N        ";80-199N - DUCHA EMB. C/TRANSF. BLACK C.CERAM LIVE;1;1;1;23153320;080926094014113;181866159;;;;09/27/2031 00:00:00;1;13858834;08/09/2026 09:40:14;Tiago;Rodriguez;24432366;04/09/2026 12:30:49;6922;Franco;Potenza;Tiago Rodriguez;Franco Potenza
14174011;08/09/2026 09:40:15;3;2;0001  214805-1;05;CAMIONETA EXP 5;2095082;"ZJ02    ";"ZORZON JOANA M -SANTIANO CONSTRUCCIONES           ";AV, TIERRA DEL FUEGO 2163/9;953157;"80-203         ";80-203 - DUCHA EMB C/TRANSF. MONOCOMANDO ADRA;2;2;2;23153320;080926094014113;181861498;;;;07/27/2031 00:00:00;2;13858834;08/09/2026 09:40:14;Tiago;Rodriguez;24432366;04/09/2026 12:30:49;6922;Franco;Potenza;Tiago Rodriguez;Franco Potenza
14174011;08/09/2026 09:40:15;3;2;0001  214805-1;05;CAMIONETA EXP 5;2095082;"ZJ02    ";"ZORZON JOANA M -SANTIANO CONSTRUCCIONES           ";AV, TIERRA DEL FUEGO 2163/9;953159;"80-203P        ";80-203P - DUCHA EMB C/TRANSF. MONOCOMANDO ADRA PLUS;2;2;2;23153320;080926094014113;181862075;;;;07/27/2031 00:00:00;2;13858834;08/09/2026 09:40:14;Tiago;Rodriguez;24432366;04/09/2026 12:30:49;6922;Franco;Potenza;Tiago Rodriguez;Franco Potenza
14174011;08/09/2026 09:40:15;3;2;0001  214805-1;05;CAMIONETA EXP 5;2095082;"ZJ02    ";"ZORZON JOANA M -SANTIANO CONSTRUCCIONES           ";AV, TIERRA DEL FUEGO 2163/9;953236;"81-180         ";81-180 - DUCHA EMB. S/TRANSF. MONOCOMANDO VERA;1;1;1;23153320;080926094014113;181867012;;;;01/04/2032 00:00:00;1;13858834;08/09/2026 09:40:14;Tiago;Rodriguez;24432366;04/09/2026 12:30:49;6922;Franco;Potenza;Tiago Rodriguez;Franco Potenza
14174011;08/09/2026 09:40:15;3;2;0001  214805-1;05;CAMIONETA EXP 5;2095082;"ZJ02    ";"ZORZON JOANA M -SANTIANO CONSTRUCCIONES           ";AV, TIERRA DEL FUEGO 2163/9;953318;"83-180         ";83-180 - DUCHA EXT. C/TRANSF. MONOCOMANDO VERA;1;1;1;23153320;080926094014113;181859466;;;;07/27/2031 00:00:00;1;13858834;08/09/2026 09:40:14;Tiago;Rodriguez;24432366;04/09/2026 12:30:49;6922;Franco;Potenza;Tiago Rodriguez;Franco Potenza
14174011;08/09/2026 09:40:15;3;2;0001  214805-1;05;CAMIONETA EXP 5;2095082;"ZJ02    ";"ZORZON JOANA M -SANTIANO CONSTRUCCIONES           ";AV, TIERRA DEL FUEGO 2163/9;953320;"83-203         ";83-203 - DUCHA EXT C/TRANSF. MONOCOMANDO ADRA;1;1;1;23153320;080926094014113;181861961;;;;07/29/2031 00:00:00;1;13858834;08/09/2026 09:40:14;Tiago;Rodriguez;24432366;04/09/2026 12:30:49;6922;Franco;Potenza;Tiago Rodriguez;Franco Potenza
14174011;08/09/2026 09:40:15;3;2;0001  214805-1;05;CAMIONETA EXP 5;2095082;"ZJ02    ";"ZORZON JOANA M -SANTIANO CONSTRUCCIONES           ";AV, TIERRA DEL FUEGO 2163/9;953335;"84-203ST       ";"DUCHA EXT C/COLUMNA CR ADRA                                           ";2;2;2;23153320;080926094014113;181861312;;;;12/15/2031 00:00:00;2;13858834;08/09/2026 09:40:14;Tiago;Rodriguez;24432366;04/09/2026 12:30:49;6922;Franco;Potenza;Tiago Rodriguez;Franco Potenza
14174011;08/09/2026 09:40:15;3;2;0001  214805-1;05;CAMIONETA EXP 5;2095082;"ZJ02    ";"ZORZON JOANA M -SANTIANO CONSTRUCCIONES           ";AV, TIERRA DEL FUEGO 2163/9;953346;"85-168         ";85-168 - DUCHA MONOC C/TRANSF Y DUCHADOR CR WAVE;2;2;2;23153320;080926094014113;181865170;;;;02/01/2032 00:00:00;2;13858834;08/09/2026 09:40:14;Tiago;Rodriguez;24432366;04/09/2026 12:30:49;6922;Franco;Potenza;Tiago Rodriguez;Franco Potenza
14174011;08/09/2026 09:40:15;3;2;0001  214805-1;05;CAMIONETA EXP 5;2095082;"ZJ02    ";"ZORZON JOANA M -SANTIANO CONSTRUCCIONES           ";AV, TIERRA DEL FUEGO 2163/9;953347;"85-168N        ";85-168N - DUCHA MONOC C/TRANSF Y DUCHADOR BLACK WAVE;3;3;3;23153320;080926094014113;181867295;;;;02/04/2032 00:00:00;3;13858834;08/09/2026 09:40:14;Tiago;Rodriguez;24432366;04/09/2026 12:30:49;6922;Franco;Potenza;Tiago Rodriguez;Franco Potenza
14174011;08/09/2026 09:40:15;3;2;0001  214805-1;05;CAMIONETA EXP 5;2095082;"ZJ02    ";"ZORZON JOANA M -SANTIANO CONSTRUCCIONES           ";AV, TIERRA DEL FUEGO 2163/9;953421;"90-166         ";90-166 - PACK GRIF. ADRA PLUS (Lav-Bide-Ducha c/t Plus);2;2;2;23153320;080926094014113;181866827;;;;01/04/2032 00:00:00;2;13858834;08/09/2026 09:40:14;Tiago;Rodriguez;24432366;04/09/2026 12:30:49;6922;Franco;Potenza;Tiago Rodriguez;Franco Potenza
14174011;08/09/2026 09:40:15;3;2;0001  214805-1;05;CAMIONETA EXP 5;2095082;"ZJ02    ";"ZORZON JOANA M -SANTIANO CONSTRUCCIONES           ";AV, TIERRA DEL FUEGO 2163/9;953422;"90-166N        ";90-166N - PACK GRIF. ADRA BLACK PLUS  (Lav-Bide-Ducha c/t Plus);2;2;2;23153320;080926094014113;181864758;;;;01/11/2032 00:00:00;2;13858834;08/09/2026 09:40:14;Tiago;Rodriguez;24432366;04/09/2026 12:30:49;6922;Franco;Potenza;Tiago Rodriguez;Franco Potenza
14174012;05/09/2026 10:38:56;3;2;0001  214833-1;05;CAMIONETA EXP 5;2091486;"CA63    ";"CARMELO ALEO E HIJOS S.A.                         ";TIBURCIO BENEGAS 609;952719;"61-183         ";"LAVATORIO MONOCOMANDO ALTO MAT                                        ";2;2;2;23153392;050926103854904;181859572;;;;11/02/2031 00:00:00;2;13833263;05/09/2026 10:38:54;Tiago;Rodriguez;24432403;04/09/2026 12:07:18;6867;Javier;Lescano;Tiago Rodriguez;Javier Lescano
14174012;05/09/2026 10:38:56;3;2;0001  214833-1;05;CAMIONETA EXP 5;2091486;"CA63    ";"CARMELO ALEO E HIJOS S.A.                         ";TIBURCIO BENEGAS 609;952933;"70-183         ";"BIDE MONOCOMANDO C/TRANSF MAT                                         ";2;2;2;23153392;050926103854904;181859443;;;;11/02/2031 00:00:00;2;13833263;05/09/2026 10:38:54;Tiago;Rodriguez;24432403;04/09/2026 12:07:18;6867;Javier;Lescano;Tiago Rodriguez;Javier Lescano
14174012;05/09/2026 10:38:56;3;2;0001  214833-1;05;CAMIONETA EXP 5;2091486;"CA63    ";"CARMELO ALEO E HIJOS S.A.                         ";TIBURCIO BENEGAS 609;953351;"85-183         ";"DUCHA EMB C/TRANSF Y DUCHADOR MONOC MAT                               ";2;2;2;23153392;050926103854904;181859297;;;;01/12/2032 00:00:00;2;13833263;05/09/2026 10:38:54;Tiago;Rodriguez;24432403;04/09/2026 12:07:18;6867;Javier;Lescano;Tiago Rodriguez;Javier Lescano
14174013;05/09/2026 11:29:47;3;2;0001  214839-1;05;CAMIONETA EXP 5;2091547;"CC44    ";"CEMENTO CONSTRUCCIONES S.R.L.                     ";AV. TRANSITO COCOMAROLA 1770;953059;"80-057         ";80-057 - DUCHA EMB. C/TRANSF. C.STD VERIN PLUS;1;1;1;23154009;050926112947267;181869143;;;;01/04/2032 00:00:00;1;13833884;05/09/2026 11:29:47;Tiago;Rodriguez;24432931;04/09/2026 12:35:00;6867;Javier;Lescano;Tiago Rodriguez;Javier Lescano
14174013;05/09/2026 11:29:47;3;2;0001  214839-1;05;CAMIONETA EXP 5;2091547;"CC44    ";"CEMENTO CONSTRUCCIONES S.R.L.                     ";AV. TRANSITO COCOMAROLA 1770;953110;"80-166N        ";80-166N - DUCHA EMB. C/TRANSF. BLACK C.CERAM ADRA PLUS;1;1;1;23154009;050926112947267;181864309;;;;01/07/2032 00:00:00;1;13833884;05/09/2026 11:29:47;Tiago;Rodriguez;24432931;04/09/2026 12:35:00;6867;Javier;Lescano;Tiago Rodriguez;Javier Lescano
14174013;05/09/2026 11:29:47;3;2;0001  214839-1;05;CAMIONETA EXP 5;2091547;"CC44    ";"CEMENTO CONSTRUCCIONES S.R.L.                     ";AV. TRANSITO COCOMAROLA 1770;954901;"BCH01          ";BCH01 - BACHA DE APOYAR CIRCULAR 320x145;2;2;2;23154009;050926112947267;181862558;;;;07/28/2031 00:00:00;2;13833884;05/09/2026 11:29:47;Tiago;Rodriguez;24432931;04/09/2026 12:35:00;6867;Javier;Lescano;Tiago Rodriguez;Javier Lescano
14174013;05/09/2026 11:29:47;3;2;0001  214839-1;05;CAMIONETA EXP 5;2091547;"CC44    ";"CEMENTO CONSTRUCCIONES S.R.L.                     ";AV. TRANSITO COCOMAROLA 1770;954908;"BCH07          ";BCH07 - BACHA DE APOYAR OVALADA 400x330x150;2;2;2;23154009;050926112947267;181862226;;;;07/29/2031 00:00:00;2;13833884;05/09/2026 11:29:47;Tiago;Rodriguez;24432931;04/09/2026 12:35:00;6867;Javier;Lescano;Tiago Rodriguez;Javier Lescano
14174013;05/09/2026 11:29:47;3;2;0001  214839-1;05;CAMIONETA EXP 5;2091547;"CC44    ";"CEMENTO CONSTRUCCIONES S.R.L.                     ";AV. TRANSITO COCOMAROLA 1770;952860;"70-057         ";70-057 - BIDE C.STD VERIN PLUS;2;2;2;23154009;050926112947267;181868925;;;;01/11/2032 00:00:00;2;13833884;05/09/2026 11:29:47;Tiago;Rodriguez;24432931;04/09/2026 12:35:00;6867;Javier;Lescano;Tiago Rodriguez;Javier Lescano
14174013;05/09/2026 11:29:47;3;2;0001  214839-1;05;CAMIONETA EXP 5;2091547;"CC44    ";"CEMENTO CONSTRUCCIONES S.R.L.                     ";AV. TRANSITO COCOMAROLA 1770;952647;"60-176         ";"LAVATORIO MONOCOMANDO BAJO CR RIO                                     ";2;2;2;23154009;050926112947267;181865581;;;;10/11/2031 00:00:00;2;13833884;05/09/2026 11:29:47;Tiago;Rodriguez;24432931;04/09/2026 12:35:00;6867;Javier;Lescano;Tiago Rodriguez;Javier Lescano
14174013;05/09/2026 11:29:47;3;2;0001  214839-1;05;CAMIONETA EXP 5;2091547;"CC44    ";"CEMENTO CONSTRUCCIONES S.R.L.                     ";AV. TRANSITO COCOMAROLA 1770;952618;"60-133         ";60-133 - LAVATORIO MONOCOMANDO LUGO;2;2;2;23154009;050926112947267;181860979;;;;07/29/2031 00:00:00;2;13833884;05/09/2026 11:29:47;Tiago;Rodriguez;24432931;04/09/2026 12:35:00;6867;Javier;Lescano;Tiago Rodriguez;Javier Lescano
14174013;05/09/2026 11:29:47;3;2;0001  214839-1;05;CAMIONETA EXP 5;2091547;"CC44    ";"CEMENTO CONSTRUCCIONES S.R.L.                     ";AV. TRANSITO COCOMAROLA 1770;952449;"51-107         ";51-107 - JGO. MESADA CR C.CERAM BEDIA;1;1;1;23154009;050926112947267;181864192;;;;11/10/2031 00:00:00;1;13833884;05/09/2026 11:29:47;Tiago;Rodriguez;24432931;04/09/2026 12:35:00;6867;Javier;Lescano;Tiago Rodriguez;Javier Lescano
14174013;05/09/2026 11:29:47;3;2;0001  214839-1;05;CAMIONETA EXP 5;2091547;"CC44    ";"CEMENTO CONSTRUCCIONES S.R.L.                     ";AV. TRANSITO COCOMAROLA 1770;952437;"51-057         ";51-057 - COCINA MESADA CR C.STD VERIN PLUS;1;1;1;23154009;050926112947267;181863825;;;;01/27/2032 00:00:00;1;13833884;05/09/2026 11:29:47;Tiago;Rodriguez;24432931;04/09/2026 12:35:00;6867;Javier;Lescano;Tiago Rodriguez;Javier Lescano
14174013;05/09/2026 11:29:47;3;2;0001  214839-1;05;CAMIONETA EXP 5;2091547;"CC44    ";"CEMENTO CONSTRUCCIONES S.R.L.                     ";AV. TRANSITO COCOMAROLA 1770;951988;"3060           ";3060 - PORTA CEPILLO LINEA 3000;3;3;3;23154009;050926112947267;181867380;;;;07/29/2031 00:00:00;3;13833884;05/09/2026 11:29:47;Tiago;Rodriguez;24432931;04/09/2026 12:35:00;6867;Javier;Lescano;Tiago Rodriguez;Javier Lescano
14174013;05/09/2026 11:29:47;3;2;0001  214839-1;05;CAMIONETA EXP 5;2091547;"CC44    ";"CEMENTO CONSTRUCCIONES S.R.L.                     ";AV. TRANSITO COCOMAROLA 1770;951983;"3050           ";3050 - JABONERA LINEA 3000;6;6;6;23154009;050926112947267;181866858;;;;07/27/2031 00:00:00;6;13833884;05/09/2026 11:29:47;Tiago;Rodriguez;24432931;04/09/2026 12:35:00;6867;Javier;Lescano;Tiago Rodriguez;Javier Lescano
14174013;05/09/2026 11:29:47;3;2;0001  214839-1;05;CAMIONETA EXP 5;2091547;"CC44    ";"CEMENTO CONSTRUCCIONES S.R.L.                     ";AV. TRANSITO COCOMAROLA 1770;951975;"3040           ";3040 - PORTA ROLLO LINEA 3000;3;3;3;23154009;050926112947267;181866935;;;;07/27/2031 00:00:00;3;13833884;05/09/2026 11:29:47;Tiago;Rodriguez;24432931;04/09/2026 12:35:00;6867;Javier;Lescano;Tiago Rodriguez;Javier Lescano
14174013;05/09/2026 11:29:47;3;2;0001  214839-1;05;CAMIONETA EXP 5;2091547;"CC44    ";"CEMENTO CONSTRUCCIONES S.R.L.                     ";AV. TRANSITO COCOMAROLA 1770;951961;"3030           ";3030 - PERCHA LINEA 3000;3;3;3;23154009;050926112947267;181867011;;;;08/27/2031 00:00:00;3;13833884;05/09/2026 11:29:47;Tiago;Rodriguez;24432931;04/09/2026 12:35:00;6867;Javier;Lescano;Tiago Rodriguez;Javier Lescano
14174013;05/09/2026 11:29:47;3;2;0001  214839-1;05;CAMIONETA EXP 5;2091547;"CC44    ";"CEMENTO CONSTRUCCIONES S.R.L.                     ";AV. TRANSITO COCOMAROLA 1770;951794;"3010           ";3010 - TOALLERO BARRAL LINEA 3000;3;3;3;23154009;050926112947267;181867195;;;;07/29/2031 00:00:00;3;13833884;05/09/2026 11:29:47;Tiago;Rodriguez;24432931;04/09/2026 12:35:00;6867;Javier;Lescano;Tiago Rodriguez;Javier Lescano
14174013;05/09/2026 11:29:47;3;2;0001  214839-1;05;CAMIONETA EXP 5;2091547;"CC44    ";"CEMENTO CONSTRUCCIONES S.R.L.                     ";AV. TRANSITO COCOMAROLA 1770;951748;"3006           ";3006 - SET DE 6 PIEZAS LINEA 3000;3;3;3;23154009;050926112947267;181861680;;;;07/29/2031 00:00:00;3;13833884;05/09/2026 11:29:47;Tiago;Rodriguez;24432931;04/09/2026 12:35:00;6867;Javier;Lescano;Tiago Rodriguez;Javier Lescano
14174013;05/09/2026 11:29:47;3;2;0001  214839-1;05;CAMIONETA EXP 5;2091547;"CC44    ";"CEMENTO CONSTRUCCIONES S.R.L.                     ";AV. TRANSITO COCOMAROLA 1770;951535;"20-160         ";20-160 - MONOCOMANDO MESADA COCINA DIQUE;2;2;2;23154009;050926112947267;181860845;;;;07/28/2031 00:00:00;2;13833884;05/09/2026 11:29:47;Tiago;Rodriguez;24432931;04/09/2026 12:35:00;6867;Javier;Lescano;Tiago Rodriguez;Javier Lescano
14174013;05/09/2026 11:29:47;3;2;0001  214839-1;05;CAMIONETA EXP 5;2091547;"CC44    ";"CEMENTO CONSTRUCCIONES S.R.L.                     ";AV. TRANSITO COCOMAROLA 1770;951530;"20-146         ";20-146 - MONOCOMANDO DE COCINA CR LINEA MOVE;2;2;2;23154009;050926112947267;181860568;;;;10/09/2031 00:00:00;2;13833884;05/09/2026 11:29:47;Tiago;Rodriguez;24432931;04/09/2026 12:35:00;6867;Javier;Lescano;Tiago Rodriguez;Javier Lescano
14174013;05/09/2026 11:29:47;3;2;0001  214839-1;05;CAMIONETA EXP 5;2091547;"CC44    ";"CEMENTO CONSTRUCCIONES S.R.L.                     ";AV. TRANSITO COCOMAROLA 1770;951523;"20-134         ";20-134 - MONOCOMANDO COCINA BETIS;3;3;3;23154009;050926112947267;181863295;;;;08/11/2031 00:00:00;3;13833884;05/09/2026 11:29:47;Tiago;Rodriguez;24432931;04/09/2026 12:35:00;6867;Javier;Lescano;Tiago Rodriguez;Javier Lescano
14174013;05/09/2026 11:29:47;3;2;0001  214839-1;05;CAMIONETA EXP 5;2091547;"CC44    ";"CEMENTO CONSTRUCCIONES S.R.L.                     ";AV. TRANSITO COCOMAROLA 1770;951488;"20-102         ";"20-102 - MONOCOMANDO MESADA CROMO ""RENACER""";3;3;3;23154009;050926112947267;181862066;;;;08/20/2031 00:00:00;3;13833884;05/09/2026 11:29:47;Tiago;Rodriguez;24432931;04/09/2026 12:35:00;6867;Javier;Lescano;Tiago Rodriguez;Javier Lescano
14174014;08/09/2026 09:53:29;3;2;0001  214846-1;05;CAMIONETA EXP 5;2091550;"CC47    ";"CONSTRUCTORA C.B.C. S.R.L.                        ";IRIGOYEN 905;953161;"80-205         ";80-205 - DUCHA EMB. C/TRANSF. MONOC STEEL;2;2;2;23153715;080926095327417;181860561;;;;08/11/2031 00:00:00;2;13859152;08/09/2026 09:53:27;Tiago;Rodriguez;24432648;04/09/2026 12:36:19;7636;Kevin;Arce;Tiago Rodriguez;Kevin Arce
14174014;08/09/2026 09:53:29;3;2;0001  214846-1;05;CAMIONETA EXP 5;2091550;"CC47    ";"CONSTRUCTORA C.B.C. S.R.L.                        ";IRIGOYEN 905;953156;"80-201NI       ";80-201NI - DUCHA EMB C/TRANSF C.CERAM BEAT NICKEL;2;2;2;23153715;080926095327417;181868628;;;;11/10/2031 00:00:00;2;13859152;08/09/2026 09:53:27;Tiago;Rodriguez;24432648;04/09/2026 12:36:19;7636;Kevin;Arce;Tiago Rodriguez;Kevin Arce
14174014;08/09/2026 09:53:29;3;2;0001  214846-1;05;CAMIONETA EXP 5;2091550;"CC47    ";"CONSTRUCTORA C.B.C. S.R.L.                        ";IRIGOYEN 905;953154;"80-200N        ";80-200N - DUCHA EMB. MONOC. 3 FUNCIONES BLACK FABRIC;1;1;1;23153715;080926095327417;181864566;;;;01/04/2032 00:00:00;1;13859152;08/09/2026 09:53:27;Tiago;Rodriguez;24432648;04/09/2026 12:36:19;7636;Kevin;Arce;Tiago Rodriguez;Kevin Arce
14174014;08/09/2026 09:53:29;3;2;0001  214846-1;05;CAMIONETA EXP 5;2091550;"CC47    ";"CONSTRUCTORA C.B.C. S.R.L.                        ";IRIGOYEN 905;953150;"80-199N        ";80-199N - DUCHA EMB. C/TRANSF. BLACK C.CERAM LIVE;2;2;2;23153715;080926095327417;181868435;;;;09/27/2031 00:00:00;2;13859152;08/09/2026 09:53:27;Tiago;Rodriguez;24432648;04/09/2026 12:36:19;7636;Kevin;Arce;Tiago Rodriguez;Kevin Arce
14174014;08/09/2026 09:53:29;3;2;0001  214846-1;05;CAMIONETA EXP 5;2091550;"CC47    ";"CONSTRUCTORA C.B.C. S.R.L.                        ";IRIGOYEN 905;953125;"80-180         ";80-180 - DUCHA EMB. C/TRANSF. MONOCOMANDO VERA;1;1;1;23153715;080926095327417;181863300;;;;11/23/2031 00:00:00;1;13859152;08/09/2026 09:53:27;Tiago;Rodriguez;24432648;04/09/2026 12:36:19;7636;Kevin;Arce;Tiago Rodriguez;Kevin Arce
14174014;08/09/2026 09:53:29;3;2;0001  214846-1;05;CAMIONETA EXP 5;2091550;"CC47    ";"CONSTRUCTORA C.B.C. S.R.L.                        ";IRIGOYEN 905;953118;"80-175DG       ";80-175DG - DUCHA EMB C/TRANSF. PULSE DARK GOLD C.CERAM;1;1;1;23153715;080926095327417;181865145;;;;10/19/2031 00:00:00;1;13859152;08/09/2026 09:53:27;Tiago;Rodriguez;24432648;04/09/2026 12:36:19;7636;Kevin;Arce;Tiago Rodriguez;Kevin Arce
14174014;08/09/2026 09:53:29;3;2;0001  214846-1;05;CAMIONETA EXP 5;2091550;"CC47    ";"CONSTRUCTORA C.B.C. S.R.L.                        ";IRIGOYEN 905;953102;"80-152         ";80-152 - DUCHA EMB. CR C/TRANSF. MONOCOMANDO SORIA;1;1;1;23153715;080926095327417;181861824;;;;10/26/2031 00:00:00;1;13859152;08/09/2026 09:53:27;Tiago;Rodriguez;24432648;04/09/2026 12:36:19;7636;Kevin;Arce;Tiago Rodriguez;Kevin Arce
14174014;08/09/2026 09:53:29;3;2;0001  214846-1;05;CAMIONETA EXP 5;2091550;"CC47    ";"CONSTRUCTORA C.B.C. S.R.L.                        ";IRIGOYEN 905;953060;"80-058         ";80-058 - DUCHA EMB. C/TRANSF. CR C.STD MALBA;6;6;6;23153715;080926095327417;181867927;;;;01/06/2032 00:00:00;6;13859152;08/09/2026 09:53:27;Tiago;Rodriguez;24432648;04/09/2026 12:36:19;7636;Kevin;Arce;Tiago Rodriguez;Kevin Arce
14174014;08/09/2026 09:53:29;3;2;0001  214846-1;05;CAMIONETA EXP 5;2091550;"CC47    ";"CONSTRUCTORA C.B.C. S.R.L.                        ";IRIGOYEN 905;952956;"70-205         ";70-205 - BIDE MONOCOMANDO STEEL;2;2;2;23153715;080926095327417;181859679;;;;11/08/2031 00:00:00;2;13859152;08/09/2026 09:53:27;Tiago;Rodriguez;24432648;04/09/2026 12:36:19;7636;Kevin;Arce;Tiago Rodriguez;Kevin Arce
14174014;08/09/2026 09:53:29;3;2;0001  214846-1;05;CAMIONETA EXP 5;2091550;"CC47    ";"CONSTRUCTORA C.B.C. S.R.L.                        ";IRIGOYEN 905;952947;"70-199N        ";70-199N - BIDE BLACK C.CERAM LIVE;1;1;1;23153715;080926095327417;181868141;;;;07/29/2031 00:00:00;1;13859152;08/09/2026 09:53:27;Tiago;Rodriguez;24432648;04/09/2026 12:36:19;7636;Kevin;Arce;Tiago Rodriguez;Kevin Arce
14174014;08/09/2026 09:53:29;3;2;0001  214846-1;05;CAMIONETA EXP 5;2091550;"CC47    ";"CONSTRUCTORA C.B.C. S.R.L.                        ";IRIGOYEN 905;952945;"70-199         ";70-199 - BIDE CR C.CERAM LIVE;2;2;2;23153715;080926095327417;181867148;;;;12/16/2031 00:00:00;2;13859152;08/09/2026 09:53:27;Tiago;Rodriguez;24432648;04/09/2026 12:36:19;7636;Kevin;Arce;Tiago Rodriguez;Kevin Arce
14174014;08/09/2026 09:53:29;3;2;0001  214846-1;05;CAMIONETA EXP 5;2091550;"CC47    ";"CONSTRUCTORA C.B.C. S.R.L.                        ";IRIGOYEN 905;952938;"70-192         ";70-192 - BIDE SORIA BLACK;1;1;1;23153715;080926095327417;181862231;;;;07/27/2031 00:00:00;1;13859152;08/09/2026 09:53:27;Tiago;Rodriguez;24432648;04/09/2026 12:36:19;7636;Kevin;Arce;Tiago Rodriguez;Kevin Arce
14174014;08/09/2026 09:53:29;3;2;0001  214846-1;05;CAMIONETA EXP 5;2091550;"CC47    ";"CONSTRUCTORA C.B.C. S.R.L.                        ";IRIGOYEN 905;952928;"70-180         ";70-180 - BIDE MONOCOMANDO C/TRANSF. VERA;1;1;1;23153715;080926095327417;181862459;;;;07/27/2031 00:00:00;1;13859152;08/09/2026 09:53:27;Tiago;Rodriguez;24432648;04/09/2026 12:36:19;7636;Kevin;Arce;Tiago Rodriguez;Kevin Arce
14174014;08/09/2026 09:53:29;3;2;0001  214846-1;05;CAMIONETA EXP 5;2091550;"CC47    ";"CONSTRUCTORA C.B.C. S.R.L.                        ";IRIGOYEN 905;952921;"70-175DG       ";70-175DG - BIDE PULSE DARK GOLD C.CERAM;1;1;1;23153715;080926095327417;181864889;;;;07/31/2031 00:00:00;1;13859152;08/09/2026 09:53:27;Tiago;Rodriguez;24432648;04/09/2026 12:36:19;7636;Kevin;Arce;Tiago Rodriguez;Kevin Arce
14174014;08/09/2026 09:53:29;3;2;0001  214846-1;05;CAMIONETA EXP 5;2091550;"CC47    ";"CONSTRUCTORA C.B.C. S.R.L.                        ";IRIGOYEN 905;952908;"70-152         ";70-152 - BIDE MONOCOMANDO CR C/TRANSFERENCIA SORIA;1;1;1;23153715;080926095327417;181861730;;;;07/28/2031 00:00:00;1;13859152;08/09/2026 09:53:27;Tiago;Rodriguez;24432648;04/09/2026 12:36:19;7636;Kevin;Arce;Tiago Rodriguez;Kevin Arce
14174014;08/09/2026 09:53:29;3;2;0001  214846-1;05;CAMIONETA EXP 5;2091550;"CC47    ";"CONSTRUCTORA C.B.C. S.R.L.                        ";IRIGOYEN 905;952862;"70-058         ";70-058 - BIDE CR C.STD MALBA;4;4;4;23153715;080926095327417;181867639;;;;10/20/2031 00:00:00;4;13859152;08/09/2026 09:53:27;Tiago;Rodriguez;24432648;04/09/2026 12:36:19;7636;Kevin;Arce;Tiago Rodriguez;Kevin Arce
14174014;08/09/2026 09:53:29;3;2;0001  214846-1;05;CAMIONETA EXP 5;2091550;"CC47    ";"CONSTRUCTORA C.B.C. S.R.L.                        ";IRIGOYEN 905;952723;"61-200C        ";61-200C - LAVATORIO MONOC ALTO CR FABRIC;2;2;2;23153715;080926095327417;181860143;;;;07/27/2031 00:00:00;2;13859152;08/09/2026 09:53:27;Tiago;Rodriguez;24432648;04/09/2026 12:36:19;7636;Kevin;Arce;Tiago Rodriguez;Kevin Arce
14174014;08/09/2026 09:53:29;3;2;0001  214846-1;05;CAMIONETA EXP 5;2091550;"CC47    ";"CONSTRUCTORA C.B.C. S.R.L.                        ";IRIGOYEN 905;952714;"61-180         ";61-180 - LAVATORIO MONOCOMANDO ALTO VERA;1;1;1;23153715;080926095327417;181862143;;;;07/28/2031 00:00:00;1;13859152;08/09/2026 09:53:27;Tiago;Rodriguez;24432648;04/09/2026 12:36:19;7636;Kevin;Arce;Tiago Rodriguez;Kevin Arce
14174014;08/09/2026 09:53:29;3;2;0001  214846-1;05;CAMIONETA EXP 5;2091550;"CC47    ";"CONSTRUCTORA C.B.C. S.R.L.                        ";IRIGOYEN 905;952707;"61-152         ";61-152 - LAVATORIO MONOCOMANDO CROMO ALTO SORIA;1;1;1;23153715;080926095327417;181861617;;;;07/27/2031 00:00:00;1;13859152;08/09/2026 09:53:27;Tiago;Rodriguez;24432648;04/09/2026 12:36:19;7636;Kevin;Arce;Tiago Rodriguez;Kevin Arce
14174014;08/09/2026 09:53:29;3;2;0001  214846-1;05;CAMIONETA EXP 5;2091550;"CC47    ";"CONSTRUCTORA C.B.C. S.R.L.                        ";IRIGOYEN 905;952679;"60-205         ";60-205 - LAVATORIO MONOC BAJO STEEL;1;1;1;23153715;080926095327417;181859504;;;;07/27/2031 00:00:00;1;13859152;08/09/2026 09:53:27;Tiago;Rodriguez;24432648;04/09/2026 12:36:19;7636;Kevin;Arce;Tiago Rodriguez;Kevin Arce
14174014;08/09/2026 09:53:29;3;2;0001  214846-1;05;CAMIONETA EXP 5;2091550;"CC47    ";"CONSTRUCTORA C.B.C. S.R.L.                        ";IRIGOYEN 905;952676;"60-201NI       ";60-201NI - LAVATORIO C.CERAM BEAT NICKEL;1;1;1;23153715;080926095327417;181868562;;;;08/20/2031 00:00:00;1;13859152;08/09/2026 09:53:27;Tiago;Rodriguez;24432648;04/09/2026 12:36:19;7636;Kevin;Arce;Tiago Rodriguez;Kevin Arce
14174014;08/09/2026 09:53:29;3;2;0001  214846-1;05;CAMIONETA EXP 5;2091550;"CC47    ";"CONSTRUCTORA C.B.C. S.R.L.                        ";IRIGOYEN 905;952643;"60-175DG       ";60-175DG - LAVATORIO PULSE DARK GOLD C.CERAM;1;1;1;23153715;080926095327417;181864833;;;;07/31/2031 00:00:00;1;13859152;08/09/2026 09:53:27;Tiago;Rodriguez;24432648;04/09/2026 12:36:19;7636;Kevin;Arce;Tiago Rodriguez;Kevin Arce
14174014;08/09/2026 09:53:29;3;2;0001  214846-1;05;CAMIONETA EXP 5;2091550;"CC47    ";"CONSTRUCTORA C.B.C. S.R.L.                        ";IRIGOYEN 905;952597;"60-100N        ";60-100N - LAVATORIO BLACK C.CERAM FABRIC;1;1;1;23153715;080926095327417;181866113;;;;12/01/2031 00:00:00;1;13859152;08/09/2026 09:53:27;Tiago;Rodriguez;24432648;04/09/2026 12:36:19;7636;Kevin;Arce;Tiago Rodriguez;Kevin Arce
14174014;08/09/2026 09:53:29;3;2;0001  214846-1;05;CAMIONETA EXP 5;2091550;"CC47    ";"CONSTRUCTORA C.B.C. S.R.L.                        ";IRIGOYEN 905;952596;"60-100G        ";60-100G - LAVATORIO GOLD C.CERAM FABRIC;1;1;1;23153715;080926095327417;181866170;;;;11/10/2031 00:00:00;1;13859152;08/09/2026 09:53:27;Tiago;Rodriguez;24432648;04/09/2026 12:36:19;7636;Kevin;Arce;Tiago Rodriguez;Kevin Arce
14174014;08/09/2026 09:53:29;3;2;0001  214846-1;05;CAMIONETA EXP 5;2091550;"CC47    ";"CONSTRUCTORA C.B.C. S.R.L.                        ";IRIGOYEN 905;952583;"60-058         ";60-058 - LAVATORIO CR C.STD MALBA;2;2;2;23153715;080926095327417;181867697;;;;12/03/2031 00:00:00;2;13859152;08/09/2026 09:53:27;Tiago;Rodriguez;24432648;04/09/2026 12:36:19;7636;Kevin;Arce;Tiago Rodriguez;Kevin Arce
14174014;08/09/2026 09:53:29;3;2;0001  214846-1;05;CAMIONETA EXP 5;2091550;"CC47    ";"CONSTRUCTORA C.B.C. S.R.L.                        ";IRIGOYEN 905;951508;"20-121         ";20-121 - COCINA MSDA MONOC.P. REDONDO MARBELLA;2;2;2;23153715;080926095327417;181861062;;;;07/30/2031 00:00:00;2;13859152;08/09/2026 09:53:27;Tiago;Rodriguez;24432648;04/09/2026 12:36:19;7636;Kevin;Arce;Tiago Rodriguez;Kevin Arce
14174014;08/09/2026 09:53:29;3;2;0001  214846-1;05;CAMIONETA EXP 5;2091550;"CC47    ";"CONSTRUCTORA C.B.C. S.R.L.                        ";IRIGOYEN 905;951258;"16006          ";16006 - SET 6 PIEZAS ACCESORIOS LINEA 16000;4;4;4;23153715;080926095327417;181863718;;;;07/29/2031 00:00:00;4;13859152;08/09/2026 09:53:27;Tiago;Rodriguez;24432648;04/09/2026 12:36:19;7636;Kevin;Arce;Tiago Rodriguez;Kevin Arce
14174014;08/09/2026 09:53:29;3;2;0001  214846-1;05;CAMIONETA EXP 5;2091550;"CC47    ";"CONSTRUCTORA C.B.C. S.R.L.                        ";IRIGOYEN 905;951132;"13006          ";"SET DE 6 PIEZAS LINEA 13000                                           ";4;4;4;23153715;080926095327417;181864132;;;;07/28/2031 00:00:00;4;13859152;08/09/2026 09:53:27;Tiago;Rodriguez;24432648;04/09/2026 12:36:19;7636;Kevin;Arce;Tiago Rodriguez;Kevin Arce
14174014;08/09/2026 09:53:29;3;2;0001  214846-1;05;CAMIONETA EXP 5;2091550;"CC47    ";"CONSTRUCTORA C.B.C. S.R.L.                        ";IRIGOYEN 905;951098;"11006          ";"SET DE 6 PIEZAS LINEA 11000                                           ";4;4;4;23153715;080926095327417;181862965;;;;07/29/2031 00:00:00;4;13859152;08/09/2026 09:53:27;Tiago;Rodriguez;24432648;04/09/2026 12:36:19;7636;Kevin;Arce;Tiago Rodriguez;Kevin Arce
14174015;05/09/2026 08:52:25;3;2;0001  215070-1;05;CAMIONETA EXP 5;2091224;"BA41    ";"BALCARCE 54 S.A.                                  ";FRENCH 7460;952720;"61-192         ";61-192 - LAVATORIO ALTO SORIA BLACK;3;3;3;23172407;050926085219914;182000621;;;;07/27/2031 00:00:00;3;13831874;05/09/2026 08:52:19;Tiago;Rodriguez;24451570;05/09/2026 06:27:42;6584;Luis Alberto;Villareal;Tiago Rodriguez;Luis Alberto Villareal
14174015;05/09/2026 08:52:25;3;2;0001  215070-1;05;CAMIONETA EXP 5;2091224;"BA41    ";"BALCARCE 54 S.A.                                  ";FRENCH 7460;953156;"80-201NI       ";80-201NI - DUCHA EMB C/TRANSF C.CERAM BEAT NICKEL;5;5;5;23172407;050926085219914;182000868;;;;11/10/2031 00:00:00;5;13831874;05/09/2026 08:52:19;Tiago;Rodriguez;24451570;05/09/2026 06:27:42;6584;Luis Alberto;Villareal;Tiago Rodriguez;Luis Alberto Villareal
14174015;05/09/2026 08:52:25;3;2;0001  215070-1;05;CAMIONETA EXP 5;2091224;"BA41    ";"BALCARCE 54 S.A.                                  ";FRENCH 7460;954379;"A1539N         ";"TAPA Y TECLA PARA VALVULA DE DESCARGA CUADRADA MINIMALISTA BLACK      ";8;8;8;23172407;050926085219914;182000776;;;;07/31/2031 00:00:00;8;13831874;05/09/2026 08:52:19;Tiago;Rodriguez;24451570;05/09/2026 06:27:42;6584;Luis Alberto;Villareal;Tiago Rodriguez;Luis Alberto Villareal
14174015;05/09/2026 08:52:25;3;2;0001  215070-1;05;CAMIONETA EXP 5;2091224;"BA41    ";"BALCARCE 54 S.A.                                  ";FRENCH 7460;954382;"A1540          ";"CUERPO VALVULA DE DESAGOTE P/INODORO TECNO 02-010/011                 ";5;5;5;23172407;050926085219914;182000809;;;;07/28/2031 00:00:00;5;13831874;05/09/2026 08:52:19;Tiago;Rodriguez;24451570;05/09/2026 06:27:42;6584;Luis Alberto;Villareal;Tiago Rodriguez;Luis Alberto Villareal
14174017;05/09/2026 10:58:50;3;2;0001  215081-1;05;CAMIONETA EXP 5;2092590;"FV09    ";"FERRIOL VIVES J.M. - SANITARIOS J-F               ";ACCESO JULIO F RAMOS 255;951116;"12006          ";"SET DE 6 PIEZAS LINEA 12000                                           ";2;2;2;23153398;050926105846098;181861163;;;;07/30/2031 00:00:00;2;13833538;05/09/2026 10:58:46;Tiago;Rodriguez;24432374;04/09/2026 12:13:52;7152;Mirko;Hernandez;Tiago Rodriguez;Mirko Hernandez
14174017;05/09/2026 10:58:50;3;2;0001  215081-1;05;CAMIONETA EXP 5;2092590;"FV09    ";"FERRIOL VIVES J.M. - SANITARIOS J-F               ";ACCESO JULIO F RAMOS 255;951512;"20-122         ";"MONOCOMANDO COCINA CR C/PICO EXTRAIBLE VALENCIA                       ";2;2;2;23153398;050926105846098;181861432;;;;08/06/2031 00:00:00;2;13833538;05/09/2026 10:58:46;Tiago;Rodriguez;24432374;04/09/2026 12:13:52;7152;Mirko;Hernandez;Tiago Rodriguez;Mirko Hernandez
14174017;05/09/2026 10:58:50;3;2;0001  215081-1;05;CAMIONETA EXP 5;2092590;"FV09    ";"FERRIOL VIVES J.M. - SANITARIOS J-F               ";ACCESO JULIO F RAMOS 255;952634;"60-162         ";60-162 - LAVATORIO CR C.CERAM LINEA ADRA;2;2;2;23153398;050926105846098;181857274;;;;07/29/2031 00:00:00;2;13833538;05/09/2026 10:58:46;Tiago;Rodriguez;24432374;04/09/2026 12:13:52;7152;Mirko;Hernandez;Tiago Rodriguez;Mirko Hernandez
14174017;05/09/2026 10:58:50;3;2;0001  215081-1;05;CAMIONETA EXP 5;2092590;"FV09    ";"FERRIOL VIVES J.M. - SANITARIOS J-F               ";ACCESO JULIO F RAMOS 255;952912;"70-162         ";70-162 - BIDE CR C.CERAM LINEA ADRA;2;2;2;23153398;050926105846098;181857749;;;;07/29/2031 00:00:00;2;13833538;05/09/2026 10:58:46;Tiago;Rodriguez;24432374;04/09/2026 12:13:52;7152;Mirko;Hernandez;Tiago Rodriguez;Mirko Hernandez
14174017;05/09/2026 10:58:50;3;2;0001  215081-1;05;CAMIONETA EXP 5;2092590;"FV09    ";"FERRIOL VIVES J.M. - SANITARIOS J-F               ";ACCESO JULIO F RAMOS 255;953107;"80-162         ";80-162 - DUCHA EMB. C/TRANSF. CR C.CERAM ADRA;2;2;2;23153398;050926105846098;181857541;;;;07/29/2031 00:00:00;2;13833538;05/09/2026 10:58:46;Tiago;Rodriguez;24432374;04/09/2026 12:13:52;7152;Mirko;Hernandez;Tiago Rodriguez;Mirko Hernandez
14174017;05/09/2026 10:58:50;3;2;0001  215081-1;05;CAMIONETA EXP 5;2092590;"FV09    ";"FERRIOL VIVES J.M. - SANITARIOS J-F               ";ACCESO JULIO F RAMOS 255;953109;"80-166         ";"DUCHA EMB. C/TRANSF. CR C.CERAM ADRA PLUS                             ";1;1;1;23153398;050926105846098;181857611;;;;01/18/2032 00:00:00;1;13833538;05/09/2026 10:58:46;Tiago;Rodriguez;24432374;04/09/2026 12:13:52;7152;Mirko;Hernandez;Tiago Rodriguez;Mirko Hernandez
14174018;05/09/2026 09:54:13;3;2;0001  215097-1;05;CAMIONETA EXP 5;2092590;"FV09    ";"FERRIOL VIVES J.M. - SANITARIOS J-F               ";ACCESO JULIO F RAMOS 255;952452;"51-122         ";51-122 - MESADA BIMANDO CR C.CERAM VALENCIA;1;1;1;23153399;050926095413095;181860298;;;;01/17/2032 00:00:00;1;13832709;05/09/2026 09:54:13;Maximiliano;Nievas;24432374;04/09/2026 12:13:52;7152;Mirko;Hernandez;Maximiliano Nievas;Mirko Hernandez
14174019;04/09/2026 12:02:07;3;2;0001  215111-1;05;CAMIONETA EXP 5;2092262;"ED04    ";"EDIFICOR S.R.L.                                   ";RUTA A005 ESQ PTE. PERON (O);951535;"20-160         ";20-160 - MONOCOMANDO MESADA COCINA DIQUE;100;100;100;23152606;040926120205786;181855978;;;;07/28/2031 00:00:00;100;13817664;04/09/2026 12:02:05;Gustavo;Soderquvist;24431440;04/09/2026 11:57:26;6867;Javier;Lescano;Gustavo Soderquvist;Javier Lescano
14174020;05/09/2026 11:24:41;3;2;0001  214739-1;05;CAMIONETA EXP 5;2093237;"LM06    ";"LADRILLOS MERLINO S.R.L.                          ";AV. DE CIRCUNVALACION AGUSTIN TOSCO 4460;953171;"80-353NI       ";80-353NI - DUCHA DE EMB 3 FUNCIONES BEAT NICKEL;3;3;3;23153400;050926112441408;181858674;;;;01/11/2032 00:00:00;3;13833888;05/09/2026 11:24:41;Maximiliano;Nievas;24432374;04/09/2026 12:13:52;7152;Mirko;Hernandez;Maximiliano Nievas;Mirko Hernandez
14174021;05/09/2026 10:40:23;3;2;0001  215136-1;05;CAMIONETA EXP 5;2092262;"ED04    ";"EDIFICOR S.R.L.                                   ";AV. LOS MOLDAVOS 3131;951314;"18020          ";18020 - TOALLERO DE ARO NIQUEL LINEA BEAT;3;3;3;23153393;050926104023609;181858863;;;;07/29/2031 00:00:00;3;13833272;05/09/2026 10:40:23;Tiago;Rodriguez;24432403;04/09/2026 12:07:18;6867;Javier;Lescano;Tiago Rodriguez;Javier Lescano
14174021;05/09/2026 10:40:23;3;2;0001  215136-1;05;CAMIONETA EXP 5;2092262;"ED04    ";"EDIFICOR S.R.L.                                   ";AV. LOS MOLDAVOS 3131;951318;"18040          ";18040 - PORTA ROLLO NIQUEL LINEA BEAT;10;10;10;23153393;050926104023609;181858450;;;;07/28/2031 00:00:00;10;13833272;05/09/2026 10:40:23;Tiago;Rodriguez;24432403;04/09/2026 12:07:18;6867;Javier;Lescano;Tiago Rodriguez;Javier Lescano
14174116;08/09/2026 10:08:54;3;2;0001  214984-1;05;CAMIONETA EXP 6;2092193;"DR13    ";"DOS RIZZO S. A.                                   ";AV. JUAN B. JUSTO 2936;952634;"60-162         ";60-162 - LAVATORIO CR C.CERAM LINEA ADRA;4;4;4;23221030;080926100853383;182369195;;;;07/29/2031 00:00:00;4;13859642;08/09/2026 10:08:53;Agustin;Scirica;24500137;08/09/2026 09:44:37;7636;Kevin;Arce;Agustin Scirica;Kevin Arce
14174116;08/09/2026 10:08:54;3;2;0001  214984-1;05;CAMIONETA EXP 6;2092193;"DR13    ";"DOS RIZZO S. A.                                   ";AV. JUAN B. JUSTO 2936;952912;"70-162         ";70-162 - BIDE CR C.CERAM LINEA ADRA;4;4;4;23221030;080926100853383;182369440;;;;07/29/2031 00:00:00;4;13859642;08/09/2026 10:08:53;Agustin;Scirica;24500137;08/09/2026 09:44:37;7636;Kevin;Arce;Agustin Scirica;Kevin Arce
14174116;08/09/2026 10:08:54;3;2;0001  214984-1;05;CAMIONETA EXP 6;2092193;"DR13    ";"DOS RIZZO S. A.                                   ";AV. JUAN B. JUSTO 2936;953109;"80-166         ";"DUCHA EMB. C/TRANSF. CR C.CERAM ADRA PLUS                             ";4;4;4;23221030;080926100853383;182369744;;;;01/18/2032 00:00:00;4;13859642;08/09/2026 10:08:53;Agustin;Scirica;24500137;08/09/2026 09:44:37;7636;Kevin;Arce;Agustin Scirica;Kevin Arce
14174117;08/09/2026 06:36:05;3;2;0001  214988-1;05;CAMIONETA EXP 6;2094690;"SU09    ";"SUPERMAT CENTRAL S.A.S.                           ";AV PTE CASTILLO 216;952740;"62-100G        ";62-100G - LAVATORIO DE PARED GOLD C.CERAM FABRIC;1;1;1;23177311;080926063604010;182038696;;;;12/20/2031 00:00:00;1;13855908;08/09/2026 06:36:04;Gustavo;Soderquvist;24456841;05/09/2026 11:03:00;6584;Luis Alberto;Villareal;Gustavo Soderquvist;Luis Alberto Villareal
14174118;08/09/2026 11:03:25;3;2;0001  214989-1;05;CAMIONETA EXP 6;2091372;"BO15    ";"BOTTIGLIERI S.R.L.                                ";PELAGIO B LUNA 925;953331;"84-190         ";84-190 - DUCHA EXTERIOR CON COLUMNA BLACK VELVET;1;1;1;23176546;080926110323236;182035440;;;;10/06/2031 00:00:00;1;13861304;08/09/2026 11:03:23;Gustavo;Soderquvist;24455974;05/09/2026 10:42:34;6584;Luis Alberto;Villareal;Gustavo Soderquvist;Luis Alberto Villareal
14174118;08/09/2026 11:03:25;3;2;0001  214989-1;05;CAMIONETA EXP 6;2091372;"BO15    ";"BOTTIGLIERI S.R.L.                                ";PELAGIO B LUNA 925;953334;"84-203         ";"DUCHA EXT C/COLUMNA Y TRANSF CR ADRA                                  ";1;1;1;23176546;080926110323236;182033400;;;;12/02/2031 00:00:00;1;13861304;08/09/2026 11:03:23;Gustavo;Soderquvist;24455974;05/09/2026 10:42:34;6584;Luis Alberto;Villareal;Gustavo Soderquvist;Luis Alberto Villareal
14174119;08/09/2026 10:15:36;3;2;0001  214990-1;05;CAMIONETA EXP 6;2091683;"CI04    ";"LA CASA DEL INSTALADOR S.A.                       ";INDEPENDENCIA 1100;952679;"60-205         ";60-205 - LAVATORIO MONOC BAJO STEEL;3;3;3;23220130;080926101535819;182362541;;;;07/27/2031 00:00:00;3;13859825;08/09/2026 10:15:35;Maximiliano;Nievas;24499366;08/09/2026 09:38:14;6414;Agustin;Scirica;Maximiliano Nievas;Agustin Scirica
14174119;08/09/2026 10:15:36;3;2;0001  214990-1;05;CAMIONETA EXP 6;2091683;"CI04    ";"LA CASA DEL INSTALADOR S.A.                       ";INDEPENDENCIA 1100;952677;"60-203         ";60-203 - LAVATORIO MONOCOMANDO BAJO ADRA;1;1;1;23220130;080926101535819;182366955;;;;02/10/2032 00:00:00;1;13859825;08/09/2026 10:15:35;Maximiliano;Nievas;24499366;08/09/2026 09:38:14;6414;Agustin;Scirica;Maximiliano Nievas;Agustin Scirica
14174119;08/09/2026 10:15:36;3;2;0001  214990-1;05;CAMIONETA EXP 6;2091683;"CI04    ";"LA CASA DEL INSTALADOR S.A.                       ";INDEPENDENCIA 1100;952647;"60-176         ";"LAVATORIO MONOCOMANDO BAJO CR RIO                                     ";2;2;2;23220130;080926101535819;182364340;;;;10/11/2031 00:00:00;2;13859825;08/09/2026 10:15:35;Maximiliano;Nievas;24499366;08/09/2026 09:38:14;6414;Agustin;Scirica;Maximiliano Nievas;Agustin Scirica
14174119;08/09/2026 10:15:36;3;2;0001  214990-1;05;CAMIONETA EXP 6;2091683;"CI04    ";"LA CASA DEL INSTALADOR S.A.                       ";INDEPENDENCIA 1100;952634;"60-162         ";60-162 - LAVATORIO CR C.CERAM LINEA ADRA;3;3;3;23220130;080926101535819;182367372;;;;07/29/2031 00:00:00;3;13859825;08/09/2026 10:15:35;Maximiliano;Nievas;24499366;08/09/2026 09:38:14;6414;Agustin;Scirica;Maximiliano Nievas;Agustin Scirica
14174119;08/09/2026 10:15:36;3;2;0001  214990-1;05;CAMIONETA EXP 6;2091683;"CI04    ";"LA CASA DEL INSTALADOR S.A.                       ";INDEPENDENCIA 1100;951748;"3006           ";3006 - SET DE 6 PIEZAS LINEA 3000;2;2;2;23220130;080926101535819;182364695;;;;07/29/2031 00:00:00;2;13859825;08/09/2026 10:15:35;Maximiliano;Nievas;24499366;08/09/2026 09:38:14;6414;Agustin;Scirica;Maximiliano Nievas;Agustin Scirica
14174119;08/09/2026 10:15:36;3;2;0001  214990-1;05;CAMIONETA EXP 6;2091683;"CI04    ";"LA CASA DEL INSTALADOR S.A.                       ";INDEPENDENCIA 1100;951615;"21200N         ";21200N - ESQUINERO ORGANIZADOR BLACK 19x19x7;2;2;2;23220130;080926101535819;182364082;;;;07/28/2031 00:00:00;2;13859825;08/09/2026 10:15:35;Maximiliano;Nievas;24499366;08/09/2026 09:38:14;6414;Agustin;Scirica;Maximiliano Nievas;Agustin Scirica
14174119;08/09/2026 10:15:36;3;2;0001  214990-1;05;CAMIONETA EXP 6;2091683;"CI04    ";"LA CASA DEL INSTALADOR S.A.                       ";INDEPENDENCIA 1100;951258;"16006          ";16006 - SET 6 PIEZAS ACCESORIOS LINEA 16000;1;1;1;23220130;080926101535819;182365049;;;;07/29/2031 00:00:00;1;13859825;08/09/2026 10:15:35;Maximiliano;Nievas;24499366;08/09/2026 09:38:14;6414;Agustin;Scirica;Maximiliano Nievas;Agustin Scirica
14174119;08/09/2026 10:15:36;3;2;0001  214990-1;05;CAMIONETA EXP 6;2091683;"CI04    ";"LA CASA DEL INSTALADOR S.A.                       ";INDEPENDENCIA 1100;951116;"12006          ";"SET DE 6 PIEZAS LINEA 12000                                           ";1;1;1;23220130;080926101535819;182364851;;;;07/30/2031 00:00:00;1;13859825;08/09/2026 10:15:35;Maximiliano;Nievas;24499366;08/09/2026 09:38:14;6414;Agustin;Scirica;Maximiliano Nievas;Agustin Scirica
14174119;08/09/2026 10:15:36;3;2;0001  214990-1;05;CAMIONETA EXP 6;2091683;"CI04    ";"LA CASA DEL INSTALADOR S.A.                       ";INDEPENDENCIA 1100;957392;"RA003          ";RA003 - CABEZAL IZQUIERDO CIERRE CERAMICO (CALIENTE);5;5;5;23220130;080926101535819;182365871;;;;09/16/2031 00:00:00;5;13859825;08/09/2026 10:15:35;Maximiliano;Nievas;24499366;08/09/2026 09:38:14;6414;Agustin;Scirica;Maximiliano Nievas;Agustin Scirica
14174119;08/09/2026 10:15:36;3;2;0001  214990-1;05;CAMIONETA EXP 6;2091683;"CI04    ";"LA CASA DEL INSTALADOR S.A.                       ";INDEPENDENCIA 1100;953346;"85-168         ";85-168 - DUCHA MONOC C/TRANSF Y DUCHADOR CR WAVE;1;1;1;23220130;080926101535819;182366640;;;;02/01/2032 00:00:00;1;13859825;08/09/2026 10:15:35;Maximiliano;Nievas;24499366;08/09/2026 09:38:14;6414;Agustin;Scirica;Maximiliano Nievas;Agustin Scirica
14174119;08/09/2026 10:15:36;3;2;0001  214990-1;05;CAMIONETA EXP 6;2091683;"CI04    ";"LA CASA DEL INSTALADOR S.A.                       ";INDEPENDENCIA 1100;953334;"84-203         ";"DUCHA EXT C/COLUMNA Y TRANSF CR ADRA                                  ";2;2;2;23220130;080926101535819;182363523;;;;12/02/2031 00:00:00;2;13859825;08/09/2026 10:15:35;Maximiliano;Nievas;24499366;08/09/2026 09:38:14;6414;Agustin;Scirica;Maximiliano Nievas;Agustin Scirica
14174119;08/09/2026 10:15:36;3;2;0001  214990-1;05;CAMIONETA EXP 6;2091683;"CI04    ";"LA CASA DEL INSTALADOR S.A.                       ";INDEPENDENCIA 1100;952712;"61-176         ";61-176 - LAVATORIO MONOC ALTO CR RIO;2;2;2;23220130;080926101535819;182364460;;;;10/09/2031 00:00:00;2;13859825;08/09/2026 10:15:35;Maximiliano;Nievas;24499366;08/09/2026 09:38:14;6414;Agustin;Scirica;Maximiliano Nievas;Agustin Scirica
14174120;08/09/2026 10:20:15;3;2;0001  214993-1;05;CAMIONETA EXP 6;2093013;"JA06    ";"JACOR S.R.L. -VIALCOR                             ";JUAN PUJOL 2200;952541;"60-001N        ";"60-001N - LAVATORIO ""CROMO Y""";1;1;1;23221035;080926102014807;182368410;;;;07/29/2031 00:00:00;1;13859982;08/09/2026 10:20:14;Maximiliano;Nievas;24500153;08/09/2026 09:43:22;6922;Franco;Potenza;Maximiliano Nievas;Franco Potenza
14174120;08/09/2026 10:20:15;3;2;0001  214993-1;05;CAMIONETA EXP 6;2093013;"JA06    ";"JACOR S.R.L. -VIALCOR                             ";JUAN PUJOL 2200;952618;"60-133         ";60-133 - LAVATORIO MONOCOMANDO LUGO;3;3;3;23221035;080926102014807;182368928;;;;07/29/2031 00:00:00;3;13859982;08/09/2026 10:20:14;Maximiliano;Nievas;24500153;08/09/2026 09:43:22;6922;Franco;Potenza;Maximiliano Nievas;Franco Potenza
14174120;08/09/2026 10:20:15;3;2;0001  214993-1;05;CAMIONETA EXP 6;2093013;"JA06    ";"JACOR S.R.L. -VIALCOR                             ";JUAN PUJOL 2200;952896;"70-133         ";70-133 - BIDE MONOCOMANDO LUGO;3;3;3;23221035;080926102014807;182369379;;;;07/30/2031 00:00:00;3;13859982;08/09/2026 10:20:14;Maximiliano;Nievas;24500153;08/09/2026 09:43:22;6922;Franco;Potenza;Maximiliano Nievas;Franco Potenza
14174120;08/09/2026 10:20:15;3;2;0001  214993-1;05;CAMIONETA EXP 6;2093013;"JA06    ";"JACOR S.R.L. -VIALCOR                             ";JUAN PUJOL 2200;953018;"80-001N        ";"80-001N - DUCHA EMB. C/TRANSF. ""CROMO Y""";2;2;2;23221035;080926102014807;182368280;;;;07/31/2031 00:00:00;2;13859982;08/09/2026 10:20:14;Maximiliano;Nievas;24500153;08/09/2026 09:43:22;6922;Franco;Potenza;Maximiliano Nievas;Franco Potenza
14174120;08/09/2026 10:20:15;3;2;0001  214993-1;05;CAMIONETA EXP 6;2093013;"JA06    ";"JACOR S.R.L. -VIALCOR                             ";JUAN PUJOL 2200;953312;"83-133         ";83-133 - DUCHA EXT. C/TRANSF. MONOCOMANDO LUGO;3;3;3;23221035;080926102014807;182368738;;;;07/30/2031 00:00:00;3;13859982;08/09/2026 10:20:14;Maximiliano;Nievas;24500153;08/09/2026 09:43:22;6922;Franco;Potenza;Maximiliano Nievas;Franco Potenza
14174121;08/09/2026 10:50:39;3;2;0001  215012-1;05;CAMIONETA EXP 6;2092417;"FC14    ";"FERRETERIA CHEMES HNOS S.R.L.                     ";25 DE MAYO 1777;951536;"20-162         ";20-162 - MONOCOMANDO COCINA ADRA;10;10;10;23216414;080926105039078;182340731;;;;07/28/2031 00:00:00;10;13860886;08/09/2026 10:50:39;Tiago;Rodriguez;24495974;08/09/2026 08:12:19;7636;Kevin;Arce;Tiago Rodriguez;Kevin Arce
14174121;08/09/2026 10:50:39;3;2;0001  215012-1;05;CAMIONETA EXP 6;2092417;"FC14    ";"FERRETERIA CHEMES HNOS S.R.L.                     ";25 DE MAYO 1777;954885;"BAI01NI        ";BAI01NI - BACHA EMB COCINA C/ACCESORIOS 750x450x220 NICKEL BRUSHED;2;2;2;23216414;080926105039078;182338694;;;;09/28/2031 00:00:00;2;13860886;08/09/2026 10:50:39;Tiago;Rodriguez;24495974;08/09/2026 08:12:19;7636;Kevin;Arce;Tiago Rodriguez;Kevin Arce
14174121;08/09/2026 10:50:39;3;2;0001  215012-1;05;CAMIONETA EXP 6;2092417;"FC14    ";"FERRETERIA CHEMES HNOS S.R.L.                     ";25 DE MAYO 1777;951523;"20-134         ";20-134 - MONOCOMANDO COCINA BETIS;12;12;12;23216414;080926105039078;182339395;;;;08/11/2031 00:00:00;12;13860886;08/09/2026 10:50:39;Tiago;Rodriguez;24495974;08/09/2026 08:12:19;7636;Kevin;Arce;Tiago Rodriguez;Kevin Arce
14174122;08/09/2026 10:30:07;3;2;0001  215015-1;05;CAMIONETA EXP 6;2092178;"DP09    ";"DEL PRADO SERGIO A. -SANIT GAS                    ";ITALIA 643;951524;"20-135         ";20-135 - MONOCOMANDO COCINA SANTANDER;1;1;1;23221308;080926102954318;182372679;;;;07/28/2031 00:00:00;1;13860190;08/09/2026 10:29:54;Maximiliano;Nievas;24500342;08/09/2026 09:55:01;6922;Franco;Potenza;Maximiliano Nievas;Franco Potenza
14174122;08/09/2026 10:30:07;3;2;0001  215015-1;05;CAMIONETA EXP 6;2092178;"DP09    ";"DEL PRADO SERGIO A. -SANIT GAS                    ";ITALIA 643;951535;"20-160         ";20-160 - MONOCOMANDO MESADA COCINA DIQUE;1;1;1;23221308;080926102954318;182372027;;;;07/28/2031 00:00:00;1;13860190;08/09/2026 10:29:54;Maximiliano;Nievas;24500342;08/09/2026 09:55:01;6922;Franco;Potenza;Maximiliano Nievas;Franco Potenza
14174122;08/09/2026 10:30:07;3;2;0001  215015-1;05;CAMIONETA EXP 6;2092178;"DP09    ";"DEL PRADO SERGIO A. -SANIT GAS                    ";ITALIA 643;952419;"51-001N        ";"51-001N - COCINA MESADA ""CROMO Y""";2;2;2;23221308;080926102954318;182371066;;;;07/29/2031 00:00:00;2;13860190;08/09/2026 10:29:54;Maximiliano;Nievas;24500342;08/09/2026 09:55:01;6922;Franco;Potenza;Maximiliano Nievas;Franco Potenza
14174122;08/09/2026 10:30:07;3;2;0001  215015-1;05;CAMIONETA EXP 6;2092178;"DP09    ";"DEL PRADO SERGIO A. -SANIT GAS                    ";ITALIA 643;952437;"51-057         ";51-057 - COCINA MESADA CR C.STD VERIN PLUS;2;2;2;23221308;080926102954318;182372545;;;;01/27/2032 00:00:00;2;13860190;08/09/2026 10:29:54;Maximiliano;Nievas;24500342;08/09/2026 09:55:01;6922;Franco;Potenza;Maximiliano Nievas;Franco Potenza
14174122;08/09/2026 10:30:07;3;2;0001  215015-1;05;CAMIONETA EXP 6;2092178;"DP09    ";"DEL PRADO SERGIO A. -SANIT GAS                    ";ITALIA 643;952582;"60-057         ";60-057 - LAVATORIO C.STD VERIN PLUS;2;2;2;23221308;080926102954318;182370448;;;;01/31/2032 00:00:00;2;13860190;08/09/2026 10:29:54;Maximiliano;Nievas;24500342;08/09/2026 09:55:01;6922;Franco;Potenza;Maximiliano Nievas;Franco Potenza
14174122;08/09/2026 10:30:07;3;2;0001  215015-1;05;CAMIONETA EXP 6;2092178;"DP09    ";"DEL PRADO SERGIO A. -SANIT GAS                    ";ITALIA 643;952618;"60-133         ";60-133 - LAVATORIO MONOCOMANDO LUGO;2;2;2;23221308;080926102954318;182371556;;;;07/29/2031 00:00:00;2;13860190;08/09/2026 10:29:54;Maximiliano;Nievas;24500342;08/09/2026 09:55:01;6922;Franco;Potenza;Maximiliano Nievas;Franco Potenza
14174122;08/09/2026 10:30:07;3;2;0001  215015-1;05;CAMIONETA EXP 6;2092178;"DP09    ";"DEL PRADO SERGIO A. -SANIT GAS                    ";ITALIA 643;952634;"60-162         ";60-162 - LAVATORIO CR C.CERAM LINEA ADRA;1;1;1;23221308;080926102954318;182370308;;;;07/29/2031 00:00:00;1;13860190;08/09/2026 10:29:54;Maximiliano;Nievas;24500342;08/09/2026 09:55:01;6922;Franco;Potenza;Maximiliano Nievas;Franco Potenza
14174122;08/09/2026 10:30:07;3;2;0001  215015-1;05;CAMIONETA EXP 6;2092178;"DP09    ";"DEL PRADO SERGIO A. -SANIT GAS                    ";ITALIA 643;952896;"70-133         ";70-133 - BIDE MONOCOMANDO LUGO;1;1;1;23221308;080926102954318;182372967;;;;07/30/2031 00:00:00;1;13860190;08/09/2026 10:29:54;Maximiliano;Nievas;24500342;08/09/2026 09:55:01;6922;Franco;Potenza;Maximiliano Nievas;Franco Potenza
14174122;08/09/2026 10:30:07;3;2;0001  215015-1;05;CAMIONETA EXP 6;2092178;"DP09    ";"DEL PRADO SERGIO A. -SANIT GAS                    ";ITALIA 643;953312;"83-133         ";83-133 - DUCHA EXT. C/TRANSF. MONOCOMANDO LUGO;2;2;2;23221308;080926102954318;182371894;;;;07/30/2031 00:00:00;2;13860190;08/09/2026 10:29:54;Maximiliano;Nievas;24500342;08/09/2026 09:55:01;6922;Franco;Potenza;Maximiliano Nievas;Franco Potenza
14174122;08/09/2026 10:30:07;3;2;0001  215015-1;05;CAMIONETA EXP 6;2092178;"DP09    ";"DEL PRADO SERGIO A. -SANIT GAS                    ";ITALIA 643;1007844;"20-122S        ";"MONOCOMANDO COCINA INOX C/PICO EXTRAIBLE VALENCIA                     ";1;1;1;23221308;080926102954318;182372252;;;;01/06/2032 00:00:00;1;13860190;08/09/2026 10:29:54;Maximiliano;Nievas;24500342;08/09/2026 09:55:01;6922;Franco;Potenza;Maximiliano Nievas;Franco Potenza
14174123;08/09/2026 06:33:01;3;2;0001  215020-1;05;CAMIONETA EXP 6;2093101;"KO01    ";"KOCUDEL S.A.                                      ";MITRE ESQ. MORENO;950978;"10006CR        ";"SET DE 6 PIEZAS LINEA 10000 MINIMALISTA                               ";3;3;3;23176547;080926063300848;182031307;;;;07/28/2031 00:00:00;3;13855891;08/09/2026 06:33:00;Gustavo;Soderquvist;24455974;05/09/2026 10:42:34;6584;Luis Alberto;Villareal;Gustavo Soderquvist;Luis Alberto Villareal
14174123;08/09/2026 06:33:01;3;2;0001  215020-1;05;CAMIONETA EXP 6;2093101;"KO01    ";"KOCUDEL S.A.                                      ";MITRE ESQ. MORENO;951259;"16006BL        ";16006BL - SET 6 PIEZAS ACCESORIOS LINEA 16000 BLACK;3;3;3;23176547;080926063300848;182034315;;;;07/27/2031 00:00:00;3;13855891;08/09/2026 06:33:00;Gustavo;Soderquvist;24455974;05/09/2026 10:42:34;6584;Luis Alberto;Villareal;Gustavo Soderquvist;Luis Alberto Villareal
14174123;08/09/2026 06:33:01;3;2;0001  215020-1;05;CAMIONETA EXP 6;2093101;"KO01    ";"KOCUDEL S.A.                                      ";MITRE ESQ. MORENO;951512;"20-122         ";"MONOCOMANDO COCINA CR C/PICO EXTRAIBLE VALENCIA                       ";1;1;1;23176547;080926063300848;182033279;;;;08/06/2031 00:00:00;1;13855891;08/09/2026 06:33:00;Gustavo;Soderquvist;24455974;05/09/2026 10:42:34;6584;Luis Alberto;Villareal;Gustavo Soderquvist;Luis Alberto Villareal
14174123;08/09/2026 06:33:01;3;2;0001  215020-1;05;CAMIONETA EXP 6;2093101;"KO01    ";"KOCUDEL S.A.                                      ";MITRE ESQ. MORENO;952630;"60-152         ";60-152 - LAVATORIO CR MONOCOMANDO BAJO SORIA;1;1;1;23176547;080926063300848;182031686;;;;07/27/2031 00:00:00;1;13855891;08/09/2026 06:33:00;Gustavo;Soderquvist;24455974;05/09/2026 10:42:34;6584;Luis Alberto;Villareal;Gustavo Soderquvist;Luis Alberto Villareal
14174123;08/09/2026 06:33:01;3;2;0001  215020-1;05;CAMIONETA EXP 6;2093101;"KO01    ";"KOCUDEL S.A.                                      ";MITRE ESQ. MORENO;952908;"70-152         ";70-152 - BIDE MONOCOMANDO CR C/TRANSFERENCIA SORIA;1;1;1;23176547;080926063300848;182031601;;;;07/28/2031 00:00:00;1;13855891;08/09/2026 06:33:00;Gustavo;Soderquvist;24455974;05/09/2026 10:42:34;6584;Luis Alberto;Villareal;Gustavo Soderquvist;Luis Alberto Villareal
14174123;08/09/2026 06:33:01;3;2;0001  215020-1;05;CAMIONETA EXP 6;2093101;"KO01    ";"KOCUDEL S.A.                                      ";MITRE ESQ. MORENO;953102;"80-152         ";80-152 - DUCHA EMB. CR C/TRANSF. MONOCOMANDO SORIA;1;1;1;23176547;080926063300848;182031520;;;;10/26/2031 00:00:00;1;13855891;08/09/2026 06:33:00;Gustavo;Soderquvist;24455974;05/09/2026 10:42:34;6584;Luis Alberto;Villareal;Gustavo Soderquvist;Luis Alberto Villareal
14174124;08/09/2026 10:14:14;3;2;0001  215034-1;05;CAMIONETA EXP 6;2091999;"DA03    ";"DARSIE Y CIA. SACI                                ";VELEZ SARSFIELD 3893;953331;"84-190         ";84-190 - DUCHA EXTERIOR CON COLUMNA BLACK VELVET;3;3;3;23220922;080926101414718;182368950;;;;10/06/2031 00:00:00;3;13859769;08/09/2026 10:14:14;Agustin;Scirica;24500082;08/09/2026 09:43:34;7152;Mirko;Hernandez;Agustin Scirica;Mirko Hernandez
14174124;08/09/2026 10:14:14;3;2;0001  215034-1;05;CAMIONETA EXP 6;2091999;"DA03    ";"DARSIE Y CIA. SACI                                ";VELEZ SARSFIELD 3893;952936;"70-190         ";70-190 - BIDE C.CERAM BLACK VELVET;4;4;4;23220922;080926101414718;182368074;;;;11/08/2031 00:00:00;4;13859769;08/09/2026 10:14:14;Agustin;Scirica;24500082;08/09/2026 09:43:34;7152;Mirko;Hernandez;Agustin Scirica;Mirko Hernandez
14174124;08/09/2026 10:14:14;3;2;0001  215034-1;05;CAMIONETA EXP 6;2091999;"DA03    ";"DARSIE Y CIA. SACI                                ";VELEZ SARSFIELD 3893;952678;"60-203N        ";"LAVATORIO MONOCOMANDO BAJO ADRA BLACK                                 ";2;2;2;23220922;080926101414718;182368197;;;;01/06/2032 00:00:00;2;13859769;08/09/2026 10:14:14;Agustin;Scirica;24500082;08/09/2026 09:43:34;7152;Mirko;Hernandez;Agustin Scirica;Mirko Hernandez
14174124;08/09/2026 10:14:14;3;2;0001  215034-1;05;CAMIONETA EXP 6;2091999;"DA03    ";"DARSIE Y CIA. SACI                                ";VELEZ SARSFIELD 3893;951654;"22-178N        ";22-178N - MONOCOMANDO DE COCINA P/AGUA FILTRADA VITA BLACK;1;1;1;23220922;080926101414718;182369208;;;;11/09/2031 00:00:00;1;13859769;08/09/2026 10:14:14;Agustin;Scirica;24500082;08/09/2026 09:43:34;7152;Mirko;Hernandez;Agustin Scirica;Mirko Hernandez
14174125;08/09/2026 09:37:01;3;2;0001  215058-1;05;CAMIONETA EXP 6;2091950;"CS36    ";"CREDITO SALADILLO S.R.L.-CENTROMAT                ";AV. LEDESMA 2660;953243;"814/CR         ";814/CR - MESADA P.FUNDIDO CR/CR ARES;1;1;1;23218804;080926093701463;182360166;;;;01/13/2032 00:00:00;1;13858743;08/09/2026 09:37:01;Maximiliano;Nievas;24498176;08/09/2026 09:20:42;7636;Kevin;Arce;Maximiliano Nievas;Kevin Arce
14174125;08/09/2026 09:37:01;3;2;0001  215058-1;05;CAMIONETA EXP 6;2091950;"CS36    ";"CREDITO SALADILLO S.R.L.-CENTROMAT                ";AV. LEDESMA 2660;953140;"80-193         ";80-193 - DUCHA EMB. C/TRANSF. MONOCOMANDO MORA;2;2;2;23218804;080926093701463;182354583;;;;07/27/2031 00:00:00;2;13858743;08/09/2026 09:37:01;Maximiliano;Nievas;24498176;08/09/2026 09:20:42;7636;Kevin;Arce;Maximiliano Nievas;Kevin Arce
14174125;08/09/2026 09:37:01;3;2;0001  215058-1;05;CAMIONETA EXP 6;2091950;"CS36    ";"CREDITO SALADILLO S.R.L.-CENTROMAT                ";AV. LEDESMA 2660;953136;"80-190P        ";80-190P - DUCHA EMB. C/TRANSF. C.CERAM BLACK VELVET PLUS;1;1;1;23218804;080926093701463;182359610;;;;07/29/2031 00:00:00;1;13858743;08/09/2026 09:37:01;Maximiliano;Nievas;24498176;08/09/2026 09:20:42;7636;Kevin;Arce;Maximiliano Nievas;Kevin Arce
14174125;08/09/2026 09:37:01;3;2;0001  215058-1;05;CAMIONETA EXP 6;2091950;"CS36    ";"CREDITO SALADILLO S.R.L.-CENTROMAT                ";AV. LEDESMA 2660;953122;"80-176         ";80-176 - DUCHA EMB C/TRANSF MONOC CR RIO;2;2;2;23218804;080926093701463;182356240;;;;07/29/2031 00:00:00;2;13858743;08/09/2026 09:37:01;Maximiliano;Nievas;24498176;08/09/2026 09:20:42;7636;Kevin;Arce;Maximiliano Nievas;Kevin Arce
14174125;08/09/2026 09:37:01;3;2;0001  215058-1;05;CAMIONETA EXP 6;2091950;"CS36    ";"CREDITO SALADILLO S.R.L.-CENTROMAT                ";AV. LEDESMA 2660;953109;"80-166         ";"DUCHA EMB. C/TRANSF. CR C.CERAM ADRA PLUS                             ";2;2;2;23218804;080926093701463;182361536;;;;01/18/2032 00:00:00;2;13858743;08/09/2026 09:37:01;Maximiliano;Nievas;24498176;08/09/2026 09:20:42;7636;Kevin;Arce;Maximiliano Nievas;Kevin Arce
14174125;08/09/2026 09:37:01;3;2;0001  215058-1;05;CAMIONETA EXP 6;2091950;"CS36    ";"CREDITO SALADILLO S.R.L.-CENTROMAT                ";AV. LEDESMA 2660;953091;"80-138         ";80-138 - DUCHA EMB. C/TRANSF. CR C.CERAM VALENCIA PLUS;3;3;3;23218804;080926093701463;182361821;;;;01/14/2032 00:00:00;3;13858743;08/09/2026 09:37:01;Maximiliano;Nievas;24498176;08/09/2026 09:20:42;7636;Kevin;Arce;Maximiliano Nievas;Kevin Arce
14174125;08/09/2026 09:37:01;3;2;0001  215058-1;05;CAMIONETA EXP 6;2091950;"CS36    ";"CREDITO SALADILLO S.R.L.-CENTROMAT                ";AV. LEDESMA 2660;952939;"70-193         ";70-193 - BIDE MONOCOMANDO MORA;2;2;2;23218804;080926093701463;182354358;;;;07/28/2031 00:00:00;2;13858743;08/09/2026 09:37:01;Maximiliano;Nievas;24498176;08/09/2026 09:20:42;7636;Kevin;Arce;Maximiliano Nievas;Kevin Arce
14174125;08/09/2026 09:37:01;3;2;0001  215058-1;05;CAMIONETA EXP 6;2091950;"CS36    ";"CREDITO SALADILLO S.R.L.-CENTROMAT                ";AV. LEDESMA 2660;952936;"70-190         ";70-190 - BIDE C.CERAM BLACK VELVET;1;1;1;23218804;080926093701463;182359512;;;;11/08/2031 00:00:00;1;13858743;08/09/2026 09:37:01;Maximiliano;Nievas;24498176;08/09/2026 09:20:42;7636;Kevin;Arce;Maximiliano Nievas;Kevin Arce
14174125;08/09/2026 09:37:01;3;2;0001  215058-1;05;CAMIONETA EXP 6;2091950;"CS36    ";"CREDITO SALADILLO S.R.L.-CENTROMAT                ";AV. LEDESMA 2660;952925;"70-176         ";70-176 - BIDE MONOC C/TRANSF CR RIO;2;2;2;23218804;080926093701463;182355329;;;;11/17/2031 00:00:00;2;13858743;08/09/2026 09:37:01;Maximiliano;Nievas;24498176;08/09/2026 09:20:42;7636;Kevin;Arce;Maximiliano Nievas;Kevin Arce
14174125;08/09/2026 09:37:01;3;2;0001  215058-1;05;CAMIONETA EXP 6;2091950;"CS36    ";"CREDITO SALADILLO S.R.L.-CENTROMAT                ";AV. LEDESMA 2660;952912;"70-162         ";70-162 - BIDE CR C.CERAM LINEA ADRA;2;2;2;23218804;080926093701463;182361240;;;;07/29/2031 00:00:00;2;13858743;08/09/2026 09:37:01;Maximiliano;Nievas;24498176;08/09/2026 09:20:42;7636;Kevin;Arce;Maximiliano Nievas;Kevin Arce
14174125;08/09/2026 09:37:01;3;2;0001  215058-1;05;CAMIONETA EXP 6;2091950;"CS36    ";"CREDITO SALADILLO S.R.L.-CENTROMAT                ";AV. LEDESMA 2660;952721;"61-193         ";61-193 - LAVATORIO MONOCOMANDO ALTO MORA;2;2;2;23218804;080926093701463;182358119;;;;07/27/2031 00:00:00;2;13858743;08/09/2026 09:37:01;Maximiliano;Nievas;24498176;08/09/2026 09:20:42;7636;Kevin;Arce;Maximiliano Nievas;Kevin Arce
14174125;08/09/2026 09:37:01;3;2;0001  215058-1;05;CAMIONETA EXP 6;2091950;"CS36    ";"CREDITO SALADILLO S.R.L.-CENTROMAT                ";AV. LEDESMA 2660;952712;"61-176         ";61-176 - LAVATORIO MONOC ALTO CR RIO;2;2;2;23218804;080926093701463;182355693;;;;10/09/2031 00:00:00;2;13858743;08/09/2026 09:37:01;Maximiliano;Nievas;24498176;08/09/2026 09:20:42;7636;Kevin;Arce;Maximiliano Nievas;Kevin Arce
14174125;08/09/2026 09:37:01;3;2;0001  215058-1;05;CAMIONETA EXP 6;2091950;"CS36    ";"CREDITO SALADILLO S.R.L.-CENTROMAT                ";AV. LEDESMA 2660;952661;"60-193         ";60-193 - LAVATORIO MONOCOMANDO BAJO MORA;2;2;2;23218804;080926093701463;182358563;;;;07/28/2031 00:00:00;2;13858743;08/09/2026 09:37:01;Maximiliano;Nievas;24498176;08/09/2026 09:20:42;7636;Kevin;Arce;Maximiliano Nievas;Kevin Arce
14174125;08/09/2026 09:37:01;3;2;0001  215058-1;05;CAMIONETA EXP 6;2091950;"CS36    ";"CREDITO SALADILLO S.R.L.-CENTROMAT                ";AV. LEDESMA 2660;952658;"60-190         ";60-190 - LAVATORIO C.CERAM BLACK VELVET;1;1;1;23218804;080926093701463;182359342;;;;08/12/2031 00:00:00;1;13858743;08/09/2026 09:37:01;Maximiliano;Nievas;24498176;08/09/2026 09:20:42;7636;Kevin;Arce;Maximiliano Nievas;Kevin Arce
14174125;08/09/2026 09:37:01;3;2;0001  215058-1;05;CAMIONETA EXP 6;2091950;"CS36    ";"CREDITO SALADILLO S.R.L.-CENTROMAT                ";AV. LEDESMA 2660;952647;"60-176         ";"LAVATORIO MONOCOMANDO BAJO CR RIO                                     ";2;2;2;23218804;080926093701463;182356056;;;;10/11/2031 00:00:00;2;13858743;08/09/2026 09:37:01;Maximiliano;Nievas;24498176;08/09/2026 09:20:42;7636;Kevin;Arce;Maximiliano Nievas;Kevin Arce
14174125;08/09/2026 09:37:01;3;2;0001  215058-1;05;CAMIONETA EXP 6;2091950;"CS36    ";"CREDITO SALADILLO S.R.L.-CENTROMAT                ";AV. LEDESMA 2660;952634;"60-162         ";60-162 - LAVATORIO CR C.CERAM LINEA ADRA;2;2;2;23218804;080926093701463;182361054;;;;07/29/2031 00:00:00;2;13858743;08/09/2026 09:37:01;Maximiliano;Nievas;24498176;08/09/2026 09:20:42;7636;Kevin;Arce;Maximiliano Nievas;Kevin Arce
14174125;08/09/2026 09:37:01;3;2;0001  215058-1;05;CAMIONETA EXP 6;2091950;"CS36    ";"CREDITO SALADILLO S.R.L.-CENTROMAT                ";AV. LEDESMA 2660;952453;"51-131         ";51-131 - MESADA BIMANDO CR C.CERAM MALLORCA;2;2;2;23218804;080926093701463;182359938;;;;01/12/2032 00:00:00;2;13858743;08/09/2026 09:37:01;Maximiliano;Nievas;24498176;08/09/2026 09:20:42;7636;Kevin;Arce;Maximiliano Nievas;Kevin Arce
14174125;08/09/2026 09:37:01;3;2;0001  215058-1;05;CAMIONETA EXP 6;2091950;"CS36    ";"CREDITO SALADILLO S.R.L.-CENTROMAT                ";AV. LEDESMA 2660;952452;"51-122         ";51-122 - MESADA BIMANDO CR C.CERAM VALENCIA;2;2;2;23218804;080926093701463;182359163;;;;01/17/2032 00:00:00;2;13858743;08/09/2026 09:37:01;Maximiliano;Nievas;24498176;08/09/2026 09:20:42;7636;Kevin;Arce;Maximiliano Nievas;Kevin Arce
14174125;08/09/2026 09:37:01;3;2;0001  215058-1;05;CAMIONETA EXP 6;2091950;"CS36    ";"CREDITO SALADILLO S.R.L.-CENTROMAT                ";AV. LEDESMA 2660;952449;"51-107         ";51-107 - JGO. MESADA CR C.CERAM BEDIA;2;2;2;23218804;080926093701463;182358980;;;;11/10/2031 00:00:00;2;13858743;08/09/2026 09:37:01;Maximiliano;Nievas;24498176;08/09/2026 09:20:42;7636;Kevin;Arce;Maximiliano Nievas;Kevin Arce
14174125;08/09/2026 09:37:01;3;2;0001  215058-1;05;CAMIONETA EXP 6;2091950;"CS36    ";"CREDITO SALADILLO S.R.L.-CENTROMAT                ";AV. LEDESMA 2660;951531;"20-146N        ";20-146N - MONOCOMANDO DE COCINA BLACK LINEA MOVE;1;1;1;23218804;080926093701463;182356568;;;;07/30/2031 00:00:00;1;13858743;08/09/2026 09:37:01;Maximiliano;Nievas;24498176;08/09/2026 09:20:42;7636;Kevin;Arce;Maximiliano Nievas;Kevin Arce
14174125;08/09/2026 09:37:01;3;2;0001  215058-1;05;CAMIONETA EXP 6;2091950;"CS36    ";"CREDITO SALADILLO S.R.L.-CENTROMAT                ";AV. LEDESMA 2660;951530;"20-146         ";20-146 - MONOCOMANDO DE COCINA CR LINEA MOVE;1;1;1;23218804;080926093701463;182357043;;;;10/09/2031 00:00:00;1;13858743;08/09/2026 09:37:01;Maximiliano;Nievas;24498176;08/09/2026 09:20:42;7636;Kevin;Arce;Maximiliano Nievas;Kevin Arce
14174125;08/09/2026 09:37:01;3;2;0001  215058-1;05;CAMIONETA EXP 6;2091950;"CS36    ";"CREDITO SALADILLO S.R.L.-CENTROMAT                ";AV. LEDESMA 2660;951523;"20-134         ";20-134 - MONOCOMANDO COCINA BETIS;3;3;3;23218804;080926093701463;182360530;;;;08/11/2031 00:00:00;3;13858743;08/09/2026 09:37:01;Maximiliano;Nievas;24498176;08/09/2026 09:20:42;7636;Kevin;Arce;Maximiliano Nievas;Kevin Arce
14174126;08/09/2026 11:00:17;3;2;0001  215066-1;05;CAMIONETA EXP 6;2091137;"AP09    ";"ABATEDAGA PABLO D.J.-CONECTANDO INST. SANIT.      ";FRANCISCO VIANO ESQ. LAPRIDA 993;951508;"20-121         ";20-121 - COCINA MSDA MONOC.P. REDONDO MARBELLA;2;2;2;23176548;080926110016538;182033022;;;;07/30/2031 00:00:00;2;13861207;08/09/2026 11:00:16;Gustavo;Soderquvist;24455974;05/09/2026 10:42:34;6584;Luis Alberto;Villareal;Gustavo Soderquvist;Luis Alberto Villareal
14174126;08/09/2026 11:00:17;3;2;0001  215066-1;05;CAMIONETA EXP 6;2091137;"AP09    ";"ABATEDAGA PABLO D.J.-CONECTANDO INST. SANIT.      ";FRANCISCO VIANO ESQ. LAPRIDA 993;951552;"20-183         ";"MONOCOMANDO DE COCINA MAT                                             ";2;2;2;23176548;080926110016538;182031085;;;;11/02/2031 00:00:00;2;13861207;08/09/2026 11:00:16;Gustavo;Soderquvist;24455974;05/09/2026 10:42:34;6584;Luis Alberto;Villareal;Gustavo Soderquvist;Luis Alberto Villareal
14174126;08/09/2026 11:00:17;3;2;0001  215066-1;05;CAMIONETA EXP 6;2091137;"AP09    ";"ABATEDAGA PABLO D.J.-CONECTANDO INST. SANIT.      ";FRANCISCO VIANO ESQ. LAPRIDA 993;951820;"30-121         ";30-121 - COCINA MSDA MONOC.P. CUADRADO MARBELLA;2;2;2;23176548;080926110016538;182034454;;;;11/08/2031 00:00:00;2;13861207;08/09/2026 11:00:16;Gustavo;Soderquvist;24455974;05/09/2026 10:42:34;6584;Luis Alberto;Villareal;Gustavo Soderquvist;Luis Alberto Villareal
14174126;08/09/2026 11:00:17;3;2;0001  215066-1;05;CAMIONETA EXP 6;2091137;"AP09    ";"ABATEDAGA PABLO D.J.-CONECTANDO INST. SANIT.      ";FRANCISCO VIANO ESQ. LAPRIDA 993;952637;"60-168         ";60-168 - LAVATORIO MONOC BAJO CR WAVE;2;2;2;23176548;080926110016538;182034890;;;;07/27/2031 00:00:00;2;13861207;08/09/2026 11:00:16;Gustavo;Soderquvist;24455974;05/09/2026 10:42:34;6584;Luis Alberto;Villareal;Gustavo Soderquvist;Luis Alberto Villareal
14174127;08/09/2026 06:53:21;3;2;0001  214840-1;05;CAMIONETA EXP 6;2093193;"LG08    ";"LANDI GERONIMO -LANDI SANITARIOS                  ";CALLE 21 777;956492;"LG03C80        ";LG03C80 - DUCHA EMB. C/TRANSF. CR C.STD BERNA;50;50;50;23178026;080926065318485;182042771;;;;10/15/2031 00:00:00;50;13855968;08/09/2026 06:53:18;Gustavo;Soderquvist;24457592;05/09/2026 11:37:13;6585;Mathias;Montenegro;Gustavo Soderquvist;Mathias Montenegro
14174127;08/09/2026 06:53:21;3;2;0001  214840-1;05;CAMIONETA EXP 6;2093193;"LG08    ";"LANDI GERONIMO -LANDI SANITARIOS                  ";CALLE 21 777;956491;"LG03C70        ";LG03C70 - BIDE CR C.STD BERNA;40;40;40;23178026;080926065318485;182044009;;;;12/10/2031 00:00:00;40;13855968;08/09/2026 06:53:18;Gustavo;Soderquvist;24457592;05/09/2026 11:37:13;6585;Mathias;Montenegro;Gustavo Soderquvist;Mathias Montenegro
14174127;08/09/2026 06:53:21;3;2;0001  214840-1;05;CAMIONETA EXP 6;2093193;"LG08    ";"LANDI GERONIMO -LANDI SANITARIOS                  ";CALLE 21 777;956490;"LG03C60        ";LG03C60 - LAVATORIO CR C.STD BERNA;40;40;40;23178026;080926065318485;182042718;;;;11/19/2031 00:00:00;40;13855968;08/09/2026 06:53:18;Gustavo;Soderquvist;24457592;05/09/2026 11:37:13;6585;Mathias;Montenegro;Gustavo Soderquvist;Mathias Montenegro
14174128;08/09/2026 06:35:53;3;2;0001  214979-1;05;CAMIONETA EXP 6;2094262;"RU07    ";"RUTENIA S.A.                                      ";AV. LURO 6099;952954;"70-203         ";70-203 - BIDE MONOCOMANDO ADRA;1;1;1;23177312;080926063552752;182037050;;;;07/29/2031 00:00:00;1;13855906;08/09/2026 06:35:52;Gustavo;Soderquvist;24456841;05/09/2026 11:03:00;6584;Luis Alberto;Villareal;Gustavo Soderquvist;Luis Alberto Villareal
14174128;08/09/2026 06:35:53;3;2;0001  214979-1;05;CAMIONETA EXP 6;2094262;"RU07    ";"RUTENIA S.A.                                      ";AV. LURO 6099;952756;"62-153         ";62-153 - LAVATORIO PARED EMB. C.CERAM CASTILLA;1;1;1;23177312;080926063552752;182038799;;;;01/21/2032 00:00:00;1;13855906;08/09/2026 06:35:52;Gustavo;Soderquvist;24456841;05/09/2026 11:03:00;6584;Luis Alberto;Villareal;Gustavo Soderquvist;Luis Alberto Villareal
14174128;08/09/2026 06:35:53;3;2;0001  214979-1;05;CAMIONETA EXP 6;2094262;"RU07    ";"RUTENIA S.A.                                      ";AV. LURO 6099;950906;"04-010         ";"LAVATORIO DE PARED TEMPORIZADO TECNO                                  ";2;2;2;23177312;080926063552752;182038390;;;;07/31/2031 00:00:00;2;13855906;08/09/2026 06:35:52;Gustavo;Soderquvist;24456841;05/09/2026 11:03:00;6584;Luis Alberto;Villareal;Gustavo Soderquvist;Luis Alberto Villareal
14174129;08/09/2026 10:36:22;3;2;0001  214981-1;05;CAMIONETA EXP 6;2092622;"GA32    ";"GOMEZ JOSE AGUSTIN - CASA GOMEZ                   ";CALLE PASO Y ESQUINA 9 DE JULIO;951611;"21-160         ";"MONOCOMANDO DUO COCINA CROMO DIQUE                                    ";2;2;2;23215414;080926103622306;182332378;;;;12/14/2031 00:00:00;2;13860291;08/09/2026 10:36:22;Tiago;Rodriguez;24495009;08/09/2026 07:54:36;7636;Kevin;Arce;Tiago Rodriguez;Kevin Arce
14174129;08/09/2026 10:36:22;3;2;0001  214981-1;05;CAMIONETA EXP 6;2092622;"GA32    ";"GOMEZ JOSE AGUSTIN - CASA GOMEZ                   ";CALLE PASO Y ESQUINA 9 DE JULIO;951620;"214/CR         ";214/CR - LAVATORIO CR/CR ARES;2;2;2;23215414;080926103622306;182336107;;;;01/27/2032 00:00:00;2;13860291;08/09/2026 10:36:22;Tiago;Rodriguez;24495009;08/09/2026 07:54:36;7636;Kevin;Arce;Tiago Rodriguez;Kevin Arce
14174129;08/09/2026 10:36:22;3;2;0001  214981-1;05;CAMIONETA EXP 6;2092622;"GA32    ";"GOMEZ JOSE AGUSTIN - CASA GOMEZ                   ";CALLE PASO Y ESQUINA 9 DE JULIO;952438;"51-058         ";51-058 - COCINA MESADA CR C.STD MALBA;4;4;4;23215414;080926103622306;182337031;;;;10/19/2031 00:00:00;4;13860291;08/09/2026 10:36:22;Tiago;Rodriguez;24495009;08/09/2026 07:54:36;7636;Kevin;Arce;Tiago Rodriguez;Kevin Arce
14174129;08/09/2026 10:36:22;3;2;0001  214981-1;05;CAMIONETA EXP 6;2092622;"GA32    ";"GOMEZ JOSE AGUSTIN - CASA GOMEZ                   ";CALLE PASO Y ESQUINA 9 DE JULIO;952439;"51-059         ";51-059 - COCINA MESADA BL/CR C.STD MALBA;2;2;2;23215414;080926103622306;182336319;;;;12/13/2031 00:00:00;2;13860291;08/09/2026 10:36:22;Tiago;Rodriguez;24495009;08/09/2026 07:54:36;7636;Kevin;Arce;Tiago Rodriguez;Kevin Arce
14174129;08/09/2026 10:36:22;3;2;0001  214981-1;05;CAMIONETA EXP 6;2092622;"GA32    ";"GOMEZ JOSE AGUSTIN - CASA GOMEZ                   ";CALLE PASO Y ESQUINA 9 DE JULIO;952499;"54-203         ";"COCINA PARED EXT C.CERAM ADRA MONOCOMANDO                             ";2;2;2;23215414;080926103622306;182334847;;;;11/23/2031 00:00:00;2;13860291;08/09/2026 10:36:22;Tiago;Rodriguez;24495009;08/09/2026 07:54:36;7636;Kevin;Arce;Tiago Rodriguez;Kevin Arce
14174129;08/09/2026 10:36:22;3;2;0001  214981-1;05;CAMIONETA EXP 6;2092622;"GA32    ";"GOMEZ JOSE AGUSTIN - CASA GOMEZ                   ";CALLE PASO Y ESQUINA 9 DE JULIO;952582;"60-057         ";60-057 - LAVATORIO C.STD VERIN PLUS;2;2;2;23215414;080926103622306;182336892;;;;01/31/2032 00:00:00;2;13860291;08/09/2026 10:36:22;Tiago;Rodriguez;24495009;08/09/2026 07:54:36;7636;Kevin;Arce;Tiago Rodriguez;Kevin Arce
14174129;08/09/2026 10:36:22;3;2;0001  214981-1;05;CAMIONETA EXP 6;2092622;"GA32    ";"GOMEZ JOSE AGUSTIN - CASA GOMEZ                   ";CALLE PASO Y ESQUINA 9 DE JULIO;952583;"60-058         ";60-058 - LAVATORIO CR C.STD MALBA;2;2;2;23215414;080926103622306;182336492;;;;12/03/2031 00:00:00;2;13860291;08/09/2026 10:36:22;Tiago;Rodriguez;24495009;08/09/2026 07:54:36;7636;Kevin;Arce;Tiago Rodriguez;Kevin Arce
14174129;08/09/2026 10:36:22;3;2;0001  214981-1;05;CAMIONETA EXP 6;2092622;"GA32    ";"GOMEZ JOSE AGUSTIN - CASA GOMEZ                   ";CALLE PASO Y ESQUINA 9 DE JULIO;952618;"60-133         ";60-133 - LAVATORIO MONOCOMANDO LUGO;2;2;2;23215414;080926103622306;182334205;;;;07/29/2031 00:00:00;2;13860291;08/09/2026 10:36:22;Tiago;Rodriguez;24495009;08/09/2026 07:54:36;7636;Kevin;Arce;Tiago Rodriguez;Kevin Arce
14174129;08/09/2026 10:36:22;3;2;0001  214981-1;05;CAMIONETA EXP 6;2092622;"GA32    ";"GOMEZ JOSE AGUSTIN - CASA GOMEZ                   ";CALLE PASO Y ESQUINA 9 DE JULIO;952647;"60-176         ";"LAVATORIO MONOCOMANDO BAJO CR RIO                                     ";2;2;2;23215414;080926103622306;182333187;;;;10/11/2031 00:00:00;2;13860291;08/09/2026 10:36:22;Tiago;Rodriguez;24495009;08/09/2026 07:54:36;7636;Kevin;Arce;Tiago Rodriguez;Kevin Arce
14174129;08/09/2026 10:36:22;3;2;0001  214981-1;05;CAMIONETA EXP 6;2092622;"GA32    ";"GOMEZ JOSE AGUSTIN - CASA GOMEZ                   ";CALLE PASO Y ESQUINA 9 DE JULIO;952712;"61-176         ";61-176 - LAVATORIO MONOC ALTO CR RIO;2;2;2;23215414;080926103622306;182332971;;;;10/09/2031 00:00:00;2;13860291;08/09/2026 10:36:22;Tiago;Rodriguez;24495009;08/09/2026 07:54:36;7636;Kevin;Arce;Tiago Rodriguez;Kevin Arce
14174129;08/09/2026 10:36:22;3;2;0001  214981-1;05;CAMIONETA EXP 6;2092622;"GA32    ";"GOMEZ JOSE AGUSTIN - CASA GOMEZ                   ";CALLE PASO Y ESQUINA 9 DE JULIO;953243;"814/CR         ";814/CR - MESADA P.FUNDIDO CR/CR ARES;2;2;2;23215414;080926103622306;182336006;;;;01/13/2032 00:00:00;2;13860291;08/09/2026 10:36:22;Tiago;Rodriguez;24495009;08/09/2026 07:54:36;7636;Kevin;Arce;Tiago Rodriguez;Kevin Arce
14174129;08/09/2026 10:36:22;3;2;0001  214981-1;05;CAMIONETA EXP 6;2092622;"GA32    ";"GOMEZ JOSE AGUSTIN - CASA GOMEZ                   ";CALLE PASO Y ESQUINA 9 DE JULIO;953312;"83-133         ";83-133 - DUCHA EXT. C/TRANSF. MONOCOMANDO LUGO;2;2;2;23215414;080926103622306;182333974;;;;07/30/2031 00:00:00;2;13860291;08/09/2026 10:36:22;Tiago;Rodriguez;24495009;08/09/2026 07:54:36;7636;Kevin;Arce;Tiago Rodriguez;Kevin Arce
14174129;08/09/2026 10:36:22;3;2;0001  214981-1;05;CAMIONETA EXP 6;2092622;"GA32    ";"GOMEZ JOSE AGUSTIN - CASA GOMEZ                   ";CALLE PASO Y ESQUINA 9 DE JULIO;953476;"934            ";934 - JGO.PARED PICO U C/EXT CRUZ BL/CR ARES;2;2;2;23215414;080926103622306;182335814;;;;07/31/2031 00:00:00;2;13860291;08/09/2026 10:36:22;Tiago;Rodriguez;24495009;08/09/2026 07:54:36;7636;Kevin;Arce;Tiago Rodriguez;Kevin Arce
14174129;08/09/2026 10:36:22;3;2;0001  214981-1;05;CAMIONETA EXP 6;2092622;"GA32    ";"GOMEZ JOSE AGUSTIN - CASA GOMEZ                   ";CALLE PASO Y ESQUINA 9 DE JULIO;953967;"A1250          ";A1250 - COLUMNA DE DUCHA CROMO;2;2;2;23215414;080926103622306;182332572;;;;07/27/2031 00:00:00;2;13860291;08/09/2026 10:36:22;Tiago;Rodriguez;24495009;08/09/2026 07:54:36;7636;Kevin;Arce;Tiago Rodriguez;Kevin Arce
14174129;08/09/2026 10:36:22;3;2;0001  214981-1;05;CAMIONETA EXP 6;2092622;"GA32    ";"GOMEZ JOSE AGUSTIN - CASA GOMEZ                   ";CALLE PASO Y ESQUINA 9 DE JULIO;954901;"BCH01          ";BCH01 - BACHA DE APOYAR CIRCULAR 320x145;2;2;2;23215414;080926103622306;182335454;;;;07/28/2031 00:00:00;2;13860291;08/09/2026 10:36:22;Tiago;Rodriguez;24495009;08/09/2026 07:54:36;7636;Kevin;Arce;Tiago Rodriguez;Kevin Arce
14174129;08/09/2026 10:36:22;3;2;0001  214981-1;05;CAMIONETA EXP 6;2092622;"GA32    ";"GOMEZ JOSE AGUSTIN - CASA GOMEZ                   ";CALLE PASO Y ESQUINA 9 DE JULIO;954914;"BCH12          ";BCH12 - BACHA DE APOYAR BLANCA 460x320x140;2;2;2;23215414;080926103622306;182335578;;;;11/10/2031 00:00:00;2;13860291;08/09/2026 10:36:22;Tiago;Rodriguez;24495009;08/09/2026 07:54:36;7636;Kevin;Arce;Tiago Rodriguez;Kevin Arce
14174129;08/09/2026 10:36:22;3;2;0001  214981-1;05;CAMIONETA EXP 6;2092622;"GA32    ";"GOMEZ JOSE AGUSTIN - CASA GOMEZ                   ";CALLE PASO Y ESQUINA 9 DE JULIO;954916;"BCH14          ";BCH14 - BACHA SEMI EMBUTIDA BLANCA 430x380x155;2;2;2;23215414;080926103622306;182335233;;;;07/27/2031 00:00:00;2;13860291;08/09/2026 10:36:22;Tiago;Rodriguez;24495009;08/09/2026 07:54:36;7636;Kevin;Arce;Tiago Rodriguez;Kevin Arce
14174129;08/09/2026 10:36:22;3;2;0001  214981-1;05;CAMIONETA EXP 6;2092622;"GA32    ";"GOMEZ JOSE AGUSTIN - CASA GOMEZ                   ";CALLE PASO Y ESQUINA 9 DE JULIO;1007844;"20-122S        ";"MONOCOMANDO COCINA INOX C/PICO EXTRAIBLE VALENCIA                     ";2;2;2;23215414;080926103622306;182334617;;;;01/06/2032 00:00:00;2;13860291;08/09/2026 10:36:22;Tiago;Rodriguez;24495009;08/09/2026 07:54:36;7636;Kevin;Arce;Tiago Rodriguez;Kevin Arce
14174129;08/09/2026 10:36:22;3;2;0001  214981-1;05;CAMIONETA EXP 6;2092622;"GA32    ";"GOMEZ JOSE AGUSTIN - CASA GOMEZ                   ";CALLE PASO Y ESQUINA 9 DE JULIO;951523;"20-134         ";20-134 - MONOCOMANDO COCINA BETIS;4;4;4;23215414;080926103622306;182335040;;;;08/11/2031 00:00:00;4;13860291;08/09/2026 10:36:22;Tiago;Rodriguez;24495009;08/09/2026 07:54:36;7636;Kevin;Arce;Tiago Rodriguez;Kevin Arce
14174129;08/09/2026 10:36:22;3;2;0001  214981-1;05;CAMIONETA EXP 6;2092622;"GA32    ";"GOMEZ JOSE AGUSTIN - CASA GOMEZ                   ";CALLE PASO Y ESQUINA 9 DE JULIO;951530;"20-146         ";20-146 - MONOCOMANDO DE COCINA CR LINEA MOVE;2;2;2;23215414;080926103622306;182333509;;;;10/09/2031 00:00:00;2;13860291;08/09/2026 10:36:22;Tiago;Rodriguez;24495009;08/09/2026 07:54:36;7636;Kevin;Arce;Tiago Rodriguez;Kevin Arce
14174129;08/09/2026 10:36:22;3;2;0001  214981-1;05;CAMIONETA EXP 6;2092622;"GA32    ";"GOMEZ JOSE AGUSTIN - CASA GOMEZ                   ";CALLE PASO Y ESQUINA 9 DE JULIO;951535;"20-160         ";20-160 - MONOCOMANDO MESADA COCINA DIQUE;2;2;2;23215414;080926103622306;182333760;;;;07/28/2031 00:00:00;2;13860291;08/09/2026 10:36:22;Tiago;Rodriguez;24495009;08/09/2026 07:54:36;7636;Kevin;Arce;Tiago Rodriguez;Kevin Arce
14174129;08/09/2026 10:36:22;3;2;0001  214981-1;05;CAMIONETA EXP 6;2092622;"GA32    ";"GOMEZ JOSE AGUSTIN - CASA GOMEZ                   ";CALLE PASO Y ESQUINA 9 DE JULIO;951568;"203            ";"203 - LAVATORIO CROMO ""DIQUE""";4;4;4;23215414;080926103622306;182336641;;;;01/11/2032 00:00:00;4;13860291;08/09/2026 10:36:22;Tiago;Rodriguez;24495009;08/09/2026 07:54:36;7636;Kevin;Arce;Tiago Rodriguez;Kevin Arce
14174129;08/09/2026 10:36:22;3;2;0001  214981-1;05;CAMIONETA EXP 6;2092622;"GA32    ";"GOMEZ JOSE AGUSTIN - CASA GOMEZ                   ";CALLE PASO Y ESQUINA 9 DE JULIO;950892;"01-010         ";"VALVULA P/MINGITORIO TEMPORIZADA TECNO                                ";2;2;2;23215414;080926103622306;182331967;;;;07/28/2031 00:00:00;2;13860291;08/09/2026 10:36:22;Tiago;Rodriguez;24495009;08/09/2026 07:54:36;7636;Kevin;Arce;Tiago Rodriguez;Kevin Arce
14174129;08/09/2026 10:36:22;3;2;0001  214981-1;05;CAMIONETA EXP 6;2092622;"GA32    ";"GOMEZ JOSE AGUSTIN - CASA GOMEZ                   ";CALLE PASO Y ESQUINA 9 DE JULIO;951508;"20-121         ";20-121 - COCINA MSDA MONOC.P. REDONDO MARBELLA;2;2;2;23215414;080926103622306;182332818;;;;07/30/2031 00:00:00;2;13860291;08/09/2026 10:36:22;Tiago;Rodriguez;24495009;08/09/2026 07:54:36;7636;Kevin;Arce;Tiago Rodriguez;Kevin Arce
14174130;08/09/2026 10:01:40;3;2;0001  215000-1;05;CAMIONETA EXP 6;2094526;"SL12    ";"SANTIANO LILIANA NOEMI                            ";BV. HIPOLITO IRIGOYEN 541;953118;"80-175DG       ";80-175DG - DUCHA EMB C/TRANSF. PULSE DARK GOLD C.CERAM;1;1;1;23218812;080926100139993;182356310;;;;10/19/2031 00:00:00;1;13859235;08/09/2026 10:01:39;Tiago;Rodriguez;24498190;08/09/2026 09:17:00;6414;Agustin;Scirica;Tiago Rodriguez;Agustin Scirica
14174130;08/09/2026 10:01:40;3;2;0001  215000-1;05;CAMIONETA EXP 6;2094526;"SL12    ";"SANTIANO LILIANA NOEMI                            ";BV. HIPOLITO IRIGOYEN 541;953109;"80-166         ";"DUCHA EMB. C/TRANSF. CR C.CERAM ADRA PLUS                             ";8;8;8;23218812;080926100139993;182360824;;;;01/18/2032 00:00:00;8;13859235;08/09/2026 10:01:39;Tiago;Rodriguez;24498190;08/09/2026 09:17:00;6414;Agustin;Scirica;Tiago Rodriguez;Agustin Scirica
14174130;08/09/2026 10:01:40;3;2;0001  215000-1;05;CAMIONETA EXP 6;2094526;"SL12    ";"SANTIANO LILIANA NOEMI                            ";BV. HIPOLITO IRIGOYEN 541;952921;"70-175DG       ";70-175DG - BIDE PULSE DARK GOLD C.CERAM;1;1;1;23218812;080926100139993;182356506;;;;07/31/2031 00:00:00;1;13859235;08/09/2026 10:01:39;Tiago;Rodriguez;24498190;08/09/2026 09:17:00;6414;Agustin;Scirica;Tiago Rodriguez;Agustin Scirica
14174130;08/09/2026 10:01:40;3;2;0001  215000-1;05;CAMIONETA EXP 6;2094526;"SL12    ";"SANTIANO LILIANA NOEMI                            ";BV. HIPOLITO IRIGOYEN 541;952862;"70-058         ";70-058 - BIDE CR C.STD MALBA;5;5;5;23218812;080926100139993;182358871;;;;10/20/2031 00:00:00;5;13859235;08/09/2026 10:01:39;Tiago;Rodriguez;24498190;08/09/2026 09:17:00;6414;Agustin;Scirica;Tiago Rodriguez;Agustin Scirica
14174130;08/09/2026 10:01:40;3;2;0001  215000-1;05;CAMIONETA EXP 6;2094526;"SL12    ";"SANTIANO LILIANA NOEMI                            ";BV. HIPOLITO IRIGOYEN 541;952728;"61-205         ";61-205 - LAVATORIO MONOC ALTO STEEL;2;2;2;23218812;080926100139993;182355372;;;;07/28/2031 00:00:00;2;13859235;08/09/2026 10:01:39;Tiago;Rodriguez;24498190;08/09/2026 09:17:00;6414;Agustin;Scirica;Tiago Rodriguez;Agustin Scirica
14174130;08/09/2026 10:01:40;3;2;0001  215000-1;05;CAMIONETA EXP 6;2094526;"SL12    ";"SANTIANO LILIANA NOEMI                            ";BV. HIPOLITO IRIGOYEN 541;952643;"60-175DG       ";60-175DG - LAVATORIO PULSE DARK GOLD C.CERAM;1;1;1;23218812;080926100139993;182356469;;;;07/31/2031 00:00:00;1;13859235;08/09/2026 10:01:39;Tiago;Rodriguez;24498190;08/09/2026 09:17:00;6414;Agustin;Scirica;Tiago Rodriguez;Agustin Scirica
14174130;08/09/2026 10:01:40;3;2;0001  215000-1;05;CAMIONETA EXP 6;2094526;"SL12    ";"SANTIANO LILIANA NOEMI                            ";BV. HIPOLITO IRIGOYEN 541;952583;"60-058         ";60-058 - LAVATORIO CR C.STD MALBA;5;5;5;23218812;080926100139993;182359012;;;;12/03/2031 00:00:00;5;13859235;08/09/2026 10:01:39;Tiago;Rodriguez;24498190;08/09/2026 09:17:00;6414;Agustin;Scirica;Tiago Rodriguez;Agustin Scirica
14174130;08/09/2026 10:01:40;3;2;0001  215000-1;05;CAMIONETA EXP 6;2094526;"SL12    ";"SANTIANO LILIANA NOEMI                            ";BV. HIPOLITO IRIGOYEN 541;952582;"60-057         ";60-057 - LAVATORIO C.STD VERIN PLUS;3;3;3;23218812;080926100139993;182359317;;;;01/31/2032 00:00:00;3;13859235;08/09/2026 10:01:39;Tiago;Rodriguez;24498190;08/09/2026 09:17:00;6414;Agustin;Scirica;Tiago Rodriguez;Agustin Scirica
14174130;08/09/2026 10:01:40;3;2;0001  215000-1;05;CAMIONETA EXP 6;2094526;"SL12    ";"SANTIANO LILIANA NOEMI                            ";BV. HIPOLITO IRIGOYEN 541;951523;"20-134         ";20-134 - MONOCOMANDO COCINA BETIS;10;10;10;23218812;080926100139993;182358337;;;;08/11/2031 00:00:00;10;13859235;08/09/2026 10:01:39;Tiago;Rodriguez;24498190;08/09/2026 09:17:00;6414;Agustin;Scirica;Tiago Rodriguez;Agustin Scirica
14174130;08/09/2026 10:01:40;3;2;0001  215000-1;05;CAMIONETA EXP 6;2094526;"SL12    ";"SANTIANO LILIANA NOEMI                            ";BV. HIPOLITO IRIGOYEN 541;951513;"20-122N        ";20-122N - MONOCOMANDO COCINA C/PICO EXTRAIBLE VALENCIA BLACK;4;4;4;23218812;080926100139993;182355859;;;;08/06/2031 00:00:00;4;13859235;08/09/2026 10:01:39;Tiago;Rodriguez;24498190;08/09/2026 09:17:00;6414;Agustin;Scirica;Tiago Rodriguez;Agustin Scirica
14174131;08/09/2026 10:06:42;3;2;0001  215022-1;05;CAMIONETA EXP 6;2093974;"PP17    ";"PUNTO PLAC SRL - GONZALEZ Y GONZALEZ              ";AV. 9 DE JULIO 128;952873;"70-100C        ";70-100C - BIDE CR C.CERAM FABRIC;2;2;2;23218427;080926100640236;182353675;;;;07/31/2031 00:00:00;2;13859456;08/09/2026 10:06:40;Tiago;Rodriguez;24497839;08/09/2026 09:16:57;7152;Mirko;Hernandez;Tiago Rodriguez;Mirko Hernandez
14174131;08/09/2026 10:06:42;3;2;0001  215022-1;05;CAMIONETA EXP 6;2093974;"PP17    ";"PUNTO PLAC SRL - GONZALEZ Y GONZALEZ              ";AV. 9 DE JULIO 128;952860;"70-057         ";70-057 - BIDE C.STD VERIN PLUS;2;2;2;23218427;080926100640236;182352995;;;;01/11/2032 00:00:00;2;13859456;08/09/2026 10:06:40;Tiago;Rodriguez;24497839;08/09/2026 09:16:57;7152;Mirko;Hernandez;Tiago Rodriguez;Mirko Hernandez
14174131;08/09/2026 10:06:42;3;2;0001  215022-1;05;CAMIONETA EXP 6;2093974;"PP17    ";"PUNTO PLAC SRL - GONZALEZ Y GONZALEZ              ";AV. 9 DE JULIO 128;952800;"63-183         ";"LAVATORIO PARED EMB MONOCOMANDO MAT                                   ";1;1;1;23218427;080926100640236;182356528;;;;01/12/2032 00:00:00;1;13859456;08/09/2026 10:06:40;Tiago;Rodriguez;24497839;08/09/2026 09:16:57;7152;Mirko;Hernandez;Tiago Rodriguez;Mirko Hernandez
14174131;08/09/2026 10:06:42;3;2;0001  215022-1;05;CAMIONETA EXP 6;2093974;"PP17    ";"PUNTO PLAC SRL - GONZALEZ Y GONZALEZ              ";AV. 9 DE JULIO 128;952719;"61-183         ";"LAVATORIO MONOCOMANDO ALTO MAT                                        ";1;1;1;23218427;080926100640236;182357040;;;;11/02/2031 00:00:00;1;13859456;08/09/2026 10:06:40;Tiago;Rodriguez;24497839;08/09/2026 09:16:57;7152;Mirko;Hernandez;Tiago Rodriguez;Mirko Hernandez
14174131;08/09/2026 10:06:42;3;2;0001  215022-1;05;CAMIONETA EXP 6;2093974;"PP17    ";"PUNTO PLAC SRL - GONZALEZ Y GONZALEZ              ";AV. 9 DE JULIO 128;952707;"61-152         ";61-152 - LAVATORIO MONOCOMANDO CROMO ALTO SORIA;2;2;2;23218427;080926100640236;182358885;;;;07/27/2031 00:00:00;2;13859456;08/09/2026 10:06:40;Tiago;Rodriguez;24497839;08/09/2026 09:16:57;7152;Mirko;Hernandez;Tiago Rodriguez;Mirko Hernandez
14174131;08/09/2026 10:06:42;3;2;0001  215022-1;05;CAMIONETA EXP 6;2093974;"PP17    ";"PUNTO PLAC SRL - GONZALEZ Y GONZALEZ              ";AV. 9 DE JULIO 128;952655;"60-183         ";"LAVATORIO MONOCOMANDO BAJO MAT                                        ";1;1;1;23218427;080926100640236;182356734;;;;11/02/2031 00:00:00;1;13859456;08/09/2026 10:06:40;Tiago;Rodriguez;24497839;08/09/2026 09:16:57;7152;Mirko;Hernandez;Tiago Rodriguez;Mirko Hernandez
14174131;08/09/2026 10:06:42;3;2;0001  215022-1;05;CAMIONETA EXP 6;2093974;"PP17    ";"PUNTO PLAC SRL - GONZALEZ Y GONZALEZ              ";AV. 9 DE JULIO 128;952618;"60-133         ";60-133 - LAVATORIO MONOCOMANDO LUGO;3;3;3;23218427;080926100640236;182355574;;;;07/29/2031 00:00:00;3;13859456;08/09/2026 10:06:40;Tiago;Rodriguez;24497839;08/09/2026 09:16:57;7152;Mirko;Hernandez;Tiago Rodriguez;Mirko Hernandez
14174131;08/09/2026 10:06:42;3;2;0001  215022-1;05;CAMIONETA EXP 6;2093974;"PP17    ";"PUNTO PLAC SRL - GONZALEZ Y GONZALEZ              ";AV. 9 DE JULIO 128;952610;"60-122         ";60-122 - LAVATORIO C.CERAM CR VALENCIA;2;2;2;23218427;080926100640236;182353324;;;;12/10/2031 00:00:00;2;13859456;08/09/2026 10:06:40;Tiago;Rodriguez;24497839;08/09/2026 09:16:57;7152;Mirko;Hernandez;Tiago Rodriguez;Mirko Hernandez
14174131;08/09/2026 10:06:42;3;2;0001  215022-1;05;CAMIONETA EXP 6;2093974;"PP17    ";"PUNTO PLAC SRL - GONZALEZ Y GONZALEZ              ";AV. 9 DE JULIO 128;952583;"60-058         ";60-058 - LAVATORIO CR C.STD MALBA;10;10;10;23218427;080926100640236;182352615;;;;12/03/2031 00:00:00;10;13859456;08/09/2026 10:06:40;Tiago;Rodriguez;24497839;08/09/2026 09:16:57;7152;Mirko;Hernandez;Tiago Rodriguez;Mirko Hernandez
14174131;08/09/2026 10:06:42;3;2;0001  215022-1;05;CAMIONETA EXP 6;2093974;"PP17    ";"PUNTO PLAC SRL - GONZALEZ Y GONZALEZ              ";AV. 9 DE JULIO 128;952499;"54-203         ";"COCINA PARED EXT C.CERAM ADRA MONOCOMANDO                             ";2;2;2;23218427;080926100640236;182354827;;;;11/23/2031 00:00:00;2;13859456;08/09/2026 10:06:40;Tiago;Rodriguez;24497839;08/09/2026 09:16:57;7152;Mirko;Hernandez;Tiago Rodriguez;Mirko Hernandez
14174131;08/09/2026 10:06:42;3;2;0001  215022-1;05;CAMIONETA EXP 6;2093974;"PP17    ";"PUNTO PLAC SRL - GONZALEZ Y GONZALEZ              ";AV. 9 DE JULIO 128;952453;"51-131         ";51-131 - MESADA BIMANDO CR C.CERAM MALLORCA;1;1;1;23218427;080926100640236;182354191;;;;01/12/2032 00:00:00;1;13859456;08/09/2026 10:06:40;Tiago;Rodriguez;24497839;08/09/2026 09:16:57;7152;Mirko;Hernandez;Tiago Rodriguez;Mirko Hernandez
14174131;08/09/2026 10:06:42;3;2;0001  215022-1;05;CAMIONETA EXP 6;2093974;"PP17    ";"PUNTO PLAC SRL - GONZALEZ Y GONZALEZ              ";AV. 9 DE JULIO 128;951833;"30-132         ";30-132 - COCINA MESADA MONOC. C/DUCHADOR EXTENSIBLE VIGO;2;2;2;23218427;080926100640236;182358165;;;;07/28/2031 00:00:00;2;13859456;08/09/2026 10:06:40;Tiago;Rodriguez;24497839;08/09/2026 09:16:57;7152;Mirko;Hernandez;Tiago Rodriguez;Mirko Hernandez
14174131;08/09/2026 10:06:42;3;2;0001  215022-1;05;CAMIONETA EXP 6;2093974;"PP17    ";"PUNTO PLAC SRL - GONZALEZ Y GONZALEZ              ";AV. 9 DE JULIO 128;951611;"21-160         ";"MONOCOMANDO DUO COCINA CROMO DIQUE                                    ";3;3;3;23218427;080926100640236;182357590;;;;12/14/2031 00:00:00;3;13859456;08/09/2026 10:06:40;Tiago;Rodriguez;24497839;08/09/2026 09:16:57;7152;Mirko;Hernandez;Tiago Rodriguez;Mirko Hernandez
14174131;08/09/2026 10:06:42;3;2;0001  215022-1;05;CAMIONETA EXP 6;2093974;"PP17    ";"PUNTO PLAC SRL - GONZALEZ Y GONZALEZ              ";AV. 9 DE JULIO 128;951552;"20-183         ";"MONOCOMANDO DE COCINA MAT                                             ";2;2;2;23218427;080926100640236;182356234;;;;11/02/2031 00:00:00;2;13859456;08/09/2026 10:06:40;Tiago;Rodriguez;24497839;08/09/2026 09:16:57;7152;Mirko;Hernandez;Tiago Rodriguez;Mirko Hernandez
14174131;08/09/2026 10:06:42;3;2;0001  215022-1;05;CAMIONETA EXP 6;2093974;"PP17    ";"PUNTO PLAC SRL - GONZALEZ Y GONZALEZ              ";AV. 9 DE JULIO 128;951529;"20-140N        ";20-140N - MONOCOMANDO DE COCINA LINEA CUINA BLACK;1;1;1;23218427;080926100640236;182357740;;;;07/29/2031 00:00:00;1;13859456;08/09/2026 10:06:40;Tiago;Rodriguez;24497839;08/09/2026 09:16:57;7152;Mirko;Hernandez;Tiago Rodriguez;Mirko Hernandez
14174131;08/09/2026 10:06:42;3;2;0001  215022-1;05;CAMIONETA EXP 6;2093974;"PP17    ";"PUNTO PLAC SRL - GONZALEZ Y GONZALEZ              ";AV. 9 DE JULIO 128;953131;"80-183         ";"DUCHA EMB C/TRANSF MONOCOMANDO MAT                                    ";1;1;1;23218427;080926100640236;182355749;;;;11/02/2031 00:00:00;1;13859456;08/09/2026 10:06:40;Tiago;Rodriguez;24497839;08/09/2026 09:16:57;7152;Mirko;Hernandez;Tiago Rodriguez;Mirko Hernandez
14174131;08/09/2026 10:06:42;3;2;0001  215022-1;05;CAMIONETA EXP 6;2093974;"PP17    ";"PUNTO PLAC SRL - GONZALEZ Y GONZALEZ              ";AV. 9 DE JULIO 128;953070;"80-100C        ";80-100C - DUCHA EMB. C/TRANSF. CR C.CERAM FABRIC;1;1;1;23218427;080926100640236;182353580;;;;07/30/2031 00:00:00;1;13859456;08/09/2026 10:06:40;Tiago;Rodriguez;24497839;08/09/2026 09:16:57;7152;Mirko;Hernandez;Tiago Rodriguez;Mirko Hernandez
14174131;08/09/2026 10:06:42;3;2;0001  215022-1;05;CAMIONETA EXP 6;2093974;"PP17    ";"PUNTO PLAC SRL - GONZALEZ Y GONZALEZ              ";AV. 9 DE JULIO 128;953059;"80-057         ";80-057 - DUCHA EMB. C/TRANSF. C.STD VERIN PLUS;1;1;1;23218427;080926100640236;182352860;;;;01/04/2032 00:00:00;1;13859456;08/09/2026 10:06:40;Tiago;Rodriguez;24497839;08/09/2026 09:16:57;7152;Mirko;Hernandez;Tiago Rodriguez;Mirko Hernandez
14174131;08/09/2026 10:06:42;3;2;0001  215022-1;05;CAMIONETA EXP 6;2093974;"PP17    ";"PUNTO PLAC SRL - GONZALEZ Y GONZALEZ              ";AV. 9 DE JULIO 128;952945;"70-199         ";70-199 - BIDE CR C.CERAM LIVE;1;1;1;23218427;080926100640236;182360740;;;;12/16/2031 00:00:00;1;13859456;08/09/2026 10:06:40;Tiago;Rodriguez;24497839;08/09/2026 09:16:57;7152;Mirko;Hernandez;Tiago Rodriguez;Mirko Hernandez
14174131;08/09/2026 10:06:42;3;2;0001  215022-1;05;CAMIONETA EXP 6;2093974;"PP17    ";"PUNTO PLAC SRL - GONZALEZ Y GONZALEZ              ";AV. 9 DE JULIO 128;952933;"70-183         ";"BIDE MONOCOMANDO C/TRANSF MAT                                         ";1;1;1;23218427;080926100640236;182356685;;;;11/02/2031 00:00:00;1;13859456;08/09/2026 10:06:40;Tiago;Rodriguez;24497839;08/09/2026 09:16:57;7152;Mirko;Hernandez;Tiago Rodriguez;Mirko Hernandez
14174131;08/09/2026 10:06:42;3;2;0001  215022-1;05;CAMIONETA EXP 6;2093974;"PP17    ";"PUNTO PLAC SRL - GONZALEZ Y GONZALEZ              ";AV. 9 DE JULIO 128;952875;"70-100N        ";70-100N - BIDE BLACK C.CERAM FABRIC;3;3;3;23218427;080926100640236;182353908;;;;07/29/2031 00:00:00;3;13859456;08/09/2026 10:06:40;Tiago;Rodriguez;24497839;08/09/2026 09:16:57;7152;Mirko;Hernandez;Tiago Rodriguez;Mirko Hernandez
14174131;08/09/2026 10:06:42;3;2;0001  215022-1;05;CAMIONETA EXP 6;2093974;"PP17    ";"PUNTO PLAC SRL - GONZALEZ Y GONZALEZ              ";AV. 9 DE JULIO 128;952874;"70-100G        ";70-100G - BIDE GOLD C.CERAM FABRIC;1;1;1;23218427;080926100640236;182354038;;;;07/29/2031 00:00:00;1;13859456;08/09/2026 10:06:40;Tiago;Rodriguez;24497839;08/09/2026 09:16:57;7152;Mirko;Hernandez;Tiago Rodriguez;Mirko Hernandez
14174132;08/09/2026 07:13:33;3;2;0001  215023-1;05;CAMIONETA EXP 6;2093974;"PP17    ";"PUNTO PLAC SRL - GONZALEZ Y GONZALEZ              ";AV. 9 DE JULIO 128;953312;"83-133         ";83-133 - DUCHA EXT. C/TRANSF. MONOCOMANDO LUGO;30;30;30;23177499;080926071333181;182040108;;;;07/30/2031 00:00:00;30;13856017;08/09/2026 07:13:33;Gustavo;Soderquvist;24457014;05/09/2026 11:16:48;6585;Mathias;Montenegro;Gustavo Soderquvist;Mathias Montenegro
14174132;08/09/2026 07:13:33;3;2;0001  215023-1;05;CAMIONETA EXP 6;2093974;"PP17    ";"PUNTO PLAC SRL - GONZALEZ Y GONZALEZ              ";AV. 9 DE JULIO 128;952862;"70-058         ";70-058 - BIDE CR C.STD MALBA;30;30;30;23177499;080926071333181;182039567;;;;10/20/2031 00:00:00;30;13856017;08/09/2026 07:13:33;Gustavo;Soderquvist;24457014;05/09/2026 11:16:48;6585;Mathias;Montenegro;Gustavo Soderquvist;Mathias Montenegro
14174132;08/09/2026 07:13:33;3;2;0001  215023-1;05;CAMIONETA EXP 6;2093974;"PP17    ";"PUNTO PLAC SRL - GONZALEZ Y GONZALEZ              ";AV. 9 DE JULIO 128;952583;"60-058         ";60-058 - LAVATORIO CR C.STD MALBA;30;30;30;23177499;080926071333181;182039143;;;;12/03/2031 00:00:00;30;13856017;08/09/2026 07:13:33;Gustavo;Soderquvist;24457014;05/09/2026 11:16:48;6585;Mathias;Montenegro;Gustavo Soderquvist;Mathias Montenegro
14174132;08/09/2026 07:13:33;3;2;0001  215023-1;05;CAMIONETA EXP 6;2093974;"PP17    ";"PUNTO PLAC SRL - GONZALEZ Y GONZALEZ              ";AV. 9 DE JULIO 128;951535;"20-160         ";20-160 - MONOCOMANDO MESADA COCINA DIQUE;32;32;32;23177499;080926071333181;182039930;;;;07/28/2031 00:00:00;32;13856017;08/09/2026 07:13:33;Gustavo;Soderquvist;24457014;05/09/2026 11:16:48;6585;Mathias;Montenegro;Gustavo Soderquvist;Mathias Montenegro
14174133;08/09/2026 10:51:21;3;2;0001  215067-1;05;CAMIONETA EXP 6;2261744;"EG08    ";"EL GRIFO S.R.L.                                   ";DARWIN 101;953406;"90-045         ";90-045 - PACK GRIF LAV-BID-DUCHA C/TRANSF CRUZ;3;3;3;23220473;080926105118947;182366204;;;;08/04/2031 00:00:00;3;13860922;08/09/2026 10:51:18;Tiago;Rodriguez;24499706;08/09/2026 09:34:42;7152;Mirko;Hernandez;Tiago Rodriguez;Mirko Hernandez
14174133;08/09/2026 10:51:21;3;2;0001  215067-1;05;CAMIONETA EXP 6;2261744;"EG08    ";"EL GRIFO S.R.L.                                   ";DARWIN 101;951528;"20-140         ";20-140 - MONOCOMANDO DE COCINA LINEA CUINA;5;5;5;23220473;080926105118947;182366598;;;;10/07/2031 00:00:00;5;13860922;08/09/2026 10:51:18;Tiago;Rodriguez;24499706;08/09/2026 09:34:42;7152;Mirko;Hernandez;Tiago Rodriguez;Mirko Hernandez
14174134;08/09/2026 10:54:37;3;2;0001  215069-1;05;CAMIONETA EXP 6;2092235;"EA13    ";"ELIAS SEBASTIAN A. - LOS CEDROS MATERIALES        ";UGALDE 319;952673;"60-200G        ";60-200G - LAVATORIO MONOC BAJO GOLD FABRIC;2;2;2;23176549;080926105437038;182033167;;;;07/28/2031 00:00:00;2;13860998;08/09/2026 10:54:37;Gustavo;Soderquvist;24455974;05/09/2026 10:42:34;6584;Luis Alberto;Villareal;Gustavo Soderquvist;Luis Alberto Villareal
14174134;08/09/2026 10:54:37;3;2;0001  215069-1;05;CAMIONETA EXP 6;2092235;"EA13    ";"ELIAS SEBASTIAN A. - LOS CEDROS MATERIALES        ";UGALDE 319;952679;"60-205         ";60-205 - LAVATORIO MONOC BAJO STEEL;2;2;2;23176549;080926105437038;182034646;;;;07/27/2031 00:00:00;2;13860998;08/09/2026 10:54:37;Gustavo;Soderquvist;24455974;05/09/2026 10:42:34;6584;Luis Alberto;Villareal;Gustavo Soderquvist;Luis Alberto Villareal
14174135;08/09/2026 08:50:31;3;2;0001  215073-1;05;CAMIONETA EXP 6;2092589;"FV08    ";"FABBRINI VILMA E -SANITARIOS PANICHELLI           ";ENTRE RIOS Y ALV S/N;954918;"BCH16          ";BCH16 - BACHA DE APOYAR BLANCA 610x457x254 C/DESAGOTE Y REJILLA;1;1;1;23215445;080926085031712;182334055;;;;01/06/2032 00:00:00;1;13857681;08/09/2026 08:50:31;Tiago;Rodriguez;24495016;08/09/2026 07:37:21;6922;Franco;Potenza;Tiago Rodriguez;Franco Potenza
14174135;08/09/2026 08:50:31;3;2;0001  215073-1;05;CAMIONETA EXP 6;2092589;"FV08    ";"FABBRINI VILMA E -SANITARIOS PANICHELLI           ";ENTRE RIOS Y ALV S/N;953494;"944            ";944 - JUEGO COC.PARED EMB CRUZ BL/CR ARES;2;2;2;23215445;080926085031712;182332106;;;;07/31/2031 00:00:00;2;13857681;08/09/2026 08:50:31;Tiago;Rodriguez;24495016;08/09/2026 07:37:21;6922;Franco;Potenza;Tiago Rodriguez;Franco Potenza
14174135;08/09/2026 08:50:31;3;2;0001  215073-1;05;CAMIONETA EXP 6;2092589;"FV08    ";"FABBRINI VILMA E -SANITARIOS PANICHELLI           ";ENTRE RIOS Y ALV S/N;953476;"934            ";934 - JGO.PARED PICO U C/EXT CRUZ BL/CR ARES;5;5;5;23215445;080926085031712;182332223;;;;07/31/2031 00:00:00;5;13857681;08/09/2026 08:50:31;Tiago;Rodriguez;24495016;08/09/2026 07:37:21;6922;Franco;Potenza;Tiago Rodriguez;Franco Potenza
14174135;08/09/2026 08:50:31;3;2;0001  215073-1;05;CAMIONETA EXP 6;2092589;"FV08    ";"FABBRINI VILMA E -SANITARIOS PANICHELLI           ";ENTRE RIOS Y ALV S/N;953435;"914            ";914 - JGO.MDA.P.CAÑO BL/CR ARES;4;4;4;23215445;080926085031712;182332040;;;;07/31/2031 00:00:00;4;13857681;08/09/2026 08:50:31;Tiago;Rodriguez;24495016;08/09/2026 07:37:21;6922;Franco;Potenza;Tiago Rodriguez;Franco Potenza
14174135;08/09/2026 08:50:31;3;2;0001  215073-1;05;CAMIONETA EXP 6;2092589;"FV08    ";"FABBRINI VILMA E -SANITARIOS PANICHELLI           ";ENTRE RIOS Y ALV S/N;953122;"80-176         ";80-176 - DUCHA EMB C/TRANSF MONOC CR RIO;5;5;5;23215445;080926085031712;182332991;;;;07/29/2031 00:00:00;5;13857681;08/09/2026 08:50:31;Tiago;Rodriguez;24495016;08/09/2026 07:37:21;6922;Franco;Potenza;Tiago Rodriguez;Franco Potenza
14174135;08/09/2026 08:50:31;3;2;0001  215073-1;05;CAMIONETA EXP 6;2092589;"FV08    ";"FABBRINI VILMA E -SANITARIOS PANICHELLI           ";ENTRE RIOS Y ALV S/N;953102;"80-152         ";80-152 - DUCHA EMB. CR C/TRANSF. MONOCOMANDO SORIA;2;2;2;23215445;080926085031712;182332477;;;;10/26/2031 00:00:00;2;13857681;08/09/2026 08:50:31;Tiago;Rodriguez;24495016;08/09/2026 07:37:21;6922;Franco;Potenza;Tiago Rodriguez;Franco Potenza
14174135;08/09/2026 08:50:31;3;2;0001  215073-1;05;CAMIONETA EXP 6;2092589;"FV08    ";"FABBRINI VILMA E -SANITARIOS PANICHELLI           ";ENTRE RIOS Y ALV S/N;952908;"70-152         ";70-152 - BIDE MONOCOMANDO CR C/TRANSFERENCIA SORIA;2;2;2;23215445;080926085031712;182332567;;;;07/28/2031 00:00:00;2;13857681;08/09/2026 08:50:31;Tiago;Rodriguez;24495016;08/09/2026 07:37:21;6922;Franco;Potenza;Tiago Rodriguez;Franco Potenza
14174135;08/09/2026 08:50:31;3;2;0001  215073-1;05;CAMIONETA EXP 6;2092589;"FV08    ";"FABBRINI VILMA E -SANITARIOS PANICHELLI           ";ENTRE RIOS Y ALV S/N;952888;"70-122         ";70-122 - BIDE C.CERAM CR VALENCIA;1;1;1;23215445;080926085031712;182331705;;;;10/26/2031 00:00:00;1;13857681;08/09/2026 08:50:31;Tiago;Rodriguez;24495016;08/09/2026 07:37:21;6922;Franco;Potenza;Tiago Rodriguez;Franco Potenza
14174135;08/09/2026 08:50:31;3;2;0001  215073-1;05;CAMIONETA EXP 6;2092589;"FV08    ";"FABBRINI VILMA E -SANITARIOS PANICHELLI           ";ENTRE RIOS Y ALV S/N;952630;"60-152         ";60-152 - LAVATORIO CR MONOCOMANDO BAJO SORIA;2;2;2;23215445;080926085031712;182332757;;;;07/27/2031 00:00:00;2;13857681;08/09/2026 08:50:31;Tiago;Rodriguez;24495016;08/09/2026 07:37:21;6922;Franco;Potenza;Tiago Rodriguez;Franco Potenza
14174135;08/09/2026 08:50:31;3;2;0001  215073-1;05;CAMIONETA EXP 6;2092589;"FV08    ";"FABBRINI VILMA E -SANITARIOS PANICHELLI           ";ENTRE RIOS Y ALV S/N;952610;"60-122         ";60-122 - LAVATORIO C.CERAM CR VALENCIA;2;2;2;23215445;080926085031712;182331681;;;;12/10/2031 00:00:00;2;13857681;08/09/2026 08:50:31;Tiago;Rodriguez;24495016;08/09/2026 07:37:21;6922;Franco;Potenza;Tiago Rodriguez;Franco Potenza
14174135;08/09/2026 08:50:31;3;2;0001  215073-1;05;CAMIONETA EXP 6;2092589;"FV08    ";"FABBRINI VILMA E -SANITARIOS PANICHELLI           ";ENTRE RIOS Y ALV S/N;952582;"60-057         ";60-057 - LAVATORIO C.STD VERIN PLUS;5;5;5;23215445;080926085031712;182331494;;;;01/31/2032 00:00:00;5;13857681;08/09/2026 08:50:31;Tiago;Rodriguez;24495016;08/09/2026 07:37:21;6922;Franco;Potenza;Tiago Rodriguez;Franco Potenza
14174135;08/09/2026 08:50:31;3;2;0001  215073-1;05;CAMIONETA EXP 6;2092589;"FV08    ";"FABBRINI VILMA E -SANITARIOS PANICHELLI           ";ENTRE RIOS Y ALV S/N;951565;"20-205         ";20-205 - MONOCOMANDO DE COCINA STEEL;4;4;4;23215445;080926085031712;182333672;;;;07/28/2031 00:00:00;4;13857681;08/09/2026 08:50:31;Tiago;Rodriguez;24495016;08/09/2026 07:37:21;6922;Franco;Potenza;Tiago Rodriguez;Franco Potenza
14174135;08/09/2026 08:50:31;3;2;0001  215073-1;05;CAMIONETA EXP 6;2092589;"FV08    ";"FABBRINI VILMA E -SANITARIOS PANICHELLI           ";ENTRE RIOS Y ALV S/N;951512;"20-122         ";"MONOCOMANDO COCINA CR C/PICO EXTRAIBLE VALENCIA                       ";3;3;3;23215445;080926085031712;182333494;;;;08/06/2031 00:00:00;3;13857681;08/09/2026 08:50:31;Tiago;Rodriguez;24495016;08/09/2026 07:37:21;6922;Franco;Potenza;Tiago Rodriguez;Franco Potenza
14174136;08/09/2026 10:51:58;3;2;0001  215075-1;05;CAMIONETA EXP 6;2091512;"CB14    ";"CASA BIANCO S. A. S.                              ";AVENIDA CARBALLO 1415;952679;"60-205         ";60-205 - LAVATORIO MONOC BAJO STEEL;5;5;5;23215897;080926105158847;182336274;;;;07/27/2031 00:00:00;5;13860927;08/09/2026 10:51:58;Maximiliano;Nievas;24495508;08/09/2026 07:49:23;6922;Franco;Potenza;Maximiliano Nievas;Franco Potenza
14174136;08/09/2026 10:51:58;3;2;0001  215075-1;05;CAMIONETA EXP 6;2091512;"CB14    ";"CASA BIANCO S. A. S.                              ";AVENIDA CARBALLO 1415;952956;"70-205         ";70-205 - BIDE MONOCOMANDO STEEL;6;6;6;23215897;080926105158847;182335855;;;;11/08/2031 00:00:00;6;13860927;08/09/2026 10:51:58;Maximiliano;Nievas;24495508;08/09/2026 07:49:23;6922;Franco;Potenza;Maximiliano Nievas;Franco Potenza
14174136;08/09/2026 10:51:58;3;2;0001  215075-1;05;CAMIONETA EXP 6;2091512;"CB14    ";"CASA BIANCO S. A. S.                              ";AVENIDA CARBALLO 1415;953161;"80-205         ";80-205 - DUCHA EMB. C/TRANSF. MONOC STEEL;5;5;5;23215897;080926105158847;182335624;;;;08/11/2031 00:00:00;5;13860927;08/09/2026 10:51:58;Maximiliano;Nievas;24495508;08/09/2026 07:49:23;6922;Franco;Potenza;Maximiliano Nievas;Franco Potenza
14174137;08/09/2026 10:46:56;3;2;0001  215076-1;05;CAMIONETA EXP 6;2093426;"ME41    ";"MATERIALES EL CHINO S. DE H. DE VAZQUEZ           ";M.MOLINA 967;954918;"BCH16          ";BCH16 - BACHA DE APOYAR BLANCA 610x457x254 C/DESAGOTE Y REJILLA;1;1;1;23216294;080926104654569;182342304;;;;01/06/2032 00:00:00;1;13860393;08/09/2026 10:46:54;Agustin;Scirica;24495867;08/09/2026 08:16:59;6922;Franco;Potenza;Agustin Scirica;Franco Potenza
14174137;08/09/2026 10:46:56;3;2;0001  215076-1;05;CAMIONETA EXP 6;2093426;"ME41    ";"MATERIALES EL CHINO S. DE H. DE VAZQUEZ           ";M.MOLINA 967;954791;"A996           ";A996 - DUCHA 8' CUADRADA CR C/BRAZO Y CAMPANA;1;1;1;23216294;080926104654569;182340704;;;;07/29/2031 00:00:00;1;13860393;08/09/2026 10:46:54;Agustin;Scirica;24495867;08/09/2026 08:16:59;6922;Franco;Potenza;Agustin Scirica;Franco Potenza
14174137;08/09/2026 10:46:56;3;2;0001  215076-1;05;CAMIONETA EXP 6;2093426;"ME41    ";"MATERIALES EL CHINO S. DE H. DE VAZQUEZ           ";M.MOLINA 967;953312;"83-133         ";83-133 - DUCHA EXT. C/TRANSF. MONOCOMANDO LUGO;2;2;2;23216294;080926104654569;182339470;;;;07/30/2031 00:00:00;2;13860393;08/09/2026 10:46:54;Agustin;Scirica;24495867;08/09/2026 08:16:59;6922;Franco;Potenza;Agustin Scirica;Franco Potenza
14174137;08/09/2026 10:46:56;3;2;0001  215076-1;05;CAMIONETA EXP 6;2093426;"ME41    ";"MATERIALES EL CHINO S. DE H. DE VAZQUEZ           ";M.MOLINA 967;950895;"02-010         ";"VALVULA P/INODORO TEMPORIZADA TECNO                                   ";1;1;1;23216294;080926104654569;182341927;;;;07/28/2031 00:00:00;1;13860393;08/09/2026 10:46:54;Agustin;Scirica;24495867;08/09/2026 08:16:59;6922;Franco;Potenza;Agustin Scirica;Franco Potenza
14174137;08/09/2026 10:46:56;3;2;0001  215076-1;05;CAMIONETA EXP 6;2093426;"ME41    ";"MATERIALES EL CHINO S. DE H. DE VAZQUEZ           ";M.MOLINA 967;950907;"05-010         ";"LAVATORIO BAJO TEMPORIZADO TECNO                                      ";1;1;1;23216294;080926104654569;182342081;;;;07/28/2031 00:00:00;1;13860393;08/09/2026 10:46:54;Agustin;Scirica;24495867;08/09/2026 08:16:59;6922;Franco;Potenza;Agustin Scirica;Franco Potenza
14174137;08/09/2026 10:46:56;3;2;0001  215076-1;05;CAMIONETA EXP 6;2093426;"ME41    ";"MATERIALES EL CHINO S. DE H. DE VAZQUEZ           ";M.MOLINA 967;951523;"20-134         ";20-134 - MONOCOMANDO COCINA BETIS;2;2;2;23216294;080926104654569;182338648;;;;08/11/2031 00:00:00;2;13860393;08/09/2026 10:46:54;Agustin;Scirica;24495867;08/09/2026 08:16:59;6922;Franco;Potenza;Agustin Scirica;Franco Potenza
14174137;08/09/2026 10:46:56;3;2;0001  215076-1;05;CAMIONETA EXP 6;2093426;"ME41    ";"MATERIALES EL CHINO S. DE H. DE VAZQUEZ           ";M.MOLINA 967;951530;"20-146         ";20-146 - MONOCOMANDO DE COCINA CR LINEA MOVE;2;2;2;23216294;080926104654569;182339685;;;;10/09/2031 00:00:00;2;13860393;08/09/2026 10:46:54;Agustin;Scirica;24495867;08/09/2026 08:16:59;6922;Franco;Potenza;Agustin Scirica;Franco Potenza
14174137;08/09/2026 10:46:56;3;2;0001  215076-1;05;CAMIONETA EXP 6;2093426;"ME41    ";"MATERIALES EL CHINO S. DE H. DE VAZQUEZ           ";M.MOLINA 967;951535;"20-160         ";20-160 - MONOCOMANDO MESADA COCINA DIQUE;4;4;4;23216294;080926104654569;182339555;;;;07/28/2031 00:00:00;4;13860393;08/09/2026 10:46:54;Agustin;Scirica;24495867;08/09/2026 08:16:59;6922;Franco;Potenza;Agustin Scirica;Franco Potenza
14174137;08/09/2026 10:46:56;3;2;0001  215076-1;05;CAMIONETA EXP 6;2093426;"ME41    ";"MATERIALES EL CHINO S. DE H. DE VAZQUEZ           ";M.MOLINA 967;951553;"20-184         ";"MONOCOMANDO DE COCINA CR SUV                                          ";2;2;2;23216294;080926104654569;182341451;;;;10/04/2031 00:00:00;2;13860393;08/09/2026 10:46:54;Agustin;Scirica;24495867;08/09/2026 08:16:59;6922;Franco;Potenza;Agustin Scirica;Franco Potenza
14174137;08/09/2026 10:46:56;3;2;0001  215076-1;05;CAMIONETA EXP 6;2093426;"ME41    ";"MATERIALES EL CHINO S. DE H. DE VAZQUEZ           ";M.MOLINA 967;952419;"51-001N        ";"51-001N - COCINA MESADA ""CROMO Y""";4;4;4;23216294;080926104654569;182338298;;;;07/29/2031 00:00:00;4;13860393;08/09/2026 10:46:54;Agustin;Scirica;24495867;08/09/2026 08:16:59;6922;Franco;Potenza;Agustin Scirica;Franco Potenza
14174137;08/09/2026 10:46:56;3;2;0001  215076-1;05;CAMIONETA EXP 6;2093426;"ME41    ";"MATERIALES EL CHINO S. DE H. DE VAZQUEZ           ";M.MOLINA 967;952437;"51-057         ";51-057 - COCINA MESADA CR C.STD VERIN PLUS;4;4;4;23216294;080926104654569;182340136;;;;01/27/2032 00:00:00;4;13860393;08/09/2026 10:46:54;Agustin;Scirica;24495867;08/09/2026 08:16:59;6922;Franco;Potenza;Agustin Scirica;Franco Potenza
14174137;08/09/2026 10:46:56;3;2;0001  215076-1;05;CAMIONETA EXP 6;2093426;"ME41    ";"MATERIALES EL CHINO S. DE H. DE VAZQUEZ           ";M.MOLINA 967;952471;"53-002         ";53-002 - COCINA PARED EXT. P.ALTO RENACER;4;4;4;23216294;080926104654569;182337943;;;;07/29/2031 00:00:00;4;13860393;08/09/2026 10:46:54;Agustin;Scirica;24495867;08/09/2026 08:16:59;6922;Franco;Potenza;Agustin Scirica;Franco Potenza
14174137;08/09/2026 10:46:56;3;2;0001  215076-1;05;CAMIONETA EXP 6;2093426;"ME41    ";"MATERIALES EL CHINO S. DE H. DE VAZQUEZ           ";M.MOLINA 967;952498;"54-130         ";54-130 - MONOCOMANDO COCINA PARED EXT BILBAO;2;2;2;23216294;080926104654569;182341307;;;;07/27/2031 00:00:00;2;13860393;08/09/2026 10:46:54;Agustin;Scirica;24495867;08/09/2026 08:16:59;6922;Franco;Potenza;Agustin Scirica;Franco Potenza
14174137;08/09/2026 10:46:56;3;2;0001  215076-1;05;CAMIONETA EXP 6;2093426;"ME41    ";"MATERIALES EL CHINO S. DE H. DE VAZQUEZ           ";M.MOLINA 967;952582;"60-057         ";60-057 - LAVATORIO C.STD VERIN PLUS;5;5;5;23216294;080926104654569;182337608;;;;01/31/2032 00:00:00;5;13860393;08/09/2026 10:46:54;Agustin;Scirica;24495867;08/09/2026 08:16:59;6922;Franco;Potenza;Agustin Scirica;Franco Potenza
14174137;08/09/2026 10:46:56;3;2;0001  215076-1;05;CAMIONETA EXP 6;2093426;"ME41    ";"MATERIALES EL CHINO S. DE H. DE VAZQUEZ           ";M.MOLINA 967;952618;"60-133         ";60-133 - LAVATORIO MONOCOMANDO LUGO;2;2;2;23216294;080926104654569;182339060;;;;07/29/2031 00:00:00;2;13860393;08/09/2026 10:46:54;Agustin;Scirica;24495867;08/09/2026 08:16:59;6922;Franco;Potenza;Agustin Scirica;Franco Potenza
14174137;08/09/2026 10:46:56;3;2;0001  215076-1;05;CAMIONETA EXP 6;2093426;"ME41    ";"MATERIALES EL CHINO S. DE H. DE VAZQUEZ           ";M.MOLINA 967;952650;"60-180         ";60-180 - LAVATORIO MONOCOMANDO BAJO VERA;1;1;1;23216294;080926104654569;182340418;;;;07/28/2031 00:00:00;1;13860393;08/09/2026 10:46:54;Agustin;Scirica;24495867;08/09/2026 08:16:59;6922;Franco;Potenza;Agustin Scirica;Franco Potenza
14174137;08/09/2026 10:46:56;3;2;0001  215076-1;05;CAMIONETA EXP 6;2093426;"ME41    ";"MATERIALES EL CHINO S. DE H. DE VAZQUEZ           ";M.MOLINA 967;952714;"61-180         ";61-180 - LAVATORIO MONOCOMANDO ALTO VERA;1;1;1;23216294;080926104654569;182340383;;;;07/28/2031 00:00:00;1;13860393;08/09/2026 10:46:54;Agustin;Scirica;24495867;08/09/2026 08:16:59;6922;Franco;Potenza;Agustin Scirica;Franco Potenza
14174137;08/09/2026 10:46:56;3;2;0001  215076-1;05;CAMIONETA EXP 6;2093426;"ME41    ";"MATERIALES EL CHINO S. DE H. DE VAZQUEZ           ";M.MOLINA 967;952860;"70-057         ";70-057 - BIDE C.STD VERIN PLUS;3;3;3;23216294;080926104654569;182337692;;;;01/11/2032 00:00:00;3;13860393;08/09/2026 10:46:54;Agustin;Scirica;24495867;08/09/2026 08:16:59;6922;Franco;Potenza;Agustin Scirica;Franco Potenza
14174137;08/09/2026 10:46:56;3;2;0001  215076-1;05;CAMIONETA EXP 6;2093426;"ME41    ";"MATERIALES EL CHINO S. DE H. DE VAZQUEZ           ";M.MOLINA 967;953059;"80-057         ";80-057 - DUCHA EMB. C/TRANSF. C.STD VERIN PLUS;3;3;3;23216294;080926104654569;182337473;;;;01/04/2032 00:00:00;3;13860393;08/09/2026 10:46:54;Agustin;Scirica;24495867;08/09/2026 08:16:59;6922;Franco;Potenza;Agustin Scirica;Franco Potenza
14174138;08/09/2026 08:51:30;3;2;0001  215077-1;05;CAMIONETA EXP 6;2093426;"ME41    ";"MATERIALES EL CHINO S. DE H. DE VAZQUEZ           ";M.MOLINA 967;954902;"BCH02          ";BCH02 - BACHA DE APOYAR CIRCULAR 1 AG. 415x145;1;1;1;23217394;080926085129442;182343702;;;;07/27/2031 00:00:00;1;13857752;08/09/2026 08:51:29;Tiago;Rodriguez;24496911;08/09/2026 08:24:29;6922;Franco;Potenza;Tiago Rodriguez;Franco Potenza
14174138;08/09/2026 08:51:30;3;2;0001  215077-1;05;CAMIONETA EXP 6;2093426;"ME41    ";"MATERIALES EL CHINO S. DE H. DE VAZQUEZ           ";M.MOLINA 967;954901;"BCH01          ";BCH01 - BACHA DE APOYAR CIRCULAR 320x145;2;2;2;23217394;080926085129442;182343928;;;;07/28/2031 00:00:00;2;13857752;08/09/2026 08:51:29;Tiago;Rodriguez;24496911;08/09/2026 08:24:29;6922;Franco;Potenza;Tiago Rodriguez;Franco Potenza
14174138;08/09/2026 08:51:30;3;2;0001  215077-1;05;CAMIONETA EXP 6;2093426;"ME41    ";"MATERIALES EL CHINO S. DE H. DE VAZQUEZ           ";M.MOLINA 967;952728;"61-205         ";61-205 - LAVATORIO MONOC ALTO STEEL;1;1;1;23217394;080926085129442;182344333;;;;07/28/2031 00:00:00;1;13857752;08/09/2026 08:51:29;Tiago;Rodriguez;24496911;08/09/2026 08:24:29;6922;Franco;Potenza;Tiago Rodriguez;Franco Potenza
14174138;08/09/2026 08:51:30;3;2;0001  215077-1;05;CAMIONETA EXP 6;2093426;"ME41    ";"MATERIALES EL CHINO S. DE H. DE VAZQUEZ           ";M.MOLINA 967;952712;"61-176         ";61-176 - LAVATORIO MONOC ALTO CR RIO;1;1;1;23217394;080926085129442;182344101;;;;10/09/2031 00:00:00;1;13857752;08/09/2026 08:51:29;Tiago;Rodriguez;24496911;08/09/2026 08:24:29;6922;Franco;Potenza;Tiago Rodriguez;Franco Potenza
14174138;08/09/2026 08:51:30;3;2;0001  215077-1;05;CAMIONETA EXP 6;2093426;"ME41    ";"MATERIALES EL CHINO S. DE H. DE VAZQUEZ           ";M.MOLINA 967;952648;"60-176N        ";"LAVATORIO MONOCOMANDO BAJO BLACK RIO                                  ";1;1;1;23217394;080926085129442;182344193;;;;07/29/2031 00:00:00;1;13857752;08/09/2026 08:51:29;Tiago;Rodriguez;24496911;08/09/2026 08:24:29;6922;Franco;Potenza;Tiago Rodriguez;Franco Potenza
14174139;08/09/2026 09:52:45;3;2;0001  215093-1;05;CAMIONETA EXP 6;2093459;"MG23    ";"MATERIALES GUEMES SRL                             ";AV. LURO 98;957533;"RA1168         ";RA1168 - BUJE AIREADOR COMPLETO MONOC MARBELLA;1;1;1;23217636;080926095245652;182356420;;;;08/18/2031 00:00:00;1;13858852;08/09/2026 09:52:45;Maximiliano;Nievas;24497161;08/09/2026 09:03:44;6922;Franco;Potenza;Maximiliano Nievas;Franco Potenza
14174139;08/09/2026 09:52:45;3;2;0001  215093-1;05;CAMIONETA EXP 6;2093459;"MG23    ";"MATERIALES GUEMES SRL                             ";AV. LURO 98;953967;"A1250          ";A1250 - COLUMNA DE DUCHA CROMO;2;2;2;23217636;080926095245652;182354298;;;;07/27/2031 00:00:00;2;13858852;08/09/2026 09:52:45;Maximiliano;Nievas;24497161;08/09/2026 09:03:44;6922;Franco;Potenza;Maximiliano Nievas;Franco Potenza
14174139;08/09/2026 09:52:45;3;2;0001  215093-1;05;CAMIONETA EXP 6;2093459;"MG23    ";"MATERIALES GUEMES SRL                             ";AV. LURO 98;953324;"835            ";835 - JGO.MDA. P.FUNDIDO CR MURCIA;2;2;2;23217636;080926095245652;182345862;;;;07/29/2031 00:00:00;2;13858852;08/09/2026 09:52:45;Maximiliano;Nievas;24497161;08/09/2026 09:03:44;6922;Franco;Potenza;Maximiliano Nievas;Franco Potenza
14174139;08/09/2026 09:52:45;3;2;0001  215093-1;05;CAMIONETA EXP 6;2093459;"MG23    ";"MATERIALES GUEMES SRL                             ";AV. LURO 98;953056;"8005           ";8005 - SET DE 5 PIEZAS LINEA 8000;5;5;5;23217636;080926095245652;182356081;;;;07/27/2031 00:00:00;5;13858852;08/09/2026 09:52:45;Maximiliano;Nievas;24497161;08/09/2026 09:03:44;6922;Franco;Potenza;Maximiliano Nievas;Franco Potenza
14174139;08/09/2026 09:52:45;3;2;0001  215093-1;05;CAMIONETA EXP 6;2093459;"MG23    ";"MATERIALES GUEMES SRL                             ";AV. LURO 98;952912;"70-162         ";70-162 - BIDE CR C.CERAM LINEA ADRA;3;3;3;23217636;080926095245652;182345319;;;;07/29/2031 00:00:00;3;13858852;08/09/2026 09:52:45;Maximiliano;Nievas;24497161;08/09/2026 09:03:44;6922;Franco;Potenza;Maximiliano Nievas;Franco Potenza
14174139;08/09/2026 09:52:45;3;2;0001  215093-1;05;CAMIONETA EXP 6;2093459;"MG23    ";"MATERIALES GUEMES SRL                             ";AV. LURO 98;952707;"61-152         ";61-152 - LAVATORIO MONOCOMANDO CROMO ALTO SORIA;1;1;1;23217636;080926095245652;182353304;;;;07/27/2031 00:00:00;1;13858852;08/09/2026 09:52:45;Maximiliano;Nievas;24497161;08/09/2026 09:03:44;6922;Franco;Potenza;Maximiliano Nievas;Franco Potenza
14174139;08/09/2026 09:52:45;3;2;0001  215093-1;05;CAMIONETA EXP 6;2093459;"MG23    ";"MATERIALES GUEMES SRL                             ";AV. LURO 98;952669;"60-199N        ";60-199N - LAVATORIO BLACK C.CERAM LIVE;1;1;1;23217636;080926095245652;182345676;;;;07/27/2031 00:00:00;1;13858852;08/09/2026 09:52:45;Maximiliano;Nievas;24497161;08/09/2026 09:03:44;6922;Franco;Potenza;Maximiliano Nievas;Franco Potenza
14174139;08/09/2026 09:52:45;3;2;0001  215093-1;05;CAMIONETA EXP 6;2093459;"MG23    ";"MATERIALES GUEMES SRL                             ";AV. LURO 98;952667;"60-199         ";60-199 - LAVATORIO CR C.CERAM LIVE;2;2;2;23217636;080926095245652;182345604;;;;11/16/2031 00:00:00;2;13858852;08/09/2026 09:52:45;Maximiliano;Nievas;24497161;08/09/2026 09:03:44;6922;Franco;Potenza;Maximiliano Nievas;Franco Potenza
14174139;08/09/2026 09:52:45;3;2;0001  215093-1;05;CAMIONETA EXP 6;2093459;"MG23    ";"MATERIALES GUEMES SRL                             ";AV. LURO 98;952648;"60-176N        ";"LAVATORIO MONOCOMANDO BAJO BLACK RIO                                  ";3;3;3;23217636;080926095245652;182353169;;;;07/29/2031 00:00:00;3;13858852;08/09/2026 09:52:45;Maximiliano;Nievas;24497161;08/09/2026 09:03:44;6922;Franco;Potenza;Maximiliano Nievas;Franco Potenza
14174139;08/09/2026 09:52:45;3;2;0001  215093-1;05;CAMIONETA EXP 6;2093459;"MG23    ";"MATERIALES GUEMES SRL                             ";AV. LURO 98;952647;"60-176         ";"LAVATORIO MONOCOMANDO BAJO CR RIO                                     ";7;7;7;23217636;080926095245652;182352688;;;;10/11/2031 00:00:00;7;13858852;08/09/2026 09:52:45;Maximiliano;Nievas;24497161;08/09/2026 09:03:44;6922;Franco;Potenza;Maximiliano Nievas;Franco Potenza
14174139;08/09/2026 09:52:45;3;2;0001  215093-1;05;CAMIONETA EXP 6;2093459;"MG23    ";"MATERIALES GUEMES SRL                             ";AV. LURO 98;952577;"60-045         ";60-045 - LAVATORIO CR/CR C.STD CRUZ;3;3;3;23217636;080926095245652;182348434;;;;01/24/2032 00:00:00;3;13858852;08/09/2026 09:52:45;Maximiliano;Nievas;24497161;08/09/2026 09:03:44;6922;Franco;Potenza;Maximiliano Nievas;Franco Potenza
14174139;08/09/2026 09:52:45;3;2;0001  215093-1;05;CAMIONETA EXP 6;2093459;"MG23    ";"MATERIALES GUEMES SRL                             ";AV. LURO 98;952453;"51-131         ";51-131 - MESADA BIMANDO CR C.CERAM MALLORCA;1;1;1;23217636;080926095245652;182348559;;;;01/12/2032 00:00:00;1;13858852;08/09/2026 09:52:45;Maximiliano;Nievas;24497161;08/09/2026 09:03:44;6922;Franco;Potenza;Maximiliano Nievas;Franco Potenza
14174139;08/09/2026 09:52:45;3;2;0001  215093-1;05;CAMIONETA EXP 6;2093459;"MG23    ";"MATERIALES GUEMES SRL                             ";AV. LURO 98;952449;"51-107         ";51-107 - JGO. MESADA CR C.CERAM BEDIA;3;3;3;23217636;080926095245652;182348255;;;;11/10/2031 00:00:00;3;13858852;08/09/2026 09:52:45;Maximiliano;Nievas;24497161;08/09/2026 09:03:44;6922;Franco;Potenza;Maximiliano Nievas;Franco Potenza
14174139;08/09/2026 09:52:45;3;2;0001  215093-1;05;CAMIONETA EXP 6;2093459;"MG23    ";"MATERIALES GUEMES SRL                             ";AV. LURO 98;952437;"51-057         ";51-057 - COCINA MESADA CR C.STD VERIN PLUS;3;3;3;23217636;080926095245652;182352236;;;;01/27/2032 00:00:00;3;13858852;08/09/2026 09:52:45;Maximiliano;Nievas;24497161;08/09/2026 09:03:44;6922;Franco;Potenza;Maximiliano Nievas;Franco Potenza
14174139;08/09/2026 09:52:45;3;2;0001  215093-1;05;CAMIONETA EXP 6;2093459;"MG23    ";"MATERIALES GUEMES SRL                             ";AV. LURO 98;951975;"3040           ";3040 - PORTA ROLLO LINEA 3000;8;8;8;23217636;080926095245652;182355094;;;;07/27/2031 00:00:00;8;13858852;08/09/2026 09:52:45;Maximiliano;Nievas;24497161;08/09/2026 09:03:44;6922;Franco;Potenza;Maximiliano Nievas;Franco Potenza
14174139;08/09/2026 09:52:45;3;2;0001  215093-1;05;CAMIONETA EXP 6;2093459;"MG23    ";"MATERIALES GUEMES SRL                             ";AV. LURO 98;951539;"20-168         ";20-168 - MONOCOMANDO COCINA CR WAVE;1;1;1;23217636;080926095245652;182353538;;;;07/27/2031 00:00:00;1;13858852;08/09/2026 09:52:45;Maximiliano;Nievas;24497161;08/09/2026 09:03:44;6922;Franco;Potenza;Maximiliano Nievas;Franco Potenza
14174139;08/09/2026 09:52:45;3;2;0001  215093-1;05;CAMIONETA EXP 6;2093459;"MG23    ";"MATERIALES GUEMES SRL                             ";AV. LURO 98;951535;"20-160         ";20-160 - MONOCOMANDO MESADA COCINA DIQUE;8;8;8;23217636;080926095245652;182350177;;;;07/28/2031 00:00:00;8;13858852;08/09/2026 09:52:45;Maximiliano;Nievas;24497161;08/09/2026 09:03:44;6922;Franco;Potenza;Maximiliano Nievas;Franco Potenza
14174139;08/09/2026 09:52:45;3;2;0001  215093-1;05;CAMIONETA EXP 6;2093459;"MG23    ";"MATERIALES GUEMES SRL                             ";AV. LURO 98;951531;"20-146N        ";20-146N - MONOCOMANDO DE COCINA BLACK LINEA MOVE;6;6;6;23217636;080926095245652;182349851;;;;07/30/2031 00:00:00;6;13858852;08/09/2026 09:52:45;Maximiliano;Nievas;24497161;08/09/2026 09:03:44;6922;Franco;Potenza;Maximiliano Nievas;Franco Potenza
14174139;08/09/2026 09:52:45;3;2;0001  215093-1;05;CAMIONETA EXP 6;2093459;"MG23    ";"MATERIALES GUEMES SRL                             ";AV. LURO 98;951528;"20-140         ";20-140 - MONOCOMANDO DE COCINA LINEA CUINA;1;1;1;23217636;080926095245652;182354458;;;;10/07/2031 00:00:00;1;13858852;08/09/2026 09:52:45;Maximiliano;Nievas;24497161;08/09/2026 09:03:44;6922;Franco;Potenza;Maximiliano Nievas;Franco Potenza
14174139;08/09/2026 09:52:45;3;2;0001  215093-1;05;CAMIONETA EXP 6;2093459;"MG23    ";"MATERIALES GUEMES SRL                             ";AV. LURO 98;951523;"20-134         ";20-134 - MONOCOMANDO COCINA BETIS;6;6;6;23217636;080926095245652;182349067;;;;08/11/2031 00:00:00;6;13858852;08/09/2026 09:52:45;Maximiliano;Nievas;24497161;08/09/2026 09:03:44;6922;Franco;Potenza;Maximiliano Nievas;Franco Potenza
14174139;08/09/2026 09:52:45;3;2;0001  215093-1;05;CAMIONETA EXP 6;2093459;"MG23    ";"MATERIALES GUEMES SRL                             ";AV. LURO 98;951324;"19006          ";19006 - SET DE 6 PIEZAS LINEA 19000;2;2;2;23217636;080926095245652;182351979;;;;07/28/2031 00:00:00;2;13858852;08/09/2026 09:52:45;Maximiliano;Nievas;24497161;08/09/2026 09:03:44;6922;Franco;Potenza;Maximiliano Nievas;Franco Potenza
14174139;08/09/2026 09:52:45;3;2;0001  215093-1;05;CAMIONETA EXP 6;2093459;"MG23    ";"MATERIALES GUEMES SRL                             ";AV. LURO 98;951117;"12006N         ";"SET DE 6 PIEZAS LINEA 12000 BLACK                                     ";3;3;3;23217636;080926095245652;182349472;;;;09/01/2031 00:00:00;3;13858852;08/09/2026 09:52:45;Maximiliano;Nievas;24497161;08/09/2026 09:03:44;6922;Franco;Potenza;Maximiliano Nievas;Franco Potenza
14174139;08/09/2026 09:52:45;3;2;0001  215093-1;05;CAMIONETA EXP 6;2093459;"MG23    ";"MATERIALES GUEMES SRL                             ";AV. LURO 98;951116;"12006          ";"SET DE 6 PIEZAS LINEA 12000                                           ";6;6;6;23217636;080926095245652;182351595;;;;07/30/2031 00:00:00;6;13858852;08/09/2026 09:52:45;Maximiliano;Nievas;24497161;08/09/2026 09:03:44;6922;Franco;Potenza;Maximiliano Nievas;Franco Potenza
14174139;08/09/2026 09:52:45;3;2;0001  215093-1;05;CAMIONETA EXP 6;2093459;"MG23    ";"MATERIALES GUEMES SRL                             ";AV. LURO 98;1007844;"20-122S        ";"MONOCOMANDO COCINA INOX C/PICO EXTRAIBLE VALENCIA                     ";2;2;2;23217636;080926095245652;182350857;;;;01/06/2032 00:00:00;2;13858852;08/09/2026 09:52:45;Maximiliano;Nievas;24497161;08/09/2026 09:03:44;6922;Franco;Potenza;Maximiliano Nievas;Franco Potenza
14174140;08/09/2026 06:32:20;3;2;0001  215094-1;05;CAMIONETA EXP 6;2092178;"DP09    ";"DEL PRADO SERGIO A. -SANIT GAS                    ";ITALIA 643;952591;"601            ";601 - CANILLA COCINA MESADA CROMO DIQUE;3;3;3;23177971;080926063218445;182042000;;;;12/20/2031 00:00:00;3;13855880;08/09/2026 06:32:18;Gustavo;Soderquvist;24457544;05/09/2026 11:19:30;6584;Luis Alberto;Villareal;Gustavo Soderquvist;Luis Alberto Villareal
14174140;08/09/2026 06:32:20;3;2;0001  215094-1;05;CAMIONETA EXP 6;2092178;"DP09    ";"DEL PRADO SERGIO A. -SANIT GAS                    ";ITALIA 643;952693;"605            ";605 - CANILLA COC.PARED P.ALTO CROMO DIQUE;1;1;1;23177971;080926063218445;182041907;;;;09/07/2031 00:00:00;1;13855880;08/09/2026 06:32:18;Gustavo;Soderquvist;24457544;05/09/2026 11:19:30;6584;Luis Alberto;Villareal;Gustavo Soderquvist;Luis Alberto Villareal
14174140;08/09/2026 06:32:20;3;2;0001  215094-1;05;CAMIONETA EXP 6;2092178;"DP09    ";"DEL PRADO SERGIO A. -SANIT GAS                    ";ITALIA 643;954651;"A816           ";"A816 - DUCHA 6"" C/BRAZO Y CAMPANA CR";4;4;4;23177971;080926063218445;182041659;;;;07/27/2031 00:00:00;4;13855880;08/09/2026 06:32:18;Gustavo;Soderquvist;24457544;05/09/2026 11:19:30;6584;Luis Alberto;Villareal;Gustavo Soderquvist;Luis Alberto Villareal
14174141;08/09/2026 11:05:25;3;2;0001  215095-1;05;CAMIONETA EXP 6;2093459;"MG23    ";"MATERIALES GUEMES SRL                             ";AV. LURO 98;952499;"54-203         ";"COCINA PARED EXT C.CERAM ADRA MONOCOMANDO                             ";4;4;4;23176550;080926110525383;182030651;;;;11/23/2031 00:00:00;4;13861402;08/09/2026 11:05:25;Gustavo;Soderquvist;24455974;05/09/2026 10:42:34;6584;Luis Alberto;Villareal;Gustavo Soderquvist;Luis Alberto Villareal
14174142;08/09/2026 10:06:21;3;2;0001  215122-1;05;CAMIONETA EXP 6;2094690;"SU09    ";"SUPERMAT CENTRAL S.A.S.                           ";LAVALLE 4001;956492;"LG03C80        ";LG03C80 - DUCHA EMB. C/TRANSF. CR C.STD BERNA;26;26;26;23220037;080926100620866;182363447;;;;12/14/2031 00:00:00;26;13859548;08/09/2026 10:06:20;Agustin;Scirica;24499289;08/09/2026 09:24:32;7152;Mirko;Hernandez;Agustin Scirica;Mirko Hernandez
14174143;08/09/2026 10:57:52;3;2;0001  215124-1;05;CAMIONETA EXP 6;2094690;"SU09    ";"SUPERMAT CENTRAL S.A.S.                           ";AV. CHILE 1450;956505;"LG07C20        ";"MONOCOMANDO DE COCINA CR ZURICH                                       ";17;17;17;23176551;080926105752865;182032377;;;;12/20/2031 00:00:00;17;13861065;08/09/2026 10:57:52;Gustavo;Soderquvist;24455974;05/09/2026 10:42:34;6584;Luis Alberto;Villareal;Gustavo Soderquvist;Luis Alberto Villareal
14174144;08/09/2026 06:29:59;3;2;0001  215126-1;05;CAMIONETA EXP 6;2094690;"SU09    ";"SUPERMAT CENTRAL S.A.S.                           ";LOPEZ Y PLANES ESQ CUENCA 1239;952634;"60-162         ";60-162 - LAVATORIO CR C.CERAM LINEA ADRA;1;1;1;23177313;080926062956298;182039224;;;;07/29/2031 00:00:00;1;13855879;08/09/2026 06:29:56;Gustavo;Soderquvist;24456841;05/09/2026 11:03:00;6584;Luis Alberto;Villareal;Gustavo Soderquvist;Luis Alberto Villareal
14174144;08/09/2026 06:29:59;3;2;0001  215126-1;05;CAMIONETA EXP 6;2094690;"SU09    ";"SUPERMAT CENTRAL S.A.S.                           ";LOPEZ Y PLANES ESQ CUENCA 1239;952728;"61-205         ";61-205 - LAVATORIO MONOC ALTO STEEL;1;1;1;23177313;080926062956298;182038152;;;;07/28/2031 00:00:00;1;13855879;08/09/2026 06:29:56;Gustavo;Soderquvist;24456841;05/09/2026 11:03:00;6584;Luis Alberto;Villareal;Gustavo Soderquvist;Luis Alberto Villareal
14174145;08/09/2026 06:36:23;3;2;0001  215127-1;05;CAMIONETA EXP 6;2094690;"SU09    ";"SUPERMAT CENTRAL S.A.S.                           ";AV PTE CASTILLO 216;951565;"20-205         ";20-205 - MONOCOMANDO DE COCINA STEEL;10;10;10;23177314;080926063620923;182037365;;;;07/28/2031 00:00:00;10;13855909;08/09/2026 06:36:20;Gustavo;Soderquvist;24456841;05/09/2026 11:03:00;6584;Luis Alberto;Villareal;Gustavo Soderquvist;Luis Alberto Villareal
14174145;08/09/2026 06:36:23;3;2;0001  215127-1;05;CAMIONETA EXP 6;2094690;"SU09    ";"SUPERMAT CENTRAL S.A.S.                           ";AV PTE CASTILLO 216;952449;"51-107         ";51-107 - JGO. MESADA CR C.CERAM BEDIA;1;1;1;23177314;080926063620923;182038966;;;;11/10/2031 00:00:00;1;13855909;08/09/2026 06:36:20;Gustavo;Soderquvist;24456841;05/09/2026 11:03:00;6584;Luis Alberto;Villareal;Gustavo Soderquvist;Luis Alberto Villareal
14174145;08/09/2026 06:36:23;3;2;0001  215127-1;05;CAMIONETA EXP 6;2094690;"SU09    ";"SUPERMAT CENTRAL S.A.S.                           ";AV PTE CASTILLO 216;952634;"60-162         ";60-162 - LAVATORIO CR C.CERAM LINEA ADRA;1;1;1;23177314;080926063620923;182039266;;;;07/29/2031 00:00:00;1;13855909;08/09/2026 06:36:20;Gustavo;Soderquvist;24456841;05/09/2026 11:03:00;6584;Luis Alberto;Villareal;Gustavo Soderquvist;Luis Alberto Villareal
14174146;08/09/2026 10:08:36;3;2;0001  215128-1;05;CAMIONETA EXP 6;2094690;"SU09    ";"SUPERMAT CENTRAL S.A.S.                           ";ZUVIRIA 2651;951301;"17030N         ";17030N - PERCHA LINEA FABRIC BLACK;12;12;12;23220173;080926100836338;182364778;;;;07/28/2031 00:00:00;12;13859613;08/09/2026 10:08:36;Tiago;Rodriguez;24499387;08/09/2026 09:38:08;7636;Kevin;Arce;Tiago Rodriguez;Kevin Arce
14174146;08/09/2026 10:08:36;3;2;0001  215128-1;05;CAMIONETA EXP 6;2094690;"SU09    ";"SUPERMAT CENTRAL S.A.S.                           ";ZUVIRIA 2651;951304;"17040N         ";17040N - PORTA ROLLO LINEA FABRIC BLACK;4;4;4;23220173;080926100836338;182364512;;;;07/29/2031 00:00:00;4;13859613;08/09/2026 10:08:36;Tiago;Rodriguez;24499387;08/09/2026 09:38:08;7636;Kevin;Arce;Tiago Rodriguez;Kevin Arce
14174146;08/09/2026 10:08:36;3;2;0001  215128-1;05;CAMIONETA EXP 6;2094690;"SU09    ";"SUPERMAT CENTRAL S.A.S.                           ";ZUVIRIA 2651;951512;"20-122         ";"MONOCOMANDO COCINA CR C/PICO EXTRAIBLE VALENCIA                       ";2;2;2;23220173;080926100836338;182363427;;;;08/06/2031 00:00:00;2;13859613;08/09/2026 10:08:36;Tiago;Rodriguez;24499387;08/09/2026 09:38:08;7636;Kevin;Arce;Tiago Rodriguez;Kevin Arce
14174146;08/09/2026 10:08:36;3;2;0001  215128-1;05;CAMIONETA EXP 6;2094690;"SU09    ";"SUPERMAT CENTRAL S.A.S.                           ";ZUVIRIA 2651;952449;"51-107         ";51-107 - JGO. MESADA CR C.CERAM BEDIA;2;2;2;23220173;080926100836338;182365847;;;;11/10/2031 00:00:00;2;13859613;08/09/2026 10:08:36;Tiago;Rodriguez;24499387;08/09/2026 09:38:08;7636;Kevin;Arce;Tiago Rodriguez;Kevin Arce
14174146;08/09/2026 10:08:36;3;2;0001  215128-1;05;CAMIONETA EXP 6;2094690;"SU09    ";"SUPERMAT CENTRAL S.A.S.                           ";ZUVIRIA 2651;952597;"60-100N        ";60-100N - LAVATORIO BLACK C.CERAM FABRIC;2;2;2;23220173;080926100836338;182365190;;;;12/01/2031 00:00:00;2;13859613;08/09/2026 10:08:36;Tiago;Rodriguez;24499387;08/09/2026 09:38:08;7636;Kevin;Arce;Tiago Rodriguez;Kevin Arce
14174146;08/09/2026 10:08:36;3;2;0001  215128-1;05;CAMIONETA EXP 6;2094690;"SU09    ";"SUPERMAT CENTRAL S.A.S.                           ";ZUVIRIA 2651;952634;"60-162         ";60-162 - LAVATORIO CR C.CERAM LINEA ADRA;2;2;2;23220173;080926100836338;182367602;;;;07/29/2031 00:00:00;2;13859613;08/09/2026 10:08:36;Tiago;Rodriguez;24499387;08/09/2026 09:38:08;7636;Kevin;Arce;Tiago Rodriguez;Kevin Arce
14174146;08/09/2026 10:08:36;3;2;0001  215128-1;05;CAMIONETA EXP 6;2094690;"SU09    ";"SUPERMAT CENTRAL S.A.S.                           ";ZUVIRIA 2651;952635;"60-162N        ";60-162N - LAVATORIO BLACK C.CERAM LINEA ADRA;1;1;1;23220173;080926100836338;182366111;;;;11/03/2031 00:00:00;1;13859613;08/09/2026 10:08:36;Tiago;Rodriguez;24499387;08/09/2026 09:38:08;7636;Kevin;Arce;Tiago Rodriguez;Kevin Arce
14174146;08/09/2026 10:08:36;3;2;0001  215128-1;05;CAMIONETA EXP 6;2094690;"SU09    ";"SUPERMAT CENTRAL S.A.S.                           ";ZUVIRIA 2651;952875;"70-100N        ";70-100N - BIDE BLACK C.CERAM FABRIC;2;2;2;23220173;080926100836338;182365372;;;;07/29/2031 00:00:00;2;13859613;08/09/2026 10:08:36;Tiago;Rodriguez;24499387;08/09/2026 09:38:08;7636;Kevin;Arce;Tiago Rodriguez;Kevin Arce
14174146;08/09/2026 10:08:36;3;2;0001  215128-1;05;CAMIONETA EXP 6;2094690;"SU09    ";"SUPERMAT CENTRAL S.A.S.                           ";ZUVIRIA 2651;952912;"70-162         ";70-162 - BIDE CR C.CERAM LINEA ADRA;2;2;2;23220173;080926100836338;182366998;;;;07/29/2031 00:00:00;2;13859613;08/09/2026 10:08:36;Tiago;Rodriguez;24499387;08/09/2026 09:38:08;7636;Kevin;Arce;Tiago Rodriguez;Kevin Arce
14174146;08/09/2026 10:08:36;3;2;0001  215128-1;05;CAMIONETA EXP 6;2094690;"SU09    ";"SUPERMAT CENTRAL S.A.S.                           ";ZUVIRIA 2651;952913;"70-162N        ";70-162N - BIDE BLACK C.CERAM LINEA ADRA;1;1;1;23220173;080926100836338;182365645;;;;12/08/2031 00:00:00;1;13859613;08/09/2026 10:08:36;Tiago;Rodriguez;24499387;08/09/2026 09:38:08;7636;Kevin;Arce;Tiago Rodriguez;Kevin Arce
14174146;08/09/2026 10:08:36;3;2;0001  215128-1;05;CAMIONETA EXP 6;2094690;"SU09    ";"SUPERMAT CENTRAL S.A.S.                           ";ZUVIRIA 2651;953109;"80-166         ";"DUCHA EMB. C/TRANSF. CR C.CERAM ADRA PLUS                             ";2;2;2;23220173;080926100836338;182367280;;;;01/18/2032 00:00:00;2;13859613;08/09/2026 10:08:36;Tiago;Rodriguez;24499387;08/09/2026 09:38:08;7636;Kevin;Arce;Tiago Rodriguez;Kevin Arce
14174147;08/09/2026 10:21:14;3;2;0001  215129-1;05;CAMIONETA EXP 6;2094690;"SU09    ";"SUPERMAT CENTRAL S.A.S.                           ";AV ALBERDI 1125;952449;"51-107         ";51-107 - JGO. MESADA CR C.CERAM BEDIA;1;1;1;23220664;080926102114735;182367672;;;;11/10/2031 00:00:00;1;13859977;08/09/2026 10:21:14;Agustin;Scirica;24499877;08/09/2026 09:43:41;7807;Nicolas;Perez;Agustin Scirica;Nicolas Perez
14174147;08/09/2026 10:21:14;3;2;0001  215129-1;05;CAMIONETA EXP 6;2094690;"SU09    ";"SUPERMAT CENTRAL S.A.S.                           ";AV ALBERDI 1125;952634;"60-162         ";60-162 - LAVATORIO CR C.CERAM LINEA ADRA;2;2;2;23220664;080926102114735;182366922;;;;07/29/2031 00:00:00;2;13859977;08/09/2026 10:21:14;Agustin;Scirica;24499877;08/09/2026 09:43:41;7807;Nicolas;Perez;Agustin Scirica;Nicolas Perez
14174147;08/09/2026 10:21:14;3;2;0001  215129-1;05;CAMIONETA EXP 6;2094690;"SU09    ";"SUPERMAT CENTRAL S.A.S.                           ";AV ALBERDI 1125;952635;"60-162N        ";60-162N - LAVATORIO BLACK C.CERAM LINEA ADRA;3;3;3;23220664;080926102114735;182368075;;;;11/03/2031 00:00:00;3;13859977;08/09/2026 10:21:14;Agustin;Scirica;24499877;08/09/2026 09:43:41;7807;Nicolas;Perez;Agustin Scirica;Nicolas Perez
14174147;08/09/2026 10:21:14;3;2;0001  215129-1;05;CAMIONETA EXP 6;2094690;"SU09    ";"SUPERMAT CENTRAL S.A.S.                           ";AV ALBERDI 1125;952647;"60-176         ";"LAVATORIO MONOCOMANDO BAJO CR RIO                                     ";2;2;2;23220664;080926102114735;182369439;;;;10/11/2031 00:00:00;2;13859977;08/09/2026 10:21:14;Agustin;Scirica;24499877;08/09/2026 09:43:41;7807;Nicolas;Perez;Agustin Scirica;Nicolas Perez
14174147;08/09/2026 10:21:14;3;2;0001  215129-1;05;CAMIONETA EXP 6;2094690;"SU09    ";"SUPERMAT CENTRAL S.A.S.                           ";AV ALBERDI 1125;952912;"70-162         ";70-162 - BIDE CR C.CERAM LINEA ADRA;2;2;2;23220664;080926102114735;182367248;;;;07/29/2031 00:00:00;2;13859977;08/09/2026 10:21:14;Agustin;Scirica;24499877;08/09/2026 09:43:41;7807;Nicolas;Perez;Agustin Scirica;Nicolas Perez
14174147;08/09/2026 10:21:14;3;2;0001  215129-1;05;CAMIONETA EXP 6;2094690;"SU09    ";"SUPERMAT CENTRAL S.A.S.                           ";AV ALBERDI 1125;952913;"70-162N        ";70-162N - BIDE BLACK C.CERAM LINEA ADRA;1;1;1;23220664;080926102114735;182368302;;;;12/08/2031 00:00:00;1;13859977;08/09/2026 10:21:14;Agustin;Scirica;24499877;08/09/2026 09:43:41;7807;Nicolas;Perez;Agustin Scirica;Nicolas Perez
14174147;08/09/2026 10:21:14;3;2;0001  215129-1;05;CAMIONETA EXP 6;2094690;"SU09    ";"SUPERMAT CENTRAL S.A.S.                           ";AV ALBERDI 1125;953109;"80-166         ";"DUCHA EMB. C/TRANSF. CR C.CERAM ADRA PLUS                             ";2;2;2;23220664;080926102114735;182366718;;;;01/18/2032 00:00:00;2;13859977;08/09/2026 10:21:14;Agustin;Scirica;24499877;08/09/2026 09:43:41;7807;Nicolas;Perez;Agustin Scirica;Nicolas Perez
14174147;08/09/2026 10:21:14;3;2;0001  215129-1;05;CAMIONETA EXP 6;2094690;"SU09    ";"SUPERMAT CENTRAL S.A.S.                           ";AV ALBERDI 1125;953110;"80-166N        ";80-166N - DUCHA EMB. C/TRANSF. BLACK C.CERAM ADRA PLUS;2;2;2;23220664;080926102114735;182368560;;;;01/07/2032 00:00:00;2;13859977;08/09/2026 10:21:14;Agustin;Scirica;24499877;08/09/2026 09:43:41;7807;Nicolas;Perez;Agustin Scirica;Nicolas Perez
14174147;08/09/2026 10:21:14;3;2;0001  215129-1;05;CAMIONETA EXP 6;2094690;"SU09    ";"SUPERMAT CENTRAL S.A.S.                           ";AV ALBERDI 1125;953316;"83-176         ";83-176 - DUCHA EXT. C/TRANSF. MONOC CR RIO;1;1;1;23220664;080926102114735;182368956;;;;07/28/2031 00:00:00;1;13859977;08/09/2026 10:21:14;Agustin;Scirica;24499877;08/09/2026 09:43:41;7807;Nicolas;Perez;Agustin Scirica;Nicolas Perez
14174148;08/09/2026 10:12:50;3;2;0001  215130-1;05;CAMIONETA EXP 6;2094690;"SU09    ";"SUPERMAT CENTRAL S.A.S.                           ";AV. HIPOLITO YRIGOYEN 1351;956492;"LG03C80        ";LG03C80 - DUCHA EMB. C/TRANSF. CR C.STD BERNA;14;14;14;23221294;080926101249376;182370979;;;;12/14/2031 00:00:00;14;13859771;08/09/2026 10:12:49;Maximiliano;Nievas;24500359;08/09/2026 09:48:16;7152;Mirko;Hernandez;Maximiliano Nievas;Mirko Hernandez
14174149;08/09/2026 10:09:17;3;2;0001  215132-1;05;CAMIONETA EXP 6;2093991;"PR20    ";"PRADES S.A.                                       ";AV. MONSEÑOR TAVELLA 1937;950974;"10005BL        ";"SET DE 5 PIEZAS LINEA 10000 BLACK                                     ";2;2;2;23218964;080926100917518;182361215;;;;07/28/2031 00:00:00;2;13859408;08/09/2026 10:09:17;Maximiliano;Nievas;24498348;08/09/2026 09:28:25;7807;Nicolas;Perez;Maximiliano Nievas;Nicolas Perez
14174149;08/09/2026 10:09:17;3;2;0001  215132-1;05;CAMIONETA EXP 6;2093991;"PR20    ";"PRADES S.A.                                       ";AV. MONSEÑOR TAVELLA 1937;951267;"16050BL        ";16050BL - JABONERA ACCESORIOS LINEA 16000 BLACK;2;2;2;23218964;080926100917518;182363244;;;;07/31/2031 00:00:00;2;13859408;08/09/2026 10:09:17;Maximiliano;Nievas;24498348;08/09/2026 09:28:25;7807;Nicolas;Perez;Maximiliano Nievas;Nicolas Perez
14174149;08/09/2026 10:09:17;3;2;0001  215132-1;05;CAMIONETA EXP 6;2093991;"PR20    ";"PRADES S.A.                                       ";AV. MONSEÑOR TAVELLA 1937;952498;"54-130         ";54-130 - MONOCOMANDO COCINA PARED EXT BILBAO;2;2;2;23218964;080926100917518;182361947;;;;07/27/2031 00:00:00;2;13859408;08/09/2026 10:09:17;Maximiliano;Nievas;24498348;08/09/2026 09:28:25;7807;Nicolas;Perez;Maximiliano Nievas;Nicolas Perez
14174149;08/09/2026 10:09:17;3;2;0001  215132-1;05;CAMIONETA EXP 6;2093991;"PR20    ";"PRADES S.A.                                       ";AV. MONSEÑOR TAVELLA 1937;952610;"60-122         ";60-122 - LAVATORIO C.CERAM CR VALENCIA;2;2;2;23218964;080926100917518;182356164;;;;12/10/2031 00:00:00;2;13859408;08/09/2026 10:09:17;Maximiliano;Nievas;24498348;08/09/2026 09:28:25;7807;Nicolas;Perez;Maximiliano Nievas;Nicolas Perez
14174149;08/09/2026 10:09:17;3;2;0001  215132-1;05;CAMIONETA EXP 6;2093991;"PR20    ";"PRADES S.A.                                       ";AV. MONSEÑOR TAVELLA 1937;952658;"60-190         ";60-190 - LAVATORIO C.CERAM BLACK VELVET;3;3;3;23218964;080926100917518;182357745;;;;08/12/2031 00:00:00;3;13859408;08/09/2026 10:09:17;Maximiliano;Nievas;24498348;08/09/2026 09:28:25;7807;Nicolas;Perez;Maximiliano Nievas;Nicolas Perez
14174149;08/09/2026 10:09:17;3;2;0001  215132-1;05;CAMIONETA EXP 6;2093991;"PR20    ";"PRADES S.A.                                       ";AV. MONSEÑOR TAVELLA 1937;952674;"60-200N        ";60-200N - LAVATORIO MONOC BAJO BLACK FABRIC;1;1;1;23218964;080926100917518;182359996;;;;07/28/2031 00:00:00;1;13859408;08/09/2026 10:09:17;Maximiliano;Nievas;24498348;08/09/2026 09:28:25;7807;Nicolas;Perez;Maximiliano Nievas;Nicolas Perez
14174149;08/09/2026 10:09:17;3;2;0001  215132-1;05;CAMIONETA EXP 6;2093991;"PR20    ";"PRADES S.A.                                       ";AV. MONSEÑOR TAVELLA 1937;952747;"62-122         ";62-122 - LAVATORIO PARED C.CERAM CR VALENCIA;2;2;2;23218964;080926100917518;182364462;;;;10/08/2031 00:00:00;2;13859408;08/09/2026 10:09:17;Maximiliano;Nievas;24498348;08/09/2026 09:28:25;7807;Nicolas;Perez;Maximiliano Nievas;Nicolas Perez
14174149;08/09/2026 10:09:17;3;2;0001  215132-1;05;CAMIONETA EXP 6;2093991;"PR20    ";"PRADES S.A.                                       ";AV. MONSEÑOR TAVELLA 1937;952748;"62-131         ";62-131 - LAVATORIO PARED CR C.CERAM MALLORCA;1;1;1;23218964;080926100917518;182357086;;;;07/31/2031 00:00:00;1;13859408;08/09/2026 10:09:17;Maximiliano;Nievas;24498348;08/09/2026 09:28:25;7807;Nicolas;Perez;Maximiliano Nievas;Nicolas Perez
14174149;08/09/2026 10:09:17;3;2;0001  215132-1;05;CAMIONETA EXP 6;2093991;"PR20    ";"PRADES S.A.                                       ";AV. MONSEÑOR TAVELLA 1937;952874;"70-100G        ";70-100G - BIDE GOLD C.CERAM FABRIC;1;1;1;23218964;080926100917518;182356886;;;;07/29/2031 00:00:00;1;13859408;08/09/2026 10:09:17;Maximiliano;Nievas;24498348;08/09/2026 09:28:25;7807;Nicolas;Perez;Maximiliano Nievas;Nicolas Perez
14174149;08/09/2026 10:09:17;3;2;0001  215132-1;05;CAMIONETA EXP 6;2093991;"PR20    ";"PRADES S.A.                                       ";AV. MONSEÑOR TAVELLA 1937;952888;"70-122         ";70-122 - BIDE C.CERAM CR VALENCIA;5;5;5;23218964;080926100917518;182356554;;;;10/26/2031 00:00:00;5;13859408;08/09/2026 10:09:17;Maximiliano;Nievas;24498348;08/09/2026 09:28:25;7807;Nicolas;Perez;Maximiliano Nievas;Nicolas Perez
14174149;08/09/2026 10:09:17;3;2;0001  215132-1;05;CAMIONETA EXP 6;2093991;"PR20    ";"PRADES S.A.                                       ";AV. MONSEÑOR TAVELLA 1937;952936;"70-190         ";70-190 - BIDE C.CERAM BLACK VELVET;2;2;2;23218964;080926100917518;182357430;;;;11/08/2031 00:00:00;2;13859408;08/09/2026 10:09:17;Maximiliano;Nievas;24498348;08/09/2026 09:28:25;7807;Nicolas;Perez;Maximiliano Nievas;Nicolas Perez
14174149;08/09/2026 10:09:17;3;2;0001  215132-1;05;CAMIONETA EXP 6;2093991;"PR20    ";"PRADES S.A.                                       ";AV. MONSEÑOR TAVELLA 1937;952951;"70-200N        ";70-200N - BIDE MONOCOMANDO BLACK FABRIC;1;1;1;23218964;080926100917518;182359774;;;;09/06/2031 00:00:00;1;13859408;08/09/2026 10:09:17;Maximiliano;Nievas;24498348;08/09/2026 09:28:25;7807;Nicolas;Perez;Maximiliano Nievas;Nicolas Perez
14174149;08/09/2026 10:09:17;3;2;0001  215132-1;05;CAMIONETA EXP 6;2093991;"PR20    ";"PRADES S.A.                                       ";AV. MONSEÑOR TAVELLA 1937;953091;"80-138         ";80-138 - DUCHA EMB. C/TRANSF. CR C.CERAM VALENCIA PLUS;5;5;5;23218964;080926100917518;182358279;;;;01/14/2032 00:00:00;5;13859408;08/09/2026 10:09:17;Maximiliano;Nievas;24498348;08/09/2026 09:28:25;7807;Nicolas;Perez;Maximiliano Nievas;Nicolas Perez
14174149;08/09/2026 10:09:17;3;2;0001  215132-1;05;CAMIONETA EXP 6;2093991;"PR20    ";"PRADES S.A.                                       ";AV. MONSEÑOR TAVELLA 1937;953154;"80-200N        ";80-200N - DUCHA EMB. MONOC. 3 FUNCIONES BLACK FABRIC;1;1;1;23218964;080926100917518;182358795;;;;01/04/2032 00:00:00;1;13859408;08/09/2026 10:09:17;Maximiliano;Nievas;24498348;08/09/2026 09:28:25;7807;Nicolas;Perez;Maximiliano Nievas;Nicolas Perez
14174149;08/09/2026 10:09:17;3;2;0001  215132-1;05;CAMIONETA EXP 6;2093991;"PR20    ";"PRADES S.A.                                       ";AV. MONSEÑOR TAVELLA 1937;953331;"84-190         ";84-190 - DUCHA EXTERIOR CON COLUMNA BLACK VELVET;1;1;1;23218964;080926100917518;182360876;;;;10/06/2031 00:00:00;1;13859408;08/09/2026 10:09:17;Maximiliano;Nievas;24498348;08/09/2026 09:28:25;7807;Nicolas;Perez;Maximiliano Nievas;Nicolas Perez
14174149;08/09/2026 10:09:17;3;2;0001  215132-1;05;CAMIONETA EXP 6;2093991;"PR20    ";"PRADES S.A.                                       ";AV. MONSEÑOR TAVELLA 1937;954651;"A816           ";"A816 - DUCHA 6"" C/BRAZO Y CAMPANA CR";2;2;2;23218964;080926100917518;182362948;;;;07/27/2031 00:00:00;2;13859408;08/09/2026 10:09:17;Maximiliano;Nievas;24498348;08/09/2026 09:28:25;7807;Nicolas;Perez;Maximiliano Nievas;Nicolas Perez
14174151;08/09/2026 10:39:25;3;2;0001  215139-1;05;CAMIONETA EXP 6;2091190;"AU05    ";"AURUX S. A. S.                                    ";RUTA NACIONAL 16 KM 23;956492;"LG03C80        ";LG03C80 - DUCHA EMB. C/TRANSF. CR C.STD BERNA;30;30;30;23216157;080926103925158;182339417;;;;12/14/2031 00:00:00;30;13860344;08/09/2026 10:39:25;Maximiliano;Nievas;24495759;08/09/2026 08:16:14;7152;Mirko;Hernandez;Maximiliano Nievas;Mirko Hernandez
14174151;08/09/2026 10:39:25;3;2;0001  215139-1;05;CAMIONETA EXP 6;2091190;"AU05    ";"AURUX S. A. S.                                    ";RUTA NACIONAL 16 KM 23;956485;"LG02C60        ";LG02C60 - LAVATORIO MONOC CR GINEBRA;15;15;15;23216157;080926103925158;182338085;;;;07/29/2031 00:00:00;15;13860344;08/09/2026 10:39:25;Maximiliano;Nievas;24495759;08/09/2026 08:16:14;7152;Mirko;Hernandez;Maximiliano Nievas;Mirko Hernandez
14174151;08/09/2026 10:39:25;3;2;0001  215139-1;05;CAMIONETA EXP 6;2091190;"AU05    ";"AURUX S. A. S.                                    ";RUTA NACIONAL 16 KM 23;956483;"LG01C60        ";LG01C60 - LAVATORIO MONOC CR LUCERNA;10;10;10;23216157;080926103925158;182337721;;;;07/28/2031 00:00:00;10;13860344;08/09/2026 10:39:25;Maximiliano;Nievas;24495759;08/09/2026 08:16:14;7152;Mirko;Hernandez;Maximiliano Nievas;Mirko Hernandez
14174151;08/09/2026 10:39:25;3;2;0001  215139-1;05;CAMIONETA EXP 6;2091190;"AU05    ";"AURUX S. A. S.                                    ";RUTA NACIONAL 16 KM 23;956482;"LG01C20        ";LG01C20 - MONOCOMANDO COCINA CR LUCERNA;15;15;15;23216157;080926103925158;182337517;;;;07/29/2031 00:00:00;15;13860344;08/09/2026 10:39:25;Maximiliano;Nievas;24495759;08/09/2026 08:16:14;7152;Mirko;Hernandez;Maximiliano Nievas;Mirko Hernandez
14174151;08/09/2026 10:39:25;3;2;0001  215139-1;05;CAMIONETA EXP 6;2091190;"AU05    ";"AURUX S. A. S.                                    ";RUTA NACIONAL 16 KM 23;956491;"LG03C70        ";LG03C70 - BIDE CR C.STD BERNA;8;8;8;23216157;080926103925158;182340378;;;;12/10/2031 00:00:00;8;13860344;08/09/2026 10:39:25;Maximiliano;Nievas;24495759;08/09/2026 08:16:14;7152;Mirko;Hernandez;Maximiliano Nievas;Mirko Hernandez
14174151;08/09/2026 10:39:25;3;2;0001  215139-1;05;CAMIONETA EXP 6;2091190;"AU05    ";"AURUX S. A. S.                                    ";RUTA NACIONAL 16 KM 23;956490;"LG03C60        ";LG03C60 - LAVATORIO CR C.STD BERNA;28;28;28;23216157;080926103925158;182340214;;;;11/19/2031 00:00:00;28;13860344;08/09/2026 10:39:25;Maximiliano;Nievas;24495759;08/09/2026 08:16:14;7152;Mirko;Hernandez;Maximiliano Nievas;Mirko Hernandez
14174151;08/09/2026 10:39:25;3;2;0001  215139-1;05;CAMIONETA EXP 6;2091190;"AU05    ";"AURUX S. A. S.                                    ";RUTA NACIONAL 16 KM 23;956486;"LG02C61        ";LG02C61 - LAVATORIO MONOC ALTO CROMO GINEBRA;15;15;15;23216157;080926103925158;182337586;;;;07/28/2031 00:00:00;15;13860344;08/09/2026 10:39:25;Maximiliano;Nievas;24495759;08/09/2026 08:16:14;7152;Mirko;Hernandez;Maximiliano Nievas;Mirko Hernandez
14174152;08/09/2026 06:19:10;3;2;0001  215153-1;05;CAMIONETA EXP 6;2093993;"PR22    ";"PEREZ RUBEN -LA CLARITA                           ";ETCHEVERRIA 1740;951833;"30-132         ";30-132 - COCINA MESADA MONOC. C/DUCHADOR EXTENSIBLE VIGO;1;1;1;23177772;080926061910462;182040930;;;;07/28/2031 00:00:00;1;13855835;08/09/2026 06:19:10;Gustavo;Soderquvist;24457298;05/09/2026 11:13:42;6584;Luis Alberto;Villareal;Gustavo Soderquvist;Luis Alberto Villareal
14174152;08/09/2026 06:19:10;3;2;0001  215153-1;05;CAMIONETA EXP 6;2093993;"PR22    ";"PEREZ RUBEN -LA CLARITA                           ";ETCHEVERRIA 1740;954883;"BAI01G         ";BAI01G - BACHA EMB COCINA C/ACCESORIOS 750x450x220 GOLD BRUSHED;1;1;1;23177772;080926061910462;182039979;;;;07/30/2031 00:00:00;1;13855835;08/09/2026 06:19:10;Gustavo;Soderquvist;24457298;05/09/2026 11:13:42;6584;Luis Alberto;Villareal;Gustavo Soderquvist;Luis Alberto Villareal
14174153;08/09/2026 08:53:25;3;2;0001  215168-1;05;CAMIONETA EXP 6;2091137;"AP09    ";"ABATEDAGA PABLO D.J.-CONECTANDO INST. SANIT.      ";FRANCISCO VIANO ESQ. LAPRIDA 993;954904;"BCH04/1        ";BCH04/1 - BACHA DE APOYAR CUADRADA 1 AG 420x420x125;2;2;2;23217545;080926085325145;182344769;;;;10/04/2031 00:00:00;2;13857815;08/09/2026 08:53:25;Tiago;Rodriguez;24497075;08/09/2026 08:26:02;6922;Franco;Potenza;Tiago Rodriguez;Franco Potenza
14174428;10/09/2026 10:51:43;3;2;0001  215007-1;01;EASY 15-09;2091589;"CE01    ";"CENCOSUD S.A.                                     ";SAN LORENZO 4153;953061;"80-059         ";80-059 - DUCHA EMB. C/TRANSF.BL/CR C.STD MALBA;80;80;80;23282913;100926105137387;182850016;;;;02/01/2032 00:00:00;80;13899738;10/09/2026 10:51:37;Gustavo;Soderquvist;24560080;10/09/2026 08:03:41;7807;Nicolas;Perez;Gustavo Soderquvist;Nicolas Perez
14174428;10/09/2026 10:51:43;3;2;0001  215007-1;01;EASY 15-09;2091589;"CE01    ";"CENCOSUD S.A.                                     ";SAN LORENZO 4153;952947;"70-199N        ";70-199N - BIDE BLACK C.CERAM LIVE;5;5;5;23282913;100926105137387;182847285;;;;07/29/2031 00:00:00;5;13899738;10/09/2026 10:51:37;Gustavo;Soderquvist;24560080;10/09/2026 08:03:41;7807;Nicolas;Perez;Gustavo Soderquvist;Nicolas Perez
14174428;10/09/2026 10:51:43;3;2;0001  215007-1;01;EASY 15-09;2091589;"CE01    ";"CENCOSUD S.A.                                     ";SAN LORENZO 4153;952875;"70-100N        ";70-100N - BIDE BLACK C.CERAM FABRIC;65;65;65;23282913;100926105137387;182846547;;;;07/29/2031 00:00:00;65;13899738;10/09/2026 10:51:37;Gustavo;Soderquvist;24560080;10/09/2026 08:03:41;7807;Nicolas;Perez;Gustavo Soderquvist;Nicolas Perez
14174428;10/09/2026 10:51:43;3;2;0001  215007-1;01;EASY 15-09;2091589;"CE01    ";"CENCOSUD S.A.                                     ";SAN LORENZO 4153;952874;"70-100G        ";70-100G - BIDE GOLD C.CERAM FABRIC;60;60;60;23282913;100926105137387;182851766;;;;07/29/2031 00:00:00;60;13899738;10/09/2026 10:51:37;Gustavo;Soderquvist;24560080;10/09/2026 08:03:41;7807;Nicolas;Perez;Gustavo Soderquvist;Nicolas Perez
14174428;10/09/2026 10:51:43;3;2;0001  215007-1;01;EASY 15-09;2091589;"CE01    ";"CENCOSUD S.A.                                     ";SAN LORENZO 4153;952740;"62-100G        ";62-100G - LAVATORIO DE PARED GOLD C.CERAM FABRIC;70;70;70;23282913;100926105137387;182844726;;;;12/20/2031 00:00:00;40;13899738;10/09/2026 10:51:37;Gustavo;Soderquvist;24560080;10/09/2026 08:03:41;7807;Nicolas;Perez;Gustavo Soderquvist;Nicolas Perez
14174428;10/09/2026 10:51:43;3;2;0001  215007-1;01;EASY 15-09;2091589;"CE01    ";"CENCOSUD S.A.                                     ";SAN LORENZO 4153;952620;"60-135         ";60-135 - LAVATORIO C.CERAM SANTANDER;24;24;24;23282913;100926105137387;182848246;;;;09/27/2031 00:00:00;24;13899738;10/09/2026 10:51:37;Gustavo;Soderquvist;24560080;10/09/2026 08:03:41;7807;Nicolas;Perez;Gustavo Soderquvist;Nicolas Perez
14174428;10/09/2026 10:51:43;3;2;0001  215007-1;01;EASY 15-09;2091589;"CE01    ";"CENCOSUD S.A.                                     ";SAN LORENZO 4153;952597;"60-100N        ";60-100N - LAVATORIO BLACK C.CERAM FABRIC;24;24;24;23282913;100926105137387;182845286;;;;12/01/2031 00:00:00;24;13899738;10/09/2026 10:51:37;Gustavo;Soderquvist;24560080;10/09/2026 08:03:41;7807;Nicolas;Perez;Gustavo Soderquvist;Nicolas Perez
14174428;10/09/2026 10:51:43;3;2;0001  215007-1;01;EASY 15-09;2091589;"CE01    ";"CENCOSUD S.A.                                     ";SAN LORENZO 4153;952438;"51-058         ";51-058 - COCINA MESADA CR C.STD MALBA;32;32;32;23282913;100926105137387;182849221;;;;10/19/2031 00:00:00;32;13899738;10/09/2026 10:51:37;Gustavo;Soderquvist;24560080;10/09/2026 08:03:41;7807;Nicolas;Perez;Gustavo Soderquvist;Nicolas Perez
14174428;10/09/2026 10:51:43;3;2;0001  215007-1;01;EASY 15-09;2091589;"CE01    ";"CENCOSUD S.A.                                     ";SAN LORENZO 4153;953072;"80-100N        ";80-100N - DUCHA EMB. C/TRANSF. BLACK C.CERAM FABRIC;69;69;69;23290685;100926095353589;182848026;;;;10/29/2031 00:00:00;69;13900086;10/09/2026 09:53:53;Gustavo;Soderquvist;;;;;;Gustavo Soderquvist;
14174428;10/09/2026 10:51:43;3;2;0001  215007-1;01;EASY 15-09;2091589;"CE01    ";"CENCOSUD S.A.                                     ";SAN LORENZO 4153;953071;"80-100G        ";80-100G - DUCHA EMB. C/TRANSF. GOLD C.CERAM FABRIC;42;42;42;23290685;100926095353589;182844952;;;;12/03/2031 00:00:00;42;13900086;10/09/2026 09:53:53;Gustavo;Soderquvist;;;;;;Gustavo Soderquvist;
14174428;10/09/2026 10:51:43;3;2;0001  215007-1;01;EASY 15-09;2091589;"CE01    ";"CENCOSUD S.A.                                     ";SAN LORENZO 4153;952740;"62-100G        ";62-100G - LAVATORIO DE PARED GOLD C.CERAM FABRIC;70;70;70;23290685;100926095353589;182894747;;;;12/20/2031 00:00:00;30;13900086;10/09/2026 09:53:53;Gustavo;Soderquvist;;;;;;Gustavo Soderquvist;
14174429;11/09/2026 10:50:22;3;2;0001  215008-1;01;EASY 15-09;2091589;"CE01    ";"CENCOSUD S.A.                                     ";SAN LORENZO 4153;952726;"61-203         ";61-203 - LAVATORIO MONOCOMANDO ALTO ADRA;35;35;35;23283020;110926103740953;182847667;;;;01/20/2032 00:00:00;35;13921917;11/09/2026 10:37:40;Gustavo;Soderquvist;24560191;10/09/2026 07:03:15;7152;Mirko;Hernandez;Gustavo Soderquvist;Mirko Hernandez
14174429;11/09/2026 10:50:22;3;2;0001  215008-1;01;EASY 15-09;2091589;"CE01    ";"CENCOSUD S.A.                                     ";SAN LORENZO 4153;952677;"60-203         ";60-203 - LAVATORIO MONOCOMANDO BAJO ADRA;27;27;27;23283020;110926103740953;182844531;;;;02/16/2032 00:00:00;27;13921917;11/09/2026 10:37:40;Gustavo;Soderquvist;24560191;10/09/2026 07:03:15;7152;Mirko;Hernandez;Gustavo Soderquvist;Mirko Hernandez
14174429;11/09/2026 10:50:22;3;2;0001  215008-1;01;EASY 15-09;2091589;"CE01    ";"CENCOSUD S.A.                                     ";SAN LORENZO 4153;952439;"51-059         ";51-059 - COCINA MESADA BL/CR C.STD MALBA;20;20;20;23283020;110926103740953;182844254;;;;12/13/2031 00:00:00;20;13921917;11/09/2026 10:37:40;Gustavo;Soderquvist;24560191;10/09/2026 07:03:15;7152;Mirko;Hernandez;Gustavo Soderquvist;Mirko Hernandez
14174429;11/09/2026 10:50:22;3;2;0001  215008-1;01;EASY 15-09;2091589;"CE01    ";"CENCOSUD S.A.                                     ";SAN LORENZO 4153;954225;"A1447C         ";"A1447C - FLOR DE DUCHA 4"" ABS CROMO C/BLISTER";4;4;4;23284442;110926105021934;182852990;;;;07/27/2031 00:00:00;4;13922236;11/09/2026 10:50:21;Gustavo;Soderquvist;24561812;10/09/2026 07:51:34;6419;Tiago;Rodriguez;Gustavo Soderquvist;Tiago Rodriguez
14174429;11/09/2026 10:50:22;3;2;0001  215008-1;01;EASY 15-09;2091589;"CE01    ";"CENCOSUD S.A.                                     ";SAN LORENZO 4153;952956;"70-205         ";70-205 - BIDE MONOCOMANDO STEEL;75;75;75;23284442;110926105021934;182853941;;;;11/08/2031 00:00:00;75;13922236;11/09/2026 10:50:21;Gustavo;Soderquvist;24561812;10/09/2026 07:51:34;6419;Tiago;Rodriguez;Gustavo Soderquvist;Tiago Rodriguez
14174429;11/09/2026 10:50:22;3;2;0001  215008-1;01;EASY 15-09;2091589;"CE01    ";"CENCOSUD S.A.                                     ";SAN LORENZO 4153;952954;"70-203         ";70-203 - BIDE MONOCOMANDO ADRA;14;14;14;23284442;110926105021934;182855223;;;;07/29/2031 00:00:00;14;13922236;11/09/2026 10:50:21;Gustavo;Soderquvist;24561812;10/09/2026 07:51:34;6419;Tiago;Rodriguez;Gustavo Soderquvist;Tiago Rodriguez
14174429;11/09/2026 10:50:22;3;2;0001  215008-1;01;EASY 15-09;2091589;"CE01    ";"CENCOSUD S.A.                                     ";SAN LORENZO 4153;951565;"20-205         ";20-205 - MONOCOMANDO DE COCINA STEEL;2;2;2;23284442;110926105021934;182854539;;;;07/28/2031 00:00:00;2;13922236;11/09/2026 10:50:21;Gustavo;Soderquvist;24561812;10/09/2026 07:51:34;6419;Tiago;Rodriguez;Gustavo Soderquvist;Tiago Rodriguez
14174429;11/09/2026 10:50:22;3;2;0001  215008-1;01;EASY 15-09;2091589;"CE01    ";"CENCOSUD S.A.                                     ";SAN LORENZO 4153;951532;"20-147         ";20-147 - MONOCOMANDO DE COCINA SWIFT;22;22;22;23284442;110926105021934;182854270;;;;07/29/2031 00:00:00;22;13922236;11/09/2026 10:50:21;Gustavo;Soderquvist;24561812;10/09/2026 07:51:34;6419;Tiago;Rodriguez;Gustavo Soderquvist;Tiago Rodriguez
14174429;11/09/2026 10:50:22;3;2;0001  215008-1;01;EASY 15-09;2091589;"CE01    ";"CENCOSUD S.A.                                     ";SAN LORENZO 4153;951530;"20-146         ";20-146 - MONOCOMANDO DE COCINA CR LINEA MOVE;10;10;10;23284442;110926105021934;182855020;;;;10/09/2031 00:00:00;10;13922236;11/09/2026 10:50:21;Gustavo;Soderquvist;24561812;10/09/2026 07:51:34;6419;Tiago;Rodriguez;Gustavo Soderquvist;Tiago Rodriguez
14174429;11/09/2026 10:50:22;3;2;0001  215008-1;01;EASY 15-09;2091589;"CE01    ";"CENCOSUD S.A.                                     ";SAN LORENZO 4153;951512;"20-122         ";"MONOCOMANDO COCINA CR C/PICO EXTRAIBLE VALENCIA                       ";5;5;5;23284442;110926105021934;182854426;;;;08/06/2031 00:00:00;5;13922236;11/09/2026 10:50:21;Gustavo;Soderquvist;24561812;10/09/2026 07:51:34;6419;Tiago;Rodriguez;Gustavo Soderquvist;Tiago Rodriguez
14174430;10/09/2026 14:09:17;3;2;0001  215010-1;01;EASY 15-09;2091589;"CE01    ";"CENCOSUD S.A.                                     ";SAN LORENZO 4153;952864;"70-059LT       ";"BIDE BL/CR C.STD MALBA LITE                                           ";70;70;70;23283015;100926135101746;182854797;;;;12/10/2031 00:00:00;5;13901611;10/09/2026 13:51:01;Maximiliano;Nievas;24560164;10/09/2026 08:12:20;7636;Kevin;Arce;Maximiliano Nievas;Kevin Arce
14174430;10/09/2026 14:09:17;3;2;0001  215010-1;01;EASY 15-09;2091589;"CE01    ";"CENCOSUD S.A.                                     ";SAN LORENZO 4153;952711;"61-169N        ";61-169N - LAVATORIO MONOC ALTO BLACK PARIS;24;24;24;23284022;100926140916596;182849602;;;;01/06/2032 00:00:00;24;13908067;10/09/2026 14:09:16;Gustavo;Soderquvist;24561412;10/09/2026 07:22:19;6419;Tiago;Rodriguez;Gustavo Soderquvist;Tiago Rodriguez
14174430;10/09/2026 14:09:17;3;2;0001  215010-1;01;EASY 15-09;2091589;"CE01    ";"CENCOSUD S.A.                                     ";SAN LORENZO 4153;953086;"80-131         ";80-131 - DUCHA EMB. C/TRANSF. CR C.CERAM MALLORCA;88;88;88;23294047;100926105022316;182917564;;;;10/25/2031 00:00:00;4;13901900;10/09/2026 10:50:22;Maximiliano;Nievas;;;;;;Maximiliano Nievas;
14174430;10/09/2026 14:09:17;3;2;0001  215010-1;01;EASY 15-09;2091589;"CE01    ";"CENCOSUD S.A.                                     ";SAN LORENZO 4153;953086;"80-131         ";80-131 - DUCHA EMB. C/TRANSF. CR C.CERAM MALLORCA;88;88;88;23294063;100926105043090;182917732;;;;10/25/2031 00:00:00;4;13901913;10/09/2026 10:50:43;Maximiliano;Nievas;;;;;;Maximiliano Nievas;
14174430;10/09/2026 14:09:17;3;2;0001  215010-1;01;EASY 15-09;2091589;"CE01    ";"CENCOSUD S.A.                                     ";SAN LORENZO 4153;953086;"80-131         ";80-131 - DUCHA EMB. C/TRANSF. CR C.CERAM MALLORCA;88;88;88;23294069;100926105055516;182917821;;;;10/25/2031 00:00:00;4;13901919;10/09/2026 10:50:55;Maximiliano;Nievas;;;;;;Maximiliano Nievas;
14174430;10/09/2026 14:09:17;3;2;0001  215010-1;01;EASY 15-09;2091589;"CE01    ";"CENCOSUD S.A.                                     ";SAN LORENZO 4153;953086;"80-131         ";80-131 - DUCHA EMB. C/TRANSF. CR C.CERAM MALLORCA;88;88;88;23294092;100926105121292;182917988;;;;10/25/2031 00:00:00;4;13901935;10/09/2026 10:51:21;Maximiliano;Nievas;;;;;;Maximiliano Nievas;
14174430;10/09/2026 14:09:17;3;2;0001  215010-1;01;EASY 15-09;2091589;"CE01    ";"CENCOSUD S.A.                                     ";SAN LORENZO 4153;953086;"80-131         ";80-131 - DUCHA EMB. C/TRANSF. CR C.CERAM MALLORCA;88;88;88;23294107;100926105135815;182918092;;;;10/25/2031 00:00:00;4;13901947;10/09/2026 10:51:35;Maximiliano;Nievas;;;;;;Maximiliano Nievas;
14174430;10/09/2026 14:09:17;3;2;0001  215010-1;01;EASY 15-09;2091589;"CE01    ";"CENCOSUD S.A.                                     ";SAN LORENZO 4153;953086;"80-131         ";80-131 - DUCHA EMB. C/TRANSF. CR C.CERAM MALLORCA;88;88;88;23294116;100926105146842;182918187;;;;10/25/2031 00:00:00;4;13901953;10/09/2026 10:51:46;Maximiliano;Nievas;;;;;;Maximiliano Nievas;
14174430;10/09/2026 14:09:17;3;2;0001  215010-1;01;EASY 15-09;2091589;"CE01    ";"CENCOSUD S.A.                                     ";SAN LORENZO 4153;953086;"80-131         ";80-131 - DUCHA EMB. C/TRANSF. CR C.CERAM MALLORCA;88;88;88;23294330;100926105605783;182920064;;;;10/25/2031 00:00:00;4;13902095;10/09/2026 10:56:05;Maximiliano;Nievas;;;;;;Maximiliano Nievas;
14174430;10/09/2026 14:09:17;3;2;0001  215010-1;01;EASY 15-09;2091589;"CE01    ";"CENCOSUD S.A.                                     ";SAN LORENZO 4153;953086;"80-131         ";80-131 - DUCHA EMB. C/TRANSF. CR C.CERAM MALLORCA;88;88;88;23294353;100926105620340;182920140;;;;10/25/2031 00:00:00;4;13902102;10/09/2026 10:56:20;Maximiliano;Nievas;;;;;;Maximiliano Nievas;
14174430;10/09/2026 14:09:17;3;2;0001  215010-1;01;EASY 15-09;2091589;"CE01    ";"CENCOSUD S.A.                                     ";SAN LORENZO 4153;953086;"80-131         ";80-131 - DUCHA EMB. C/TRANSF. CR C.CERAM MALLORCA;88;88;88;23294364;100926105633535;182920249;;;;10/25/2031 00:00:00;4;13902112;10/09/2026 10:56:33;Maximiliano;Nievas;;;;;;Maximiliano Nievas;
14174430;10/09/2026 14:09:17;3;2;0001  215010-1;01;EASY 15-09;2091589;"CE01    ";"CENCOSUD S.A.                                     ";SAN LORENZO 4153;953086;"80-131         ";80-131 - DUCHA EMB. C/TRANSF. CR C.CERAM MALLORCA;88;88;88;23294398;100926105653164;182920378;;;;10/25/2031 00:00:00;4;13902123;10/09/2026 10:56:53;Maximiliano;Nievas;;;;;;Maximiliano Nievas;
14174430;10/09/2026 14:09:17;3;2;0001  215010-1;01;EASY 15-09;2091589;"CE01    ";"CENCOSUD S.A.                                     ";SAN LORENZO 4153;953086;"80-131         ";80-131 - DUCHA EMB. C/TRANSF. CR C.CERAM MALLORCA;88;88;88;23294419;100926105710364;182920493;;;;10/25/2031 00:00:00;4;13902136;10/09/2026 10:57:10;Maximiliano;Nievas;;;;;;Maximiliano Nievas;
14174430;10/09/2026 14:09:17;3;2;0001  215010-1;01;EASY 15-09;2091589;"CE01    ";"CENCOSUD S.A.                                     ";SAN LORENZO 4153;953086;"80-131         ";80-131 - DUCHA EMB. C/TRANSF. CR C.CERAM MALLORCA;88;88;88;23294915;100926110528537;182924024;;;;10/25/2031 00:00:00;4;13902409;10/09/2026 11:05:28;Maximiliano;Nievas;;;;;;Maximiliano Nievas;
14174430;10/09/2026 14:09:17;3;2;0001  215010-1;01;EASY 15-09;2091589;"CE01    ";"CENCOSUD S.A.                                     ";SAN LORENZO 4153;953086;"80-131         ";80-131 - DUCHA EMB. C/TRANSF. CR C.CERAM MALLORCA;88;88;88;23294923;100926110544067;182924129;;;;10/25/2031 00:00:00;4;13902420;10/09/2026 11:05:44;Maximiliano;Nievas;;;;;;Maximiliano Nievas;
14174430;10/09/2026 14:09:17;3;2;0001  215010-1;01;EASY 15-09;2091589;"CE01    ";"CENCOSUD S.A.                                     ";SAN LORENZO 4153;953086;"80-131         ";80-131 - DUCHA EMB. C/TRANSF. CR C.CERAM MALLORCA;88;88;88;23294934;100926110557753;182924206;;;;10/25/2031 00:00:00;4;13902427;10/09/2026 11:05:57;Maximiliano;Nievas;;;;;;Maximiliano Nievas;
14174430;10/09/2026 14:09:17;3;2;0001  215010-1;01;EASY 15-09;2091589;"CE01    ";"CENCOSUD S.A.                                     ";SAN LORENZO 4153;953086;"80-131         ";80-131 - DUCHA EMB. C/TRANSF. CR C.CERAM MALLORCA;88;88;88;23294948;100926110613194;182924316;;;;10/25/2031 00:00:00;4;13902440;10/09/2026 11:06:13;Maximiliano;Nievas;;;;;;Maximiliano Nievas;
14174430;10/09/2026 14:09:17;3;2;0001  215010-1;01;EASY 15-09;2091589;"CE01    ";"CENCOSUD S.A.                                     ";SAN LORENZO 4153;953086;"80-131         ";80-131 - DUCHA EMB. C/TRANSF. CR C.CERAM MALLORCA;88;88;88;23294977;100926110643073;182924526;;;;10/25/2031 00:00:00;4;13902463;10/09/2026 11:06:43;Maximiliano;Nievas;;;;;;Maximiliano Nievas;
14174430;10/09/2026 14:09:17;3;2;0001  215010-1;01;EASY 15-09;2091589;"CE01    ";"CENCOSUD S.A.                                     ";SAN LORENZO 4153;953086;"80-131         ";80-131 - DUCHA EMB. C/TRANSF. CR C.CERAM MALLORCA;88;88;88;23295208;100926111041930;182926146;;;;10/25/2031 00:00:00;4;13902597;10/09/2026 11:10:41;Maximiliano;Nievas;;;;;;Maximiliano Nievas;
14174430;10/09/2026 14:09:17;3;2;0001  215010-1;01;EASY 15-09;2091589;"CE01    ";"CENCOSUD S.A.                                     ";SAN LORENZO 4153;953086;"80-131         ";80-131 - DUCHA EMB. C/TRANSF. CR C.CERAM MALLORCA;88;88;88;23295218;100926111054097;182926229;;;;10/25/2031 00:00:00;4;13902605;10/09/2026 11:10:54;Maximiliano;Nievas;;;;;;Maximiliano Nievas;
14174430;10/09/2026 14:09:17;3;2;0001  215010-1;01;EASY 15-09;2091589;"CE01    ";"CENCOSUD S.A.                                     ";SAN LORENZO 4153;953086;"80-131         ";80-131 - DUCHA EMB. C/TRANSF. CR C.CERAM MALLORCA;88;88;88;23295235;100926111110029;182926345;;;;10/25/2031 00:00:00;4;13902614;10/09/2026 11:11:10;Maximiliano;Nievas;;;;;;Maximiliano Nievas;
14174430;10/09/2026 14:09:17;3;2;0001  215010-1;01;EASY 15-09;2091589;"CE01    ";"CENCOSUD S.A.                                     ";SAN LORENZO 4153;953086;"80-131         ";80-131 - DUCHA EMB. C/TRANSF. CR C.CERAM MALLORCA;88;88;88;23295255;100926111127930;182926460;;;;10/25/2031 00:00:00;4;13902626;10/09/2026 11:11:27;Maximiliano;Nievas;;;;;;Maximiliano Nievas;
14174430;10/09/2026 14:09:17;3;2;0001  215010-1;01;EASY 15-09;2091589;"CE01    ";"CENCOSUD S.A.                                     ";SAN LORENZO 4153;953086;"80-131         ";80-131 - DUCHA EMB. C/TRANSF. CR C.CERAM MALLORCA;88;88;88;23295267;100926111144241;182926568;;;;10/25/2031 00:00:00;4;13902634;10/09/2026 11:11:44;Maximiliano;Nievas;;;;;;Maximiliano Nievas;
14174430;10/09/2026 14:09:17;3;2;0001  215010-1;01;EASY 15-09;2091589;"CE01    ";"CENCOSUD S.A.                                     ";SAN LORENZO 4153;953086;"80-131         ";80-131 - DUCHA EMB. C/TRANSF. CR C.CERAM MALLORCA;88;88;88;23295287;100926111200436;182844566;;;;10/25/2031 00:00:00;4;13902642;10/09/2026 11:12:00;Maximiliano;Nievas;;;;;;Maximiliano Nievas;
14174430;10/09/2026 14:09:17;3;2;0001  215010-1;01;EASY 15-09;2091589;"CE01    ";"CENCOSUD S.A.                                     ";SAN LORENZO 4153;952616;"60-131         ";60-131 - LAVATORIO C.CERAM CR MALLORCA;65;65;65;23295766;100926111937694;182930094;;;;01/03/2032 00:00:00;4;13902939;10/09/2026 11:19:37;Maximiliano;Nievas;;;;;;Maximiliano Nievas;
14174430;10/09/2026 14:09:17;3;2;0001  215010-1;01;EASY 15-09;2091589;"CE01    ";"CENCOSUD S.A.                                     ";SAN LORENZO 4153;952616;"60-131         ";60-131 - LAVATORIO C.CERAM CR MALLORCA;65;65;65;23295781;100926111950763;182930211;;;;01/03/2032 00:00:00;4;13902951;10/09/2026 11:19:50;Maximiliano;Nievas;;;;;;Maximiliano Nievas;
14174430;10/09/2026 14:09:17;3;2;0001  215010-1;01;EASY 15-09;2091589;"CE01    ";"CENCOSUD S.A.                                     ";SAN LORENZO 4153;952616;"60-131         ";60-131 - LAVATORIO C.CERAM CR MALLORCA;65;65;65;23295789;100926112002734;182930326;;;;01/03/2032 00:00:00;4;13902961;10/09/2026 11:20:02;Maximiliano;Nievas;;;;;;Maximiliano Nievas;
14174430;10/09/2026 14:09:17;3;2;0001  215010-1;01;EASY 15-09;2091589;"CE01    ";"CENCOSUD S.A.                                     ";SAN LORENZO 4153;952616;"60-131         ";60-131 - LAVATORIO C.CERAM CR MALLORCA;65;65;65;23295810;100926112017194;182930423;;;;01/03/2032 00:00:00;4;13902973;10/09/2026 11:20:17;Maximiliano;Nievas;;;;;;Maximiliano Nievas;
14174430;10/09/2026 14:09:17;3;2;0001  215010-1;01;EASY 15-09;2091589;"CE01    ";"CENCOSUD S.A.                                     ";SAN LORENZO 4153;952616;"60-131         ";60-131 - LAVATORIO C.CERAM CR MALLORCA;65;65;65;23295830;100926112029061;182930503;;;;01/03/2032 00:00:00;4;13902986;10/09/2026 11:20:29;Maximiliano;Nievas;;;;;;Maximiliano Nievas;
14174430;10/09/2026 14:09:17;3;2;0001  215010-1;01;EASY 15-09;2091589;"CE01    ";"CENCOSUD S.A.                                     ";SAN LORENZO 4153;952616;"60-131         ";60-131 - LAVATORIO C.CERAM CR MALLORCA;65;65;65;23295844;100926112046721;182930646;;;;01/03/2032 00:00:00;4;13903003;10/09/2026 11:20:46;Maximiliano;Nievas;;;;;;Maximiliano Nievas;
14174430;10/09/2026 14:09:17;3;2;0001  215010-1;01;EASY 15-09;2091589;"CE01    ";"CENCOSUD S.A.                                     ";SAN LORENZO 4153;952616;"60-131         ";60-131 - LAVATORIO C.CERAM CR MALLORCA;65;65;65;23295855;100926112056835;182930711;;;;01/03/2032 00:00:00;4;13903010;10/09/2026 11:20:56;Maximiliano;Nievas;;;;;;Maximiliano Nievas;
14174430;10/09/2026 14:09:17;3;2;0001  215010-1;01;EASY 15-09;2091589;"CE01    ";"CENCOSUD S.A.                                     ";SAN LORENZO 4153;952616;"60-131         ";60-131 - LAVATORIO C.CERAM CR MALLORCA;65;65;65;23295870;100926112109602;182930798;;;;01/03/2032 00:00:00;4;13903022;10/09/2026 11:21:09;Maximiliano;Nievas;;;;;;Maximiliano Nievas;
14174430;10/09/2026 14:09:17;3;2;0001  215010-1;01;EASY 15-09;2091589;"CE01    ";"CENCOSUD S.A.                                     ";SAN LORENZO 4153;952616;"60-131         ";60-131 - LAVATORIO C.CERAM CR MALLORCA;65;65;65;23296195;100926112615001;182933133;;;;01/03/2032 00:00:00;4;13903180;10/09/2026 11:26:15;Maximiliano;Nievas;;;;;;Maximiliano Nievas;
14174430;10/09/2026 14:09:17;3;2;0001  215010-1;01;EASY 15-09;2091589;"CE01    ";"CENCOSUD S.A.                                     ";SAN LORENZO 4153;952616;"60-131         ";60-131 - LAVATORIO C.CERAM CR MALLORCA;65;65;65;23296214;100926112626858;182933228;;;;01/03/2032 00:00:00;4;13903182;10/09/2026 11:26:26;Maximiliano;Nievas;;;;;;Maximiliano Nievas;
14174430;10/09/2026 14:09:17;3;2;0001  215010-1;01;EASY 15-09;2091589;"CE01    ";"CENCOSUD S.A.                                     ";SAN LORENZO 4153;952616;"60-131         ";60-131 - LAVATORIO C.CERAM CR MALLORCA;65;65;65;23296239;100926112648632;182933369;;;;01/03/2032 00:00:00;4;13903196;10/09/2026 11:26:48;Maximiliano;Nievas;;;;;;Maximiliano Nievas;
14174430;10/09/2026 14:09:17;3;2;0001  215010-1;01;EASY 15-09;2091589;"CE01    ";"CENCOSUD S.A.                                     ";SAN LORENZO 4153;952616;"60-131         ";60-131 - LAVATORIO C.CERAM CR MALLORCA;65;65;65;23296260;100926112702483;182933471;;;;01/03/2032 00:00:00;4;13903206;10/09/2026 11:27:02;Maximiliano;Nievas;;;;;;Maximiliano Nievas;
14174430;10/09/2026 14:09:17;3;2;0001  215010-1;01;EASY 15-09;2091589;"CE01    ";"CENCOSUD S.A.                                     ";SAN LORENZO 4153;952616;"60-131         ";60-131 - LAVATORIO C.CERAM CR MALLORCA;65;65;65;23296333;100926112817602;182934042;;;;01/03/2032 00:00:00;4;13903253;10/09/2026 11:28:17;Maximiliano;Nievas;;;;;;Maximiliano Nievas;
14174430;10/09/2026 14:09:17;3;2;0001  215010-1;01;EASY 15-09;2091589;"CE01    ";"CENCOSUD S.A.                                     ";SAN LORENZO 4153;952616;"60-131         ";60-131 - LAVATORIO C.CERAM CR MALLORCA;65;65;65;23296348;100926112828647;182934125;;;;01/03/2032 00:00:00;4;13903257;10/09/2026 11:28:28;Maximiliano;Nievas;;;;;;Maximiliano Nievas;
14174430;10/09/2026 14:09:17;3;2;0001  215010-1;01;EASY 15-09;2091589;"CE01    ";"CENCOSUD S.A.                                     ";SAN LORENZO 4153;952616;"60-131         ";60-131 - LAVATORIO C.CERAM CR MALLORCA;65;65;65;23296447;100926112955633;182934770;;;;01/03/2032 00:00:00;4;13903306;10/09/2026 11:29:55;Maximiliano;Nievas;;;;;;Maximiliano Nievas;
14174430;10/09/2026 14:09:17;3;2;0001  215010-1;01;EASY 15-09;2091589;"CE01    ";"CENCOSUD S.A.                                     ";SAN LORENZO 4153;952616;"60-131         ";60-131 - LAVATORIO C.CERAM CR MALLORCA;65;65;65;23296460;100926113007734;182934872;;;;01/03/2032 00:00:00;4;13903314;10/09/2026 11:30:07;Maximiliano;Nievas;;;;;;Maximiliano Nievas;
14174430;10/09/2026 14:09:17;3;2;0001  215010-1;01;EASY 15-09;2091589;"CE01    ";"CENCOSUD S.A.                                     ";SAN LORENZO 4153;952616;"60-131         ";60-131 - LAVATORIO C.CERAM CR MALLORCA;65;65;65;23296471;100926113019707;182852875;;;;01/03/2032 00:00:00;1;13903321;10/09/2026 11:30:19;Maximiliano;Nievas;;;;;;Maximiliano Nievas;
14174430;10/09/2026 14:09:17;3;2;0001  215010-1;01;EASY 15-09;2091589;"CE01    ";"CENCOSUD S.A.                                     ";SAN LORENZO 4153;960226;"80-122N        ";"DUCHA EMB. C/TRANSF. BLACK C.CERAM VALENCIA                           ";76;76;76;23300346;100926124846275;182963665;;;;02/01/2032 00:00:00;8;13905647;10/09/2026 12:48:46;Maximiliano;Nievas;;;;;;Maximiliano Nievas;
14174430;10/09/2026 14:09:17;3;2;0001  215010-1;01;EASY 15-09;2091589;"CE01    ";"CENCOSUD S.A.                                     ";SAN LORENZO 4153;960226;"80-122N        ";"DUCHA EMB. C/TRANSF. BLACK C.CERAM VALENCIA                           ";76;76;76;23300432;100926125103224;182964400;;;;02/01/2032 00:00:00;4;13905733;10/09/2026 12:51:03;Maximiliano;Nievas;;;;;;Maximiliano Nievas;
14174430;10/09/2026 14:09:17;3;2;0001  215010-1;01;EASY 15-09;2091589;"CE01    ";"CENCOSUD S.A.                                     ";SAN LORENZO 4153;960226;"80-122N        ";"DUCHA EMB. C/TRANSF. BLACK C.CERAM VALENCIA                           ";76;76;76;23300442;100926125118574;182964491;;;;02/01/2032 00:00:00;4;13905743;10/09/2026 12:51:18;Maximiliano;Nievas;;;;;;Maximiliano Nievas;
14174430;10/09/2026 14:09:17;3;2;0001  215010-1;01;EASY 15-09;2091589;"CE01    ";"CENCOSUD S.A.                                     ";SAN LORENZO 4153;960226;"80-122N        ";"DUCHA EMB. C/TRANSF. BLACK C.CERAM VALENCIA                           ";76;76;76;23300779;100926125952587;182967170;;;;02/01/2032 00:00:00;20;13905965;10/09/2026 12:59:52;Maximiliano;Nievas;;;;;;Maximiliano Nievas;
14174430;10/09/2026 14:09:17;3;2;0001  215010-1;01;EASY 15-09;2091589;"CE01    ";"CENCOSUD S.A.                                     ";SAN LORENZO 4153;960226;"80-122N        ";"DUCHA EMB. C/TRANSF. BLACK C.CERAM VALENCIA                           ";76;76;76;23300915;100926130222931;182967853;;;;02/01/2032 00:00:00;4;13906046;10/09/2026 13:02:22;Maximiliano;Nievas;;;;;;Maximiliano Nievas;
14174430;10/09/2026 14:09:17;3;2;0001  215010-1;01;EASY 15-09;2091589;"CE01    ";"CENCOSUD S.A.                                     ";SAN LORENZO 4153;960226;"80-122N        ";"DUCHA EMB. C/TRANSF. BLACK C.CERAM VALENCIA                           ";76;76;76;23300924;100926130236299;182967897;;;;02/01/2032 00:00:00;4;13906049;10/09/2026 13:02:36;Maximiliano;Nievas;;;;;;Maximiliano Nievas;
14174430;10/09/2026 14:09:17;3;2;0001  215010-1;01;EASY 15-09;2091589;"CE01    ";"CENCOSUD S.A.                                     ";SAN LORENZO 4153;960226;"80-122N        ";"DUCHA EMB. C/TRANSF. BLACK C.CERAM VALENCIA                           ";76;76;76;23300931;100926130248991;182967947;;;;02/01/2032 00:00:00;4;13906056;10/09/2026 13:02:49;Maximiliano;Nievas;;;;;;Maximiliano Nievas;
14174430;10/09/2026 14:09:17;3;2;0001  215010-1;01;EASY 15-09;2091589;"CE01    ";"CENCOSUD S.A.                                     ";SAN LORENZO 4153;960226;"80-122N        ";"DUCHA EMB. C/TRANSF. BLACK C.CERAM VALENCIA                           ";76;76;76;23300936;100926130301038;182967988;;;;02/01/2032 00:00:00;4;13906060;10/09/2026 13:03:01;Maximiliano;Nievas;;;;;;Maximiliano Nievas;
14174430;10/09/2026 14:09:17;3;2;0001  215010-1;01;EASY 15-09;2091589;"CE01    ";"CENCOSUD S.A.                                     ";SAN LORENZO 4153;960226;"80-122N        ";"DUCHA EMB. C/TRANSF. BLACK C.CERAM VALENCIA                           ";76;76;76;23300946;100926130314471;182968040;;;;02/01/2032 00:00:00;4;13906066;10/09/2026 13:03:14;Maximiliano;Nievas;;;;;;Maximiliano Nievas;
14174430;10/09/2026 14:09:17;3;2;0001  215010-1;01;EASY 15-09;2091589;"CE01    ";"CENCOSUD S.A.                                     ";SAN LORENZO 4153;960226;"80-122N        ";"DUCHA EMB. C/TRANSF. BLACK C.CERAM VALENCIA                           ";76;76;76;23301049;100926130500822;182968494;;;;02/01/2032 00:00:00;4;13906118;10/09/2026 13:05:00;Maximiliano;Nievas;;;;;;Maximiliano Nievas;
14174430;10/09/2026 14:09:17;3;2;0001  215010-1;01;EASY 15-09;2091589;"CE01    ";"CENCOSUD S.A.                                     ";SAN LORENZO 4153;960226;"80-122N        ";"DUCHA EMB. C/TRANSF. BLACK C.CERAM VALENCIA                           ";76;76;76;23301053;100926130512133;182968558;;;;02/01/2032 00:00:00;4;13906125;10/09/2026 13:05:12;Maximiliano;Nievas;;;;;;Maximiliano Nievas;
14174430;10/09/2026 14:09:17;3;2;0001  215010-1;01;EASY 15-09;2091589;"CE01    ";"CENCOSUD S.A.                                     ";SAN LORENZO 4153;960226;"80-122N        ";"DUCHA EMB. C/TRANSF. BLACK C.CERAM VALENCIA                           ";76;76;76;23301070;100926130523962;182968613;;;;02/01/2032 00:00:00;4;13906132;10/09/2026 13:05:23;Maximiliano;Nievas;;;;;;Maximiliano Nievas;
14174430;10/09/2026 14:09:17;3;2;0001  215010-1;01;EASY 15-09;2091589;"CE01    ";"CENCOSUD S.A.                                     ";SAN LORENZO 4153;960226;"80-122N        ";"DUCHA EMB. C/TRANSF. BLACK C.CERAM VALENCIA                           ";76;76;76;23301078;100926130535127;182968660;;;;02/01/2032 00:00:00;4;13906135;10/09/2026 13:05:35;Maximiliano;Nievas;;;;;;Maximiliano Nievas;
14174430;10/09/2026 14:09:17;3;2;0001  215010-1;01;EASY 15-09;2091589;"CE01    ";"CENCOSUD S.A.                                     ";SAN LORENZO 4153;960226;"80-122N        ";"DUCHA EMB. C/TRANSF. BLACK C.CERAM VALENCIA                           ";76;76;76;23301107;100926130600316;182846260;;;;02/01/2032 00:00:00;4;13906142;10/09/2026 13:06:00;Maximiliano;Nievas;;;;;;Maximiliano Nievas;
14174430;10/09/2026 14:09:17;3;2;0001  215010-1;01;EASY 15-09;2091589;"CE01    ";"CENCOSUD S.A.                                     ";SAN LORENZO 4153;960223;"60-122N        ";"LAVATORIO BLACK C.CERAM VALENCIA                                      ";48;48;48;23301230;100926130754038;182969401;;;;10/08/2031 00:00:00;6;13906183;10/09/2026 13:07:54;Maximiliano;Nievas;;;;;;Maximiliano Nievas;
14174430;10/09/2026 14:09:17;3;2;0001  215010-1;01;EASY 15-09;2091589;"CE01    ";"CENCOSUD S.A.                                     ";SAN LORENZO 4153;960223;"60-122N        ";"LAVATORIO BLACK C.CERAM VALENCIA                                      ";48;48;48;23301236;100926130805184;182969479;;;;10/08/2031 00:00:00;6;13906188;10/09/2026 13:08:05;Maximiliano;Nievas;;;;;;Maximiliano Nievas;
14174430;10/09/2026 14:09:17;3;2;0001  215010-1;01;EASY 15-09;2091589;"CE01    ";"CENCOSUD S.A.                                     ";SAN LORENZO 4153;960223;"60-122N        ";"LAVATORIO BLACK C.CERAM VALENCIA                                      ";48;48;48;23301250;100926130818381;182969555;;;;10/08/2031 00:00:00;6;13906196;10/09/2026 13:08:18;Maximiliano;Nievas;;;;;;Maximiliano Nievas;
14174430;10/09/2026 14:09:17;3;2;0001  215010-1;01;EASY 15-09;2091589;"CE01    ";"CENCOSUD S.A.                                     ";SAN LORENZO 4153;960223;"60-122N        ";"LAVATORIO BLACK C.CERAM VALENCIA                                      ";48;48;48;23301261;100926130830437;182969627;;;;10/08/2031 00:00:00;6;13906205;10/09/2026 13:08:30;Maximiliano;Nievas;;;;;;Maximiliano Nievas;
14174430;10/09/2026 14:09:17;3;2;0001  215010-1;01;EASY 15-09;2091589;"CE01    ";"CENCOSUD S.A.                                     ";SAN LORENZO 4153;960223;"60-122N        ";"LAVATORIO BLACK C.CERAM VALENCIA                                      ";48;48;48;23301280;100926130846638;182969722;;;;10/08/2031 00:00:00;6;13906212;10/09/2026 13:08:46;Maximiliano;Nievas;;;;;;Maximiliano Nievas;
14174430;10/09/2026 14:09:17;3;2;0001  215010-1;01;EASY 15-09;2091589;"CE01    ";"CENCOSUD S.A.                                     ";SAN LORENZO 4153;960223;"60-122N        ";"LAVATORIO BLACK C.CERAM VALENCIA                                      ";48;48;48;23301288;100926130859316;182969788;;;;10/08/2031 00:00:00;6;13906215;10/09/2026 13:08:59;Maximiliano;Nievas;;;;;;Maximiliano Nievas;
14174430;10/09/2026 14:09:17;3;2;0001  215010-1;01;EASY 15-09;2091589;"CE01    ";"CENCOSUD S.A.                                     ";SAN LORENZO 4153;960223;"60-122N        ";"LAVATORIO BLACK C.CERAM VALENCIA                                      ";48;48;48;23301298;100926130912990;182969857;;;;10/08/2031 00:00:00;6;13906223;10/09/2026 13:09:13;Maximiliano;Nievas;;;;;;Maximiliano Nievas;
14174430;10/09/2026 14:09:17;3;2;0001  215010-1;01;EASY 15-09;2091589;"CE01    ";"CENCOSUD S.A.                                     ";SAN LORENZO 4153;960223;"60-122N        ";"LAVATORIO BLACK C.CERAM VALENCIA                                      ";48;48;48;23301303;100926130922665;182847461;;;;10/08/2031 00:00:00;6;13906232;10/09/2026 13:09:22;Maximiliano;Nievas;;;;;;Maximiliano Nievas;
14174430;10/09/2026 14:09:17;3;2;0001  215010-1;01;EASY 15-09;2091589;"CE01    ";"CENCOSUD S.A.                                     ";SAN LORENZO 4153;952894;"70-131         ";70-131 - BIDE C.CERAM CR MALLORCA;100;100;100;23301576;100926131446906;182971642;;;;07/30/2031 00:00:00;5;13906390;10/09/2026 13:14:46;Maximiliano;Nievas;;;;;;Maximiliano Nievas;
14174430;10/09/2026 14:09:17;3;2;0001  215010-1;01;EASY 15-09;2091589;"CE01    ";"CENCOSUD S.A.                                     ";SAN LORENZO 4153;952894;"70-131         ";70-131 - BIDE C.CERAM CR MALLORCA;100;100;100;23301591;100926131507570;182971731;;;;07/30/2031 00:00:00;5;13906404;10/09/2026 13:15:07;Maximiliano;Nievas;;;;;;Maximiliano Nievas;
14174430;10/09/2026 14:09:17;3;2;0001  215010-1;01;EASY 15-09;2091589;"CE01    ";"CENCOSUD S.A.                                     ";SAN LORENZO 4153;952894;"70-131         ";70-131 - BIDE C.CERAM CR MALLORCA;100;100;100;23301604;100926131521667;182971807;;;;07/30/2031 00:00:00;5;13906412;10/09/2026 13:15:21;Maximiliano;Nievas;;;;;;Maximiliano Nievas;
14174430;10/09/2026 14:09:17;3;2;0001  215010-1;01;EASY 15-09;2091589;"CE01    ";"CENCOSUD S.A.                                     ";SAN LORENZO 4153;952894;"70-131         ";70-131 - BIDE C.CERAM CR MALLORCA;100;100;100;23301614;100926131535603;182971895;;;;07/30/2031 00:00:00;5;13906421;10/09/2026 13:15:35;Maximiliano;Nievas;;;;;;Maximiliano Nievas;
14174430;10/09/2026 14:09:17;3;2;0001  215010-1;01;EASY 15-09;2091589;"CE01    ";"CENCOSUD S.A.                                     ";SAN LORENZO 4153;952894;"70-131         ";70-131 - BIDE C.CERAM CR MALLORCA;100;100;100;23301677;100926131631150;182972184;;;;07/30/2031 00:00:00;5;13906446;10/09/2026 13:16:31;Maximiliano;Nievas;;;;;;Maximiliano Nievas;
14174430;10/09/2026 14:09:17;3;2;0001  215010-1;01;EASY 15-09;2091589;"CE01    ";"CENCOSUD S.A.                                     ";SAN LORENZO 4153;952894;"70-131         ";70-131 - BIDE C.CERAM CR MALLORCA;100;100;100;23301691;100926131643346;182972248;;;;07/30/2031 00:00:00;5;13906455;10/09/2026 13:16:43;Maximiliano;Nievas;;;;;;Maximiliano Nievas;
14174430;10/09/2026 14:09:17;3;2;0001  215010-1;01;EASY 15-09;2091589;"CE01    ";"CENCOSUD S.A.                                     ";SAN LORENZO 4153;952894;"70-131         ";70-131 - BIDE C.CERAM CR MALLORCA;100;100;100;23301897;100926132140128;182973988;;;;07/30/2031 00:00:00;5;13906587;10/09/2026 13:21:40;Maximiliano;Nievas;;;;;;Maximiliano Nievas;
14174430;10/09/2026 14:09:17;3;2;0001  215010-1;01;EASY 15-09;2091589;"CE01    ";"CENCOSUD S.A.                                     ";SAN LORENZO 4153;952894;"70-131         ";70-131 - BIDE C.CERAM CR MALLORCA;100;100;100;23301919;100926132151265;182974046;;;;07/30/2031 00:00:00;5;13906592;10/09/2026 13:21:51;Maximiliano;Nievas;;;;;;Maximiliano Nievas;
14174430;10/09/2026 14:09:17;3;2;0001  215010-1;01;EASY 15-09;2091589;"CE01    ";"CENCOSUD S.A.                                     ";SAN LORENZO 4153;952894;"70-131         ";70-131 - BIDE C.CERAM CR MALLORCA;100;100;100;23301926;100926132203334;182974109;;;;07/30/2031 00:00:00;5;13906604;10/09/2026 13:22:03;Maximiliano;Nievas;;;;;;Maximiliano Nievas;
14174430;10/09/2026 14:09:17;3;2;0001  215010-1;01;EASY 15-09;2091589;"CE01    ";"CENCOSUD S.A.                                     ";SAN LORENZO 4153;952894;"70-131         ";70-131 - BIDE C.CERAM CR MALLORCA;100;100;100;23301940;100926132213722;182974167;;;;07/30/2031 00:00:00;5;13906609;10/09/2026 13:22:13;Maximiliano;Nievas;;;;;;Maximiliano Nievas;
14174430;10/09/2026 14:09:17;3;2;0001  215010-1;01;EASY 15-09;2091589;"CE01    ";"CENCOSUD S.A.                                     ";SAN LORENZO 4153;952894;"70-131         ";70-131 - BIDE C.CERAM CR MALLORCA;100;100;100;23301943;100926132224688;182974229;;;;07/30/2031 00:00:00;5;13906619;10/09/2026 13:22:24;Maximiliano;Nievas;;;;;;Maximiliano Nievas;
14174430;10/09/2026 14:09:17;3;2;0001  215010-1;01;EASY 15-09;2091589;"CE01    ";"CENCOSUD S.A.                                     ";SAN LORENZO 4153;952894;"70-131         ";70-131 - BIDE C.CERAM CR MALLORCA;100;100;100;23301946;100926132234310;182974283;;;;07/30/2031 00:00:00;5;13906620;10/09/2026 13:22:34;Maximiliano;Nievas;;;;;;Maximiliano Nievas;
14174430;10/09/2026 14:09:17;3;2;0001  215010-1;01;EASY 15-09;2091589;"CE01    ";"CENCOSUD S.A.                                     ";SAN LORENZO 4153;952894;"70-131         ";70-131 - BIDE C.CERAM CR MALLORCA;100;100;100;23301948;100926132244266;182974340;;;;07/30/2031 00:00:00;5;13906630;10/09/2026 13:22:44;Maximiliano;Nievas;;;;;;Maximiliano Nievas;
14174430;10/09/2026 14:09:17;3;2;0001  215010-1;01;EASY 15-09;2091589;"CE01    ";"CENCOSUD S.A.                                     ";SAN LORENZO 4153;952894;"70-131         ";70-131 - BIDE C.CERAM CR MALLORCA;100;100;100;23301974;100926132300589;182974429;;;;07/30/2031 00:00:00;5;13906638;10/09/2026 13:23:00;Maximiliano;Nievas;;;;;;Maximiliano Nievas;
14174430;10/09/2026 14:09:17;3;2;0001  215010-1;01;EASY 15-09;2091589;"CE01    ";"CENCOSUD S.A.                                     ";SAN LORENZO 4153;952894;"70-131         ";70-131 - BIDE C.CERAM CR MALLORCA;100;100;100;23301979;100926132311678;182974491;;;;07/30/2031 00:00:00;5;13906645;10/09/2026 13:23:11;Maximiliano;Nievas;;;;;;Maximiliano Nievas;
14174430;10/09/2026 14:09:17;3;2;0001  215010-1;01;EASY 15-09;2091589;"CE01    ";"CENCOSUD S.A.                                     ";SAN LORENZO 4153;952894;"70-131         ";70-131 - BIDE C.CERAM CR MALLORCA;100;100;100;23302103;100926132548466;182975364;;;;07/30/2031 00:00:00;5;13906721;10/09/2026 13:25:48;Maximiliano;Nievas;;;;;;Maximiliano Nievas;
14174430;10/09/2026 14:09:17;3;2;0001  215010-1;01;EASY 15-09;2091589;"CE01    ";"CENCOSUD S.A.                                     ";SAN LORENZO 4153;952894;"70-131         ";70-131 - BIDE C.CERAM CR MALLORCA;100;100;100;23302113;100926132602475;182975445;;;;07/30/2031 00:00:00;5;13906731;10/09/2026 13:26:02;Maximiliano;Nievas;;;;;;Maximiliano Nievas;
14174430;10/09/2026 14:09:17;3;2;0001  215010-1;01;EASY 15-09;2091589;"CE01    ";"CENCOSUD S.A.                                     ";SAN LORENZO 4153;952894;"70-131         ";70-131 - BIDE C.CERAM CR MALLORCA;100;100;100;23302120;100926132617202;182975524;;;;07/30/2031 00:00:00;5;13906735;10/09/2026 13:26:17;Maximiliano;Nievas;;;;;;Maximiliano Nievas;
14174430;10/09/2026 14:09:17;3;2;0001  215010-1;01;EASY 15-09;2091589;"CE01    ";"CENCOSUD S.A.                                     ";SAN LORENZO 4153;952894;"70-131         ";70-131 - BIDE C.CERAM CR MALLORCA;100;100;100;23302131;100926132627292;182975583;;;;07/30/2031 00:00:00;5;13906742;10/09/2026 13:26:27;Maximiliano;Nievas;;;;;;Maximiliano Nievas;
14174430;10/09/2026 14:09:17;3;2;0001  215010-1;01;EASY 15-09;2091589;"CE01    ";"CENCOSUD S.A.                                     ";SAN LORENZO 4153;952894;"70-131         ";70-131 - BIDE C.CERAM CR MALLORCA;100;100;100;23302142;100926132641536;182845445;;;;07/30/2031 00:00:00;5;13906750;10/09/2026 13:26:41;Maximiliano;Nievas;;;;;;Maximiliano Nievas;
14174430;10/09/2026 14:09:17;3;2;0001  215010-1;01;EASY 15-09;2091589;"CE01    ";"CENCOSUD S.A.                                     ";SAN LORENZO 4153;960225;"70-122N        ";"BIDE BLACK C.CERAM VALENCIA                                           ";84;84;84;23302800;100926133900441;182980388;;;;10/08/2031 00:00:00;6;13907113;10/09/2026 13:39:00;Maximiliano;Nievas;;;;;;Maximiliano Nievas;
14174430;10/09/2026 14:09:17;3;2;0001  215010-1;01;EASY 15-09;2091589;"CE01    ";"CENCOSUD S.A.                                     ";SAN LORENZO 4153;960225;"70-122N        ";"BIDE BLACK C.CERAM VALENCIA                                           ";84;84;84;23302808;100926133911887;182980463;;;;10/08/2031 00:00:00;6;13907119;10/09/2026 13:39:11;Maximiliano;Nievas;;;;;;Maximiliano Nievas;
14174430;10/09/2026 14:09:17;3;2;0001  215010-1;01;EASY 15-09;2091589;"CE01    ";"CENCOSUD S.A.                                     ";SAN LORENZO 4153;960225;"70-122N        ";"BIDE BLACK C.CERAM VALENCIA                                           ";84;84;84;23302824;100926133923044;182980553;;;;10/08/2031 00:00:00;6;13907126;10/09/2026 13:39:23;Maximiliano;Nievas;;;;;;Maximiliano Nievas;
14174430;10/09/2026 14:09:17;3;2;0001  215010-1;01;EASY 15-09;2091589;"CE01    ";"CENCOSUD S.A.                                     ";SAN LORENZO 4153;960225;"70-122N        ";"BIDE BLACK C.CERAM VALENCIA                                           ";84;84;84;23302841;100926133933406;182980627;;;;10/08/2031 00:00:00;6;13907134;10/09/2026 13:39:33;Maximiliano;Nievas;;;;;;Maximiliano Nievas;
14174430;10/09/2026 14:09:17;3;2;0001  215010-1;01;EASY 15-09;2091589;"CE01    ";"CENCOSUD S.A.                                     ";SAN LORENZO 4153;960225;"70-122N        ";"BIDE BLACK C.CERAM VALENCIA                                           ";84;84;84;23302852;100926133944700;182980715;;;;10/08/2031 00:00:00;6;13907143;10/09/2026 13:39:44;Maximiliano;Nievas;;;;;;Maximiliano Nievas;
14174430;10/09/2026 14:09:17;3;2;0001  215010-1;01;EASY 15-09;2091589;"CE01    ";"CENCOSUD S.A.                                     ";SAN LORENZO 4153;960225;"70-122N        ";"BIDE BLACK C.CERAM VALENCIA                                           ";84;84;84;23302863;100926134002768;182980844;;;;10/08/2031 00:00:00;6;13907157;10/09/2026 13:40:02;Maximiliano;Nievas;;;;;;Maximiliano Nievas;
14174430;10/09/2026 14:09:17;3;2;0001  215010-1;01;EASY 15-09;2091589;"CE01    ";"CENCOSUD S.A.                                     ";SAN LORENZO 4153;960225;"70-122N        ";"BIDE BLACK C.CERAM VALENCIA                                           ";84;84;84;23302868;100926134013913;182980912;;;;10/08/2031 00:00:00;6;13907166;10/09/2026 13:40:13;Maximiliano;Nievas;;;;;;Maximiliano Nievas;
14174430;10/09/2026 14:09:17;3;2;0001  215010-1;01;EASY 15-09;2091589;"CE01    ";"CENCOSUD S.A.                                     ";SAN LORENZO 4153;960225;"70-122N        ";"BIDE BLACK C.CERAM VALENCIA                                           ";84;84;84;23302882;100926134028145;182981003;;;;10/08/2031 00:00:00;6;13907174;10/09/2026 13:40:28;Maximiliano;Nievas;;;;;;Maximiliano Nievas;
14174430;10/09/2026 14:09:17;3;2;0001  215010-1;01;EASY 15-09;2091589;"CE01    ";"CENCOSUD S.A.                                     ";SAN LORENZO 4153;960225;"70-122N        ";"BIDE BLACK C.CERAM VALENCIA                                           ";84;84;84;23302888;100926134038982;182981091;;;;10/08/2031 00:00:00;6;13907181;10/09/2026 13:40:38;Maximiliano;Nievas;;;;;;Maximiliano Nievas;
14174430;10/09/2026 14:09:17;3;2;0001  215010-1;01;EASY 15-09;2091589;"CE01    ";"CENCOSUD S.A.                                     ";SAN LORENZO 4153;960225;"70-122N        ";"BIDE BLACK C.CERAM VALENCIA                                           ";84;84;84;23302897;100926134055607;182981192;;;;10/08/2031 00:00:00;6;13907188;10/09/2026 13:40:55;Maximiliano;Nievas;;;;;;Maximiliano Nievas;
14174430;10/09/2026 14:09:17;3;2;0001  215010-1;01;EASY 15-09;2091589;"CE01    ";"CENCOSUD S.A.                                     ";SAN LORENZO 4153;960225;"70-122N        ";"BIDE BLACK C.CERAM VALENCIA                                           ";84;84;84;23302954;100926134221486;182981844;;;;10/08/2031 00:00:00;6;13907230;10/09/2026 13:42:21;Maximiliano;Nievas;;;;;;Maximiliano Nievas;
14174430;10/09/2026 14:09:17;3;2;0001  215010-1;01;EASY 15-09;2091589;"CE01    ";"CENCOSUD S.A.                                     ";SAN LORENZO 4153;960225;"70-122N        ";"BIDE BLACK C.CERAM VALENCIA                                           ";84;84;84;23302962;100926134230818;182981917;;;;10/08/2031 00:00:00;6;13907236;10/09/2026 13:42:30;Maximiliano;Nievas;;;;;;Maximiliano Nievas;
14174430;10/09/2026 14:09:17;3;2;0001  215010-1;01;EASY 15-09;2091589;"CE01    ";"CENCOSUD S.A.                                     ";SAN LORENZO 4153;960225;"70-122N        ";"BIDE BLACK C.CERAM VALENCIA                                           ";84;84;84;23302976;100926134241566;182981997;;;;10/08/2031 00:00:00;6;13907242;10/09/2026 13:42:41;Maximiliano;Nievas;;;;;;Maximiliano Nievas;
14174430;10/09/2026 14:09:17;3;2;0001  215010-1;01;EASY 15-09;2091589;"CE01    ";"CENCOSUD S.A.                                     ";SAN LORENZO 4153;960225;"70-122N        ";"BIDE BLACK C.CERAM VALENCIA                                           ";84;84;84;23302985;100926134252279;182847619;;;;10/08/2031 00:00:00;6;13907255;10/09/2026 13:42:52;Maximiliano;Nievas;;;;;;Maximiliano Nievas;
14174430;10/09/2026 14:09:17;3;2;0001  215010-1;01;EASY 15-09;2091589;"CE01    ";"CENCOSUD S.A.                                     ";SAN LORENZO 4153;952864;"70-059LT       ";"BIDE BL/CR C.STD MALBA LITE                                           ";70;70;70;23303103;100926134528589;182983171;;;;12/10/2031 00:00:00;5;13907341;10/09/2026 13:45:28;Maximiliano;Nievas;;;;;;Maximiliano Nievas;
14174430;10/09/2026 14:09:17;3;2;0001  215010-1;01;EASY 15-09;2091589;"CE01    ";"CENCOSUD S.A.                                     ";SAN LORENZO 4153;952864;"70-059LT       ";"BIDE BL/CR C.STD MALBA LITE                                           ";70;70;70;23303119;100926134540350;182983253;;;;12/10/2031 00:00:00;5;13907346;10/09/2026 13:45:40;Maximiliano;Nievas;;;;;;Maximiliano Nievas;
14174430;10/09/2026 14:09:17;3;2;0001  215010-1;01;EASY 15-09;2091589;"CE01    ";"CENCOSUD S.A.                                     ";SAN LORENZO 4153;952864;"70-059LT       ";"BIDE BL/CR C.STD MALBA LITE                                           ";70;70;70;23303151;100926134552889;182983346;;;;12/10/2031 00:00:00;5;13907353;10/09/2026 13:45:52;Maximiliano;Nievas;;;;;;Maximiliano Nievas;
14174430;10/09/2026 14:09:17;3;2;0001  215010-1;01;EASY 15-09;2091589;"CE01    ";"CENCOSUD S.A.                                     ";SAN LORENZO 4153;952864;"70-059LT       ";"BIDE BL/CR C.STD MALBA LITE                                           ";70;70;70;23303170;100926134615089;182983506;;;;12/10/2031 00:00:00;5;13907366;10/09/2026 13:46:15;Maximiliano;Nievas;;;;;;Maximiliano Nievas;
14174430;10/09/2026 14:09:17;3;2;0001  215010-1;01;EASY 15-09;2091589;"CE01    ";"CENCOSUD S.A.                                     ";SAN LORENZO 4153;952864;"70-059LT       ";"BIDE BL/CR C.STD MALBA LITE                                           ";70;70;70;23303258;100926134753215;182984235;;;;12/10/2031 00:00:00;5;13907424;10/09/2026 13:47:53;Maximiliano;Nievas;;;;;;Maximiliano Nievas;
14174430;10/09/2026 14:09:17;3;2;0001  215010-1;01;EASY 15-09;2091589;"CE01    ";"CENCOSUD S.A.                                     ";SAN LORENZO 4153;952864;"70-059LT       ";"BIDE BL/CR C.STD MALBA LITE                                           ";70;70;70;23303276;100926134814595;182984410;;;;12/10/2031 00:00:00;5;13907434;10/09/2026 13:48:14;Maximiliano;Nievas;;;;;;Maximiliano Nievas;
14174430;10/09/2026 14:09:17;3;2;0001  215010-1;01;EASY 15-09;2091589;"CE01    ";"CENCOSUD S.A.                                     ";SAN LORENZO 4153;952864;"70-059LT       ";"BIDE BL/CR C.STD MALBA LITE                                           ";70;70;70;23303334;100926134938000;182985132;;;;12/10/2031 00:00:00;5;13907471;10/09/2026 13:49:38;Maximiliano;Nievas;;;;;;Maximiliano Nievas;
14174430;10/09/2026 14:09:17;3;2;0001  215010-1;01;EASY 15-09;2091589;"CE01    ";"CENCOSUD S.A.                                     ";SAN LORENZO 4153;952864;"70-059LT       ";"BIDE BL/CR C.STD MALBA LITE                                           ";70;70;70;23303349;100926134954780;182985361;;;;12/10/2031 00:00:00;5;13907483;10/09/2026 13:49:54;Maximiliano;Nievas;;;;;;Maximiliano Nievas;
14174430;10/09/2026 14:09:17;3;2;0001  215010-1;01;EASY 15-09;2091589;"CE01    ";"CENCOSUD S.A.                                     ";SAN LORENZO 4153;952864;"70-059LT       ";"BIDE BL/CR C.STD MALBA LITE                                           ";70;70;70;23303357;100926135005213;182985445;;;;12/10/2031 00:00:00;5;13907492;10/09/2026 13:50:05;Maximiliano;Nievas;;;;;;Maximiliano Nievas;
14174430;10/09/2026 14:09:17;3;2;0001  215010-1;01;EASY 15-09;2091589;"CE01    ";"CENCOSUD S.A.                                     ";SAN LORENZO 4153;952864;"70-059LT       ";"BIDE BL/CR C.STD MALBA LITE                                           ";70;70;70;23303368;100926135016772;182985533;;;;12/10/2031 00:00:00;5;13907502;10/09/2026 13:50:16;Maximiliano;Nievas;;;;;;Maximiliano Nievas;
14174430;10/09/2026 14:09:17;3;2;0001  215010-1;01;EASY 15-09;2091589;"CE01    ";"CENCOSUD S.A.                                     ";SAN LORENZO 4153;952864;"70-059LT       ";"BIDE BL/CR C.STD MALBA LITE                                           ";70;70;70;23303386;100926135027551;182985610;;;;12/10/2031 00:00:00;5;13907508;10/09/2026 13:50:27;Maximiliano;Nievas;;;;;;Maximiliano Nievas;
14174430;10/09/2026 14:09:17;3;2;0001  215010-1;01;EASY 15-09;2091589;"CE01    ";"CENCOSUD S.A.                                     ";SAN LORENZO 4153;952864;"70-059LT       ";"BIDE BL/CR C.STD MALBA LITE                                           ";70;70;70;23303396;100926135039014;182985710;;;;12/10/2031 00:00:00;5;13907513;10/09/2026 13:50:39;Maximiliano;Nievas;;;;;;Maximiliano Nievas;
14174430;10/09/2026 14:09:17;3;2;0001  215010-1;01;EASY 15-09;2091589;"CE01    ";"CENCOSUD S.A.                                     ";SAN LORENZO 4153;952864;"70-059LT       ";"BIDE BL/CR C.STD MALBA LITE                                           ";70;70;70;23303400;100926135050516;182985798;;;;12/10/2031 00:00:00;5;13907518;10/09/2026 13:50:50;Maximiliano;Nievas;;;;;;Maximiliano Nievas;
14174431;11/09/2026 07:39:54;3;2;0001  215029-1;01;EASY 15-09;2091589;"CE01    ";"CENCOSUD S.A.                                     ";SAN LORENZO 4153;952679;"60-205         ";60-205 - LAVATORIO MONOC BAJO STEEL;271;271;271;23284266;110926073946758;182852382;;;;07/27/2031 00:00:00;271;13917558;11/09/2026 07:39:46;Gustavo;Soderquvist;24561684;10/09/2026 07:51:51;7152;Mirko;Hernandez;Gustavo Soderquvist;Mirko Hernandez
14174432;11/09/2026 06:28:57;3;2;0001  215049-1;01;EASY 15-09;2091589;"CE01    ";"CENCOSUD S.A.                                     ";SAN LORENZO 4153;952834;"70-013         ";70-013 - BIDE CR SEVILLA;40;40;40;23283813;110926062857494;182849761;;;;12/07/2031 00:00:00;40;13916903;11/09/2026 06:28:57;Maximiliano;Nievas;24561223;10/09/2026 07:19:55;7152;Mirko;Hernandez;Maximiliano Nievas;Mirko Hernandez
14174432;11/09/2026 06:28:57;3;2;0001  215049-1;01;EASY 15-09;2091589;"CE01    ";"CENCOSUD S.A.                                     ";SAN LORENZO 4153;952554;"60-013         ";60-013 - LAVATORIO CR SEVILLA;30;30;30;23283813;110926062857494;182850151;;;;12/07/2031 00:00:00;30;13916903;11/09/2026 06:28:57;Maximiliano;Nievas;24561223;10/09/2026 07:19:55;7152;Mirko;Hernandez;Maximiliano Nievas;Mirko Hernandez
14174432;11/09/2026 06:28:57;3;2;0001  215049-1;01;EASY 15-09;2091589;"CE01    ";"CENCOSUD S.A.                                     ";SAN LORENZO 4153;951748;"3006           ";3006 - SET DE 6 PIEZAS LINEA 3000;113;113;113;23284191;100926161740601;182851576;;;;07/29/2031 00:00:00;3;13912259;10/09/2026 16:17:40;Gustavo;Soderquvist;24561596;10/09/2026 07:43:10;6415;Gustavo;Soderquvist;Gustavo Soderquvist;Gustavo Soderquvist
14174432;11/09/2026 06:28:57;3;2;0001  215049-1;01;EASY 15-09;2091589;"CE01    ";"CENCOSUD S.A.                                     ";SAN LORENZO 4153;954649;"A814           ";A814 - DUCHA C/BRAZO Y CAMPANA CR;270;270;270;23284191;100926161740601;182854654;;;;08/13/2031 00:00:00;110;13912259;10/09/2026 16:17:40;Gustavo;Soderquvist;24561596;10/09/2026 07:43:10;6415;Gustavo;Soderquvist;Gustavo Soderquvist;Gustavo Soderquvist
14174432;11/09/2026 06:28:57;3;2;0001  215049-1;01;EASY 15-09;2091589;"CE01    ";"CENCOSUD S.A.                                     ";SAN LORENZO 4153;954650;"A815           ";"A815 - DUCHA 8"" C/BRAZO Y CAMPANA CR";70;70;70;23284191;100926161740601;182853164;;;;07/28/2031 00:00:00;50;13912259;10/09/2026 16:17:40;Gustavo;Soderquvist;24561596;10/09/2026 07:43:10;6415;Gustavo;Soderquvist;Gustavo Soderquvist;Gustavo Soderquvist
14174432;11/09/2026 06:28:57;3;2;0001  215049-1;01;EASY 15-09;2091589;"CE01    ";"CENCOSUD S.A.                                     ";SAN LORENZO 4153;954651;"A816           ";"A816 - DUCHA 6"" C/BRAZO Y CAMPANA CR";140;140;140;23284191;100926161740601;182853526;;;;07/27/2031 00:00:00;140;13912259;10/09/2026 16:17:40;Gustavo;Soderquvist;24561596;10/09/2026 07:43:10;6415;Gustavo;Soderquvist;Gustavo Soderquvist;Gustavo Soderquvist
14174432;11/09/2026 06:28:57;3;2;0001  215049-1;01;EASY 15-09;2091589;"CE01    ";"CENCOSUD S.A.                                     ";SAN LORENZO 4153;954656;"A819           ";A819 - DUCHADOR ANTICALCAREO C/FLEXIBLE Y SOPORTE;67;67;67;23284191;100926161740601;182852608;;;;07/27/2031 00:00:00;67;13912259;10/09/2026 16:17:40;Gustavo;Soderquvist;24561596;10/09/2026 07:43:10;6415;Gustavo;Soderquvist;Gustavo Soderquvist;Gustavo Soderquvist
14174432;11/09/2026 06:28:57;3;2;0001  215049-1;01;EASY 15-09;2091589;"CE01    ";"CENCOSUD S.A.                                     ";SAN LORENZO 4153;954648;"A813           ";A813 - DUCHA C/BRAZO Y CAMPANA CR 3 FUNCIONES;238;238;238;23311233;100926161348210;182854403;;;;07/27/2031 00:00:00;238;13912306;10/09/2026 16:13:48;Gustavo;Soderquvist;;;;;;Gustavo Soderquvist;
14174432;11/09/2026 06:28:57;3;2;0001  215049-1;01;EASY 15-09;2091589;"CE01    ";"CENCOSUD S.A.                                     ";SAN LORENZO 4153;954649;"A814           ";A814 - DUCHA C/BRAZO Y CAMPANA CR;270;270;270;23311233;100926161348210;183054008;;;;08/13/2031 00:00:00;160;13912306;10/09/2026 16:13:48;Gustavo;Soderquvist;;;;;;Gustavo Soderquvist;
14174432;11/09/2026 06:28:57;3;2;0001  215049-1;01;EASY 15-09;2091589;"CE01    ";"CENCOSUD S.A.                                     ";SAN LORENZO 4153;954678;"A842           ";A842 - DUCHADOR ANTICALCAREO 5 FUNCIONES C/SOPORTE Y FLEX;120;120;120;23311233;100926161348210;182852419;;;;07/28/2031 00:00:00;120;13912306;10/09/2026 16:13:48;Gustavo;Soderquvist;;;;;;Gustavo Soderquvist;
14174432;11/09/2026 06:28:57;3;2;0001  215049-1;01;EASY 15-09;2091589;"CE01    ";"CENCOSUD S.A.                                     ";SAN LORENZO 4153;954679;"A843           ";A843 - DUCHADOR ANTICALCAREO 5F C/BARRAL,SOP,FLEX,JABONER;20;20;20;23311326;100926161549656;182851788;;;;07/28/2031 00:00:00;20;13912374;10/09/2026 16:15:49;Gustavo;Soderquvist;;;;;;Gustavo Soderquvist;
14174432;11/09/2026 06:28:57;3;2;0001  215049-1;01;EASY 15-09;2091589;"CE01    ";"CENCOSUD S.A.                                     ";SAN LORENZO 4153;954650;"A815           ";"A815 - DUCHA 8"" C/BRAZO Y CAMPANA CR";70;70;70;23311326;100926161549656;183054851;;;;07/28/2031 00:00:00;20;13912374;10/09/2026 16:15:49;Gustavo;Soderquvist;;;;;;Gustavo Soderquvist;
14174432;11/09/2026 06:28:57;3;2;0001  215049-1;01;EASY 15-09;2091589;"CE01    ";"CENCOSUD S.A.                                     ";SAN LORENZO 4153;951748;"3006           ";3006 - SET DE 6 PIEZAS LINEA 3000;113;113;113;23311326;100926161549656;183054850;;;;07/29/2031 00:00:00;110;13912374;10/09/2026 16:15:49;Gustavo;Soderquvist;;;;;;Gustavo Soderquvist;
14174433;11/09/2026 10:11:14;3;2;0001  215009-1;01;EASY 15-09;2091589;"CE01    ";"CENCOSUD S.A.                                     ";SAN LORENZO 4153;952679;"60-205         ";60-205 - LAVATORIO MONOC BAJO STEEL;36;36;36;23283273;110926101054518;182854306;;;;07/28/2031 00:00:00;6;13920843;11/09/2026 10:10:54;Gustavo;Soderquvist;24560477;10/09/2026 07:44:21;6414;Agustin;Scirica;Gustavo Soderquvist;Agustin Scirica
14174433;11/09/2026 10:11:14;3;2;0001  215009-1;01;EASY 15-09;2091589;"CE01    ";"CENCOSUD S.A.                                     ";SAN LORENZO 4153;951529;"20-140N        ";20-140N - MONOCOMANDO DE COCINA LINEA CUINA BLACK;35;35;35;23283273;110926101054518;182845764;;;;07/29/2031 00:00:00;35;13920843;11/09/2026 10:10:54;Gustavo;Soderquvist;24560477;10/09/2026 07:44:21;6414;Agustin;Scirica;Gustavo Soderquvist;Agustin Scirica
14174433;11/09/2026 10:11:14;3;2;0001  215009-1;01;EASY 15-09;2091589;"CE01    ";"CENCOSUD S.A.                                     ";SAN LORENZO 4153;952585;"60-059LT       ";"LAVATORIO BL/CR C.STD MALBA LITE                                      ";60;60;60;23284198;100926141052140;182852274;;;;01/18/2032 00:00:00;60;13908097;10/09/2026 14:10:52;Gustavo;Soderquvist;24561603;10/09/2026 07:30:12;6419;Tiago;Rodriguez;Gustavo Soderquvist;Tiago Rodriguez
14174433;11/09/2026 10:11:14;3;2;0001  215009-1;01;EASY 15-09;2091589;"CE01    ";"CENCOSUD S.A.                                     ";SAN LORENZO 4153;954921;"BCH18          ";BCH18 - BACHA DE APOYAR SIMIL MARMOL 460x320x140;3;3;3;23285087;110926101113409;182858013;;;;10/04/2031 00:00:00;3;13921169;11/09/2026 10:11:13;Gustavo;Soderquvist;24562459;10/09/2026 08:01:32;7152;Mirko;Hernandez;Gustavo Soderquvist;Mirko Hernandez
14174433;11/09/2026 10:11:14;3;2;0001  215009-1;01;EASY 15-09;2091589;"CE01    ";"CENCOSUD S.A.                                     ";SAN LORENZO 4153;951326;"19020          ";19020 - TOALLERO DE ARO LINEA 19000;6;6;6;23326920;110926100727885;182848214;;;;07/29/2031 00:00:00;6;13921074;11/09/2026 10:07:28;Gustavo;Soderquvist;;;;;;Gustavo Soderquvist;
14174433;11/09/2026 10:11:14;3;2;0001  215009-1;01;EASY 15-09;2091589;"CE01    ";"CENCOSUD S.A.                                     ";SAN LORENZO 4153;951329;"19050          ";19050 - JABONERA LINEA 19000;6;6;6;23326920;110926100727885;182849180;;;;11/10/2031 00:00:00;6;13921074;11/09/2026 10:07:28;Gustavo;Soderquvist;;;;;;Gustavo Soderquvist;
14174433;11/09/2026 10:11:14;3;2;0001  215009-1;01;EASY 15-09;2091589;"CE01    ";"CENCOSUD S.A.                                     ";SAN LORENZO 4153;952679;"60-205         ";60-205 - LAVATORIO MONOC BAJO STEEL;36;36;36;23326920;110926100727885;183168980;;;;07/28/2031 00:00:00;30;13921074;11/09/2026 10:07:28;Gustavo;Soderquvist;;;;;;Gustavo Soderquvist;
14174433;11/09/2026 10:11:14;3;2;0001  215009-1;01;EASY 15-09;2091589;"CE01    ";"CENCOSUD S.A.                                     ";SAN LORENZO 4153;952728;"61-205         ";61-205 - LAVATORIO MONOC ALTO STEEL;19;19;19;23326920;110926100727885;182854294;;;;07/28/2031 00:00:00;19;13921074;11/09/2026 10:07:28;Gustavo;Soderquvist;;;;;;Gustavo Soderquvist;
14174433;11/09/2026 10:11:14;3;2;0001  215009-1;01;EASY 15-09;2091589;"CE01    ";"CENCOSUD S.A.                                     ";SAN LORENZO 4153;953161;"80-205         ";80-205 - DUCHA EMB. C/TRANSF. MONOC STEEL;59;59;59;23326920;110926100727885;182846802;;;;08/11/2031 00:00:00;59;13921074;11/09/2026 10:07:28;Gustavo;Soderquvist;;;;;;Gustavo Soderquvist;
14174433;11/09/2026 10:11:14;3;2;0001  215009-1;01;EASY 15-09;2091589;"CE01    ";"CENCOSUD S.A.                                     ";SAN LORENZO 4153;953320;"83-203         ";83-203 - DUCHA EXT C/TRANSF. MONOCOMANDO ADRA;44;44;44;23326920;110926100727885;182849853;;;;07/29/2031 00:00:00;44;13921074;11/09/2026 10:07:28;Gustavo;Soderquvist;;;;;;Gustavo Soderquvist;
14174433;11/09/2026 10:11:14;3;2;0001  215009-1;01;EASY 15-09;2091589;"CE01    ";"CENCOSUD S.A.                                     ";SAN LORENZO 4153;953322;"83-205         ";83-205 - DUCHA EXT C/TRANSF MONOC STEEL PICO CURVO;39;39;39;23326920;110926100727885;182847439;;;;07/27/2031 00:00:00;39;13921074;11/09/2026 10:07:28;Gustavo;Soderquvist;;;;;;Gustavo Soderquvist;
14174493;14/09/2026 10:04:20;3;2;0001  215001-1;01;EASY 16-09;2091589;"CE01    ";"CENCOSUD S.A.                                     ";SAN LORENZO 4153;952481;"53-023         ";53-023 - COCINA PARED EXT. P.ALTO BL/CR ARES PLUS;10;10;10;23339320;140926091842194;183264399;;;;11/26/2031 00:00:00;10;13944067;14/09/2026 09:18:42;Maximiliano;Nievas;24614820;12/09/2026 06:30:39;7807;Nicolas;Perez;Maximiliano Nievas;Nicolas Perez
14174493;14/09/2026 10:04:20;3;2;0001  215001-1;01;EASY 16-09;2091589;"CE01    ";"CENCOSUD S.A.                                     ";SAN LORENZO 4153;952554;"60-013         ";60-013 - LAVATORIO CR SEVILLA;50;50;50;23339320;140926091842194;183357709;;;;12/07/2031 00:00:00;50;13944067;14/09/2026 09:18:42;Maximiliano;Nievas;24614820;12/09/2026 06:30:39;7807;Nicolas;Perez;Maximiliano Nievas;Nicolas Perez
14174493;14/09/2026 10:04:20;3;2;0001  215001-1;01;EASY 16-09;2091589;"CE01    ";"CENCOSUD S.A.                                     ";SAN LORENZO 4153;952562;"60-023         ";60-023 - LAVATORIO BL/CR ARES PLUS;40;40;40;23339320;140926091842194;183262446;;;;10/19/2031 00:00:00;40;13944067;14/09/2026 09:18:42;Maximiliano;Nievas;24614820;12/09/2026 06:30:39;7807;Nicolas;Perez;Maximiliano Nievas;Nicolas Perez
14174493;14/09/2026 10:04:20;3;2;0001  215001-1;01;EASY 16-09;2091589;"CE01    ";"CENCOSUD S.A.                                     ";SAN LORENZO 4153;952834;"70-013         ";70-013 - BIDE CR SEVILLA;40;40;40;23339320;140926091842194;183269690;;;;12/07/2031 00:00:00;40;13944067;14/09/2026 09:18:42;Maximiliano;Nievas;24614820;12/09/2026 06:30:39;7807;Nicolas;Perez;Maximiliano Nievas;Nicolas Perez
14174493;14/09/2026 10:04:20;3;2;0001  215001-1;01;EASY 16-09;2091589;"CE01    ";"CENCOSUD S.A.                                     ";SAN LORENZO 4153;952841;"70-023         ";70-023 - BIDE BL/CR ARES PLUS;80;80;80;23339320;140926091842194;183263534;;;;10/08/2031 00:00:00;80;13944067;14/09/2026 09:18:42;Maximiliano;Nievas;24614820;12/09/2026 06:30:39;7807;Nicolas;Perez;Maximiliano Nievas;Nicolas Perez
14174493;14/09/2026 10:04:20;3;2;0001  215001-1;01;EASY 16-09;2091589;"CE01    ";"CENCOSUD S.A.                                     ";SAN LORENZO 4153;953031;"80-013         ";80-013 - DUCHA EMB. C/TRANSF. CR SEVILLA;70;70;70;23339320;140926091842194;183357493;;;;07/27/2031 00:00:00;70;13944067;14/09/2026 09:18:42;Maximiliano;Nievas;24614820;12/09/2026 06:30:39;7807;Nicolas;Perez;Maximiliano Nievas;Nicolas Perez
14174493;14/09/2026 10:04:20;3;2;0001  215001-1;01;EASY 16-09;2091589;"CE01    ";"CENCOSUD S.A.                                     ";SAN LORENZO 4153;953038;"80-023         ";80-023 - DUCHA EMB. C/TRANSF. BL/CR ARES PLUS;40;40;40;23339320;140926091842194;183266612;;;;07/31/2031 00:00:00;40;13944067;14/09/2026 09:18:42;Maximiliano;Nievas;24614820;12/09/2026 06:30:39;7807;Nicolas;Perez;Maximiliano Nievas;Nicolas Perez
14174493;14/09/2026 10:04:20;3;2;0001  215001-1;01;EASY 16-09;2091589;"CE01    ";"CENCOSUD S.A.                                     ";SAN LORENZO 4153;954678;"A842           ";A842 - DUCHADOR ANTICALCAREO 5 FUNCIONES C/SOPORTE Y FLEX;8;8;8;23340054;140926100420513;183271419;;;;07/28/2031 00:00:00;8;13946079;14/09/2026 10:04:20;Gustavo;Soderquvist;24615776;11/09/2026 14:44:20;7152;Mirko;Hernandez;Gustavo Soderquvist;Mirko Hernandez
14174493;14/09/2026 10:04:20;3;2;0001  215001-1;01;EASY 16-09;2091589;"CE01    ";"CENCOSUD S.A.                                     ";SAN LORENZO 4153;954651;"A816           ";"A816 - DUCHA 6"" C/BRAZO Y CAMPANA CR";4;4;4;23340054;140926100420513;183271841;;;;07/27/2031 00:00:00;4;13946079;14/09/2026 10:04:20;Gustavo;Soderquvist;24615776;11/09/2026 14:44:20;7152;Mirko;Hernandez;Gustavo Soderquvist;Mirko Hernandez
14174493;14/09/2026 10:04:20;3;2;0001  215001-1;01;EASY 16-09;2091589;"CE01    ";"CENCOSUD S.A.                                     ";SAN LORENZO 4153;954648;"A813           ";A813 - DUCHA C/BRAZO Y CAMPANA CR 3 FUNCIONES;14;14;14;23340054;140926100420513;183272414;;;;07/27/2031 00:00:00;14;13946079;14/09/2026 10:04:20;Gustavo;Soderquvist;24615776;11/09/2026 14:44:20;7152;Mirko;Hernandez;Gustavo Soderquvist;Mirko Hernandez
14174494;14/09/2026 12:38:38;3;2;0001  215003-1;01;EASY 16-09;2091589;"CE01    ";"CENCOSUD S.A.                                     ";SAN LORENZO 4153;951535;"20-160         ";20-160 - MONOCOMANDO MESADA COCINA DIQUE;16;16;16;23350907;140926033838199;183360160;;;;07/28/2031 00:00:00;16;13950775;14/09/2026 12:38:38;Mirko;Hernandez;24627075;12/09/2026 08:07:45;7152;Mirko;Hernandez;Mirko Hernandez;Mirko Hernandez
14174494;14/09/2026 12:38:38;3;2;0001  215003-1;01;EASY 16-09;2091589;"CE01    ";"CENCOSUD S.A.                                     ";SAN LORENZO 4153;951528;"20-140         ";20-140 - MONOCOMANDO DE COCINA LINEA CUINA;70;70;70;23350907;140926033838199;183359160;;;;10/07/2031 00:00:00;70;13950775;14/09/2026 12:38:38;Mirko;Hernandez;24627075;12/09/2026 08:07:45;7152;Mirko;Hernandez;Mirko Hernandez;Mirko Hernandez
14174494;14/09/2026 12:38:38;3;2;0001  215003-1;01;EASY 16-09;2091589;"CE01    ";"CENCOSUD S.A.                                     ";SAN LORENZO 4153;952622;"60-138         ";60-138 - LAVATORIO C.CERAM CR VALENCIA PLUS;40;40;40;23352108;140926084936284;183368838;;;;10/08/2031 00:00:00;5;13942566;14/09/2026 08:49:36;Tiago;Rodriguez;24628428;12/09/2026 09:11:33;6584;Luis Alberto;Villareal;Tiago Rodriguez;Luis Alberto Villareal
14174494;14/09/2026 12:38:38;3;2;0001  215003-1;01;EASY 16-09;2091589;"CE01    ";"CENCOSUD S.A.                                     ";SAN LORENZO 4153;953091;"80-138         ";80-138 - DUCHA EMB. C/TRANSF. CR C.CERAM VALENCIA PLUS;56;56;56;23361434;140926070420715;183437109;;;;01/14/2032 00:00:00;4;13942567;14/09/2026 07:04:20;Tiago;Rodriguez;;;;;;Tiago Rodriguez;
14174494;14/09/2026 12:38:38;3;2;0001  215003-1;01;EASY 16-09;2091589;"CE01    ";"CENCOSUD S.A.                                     ";SAN LORENZO 4153;953091;"80-138         ";80-138 - DUCHA EMB. C/TRANSF. CR C.CERAM VALENCIA PLUS;56;56;56;23361456;140926070455537;183437169;;;;01/14/2032 00:00:00;4;13942572;14/09/2026 07:04:55;Tiago;Rodriguez;;;;;;Tiago Rodriguez;
14174494;14/09/2026 12:38:38;3;2;0001  215003-1;01;EASY 16-09;2091589;"CE01    ";"CENCOSUD S.A.                                     ";SAN LORENZO 4153;953091;"80-138         ";80-138 - DUCHA EMB. C/TRANSF. CR C.CERAM VALENCIA PLUS;56;56;56;23361464;140926070518136;183437206;;;;01/14/2032 00:00:00;4;13942573;14/09/2026 07:05:18;Tiago;Rodriguez;;;;;;Tiago Rodriguez;
14174494;14/09/2026 12:38:38;3;2;0001  215003-1;01;EASY 16-09;2091589;"CE01    ";"CENCOSUD S.A.                                     ";SAN LORENZO 4153;953091;"80-138         ";80-138 - DUCHA EMB. C/TRANSF. CR C.CERAM VALENCIA PLUS;56;56;56;23361472;140926070539243;183437241;;;;01/14/2032 00:00:00;4;13942575;14/09/2026 07:05:39;Tiago;Rodriguez;;;;;;Tiago Rodriguez;
14174494;14/09/2026 12:38:38;3;2;0001  215003-1;01;EASY 16-09;2091589;"CE01    ";"CENCOSUD S.A.                                     ";SAN LORENZO 4153;953091;"80-138         ";80-138 - DUCHA EMB. C/TRANSF. CR C.CERAM VALENCIA PLUS;56;56;56;23361476;140926070600325;183437281;;;;01/14/2032 00:00:00;4;13942578;14/09/2026 07:06:00;Tiago;Rodriguez;;;;;;Tiago Rodriguez;
14174494;14/09/2026 12:38:38;3;2;0001  215003-1;01;EASY 16-09;2091589;"CE01    ";"CENCOSUD S.A.                                     ";SAN LORENZO 4153;953091;"80-138         ";80-138 - DUCHA EMB. C/TRANSF. CR C.CERAM VALENCIA PLUS;56;56;56;23361481;140926070620896;183437323;;;;01/14/2032 00:00:00;4;13942579;14/09/2026 07:06:20;Tiago;Rodriguez;;;;;;Tiago Rodriguez;
14174494;14/09/2026 12:38:38;3;2;0001  215003-1;01;EASY 16-09;2091589;"CE01    ";"CENCOSUD S.A.                                     ";SAN LORENZO 4153;953091;"80-138         ";80-138 - DUCHA EMB. C/TRANSF. CR C.CERAM VALENCIA PLUS;56;56;56;23361489;140926070640327;183437359;;;;01/14/2032 00:00:00;4;13942581;14/09/2026 07:06:40;Tiago;Rodriguez;;;;;;Tiago Rodriguez;
14174494;14/09/2026 12:38:38;3;2;0001  215003-1;01;EASY 16-09;2091589;"CE01    ";"CENCOSUD S.A.                                     ";SAN LORENZO 4153;953091;"80-138         ";80-138 - DUCHA EMB. C/TRANSF. CR C.CERAM VALENCIA PLUS;56;56;56;23361497;140926070659443;183437393;;;;01/14/2032 00:00:00;4;13942583;14/09/2026 07:06:59;Tiago;Rodriguez;;;;;;Tiago Rodriguez;
14174494;14/09/2026 12:38:38;3;2;0001  215003-1;01;EASY 16-09;2091589;"CE01    ";"CENCOSUD S.A.                                     ";SAN LORENZO 4153;953091;"80-138         ";80-138 - DUCHA EMB. C/TRANSF. CR C.CERAM VALENCIA PLUS;56;56;56;23361537;140926070852871;183437690;;;;01/14/2032 00:00:00;4;13942599;14/09/2026 07:08:52;Tiago;Rodriguez;;;;;;Tiago Rodriguez;
14174494;14/09/2026 12:38:38;3;2;0001  215003-1;01;EASY 16-09;2091589;"CE01    ";"CENCOSUD S.A.                                     ";SAN LORENZO 4153;953091;"80-138         ";80-138 - DUCHA EMB. C/TRANSF. CR C.CERAM VALENCIA PLUS;56;56;56;23361544;140926070915086;183437766;;;;01/14/2032 00:00:00;4;13942602;14/09/2026 07:09:15;Tiago;Rodriguez;;;;;;Tiago Rodriguez;
14174494;14/09/2026 12:38:38;3;2;0001  215003-1;01;EASY 16-09;2091589;"CE01    ";"CENCOSUD S.A.                                     ";SAN LORENZO 4153;953091;"80-138         ";80-138 - DUCHA EMB. C/TRANSF. CR C.CERAM VALENCIA PLUS;56;56;56;23361570;140926070938012;183437822;;;;01/14/2032 00:00:00;4;13942605;14/09/2026 07:09:38;Tiago;Rodriguez;;;;;;Tiago Rodriguez;
14174494;14/09/2026 12:38:38;3;2;0001  215003-1;01;EASY 16-09;2091589;"CE01    ";"CENCOSUD S.A.                                     ";SAN LORENZO 4153;953091;"80-138         ";80-138 - DUCHA EMB. C/TRANSF. CR C.CERAM VALENCIA PLUS;56;56;56;23361581;140926070958781;183437881;;;;01/14/2032 00:00:00;4;13942608;14/09/2026 07:09:58;Tiago;Rodriguez;;;;;;Tiago Rodriguez;
14174494;14/09/2026 12:38:38;3;2;0001  215003-1;01;EASY 16-09;2091589;"CE01    ";"CENCOSUD S.A.                                     ";SAN LORENZO 4153;953091;"80-138         ";80-138 - DUCHA EMB. C/TRANSF. CR C.CERAM VALENCIA PLUS;56;56;56;23361616;140926071018978;183437994;;;;01/14/2032 00:00:00;4;13942611;14/09/2026 07:10:18;Tiago;Rodriguez;;;;;;Tiago Rodriguez;
14174494;14/09/2026 12:38:38;3;2;0001  215003-1;01;EASY 16-09;2091589;"CE01    ";"CENCOSUD S.A.                                     ";SAN LORENZO 4153;953091;"80-138         ";80-138 - DUCHA EMB. C/TRANSF. CR C.CERAM VALENCIA PLUS;56;56;56;23361640;140926071040952;183368733;;;;01/14/2032 00:00:00;4;13942615;14/09/2026 07:10:40;Tiago;Rodriguez;;;;;;Tiago Rodriguez;
14174494;14/09/2026 12:38:38;3;2;0001  215003-1;01;EASY 16-09;2091589;"CE01    ";"CENCOSUD S.A.                                     ";SAN LORENZO 4153;953389;"90-013         ";90-013 - PACK GRIF.CR SEVILLA (Lavatorio-Bide-Ducha c/t);52;52;52;23361703;140926071209399;183438403;;;;12/20/2031 00:00:00;4;13942629;14/09/2026 07:12:09;Tiago;Rodriguez;;;;;;Tiago Rodriguez;
14174494;14/09/2026 12:38:38;3;2;0001  215003-1;01;EASY 16-09;2091589;"CE01    ";"CENCOSUD S.A.                                     ";SAN LORENZO 4153;953389;"90-013         ";90-013 - PACK GRIF.CR SEVILLA (Lavatorio-Bide-Ducha c/t);52;52;52;23361730;140926071254987;183438544;;;;12/20/2031 00:00:00;4;13942637;14/09/2026 07:12:54;Tiago;Rodriguez;;;;;;Tiago Rodriguez;
14174494;14/09/2026 12:38:38;3;2;0001  215003-1;01;EASY 16-09;2091589;"CE01    ";"CENCOSUD S.A.                                     ";SAN LORENZO 4153;953389;"90-013         ";90-013 - PACK GRIF.CR SEVILLA (Lavatorio-Bide-Ducha c/t);52;52;52;23361737;140926071323023;183438621;;;;12/20/2031 00:00:00;4;13942638;14/09/2026 07:13:23;Tiago;Rodriguez;;;;;;Tiago Rodriguez;
14174494;14/09/2026 12:38:38;3;2;0001  215003-1;01;EASY 16-09;2091589;"CE01    ";"CENCOSUD S.A.                                     ";SAN LORENZO 4153;953389;"90-013         ";90-013 - PACK GRIF.CR SEVILLA (Lavatorio-Bide-Ducha c/t);52;52;52;23361749;140926071352086;183438702;;;;12/20/2031 00:00:00;4;13942642;14/09/2026 07:13:52;Tiago;Rodriguez;;;;;;Tiago Rodriguez;
14174494;14/09/2026 12:38:38;3;2;0001  215003-1;01;EASY 16-09;2091589;"CE01    ";"CENCOSUD S.A.                                     ";SAN LORENZO 4153;953389;"90-013         ";90-013 - PACK GRIF.CR SEVILLA (Lavatorio-Bide-Ducha c/t);52;52;52;23361762;140926071418720;183438768;;;;12/20/2031 00:00:00;4;13942650;14/09/2026 07:14:18;Tiago;Rodriguez;;;;;;Tiago Rodriguez;
14174494;14/09/2026 12:38:38;3;2;0001  215003-1;01;EASY 16-09;2091589;"CE01    ";"CENCOSUD S.A.                                     ";SAN LORENZO 4153;953389;"90-013         ";90-013 - PACK GRIF.CR SEVILLA (Lavatorio-Bide-Ducha c/t);52;52;52;23361777;140926071448100;183438846;;;;12/20/2031 00:00:00;4;13942654;14/09/2026 07:14:48;Tiago;Rodriguez;;;;;;Tiago Rodriguez;
14174494;14/09/2026 12:38:38;3;2;0001  215003-1;01;EASY 16-09;2091589;"CE01    ";"CENCOSUD S.A.                                     ";SAN LORENZO 4153;953389;"90-013         ";90-013 - PACK GRIF.CR SEVILLA (Lavatorio-Bide-Ducha c/t);52;52;52;23361793;140926071522416;183438939;;;;12/20/2031 00:00:00;4;13942658;14/09/2026 07:15:22;Tiago;Rodriguez;;;;;;Tiago Rodriguez;
14174494;14/09/2026 12:38:38;3;2;0001  215003-1;01;EASY 16-09;2091589;"CE01    ";"CENCOSUD S.A.                                     ";SAN LORENZO 4153;953389;"90-013         ";90-013 - PACK GRIF.CR SEVILLA (Lavatorio-Bide-Ducha c/t);52;52;52;23361822;140926071549434;183439028;;;;12/20/2031 00:00:00;4;13942665;14/09/2026 07:15:49;Tiago;Rodriguez;;;;;;Tiago Rodriguez;
14174494;14/09/2026 12:38:38;3;2;0001  215003-1;01;EASY 16-09;2091589;"CE01    ";"CENCOSUD S.A.                                     ";SAN LORENZO 4153;953389;"90-013         ";90-013 - PACK GRIF.CR SEVILLA (Lavatorio-Bide-Ducha c/t);52;52;52;23361835;140926071613504;183439099;;;;12/20/2031 00:00:00;4;13942670;14/09/2026 07:16:13;Tiago;Rodriguez;;;;;;Tiago Rodriguez;
14174494;14/09/2026 12:38:38;3;2;0001  215003-1;01;EASY 16-09;2091589;"CE01    ";"CENCOSUD S.A.                                     ";SAN LORENZO 4153;953389;"90-013         ";90-013 - PACK GRIF.CR SEVILLA (Lavatorio-Bide-Ducha c/t);52;52;52;23361850;140926071700912;183439252;;;;12/20/2031 00:00:00;4;13942677;14/09/2026 07:17:00;Tiago;Rodriguez;;;;;;Tiago Rodriguez;
14174494;14/09/2026 12:38:38;3;2;0001  215003-1;01;EASY 16-09;2091589;"CE01    ";"CENCOSUD S.A.                                     ";SAN LORENZO 4153;953389;"90-013         ";90-013 - PACK GRIF.CR SEVILLA (Lavatorio-Bide-Ducha c/t);52;52;52;23361864;140926071725635;183439329;;;;12/20/2031 00:00:00;4;13942681;14/09/2026 07:17:25;Tiago;Rodriguez;;;;;;Tiago Rodriguez;
14174494;14/09/2026 12:38:38;3;2;0001  215003-1;01;EASY 16-09;2091589;"CE01    ";"CENCOSUD S.A.                                     ";SAN LORENZO 4153;953389;"90-013         ";90-013 - PACK GRIF.CR SEVILLA (Lavatorio-Bide-Ducha c/t);52;52;52;23361890;140926071745454;183439395;;;;12/20/2031 00:00:00;4;13942686;14/09/2026 07:17:45;Tiago;Rodriguez;;;;;;Tiago Rodriguez;
14174494;14/09/2026 12:38:38;3;2;0001  215003-1;01;EASY 16-09;2091589;"CE01    ";"CENCOSUD S.A.                                     ";SAN LORENZO 4153;953389;"90-013         ";90-013 - PACK GRIF.CR SEVILLA (Lavatorio-Bide-Ducha c/t);52;52;52;23361895;140926071807075;183368163;;;;12/20/2031 00:00:00;4;13942689;14/09/2026 07:18:07;Tiago;Rodriguez;;;;;;Tiago Rodriguez;
14174494;14/09/2026 12:38:38;3;2;0001  215003-1;01;EASY 16-09;2091589;"CE01    ";"CENCOSUD S.A.                                     ";SAN LORENZO 4153;953090;"80-136         ";80-136 - DUCHA EMB. C/TRANSF. CR C.C. MARBELLA PLUS;60;60;60;23362046;140926072237903;183440390;;;;10/29/2031 00:00:00;4;13942740;14/09/2026 07:22:37;Tiago;Rodriguez;;;;;;Tiago Rodriguez;
14174494;14/09/2026 12:38:38;3;2;0001  215003-1;01;EASY 16-09;2091589;"CE01    ";"CENCOSUD S.A.                                     ";SAN LORENZO 4153;953090;"80-136         ";80-136 - DUCHA EMB. C/TRANSF. CR C.C. MARBELLA PLUS;60;60;60;23362054;140926072302073;183440466;;;;10/29/2031 00:00:00;4;13942744;14/09/2026 07:23:02;Tiago;Rodriguez;;;;;;Tiago Rodriguez;
14174494;14/09/2026 12:38:38;3;2;0001  215003-1;01;EASY 16-09;2091589;"CE01    ";"CENCOSUD S.A.                                     ";SAN LORENZO 4153;953090;"80-136         ";80-136 - DUCHA EMB. C/TRANSF. CR C.C. MARBELLA PLUS;60;60;60;23362063;140926072324287;183440538;;;;10/29/2031 00:00:00;4;13942746;14/09/2026 07:23:24;Tiago;Rodriguez;;;;;;Tiago Rodriguez;
14174494;14/09/2026 12:38:38;3;2;0001  215003-1;01;EASY 16-09;2091589;"CE01    ";"CENCOSUD S.A.                                     ";SAN LORENZO 4153;953090;"80-136         ";80-136 - DUCHA EMB. C/TRANSF. CR C.C. MARBELLA PLUS;60;60;60;23362069;140926072346141;183440612;;;;10/29/2031 00:00:00;4;13942752;14/09/2026 07:23:46;Tiago;Rodriguez;;;;;;Tiago Rodriguez;
14174494;14/09/2026 12:38:38;3;2;0001  215003-1;01;EASY 16-09;2091589;"CE01    ";"CENCOSUD S.A.                                     ";SAN LORENZO 4153;953090;"80-136         ";80-136 - DUCHA EMB. C/TRANSF. CR C.C. MARBELLA PLUS;60;60;60;23362076;140926072405687;183440672;;;;10/29/2031 00:00:00;4;13942754;14/09/2026 07:24:05;Tiago;Rodriguez;;;;;;Tiago Rodriguez;
14174494;14/09/2026 12:38:38;3;2;0001  215003-1;01;EASY 16-09;2091589;"CE01    ";"CENCOSUD S.A.                                     ";SAN LORENZO 4153;953090;"80-136         ";80-136 - DUCHA EMB. C/TRANSF. CR C.C. MARBELLA PLUS;60;60;60;23362079;140926072426007;183440781;;;;10/29/2031 00:00:00;4;13942758;14/09/2026 07:24:26;Tiago;Rodriguez;;;;;;Tiago Rodriguez;
14174494;14/09/2026 12:38:38;3;2;0001  215003-1;01;EASY 16-09;2091589;"CE01    ";"CENCOSUD S.A.                                     ";SAN LORENZO 4153;953090;"80-136         ";80-136 - DUCHA EMB. C/TRANSF. CR C.C. MARBELLA PLUS;60;60;60;23362091;140926072446848;183440853;;;;10/29/2031 00:00:00;4;13942760;14/09/2026 07:24:46;Tiago;Rodriguez;;;;;;Tiago Rodriguez;
14174494;14/09/2026 12:38:38;3;2;0001  215003-1;01;EASY 16-09;2091589;"CE01    ";"CENCOSUD S.A.                                     ";SAN LORENZO 4153;953090;"80-136         ";80-136 - DUCHA EMB. C/TRANSF. CR C.C. MARBELLA PLUS;60;60;60;23362102;140926072510425;183440932;;;;10/29/2031 00:00:00;4;13942765;14/09/2026 07:25:10;Tiago;Rodriguez;;;;;;Tiago Rodriguez;
14174494;14/09/2026 12:38:38;3;2;0001  215003-1;01;EASY 16-09;2091589;"CE01    ";"CENCOSUD S.A.                                     ";SAN LORENZO 4153;953090;"80-136         ";80-136 - DUCHA EMB. C/TRANSF. CR C.C. MARBELLA PLUS;60;60;60;23362109;140926072530272;183440997;;;;10/29/2031 00:00:00;4;13942771;14/09/2026 07:25:30;Tiago;Rodriguez;;;;;;Tiago Rodriguez;
14174494;14/09/2026 12:38:38;3;2;0001  215003-1;01;EASY 16-09;2091589;"CE01    ";"CENCOSUD S.A.                                     ";SAN LORENZO 4153;953090;"80-136         ";80-136 - DUCHA EMB. C/TRANSF. CR C.C. MARBELLA PLUS;60;60;60;23362120;140926072552298;183441081;;;;10/29/2031 00:00:00;4;13942779;14/09/2026 07:25:52;Tiago;Rodriguez;;;;;;Tiago Rodriguez;
14174494;14/09/2026 12:38:38;3;2;0001  215003-1;01;EASY 16-09;2091589;"CE01    ";"CENCOSUD S.A.                                     ";SAN LORENZO 4153;953090;"80-136         ";80-136 - DUCHA EMB. C/TRANSF. CR C.C. MARBELLA PLUS;60;60;60;23362126;140926072615182;183441164;;;;10/29/2031 00:00:00;4;13942781;14/09/2026 07:26:15;Tiago;Rodriguez;;;;;;Tiago Rodriguez;
14174494;14/09/2026 12:38:38;3;2;0001  215003-1;01;EASY 16-09;2091589;"CE01    ";"CENCOSUD S.A.                                     ";SAN LORENZO 4153;953090;"80-136         ";80-136 - DUCHA EMB. C/TRANSF. CR C.C. MARBELLA PLUS;60;60;60;23362132;140926072637514;183441241;;;;10/29/2031 00:00:00;4;13942784;14/09/2026 07:26:37;Tiago;Rodriguez;;;;;;Tiago Rodriguez;
14174494;14/09/2026 12:38:38;3;2;0001  215003-1;01;EASY 16-09;2091589;"CE01    ";"CENCOSUD S.A.                                     ";SAN LORENZO 4153;953090;"80-136         ";80-136 - DUCHA EMB. C/TRANSF. CR C.C. MARBELLA PLUS;60;60;60;23362145;140926072656803;183441281;;;;10/29/2031 00:00:00;4;13942788;14/09/2026 07:26:56;Tiago;Rodriguez;;;;;;Tiago Rodriguez;
14174494;14/09/2026 12:38:38;3;2;0001  215003-1;01;EASY 16-09;2091589;"CE01    ";"CENCOSUD S.A.                                     ";SAN LORENZO 4153;953090;"80-136         ";80-136 - DUCHA EMB. C/TRANSF. CR C.C. MARBELLA PLUS;60;60;60;23362167;140926072735640;183441410;;;;10/29/2031 00:00:00;4;13942794;14/09/2026 07:27:35;Tiago;Rodriguez;;;;;;Tiago Rodriguez;
14174494;14/09/2026 12:38:38;3;2;0001  215003-1;01;EASY 16-09;2091589;"CE01    ";"CENCOSUD S.A.                                     ";SAN LORENZO 4153;953090;"80-136         ";80-136 - DUCHA EMB. C/TRANSF. CR C.C. MARBELLA PLUS;60;60;60;23362175;140926072759236;183371039;;;;10/29/2031 00:00:00;4;13942799;14/09/2026 07:27:59;Tiago;Rodriguez;;;;;;Tiago Rodriguez;
14174494;14/09/2026 12:38:38;3;2;0001  215003-1;01;EASY 16-09;2091589;"CE01    ";"CENCOSUD S.A.                                     ";SAN LORENZO 4153;952900;"70-138         ";70-138 - BIDE C.CERAM CR VALENCIA PLUS;100;100;100;23362386;140926073539978;183443089;;;;08/18/2031 00:00:00;5;13942918;14/09/2026 07:35:39;Tiago;Rodriguez;;;;;;Tiago Rodriguez;
14174494;14/09/2026 12:38:38;3;2;0001  215003-1;01;EASY 16-09;2091589;"CE01    ";"CENCOSUD S.A.                                     ";SAN LORENZO 4153;952900;"70-138         ";70-138 - BIDE C.CERAM CR VALENCIA PLUS;100;100;100;23362398;140926073603192;183443160;;;;08/18/2031 00:00:00;5;13942923;14/09/2026 07:36:03;Tiago;Rodriguez;;;;;;Tiago Rodriguez;
14174494;14/09/2026 12:38:38;3;2;0001  215003-1;01;EASY 16-09;2091589;"CE01    ";"CENCOSUD S.A.                                     ";SAN LORENZO 4153;952900;"70-138         ";70-138 - BIDE C.CERAM CR VALENCIA PLUS;100;100;100;23362406;140926073629720;183443235;;;;08/18/2031 00:00:00;5;13942932;14/09/2026 07:36:29;Tiago;Rodriguez;;;;;;Tiago Rodriguez;
14174494;14/09/2026 12:38:38;3;2;0001  215003-1;01;EASY 16-09;2091589;"CE01    ";"CENCOSUD S.A.                                     ";SAN LORENZO 4153;952900;"70-138         ";70-138 - BIDE C.CERAM CR VALENCIA PLUS;100;100;100;23362415;140926073651704;183443303;;;;08/18/2031 00:00:00;5;13942936;14/09/2026 07:36:51;Tiago;Rodriguez;;;;;;Tiago Rodriguez;
14174494;14/09/2026 12:38:38;3;2;0001  215003-1;01;EASY 16-09;2091589;"CE01    ";"CENCOSUD S.A.                                     ";SAN LORENZO 4153;952900;"70-138         ";70-138 - BIDE C.CERAM CR VALENCIA PLUS;100;100;100;23362430;140926073720860;183443409;;;;08/18/2031 00:00:00;5;13942944;14/09/2026 07:37:20;Tiago;Rodriguez;;;;;;Tiago Rodriguez;
14174494;14/09/2026 12:38:38;3;2;0001  215003-1;01;EASY 16-09;2091589;"CE01    ";"CENCOSUD S.A.                                     ";SAN LORENZO 4153;952900;"70-138         ";70-138 - BIDE C.CERAM CR VALENCIA PLUS;100;100;100;23362439;140926073748706;183443498;;;;08/18/2031 00:00:00;5;13942953;14/09/2026 07:37:48;Tiago;Rodriguez;;;;;;Tiago Rodriguez;
14174494;14/09/2026 12:38:38;3;2;0001  215003-1;01;EASY 16-09;2091589;"CE01    ";"CENCOSUD S.A.                                     ";SAN LORENZO 4153;952900;"70-138         ";70-138 - BIDE C.CERAM CR VALENCIA PLUS;100;100;100;23362446;140926073813083;183443573;;;;08/18/2031 00:00:00;5;13942962;14/09/2026 07:38:13;Tiago;Rodriguez;;;;;;Tiago Rodriguez;
14174494;14/09/2026 12:38:38;3;2;0001  215003-1;01;EASY 16-09;2091589;"CE01    ";"CENCOSUD S.A.                                     ";SAN LORENZO 4153;952900;"70-138         ";70-138 - BIDE C.CERAM CR VALENCIA PLUS;100;100;100;23362454;140926073838753;183443659;;;;08/18/2031 00:00:00;5;13942971;14/09/2026 07:38:38;Tiago;Rodriguez;;;;;;Tiago Rodriguez;
14174494;14/09/2026 12:38:38;3;2;0001  215003-1;01;EASY 16-09;2091589;"CE01    ";"CENCOSUD S.A.                                     ";SAN LORENZO 4153;952900;"70-138         ";70-138 - BIDE C.CERAM CR VALENCIA PLUS;100;100;100;23362469;140926073905866;183443752;;;;08/18/2031 00:00:00;5;13942980;14/09/2026 07:39:05;Tiago;Rodriguez;;;;;;Tiago Rodriguez;
14174494;14/09/2026 12:38:38;3;2;0001  215003-1;01;EASY 16-09;2091589;"CE01    ";"CENCOSUD S.A.                                     ";SAN LORENZO 4153;952900;"70-138         ";70-138 - BIDE C.CERAM CR VALENCIA PLUS;100;100;100;23362493;140926073928580;183443811;;;;08/18/2031 00:00:00;5;13942985;14/09/2026 07:39:28;Tiago;Rodriguez;;;;;;Tiago Rodriguez;
14174494;14/09/2026 12:38:38;3;2;0001  215003-1;01;EASY 16-09;2091589;"CE01    ";"CENCOSUD S.A.                                     ";SAN LORENZO 4153;952900;"70-138         ";70-138 - BIDE C.CERAM CR VALENCIA PLUS;100;100;100;23363012;140926075422749;183447096;;;;08/18/2031 00:00:00;5;13943231;14/09/2026 07:54:22;Tiago;Rodriguez;;;;;;Tiago Rodriguez;
14174494;14/09/2026 12:38:38;3;2;0001  215003-1;01;EASY 16-09;2091589;"CE01    ";"CENCOSUD S.A.                                     ";SAN LORENZO 4153;952900;"70-138         ";70-138 - BIDE C.CERAM CR VALENCIA PLUS;100;100;100;23363026;140926075458388;183447198;;;;08/18/2031 00:00:00;5;13943239;14/09/2026 07:54:58;Tiago;Rodriguez;;;;;;Tiago Rodriguez;
14174494;14/09/2026 12:38:38;3;2;0001  215003-1;01;EASY 16-09;2091589;"CE01    ";"CENCOSUD S.A.                                     ";SAN LORENZO 4153;952900;"70-138         ";70-138 - BIDE C.CERAM CR VALENCIA PLUS;100;100;100;23363036;140926075523717;183447295;;;;08/18/2031 00:00:00;5;13943246;14/09/2026 07:55:23;Tiago;Rodriguez;;;;;;Tiago Rodriguez;
14174494;14/09/2026 12:38:38;3;2;0001  215003-1;01;EASY 16-09;2091589;"CE01    ";"CENCOSUD S.A.                                     ";SAN LORENZO 4153;952900;"70-138         ";70-138 - BIDE C.CERAM CR VALENCIA PLUS;100;100;100;23363047;140926075549584;183447377;;;;08/18/2031 00:00:00;5;13943250;14/09/2026 07:55:49;Tiago;Rodriguez;;;;;;Tiago Rodriguez;
14174494;14/09/2026 12:38:38;3;2;0001  215003-1;01;EASY 16-09;2091589;"CE01    ";"CENCOSUD S.A.                                     ";SAN LORENZO 4153;952900;"70-138         ";70-138 - BIDE C.CERAM CR VALENCIA PLUS;100;100;100;23363067;140926075615200;183447466;;;;08/18/2031 00:00:00;5;13943259;14/09/2026 07:56:15;Tiago;Rodriguez;;;;;;Tiago Rodriguez;
14174494;14/09/2026 12:38:38;3;2;0001  215003-1;01;EASY 16-09;2091589;"CE01    ";"CENCOSUD S.A.                                     ";SAN LORENZO 4153;952900;"70-138         ";70-138 - BIDE C.CERAM CR VALENCIA PLUS;100;100;100;23363084;140926075641958;183447555;;;;08/18/2031 00:00:00;5;13943267;14/09/2026 07:56:41;Tiago;Rodriguez;;;;;;Tiago Rodriguez;
14174494;14/09/2026 12:38:38;3;2;0001  215003-1;01;EASY 16-09;2091589;"CE01    ";"CENCOSUD S.A.                                     ";SAN LORENZO 4153;952900;"70-138         ";70-138 - BIDE C.CERAM CR VALENCIA PLUS;100;100;100;23363118;140926075736057;183447755;;;;08/18/2031 00:00:00;5;13943289;14/09/2026 07:57:36;Tiago;Rodriguez;;;;;;Tiago Rodriguez;
14174494;14/09/2026 12:38:38;3;2;0001  215003-1;01;EASY 16-09;2091589;"CE01    ";"CENCOSUD S.A.                                     ";SAN LORENZO 4153;952900;"70-138         ";70-138 - BIDE C.CERAM CR VALENCIA PLUS;100;100;100;23363143;140926075755233;183447824;;;;08/18/2031 00:00:00;5;13943295;14/09/2026 07:57:55;Tiago;Rodriguez;;;;;;Tiago Rodriguez;
14174494;14/09/2026 12:38:38;3;2;0001  215003-1;01;EASY 16-09;2091589;"CE01    ";"CENCOSUD S.A.                                     ";SAN LORENZO 4153;952900;"70-138         ";70-138 - BIDE C.CERAM CR VALENCIA PLUS;100;100;100;23363164;140926075814891;183447901;;;;08/18/2031 00:00:00;5;13943302;14/09/2026 07:58:14;Tiago;Rodriguez;;;;;;Tiago Rodriguez;
14174494;14/09/2026 12:38:38;3;2;0001  215003-1;01;EASY 16-09;2091589;"CE01    ";"CENCOSUD S.A.                                     ";SAN LORENZO 4153;952900;"70-138         ";70-138 - BIDE C.CERAM CR VALENCIA PLUS;100;100;100;23363177;140926075835184;183369266;;;;08/18/2031 00:00:00;5;13943310;14/09/2026 07:58:35;Tiago;Rodriguez;;;;;;Tiago Rodriguez;
14174494;14/09/2026 12:38:38;3;2;0001  215003-1;01;EASY 16-09;2091589;"CE01    ";"CENCOSUD S.A.                                     ";SAN LORENZO 4153;952621;"60-136         ";60-136 - LAVATORIO C.CERAM CR MARBELLA PLUS;75;75;75;23363208;140926075924270;183448234;;;;10/25/2031 00:00:00;5;13943322;14/09/2026 07:59:24;Tiago;Rodriguez;;;;;;Tiago Rodriguez;
14174494;14/09/2026 12:38:38;3;2;0001  215003-1;01;EASY 16-09;2091589;"CE01    ";"CENCOSUD S.A.                                     ";SAN LORENZO 4153;952621;"60-136         ";60-136 - LAVATORIO C.CERAM CR MARBELLA PLUS;75;75;75;23363216;140926075945566;183448315;;;;10/25/2031 00:00:00;5;13943332;14/09/2026 07:59:45;Tiago;Rodriguez;;;;;;Tiago Rodriguez;
14174494;14/09/2026 12:38:38;3;2;0001  215003-1;01;EASY 16-09;2091589;"CE01    ";"CENCOSUD S.A.                                     ";SAN LORENZO 4153;952621;"60-136         ";60-136 - LAVATORIO C.CERAM CR MARBELLA PLUS;75;75;75;23363236;140926080016249;183448449;;;;10/25/2031 00:00:00;5;13943338;14/09/2026 08:00:16;Tiago;Rodriguez;;;;;;Tiago Rodriguez;
14174494;14/09/2026 12:38:38;3;2;0001  215003-1;01;EASY 16-09;2091589;"CE01    ";"CENCOSUD S.A.                                     ";SAN LORENZO 4153;952621;"60-136         ";60-136 - LAVATORIO C.CERAM CR MARBELLA PLUS;75;75;75;23363251;140926080045453;183448548;;;;10/25/2031 00:00:00;5;13943349;14/09/2026 08:00:45;Tiago;Rodriguez;;;;;;Tiago Rodriguez;
14174494;14/09/2026 12:38:38;3;2;0001  215003-1;01;EASY 16-09;2091589;"CE01    ";"CENCOSUD S.A.                                     ";SAN LORENZO 4153;952621;"60-136         ";60-136 - LAVATORIO C.CERAM CR MARBELLA PLUS;75;75;75;23363283;140926080132641;183448773;;;;10/25/2031 00:00:00;5;13943364;14/09/2026 08:01:32;Tiago;Rodriguez;;;;;;Tiago Rodriguez;
14174494;14/09/2026 12:38:38;3;2;0001  215003-1;01;EASY 16-09;2091589;"CE01    ";"CENCOSUD S.A.                                     ";SAN LORENZO 4153;952621;"60-136         ";60-136 - LAVATORIO C.CERAM CR MARBELLA PLUS;75;75;75;23363314;140926080208974;183448900;;;;10/25/2031 00:00:00;5;13943373;14/09/2026 08:02:08;Tiago;Rodriguez;;;;;;Tiago Rodriguez;
14174494;14/09/2026 12:38:38;3;2;0001  215003-1;01;EASY 16-09;2091589;"CE01    ";"CENCOSUD S.A.                                     ";SAN LORENZO 4153;952621;"60-136         ";60-136 - LAVATORIO C.CERAM CR MARBELLA PLUS;75;75;75;23363331;140926080232389;183449001;;;;10/25/2031 00:00:00;5;13943384;14/09/2026 08:02:32;Tiago;Rodriguez;;;;;;Tiago Rodriguez;
14174494;14/09/2026 12:38:38;3;2;0001  215003-1;01;EASY 16-09;2091589;"CE01    ";"CENCOSUD S.A.                                     ";SAN LORENZO 4153;952621;"60-136         ";60-136 - LAVATORIO C.CERAM CR MARBELLA PLUS;75;75;75;23363361;140926080315370;183449181;;;;10/25/2031 00:00:00;5;13943395;14/09/2026 08:03:15;Tiago;Rodriguez;;;;;;Tiago Rodriguez;
14174494;14/09/2026 12:38:38;3;2;0001  215003-1;01;EASY 16-09;2091589;"CE01    ";"CENCOSUD S.A.                                     ";SAN LORENZO 4153;952621;"60-136         ";60-136 - LAVATORIO C.CERAM CR MARBELLA PLUS;75;75;75;23363383;140926080346884;183449320;;;;10/25/2031 00:00:00;5;13943405;14/09/2026 08:03:46;Tiago;Rodriguez;;;;;;Tiago Rodriguez;
14174494;14/09/2026 12:38:38;3;2;0001  215003-1;01;EASY 16-09;2091589;"CE01    ";"CENCOSUD S.A.                                     ";SAN LORENZO 4153;952621;"60-136         ";60-136 - LAVATORIO C.CERAM CR MARBELLA PLUS;75;75;75;23363410;140926080407626;183449399;;;;10/25/2031 00:00:00;5;13943411;14/09/2026 08:04:07;Tiago;Rodriguez;;;;;;Tiago Rodriguez;
14174494;14/09/2026 12:38:38;3;2;0001  215003-1;01;EASY 16-09;2091589;"CE01    ";"CENCOSUD S.A.                                     ";SAN LORENZO 4153;952621;"60-136         ";60-136 - LAVATORIO C.CERAM CR MARBELLA PLUS;75;75;75;23363420;140926080429530;183449490;;;;10/25/2031 00:00:00;5;13943416;14/09/2026 08:04:29;Tiago;Rodriguez;;;;;;Tiago Rodriguez;
14174494;14/09/2026 12:38:38;3;2;0001  215003-1;01;EASY 16-09;2091589;"CE01    ";"CENCOSUD S.A.                                     ";SAN LORENZO 4153;952621;"60-136         ";60-136 - LAVATORIO C.CERAM CR MARBELLA PLUS;75;75;75;23363447;140926080451044;183449602;;;;10/25/2031 00:00:00;5;13943420;14/09/2026 08:04:51;Tiago;Rodriguez;;;;;;Tiago Rodriguez;
14174494;14/09/2026 12:38:38;3;2;0001  215003-1;01;EASY 16-09;2091589;"CE01    ";"CENCOSUD S.A.                                     ";SAN LORENZO 4153;952621;"60-136         ";60-136 - LAVATORIO C.CERAM CR MARBELLA PLUS;75;75;75;23363464;140926080511991;183449695;;;;10/25/2031 00:00:00;5;13943430;14/09/2026 08:05:12;Tiago;Rodriguez;;;;;;Tiago Rodriguez;
14174494;14/09/2026 12:38:38;3;2;0001  215003-1;01;EASY 16-09;2091589;"CE01    ";"CENCOSUD S.A.                                     ";SAN LORENZO 4153;952621;"60-136         ";60-136 - LAVATORIO C.CERAM CR MARBELLA PLUS;75;75;75;23363485;140926080529503;183449772;;;;10/25/2031 00:00:00;5;13943434;14/09/2026 08:05:29;Tiago;Rodriguez;;;;;;Tiago Rodriguez;
14174494;14/09/2026 12:38:38;3;2;0001  215003-1;01;EASY 16-09;2091589;"CE01    ";"CENCOSUD S.A.                                     ";SAN LORENZO 4153;952621;"60-136         ";60-136 - LAVATORIO C.CERAM CR MARBELLA PLUS;75;75;75;23363508;140926080547293;183370052;;;;10/25/2031 00:00:00;5;13943440;14/09/2026 08:05:47;Tiago;Rodriguez;;;;;;Tiago Rodriguez;
14174494;14/09/2026 12:38:38;3;2;0001  215003-1;01;EASY 16-09;2091589;"CE01    ";"CENCOSUD S.A.                                     ";SAN LORENZO 4153;952622;"60-138         ";60-138 - LAVATORIO C.CERAM CR VALENCIA PLUS;40;40;40;23365384;140926084610010;183463954;;;;10/08/2031 00:00:00;5;13944288;14/09/2026 08:46:10;Tiago;Rodriguez;;;;;;Tiago Rodriguez;
14174494;14/09/2026 12:38:38;3;2;0001  215003-1;01;EASY 16-09;2091589;"CE01    ";"CENCOSUD S.A.                                     ";SAN LORENZO 4153;952622;"60-138         ";60-138 - LAVATORIO C.CERAM CR VALENCIA PLUS;40;40;40;23365397;140926084630105;183464057;;;;10/08/2031 00:00:00;5;13944300;14/09/2026 08:46:30;Tiago;Rodriguez;;;;;;Tiago Rodriguez;
14174494;14/09/2026 12:38:38;3;2;0001  215003-1;01;EASY 16-09;2091589;"CE01    ";"CENCOSUD S.A.                                     ";SAN LORENZO 4153;952622;"60-138         ";60-138 - LAVATORIO C.CERAM CR VALENCIA PLUS;40;40;40;23365417;140926084701087;183464233;;;;10/08/2031 00:00:00;5;13944309;14/09/2026 08:47:01;Tiago;Rodriguez;;;;;;Tiago Rodriguez;
14174494;14/09/2026 12:38:38;3;2;0001  215003-1;01;EASY 16-09;2091589;"CE01    ";"CENCOSUD S.A.                                     ";SAN LORENZO 4153;952622;"60-138         ";60-138 - LAVATORIO C.CERAM CR VALENCIA PLUS;40;40;40;23365427;140926084726644;183464370;;;;10/08/2031 00:00:00;5;13944316;14/09/2026 08:47:26;Tiago;Rodriguez;;;;;;Tiago Rodriguez;
14174494;14/09/2026 12:38:38;3;2;0001  215003-1;01;EASY 16-09;2091589;"CE01    ";"CENCOSUD S.A.                                     ";SAN LORENZO 4153;952622;"60-138         ";60-138 - LAVATORIO C.CERAM CR VALENCIA PLUS;40;40;40;23365437;140926084802988;183464565;;;;10/08/2031 00:00:00;5;13944331;14/09/2026 08:48:03;Tiago;Rodriguez;;;;;;Tiago Rodriguez;
14174494;14/09/2026 12:38:38;3;2;0001  215003-1;01;EASY 16-09;2091589;"CE01    ";"CENCOSUD S.A.                                     ";SAN LORENZO 4153;952622;"60-138         ";60-138 - LAVATORIO C.CERAM CR VALENCIA PLUS;40;40;40;23365469;140926084841532;183464823;;;;10/08/2031 00:00:00;5;13944351;14/09/2026 08:48:41;Tiago;Rodriguez;;;;;;Tiago Rodriguez;
14174494;14/09/2026 12:38:38;3;2;0001  215003-1;01;EASY 16-09;2091589;"CE01    ";"CENCOSUD S.A.                                     ";SAN LORENZO 4153;952622;"60-138         ";60-138 - LAVATORIO C.CERAM CR VALENCIA PLUS;40;40;40;23365497;140926084912511;183464997;;;;10/08/2031 00:00:00;5;13944369;14/09/2026 08:49:12;Tiago;Rodriguez;;;;;;Tiago Rodriguez;
14174494;14/09/2026 12:38:38;3;2;0001  215003-1;01;EASY 16-09;2091589;"CE01    ";"CENCOSUD S.A.                                     ";SAN LORENZO 4153;953312;"83-133         ";83-133 - DUCHA EXT. C/TRANSF. MONOCOMANDO LUGO;50;50;50;23376695;140926032631731;183359640;;;;07/30/2031 00:00:00;50;13950838;14/09/2026 12:26:31;Mirko;Hernandez;;;;;;Mirko Hernandez;
14174494;14/09/2026 12:38:38;3;2;0001  215003-1;01;EASY 16-09;2091589;"CE01    ";"CENCOSUD S.A.                                     ";SAN LORENZO 4153;953167;"8030           ";8030 - PERCHA LINEA 8000;15;15;15;23376695;140926032631731;183360571;;;;07/29/2031 00:00:00;15;13950838;14/09/2026 12:26:31;Mirko;Hernandez;;;;;;Mirko Hernandez;
14174495;14/09/2026 13:57:31;3;2;0001  215004-1;01;EASY 16-09;2091589;"CE01    ";"CENCOSUD S.A.                                     ";SAN LORENZO 4153;951114;"12005          ";"SET DE 5 PIEZAS LINEA 12000                                           ";10;10;10;23340055;140926094939241;183268749;;;;07/30/2031 00:00:00;10;13945648;14/09/2026 09:49:39;Gustavo;Soderquvist;24615776;11/09/2026 14:44:20;7152;Mirko;Hernandez;Gustavo Soderquvist;Mirko Hernandez
14174495;14/09/2026 13:57:31;3;2;0001  215004-1;01;EASY 16-09;2091589;"CE01    ";"CENCOSUD S.A.                                     ";SAN LORENZO 4153;951760;"3006SS         ";3006SS - SET DE 6 PIEZAS LINEA 3000 SS;10;10;10;23340055;140926094939241;183270673;;;;07/29/2031 00:00:00;10;13945648;14/09/2026 09:49:39;Gustavo;Soderquvist;24615776;11/09/2026 14:44:20;7152;Mirko;Hernandez;Gustavo Soderquvist;Mirko Hernandez
14174495;14/09/2026 13:57:31;3;2;0001  215004-1;01;EASY 16-09;2091589;"CE01    ";"CENCOSUD S.A.                                     ";SAN LORENZO 4153;953182;"8040           ";8040 - PORTA ROLLO LINEA 8000;10;10;10;23340055;140926094939241;183272901;;;;08/27/2031 00:00:00;10;13945648;14/09/2026 09:49:39;Gustavo;Soderquvist;24615776;11/09/2026 14:44:20;7152;Mirko;Hernandez;Gustavo Soderquvist;Mirko Hernandez
14174495;14/09/2026 13:57:31;3;2;0001  215004-1;01;EASY 16-09;2091589;"CE01    ";"CENCOSUD S.A.                                     ";SAN LORENZO 4153;952555;"60-014         ";60-014 - LAVATORIO CR MORA STD;30;30;30;23350831;140926135731418;183359428;;;;01/13/2032 00:00:00;30;13948439;14/09/2026 13:57:31;Maximiliano;Nievas;24626978;12/09/2026 08:55:01;7807;Nicolas;Perez;Maximiliano Nievas;Nicolas Perez
14174495;14/09/2026 13:57:31;3;2;0001  215004-1;01;EASY 16-09;2091589;"CE01    ";"CENCOSUD S.A.                                     ";SAN LORENZO 4153;952582;"60-057         ";60-057 - LAVATORIO C.STD VERIN PLUS;80;80;80;23350831;140926135731418;183365486;;;;01/31/2032 00:00:00;80;13948439;14/09/2026 13:57:31;Maximiliano;Nievas;24626978;12/09/2026 08:55:01;7807;Nicolas;Perez;Maximiliano Nievas;Nicolas Perez
14174495;14/09/2026 13:57:31;3;2;0001  215004-1;01;EASY 16-09;2091589;"CE01    ";"CENCOSUD S.A.                                     ";SAN LORENZO 4153;952662;"60-194         ";60-194 - LAVATORIO CR C.CERAM LINEA LARA;60;60;60;23350831;140926135731418;183358816;;;;01/14/2032 00:00:00;60;13948439;14/09/2026 13:57:31;Maximiliano;Nievas;24626978;12/09/2026 08:55:01;7807;Nicolas;Perez;Maximiliano Nievas;Nicolas Perez
14174495;14/09/2026 13:57:31;3;2;0001  215004-1;01;EASY 16-09;2091589;"CE01    ";"CENCOSUD S.A.                                     ";SAN LORENZO 4153;953032;"80-014         ";80-014 - DUCHA EMB. C/TRANSF. CR MORA STD;80;80;80;23350831;140926135731418;183363644;;;;07/29/2031 00:00:00;80;13948439;14/09/2026 13:57:31;Maximiliano;Nievas;24626978;12/09/2026 08:55:01;7807;Nicolas;Perez;Maximiliano Nievas;Nicolas Perez
14174495;14/09/2026 13:57:31;3;2;0001  215004-1;01;EASY 16-09;2091589;"CE01    ";"CENCOSUD S.A.                                     ";SAN LORENZO 4153;953141;"80-194         ";80-194 - DUCHA EMB. C/TRANSF. CR C.CERAM LARA;96;96;96;23380010;140926134028809;183362071;;;;07/27/2031 00:00:00;96;13952879;14/09/2026 13:40:28;Maximiliano;Nievas;;;;;;Maximiliano Nievas;
14174495;14/09/2026 13:57:31;3;2;0001  215004-1;01;EASY 16-09;2091589;"CE01    ";"CENCOSUD S.A.                                     ";SAN LORENZO 4153;952835;"70-014         ";70-014 - BIDE CR MORA STD;100;100;100;23380010;140926134028809;183360780;;;;01/17/2032 00:00:00;100;13952879;14/09/2026 13:40:28;Maximiliano;Nievas;;;;;;Maximiliano Nievas;
14174495;14/09/2026 13:57:31;3;2;0001  215004-1;01;EASY 16-09;2091589;"CE01    ";"CENCOSUD S.A.                                     ";SAN LORENZO 4153;952940;"70-194         ";70-194 - BIDE CR C.CERAM LINEA LARA;80;80;80;23380010;140926134028809;183359050;;;;07/27/2031 00:00:00;80;13952879;14/09/2026 13:40:28;Maximiliano;Nievas;;;;;;Maximiliano Nievas;
14174496;14/09/2026 12:44:47;3;2;0001  215005-1;01;EASY 16-09;2091589;"CE01    ";"CENCOSUD S.A.                                     ";SAN LORENZO 4153;954901;"BCH01          ";BCH01 - BACHA DE APOYAR CIRCULAR 320x145;2;2;2;23336722;140926124445895;183240650;;;;07/28/2031 00:00:00;2;13951301;14/09/2026 12:44:45;Maximiliano;Nievas;24612362;11/09/2026 13:22:50;7152;Mirko;Hernandez;Maximiliano Nievas;Mirko Hernandez
14174496;14/09/2026 12:44:47;3;2;0001  215005-1;01;EASY 16-09;2091589;"CE01    ";"CENCOSUD S.A.                                     ";SAN LORENZO 4153;952860;"70-057         ";70-057 - BIDE C.STD VERIN PLUS;70;70;70;23352927;140926113122061;183376735;;;;01/27/2032 00:00:00;70;13946280;14/09/2026 11:31:22;Maximiliano;Nievas;24629406;12/09/2026 10:36:23;7807;Nicolas;Perez;Maximiliano Nievas;Nicolas Perez
14174496;14/09/2026 12:44:47;3;2;0001  215005-1;01;EASY 16-09;2091589;"CE01    ";"CENCOSUD S.A.                                     ";SAN LORENZO 4153;952909;"70-153         ";70-153 - BIDE CR C.CERAM CASTILLA;60;60;60;23352927;140926113122061;183381376;;;;10/20/2031 00:00:00;60;13946280;14/09/2026 11:31:22;Maximiliano;Nievas;24629406;12/09/2026 10:36:23;7807;Nicolas;Perez;Maximiliano Nievas;Nicolas Perez
14174496;14/09/2026 12:44:47;3;2;0001  215005-1;01;EASY 16-09;2091589;"CE01    ";"CENCOSUD S.A.                                     ";SAN LORENZO 4153;952911;"70-161         ";70-161 - BIDE CR C.CERAM LAGO;5;5;5;23352927;140926113122061;183376976;;;;07/31/2031 00:00:00;5;13946280;14/09/2026 11:31:22;Maximiliano;Nievas;24629406;12/09/2026 10:36:23;7807;Nicolas;Perez;Maximiliano Nievas;Nicolas Perez
14174496;14/09/2026 12:44:47;3;2;0001  215005-1;01;EASY 16-09;2091589;"CE01    ";"CENCOSUD S.A.                                     ";SAN LORENZO 4153;953059;"80-057         ";80-057 - DUCHA EMB. C/TRANSF. C.STD VERIN PLUS;60;60;60;23352927;140926113122061;183376015;;;;02/08/2032 00:00:00;60;13946280;14/09/2026 11:31:22;Maximiliano;Nievas;24629406;12/09/2026 10:36:23;7807;Nicolas;Perez;Maximiliano Nievas;Nicolas Perez
14174496;14/09/2026 12:44:47;3;2;0001  215005-1;01;EASY 16-09;2091589;"CE01    ";"CENCOSUD S.A.                                     ";SAN LORENZO 4153;953104;"80-153         ";80-153 - DUCHA EMB. C/TRANSF. CR C.CERAM CASTILLA;69;69;69;23352927;140926113122061;183386799;;;;11/04/2031 00:00:00;69;13946280;14/09/2026 11:31:22;Maximiliano;Nievas;24629406;12/09/2026 10:36:23;7807;Nicolas;Perez;Maximiliano Nievas;Nicolas Perez
14174496;14/09/2026 12:44:47;3;2;0001  215005-1;01;EASY 16-09;2091589;"CE01    ";"CENCOSUD S.A.                                     ";SAN LORENZO 4153;953106;"80-161         ";80-161 - DUCHA EMB. C/TRANSF. CR C.CERAM LAGO;3;3;3;23352927;140926113122061;183377093;;;;08/17/2031 00:00:00;3;13946280;14/09/2026 11:31:22;Maximiliano;Nievas;24629406;12/09/2026 10:36:23;7807;Nicolas;Perez;Maximiliano Nievas;Nicolas Perez
14174496;14/09/2026 12:44:47;3;2;0001  215005-1;01;EASY 16-09;2091589;"CE01    ";"CENCOSUD S.A.                                     ";SAN LORENZO 4153;953108;"80-163         ";80-163 - DUCHA EMB. C/TRANSF. CR C.CERAM SENA;3;3;3;23352927;140926113122061;183377219;;;;09/09/2031 00:00:00;3;13946280;14/09/2026 11:31:22;Maximiliano;Nievas;24629406;12/09/2026 10:36:23;7807;Nicolas;Perez;Maximiliano Nievas;Nicolas Perez
14174496;14/09/2026 12:44:47;3;2;0001  215005-1;01;EASY 16-09;2091589;"CE01    ";"CENCOSUD S.A.                                     ";SAN LORENZO 4153;952631;"60-153         ";60-153 - LAVATORIO CR C.CERAMICO CASTILLA;48;48;48;23352927;140926113122061;183379799;;;;11/23/2031 00:00:00;48;13946280;14/09/2026 11:31:22;Maximiliano;Nievas;24629406;12/09/2026 10:36:23;7807;Nicolas;Perez;Maximiliano Nievas;Nicolas Perez
14174496;14/09/2026 12:44:47;3;2;0001  215005-1;01;EASY 16-09;2091589;"CE01    ";"CENCOSUD S.A.                                     ";SAN LORENZO 4153;952756;"62-153         ";62-153 - LAVATORIO PARED EMB. C.CERAM CASTILLA;15;15;15;23352927;140926113122061;183377749;;;;01/21/2032 00:00:00;15;13946280;14/09/2026 11:31:22;Maximiliano;Nievas;24629406;12/09/2026 10:36:23;7807;Nicolas;Perez;Maximiliano Nievas;Nicolas Perez
14174497;14/09/2026 09:49:23;3;2;0001  215051-1;01;EASY 16-09;2091589;"CE01    ";"CENCOSUD S.A.                                     ";SAN LORENZO 4153;951508;"20-121         ";20-121 - COCINA MSDA MONOC.P. REDONDO MARBELLA;20;20;20;23340056;140926093700926;183269936;;;;07/30/2031 00:00:00;20;13945575;14/09/2026 09:37:00;Gustavo;Soderquvist;24615776;11/09/2026 14:44:20;7152;Mirko;Hernandez;Gustavo Soderquvist;Mirko Hernandez
14174497;14/09/2026 09:49:23;3;2;0001  215051-1;01;EASY 16-09;2091589;"CE01    ";"CENCOSUD S.A.                                     ";SAN LORENZO 4153;952391;"50-026         ";50-026 - JGO.MDA.P.FUNDIDO MURCIA PLUS;95;95;95;23353242;140926094922991;183382799;;;;01/12/2032 00:00:00;5;13944540;14/09/2026 09:49:22;Tiago;Rodriguez;24629729;12/09/2026 09:57:23;6584;Luis Alberto;Villareal;Tiago Rodriguez;Luis Alberto Villareal
14174497;14/09/2026 09:49:23;3;2;0001  215051-1;01;EASY 16-09;2091589;"CE01    ";"CENCOSUD S.A.                                     ";SAN LORENZO 4153;953040;"80-025         ";80-025 - DUCHA EMB.C/TRANSF.BL BASICA PLUS;10;10;10;23365922;140926085910359;183378248;;;;11/25/2031 00:00:00;10;13944594;14/09/2026 08:59:10;Tiago;Rodriguez;;;;;;Tiago Rodriguez;
14174497;14/09/2026 09:49:23;3;2;0001  215051-1;01;EASY 16-09;2091589;"CE01    ";"CENCOSUD S.A.                                     ";SAN LORENZO 4153;952564;"60-025         ";60-025 - LAVATORIO BLANCO BASICA PLUS;130;130;130;23365968;140926090006731;183468639;;;;11/04/2031 00:00:00;10;13944620;14/09/2026 09:00:06;Tiago;Rodriguez;;;;;;Tiago Rodriguez;
14174497;14/09/2026 09:49:23;3;2;0001  215051-1;01;EASY 16-09;2091589;"CE01    ";"CENCOSUD S.A.                                     ";SAN LORENZO 4153;952564;"60-025         ";60-025 - LAVATORIO BLANCO BASICA PLUS;130;130;130;23366000;140926090047445;183468891;;;;11/04/2031 00:00:00;10;13944636;14/09/2026 09:00:47;Tiago;Rodriguez;;;;;;Tiago Rodriguez;
14174497;14/09/2026 09:49:23;3;2;0001  215051-1;01;EASY 16-09;2091589;"CE01    ";"CENCOSUD S.A.                                     ";SAN LORENZO 4153;952564;"60-025         ";60-025 - LAVATORIO BLANCO BASICA PLUS;130;130;130;23366055;140926090153772;183469266;;;;11/04/2031 00:00:00;10;13944666;14/09/2026 09:01:53;Tiago;Rodriguez;;;;;;Tiago Rodriguez;
14174497;14/09/2026 09:49:23;3;2;0001  215051-1;01;EASY 16-09;2091589;"CE01    ";"CENCOSUD S.A.                                     ";SAN LORENZO 4153;952564;"60-025         ";60-025 - LAVATORIO BLANCO BASICA PLUS;130;130;130;23366090;140926090233329;183469512;;;;11/04/2031 00:00:00;10;13944677;14/09/2026 09:02:33;Tiago;Rodriguez;;;;;;Tiago Rodriguez;
14174497;14/09/2026 09:49:23;3;2;0001  215051-1;01;EASY 16-09;2091589;"CE01    ";"CENCOSUD S.A.                                     ";SAN LORENZO 4153;952564;"60-025         ";60-025 - LAVATORIO BLANCO BASICA PLUS;130;130;130;23366137;140926090316756;183469757;;;;11/04/2031 00:00:00;10;13944696;14/09/2026 09:03:16;Tiago;Rodriguez;;;;;;Tiago Rodriguez;
14174497;14/09/2026 09:49:23;3;2;0001  215051-1;01;EASY 16-09;2091589;"CE01    ";"CENCOSUD S.A.                                     ";SAN LORENZO 4153;952564;"60-025         ";60-025 - LAVATORIO BLANCO BASICA PLUS;130;130;130;23366201;140926090506799;183470371;;;;11/04/2031 00:00:00;10;13944744;14/09/2026 09:05:06;Tiago;Rodriguez;;;;;;Tiago Rodriguez;
14174497;14/09/2026 09:49:23;3;2;0001  215051-1;01;EASY 16-09;2091589;"CE01    ";"CENCOSUD S.A.                                     ";SAN LORENZO 4153;952564;"60-025         ";60-025 - LAVATORIO BLANCO BASICA PLUS;130;130;130;23366228;140926090543808;183470603;;;;11/04/2031 00:00:00;10;13944758;14/09/2026 09:05:43;Tiago;Rodriguez;;;;;;Tiago Rodriguez;
14174497;14/09/2026 09:49:23;3;2;0001  215051-1;01;EASY 16-09;2091589;"CE01    ";"CENCOSUD S.A.                                     ";SAN LORENZO 4153;952843;"70-025         ";70-025 - BIDE BLANCO BASICA PLUS;20;20;20;23366253;140926090643609;183470931;;;;11/19/2031 00:00:00;10;13944783;14/09/2026 09:06:43;Tiago;Rodriguez;;;;;;Tiago Rodriguez;
14174497;14/09/2026 09:49:23;3;2;0001  215051-1;01;EASY 16-09;2091589;"CE01    ";"CENCOSUD S.A.                                     ";SAN LORENZO 4153;952843;"70-025         ";70-025 - BIDE BLANCO BASICA PLUS;20;20;20;23366273;140926090724712;183378089;;;;11/19/2031 00:00:00;10;13944799;14/09/2026 09:07:24;Tiago;Rodriguez;;;;;;Tiago Rodriguez;
14174497;14/09/2026 09:49:23;3;2;0001  215051-1;01;EASY 16-09;2091589;"CE01    ";"CENCOSUD S.A.                                     ";SAN LORENZO 4153;952564;"60-025         ";60-025 - LAVATORIO BLANCO BASICA PLUS;130;130;130;23366330;140926090847427;183471615;;;;11/04/2031 00:00:00;10;13944833;14/09/2026 09:08:47;Tiago;Rodriguez;;;;;;Tiago Rodriguez;
14174497;14/09/2026 09:49:23;3;2;0001  215051-1;01;EASY 16-09;2091589;"CE01    ";"CENCOSUD S.A.                                     ";SAN LORENZO 4153;952564;"60-025         ";60-025 - LAVATORIO BLANCO BASICA PLUS;130;130;130;23366368;140926090924708;183471836;;;;11/04/2031 00:00:00;10;13944853;14/09/2026 09:09:24;Tiago;Rodriguez;;;;;;Tiago Rodriguez;
14174497;14/09/2026 09:49:23;3;2;0001  215051-1;01;EASY 16-09;2091589;"CE01    ";"CENCOSUD S.A.                                     ";SAN LORENZO 4153;952564;"60-025         ";60-025 - LAVATORIO BLANCO BASICA PLUS;130;130;130;23366404;140926091014226;183472111;;;;11/04/2031 00:00:00;10;13944880;14/09/2026 09:10:14;Tiago;Rodriguez;;;;;;Tiago Rodriguez;
14174497;14/09/2026 09:49:23;3;2;0001  215051-1;01;EASY 16-09;2091589;"CE01    ";"CENCOSUD S.A.                                     ";SAN LORENZO 4153;952564;"60-025         ";60-025 - LAVATORIO BLANCO BASICA PLUS;130;130;130;23366437;140926091100695;183472315;;;;11/04/2031 00:00:00;10;13944899;14/09/2026 09:11:00;Tiago;Rodriguez;;;;;;Tiago Rodriguez;
14174497;14/09/2026 09:49:23;3;2;0001  215051-1;01;EASY 16-09;2091589;"CE01    ";"CENCOSUD S.A.                                     ";SAN LORENZO 4153;952564;"60-025         ";60-025 - LAVATORIO BLANCO BASICA PLUS;130;130;130;23366468;140926091142228;183472523;;;;11/04/2031 00:00:00;10;13944926;14/09/2026 09:11:42;Tiago;Rodriguez;;;;;;Tiago Rodriguez;
14174497;14/09/2026 09:49:23;3;2;0001  215051-1;01;EASY 16-09;2091589;"CE01    ";"CENCOSUD S.A.                                     ";SAN LORENZO 4153;952564;"60-025         ";60-025 - LAVATORIO BLANCO BASICA PLUS;130;130;130;23366500;140926091222334;183377827;;;;11/04/2031 00:00:00;10;13944943;14/09/2026 09:12:22;Tiago;Rodriguez;;;;;;Tiago Rodriguez;
14174497;14/09/2026 09:49:23;3;2;0001  215051-1;01;EASY 16-09;2091589;"CE01    ";"CENCOSUD S.A.                                     ";SAN LORENZO 4153;952481;"53-023         ";53-023 - COCINA PARED EXT. P.ALTO BL/CR ARES PLUS;150;150;150;23366953;140926092020369;183475196;;;;11/26/2031 00:00:00;10;13945142;14/09/2026 09:20:20;Tiago;Rodriguez;;;;;;Tiago Rodriguez;
14174497;14/09/2026 09:49:23;3;2;0001  215051-1;01;EASY 16-09;2091589;"CE01    ";"CENCOSUD S.A.                                     ";SAN LORENZO 4153;952481;"53-023         ";53-023 - COCINA PARED EXT. P.ALTO BL/CR ARES PLUS;150;150;150;23366985;140926092106570;183475578;;;;11/26/2031 00:00:00;10;13945172;14/09/2026 09:21:06;Tiago;Rodriguez;;;;;;Tiago Rodriguez;
14174497;14/09/2026 09:49:23;3;2;0001  215051-1;01;EASY 16-09;2091589;"CE01    ";"CENCOSUD S.A.                                     ";SAN LORENZO 4153;952481;"53-023         ";53-023 - COCINA PARED EXT. P.ALTO BL/CR ARES PLUS;150;150;150;23367023;140926092146293;183475792;;;;11/26/2031 00:00:00;10;13945189;14/09/2026 09:21:46;Tiago;Rodriguez;;;;;;Tiago Rodriguez;
14174497;14/09/2026 09:49:23;3;2;0001  215051-1;01;EASY 16-09;2091589;"CE01    ";"CENCOSUD S.A.                                     ";SAN LORENZO 4153;952481;"53-023         ";53-023 - COCINA PARED EXT. P.ALTO BL/CR ARES PLUS;150;150;150;23367077;140926092226590;183476030;;;;11/26/2031 00:00:00;10;13945215;14/09/2026 09:22:26;Tiago;Rodriguez;;;;;;Tiago Rodriguez;
14174497;14/09/2026 09:49:23;3;2;0001  215051-1;01;EASY 16-09;2091589;"CE01    ";"CENCOSUD S.A.                                     ";SAN LORENZO 4153;952481;"53-023         ";53-023 - COCINA PARED EXT. P.ALTO BL/CR ARES PLUS;150;150;150;23367119;140926092303974;183476268;;;;11/26/2031 00:00:00;10;13945230;14/09/2026 09:23:03;Tiago;Rodriguez;;;;;;Tiago Rodriguez;
14174497;14/09/2026 09:49:23;3;2;0001  215051-1;01;EASY 16-09;2091589;"CE01    ";"CENCOSUD S.A.                                     ";SAN LORENZO 4153;952481;"53-023         ";53-023 - COCINA PARED EXT. P.ALTO BL/CR ARES PLUS;150;150;150;23367155;140926092343974;183476490;;;;11/26/2031 00:00:00;10;13945245;14/09/2026 09:23:43;Tiago;Rodriguez;;;;;;Tiago Rodriguez;
14174497;14/09/2026 09:49:23;3;2;0001  215051-1;01;EASY 16-09;2091589;"CE01    ";"CENCOSUD S.A.                                     ";SAN LORENZO 4153;952481;"53-023         ";53-023 - COCINA PARED EXT. P.ALTO BL/CR ARES PLUS;150;150;150;23367175;140926092425990;183476702;;;;11/26/2031 00:00:00;10;13945261;14/09/2026 09:24:25;Tiago;Rodriguez;;;;;;Tiago Rodriguez;
14174497;14/09/2026 09:49:23;3;2;0001  215051-1;01;EASY 16-09;2091589;"CE01    ";"CENCOSUD S.A.                                     ";SAN LORENZO 4153;952481;"53-023         ";53-023 - COCINA PARED EXT. P.ALTO BL/CR ARES PLUS;150;150;150;23367221;140926092536934;183477083;;;;11/26/2031 00:00:00;10;13945290;14/09/2026 09:25:36;Tiago;Rodriguez;;;;;;Tiago Rodriguez;
14174497;14/09/2026 09:49:23;3;2;0001  215051-1;01;EASY 16-09;2091589;"CE01    ";"CENCOSUD S.A.                                     ";SAN LORENZO 4153;952481;"53-023         ";53-023 - COCINA PARED EXT. P.ALTO BL/CR ARES PLUS;150;150;150;23367261;140926092618473;183477317;;;;11/26/2031 00:00:00;10;13945302;14/09/2026 09:26:18;Tiago;Rodriguez;;;;;;Tiago Rodriguez;
14174497;14/09/2026 09:49:23;3;2;0001  215051-1;01;EASY 16-09;2091589;"CE01    ";"CENCOSUD S.A.                                     ";SAN LORENZO 4153;952481;"53-023         ";53-023 - COCINA PARED EXT. P.ALTO BL/CR ARES PLUS;150;150;150;23367310;140926092735553;183477737;;;;11/26/2031 00:00:00;10;13945329;14/09/2026 09:27:35;Tiago;Rodriguez;;;;;;Tiago Rodriguez;
14174497;14/09/2026 09:49:23;3;2;0001  215051-1;01;EASY 16-09;2091589;"CE01    ";"CENCOSUD S.A.                                     ";SAN LORENZO 4153;952481;"53-023         ";53-023 - COCINA PARED EXT. P.ALTO BL/CR ARES PLUS;150;150;150;23367364;140926092838259;183478125;;;;11/26/2031 00:00:00;10;13945349;14/09/2026 09:28:38;Tiago;Rodriguez;;;;;;Tiago Rodriguez;
14174497;14/09/2026 09:49:23;3;2;0001  215051-1;01;EASY 16-09;2091589;"CE01    ";"CENCOSUD S.A.                                     ";SAN LORENZO 4153;952481;"53-023         ";53-023 - COCINA PARED EXT. P.ALTO BL/CR ARES PLUS;150;150;150;23367393;140926092917949;183478394;;;;11/26/2031 00:00:00;10;13945365;14/09/2026 09:29:17;Tiago;Rodriguez;;;;;;Tiago Rodriguez;
14174497;14/09/2026 09:49:23;3;2;0001  215051-1;01;EASY 16-09;2091589;"CE01    ";"CENCOSUD S.A.                                     ";SAN LORENZO 4153;952481;"53-023         ";53-023 - COCINA PARED EXT. P.ALTO BL/CR ARES PLUS;150;150;150;23367416;140926092956969;183478592;;;;11/26/2031 00:00:00;10;13945386;14/09/2026 09:29:56;Tiago;Rodriguez;;;;;;Tiago Rodriguez;
14174497;14/09/2026 09:49:23;3;2;0001  215051-1;01;EASY 16-09;2091589;"CE01    ";"CENCOSUD S.A.                                     ";SAN LORENZO 4153;952481;"53-023         ";53-023 - COCINA PARED EXT. P.ALTO BL/CR ARES PLUS;150;150;150;23367473;140926093105702;183478977;;;;11/26/2031 00:00:00;10;13945405;14/09/2026 09:31:05;Tiago;Rodriguez;;;;;;Tiago Rodriguez;
14174497;14/09/2026 09:49:23;3;2;0001  215051-1;01;EASY 16-09;2091589;"CE01    ";"CENCOSUD S.A.                                     ";SAN LORENZO 4153;952481;"53-023         ";53-023 - COCINA PARED EXT. P.ALTO BL/CR ARES PLUS;150;150;150;23367534;140926093211388;183379342;;;;11/26/2031 00:00:00;10;13945441;14/09/2026 09:32:11;Tiago;Rodriguez;;;;;;Tiago Rodriguez;
14174497;14/09/2026 09:49:23;3;2;0001  215051-1;01;EASY 16-09;2091589;"CE01    ";"CENCOSUD S.A.                                     ";SAN LORENZO 4153;952841;"70-023         ";70-023 - BIDE BL/CR ARES PLUS;10;10;10;23367809;140926093729064;183384229;;;;11/19/2031 00:00:00;10;13945620;14/09/2026 09:37:29;Tiago;Rodriguez;;;;;;Tiago Rodriguez;
14174497;14/09/2026 09:49:23;3;2;0001  215051-1;01;EASY 16-09;2091589;"CE01    ";"CENCOSUD S.A.                                     ";SAN LORENZO 4153;952562;"60-023         ";60-023 - LAVATORIO BL/CR ARES PLUS;20;20;20;23367827;140926093802091;183481500;;;;10/19/2031 00:00:00;10;13945640;14/09/2026 09:38:02;Tiago;Rodriguez;;;;;;Tiago Rodriguez;
14174497;14/09/2026 09:49:23;3;2;0001  215051-1;01;EASY 16-09;2091589;"CE01    ";"CENCOSUD S.A.                                     ";SAN LORENZO 4153;952562;"60-023         ";60-023 - LAVATORIO BL/CR ARES PLUS;20;20;20;23367860;140926093836141;183384610;;;;10/19/2031 00:00:00;10;13945656;14/09/2026 09:38:36;Tiago;Rodriguez;;;;;;Tiago Rodriguez;
14174497;14/09/2026 09:49:23;3;2;0001  215051-1;01;EASY 16-09;2091589;"CE01    ";"CENCOSUD S.A.                                     ";SAN LORENZO 4153;953402;"90-025         ";90-025 - PACK GRIF BL BASICA PLUS (Lavatorio-Bide-Ducha c/t;16;16;16;23367910;140926093923980;183482036;;;;07/27/2031 00:00:00;4;13945678;14/09/2026 09:39:24;Tiago;Rodriguez;;;;;;Tiago Rodriguez;
14174497;14/09/2026 09:49:23;3;2;0001  215051-1;01;EASY 16-09;2091589;"CE01    ";"CENCOSUD S.A.                                     ";SAN LORENZO 4153;953402;"90-025         ";90-025 - PACK GRIF BL BASICA PLUS (Lavatorio-Bide-Ducha c/t;16;16;16;23367927;140926093943533;183482159;;;;07/27/2031 00:00:00;4;13945687;14/09/2026 09:39:43;Tiago;Rodriguez;;;;;;Tiago Rodriguez;
14174497;14/09/2026 09:49:23;3;2;0001  215051-1;01;EASY 16-09;2091589;"CE01    ";"CENCOSUD S.A.                                     ";SAN LORENZO 4153;953402;"90-025         ";90-025 - PACK GRIF BL BASICA PLUS (Lavatorio-Bide-Ducha c/t;16;16;16;23367967;140926094025906;183482396;;;;07/27/2031 00:00:00;4;13945706;14/09/2026 09:40:25;Tiago;Rodriguez;;;;;;Tiago Rodriguez;
14174497;14/09/2026 09:49:23;3;2;0001  215051-1;01;EASY 16-09;2091589;"CE01    ";"CENCOSUD S.A.                                     ";SAN LORENZO 4153;953402;"90-025         ";90-025 - PACK GRIF BL BASICA PLUS (Lavatorio-Bide-Ducha c/t;16;16;16;23367985;140926094058311;183384041;;;;07/27/2031 00:00:00;4;13945715;14/09/2026 09:40:58;Tiago;Rodriguez;;;;;;Tiago Rodriguez;
14174497;14/09/2026 09:49:23;3;2;0001  215051-1;01;EASY 16-09;2091589;"CE01    ";"CENCOSUD S.A.                                     ";SAN LORENZO 4153;952391;"50-026         ";50-026 - JGO.MDA.P.FUNDIDO MURCIA PLUS;95;95;95;23368054;140926094205507;183482958;;;;01/12/2032 00:00:00;5;13945741;14/09/2026 09:42:05;Tiago;Rodriguez;;;;;;Tiago Rodriguez;
14174497;14/09/2026 09:49:23;3;2;0001  215051-1;01;EASY 16-09;2091589;"CE01    ";"CENCOSUD S.A.                                     ";SAN LORENZO 4153;952391;"50-026         ";50-026 - JGO.MDA.P.FUNDIDO MURCIA PLUS;95;95;95;23368071;140926094225668;183483065;;;;01/12/2032 00:00:00;5;13945757;14/09/2026 09:42:25;Tiago;Rodriguez;;;;;;Tiago Rodriguez;
14174497;14/09/2026 09:49:23;3;2;0001  215051-1;01;EASY 16-09;2091589;"CE01    ";"CENCOSUD S.A.                                     ";SAN LORENZO 4153;953202;"81-023         ";81-023 - DUCHA EMB. S/TRANSF. BL/CR ARES PLUS;5;5;5;23368084;140926094254878;183383122;;;;07/29/2031 00:00:00;5;13945766;14/09/2026 09:42:54;Tiago;Rodriguez;;;;;;Tiago Rodriguez;
14174497;14/09/2026 09:49:23;3;2;0001  215051-1;01;EASY 16-09;2091589;"CE01    ";"CENCOSUD S.A.                                     ";SAN LORENZO 4153;952391;"50-026         ";50-026 - JGO.MDA.P.FUNDIDO MURCIA PLUS;95;95;95;23368116;140926094317266;183483354;;;;01/12/2032 00:00:00;5;13945774;14/09/2026 09:43:17;Tiago;Rodriguez;;;;;;Tiago Rodriguez;
14174497;14/09/2026 09:49:23;3;2;0001  215051-1;01;EASY 16-09;2091589;"CE01    ";"CENCOSUD S.A.                                     ";SAN LORENZO 4153;952391;"50-026         ";50-026 - JGO.MDA.P.FUNDIDO MURCIA PLUS;95;95;95;23368130;140926094337201;183483483;;;;01/12/2032 00:00:00;5;13945788;14/09/2026 09:43:37;Tiago;Rodriguez;;;;;;Tiago Rodriguez;
14174497;14/09/2026 09:49:23;3;2;0001  215051-1;01;EASY 16-09;2091589;"CE01    ";"CENCOSUD S.A.                                     ";SAN LORENZO 4153;952391;"50-026         ";50-026 - JGO.MDA.P.FUNDIDO MURCIA PLUS;95;95;95;23368157;140926094357931;183483588;;;;01/12/2032 00:00:00;5;13945798;14/09/2026 09:43:57;Tiago;Rodriguez;;;;;;Tiago Rodriguez;
14174497;14/09/2026 09:49:23;3;2;0001  215051-1;01;EASY 16-09;2091589;"CE01    ";"CENCOSUD S.A.                                     ";SAN LORENZO 4153;952391;"50-026         ";50-026 - JGO.MDA.P.FUNDIDO MURCIA PLUS;95;95;95;23368181;140926094422635;183483714;;;;01/12/2032 00:00:00;5;13945804;14/09/2026 09:44:22;Tiago;Rodriguez;;;;;;Tiago Rodriguez;
14174497;14/09/2026 09:49:23;3;2;0001  215051-1;01;EASY 16-09;2091589;"CE01    ";"CENCOSUD S.A.                                     ";SAN LORENZO 4153;952391;"50-026         ";50-026 - JGO.MDA.P.FUNDIDO MURCIA PLUS;95;95;95;23368201;140926094441473;183483837;;;;01/12/2032 00:00:00;5;13945810;14/09/2026 09:44:41;Tiago;Rodriguez;;;;;;Tiago Rodriguez;
14174497;14/09/2026 09:49:23;3;2;0001  215051-1;01;EASY 16-09;2091589;"CE01    ";"CENCOSUD S.A.                                     ";SAN LORENZO 4153;952391;"50-026         ";50-026 - JGO.MDA.P.FUNDIDO MURCIA PLUS;95;95;95;23368228;140926094504774;183483996;;;;01/12/2032 00:00:00;5;13945825;14/09/2026 09:45:04;Tiago;Rodriguez;;;;;;Tiago Rodriguez;
14174497;14/09/2026 09:49:23;3;2;0001  215051-1;01;EASY 16-09;2091589;"CE01    ";"CENCOSUD S.A.                                     ";SAN LORENZO 4153;952391;"50-026         ";50-026 - JGO.MDA.P.FUNDIDO MURCIA PLUS;95;95;95;23368239;140926094525935;183484113;;;;01/12/2032 00:00:00;5;13945833;14/09/2026 09:45:25;Tiago;Rodriguez;;;;;;Tiago Rodriguez;
14174497;14/09/2026 09:49:23;3;2;0001  215051-1;01;EASY 16-09;2091589;"CE01    ";"CENCOSUD S.A.                                     ";SAN LORENZO 4153;952391;"50-026         ";50-026 - JGO.MDA.P.FUNDIDO MURCIA PLUS;95;95;95;23368274;140926094549474;183484242;;;;01/12/2032 00:00:00;5;13945841;14/09/2026 09:45:49;Tiago;Rodriguez;;;;;;Tiago Rodriguez;
14174497;14/09/2026 09:49:23;3;2;0001  215051-1;01;EASY 16-09;2091589;"CE01    ";"CENCOSUD S.A.                                     ";SAN LORENZO 4153;952391;"50-026         ";50-026 - JGO.MDA.P.FUNDIDO MURCIA PLUS;95;95;95;23368295;140926094608870;183484347;;;;01/12/2032 00:00:00;5;13945851;14/09/2026 09:46:08;Tiago;Rodriguez;;;;;;Tiago Rodriguez;
14174497;14/09/2026 09:49:23;3;2;0001  215051-1;01;EASY 16-09;2091589;"CE01    ";"CENCOSUD S.A.                                     ";SAN LORENZO 4153;952391;"50-026         ";50-026 - JGO.MDA.P.FUNDIDO MURCIA PLUS;95;95;95;23368334;140926094700051;183484642;;;;01/12/2032 00:00:00;5;13945873;14/09/2026 09:47:00;Tiago;Rodriguez;;;;;;Tiago Rodriguez;
14174497;14/09/2026 09:49:23;3;2;0001  215051-1;01;EASY 16-09;2091589;"CE01    ";"CENCOSUD S.A.                                     ";SAN LORENZO 4153;952391;"50-026         ";50-026 - JGO.MDA.P.FUNDIDO MURCIA PLUS;95;95;95;23368353;140926094720912;183484778;;;;01/12/2032 00:00:00;5;13945882;14/09/2026 09:47:20;Tiago;Rodriguez;;;;;;Tiago Rodriguez;
14174497;14/09/2026 09:49:23;3;2;0001  215051-1;01;EASY 16-09;2091589;"CE01    ";"CENCOSUD S.A.                                     ";SAN LORENZO 4153;952391;"50-026         ";50-026 - JGO.MDA.P.FUNDIDO MURCIA PLUS;95;95;95;23368367;140926094737661;183484855;;;;01/12/2032 00:00:00;5;13945889;14/09/2026 09:47:37;Tiago;Rodriguez;;;;;;Tiago Rodriguez;
14174497;14/09/2026 09:49:23;3;2;0001  215051-1;01;EASY 16-09;2091589;"CE01    ";"CENCOSUD S.A.                                     ";SAN LORENZO 4153;952391;"50-026         ";50-026 - JGO.MDA.P.FUNDIDO MURCIA PLUS;95;95;95;23368394;140926094759246;183484977;;;;01/12/2032 00:00:00;5;13945903;14/09/2026 09:47:59;Tiago;Rodriguez;;;;;;Tiago Rodriguez;
14174497;14/09/2026 09:49:23;3;2;0001  215051-1;01;EASY 16-09;2091589;"CE01    ";"CENCOSUD S.A.                                     ";SAN LORENZO 4153;952391;"50-026         ";50-026 - JGO.MDA.P.FUNDIDO MURCIA PLUS;95;95;95;23368434;140926094822579;183485115;;;;01/12/2032 00:00:00;5;13945920;14/09/2026 09:48:22;Tiago;Rodriguez;;;;;;Tiago Rodriguez;
14174497;14/09/2026 09:49:23;3;2;0001  215051-1;01;EASY 16-09;2091589;"CE01    ";"CENCOSUD S.A.                                     ";SAN LORENZO 4153;952391;"50-026         ";50-026 - JGO.MDA.P.FUNDIDO MURCIA PLUS;95;95;95;23368447;140926094843615;183485233;;;;01/12/2032 00:00:00;5;13945932;14/09/2026 09:48:43;Tiago;Rodriguez;;;;;;Tiago Rodriguez;
14174497;14/09/2026 09:49:23;3;2;0001  215051-1;01;EASY 16-09;2091589;"CE01    ";"CENCOSUD S.A.                                     ";SAN LORENZO 4153;952391;"50-026         ";50-026 - JGO.MDA.P.FUNDIDO MURCIA PLUS;95;95;95;23368466;140926094906693;183485348;;;;01/12/2032 00:00:00;5;13945940;14/09/2026 09:49:06;Tiago;Rodriguez;;;;;;Tiago Rodriguez;
14174498;14/09/2026 08:01:26;3;2;0001  215054-1;01;EASY 16-09;2091589;"CE01    ";"CENCOSUD S.A.                                     ";SAN LORENZO 4153;953605;"A019           ";"SOPORTE P/DUCHADOR CROMO C/BLISTER                                    ";105;105;105;23336896;140926080126379;183260941;;;;07/28/2031 00:00:00;105;13942418;14/09/2026 08:01:26;Maximiliano;Nievas;24612558;11/09/2026 14:18:19;7152;Mirko;Hernandez;Maximiliano Nievas;Mirko Hernandez
14174498;14/09/2026 08:01:26;3;2;0001  215054-1;01;EASY 16-09;2091589;"CE01    ";"CENCOSUD S.A.                                     ";SAN LORENZO 4153;953063;"8006           ";8006 - SET DE 6 PIEZAS LINEA 8000;130;130;130;23336896;140926080126379;183242430;;;;07/29/2031 00:00:00;130;13942418;14/09/2026 08:01:26;Maximiliano;Nievas;24612558;11/09/2026 14:18:19;7152;Mirko;Hernandez;Maximiliano Nievas;Mirko Hernandez
14174498;14/09/2026 08:01:26;3;2;0001  215054-1;01;EASY 16-09;2091589;"CE01    ";"CENCOSUD S.A.                                     ";SAN LORENZO 4153;953056;"8005           ";8005 - SET DE 5 PIEZAS LINEA 8000;20;20;20;23336896;140926080126379;183255023;;;;07/27/2031 00:00:00;20;13942418;14/09/2026 08:01:26;Maximiliano;Nievas;24612558;11/09/2026 14:18:19;7152;Mirko;Hernandez;Maximiliano Nievas;Mirko Hernandez
14174498;14/09/2026 08:01:26;3;2;0001  215054-1;01;EASY 16-09;2091589;"CE01    ";"CENCOSUD S.A.                                     ";SAN LORENZO 4153;951820;"30-121         ";30-121 - COCINA MSDA MONOC.P. CUADRADO MARBELLA;10;10;10;23336896;140926080126379;183262367;;;;11/08/2031 00:00:00;10;13942418;14/09/2026 08:01:26;Maximiliano;Nievas;24612558;11/09/2026 14:18:19;7152;Mirko;Hernandez;Maximiliano Nievas;Mirko Hernandez
14174498;14/09/2026 08:01:26;3;2;0001  215054-1;01;EASY 16-09;2091589;"CE01    ";"CENCOSUD S.A.                                     ";SAN LORENZO 4153;950975;"10005CR        ";"SET DE 5 PIEZAS LINEA 10000 MINIMALISTA                               ";1;1;1;23336896;140926080126379;183258638;;;;07/29/2031 00:00:00;1;13942418;14/09/2026 08:01:26;Maximiliano;Nievas;24612558;11/09/2026 14:18:19;7152;Mirko;Hernandez;Maximiliano Nievas;Mirko Hernandez
14174498;14/09/2026 08:01:26;3;2;0001  215054-1;01;EASY 16-09;2091589;"CE01    ";"CENCOSUD S.A.                                     ";SAN LORENZO 4153;952621;"60-136         ";60-136 - LAVATORIO C.CERAM CR MARBELLA PLUS;10;10;10;23355743;140926062623014;183398088;;;;01/05/2032 00:00:00;10;13942355;14/09/2026 06:26:23;Maximiliano;Nievas;24632347;12/09/2026 11:27:14;6584;Luis Alberto;Villareal;Maximiliano Nievas;Luis Alberto Villareal
14174498;14/09/2026 08:01:26;3;2;0001  215054-1;01;EASY 16-09;2091589;"CE01    ";"CENCOSUD S.A.                                     ";SAN LORENZO 4153;952899;"70-136         ";70-136 - BIDE C.CERAM CR MARBELLA PLUS;45;45;45;23355743;140926062623014;183397989;;;;10/28/2031 00:00:00;45;13942355;14/09/2026 06:26:23;Maximiliano;Nievas;24632347;12/09/2026 11:27:14;6584;Luis Alberto;Villareal;Maximiliano Nievas;Luis Alberto Villareal
14174498;14/09/2026 08:01:26;3;2;0001  215054-1;01;EASY 16-09;2091589;"CE01    ";"CENCOSUD S.A.                                     ";SAN LORENZO 4153;953595;"A017           ";A017 - DUCHADOR CROMO C/BLISTER;198;198;198;23362291;140926073156604;183251763;;;;07/29/2031 00:00:00;198;13942859;14/09/2026 07:31:56;Maximiliano;Nievas;;;;;;Maximiliano Nievas;
14174498;14/09/2026 08:01:26;3;2;0001  215054-1;01;EASY 16-09;2091589;"CE01    ";"CENCOSUD S.A.                                     ";SAN LORENZO 4153;952618;"60-133         ";60-133 - LAVATORIO MONOCOMANDO LUGO;40;40;40;23362291;140926073156604;183249245;;;;07/29/2031 00:00:00;40;13942859;14/09/2026 07:31:56;Maximiliano;Nievas;;;;;;Maximiliano Nievas;
14174498;14/09/2026 08:01:26;3;2;0001  215054-1;01;EASY 16-09;2091589;"CE01    ";"CENCOSUD S.A.                                     ";SAN LORENZO 4153;953312;"83-133         ";83-133 - DUCHA EXT. C/TRANSF. MONOCOMANDO LUGO;85;85;85;23362291;140926073156604;183247737;;;;07/30/2031 00:00:00;85;13942859;14/09/2026 07:31:56;Maximiliano;Nievas;;;;;;Maximiliano Nievas;
14174500;14/09/2026 14:45:10;3;2;0001  215059-1;01;EASY 16-09;2091589;"CE01    ";"CENCOSUD S.A.                                     ";SAN LORENZO 4153;952835;"70-014         ";70-014 - BIDE CR MORA STD;10;10;10;23355195;140926144509015;183391861;;;;01/17/2032 00:00:00;10;13955010;14/09/2026 14:45:09;Maximiliano;Nievas;24631798;12/09/2026 10:55:44;7807;Nicolas;Perez;Maximiliano Nievas;Nicolas Perez
14174500;14/09/2026 14:45:10;3;2;0001  215059-1;01;EASY 16-09;2091589;"CE01    ";"CENCOSUD S.A.                                     ";SAN LORENZO 4153;952662;"60-194         ";60-194 - LAVATORIO CR C.CERAM LINEA LARA;35;35;35;23355195;140926144509015;183394756;;;;01/14/2032 00:00:00;35;13955010;14/09/2026 14:45:09;Maximiliano;Nievas;24631798;12/09/2026 10:55:44;7807;Nicolas;Perez;Maximiliano Nievas;Nicolas Perez
14174500;14/09/2026 14:45:10;3;2;0001  215059-1;01;EASY 16-09;2091589;"CE01    ";"CENCOSUD S.A.                                     ";SAN LORENZO 4153;952555;"60-014         ";60-014 - LAVATORIO CR MORA STD;110;110;110;23355195;140926144509015;183393641;;;;01/13/2032 00:00:00;110;13955010;14/09/2026 14:45:09;Maximiliano;Nievas;24631798;12/09/2026 10:55:44;7807;Nicolas;Perez;Maximiliano Nievas;Nicolas Perez
14174500;14/09/2026 14:45:10;3;2;0001  215059-1;01;EASY 16-09;2091589;"CE01    ";"CENCOSUD S.A.                                     ";SAN LORENZO 4153;954805;"AB-002         ";AB-002 - AGARRADERA ACERO INOX CROMADO 40 CM SAFE;75;75;75;23355773;140926052332393;183398376;;;;08/12/2031 00:00:00;75;13953358;14/09/2026 14:23:32;Mirko;Hernandez;24632384;12/09/2026 11:34:37;7807;Nicolas;Perez;Mirko Hernandez;Nicolas Perez
14174500;14/09/2026 14:45:10;3;2;0001  215059-1;01;EASY 16-09;2091589;"CE01    ";"CENCOSUD S.A.                                     ";SAN LORENZO 4153;954806;"AB-003         ";AB-003 - AGARRADERA ACERO INOX CROMADO 50 CM SAFE;45;45;45;23355773;140926052332393;183399143;;;;07/27/2031 00:00:00;45;13953358;14/09/2026 14:23:32;Mirko;Hernandez;24632384;12/09/2026 11:34:37;7807;Nicolas;Perez;Mirko Hernandez;Nicolas Perez
14174500;14/09/2026 14:45:10;3;2;0001  215059-1;01;EASY 16-09;2091589;"CE01    ";"CENCOSUD S.A.                                     ";SAN LORENZO 4153;950974;"10005BL        ";"SET DE 5 PIEZAS LINEA 10000 BLACK                                     ";30;30;30;23380937;140926045814012;183396115;;;;07/28/2031 00:00:00;30;13953418;14/09/2026 13:58:14;Mirko;Hernandez;;;;;;Mirko Hernandez;
14174500;14/09/2026 14:45:10;3;2;0001  215059-1;01;EASY 16-09;2091589;"CE01    ";"CENCOSUD S.A.                                     ";SAN LORENZO 4153;951132;"13006          ";"SET DE 6 PIEZAS LINEA 13000                                           ";10;10;10;23380937;140926045814012;183399619;;;;07/28/2031 00:00:00;10;13953418;14/09/2026 13:58:14;Mirko;Hernandez;;;;;;Mirko Hernandez;
14174500;14/09/2026 14:45:10;3;2;0001  215059-1;01;EASY 16-09;2091589;"CE01    ";"CENCOSUD S.A.                                     ";SAN LORENZO 4153;951760;"3006SS         ";3006SS - SET DE 6 PIEZAS LINEA 3000 SS;40;40;40;23380937;140926045814012;183396697;;;;07/29/2031 00:00:00;40;13953418;14/09/2026 13:58:14;Mirko;Hernandez;;;;;;Mirko Hernandez;
14174500;14/09/2026 14:45:10;3;2;0001  215059-1;01;EASY 16-09;2091589;"CE01    ";"CENCOSUD S.A.                                     ";SAN LORENZO 4153;954807;"AB-004         ";AB-004 - AGARRADERA ACERO INOX CROMADO CURVA SAFE;5;5;5;23382016;140926051801349;183399351;;;;07/28/2031 00:00:00;5;13954038;14/09/2026 14:18:01;Mirko;Hernandez;;;;;;Mirko Hernandez;
14174500;14/09/2026 14:45:10;3;2;0001  215059-1;01;EASY 16-09;2091589;"CE01    ";"CENCOSUD S.A.                                     ";SAN LORENZO 4153;954804;"AB-001         ";AB-001 - AGARRADERA ACERO INOX CROMADO 30 CM SAFE;150;150;150;23382016;140926051801349;183397782;;;;07/28/2031 00:00:00;150;13954038;14/09/2026 14:18:01;Mirko;Hernandez;;;;;;Mirko Hernandez;
14174501;14/09/2026 14:20:37;3;2;0001  215055-1;01;EASY 16-09;2091589;"CE01    ";"CENCOSUD S.A.                                     ";SAN LORENZO 4153;951535;"20-160         ";20-160 - MONOCOMANDO MESADA COCINA DIQUE;264;264;264;23335578;140926142036435;183234953;;;;07/28/2031 00:00:00;264;13950128;14/09/2026 14:20:36;Gustavo;Soderquvist;24611094;11/09/2026 13:30:41;7636;Kevin;Arce;Gustavo Soderquvist;Kevin Arce
14174501;14/09/2026 14:20:37;3;2;0001  215055-1;01;EASY 16-09;2091589;"CE01    ";"CENCOSUD S.A.                                     ";SAN LORENZO 4153;953389;"90-013         ";90-013 - PACK GRIF.CR SEVILLA (Lavatorio-Bide-Ducha c/t);4;4;4;23339422;120926072811045;183275093;;;;12/20/2031 00:00:00;4;13935989;12/09/2026 07:28:11;Maximiliano;Nievas;24614980;11/09/2026 14:46:27;7827;Javier;Machado;Maximiliano Nievas;Javier Machado
14174501;14/09/2026 14:20:37;3;2;0001  215055-1;01;EASY 16-09;2091589;"CE01    ";"CENCOSUD S.A.                                     ";SAN LORENZO 4153;953091;"80-138         ";80-138 - DUCHA EMB. C/TRANSF. CR C.CERAM VALENCIA PLUS;48;48;48;23339422;120926072811045;183266278;;;;01/14/2032 00:00:00;48;13935989;12/09/2026 07:28:11;Maximiliano;Nievas;24614980;11/09/2026 14:46:27;7827;Javier;Machado;Maximiliano Nievas;Javier Machado
14174501;14/09/2026 14:20:37;3;2;0001  215055-1;01;EASY 16-09;2091589;"CE01    ";"CENCOSUD S.A.                                     ";SAN LORENZO 4153;953090;"80-136         ";80-136 - DUCHA EMB. C/TRANSF. CR C.C. MARBELLA PLUS;28;28;28;23339422;120926072811045;183271079;;;;10/29/2031 00:00:00;28;13935989;12/09/2026 07:28:11;Maximiliano;Nievas;24614980;11/09/2026 14:46:27;7827;Javier;Machado;Maximiliano Nievas;Javier Machado
14174501;14/09/2026 14:20:37;3;2;0001  215055-1;01;EASY 16-09;2091589;"CE01    ";"CENCOSUD S.A.                                     ";SAN LORENZO 4153;952900;"70-138         ";70-138 - BIDE C.CERAM CR VALENCIA PLUS;15;15;15;23339422;120926072811045;183264599;;;;08/18/2031 00:00:00;15;13935989;12/09/2026 07:28:11;Maximiliano;Nievas;24614980;11/09/2026 14:46:27;7827;Javier;Machado;Maximiliano Nievas;Javier Machado
14174501;14/09/2026 14:20:37;3;2;0001  215055-1;01;EASY 16-09;2091589;"CE01    ";"CENCOSUD S.A.                                     ";SAN LORENZO 4153;952622;"60-138         ";60-138 - LAVATORIO C.CERAM CR VALENCIA PLUS;30;30;30;23339422;120926072811045;183263785;;;;10/08/2031 00:00:00;30;13935989;12/09/2026 07:28:11;Maximiliano;Nievas;24614980;11/09/2026 14:46:27;7827;Javier;Machado;Maximiliano Nievas;Javier Machado
14174501;14/09/2026 14:20:37;3;2;0001  215055-1;01;EASY 16-09;2091589;"CE01    ";"CENCOSUD S.A.                                     ";SAN LORENZO 4153;951098;"11006          ";"SET DE 6 PIEZAS LINEA 11000                                           ";10;10;10;23381909;140926141553019;183238793;;;;07/29/2031 00:00:00;10;13953959;14/09/2026 14:15:53;Gustavo;Soderquvist;;;;;;Gustavo Soderquvist;
14174501;14/09/2026 14:20:37;3;2;0001  215055-1;01;EASY 16-09;2091589;"CE01    ";"CENCOSUD S.A.                                     ";SAN LORENZO 4153;951523;"20-134         ";20-134 - MONOCOMANDO COCINA BETIS;120;120;120;23381909;140926141553019;183242522;;;;08/11/2031 00:00:00;120;13953959;14/09/2026 14:15:53;Gustavo;Soderquvist;;;;;;Gustavo Soderquvist;
14174501;14/09/2026 14:20:37;3;2;0001  215055-1;01;EASY 16-09;2091589;"CE01    ";"CENCOSUD S.A.                                     ";SAN LORENZO 4153;951528;"20-140         ";20-140 - MONOCOMANDO DE COCINA LINEA CUINA;5;5;5;23381909;140926141553019;183235547;;;;10/07/2031 00:00:00;5;13953959;14/09/2026 14:15:53;Gustavo;Soderquvist;;;;;;Gustavo Soderquvist;
14174501;14/09/2026 14:20:37;3;2;0001  215055-1;01;EASY 16-09;2091589;"CE01    ";"CENCOSUD S.A.                                     ";SAN LORENZO 4153;952498;"54-130         ";54-130 - MONOCOMANDO COCINA PARED EXT BILBAO;96;96;96;23381909;140926141553019;183238032;;;;07/27/2031 00:00:00;96;13953959;14/09/2026 14:15:53;Gustavo;Soderquvist;;;;;;Gustavo Soderquvist;
14176353;14/09/2026 11:56:50;3;2;0001  215056-1;01;EASY 16-09;2091589;"CE01    ";"CENCOSUD S.A.                                     ";SAN LORENZO 4153;954791;"A996           ";A996 - DUCHA 8' CUADRADA CR C/BRAZO Y CAMPANA;144;144;144;23350661;140926115648921;183357513;;;;07/29/2031 00:00:00;144;13946070;14/09/2026 11:56:48;Gustavo;Soderquvist;24626826;12/09/2026 07:19:33;6922;Franco;Potenza;Gustavo Soderquvist;Franco Potenza
14176353;14/09/2026 11:56:50;3;2;0001  215056-1;01;EASY 16-09;2091589;"CE01    ";"CENCOSUD S.A.                                     ";SAN LORENZO 4153;951114;"12005          ";"SET DE 5 PIEZAS LINEA 12000                                           ";90;90;90;23350661;140926115648921;183359921;;;;07/30/2031 00:00:00;90;13946070;14/09/2026 11:56:48;Gustavo;Soderquvist;24626826;12/09/2026 07:19:33;6922;Franco;Potenza;Gustavo Soderquvist;Franco Potenza
14176353;14/09/2026 11:56:50;3;2;0001  215056-1;01;EASY 16-09;2091589;"CE01    ";"CENCOSUD S.A.                                     ";SAN LORENZO 4153;953184;"8060           ";8060 - PORTA CEPILLO LINEA 8000;64;64;64;23375020;140926114928908;183359518;;;;07/27/2031 00:00:00;64;13949755;14/09/2026 11:49:28;Gustavo;Soderquvist;;;;;;Gustavo Soderquvist;
14176353;14/09/2026 11:56:50;3;2;0001  215056-1;01;EASY 16-09;2091589;"CE01    ";"CENCOSUD S.A.                                     ";SAN LORENZO 4153;951099;"11010          ";"TOALLERO BARRAL LINEA 11000                                           ";10;10;10;23375020;140926114928908;183358027;;;;07/27/2031 00:00:00;10;13949755;14/09/2026 11:49:28;Gustavo;Soderquvist;;;;;;Gustavo Soderquvist;
14176353;14/09/2026 11:56:50;3;2;0001  215056-1;01;EASY 16-09;2091589;"CE01    ";"CENCOSUD S.A.                                     ";SAN LORENZO 4153;951101;"11030          ";"PERCHA LINEA 11000                                                    ";30;30;30;23375020;140926114928908;183357888;;;;07/28/2031 00:00:00;30;13949755;14/09/2026 11:49:28;Gustavo;Soderquvist;;;;;;Gustavo Soderquvist;
14176353;14/09/2026 11:56:50;3;2;0001  215056-1;01;EASY 16-09;2091589;"CE01    ";"CENCOSUD S.A.                                     ";SAN LORENZO 4153;951103;"11050          ";"JABONERA LINEA 11000                                                  ";24;24;24;23375020;140926114928908;183357811;;;;07/28/2031 00:00:00;24;13949755;14/09/2026 11:49:28;Gustavo;Soderquvist;;;;;;Gustavo Soderquvist;
14176353;14/09/2026 11:56:50;3;2;0001  215056-1;01;EASY 16-09;2091589;"CE01    ";"CENCOSUD S.A.                                     ";SAN LORENZO 4153;953069;"8010           ";8010 - TOALLERO BARRAL LINEA 8000;20;20;20;23375020;140926114928908;183358070;;;;07/27/2031 00:00:00;20;13949755;14/09/2026 11:49:28;Gustavo;Soderquvist;;;;;;Gustavo Soderquvist;
14176353;14/09/2026 11:56:50;3;2;0001  215056-1;01;EASY 16-09;2091589;"CE01    ";"CENCOSUD S.A.                                     ";SAN LORENZO 4153;953167;"8030           ";8030 - PERCHA LINEA 8000;240;240;240;23375020;140926114928908;183358262;;;;07/29/2031 00:00:00;240;13949755;14/09/2026 11:49:28;Gustavo;Soderquvist;;;;;;Gustavo Soderquvist;
14176353;14/09/2026 11:56:50;3;2;0001  215056-1;01;EASY 16-09;2091589;"CE01    ";"CENCOSUD S.A.                                     ";SAN LORENZO 4153;953182;"8040           ";8040 - PORTA ROLLO LINEA 8000;260;260;260;23375020;140926114928908;183358544;;;;08/12/2031 00:00:00;260;13949755;14/09/2026 11:49:28;Gustavo;Soderquvist;;;;;;Gustavo Soderquvist;
14176353;14/09/2026 11:56:50;3;2;0001  215056-1;01;EASY 16-09;2091589;"CE01    ";"CENCOSUD S.A.                                     ";SAN LORENZO 4153;953183;"8050           ";8050 - JABONERA LINEA 8000;80;80;80;23375020;140926114928908;183359424;;;;07/27/2031 00:00:00;80;13949755;14/09/2026 11:49:28;Gustavo;Soderquvist;;;;;;Gustavo Soderquvist;
14176428;17/09/2026 07:24:17;3;2;0001  215060-1;01;EASY 18-09;2091589;"CE01    ";"CENCOSUD S.A.                                     ";SAN LORENZO 4153;954901;"BCH01          ";BCH01 - BACHA DE APOYAR CIRCULAR 320x145;10;10;10;23440895;170926072415603;184029826;;;;07/28/2031 00:00:00;10;14003662;17/09/2026 07:24:15;Maximiliano;Nievas;24716457;16/09/2026 11:03:13;6419;Tiago;Rodriguez;Maximiliano Nievas;Tiago Rodriguez
14176428;17/09/2026 07:24:17;3;2;0001  215060-1;01;EASY 18-09;2091589;"CE01    ";"CENCOSUD S.A.                                     ";SAN LORENZO 4153;954908;"BCH07          ";BCH07 - BACHA DE APOYAR OVALADA 400x330x150;13;13;13;23440895;170926072415603;184029421;;;;07/29/2031 00:00:00;13;14003662;17/09/2026 07:24:15;Maximiliano;Nievas;24716457;16/09/2026 11:03:13;6419;Tiago;Rodriguez;Maximiliano Nievas;Tiago Rodriguez
14176428;17/09/2026 07:24:17;3;2;0001  215060-1;01;EASY 18-09;2091589;"CE01    ";"CENCOSUD S.A.                                     ";SAN LORENZO 4153;952437;"51-057         ";51-057 - COCINA MESADA CR C.STD VERIN PLUS;70;70;70;23443262;170926070645263;184053556;;;;01/27/2032 00:00:00;10;14003330;17/09/2026 07:06:45;Maximiliano;Nievas;24718938;16/09/2026 13:08:38;7827;Javier;Machado;Maximiliano Nievas;Javier Machado
14176428;17/09/2026 07:24:17;3;2;0001  215060-1;01;EASY 18-09;2091589;"CE01    ";"CENCOSUD S.A.                                     ";SAN LORENZO 4153;952631;"60-153         ";60-153 - LAVATORIO CR C.CERAMICO CASTILLA;4;4;4;23465020;170926063044658;184075088;;;;11/23/2031 00:00:00;4;14003333;17/09/2026 06:30:44;Maximiliano;Nievas;;;;;;Maximiliano Nievas;
14176428;17/09/2026 07:24:17;3;2;0001  215060-1;01;EASY 18-09;2091589;"CE01    ";"CENCOSUD S.A.                                     ";SAN LORENZO 4153;953059;"80-057         ";80-057 - DUCHA EMB. C/TRANSF. C.STD VERIN PLUS;30;30;30;23465052;170926063250820;184208614;;;;02/08/2032 00:00:00;10;14003357;17/09/2026 06:32:50;Maximiliano;Nievas;;;;;;Maximiliano Nievas;
14176428;17/09/2026 07:24:17;3;2;0001  215060-1;01;EASY 18-09;2091589;"CE01    ";"CENCOSUD S.A.                                     ";SAN LORENZO 4153;953059;"80-057         ";80-057 - DUCHA EMB. C/TRANSF. C.STD VERIN PLUS;30;30;30;23465182;170926064159020;184209565;;;;02/08/2032 00:00:00;10;14003413;17/09/2026 06:41:59;Maximiliano;Nievas;;;;;;Maximiliano Nievas;
14176428;17/09/2026 07:24:17;3;2;0001  215060-1;01;EASY 18-09;2091589;"CE01    ";"CENCOSUD S.A.                                     ";SAN LORENZO 4153;953059;"80-057         ";80-057 - DUCHA EMB. C/TRANSF. C.STD VERIN PLUS;30;30;30;23465187;170926064212529;184073000;;;;02/08/2032 00:00:00;10;14003415;17/09/2026 06:42:12;Maximiliano;Nievas;;;;;;Maximiliano Nievas;
14176428;17/09/2026 07:24:17;3;2;0001  215060-1;01;EASY 18-09;2091589;"CE01    ";"CENCOSUD S.A.                                     ";SAN LORENZO 4153;952940;"70-194         ";70-194 - BIDE CR C.CERAM LINEA LARA;5;5;5;23465195;170926064300711;184074291;;;;01/03/2032 00:00:00;5;14003417;17/09/2026 06:43:00;Maximiliano;Nievas;;;;;;Maximiliano Nievas;
14176428;17/09/2026 07:24:17;3;2;0001  215060-1;01;EASY 18-09;2091589;"CE01    ";"CENCOSUD S.A.                                     ";SAN LORENZO 4153;953104;"80-153         ";80-153 - DUCHA EMB. C/TRANSF. CR C.CERAM CASTILLA;3;3;3;23465201;170926064348607;184074790;;;;01/20/2032 00:00:00;3;14003423;17/09/2026 06:43:48;Maximiliano;Nievas;;;;;;Maximiliano Nievas;
14176428;17/09/2026 07:24:17;3;2;0001  215060-1;01;EASY 18-09;2091589;"CE01    ";"CENCOSUD S.A.                                     ";SAN LORENZO 4153;952860;"70-057         ";70-057 - BIDE C.STD VERIN PLUS;10;10;10;23465307;170926064937307;184073334;;;;01/31/2032 00:00:00;10;14003465;17/09/2026 06:49:37;Maximiliano;Nievas;;;;;;Maximiliano Nievas;
14176428;17/09/2026 07:24:17;3;2;0001  215060-1;01;EASY 18-09;2091589;"CE01    ";"CENCOSUD S.A.                                     ";SAN LORENZO 4153;952582;"60-057         ";60-057 - LAVATORIO C.STD VERIN PLUS;50;50;50;23465307;170926064937307;184210262;;;;01/31/2032 00:00:00;10;14003465;17/09/2026 06:49:37;Maximiliano;Nievas;;;;;;Maximiliano Nievas;
14176428;17/09/2026 07:24:17;3;2;0001  215060-1;01;EASY 18-09;2091589;"CE01    ";"CENCOSUD S.A.                                     ";SAN LORENZO 4153;952582;"60-057         ";60-057 - LAVATORIO C.STD VERIN PLUS;50;50;50;23465342;170926065136995;184210425;;;;01/31/2032 00:00:00;10;14003486;17/09/2026 06:51:37;Maximiliano;Nievas;;;;;;Maximiliano Nievas;
14176428;17/09/2026 07:24:17;3;2;0001  215060-1;01;EASY 18-09;2091589;"CE01    ";"CENCOSUD S.A.                                     ";SAN LORENZO 4153;952582;"60-057         ";60-057 - LAVATORIO C.STD VERIN PLUS;50;50;50;23465373;170926065239080;184210503;;;;01/31/2032 00:00:00;10;14003496;17/09/2026 06:52:39;Maximiliano;Nievas;;;;;;Maximiliano Nievas;
14176428;17/09/2026 07:24:17;3;2;0001  215060-1;01;EASY 18-09;2091589;"CE01    ";"CENCOSUD S.A.                                     ";SAN LORENZO 4153;952582;"60-057         ";60-057 - LAVATORIO C.STD VERIN PLUS;50;50;50;23465378;170926065251871;184210521;;;;01/31/2032 00:00:00;10;14003498;17/09/2026 06:52:51;Maximiliano;Nievas;;;;;;Maximiliano Nievas;
14176428;17/09/2026 07:24:17;3;2;0001  215060-1;01;EASY 18-09;2091589;"CE01    ";"CENCOSUD S.A.                                     ";SAN LORENZO 4153;952582;"60-057         ";60-057 - LAVATORIO C.STD VERIN PLUS;50;50;50;23465382;170926065302482;184071500;;;;01/31/2032 00:00:00;10;14003501;17/09/2026 06:53:02;Maximiliano;Nievas;;;;;;Maximiliano Nievas;
14176428;17/09/2026 07:24:17;3;2;0001  215060-1;01;EASY 18-09;2091589;"CE01    ";"CENCOSUD S.A.                                     ";SAN LORENZO 4153;953141;"80-194         ";80-194 - DUCHA EMB. C/TRANSF. CR C.CERAM LARA;8;8;8;23465417;170926065436592;184210689;;;;02/10/2032 00:00:00;4;14003511;17/09/2026 06:54:36;Maximiliano;Nievas;;;;;;Maximiliano Nievas;
14176428;17/09/2026 07:24:17;3;2;0001  215060-1;01;EASY 18-09;2091589;"CE01    ";"CENCOSUD S.A.                                     ";SAN LORENZO 4153;953141;"80-194         ";80-194 - DUCHA EMB. C/TRANSF. CR C.CERAM LARA;8;8;8;23465420;170926065449385;184074058;;;;02/10/2032 00:00:00;4;14003513;17/09/2026 06:54:49;Maximiliano;Nievas;;;;;;Maximiliano Nievas;
14176428;17/09/2026 07:24:17;3;2;0001  215060-1;01;EASY 18-09;2091589;"CE01    ";"CENCOSUD S.A.                                     ";SAN LORENZO 4153;952437;"51-057         ";51-057 - COCINA MESADA CR C.STD VERIN PLUS;70;70;70;23465426;170926065508706;184210733;;;;01/27/2032 00:00:00;10;14003516;17/09/2026 06:55:08;Maximiliano;Nievas;;;;;;Maximiliano Nievas;
14176428;17/09/2026 07:24:17;3;2;0001  215060-1;01;EASY 18-09;2091589;"CE01    ";"CENCOSUD S.A.                                     ";SAN LORENZO 4153;952437;"51-057         ";51-057 - COCINA MESADA CR C.STD VERIN PLUS;70;70;70;23465439;170926065549868;184210807;;;;01/27/2032 00:00:00;10;14003517;17/09/2026 06:55:49;Maximiliano;Nievas;;;;;;Maximiliano Nievas;
14176428;17/09/2026 07:24:17;3;2;0001  215060-1;01;EASY 18-09;2091589;"CE01    ";"CENCOSUD S.A.                                     ";SAN LORENZO 4153;952437;"51-057         ";51-057 - COCINA MESADA CR C.STD VERIN PLUS;70;70;70;23465452;170926065619071;184210869;;;;01/27/2032 00:00:00;10;14003521;17/09/2026 06:56:19;Maximiliano;Nievas;;;;;;Maximiliano Nievas;
14176428;17/09/2026 07:24:17;3;2;0001  215060-1;01;EASY 18-09;2091589;"CE01    ";"CENCOSUD S.A.                                     ";SAN LORENZO 4153;952437;"51-057         ";51-057 - COCINA MESADA CR C.STD VERIN PLUS;70;70;70;23465462;170926065636649;184210895;;;;01/27/2032 00:00:00;10;14003524;17/09/2026 06:56:36;Maximiliano;Nievas;;;;;;Maximiliano Nievas;
14176428;17/09/2026 07:24:17;3;2;0001  215060-1;01;EASY 18-09;2091589;"CE01    ";"CENCOSUD S.A.                                     ";SAN LORENZO 4153;952437;"51-057         ";51-057 - COCINA MESADA CR C.STD VERIN PLUS;70;70;70;23465468;170926065654241;184210917;;;;01/27/2032 00:00:00;10;14003525;17/09/2026 06:56:54;Maximiliano;Nievas;;;;;;Maximiliano Nievas;
14176428;17/09/2026 07:24:17;3;2;0001  215060-1;01;EASY 18-09;2091589;"CE01    ";"CENCOSUD S.A.                                     ";SAN LORENZO 4153;952437;"51-057         ";51-057 - COCINA MESADA CR C.STD VERIN PLUS;70;70;70;23465475;170926065732234;184210972;;;;01/27/2032 00:00:00;10;14003528;17/09/2026 06:57:32;Maximiliano;Nievas;;;;;;Maximiliano Nievas;
14176429;16/09/2026 15:55:05;3;2;0001  215061-1;01;EASY 18-09;2091589;"CE01    ";"CENCOSUD S.A.                                     ";SAN LORENZO 4153;952661;"60-193         ";60-193 - LAVATORIO MONOCOMANDO BAJO MORA;12;12;12;23431530;160926141950831;183965376;;;;07/28/2031 00:00:00;12;13994673;16/09/2026 14:19:50;Gustavo;Soderquvist;24707617;16/09/2026 08:34:25;6867;Javier;Lescano;Gustavo Soderquvist;Javier Lescano
14176429;16/09/2026 15:55:05;3;2;0001  215061-1;01;EASY 18-09;2091589;"CE01    ";"CENCOSUD S.A.                                     ";SAN LORENZO 4153;951112;"12003          ";"SET DE 3 PIEZAS LINEA 12000                                           ";160;160;160;23431530;160926141950831;183964929;;;;08/12/2031 00:00:00;160;13994673;16/09/2026 14:19:50;Gustavo;Soderquvist;24707617;16/09/2026 08:34:25;6867;Javier;Lescano;Gustavo Soderquvist;Javier Lescano
14176429;16/09/2026 15:55:05;3;2;0001  215061-1;01;EASY 18-09;2091589;"CE01    ";"CENCOSUD S.A.                                     ";SAN LORENZO 4153;951258;"16006          ";16006 - SET 6 PIEZAS ACCESORIOS LINEA 16000;30;30;30;23431530;160926141950831;183964335;;;;07/29/2031 00:00:00;30;13994673;16/09/2026 14:19:50;Gustavo;Soderquvist;24707617;16/09/2026 08:34:25;6867;Javier;Lescano;Gustavo Soderquvist;Javier Lescano
14176429;16/09/2026 15:55:05;3;2;0001  215061-1;01;EASY 18-09;2091589;"CE01    ";"CENCOSUD S.A.                                     ";SAN LORENZO 4153;952453;"51-131         ";51-131 - MESADA BIMANDO CR C.CERAM MALLORCA;9;9;9;23438609;160926155505332;184025342;;;;01/31/2032 00:00:00;3;13993479;16/09/2026 15:55:05;Maximiliano;Nievas;24714056;16/09/2026 10:51:58;6419;Tiago;Rodriguez;Maximiliano Nievas;Tiago Rodriguez
14176429;16/09/2026 15:55:05;3;2;0001  215061-1;01;EASY 18-09;2091589;"CE01    ";"CENCOSUD S.A.                                     ";SAN LORENZO 4153;952439;"51-059         ";51-059 - COCINA MESADA BL/CR C.STD MALBA;82;82;82;23449206;160926134227678;184086923;;;;12/13/2031 00:00:00;10;13993515;16/09/2026 13:42:27;Maximiliano;Nievas;;;;;;Maximiliano Nievas;
14176429;16/09/2026 15:55:05;3;2;0001  215061-1;01;EASY 18-09;2091589;"CE01    ";"CENCOSUD S.A.                                     ";SAN LORENZO 4153;952439;"51-059         ";51-059 - COCINA MESADA BL/CR C.STD MALBA;82;82;82;23449288;160926134352159;184087446;;;;12/13/2031 00:00:00;10;13993573;16/09/2026 13:43:52;Maximiliano;Nievas;;;;;;Maximiliano Nievas;
14176429;16/09/2026 15:55:05;3;2;0001  215061-1;01;EASY 18-09;2091589;"CE01    ";"CENCOSUD S.A.                                     ";SAN LORENZO 4153;952439;"51-059         ";51-059 - COCINA MESADA BL/CR C.STD MALBA;82;82;82;23449299;160926134401910;184087528;;;;12/13/2031 00:00:00;10;13993582;16/09/2026 13:44:01;Maximiliano;Nievas;;;;;;Maximiliano Nievas;
14176429;16/09/2026 15:55:05;3;2;0001  215061-1;01;EASY 18-09;2091589;"CE01    ";"CENCOSUD S.A.                                     ";SAN LORENZO 4153;952439;"51-059         ";51-059 - COCINA MESADA BL/CR C.STD MALBA;82;82;82;23449304;160926134411258;184087607;;;;12/13/2031 00:00:00;10;13993588;16/09/2026 13:44:11;Maximiliano;Nievas;;;;;;Maximiliano Nievas;
14176429;16/09/2026 15:55:05;3;2;0001  215061-1;01;EASY 18-09;2091589;"CE01    ";"CENCOSUD S.A.                                     ";SAN LORENZO 4153;952439;"51-059         ";51-059 - COCINA MESADA BL/CR C.STD MALBA;82;82;82;23449311;160926134420917;184087669;;;;12/13/2031 00:00:00;10;13993596;16/09/2026 13:44:20;Maximiliano;Nievas;;;;;;Maximiliano Nievas;
14176429;16/09/2026 15:55:05;3;2;0001  215061-1;01;EASY 18-09;2091589;"CE01    ";"CENCOSUD S.A.                                     ";SAN LORENZO 4153;952439;"51-059         ";51-059 - COCINA MESADA BL/CR C.STD MALBA;82;82;82;23449328;160926134437700;184087783;;;;12/13/2031 00:00:00;10;13993600;16/09/2026 13:44:37;Maximiliano;Nievas;;;;;;Maximiliano Nievas;
14176429;16/09/2026 15:55:05;3;2;0001  215061-1;01;EASY 18-09;2091589;"CE01    ";"CENCOSUD S.A.                                     ";SAN LORENZO 4153;952439;"51-059         ";51-059 - COCINA MESADA BL/CR C.STD MALBA;82;82;82;23449343;160926134457529;184087926;;;;12/13/2031 00:00:00;10;13993610;16/09/2026 13:44:57;Maximiliano;Nievas;;;;;;Maximiliano Nievas;
14176429;16/09/2026 15:55:05;3;2;0001  215061-1;01;EASY 18-09;2091589;"CE01    ";"CENCOSUD S.A.                                     ";SAN LORENZO 4153;952439;"51-059         ";51-059 - COCINA MESADA BL/CR C.STD MALBA;82;82;82;23449355;160926134508706;184087992;;;;12/13/2031 00:00:00;10;13993616;16/09/2026 13:45:08;Maximiliano;Nievas;;;;;;Maximiliano Nievas;
14176429;16/09/2026 15:55:05;3;2;0001  215061-1;01;EASY 18-09;2091589;"CE01    ";"CENCOSUD S.A.                                     ";SAN LORENZO 4153;952439;"51-059         ";51-059 - COCINA MESADA BL/CR C.STD MALBA;82;82;82;23449374;160926134521892;184020989;;;;12/13/2031 00:00:00;2;13993621;16/09/2026 13:45:21;Maximiliano;Nievas;;;;;;Maximiliano Nievas;
14176429;16/09/2026 15:55:05;3;2;0001  215061-1;01;EASY 18-09;2091589;"CE01    ";"CENCOSUD S.A.                                     ";SAN LORENZO 4153;952438;"51-058         ";51-058 - COCINA MESADA CR C.STD MALBA;334;334;334;23450229;160926135827541;184094000;;;;10/19/2031 00:00:00;10;13994111;16/09/2026 13:58:27;Maximiliano;Nievas;;;;;;Maximiliano Nievas;
14176429;16/09/2026 15:55:05;3;2;0001  215061-1;01;EASY 18-09;2091589;"CE01    ";"CENCOSUD S.A.                                     ";SAN LORENZO 4153;952438;"51-058         ";51-058 - COCINA MESADA CR C.STD MALBA;334;334;334;23451019;160926141154369;184100225;;;;10/19/2031 00:00:00;10;13994572;16/09/2026 14:11:54;Maximiliano;Nievas;;;;;;Maximiliano Nievas;
14176429;16/09/2026 15:55:05;3;2;0001  215061-1;01;EASY 18-09;2091589;"CE01    ";"CENCOSUD S.A.                                     ";SAN LORENZO 4153;952438;"51-058         ";51-058 - COCINA MESADA CR C.STD MALBA;334;334;334;23451029;160926141204426;184100296;;;;10/19/2031 00:00:00;10;13994579;16/09/2026 14:12:04;Maximiliano;Nievas;;;;;;Maximiliano Nievas;
14176429;16/09/2026 15:55:05;3;2;0001  215061-1;01;EASY 18-09;2091589;"CE01    ";"CENCOSUD S.A.                                     ";SAN LORENZO 4153;952438;"51-058         ";51-058 - COCINA MESADA CR C.STD MALBA;334;334;334;23451038;160926141213545;184100359;;;;10/19/2031 00:00:00;10;13994585;16/09/2026 14:12:13;Maximiliano;Nievas;;;;;;Maximiliano Nievas;
14176429;16/09/2026 15:55:05;3;2;0001  215061-1;01;EASY 18-09;2091589;"CE01    ";"CENCOSUD S.A.                                     ";SAN LORENZO 4153;952438;"51-058         ";51-058 - COCINA MESADA CR C.STD MALBA;334;334;334;23451068;160926141223273;184100441;;;;10/19/2031 00:00:00;10;13994590;16/09/2026 14:12:23;Maximiliano;Nievas;;;;;;Maximiliano Nievas;
14176429;16/09/2026 15:55:05;3;2;0001  215061-1;01;EASY 18-09;2091589;"CE01    ";"CENCOSUD S.A.                                     ";SAN LORENZO 4153;952438;"51-058         ";51-058 - COCINA MESADA CR C.STD MALBA;334;334;334;23451082;160926141232264;184100528;;;;10/19/2031 00:00:00;10;13994597;16/09/2026 14:12:32;Maximiliano;Nievas;;;;;;Maximiliano Nievas;
14176429;16/09/2026 15:55:05;3;2;0001  215061-1;01;EASY 18-09;2091589;"CE01    ";"CENCOSUD S.A.                                     ";SAN LORENZO 4153;952438;"51-058         ";51-058 - COCINA MESADA CR C.STD MALBA;334;334;334;23451091;160926141241492;184100620;;;;10/19/2031 00:00:00;10;13994602;16/09/2026 14:12:41;Maximiliano;Nievas;;;;;;Maximiliano Nievas;
14176429;16/09/2026 15:55:05;3;2;0001  215061-1;01;EASY 18-09;2091589;"CE01    ";"CENCOSUD S.A.                                     ";SAN LORENZO 4153;952438;"51-058         ";51-058 - COCINA MESADA CR C.STD MALBA;334;334;334;23451103;160926141250547;184100687;;;;10/19/2031 00:00:00;10;13994607;16/09/2026 14:12:50;Maximiliano;Nievas;;;;;;Maximiliano Nievas;
14176429;16/09/2026 15:55:05;3;2;0001  215061-1;01;EASY 18-09;2091589;"CE01    ";"CENCOSUD S.A.                                     ";SAN LORENZO 4153;952438;"51-058         ";51-058 - COCINA MESADA CR C.STD MALBA;334;334;334;23451113;160926141300940;184100768;;;;10/19/2031 00:00:00;10;13994612;16/09/2026 14:13:00;Maximiliano;Nievas;;;;;;Maximiliano Nievas;
14176429;16/09/2026 15:55:05;3;2;0001  215061-1;01;EASY 18-09;2091589;"CE01    ";"CENCOSUD S.A.                                     ";SAN LORENZO 4153;952438;"51-058         ";51-058 - COCINA MESADA CR C.STD MALBA;334;334;334;23452655;160926143918573;184112829;;;;10/19/2031 00:00:00;10;13995650;16/09/2026 14:39:18;Maximiliano;Nievas;;;;;;Maximiliano Nievas;
14176429;16/09/2026 15:55:05;3;2;0001  215061-1;01;EASY 18-09;2091589;"CE01    ";"CENCOSUD S.A.                                     ";SAN LORENZO 4153;952438;"51-058         ";51-058 - COCINA MESADA CR C.STD MALBA;334;334;334;23452669;160926143932920;184112948;;;;10/19/2031 00:00:00;10;13995661;16/09/2026 14:39:32;Maximiliano;Nievas;;;;;;Maximiliano Nievas;
14176429;16/09/2026 15:55:05;3;2;0001  215061-1;01;EASY 18-09;2091589;"CE01    ";"CENCOSUD S.A.                                     ";SAN LORENZO 4153;952438;"51-058         ";51-058 - COCINA MESADA CR C.STD MALBA;334;334;334;23452702;160926143948316;184113055;;;;10/19/2031 00:00:00;10;13995670;16/09/2026 14:39:48;Maximiliano;Nievas;;;;;;Maximiliano Nievas;
14176429;16/09/2026 15:55:05;3;2;0001  215061-1;01;EASY 18-09;2091589;"CE01    ";"CENCOSUD S.A.                                     ";SAN LORENZO 4153;952438;"51-058         ";51-058 - COCINA MESADA CR C.STD MALBA;334;334;334;23452717;160926143958788;184113125;;;;10/19/2031 00:00:00;10;13995673;16/09/2026 14:39:58;Maximiliano;Nievas;;;;;;Maximiliano Nievas;
14176429;16/09/2026 15:55:05;3;2;0001  215061-1;01;EASY 18-09;2091589;"CE01    ";"CENCOSUD S.A.                                     ";SAN LORENZO 4153;952438;"51-058         ";51-058 - COCINA MESADA CR C.STD MALBA;334;334;334;23452956;160926144408027;184115101;;;;10/19/2031 00:00:00;10;13995873;16/09/2026 14:44:08;Maximiliano;Nievas;;;;;;Maximiliano Nievas;
14176429;16/09/2026 15:55:05;3;2;0001  215061-1;01;EASY 18-09;2091589;"CE01    ";"CENCOSUD S.A.                                     ";SAN LORENZO 4153;952438;"51-058         ";51-058 - COCINA MESADA CR C.STD MALBA;334;334;334;23453046;160926144608128;184116023;;;;10/19/2031 00:00:00;10;13995941;16/09/2026 14:46:08;Maximiliano;Nievas;;;;;;Maximiliano Nievas;
14176429;16/09/2026 15:55:05;3;2;0001  215061-1;01;EASY 18-09;2091589;"CE01    ";"CENCOSUD S.A.                                     ";SAN LORENZO 4153;952438;"51-058         ";51-058 - COCINA MESADA CR C.STD MALBA;334;334;334;23453060;160926144623283;184116130;;;;10/19/2031 00:00:00;10;13995952;16/09/2026 14:46:23;Maximiliano;Nievas;;;;;;Maximiliano Nievas;
14176429;16/09/2026 15:55:05;3;2;0001  215061-1;01;EASY 18-09;2091589;"CE01    ";"CENCOSUD S.A.                                     ";SAN LORENZO 4153;952438;"51-058         ";51-058 - COCINA MESADA CR C.STD MALBA;334;334;334;23453085;160926144642977;184116298;;;;10/19/2031 00:00:00;10;13995963;16/09/2026 14:46:42;Maximiliano;Nievas;;;;;;Maximiliano Nievas;
14176429;16/09/2026 15:55:05;3;2;0001  215061-1;01;EASY 18-09;2091589;"CE01    ";"CENCOSUD S.A.                                     ";SAN LORENZO 4153;952438;"51-058         ";51-058 - COCINA MESADA CR C.STD MALBA;334;334;334;23453091;160926144653689;184116372;;;;10/19/2031 00:00:00;10;13995971;16/09/2026 14:46:53;Maximiliano;Nievas;;;;;;Maximiliano Nievas;
14176429;16/09/2026 15:55:05;3;2;0001  215061-1;01;EASY 18-09;2091589;"CE01    ";"CENCOSUD S.A.                                     ";SAN LORENZO 4153;952438;"51-058         ";51-058 - COCINA MESADA CR C.STD MALBA;334;334;334;23453112;160926144710040;184116486;;;;10/19/2031 00:00:00;10;13995981;16/09/2026 14:47:10;Maximiliano;Nievas;;;;;;Maximiliano Nievas;
14176429;16/09/2026 15:55:05;3;2;0001  215061-1;01;EASY 18-09;2091589;"CE01    ";"CENCOSUD S.A.                                     ";SAN LORENZO 4153;952438;"51-058         ";51-058 - COCINA MESADA CR C.STD MALBA;334;334;334;23453119;160926144719682;184116562;;;;10/19/2031 00:00:00;10;13995987;16/09/2026 14:47:19;Maximiliano;Nievas;;;;;;Maximiliano Nievas;
14176429;16/09/2026 15:55:05;3;2;0001  215061-1;01;EASY 18-09;2091589;"CE01    ";"CENCOSUD S.A.                                     ";SAN LORENZO 4153;952438;"51-058         ";51-058 - COCINA MESADA CR C.STD MALBA;334;334;334;23453145;160926144745777;184116748;;;;10/19/2031 00:00:00;10;13996000;16/09/2026 14:47:45;Maximiliano;Nievas;;;;;;Maximiliano Nievas;
14176429;16/09/2026 15:55:05;3;2;0001  215061-1;01;EASY 18-09;2091589;"CE01    ";"CENCOSUD S.A.                                     ";SAN LORENZO 4153;952438;"51-058         ";51-058 - COCINA MESADA CR C.STD MALBA;334;334;334;23453472;160926145407753;184119619;;;;10/19/2031 00:00:00;10;13996197;16/09/2026 14:54:07;Maximiliano;Nievas;;;;;;Maximiliano Nievas;
14176429;16/09/2026 15:55:05;3;2;0001  215061-1;01;EASY 18-09;2091589;"CE01    ";"CENCOSUD S.A.                                     ";SAN LORENZO 4153;952438;"51-058         ";51-058 - COCINA MESADA CR C.STD MALBA;334;334;334;23453484;160926145419455;184119691;;;;10/19/2031 00:00:00;10;13996203;16/09/2026 14:54:19;Maximiliano;Nievas;;;;;;Maximiliano Nievas;
14176429;16/09/2026 15:55:05;3;2;0001  215061-1;01;EASY 18-09;2091589;"CE01    ";"CENCOSUD S.A.                                     ";SAN LORENZO 4153;952438;"51-058         ";51-058 - COCINA MESADA CR C.STD MALBA;334;334;334;23453490;160926145429976;184119792;;;;10/19/2031 00:00:00;10;13996209;16/09/2026 14:54:29;Maximiliano;Nievas;;;;;;Maximiliano Nievas;
14176429;16/09/2026 15:55:05;3;2;0001  215061-1;01;EASY 18-09;2091589;"CE01    ";"CENCOSUD S.A.                                     ";SAN LORENZO 4153;952438;"51-058         ";51-058 - COCINA MESADA CR C.STD MALBA;334;334;334;23453499;160926145444020;184119902;;;;10/19/2031 00:00:00;10;13996215;16/09/2026 14:54:44;Maximiliano;Nievas;;;;;;Maximiliano Nievas;
14176429;16/09/2026 15:55:05;3;2;0001  215061-1;01;EASY 18-09;2091589;"CE01    ";"CENCOSUD S.A.                                     ";SAN LORENZO 4153;952438;"51-058         ";51-058 - COCINA MESADA CR C.STD MALBA;334;334;334;23453513;160926145501580;184120032;;;;10/19/2031 00:00:00;10;13996226;16/09/2026 14:55:01;Maximiliano;Nievas;;;;;;Maximiliano Nievas;
14176429;16/09/2026 15:55:05;3;2;0001  215061-1;01;EASY 18-09;2091589;"CE01    ";"CENCOSUD S.A.                                     ";SAN LORENZO 4153;952438;"51-058         ";51-058 - COCINA MESADA CR C.STD MALBA;334;334;334;23453561;160926145524864;184120202;;;;10/19/2031 00:00:00;10;13996241;16/09/2026 14:55:24;Maximiliano;Nievas;;;;;;Maximiliano Nievas;
14176429;16/09/2026 15:55:05;3;2;0001  215061-1;01;EASY 18-09;2091589;"CE01    ";"CENCOSUD S.A.                                     ";SAN LORENZO 4153;952438;"51-058         ";51-058 - COCINA MESADA CR C.STD MALBA;334;334;334;23453565;160926145535247;184120272;;;;10/19/2031 00:00:00;10;13996248;16/09/2026 14:55:35;Maximiliano;Nievas;;;;;;Maximiliano Nievas;
14176429;16/09/2026 15:55:05;3;2;0001  215061-1;01;EASY 18-09;2091589;"CE01    ";"CENCOSUD S.A.                                     ";SAN LORENZO 4153;952438;"51-058         ";51-058 - COCINA MESADA CR C.STD MALBA;334;334;334;23453572;160926145546336;184120362;;;;10/19/2031 00:00:00;10;13996253;16/09/2026 14:55:46;Maximiliano;Nievas;;;;;;Maximiliano Nievas;
14176429;16/09/2026 15:55:05;3;2;0001  215061-1;01;EASY 18-09;2091589;"CE01    ";"CENCOSUD S.A.                                     ";SAN LORENZO 4153;952438;"51-058         ";51-058 - COCINA MESADA CR C.STD MALBA;334;334;334;23453606;160926145603247;184120477;;;;10/19/2031 00:00:00;10;13996262;16/09/2026 14:56:03;Maximiliano;Nievas;;;;;;Maximiliano Nievas;
14176429;16/09/2026 15:55:05;3;2;0001  215061-1;01;EASY 18-09;2091589;"CE01    ";"CENCOSUD S.A.                                     ";SAN LORENZO 4153;952438;"51-058         ";51-058 - COCINA MESADA CR C.STD MALBA;334;334;334;23453612;160926145614399;184120542;;;;10/19/2031 00:00:00;10;13996274;16/09/2026 14:56:14;Maximiliano;Nievas;;;;;;Maximiliano Nievas;
14176429;16/09/2026 15:55:05;3;2;0001  215061-1;01;EASY 18-09;2091589;"CE01    ";"CENCOSUD S.A.                                     ";SAN LORENZO 4153;952438;"51-058         ";51-058 - COCINA MESADA CR C.STD MALBA;334;334;334;23453633;160926145631395;184120659;;;;10/19/2031 00:00:00;10;13996283;16/09/2026 14:56:31;Maximiliano;Nievas;;;;;;Maximiliano Nievas;
14176429;16/09/2026 15:55:05;3;2;0001  215061-1;01;EASY 18-09;2091589;"CE01    ";"CENCOSUD S.A.                                     ";SAN LORENZO 4153;952438;"51-058         ";51-058 - COCINA MESADA CR C.STD MALBA;334;334;334;23453641;160926145642127;184120737;;;;10/19/2031 00:00:00;10;13996292;16/09/2026 14:56:42;Maximiliano;Nievas;;;;;;Maximiliano Nievas;
14176429;16/09/2026 15:55:05;3;2;0001  215061-1;01;EASY 18-09;2091589;"CE01    ";"CENCOSUD S.A.                                     ";SAN LORENZO 4153;952438;"51-058         ";51-058 - COCINA MESADA CR C.STD MALBA;334;334;334;23454568;160926151317281;184013424;;;;10/19/2031 00:00:00;4;13996937;16/09/2026 15:13:17;Maximiliano;Nievas;;;;;;Maximiliano Nievas;
14176429;16/09/2026 15:55:05;3;2;0001  215061-1;01;EASY 18-09;2091589;"CE01    ";"CENCOSUD S.A.                                     ";SAN LORENZO 4153;953061;"80-059         ";80-059 - DUCHA EMB. C/TRANSF.BL/CR C.STD MALBA;30;30;30;23455570;160926153311914;184137221;;;;02/23/2032 00:00:00;5;13997761;16/09/2026 15:33:11;Maximiliano;Nievas;;;;;;Maximiliano Nievas;
14176429;16/09/2026 15:55:05;3;2;0001  215061-1;01;EASY 18-09;2091589;"CE01    ";"CENCOSUD S.A.                                     ";SAN LORENZO 4153;953061;"80-059         ";80-059 - DUCHA EMB. C/TRANSF.BL/CR C.STD MALBA;30;30;30;23455574;160926153321688;184137296;;;;02/23/2032 00:00:00;5;13997768;16/09/2026 15:33:21;Maximiliano;Nievas;;;;;;Maximiliano Nievas;
14176429;16/09/2026 15:55:05;3;2;0001  215061-1;01;EASY 18-09;2091589;"CE01    ";"CENCOSUD S.A.                                     ";SAN LORENZO 4153;953061;"80-059         ";80-059 - DUCHA EMB. C/TRANSF.BL/CR C.STD MALBA;30;30;30;23455580;160926153336755;184137385;;;;02/23/2032 00:00:00;5;13997776;16/09/2026 15:33:36;Maximiliano;Nievas;;;;;;Maximiliano Nievas;
14176429;16/09/2026 15:55:05;3;2;0001  215061-1;01;EASY 18-09;2091589;"CE01    ";"CENCOSUD S.A.                                     ";SAN LORENZO 4153;953061;"80-059         ";80-059 - DUCHA EMB. C/TRANSF.BL/CR C.STD MALBA;30;30;30;23455590;160926153346099;184137461;;;;02/23/2032 00:00:00;5;13997783;16/09/2026 15:33:46;Maximiliano;Nievas;;;;;;Maximiliano Nievas;
14176429;16/09/2026 15:55:05;3;2;0001  215061-1;01;EASY 18-09;2091589;"CE01    ";"CENCOSUD S.A.                                     ";SAN LORENZO 4153;953061;"80-059         ";80-059 - DUCHA EMB. C/TRANSF.BL/CR C.STD MALBA;30;30;30;23455599;160926153355489;184137526;;;;02/23/2032 00:00:00;5;13997790;16/09/2026 15:33:55;Maximiliano;Nievas;;;;;;Maximiliano Nievas;
14176429;16/09/2026 15:55:05;3;2;0001  215061-1;01;EASY 18-09;2091589;"CE01    ";"CENCOSUD S.A.                                     ";SAN LORENZO 4153;953061;"80-059         ";80-059 - DUCHA EMB. C/TRANSF.BL/CR C.STD MALBA;30;30;30;23455602;160926153405014;184022721;;;;02/23/2032 00:00:00;5;13997799;16/09/2026 15:34:05;Maximiliano;Nievas;;;;;;Maximiliano Nievas;
14176429;16/09/2026 15:55:05;3;2;0001  215061-1;01;EASY 18-09;2091589;"CE01    ";"CENCOSUD S.A.                                     ";SAN LORENZO 4153;952597;"60-100N        ";60-100N - LAVATORIO BLACK C.CERAM FABRIC;4;4;4;23456701;160926155248527;184025555;;;;12/01/2031 00:00:00;4;13998484;16/09/2026 15:52:48;Maximiliano;Nievas;;;;;;Maximiliano Nievas;
14176429;16/09/2026 15:55:05;3;2;0001  215061-1;01;EASY 18-09;2091589;"CE01    ";"CENCOSUD S.A.                                     ";SAN LORENZO 4153;952452;"51-122         ";51-122 - MESADA BIMANDO CR C.CERAM VALENCIA;12;12;12;23456708;160926155304470;184146680;;;;02/01/2032 00:00:00;3;13998497;16/09/2026 15:53:04;Maximiliano;Nievas;;;;;;Maximiliano Nievas;
14176429;16/09/2026 15:55:05;3;2;0001  215061-1;01;EASY 18-09;2091589;"CE01    ";"CENCOSUD S.A.                                     ";SAN LORENZO 4153;953148;"80-199         ";80-199 - DUCHA EMB. C/TRANSF. CR C.CERAM LIVE;3;3;3;23456716;160926155320829;184023597;;;;11/04/2031 00:00:00;3;13998506;16/09/2026 15:53:20;Maximiliano;Nievas;;;;;;Maximiliano Nievas;
14176429;16/09/2026 15:55:05;3;2;0001  215061-1;01;EASY 18-09;2091589;"CE01    ";"CENCOSUD S.A.                                     ";SAN LORENZO 4153;952452;"51-122         ";51-122 - MESADA BIMANDO CR C.CERAM VALENCIA;12;12;12;23456749;160926155342263;184146921;;;;02/01/2032 00:00:00;3;13998518;16/09/2026 15:53:42;Maximiliano;Nievas;;;;;;Maximiliano Nievas;
14176429;16/09/2026 15:55:05;3;2;0001  215061-1;01;EASY 18-09;2091589;"CE01    ";"CENCOSUD S.A.                                     ";SAN LORENZO 4153;952452;"51-122         ";51-122 - MESADA BIMANDO CR C.CERAM VALENCIA;12;12;12;23456764;160926155400839;184147036;;;;02/01/2032 00:00:00;3;13998530;16/09/2026 15:54:00;Maximiliano;Nievas;;;;;;Maximiliano Nievas;
14176429;16/09/2026 15:55:05;3;2;0001  215061-1;01;EASY 18-09;2091589;"CE01    ";"CENCOSUD S.A.                                     ";SAN LORENZO 4153;952452;"51-122         ";51-122 - MESADA BIMANDO CR C.CERAM VALENCIA;12;12;12;23456777;160926155419467;184024613;;;;02/01/2032 00:00:00;3;13998545;16/09/2026 15:54:19;Maximiliano;Nievas;;;;;;Maximiliano Nievas;
14176429;16/09/2026 15:55:05;3;2;0001  215061-1;01;EASY 18-09;2091589;"CE01    ";"CENCOSUD S.A.                                     ";SAN LORENZO 4153;952453;"51-131         ";51-131 - MESADA BIMANDO CR C.CERAM MALLORCA;9;9;9;23456789;160926155436703;184147309;;;;01/31/2032 00:00:00;3;13998559;16/09/2026 15:54:36;Maximiliano;Nievas;;;;;;Maximiliano Nievas;
14176429;16/09/2026 15:55:05;3;2;0001  215061-1;01;EASY 18-09;2091589;"CE01    ";"CENCOSUD S.A.                                     ";SAN LORENZO 4153;952453;"51-131         ";51-131 - MESADA BIMANDO CR C.CERAM MALLORCA;9;9;9;23456805;160926155453042;184147439;;;;01/31/2032 00:00:00;3;13998569;16/09/2026 15:54:53;Maximiliano;Nievas;;;;;;Maximiliano Nievas;
14176430;17/09/2026 08:07:00;3;2;0001  215062-1;01;EASY 18-09;2091589;"CE01    ";"CENCOSUD S.A.                                     ";SAN LORENZO 4153;951324;"19006          ";19006 - SET DE 6 PIEZAS LINEA 19000;10;10;10;23431099;160926230658298;183963899;;;;07/28/2031 00:00:00;10;14003901;17/09/2026 08:06:58;Mirko;Hernandez;24707193;16/09/2026 08:34:19;7152;Mirko;Hernandez;Mirko Hernandez;Mirko Hernandez
14176430;17/09/2026 08:07:00;3;2;0001  215062-1;01;EASY 18-09;2091589;"CE01    ";"CENCOSUD S.A.                                     ";SAN LORENZO 4153;951325;"19010          ";19010 - TOALLERO BARRAL LINEA 19000;36;36;36;23431099;160926230658298;183973200;;;;07/30/2031 00:00:00;36;14003901;17/09/2026 08:06:58;Mirko;Hernandez;24707193;16/09/2026 08:34:19;7152;Mirko;Hernandez;Mirko Hernandez;Mirko Hernandez
14176430;17/09/2026 08:07:00;3;2;0001  215062-1;01;EASY 18-09;2091589;"CE01    ";"CENCOSUD S.A.                                     ";SAN LORENZO 4153;951326;"19020          ";19020 - TOALLERO DE ARO LINEA 19000;30;30;30;23431099;160926230658298;183973865;;;;07/29/2031 00:00:00;30;14003901;17/09/2026 08:06:58;Mirko;Hernandez;24707193;16/09/2026 08:34:19;7152;Mirko;Hernandez;Mirko Hernandez;Mirko Hernandez
14176430;17/09/2026 08:07:00;3;2;0001  215062-1;01;EASY 18-09;2091589;"CE01    ";"CENCOSUD S.A.                                     ";SAN LORENZO 4153;951565;"20-205         ";20-205 - MONOCOMANDO DE COCINA STEEL;44;44;44;23431099;160926230658298;183971279;;;;07/28/2031 00:00:00;44;14003901;17/09/2026 08:06:58;Mirko;Hernandez;24707193;16/09/2026 08:34:19;7152;Mirko;Hernandez;Mirko Hernandez;Mirko Hernandez
14176430;17/09/2026 08:07:00;3;2;0001  215062-1;01;EASY 18-09;2091589;"CE01    ";"CENCOSUD S.A.                                     ";SAN LORENZO 4153;952679;"60-205         ";60-205 - LAVATORIO MONOC BAJO STEEL;16;16;16;23431099;160926230658298;183962656;;;;07/28/2031 00:00:00;16;14003901;17/09/2026 08:06:58;Mirko;Hernandez;24707193;16/09/2026 08:34:19;7152;Mirko;Hernandez;Mirko Hernandez;Mirko Hernandez
14176430;17/09/2026 08:07:00;3;2;0001  215062-1;01;EASY 18-09;2091589;"CE01    ";"CENCOSUD S.A.                                     ";SAN LORENZO 4153;952728;"61-205         ";61-205 - LAVATORIO MONOC ALTO STEEL;143;143;143;23431099;160926230658298;183962369;;;;07/28/2031 00:00:00;143;14003901;17/09/2026 08:06:58;Mirko;Hernandez;24707193;16/09/2026 08:34:19;7152;Mirko;Hernandez;Mirko Hernandez;Mirko Hernandez
14176430;17/09/2026 08:07:00;3;2;0001  215062-1;01;EASY 18-09;2091589;"CE01    ";"CENCOSUD S.A.                                     ";SAN LORENZO 4153;952956;"70-205         ";70-205 - BIDE MONOCOMANDO STEEL;4;4;4;23431099;160926230658298;183967020;;;;11/08/2031 00:00:00;4;14003901;17/09/2026 08:06:58;Mirko;Hernandez;24707193;16/09/2026 08:34:19;7152;Mirko;Hernandez;Mirko Hernandez;Mirko Hernandez
14176430;17/09/2026 08:07:00;3;2;0001  215062-1;01;EASY 18-09;2091589;"CE01    ";"CENCOSUD S.A.                                     ";SAN LORENZO 4153;953161;"80-205         ";80-205 - DUCHA EMB. C/TRANSF. MONOC STEEL;14;14;14;23431099;160926230658298;183966538;;;;08/11/2031 00:00:00;14;14003901;17/09/2026 08:06:58;Mirko;Hernandez;24707193;16/09/2026 08:34:19;7152;Mirko;Hernandez;Mirko Hernandez;Mirko Hernandez
14176430;17/09/2026 08:07:00;3;2;0001  215062-1;01;EASY 18-09;2091589;"CE01    ";"CENCOSUD S.A.                                     ";SAN LORENZO 4153;953320;"83-203         ";83-203 - DUCHA EXT C/TRANSF. MONOCOMANDO ADRA;26;26;26;23431099;160926230658298;183965528;;;;07/29/2031 00:00:00;26;14003901;17/09/2026 08:06:58;Mirko;Hernandez;24707193;16/09/2026 08:34:19;7152;Mirko;Hernandez;Mirko Hernandez;Mirko Hernandez
14176430;17/09/2026 08:07:00;3;2;0001  215062-1;01;EASY 18-09;2091589;"CE01    ";"CENCOSUD S.A.                                     ";SAN LORENZO 4153;954921;"BCH18          ";BCH18 - BACHA DE APOYAR SIMIL MARMOL 460x320x140;42;42;42;23440748;170926073358073;184027381;;;;10/04/2031 00:00:00;42;14003832;17/09/2026 07:33:58;Maximiliano;Nievas;24716237;16/09/2026 10:56:22;6419;Tiago;Rodriguez;Maximiliano Nievas;Tiago Rodriguez
14176431;16/09/2026 16:46:14;3;2;0001  215064-1;01;EASY 18-09;2091589;"CE01    ";"CENCOSUD S.A.                                     ";SAN LORENZO 4153;956484;"LG02C20        ";"MONOCOMANDO COCINA CR GINEBRA                                         ";54;54;54;23431504;160926164614526;183964228;;;;07/29/2031 00:00:00;6;14000154;16/09/2026 16:46:14;Maximiliano;Nievas;24707600;16/09/2026 08:44:55;6419;Tiago;Rodriguez;Maximiliano Nievas;Tiago Rodriguez
14176431;16/09/2026 16:46:14;3;2;0001  215064-1;01;EASY 18-09;2091589;"CE01    ";"CENCOSUD S.A.                                     ";SAN LORENZO 4153;952993;"790            ";790 - JGO. MESADA CR C.CERAM PRAGMA;130;130;130;23440186;160926162155683;184033100;;;;01/26/2032 00:00:00;10;13998921;16/09/2026 16:21:55;Maximiliano;Nievas;24715698;16/09/2026 11:36:03;7827;Javier;Machado;Maximiliano Nievas;Javier Machado
14176431;16/09/2026 16:46:14;3;2;0001  215064-1;01;EASY 18-09;2091589;"CE01    ";"CENCOSUD S.A.                                     ";SAN LORENZO 4153;952616;"60-131         ";60-131 - LAVATORIO C.CERAM CR MALLORCA;15;15;15;23457342;160926160451954;184151269;;;;01/03/2032 00:00:00;5;13998968;16/09/2026 16:04:51;Maximiliano;Nievas;;;;;;Maximiliano Nievas;
14176431;16/09/2026 16:46:14;3;2;0001  215064-1;01;EASY 18-09;2091589;"CE01    ";"CENCOSUD S.A.                                     ";SAN LORENZO 4153;952616;"60-131         ";60-131 - LAVATORIO C.CERAM CR MALLORCA;15;15;15;23457357;160926160501482;184151331;;;;01/03/2032 00:00:00;5;13998974;16/09/2026 16:05:01;Maximiliano;Nievas;;;;;;Maximiliano Nievas;
14176431;16/09/2026 16:46:14;3;2;0001  215064-1;01;EASY 18-09;2091589;"CE01    ";"CENCOSUD S.A.                                     ";SAN LORENZO 4153;952616;"60-131         ";60-131 - LAVATORIO C.CERAM CR MALLORCA;15;15;15;23457367;160926160513213;184043330;;;;01/03/2032 00:00:00;5;13998980;16/09/2026 16:05:13;Maximiliano;Nievas;;;;;;Maximiliano Nievas;
14176431;16/09/2026 16:46:14;3;2;0001  215064-1;01;EASY 18-09;2091589;"CE01    ";"CENCOSUD S.A.                                     ";SAN LORENZO 4153;952502;"55-001         ";"55-001 - COCINA PARED EMBUTIR PICO ALTO ""CROMO Y""";80;80;80;23457476;160926160701689;184152201;;;;10/12/2031 00:00:00;10;13999034;16/09/2026 16:07:01;Maximiliano;Nievas;;;;;;Maximiliano Nievas;
14176431;16/09/2026 16:46:14;3;2;0001  215064-1;01;EASY 18-09;2091589;"CE01    ";"CENCOSUD S.A.                                     ";SAN LORENZO 4153;952502;"55-001         ";"55-001 - COCINA PARED EMBUTIR PICO ALTO ""CROMO Y""";80;80;80;23457481;160926160713529;184152286;;;;10/12/2031 00:00:00;10;13999039;16/09/2026 16:07:13;Maximiliano;Nievas;;;;;;Maximiliano Nievas;
14176431;16/09/2026 16:46:14;3;2;0001  215064-1;01;EASY 18-09;2091589;"CE01    ";"CENCOSUD S.A.                                     ";SAN LORENZO 4153;952502;"55-001         ";"55-001 - COCINA PARED EMBUTIR PICO ALTO ""CROMO Y""";80;80;80;23457486;160926160723217;184152348;;;;10/12/2031 00:00:00;10;13999043;16/09/2026 16:07:23;Maximiliano;Nievas;;;;;;Maximiliano Nievas;
14176431;16/09/2026 16:46:14;3;2;0001  215064-1;01;EASY 18-09;2091589;"CE01    ";"CENCOSUD S.A.                                     ";SAN LORENZO 4153;952502;"55-001         ";"55-001 - COCINA PARED EMBUTIR PICO ALTO ""CROMO Y""";80;80;80;23457509;160926160733006;184152427;;;;10/12/2031 00:00:00;10;13999049;16/09/2026 16:07:33;Maximiliano;Nievas;;;;;;Maximiliano Nievas;
14176431;16/09/2026 16:46:14;3;2;0001  215064-1;01;EASY 18-09;2091589;"CE01    ";"CENCOSUD S.A.                                     ";SAN LORENZO 4153;952502;"55-001         ";"55-001 - COCINA PARED EMBUTIR PICO ALTO ""CROMO Y""";80;80;80;23457515;160926160741956;184152489;;;;10/12/2031 00:00:00;10;13999053;16/09/2026 16:07:41;Maximiliano;Nievas;;;;;;Maximiliano Nievas;
14176431;16/09/2026 16:46:14;3;2;0001  215064-1;01;EASY 18-09;2091589;"CE01    ";"CENCOSUD S.A.                                     ";SAN LORENZO 4153;952502;"55-001         ";"55-001 - COCINA PARED EMBUTIR PICO ALTO ""CROMO Y""";80;80;80;23457522;160926160750809;184152576;;;;10/12/2031 00:00:00;10;13999058;16/09/2026 16:07:50;Maximiliano;Nievas;;;;;;Maximiliano Nievas;
14176431;16/09/2026 16:46:14;3;2;0001  215064-1;01;EASY 18-09;2091589;"CE01    ";"CENCOSUD S.A.                                     ";SAN LORENZO 4153;952502;"55-001         ";"55-001 - COCINA PARED EMBUTIR PICO ALTO ""CROMO Y""";80;80;80;23457533;160926160759464;184152648;;;;10/12/2031 00:00:00;10;13999062;16/09/2026 16:07:59;Maximiliano;Nievas;;;;;;Maximiliano Nievas;
14176431;16/09/2026 16:46:14;3;2;0001  215064-1;01;EASY 18-09;2091589;"CE01    ";"CENCOSUD S.A.                                     ";SAN LORENZO 4153;952502;"55-001         ";"55-001 - COCINA PARED EMBUTIR PICO ALTO ""CROMO Y""";80;80;80;23457543;160926160811000;184041853;;;;10/12/2031 00:00:00;10;13999071;16/09/2026 16:08:11;Maximiliano;Nievas;;;;;;Maximiliano Nievas;
14176431;16/09/2026 16:46:14;3;2;0001  215064-1;01;EASY 18-09;2091589;"CE01    ";"CENCOSUD S.A.                                     ";SAN LORENZO 4153;952993;"790            ";790 - JGO. MESADA CR C.CERAM PRAGMA;130;130;130;23458183;160926161906282;184156880;;;;01/26/2032 00:00:00;10;13999445;16/09/2026 16:19:06;Maximiliano;Nievas;;;;;;Maximiliano Nievas;
14176431;16/09/2026 16:46:14;3;2;0001  215064-1;01;EASY 18-09;2091589;"CE01    ";"CENCOSUD S.A.                                     ";SAN LORENZO 4153;952993;"790            ";790 - JGO. MESADA CR C.CERAM PRAGMA;130;130;130;23458193;160926161919006;184156966;;;;01/26/2032 00:00:00;10;13999454;16/09/2026 16:19:19;Maximiliano;Nievas;;;;;;Maximiliano Nievas;
14176431;16/09/2026 16:46:14;3;2;0001  215064-1;01;EASY 18-09;2091589;"CE01    ";"CENCOSUD S.A.                                     ";SAN LORENZO 4153;952993;"790            ";790 - JGO. MESADA CR C.CERAM PRAGMA;130;130;130;23458238;160926161951969;184157178;;;;01/26/2032 00:00:00;10;13999475;16/09/2026 16:19:51;Maximiliano;Nievas;;;;;;Maximiliano Nievas;
14176431;16/09/2026 16:46:14;3;2;0001  215064-1;01;EASY 18-09;2091589;"CE01    ";"CENCOSUD S.A.                                     ";SAN LORENZO 4153;952993;"790            ";790 - JGO. MESADA CR C.CERAM PRAGMA;130;130;130;23458248;160926162002006;184157238;;;;01/26/2032 00:00:00;10;13999483;16/09/2026 16:20:02;Maximiliano;Nievas;;;;;;Maximiliano Nievas;
14176431;16/09/2026 16:46:14;3;2;0001  215064-1;01;EASY 18-09;2091589;"CE01    ";"CENCOSUD S.A.                                     ";SAN LORENZO 4153;952993;"790            ";790 - JGO. MESADA CR C.CERAM PRAGMA;130;130;130;23458260;160926162012129;184157305;;;;01/26/2032 00:00:00;10;13999489;16/09/2026 16:20:12;Maximiliano;Nievas;;;;;;Maximiliano Nievas;
14176431;16/09/2026 16:46:14;3;2;0001  215064-1;01;EASY 18-09;2091589;"CE01    ";"CENCOSUD S.A.                                     ";SAN LORENZO 4153;952993;"790            ";790 - JGO. MESADA CR C.CERAM PRAGMA;130;130;130;23458268;160926162021723;184157371;;;;01/26/2032 00:00:00;10;13999494;16/09/2026 16:20:21;Maximiliano;Nievas;;;;;;Maximiliano Nievas;
14176431;16/09/2026 16:46:14;3;2;0001  215064-1;01;EASY 18-09;2091589;"CE01    ";"CENCOSUD S.A.                                     ";SAN LORENZO 4153;952993;"790            ";790 - JGO. MESADA CR C.CERAM PRAGMA;130;130;130;23458285;160926162032375;184157441;;;;01/26/2032 00:00:00;10;13999498;16/09/2026 16:20:32;Maximiliano;Nievas;;;;;;Maximiliano Nievas;
14176431;16/09/2026 16:46:14;3;2;0001  215064-1;01;EASY 18-09;2091589;"CE01    ";"CENCOSUD S.A.                                     ";SAN LORENZO 4153;952993;"790            ";790 - JGO. MESADA CR C.CERAM PRAGMA;130;130;130;23458298;160926162043014;184157513;;;;01/26/2032 00:00:00;10;13999508;16/09/2026 16:20:43;Maximiliano;Nievas;;;;;;Maximiliano Nievas;
14176431;16/09/2026 16:46:14;3;2;0001  215064-1;01;EASY 18-09;2091589;"CE01    ";"CENCOSUD S.A.                                     ";SAN LORENZO 4153;952993;"790            ";790 - JGO. MESADA CR C.CERAM PRAGMA;130;130;130;23458330;160926162054496;184157568;;;;01/26/2032 00:00:00;10;13999518;16/09/2026 16:20:54;Maximiliano;Nievas;;;;;;Maximiliano Nievas;
14176431;16/09/2026 16:46:14;3;2;0001  215064-1;01;EASY 18-09;2091589;"CE01    ";"CENCOSUD S.A.                                     ";SAN LORENZO 4153;952993;"790            ";790 - JGO. MESADA CR C.CERAM PRAGMA;130;130;130;23458340;160926162104558;184157627;;;;01/26/2032 00:00:00;10;13999522;16/09/2026 16:21:04;Maximiliano;Nievas;;;;;;Maximiliano Nievas;
14176431;16/09/2026 16:46:14;3;2;0001  215064-1;01;EASY 18-09;2091589;"CE01    ";"CENCOSUD S.A.                                     ";SAN LORENZO 4153;952993;"790            ";790 - JGO. MESADA CR C.CERAM PRAGMA;130;130;130;23458354;160926162115584;184157694;;;;01/26/2032 00:00:00;10;13999528;16/09/2026 16:21:15;Maximiliano;Nievas;;;;;;Maximiliano Nievas;
14176431;16/09/2026 16:46:14;3;2;0001  215064-1;01;EASY 18-09;2091589;"CE01    ";"CENCOSUD S.A.                                     ";SAN LORENZO 4153;952993;"790            ";790 - JGO. MESADA CR C.CERAM PRAGMA;130;130;130;23458375;160926162133166;184157800;;;;01/26/2032 00:00:00;10;13999541;16/09/2026 16:21:33;Maximiliano;Nievas;;;;;;Maximiliano Nievas;
14176431;16/09/2026 16:46:14;3;2;0001  215064-1;01;EASY 18-09;2091589;"CE01    ";"CENCOSUD S.A.                                     ";SAN LORENZO 4153;956487;"LG02N20        ";"MONOCOMANDO COCINA BLACK GINEBRA                                      ";48;48;48;23459302;160926164120575;184164455;;;;07/30/2031 00:00:00;6;14000161;16/09/2026 16:41:20;Maximiliano;Nievas;;;;;;Maximiliano Nievas;
14176431;16/09/2026 16:46:14;3;2;0001  215064-1;01;EASY 18-09;2091589;"CE01    ";"CENCOSUD S.A.                                     ";SAN LORENZO 4153;956487;"LG02N20        ";"MONOCOMANDO COCINA BLACK GINEBRA                                      ";48;48;48;23459308;160926164133830;184164543;;;;07/30/2031 00:00:00;6;14000165;16/09/2026 16:41:33;Maximiliano;Nievas;;;;;;Maximiliano Nievas;
14176431;16/09/2026 16:46:14;3;2;0001  215064-1;01;EASY 18-09;2091589;"CE01    ";"CENCOSUD S.A.                                     ";SAN LORENZO 4153;956487;"LG02N20        ";"MONOCOMANDO COCINA BLACK GINEBRA                                      ";48;48;48;23459314;160926164146427;184164609;;;;07/30/2031 00:00:00;6;14000170;16/09/2026 16:41:46;Maximiliano;Nievas;;;;;;Maximiliano Nievas;
14176431;16/09/2026 16:46:14;3;2;0001  215064-1;01;EASY 18-09;2091589;"CE01    ";"CENCOSUD S.A.                                     ";SAN LORENZO 4153;956487;"LG02N20        ";"MONOCOMANDO COCINA BLACK GINEBRA                                      ";48;48;48;23459326;160926164201672;184164687;;;;07/30/2031 00:00:00;6;14000179;16/09/2026 16:42:01;Maximiliano;Nievas;;;;;;Maximiliano Nievas;
14176431;16/09/2026 16:46:14;3;2;0001  215064-1;01;EASY 18-09;2091589;"CE01    ";"CENCOSUD S.A.                                     ";SAN LORENZO 4153;956487;"LG02N20        ";"MONOCOMANDO COCINA BLACK GINEBRA                                      ";48;48;48;23459334;160926164217951;184164769;;;;07/30/2031 00:00:00;6;14000183;16/09/2026 16:42:17;Maximiliano;Nievas;;;;;;Maximiliano Nievas;
14176431;16/09/2026 16:46:14;3;2;0001  215064-1;01;EASY 18-09;2091589;"CE01    ";"CENCOSUD S.A.                                     ";SAN LORENZO 4153;956487;"LG02N20        ";"MONOCOMANDO COCINA BLACK GINEBRA                                      ";48;48;48;23459363;160926164234450;184164850;;;;07/30/2031 00:00:00;6;14000188;16/09/2026 16:42:34;Maximiliano;Nievas;;;;;;Maximiliano Nievas;
14176431;16/09/2026 16:46:14;3;2;0001  215064-1;01;EASY 18-09;2091589;"CE01    ";"CENCOSUD S.A.                                     ";SAN LORENZO 4153;956487;"LG02N20        ";"MONOCOMANDO COCINA BLACK GINEBRA                                      ";48;48;48;23459373;160926164245675;184164889;;;;07/30/2031 00:00:00;6;14000195;16/09/2026 16:42:45;Maximiliano;Nievas;;;;;;Maximiliano Nievas;
14176431;16/09/2026 16:46:14;3;2;0001  215064-1;01;EASY 18-09;2091589;"CE01    ";"CENCOSUD S.A.                                     ";SAN LORENZO 4153;956487;"LG02N20        ";"MONOCOMANDO COCINA BLACK GINEBRA                                      ";48;48;48;23459381;160926164258031;183964095;;;;07/30/2031 00:00:00;6;14000202;16/09/2026 16:42:58;Maximiliano;Nievas;;;;;;Maximiliano Nievas;
14176431;16/09/2026 16:46:14;3;2;0001  215064-1;01;EASY 18-09;2091589;"CE01    ";"CENCOSUD S.A.                                     ";SAN LORENZO 4153;956484;"LG02C20        ";"MONOCOMANDO COCINA CR GINEBRA                                         ";54;54;54;23459439;160926164447218;184165446;;;;07/29/2031 00:00:00;6;14000244;16/09/2026 16:44:47;Maximiliano;Nievas;;;;;;Maximiliano Nievas;
14176431;16/09/2026 16:46:14;3;2;0001  215064-1;01;EASY 18-09;2091589;"CE01    ";"CENCOSUD S.A.                                     ";SAN LORENZO 4153;956484;"LG02C20        ";"MONOCOMANDO COCINA CR GINEBRA                                         ";54;54;54;23459443;160926164458334;184165515;;;;07/29/2031 00:00:00;6;14000251;16/09/2026 16:44:58;Maximiliano;Nievas;;;;;;Maximiliano Nievas;
14176431;16/09/2026 16:46:14;3;2;0001  215064-1;01;EASY 18-09;2091589;"CE01    ";"CENCOSUD S.A.                                     ";SAN LORENZO 4153;956484;"LG02C20        ";"MONOCOMANDO COCINA CR GINEBRA                                         ";54;54;54;23459448;160926164508965;184165582;;;;07/29/2031 00:00:00;6;14000255;16/09/2026 16:45:09;Maximiliano;Nievas;;;;;;Maximiliano Nievas;
14176431;16/09/2026 16:46:14;3;2;0001  215064-1;01;EASY 18-09;2091589;"CE01    ";"CENCOSUD S.A.                                     ";SAN LORENZO 4153;956484;"LG02C20        ";"MONOCOMANDO COCINA CR GINEBRA                                         ";54;54;54;23459455;160926164520246;184165633;;;;07/29/2031 00:00:00;6;14000257;16/09/2026 16:45:20;Maximiliano;Nievas;;;;;;Maximiliano Nievas;
14176431;16/09/2026 16:46:14;3;2;0001  215064-1;01;EASY 18-09;2091589;"CE01    ";"CENCOSUD S.A.                                     ";SAN LORENZO 4153;956484;"LG02C20        ";"MONOCOMANDO COCINA CR GINEBRA                                         ";54;54;54;23459465;160926164537154;184165712;;;;07/29/2031 00:00:00;6;14000269;16/09/2026 16:45:37;Maximiliano;Nievas;;;;;;Maximiliano Nievas;
14176431;16/09/2026 16:46:14;3;2;0001  215064-1;01;EASY 18-09;2091589;"CE01    ";"CENCOSUD S.A.                                     ";SAN LORENZO 4153;956484;"LG02C20        ";"MONOCOMANDO COCINA CR GINEBRA                                         ";54;54;54;23459474;160926164547142;184165760;;;;07/29/2031 00:00:00;6;14000273;16/09/2026 16:45:47;Maximiliano;Nievas;;;;;;Maximiliano Nievas;
14176431;16/09/2026 16:46:14;3;2;0001  215064-1;01;EASY 18-09;2091589;"CE01    ";"CENCOSUD S.A.                                     ";SAN LORENZO 4153;956484;"LG02C20        ";"MONOCOMANDO COCINA CR GINEBRA                                         ";54;54;54;23459504;160926164556581;184165809;;;;07/29/2031 00:00:00;6;14000279;16/09/2026 16:45:56;Maximiliano;Nievas;;;;;;Maximiliano Nievas;
14176431;16/09/2026 16:46:14;3;2;0001  215064-1;01;EASY 18-09;2091589;"CE01    ";"CENCOSUD S.A.                                     ";SAN LORENZO 4153;956484;"LG02C20        ";"MONOCOMANDO COCINA CR GINEBRA                                         ";54;54;54;23459510;160926164605451;184165851;;;;07/29/2031 00:00:00;6;14000282;16/09/2026 16:46:05;Maximiliano;Nievas;;;;;;Maximiliano Nievas;
14176681;05/09/2026 07:19:49;3;2;0008    2890-2;14;RETIRA;2092572;"FS09    ";"FANTINI SERGIO DANIEL - DIST.GUALEGUAY            ";B. ROLDAN 2183;951611;"21-160         ";"MONOCOMANDO DUO COCINA CROMO DIQUE                                    ";12;12;12;23172385;050926071948834;182000160;;;;12/14/2031 00:00:00;12;13830784;05/09/2026 07:19:48;Tiago;Rodriguez;24451540;05/09/2026 06:11:29;6585;Mathias;Montenegro;Tiago Rodriguez;Mathias Montenegro
14176708;05/09/2026 08:34:52;3;2;0001  215177-1;10;URGENTES;2108985;"464     ";"BALFAGON PAULA                                    ";INDEPENDENCIA 1044;951146;"1320           ";"QUEINOX MACHO MOVIL MH 1/2"" x 20                                      ";2;2;2;23172393;050926083451861;182000159;;;;11/19/2031 00:00:00;2;13831617;05/09/2026 08:34:51;Gaston Alejandro;Kiriczuk;24451553;05/09/2026 06:11:21;6584;Luis Alberto;Villareal;Gaston Alejandro Kiriczuk;Luis Alberto Villareal
14176708;05/09/2026 08:34:52;3;2;0001  215177-1;10;URGENTES;2108985;"464     ";"BALFAGON PAULA                                    ";INDEPENDENCIA 1044;951153;"1325           ";"QUEINOX MACHO MOVIL MH 1/2"" x 25                                      ";4;4;4;23172393;050926083451861;182000154;;;;02/21/2032 00:00:00;4;13831617;05/09/2026 08:34:51;Gaston Alejandro;Kiriczuk;24451553;05/09/2026 06:11:21;6584;Luis Alberto;Villareal;Gaston Alejandro Kiriczuk;Luis Alberto Villareal
14176708;05/09/2026 08:34:52;3;2;0001  215177-1;10;URGENTES;2108985;"464     ";"BALFAGON PAULA                                    ";INDEPENDENCIA 1044;951177;"1350           ";"QUEINOX MACHO MOVIL MH 1/2"" x 50                                      ";1;1;1;23172393;050926083451861;182000165;;;;07/27/2031 00:00:00;1;13831617;05/09/2026 08:34:51;Gaston Alejandro;Kiriczuk;24451553;05/09/2026 06:11:21;6584;Luis Alberto;Villareal;Gaston Alejandro Kiriczuk;Luis Alberto Villareal
14188486;08/09/2026 14:30:32;3;2;0001  214857-1;02;CAMION JUE 1;2093008;"JA01    ";"JOSE ANACLETO E HIJOS S.A.                        ";CALLE 44 1031;954232;"A1452G         ";A1452G - CAÑO DE DUCHA RECTO 150 MM GOLD C/BLISTER;1;1;1;23224990;080926142524407;182396945;;;;01/27/2032 00:00:00;1;13867530;08/09/2026 14:25:24;Tiago;Rodriguez;24503907;08/09/2026 10:53:46;7807;Nicolas;Perez;Tiago Rodriguez;Nicolas Perez
14188486;08/09/2026 14:30:32;3;2;0001  214857-1;02;CAMION JUE 1;2093008;"JA01    ";"JOSE ANACLETO E HIJOS S.A.                        ";CALLE 44 1031;952726;"61-203         ";61-203 - LAVATORIO MONOCOMANDO ALTO ADRA;2;2;2;23227054;080926142656202;182411907;;;;01/11/2032 00:00:00;2;13867577;08/09/2026 14:26:56;Tiago;Rodriguez;24505864;08/09/2026 12:05:56;7807;Nicolas;Perez;Tiago Rodriguez;Nicolas Perez
14188486;08/09/2026 14:30:32;3;2;0001  214857-1;02;CAMION JUE 1;2093008;"JA01    ";"JOSE ANACLETO E HIJOS S.A.                        ";CALLE 44 1031;952679;"60-205         ";60-205 - LAVATORIO MONOC BAJO STEEL;8;8;8;23232321;080926143031737;182451725;;;;07/27/2031 00:00:00;8;13867667;08/09/2026 14:30:31;Tiago;Rodriguez;24510780;08/09/2026 13:39:58;7636;Kevin;Arce;Tiago Rodriguez;Kevin Arce
14188486;08/09/2026 14:30:32;3;2;0001  214857-1;02;CAMION JUE 1;2093008;"JA01    ";"JOSE ANACLETO E HIJOS S.A.                        ";CALLE 44 1031;951565;"20-205         ";20-205 - MONOCOMANDO DE COCINA STEEL;4;4;4;23236070;080926142852538;182453658;;;;07/28/2031 00:00:00;4;13867672;08/09/2026 14:28:52;Tiago;Rodriguez;;;;;;Tiago Rodriguez;
14188486;08/09/2026 14:30:32;3;2;0001  214857-1;02;CAMION JUE 1;2093008;"JA01    ";"JOSE ANACLETO E HIJOS S.A.                        ";CALLE 44 1031;953161;"80-205         ";80-205 - DUCHA EMB. C/TRANSF. MONOC STEEL;3;3;3;23236091;080926142922797;182454953;;;;08/11/2031 00:00:00;3;13867695;08/09/2026 14:29:22;Tiago;Rodriguez;;;;;;Tiago Rodriguez;
14188486;08/09/2026 14:30:32;3;2;0001  214857-1;02;CAMION JUE 1;2093008;"JA01    ";"JOSE ANACLETO E HIJOS S.A.                        ";CALLE 44 1031;952956;"70-205         ";70-205 - BIDE MONOCOMANDO STEEL;8;8;8;23236116;080926142955388;182476659;;;;11/08/2031 00:00:00;2;13867717;08/09/2026 14:29:55;Tiago;Rodriguez;;;;;;Tiago Rodriguez;
14188486;08/09/2026 14:30:32;3;2;0001  214857-1;02;CAMION JUE 1;2093008;"JA01    ";"JOSE ANACLETO E HIJOS S.A.                        ";CALLE 44 1031;952728;"61-205         ";61-205 - LAVATORIO MONOC ALTO STEEL;2;2;2;23236116;080926142955388;182451186;;;;07/28/2031 00:00:00;2;13867717;08/09/2026 14:29:55;Tiago;Rodriguez;;;;;;Tiago Rodriguez;
14188486;08/09/2026 14:30:32;3;2;0001  214857-1;02;CAMION JUE 1;2093008;"JA01    ";"JOSE ANACLETO E HIJOS S.A.                        ";CALLE 44 1031;952956;"70-205         ";70-205 - BIDE MONOCOMANDO STEEL;8;8;8;23236127;080926143012884;182452824;;;;11/08/2031 00:00:00;6;13867730;08/09/2026 14:30:12;Tiago;Rodriguez;;;;;;Tiago Rodriguez;
14188487;08/09/2026 14:30:40;3;2;0001  214858-1;02;CAMION JUE 1;2093885;"PI09    ";"PIETRO INSTALACIONES AGUA Y GAS S.R.L.            ";CALLE 18 y 60 1348;957921;"RA920N         ";RA920N - VOLANTE BLACK VELVET;10;10;10;23224156;080926142934518;182392219;;;;01/05/2032 00:00:00;10;13867436;08/09/2026 14:29:34;Maximiliano;Nievas;24503116;08/09/2026 10:45:26;7807;Nicolas;Perez;Maximiliano Nievas;Nicolas Perez
14188487;08/09/2026 14:30:40;3;2;0001  214858-1;02;CAMION JUE 1;2093885;"PI09    ";"PIETRO INSTALACIONES AGUA Y GAS S.R.L.            ";CALLE 18 y 60 1348;957930;"RA945          ";RA945 - VOLANTE STD MARBELLA;10;10;10;23224156;080926142934518;182392815;;;;07/31/2031 00:00:00;10;13867436;08/09/2026 14:29:34;Maximiliano;Nievas;24503116;08/09/2026 10:45:26;7807;Nicolas;Perez;Maximiliano Nievas;Nicolas Perez
14188487;08/09/2026 14:30:40;3;2;0001  214858-1;02;CAMION JUE 1;2093885;"PI09    ";"PIETRO INSTALACIONES AGUA Y GAS S.R.L.            ";CALLE 18 y 60 1348;957472;"RA1081         ";RA1081 - VOLANTE TOLEDO;10;10;10;23224156;080926142934518;182393331;;;;08/02/2031 00:00:00;10;13867436;08/09/2026 14:29:34;Maximiliano;Nievas;24503116;08/09/2026 10:45:26;7807;Nicolas;Perez;Maximiliano Nievas;Nicolas Perez
14188487;08/09/2026 14:30:40;3;2;0001  214858-1;02;CAMION JUE 1;2093885;"PI09    ";"PIETRO INSTALACIONES AGUA Y GAS S.R.L.            ";CALLE 18 y 60 1348;957534;"RA1169         ";RA1169 - CAMPANA BLACK VELVET;10;10;10;23224156;080926142934518;182393197;;;;11/30/2031 00:00:00;10;13867436;08/09/2026 14:29:34;Maximiliano;Nievas;24503116;08/09/2026 10:45:26;7807;Nicolas;Perez;Maximiliano Nievas;Nicolas Perez
14188487;08/09/2026 14:30:40;3;2;0001  214858-1;02;CAMION JUE 1;2093885;"PI09    ";"PIETRO INSTALACIONES AGUA Y GAS S.R.L.            ";CALLE 18 y 60 1348;957920;"RA920          ";RA920 - VOLANTE VALENCIA;10;10;10;23224156;080926142934518;182391559;;;;01/05/2032 00:00:00;10;13867436;08/09/2026 14:29:34;Maximiliano;Nievas;24503116;08/09/2026 10:45:26;7807;Nicolas;Perez;Maximiliano Nievas;Nicolas Perez
14188487;08/09/2026 14:30:40;3;2;0001  214858-1;02;CAMION JUE 1;2093885;"PI09    ";"PIETRO INSTALACIONES AGUA Y GAS S.R.L.            ";CALLE 18 y 60 1348;955159;"D439           ";D439 - KIT DE DUCHA MANUAL;1;1;1;23227055;080926143036928;182417514;;;;12/16/2031 00:00:00;1;13867713;08/09/2026 14:30:36;Maximiliano;Nievas;24505864;08/09/2026 12:05:56;7807;Nicolas;Perez;Maximiliano Nievas;Nicolas Perez
14188487;08/09/2026 14:30:40;3;2;0001  214858-1;02;CAMION JUE 1;2093885;"PI09    ";"PIETRO INSTALACIONES AGUA Y GAS S.R.L.            ";CALLE 18 y 60 1348;952888;"70-122         ";70-122 - BIDE C.CERAM CR VALENCIA;2;2;2;23227055;080926143036928;182413678;;;;10/26/2031 00:00:00;2;13867713;08/09/2026 14:30:36;Maximiliano;Nievas;24505864;08/09/2026 12:05:56;7807;Nicolas;Perez;Maximiliano Nievas;Nicolas Perez
14188487;08/09/2026 14:30:40;3;2;0001  214858-1;02;CAMION JUE 1;2093885;"PI09    ";"PIETRO INSTALACIONES AGUA Y GAS S.R.L.            ";CALLE 18 y 60 1348;952886;"70-121         ";70-121 - BIDE C.CERAM CR MARBELLA;2;2;2;23227055;080926143036928;182416026;;;;01/17/2032 00:00:00;2;13867713;08/09/2026 14:30:36;Maximiliano;Nievas;24505864;08/09/2026 12:05:56;7807;Nicolas;Perez;Maximiliano Nievas;Nicolas Perez
14188487;08/09/2026 14:30:40;3;2;0001  214858-1;02;CAMION JUE 1;2093885;"PI09    ";"PIETRO INSTALACIONES AGUA Y GAS S.R.L.            ";CALLE 18 y 60 1348;952610;"60-122         ";60-122 - LAVATORIO C.CERAM CR VALENCIA;2;2;2;23227055;080926143036928;182413968;;;;12/10/2031 00:00:00;2;13867713;08/09/2026 14:30:36;Maximiliano;Nievas;24505864;08/09/2026 12:05:56;7807;Nicolas;Perez;Maximiliano Nievas;Nicolas Perez
14188487;08/09/2026 14:30:40;3;2;0001  214858-1;02;CAMION JUE 1;2093885;"PI09    ";"PIETRO INSTALACIONES AGUA Y GAS S.R.L.            ";CALLE 18 y 60 1348;952608;"60-121         ";60-121 - LAVATORIO C.CERAM CR MARBELLA;2;2;2;23227055;080926143036928;182416387;;;;01/25/2032 00:00:00;2;13867713;08/09/2026 14:30:36;Maximiliano;Nievas;24505864;08/09/2026 12:05:56;7807;Nicolas;Perez;Maximiliano Nievas;Nicolas Perez
14188488;08/09/2026 13:57:37;3;2;0001  214861-1;02;CAMION JUE 1;2094299;"SA40    ";"SANICENTRO S.A. SANITARIOS                        ";CALLE 38 y 137;953335;"84-203ST       ";"DUCHA EXT C/COLUMNA CR ADRA                                           ";1;1;1;23226798;080926135512306;182424350;;;;12/15/2031 00:00:00;1;13865746;08/09/2026 13:55:12;Maximiliano;Nievas;24505674;08/09/2026 13:18:25;7636;Kevin;Arce;Maximiliano Nievas;Kevin Arce
14188488;08/09/2026 13:57:37;3;2;0001  214861-1;02;CAMION JUE 1;2094299;"SA40    ";"SANICENTRO S.A. SANITARIOS                        ";CALLE 38 y 137;953334;"84-203         ";"DUCHA EXT C/COLUMNA Y TRANSF CR ADRA                                  ";1;1;1;23226798;080926135512306;182424037;;;;12/02/2031 00:00:00;1;13865746;08/09/2026 13:55:12;Maximiliano;Nievas;24505674;08/09/2026 13:18:25;7636;Kevin;Arce;Maximiliano Nievas;Kevin Arce
14188488;08/09/2026 13:57:37;3;2;0001  214861-1;02;CAMION JUE 1;2094299;"SA40    ";"SANICENTRO S.A. SANITARIOS                        ";CALLE 38 y 137;952726;"61-203         ";61-203 - LAVATORIO MONOCOMANDO ALTO ADRA;4;4;4;23227056;080926135736766;182412047;;;;01/11/2032 00:00:00;4;13866543;08/09/2026 13:57:36;Maximiliano;Nievas;24505864;08/09/2026 12:05:56;7807;Nicolas;Perez;Maximiliano Nievas;Nicolas Perez
14188488;08/09/2026 13:57:37;3;2;0001  214861-1;02;CAMION JUE 1;2094299;"SA40    ";"SANICENTRO S.A. SANITARIOS                        ";CALLE 38 y 137;952647;"60-176         ";"LAVATORIO MONOCOMANDO BAJO CR RIO                                     ";8;8;8;23233261;080926133940512;182455395;;;;10/11/2031 00:00:00;6;13866062;08/09/2026 13:39:40;Maximiliano;Nievas;;;;;;Maximiliano Nievas;
14188488;08/09/2026 13:57:37;3;2;0001  214861-1;02;CAMION JUE 1;2094299;"SA40    ";"SANICENTRO S.A. SANITARIOS                        ";CALLE 38 y 137;951531;"20-146N        ";20-146N - MONOCOMANDO DE COCINA BLACK LINEA MOVE;6;6;6;23233261;080926133940512;182443848;;;;07/30/2031 00:00:00;6;13866062;08/09/2026 13:39:40;Maximiliano;Nievas;;;;;;Maximiliano Nievas;
14188488;08/09/2026 13:57:37;3;2;0001  214861-1;02;CAMION JUE 1;2094299;"SA40    ";"SANICENTRO S.A. SANITARIOS                        ";CALLE 38 y 137;951530;"20-146         ";20-146 - MONOCOMANDO DE COCINA CR LINEA MOVE;12;12;12;23233261;080926133940512;182444830;;;;10/09/2031 00:00:00;12;13866062;08/09/2026 13:39:40;Maximiliano;Nievas;;;;;;Maximiliano Nievas;
14188488;08/09/2026 13:57:37;3;2;0001  214861-1;02;CAMION JUE 1;2094299;"SA40    ";"SANICENTRO S.A. SANITARIOS                        ";CALLE 38 y 137;952661;"60-193         ";60-193 - LAVATORIO MONOCOMANDO BAJO MORA;5;5;5;23233261;080926133940512;182446593;;;;07/28/2031 00:00:00;5;13866062;08/09/2026 13:39:40;Maximiliano;Nievas;;;;;;Maximiliano Nievas;
14188488;08/09/2026 13:57:37;3;2;0001  214861-1;02;CAMION JUE 1;2094299;"SA40    ";"SANICENTRO S.A. SANITARIOS                        ";CALLE 38 y 137;952721;"61-193         ";61-193 - LAVATORIO MONOCOMANDO ALTO MORA;5;5;5;23233261;080926133940512;182446886;;;;07/27/2031 00:00:00;5;13866062;08/09/2026 13:39:40;Maximiliano;Nievas;;;;;;Maximiliano Nievas;
14188488;08/09/2026 13:57:37;3;2;0001  214861-1;02;CAMION JUE 1;2094299;"SA40    ";"SANICENTRO S.A. SANITARIOS                        ";CALLE 38 y 137;952896;"70-133         ";70-133 - BIDE MONOCOMANDO LUGO;5;5;5;23233261;080926133940512;182423672;;;;07/30/2031 00:00:00;5;13866062;08/09/2026 13:39:40;Maximiliano;Nievas;;;;;;Maximiliano Nievas;
14188488;08/09/2026 13:57:37;3;2;0001  214861-1;02;CAMION JUE 1;2094299;"SA40    ";"SANICENTRO S.A. SANITARIOS                        ";CALLE 38 y 137;952928;"70-180         ";70-180 - BIDE MONOCOMANDO C/TRANSF. VERA;11;11;11;23233261;080926133940512;182417328;;;;07/27/2031 00:00:00;11;13866062;08/09/2026 13:39:40;Maximiliano;Nievas;;;;;;Maximiliano Nievas;
14188488;08/09/2026 13:57:37;3;2;0001  214861-1;02;CAMION JUE 1;2094299;"SA40    ";"SANICENTRO S.A. SANITARIOS                        ";CALLE 38 y 137;952939;"70-193         ";70-193 - BIDE MONOCOMANDO MORA;5;5;5;23233261;080926133940512;182411465;;;;07/28/2031 00:00:00;5;13866062;08/09/2026 13:39:40;Maximiliano;Nievas;;;;;;Maximiliano Nievas;
14188488;08/09/2026 13:57:37;3;2;0001  214861-1;02;CAMION JUE 1;2094299;"SA40    ";"SANICENTRO S.A. SANITARIOS                        ";CALLE 38 y 137;953125;"80-180         ";80-180 - DUCHA EMB. C/TRANSF. MONOCOMANDO VERA;5;5;5;23233511;080926134344168;182446019;;;;11/23/2031 00:00:00;5;13866193;08/09/2026 13:43:44;Maximiliano;Nievas;;;;;;Maximiliano Nievas;
14188488;08/09/2026 13:57:37;3;2;0001  214861-1;02;CAMION JUE 1;2094299;"SA40    ";"SANICENTRO S.A. SANITARIOS                        ";CALLE 38 y 137;952630;"60-152         ";60-152 - LAVATORIO CR MONOCOMANDO BAJO SORIA;4;4;4;23233592;080926134516376;182420028;;;;07/27/2031 00:00:00;4;13866230;08/09/2026 13:45:16;Maximiliano;Nievas;;;;;;Maximiliano Nievas;
14188488;08/09/2026 13:57:37;3;2;0001  214861-1;02;CAMION JUE 1;2094299;"SA40    ";"SANICENTRO S.A. SANITARIOS                        ";CALLE 38 y 137;952933;"70-183         ";"BIDE MONOCOMANDO C/TRANSF MAT                                         ";4;4;4;23233653;080926134632848;182442263;;;;11/02/2031 00:00:00;4;13866264;08/09/2026 13:46:32;Maximiliano;Nievas;;;;;;Maximiliano Nievas;
14188488;08/09/2026 13:57:37;3;2;0001  214861-1;02;CAMION JUE 1;2094299;"SA40    ";"SANICENTRO S.A. SANITARIOS                        ";CALLE 38 y 137;952713;"61-176N        ";61-176N - LAVATORIO MONOC ALTO BLACK RIO;4;4;4;23233673;080926134704302;182422591;;;;07/29/2031 00:00:00;4;13866276;08/09/2026 13:47:04;Maximiliano;Nievas;;;;;;Maximiliano Nievas;
14188488;08/09/2026 13:57:37;3;2;0001  214861-1;02;CAMION JUE 1;2094299;"SA40    ";"SANICENTRO S.A. SANITARIOS                        ";CALLE 38 y 137;952648;"60-176N        ";"LAVATORIO MONOCOMANDO BAJO BLACK RIO                                  ";3;3;3;23233673;080926134704302;182421957;;;;07/29/2031 00:00:00;3;13866276;08/09/2026 13:47:04;Maximiliano;Nievas;;;;;;Maximiliano Nievas;
14188488;08/09/2026 13:57:37;3;2;0001  214861-1;02;CAMION JUE 1;2094299;"SA40    ";"SANICENTRO S.A. SANITARIOS                        ";CALLE 38 y 137;952637;"60-168         ";60-168 - LAVATORIO MONOC BAJO CR WAVE;2;2;2;23233728;080926134755539;182415348;;;;07/27/2031 00:00:00;2;13866300;08/09/2026 13:47:55;Maximiliano;Nievas;;;;;;Maximiliano Nievas;
14188488;08/09/2026 13:57:37;3;2;0001  214861-1;02;CAMION JUE 1;2094299;"SA40    ";"SANICENTRO S.A. SANITARIOS                        ";CALLE 38 y 137;953319;"83-193         ";83-193 - DUCHA EXT. C/TRANSF. MONOCOMANDO MORA;3;3;3;23233728;080926134755539;182415201;;;;07/27/2031 00:00:00;3;13866300;08/09/2026 13:47:55;Maximiliano;Nievas;;;;;;Maximiliano Nievas;
14188488;08/09/2026 13:57:37;3;2;0001  214861-1;02;CAMION JUE 1;2094299;"SA40    ";"SANICENTRO S.A. SANITARIOS                        ";CALLE 38 y 137;952650;"60-180         ";60-180 - LAVATORIO MONOCOMANDO BAJO VERA;5;5;5;23233760;080926134827942;182418853;;;;07/28/2031 00:00:00;5;13866314;08/09/2026 13:48:27;Maximiliano;Nievas;;;;;;Maximiliano Nievas;
14188488;08/09/2026 13:57:37;3;2;0001  214861-1;02;CAMION JUE 1;2094299;"SA40    ";"SANICENTRO S.A. SANITARIOS                        ";CALLE 38 y 137;952638;"60-168N        ";60-168N - LAVATORIO MONOC BAJO BLACK WAVE;2;2;2;23233760;080926134827942;182414526;;;;07/27/2031 00:00:00;2;13866314;08/09/2026 13:48:27;Maximiliano;Nievas;;;;;;Maximiliano Nievas;
14188488;08/09/2026 13:57:37;3;2;0001  214861-1;02;CAMION JUE 1;2094299;"SA40    ";"SANICENTRO S.A. SANITARIOS                        ";CALLE 38 y 137;952709;"61-168N        ";61-168N - LAVATORIO MONOC ALTO BLACK WAVE;2;2;2;23233799;080926134859039;182410793;;;;07/28/2031 00:00:00;2;13866329;08/09/2026 13:48:59;Maximiliano;Nievas;;;;;;Maximiliano Nievas;
14188488;08/09/2026 13:57:37;3;2;0001  214861-1;02;CAMION JUE 1;2094299;"SA40    ";"SANICENTRO S.A. SANITARIOS                        ";CALLE 38 y 137;952728;"61-205         ";61-205 - LAVATORIO MONOC ALTO STEEL;3;3;3;23233799;080926134859039;182414026;;;;07/28/2031 00:00:00;3;13866329;08/09/2026 13:48:59;Maximiliano;Nievas;;;;;;Maximiliano Nievas;
14188488;08/09/2026 13:57:37;3;2;0001  214861-1;02;CAMION JUE 1;2094299;"SA40    ";"SANICENTRO S.A. SANITARIOS                        ";CALLE 38 y 137;953123;"80-176N        ";80-176N - DUCHA EMB C/TRANSF MONOC BLACK RIO;3;3;3;23233841;080926134947373;182421246;;;;07/27/2031 00:00:00;3;13866355;08/09/2026 13:49:47;Maximiliano;Nievas;;;;;;Maximiliano Nievas;
14188488;08/09/2026 13:57:37;3;2;0001  214861-1;02;CAMION JUE 1;2094299;"SA40    ";"SANICENTRO S.A. SANITARIOS                        ";CALLE 38 y 137;953317;"83-176N        ";83-176N - DUCHA EXT. C/TRANSF. MONOC BLACK RIO;2;2;2;23233841;080926134947373;182421564;;;;07/29/2031 00:00:00;2;13866355;08/09/2026 13:49:47;Maximiliano;Nievas;;;;;;Maximiliano Nievas;
14188488;08/09/2026 13:57:37;3;2;0001  214861-1;02;CAMION JUE 1;2094299;"SA40    ";"SANICENTRO S.A. SANITARIOS                        ";CALLE 38 y 137;952916;"70-168N        ";70-168N - BIDE MONOC BLACK WAVE;2;2;2;23233841;080926134947373;182445075;;;;01/05/2032 00:00:00;2;13866355;08/09/2026 13:49:47;Maximiliano;Nievas;;;;;;Maximiliano Nievas;
14188488;08/09/2026 13:57:37;3;2;0001  214861-1;02;CAMION JUE 1;2094299;"SA40    ";"SANICENTRO S.A. SANITARIOS                        ";CALLE 38 y 137;952647;"60-176         ";"LAVATORIO MONOCOMANDO BAJO CR RIO                                     ";8;8;8;23233857;080926135018829;182422997;;;;10/11/2031 00:00:00;2;13866371;08/09/2026 13:50:18;Maximiliano;Nievas;;;;;;Maximiliano Nievas;
14188488;08/09/2026 13:57:37;3;2;0001  214861-1;02;CAMION JUE 1;2094299;"SA40    ";"SANICENTRO S.A. SANITARIOS                        ";CALLE 38 y 137;953322;"83-205         ";83-205 - DUCHA EXT C/TRANSF MONOC STEEL PICO CURVO;2;2;2;23233857;080926135018829;182415798;;;;07/27/2031 00:00:00;2;13866371;08/09/2026 13:50:18;Maximiliano;Nievas;;;;;;Maximiliano Nievas;
14188488;08/09/2026 13:57:37;3;2;0001  214861-1;02;CAMION JUE 1;2094299;"SA40    ";"SANICENTRO S.A. SANITARIOS                        ";CALLE 38 y 137;952954;"70-203         ";70-203 - BIDE MONOCOMANDO ADRA;1;1;1;23233857;080926135018829;182441521;;;;07/29/2031 00:00:00;1;13866371;08/09/2026 13:50:18;Maximiliano;Nievas;;;;;;Maximiliano Nievas;
14188488;08/09/2026 13:57:37;3;2;0001  214861-1;02;CAMION JUE 1;2094299;"SA40    ";"SANICENTRO S.A. SANITARIOS                        ";CALLE 38 y 137;952708;"61-168         ";61-168 - LAVATORIO MONOC ALTO CR WAVE;2;2;2;23233985;080926135230269;182416637;;;;07/27/2031 00:00:00;2;13866434;08/09/2026 13:52:30;Maximiliano;Nievas;;;;;;Maximiliano Nievas;
14188488;08/09/2026 13:57:37;3;2;0001  214861-1;02;CAMION JUE 1;2094299;"SA40    ";"SANICENTRO S.A. SANITARIOS                        ";CALLE 38 y 137;952800;"63-183         ";"LAVATORIO PARED EMB MONOCOMANDO MAT                                   ";3;3;3;23233985;080926135230269;182442694;;;;01/12/2032 00:00:00;3;13866434;08/09/2026 13:52:30;Maximiliano;Nievas;;;;;;Maximiliano Nievas;
14188488;08/09/2026 13:57:37;3;2;0001  214861-1;02;CAMION JUE 1;2094299;"SA40    ";"SANICENTRO S.A. SANITARIOS                        ";CALLE 38 y 137;952714;"61-180         ";61-180 - LAVATORIO MONOCOMANDO ALTO VERA;5;5;5;23234031;080926135330863;182419376;;;;07/28/2031 00:00:00;5;13866467;08/09/2026 13:53:30;Maximiliano;Nievas;;;;;;Maximiliano Nievas;
14188488;08/09/2026 13:57:37;3;2;0001  214861-1;02;CAMION JUE 1;2094299;"SA40    ";"SANICENTRO S.A. SANITARIOS                        ";CALLE 38 y 137;952719;"61-183         ";"LAVATORIO MONOCOMANDO ALTO MAT                                        ";1;1;1;23234083;080926135431691;182441359;;;;11/02/2031 00:00:00;1;13866504;08/09/2026 13:54:31;Maximiliano;Nievas;;;;;;Maximiliano Nievas;
14188488;08/09/2026 13:57:37;3;2;0001  214861-1;02;CAMION JUE 1;2094299;"SA40    ";"SANICENTRO S.A. SANITARIOS                        ";CALLE 38 y 137;952672;"60-200C        ";60-200C - LAVATORIO MONOC BAJO CR FABRIC;2;2;2;23234083;080926135431691;182414252;;;;07/28/2031 00:00:00;2;13866504;08/09/2026 13:54:31;Maximiliano;Nievas;;;;;;Maximiliano Nievas;
14188488;08/09/2026 13:57:37;3;2;0001  214861-1;02;CAMION JUE 1;2094299;"SA40    ";"SANICENTRO S.A. SANITARIOS                        ";CALLE 38 y 137;952655;"60-183         ";"LAVATORIO MONOCOMANDO BAJO MAT                                        ";1;1;1;23234083;080926135431691;182441641;;;;11/02/2031 00:00:00;1;13866504;08/09/2026 13:54:31;Maximiliano;Nievas;;;;;;Maximiliano Nievas;
14188488;08/09/2026 13:57:37;3;2;0001  214861-1;02;CAMION JUE 1;2094299;"SA40    ";"SANICENTRO S.A. SANITARIOS                        ";CALLE 38 y 137;953131;"80-183         ";"DUCHA EMB C/TRANSF MONOCOMANDO MAT                                    ";2;2;2;23234083;080926135431691;182443543;;;;11/02/2031 00:00:00;2;13866504;08/09/2026 13:54:31;Maximiliano;Nievas;;;;;;Maximiliano Nievas;
14188488;08/09/2026 13:57:37;3;2;0001  214861-1;02;CAMION JUE 1;2094299;"SA40    ";"SANICENTRO S.A. SANITARIOS                        ";CALLE 38 y 137;952677;"60-203         ";60-203 - LAVATORIO MONOCOMANDO BAJO ADRA;6;6;6;23234193;080926135640985;182411671;;;;02/10/2032 00:00:00;6;13866566;08/09/2026 13:56:40;Maximiliano;Nievas;;;;;;Maximiliano Nievas;
14188488;08/09/2026 13:57:37;3;2;0001  214861-1;02;CAMION JUE 1;2094299;"SA40    ";"SANICENTRO S.A. SANITARIOS                        ";CALLE 38 y 137;953112;"80-168         ";80-168 - DUCHA EMB C/TRANSF MONOC CR WAVE;1;1;1;23234218;080926135706076;182415466;;;;02/04/2032 00:00:00;1;13866581;08/09/2026 13:57:06;Maximiliano;Nievas;;;;;;Maximiliano Nievas;
14188489;08/09/2026 14:43:34;3;2;0008    2881-1;02;CAMION JUE 1;2094299;"SA40    ";"SANICENTRO S.A. SANITARIOS                        ";CALLE 38 y 137;952452;"51-122         ";51-122 - MESADA BIMANDO CR C.CERAM VALENCIA;5;5;5;23225242;080926144127238;182400396;;;;01/17/2032 00:00:00;2;13867863;08/09/2026 14:41:27;Tiago;Rodriguez;24504170;08/09/2026 11:13:11;7807;Nicolas;Perez;Tiago Rodriguez;Nicolas Perez
14188489;08/09/2026 14:43:34;3;2;0008    2881-1;02;CAMION JUE 1;2094299;"SA40    ";"SANICENTRO S.A. SANITARIOS                        ";CALLE 38 y 137;952610;"60-122         ";60-122 - LAVATORIO C.CERAM CR VALENCIA;3;3;3;23225242;080926144127238;182399947;;;;12/10/2031 00:00:00;3;13867863;08/09/2026 14:41:27;Tiago;Rodriguez;24504170;08/09/2026 11:13:11;7807;Nicolas;Perez;Tiago Rodriguez;Nicolas Perez
14188489;08/09/2026 14:43:34;3;2;0008    2881-1;02;CAMION JUE 1;2094299;"SA40    ";"SANICENTRO S.A. SANITARIOS                        ";CALLE 38 y 137;951554;"20-190         ";20-190 - COCINA MESADA MONOC BLACK VELVET;4;4;4;23229057;080926144334280;182426012;;;;07/28/2031 00:00:00;4;13868214;08/09/2026 14:43:34;Tiago;Rodriguez;24507799;08/09/2026 12:12:15;6922;Franco;Potenza;Tiago Rodriguez;Franco Potenza
14188489;08/09/2026 14:43:34;3;2;0008    2881-1;02;CAMION JUE 1;2094299;"SA40    ";"SANICENTRO S.A. SANITARIOS                        ";CALLE 38 y 137;952912;"70-162         ";70-162 - BIDE CR C.CERAM LINEA ADRA;30;30;30;23236358;080926143434559;182478743;;;;07/29/2031 00:00:00;10;13867878;08/09/2026 14:34:34;Tiago;Rodriguez;;;;;;Tiago Rodriguez;
14188489;08/09/2026 14:43:34;3;2;0008    2881-1;02;CAMION JUE 1;2094299;"SA40    ";"SANICENTRO S.A. SANITARIOS                        ";CALLE 38 y 137;952912;"70-162         ";70-162 - BIDE CR C.CERAM LINEA ADRA;30;30;30;23236411;080926143528081;182479199;;;;07/29/2031 00:00:00;10;13867909;08/09/2026 14:35:28;Tiago;Rodriguez;;;;;;Tiago Rodriguez;
14188489;08/09/2026 14:43:34;3;2;0008    2881-1;02;CAMION JUE 1;2094299;"SA40    ";"SANICENTRO S.A. SANITARIOS                        ";CALLE 38 y 137;952912;"70-162         ";70-162 - BIDE CR C.CERAM LINEA ADRA;30;30;30;23236478;080926143637850;182404028;;;;07/29/2031 00:00:00;10;13867956;08/09/2026 14:36:37;Tiago;Rodriguez;;;;;;Tiago Rodriguez;
14188489;08/09/2026 14:43:34;3;2;0008    2881-1;02;CAMION JUE 1;2094299;"SA40    ";"SANICENTRO S.A. SANITARIOS                        ";CALLE 38 y 137;953107;"80-162         ";80-162 - DUCHA EMB. C/TRANSF. CR C.CERAM ADRA;5;5;5;23236644;080926143916611;182405039;;;;07/29/2031 00:00:00;5;13868072;08/09/2026 14:39:16;Tiago;Rodriguez;;;;;;Tiago Rodriguez;
14188489;08/09/2026 14:43:34;3;2;0008    2881-1;02;CAMION JUE 1;2094299;"SA40    ";"SANICENTRO S.A. SANITARIOS                        ";CALLE 38 y 137;952634;"60-162         ";60-162 - LAVATORIO CR C.CERAM LINEA ADRA;5;5;5;23236644;080926143916611;182401710;;;;07/29/2031 00:00:00;5;13868072;08/09/2026 14:39:16;Tiago;Rodriguez;;;;;;Tiago Rodriguez;
14188489;08/09/2026 14:43:34;3;2;0008    2881-1;02;CAMION JUE 1;2094299;"SA40    ";"SANICENTRO S.A. SANITARIOS                        ";CALLE 38 y 137;953235;"81-166         ";81-166 - DUCHA EMB. S/TRANSF. CR C.CERAM ADRA PLUS;5;5;5;23236662;080926143937119;182401117;;;;07/31/2031 00:00:00;5;13868089;08/09/2026 14:39:37;Tiago;Rodriguez;;;;;;Tiago Rodriguez;
14188489;08/09/2026 14:43:34;3;2;0008    2881-1;02;CAMION JUE 1;2094299;"SA40    ";"SANICENTRO S.A. SANITARIOS                        ";CALLE 38 y 137;952452;"51-122         ";51-122 - MESADA BIMANDO CR C.CERAM VALENCIA;5;5;5;23236714;080926144033980;182481533;;;;01/17/2032 00:00:00;3;13868117;08/09/2026 14:40:34;Tiago;Rodriguez;;;;;;Tiago Rodriguez;
14188490;08/09/2026 14:11:05;3;2;0001  214932-1;02;CAMION JUE 1;2092387;"FA20    ";"FALABELLA S.A.                                    ";CAMINO GRAL BELGRANO S/N 514 Y 517;952452;"51-122         ";51-122 - MESADA BIMANDO CR C.CERAM VALENCIA;6;6;6;23225736;080926130239750;182405435;;;;01/17/2032 00:00:00;3;13864803;08/09/2026 13:02:39;Maximiliano;Nievas;24504637;08/09/2026 11:17:10;7636;Kevin;Arce;Maximiliano Nievas;Kevin Arce
14188490;08/09/2026 14:11:05;3;2;0001  214932-1;02;CAMION JUE 1;2092387;"FA20    ";"FALABELLA S.A.                                    ";CAMINO GRAL BELGRANO S/N 514 Y 517;952456;"51-190         ";51-190 - MESADA BIMANDO C.CERAM BLACK VELVET;4;4;4;23231280;080926125629497;182441231;;;;10/20/2031 00:00:00;3;13864835;08/09/2026 12:56:29;Maximiliano;Nievas;;;;;;Maximiliano Nievas;
14188490;08/09/2026 14:11:05;3;2;0001  214932-1;02;CAMION JUE 1;2092387;"FA20    ";"FALABELLA S.A.                                    ";CAMINO GRAL BELGRANO S/N 514 Y 517;953144;"80-196         ";80-196 - DUCHA EMB. C/TRANSF. CR C.CERAM LOOP;8;8;8;23231336;080926125744575;182441623;;;;01/10/2032 00:00:00;3;13864877;08/09/2026 12:57:44;Maximiliano;Nievas;;;;;;Maximiliano Nievas;
14188490;08/09/2026 14:11:05;3;2;0001  214932-1;02;CAMION JUE 1;2092387;"FA20    ";"FALABELLA S.A.                                    ";CAMINO GRAL BELGRANO S/N 514 Y 517;952456;"51-190         ";51-190 - MESADA BIMANDO C.CERAM BLACK VELVET;4;4;4;23231363;080926125853229;182404774;;;;10/20/2031 00:00:00;1;13864898;08/09/2026 12:58:53;Maximiliano;Nievas;;;;;;Maximiliano Nievas;
14188490;08/09/2026 14:11:05;3;2;0001  214932-1;02;CAMION JUE 1;2092387;"FA20    ";"FALABELLA S.A.                                    ";CAMINO GRAL BELGRANO S/N 514 Y 517;953144;"80-196         ";80-196 - DUCHA EMB. C/TRANSF. CR C.CERAM LOOP;8;8;8;23231363;080926125853229;182441975;;;;01/10/2032 00:00:00;2;13864898;08/09/2026 12:58:53;Maximiliano;Nievas;;;;;;Maximiliano Nievas;
14188490;08/09/2026 14:11:05;3;2;0001  214932-1;02;CAMION JUE 1;2092387;"FA20    ";"FALABELLA S.A.                                    ";CAMINO GRAL BELGRANO S/N 514 Y 517;952677;"60-203         ";60-203 - LAVATORIO MONOCOMANDO BAJO ADRA;6;6;6;23231376;080926125912538;182406315;;;;02/10/2032 00:00:00;6;13864908;08/09/2026 12:59:12;Maximiliano;Nievas;;;;;;Maximiliano Nievas;
14188490;08/09/2026 14:11:05;3;2;0001  214932-1;02;CAMION JUE 1;2092387;"FA20    ";"FALABELLA S.A.                                    ";CAMINO GRAL BELGRANO S/N 514 Y 517;952441;"51-061         ";51-061 - COCINA MESADA CR C.STD PUEBLA;6;6;6;23231443;080926130101150;182402929;;;;01/04/2032 00:00:00;6;13864940;08/09/2026 13:01:01;Maximiliano;Nievas;;;;;;Maximiliano Nievas;
14188490;08/09/2026 14:11:05;3;2;0001  214932-1;02;CAMION JUE 1;2092387;"FA20    ";"FALABELLA S.A.                                    ";CAMINO GRAL BELGRANO S/N 514 Y 517;952634;"60-162         ";60-162 - LAVATORIO CR C.CERAM LINEA ADRA;6;6;6;23231443;080926130101150;182402451;;;;07/29/2031 00:00:00;6;13864940;08/09/2026 13:01:01;Maximiliano;Nievas;;;;;;Maximiliano Nievas;
14188490;08/09/2026 14:11:05;3;2;0001  214932-1;02;CAMION JUE 1;2092387;"FA20    ";"FALABELLA S.A.                                    ";CAMINO GRAL BELGRANO S/N 514 Y 517;953144;"80-196         ";80-196 - DUCHA EMB. C/TRANSF. CR C.CERAM LOOP;8;8;8;23231491;080926130211796;182403723;;;;01/10/2032 00:00:00;3;13864966;08/09/2026 13:02:11;Maximiliano;Nievas;;;;;;Maximiliano Nievas;
14188490;08/09/2026 14:11:05;3;2;0001  214932-1;02;CAMION JUE 1;2092387;"FA20    ";"FALABELLA S.A.                                    ";CAMINO GRAL BELGRANO S/N 514 Y 517;952452;"51-122         ";51-122 - MESADA BIMANDO CR C.CERAM VALENCIA;6;6;6;23231507;080926130226845;182442921;;;;01/17/2032 00:00:00;3;13864970;08/09/2026 13:02:26;Maximiliano;Nievas;;;;;;Maximiliano Nievas;
14188490;08/09/2026 14:11:05;3;2;0001  214932-1;02;CAMION JUE 1;2092387;"FA20    ";"FALABELLA S.A.                                    ";CAMINO GRAL BELGRANO S/N 514 Y 517;951259;"16006BL        ";16006BL - SET 6 PIEZAS ACCESORIOS LINEA 16000 BLACK;11;11;11;23231738;080926141102821;182446497;;;;07/27/2031 00:00:00;10;13866641;08/09/2026 14:11:02;Maximiliano;Nievas;24510262;08/09/2026 13:21:03;7807;Nicolas;Perez;Maximiliano Nievas;Nicolas Perez
14188490;08/09/2026 14:11:05;3;2;0001  214932-1;02;CAMION JUE 1;2092387;"FA20    ";"FALABELLA S.A.                                    ";CAMINO GRAL BELGRANO S/N 514 Y 517;951259;"16006BL        ";16006BL - SET 6 PIEZAS ACCESORIOS LINEA 16000 BLACK;11;11;11;23234441;080926140116112;182464760;;;;07/27/2031 00:00:00;1;13866701;08/09/2026 14:01:16;Maximiliano;Nievas;;;;;;Maximiliano Nievas;
14188490;08/09/2026 14:11:05;3;2;0001  214932-1;02;CAMION JUE 1;2092387;"FA20    ";"FALABELLA S.A.                                    ";CAMINO GRAL BELGRANO S/N 514 Y 517;951748;"3006           ";3006 - SET DE 6 PIEZAS LINEA 3000;3;3;3;23234441;080926140116112;182445616;;;;07/29/2031 00:00:00;3;13866701;08/09/2026 14:01:16;Maximiliano;Nievas;;;;;;Maximiliano Nievas;
14188490;08/09/2026 14:11:05;3;2;0001  214932-1;02;CAMION JUE 1;2092387;"FA20    ";"FALABELLA S.A.                                    ";CAMINO GRAL BELGRANO S/N 514 Y 517;950975;"10005CR        ";"SET DE 5 PIEZAS LINEA 10000 MINIMALISTA                               ";1;1;1;23234516;080926140230952;182445306;;;;07/29/2031 00:00:00;1;13866739;08/09/2026 14:02:30;Maximiliano;Nievas;;;;;;Maximiliano Nievas;
14188490;08/09/2026 14:11:05;3;2;0001  214932-1;02;CAMION JUE 1;2092387;"FA20    ";"FALABELLA S.A.                                    ";CAMINO GRAL BELGRANO S/N 514 Y 517;951132;"13006          ";"SET DE 6 PIEZAS LINEA 13000                                           ";2;2;2;23234516;080926140230952;182447227;;;;07/28/2031 00:00:00;2;13866739;08/09/2026 14:02:30;Maximiliano;Nievas;;;;;;Maximiliano Nievas;
14188490;08/09/2026 14:11:05;3;2;0001  214932-1;02;CAMION JUE 1;2092387;"FA20    ";"FALABELLA S.A.                                    ";CAMINO GRAL BELGRANO S/N 514 Y 517;951545;"20-172         ";20-172 - COCINA MESADA MONOC. COLORS NEGRO;3;3;3;23234546;080926140311037;182448662;;;;07/28/2031 00:00:00;3;13866764;08/09/2026 14:03:11;Maximiliano;Nievas;;;;;;Maximiliano Nievas;
14188490;08/09/2026 14:11:05;3;2;0001  214932-1;02;CAMION JUE 1;2092387;"FA20    ";"FALABELLA S.A.                                    ";CAMINO GRAL BELGRANO S/N 514 Y 517;951523;"20-134         ";20-134 - MONOCOMANDO COCINA BETIS;4;4;4;23234820;080926140850354;182447940;;;;08/11/2031 00:00:00;4;13866959;08/09/2026 14:08:50;Maximiliano;Nievas;;;;;;Maximiliano Nievas;
14188490;08/09/2026 14:11:05;3;2;0001  214932-1;02;CAMION JUE 1;2092387;"FA20    ";"FALABELLA S.A.                                    ";CAMINO GRAL BELGRANO S/N 514 Y 517;951258;"16006          ";16006 - SET 6 PIEZAS ACCESORIOS LINEA 16000;10;10;10;23234897;080926141019511;182447549;;;;07/29/2031 00:00:00;10;13867007;08/09/2026 14:10:19;Maximiliano;Nievas;;;;;;Maximiliano Nievas;
14188491;08/09/2026 13:14:44;3;2;0001  214828-1;02;CAMION JUE 1;2093008;"JA01    ";"JOSE ANACLETO E HIJOS S.A.                        ";CALLE 44 1031;952909;"70-153         ";70-153 - BIDE CR C.CERAM CASTILLA;1;1;1;23222048;080926120559547;182386518;;;;10/20/2031 00:00:00;1;13861468;08/09/2026 12:05:59;Maximiliano;Nievas;24500964;08/09/2026 11:01:21;7636;Kevin;Arce;Maximiliano Nievas;Kevin Arce
14188491;08/09/2026 13:14:44;3;2;0001  214828-1;02;CAMION JUE 1;2093008;"JA01    ";"JOSE ANACLETO E HIJOS S.A.                        ";CALLE 44 1031;952898;"70-135         ";70-135 - BIDE C.CERAM SANTANDER;1;1;1;23222048;080926120559547;182396006;;;;07/29/2031 00:00:00;1;13861468;08/09/2026 12:05:59;Maximiliano;Nievas;24500964;08/09/2026 11:01:21;7636;Kevin;Arce;Maximiliano Nievas;Kevin Arce
14188491;08/09/2026 13:14:44;3;2;0001  214828-1;02;CAMION JUE 1;2093008;"JA01    ";"JOSE ANACLETO E HIJOS S.A.                        ";CALLE 44 1031;952801;"63-190         ";63-190 - LAVATORIO MONOC. DE PARED BLACK VELVET;1;1;1;23222048;080926120559547;182389895;;;;11/13/2031 00:00:00;1;13861468;08/09/2026 12:05:59;Maximiliano;Nievas;24500964;08/09/2026 11:01:21;7636;Kevin;Arce;Maximiliano Nievas;Kevin Arce
14188491;08/09/2026 13:14:44;3;2;0001  214828-1;02;CAMION JUE 1;2093008;"JA01    ";"JOSE ANACLETO E HIJOS S.A.                        ";CALLE 44 1031;952760;"62-163         ";62-163 - LAVATORIO PARED EMB. C.CERAM SENA;2;2;2;23222048;080926120559547;182399106;;;;07/31/2031 00:00:00;2;13861468;08/09/2026 12:05:59;Maximiliano;Nievas;24500964;08/09/2026 11:01:21;7636;Kevin;Arce;Maximiliano Nievas;Kevin Arce
14188491;08/09/2026 13:14:44;3;2;0001  214828-1;02;CAMION JUE 1;2093008;"JA01    ";"JOSE ANACLETO E HIJOS S.A.                        ";CALLE 44 1031;952756;"62-153         ";62-153 - LAVATORIO PARED EMB. C.CERAM CASTILLA;1;1;1;23222048;080926120559547;182386297;;;;01/21/2032 00:00:00;1;13861468;08/09/2026 12:05:59;Maximiliano;Nievas;24500964;08/09/2026 11:01:21;7636;Kevin;Arce;Maximiliano Nievas;Kevin Arce
14188491;08/09/2026 13:14:44;3;2;0001  214828-1;02;CAMION JUE 1;2093008;"JA01    ";"JOSE ANACLETO E HIJOS S.A.                        ";CALLE 44 1031;952750;"62-135         ";62-135 - LAVATORIO P/PARED C.CERAM SANTANDER;2;2;2;23222048;080926120559547;182396270;;;;08/25/2031 00:00:00;2;13861468;08/09/2026 12:05:59;Maximiliano;Nievas;24500964;08/09/2026 11:01:21;7636;Kevin;Arce;Maximiliano Nievas;Kevin Arce
14188491;08/09/2026 13:14:44;3;2;0001  214828-1;02;CAMION JUE 1;2093008;"JA01    ";"JOSE ANACLETO E HIJOS S.A.                        ";CALLE 44 1031;952740;"62-100G        ";62-100G - LAVATORIO DE PARED GOLD C.CERAM FABRIC;2;2;2;23222048;080926120559547;182395063;;;;12/20/2031 00:00:00;2;13861468;08/09/2026 12:05:59;Maximiliano;Nievas;24500964;08/09/2026 11:01:21;7636;Kevin;Arce;Maximiliano Nievas;Kevin Arce
14188491;08/09/2026 13:14:44;3;2;0001  214828-1;02;CAMION JUE 1;2093008;"JA01    ";"JOSE ANACLETO E HIJOS S.A.                        ";CALLE 44 1031;951299;"17030C         ";17030C - PERCHA LINEA FABRIC CROMO;9;9;9;23222126;080926124651342;182379930;;;;11/10/2031 00:00:00;9;13862969;08/09/2026 12:46:51;Tiago;Rodriguez;24500984;08/09/2026 11:00:44;6922;Franco;Potenza;Tiago Rodriguez;Franco Potenza
14188491;08/09/2026 13:14:44;3;2;0001  214828-1;02;CAMION JUE 1;2093008;"JA01    ";"JOSE ANACLETO E HIJOS S.A.                        ";CALLE 44 1031;951961;"3030           ";3030 - PERCHA LINEA 3000;20;20;20;23222131;080926131442511;182382287;;;;08/27/2031 00:00:00;10;13864792;08/09/2026 13:14:42;Tiago;Rodriguez;24500982;08/09/2026 10:31:18;7807;Nicolas;Perez;Tiago Rodriguez;Nicolas Perez
14188491;08/09/2026 13:14:44;3;2;0001  214828-1;02;CAMION JUE 1;2093008;"JA01    ";"JOSE ANACLETO E HIJOS S.A.                        ";CALLE 44 1031;951102;"11040          ";"PORTA ROLLO LINEA 11000                                               ";6;6;6;23222131;080926131442511;182378721;;;;07/27/2031 00:00:00;6;13864792;08/09/2026 13:14:42;Tiago;Rodriguez;24500982;08/09/2026 10:31:18;7807;Nicolas;Perez;Tiago Rodriguez;Nicolas Perez
14188491;08/09/2026 13:14:44;3;2;0001  214828-1;02;CAMION JUE 1;2093008;"JA01    ";"JOSE ANACLETO E HIJOS S.A.                        ";CALLE 44 1031;952453;"51-131         ";51-131 - MESADA BIMANDO CR C.CERAM MALLORCA;6;6;6;23225977;080926110706505;182402621;;;;01/12/2032 00:00:00;3;13861491;08/09/2026 11:07:06;Maximiliano;Nievas;;;;;;Maximiliano Nievas;
14188491;08/09/2026 13:14:44;3;2;0001  214828-1;02;CAMION JUE 1;2093008;"JA01    ";"JOSE ANACLETO E HIJOS S.A.                        ";CALLE 44 1031;952453;"51-131         ";51-131 - MESADA BIMANDO CR C.CERAM MALLORCA;6;6;6;23226191;080926111055520;182394783;;;;01/12/2032 00:00:00;3;13861620;08/09/2026 11:10:55;Maximiliano;Nievas;;;;;;Maximiliano Nievas;
14188491;08/09/2026 13:14:44;3;2;0001  214828-1;02;CAMION JUE 1;2093008;"JA01    ";"JOSE ANACLETO E HIJOS S.A.                        ";CALLE 44 1031;953071;"80-100G        ";80-100G - DUCHA EMB. C/TRANSF. GOLD C.CERAM FABRIC;4;4;4;23226282;080926111250166;182404940;;;;12/03/2031 00:00:00;3;13861689;08/09/2026 11:12:50;Maximiliano;Nievas;;;;;;Maximiliano Nievas;
14188491;08/09/2026 13:14:44;3;2;0001  214828-1;02;CAMION JUE 1;2093008;"JA01    ";"JOSE ANACLETO E HIJOS S.A.                        ";CALLE 44 1031;952456;"51-190         ";51-190 - MESADA BIMANDO C.CERAM BLACK VELVET;3;3;3;23226311;080926111335888;182391197;;;;10/13/2031 00:00:00;3;13861716;08/09/2026 11:13:35;Maximiliano;Nievas;;;;;;Maximiliano Nievas;
14188491;08/09/2026 13:14:44;3;2;0001  214828-1;02;CAMION JUE 1;2093008;"JA01    ";"JOSE ANACLETO E HIJOS S.A.                        ";CALLE 44 1031;953152;"80-200C        ";80-200C - DUCHA EMB. MONOC. 3 FUNCIONES CR FABRIC;2;2;2;23226356;080926111425540;182397761;;;;12/14/2031 00:00:00;2;13861745;08/09/2026 11:14:25;Maximiliano;Nievas;;;;;;Maximiliano Nievas;
14188491;08/09/2026 13:14:44;3;2;0001  214828-1;02;CAMION JUE 1;2093008;"JA01    ";"JOSE ANACLETO E HIJOS S.A.                        ";CALLE 44 1031;953071;"80-100G        ";80-100G - DUCHA EMB. C/TRANSF. GOLD C.CERAM FABRIC;4;4;4;23226356;080926111425540;182395442;;;;12/03/2031 00:00:00;1;13861745;08/09/2026 11:14:25;Maximiliano;Nievas;;;;;;Maximiliano Nievas;
14188491;08/09/2026 13:14:44;3;2;0001  214828-1;02;CAMION JUE 1;2093008;"JA01    ";"JOSE ANACLETO E HIJOS S.A.                        ";CALLE 44 1031;952608;"60-121         ";60-121 - LAVATORIO C.CERAM CR MARBELLA;8;8;8;23226394;080926111511083;182398911;;;;01/25/2032 00:00:00;8;13861785;08/09/2026 11:15:11;Maximiliano;Nievas;;;;;;Maximiliano Nievas;
14188491;08/09/2026 13:14:44;3;2;0001  214828-1;02;CAMION JUE 1;2093008;"JA01    ";"JOSE ANACLETO E HIJOS S.A.                        ";CALLE 44 1031;953070;"80-100C        ";80-100C - DUCHA EMB. C/TRANSF. CR C.CERAM FABRIC;2;2;2;23226486;080926111646176;182406589;;;;07/30/2031 00:00:00;1;13861832;08/09/2026 11:16:46;Maximiliano;Nievas;;;;;;Maximiliano Nievas;
14188491;08/09/2026 13:14:44;3;2;0001  214828-1;02;CAMION JUE 1;2093008;"JA01    ";"JOSE ANACLETO E HIJOS S.A.                        ";CALLE 44 1031;953070;"80-100C        ";80-100C - DUCHA EMB. C/TRANSF. CR C.CERAM FABRIC;2;2;2;23226504;080926111702836;182390805;;;;07/30/2031 00:00:00;1;13861841;08/09/2026 11:17:02;Maximiliano;Nievas;;;;;;Maximiliano Nievas;
14188491;08/09/2026 13:14:44;3;2;0001  214828-1;02;CAMION JUE 1;2093008;"JA01    ";"JOSE ANACLETO E HIJOS S.A.                        ";CALLE 44 1031;953072;"80-100N        ";80-100N - DUCHA EMB. C/TRANSF. BLACK C.CERAM FABRIC;1;1;1;23226504;080926111702836;182394895;;;;10/29/2031 00:00:00;1;13861841;08/09/2026 11:17:02;Maximiliano;Nievas;;;;;;Maximiliano Nievas;
14188491;08/09/2026 13:14:44;3;2;0001  214828-1;02;CAMION JUE 1;2093008;"JA01    ";"JOSE ANACLETO E HIJOS S.A.                        ";CALLE 44 1031;953156;"80-201NI       ";80-201NI - DUCHA EMB C/TRANSF C.CERAM BEAT NICKEL;3;3;3;23226525;080926111741722;182381778;;;;11/10/2031 00:00:00;3;13861866;08/09/2026 11:17:41;Maximiliano;Nievas;;;;;;Maximiliano Nievas;
14188491;08/09/2026 13:14:44;3;2;0001  214828-1;02;CAMION JUE 1;2093008;"JA01    ";"JOSE ANACLETO E HIJOS S.A.                        ";CALLE 44 1031;953136;"80-190P        ";80-190P - DUCHA EMB. C/TRANSF. C.CERAM BLACK VELVET PLUS;6;6;6;23226808;080926112309207;182409133;;;;07/29/2031 00:00:00;3;13862043;08/09/2026 11:23:09;Maximiliano;Nievas;;;;;;Maximiliano Nievas;
14188491;08/09/2026 13:14:44;3;2;0001  214828-1;02;CAMION JUE 1;2093008;"JA01    ";"JOSE ANACLETO E HIJOS S.A.                        ";CALLE 44 1031;953136;"80-190P        ";80-190P - DUCHA EMB. C/TRANSF. C.CERAM BLACK VELVET PLUS;6;6;6;23226872;080926112400137;182389501;;;;07/29/2031 00:00:00;3;13862073;08/09/2026 11:24:00;Maximiliano;Nievas;;;;;;Maximiliano Nievas;
14188491;08/09/2026 13:14:44;3;2;0001  214828-1;02;CAMION JUE 1;2093008;"JA01    ";"JOSE ANACLETO E HIJOS S.A.                        ";CALLE 44 1031;952676;"60-201NI       ";60-201NI - LAVATORIO C.CERAM BEAT NICKEL;5;5;5;23227284;080926113231401;182412504;;;;08/20/2031 00:00:00;3;13862377;08/09/2026 11:32:31;Maximiliano;Nievas;;;;;;Maximiliano Nievas;
14188491;08/09/2026 13:14:44;3;2;0001  214828-1;02;CAMION JUE 1;2093008;"JA01    ";"JOSE ANACLETO E HIJOS S.A.                        ";CALLE 44 1031;952676;"60-201NI       ";60-201NI - LAVATORIO C.CERAM BEAT NICKEL;5;5;5;23227318;080926113327972;182382514;;;;08/20/2031 00:00:00;2;13862418;08/09/2026 11:33:27;Maximiliano;Nievas;;;;;;Maximiliano Nievas;
14188491;08/09/2026 13:14:44;3;2;0001  214828-1;02;CAMION JUE 1;2093008;"JA01    ";"JOSE ANACLETO E HIJOS S.A.                        ";CALLE 44 1031;953104;"80-153         ";80-153 - DUCHA EMB. C/TRANSF. CR C.CERAM CASTILLA;3;3;3;23227356;080926113412512;182386827;;;;11/04/2031 00:00:00;3;13862457;08/09/2026 11:34:12;Maximiliano;Nievas;;;;;;Maximiliano Nievas;
14188491;08/09/2026 13:14:44;3;2;0001  214828-1;02;CAMION JUE 1;2093008;"JA01    ";"JOSE ANACLETO E HIJOS S.A.                        ";CALLE 44 1031;953153;"80-200G        ";80-200G - DUCHA EMB. MONOC. 3 FUNCIONES GOLD FABRIC;1;1;1;23227495;080926113715183;182379279;;;;12/03/2031 00:00:00;1;13862568;08/09/2026 11:37:15;Maximiliano;Nievas;;;;;;Maximiliano Nievas;
14188491;08/09/2026 13:14:44;3;2;0001  214828-1;02;CAMION JUE 1;2093008;"JA01    ";"JOSE ANACLETO E HIJOS S.A.                        ";CALLE 44 1031;953108;"80-163         ";80-163 - DUCHA EMB. C/TRANSF. CR C.CERAM SENA;2;2;2;23227495;080926113715183;182379780;;;;09/09/2031 00:00:00;2;13862568;08/09/2026 11:37:15;Maximiliano;Nievas;;;;;;Maximiliano Nievas;
14188491;08/09/2026 13:14:44;3;2;0001  214828-1;02;CAMION JUE 1;2093008;"JA01    ";"JOSE ANACLETO E HIJOS S.A.                        ";CALLE 44 1031;952726;"61-203         ";61-203 - LAVATORIO MONOCOMANDO ALTO ADRA;5;5;5;23227528;080926113751332;182414587;;;;01/11/2032 00:00:00;3;13862588;08/09/2026 11:37:51;Maximiliano;Nievas;;;;;;Maximiliano Nievas;
14188491;08/09/2026 13:14:44;3;2;0001  214828-1;02;CAMION JUE 1;2093008;"JA01    ";"JOSE ANACLETO E HIJOS S.A.                        ";CALLE 44 1031;952726;"61-203         ";61-203 - LAVATORIO MONOCOMANDO ALTO ADRA;5;5;5;23227654;080926114009566;182384420;;;;01/11/2032 00:00:00;2;13862656;08/09/2026 11:40:09;Maximiliano;Nievas;;;;;;Maximiliano Nievas;
14188491;08/09/2026 13:14:44;3;2;0001  214828-1;02;CAMION JUE 1;2093008;"JA01    ";"JOSE ANACLETO E HIJOS S.A.                        ";CALLE 44 1031;952953;"70-201NI       ";70-201NI - BIDE CR C.CERAM BEAT NICKEL;3;3;3;23227710;080926114130277;182382065;;;;07/29/2031 00:00:00;3;13862706;08/09/2026 11:41:30;Maximiliano;Nievas;;;;;;Maximiliano Nievas;
14188491;08/09/2026 13:14:44;3;2;0001  214828-1;02;CAMION JUE 1;2093008;"JA01    ";"JOSE ANACLETO E HIJOS S.A.                        ";CALLE 44 1031;952677;"60-203         ";60-203 - LAVATORIO MONOCOMANDO BAJO ADRA;5;5;5;23227710;080926114130277;182384806;;;;02/10/2032 00:00:00;5;13862706;08/09/2026 11:41:30;Maximiliano;Nievas;;;;;;Maximiliano Nievas;
14188491;08/09/2026 13:14:44;3;2;0001  214828-1;02;CAMION JUE 1;2093008;"JA01    ";"JOSE ANACLETO E HIJOS S.A.                        ";CALLE 44 1031;952774;"62-190         ";62-190 - LAVATORIO PARED EMB. C.CERAM BLACK VELVET;2;2;2;23227710;080926114130277;182385058;;;;09/02/2031 00:00:00;2;13862706;08/09/2026 11:41:30;Maximiliano;Nievas;;;;;;Maximiliano Nievas;
14188491;08/09/2026 13:14:44;3;2;0001  214828-1;02;CAMION JUE 1;2093008;"JA01    ";"JOSE ANACLETO E HIJOS S.A.                        ";CALLE 44 1031;953432;"910/M          ";"910/M - JGO.MDA.P.CANO CROMO ""DIQUE""";8;8;8;23227737;080926114212426;182380904;;;;12/21/2031 00:00:00;8;13862740;08/09/2026 11:42:12;Maximiliano;Nievas;;;;;;Maximiliano Nievas;
14188491;08/09/2026 13:14:44;3;2;0001  214828-1;02;CAMION JUE 1;2093008;"JA01    ";"JOSE ANACLETO E HIJOS S.A.                        ";CALLE 44 1031;952914;"70-163         ";70-163 - BIDE CR C.CERAM SENA;2;2;2;23227798;080926114327658;182379597;;;;07/27/2031 00:00:00;2;13862787;08/09/2026 11:43:27;Maximiliano;Nievas;;;;;;Maximiliano Nievas;
14188491;08/09/2026 13:14:44;3;2;0001  214828-1;02;CAMION JUE 1;2093008;"JA01    ";"JOSE ANACLETO E HIJOS S.A.                        ";CALLE 44 1031;952936;"70-190         ";70-190 - BIDE C.CERAM BLACK VELVET;6;6;6;23227798;080926114327658;182387598;;;;11/08/2031 00:00:00;6;13862787;08/09/2026 11:43:27;Maximiliano;Nievas;;;;;;Maximiliano Nievas;
14188491;08/09/2026 13:14:44;3;2;0001  214828-1;02;CAMION JUE 1;2093008;"JA01    ";"JOSE ANACLETO E HIJOS S.A.                        ";CALLE 44 1031;952945;"70-199         ";70-199 - BIDE CR C.CERAM LIVE;1;1;1;23227798;080926114327658;182399618;;;;12/16/2031 00:00:00;1;13862787;08/09/2026 11:43:27;Maximiliano;Nievas;;;;;;Maximiliano Nievas;
14188491;08/09/2026 13:14:44;3;2;0001  214828-1;02;CAMION JUE 1;2093008;"JA01    ";"JOSE ANACLETO E HIJOS S.A.                        ";CALLE 44 1031;952631;"60-153         ";60-153 - LAVATORIO CR C.CERAMICO CASTILLA;1;1;1;23228022;080926114738442;182386451;;;;11/23/2031 00:00:00;1;13862925;08/09/2026 11:47:38;Maximiliano;Nievas;;;;;;Maximiliano Nievas;
14188491;08/09/2026 13:14:44;3;2;0001  214828-1;02;CAMION JUE 1;2093008;"JA01    ";"JOSE ANACLETO E HIJOS S.A.                        ";CALLE 44 1031;952636;"60-163         ";60-163 - LAVATORIO CR C.CERAM SENA;2;2;2;23228022;080926114738442;182379934;;;;07/29/2031 00:00:00;2;13862925;08/09/2026 11:47:38;Maximiliano;Nievas;;;;;;Maximiliano Nievas;
14188491;08/09/2026 13:14:44;3;2;0001  214828-1;02;CAMION JUE 1;2093008;"JA01    ";"JOSE ANACLETO E HIJOS S.A.                        ";CALLE 44 1031;953109;"80-166         ";"DUCHA EMB. C/TRANSF. CR C.CERAM ADRA PLUS                             ";8;8;8;23228072;080926114844401;182419045;;;;01/18/2032 00:00:00;3;13862971;08/09/2026 11:48:44;Maximiliano;Nievas;;;;;;Maximiliano Nievas;
14188491;08/09/2026 13:14:44;3;2;0001  214828-1;02;CAMION JUE 1;2093008;"JA01    ";"JOSE ANACLETO E HIJOS S.A.                        ";CALLE 44 1031;951760;"3006SS         ";3006SS - SET DE 6 PIEZAS LINEA 3000 SS;4;4;4;23228104;080926114918476;182398543;;;;07/29/2031 00:00:00;4;13862994;08/09/2026 11:49:18;Tiago;Rodriguez;;;;;;Tiago Rodriguez;
14188491;08/09/2026 13:14:44;3;2;0001  214828-1;02;CAMION JUE 1;2093008;"JA01    ";"JOSE ANACLETO E HIJOS S.A.                        ";CALLE 44 1031;951259;"16006BL        ";16006BL - SET 6 PIEZAS ACCESORIOS LINEA 16000 BLACK;2;2;2;23228104;080926114918476;182391627;;;;07/27/2031 00:00:00;2;13862994;08/09/2026 11:49:18;Tiago;Rodriguez;;;;;;Tiago Rodriguez;
14188491;08/09/2026 13:14:44;3;2;0001  214828-1;02;CAMION JUE 1;2093008;"JA01    ";"JOSE ANACLETO E HIJOS S.A.                        ";CALLE 44 1031;953090;"80-136         ";80-136 - DUCHA EMB. C/TRANSF. CR C.C. MARBELLA PLUS;4;4;4;23228130;080926114945982;182419424;;;;10/29/2031 00:00:00;3;13863006;08/09/2026 11:49:45;Maximiliano;Nievas;;;;;;Maximiliano Nievas;
14188491;08/09/2026 13:14:44;3;2;0001  214828-1;02;CAMION JUE 1;2093008;"JA01    ";"JOSE ANACLETO E HIJOS S.A.                        ";CALLE 44 1031;952728;"61-205         ";61-205 - LAVATORIO MONOC ALTO STEEL;4;4;4;23228135;080926114954128;182395268;;;;07/28/2031 00:00:00;4;13863012;08/09/2026 11:49:54;Tiago;Rodriguez;;;;;;Tiago Rodriguez;
14188491;08/09/2026 13:14:44;3;2;0001  214828-1;02;CAMION JUE 1;2093008;"JA01    ";"JOSE ANACLETO E HIJOS S.A.                        ";CALLE 44 1031;953109;"80-166         ";"DUCHA EMB. C/TRANSF. CR C.CERAM ADRA PLUS                             ";8;8;8;23228164;080926115018511;182419648;;;;01/18/2032 00:00:00;3;13863019;08/09/2026 11:50:18;Maximiliano;Nievas;;;;;;Maximiliano Nievas;
14188491;08/09/2026 13:14:44;3;2;0001  214828-1;02;CAMION JUE 1;2093008;"JA01    ";"JOSE ANACLETO E HIJOS S.A.                        ";CALLE 44 1031;953109;"80-166         ";"DUCHA EMB. C/TRANSF. CR C.CERAM ADRA PLUS                             ";8;8;8;23228181;080926115045953;182377960;;;;01/18/2032 00:00:00;2;13863036;08/09/2026 11:50:45;Maximiliano;Nievas;;;;;;Maximiliano Nievas;
14188491;08/09/2026 13:14:44;3;2;0001  214828-1;02;CAMION JUE 1;2093008;"JA01    ";"JOSE ANACLETO E HIJOS S.A.                        ";CALLE 44 1031;953090;"80-136         ";80-136 - DUCHA EMB. C/TRANSF. CR C.C. MARBELLA PLUS;4;4;4;23228181;080926115045953;182377034;;;;10/29/2031 00:00:00;1;13863036;08/09/2026 11:50:45;Maximiliano;Nievas;;;;;;Maximiliano Nievas;
14188491;08/09/2026 13:14:44;3;2;0001  214828-1;02;CAMION JUE 1;2093008;"JA01    ";"JOSE ANACLETO E HIJOS S.A.                        ";CALLE 44 1031;951293;"17010C         ";17010C - TOALLERO BARRAL LINEA FABRIC CROMO;5;5;5;23228200;080926115102212;182379583;;;;07/27/2031 00:00:00;5;13863046;08/09/2026 11:51:02;Tiago;Rodriguez;;;;;;Tiago Rodriguez;
14188491;08/09/2026 13:14:44;3;2;0001  214828-1;02;CAMION JUE 1;2093008;"JA01    ";"JOSE ANACLETO E HIJOS S.A.                        ";CALLE 44 1031;951295;"17010N         ";17010N - TOALLERO BARRAL LINEA FABRIC BLACK;5;5;5;23228200;080926115102212;182377469;;;;07/29/2031 00:00:00;5;13863046;08/09/2026 11:51:02;Tiago;Rodriguez;;;;;;Tiago Rodriguez;
14188491;08/09/2026 13:14:44;3;2;0001  214828-1;02;CAMION JUE 1;2093008;"JA01    ";"JOSE ANACLETO E HIJOS S.A.                        ";CALLE 44 1031;950978;"10006CR        ";"SET DE 6 PIEZAS LINEA 10000 MINIMALISTA                               ";3;3;3;23228288;080926115244911;182384776;;;;07/28/2031 00:00:00;3;13863109;08/09/2026 11:52:44;Tiago;Rodriguez;;;;;;Tiago Rodriguez;
14188491;08/09/2026 13:14:44;3;2;0001  214828-1;02;CAMION JUE 1;2093008;"JA01    ";"JOSE ANACLETO E HIJOS S.A.                        ";CALLE 44 1031;951098;"11006          ";"SET DE 6 PIEZAS LINEA 11000                                           ";1;1;1;23228288;080926115244911;182383580;;;;07/29/2031 00:00:00;1;13863109;08/09/2026 11:52:44;Tiago;Rodriguez;;;;;;Tiago Rodriguez;
14188491;08/09/2026 13:14:44;3;2;0001  214828-1;02;CAMION JUE 1;2093008;"JA01    ";"JOSE ANACLETO E HIJOS S.A.                        ";CALLE 44 1031;951748;"3006           ";3006 - SET DE 6 PIEZAS LINEA 3000;1;1;1;23228288;080926115244911;182383415;;;;07/29/2031 00:00:00;1;13863109;08/09/2026 11:52:44;Tiago;Rodriguez;;;;;;Tiago Rodriguez;
14188491;08/09/2026 13:14:44;3;2;0001  214828-1;02;CAMION JUE 1;2093008;"JA01    ";"JOSE ANACLETO E HIJOS S.A.                        ";CALLE 44 1031;951116;"12006          ";"SET DE 6 PIEZAS LINEA 12000                                           ";1;1;1;23228288;080926115244911;182383274;;;;07/30/2031 00:00:00;1;13863109;08/09/2026 11:52:44;Tiago;Rodriguez;;;;;;Tiago Rodriguez;
14188491;08/09/2026 13:14:44;3;2;0001  214828-1;02;CAMION JUE 1;2093008;"JA01    ";"JOSE ANACLETO E HIJOS S.A.                        ";CALLE 44 1031;952873;"70-100C        ";70-100C - BIDE CR C.CERAM FABRIC;1;1;1;23228375;080926115441664;182390878;;;;07/31/2031 00:00:00;1;13863168;08/09/2026 11:54:41;Maximiliano;Nievas;;;;;;Maximiliano Nievas;
14188491;08/09/2026 13:14:44;3;2;0001  214828-1;02;CAMION JUE 1;2093008;"JA01    ";"JOSE ANACLETO E HIJOS S.A.                        ";CALLE 44 1031;952739;"62-100C        ";62-100C - LAVATORIO DE PARED CR C.CERAM FABRIC;5;5;5;23228375;080926115441664;182393368;;;;07/31/2031 00:00:00;5;13863168;08/09/2026 11:54:41;Maximiliano;Nievas;;;;;;Maximiliano Nievas;
14188491;08/09/2026 13:14:44;3;2;0001  214828-1;02;CAMION JUE 1;2093008;"JA01    ";"JOSE ANACLETO E HIJOS S.A.                        ";CALLE 44 1031;951294;"17010G         ";17010G - TOALLERO BARRAL LINEA FABRIC GOLD;5;5;5;23228380;080926115449306;182392272;;;;07/27/2031 00:00:00;5;13863170;08/09/2026 11:54:49;Tiago;Rodriguez;;;;;;Tiago Rodriguez;
14188491;08/09/2026 13:14:44;3;2;0001  214828-1;02;CAMION JUE 1;2093008;"JA01    ";"JOSE ANACLETO E HIJOS S.A.                        ";CALLE 44 1031;951312;"18010          ";18010 - TOALLERO BARRAL NIQUEL LINEA BEAT;5;5;5;23228380;080926115449306;182386509;;;;07/29/2031 00:00:00;5;13863170;08/09/2026 11:54:49;Tiago;Rodriguez;;;;;;Tiago Rodriguez;
14188491;08/09/2026 13:14:44;3;2;0001  214828-1;02;CAMION JUE 1;2093008;"JA01    ";"JOSE ANACLETO E HIJOS S.A.                        ";CALLE 44 1031;952658;"60-190         ";60-190 - LAVATORIO C.CERAM BLACK VELVET;6;6;6;23228394;080926115459343;182421607;;;;08/12/2031 00:00:00;3;13863175;08/09/2026 11:54:59;Maximiliano;Nievas;;;;;;Maximiliano Nievas;
14188491;08/09/2026 13:14:44;3;2;0001  214828-1;02;CAMION JUE 1;2093008;"JA01    ";"JOSE ANACLETO E HIJOS S.A.                        ";CALLE 44 1031;953161;"80-205         ";80-205 - DUCHA EMB. C/TRANSF. MONOC STEEL;4;4;4;23228398;080926115506748;182391295;;;;08/11/2031 00:00:00;4;13863179;08/09/2026 11:55:06;Tiago;Rodriguez;;;;;;Tiago Rodriguez;
14188491;08/09/2026 13:14:44;3;2;0001  214828-1;02;CAMION JUE 1;2093008;"JA01    ";"JOSE ANACLETO E HIJOS S.A.                        ";CALLE 44 1031;952658;"60-190         ";60-190 - LAVATORIO C.CERAM BLACK VELVET;6;6;6;23228428;080926115527573;182385951;;;;08/12/2031 00:00:00;3;13863191;08/09/2026 11:55:27;Maximiliano;Nievas;;;;;;Maximiliano Nievas;
14188491;08/09/2026 13:14:44;3;2;0001  214828-1;02;CAMION JUE 1;2093008;"JA01    ";"JOSE ANACLETO E HIJOS S.A.                        ";CALLE 44 1031;951565;"20-205         ";20-205 - MONOCOMANDO DE COCINA STEEL;5;5;5;23228616;080926115852491;182390754;;;;07/28/2031 00:00:00;5;13863281;08/09/2026 11:58:52;Tiago;Rodriguez;;;;;;Tiago Rodriguez;
14188491;08/09/2026 13:14:44;3;2;0001  214828-1;02;CAMION JUE 1;2093008;"JA01    ";"JOSE ANACLETO E HIJOS S.A.                        ";CALLE 44 1031;953086;"80-131         ";80-131 - DUCHA EMB. C/TRANSF. CR C.CERAM MALLORCA;2;2;2;23228624;080926115909804;182395867;;;;10/25/2031 00:00:00;2;13863290;08/09/2026 11:59:09;Maximiliano;Nievas;;;;;;Maximiliano Nievas;
14188491;08/09/2026 13:14:44;3;2;0001  214828-1;02;CAMION JUE 1;2093008;"JA01    ";"JOSE ANACLETO E HIJOS S.A.                        ";CALLE 44 1031;952596;"60-100G        ";60-100G - LAVATORIO GOLD C.CERAM FABRIC;2;2;2;23228624;080926115909804;182392442;;;;11/10/2031 00:00:00;2;13863290;08/09/2026 11:59:09;Maximiliano;Nievas;;;;;;Maximiliano Nievas;
14188491;08/09/2026 13:14:44;3;2;0001  214828-1;02;CAMION JUE 1;2093008;"JA01    ";"JOSE ANACLETO E HIJOS S.A.                        ";CALLE 44 1031;951554;"20-190         ";20-190 - COCINA MESADA MONOC BLACK VELVET;2;2;2;23228657;080926115947865;182391852;;;;07/28/2031 00:00:00;2;13863308;08/09/2026 11:59:47;Tiago;Rodriguez;;;;;;Tiago Rodriguez;
14188491;08/09/2026 13:14:44;3;2;0001  214828-1;02;CAMION JUE 1;2093008;"JA01    ";"JOSE ANACLETO E HIJOS S.A.                        ";CALLE 44 1031;951524;"20-135         ";20-135 - MONOCOMANDO COCINA SANTANDER;2;2;2;23228657;080926115947865;182385157;;;;07/28/2031 00:00:00;2;13863308;08/09/2026 11:59:47;Tiago;Rodriguez;;;;;;Tiago Rodriguez;
14188491;08/09/2026 13:14:44;3;2;0001  214828-1;02;CAMION JUE 1;2093008;"JA01    ";"JOSE ANACLETO E HIJOS S.A.                        ";CALLE 44 1031;951508;"20-121         ";20-121 - COCINA MSDA MONOC.P. REDONDO MARBELLA;15;15;15;23228657;080926115947865;182423083;;;;07/30/2031 00:00:00;3;13863308;08/09/2026 11:59:47;Tiago;Rodriguez;;;;;;Tiago Rodriguez;
14188491;08/09/2026 13:14:44;3;2;0001  214828-1;02;CAMION JUE 1;2093008;"JA01    ";"JOSE ANACLETO E HIJOS S.A.                        ";CALLE 44 1031;952595;"60-100C        ";60-100C - LAVATORIO CR C.CERAM FABRIC;4;4;4;23228660;080926115952819;182390539;;;;08/17/2031 00:00:00;4;13863310;08/09/2026 11:59:52;Maximiliano;Nievas;;;;;;Maximiliano Nievas;
14188491;08/09/2026 13:14:44;3;2;0001  214828-1;02;CAMION JUE 1;2093008;"JA01    ";"JOSE ANACLETO E HIJOS S.A.                        ";CALLE 44 1031;952467;"52-121         ";52-121 - GRIFERIA REBATIBLE P/LLENADO DE OLLAS MARBELLA;1;1;1;23228667;080926120004533;182397699;;;;07/29/2031 00:00:00;1;13863321;08/09/2026 12:00:04;Tiago;Rodriguez;;;;;;Tiago Rodriguez;
14188491;08/09/2026 13:14:44;3;2;0001  214828-1;02;CAMION JUE 1;2093008;"JA01    ";"JOSE ANACLETO E HIJOS S.A.                        ";CALLE 44 1031;952725;"61-200N        ";61-200N - LAVATORIO MONOC ALTO FABRIC BLACK;1;1;1;23228667;080926120004533;182393621;;;;07/28/2031 00:00:00;1;13863321;08/09/2026 12:00:04;Tiago;Rodriguez;;;;;;Tiago Rodriguez;
14188491;08/09/2026 13:14:44;3;2;0001  214828-1;02;CAMION JUE 1;2093008;"JA01    ";"JOSE ANACLETO E HIJOS S.A.                        ";CALLE 44 1031;952724;"61-200G        ";61-200G - LAVATORIO MONOC ALTO GOLD FABRIC;2;2;2;23228667;080926120004533;182390022;;;;07/27/2031 00:00:00;2;13863321;08/09/2026 12:00:04;Tiago;Rodriguez;;;;;;Tiago Rodriguez;
14188491;08/09/2026 13:14:44;3;2;0001  214828-1;02;CAMION JUE 1;2093008;"JA01    ";"JOSE ANACLETO E HIJOS S.A.                        ";CALLE 44 1031;952723;"61-200C        ";61-200C - LAVATORIO MONOC ALTO CR FABRIC;2;2;2;23228667;080926120004533;182397456;;;;07/27/2031 00:00:00;2;13863321;08/09/2026 12:00:04;Tiago;Rodriguez;;;;;;Tiago Rodriguez;
14188491;08/09/2026 13:14:44;3;2;0001  214828-1;02;CAMION JUE 1;2093008;"JA01    ";"JOSE ANACLETO E HIJOS S.A.                        ";CALLE 44 1031;952874;"70-100G        ";70-100G - BIDE GOLD C.CERAM FABRIC;6;6;6;23228672;080926120016157;182392307;;;;07/29/2031 00:00:00;6;13863326;08/09/2026 12:00:16;Maximiliano;Nievas;;;;;;Maximiliano Nievas;
14188491;08/09/2026 13:14:44;3;2;0001  214828-1;02;CAMION JUE 1;2093008;"JA01    ";"JOSE ANACLETO E HIJOS S.A.                        ";CALLE 44 1031;951536;"20-162         ";20-162 - MONOCOMANDO COCINA ADRA;4;4;4;23228684;080926120032482;182382731;;;;07/28/2031 00:00:00;4;13863334;08/09/2026 12:00:32;Tiago;Rodriguez;;;;;;Tiago Rodriguez;
14188491;08/09/2026 13:14:44;3;2;0001  214828-1;02;CAMION JUE 1;2093008;"JA01    ";"JOSE ANACLETO E HIJOS S.A.                        ";CALLE 44 1031;952875;"70-100N        ";70-100N - BIDE BLACK C.CERAM FABRIC;4;4;4;23228726;080926120059634;182392008;;;;07/29/2031 00:00:00;4;13863350;08/09/2026 12:00:59;Maximiliano;Nievas;;;;;;Maximiliano Nievas;
14188491;08/09/2026 13:14:44;3;2;0001  214828-1;02;CAMION JUE 1;2093008;"JA01    ";"JOSE ANACLETO E HIJOS S.A.                        ";CALLE 44 1031;952886;"70-121         ";70-121 - BIDE C.CERAM CR MARBELLA;5;5;5;23228726;080926120059634;182397465;;;;01/17/2032 00:00:00;5;13863350;08/09/2026 12:00:59;Maximiliano;Nievas;;;;;;Maximiliano Nievas;
14188491;08/09/2026 13:14:44;3;2;0001  214828-1;02;CAMION JUE 1;2093008;"JA01    ";"JOSE ANACLETO E HIJOS S.A.                        ";CALLE 44 1031;951737;"3005           ";3005 - SET DE 5 PIEZAS LINEA 3000;4;4;4;23228727;080926120100874;182380275;;;;07/27/2031 00:00:00;4;13863352;08/09/2026 12:01:00;Tiago;Rodriguez;;;;;;Tiago Rodriguez;
14188491;08/09/2026 13:14:44;3;2;0001  214828-1;02;CAMION JUE 1;2093008;"JA01    ";"JOSE ANACLETO E HIJOS S.A.                        ";CALLE 44 1031;952720;"61-192         ";61-192 - LAVATORIO ALTO SORIA BLACK;2;2;2;23228787;080926120129520;182385978;;;;07/27/2031 00:00:00;2;13863368;08/09/2026 12:01:29;Tiago;Rodriguez;;;;;;Tiago Rodriguez;
14188491;08/09/2026 13:14:44;3;2;0001  214828-1;02;CAMION JUE 1;2093008;"JA01    ";"JOSE ANACLETO E HIJOS S.A.                        ";CALLE 44 1031;952721;"61-193         ";61-193 - LAVATORIO MONOCOMANDO ALTO MORA;2;2;2;23228787;080926120129520;182383817;;;;07/27/2031 00:00:00;2;13863368;08/09/2026 12:01:29;Tiago;Rodriguez;;;;;;Tiago Rodriguez;
14188491;08/09/2026 13:14:44;3;2;0001  214828-1;02;CAMION JUE 1;2093008;"JA01    ";"JOSE ANACLETO E HIJOS S.A.                        ";CALLE 44 1031;952661;"60-193         ";60-193 - LAVATORIO MONOCOMANDO BAJO MORA;2;2;2;23228844;080926120248961;182384205;;;;07/28/2031 00:00:00;2;13863410;08/09/2026 12:02:49;Tiago;Rodriguez;;;;;;Tiago Rodriguez;
14188491;08/09/2026 13:14:44;3;2;0001  214828-1;02;CAMION JUE 1;2093008;"JA01    ";"JOSE ANACLETO E HIJOS S.A.                        ";CALLE 44 1031;951488;"20-102         ";"20-102 - MONOCOMANDO MESADA CROMO ""RENACER""";10;10;10;23228844;080926120248961;182424012;;;;08/20/2031 00:00:00;2;13863410;08/09/2026 12:02:49;Tiago;Rodriguez;;;;;;Tiago Rodriguez;
14188491;08/09/2026 13:14:44;3;2;0001  214828-1;02;CAMION JUE 1;2093008;"JA01    ";"JOSE ANACLETO E HIJOS S.A.                        ";CALLE 44 1031;952939;"70-193         ";70-193 - BIDE MONOCOMANDO MORA;2;2;2;23228844;080926120248961;182394549;;;;07/28/2031 00:00:00;2;13863410;08/09/2026 12:02:49;Tiago;Rodriguez;;;;;;Tiago Rodriguez;
14188491;08/09/2026 13:14:44;3;2;0001  214828-1;02;CAMION JUE 1;2093008;"JA01    ";"JOSE ANACLETO E HIJOS S.A.                        ";CALLE 44 1031;952799;"63-180         ";63-180 - LAVATORIO MONOC. DE PARED VERA;2;2;2;23228844;080926120248961;182385618;;;;07/27/2031 00:00:00;2;13863410;08/09/2026 12:02:49;Tiago;Rodriguez;;;;;;Tiago Rodriguez;
14188491;08/09/2026 13:14:44;3;2;0001  214828-1;02;CAMION JUE 1;2093008;"JA01    ";"JOSE ANACLETO E HIJOS S.A.                        ";CALLE 44 1031;952950;"70-200G        ";70-200G - BIDE MONOCOMANDO GOLD FABRIC;1;1;1;23228844;080926120248961;182390252;;;;07/27/2031 00:00:00;1;13863410;08/09/2026 12:02:49;Tiago;Rodriguez;;;;;;Tiago Rodriguez;
14188491;08/09/2026 13:14:44;3;2;0001  214828-1;02;CAMION JUE 1;2093008;"JA01    ";"JOSE ANACLETO E HIJOS S.A.                        ";CALLE 44 1031;952679;"60-205         ";60-205 - LAVATORIO MONOC BAJO STEEL;5;5;5;23228869;080926120305379;182395029;;;;07/27/2031 00:00:00;5;13863417;08/09/2026 12:03:05;Tiago;Rodriguez;;;;;;Tiago Rodriguez;
14188491;08/09/2026 13:14:44;3;2;0001  214828-1;02;CAMION JUE 1;2093008;"JA01    ";"JOSE ANACLETO E HIJOS S.A.                        ";CALLE 44 1031;952634;"60-162         ";60-162 - LAVATORIO CR C.CERAM LINEA ADRA;12;12;12;23228875;080926120314360;182378610;;;;07/29/2031 00:00:00;12;13863420;08/09/2026 12:03:14;Maximiliano;Nievas;;;;;;Maximiliano Nievas;
14188491;08/09/2026 13:14:44;3;2;0001  214828-1;02;CAMION JUE 1;2093008;"JA01    ";"JOSE ANACLETO E HIJOS S.A.                        ";CALLE 44 1031;952912;"70-162         ";70-162 - BIDE CR C.CERAM LINEA ADRA;5;5;5;23228904;080926120413598;182379022;;;;07/29/2031 00:00:00;5;13863450;08/09/2026 12:04:13;Maximiliano;Nievas;;;;;;Maximiliano Nievas;
14188491;08/09/2026 13:14:44;3;2;0001  214828-1;02;CAMION JUE 1;2093008;"JA01    ";"JOSE ANACLETO E HIJOS S.A.                        ";CALLE 44 1031;951957;"303            ";"303 - BIDET CROMO ""DIQUE""";5;5;5;23228904;080926120413598;182380337;;;;11/25/2031 00:00:00;5;13863450;08/09/2026 12:04:13;Maximiliano;Nievas;;;;;;Maximiliano Nievas;
14188491;08/09/2026 13:14:44;3;2;0001  214828-1;02;CAMION JUE 1;2093008;"JA01    ";"JOSE ANACLETO E HIJOS S.A.                        ";CALLE 44 1031;952673;"60-200G        ";60-200G - LAVATORIO MONOC BAJO GOLD FABRIC;2;2;2;23228932;080926120422437;182389656;;;;07/28/2031 00:00:00;2;13863455;08/09/2026 12:04:22;Tiago;Rodriguez;;;;;;Tiago Rodriguez;
14188491;08/09/2026 13:14:44;3;2;0001  214828-1;02;CAMION JUE 1;2093008;"JA01    ";"JOSE ANACLETO E HIJOS S.A.                        ";CALLE 44 1031;952660;"60-192         ";60-192 - LAVATORIO BAJO SORIA BLACK;2;2;2;23228932;080926120422437;182386684;;;;07/27/2031 00:00:00;2;13863455;08/09/2026 12:04:22;Tiago;Rodriguez;;;;;;Tiago Rodriguez;
14188491;08/09/2026 13:14:44;3;2;0001  214828-1;02;CAMION JUE 1;2093008;"JA01    ";"JOSE ANACLETO E HIJOS S.A.                        ";CALLE 44 1031;952956;"70-205         ";70-205 - BIDE MONOCOMANDO STEEL;5;5;5;23228932;080926120422437;182424435;;;;11/08/2031 00:00:00;1;13863455;08/09/2026 12:04:22;Tiago;Rodriguez;;;;;;Tiago Rodriguez;
14188491;08/09/2026 13:14:44;3;2;0001  214828-1;02;CAMION JUE 1;2093008;"JA01    ";"JOSE ANACLETO E HIJOS S.A.                        ";CALLE 44 1031;953319;"83-193         ";83-193 - DUCHA EXT. C/TRANSF. MONOCOMANDO MORA;2;2;2;23228932;080926120422437;182396498;;;;07/27/2031 00:00:00;2;13863455;08/09/2026 12:04:22;Tiago;Rodriguez;;;;;;Tiago Rodriguez;
14188491;08/09/2026 13:14:44;3;2;0001  214828-1;02;CAMION JUE 1;2093008;"JA01    ";"JOSE ANACLETO E HIJOS S.A.                        ";CALLE 44 1031;952949;"70-200C        ";70-200C - BIDE MONOCOMANDO CR FABRIC;2;2;2;23228935;080926120435338;182396923;;;;10/28/2031 00:00:00;2;13863462;08/09/2026 12:04:35;Tiago;Rodriguez;;;;;;Tiago Rodriguez;
14188491;08/09/2026 13:14:44;3;2;0001  214828-1;02;CAMION JUE 1;2093008;"JA01    ";"JOSE ANACLETO E HIJOS S.A.                        ";CALLE 44 1031;951547;"20-174         ";20-174 - COCINA MESADA MONOC. COLORS BLACK;2;2;2;23228935;080926120435338;182398977;;;;07/28/2031 00:00:00;2;13863462;08/09/2026 12:04:35;Tiago;Rodriguez;;;;;;Tiago Rodriguez;
14188491;08/09/2026 13:14:44;3;2;0001  214828-1;02;CAMION JUE 1;2093008;"JA01    ";"JOSE ANACLETO E HIJOS S.A.                        ";CALLE 44 1031;952672;"60-200C        ";60-200C - LAVATORIO MONOC BAJO CR FABRIC;2;2;2;23228935;080926120435338;182397245;;;;07/28/2031 00:00:00;2;13863462;08/09/2026 12:04:35;Tiago;Rodriguez;;;;;;Tiago Rodriguez;
14188491;08/09/2026 13:14:44;3;2;0001  214828-1;02;CAMION JUE 1;2093008;"JA01    ";"JOSE ANACLETO E HIJOS S.A.                        ";CALLE 44 1031;952786;"62-201NI       ";62-201NI - LAVATORIO DE PARED C.CERAM BEAT NICKEL;3;3;3;23228958;080926120458450;182381377;;;;11/02/2031 00:00:00;3;13863468;08/09/2026 12:04:58;Maximiliano;Nievas;;;;;;Maximiliano Nievas;
14188491;08/09/2026 13:14:44;3;2;0001  214828-1;02;CAMION JUE 1;2093008;"JA01    ";"JOSE ANACLETO E HIJOS S.A.                        ";CALLE 44 1031;952758;"62-162         ";62-162 - LAVATORIO DE PARED CR C.CERAM ADRA;1;1;1;23228958;080926120458450;182380483;;;;07/31/2031 00:00:00;1;13863468;08/09/2026 12:04:58;Maximiliano;Nievas;;;;;;Maximiliano Nievas;
14188491;08/09/2026 13:14:44;3;2;0001  214828-1;02;CAMION JUE 1;2093008;"JA01    ";"JOSE ANACLETO E HIJOS S.A.                        ";CALLE 44 1031;951305;"17050C         ";17050C - JABONERA  LINEA FABRIC CROMO;5;5;5;23229482;080926121640380;182393083;;;;07/31/2031 00:00:00;5;13863791;08/09/2026 12:16:40;Tiago;Rodriguez;;;;;;Tiago Rodriguez;
14188491;08/09/2026 13:14:44;3;2;0001  214828-1;02;CAMION JUE 1;2093008;"JA01    ";"JOSE ANACLETO E HIJOS S.A.                        ";CALLE 44 1031;951320;"18050          ";18050 - JABONERA NIQUEL LINEA BEAT;5;5;5;23229482;080926121640380;182387855;;;;07/28/2031 00:00:00;5;13863791;08/09/2026 12:16:40;Tiago;Rodriguez;;;;;;Tiago Rodriguez;
14188491;08/09/2026 13:14:44;3;2;0001  214828-1;02;CAMION JUE 1;2093008;"JA01    ";"JOSE ANACLETO E HIJOS S.A.                        ";CALLE 44 1031;951322;"18060          ";18060 - PORTA VASO Y CEPILLO NIQUEL LINEA BEAT;2;2;2;23229482;080926121640380;182387326;;;;07/27/2031 00:00:00;2;13863791;08/09/2026 12:16:40;Tiago;Rodriguez;;;;;;Tiago Rodriguez;
14188491;08/09/2026 13:14:44;3;2;0001  214828-1;02;CAMION JUE 1;2093008;"JA01    ";"JOSE ANACLETO E HIJOS S.A.                        ";CALLE 44 1031;951307;"17050N         ";17050N - JABONERA  LINEA FABRIC BLACK;4;4;4;23229731;080926122148671;182376900;;;;07/30/2031 00:00:00;4;13863933;08/09/2026 12:21:48;Tiago;Rodriguez;;;;;;Tiago Rodriguez;
14188491;08/09/2026 13:14:44;3;2;0001  214828-1;02;CAMION JUE 1;2093008;"JA01    ";"JOSE ANACLETO E HIJOS S.A.                        ";CALLE 44 1031;951306;"17050G         ";17050G - JABONERA  LINEA FABRIC GOLD;3;3;3;23229731;080926122148671;182392690;;;;07/29/2031 00:00:00;3;13863933;08/09/2026 12:21:48;Tiago;Rodriguez;;;;;;Tiago Rodriguez;
14188491;08/09/2026 13:14:44;3;2;0001  214828-1;02;CAMION JUE 1;2093008;"JA01    ";"JOSE ANACLETO E HIJOS S.A.                        ";CALLE 44 1031;951300;"17030G         ";17030G - PERCHA LINEA FABRIC GOLD;3;3;3;23229731;080926122148671;182378625;;;;07/29/2031 00:00:00;3;13863933;08/09/2026 12:21:48;Tiago;Rodriguez;;;;;;Tiago Rodriguez;
14188491;08/09/2026 13:14:44;3;2;0001  214828-1;02;CAMION JUE 1;2093008;"JA01    ";"JOSE ANACLETO E HIJOS S.A.                        ";CALLE 44 1031;951302;"17040C         ";17040C - PORTA ROLLO LINEA FABRIC CROMO;5;5;5;23229824;080926122404178;182382117;;;;07/29/2031 00:00:00;5;13864000;08/09/2026 12:24:04;Tiago;Rodriguez;;;;;;Tiago Rodriguez;
14188491;08/09/2026 13:14:44;3;2;0001  214828-1;02;CAMION JUE 1;2093008;"JA01    ";"JOSE ANACLETO E HIJOS S.A.                        ";CALLE 44 1031;951318;"18040          ";18040 - PORTA ROLLO NIQUEL LINEA BEAT;5;5;5;23229824;080926122404178;182387028;;;;07/28/2031 00:00:00;5;13864000;08/09/2026 12:24:04;Tiago;Rodriguez;;;;;;Tiago Rodriguez;
14188491;08/09/2026 13:14:44;3;2;0001  214828-1;02;CAMION JUE 1;2093008;"JA01    ";"JOSE ANACLETO E HIJOS S.A.                        ";CALLE 44 1031;951304;"17040N         ";17040N - PORTA ROLLO LINEA FABRIC BLACK;5;5;5;23230150;080926123222124;182377215;;;;07/29/2031 00:00:00;5;13864231;08/09/2026 12:32:22;Tiago;Rodriguez;;;;;;Tiago Rodriguez;
14188491;08/09/2026 13:14:44;3;2;0001  214828-1;02;CAMION JUE 1;2093008;"JA01    ";"JOSE ANACLETO E HIJOS S.A.                        ";CALLE 44 1031;951303;"17040G         ";17040G - PORTA ROLLO LINEA FABRIC GOLD;5;5;5;23230150;080926123222124;182381745;;;;07/28/2031 00:00:00;5;13864231;08/09/2026 12:32:22;Tiago;Rodriguez;;;;;;Tiago Rodriguez;
14188491;08/09/2026 13:14:44;3;2;0001  214828-1;02;CAMION JUE 1;2093008;"JA01    ";"JOSE ANACLETO E HIJOS S.A.                        ";CALLE 44 1031;951298;"17020N         ";17020N - TOALLERO DE ARO LINEA FABRIC BLACK;2;2;2;23230150;080926123222124;182376543;;;;07/29/2031 00:00:00;2;13864231;08/09/2026 12:32:22;Tiago;Rodriguez;;;;;;Tiago Rodriguez;
14188491;08/09/2026 13:14:44;3;2;0001  214828-1;02;CAMION JUE 1;2093008;"JA01    ";"JOSE ANACLETO E HIJOS S.A.                        ";CALLE 44 1031;951297;"17020G         ";17020G - TOALLERO DE ARO LINEA FABRIC GOLD;2;2;2;23230150;080926123222124;182392409;;;;07/29/2031 00:00:00;2;13864231;08/09/2026 12:32:22;Tiago;Rodriguez;;;;;;Tiago Rodriguez;
14188491;08/09/2026 13:14:44;3;2;0001  214828-1;02;CAMION JUE 1;2093008;"JA01    ";"JOSE ANACLETO E HIJOS S.A.                        ";CALLE 44 1031;951296;"17020C         ";17020C - TOALLERO DE ARO LINEA FABRIC CROMO;5;5;5;23230150;080926123222124;182379185;;;;07/30/2031 00:00:00;5;13864231;08/09/2026 12:32:22;Tiago;Rodriguez;;;;;;Tiago Rodriguez;
14188491;08/09/2026 13:14:44;3;2;0001  214828-1;02;CAMION JUE 1;2093008;"JA01    ";"JOSE ANACLETO E HIJOS S.A.                        ";CALLE 44 1031;951508;"20-121         ";20-121 - COCINA MSDA MONOC.P. REDONDO MARBELLA;15;15;15;23230401;080926123734511;182434848;;;;07/30/2031 00:00:00;6;13864354;08/09/2026 12:37:34;Tiago;Rodriguez;;;;;;Tiago Rodriguez;
14188491;08/09/2026 13:14:44;3;2;0001  214828-1;02;CAMION JUE 1;2093008;"JA01    ";"JOSE ANACLETO E HIJOS S.A.                        ";CALLE 44 1031;951508;"20-121         ";20-121 - COCINA MSDA MONOC.P. REDONDO MARBELLA;15;15;15;23230414;080926123802455;182389367;;;;07/30/2031 00:00:00;6;13864361;08/09/2026 12:38:02;Tiago;Rodriguez;;;;;;Tiago Rodriguez;
14188491;08/09/2026 13:14:44;3;2;0001  214828-1;02;CAMION JUE 1;2093008;"JA01    ";"JOSE ANACLETO E HIJOS S.A.                        ";CALLE 44 1031;951488;"20-102         ";"20-102 - MONOCOMANDO MESADA CROMO ""RENACER""";10;10;10;23230522;080926123936274;182378344;;;;08/20/2031 00:00:00;8;13864392;08/09/2026 12:39:36;Tiago;Rodriguez;;;;;;Tiago Rodriguez;
14188491;08/09/2026 13:14:44;3;2;0001  214828-1;02;CAMION JUE 1;2093008;"JA01    ";"JOSE ANACLETO E HIJOS S.A.                        ";CALLE 44 1031;951535;"20-160         ";20-160 - MONOCOMANDO MESADA COCINA DIQUE;8;8;8;23230537;080926124002832;182383033;;;;07/28/2031 00:00:00;8;13864404;08/09/2026 12:40:02;Tiago;Rodriguez;;;;;;Tiago Rodriguez;
14188491;08/09/2026 13:14:44;3;2;0001  214828-1;02;CAMION JUE 1;2093008;"JA01    ";"JOSE ANACLETO E HIJOS S.A.                        ";CALLE 44 1031;952954;"70-203         ";70-203 - BIDE MONOCOMANDO ADRA;5;5;5;23230589;080926124104230;182380723;;;;07/29/2031 00:00:00;5;13864441;08/09/2026 12:41:04;Tiago;Rodriguez;;;;;;Tiago Rodriguez;
14188491;08/09/2026 13:14:44;3;2;0001  214828-1;02;CAMION JUE 1;2093008;"JA01    ";"JOSE ANACLETO E HIJOS S.A.                        ";CALLE 44 1031;953159;"80-203P        ";80-203P - DUCHA EMB C/TRANSF. MONOCOMANDO ADRA PLUS;4;4;4;23230758;080926124450754;182381251;;;;07/27/2031 00:00:00;4;13864533;08/09/2026 12:44:50;Tiago;Rodriguez;;;;;;Tiago Rodriguez;
14188491;08/09/2026 13:14:44;3;2;0001  214828-1;02;CAMION JUE 1;2093008;"JA01    ";"JOSE ANACLETO E HIJOS S.A.                        ";CALLE 44 1031;952956;"70-205         ";70-205 - BIDE MONOCOMANDO STEEL;5;5;5;23230758;080926124450754;182396252;;;;11/08/2031 00:00:00;4;13864533;08/09/2026 12:44:50;Tiago;Rodriguez;;;;;;Tiago Rodriguez;
14188491;08/09/2026 13:14:44;3;2;0001  214828-1;02;CAMION JUE 1;2093008;"JA01    ";"JOSE ANACLETO E HIJOS S.A.                        ";CALLE 44 1031;951523;"20-134         ";20-134 - MONOCOMANDO COCINA BETIS;6;6;6;23230819;080926124606435;182377857;;;;08/11/2031 00:00:00;6;13864569;08/09/2026 12:46:06;Tiago;Rodriguez;;;;;;Tiago Rodriguez;
14188491;08/09/2026 13:14:44;3;2;0001  214828-1;02;CAMION JUE 1;2093008;"JA01    ";"JOSE ANACLETO E HIJOS S.A.                        ";CALLE 44 1031;951260;"16010          ";16010 - TOALLERO BARRAL LINEA 16000;2;2;2;23231341;080926125755081;182384409;;;;07/31/2031 00:00:00;2;13864882;08/09/2026 12:57:55;Tiago;Rodriguez;;;;;;Tiago Rodriguez;
14188491;08/09/2026 13:14:44;3;2;0001  214828-1;02;CAMION JUE 1;2093008;"JA01    ";"JOSE ANACLETO E HIJOS S.A.                        ";CALLE 44 1031;951137;"13050          ";"JABONERA LINEA 13000                                                  ";5;5;5;23231354;080926125837253;182385399;;;;07/31/2031 00:00:00;5;13864896;08/09/2026 12:58:37;Tiago;Rodriguez;;;;;;Tiago Rodriguez;
14188491;08/09/2026 13:14:44;3;2;0001  214828-1;02;CAMION JUE 1;2093008;"JA01    ";"JOSE ANACLETO E HIJOS S.A.                        ";CALLE 44 1031;951263;"16030BL        ";16030BL - PERCHA LINEA 16000 BLACK;5;5;5;23231423;080926130017201;182384923;;;;07/28/2031 00:00:00;5;13864926;08/09/2026 13:00:17;Tiago;Rodriguez;;;;;;Tiago Rodriguez;
14188491;08/09/2026 13:14:44;3;2;0001  214828-1;02;CAMION JUE 1;2093008;"JA01    ";"JOSE ANACLETO E HIJOS S.A.                        ";CALLE 44 1031;951262;"16030          ";16030 - PERCHA LINEA 16000;5;5;5;23231423;080926130017201;182384005;;;;07/27/2031 00:00:00;5;13864926;08/09/2026 13:00:17;Tiago;Rodriguez;;;;;;Tiago Rodriguez;
14188491;08/09/2026 13:14:44;3;2;0001  214828-1;02;CAMION JUE 1;2093008;"JA01    ";"JOSE ANACLETO E HIJOS S.A.                        ";CALLE 44 1031;951135;"13030          ";"PERCHA LINEA 13000                                                    ";5;5;5;23231423;080926130017201;182385665;;;;07/31/2031 00:00:00;5;13864926;08/09/2026 13:00:17;Tiago;Rodriguez;;;;;;Tiago Rodriguez;
14188491;08/09/2026 13:14:44;3;2;0001  214828-1;02;CAMION JUE 1;2093008;"JA01    ";"JOSE ANACLETO E HIJOS S.A.                        ";CALLE 44 1031;951264;"16040          ";16040 - PORTA ROLLO ACCESORIOS LINEA 16000;5;5;5;23231523;080926130302532;182379164;;;;07/27/2031 00:00:00;5;13864987;08/09/2026 13:03:02;Tiago;Rodriguez;;;;;;Tiago Rodriguez;
14188491;08/09/2026 13:14:44;3;2;0001  214828-1;02;CAMION JUE 1;2093008;"JA01    ";"JOSE ANACLETO E HIJOS S.A.                        ";CALLE 44 1031;951265;"16040BL        ";16040BL - PORTA ROLLO ACCESORIOS LINEA 16000 BLACK;5;5;5;23231523;080926130302532;182384654;;;;07/31/2031 00:00:00;5;13864987;08/09/2026 13:03:02;Tiago;Rodriguez;;;;;;Tiago Rodriguez;
14188491;08/09/2026 13:14:44;3;2;0001  214828-1;02;CAMION JUE 1;2093008;"JA01    ";"JOSE ANACLETO E HIJOS S.A.                        ";CALLE 44 1031;951267;"16050BL        ";16050BL - JABONERA ACCESORIOS LINEA 16000 BLACK;2;2;2;23231523;080926130302532;182383386;;;;07/31/2031 00:00:00;2;13864987;08/09/2026 13:03:02;Tiago;Rodriguez;;;;;;Tiago Rodriguez;
14188491;08/09/2026 13:14:44;3;2;0001  214828-1;02;CAMION JUE 1;2093008;"JA01    ";"JOSE ANACLETO E HIJOS S.A.                        ";CALLE 44 1031;951136;"13040          ";"PORTA ROLLO LINEA 13000                                               ";5;5;5;23231630;080926130429983;182385841;;;;07/31/2031 00:00:00;5;13865034;08/09/2026 13:04:29;Tiago;Rodriguez;;;;;;Tiago Rodriguez;
14188491;08/09/2026 13:14:44;3;2;0001  214828-1;02;CAMION JUE 1;2093008;"JA01    ";"JOSE ANACLETO E HIJOS S.A.                        ";CALLE 44 1031;951104;"11060          ";"PORTA VASO Y CEPILLO LINEA 11000                                      ";2;2;2;23231630;080926130429983;182376727;;;;07/28/2031 00:00:00;2;13865034;08/09/2026 13:04:29;Tiago;Rodriguez;;;;;;Tiago Rodriguez;
14188491;08/09/2026 13:14:44;3;2;0001  214828-1;02;CAMION JUE 1;2093008;"JA01    ";"JOSE ANACLETO E HIJOS S.A.                        ";CALLE 44 1031;951100;"11020          ";"TOALLERO DE ARO LINEA 11000                                           ";4;4;4;23231707;080926130615790;182381160;;;;07/27/2031 00:00:00;4;13865079;08/09/2026 13:06:15;Tiago;Rodriguez;;;;;;Tiago Rodriguez;
14188491;08/09/2026 13:14:44;3;2;0001  214828-1;02;CAMION JUE 1;2093008;"JA01    ";"JOSE ANACLETO E HIJOS S.A.                        ";CALLE 44 1031;951906;"3020           ";3020 - TOALLERO DE ARO LINEA 3000;5;5;5;23231707;080926130615790;182381702;;;;07/29/2031 00:00:00;5;13865079;08/09/2026 13:06:15;Tiago;Rodriguez;;;;;;Tiago Rodriguez;
14188491;08/09/2026 13:14:44;3;2;0001  214828-1;02;CAMION JUE 1;2093008;"JA01    ";"JOSE ANACLETO E HIJOS S.A.                        ";CALLE 44 1031;951134;"13020          ";"TOALLERO DE ARO LINEA 13000                                           ";5;5;5;23231817;080926130830311;182386499;;;;07/31/2031 00:00:00;5;13865157;08/09/2026 13:08:30;Tiago;Rodriguez;;;;;;Tiago Rodriguez;
14188491;08/09/2026 13:14:44;3;2;0001  214828-1;02;CAMION JUE 1;2093008;"JA01    ";"JOSE ANACLETO E HIJOS S.A.                        ";CALLE 44 1031;951101;"11030          ";"PERCHA LINEA 11000                                                    ";5;5;5;23231817;080926130830311;182377866;;;;07/28/2031 00:00:00;5;13865157;08/09/2026 13:08:30;Tiago;Rodriguez;;;;;;Tiago Rodriguez;
14188491;08/09/2026 13:14:44;3;2;0001  214828-1;02;CAMION JUE 1;2093008;"JA01    ";"JOSE ANACLETO E HIJOS S.A.                        ";CALLE 44 1031;951103;"11050          ";"JABONERA LINEA 11000                                                  ";2;2;2;23231951;080926131148077;182377064;;;;07/28/2031 00:00:00;2;13865263;08/09/2026 13:11:48;Tiago;Rodriguez;;;;;;Tiago Rodriguez;
14188491;08/09/2026 13:14:44;3;2;0001  214828-1;02;CAMION JUE 1;2093008;"JA01    ";"JOSE ANACLETO E HIJOS S.A.                        ";CALLE 44 1031;951266;"16050          ";16050 - JABONERA ACCESORIOS LINEA 16000;5;5;5;23231951;080926131148077;182379729;;;;07/31/2031 00:00:00;5;13865263;08/09/2026 13:11:48;Tiago;Rodriguez;;;;;;Tiago Rodriguez;
14188491;08/09/2026 13:14:44;3;2;0001  214828-1;02;CAMION JUE 1;2093008;"JA01    ";"JOSE ANACLETO E HIJOS S.A.                        ";CALLE 44 1031;951961;"3030           ";3030 - PERCHA LINEA 3000;20;20;20;23231951;080926131148077;182445871;;;;08/27/2031 00:00:00;10;13865263;08/09/2026 13:11:48;Tiago;Rodriguez;;;;;;Tiago Rodriguez;
14188492;08/09/2026 13:45:01;3;2;0001  214829-1;02;CAMION JUE 1;2093008;"JA01    ";"JOSE ANACLETO E HIJOS S.A.                        ";CALLE 44 1031;951261;"16010BL        ";16010BL - TOALLERO BARRAL LINEA 16000 BLACK;2;2;2;23223859;080926132458795;182389522;;;;07/29/2031 00:00:00;2;13865576;08/09/2026 13:24:58;Tiago;Rodriguez;24502860;08/09/2026 10:35:31;7807;Nicolas;Perez;Tiago Rodriguez;Nicolas Perez
14188492;08/09/2026 13:45:01;3;2;0001  214829-1;02;CAMION JUE 1;2093008;"JA01    ";"JOSE ANACLETO E HIJOS S.A.                        ";CALLE 44 1031;953091;"80-138         ";80-138 - DUCHA EMB. C/TRANSF. CR C.CERAM VALENCIA PLUS;10;10;10;23226376;080926132016570;182407276;;;;01/14/2032 00:00:00;5;13865383;08/09/2026 13:20:16;Tiago;Rodriguez;24505155;08/09/2026 11:20:47;7807;Nicolas;Perez;Tiago Rodriguez;Nicolas Perez
14188492;08/09/2026 13:45:01;3;2;0001  214829-1;02;CAMION JUE 1;2093008;"JA01    ";"JOSE ANACLETO E HIJOS S.A.                        ";CALLE 44 1031;951533;"20-150         ";20-150 - MONOCOMANDO MESADA COCINA TOLEDO;10;10;10;23229091;080926133550809;182442718;;;;07/27/2031 00:00:00;4;13865641;08/09/2026 13:35:50;Tiago;Rodriguez;24507856;08/09/2026 13:05:26;7807;Nicolas;Perez;Tiago Rodriguez;Nicolas Perez
14188492;08/09/2026 13:45:01;3;2;0001  214829-1;02;CAMION JUE 1;2093008;"JA01    ";"JOSE ANACLETO E HIJOS S.A.                        ";CALLE 44 1031;957098;"PDU103         ";"PISO DUCHA RESINA POLIESTER BLANCA 1600x700x25                        ";2;2;2;23229459;080926134501393;182430359;;;;08/13/2031 00:00:00;1;13866009;08/09/2026 13:45:01;Tiago;Rodriguez;24508135;08/09/2026 12:36:39;6922;Franco;Potenza;Tiago Rodriguez;Franco Potenza
14188492;08/09/2026 13:45:01;3;2;0001  214829-1;02;CAMION JUE 1;2093008;"JA01    ";"JOSE ANACLETO E HIJOS S.A.                        ";CALLE 44 1031;952610;"60-122         ";60-122 - LAVATORIO C.CERAM CR VALENCIA;2;2;2;23232290;080926131850808;182408152;;;;12/10/2031 00:00:00;2;13865455;08/09/2026 13:18:50;Tiago;Rodriguez;;;;;;Tiago Rodriguez;
14188492;08/09/2026 13:45:01;3;2;0001  214829-1;02;CAMION JUE 1;2093008;"JA01    ";"JOSE ANACLETO E HIJOS S.A.                        ";CALLE 44 1031;952888;"70-122         ";70-122 - BIDE C.CERAM CR VALENCIA;6;6;6;23232290;080926131850808;182407926;;;;10/26/2031 00:00:00;6;13865455;08/09/2026 13:18:50;Tiago;Rodriguez;;;;;;Tiago Rodriguez;
14188492;08/09/2026 13:45:01;3;2;0001  214829-1;02;CAMION JUE 1;2093008;"JA01    ";"JOSE ANACLETO E HIJOS S.A.                        ";CALLE 44 1031;953091;"80-138         ";80-138 - DUCHA EMB. C/TRANSF. CR C.CERAM VALENCIA PLUS;10;10;10;23232296;080926131903095;182448085;;;;01/14/2032 00:00:00;5;13865462;08/09/2026 13:19:03;Tiago;Rodriguez;;;;;;Tiago Rodriguez;
14188492;08/09/2026 13:45:01;3;2;0001  214829-1;02;CAMION JUE 1;2093008;"JA01    ";"JOSE ANACLETO E HIJOS S.A.                        ";CALLE 44 1031;953125;"80-180         ";80-180 - DUCHA EMB. C/TRANSF. MONOCOMANDO VERA;3;3;3;23232610;080926132542307;182443728;;;;11/23/2031 00:00:00;3;13865651;08/09/2026 13:25:42;Tiago;Rodriguez;;;;;;Tiago Rodriguez;
14188492;08/09/2026 13:45:01;3;2;0001  214829-1;02;CAMION JUE 1;2093008;"JA01    ";"JOSE ANACLETO E HIJOS S.A.                        ";CALLE 44 1031;952650;"60-180         ";60-180 - LAVATORIO MONOCOMANDO BAJO VERA;3;3;3;23232627;080926132610864;182441843;;;;07/28/2031 00:00:00;3;13865669;08/09/2026 13:26:10;Tiago;Rodriguez;;;;;;Tiago Rodriguez;
14188492;08/09/2026 13:45:01;3;2;0001  214829-1;02;CAMION JUE 1;2093008;"JA01    ";"JOSE ANACLETO E HIJOS S.A.                        ";CALLE 44 1031;951833;"30-132         ";30-132 - COCINA MESADA MONOC. C/DUCHADOR EXTENSIBLE VIGO;6;6;6;23232627;080926132610864;182450515;;;;07/28/2031 00:00:00;1;13865669;08/09/2026 13:26:10;Tiago;Rodriguez;;;;;;Tiago Rodriguez;
14188492;08/09/2026 13:45:01;3;2;0001  214829-1;02;CAMION JUE 1;2093008;"JA01    ";"JOSE ANACLETO E HIJOS S.A.                        ";CALLE 44 1031;951512;"20-122         ";"MONOCOMANDO COCINA CR C/PICO EXTRAIBLE VALENCIA                       ";6;6;6;23232810;080926132949925;182443177;;;;08/06/2031 00:00:00;6;13865775;08/09/2026 13:29:49;Tiago;Rodriguez;;;;;;Tiago Rodriguez;
14188492;08/09/2026 13:45:01;3;2;0001  214829-1;02;CAMION JUE 1;2093008;"JA01    ";"JOSE ANACLETO E HIJOS S.A.                        ";CALLE 44 1031;951833;"30-132         ";30-132 - COCINA MESADA MONOC. C/DUCHADOR EXTENSIBLE VIGO;6;6;6;23232920;080926133224128;182441433;;;;07/28/2031 00:00:00;5;13865863;08/09/2026 13:32:24;Tiago;Rodriguez;;;;;;Tiago Rodriguez;
14188492;08/09/2026 13:45:01;3;2;0001  214829-1;02;CAMION JUE 1;2093008;"JA01    ";"JOSE ANACLETO E HIJOS S.A.                        ";CALLE 44 1031;952714;"61-180         ";61-180 - LAVATORIO MONOCOMANDO ALTO VERA;3;3;3;23232977;080926133357315;182441996;;;;07/28/2031 00:00:00;3;13865903;08/09/2026 13:33:57;Tiago;Rodriguez;;;;;;Tiago Rodriguez;
14188492;08/09/2026 13:45:01;3;2;0001  214829-1;02;CAMION JUE 1;2093008;"JA01    ";"JOSE ANACLETO E HIJOS S.A.                        ";CALLE 44 1031;951533;"20-150         ";20-150 - MONOCOMANDO MESADA COCINA TOLEDO;10;10;10;23233006;080926133500486;182453721;;;;07/27/2031 00:00:00;6;13865940;08/09/2026 13:35:00;Tiago;Rodriguez;;;;;;Tiago Rodriguez;
14188492;08/09/2026 13:45:01;3;2;0001  214829-1;02;CAMION JUE 1;2093008;"JA01    ";"JOSE ANACLETO E HIJOS S.A.                        ";CALLE 44 1031;957102;"PDU120         ";"DESAGUE P/PISO DE DUCHA                                               ";9;9;9;23233232;080926133924423;182434439;;;;12/07/2031 00:00:00;9;13866054;08/09/2026 13:39:24;Tiago;Rodriguez;;;;;;Tiago Rodriguez;
14188492;08/09/2026 13:45:01;3;2;0001  214829-1;02;CAMION JUE 1;2093008;"JA01    ";"JOSE ANACLETO E HIJOS S.A.                        ";CALLE 44 1031;957095;"PDU101N        ";"PISO DUCHA RESINA POLIESTER NEGRO 900x700x25                          ";1;1;1;23233462;080926134258219;182432982;;;;08/13/2031 00:00:00;1;13866172;08/09/2026 13:42:58;Tiago;Rodriguez;;;;;;Tiago Rodriguez;
14188492;08/09/2026 13:45:01;3;2;0001  214829-1;02;CAMION JUE 1;2093008;"JA01    ";"JOSE ANACLETO E HIJOS S.A.                        ";CALLE 44 1031;957097;"PDU102N        ";"PISO DUCHA RESINA POLIESTER NEGRO 1200x700x25                         ";1;1;1;23233501;080926134330556;182431549;;;;08/13/2031 00:00:00;1;13866184;08/09/2026 13:43:30;Tiago;Rodriguez;;;;;;Tiago Rodriguez;
14188492;08/09/2026 13:45:01;3;2;0001  214829-1;02;CAMION JUE 1;2093008;"JA01    ";"JOSE ANACLETO E HIJOS S.A.                        ";CALLE 44 1031;957099;"PDU103N        ";"PISO DUCHA RESINA POLIESTER NEGRO 1600x700x25                         ";1;1;1;23233534;080926134416160;182431985;;;;08/13/2031 00:00:00;1;13866206;08/09/2026 13:44:16;Tiago;Rodriguez;;;;;;Tiago Rodriguez;
14188492;08/09/2026 13:45:01;3;2;0001  214829-1;02;CAMION JUE 1;2093008;"JA01    ";"JOSE ANACLETO E HIJOS S.A.                        ";CALLE 44 1031;957098;"PDU103         ";"PISO DUCHA RESINA POLIESTER BLANCA 1600x700x25                        ";2;2;2;23233570;080926134447130;182457623;;;;08/13/2031 00:00:00;1;13866223;08/09/2026 13:44:47;Tiago;Rodriguez;;;;;;Tiago Rodriguez;
14188493;08/09/2026 13:46:58;3;2;0001  214844-1;02;CAMION JUE 1;2094252;"RS18    ";"RUSI MIGUEL ANGEL                                 ";CALLE 64 E/ 16 Y 17 1081;957408;"RA023G         ";RA023G - SOPAPA LAVATORIO / BIDE FABRIC GOLD;1;1;1;23224718;080926134658140;182395678;;;;01/28/2032 00:00:00;1;13866246;08/09/2026 13:46:58;Tiago;Rodriguez;24503643;08/09/2026 10:50:35;7807;Nicolas;Perez;Tiago Rodriguez;Nicolas Perez
14188493;08/09/2026 13:46:58;3;2;0001  214844-1;02;CAMION JUE 1;2094252;"RS18    ";"RUSI MIGUEL ANGEL                                 ";CALLE 64 E/ 16 Y 17 1081;957639;"RA1297         ";RA1297 - ASIENTO + O'RING P/CUADROS DE EMBUTIR;20;20;20;23224718;080926134658140;182395476;;;;08/02/2031 00:00:00;20;13866246;08/09/2026 13:46:58;Tiago;Rodriguez;24503643;08/09/2026 10:50:35;7807;Nicolas;Perez;Tiago Rodriguez;Nicolas Perez
14188494;08/09/2026 14:16:25;3;2;0001  215109-1;02;CAMION JUE 1;2093978;"PR03    ";"PROMAR S.R.L.                                     ";O/HIGGINS 646;952783;"62-199N        ";62-199N - LAVATORIO DE PARED BLACK C.CERAM LIVE;1;1;1;23227057;080926141624816;182412914;;;;07/31/2031 00:00:00;1;13867196;08/09/2026 14:16:24;Tiago;Rodriguez;24505864;08/09/2026 12:05:56;7807;Nicolas;Perez;Tiago Rodriguez;Nicolas Perez
14188494;08/09/2026 14:16:25;3;2;0001  215109-1;02;CAMION JUE 1;2093978;"PR03    ";"PROMAR S.R.L.                                     ";O/HIGGINS 646;952945;"70-199         ";70-199 - BIDE CR C.CERAM LIVE;1;1;1;23227057;080926141624816;182424641;;;;12/16/2031 00:00:00;1;13867196;08/09/2026 14:16:24;Tiago;Rodriguez;24505864;08/09/2026 12:05:56;7807;Nicolas;Perez;Tiago Rodriguez;Nicolas Perez
14188494;08/09/2026 14:16:25;3;2;0001  215109-1;02;CAMION JUE 1;2093978;"PR03    ";"PROMAR S.R.L.                                     ";O/HIGGINS 646;953148;"80-199         ";80-199 - DUCHA EMB. C/TRANSF. CR C.CERAM LIVE;1;1;1;23227057;080926141624816;182413206;;;;11/04/2031 00:00:00;1;13867196;08/09/2026 14:16:24;Tiago;Rodriguez;24505864;08/09/2026 12:05:56;7807;Nicolas;Perez;Tiago Rodriguez;Nicolas Perez
14188495;08/09/2026 14:15:43;3;2;0001  215169-1;02;CAMION JUE 1;2091182;"AS17    ";"AQUA SANITARIOS TANDIL S. R. L.                   ";AV. DEL VALLE 470;952650;"60-180         ";60-180 - LAVATORIO MONOCOMANDO BAJO VERA;2;2;2;23229058;080926141542079;182426296;;;;07/28/2031 00:00:00;2;13867173;08/09/2026 14:15:42;Tiago;Rodriguez;24507799;08/09/2026 12:12:15;6922;Franco;Potenza;Tiago Rodriguez;Franco Potenza
14188495;08/09/2026 14:15:43;3;2;0001  215169-1;02;CAMION JUE 1;2091182;"AS17    ";"AQUA SANITARIOS TANDIL S. R. L.                   ";AV. DEL VALLE 470;952928;"70-180         ";70-180 - BIDE MONOCOMANDO C/TRANSF. VERA;2;2;2;23229058;080926141542079;182426637;;;;07/27/2031 00:00:00;2;13867173;08/09/2026 14:15:42;Tiago;Rodriguez;24507799;08/09/2026 12:12:15;6922;Franco;Potenza;Tiago Rodriguez;Franco Potenza
14211188;09/09/2026 06:14:15;3;2;0001  214832-1;02;CAMIONETA JUE 2;2091610;"CE23    ";"CEFALU S.A.                                       ";AV. CARLOS PELLEGRINI ESQ. AV LA PLATA 1901;951528;"20-140         ";20-140 - MONOCOMANDO DE COCINA LINEA CUINA;5;5;5;23235923;080926161726708;182477043;;;;10/07/2031 00:00:00;5;13870903;08/09/2026 16:17:26;Maximiliano;Nievas;24514351;08/09/2026 14:39:12;6922;Franco;Potenza;Maximiliano Nievas;Franco Potenza
14211188;09/09/2026 06:14:15;3;2;0001  214832-1;02;CAMIONETA JUE 2;2091610;"CE23    ";"CEFALU S.A.                                       ";AV. CARLOS PELLEGRINI ESQ. AV LA PLATA 1901;951295;"17010N         ";17010N - TOALLERO BARRAL LINEA FABRIC BLACK;3;3;3;23240869;080926160257913;182480299;;;;07/29/2031 00:00:00;3;13870998;08/09/2026 16:02:57;Maximiliano;Nievas;;;;;;Maximiliano Nievas;
14211188;09/09/2026 06:14:15;3;2;0001  214832-1;02;CAMIONETA JUE 2;2091610;"CE23    ";"CEFALU S.A.                                       ";AV. CARLOS PELLEGRINI ESQ. AV LA PLATA 1901;951294;"17010G         ";17010G - TOALLERO BARRAL LINEA FABRIC GOLD;1;1;1;23240869;080926160257913;182477429;;;;07/27/2031 00:00:00;1;13870998;08/09/2026 16:02:57;Maximiliano;Nievas;;;;;;Maximiliano Nievas;
14211188;09/09/2026 06:14:15;3;2;0001  214832-1;02;CAMIONETA JUE 2;2091610;"CE23    ";"CEFALU S.A.                                       ";AV. CARLOS PELLEGRINI ESQ. AV LA PLATA 1901;951132;"13006          ";"SET DE 6 PIEZAS LINEA 13000                                           ";2;2;2;23240869;080926160257913;182480730;;;;07/28/2031 00:00:00;2;13870998;08/09/2026 16:02:57;Maximiliano;Nievas;;;;;;Maximiliano Nievas;
14211188;09/09/2026 06:14:15;3;2;0001  214832-1;02;CAMIONETA JUE 2;2091610;"CE23    ";"CEFALU S.A.                                       ";AV. CARLOS PELLEGRINI ESQ. AV LA PLATA 1901;952725;"61-200N        ";61-200N - LAVATORIO MONOC ALTO FABRIC BLACK;3;3;3;23241221;080926161026747;182476158;;;;07/28/2031 00:00:00;3;13871208;08/09/2026 16:10:26;Maximiliano;Nievas;;;;;;Maximiliano Nievas;
14211188;09/09/2026 06:14:15;3;2;0001  214832-1;02;CAMIONETA JUE 2;2091610;"CE23    ";"CEFALU S.A.                                       ";AV. CARLOS PELLEGRINI ESQ. AV LA PLATA 1901;952908;"70-152         ";70-152 - BIDE MONOCOMANDO CR C/TRANSFERENCIA SORIA;1;1;1;23241221;080926161026747;182478072;;;;07/28/2031 00:00:00;1;13871208;08/09/2026 16:10:26;Maximiliano;Nievas;;;;;;Maximiliano Nievas;
14211188;09/09/2026 06:14:15;3;2;0001  214832-1;02;CAMIONETA JUE 2;2091610;"CE23    ";"CEFALU S.A.                                       ";AV. CARLOS PELLEGRINI ESQ. AV LA PLATA 1901;951300;"17030G         ";17030G - PERCHA LINEA FABRIC GOLD;1;1;1;23241221;080926161026747;182480896;;;;07/29/2031 00:00:00;1;13871208;08/09/2026 16:10:26;Maximiliano;Nievas;;;;;;Maximiliano Nievas;
14211188;09/09/2026 06:14:15;3;2;0001  214832-1;02;CAMIONETA JUE 2;2091610;"CE23    ";"CEFALU S.A.                                       ";AV. CARLOS PELLEGRINI ESQ. AV LA PLATA 1901;951301;"17030N         ";17030N - PERCHA LINEA FABRIC BLACK;4;4;4;23241221;080926161026747;182480486;;;;07/28/2031 00:00:00;4;13871208;08/09/2026 16:10:26;Maximiliano;Nievas;;;;;;Maximiliano Nievas;
14211188;09/09/2026 06:14:15;3;2;0001  214832-1;02;CAMIONETA JUE 2;2091610;"CE23    ";"CEFALU S.A.                                       ";AV. CARLOS PELLEGRINI ESQ. AV LA PLATA 1901;951306;"17050G         ";17050G - JABONERA  LINEA FABRIC GOLD;1;1;1;23241266;080926161122324;182477232;;;;07/29/2031 00:00:00;1;13871236;08/09/2026 16:11:22;Maximiliano;Nievas;;;;;;Maximiliano Nievas;
14211188;09/09/2026 06:14:15;3;2;0001  214832-1;02;CAMIONETA JUE 2;2091610;"CE23    ";"CEFALU S.A.                                       ";AV. CARLOS PELLEGRINI ESQ. AV LA PLATA 1901;951304;"17040N         ";17040N - PORTA ROLLO LINEA FABRIC BLACK;1;1;1;23241266;080926161122324;182480045;;;;07/29/2031 00:00:00;1;13871236;08/09/2026 16:11:22;Maximiliano;Nievas;;;;;;Maximiliano Nievas;
14211188;09/09/2026 06:14:15;3;2;0001  214832-1;02;CAMIONETA JUE 2;2091610;"CE23    ";"CEFALU S.A.                                       ";AV. CARLOS PELLEGRINI ESQ. AV LA PLATA 1901;951303;"17040G         ";17040G - PORTA ROLLO LINEA FABRIC GOLD;1;1;1;23241266;080926161122324;182478920;;;;07/28/2031 00:00:00;1;13871236;08/09/2026 16:11:22;Maximiliano;Nievas;;;;;;Maximiliano Nievas;
14211188;09/09/2026 06:14:15;3;2;0001  214832-1;02;CAMIONETA JUE 2;2091610;"CE23    ";"CEFALU S.A.                                       ";AV. CARLOS PELLEGRINI ESQ. AV LA PLATA 1901;951297;"17020G         ";17020G - TOALLERO DE ARO LINEA FABRIC GOLD;1;1;1;23241266;080926161122324;182477378;;;;07/29/2031 00:00:00;1;13871236;08/09/2026 16:11:22;Maximiliano;Nievas;;;;;;Maximiliano Nievas;
14211188;09/09/2026 06:14:15;3;2;0001  214832-1;02;CAMIONETA JUE 2;2091610;"CE23    ";"CEFALU S.A.                                       ";AV. CARLOS PELLEGRINI ESQ. AV LA PLATA 1901;951309;"17060G         ";17060G - PORTA VASO Y CEPILLO  LINEA FABRIC GOLD;1;1;1;23241266;080926161122324;182476355;;;;07/31/2031 00:00:00;1;13871236;08/09/2026 16:11:22;Maximiliano;Nievas;;;;;;Maximiliano Nievas;
14211188;09/09/2026 06:14:15;3;2;0001  214832-1;02;CAMIONETA JUE 2;2091610;"CE23    ";"CEFALU S.A.                                       ";AV. CARLOS PELLEGRINI ESQ. AV LA PLATA 1901;953122;"80-176         ";80-176 - DUCHA EMB C/TRANSF MONOC CR RIO;6;6;6;23241497;080926161629154;182477850;;;;07/29/2031 00:00:00;6;13871361;08/09/2026 16:16:29;Maximiliano;Nievas;;;;;;Maximiliano Nievas;
14211188;09/09/2026 06:14:15;3;2;0001  214832-1;02;CAMIONETA JUE 2;2091610;"CE23    ";"CEFALU S.A.                                       ";AV. CARLOS PELLEGRINI ESQ. AV LA PLATA 1901;952925;"70-176         ";70-176 - BIDE MONOC C/TRANSF CR RIO;6;6;6;23241528;080926161703572;182477757;;;;11/17/2031 00:00:00;6;13871390;08/09/2026 16:17:03;Maximiliano;Nievas;;;;;;Maximiliano Nievas;
14211188;09/09/2026 06:14:15;3;2;0001  214832-1;02;CAMIONETA JUE 2;2091610;"CE23    ";"CEFALU S.A.                                       ";AV. CARLOS PELLEGRINI ESQ. AV LA PLATA 1901;953154;"80-200N        ";80-200N - DUCHA EMB. MONOC. 3 FUNCIONES BLACK FABRIC;2;2;2;23242058;090926061414572;182529949;;;;01/04/2032 00:00:00;2;13875142;09/09/2026 06:14:14;Maximiliano;Nievas;24520699;08/09/2026 16:39:09;7807;Nicolas;Perez;Maximiliano Nievas;Nicolas Perez
14211188;09/09/2026 06:14:15;3;2;0001  214832-1;02;CAMIONETA JUE 2;2091610;"CE23    ";"CEFALU S.A.                                       ";AV. CARLOS PELLEGRINI ESQ. AV LA PLATA 1901;952659;"60-191         ";60-191 - LAVATORIO C.CERAM LINEA PRADO;2;2;2;23247758;090926061251892;182528257;;;;07/29/2031 00:00:00;2;13875152;09/09/2026 06:12:51;Maximiliano;Nievas;;;;;;Maximiliano Nievas;
14211188;09/09/2026 06:14:15;3;2;0001  214832-1;02;CAMIONETA JUE 2;2091610;"CE23    ";"CEFALU S.A.                                       ";AV. CARLOS PELLEGRINI ESQ. AV LA PLATA 1901;953110;"80-166N        ";80-166N - DUCHA EMB. C/TRANSF. BLACK C.CERAM ADRA PLUS;4;4;4;23247767;090926061345987;182529432;;;;01/07/2032 00:00:00;4;13875158;09/09/2026 06:13:46;Maximiliano;Nievas;;;;;;Maximiliano Nievas;
14211189;08/09/2026 16:09:05;3;2;0001  215079-1;02;CAMIONETA JUE 2;2358306;"SA76    ";"SANITARIOS AGUASUR S.R.L.                         ";CAMINO GEL BELGRANO 4282;953059;"80-057         ";80-057 - DUCHA EMB. C/TRANSF. C.STD VERIN PLUS;10;10;10;23233771;080926151918515;182469166;;;;01/04/2032 00:00:00;10;13868999;08/09/2026 15:19:18;Tiago;Rodriguez;24512250;08/09/2026 14:14:06;7807;Nicolas;Perez;Tiago Rodriguez;Nicolas Perez
14211189;08/09/2026 16:09:05;3;2;0001  215079-1;02;CAMIONETA JUE 2;2358306;"SA76    ";"SANITARIOS AGUASUR S.R.L.                         ";CAMINO GEL BELGRANO 4282;950895;"02-010         ";"VALVULA P/INODORO TEMPORIZADA TECNO                                   ";10;10;10;23236992;080926160900361;182486550;;;;07/28/2031 00:00:00;10;13871133;08/09/2026 16:09:00;Tiago;Rodriguez;24515379;08/09/2026 14:50:59;7807;Nicolas;Perez;Tiago Rodriguez;Nicolas Perez
14211189;08/09/2026 16:09:05;3;2;0001  215079-1;02;CAMIONETA JUE 2;2358306;"SA76    ";"SANITARIOS AGUASUR S.R.L.                         ";CAMINO GEL BELGRANO 4282;953474;"933            ";933 - JGO PARED C/EXT CR DIQUE;10;10;10;23237986;080926150508741;182466664;;;;01/07/2032 00:00:00;10;13869004;08/09/2026 15:05:08;Tiago;Rodriguez;;;;;;Tiago Rodriguez;
14211189;08/09/2026 16:09:05;3;2;0001  215079-1;02;CAMIONETA JUE 2;2358306;"SA76    ";"SANITARIOS AGUASUR S.R.L.                         ";CAMINO GEL BELGRANO 4282;953210;"81-058         ";81-058 - DUCHA EMB. S/TRANSF. CR STD MALBA;10;10;10;23238024;080926150546953;182461927;;;;11/25/2031 00:00:00;10;13869020;08/09/2026 15:05:46;Tiago;Rodriguez;;;;;;Tiago Rodriguez;
14211189;08/09/2026 16:09:05;3;2;0001  215079-1;02;CAMIONETA JUE 2;2358306;"SA76    ";"SANITARIOS AGUASUR S.R.L.                         ";CAMINO GEL BELGRANO 4282;953243;"814/CR         ";814/CR - MESADA P.FUNDIDO CR/CR ARES;10;10;10;23238110;080926150646787;182464088;;;;01/13/2032 00:00:00;10;13869052;08/09/2026 15:06:46;Tiago;Rodriguez;;;;;;Tiago Rodriguez;
14211189;08/09/2026 16:09:05;3;2;0001  215079-1;02;CAMIONETA JUE 2;2358306;"SA76    ";"SANITARIOS AGUASUR S.R.L.                         ";CAMINO GEL BELGRANO 4282;952577;"60-045         ";60-045 - LAVATORIO CR/CR C.STD CRUZ;10;10;10;23238146;080926150736317;182465796;;;;01/24/2032 00:00:00;10;13869085;08/09/2026 15:07:36;Tiago;Rodriguez;;;;;;Tiago Rodriguez;
14211189;08/09/2026 16:09:05;3;2;0001  215079-1;02;CAMIONETA JUE 2;2358306;"SA76    ";"SANITARIOS AGUASUR S.R.L.                         ";CAMINO GEL BELGRANO 4282;952437;"51-057         ";51-057 - COCINA MESADA CR C.STD VERIN PLUS;10;10;10;23238189;080926150816278;182467934;;;;01/27/2032 00:00:00;10;13869107;08/09/2026 15:08:16;Tiago;Rodriguez;;;;;;Tiago Rodriguez;
14211189;08/09/2026 16:09:05;3;2;0001  215079-1;02;CAMIONETA JUE 2;2358306;"SA76    ";"SANITARIOS AGUASUR S.R.L.                         ";CAMINO GEL BELGRANO 4282;952856;"70-045         ";70-045 - BIDE CROMO C.STD CRUZ;10;10;10;23238214;080926150855768;182465315;;;;02/01/2032 00:00:00;10;13869126;08/09/2026 15:08:55;Tiago;Rodriguez;;;;;;Tiago Rodriguez;
14211189;08/09/2026 16:09:05;3;2;0001  215079-1;02;CAMIONETA JUE 2;2358306;"SA76    ";"SANITARIOS AGUASUR S.R.L.                         ";CAMINO GEL BELGRANO 4282;953055;"80-045         ";80-045 - DUCHA EMB.C/TRANSF CR  C.STD CRUZ;10;10;10;23238235;080926150930243;182464835;;;;01/04/2032 00:00:00;10;13869144;08/09/2026 15:09:30;Tiago;Rodriguez;;;;;;Tiago Rodriguez;
14211189;08/09/2026 16:09:05;3;2;0001  215079-1;02;CAMIONETA JUE 2;2358306;"SA76    ";"SANITARIOS AGUASUR S.R.L.                         ";CAMINO GEL BELGRANO 4282;953209;"81-057         ";81-057 - DUCHA EMB. S/TRANSF. C.STD VERIN PLUS;10;10;10;23238271;080926151018428;182462633;;;;07/31/2031 00:00:00;10;13869175;08/09/2026 15:10:18;Tiago;Rodriguez;;;;;;Tiago Rodriguez;
14211189;08/09/2026 16:09:05;3;2;0001  215079-1;02;CAMIONETA JUE 2;2358306;"SA76    ";"SANITARIOS AGUASUR S.R.L.                         ";CAMINO GEL BELGRANO 4282;952582;"60-057         ";60-057 - LAVATORIO C.STD VERIN PLUS;10;10;10;23238742;080926151840495;182469961;;;;01/31/2032 00:00:00;10;13869483;08/09/2026 15:18:40;Tiago;Rodriguez;;;;;;Tiago Rodriguez;
14211189;08/09/2026 16:09:05;3;2;0001  215079-1;02;CAMIONETA JUE 2;2358306;"SA76    ";"SANITARIOS AGUASUR S.R.L.                         ";CAMINO GEL BELGRANO 4282;951611;"21-160         ";"MONOCOMANDO DUO COCINA CROMO DIQUE                                    ";10;10;10;23241129;080926160810495;182519609;;;;12/14/2031 00:00:00;4;13871141;08/09/2026 16:08:10;Tiago;Rodriguez;;;;;;Tiago Rodriguez;
14211189;08/09/2026 16:09:05;3;2;0001  215079-1;02;CAMIONETA JUE 2;2358306;"SA76    ";"SANITARIOS AGUASUR S.R.L.                         ";CAMINO GEL BELGRANO 4282;951611;"21-160         ";"MONOCOMANDO DUO COCINA CROMO DIQUE                                    ";10;10;10;23241145;080926160832807;182485629;;;;12/14/2031 00:00:00;6;13871149;08/09/2026 16:08:32;Tiago;Rodriguez;;;;;;Tiago Rodriguez;
14211190;08/09/2026 15:50:36;3;2;0001  215084-1;02;CAMIONETA JUE 2;2094691;"SV01    ";"FERLISE CARLOS Y EDUARDO -SANIT. VIEJO BUENO      ";VIEJO BUENO 299;953102;"80-152         ";80-152 - DUCHA EMB. CR C/TRANSF. MONOCOMANDO SORIA;2;2;2;23238977;080926155036216;182503079;;;;10/26/2031 00:00:00;2;13870598;08/09/2026 15:50:36;Maximiliano;Nievas;24517333;08/09/2026 15:32:34;7807;Nicolas;Perez;Maximiliano Nievas;Nicolas Perez
14211191;09/09/2026 06:21:28;3;2;0001  215146-1;02;CAMIONETA JUE 2;2091610;"CE23    ";"CEFALU S.A.                                       ";AV. CARLOS PELLEGRINI ESQ. AV LA PLATA 1901;951300;"17030G         ";17030G - PERCHA LINEA FABRIC GOLD;4;4;4;23240816;080926162030754;182517272;;;;07/29/2031 00:00:00;4;13871469;08/09/2026 16:20:30;Maximiliano;Nievas;24519426;08/09/2026 16:04:03;7807;Nicolas;Perez;Maximiliano Nievas;Nicolas Perez
14211191;09/09/2026 06:21:28;3;2;0001  215146-1;02;CAMIONETA JUE 2;2091610;"CE23    ";"CEFALU S.A.                                       ";AV. CARLOS PELLEGRINI ESQ. AV LA PLATA 1901;951303;"17040G         ";17040G - PORTA ROLLO LINEA FABRIC GOLD;4;4;4;23240816;080926162030754;182517849;;;;07/28/2031 00:00:00;4;13871469;08/09/2026 16:20:30;Maximiliano;Nievas;24519426;08/09/2026 16:04:03;7807;Nicolas;Perez;Maximiliano Nievas;Nicolas Perez
14211191;09/09/2026 06:21:28;3;2;0001  215146-1;02;CAMIONETA JUE 2;2091610;"CE23    ";"CEFALU S.A.                                       ";AV. CARLOS PELLEGRINI ESQ. AV LA PLATA 1901;952912;"70-162         ";70-162 - BIDE CR C.CERAM LINEA ADRA;4;4;4;23241095;090926062126668;182520333;;;;07/29/2031 00:00:00;4;13875190;09/09/2026 06:21:26;Agustin;Scirica;24519670;08/09/2026 16:25:23;7807;Nicolas;Perez;Agustin Scirica;Nicolas Perez
14211191;09/09/2026 06:21:28;3;2;0001  215146-1;02;CAMIONETA JUE 2;2091610;"CE23    ";"CEFALU S.A.                                       ";AV. CARLOS PELLEGRINI ESQ. AV LA PLATA 1901;952786;"62-201NI       ";62-201NI - LAVATORIO DE PARED C.CERAM BEAT NICKEL;1;1;1;23241095;090926062126668;182521129;;;;11/02/2031 00:00:00;1;13875190;09/09/2026 06:21:26;Agustin;Scirica;24519670;08/09/2026 16:25:23;7807;Nicolas;Perez;Agustin Scirica;Nicolas Perez
14211191;09/09/2026 06:21:28;3;2;0001  215146-1;02;CAMIONETA JUE 2;2091610;"CE23    ";"CEFALU S.A.                                       ";AV. CARLOS PELLEGRINI ESQ. AV LA PLATA 1901;952610;"60-122         ";60-122 - LAVATORIO C.CERAM CR VALENCIA;4;4;4;23241095;090926062126668;182522650;;;;12/10/2031 00:00:00;4;13875190;09/09/2026 06:21:26;Agustin;Scirica;24519670;08/09/2026 16:25:23;7807;Nicolas;Perez;Agustin Scirica;Nicolas Perez
14211192;09/09/2026 06:23:20;3;2;0001  215160-1;02;CAMIONETA JUE 2;2092441;"FE15    ";"FEDAN S.A.                                        ";LAPRIDA  esq GARCIA 151;953071;"80-100G        ";80-100G - DUCHA EMB. C/TRANSF. GOLD C.CERAM FABRIC;4;4;4;23241096;090926062317794;182524770;;;;12/03/2031 00:00:00;4;13875202;09/09/2026 06:23:17;Agustin;Scirica;24519670;08/09/2026 16:25:23;7807;Nicolas;Perez;Agustin Scirica;Nicolas Perez
14211193;09/09/2026 06:30:58;3;2;0001  215209-1;02;CAMIONETA JUE 2;2092441;"FE15    ";"FEDAN S.A.                                        ";LAPRIDA  esq GARCIA 151;952740;"62-100G        ";62-100G - LAVATORIO DE PARED GOLD C.CERAM FABRIC;2;2;2;23241097;090926062222932;182524165;;;;12/20/2031 00:00:00;2;13875196;09/09/2026 06:22:22;Agustin;Scirica;24519670;08/09/2026 16:25:23;7807;Nicolas;Perez;Agustin Scirica;Nicolas Perez
14211193;09/09/2026 06:30:58;3;2;0001  215209-1;02;CAMIONETA JUE 2;2092441;"FE15    ";"FEDAN S.A.                                        ";LAPRIDA  esq GARCIA 151;952874;"70-100G        ";70-100G - BIDE GOLD C.CERAM FABRIC;2;2;2;23241097;090926062222932;182523651;;;;07/29/2031 00:00:00;2;13875196;09/09/2026 06:22:22;Agustin;Scirica;24519670;08/09/2026 16:25:23;7807;Nicolas;Perez;Agustin Scirica;Nicolas Perez
14211193;09/09/2026 06:30:58;3;2;0001  215209-1;02;CAMIONETA JUE 2;2092441;"FE15    ";"FEDAN S.A.                                        ";LAPRIDA  esq GARCIA 151;951530;"20-146         ";20-146 - MONOCOMANDO DE COCINA CR LINEA MOVE;1;1;1;23241947;090926063055953;182526575;;;;10/09/2031 00:00:00;1;13875244;09/09/2026 06:30:55;Agustin;Scirica;24520500;08/09/2026 16:28:14;7807;Nicolas;Perez;Agustin Scirica;Nicolas Perez
14211194;09/09/2026 06:59:12;3;2;0001  215212-1;02;CAMIONETA JUE 2;2094948;"VH03    ";"VALDEZ HUGO A -DEL SUR MATERIALES                 ";AV. BELGRANO 1002;1007844;"20-122S        ";"MONOCOMANDO COCINA INOX C/PICO EXTRAIBLE VALENCIA                     ";1;1;1;23237058;080926153518876;182487057;;;;01/06/2032 00:00:00;1;13869831;08/09/2026 15:35:18;Maximiliano;Nievas;24515460;08/09/2026 14:55:02;7636;Kevin;Arce;Maximiliano Nievas;Kevin Arce
14211194;09/09/2026 06:59:12;3;2;0001  215212-1;02;CAMIONETA JUE 2;2094948;"VH03    ";"VALDEZ HUGO A -DEL SUR MATERIALES                 ";AV. BELGRANO 1002;953335;"84-203ST       ";"DUCHA EXT C/COLUMNA CR ADRA                                           ";1;1;1;23237058;080926153518876;182485405;;;;12/15/2031 00:00:00;1;13869831;08/09/2026 15:35:18;Maximiliano;Nievas;24515460;08/09/2026 14:55:02;7636;Kevin;Arce;Maximiliano Nievas;Kevin Arce
14211194;09/09/2026 06:59:12;3;2;0001  215212-1;02;CAMIONETA JUE 2;2094948;"VH03    ";"VALDEZ HUGO A -DEL SUR MATERIALES                 ";AV. BELGRANO 1002;951512;"20-122         ";"MONOCOMANDO COCINA CR C/PICO EXTRAIBLE VALENCIA                       ";1;1;1;23237058;080926153518876;182486212;;;;08/06/2031 00:00:00;1;13869831;08/09/2026 15:35:18;Maximiliano;Nievas;24515460;08/09/2026 14:55:02;7636;Kevin;Arce;Maximiliano Nievas;Kevin Arce
14211194;09/09/2026 06:59:12;3;2;0001  215212-1;02;CAMIONETA JUE 2;2094948;"VH03    ";"VALDEZ HUGO A -DEL SUR MATERIALES                 ";AV. BELGRANO 1002;951114;"12005          ";"SET DE 5 PIEZAS LINEA 12000                                           ";1;1;1;23239223;080926152918898;182486504;;;;07/30/2031 00:00:00;1;13869868;08/09/2026 15:29:18;Maximiliano;Nievas;;;;;;Maximiliano Nievas;
14211194;09/09/2026 06:59:12;3;2;0001  215212-1;02;CAMIONETA JUE 2;2094948;"VH03    ";"VALDEZ HUGO A -DEL SUR MATERIALES                 ";AV. BELGRANO 1002;951536;"20-162         ";20-162 - MONOCOMANDO COCINA ADRA;2;2;2;23239223;080926152918898;182488012;;;;07/28/2031 00:00:00;2;13869868;08/09/2026 15:29:18;Maximiliano;Nievas;;;;;;Maximiliano Nievas;
14211194;09/09/2026 06:59:12;3;2;0001  215212-1;02;CAMIONETA JUE 2;2094948;"VH03    ";"VALDEZ HUGO A -DEL SUR MATERIALES                 ";AV. BELGRANO 1002;951531;"20-146N        ";20-146N - MONOCOMANDO DE COCINA BLACK LINEA MOVE;2;2;2;23239223;080926152918898;182486704;;;;07/30/2031 00:00:00;2;13869868;08/09/2026 15:29:18;Maximiliano;Nievas;;;;;;Maximiliano Nievas;
14211194;09/09/2026 06:59:12;3;2;0001  215212-1;02;CAMIONETA JUE 2;2094948;"VH03    ";"VALDEZ HUGO A -DEL SUR MATERIALES                 ";AV. BELGRANO 1002;951116;"12006          ";"SET DE 6 PIEZAS LINEA 12000                                           ";1;1;1;23239512;080926153420186;182486895;;;;07/30/2031 00:00:00;1;13870041;08/09/2026 15:34:20;Maximiliano;Nievas;;;;;;Maximiliano Nievas;
14211194;09/09/2026 06:59:12;3;2;0001  215212-1;02;CAMIONETA JUE 2;2094948;"VH03    ";"VALDEZ HUGO A -DEL SUR MATERIALES                 ";AV. BELGRANO 1002;951117;"12006N         ";"SET DE 6 PIEZAS LINEA 12000 BLACK                                     ";1;1;1;23239512;080926153420186;182487685;;;;09/01/2031 00:00:00;1;13870041;08/09/2026 15:34:20;Maximiliano;Nievas;;;;;;Maximiliano Nievas;
14211194;09/09/2026 06:59:12;3;2;0001  215212-1;02;CAMIONETA JUE 2;2094948;"VH03    ";"VALDEZ HUGO A -DEL SUR MATERIALES                 ";AV. BELGRANO 1002;951259;"16006BL        ";16006BL - SET 6 PIEZAS ACCESORIOS LINEA 16000 BLACK;1;1;1;23239512;080926153420186;182485982;;;;07/27/2031 00:00:00;1;13870041;08/09/2026 15:34:20;Maximiliano;Nievas;;;;;;Maximiliano Nievas;
14211194;09/09/2026 06:59:12;3;2;0001  215212-1;02;CAMIONETA JUE 2;2094948;"VH03    ";"VALDEZ HUGO A -DEL SUR MATERIALES                 ";AV. BELGRANO 1002;951324;"19006          ";19006 - SET DE 6 PIEZAS LINEA 19000;1;1;1;23239512;080926153420186;182487354;;;;07/28/2031 00:00:00;1;13870041;08/09/2026 15:34:20;Maximiliano;Nievas;;;;;;Maximiliano Nievas;
14211194;09/09/2026 06:59:12;3;2;0001  215212-1;02;CAMIONETA JUE 2;2094948;"VH03    ";"VALDEZ HUGO A -DEL SUR MATERIALES                 ";AV. BELGRANO 1002;957762;"RA1469C        ";RA1469C - AIREADOR 2 FUNCIONES M22x1 CROMO;4;4;4;23241879;090926065911995;182529668;;;;08/18/2031 00:00:00;4;13875303;09/09/2026 06:59:11;Maximiliano;Nievas;24520442;08/09/2026 16:40:14;7152;Mirko;Hernandez;Maximiliano Nievas;Mirko Hernandez
14211194;09/09/2026 06:59:12;3;2;0001  215212-1;02;CAMIONETA JUE 2;2094948;"VH03    ";"VALDEZ HUGO A -DEL SUR MATERIALES                 ";AV. BELGRANO 1002;957457;"RA1054         ";RA1054 - CARTUCHO CERAMIMO Ø35 GRAN CAUDAL CORTO;3;3;3;23241879;090926065911995;182527071;;;;07/31/2031 00:00:00;3;13875303;09/09/2026 06:59:11;Maximiliano;Nievas;24520442;08/09/2026 16:40:14;7152;Mirko;Hernandez;Maximiliano Nievas;Mirko Hernandez
14211194;09/09/2026 06:59:12;3;2;0001  215212-1;02;CAMIONETA JUE 2;2094948;"VH03    ";"VALDEZ HUGO A -DEL SUR MATERIALES                 ";AV. BELGRANO 1002;957404;"RA018G         ";RA018G - FLEXIBLE DUCHA;2;2;2;23241879;090926065911995;182526168;;;;08/02/2031 00:00:00;2;13875303;09/09/2026 06:59:11;Maximiliano;Nievas;24520442;08/09/2026 16:40:14;7152;Mirko;Hernandez;Maximiliano Nievas;Mirko Hernandez
14211194;09/09/2026 06:59:12;3;2;0001  215212-1;02;CAMIONETA JUE 2;2094948;"VH03    ";"VALDEZ HUGO A -DEL SUR MATERIALES                 ";AV. BELGRANO 1002;954226;"A1448C         ";"A1448C - CAÑO CURVO METALICO C/FLOR DE DUCHA 4"" ABS CR C/BLISTER";4;4;4;23241879;090926065911995;182528004;;;;08/13/2031 00:00:00;4;13875303;09/09/2026 06:59:11;Maximiliano;Nievas;24520442;08/09/2026 16:40:14;7152;Mirko;Hernandez;Maximiliano Nievas;Mirko Hernandez
14211194;09/09/2026 06:59:12;3;2;0001  215212-1;02;CAMIONETA JUE 2;2094948;"VH03    ";"VALDEZ HUGO A -DEL SUR MATERIALES                 ";AV. BELGRANO 1002;951345;"1935           ";"1935 - QUEINOX MH 3/4"" x 35";5;5;5;23241879;090926065911995;182527798;;;;07/31/2031 00:00:00;5;13875303;09/09/2026 06:59:11;Maximiliano;Nievas;24520442;08/09/2026 16:40:14;7152;Mirko;Hernandez;Maximiliano Nievas;Mirko Hernandez
14211194;09/09/2026 06:59:12;3;2;0001  215212-1;02;CAMIONETA JUE 2;2094948;"VH03    ";"VALDEZ HUGO A -DEL SUR MATERIALES                 ";AV. BELGRANO 1002;951600;"209            ";209 - LAVATORIO CROMO LAZA;1;1;1;23247695;090926062951065;182576747;;;;02/01/2032 00:00:00;1;13875232;09/09/2026 06:29:51;Agustin;Scirica;24525937;09/09/2026 06:19:13;7807;Nicolas;Perez;Agustin Scirica;Nicolas Perez
14211194;09/09/2026 06:59:12;3;2;0001  215212-1;02;CAMIONETA JUE 2;2094948;"VH03    ";"VALDEZ HUGO A -DEL SUR MATERIALES                 ";AV. BELGRANO 1002;951996;"309            ";"309 - BIDE CROMO ""LAZA""";1;1;1;23247695;090926062951065;182576732;;;;01/11/2032 00:00:00;1;13875232;09/09/2026 06:29:51;Agustin;Scirica;24525937;09/09/2026 06:19:13;7807;Nicolas;Perez;Agustin Scirica;Nicolas Perez
14211194;09/09/2026 06:59:12;3;2;0001  215212-1;02;CAMIONETA JUE 2;2094948;"VH03    ";"VALDEZ HUGO A -DEL SUR MATERIALES                 ";AV. BELGRANO 1002;952244;"409            ";"409 - DUCHA EXT.C/TRANSF.CR ""LAZA""";1;1;1;23247695;090926062951065;182576627;;;;02/17/2032 00:00:00;1;13875232;09/09/2026 06:29:51;Agustin;Scirica;24525937;09/09/2026 06:19:13;7807;Nicolas;Perez;Agustin Scirica;Nicolas Perez
14211194;09/09/2026 06:59:12;3;2;0001  215212-1;02;CAMIONETA JUE 2;2094948;"VH03    ";"VALDEZ HUGO A -DEL SUR MATERIALES                 ";AV. BELGRANO 1002;952281;"429            ";"429 - DUCHA EMB.C/TRANSF.CR ""LAZA""";1;1;1;23247695;090926062951065;182576656;;;;01/12/2032 00:00:00;1;13875232;09/09/2026 06:29:51;Agustin;Scirica;24525937;09/09/2026 06:19:13;7807;Nicolas;Perez;Agustin Scirica;Nicolas Perez
14211194;09/09/2026 06:59:12;3;2;0001  215212-1;02;CAMIONETA JUE 2;2094948;"VH03    ";"VALDEZ HUGO A -DEL SUR MATERIALES                 ";AV. BELGRANO 1002;952333;"459            ";459 - DUCHA EXT.S/TRANSF.CR LAZA;1;1;1;23247695;090926062951065;182576799;;;;08/06/2031 00:00:00;1;13875232;09/09/2026 06:29:51;Agustin;Scirica;24525937;09/09/2026 06:19:13;7807;Nicolas;Perez;Agustin Scirica;Nicolas Perez
14211194;09/09/2026 06:59:12;3;2;0001  215212-1;02;CAMIONETA JUE 2;2094948;"VH03    ";"VALDEZ HUGO A -DEL SUR MATERIALES                 ";AV. BELGRANO 1002;952438;"51-058         ";51-058 - COCINA MESADA CR C.STD MALBA;2;2;2;23247695;090926062951065;182577121;;;;10/19/2031 00:00:00;2;13875232;09/09/2026 06:29:51;Agustin;Scirica;24525937;09/09/2026 06:19:13;7807;Nicolas;Perez;Agustin Scirica;Nicolas Perez
14211194;09/09/2026 06:59:12;3;2;0001  215212-1;02;CAMIONETA JUE 2;2094948;"VH03    ";"VALDEZ HUGO A -DEL SUR MATERIALES                 ";AV. BELGRANO 1002;952608;"60-121         ";60-121 - LAVATORIO C.CERAM CR MARBELLA;1;1;1;23247695;090926062951065;182577024;;;;01/25/2032 00:00:00;1;13875232;09/09/2026 06:29:51;Agustin;Scirica;24525937;09/09/2026 06:19:13;7807;Nicolas;Perez;Agustin Scirica;Nicolas Perez
14211194;09/09/2026 06:59:12;3;2;0001  215212-1;02;CAMIONETA JUE 2;2094948;"VH03    ";"VALDEZ HUGO A -DEL SUR MATERIALES                 ";AV. BELGRANO 1002;953437;"914/CR         ";914/CR - JGO.MDA.P.CAÑO CR ARES;2;2;2;23247695;090926062951065;182576986;;;;01/13/2032 00:00:00;2;13875232;09/09/2026 06:29:51;Agustin;Scirica;24525937;09/09/2026 06:19:13;7807;Nicolas;Perez;Agustin Scirica;Nicolas Perez
14211194;09/09/2026 06:59:12;3;2;0001  215212-1;02;CAMIONETA JUE 2;2094948;"VH03    ";"VALDEZ HUGO A -DEL SUR MATERIALES                 ";AV. BELGRANO 1002;952912;"70-162         ";70-162 - BIDE CR C.CERAM LINEA ADRA;2;2;2;23247961;090926062909830;182577082;;;;07/29/2031 00:00:00;2;13875236;09/09/2026 06:29:09;Agustin;Scirica;;;;;;Agustin Scirica;
14211194;09/09/2026 06:59:12;3;2;0001  215212-1;02;CAMIONETA JUE 2;2094948;"VH03    ";"VALDEZ HUGO A -DEL SUR MATERIALES                 ";AV. BELGRANO 1002;952678;"60-203N        ";"LAVATORIO MONOCOMANDO BAJO ADRA BLACK                                 ";1;1;1;23247961;090926062909830;182576838;;;;01/06/2032 00:00:00;1;13875236;09/09/2026 06:29:09;Agustin;Scirica;;;;;;Agustin Scirica;
14211194;09/09/2026 06:59:12;3;2;0001  215212-1;02;CAMIONETA JUE 2;2094948;"VH03    ";"VALDEZ HUGO A -DEL SUR MATERIALES                 ";AV. BELGRANO 1002;952635;"60-162N        ";60-162N - LAVATORIO BLACK C.CERAM LINEA ADRA;1;1;1;23247961;090926062909830;182576917;;;;11/03/2031 00:00:00;1;13875236;09/09/2026 06:29:09;Agustin;Scirica;;;;;;Agustin Scirica;
14211194;09/09/2026 06:59:12;3;2;0001  215212-1;02;CAMIONETA JUE 2;2094948;"VH03    ";"VALDEZ HUGO A -DEL SUR MATERIALES                 ";AV. BELGRANO 1002;952453;"51-131         ";51-131 - MESADA BIMANDO CR C.CERAM MALLORCA;1;1;1;23247961;090926062909830;182576601;;;;01/12/2032 00:00:00;1;13875236;09/09/2026 06:29:09;Agustin;Scirica;;;;;;Agustin Scirica;
14211194;09/09/2026 06:59:12;3;2;0001  215212-1;02;CAMIONETA JUE 2;2094948;"VH03    ";"VALDEZ HUGO A -DEL SUR MATERIALES                 ";AV. BELGRANO 1002;952452;"51-122         ";51-122 - MESADA BIMANDO CR C.CERAM VALENCIA;1;1;1;23247961;090926062909830;182576862;;;;01/17/2032 00:00:00;1;13875236;09/09/2026 06:29:09;Agustin;Scirica;;;;;;Agustin Scirica;
14211195;09/09/2026 06:18:56;3;2;0001  215235-1;02;CAMIONETA JUE 2;2092441;"FE15    ";"FEDAN S.A.                                        ";LAPRIDA  esq GARCIA 151;952912;"70-162         ";70-162 - BIDE CR C.CERAM LINEA ADRA;3;3;3;23241098;090926061856526;182520642;;;;07/29/2031 00:00:00;3;13875183;09/09/2026 06:18:56;Agustin;Scirica;24519670;08/09/2026 16:25:23;7807;Nicolas;Perez;Agustin Scirica;Nicolas Perez
14211196;08/09/2026 16:32:49;3;2;0001  215243-1;02;CAMIONETA JUE 2;2092948;"IC16    ";"EL IMPERIO DEL CERAMICO S.R.L                     ";CALLE 32 E/19 Y 20 1224;952799;"63-180         ";63-180 - LAVATORIO MONOC. DE PARED VERA;3;3;3;23236735;080926162610685;182484762;;;;07/27/2031 00:00:00;3;13871654;08/09/2026 16:26:10;Tiago;Rodriguez;24515143;08/09/2026 14:47:03;6922;Franco;Potenza;Tiago Rodriguez;Franco Potenza
14211196;08/09/2026 16:32:49;3;2;0001  215243-1;02;CAMIONETA JUE 2;2092948;"IC16    ";"EL IMPERIO DEL CERAMICO S.R.L                     ";CALLE 32 E/19 Y 20 1224;952954;"70-203         ";70-203 - BIDE MONOCOMANDO ADRA;1;1;1;23236735;080926162610685;182482945;;;;07/29/2031 00:00:00;1;13871654;08/09/2026 16:26:10;Tiago;Rodriguez;24515143;08/09/2026 14:47:03;6922;Franco;Potenza;Tiago Rodriguez;Franco Potenza
14211196;08/09/2026 16:32:49;3;2;0001  215243-1;02;CAMIONETA JUE 2;2092948;"IC16    ";"EL IMPERIO DEL CERAMICO S.R.L                     ";CALLE 32 E/19 Y 20 1224;952726;"61-203         ";61-203 - LAVATORIO MONOCOMANDO ALTO ADRA;1;1;1;23241708;080926163248506;182525059;;;;01/11/2032 00:00:00;1;13871874;08/09/2026 16:32:48;Tiago;Rodriguez;24520302;08/09/2026 16:24:04;7152;Mirko;Hernandez;Tiago Rodriguez;Mirko Hernandez
14211196;08/09/2026 16:32:49;3;2;0001  215243-1;02;CAMIONETA JUE 2;2092948;"IC16    ";"EL IMPERIO DEL CERAMICO S.R.L                     ";CALLE 32 E/19 Y 20 1224;953334;"84-203         ";"DUCHA EXT C/COLUMNA Y TRANSF CR ADRA                                  ";2;2;2;23241901;080926162546798;182483508;;;;12/02/2031 00:00:00;2;13871659;08/09/2026 16:25:46;Tiago;Rodriguez;;;;;;Tiago Rodriguez;
14211197;08/09/2026 15:47:23;3;2;0001  214978-1;02;CAMIONETA JUE 2;2092329;"EP08    ";"EL MUNDO DEL PLOMERO S.R.L.                       ";ALTE. BROWN 629;952860;"70-057         ";70-057 - BIDE C.STD VERIN PLUS;20;20;20;23235697;080926154606590;182475540;;;;01/27/2032 00:00:00;10;13870341;08/09/2026 15:46:06;Tiago;Rodriguez;24514126;08/09/2026 14:35:55;7636;Kevin;Arce;Tiago Rodriguez;Kevin Arce
14211197;08/09/2026 15:47:23;3;2;0001  214978-1;02;CAMIONETA JUE 2;2092329;"EP08    ";"EL MUNDO DEL PLOMERO S.R.L.                       ";ALTE. BROWN 629;951488;"20-102         ";"20-102 - MONOCOMANDO MESADA CROMO ""RENACER""";20;20;20;23235987;080926154720616;182480318;;;;08/20/2031 00:00:00;10;13870473;08/09/2026 15:47:20;Tiago;Rodriguez;24514384;08/09/2026 14:37:52;7807;Nicolas;Perez;Tiago Rodriguez;Nicolas Perez
14211197;08/09/2026 15:47:23;3;2;0001  214978-1;02;CAMIONETA JUE 2;2092329;"EP08    ";"EL MUNDO DEL PLOMERO S.R.L.                       ";ALTE. BROWN 629;952582;"60-057         ";60-057 - LAVATORIO C.STD VERIN PLUS;20;20;20;23239967;080926154310315;182509365;;;;01/31/2032 00:00:00;10;13870343;08/09/2026 15:43:10;Tiago;Rodriguez;;;;;;Tiago Rodriguez;
14211197;08/09/2026 15:47:23;3;2;0001  214978-1;02;CAMIONETA JUE 2;2092329;"EP08    ";"EL MUNDO DEL PLOMERO S.R.L.                       ";ALTE. BROWN 629;952582;"60-057         ";60-057 - LAVATORIO C.STD VERIN PLUS;20;20;20;23240000;080926154345946;182478664;;;;01/31/2032 00:00:00;10;13870359;08/09/2026 15:43:45;Tiago;Rodriguez;;;;;;Tiago Rodriguez;
14211197;08/09/2026 15:47:23;3;2;0001  214978-1;02;CAMIONETA JUE 2;2092329;"EP08    ";"EL MUNDO DEL PLOMERO S.R.L.                       ";ALTE. BROWN 629;953059;"80-057         ";80-057 - DUCHA EMB. C/TRANSF. C.STD VERIN PLUS;20;20;20;23240031;080926154420467;182509899;;;;01/04/2032 00:00:00;10;13870388;08/09/2026 15:44:20;Tiago;Rodriguez;;;;;;Tiago Rodriguez;
14211197;08/09/2026 15:47:23;3;2;0001  214978-1;02;CAMIONETA JUE 2;2092329;"EP08    ";"EL MUNDO DEL PLOMERO S.R.L.                       ";ALTE. BROWN 629;953059;"80-057         ";80-057 - DUCHA EMB. C/TRANSF. C.STD VERIN PLUS;20;20;20;23240067;080926154454504;182476980;;;;01/04/2032 00:00:00;10;13870408;08/09/2026 15:44:54;Tiago;Rodriguez;;;;;;Tiago Rodriguez;
14211197;08/09/2026 15:47:23;3;2;0001  214978-1;02;CAMIONETA JUE 2;2092329;"EP08    ";"EL MUNDO DEL PLOMERO S.R.L.                       ";ALTE. BROWN 629;952860;"70-057         ";70-057 - BIDE C.STD VERIN PLUS;20;20;20;23240096;080926154533274;182510456;;;;01/27/2032 00:00:00;10;13870435;08/09/2026 15:45:33;Tiago;Rodriguez;;;;;;Tiago Rodriguez;
14211197;08/09/2026 15:47:23;3;2;0001  214978-1;02;CAMIONETA JUE 2;2092329;"EP08    ";"EL MUNDO DEL PLOMERO S.R.L.                       ";ALTE. BROWN 629;951488;"20-102         ";"20-102 - MONOCOMANDO MESADA CROMO ""RENACER""";20;20;20;23240169;080926154643635;182511037;;;;08/20/2031 00:00:00;10;13870475;08/09/2026 15:46:43;Tiago;Rodriguez;;;;;;Tiago Rodriguez;
14211198;08/09/2026 15:04:32;3;2;0008    2888-1;02;CAMIONETA JUE 2;2092329;"EP08    ";"EL MUNDO DEL PLOMERO S.R.L.                       ";ALTE. BROWN 629;952582;"60-057         ";60-057 - LAVATORIO C.STD VERIN PLUS;60;60;60;23233699;080926145153815;182471633;;;;01/31/2032 00:00:00;10;13867861;08/09/2026 14:51:53;Maximiliano;Nievas;24512182;08/09/2026 14:23:18;7636;Kevin;Arce;Maximiliano Nievas;Kevin Arce
14211198;08/09/2026 15:04:32;3;2;0008    2888-1;02;CAMIONETA JUE 2;2092329;"EP08    ";"EL MUNDO DEL PLOMERO S.R.L.                       ";ALTE. BROWN 629;951488;"20-102         ";"20-102 - MONOCOMANDO MESADA CROMO ""RENACER""";60;60;60;23235350;080926150430850;182474406;;;;08/20/2031 00:00:00;8;13868774;08/09/2026 15:04:30;Maximiliano;Nievas;24513745;08/09/2026 14:24:54;7807;Nicolas;Perez;Maximiliano Nievas;Nicolas Perez
14211198;08/09/2026 15:04:32;3;2;0008    2888-1;02;CAMIONETA JUE 2;2092329;"EP08    ";"EL MUNDO DEL PLOMERO S.R.L.                       ";ALTE. BROWN 629;952860;"70-057         ";70-057 - BIDE C.STD VERIN PLUS;60;60;60;23236372;080926143450089;182478873;;;;01/11/2032 00:00:00;10;13867891;08/09/2026 14:34:50;Maximiliano;Nievas;;;;;;Maximiliano Nievas;
14211198;08/09/2026 15:04:32;3;2;0008    2888-1;02;CAMIONETA JUE 2;2092329;"EP08    ";"EL MUNDO DEL PLOMERO S.R.L.                       ";ALTE. BROWN 629;952860;"70-057         ";70-057 - BIDE C.STD VERIN PLUS;60;60;60;23236431;080926143552386;182479397;;;;01/11/2032 00:00:00;10;13867929;08/09/2026 14:35:52;Maximiliano;Nievas;;;;;;Maximiliano Nievas;
14211198;08/09/2026 15:04:32;3;2;0008    2888-1;02;CAMIONETA JUE 2;2092329;"EP08    ";"EL MUNDO DEL PLOMERO S.R.L.                       ";ALTE. BROWN 629;952860;"70-057         ";70-057 - BIDE C.STD VERIN PLUS;60;60;60;23236471;080926143631426;182479729;;;;01/11/2032 00:00:00;10;13867952;08/09/2026 14:36:31;Maximiliano;Nievas;;;;;;Maximiliano Nievas;
14211198;08/09/2026 15:04:32;3;2;0008    2888-1;02;CAMIONETA JUE 2;2092329;"EP08    ";"EL MUNDO DEL PLOMERO S.R.L.                       ";ALTE. BROWN 629;952860;"70-057         ";70-057 - BIDE C.STD VERIN PLUS;60;60;60;23236631;080926143905392;182480904;;;;01/11/2032 00:00:00;10;13868065;08/09/2026 14:39:05;Maximiliano;Nievas;;;;;;Maximiliano Nievas;
14211198;08/09/2026 15:04:32;3;2;0008    2888-1;02;CAMIONETA JUE 2;2092329;"EP08    ";"EL MUNDO DEL PLOMERO S.R.L.                       ";ALTE. BROWN 629;952860;"70-057         ";70-057 - BIDE C.STD VERIN PLUS;60;60;60;23236740;080926144059501;182481740;;;;01/11/2032 00:00:00;10;13868129;08/09/2026 14:40:59;Maximiliano;Nievas;;;;;;Maximiliano Nievas;
14211198;08/09/2026 15:04:32;3;2;0008    2888-1;02;CAMIONETA JUE 2;2092329;"EP08    ";"EL MUNDO DEL PLOMERO S.R.L.                       ";ALTE. BROWN 629;952860;"70-057         ";70-057 - BIDE C.STD VERIN PLUS;60;60;60;23236773;080926144145296;182462510;;;;01/11/2032 00:00:00;10;13868160;08/09/2026 14:41:45;Maximiliano;Nievas;;;;;;Maximiliano Nievas;
14211198;08/09/2026 15:04:32;3;2;0008    2888-1;02;CAMIONETA JUE 2;2092329;"EP08    ";"EL MUNDO DEL PLOMERO S.R.L.                       ";ALTE. BROWN 629;953059;"80-057         ";80-057 - DUCHA EMB. C/TRANSF. C.STD VERIN PLUS;60;60;60;23236877;080926144339074;182483077;;;;01/04/2032 00:00:00;10;13868222;08/09/2026 14:43:39;Maximiliano;Nievas;;;;;;Maximiliano Nievas;
14211198;08/09/2026 15:04:32;3;2;0008    2888-1;02;CAMIONETA JUE 2;2092329;"EP08    ";"EL MUNDO DEL PLOMERO S.R.L.                       ";ALTE. BROWN 629;953059;"80-057         ";80-057 - DUCHA EMB. C/TRANSF. C.STD VERIN PLUS;60;60;60;23236890;080926144353449;182483190;;;;01/04/2032 00:00:00;10;13868238;08/09/2026 14:43:53;Maximiliano;Nievas;;;;;;Maximiliano Nievas;
14211198;08/09/2026 15:04:32;3;2;0008    2888-1;02;CAMIONETA JUE 2;2092329;"EP08    ";"EL MUNDO DEL PLOMERO S.R.L.                       ";ALTE. BROWN 629;953059;"80-057         ";80-057 - DUCHA EMB. C/TRANSF. C.STD VERIN PLUS;60;60;60;23237025;080926144622744;182484481;;;;01/04/2032 00:00:00;10;13868337;08/09/2026 14:46:22;Maximiliano;Nievas;;;;;;Maximiliano Nievas;
14211198;08/09/2026 15:04:32;3;2;0008    2888-1;02;CAMIONETA JUE 2;2092329;"EP08    ";"EL MUNDO DEL PLOMERO S.R.L.                       ";ALTE. BROWN 629;953059;"80-057         ";80-057 - DUCHA EMB. C/TRANSF. C.STD VERIN PLUS;60;60;60;23237048;080926144638690;182484643;;;;01/04/2032 00:00:00;10;13868347;08/09/2026 14:46:38;Maximiliano;Nievas;;;;;;Maximiliano Nievas;
14211198;08/09/2026 15:04:32;3;2;0008    2888-1;02;CAMIONETA JUE 2;2092329;"EP08    ";"EL MUNDO DEL PLOMERO S.R.L.                       ";ALTE. BROWN 629;953059;"80-057         ";80-057 - DUCHA EMB. C/TRANSF. C.STD VERIN PLUS;60;60;60;23237062;080926144656141;182484807;;;;01/04/2032 00:00:00;10;13868361;08/09/2026 14:46:56;Maximiliano;Nievas;;;;;;Maximiliano Nievas;
14211198;08/09/2026 15:04:32;3;2;0008    2888-1;02;CAMIONETA JUE 2;2092329;"EP08    ";"EL MUNDO DEL PLOMERO S.R.L.                       ";ALTE. BROWN 629;953059;"80-057         ";80-057 - DUCHA EMB. C/TRANSF. C.STD VERIN PLUS;60;60;60;23237080;080926144712516;182466476;;;;01/04/2032 00:00:00;10;13868375;08/09/2026 14:47:12;Maximiliano;Nievas;;;;;;Maximiliano Nievas;
14211198;08/09/2026 15:04:32;3;2;0008    2888-1;02;CAMIONETA JUE 2;2092329;"EP08    ";"EL MUNDO DEL PLOMERO S.R.L.                       ";ALTE. BROWN 629;952582;"60-057         ";60-057 - LAVATORIO C.STD VERIN PLUS;60;60;60;23237220;080926144956726;182486211;;;;01/31/2032 00:00:00;10;13868467;08/09/2026 14:49:56;Maximiliano;Nievas;;;;;;Maximiliano Nievas;
14211198;08/09/2026 15:04:32;3;2;0008    2888-1;02;CAMIONETA JUE 2;2092329;"EP08    ";"EL MUNDO DEL PLOMERO S.R.L.                       ";ALTE. BROWN 629;952582;"60-057         ";60-057 - LAVATORIO C.STD VERIN PLUS;60;60;60;23237241;080926145030442;182486495;;;;01/31/2032 00:00:00;10;13868489;08/09/2026 14:50:30;Maximiliano;Nievas;;;;;;Maximiliano Nievas;
14211198;08/09/2026 15:04:32;3;2;0008    2888-1;02;CAMIONETA JUE 2;2092329;"EP08    ";"EL MUNDO DEL PLOMERO S.R.L.                       ";ALTE. BROWN 629;952582;"60-057         ";60-057 - LAVATORIO C.STD VERIN PLUS;60;60;60;23237266;080926145045143;182486617;;;;01/31/2032 00:00:00;10;13868505;08/09/2026 14:50:45;Maximiliano;Nievas;;;;;;Maximiliano Nievas;
14211198;08/09/2026 15:04:32;3;2;0008    2888-1;02;CAMIONETA JUE 2;2092329;"EP08    ";"EL MUNDO DEL PLOMERO S.R.L.                       ";ALTE. BROWN 629;952582;"60-057         ";60-057 - LAVATORIO C.STD VERIN PLUS;60;60;60;23237293;080926145111646;182486808;;;;01/31/2032 00:00:00;10;13868524;08/09/2026 14:51:11;Maximiliano;Nievas;;;;;;Maximiliano Nievas;
14211198;08/09/2026 15:04:32;3;2;0008    2888-1;02;CAMIONETA JUE 2;2092329;"EP08    ";"EL MUNDO DEL PLOMERO S.R.L.                       ";ALTE. BROWN 629;952582;"60-057         ";60-057 - LAVATORIO C.STD VERIN PLUS;60;60;60;23237322;080926145130121;182486949;;;;01/31/2032 00:00:00;10;13868541;08/09/2026 14:51:30;Maximiliano;Nievas;;;;;;Maximiliano Nievas;
14211198;08/09/2026 15:04:32;3;2;0008    2888-1;02;CAMIONETA JUE 2;2092329;"EP08    ";"EL MUNDO DEL PLOMERO S.R.L.                       ";ALTE. BROWN 629;951488;"20-102         ";"20-102 - MONOCOMANDO MESADA CROMO ""RENACER""";60;60;60;23237692;080926145856744;182490236;;;;08/20/2031 00:00:00;4;13868798;08/09/2026 14:58:56;Maximiliano;Nievas;;;;;;Maximiliano Nievas;
14211198;08/09/2026 15:04:32;3;2;0008    2888-1;02;CAMIONETA JUE 2;2092329;"EP08    ";"EL MUNDO DEL PLOMERO S.R.L.                       ";ALTE. BROWN 629;951488;"20-102         ";"20-102 - MONOCOMANDO MESADA CROMO ""RENACER""";60;60;60;23237892;080926150301640;182491951;;;;08/20/2031 00:00:00;8;13868932;08/09/2026 15:03:01;Maximiliano;Nievas;;;;;;Maximiliano Nievas;
14211198;08/09/2026 15:04:32;3;2;0008    2888-1;02;CAMIONETA JUE 2;2092329;"EP08    ";"EL MUNDO DEL PLOMERO S.R.L.                       ";ALTE. BROWN 629;951488;"20-102         ";"20-102 - MONOCOMANDO MESADA CROMO ""RENACER""";60;60;60;23237903;080926150324763;182492087;;;;08/20/2031 00:00:00;8;13868946;08/09/2026 15:03:24;Maximiliano;Nievas;;;;;;Maximiliano Nievas;
14211198;08/09/2026 15:04:32;3;2;0008    2888-1;02;CAMIONETA JUE 2;2092329;"EP08    ";"EL MUNDO DEL PLOMERO S.R.L.                       ";ALTE. BROWN 629;951488;"20-102         ";"20-102 - MONOCOMANDO MESADA CROMO ""RENACER""";60;60;60;23237914;080926150337269;182492186;;;;08/20/2031 00:00:00;8;13868951;08/09/2026 15:03:37;Maximiliano;Nievas;;;;;;Maximiliano Nievas;
14211198;08/09/2026 15:04:32;3;2;0008    2888-1;02;CAMIONETA JUE 2;2092329;"EP08    ";"EL MUNDO DEL PLOMERO S.R.L.                       ";ALTE. BROWN 629;951488;"20-102         ";"20-102 - MONOCOMANDO MESADA CROMO ""RENACER""";60;60;60;23237920;080926150348670;182492266;;;;08/20/2031 00:00:00;8;13868955;08/09/2026 15:03:48;Maximiliano;Nievas;;;;;;Maximiliano Nievas;
14211198;08/09/2026 15:04:32;3;2;0008    2888-1;02;CAMIONETA JUE 2;2092329;"EP08    ";"EL MUNDO DEL PLOMERO S.R.L.                       ";ALTE. BROWN 629;951488;"20-102         ";"20-102 - MONOCOMANDO MESADA CROMO ""RENACER""";60;60;60;23237932;080926150406251;182492364;;;;08/20/2031 00:00:00;8;13868966;08/09/2026 15:04:06;Maximiliano;Nievas;;;;;;Maximiliano Nievas;
14211198;08/09/2026 15:04:32;3;2;0008    2888-1;02;CAMIONETA JUE 2;2092329;"EP08    ";"EL MUNDO DEL PLOMERO S.R.L.                       ";ALTE. BROWN 629;951488;"20-102         ";"20-102 - MONOCOMANDO MESADA CROMO ""RENACER""";60;60;60;23237950;080926150419546;182492430;;;;08/20/2031 00:00:00;8;13868971;08/09/2026 15:04:19;Maximiliano;Nievas;;;;;;Maximiliano Nievas;
14211199;08/09/2026 15:45:05;3;2;0001  215238-1;02;CAMIONETA JUE 2;2092329;"EP08    ";"EL MUNDO DEL PLOMERO S.R.L.                       ";ALTE. BROWN 629;952860;"70-057         ";70-057 - BIDE C.STD VERIN PLUS;10;10;10;23236458;080926154505534;182482084;;;;01/27/2032 00:00:00;9;13870199;08/09/2026 15:45:05;Maximiliano;Nievas;24514835;08/09/2026 14:46:14;7636;Kevin;Arce;Maximiliano Nievas;Kevin Arce
14211199;08/09/2026 15:45:05;3;2;0001  215238-1;02;CAMIONETA JUE 2;2092329;"EP08    ";"EL MUNDO DEL PLOMERO S.R.L.                       ";ALTE. BROWN 629;952582;"60-057         ";60-057 - LAVATORIO C.STD VERIN PLUS;10;10;10;23239767;080926153903987;182483268;;;;01/31/2032 00:00:00;10;13870225;08/09/2026 15:39:03;Maximiliano;Nievas;;;;;;Maximiliano Nievas;
14211199;08/09/2026 15:45:05;3;2;0001  215238-1;02;CAMIONETA JUE 2;2092329;"EP08    ";"EL MUNDO DEL PLOMERO S.R.L.                       ";ALTE. BROWN 629;952860;"70-057         ";70-057 - BIDE C.STD VERIN PLUS;10;10;10;23239796;080926153952563;182507964;;;;01/27/2032 00:00:00;1;13870249;08/09/2026 15:39:52;Maximiliano;Nievas;;;;;;Maximiliano Nievas;
14211199;08/09/2026 15:45:05;3;2;0001  215238-1;02;CAMIONETA JUE 2;2092329;"EP08    ";"EL MUNDO DEL PLOMERO S.R.L.                       ";ALTE. BROWN 629;953059;"80-057         ";80-057 - DUCHA EMB. C/TRANSF. C.STD VERIN PLUS;10;10;10;23239822;080926154029202;182481269;;;;01/04/2032 00:00:00;10;13870267;08/09/2026 15:40:29;Maximiliano;Nievas;;;;;;Maximiliano Nievas;
14211200;08/09/2026 15:40:31;3;2;0008    2903-1;02;CAMIONETA JUE 2;2092329;"EP08    ";"EL MUNDO DEL PLOMERO S.R.L.                       ";ALTE. BROWN 629;953059;"80-057         ";80-057 - DUCHA EMB. C/TRANSF. C.STD VERIN PLUS;30;30;30;23234003;080926154027296;182469351;;;;01/04/2032 00:00:00;10;13870028;08/09/2026 15:40:27;Tiago;Rodriguez;24512447;08/09/2026 14:14:01;6922;Franco;Potenza;Tiago Rodriguez;Franco Potenza
14211200;08/09/2026 15:40:31;3;2;0008    2903-1;02;CAMIONETA JUE 2;2092329;"EP08    ";"EL MUNDO DEL PLOMERO S.R.L.                       ";ALTE. BROWN 629;952860;"70-057         ";70-057 - BIDE C.STD VERIN PLUS;30;30;30;23239504;080926153410965;182505465;;;;01/27/2032 00:00:00;10;13870036;08/09/2026 15:34:10;Tiago;Rodriguez;;;;;;Tiago Rodriguez;
14211200;08/09/2026 15:40:31;3;2;0008    2903-1;02;CAMIONETA JUE 2;2092329;"EP08    ";"EL MUNDO DEL PLOMERO S.R.L.                       ";ALTE. BROWN 629;952860;"70-057         ";70-057 - BIDE C.STD VERIN PLUS;30;30;30;23239573;080926153531173;182506042;;;;01/27/2032 00:00:00;10;13870080;08/09/2026 15:35:31;Tiago;Rodriguez;;;;;;Tiago Rodriguez;
14211200;08/09/2026 15:40:31;3;2;0008    2903-1;02;CAMIONETA JUE 2;2092329;"EP08    ";"EL MUNDO DEL PLOMERO S.R.L.                       ";ALTE. BROWN 629;952860;"70-057         ";70-057 - BIDE C.STD VERIN PLUS;30;30;30;23239644;080926153634857;182467056;;;;01/27/2032 00:00:00;10;13870117;08/09/2026 15:36:34;Tiago;Rodriguez;;;;;;Tiago Rodriguez;
14211200;08/09/2026 15:40:31;3;2;0008    2903-1;02;CAMIONETA JUE 2;2092329;"EP08    ";"EL MUNDO DEL PLOMERO S.R.L.                       ";ALTE. BROWN 629;952582;"60-057         ";60-057 - LAVATORIO C.STD VERIN PLUS;30;30;30;23239678;080926153721205;182506814;;;;01/31/2032 00:00:00;10;13870147;08/09/2026 15:37:21;Tiago;Rodriguez;;;;;;Tiago Rodriguez;
14211200;08/09/2026 15:40:31;3;2;0008    2903-1;02;CAMIONETA JUE 2;2092329;"EP08    ";"EL MUNDO DEL PLOMERO S.R.L.                       ";ALTE. BROWN 629;952582;"60-057         ";60-057 - LAVATORIO C.STD VERIN PLUS;30;30;30;23239710;080926153751968;182507045;;;;01/31/2032 00:00:00;10;13870168;08/09/2026 15:37:51;Tiago;Rodriguez;;;;;;Tiago Rodriguez;
14211200;08/09/2026 15:40:31;3;2;0008    2903-1;02;CAMIONETA JUE 2;2092329;"EP08    ";"EL MUNDO DEL PLOMERO S.R.L.                       ";ALTE. BROWN 629;952582;"60-057         ";60-057 - LAVATORIO C.STD VERIN PLUS;30;30;30;23239731;080926153826393;182463283;;;;01/31/2032 00:00:00;10;13870191;08/09/2026 15:38:26;Tiago;Rodriguez;;;;;;Tiago Rodriguez;
14211200;08/09/2026 15:40:31;3;2;0008    2903-1;02;CAMIONETA JUE 2;2092329;"EP08    ";"EL MUNDO DEL PLOMERO S.R.L.                       ";ALTE. BROWN 629;953059;"80-057         ";80-057 - DUCHA EMB. C/TRANSF. C.STD VERIN PLUS;30;30;30;23239764;080926153902182;182507576;;;;01/04/2032 00:00:00;10;13870223;08/09/2026 15:39:02;Tiago;Rodriguez;;;;;;Tiago Rodriguez;
14211200;08/09/2026 15:40:31;3;2;0008    2903-1;02;CAMIONETA JUE 2;2092329;"EP08    ";"EL MUNDO DEL PLOMERO S.R.L.                       ";ALTE. BROWN 629;953059;"80-057         ";80-057 - DUCHA EMB. C/TRANSF. C.STD VERIN PLUS;30;30;30;23239789;080926153937141;182507841;;;;01/04/2032 00:00:00;10;13870237;08/09/2026 15:39:37;Tiago;Rodriguez;;;;;;Tiago Rodriguez;
14211319;08/09/2026 07:20:10;3;2;0001  215205-1;14;RETIRA;2092156;"DM20    ";"DECO MIRACEMA SAS                                 ";CUBA 1450;953236;"81-180         ";81-180 - DUCHA EMB. S/TRANSF. MONOCOMANDO VERA;1;1;1;23214917;080926072009832;182328275;;;;01/04/2032 00:00:00;1;13856165;08/09/2026 07:20:09;Gustavo;Soderquvist;24494519;08/09/2026 06:55:47;6409;Gaston Alejandro;Kiriczuk;Gustavo Soderquvist;Gaston Alejandro Kiriczuk
14211319;08/09/2026 07:20:10;3;2;0001  215205-1;14;RETIRA;2092156;"DM20    ";"DECO MIRACEMA SAS                                 ";CUBA 1450;952799;"63-180         ";63-180 - LAVATORIO MONOC. DE PARED VERA;1;1;1;23214978;080926071957124;182328566;;;;07/27/2031 00:00:00;1;13856162;08/09/2026 07:19:57;Gustavo;Soderquvist;24494579;08/09/2026 06:59:27;6409;Gaston Alejandro;Kiriczuk;Gustavo Soderquvist;Gaston Alejandro Kiriczuk
14211320;08/09/2026 07:19:45;3;2;0001  215219-1;14;RETIRA;2092156;"DM20    ";"DECO MIRACEMA SAS                                 ";CUBA 1450;953236;"81-180         ";81-180 - DUCHA EMB. S/TRANSF. MONOCOMANDO VERA;1;1;1;23214918;080926071945251;182328281;;;;01/04/2032 00:00:00;1;13856158;08/09/2026 07:19:45;Gustavo;Soderquvist;24494519;08/09/2026 06:55:47;6409;Gaston Alejandro;Kiriczuk;Gustavo Soderquvist;Gaston Alejandro Kiriczuk
14211356;08/09/2026 07:19:36;3;2;0001  215289-1;14;RETIRA;2091970;"CT06    ";"COMERCIAL TUCSON S.A.                             ";COLECTORA PANAMERICANA   28851;952759;"62-162N        ";62-162N - LAVATORIO DE PARED BLACK C.CERAM ADRA;1;1;1;23214919;080926071935693;182328329;;;;12/08/2031 00:00:00;1;13856155;08/09/2026 07:19:35;Gustavo;Soderquvist;24494519;08/09/2026 06:55:47;6409;Gaston Alejandro;Kiriczuk;Gustavo Soderquvist;Gaston Alejandro Kiriczuk
14214816;09/09/2026 07:14:01;3;2;0001  215180-1;02;CAMIONETA JUE 2;2093008;"JA01    ";"JOSE ANACLETO E HIJOS S.A.                        ";CALLE 44 1031;952799;"63-180         ";63-180 - LAVATORIO MONOC. DE PARED VERA;4;4;4;23237706;080926160742197;182491612;;;;07/27/2031 00:00:00;4;13871069;08/09/2026 16:07:42;Tiago;Rodriguez;24516219;08/09/2026 15:06:57;7807;Nicolas;Perez;Tiago Rodriguez;Nicolas Perez
14214816;09/09/2026 07:14:01;3;2;0001  215180-1;02;CAMIONETA JUE 2;2093008;"JA01    ";"JOSE ANACLETO E HIJOS S.A.                        ";CALLE 44 1031;951303;"17040G         ";17040G - PORTA ROLLO LINEA FABRIC GOLD;2;2;2;23237706;080926160742197;182492259;;;;07/28/2031 00:00:00;2;13871069;08/09/2026 16:07:42;Tiago;Rodriguez;24516219;08/09/2026 15:06:57;7807;Nicolas;Perez;Tiago Rodriguez;Nicolas Perez
14214816;09/09/2026 07:14:01;3;2;0001  215180-1;02;CAMIONETA JUE 2;2093008;"JA01    ";"JOSE ANACLETO E HIJOS S.A.                        ";CALLE 44 1031;951300;"17030G         ";17030G - PERCHA LINEA FABRIC GOLD;6;6;6;23241051;080926160642976;182493418;;;;07/29/2031 00:00:00;6;13871099;08/09/2026 16:06:42;Tiago;Rodriguez;;;;;;Tiago Rodriguez;
14214816;09/09/2026 07:14:01;3;2;0001  215180-1;02;CAMIONETA JUE 2;2093008;"JA01    ";"JOSE ANACLETO E HIJOS S.A.                        ";CALLE 44 1031;953071;"80-100G        ";80-100G - DUCHA EMB. C/TRANSF. GOLD C.CERAM FABRIC;2;2;2;23241099;090926062559970;182525454;;;;12/03/2031 00:00:00;2;13875216;09/09/2026 06:25:59;Agustin;Scirica;24519670;08/09/2026 16:25:23;7807;Nicolas;Perez;Agustin Scirica;Nicolas Perez
14214816;09/09/2026 07:14:01;3;2;0001  215180-1;02;CAMIONETA JUE 2;2093008;"JA01    ";"JOSE ANACLETO E HIJOS S.A.                        ";CALLE 44 1031;951260;"16010          ";16010 - TOALLERO BARRAL LINEA 16000;2;2;2;23241880;090926071400354;182528957;;;;07/31/2031 00:00:00;2;13875473;09/09/2026 07:14:00;Maximiliano;Nievas;24520442;08/09/2026 16:40:14;7152;Mirko;Hernandez;Maximiliano Nievas;Mirko Hernandez
14214816;09/09/2026 07:14:01;3;2;0001  215180-1;02;CAMIONETA JUE 2;2093008;"JA01    ";"JOSE ANACLETO E HIJOS S.A.                        ";CALLE 44 1031;951268;"16060          ";16060 - PORTA VASO Y CEPILLO LINEA 16000;2;2;2;23241880;090926071400354;182528232;;;;07/31/2031 00:00:00;2;13875473;09/09/2026 07:14:00;Maximiliano;Nievas;24520442;08/09/2026 16:40:14;7152;Mirko;Hernandez;Maximiliano Nievas;Mirko Hernandez
14214816;09/09/2026 07:14:01;3;2;0001  215180-1;02;CAMIONETA JUE 2;2093008;"JA01    ";"JOSE ANACLETO E HIJOS S.A.                        ";CALLE 44 1031;951266;"16050          ";16050 - JABONERA ACCESORIOS LINEA 16000;2;2;2;23241880;090926071400354;182528661;;;;07/31/2031 00:00:00;2;13875473;09/09/2026 07:14:00;Maximiliano;Nievas;24520442;08/09/2026 16:40:14;7152;Mirko;Hernandez;Maximiliano Nievas;Mirko Hernandez
14214816;09/09/2026 07:14:01;3;2;0001  215180-1;02;CAMIONETA JUE 2;2093008;"JA01    ";"JOSE ANACLETO E HIJOS S.A.                        ";CALLE 44 1031;951264;"16040          ";16040 - PORTA ROLLO ACCESORIOS LINEA 16000;2;2;2;23241880;090926071400354;182528484;;;;07/27/2031 00:00:00;2;13875473;09/09/2026 07:14:00;Maximiliano;Nievas;24520442;08/09/2026 16:40:14;7152;Mirko;Hernandez;Maximiliano Nievas;Mirko Hernandez
14214816;09/09/2026 07:14:01;3;2;0001  215180-1;02;CAMIONETA JUE 2;2093008;"JA01    ";"JOSE ANACLETO E HIJOS S.A.                        ";CALLE 44 1031;951262;"16030          ";16030 - PERCHA LINEA 16000;2;2;2;23241880;090926071400354;182528842;;;;07/27/2031 00:00:00;2;13875473;09/09/2026 07:14:00;Maximiliano;Nievas;24520442;08/09/2026 16:40:14;7152;Mirko;Hernandez;Maximiliano Nievas;Mirko Hernandez
14214816;09/09/2026 07:14:01;3;2;0001  215180-1;02;CAMIONETA JUE 2;2093008;"JA01    ";"JOSE ANACLETO E HIJOS S.A.                        ";CALLE 44 1031;952596;"60-100G        ";60-100G - LAVATORIO GOLD C.CERAM FABRIC;1;1;1;23247913;090926062544102;182523044;;;;11/10/2031 00:00:00;1;13875225;09/09/2026 06:25:44;Agustin;Scirica;;;;;;Agustin Scirica;
14214816;09/09/2026 07:14:01;3;2;0001  215180-1;02;CAMIONETA JUE 2;2093008;"JA01    ";"JOSE ANACLETO E HIJOS S.A.                        ";CALLE 44 1031;952740;"62-100G        ";62-100G - LAVATORIO DE PARED GOLD C.CERAM FABRIC;2;2;2;23247913;090926062544102;182524297;;;;12/20/2031 00:00:00;2;13875225;09/09/2026 06:25:44;Agustin;Scirica;;;;;;Agustin Scirica;
14214816;09/09/2026 07:14:01;3;2;0001  215180-1;02;CAMIONETA JUE 2;2093008;"JA01    ";"JOSE ANACLETO E HIJOS S.A.                        ";CALLE 44 1031;952874;"70-100G        ";70-100G - BIDE GOLD C.CERAM FABRIC;1;1;1;23247913;090926062544102;182523847;;;;07/29/2031 00:00:00;1;13875225;09/09/2026 06:25:44;Agustin;Scirica;;;;;;Agustin Scirica;
14214816;09/09/2026 07:14:01;3;2;0001  215180-1;02;CAMIONETA JUE 2;2093008;"JA01    ";"JOSE ANACLETO E HIJOS S.A.                        ";CALLE 44 1031;954883;"BAI01G         ";BAI01G - BACHA EMB COCINA C/ACCESORIOS 750x450x220 GOLD BRUSHED;1;1;1;23247916;080926213037449;182577749;;;;07/30/2031 00:00:00;1;13875245;09/09/2026 06:30:37;Mirko;Hernandez;24526149;09/09/2026 06:28:43;7807;Nicolas;Perez;Mirko Hernandez;Nicolas Perez
14214816;09/09/2026 07:14:01;3;2;0001  215180-1;02;CAMIONETA JUE 2;2093008;"JA01    ";"JOSE ANACLETO E HIJOS S.A.                        ";CALLE 44 1031;954377;"A1539G         ";"TAPA Y TECLA PARA VALVULA DE DESCARGA CUADRADA MINIMALISTA GOLD       ";2;2;2;23247990;090926065615874;182578449;;;;07/31/2031 00:00:00;2;13875301;09/09/2026 06:56:15;Tiago;Rodriguez;24526244;09/09/2026 06:39:05;7807;Nicolas;Perez;Tiago Rodriguez;Nicolas Perez
14214816;09/09/2026 07:14:01;3;2;0001  215180-1;02;CAMIONETA JUE 2;2093008;"JA01    ";"JOSE ANACLETO E HIJOS S.A.                        ";CALLE 44 1031;954382;"A1540          ";"CUERPO VALVULA DE DESAGOTE P/INODORO TECNO 02-010/011                 ";2;2;2;23247990;090926065615874;182578662;;;;07/28/2031 00:00:00;2;13875301;09/09/2026 06:56:15;Tiago;Rodriguez;24526244;09/09/2026 06:39:05;7807;Nicolas;Perez;Tiago Rodriguez;Nicolas Perez
14214817;09/09/2026 06:24:36;3;2;0001  215181-1;02;CAMIONETA JUE 2;2094223;"RR01    ";"REY ROXANA - LA ESPAÑOLA DE                       ";AV. 44 ESQ. 201;953161;"80-205         ";80-205 - DUCHA EMB. C/TRANSF. MONOC STEEL;2;2;2;23238247;080926161230988;182496492;;;;08/11/2031 00:00:00;2;13871250;08/09/2026 16:12:30;Tiago;Rodriguez;24516746;08/09/2026 15:14:30;7807;Nicolas;Perez;Tiago Rodriguez;Nicolas Perez
14214817;09/09/2026 06:24:36;3;2;0001  215181-1;02;CAMIONETA JUE 2;2094223;"RR01    ";"REY ROXANA - LA ESPAÑOLA DE                       ";AV. 44 ESQ. 201;952679;"60-205         ";60-205 - LAVATORIO MONOC BAJO STEEL;2;2;2;23238247;080926161230988;182496167;;;;07/27/2031 00:00:00;2;13871250;08/09/2026 16:12:30;Tiago;Rodriguez;24516746;08/09/2026 15:14:30;7807;Nicolas;Perez;Tiago Rodriguez;Nicolas Perez
14214817;09/09/2026 06:24:36;3;2;0001  215181-1;02;CAMIONETA JUE 2;2094223;"RR01    ";"REY ROXANA - LA ESPAÑOLA DE                       ";AV. 44 ESQ. 201;952583;"60-058         ";60-058 - LAVATORIO CR C.STD MALBA;3;3;3;23241100;090926062436542;182521891;;;;12/03/2031 00:00:00;3;13875208;09/09/2026 06:24:36;Agustin;Scirica;24519670;08/09/2026 16:25:23;7807;Nicolas;Perez;Agustin Scirica;Nicolas Perez
14214817;09/09/2026 06:24:36;3;2;0001  215181-1;02;CAMIONETA JUE 2;2094223;"RR01    ";"REY ROXANA - LA ESPAÑOLA DE                       ";AV. 44 ESQ. 201;953060;"80-058         ";80-058 - DUCHA EMB. C/TRANSF. CR C.STD MALBA;3;3;3;23241100;090926062436542;182522135;;;;01/06/2032 00:00:00;3;13875208;09/09/2026 06:24:36;Agustin;Scirica;24519670;08/09/2026 16:25:23;7807;Nicolas;Perez;Agustin Scirica;Nicolas Perez
14214817;09/09/2026 06:24:36;3;2;0001  215181-1;02;CAMIONETA JUE 2;2094223;"RR01    ";"REY ROXANA - LA ESPAÑOLA DE                       ";AV. 44 ESQ. 201;952862;"70-058         ";70-058 - BIDE CR C.STD MALBA;3;3;3;23241100;090926062436542;182521638;;;;10/20/2031 00:00:00;3;13875208;09/09/2026 06:24:36;Agustin;Scirica;24519670;08/09/2026 16:25:23;7807;Nicolas;Perez;Agustin Scirica;Nicolas Perez
14214818;09/09/2026 06:33:01;3;2;0001  215182-1;02;CAMIONETA JUE 2;2094252;"RS18    ";"RUSI MIGUEL ANGEL                                 ";CALLE 64 E/ 16 Y 17 1081;951611;"21-160         ";"MONOCOMANDO DUO COCINA CROMO DIQUE                                    ";4;4;4;23240351;080926162341008;182514665;;;;12/14/2031 00:00:00;4;13871585;08/09/2026 16:23:41;Tiago;Rodriguez;24518928;08/09/2026 15:56:46;7807;Nicolas;Perez;Tiago Rodriguez;Nicolas Perez
14214818;09/09/2026 06:33:01;3;2;0001  215182-1;02;CAMIONETA JUE 2;2094252;"RS18    ";"RUSI MIGUEL ANGEL                                 ";CALLE 64 E/ 16 Y 17 1081;952498;"54-130         ";54-130 - MONOCOMANDO COCINA PARED EXT BILBAO;2;2;2;23240351;080926162341008;182514101;;;;07/27/2031 00:00:00;2;13871585;08/09/2026 16:23:41;Tiago;Rodriguez;24518928;08/09/2026 15:56:46;7807;Nicolas;Perez;Tiago Rodriguez;Nicolas Perez
14214818;09/09/2026 06:33:01;3;2;0001  215182-1;02;CAMIONETA JUE 2;2094252;"RS18    ";"RUSI MIGUEL ANGEL                                 ";CALLE 64 E/ 16 Y 17 1081;1132053;"RU1249N        ";"CUBRE TUERCA DUCHA EMB MONOC FABRIC BLACK                             ";1;1;1;23241881;090926063301214;182526374;;;;02/01/2032 00:00:00;1;13875234;09/09/2026 06:33:01;Maximiliano;Nievas;24520442;08/09/2026 16:40:14;7152;Mirko;Hernandez;Maximiliano Nievas;Mirko Hernandez
14214818;09/09/2026 06:33:01;3;2;0001  215182-1;02;CAMIONETA JUE 2;2094252;"RS18    ";"RUSI MIGUEL ANGEL                                 ";CALLE 64 E/ 16 Y 17 1081;957937;"RA967          ";RA967 - CAMPANA VALENCIA - MALLORCA;10;10;10;23241881;090926063301214;182526831;;;;11/30/2031 00:00:00;10;13875234;09/09/2026 06:33:01;Maximiliano;Nievas;24520442;08/09/2026 16:40:14;7152;Mirko;Hernandez;Maximiliano Nievas;Mirko Hernandez
14214818;09/09/2026 06:33:01;3;2;0001  215182-1;02;CAMIONETA JUE 2;2094252;"RS18    ";"RUSI MIGUEL ANGEL                                 ";CALLE 64 E/ 16 Y 17 1081;957903;"RA860          ";RA860 - BRAZO Y FLOR DUCHA VALENCIA-MARBELLA;2;2;2;23241881;090926063301214;182526473;;;;07/31/2031 00:00:00;2;13875234;09/09/2026 06:33:01;Maximiliano;Nievas;24520442;08/09/2026 16:40:14;7152;Mirko;Hernandez;Maximiliano Nievas;Mirko Hernandez
14214818;09/09/2026 06:33:01;3;2;0001  215182-1;02;CAMIONETA JUE 2;2094252;"RS18    ";"RUSI MIGUEL ANGEL                                 ";CALLE 64 E/ 16 Y 17 1081;957524;"RA1158         ";RA1158 - BUJE AIREADOR COMPLETO MONOC SANTANDER-MALLORCA M20x1;1;1;1;23241881;090926063301214;182526255;;;;08/02/2031 00:00:00;1;13875234;09/09/2026 06:33:01;Maximiliano;Nievas;24520442;08/09/2026 16:40:14;7152;Mirko;Hernandez;Maximiliano Nievas;Mirko Hernandez
14214818;09/09/2026 06:33:01;3;2;0001  215182-1;02;CAMIONETA JUE 2;2094252;"RS18    ";"RUSI MIGUEL ANGEL                                 ";CALLE 64 E/ 16 Y 17 1081;957450;"RA1050         ";RA1050 - VOLANTE MALLORCA STD.;4;4;4;23241881;090926063301214;182526637;;;;02/21/2032 00:00:00;4;13875234;09/09/2026 06:33:01;Maximiliano;Nievas;24520442;08/09/2026 16:40:14;7152;Mirko;Hernandez;Maximiliano Nievas;Mirko Hernandez
14214818;09/09/2026 06:33:01;3;2;0001  215182-1;02;CAMIONETA JUE 2;2094252;"RS18    ";"RUSI MIGUEL ANGEL                                 ";CALLE 64 E/ 16 Y 17 1081;957409;"RA023N         ";RA023N - SOPAPA LAVATORIO / BIDE FABRIC BLACK;2;2;2;23241881;090926063301214;182527166;;;;12/20/2031 00:00:00;2;13875234;09/09/2026 06:33:01;Maximiliano;Nievas;24520442;08/09/2026 16:40:14;7152;Mirko;Hernandez;Maximiliano Nievas;Mirko Hernandez
14214818;09/09/2026 06:33:01;3;2;0001  215182-1;02;CAMIONETA JUE 2;2094252;"RS18    ";"RUSI MIGUEL ANGEL                                 ";CALLE 64 E/ 16 Y 17 1081;957408;"RA023G         ";RA023G - SOPAPA LAVATORIO / BIDE FABRIC GOLD;1;1;1;23241881;090926063301214;182525999;;;;01/28/2032 00:00:00;1;13875234;09/09/2026 06:33:01;Maximiliano;Nievas;24520442;08/09/2026 16:40:14;7152;Mirko;Hernandez;Maximiliano Nievas;Mirko Hernandez
14214818;09/09/2026 06:33:01;3;2;0001  215182-1;02;CAMIONETA JUE 2;2094252;"RS18    ";"RUSI MIGUEL ANGEL                                 ";CALLE 64 E/ 16 Y 17 1081;953060;"80-058         ";80-058 - DUCHA EMB. C/TRANSF. CR C.STD MALBA;1;1;1;23247681;090926062730947;182576647;;;;01/06/2032 00:00:00;1;13875227;09/09/2026 06:27:30;Agustin;Scirica;24525928;09/09/2026 06:18:58;7636;Kevin;Arce;Agustin Scirica;Kevin Arce
14214818;09/09/2026 06:33:01;3;2;0001  215182-1;02;CAMIONETA JUE 2;2094252;"RS18    ";"RUSI MIGUEL ANGEL                                 ";CALLE 64 E/ 16 Y 17 1081;952583;"60-058         ";60-058 - LAVATORIO CR C.STD MALBA;1;1;1;23247681;090926062730947;182576612;;;;12/03/2031 00:00:00;1;13875227;09/09/2026 06:27:30;Agustin;Scirica;24525928;09/09/2026 06:18:58;7636;Kevin;Arce;Agustin Scirica;Kevin Arce
14214818;09/09/2026 06:33:01;3;2;0001  215182-1;02;CAMIONETA JUE 2;2094252;"RS18    ";"RUSI MIGUEL ANGEL                                 ";CALLE 64 E/ 16 Y 17 1081;952862;"70-058         ";70-058 - BIDE CR C.STD MALBA;1;1;1;23247681;090926062730947;182576604;;;;10/20/2031 00:00:00;1;13875227;09/09/2026 06:27:30;Agustin;Scirica;24525928;09/09/2026 06:18:58;7636;Kevin;Arce;Agustin Scirica;Kevin Arce
14214818;09/09/2026 06:33:01;3;2;0001  215182-1;02;CAMIONETA JUE 2;2094252;"RS18    ";"RUSI MIGUEL ANGEL                                 ";CALLE 64 E/ 16 Y 17 1081;952437;"51-057         ";51-057 - COCINA MESADA CR C.STD VERIN PLUS;6;6;6;23247681;090926062730947;182577030;;;;01/27/2032 00:00:00;6;13875227;09/09/2026 06:27:30;Agustin;Scirica;24525928;09/09/2026 06:18:58;7636;Kevin;Arce;Agustin Scirica;Kevin Arce
14214818;09/09/2026 06:33:01;3;2;0001  215182-1;02;CAMIONETA JUE 2;2094252;"RS18    ";"RUSI MIGUEL ANGEL                                 ";CALLE 64 E/ 16 Y 17 1081;952438;"51-058         ";51-058 - COCINA MESADA CR C.STD MALBA;4;4;4;23247930;090926062651596;182576561;;;;10/19/2031 00:00:00;4;13875228;09/09/2026 06:26:51;Agustin;Scirica;;;;;;Agustin Scirica;
14214818;09/09/2026 06:33:01;3;2;0001  215182-1;02;CAMIONETA JUE 2;2094252;"RS18    ";"RUSI MIGUEL ANGEL                                 ";CALLE 64 E/ 16 Y 17 1081;952470;"53-001N        ";"53-001N - COCINA PARED EXTERIOR PICO ALTO ""CROMO Y""";2;2;2;23247930;090926062651596;182576796;;;;07/31/2031 00:00:00;2;13875228;09/09/2026 06:26:51;Agustin;Scirica;;;;;;Agustin Scirica;
14214818;09/09/2026 06:33:01;3;2;0001  215182-1;02;CAMIONETA JUE 2;2094252;"RS18    ";"RUSI MIGUEL ANGEL                                 ";CALLE 64 E/ 16 Y 17 1081;953487;"939            ";939 - JGO.COCINA C/EXTENSIBLE CR LAZA;2;2;2;23247930;090926062651596;182576735;;;;12/29/2031 00:00:00;2;13875228;09/09/2026 06:26:51;Agustin;Scirica;;;;;;Agustin Scirica;
14214818;09/09/2026 06:33:01;3;2;0001  215182-1;02;CAMIONETA JUE 2;2094252;"RS18    ";"RUSI MIGUEL ANGEL                                 ";CALLE 64 E/ 16 Y 17 1081;953059;"80-057         ";80-057 - DUCHA EMB. C/TRANSF. C.STD VERIN PLUS;2;2;2;23247930;090926062651596;182576506;;;;01/04/2032 00:00:00;2;13875228;09/09/2026 06:26:51;Agustin;Scirica;;;;;;Agustin Scirica;
14214819;08/09/2026 16:13:29;3;2;0001  215194-1;02;CAMIONETA JUE 2;2091610;"CE23    ";"CEFALU S.A.                                       ";AV. CARLOS PELLEGRINI ESQ. AV LA PLATA 1901;952712;"61-176         ";61-176 - LAVATORIO MONOC ALTO CR RIO;2;2;2;23239438;080926161327483;182507642;;;;10/09/2031 00:00:00;2;13871280;08/09/2026 16:13:27;Tiago;Rodriguez;24518112;08/09/2026 15:39:33;7807;Nicolas;Perez;Tiago Rodriguez;Nicolas Perez
14214819;08/09/2026 16:13:29;3;2;0001  215194-1;02;CAMIONETA JUE 2;2091610;"CE23    ";"CEFALU S.A.                                       ";AV. CARLOS PELLEGRINI ESQ. AV LA PLATA 1901;953331;"84-190         ";84-190 - DUCHA EXTERIOR CON COLUMNA BLACK VELVET;1;1;1;23239438;080926161327483;182506563;;;;10/06/2031 00:00:00;1;13871280;08/09/2026 16:13:27;Tiago;Rodriguez;24518112;08/09/2026 15:39:33;7807;Nicolas;Perez;Tiago Rodriguez;Nicolas Perez
14214854;08/09/2026 15:10:15;3;2;0001  215174-1;02;CAMIONETA JUE 2;2092329;"EP08    ";"EL MUNDO DEL PLOMERO S.R.L.                       ";ALTE. BROWN 629;951488;"20-102         ";"20-102 - MONOCOMANDO MESADA CROMO ""RENACER""";20;20;20;23236666;080926151015057;182482475;;;;08/20/2031 00:00:00;8;13869013;08/09/2026 15:10:15;Maximiliano;Nievas;24515060;08/09/2026 14:42:42;7807;Nicolas;Perez;Maximiliano Nievas;Nicolas Perez
14214854;08/09/2026 15:10:15;3;2;0001  215174-1;02;CAMIONETA JUE 2;2092329;"EP08    ";"EL MUNDO DEL PLOMERO S.R.L.                       ";ALTE. BROWN 629;951488;"20-102         ";"20-102 - MONOCOMANDO MESADA CROMO ""RENACER""";20;20;20;23238236;080926150930417;182494552;;;;08/20/2031 00:00:00;12;13869145;08/09/2026 15:09:30;Maximiliano;Nievas;;;;;;Maximiliano Nievas;
14214855;08/09/2026 14:56:46;3;2;0008    2899-1;02;CAMIONETA JUE 2;2092329;"EP08    ";"EL MUNDO DEL PLOMERO S.R.L.                       ";ALTE. BROWN 629;951488;"20-102         ";"20-102 - MONOCOMANDO MESADA CROMO ""RENACER""";60;60;60;23235349;080926145646213;182473869;;;;08/20/2031 00:00:00;4;13868626;08/09/2026 14:56:46;Tiago;Rodriguez;24513762;08/09/2026 14:23:37;6922;Franco;Potenza;Tiago Rodriguez;Franco Potenza
14214855;08/09/2026 14:56:46;3;2;0008    2899-1;02;CAMIONETA JUE 2;2092329;"EP08    ";"EL MUNDO DEL PLOMERO S.R.L.                       ";ALTE. BROWN 629;951488;"20-102         ";"20-102 - MONOCOMANDO MESADA CROMO ""RENACER""";60;60;60;23237458;080926145416205;182488173;;;;08/20/2031 00:00:00;8;13868639;08/09/2026 14:54:16;Tiago;Rodriguez;;;;;;Tiago Rodriguez;
14214855;08/09/2026 14:56:46;3;2;0008    2899-1;02;CAMIONETA JUE 2;2092329;"EP08    ";"EL MUNDO DEL PLOMERO S.R.L.                       ";ALTE. BROWN 629;951488;"20-102         ";"20-102 - MONOCOMANDO MESADA CROMO ""RENACER""";60;60;60;23237485;080926145445973;182488398;;;;08/20/2031 00:00:00;8;13868651;08/09/2026 14:54:45;Tiago;Rodriguez;;;;;;Tiago Rodriguez;
14214855;08/09/2026 14:56:46;3;2;0008    2899-1;02;CAMIONETA JUE 2;2092329;"EP08    ";"EL MUNDO DEL PLOMERO S.R.L.                       ";ALTE. BROWN 629;951488;"20-102         ";"20-102 - MONOCOMANDO MESADA CROMO ""RENACER""";60;60;60;23237509;080926145511012;182488563;;;;08/20/2031 00:00:00;8;13868664;08/09/2026 14:55:11;Tiago;Rodriguez;;;;;;Tiago Rodriguez;
14214855;08/09/2026 14:56:46;3;2;0008    2899-1;02;CAMIONETA JUE 2;2092329;"EP08    ";"EL MUNDO DEL PLOMERO S.R.L.                       ";ALTE. BROWN 629;951488;"20-102         ";"20-102 - MONOCOMANDO MESADA CROMO ""RENACER""";60;60;60;23237525;080926145527429;182488688;;;;08/20/2031 00:00:00;8;13868675;08/09/2026 14:55:27;Tiago;Rodriguez;;;;;;Tiago Rodriguez;
14214855;08/09/2026 14:56:46;3;2;0008    2899-1;02;CAMIONETA JUE 2;2092329;"EP08    ";"EL MUNDO DEL PLOMERO S.R.L.                       ";ALTE. BROWN 629;951488;"20-102         ";"20-102 - MONOCOMANDO MESADA CROMO ""RENACER""";60;60;60;23237549;080926145542511;182488783;;;;08/20/2031 00:00:00;8;13868681;08/09/2026 14:55:42;Tiago;Rodriguez;;;;;;Tiago Rodriguez;
14214855;08/09/2026 14:56:46;3;2;0008    2899-1;02;CAMIONETA JUE 2;2092329;"EP08    ";"EL MUNDO DEL PLOMERO S.R.L.                       ";ALTE. BROWN 629;951488;"20-102         ";"20-102 - MONOCOMANDO MESADA CROMO ""RENACER""";60;60;60;23237558;080926145600530;182488921;;;;08/20/2031 00:00:00;8;13868698;08/09/2026 14:56:00;Tiago;Rodriguez;;;;;;Tiago Rodriguez;
14214855;08/09/2026 14:56:46;3;2;0008    2899-1;02;CAMIONETA JUE 2;2092329;"EP08    ";"EL MUNDO DEL PLOMERO S.R.L.                       ";ALTE. BROWN 629;951488;"20-102         ";"20-102 - MONOCOMANDO MESADA CROMO ""RENACER""";60;60;60;23237567;080926145616204;182489055;;;;08/20/2031 00:00:00;8;13868710;08/09/2026 14:56:16;Tiago;Rodriguez;;;;;;Tiago Rodriguez;
14214938;09/09/2026 07:15:07;3;2;0001  215170-1;02;CAMIONETA JUE 2;2092329;"EP08    ";"EL MUNDO DEL PLOMERO S.R.L.                       ";ALTE. BROWN 629;950892;"01-010         ";"VALVULA P/MINGITORIO TEMPORIZADA TECNO                                ";5;5;5;23239896;080926162455786;182510259;;;;07/28/2031 00:00:00;5;13871608;08/09/2026 16:24:55;Tiago;Rodriguez;24518515;08/09/2026 15:45:19;7807;Nicolas;Perez;Tiago Rodriguez;Nicolas Perez
14214938;09/09/2026 07:15:07;3;2;0001  215170-1;02;CAMIONETA JUE 2;2092329;"EP08    ";"EL MUNDO DEL PLOMERO S.R.L.                       ";ALTE. BROWN 629;957526;"RA1159         ";RA1159 - BRAZO Y FLOR DE DUCHA TOLEDO;1;1;1;23241709;080926163308224;182524377;;;;07/29/2031 00:00:00;1;13871885;08/09/2026 16:33:08;Tiago;Rodriguez;24520302;08/09/2026 16:24:04;7152;Mirko;Hernandez;Tiago Rodriguez;Mirko Hernandez
14214938;09/09/2026 07:15:07;3;2;0001  215170-1;02;CAMIONETA JUE 2;2092329;"EP08    ";"EL MUNDO DEL PLOMERO S.R.L.                       ";ALTE. BROWN 629;951156;"1330           ";"QUEINOX MACHO MOVIL MH 1/2"" x 30                                      ";200;200;200;23247823;090926071504230;182577850;;;;02/16/2032 00:00:00;50;13875401;09/09/2026 07:15:04;Tiago;Rodriguez;24526058;09/09/2026 06:46:39;7636;Kevin;Arce;Tiago Rodriguez;Kevin Arce
14214938;09/09/2026 07:15:07;3;2;0001  215170-1;02;CAMIONETA JUE 2;2092329;"EP08    ";"EL MUNDO DEL PLOMERO S.R.L.                       ";ALTE. BROWN 629;954651;"A816           ";"A816 - DUCHA 6"" C/BRAZO Y CAMPANA CR";10;10;10;23248414;090926065928238;182577702;;;;07/27/2031 00:00:00;10;13875405;09/09/2026 06:59:28;Tiago;Rodriguez;;;;;;Tiago Rodriguez;
14214938;09/09/2026 07:15:07;3;2;0001  215170-1;02;CAMIONETA JUE 2;2092329;"EP08    ";"EL MUNDO DEL PLOMERO S.R.L.                       ";ALTE. BROWN 629;957872;"RA765          ";RA765 - BOLSITA P/CONEXION LAVATORIO LINEAS STD COMPLETO;15;15;15;23248537;090926070502838;182578101;;;;07/31/2031 00:00:00;15;13875447;09/09/2026 07:05:02;Tiago;Rodriguez;;;;;;Tiago Rodriguez;
14214938;09/09/2026 07:15:07;3;2;0001  215170-1;02;CAMIONETA JUE 2;2092329;"EP08    ";"EL MUNDO DEL PLOMERO S.R.L.                       ";ALTE. BROWN 629;957390;"RA001          ";RA001 - CABEZAL STD NO ASCENDENTE;50;50;50;23248537;090926070502838;182579206;;;;11/22/2031 00:00:00;50;13875447;09/09/2026 07:05:02;Tiago;Rodriguez;;;;;;Tiago Rodriguez;
14214938;09/09/2026 07:15:07;3;2;0001  215170-1;02;CAMIONETA JUE 2;2092329;"EP08    ";"EL MUNDO DEL PLOMERO S.R.L.                       ";ALTE. BROWN 629;957393;"RA004          ";RA004 - CABEZAL P/TRANSF. BIDET Y DUCHA EMBUTIR;10;10;10;23248703;090926071143294;182578568;;;;07/31/2031 00:00:00;10;13875489;09/09/2026 07:11:43;Tiago;Rodriguez;;;;;;Tiago Rodriguez;
14214938;09/09/2026 07:15:07;3;2;0001  215170-1;02;CAMIONETA JUE 2;2092329;"EP08    ";"EL MUNDO DEL PLOMERO S.R.L.                       ";ALTE. BROWN 629;957392;"RA003          ";RA003 - CABEZAL IZQUIERDO CIERRE CERAMICO (CALIENTE);10;10;10;23248703;090926071143294;182578420;;;;09/16/2031 00:00:00;10;13875489;09/09/2026 07:11:43;Tiago;Rodriguez;;;;;;Tiago Rodriguez;
14214938;09/09/2026 07:15:07;3;2;0001  215170-1;02;CAMIONETA JUE 2;2092329;"EP08    ";"EL MUNDO DEL PLOMERO S.R.L.                       ";ALTE. BROWN 629;957845;"RA704C         ";RA704C - VOLANTE ARES / CELEBRITY CROMO;10;6;6;23248703;090926071143294;182578153;;;;11/16/2031 00:00:00;6;13875489;09/09/2026 07:11:43;Tiago;Rodriguez;;;;;;Tiago Rodriguez;
14214938;09/09/2026 07:15:07;3;2;0001  215170-1;02;CAMIONETA JUE 2;2092329;"EP08    ";"EL MUNDO DEL PLOMERO S.R.L.                       ";ALTE. BROWN 629;957838;"RA5029C        ";RA5029C - VOLANTE COLD CROMO Y;5;5;5;23248703;090926071143294;182578657;;;;07/31/2031 00:00:00;5;13875489;09/09/2026 07:11:43;Tiago;Rodriguez;;;;;;Tiago Rodriguez;
14214938;09/09/2026 07:15:07;3;2;0001  215170-1;02;CAMIONETA JUE 2;2092329;"EP08    ";"EL MUNDO DEL PLOMERO S.R.L.                       ";ALTE. BROWN 629;951156;"1330           ";"QUEINOX MACHO MOVIL MH 1/2"" x 30                                      ";200;200;200;23248752;090926071349471;182582715;;;;02/16/2032 00:00:00;50;13875503;09/09/2026 07:13:49;Tiago;Rodriguez;;;;;;Tiago Rodriguez;
14214938;09/09/2026 07:15:07;3;2;0001  215170-1;02;CAMIONETA JUE 2;2092329;"EP08    ";"EL MUNDO DEL PLOMERO S.R.L.                       ";ALTE. BROWN 629;951156;"1330           ";"QUEINOX MACHO MOVIL MH 1/2"" x 30                                      ";200;200;200;23248764;090926071410143;182582777;;;;02/16/2032 00:00:00;50;13875510;09/09/2026 07:14:10;Tiago;Rodriguez;;;;;;Tiago Rodriguez;
14214938;09/09/2026 07:15:07;3;2;0001  215170-1;02;CAMIONETA JUE 2;2092329;"EP08    ";"EL MUNDO DEL PLOMERO S.R.L.                       ";ALTE. BROWN 629;951156;"1330           ";"QUEINOX MACHO MOVIL MH 1/2"" x 30                                      ";200;200;200;23248777;090926071425899;182582839;;;;02/16/2032 00:00:00;50;13875511;09/09/2026 07:14:25;Tiago;Rodriguez;;;;;;Tiago Rodriguez;
14215660;08/09/2026 09:24:43;3;2;0001  215312-1;14;RETIRA;2092656;"GD09    ";"GILICH DIEGO M.                                   ";CALLE 48 476;952726;"61-203         ";61-203 - LAVATORIO MONOCOMANDO ALTO ADRA;2;2;2;23219509;080926092443236;182358492;;;;01/11/2032 00:00:00;2;13858572;08/09/2026 09:24:43;Gaston Alejandro;Kiriczuk;24498834;08/09/2026 09:09:30;6409;Gaston Alejandro;Kiriczuk;Gaston Alejandro Kiriczuk;Gaston Alejandro Kiriczuk
14215660;08/09/2026 09:24:43;3;2;0001  215312-1;14;RETIRA;2092656;"GD09    ";"GILICH DIEGO M.                                   ";CALLE 48 476;951533;"20-150         ";20-150 - MONOCOMANDO MESADA COCINA TOLEDO;2;2;2;23219786;080926092336176;182362101;;;;07/27/2031 00:00:00;2;13858542;08/09/2026 09:23:36;Gaston Alejandro;Kiriczuk;24498817;08/09/2026 09:20:41;6922;Franco;Potenza;Gaston Alejandro Kiriczuk;Franco Potenza
14215660;08/09/2026 09:24:43;3;2;0001  215312-1;14;RETIRA;2092656;"GD09    ";"GILICH DIEGO M.                                   ";CALLE 48 476;951512;"20-122         ";"MONOCOMANDO COCINA CR C/PICO EXTRAIBLE VALENCIA                       ";2;2;2;23219786;080926092336176;182361719;;;;08/06/2031 00:00:00;2;13858542;08/09/2026 09:23:36;Gaston Alejandro;Kiriczuk;24498817;08/09/2026 09:20:41;6922;Franco;Potenza;Gaston Alejandro Kiriczuk;Franco Potenza
14215946;10/09/2026 10:06:10;3;2;0001  215154-1;05;CAMIONETA EXP 1;2092543;"FP04    ";"FLUIDOS PATAGONIA S.A.                            ";SARMIENTO 850;952618;"60-133         ";60-133 - LAVATORIO MONOCOMANDO LUGO;15;15;15;23287325;100926100608796;182874588;;;;07/29/2031 00:00:00;6;13900277;10/09/2026 10:06:08;Tiago;Rodriguez;24564469;10/09/2026 08:56:44;7152;Mirko;Hernandez;Tiago Rodriguez;Mirko Hernandez
14215946;10/09/2026 10:06:10;3;2;0001  215154-1;05;CAMIONETA EXP 1;2092543;"FP04    ";"FLUIDOS PATAGONIA S.A.                            ";SARMIENTO 850;952362;"474/CR         ";474/CR - DUCHA EMB.S/TRANF.CRUZ CR/CR ARES;1;1;1;23288954;100926095917833;182885131;;;;07/31/2031 00:00:00;1;13900174;10/09/2026 09:59:17;Tiago;Rodriguez;24565914;10/09/2026 09:32:28;7636;Kevin;Arce;Tiago Rodriguez;Kevin Arce
14215946;10/09/2026 10:06:10;3;2;0001  215154-1;05;CAMIONETA EXP 1;2092543;"FP04    ";"FLUIDOS PATAGONIA S.A.                            ";SARMIENTO 850;952292;"434/CR         ";434/CR - DUCHA EMB.C/TRANSF CR ARES;2;2;2;23288954;100926095917833;182885435;;;;01/12/2032 00:00:00;2;13900174;10/09/2026 09:59:17;Tiago;Rodriguez;24565914;10/09/2026 09:32:28;7636;Kevin;Arce;Tiago Rodriguez;Kevin Arce
14215946;10/09/2026 10:06:10;3;2;0001  215154-1;05;CAMIONETA EXP 1;2092543;"FP04    ";"FLUIDOS PATAGONIA S.A.                            ";SARMIENTO 850;952248;"414/CR         ";414/CR - DUCHA EXT.C/TRANSF.CR/CR ARES;2;2;2;23288954;100926095917833;182885197;;;;09/15/2031 00:00:00;2;13900174;10/09/2026 09:59:17;Tiago;Rodriguez;24565914;10/09/2026 09:32:28;7636;Kevin;Arce;Tiago Rodriguez;Kevin Arce
14215946;10/09/2026 10:06:10;3;2;0001  215154-1;05;CAMIONETA EXP 1;2092543;"FP04    ";"FLUIDOS PATAGONIA S.A.                            ";SARMIENTO 850;951620;"214/CR         ";214/CR - LAVATORIO CR/CR ARES;6;6;6;23288954;100926095917833;182884812;;;;01/27/2032 00:00:00;6;13900174;10/09/2026 09:59:17;Tiago;Rodriguez;24565914;10/09/2026 09:32:28;7636;Kevin;Arce;Tiago Rodriguez;Kevin Arce
14215946;10/09/2026 10:06:10;3;2;0001  215154-1;05;CAMIONETA EXP 1;2092543;"FP04    ";"FLUIDOS PATAGONIA S.A.                            ";SARMIENTO 850;951618;"214            ";214 - LAVATORIO CRUZ BL/CR ARES;10;10;10;23290857;100926095715481;182886113;;;;07/31/2031 00:00:00;10;13900186;10/09/2026 09:57:15;Tiago;Rodriguez;;;;;;Tiago Rodriguez;
14215946;10/09/2026 10:06:10;3;2;0001  215154-1;05;CAMIONETA EXP 1;2092543;"FP04    ";"FLUIDOS PATAGONIA S.A.                            ";SARMIENTO 850;952290;"434            ";434 - DUCHA EMB.C/TRANSF CRUZ BL/CR ARES;3;3;3;23290959;100926095837143;182886742;;;;07/31/2031 00:00:00;3;13900225;10/09/2026 09:58:37;Tiago;Rodriguez;;;;;;Tiago Rodriguez;
14215946;10/09/2026 10:06:10;3;2;0001  215154-1;05;CAMIONETA EXP 1;2092543;"FP04    ";"FLUIDOS PATAGONIA S.A.                            ";SARMIENTO 850;952028;"314/CR         ";314/CR - BIDE CROMO ARES;1;1;1;23290959;100926095837143;182884933;;;;01/11/2032 00:00:00;1;13900225;10/09/2026 09:58:37;Tiago;Rodriguez;;;;;;Tiago Rodriguez;
14215946;10/09/2026 10:06:10;3;2;0001  215154-1;05;CAMIONETA EXP 1;2092543;"FP04    ";"FLUIDOS PATAGONIA S.A.                            ";SARMIENTO 850;952025;"314            ";314 - BIDE CRUZ BL/CR ARES;6;6;6;23290959;100926095837143;182886414;;;;07/29/2031 00:00:00;6;13900225;10/09/2026 09:58:37;Tiago;Rodriguez;;;;;;Tiago Rodriguez;
14215946;10/09/2026 10:06:10;3;2;0001  215154-1;05;CAMIONETA EXP 1;2092543;"FP04    ";"FLUIDOS PATAGONIA S.A.                            ";SARMIENTO 850;953312;"83-133         ";83-133 - DUCHA EXT. C/TRANSF. MONOCOMANDO LUGO;10;10;10;23291065;100926100014112;182896842;;;;07/30/2031 00:00:00;4;13900281;10/09/2026 10:00:14;Tiago;Rodriguez;;;;;;Tiago Rodriguez;
14215946;10/09/2026 10:06:10;3;2;0001  215154-1;05;CAMIONETA EXP 1;2092543;"FP04    ";"FLUIDOS PATAGONIA S.A.                            ";SARMIENTO 850;953312;"83-133         ";83-133 - DUCHA EXT. C/TRANSF. MONOCOMANDO LUGO;10;10;10;23291100;100926100044322;182874953;;;;07/30/2031 00:00:00;6;13900293;10/09/2026 10:00:44;Tiago;Rodriguez;;;;;;Tiago Rodriguez;
14215946;10/09/2026 10:06:10;3;2;0001  215154-1;05;CAMIONETA EXP 1;2092543;"FP04    ";"FLUIDOS PATAGONIA S.A.                            ";SARMIENTO 850;951488;"20-102         ";"20-102 - MONOCOMANDO MESADA CROMO ""RENACER""";20;20;20;23291149;100926100120446;182897230;;;;08/20/2031 00:00:00;8;13900314;10/09/2026 10:01:20;Tiago;Rodriguez;;;;;;Tiago Rodriguez;
14215946;10/09/2026 10:06:10;3;2;0001  215154-1;05;CAMIONETA EXP 1;2092543;"FP04    ";"FLUIDOS PATAGONIA S.A.                            ";SARMIENTO 850;951488;"20-102         ";"20-102 - MONOCOMANDO MESADA CROMO ""RENACER""";20;20;20;23291176;100926100143410;182897352;;;;08/20/2031 00:00:00;8;13900328;10/09/2026 10:01:43;Tiago;Rodriguez;;;;;;Tiago Rodriguez;
14215946;10/09/2026 10:06:10;3;2;0001  215154-1;05;CAMIONETA EXP 1;2092543;"FP04    ";"FLUIDOS PATAGONIA S.A.                            ";SARMIENTO 850;951488;"20-102         ";"20-102 - MONOCOMANDO MESADA CROMO ""RENACER""";20;20;20;23291255;100926100254360;182875655;;;;08/20/2031 00:00:00;4;13900353;10/09/2026 10:02:54;Tiago;Rodriguez;;;;;;Tiago Rodriguez;
14215946;10/09/2026 10:06:10;3;2;0001  215154-1;05;CAMIONETA EXP 1;2092543;"FP04    ";"FLUIDOS PATAGONIA S.A.                            ";SARMIENTO 850;952618;"60-133         ";60-133 - LAVATORIO MONOCOMANDO LUGO;15;15;15;23291255;100926100254360;182897929;;;;07/29/2031 00:00:00;3;13900353;10/09/2026 10:02:54;Tiago;Rodriguez;;;;;;Tiago Rodriguez;
14215946;10/09/2026 10:06:10;3;2;0001  215154-1;05;CAMIONETA EXP 1;2092543;"FP04    ";"FLUIDOS PATAGONIA S.A.                            ";SARMIENTO 850;951535;"20-160         ";20-160 - MONOCOMANDO MESADA COCINA DIQUE;40;40;40;23291362;100926100435320;182898608;;;;07/28/2031 00:00:00;8;13900392;10/09/2026 10:04:35;Tiago;Rodriguez;;;;;;Tiago Rodriguez;
14215946;10/09/2026 10:06:10;3;2;0001  215154-1;05;CAMIONETA EXP 1;2092543;"FP04    ";"FLUIDOS PATAGONIA S.A.                            ";SARMIENTO 850;951535;"20-160         ";20-160 - MONOCOMANDO MESADA COCINA DIQUE;40;40;40;23291380;100926100455344;182898737;;;;07/28/2031 00:00:00;8;13900400;10/09/2026 10:04:55;Tiago;Rodriguez;;;;;;Tiago Rodriguez;
14215946;10/09/2026 10:06:10;3;2;0001  215154-1;05;CAMIONETA EXP 1;2092543;"FP04    ";"FLUIDOS PATAGONIA S.A.                            ";SARMIENTO 850;951535;"20-160         ";20-160 - MONOCOMANDO MESADA COCINA DIQUE;40;40;40;23291396;100926100508821;182898832;;;;07/28/2031 00:00:00;8;13900408;10/09/2026 10:05:08;Tiago;Rodriguez;;;;;;Tiago Rodriguez;
14215946;10/09/2026 10:06:10;3;2;0001  215154-1;05;CAMIONETA EXP 1;2092543;"FP04    ";"FLUIDOS PATAGONIA S.A.                            ";SARMIENTO 850;951535;"20-160         ";20-160 - MONOCOMANDO MESADA COCINA DIQUE;40;40;40;23291417;100926100527812;182898953;;;;07/28/2031 00:00:00;8;13900415;10/09/2026 10:05:27;Tiago;Rodriguez;;;;;;Tiago Rodriguez;
14215946;10/09/2026 10:06:10;3;2;0001  215154-1;05;CAMIONETA EXP 1;2092543;"FP04    ";"FLUIDOS PATAGONIA S.A.                            ";SARMIENTO 850;951535;"20-160         ";20-160 - MONOCOMANDO MESADA COCINA DIQUE;40;40;40;23291430;100926100542970;182873819;;;;07/28/2031 00:00:00;8;13900423;10/09/2026 10:05:43;Tiago;Rodriguez;;;;;;Tiago Rodriguez;
14215946;10/09/2026 10:06:10;3;2;0001  215154-1;05;CAMIONETA EXP 1;2092543;"FP04    ";"FLUIDOS PATAGONIA S.A.                            ";SARMIENTO 850;952618;"60-133         ";60-133 - LAVATORIO MONOCOMANDO LUGO;15;15;15;23291447;100926100558917;182899152;;;;07/29/2031 00:00:00;6;13900426;10/09/2026 10:05:58;Tiago;Rodriguez;;;;;;Tiago Rodriguez;
14215947;10/09/2026 09:28:06;3;2;0001  215158-1;05;CAMIONETA EXP 1;2094365;"SC28    ";"SANITARIOS CAROSIO S.A.                           ";ALTE. BROWN 54;952950;"70-200G        ";70-200G - BIDE MONOCOMANDO GOLD FABRIC;1;1;1;23286192;100926092805729;182867008;;;;07/27/2031 00:00:00;1;13899290;10/09/2026 09:28:05;Gustavo;Soderquvist;24563535;10/09/2026 08:36:46;6419;Tiago;Rodriguez;Gustavo Soderquvist;Tiago Rodriguez
14215947;10/09/2026 09:28:06;3;2;0001  215158-1;05;CAMIONETA EXP 1;2094365;"SC28    ";"SANITARIOS CAROSIO S.A.                           ";ALTE. BROWN 54;953214;"81-100G        ";81-100G - DUCHA EMB S/TRANSF GOLD C.CERAM FABRIC;1;1;1;23287901;100926092642972;182877986;;;;01/11/2032 00:00:00;1;13899265;10/09/2026 09:26:42;Gustavo;Soderquvist;24564894;10/09/2026 09:04:14;6419;Tiago;Rodriguez;Gustavo Soderquvist;Tiago Rodriguez
14215948;10/09/2026 10:14:10;3;2;0001  215163-1;05;CAMIONETA EXP 1;2091561;"CC58    ";"CASAS CESAR LEONEL -BELEN BLOCK                   ";ARTAZA S/N;951513;"20-122N        ";20-122N - MONOCOMANDO COCINA C/PICO EXTRAIBLE VALENCIA BLACK;1;1;1;23286193;100926100905372;182868174;;;;08/06/2031 00:00:00;1;13900462;10/09/2026 10:09:05;Tiago;Rodriguez;24563535;10/09/2026 08:36:46;6419;Tiago;Rodriguez;Tiago Rodriguez;Tiago Rodriguez
14215948;10/09/2026 10:14:10;3;2;0001  215163-1;05;CAMIONETA EXP 1;2091561;"CC58    ";"CASAS CESAR LEONEL -BELEN BLOCK                   ";ARTAZA S/N;951528;"20-140         ";20-140 - MONOCOMANDO DE COCINA LINEA CUINA;1;1;1;23286193;100926100905372;182866716;;;;10/07/2031 00:00:00;1;13900462;10/09/2026 10:09:05;Tiago;Rodriguez;24563535;10/09/2026 08:36:46;6419;Tiago;Rodriguez;Tiago Rodriguez;Tiago Rodriguez
14215948;10/09/2026 10:14:10;3;2;0001  215163-1;05;CAMIONETA EXP 1;2091561;"CC58    ";"CASAS CESAR LEONEL -BELEN BLOCK                   ";ARTAZA S/N;1007844;"20-122S        ";"MONOCOMANDO COCINA INOX C/PICO EXTRAIBLE VALENCIA                     ";1;1;1;23286193;100926100905372;182867552;;;;01/06/2032 00:00:00;1;13900462;10/09/2026 10:09:05;Tiago;Rodriguez;24563535;10/09/2026 08:36:46;6419;Tiago;Rodriguez;Tiago Rodriguez;Tiago Rodriguez
14215948;10/09/2026 10:14:10;3;2;0001  215163-1;05;CAMIONETA EXP 1;2091561;"CC58    ";"CASAS CESAR LEONEL -BELEN BLOCK                   ";ARTAZA S/N;952267;"423            ";"423 - DUCHA EMB. C/TRANSF.CR ""DIQUE""";3;3;3;23288408;100926101409535;182883339;;;;02/03/2032 00:00:00;3;13900549;10/09/2026 10:14:09;Tiago;Rodriguez;24565410;10/09/2026 09:24:20;7152;Mirko;Hernandez;Tiago Rodriguez;Mirko Hernandez
14215948;10/09/2026 10:14:10;3;2;0001  215163-1;05;CAMIONETA EXP 1;2091561;"CC58    ";"CASAS CESAR LEONEL -BELEN BLOCK                   ";ARTAZA S/N;951957;"303            ";"303 - BIDET CROMO ""DIQUE""";3;3;3;23288408;100926101409535;182883450;;;;11/25/2031 00:00:00;3;13900549;10/09/2026 10:14:09;Tiago;Rodriguez;24565410;10/09/2026 09:24:20;7152;Mirko;Hernandez;Tiago Rodriguez;Mirko Hernandez
14215948;10/09/2026 10:14:10;3;2;0001  215163-1;05;CAMIONETA EXP 1;2091561;"CC58    ";"CASAS CESAR LEONEL -BELEN BLOCK                   ";ARTAZA S/N;952831;"70-010         ";70-010 - BIDE BL/CR LORCA;3;3;3;23288408;100926101409535;182882003;;;;12/08/2031 00:00:00;3;13900549;10/09/2026 10:14:09;Tiago;Rodriguez;24565410;10/09/2026 09:24:20;7152;Mirko;Hernandez;Tiago Rodriguez;Mirko Hernandez
14215948;10/09/2026 10:14:10;3;2;0001  215163-1;05;CAMIONETA EXP 1;2091561;"CC58    ";"CASAS CESAR LEONEL -BELEN BLOCK                   ";ARTAZA S/N;952822;"70-002         ";70-002 - BIDE RENACER;1;1;1;23288408;100926101409535;182883021;;;;07/31/2031 00:00:00;1;13900549;10/09/2026 10:14:09;Tiago;Rodriguez;24565410;10/09/2026 09:24:20;7152;Mirko;Hernandez;Tiago Rodriguez;Mirko Hernandez
14215948;10/09/2026 10:14:10;3;2;0001  215163-1;05;CAMIONETA EXP 1;2091561;"CC58    ";"CASAS CESAR LEONEL -BELEN BLOCK                   ";ARTAZA S/N;951536;"20-162         ";20-162 - MONOCOMANDO COCINA ADRA;1;1;1;23291616;100926100843375;182868621;;;;07/28/2031 00:00:00;1;13900506;10/09/2026 10:08:43;Tiago;Rodriguez;;;;;;Tiago Rodriguez;
14215948;10/09/2026 10:14:10;3;2;0001  215163-1;05;CAMIONETA EXP 1;2091561;"CC58    ";"CASAS CESAR LEONEL -BELEN BLOCK                   ";ARTAZA S/N;951737;"3005           ";3005 - SET DE 5 PIEZAS LINEA 3000;4;4;4;23291616;100926100843375;182868916;;;;07/27/2031 00:00:00;4;13900506;10/09/2026 10:08:43;Tiago;Rodriguez;;;;;;Tiago Rodriguez;
14215948;10/09/2026 10:14:10;3;2;0001  215163-1;05;CAMIONETA EXP 1;2091561;"CC58    ";"CASAS CESAR LEONEL -BELEN BLOCK                   ";ARTAZA S/N;951748;"3006           ";3006 - SET DE 6 PIEZAS LINEA 3000;5;5;5;23291616;100926100843375;182867879;;;;07/29/2031 00:00:00;5;13900506;10/09/2026 10:08:43;Tiago;Rodriguez;;;;;;Tiago Rodriguez;
14215948;10/09/2026 10:14:10;3;2;0001  215163-1;05;CAMIONETA EXP 1;2091561;"CC58    ";"CASAS CESAR LEONEL -BELEN BLOCK                   ";ARTAZA S/N;953487;"939            ";939 - JGO.COCINA C/EXTENSIBLE CR LAZA;3;3;3;23291752;100926101049159;182884785;;;;12/29/2031 00:00:00;3;13900556;10/09/2026 10:10:49;Tiago;Rodriguez;;;;;;Tiago Rodriguez;
14215948;10/09/2026 10:14:10;3;2;0001  215163-1;05;CAMIONETA EXP 1;2091561;"CC58    ";"CASAS CESAR LEONEL -BELEN BLOCK                   ";ARTAZA S/N;951600;"209            ";209 - LAVATORIO CROMO LAZA;6;6;6;23291752;100926101049159;182884587;;;;02/01/2032 00:00:00;6;13900556;10/09/2026 10:10:49;Tiago;Rodriguez;;;;;;Tiago Rodriguez;
14215948;10/09/2026 10:14:10;3;2;0001  215163-1;05;CAMIONETA EXP 1;2091561;"CC58    ";"CASAS CESAR LEONEL -BELEN BLOCK                   ";ARTAZA S/N;952244;"409            ";"409 - DUCHA EXT.C/TRANSF.CR ""LAZA""";6;6;6;23291814;100926101155863;182884281;;;;02/17/2032 00:00:00;6;13900595;10/09/2026 10:11:55;Tiago;Rodriguez;;;;;;Tiago Rodriguez;
14215948;10/09/2026 10:14:10;3;2;0001  215163-1;05;CAMIONETA EXP 1;2091561;"CC58    ";"CASAS CESAR LEONEL -BELEN BLOCK                   ";ARTAZA S/N;952542;"60-002         ";60-002 - LAVATORIO RENACER;2;2;2;23291814;100926101155863;182882729;;;;07/29/2031 00:00:00;2;13900595;10/09/2026 10:11:55;Tiago;Rodriguez;;;;;;Tiago Rodriguez;
14215948;10/09/2026 10:14:10;3;2;0001  215163-1;05;CAMIONETA EXP 1;2091561;"CC58    ";"CASAS CESAR LEONEL -BELEN BLOCK                   ";ARTAZA S/N;953019;"80-002         ";80-002 - DUCHA EMB C/TRANSF. RENACER;1;1;1;23291814;100926101155863;182882961;;;;07/29/2031 00:00:00;1;13900595;10/09/2026 10:11:55;Tiago;Rodriguez;;;;;;Tiago Rodriguez;
14215948;10/09/2026 10:14:10;3;2;0001  215163-1;05;CAMIONETA EXP 1;2091561;"CC58    ";"CASAS CESAR LEONEL -BELEN BLOCK                   ";ARTAZA S/N;953028;"80-010         ";80-010 - DUCHA EMB. C/TRANSF. BL/CR LORCA;1;1;1;23291814;100926101155863;182882080;;;;09/16/2031 00:00:00;1;13900595;10/09/2026 10:11:55;Tiago;Rodriguez;;;;;;Tiago Rodriguez;
14215948;10/09/2026 10:14:10;3;2;0001  215163-1;05;CAMIONETA EXP 1;2091561;"CC58    ";"CASAS CESAR LEONEL -BELEN BLOCK                   ";ARTAZA S/N;952912;"70-162         ";70-162 - BIDE CR C.CERAM LINEA ADRA;2;2;2;23291884;100926101325047;182881639;;;;07/29/2031 00:00:00;2;13900645;10/09/2026 10:13:25;Tiago;Rodriguez;;;;;;Tiago Rodriguez;
14215948;10/09/2026 10:14:10;3;2;0001  215163-1;05;CAMIONETA EXP 1;2091561;"CC58    ";"CASAS CESAR LEONEL -BELEN BLOCK                   ";ARTAZA S/N;952634;"60-162         ";60-162 - LAVATORIO CR C.CERAM LINEA ADRA;3;3;3;23291884;100926101325047;182881319;;;;07/29/2031 00:00:00;3;13900645;10/09/2026 10:13:25;Tiago;Rodriguez;;;;;;Tiago Rodriguez;
14215948;10/09/2026 10:14:10;3;2;0001  215163-1;05;CAMIONETA EXP 1;2091561;"CC58    ";"CASAS CESAR LEONEL -BELEN BLOCK                   ";ARTAZA S/N;952551;"60-010         ";60-010 - LAVATORIO BL/CR LORCA;2;2;2;23291884;100926101325047;182881867;;;;12/07/2031 00:00:00;2;13900645;10/09/2026 10:13:25;Tiago;Rodriguez;;;;;;Tiago Rodriguez;
14215948;10/09/2026 10:14:10;3;2;0001  215163-1;05;CAMIONETA EXP 1;2091561;"CC58    ";"CASAS CESAR LEONEL -BELEN BLOCK                   ";ARTAZA S/N;951568;"203            ";"203 - LAVATORIO CROMO ""DIQUE""";3;3;3;23291884;100926101325047;182883297;;;;01/11/2032 00:00:00;3;13900645;10/09/2026 10:13:25;Tiago;Rodriguez;;;;;;Tiago Rodriguez;
14215949;09/09/2026 16:48:48;3;2;0001  215165-1;05;CAMIONETA EXP 1;2094813;"TO04    ";"TOBA S.R.L.                                       ";AV. AGUIRRE SUR 2840;954908;"BCH07          ";BCH07 - BACHA DE APOYAR OVALADA 400x330x150;20;20;20;23274258;090926164842272;182771404;;;;07/29/2031 00:00:00;1;13892808;09/09/2026 16:48:42;Tiago;Rodriguez;24552171;09/09/2026 15:49:40;7152;Mirko;Hernandez;Tiago Rodriguez;Mirko Hernandez
14215949;09/09/2026 16:48:48;3;2;0001  215165-1;05;CAMIONETA EXP 1;2094813;"TO04    ";"TOBA S.R.L.                                       ";AV. AGUIRRE SUR 2840;954901;"BCH01          ";BCH01 - BACHA DE APOYAR CIRCULAR 320x145;20;20;20;23277559;090926164254507;182798267;;;;07/28/2031 00:00:00;1;13892818;09/09/2026 16:42:54;Tiago;Rodriguez;;;;;;Tiago Rodriguez;
14215949;09/09/2026 16:48:48;3;2;0001  215165-1;05;CAMIONETA EXP 1;2094813;"TO04    ";"TOBA S.R.L.                                       ";AV. AGUIRRE SUR 2840;954901;"BCH01          ";BCH01 - BACHA DE APOYAR CIRCULAR 320x145;20;20;20;23277564;090926164300490;182798311;;;;07/28/2031 00:00:00;1;13892822;09/09/2026 16:43:00;Tiago;Rodriguez;;;;;;Tiago Rodriguez;
14215949;09/09/2026 16:48:48;3;2;0001  215165-1;05;CAMIONETA EXP 1;2094813;"TO04    ";"TOBA S.R.L.                                       ";AV. AGUIRRE SUR 2840;954901;"BCH01          ";BCH01 - BACHA DE APOYAR CIRCULAR 320x145;20;20;20;23277570;090926164306340;182798348;;;;07/28/2031 00:00:00;1;13892826;09/09/2026 16:43:06;Tiago;Rodriguez;;;;;;Tiago Rodriguez;
14215949;09/09/2026 16:48:48;3;2;0001  215165-1;05;CAMIONETA EXP 1;2094813;"TO04    ";"TOBA S.R.L.                                       ";AV. AGUIRRE SUR 2840;954901;"BCH01          ";BCH01 - BACHA DE APOYAR CIRCULAR 320x145;20;20;20;23277573;090926164313529;182798389;;;;07/28/2031 00:00:00;1;13892837;09/09/2026 16:43:13;Tiago;Rodriguez;;;;;;Tiago Rodriguez;
14215949;09/09/2026 16:48:48;3;2;0001  215165-1;05;CAMIONETA EXP 1;2094813;"TO04    ";"TOBA S.R.L.                                       ";AV. AGUIRRE SUR 2840;954901;"BCH01          ";BCH01 - BACHA DE APOYAR CIRCULAR 320x145;20;20;20;23277579;090926164319508;182798433;;;;07/28/2031 00:00:00;1;13892843;09/09/2026 16:43:19;Tiago;Rodriguez;;;;;;Tiago Rodriguez;
14215949;09/09/2026 16:48:48;3;2;0001  215165-1;05;CAMIONETA EXP 1;2094813;"TO04    ";"TOBA S.R.L.                                       ";AV. AGUIRRE SUR 2840;954901;"BCH01          ";BCH01 - BACHA DE APOYAR CIRCULAR 320x145;20;20;20;23277587;090926164326612;182798481;;;;07/28/2031 00:00:00;1;13892847;09/09/2026 16:43:26;Tiago;Rodriguez;;;;;;Tiago Rodriguez;
14215949;09/09/2026 16:48:48;3;2;0001  215165-1;05;CAMIONETA EXP 1;2094813;"TO04    ";"TOBA S.R.L.                                       ";AV. AGUIRRE SUR 2840;954901;"BCH01          ";BCH01 - BACHA DE APOYAR CIRCULAR 320x145;20;20;20;23277590;090926164332954;182798515;;;;07/28/2031 00:00:00;1;13892860;09/09/2026 16:43:32;Tiago;Rodriguez;;;;;;Tiago Rodriguez;
14215949;09/09/2026 16:48:48;3;2;0001  215165-1;05;CAMIONETA EXP 1;2094813;"TO04    ";"TOBA S.R.L.                                       ";AV. AGUIRRE SUR 2840;954908;"BCH07          ";BCH07 - BACHA DE APOYAR OVALADA 400x330x150;20;20;20;23277608;090926164357460;182798664;;;;07/29/2031 00:00:00;1;13892874;09/09/2026 16:43:57;Tiago;Rodriguez;;;;;;Tiago Rodriguez;
14215949;09/09/2026 16:48:48;3;2;0001  215165-1;05;CAMIONETA EXP 1;2094813;"TO04    ";"TOBA S.R.L.                                       ";AV. AGUIRRE SUR 2840;954908;"BCH07          ";BCH07 - BACHA DE APOYAR OVALADA 400x330x150;20;20;20;23277613;090926164403064;182798701;;;;07/29/2031 00:00:00;1;13892880;09/09/2026 16:44:03;Tiago;Rodriguez;;;;;;Tiago Rodriguez;
14215949;09/09/2026 16:48:48;3;2;0001  215165-1;05;CAMIONETA EXP 1;2094813;"TO04    ";"TOBA S.R.L.                                       ";AV. AGUIRRE SUR 2840;954908;"BCH07          ";BCH07 - BACHA DE APOYAR OVALADA 400x330x150;20;20;20;23277616;090926164408553;182798743;;;;07/29/2031 00:00:00;1;13892882;09/09/2026 16:44:08;Tiago;Rodriguez;;;;;;Tiago Rodriguez;
14215949;09/09/2026 16:48:48;3;2;0001  215165-1;05;CAMIONETA EXP 1;2094813;"TO04    ";"TOBA S.R.L.                                       ";AV. AGUIRRE SUR 2840;954908;"BCH07          ";BCH07 - BACHA DE APOYAR OVALADA 400x330x150;20;20;20;23277626;090926164414175;182798778;;;;07/29/2031 00:00:00;1;13892886;09/09/2026 16:44:14;Tiago;Rodriguez;;;;;;Tiago Rodriguez;
14215949;09/09/2026 16:48:48;3;2;0001  215165-1;05;CAMIONETA EXP 1;2094813;"TO04    ";"TOBA S.R.L.                                       ";AV. AGUIRRE SUR 2840;954908;"BCH07          ";BCH07 - BACHA DE APOYAR OVALADA 400x330x150;20;20;20;23277628;090926164419873;182798819;;;;07/29/2031 00:00:00;1;13892891;09/09/2026 16:44:19;Tiago;Rodriguez;;;;;;Tiago Rodriguez;
14215949;09/09/2026 16:48:48;3;2;0001  215165-1;05;CAMIONETA EXP 1;2094813;"TO04    ";"TOBA S.R.L.                                       ";AV. AGUIRRE SUR 2840;954908;"BCH07          ";BCH07 - BACHA DE APOYAR OVALADA 400x330x150;20;20;20;23277633;090926164425600;182798856;;;;07/29/2031 00:00:00;1;13892896;09/09/2026 16:44:25;Tiago;Rodriguez;;;;;;Tiago Rodriguez;
14215949;09/09/2026 16:48:48;3;2;0001  215165-1;05;CAMIONETA EXP 1;2094813;"TO04    ";"TOBA S.R.L.                                       ";AV. AGUIRRE SUR 2840;954908;"BCH07          ";BCH07 - BACHA DE APOYAR OVALADA 400x330x150;20;20;20;23277635;090926164431289;182798887;;;;07/29/2031 00:00:00;1;13892897;09/09/2026 16:44:31;Tiago;Rodriguez;;;;;;Tiago Rodriguez;
14215949;09/09/2026 16:48:48;3;2;0001  215165-1;05;CAMIONETA EXP 1;2094813;"TO04    ";"TOBA S.R.L.                                       ";AV. AGUIRRE SUR 2840;954908;"BCH07          ";BCH07 - BACHA DE APOYAR OVALADA 400x330x150;20;20;20;23277644;090926164442032;182798962;;;;07/29/2031 00:00:00;1;13892907;09/09/2026 16:44:42;Tiago;Rodriguez;;;;;;Tiago Rodriguez;
14215949;09/09/2026 16:48:48;3;2;0001  215165-1;05;CAMIONETA EXP 1;2094813;"TO04    ";"TOBA S.R.L.                                       ";AV. AGUIRRE SUR 2840;954901;"BCH01          ";BCH01 - BACHA DE APOYAR CIRCULAR 320x145;20;20;20;23277661;090926164511829;182799157;;;;07/28/2031 00:00:00;1;13892923;09/09/2026 16:45:11;Tiago;Rodriguez;;;;;;Tiago Rodriguez;
14215949;09/09/2026 16:48:48;3;2;0001  215165-1;05;CAMIONETA EXP 1;2094813;"TO04    ";"TOBA S.R.L.                                       ";AV. AGUIRRE SUR 2840;954901;"BCH01          ";BCH01 - BACHA DE APOYAR CIRCULAR 320x145;20;20;20;23277663;090926164518058;182799200;;;;07/28/2031 00:00:00;1;13892926;09/09/2026 16:45:18;Tiago;Rodriguez;;;;;;Tiago Rodriguez;
14215949;09/09/2026 16:48:48;3;2;0001  215165-1;05;CAMIONETA EXP 1;2094813;"TO04    ";"TOBA S.R.L.                                       ";AV. AGUIRRE SUR 2840;954901;"BCH01          ";BCH01 - BACHA DE APOYAR CIRCULAR 320x145;20;20;20;23277669;090926164523705;182799229;;;;07/28/2031 00:00:00;1;13892931;09/09/2026 16:45:23;Tiago;Rodriguez;;;;;;Tiago Rodriguez;
14215949;09/09/2026 16:48:48;3;2;0001  215165-1;05;CAMIONETA EXP 1;2094813;"TO04    ";"TOBA S.R.L.                                       ";AV. AGUIRRE SUR 2840;954901;"BCH01          ";BCH01 - BACHA DE APOYAR CIRCULAR 320x145;20;20;20;23277674;090926164529664;182799261;;;;07/28/2031 00:00:00;1;13892936;09/09/2026 16:45:29;Tiago;Rodriguez;;;;;;Tiago Rodriguez;
14215949;09/09/2026 16:48:48;3;2;0001  215165-1;05;CAMIONETA EXP 1;2094813;"TO04    ";"TOBA S.R.L.                                       ";AV. AGUIRRE SUR 2840;954901;"BCH01          ";BCH01 - BACHA DE APOYAR CIRCULAR 320x145;20;20;20;23277681;090926164538052;182799309;;;;07/28/2031 00:00:00;1;13892943;09/09/2026 16:45:38;Tiago;Rodriguez;;;;;;Tiago Rodriguez;
14215949;09/09/2026 16:48:48;3;2;0001  215165-1;05;CAMIONETA EXP 1;2094813;"TO04    ";"TOBA S.R.L.                                       ";AV. AGUIRRE SUR 2840;954901;"BCH01          ";BCH01 - BACHA DE APOYAR CIRCULAR 320x145;20;20;20;23277695;090926164602924;182799441;;;;07/28/2031 00:00:00;1;13892959;09/09/2026 16:46:02;Tiago;Rodriguez;;;;;;Tiago Rodriguez;
14215949;09/09/2026 16:48:48;3;2;0001  215165-1;05;CAMIONETA EXP 1;2094813;"TO04    ";"TOBA S.R.L.                                       ";AV. AGUIRRE SUR 2840;954901;"BCH01          ";BCH01 - BACHA DE APOYAR CIRCULAR 320x145;20;20;20;23277701;090926164609125;182799481;;;;07/28/2031 00:00:00;1;13892960;09/09/2026 16:46:09;Tiago;Rodriguez;;;;;;Tiago Rodriguez;
14215949;09/09/2026 16:48:48;3;2;0001  215165-1;05;CAMIONETA EXP 1;2094813;"TO04    ";"TOBA S.R.L.                                       ";AV. AGUIRRE SUR 2840;954901;"BCH01          ";BCH01 - BACHA DE APOYAR CIRCULAR 320x145;20;20;20;23277704;090926164615997;182799521;;;;07/28/2031 00:00:00;1;13892964;09/09/2026 16:46:16;Tiago;Rodriguez;;;;;;Tiago Rodriguez;
14215949;09/09/2026 16:48:48;3;2;0001  215165-1;05;CAMIONETA EXP 1;2094813;"TO04    ";"TOBA S.R.L.                                       ";AV. AGUIRRE SUR 2840;954901;"BCH01          ";BCH01 - BACHA DE APOYAR CIRCULAR 320x145;20;20;20;23277709;090926164621553;182799547;;;;07/28/2031 00:00:00;1;13892968;09/09/2026 16:46:21;Tiago;Rodriguez;;;;;;Tiago Rodriguez;
14215949;09/09/2026 16:48:48;3;2;0001  215165-1;05;CAMIONETA EXP 1;2094813;"TO04    ";"TOBA S.R.L.                                       ";AV. AGUIRRE SUR 2840;954901;"BCH01          ";BCH01 - BACHA DE APOYAR CIRCULAR 320x145;20;20;20;23277714;090926164627443;182799579;;;;07/28/2031 00:00:00;1;13892973;09/09/2026 16:46:27;Tiago;Rodriguez;;;;;;Tiago Rodriguez;
14215949;09/09/2026 16:48:48;3;2;0001  215165-1;05;CAMIONETA EXP 1;2094813;"TO04    ";"TOBA S.R.L.                                       ";AV. AGUIRRE SUR 2840;954901;"BCH01          ";BCH01 - BACHA DE APOYAR CIRCULAR 320x145;20;20;20;23277736;090926164634701;182799619;;;;07/28/2031 00:00:00;1;13892982;09/09/2026 16:46:34;Tiago;Rodriguez;;;;;;Tiago Rodriguez;
14215949;09/09/2026 16:48:48;3;2;0001  215165-1;05;CAMIONETA EXP 1;2094813;"TO04    ";"TOBA S.R.L.                                       ";AV. AGUIRRE SUR 2840;954901;"BCH01          ";BCH01 - BACHA DE APOYAR CIRCULAR 320x145;20;20;20;23277743;090926164640434;182799647;;;;07/28/2031 00:00:00;1;13892987;09/09/2026 16:46:40;Tiago;Rodriguez;;;;;;Tiago Rodriguez;
14215949;09/09/2026 16:48:48;3;2;0001  215165-1;05;CAMIONETA EXP 1;2094813;"TO04    ";"TOBA S.R.L.                                       ";AV. AGUIRRE SUR 2840;954901;"BCH01          ";BCH01 - BACHA DE APOYAR CIRCULAR 320x145;20;20;20;23277747;090926164647584;182776265;;;;07/28/2031 00:00:00;1;13892991;09/09/2026 16:46:47;Tiago;Rodriguez;;;;;;Tiago Rodriguez;
14215949;09/09/2026 16:48:48;3;2;0001  215165-1;05;CAMIONETA EXP 1;2094813;"TO04    ";"TOBA S.R.L.                                       ";AV. AGUIRRE SUR 2840;954908;"BCH07          ";BCH07 - BACHA DE APOYAR OVALADA 400x330x150;20;20;20;23277781;090926164728748;182799958;;;;07/29/2031 00:00:00;1;13893016;09/09/2026 16:47:28;Tiago;Rodriguez;;;;;;Tiago Rodriguez;
14215949;09/09/2026 16:48:48;3;2;0001  215165-1;05;CAMIONETA EXP 1;2094813;"TO04    ";"TOBA S.R.L.                                       ";AV. AGUIRRE SUR 2840;954908;"BCH07          ";BCH07 - BACHA DE APOYAR OVALADA 400x330x150;20;20;20;23277785;090926164734537;182799992;;;;07/29/2031 00:00:00;1;13893018;09/09/2026 16:47:34;Tiago;Rodriguez;;;;;;Tiago Rodriguez;
14215949;09/09/2026 16:48:48;3;2;0001  215165-1;05;CAMIONETA EXP 1;2094813;"TO04    ";"TOBA S.R.L.                                       ";AV. AGUIRRE SUR 2840;954908;"BCH07          ";BCH07 - BACHA DE APOYAR OVALADA 400x330x150;20;20;20;23277790;090926164740182;182800020;;;;07/29/2031 00:00:00;1;13893020;09/09/2026 16:47:40;Tiago;Rodriguez;;;;;;Tiago Rodriguez;
14215949;09/09/2026 16:48:48;3;2;0001  215165-1;05;CAMIONETA EXP 1;2094813;"TO04    ";"TOBA S.R.L.                                       ";AV. AGUIRRE SUR 2840;954908;"BCH07          ";BCH07 - BACHA DE APOYAR OVALADA 400x330x150;20;20;20;23277793;090926164746155;182800063;;;;07/29/2031 00:00:00;1;13893023;09/09/2026 16:47:46;Tiago;Rodriguez;;;;;;Tiago Rodriguez;
14215949;09/09/2026 16:48:48;3;2;0001  215165-1;05;CAMIONETA EXP 1;2094813;"TO04    ";"TOBA S.R.L.                                       ";AV. AGUIRRE SUR 2840;954908;"BCH07          ";BCH07 - BACHA DE APOYAR OVALADA 400x330x150;20;20;20;23277798;090926164752240;182800089;;;;07/29/2031 00:00:00;1;13893028;09/09/2026 16:47:52;Tiago;Rodriguez;;;;;;Tiago Rodriguez;
14215949;09/09/2026 16:48:48;3;2;0001  215165-1;05;CAMIONETA EXP 1;2094813;"TO04    ";"TOBA S.R.L.                                       ";AV. AGUIRRE SUR 2840;954908;"BCH07          ";BCH07 - BACHA DE APOYAR OVALADA 400x330x150;20;20;20;23277801;090926164758892;182800127;;;;07/29/2031 00:00:00;1;13893031;09/09/2026 16:47:58;Tiago;Rodriguez;;;;;;Tiago Rodriguez;
14215949;09/09/2026 16:48:48;3;2;0001  215165-1;05;CAMIONETA EXP 1;2094813;"TO04    ";"TOBA S.R.L.                                       ";AV. AGUIRRE SUR 2840;954908;"BCH07          ";BCH07 - BACHA DE APOYAR OVALADA 400x330x150;20;20;20;23277813;090926164805534;182800174;;;;07/29/2031 00:00:00;1;13893035;09/09/2026 16:48:05;Tiago;Rodriguez;;;;;;Tiago Rodriguez;
14215949;09/09/2026 16:48:48;3;2;0001  215165-1;05;CAMIONETA EXP 1;2094813;"TO04    ";"TOBA S.R.L.                                       ";AV. AGUIRRE SUR 2840;954908;"BCH07          ";BCH07 - BACHA DE APOYAR OVALADA 400x330x150;20;20;20;23277815;090926164812777;182800205;;;;07/29/2031 00:00:00;1;13893040;09/09/2026 16:48:12;Tiago;Rodriguez;;;;;;Tiago Rodriguez;
14215949;09/09/2026 16:48:48;3;2;0001  215165-1;05;CAMIONETA EXP 1;2094813;"TO04    ";"TOBA S.R.L.                                       ";AV. AGUIRRE SUR 2840;954908;"BCH07          ";BCH07 - BACHA DE APOYAR OVALADA 400x330x150;20;20;20;23277818;090926164819651;182800243;;;;07/29/2031 00:00:00;1;13893046;09/09/2026 16:48:19;Tiago;Rodriguez;;;;;;Tiago Rodriguez;
14215949;09/09/2026 16:48:48;3;2;0001  215165-1;05;CAMIONETA EXP 1;2094813;"TO04    ";"TOBA S.R.L.                                       ";AV. AGUIRRE SUR 2840;954908;"BCH07          ";BCH07 - BACHA DE APOYAR OVALADA 400x330x150;20;20;20;23277824;090926164825467;182800268;;;;07/29/2031 00:00:00;1;13893051;09/09/2026 16:48:25;Tiago;Rodriguez;;;;;;Tiago Rodriguez;
14215949;09/09/2026 16:48:48;3;2;0001  215165-1;05;CAMIONETA EXP 1;2094813;"TO04    ";"TOBA S.R.L.                                       ";AV. AGUIRRE SUR 2840;954908;"BCH07          ";BCH07 - BACHA DE APOYAR OVALADA 400x330x150;20;20;20;23277831;090926164834545;182800323;;;;07/29/2031 00:00:00;1;13893056;09/09/2026 16:48:34;Tiago;Rodriguez;;;;;;Tiago Rodriguez;
14215950;10/09/2026 09:39:26;3;2;0001  215157-1;05;CAMIONETA EXP 1;2092632;"GB11    ";"GRUPO BARDOR S.A. - BAHIA DESIGN                  ";O' HIGGINS 257;956416;"INO104-2       ";"DEPOSITO C/DESCARGA DUAL BLANCO LINEA STONE                           ";1;1;1;23288411;100926093923413;182881898;;;;10/18/2031 00:00:00;1;13899667;10/09/2026 09:39:23;Tiago;Rodriguez;24565393;10/09/2026 09:17:00;7636;Kevin;Arce;Tiago Rodriguez;Kevin Arce
14215951;10/09/2026 09:41:15;3;2;0001  215121-1;05;CAMIONETA EXP 1;2094813;"TO04    ";"TOBA S.R.L.                                       ";AV. AGUIRRE SUR 2840;952726;"61-203         ";61-203 - LAVATORIO MONOCOMANDO ALTO ADRA;30;30;30;23271629;100926091946727;182787320;;;;01/11/2032 00:00:00;30;13898021;10/09/2026 09:19:46;Maximiliano;Nievas;24549502;09/09/2026 16:42:16;7807;Nicolas;Perez;Maximiliano Nievas;Nicolas Perez
14215951;10/09/2026 09:41:15;3;2;0001  215121-1;05;CAMIONETA EXP 1;2094813;"TO04    ";"TOBA S.R.L.                                       ";AV. AGUIRRE SUR 2840;953109;"80-166         ";"DUCHA EMB. C/TRANSF. CR C.CERAM ADRA PLUS                             ";70;70;70;23271629;100926091946727;182759286;;;;01/18/2032 00:00:00;70;13898021;10/09/2026 09:19:46;Maximiliano;Nievas;24549502;09/09/2026 16:42:16;7807;Nicolas;Perez;Maximiliano Nievas;Nicolas Perez
14215951;10/09/2026 09:41:15;3;2;0001  215121-1;05;CAMIONETA EXP 1;2094813;"TO04    ";"TOBA S.R.L.                                       ";AV. AGUIRRE SUR 2840;953110;"80-166N        ";80-166N - DUCHA EMB. C/TRANSF. BLACK C.CERAM ADRA PLUS;20;20;20;23271629;100926091946727;182789965;;;;01/07/2032 00:00:00;20;13898021;10/09/2026 09:19:46;Maximiliano;Nievas;24549502;09/09/2026 16:42:16;7807;Nicolas;Perez;Maximiliano Nievas;Nicolas Perez
14215951;10/09/2026 09:41:15;3;2;0001  215121-1;05;CAMIONETA EXP 1;2094813;"TO04    ";"TOBA S.R.L.                                       ";AV. AGUIRRE SUR 2840;953421;"90-166         ";90-166 - PACK GRIF. ADRA PLUS (Lav-Bide-Ducha c/t Plus);30;30;30;23271629;100926091946727;182769380;;;;01/04/2032 00:00:00;30;13898021;10/09/2026 09:19:46;Maximiliano;Nievas;24549502;09/09/2026 16:42:16;7807;Nicolas;Perez;Maximiliano Nievas;Nicolas Perez
14215951;10/09/2026 09:41:15;3;2;0001  215121-1;05;CAMIONETA EXP 1;2094813;"TO04    ";"TOBA S.R.L.                                       ";AV. AGUIRRE SUR 2840;953159;"80-203P        ";80-203P - DUCHA EMB C/TRANSF. MONOCOMANDO ADRA PLUS;10;10;10;23287231;100926094114243;182873794;;;;07/27/2031 00:00:00;10;13899444;10/09/2026 09:41:14;Maximiliano;Nievas;24564412;10/09/2026 09:19:34;6414;Agustin;Scirica;Maximiliano Nievas;Agustin Scirica
14215951;10/09/2026 09:41:15;3;2;0001  215121-1;05;CAMIONETA EXP 1;2094813;"TO04    ";"TOBA S.R.L.                                       ";AV. AGUIRRE SUR 2840;951536;"20-162         ";20-162 - MONOCOMANDO COCINA ADRA;70;70;70;23287231;100926094114243;182872963;;;;07/28/2031 00:00:00;70;13899444;10/09/2026 09:41:14;Maximiliano;Nievas;24564412;10/09/2026 09:19:34;6414;Agustin;Scirica;Maximiliano Nievas;Agustin Scirica
14215951;10/09/2026 09:41:15;3;2;0001  215121-1;05;CAMIONETA EXP 1;2094813;"TO04    ";"TOBA S.R.L.                                       ";AV. AGUIRRE SUR 2840;952499;"54-203         ";"COCINA PARED EXT C.CERAM ADRA MONOCOMANDO                             ";50;50;50;23287231;100926094114243;182874552;;;;11/23/2031 00:00:00;50;13899444;10/09/2026 09:41:14;Maximiliano;Nievas;24564412;10/09/2026 09:19:34;6414;Agustin;Scirica;Maximiliano Nievas;Agustin Scirica
14215951;10/09/2026 09:41:15;3;2;0001  215121-1;05;CAMIONETA EXP 1;2094813;"TO04    ";"TOBA S.R.L.                                       ";AV. AGUIRRE SUR 2840;952437;"51-057         ";51-057 - COCINA MESADA CR C.STD VERIN PLUS;10;10;10;23288039;100926090142124;182786046;;;;01/27/2032 00:00:00;10;13898603;10/09/2026 09:01:42;Maximiliano;Nievas;;;;;;Maximiliano Nievas;
14215951;10/09/2026 09:41:15;3;2;0001  215121-1;05;CAMIONETA EXP 1;2094813;"TO04    ";"TOBA S.R.L.                                       ";AV. AGUIRRE SUR 2840;952582;"60-057         ";60-057 - LAVATORIO C.STD VERIN PLUS;40;40;40;23288039;100926090142124;182755469;;;;01/31/2032 00:00:00;40;13898603;10/09/2026 09:01:42;Maximiliano;Nievas;;;;;;Maximiliano Nievas;
14215951;10/09/2026 09:41:15;3;2;0001  215121-1;05;CAMIONETA EXP 1;2094813;"TO04    ";"TOBA S.R.L.                                       ";AV. AGUIRRE SUR 2840;952634;"60-162         ";60-162 - LAVATORIO CR C.CERAM LINEA ADRA;100;100;100;23288039;100926090142124;182781560;;;;07/29/2031 00:00:00;100;13898603;10/09/2026 09:01:42;Maximiliano;Nievas;;;;;;Maximiliano Nievas;
14215951;10/09/2026 09:41:15;3;2;0001  215121-1;05;CAMIONETA EXP 1;2094813;"TO04    ";"TOBA S.R.L.                                       ";AV. AGUIRRE SUR 2840;952635;"60-162N        ";60-162N - LAVATORIO BLACK C.CERAM LINEA ADRA;20;20;20;23288039;100926090142124;182784682;;;;11/03/2031 00:00:00;20;13898603;10/09/2026 09:01:42;Maximiliano;Nievas;;;;;;Maximiliano Nievas;
14215951;10/09/2026 09:41:15;3;2;0001  215121-1;05;CAMIONETA EXP 1;2094813;"TO04    ";"TOBA S.R.L.                                       ";AV. AGUIRRE SUR 2840;952677;"60-203         ";60-203 - LAVATORIO MONOCOMANDO BAJO ADRA;30;30;30;23288039;100926090142124;182784879;;;;02/10/2032 00:00:00;30;13898603;10/09/2026 09:01:42;Maximiliano;Nievas;;;;;;Maximiliano Nievas;
14215951;10/09/2026 09:41:15;3;2;0001  215121-1;05;CAMIONETA EXP 1;2094813;"TO04    ";"TOBA S.R.L.                                       ";AV. AGUIRRE SUR 2840;952860;"70-057         ";70-057 - BIDE C.STD VERIN PLUS;30;30;30;23288039;100926090142124;182753045;;;;01/27/2032 00:00:00;30;13898603;10/09/2026 09:01:42;Maximiliano;Nievas;;;;;;Maximiliano Nievas;
14215951;10/09/2026 09:41:15;3;2;0001  215121-1;05;CAMIONETA EXP 1;2094813;"TO04    ";"TOBA S.R.L.                                       ";AV. AGUIRRE SUR 2840;952912;"70-162         ";70-162 - BIDE CR C.CERAM LINEA ADRA;50;50;50;23288039;100926090142124;182770569;;;;07/29/2031 00:00:00;50;13898603;10/09/2026 09:01:42;Maximiliano;Nievas;;;;;;Maximiliano Nievas;
14215951;10/09/2026 09:41:15;3;2;0001  215121-1;05;CAMIONETA EXP 1;2094813;"TO04    ";"TOBA S.R.L.                                       ";AV. AGUIRRE SUR 2840;952913;"70-162N        ";70-162N - BIDE BLACK C.CERAM LINEA ADRA;20;20;20;23288039;100926090142124;182797945;;;;12/08/2031 00:00:00;20;13898603;10/09/2026 09:01:42;Maximiliano;Nievas;;;;;;Maximiliano Nievas;
14215951;10/09/2026 09:41:15;3;2;0001  215121-1;05;CAMIONETA EXP 1;2094813;"TO04    ";"TOBA S.R.L.                                       ";AV. AGUIRRE SUR 2840;953059;"80-057         ";80-057 - DUCHA EMB. C/TRANSF. C.STD VERIN PLUS;35;35;35;23288039;100926090142124;182750779;;;;01/04/2032 00:00:00;35;13898603;10/09/2026 09:01:42;Maximiliano;Nievas;;;;;;Maximiliano Nievas;
14215952;10/09/2026 10:19:25;3;2;0001  215218-1;05;CAMIONETA EXP 1;2094079;"RC10    ";"RAN CO MATERIALES S.A.                            ";BUENOS AIRES 405;951300;"17030G         ";17030G - PERCHA LINEA FABRIC GOLD;2;2;2;23286991;100926101907452;182870626;;;;07/29/2031 00:00:00;2;13900806;10/09/2026 10:19:07;Tiago;Rodriguez;24564226;10/09/2026 08:53:04;6419;Tiago;Rodriguez;Tiago Rodriguez;Tiago Rodriguez
14215952;10/09/2026 10:19:25;3;2;0001  215218-1;05;CAMIONETA EXP 1;2094079;"RC10    ";"RAN CO MATERIALES S.A.                            ";BUENOS AIRES 405;954380;"A1539NI        ";"TAPA Y TECLA PARA VALVULA DE DESCARGA CUADRADA MINIMALISTA NICKEL     ";1;1;1;23289630;100926101925315;182888925;;;;07/31/2031 00:00:00;1;13900824;10/09/2026 10:19:25;Tiago;Rodriguez;24566491;10/09/2026 09:38:54;7636;Kevin;Arce;Tiago Rodriguez;Kevin Arce
14215953;10/09/2026 10:49:28;3;2;0001  215226-1;05;CAMIONETA EXP 1;2091837;"CO22    ";"COPMACO LTDA.                                     ";AV. CIRCUNVALACION 4660;951007;"10030CR        ";"PERCHA LINEA 10000 MINIMALISTA                                        ";5;5;5;23287433;100926103905452;182877103;;;;07/28/2031 00:00:00;5;13901113;10/09/2026 10:39:05;Tiago;Rodriguez;24564544;10/09/2026 09:03:46;7807;Nicolas;Perez;Tiago Rodriguez;Nicolas Perez
14215953;10/09/2026 10:49:28;3;2;0001  215226-1;05;CAMIONETA EXP 1;2091837;"CO22    ";"COPMACO LTDA.                                     ";AV. CIRCUNVALACION 4660;951382;"20010DG        ";20010DG - TOALLERO BARRAL DARK GOLD LINEA PULSE;1;1;1;23287433;100926103905452;182874440;;;;07/27/2031 00:00:00;1;13901113;10/09/2026 10:39:05;Tiago;Rodriguez;24564544;10/09/2026 09:03:46;7807;Nicolas;Perez;Tiago Rodriguez;Nicolas Perez
14215953;10/09/2026 10:49:28;3;2;0001  215226-1;05;CAMIONETA EXP 1;2091837;"CO22    ";"COPMACO LTDA.                                     ";AV. CIRCUNVALACION 4660;951794;"3010           ";3010 - TOALLERO BARRAL LINEA 3000;5;5;5;23287433;100926103905452;182876972;;;;07/29/2031 00:00:00;5;13901113;10/09/2026 10:39:05;Tiago;Rodriguez;24564544;10/09/2026 09:03:46;7807;Nicolas;Perez;Tiago Rodriguez;Nicolas Perez
14215953;10/09/2026 10:49:28;3;2;0001  215226-1;05;CAMIONETA EXP 1;2091837;"CO22    ";"COPMACO LTDA.                                     ";AV. CIRCUNVALACION 4660;954908;"BCH07          ";BCH07 - BACHA DE APOYAR OVALADA 400x330x150;10;10;10;23287964;100926104927696;182877790;;;;07/29/2031 00:00:00;1;13901786;10/09/2026 10:49:27;Tiago;Rodriguez;24564934;10/09/2026 09:03:30;7152;Mirko;Hernandez;Tiago Rodriguez;Mirko Hernandez
14215953;10/09/2026 10:49:28;3;2;0001  215226-1;05;CAMIONETA EXP 1;2091837;"CO22    ";"COPMACO LTDA.                                     ";AV. CIRCUNVALACION 4660;952452;"51-122         ";51-122 - MESADA BIMANDO CR C.CERAM VALENCIA;2;2;2;23289292;100926104605303;182887056;;;;01/17/2032 00:00:00;2;13901560;10/09/2026 10:46:05;Tiago;Rodriguez;24566195;10/09/2026 09:48:55;7152;Mirko;Hernandez;Tiago Rodriguez;Mirko Hernandez
14215953;10/09/2026 10:49:28;3;2;0001  215226-1;05;CAMIONETA EXP 1;2091837;"CO22    ";"COPMACO LTDA.                                     ";AV. CIRCUNVALACION 4660;952453;"51-131         ";51-131 - MESADA BIMANDO CR C.CERAM MALLORCA;2;2;2;23289292;100926104605303;182886846;;;;01/12/2032 00:00:00;2;13901560;10/09/2026 10:46:05;Tiago;Rodriguez;24566195;10/09/2026 09:48:55;7152;Mirko;Hernandez;Tiago Rodriguez;Mirko Hernandez
14215953;10/09/2026 10:49:28;3;2;0001  215226-1;05;CAMIONETA EXP 1;2091837;"CO22    ";"COPMACO LTDA.                                     ";AV. CIRCUNVALACION 4660;953320;"83-203         ";83-203 - DUCHA EXT C/TRANSF. MONOCOMANDO ADRA;4;4;4;23292904;100926103101993;182874891;;;;07/29/2031 00:00:00;4;13901177;10/09/2026 10:31:02;Tiago;Rodriguez;;;;;;Tiago Rodriguez;
14215953;10/09/2026 10:49:28;3;2;0001  215226-1;05;CAMIONETA EXP 1;2091837;"CO22    ";"COPMACO LTDA.                                     ";AV. CIRCUNVALACION 4660;952955;"70-203N        ";"BIDE MONOCOMANDO ADRA BLACK                                           ";3;3;3;23292904;100926103101993;182876099;;;;07/27/2031 00:00:00;3;13901177;10/09/2026 10:31:02;Tiago;Rodriguez;;;;;;Tiago Rodriguez;
14215953;10/09/2026 10:49:28;3;2;0001  215226-1;05;CAMIONETA EXP 1;2091837;"CO22    ";"COPMACO LTDA.                                     ";AV. CIRCUNVALACION 4660;951424;"20040DG        ";20040DG - PORTA ROLLO DARK GOLD LINEA PULSE;1;1;1;23292937;100926103120521;182876232;;;;07/29/2031 00:00:00;1;13901189;10/09/2026 10:31:20;Tiago;Rodriguez;;;;;;Tiago Rodriguez;
14215953;10/09/2026 10:49:28;3;2;0001  215226-1;05;CAMIONETA EXP 1;2091837;"CO22    ";"COPMACO LTDA.                                     ";AV. CIRCUNVALACION 4660;951523;"20-134         ";20-134 - MONOCOMANDO COCINA BETIS;12;12;12;23292937;100926103120521;182909591;;;;08/11/2031 00:00:00;2;13901189;10/09/2026 10:31:20;Tiago;Rodriguez;;;;;;Tiago Rodriguez;
14215953;10/09/2026 10:49:28;3;2;0001  215226-1;05;CAMIONETA EXP 1;2091837;"CO22    ";"COPMACO LTDA.                                     ";AV. CIRCUNVALACION 4660;952908;"70-152         ";70-152 - BIDE MONOCOMANDO CR C/TRANSFERENCIA SORIA;2;2;2;23292937;100926103120521;182877886;;;;07/28/2031 00:00:00;2;13901189;10/09/2026 10:31:20;Tiago;Rodriguez;;;;;;Tiago Rodriguez;
14215953;10/09/2026 10:49:28;3;2;0001  215226-1;05;CAMIONETA EXP 1;2091837;"CO22    ";"COPMACO LTDA.                                     ";AV. CIRCUNVALACION 4660;953102;"80-152         ";80-152 - DUCHA EMB. CR C/TRANSF. MONOCOMANDO SORIA;4;4;4;23292959;100926103144955;182909771;;;;10/26/2031 00:00:00;2;13901197;10/09/2026 10:31:44;Tiago;Rodriguez;;;;;;Tiago Rodriguez;
14215953;10/09/2026 10:49:28;3;2;0001  215226-1;05;CAMIONETA EXP 1;2091837;"CO22    ";"COPMACO LTDA.                                     ";AV. CIRCUNVALACION 4660;953102;"80-152         ";80-152 - DUCHA EMB. CR C/TRANSF. MONOCOMANDO SORIA;4;4;4;23292972;100926103200520;182877608;;;;10/26/2031 00:00:00;2;13901202;10/09/2026 10:32:00;Tiago;Rodriguez;;;;;;Tiago Rodriguez;
14215953;10/09/2026 10:49:28;3;2;0001  215226-1;05;CAMIONETA EXP 1;2091837;"CO22    ";"COPMACO LTDA.                                     ";AV. CIRCUNVALACION 4660;951523;"20-134         ";20-134 - MONOCOMANDO COCINA BETIS;12;12;12;23293006;100926103230390;182910114;;;;08/11/2031 00:00:00;5;13901218;10/09/2026 10:32:30;Tiago;Rodriguez;;;;;;Tiago Rodriguez;
14215953;10/09/2026 10:49:28;3;2;0001  215226-1;05;CAMIONETA EXP 1;2091837;"CO22    ";"COPMACO LTDA.                                     ";AV. CIRCUNVALACION 4660;951523;"20-134         ";20-134 - MONOCOMANDO COCINA BETIS;12;12;12;23293017;100926103244580;182873710;;;;08/11/2031 00:00:00;5;13901224;10/09/2026 10:32:44;Tiago;Rodriguez;;;;;;Tiago Rodriguez;
14215953;10/09/2026 10:49:28;3;2;0001  215226-1;05;CAMIONETA EXP 1;2091837;"CO22    ";"COPMACO LTDA.                                     ";AV. CIRCUNVALACION 4660;951536;"20-162         ";20-162 - MONOCOMANDO COCINA ADRA;10;10;10;23293033;100926103306784;182875473;;;;07/28/2031 00:00:00;10;13901237;10/09/2026 10:33:06;Tiago;Rodriguez;;;;;;Tiago Rodriguez;
14215953;10/09/2026 10:49:28;3;2;0001  215226-1;05;CAMIONETA EXP 1;2091837;"CO22    ";"COPMACO LTDA.                                     ";AV. CIRCUNVALACION 4660;952740;"62-100G        ";62-100G - LAVATORIO DE PARED GOLD C.CERAM FABRIC;2;2;2;23293640;100926104256679;182886705;;;;12/20/2031 00:00:00;2;13901576;10/09/2026 10:42:56;Tiago;Rodriguez;;;;;;Tiago Rodriguez;
14215953;10/09/2026 10:49:28;3;2;0001  215226-1;05;CAMIONETA EXP 1;2091837;"CO22    ";"COPMACO LTDA.                                     ";AV. CIRCUNVALACION 4660;952894;"70-131         ";70-131 - BIDE C.CERAM CR MALLORCA;2;2;2;23293640;100926104256679;182886505;;;;10/28/2031 00:00:00;2;13901576;10/09/2026 10:42:56;Tiago;Rodriguez;;;;;;Tiago Rodriguez;
14215953;10/09/2026 10:49:28;3;2;0001  215226-1;05;CAMIONETA EXP 1;2091837;"CO22    ";"COPMACO LTDA.                                     ";AV. CIRCUNVALACION 4660;952921;"70-175DG       ";70-175DG - BIDE PULSE DARK GOLD C.CERAM;1;1;1;23293640;100926104256679;182887796;;;;07/31/2031 00:00:00;1;13901576;10/09/2026 10:42:56;Tiago;Rodriguez;;;;;;Tiago Rodriguez;
14215953;10/09/2026 10:49:28;3;2;0001  215226-1;05;CAMIONETA EXP 1;2091837;"CO22    ";"COPMACO LTDA.                                     ";AV. CIRCUNVALACION 4660;952945;"70-199         ";70-199 - BIDE CR C.CERAM LIVE;2;2;2;23293640;100926104256679;182891343;;;;12/16/2031 00:00:00;2;13901576;10/09/2026 10:42:56;Tiago;Rodriguez;;;;;;Tiago Rodriguez;
14215953;10/09/2026 10:49:28;3;2;0001  215226-1;05;CAMIONETA EXP 1;2091837;"CO22    ";"COPMACO LTDA.                                     ";AV. CIRCUNVALACION 4660;954377;"A1539G         ";"TAPA Y TECLA PARA VALVULA DE DESCARGA CUADRADA MINIMALISTA GOLD       ";5;5;5;23293640;100926104256679;182888511;;;;07/31/2031 00:00:00;5;13901576;10/09/2026 10:42:56;Tiago;Rodriguez;;;;;;Tiago Rodriguez;
14215953;10/09/2026 10:49:28;3;2;0001  215226-1;05;CAMIONETA EXP 1;2091837;"CO22    ";"COPMACO LTDA.                                     ";AV. CIRCUNVALACION 4660;954382;"A1540          ";"CUERPO VALVULA DE DESAGOTE P/INODORO TECNO 02-010/011                 ";5;5;5;23293716;100926104403353;182888800;;;;07/28/2031 00:00:00;5;13901619;10/09/2026 10:44:03;Tiago;Rodriguez;;;;;;Tiago Rodriguez;
14215953;10/09/2026 10:49:28;3;2;0001  215226-1;05;CAMIONETA EXP 1;2091837;"CO22    ";"COPMACO LTDA.                                     ";AV. CIRCUNVALACION 4660;952643;"60-175DG       ";60-175DG - LAVATORIO PULSE DARK GOLD C.CERAM;1;1;1;23293737;100926104427910;182887728;;;;07/31/2031 00:00:00;1;13901637;10/09/2026 10:44:27;Tiago;Rodriguez;;;;;;Tiago Rodriguez;
14215953;10/09/2026 10:49:28;3;2;0001  215226-1;05;CAMIONETA EXP 1;2091837;"CO22    ";"COPMACO LTDA.                                     ";AV. CIRCUNVALACION 4660;952727;"61-203N        ";"LAVATORIO MONOCOMANDO ALTO ADRA BLACK                                 ";5;5;5;23293737;100926104427910;182914866;;;;01/06/2032 00:00:00;2;13901637;10/09/2026 10:44:27;Tiago;Rodriguez;;;;;;Tiago Rodriguez;
14215953;10/09/2026 10:49:28;3;2;0001  215226-1;05;CAMIONETA EXP 1;2091837;"CO22    ";"COPMACO LTDA.                                     ";AV. CIRCUNVALACION 4660;952727;"61-203N        ";"LAVATORIO MONOCOMANDO ALTO ADRA BLACK                                 ";5;5;5;23293767;100926104511433;182887381;;;;01/06/2032 00:00:00;3;13901666;10/09/2026 10:45:11;Tiago;Rodriguez;;;;;;Tiago Rodriguez;
14215953;10/09/2026 10:49:28;3;2;0001  215226-1;05;CAMIONETA EXP 1;2091837;"CO22    ";"COPMACO LTDA.                                     ";AV. CIRCUNVALACION 4660;954908;"BCH07          ";BCH07 - BACHA DE APOYAR OVALADA 400x330x150;10;10;10;23293916;100926104815121;182916614;;;;07/29/2031 00:00:00;1;13901789;10/09/2026 10:48:15;Tiago;Rodriguez;;;;;;Tiago Rodriguez;
14215953;10/09/2026 10:49:28;3;2;0001  215226-1;05;CAMIONETA EXP 1;2091837;"CO22    ";"COPMACO LTDA.                                     ";AV. CIRCUNVALACION 4660;954908;"BCH07          ";BCH07 - BACHA DE APOYAR OVALADA 400x330x150;10;10;10;23293922;100926104824127;182916685;;;;07/29/2031 00:00:00;1;13901795;10/09/2026 10:48:24;Tiago;Rodriguez;;;;;;Tiago Rodriguez;
14215953;10/09/2026 10:49:28;3;2;0001  215226-1;05;CAMIONETA EXP 1;2091837;"CO22    ";"COPMACO LTDA.                                     ";AV. CIRCUNVALACION 4660;954908;"BCH07          ";BCH07 - BACHA DE APOYAR OVALADA 400x330x150;10;10;10;23293934;100926104832002;182916750;;;;07/29/2031 00:00:00;1;13901799;10/09/2026 10:48:32;Tiago;Rodriguez;;;;;;Tiago Rodriguez;
14215953;10/09/2026 10:49:28;3;2;0001  215226-1;05;CAMIONETA EXP 1;2091837;"CO22    ";"COPMACO LTDA.                                     ";AV. CIRCUNVALACION 4660;954908;"BCH07          ";BCH07 - BACHA DE APOYAR OVALADA 400x330x150;10;10;10;23293942;100926104838272;182916796;;;;07/29/2031 00:00:00;1;13901802;10/09/2026 10:48:38;Tiago;Rodriguez;;;;;;Tiago Rodriguez;
14215953;10/09/2026 10:49:28;3;2;0001  215226-1;05;CAMIONETA EXP 1;2091837;"CO22    ";"COPMACO LTDA.                                     ";AV. CIRCUNVALACION 4660;954908;"BCH07          ";BCH07 - BACHA DE APOYAR OVALADA 400x330x150;10;10;10;23293951;100926104844609;182916842;;;;07/29/2031 00:00:00;1;13901811;10/09/2026 10:48:44;Tiago;Rodriguez;;;;;;Tiago Rodriguez;
14215953;10/09/2026 10:49:28;3;2;0001  215226-1;05;CAMIONETA EXP 1;2091837;"CO22    ";"COPMACO LTDA.                                     ";AV. CIRCUNVALACION 4660;954908;"BCH07          ";BCH07 - BACHA DE APOYAR OVALADA 400x330x150;10;10;10;23293959;100926104850683;182916894;;;;07/29/2031 00:00:00;1;13901819;10/09/2026 10:48:50;Tiago;Rodriguez;;;;;;Tiago Rodriguez;
14215953;10/09/2026 10:49:28;3;2;0001  215226-1;05;CAMIONETA EXP 1;2091837;"CO22    ";"COPMACO LTDA.                                     ";AV. CIRCUNVALACION 4660;954908;"BCH07          ";BCH07 - BACHA DE APOYAR OVALADA 400x330x150;10;10;10;23293962;100926104857901;182916946;;;;07/29/2031 00:00:00;1;13901827;10/09/2026 10:48:57;Tiago;Rodriguez;;;;;;Tiago Rodriguez;
14215953;10/09/2026 10:49:28;3;2;0001  215226-1;05;CAMIONETA EXP 1;2091837;"CO22    ";"COPMACO LTDA.                                     ";AV. CIRCUNVALACION 4660;954908;"BCH07          ";BCH07 - BACHA DE APOYAR OVALADA 400x330x150;10;10;10;23293970;100926104905372;182916991;;;;07/29/2031 00:00:00;1;13901834;10/09/2026 10:49:05;Tiago;Rodriguez;;;;;;Tiago Rodriguez;
14215953;10/09/2026 10:49:28;3;2;0001  215226-1;05;CAMIONETA EXP 1;2091837;"CO22    ";"COPMACO LTDA.                                     ";AV. CIRCUNVALACION 4660;954908;"BCH07          ";BCH07 - BACHA DE APOYAR OVALADA 400x330x150;10;10;10;23293981;100926104912932;182917059;;;;07/29/2031 00:00:00;1;13901843;10/09/2026 10:49:12;Tiago;Rodriguez;;;;;;Tiago Rodriguez;
14215954;10/09/2026 10:28:52;3;2;0001  215227-1;05;CAMIONETA EXP 1;2091837;"CO22    ";"COPMACO LTDA.                                     ";AV. CIRCUNVALACION 4660;953166;"80-209P        ";"DUCHA EMB C/TRANSF CR C.CERAM CADIZ PLUS                              ";2;2;2;23288230;100926102839121;182881207;;;;09/20/2031 00:00:00;2;13900916;10/09/2026 10:28:39;Tiago;Rodriguez;24565233;10/09/2026 09:13:54;6419;Tiago;Rodriguez;Tiago Rodriguez;Tiago Rodriguez
14215954;10/09/2026 10:28:52;3;2;0001  215227-1;05;CAMIONETA EXP 1;2091837;"CO22    ";"COPMACO LTDA.                                     ";AV. CIRCUNVALACION 4660;953421;"90-166         ";90-166 - PACK GRIF. ADRA PLUS (Lav-Bide-Ducha c/t Plus);2;2;2;23288230;100926102839121;182879303;;;;01/04/2032 00:00:00;2;13900916;10/09/2026 10:28:39;Tiago;Rodriguez;24565233;10/09/2026 09:13:54;6419;Tiago;Rodriguez;Tiago Rodriguez;Tiago Rodriguez
14215954;10/09/2026 10:28:52;3;2;0001  215227-1;05;CAMIONETA EXP 1;2091837;"CO22    ";"COPMACO LTDA.                                     ";AV. CIRCUNVALACION 4660;952912;"70-162         ";70-162 - BIDE CR C.CERAM LINEA ADRA;10;10;10;23292406;100926102336895;182880232;;;;07/29/2031 00:00:00;10;13900950;10/09/2026 10:23:36;Tiago;Rodriguez;;;;;;Tiago Rodriguez;
14215954;10/09/2026 10:28:52;3;2;0001  215227-1;05;CAMIONETA EXP 1;2091837;"CO22    ";"COPMACO LTDA.                                     ";AV. CIRCUNVALACION 4660;952758;"62-162         ";62-162 - LAVATORIO DE PARED CR C.CERAM ADRA;2;2;2;23292528;100926102511092;182880483;;;;07/31/2031 00:00:00;2;13901000;10/09/2026 10:25:11;Tiago;Rodriguez;;;;;;Tiago Rodriguez;
14215954;10/09/2026 10:28:52;3;2;0001  215227-1;05;CAMIONETA EXP 1;2091837;"CO22    ";"COPMACO LTDA.                                     ";AV. CIRCUNVALACION 4660;952960;"70-209         ";70-209 - BIDE CR C.CERAM CADIZ;2;2;2;23292528;100926102511092;182881052;;;;02/09/2032 00:00:00;2;13901000;10/09/2026 10:25:11;Tiago;Rodriguez;;;;;;Tiago Rodriguez;
14215954;10/09/2026 10:28:52;3;2;0001  215227-1;05;CAMIONETA EXP 1;2091837;"CO22    ";"COPMACO LTDA.                                     ";AV. CIRCUNVALACION 4660;952634;"60-162         ";60-162 - LAVATORIO CR C.CERAM LINEA ADRA;6;6;6;23292528;100926102511092;182879432;;;;07/29/2031 00:00:00;6;13901000;10/09/2026 10:25:11;Tiago;Rodriguez;;;;;;Tiago Rodriguez;
14215954;10/09/2026 10:28:52;3;2;0001  215227-1;05;CAMIONETA EXP 1;2091837;"CO22    ";"COPMACO LTDA.                                     ";AV. CIRCUNVALACION 4660;952682;"60-208         ";60-208 - LAVATORIO CR C.STD LITE;4;4;4;23292584;100926102604661;182881306;;;;09/27/2031 00:00:00;4;13901031;10/09/2026 10:26:04;Tiago;Rodriguez;;;;;;Tiago Rodriguez;
14215954;10/09/2026 10:28:52;3;2;0001  215227-1;05;CAMIONETA EXP 1;2091837;"CO22    ";"COPMACO LTDA.                                     ";AV. CIRCUNVALACION 4660;953164;"80-208         ";80-208 - DUCHA EMB. C/TRANSF.CR C.STD LITE;4;4;4;23292584;100926102604661;182880917;;;;10/08/2031 00:00:00;4;13901031;10/09/2026 10:26:04;Tiago;Rodriguez;;;;;;Tiago Rodriguez;
14215954;10/09/2026 10:28:52;3;2;0001  215227-1;05;CAMIONETA EXP 1;2091837;"CO22    ";"COPMACO LTDA.                                     ";AV. CIRCUNVALACION 4660;952683;"60-209         ";60-209 - LAVATORIO CR C.CERAM CADIZ;2;2;2;23292584;100926102604661;182881419;;;;09/10/2031 00:00:00;2;13901031;10/09/2026 10:26:04;Tiago;Rodriguez;;;;;;Tiago Rodriguez;
14215954;10/09/2026 10:28:52;3;2;0001  215227-1;05;CAMIONETA EXP 1;2091837;"CO22    ";"COPMACO LTDA.                                     ";AV. CIRCUNVALACION 4660;952959;"70-208         ";70-208 - BIDE CR C.STD LITE;5;5;5;23292619;100926102642627;182880896;;;;10/04/2031 00:00:00;5;13901051;10/09/2026 10:26:42;Tiago;Rodriguez;;;;;;Tiago Rodriguez;
14215954;10/09/2026 10:28:52;3;2;0001  215227-1;05;CAMIONETA EXP 1;2091837;"CO22    ";"COPMACO LTDA.                                     ";AV. CIRCUNVALACION 4660;953109;"80-166         ";"DUCHA EMB. C/TRANSF. CR C.CERAM ADRA PLUS                             ";9;9;9;23292659;100926102714755;182907994;;;;01/18/2032 00:00:00;5;13901063;10/09/2026 10:27:14;Tiago;Rodriguez;;;;;;Tiago Rodriguez;
14215954;10/09/2026 10:28:52;3;2;0001  215227-1;05;CAMIONETA EXP 1;2091837;"CO22    ";"COPMACO LTDA.                                     ";AV. CIRCUNVALACION 4660;953109;"80-166         ";"DUCHA EMB. C/TRANSF. CR C.CERAM ADRA PLUS                             ";9;9;9;23292688;100926102745926;182879198;;;;01/18/2032 00:00:00;4;13901080;10/09/2026 10:27:45;Tiago;Rodriguez;;;;;;Tiago Rodriguez;
14215955;10/09/2026 11:11:05;3;2;0008    2900-1;05;CAMIONETA EXP 1;2091837;"CO22    ";"COPMACO LTDA.                                     ";AV. CIRCUNVALACION 4660;952959;"70-208         ";70-208 - BIDE CR C.STD LITE;15;15;15;23288197;100926111105597;182885714;;;;10/04/2031 00:00:00;5;13901878;10/09/2026 11:11:05;Tiago;Rodriguez;24565196;10/09/2026 09:36:03;7807;Nicolas;Perez;Tiago Rodriguez;Nicolas Perez
14215955;10/09/2026 11:11:05;3;2;0008    2900-1;05;CAMIONETA EXP 1;2091837;"CO22    ";"COPMACO LTDA.                                     ";AV. CIRCUNVALACION 4660;952634;"60-162         ";60-162 - LAVATORIO CR C.CERAM LINEA ADRA;18;18;18;23294059;100926105037248;182917678;;;;07/29/2031 00:00:00;10;13901907;10/09/2026 10:50:37;Tiago;Rodriguez;;;;;;Tiago Rodriguez;
14215955;10/09/2026 11:11:05;3;2;0008    2900-1;05;CAMIONETA EXP 1;2091837;"CO22    ";"COPMACO LTDA.                                     ";AV. CIRCUNVALACION 4660;952912;"70-162         ";70-162 - BIDE CR C.CERAM LINEA ADRA;30;30;30;23294103;100926105129342;182918047;;;;07/29/2031 00:00:00;10;13901940;10/09/2026 10:51:29;Tiago;Rodriguez;;;;;;Tiago Rodriguez;
14215955;10/09/2026 11:11:05;3;2;0008    2900-1;05;CAMIONETA EXP 1;2091837;"CO22    ";"COPMACO LTDA.                                     ";AV. CIRCUNVALACION 4660;952912;"70-162         ";70-162 - BIDE CR C.CERAM LINEA ADRA;30;30;30;23294168;100926105303605;182918759;;;;07/29/2031 00:00:00;10;13901990;10/09/2026 10:53:03;Tiago;Rodriguez;;;;;;Tiago Rodriguez;
14215955;10/09/2026 11:11:05;3;2;0008    2900-1;05;CAMIONETA EXP 1;2091837;"CO22    ";"COPMACO LTDA.                                     ";AV. CIRCUNVALACION 4660;952634;"60-162         ";60-162 - LAVATORIO CR C.CERAM LINEA ADRA;18;18;18;23294240;100926105445912;182884343;;;;07/29/2031 00:00:00;8;13902044;10/09/2026 10:54:45;Tiago;Rodriguez;;;;;;Tiago Rodriguez;
14215955;10/09/2026 11:11:05;3;2;0008    2900-1;05;CAMIONETA EXP 1;2091837;"CO22    ";"COPMACO LTDA.                                     ";AV. CIRCUNVALACION 4660;952683;"60-209         ";60-209 - LAVATORIO CR C.CERAM CADIZ;6;6;6;23294240;100926105445912;182919514;;;;09/10/2031 00:00:00;2;13902044;10/09/2026 10:54:45;Tiago;Rodriguez;;;;;;Tiago Rodriguez;
14215955;10/09/2026 11:11:05;3;2;0008    2900-1;05;CAMIONETA EXP 1;2091837;"CO22    ";"COPMACO LTDA.                                     ";AV. CIRCUNVALACION 4660;952912;"70-162         ";70-162 - BIDE CR C.CERAM LINEA ADRA;30;30;30;23294290;100926105528452;182881006;;;;07/29/2031 00:00:00;10;13902071;10/09/2026 10:55:28;Tiago;Rodriguez;;;;;;Tiago Rodriguez;
14215955;10/09/2026 11:11:05;3;2;0008    2900-1;05;CAMIONETA EXP 1;2091837;"CO22    ";"COPMACO LTDA.                                     ";AV. CIRCUNVALACION 4660;953109;"80-166         ";"DUCHA EMB. C/TRANSF. CR C.CERAM ADRA PLUS                             ";25;25;25;23294328;100926105602391;182920038;;;;01/18/2032 00:00:00;4;13902092;10/09/2026 10:56:02;Tiago;Rodriguez;;;;;;Tiago Rodriguez;
14215955;10/09/2026 11:11:05;3;2;0008    2900-1;05;CAMIONETA EXP 1;2091837;"CO22    ";"COPMACO LTDA.                                     ";AV. CIRCUNVALACION 4660;953109;"80-166         ";"DUCHA EMB. C/TRANSF. CR C.CERAM ADRA PLUS                             ";25;25;25;23294360;100926105629372;182920226;;;;01/18/2032 00:00:00;4;13902108;10/09/2026 10:56:29;Tiago;Rodriguez;;;;;;Tiago Rodriguez;
14215955;10/09/2026 11:11:05;3;2;0008    2900-1;05;CAMIONETA EXP 1;2091837;"CO22    ";"COPMACO LTDA.                                     ";AV. CIRCUNVALACION 4660;953109;"80-166         ";"DUCHA EMB. C/TRANSF. CR C.CERAM ADRA PLUS                             ";25;25;25;23294404;100926105656916;182920401;;;;01/18/2032 00:00:00;4;13902128;10/09/2026 10:56:56;Tiago;Rodriguez;;;;;;Tiago Rodriguez;
14215955;10/09/2026 11:11:05;3;2;0008    2900-1;05;CAMIONETA EXP 1;2091837;"CO22    ";"COPMACO LTDA.                                     ";AV. CIRCUNVALACION 4660;953109;"80-166         ";"DUCHA EMB. C/TRANSF. CR C.CERAM ADRA PLUS                             ";25;25;25;23294434;100926105725995;182920596;;;;01/18/2032 00:00:00;4;13902146;10/09/2026 10:57:26;Tiago;Rodriguez;;;;;;Tiago Rodriguez;
14215955;10/09/2026 11:11:05;3;2;0008    2900-1;05;CAMIONETA EXP 1;2091837;"CO22    ";"COPMACO LTDA.                                     ";AV. CIRCUNVALACION 4660;953109;"80-166         ";"DUCHA EMB. C/TRANSF. CR C.CERAM ADRA PLUS                             ";25;25;25;23294474;100926105804690;182920925;;;;01/18/2032 00:00:00;4;13902162;10/09/2026 10:58:04;Tiago;Rodriguez;;;;;;Tiago Rodriguez;
14215955;10/09/2026 11:11:05;3;2;0008    2900-1;05;CAMIONETA EXP 1;2091837;"CO22    ";"COPMACO LTDA.                                     ";AV. CIRCUNVALACION 4660;953109;"80-166         ";"DUCHA EMB. C/TRANSF. CR C.CERAM ADRA PLUS                             ";25;25;25;23294510;100926105840227;182881359;;;;01/18/2032 00:00:00;5;13902175;10/09/2026 10:58:40;Tiago;Rodriguez;;;;;;Tiago Rodriguez;
14215955;10/09/2026 11:11:05;3;2;0008    2900-1;05;CAMIONETA EXP 1;2091837;"CO22    ";"COPMACO LTDA.                                     ";AV. CIRCUNVALACION 4660;953421;"90-166         ";90-166 - PACK GRIF. ADRA PLUS (Lav-Bide-Ducha c/t Plus);6;6;6;23294536;100926105906555;182921378;;;;01/04/2032 00:00:00;3;13902190;10/09/2026 10:59:06;Tiago;Rodriguez;;;;;;Tiago Rodriguez;
14215955;10/09/2026 11:11:05;3;2;0008    2900-1;05;CAMIONETA EXP 1;2091837;"CO22    ";"COPMACO LTDA.                                     ";AV. CIRCUNVALACION 4660;953421;"90-166         ";90-166 - PACK GRIF. ADRA PLUS (Lav-Bide-Ducha c/t Plus);6;6;6;23294553;100926105924483;182883490;;;;01/04/2032 00:00:00;3;13902204;10/09/2026 10:59:24;Tiago;Rodriguez;;;;;;Tiago Rodriguez;
14215955;10/09/2026 11:11:05;3;2;0008    2900-1;05;CAMIONETA EXP 1;2091837;"CO22    ";"COPMACO LTDA.                                     ";AV. CIRCUNVALACION 4660;953166;"80-209P        ";"DUCHA EMB C/TRANSF CR C.CERAM CADIZ PLUS                              ";6;6;6;23294829;100926110422477;182923561;;;;09/20/2031 00:00:00;3;13902367;10/09/2026 11:04:22;Tiago;Rodriguez;;;;;;Tiago Rodriguez;
14215955;10/09/2026 11:11:05;3;2;0008    2900-1;05;CAMIONETA EXP 1;2091837;"CO22    ";"COPMACO LTDA.                                     ";AV. CIRCUNVALACION 4660;953166;"80-209P        ";"DUCHA EMB C/TRANSF CR C.CERAM CADIZ PLUS                              ";6;6;6;23294867;100926110451014;182887565;;;;09/20/2031 00:00:00;3;13902386;10/09/2026 11:04:51;Tiago;Rodriguez;;;;;;Tiago Rodriguez;
14215955;10/09/2026 11:11:05;3;2;0008    2900-1;05;CAMIONETA EXP 1;2091837;"CO22    ";"COPMACO LTDA.                                     ";AV. CIRCUNVALACION 4660;952682;"60-208         ";60-208 - LAVATORIO CR C.STD LITE;12;12;12;23294985;100926110650086;182924573;;;;09/27/2031 00:00:00;10;13902469;10/09/2026 11:06:50;Tiago;Rodriguez;;;;;;Tiago Rodriguez;
14215955;10/09/2026 11:11:05;3;2;0008    2900-1;05;CAMIONETA EXP 1;2091837;"CO22    ";"COPMACO LTDA.                                     ";AV. CIRCUNVALACION 4660;952758;"62-162         ";62-162 - LAVATORIO DE PARED CR C.CERAM ADRA;6;6;6;23295040;100926110743816;182885323;;;;07/31/2031 00:00:00;6;13902501;10/09/2026 11:07:43;Tiago;Rodriguez;;;;;;Tiago Rodriguez;
14215955;10/09/2026 11:11:05;3;2;0008    2900-1;05;CAMIONETA EXP 1;2091837;"CO22    ";"COPMACO LTDA.                                     ";AV. CIRCUNVALACION 4660;952682;"60-208         ";60-208 - LAVATORIO CR C.STD LITE;12;12;12;23295040;100926110743816;182888186;;;;09/27/2031 00:00:00;2;13902501;10/09/2026 11:07:43;Tiago;Rodriguez;;;;;;Tiago Rodriguez;
14215955;10/09/2026 11:11:05;3;2;0008    2900-1;05;CAMIONETA EXP 1;2091837;"CO22    ";"COPMACO LTDA.                                     ";AV. CIRCUNVALACION 4660;953164;"80-208         ";80-208 - DUCHA EMB. C/TRANSF.CR C.STD LITE;12;12;12;23295040;100926110743816;182924958;;;;10/08/2031 00:00:00;2;13902501;10/09/2026 11:07:43;Tiago;Rodriguez;;;;;;Tiago Rodriguez;
14215955;10/09/2026 11:11:05;3;2;0008    2900-1;05;CAMIONETA EXP 1;2091837;"CO22    ";"COPMACO LTDA.                                     ";AV. CIRCUNVALACION 4660;953164;"80-208         ";80-208 - DUCHA EMB. C/TRANSF.CR C.STD LITE;12;12;12;23295085;100926110830885;182886269;;;;10/08/2031 00:00:00;10;13902524;10/09/2026 11:08:30;Tiago;Rodriguez;;;;;;Tiago Rodriguez;
14215955;10/09/2026 11:11:05;3;2;0008    2900-1;05;CAMIONETA EXP 1;2091837;"CO22    ";"COPMACO LTDA.                                     ";AV. CIRCUNVALACION 4660;952959;"70-208         ";70-208 - BIDE CR C.STD LITE;15;15;15;23295124;100926110921730;182925623;;;;10/04/2031 00:00:00;10;13902554;10/09/2026 11:09:21;Tiago;Rodriguez;;;;;;Tiago Rodriguez;
14215955;10/09/2026 11:11:05;3;2;0008    2900-1;05;CAMIONETA EXP 1;2091837;"CO22    ";"COPMACO LTDA.                                     ";AV. CIRCUNVALACION 4660;952960;"70-209         ";70-209 - BIDE CR C.CERAM CADIZ;6;6;6;23295192;100926111029121;182886951;;;;02/09/2032 00:00:00;6;13902589;10/09/2026 11:10:29;Tiago;Rodriguez;;;;;;Tiago Rodriguez;
14215955;10/09/2026 11:11:05;3;2;0008    2900-1;05;CAMIONETA EXP 1;2091837;"CO22    ";"COPMACO LTDA.                                     ";AV. CIRCUNVALACION 4660;952683;"60-209         ";60-209 - LAVATORIO CR C.CERAM CADIZ;6;6;6;23295192;100926111029121;182888619;;;;09/10/2031 00:00:00;4;13902589;10/09/2026 11:10:29;Tiago;Rodriguez;;;;;;Tiago Rodriguez;
14215956;10/09/2026 09:54:52;3;2;0001  215245-1;05;CAMIONETA EXP 1;2091837;"CO22    ";"COPMACO LTDA.                                     ";AV. MITRE 2645;952683;"60-209         ";60-209 - LAVATORIO CR C.CERAM CADIZ;4;4;4;23287902;100926095451142;182877230;;;;09/10/2031 00:00:00;4;13900065;10/09/2026 09:54:51;Tiago;Rodriguez;24564894;10/09/2026 09:04:14;6419;Tiago;Rodriguez;Tiago Rodriguez;Tiago Rodriguez
14215956;10/09/2026 09:54:52;3;2;0001  215245-1;05;CAMIONETA EXP 1;2091837;"CO22    ";"COPMACO LTDA.                                     ";AV. MITRE 2645;952960;"70-209         ";70-209 - BIDE CR C.CERAM CADIZ;3;3;3;23287902;100926095451142;182877468;;;;02/09/2032 00:00:00;3;13900065;10/09/2026 09:54:51;Tiago;Rodriguez;24564894;10/09/2026 09:04:14;6419;Tiago;Rodriguez;Tiago Rodriguez;Tiago Rodriguez
14215956;10/09/2026 09:54:52;3;2;0001  215245-1;05;CAMIONETA EXP 1;2091837;"CO22    ";"COPMACO LTDA.                                     ";AV. MITRE 2645;953165;"80-209         ";"DUCHA EMB C/TRANSF CR C.CERAM CADIZ                                   ";3;3;3;23290700;100926095408670;182877443;;;;09/17/2031 00:00:00;3;13900096;10/09/2026 09:54:08;Tiago;Rodriguez;;;;;;Tiago Rodriguez;
14215957;10/09/2026 10:20:11;3;2;0001  215247-1;05;CAMIONETA EXP 1;2091865;"CP02    ";"CASA PALM S.A.                                    ";ALTE. BROWN 404;952949;"70-200C        ";70-200C - BIDE MONOCOMANDO CR FABRIC;2;2;2;23286194;100926101610306;182866324;;;;10/28/2031 00:00:00;2;13900726;10/09/2026 10:16:10;Tiago;Rodriguez;24563535;10/09/2026 08:36:46;6419;Tiago;Rodriguez;Tiago Rodriguez;Tiago Rodriguez
14215957;10/09/2026 10:20:11;3;2;0001  215247-1;05;CAMIONETA EXP 1;2091865;"CP02    ";"CASA PALM S.A.                                    ";ALTE. BROWN 404;954910;"BCH09          ";BCH09 - BACHA DE APOYAR RECTANGULAR 610x410x115;2;2;2;23288187;100926102010399;182879141;;;;07/28/2031 00:00:00;1;13900842;10/09/2026 10:20:10;Tiago;Rodriguez;24565163;10/09/2026 09:07:48;7152;Mirko;Hernandez;Tiago Rodriguez;Mirko Hernandez
14215957;10/09/2026 10:20:11;3;2;0001  215247-1;05;CAMIONETA EXP 1;2091865;"CP02    ";"CASA PALM S.A.                                    ";ALTE. BROWN 404;954910;"BCH09          ";BCH09 - BACHA DE APOYAR RECTANGULAR 610x410x115;2;2;2;23292219;100926101959043;182904901;;;;07/28/2031 00:00:00;1;13900853;10/09/2026 10:19:59;Tiago;Rodriguez;;;;;;Tiago Rodriguez;
14215958;10/09/2026 09:38:53;3;2;0001  215250-1;05;CAMIONETA EXP 1;2092674;"GF09    ";"GILLI FAUDIN LUIS V. -GILCOMAT                    ";9 DE JULIO 3537;951606;"21100          ";21100 - ESTANTE ORGANIZADOR RECTANGULAR 25x12x7;1;1;1;23286195;100926093850604;182866420;;;;07/29/2031 00:00:00;1;13899650;10/09/2026 09:38:50;Tiago;Rodriguez;24563535;10/09/2026 08:36:46;6419;Tiago;Rodriguez;Tiago Rodriguez;Tiago Rodriguez
14215959;10/09/2026 09:38:03;3;2;0001  214102-5;05;CAMIONETA EXP 1;2093088;"KG04    ";"KATSUDA GUSTAVO ALEJANDRO                         ";AV. LA RIOJA 1166;957871;"RA764          ";RA764 - BOLSITA P/CONEXION BIDET LINEAS STD COMPLETO;1;1;1;23286992;100926093803373;182870498;;;;02/01/2032 00:00:00;1;13899597;10/09/2026 09:38:03;Tiago;Rodriguez;24564226;10/09/2026 08:53:04;6419;Tiago;Rodriguez;Tiago Rodriguez;Tiago Rodriguez
14215960;10/09/2026 10:15:24;3;2;0001  214302-1;05;CAMIONETA EXP 1;2091352;"BM08    ";"BARAN MARCELO R.- MANOS A LA OBRA                 ";AV. SAN MARTIN 1707;952426;"51-010         ";51-010 - COCINA MESADA BL/CR LORCA;2;2;2;23287903;100926101524455;182876940;;;;01/14/2032 00:00:00;2;13900688;10/09/2026 10:15:24;Tiago;Rodriguez;24564894;10/09/2026 09:04:14;6419;Tiago;Rodriguez;Tiago Rodriguez;Tiago Rodriguez
14215960;10/09/2026 10:15:24;3;2;0001  214302-1;05;CAMIONETA EXP 1;2091352;"BM08    ";"BARAN MARCELO R.- MANOS A LA OBRA                 ";AV. SAN MARTIN 1707;952438;"51-058         ";51-058 - COCINA MESADA CR C.STD MALBA;2;2;2;23287903;100926101524455;182876671;;;;10/19/2031 00:00:00;2;13900688;10/09/2026 10:15:24;Tiago;Rodriguez;24564894;10/09/2026 09:04:14;6419;Tiago;Rodriguez;Tiago Rodriguez;Tiago Rodriguez
14215960;10/09/2026 10:15:24;3;2;0001  214302-1;05;CAMIONETA EXP 1;2091352;"BM08    ";"BARAN MARCELO R.- MANOS A LA OBRA                 ";AV. SAN MARTIN 1707;953437;"914/CR         ";914/CR - JGO.MDA.P.CAÑO CR ARES;2;2;2;23287903;100926101524455;182877799;;;;01/13/2032 00:00:00;2;13900688;10/09/2026 10:15:24;Tiago;Rodriguez;24564894;10/09/2026 09:04:14;6419;Tiago;Rodriguez;Tiago Rodriguez;Tiago Rodriguez
14215960;10/09/2026 10:15:24;3;2;0001  214302-1;05;CAMIONETA EXP 1;2091352;"BM08    ";"BARAN MARCELO R.- MANOS A LA OBRA                 ";AV. SAN MARTIN 1707;953477;"934/CR         ";934/CR - J.PARED C/EXT CRUZ CR/CR ARES;2;2;2;23287903;100926101524455;182877721;;;;02/09/2032 00:00:00;2;13900688;10/09/2026 10:15:24;Tiago;Rodriguez;24564894;10/09/2026 09:04:14;6419;Tiago;Rodriguez;Tiago Rodriguez;Tiago Rodriguez
14215960;10/09/2026 10:15:24;3;2;0001  214302-1;05;CAMIONETA EXP 1;2091352;"BM08    ";"BARAN MARCELO R.- MANOS A LA OBRA                 ";AV. SAN MARTIN 1707;953495;"944/CR         ";944/CR - JGO COC.PARED EMB.CRUZ CR/CR ARES;2;2;2;23287903;100926101524455;182877919;;;;07/31/2031 00:00:00;2;13900688;10/09/2026 10:15:24;Tiago;Rodriguez;24564894;10/09/2026 09:04:14;6419;Tiago;Rodriguez;Tiago Rodriguez;Tiago Rodriguez
14215961;10/09/2026 09:56:26;3;2;0001  214535-1;05;CAMIONETA EXP 1;2091352;"BM08    ";"BARAN MARCELO R.- MANOS A LA OBRA                 ";AV. SAN MARTIN 1707;952712;"61-176         ";61-176 - LAVATORIO MONOC ALTO CR RIO;2;2;2;23286196;100926095619658;182867290;;;;10/09/2031 00:00:00;2;13900149;10/09/2026 09:56:19;Tiago;Rodriguez;24563535;10/09/2026 08:36:46;6419;Tiago;Rodriguez;Tiago Rodriguez;Tiago Rodriguez
14215961;10/09/2026 09:56:26;3;2;0001  214535-1;05;CAMIONETA EXP 1;2091352;"BM08    ";"BARAN MARCELO R.- MANOS A LA OBRA                 ";AV. SAN MARTIN 1707;954908;"BCH07          ";BCH07 - BACHA DE APOYAR OVALADA 400x330x150;1;1;1;23288412;100926095515059;182882276;;;;07/29/2031 00:00:00;1;13900124;10/09/2026 09:55:15;Tiago;Rodriguez;24565393;10/09/2026 09:17:00;7636;Kevin;Arce;Tiago Rodriguez;Kevin Arce
14215962;10/09/2026 09:52:46;3;2;0001  214586-1;05;CAMIONETA EXP 1;2093317;"MA31    ";"MATRIGAS S.R.L.                                   ";MAIPU ESTE 370;951143;"13120G         ";"QUEINOX GAS MH 1/2""x120 APROBADO POR IGA                              ";100;100;100;23286993;100926095245063;182871279;;;;07/31/2031 00:00:00;15;13899860;10/09/2026 09:52:45;Tiago;Rodriguez;24564226;10/09/2026 08:53:04;6419;Tiago;Rodriguez;Tiago Rodriguez;Tiago Rodriguez
14215962;10/09/2026 09:52:46;3;2;0001  214586-1;05;CAMIONETA EXP 1;2093317;"MA31    ";"MATRIGAS S.R.L.                                   ";MAIPU ESTE 370;951145;"13150G         ";"QUEINOX GAS MH 1/2""x150 APROBADO POR IGA                              ";100;100;100;23290333;100926094736987;182892322;;;;07/31/2031 00:00:00;15;13899872;10/09/2026 09:47:37;Tiago;Rodriguez;;;;;;Tiago Rodriguez;
14215962;10/09/2026 09:52:46;3;2;0001  214586-1;05;CAMIONETA EXP 1;2093317;"MA31    ";"MATRIGAS S.R.L.                                   ";MAIPU ESTE 370;951145;"13150G         ";"QUEINOX GAS MH 1/2""x150 APROBADO POR IGA                              ";100;100;100;23290346;100926094749778;182892399;;;;07/31/2031 00:00:00;15;13899877;10/09/2026 09:47:49;Tiago;Rodriguez;;;;;;Tiago Rodriguez;
14215962;10/09/2026 09:52:46;3;2;0001  214586-1;05;CAMIONETA EXP 1;2093317;"MA31    ";"MATRIGAS S.R.L.                                   ";MAIPU ESTE 370;951145;"13150G         ";"QUEINOX GAS MH 1/2""x150 APROBADO POR IGA                              ";100;100;100;23290358;100926094803604;182892591;;;;07/31/2031 00:00:00;15;13899886;10/09/2026 09:48:03;Tiago;Rodriguez;;;;;;Tiago Rodriguez;
14215962;10/09/2026 09:52:46;3;2;0001  214586-1;05;CAMIONETA EXP 1;2093317;"MA31    ";"MATRIGAS S.R.L.                                   ";MAIPU ESTE 370;951145;"13150G         ";"QUEINOX GAS MH 1/2""x150 APROBADO POR IGA                              ";100;100;100;23290374;100926094821423;182892687;;;;07/31/2031 00:00:00;15;13899892;10/09/2026 09:48:21;Tiago;Rodriguez;;;;;;Tiago Rodriguez;
14215962;10/09/2026 09:52:46;3;2;0001  214586-1;05;CAMIONETA EXP 1;2093317;"MA31    ";"MATRIGAS S.R.L.                                   ";MAIPU ESTE 370;951145;"13150G         ";"QUEINOX GAS MH 1/2""x150 APROBADO POR IGA                              ";100;100;100;23290392;100926094837970;182892773;;;;07/31/2031 00:00:00;15;13899902;10/09/2026 09:48:37;Tiago;Rodriguez;;;;;;Tiago Rodriguez;
14215962;10/09/2026 09:52:46;3;2;0001  214586-1;05;CAMIONETA EXP 1;2093317;"MA31    ";"MATRIGAS S.R.L.                                   ";MAIPU ESTE 370;951145;"13150G         ";"QUEINOX GAS MH 1/2""x150 APROBADO POR IGA                              ";100;100;100;23290405;100926094850376;182892863;;;;07/31/2031 00:00:00;15;13899909;10/09/2026 09:48:50;Tiago;Rodriguez;;;;;;Tiago Rodriguez;
14215962;10/09/2026 09:52:46;3;2;0001  214586-1;05;CAMIONETA EXP 1;2093317;"MA31    ";"MATRIGAS S.R.L.                                   ";MAIPU ESTE 370;951145;"13150G         ";"QUEINOX GAS MH 1/2""x150 APROBADO POR IGA                              ";100;100;100;23290451;100926094928531;182871743;;;;07/31/2031 00:00:00;10;13899932;10/09/2026 09:49:28;Tiago;Rodriguez;;;;;;Tiago Rodriguez;
14215962;10/09/2026 09:52:46;3;2;0001  214586-1;05;CAMIONETA EXP 1;2093317;"MA31    ";"MATRIGAS S.R.L.                                   ";MAIPU ESTE 370;951143;"13120G         ";"QUEINOX GAS MH 1/2""x120 APROBADO POR IGA                              ";100;100;100;23290467;100926094948990;182893256;;;;07/31/2031 00:00:00;15;13899953;10/09/2026 09:49:49;Tiago;Rodriguez;;;;;;Tiago Rodriguez;
14215962;10/09/2026 09:52:46;3;2;0001  214586-1;05;CAMIONETA EXP 1;2093317;"MA31    ";"MATRIGAS S.R.L.                                   ";MAIPU ESTE 370;951143;"13120G         ";"QUEINOX GAS MH 1/2""x120 APROBADO POR IGA                              ";100;100;100;23290480;100926095002797;182893338;;;;07/31/2031 00:00:00;15;13899968;10/09/2026 09:50:02;Tiago;Rodriguez;;;;;;Tiago Rodriguez;
14215962;10/09/2026 09:52:46;3;2;0001  214586-1;05;CAMIONETA EXP 1;2093317;"MA31    ";"MATRIGAS S.R.L.                                   ";MAIPU ESTE 370;951190;"1360G          ";"QUEINOX GAS MH 1/2""x60 APROBADO POR IGA                               ";50;50;50;23290517;100926095027651;182893473;;;;07/27/2031 00:00:00;20;13899980;10/09/2026 09:50:27;Tiago;Rodriguez;;;;;;Tiago Rodriguez;
14215962;10/09/2026 09:52:46;3;2;0001  214586-1;05;CAMIONETA EXP 1;2093317;"MA31    ";"MATRIGAS S.R.L.                                   ";MAIPU ESTE 370;951143;"13120G         ";"QUEINOX GAS MH 1/2""x120 APROBADO POR IGA                              ";100;100;100;23290549;100926095102330;182893774;;;;07/31/2031 00:00:00;10;13900001;10/09/2026 09:51:02;Tiago;Rodriguez;;;;;;Tiago Rodriguez;
14215962;10/09/2026 09:52:46;3;2;0001  214586-1;05;CAMIONETA EXP 1;2093317;"MA31    ";"MATRIGAS S.R.L.                                   ";MAIPU ESTE 370;951143;"13120G         ";"QUEINOX GAS MH 1/2""x120 APROBADO POR IGA                              ";100;100;100;23290564;100926095130494;182893943;;;;07/31/2031 00:00:00;15;13900013;10/09/2026 09:51:30;Tiago;Rodriguez;;;;;;Tiago Rodriguez;
14215962;10/09/2026 09:52:46;3;2;0001  214586-1;05;CAMIONETA EXP 1;2093317;"MA31    ";"MATRIGAS S.R.L.                                   ";MAIPU ESTE 370;951143;"13120G         ";"QUEINOX GAS MH 1/2""x120 APROBADO POR IGA                              ";100;100;100;23290578;100926095146193;182894014;;;;07/31/2031 00:00:00;15;13900020;10/09/2026 09:51:46;Tiago;Rodriguez;;;;;;Tiago Rodriguez;
14215962;10/09/2026 09:52:46;3;2;0001  214586-1;05;CAMIONETA EXP 1;2093317;"MA31    ";"MATRIGAS S.R.L.                                   ";MAIPU ESTE 370;951143;"13120G         ";"QUEINOX GAS MH 1/2""x120 APROBADO POR IGA                              ";100;100;100;23290591;100926095206952;182894113;;;;07/31/2031 00:00:00;15;13900033;10/09/2026 09:52:06;Tiago;Rodriguez;;;;;;Tiago Rodriguez;
14215962;10/09/2026 09:52:46;3;2;0001  214586-1;05;CAMIONETA EXP 1;2093317;"MA31    ";"MATRIGAS S.R.L.                                   ";MAIPU ESTE 370;951190;"1360G          ";"QUEINOX GAS MH 1/2""x60 APROBADO POR IGA                               ";50;50;50;23290604;100926095223480;182871098;;;;07/27/2031 00:00:00;30;13900041;10/09/2026 09:52:23;Tiago;Rodriguez;;;;;;Tiago Rodriguez;
14215963;10/09/2026 09:46:13;3;2;0001  214838-2;05;CAMIONETA EXP 1;2093705;"NP01    ";"NATALI PLASTICOS S.R.L.                           ";ALVEAR 1475;951156;"1330           ";"QUEINOX MACHO MOVIL MH 1/2"" x 30                                      ";87;87;87;23286197;100926094612904;182865653;;;;02/16/2032 00:00:00;37;13899794;10/09/2026 09:46:12;Tiago;Rodriguez;24563535;10/09/2026 08:36:46;6419;Tiago;Rodriguez;Tiago Rodriguez;Tiago Rodriguez
14215963;10/09/2026 09:46:13;3;2;0001  214838-2;05;CAMIONETA EXP 1;2093705;"NP01    ";"NATALI PLASTICOS S.R.L.                           ";ALVEAR 1475;951190;"1360G          ";"QUEINOX GAS MH 1/2""x60 APROBADO POR IGA                               ";39;39;39;23286197;100926094612904;182866036;;;;07/27/2031 00:00:00;9;13899794;10/09/2026 09:46:12;Tiago;Rodriguez;24563535;10/09/2026 08:36:46;6419;Tiago;Rodriguez;Tiago Rodriguez;Tiago Rodriguez
14215963;10/09/2026 09:46:13;3;2;0001  214838-2;05;CAMIONETA EXP 1;2093705;"NP01    ";"NATALI PLASTICOS S.R.L.                           ";ALVEAR 1475;951156;"1330           ";"QUEINOX MACHO MOVIL MH 1/2"" x 30                                      ";87;87;87;23290169;100926094348587;182891055;;;;02/16/2032 00:00:00;50;13899795;10/09/2026 09:43:48;Tiago;Rodriguez;;;;;;Tiago Rodriguez;
14215963;10/09/2026 09:46:13;3;2;0001  214838-2;05;CAMIONETA EXP 1;2093705;"NP01    ";"NATALI PLASTICOS S.R.L.                           ";ALVEAR 1475;951190;"1360G          ";"QUEINOX GAS MH 1/2""x60 APROBADO POR IGA                               ";39;39;39;23290206;100926094427745;182891275;;;;07/27/2031 00:00:00;30;13899813;10/09/2026 09:44:27;Tiago;Rodriguez;;;;;;Tiago Rodriguez;
14215964;10/09/2026 09:30:33;3;2;0001  215175-1;05;CAMIONETA EXP 1;2092590;"FV09    ";"FERRIOL VIVES J.M. - SANITARIOS J-F               ";ACCESO JULIO F RAMOS 255;952582;"60-057         ";60-057 - LAVATORIO C.STD VERIN PLUS;2;2;2;23287904;100926093031382;182876801;;;;01/31/2032 00:00:00;2;13899360;10/09/2026 09:30:31;Tiago;Rodriguez;24564894;10/09/2026 09:04:14;6419;Tiago;Rodriguez;Tiago Rodriguez;Tiago Rodriguez
14215965;10/09/2026 09:34:03;3;2;0001  215201-1;05;CAMIONETA EXP 1;2092674;"GF09    ";"GILLI FAUDIN LUIS V. -GILCOMAT                    ";9 DE JULIO 3537;951297;"17020G         ";17020G - TOALLERO DE ARO LINEA FABRIC GOLD;1;1;1;23287479;100926093403904;182876245;;;;07/29/2031 00:00:00;1;13899408;10/09/2026 09:34:03;Tiago;Rodriguez;24564580;10/09/2026 09:08:13;7636;Kevin;Arce;Tiago Rodriguez;Kevin Arce
14215965;10/09/2026 09:34:03;3;2;0001  215201-1;05;CAMIONETA EXP 1;2092674;"GF09    ";"GILLI FAUDIN LUIS V. -GILCOMAT                    ";9 DE JULIO 3537;951303;"17040G         ";17040G - PORTA ROLLO LINEA FABRIC GOLD;1;1;1;23287479;100926093403904;182879038;;;;07/28/2031 00:00:00;1;13899408;10/09/2026 09:34:03;Tiago;Rodriguez;24564580;10/09/2026 09:08:13;7636;Kevin;Arce;Tiago Rodriguez;Kevin Arce
14215965;10/09/2026 09:34:03;3;2;0001  215201-1;05;CAMIONETA EXP 1;2092674;"GF09    ";"GILLI FAUDIN LUIS V. -GILCOMAT                    ";9 DE JULIO 3537;951306;"17050G         ";17050G - JABONERA  LINEA FABRIC GOLD;3;3;3;23287479;100926093403904;182875753;;;;07/29/2031 00:00:00;3;13899408;10/09/2026 09:34:03;Tiago;Rodriguez;24564580;10/09/2026 09:08:13;7636;Kevin;Arce;Tiago Rodriguez;Kevin Arce
14215965;10/09/2026 09:34:03;3;2;0001  215201-1;05;CAMIONETA EXP 1;2092674;"GF09    ";"GILLI FAUDIN LUIS V. -GILCOMAT                    ";9 DE JULIO 3537;951309;"17060G         ";17060G - PORTA VASO Y CEPILLO  LINEA FABRIC GOLD;1;1;1;23287479;100926093403904;182876770;;;;07/31/2031 00:00:00;1;13899408;10/09/2026 09:34:03;Tiago;Rodriguez;24564580;10/09/2026 09:08:13;7636;Kevin;Arce;Tiago Rodriguez;Kevin Arce
14215965;10/09/2026 09:34:03;3;2;0001  215201-1;05;CAMIONETA EXP 1;2092674;"GF09    ";"GILLI FAUDIN LUIS V. -GILCOMAT                    ";9 DE JULIO 3537;951396;"20020DG        ";20020DG - TOALLERO DE ARO DARK GOLD LINEA PULSE;1;1;1;23287479;100926093403904;182876447;;;;07/27/2031 00:00:00;1;13899408;10/09/2026 09:34:03;Tiago;Rodriguez;24564580;10/09/2026 09:08:13;7636;Kevin;Arce;Tiago Rodriguez;Kevin Arce
14215965;10/09/2026 09:34:03;3;2;0001  215201-1;05;CAMIONETA EXP 1;2092674;"GF09    ";"GILLI FAUDIN LUIS V. -GILCOMAT                    ";9 DE JULIO 3537;951424;"20040DG        ";20040DG - PORTA ROLLO DARK GOLD LINEA PULSE;1;1;1;23287479;100926093403904;182876024;;;;07/29/2031 00:00:00;1;13899408;10/09/2026 09:34:03;Tiago;Rodriguez;24564580;10/09/2026 09:08:13;7636;Kevin;Arce;Tiago Rodriguez;Kevin Arce
14215965;10/09/2026 09:34:03;3;2;0001  215201-1;05;CAMIONETA EXP 1;2092674;"GF09    ";"GILLI FAUDIN LUIS V. -GILCOMAT                    ";9 DE JULIO 3537;951437;"20050DG        ";20050DG - JABONERA DARK GOLD LINEA PULSE;3;3;3;23287479;100926093403904;182875987;;;;07/31/2031 00:00:00;3;13899408;10/09/2026 09:34:03;Tiago;Rodriguez;24564580;10/09/2026 09:08:13;7636;Kevin;Arce;Tiago Rodriguez;Kevin Arce
14215965;10/09/2026 09:34:03;3;2;0001  215201-1;05;CAMIONETA EXP 1;2092674;"GF09    ";"GILLI FAUDIN LUIS V. -GILCOMAT                    ";9 DE JULIO 3537;951451;"20060DG        ";20060DG - PORTA VASO Y CEPILLO DARK GOLD LINEA PULSE;1;1;1;23287479;100926093403904;182877314;;;;07/29/2031 00:00:00;1;13899408;10/09/2026 09:34:03;Tiago;Rodriguez;24564580;10/09/2026 09:08:13;7636;Kevin;Arce;Tiago Rodriguez;Kevin Arce
14215965;10/09/2026 09:34:03;3;2;0001  215201-1;05;CAMIONETA EXP 1;2092674;"GF09    ";"GILLI FAUDIN LUIS V. -GILCOMAT                    ";9 DE JULIO 3537;951294;"17010G         ";17010G - TOALLERO BARRAL LINEA FABRIC GOLD;1;1;1;23289599;100926093239923;182876286;;;;07/27/2031 00:00:00;1;13899443;10/09/2026 09:32:39;Tiago;Rodriguez;;;;;;Tiago Rodriguez;
14215965;10/09/2026 09:34:03;3;2;0001  215201-1;05;CAMIONETA EXP 1;2092674;"GF09    ";"GILLI FAUDIN LUIS V. -GILCOMAT                    ";9 DE JULIO 3537;951410;"20030DG        ";20030DG - PERCHA DARK GOLD LINEA PULSE;2;2;2;23289599;100926093239923;182876528;;;;07/31/2031 00:00:00;2;13899443;10/09/2026 09:32:39;Tiago;Rodriguez;;;;;;Tiago Rodriguez;
14215965;10/09/2026 09:34:03;3;2;0001  215201-1;05;CAMIONETA EXP 1;2092674;"GF09    ";"GILLI FAUDIN LUIS V. -GILCOMAT                    ";9 DE JULIO 3537;951382;"20010DG        ";20010DG - TOALLERO BARRAL DARK GOLD LINEA PULSE;1;1;1;23289599;100926093239923;182877512;;;;07/27/2031 00:00:00;1;13899443;10/09/2026 09:32:39;Tiago;Rodriguez;;;;;;Tiago Rodriguez;
14215965;10/09/2026 09:34:03;3;2;0001  215201-1;05;CAMIONETA EXP 1;2092674;"GF09    ";"GILLI FAUDIN LUIS V. -GILCOMAT                    ";9 DE JULIO 3537;951300;"17030G         ";17030G - PERCHA LINEA FABRIC GOLD;2;2;2;23289599;100926093239923;182877099;;;;07/29/2031 00:00:00;2;13899443;10/09/2026 09:32:39;Tiago;Rodriguez;;;;;;Tiago Rodriguez;
14216018;21/09/2026 15:33:14;2;2;0001  215198-1;05;CAMION EXP 1;2092318;"EM13    ";"EMPRESA MAYORISTA INDUSTRIAL SRL                  ";LOS VALLISTOS RUTA 9 KM 1287;953071;"80-100G        ";80-100G - DUCHA EMB. C/TRANSF. GOLD C.CERAM FABRIC;3;3;0;23595474;CARRO2;185159579;;;;12/07/2031 00:00:00;3;;;;;24864371;22/09/2026 14:38:58;7839;Claudio;Juarez;;Claudio Juarez
14216018;21/09/2026 15:33:14;2;2;0001  215198-1;05;CAMION EXP 1;2092318;"EM13    ";"EMPRESA MAYORISTA INDUSTRIAL SRL                  ";LOS VALLISTOS RUTA 9 KM 1287;953082;"80-121         ";80-121 - DUCHA EMB. C/TRANSF. CR C.C. MARBELLA;10;10;0;23595474;CARRO2;185161233;;;;08/04/2031 00:00:00;10;;;;;24864371;22/09/2026 14:38:58;7839;Claudio;Juarez;;Claudio Juarez
14216018;21/09/2026 15:33:14;2;2;0001  215198-1;05;CAMION EXP 1;2092318;"EM13    ";"EMPRESA MAYORISTA INDUSTRIAL SRL                  ";LOS VALLISTOS RUTA 9 KM 1287;953107;"80-162         ";80-162 - DUCHA EMB. C/TRANSF. CR C.CERAM ADRA;80;80;0;23595474;CARRO2;185143591;;;;07/29/2031 00:00:00;80;;;;;24864371;22/09/2026 14:38:58;7839;Claudio;Juarez;;Claudio Juarez
14216018;21/09/2026 15:33:14;2;2;0001  215198-1;05;CAMION EXP 1;2092318;"EM13    ";"EMPRESA MAYORISTA INDUSTRIAL SRL                  ";LOS VALLISTOS RUTA 9 KM 1287;952740;"62-100G        ";62-100G - LAVATORIO DE PARED GOLD C.CERAM FABRIC;2;2;0;23595474;CARRO2;185159412;;;;12/20/2031 00:00:00;2;;;;;24864371;22/09/2026 14:38:58;7839;Claudio;Juarez;;Claudio Juarez
14216018;21/09/2026 15:33:14;2;2;0001  215198-1;05;CAMION EXP 1;2092318;"EM13    ";"EMPRESA MAYORISTA INDUSTRIAL SRL                  ";LOS VALLISTOS RUTA 9 KM 1287;952741;"62-100N        ";62-100N - LAVATORIO DE PARED BLACK C.CERAM FABRIC;2;2;0;23595474;CARRO2;185159951;;;;11/05/2031 00:00:00;2;;;;;24864371;22/09/2026 14:38:58;7839;Claudio;Juarez;;Claudio Juarez
14216018;21/09/2026 15:33:14;2;2;0001  215198-1;05;CAMION EXP 1;2092318;"EM13    ";"EMPRESA MAYORISTA INDUSTRIAL SRL                  ";LOS VALLISTOS RUTA 9 KM 1287;952747;"62-122         ";62-122 - LAVATORIO PARED C.CERAM CR VALENCIA;2;2;0;23595474;CARRO2;185163424;;;;10/08/2031 00:00:00;2;;;;;24864371;22/09/2026 14:38:58;7839;Claudio;Juarez;;Claudio Juarez
14216018;21/09/2026 15:33:14;2;2;0001  215198-1;05;CAMION EXP 1;2092318;"EM13    ";"EMPRESA MAYORISTA INDUSTRIAL SRL                  ";LOS VALLISTOS RUTA 9 KM 1287;952874;"70-100G        ";70-100G - BIDE GOLD C.CERAM FABRIC;2;2;0;23595474;CARRO2;185158604;;;;07/29/2031 00:00:00;2;;;;;24864371;22/09/2026 14:38:58;7839;Claudio;Juarez;;Claudio Juarez
14216018;21/09/2026 15:33:14;2;2;0001  215198-1;05;CAMION EXP 1;2092318;"EM13    ";"EMPRESA MAYORISTA INDUSTRIAL SRL                  ";LOS VALLISTOS RUTA 9 KM 1287;952875;"70-100N        ";70-100N - BIDE BLACK C.CERAM FABRIC;2;2;0;23595474;CARRO2;185159089;;;;07/29/2031 00:00:00;2;;;;;24864371;22/09/2026 14:38:58;7839;Claudio;Juarez;;Claudio Juarez
14216018;21/09/2026 15:33:14;2;2;0001  215198-1;05;CAMION EXP 1;2092318;"EM13    ";"EMPRESA MAYORISTA INDUSTRIAL SRL                  ";LOS VALLISTOS RUTA 9 KM 1287;952912;"70-162         ";70-162 - BIDE CR C.CERAM LINEA ADRA;100;100;0;23595474;CARRO2;185150568;;;;07/29/2031 00:00:00;100;;;;;24864371;22/09/2026 14:38:58;7839;Claudio;Juarez;;Claudio Juarez
14216018;21/09/2026 15:33:14;2;2;0001  215198-1;05;CAMION EXP 1;2092318;"EM13    ";"EMPRESA MAYORISTA INDUSTRIAL SRL                  ";LOS VALLISTOS RUTA 9 KM 1287;952438;"51-058         ";51-058 - COCINA MESADA CR C.STD MALBA;100;100;0;23595474;CARRO2;185137492;;;;10/19/2031 00:00:00;100;;;;;24864371;22/09/2026 14:38:58;7839;Claudio;Juarez;;Claudio Juarez
14216018;21/09/2026 15:33:14;2;2;0001  215198-1;05;CAMION EXP 1;2092318;"EM13    ";"EMPRESA MAYORISTA INDUSTRIAL SRL                  ";LOS VALLISTOS RUTA 9 KM 1287;952470;"53-001N        ";"53-001N - COCINA PARED EXTERIOR PICO ALTO ""CROMO Y""";5;5;0;23595474;CARRO2;185160501;;;;07/31/2031 00:00:00;5;;;;;24864371;22/09/2026 14:38:58;7839;Claudio;Juarez;;Claudio Juarez
14216018;21/09/2026 15:33:14;2;2;0001  215198-1;05;CAMION EXP 1;2092318;"EM13    ";"EMPRESA MAYORISTA INDUSTRIAL SRL                  ";LOS VALLISTOS RUTA 9 KM 1287;952596;"60-100G        ";60-100G - LAVATORIO GOLD C.CERAM FABRIC;2;2;0;23595474;CARRO2;185158725;;;;11/10/2031 00:00:00;2;;;;;24864371;22/09/2026 14:38:58;7839;Claudio;Juarez;;Claudio Juarez
14216018;21/09/2026 15:33:14;2;2;0001  215198-1;05;CAMION EXP 1;2092318;"EM13    ";"EMPRESA MAYORISTA INDUSTRIAL SRL                  ";LOS VALLISTOS RUTA 9 KM 1287;952597;"60-100N        ";60-100N - LAVATORIO BLACK C.CERAM FABRIC;2;2;0;23595474;CARRO2;185158942;;;;12/01/2031 00:00:00;2;;;;;24864371;22/09/2026 14:38:58;7839;Claudio;Juarez;;Claudio Juarez
14216018;21/09/2026 15:33:14;2;2;0001  215198-1;05;CAMION EXP 1;2092318;"EM13    ";"EMPRESA MAYORISTA INDUSTRIAL SRL                  ";LOS VALLISTOS RUTA 9 KM 1287;952608;"60-121         ";60-121 - LAVATORIO C.CERAM CR MARBELLA;10;10;0;23595474;CARRO2;185162182;;;;01/25/2032 00:00:00;10;;;;;24864371;22/09/2026 14:38:58;7839;Claudio;Juarez;;Claudio Juarez
14216018;21/09/2026 15:33:14;2;2;0001  215198-1;05;CAMION EXP 1;2092318;"EM13    ";"EMPRESA MAYORISTA INDUSTRIAL SRL                  ";LOS VALLISTOS RUTA 9 KM 1287;952634;"60-162         ";60-162 - LAVATORIO CR C.CERAM LINEA ADRA;120;120;0;23595474;CARRO2;185156211;;;;07/29/2031 00:00:00;120;;;;;24864371;22/09/2026 14:38:58;7839;Claudio;Juarez;;Claudio Juarez
14216018;21/09/2026 15:33:14;2;2;0001  215198-1;05;CAMION EXP 1;2092318;"EM13    ";"EMPRESA MAYORISTA INDUSTRIAL SRL                  ";LOS VALLISTOS RUTA 9 KM 1287;953131;"80-183         ";"DUCHA EMB C/TRANSF MONOCOMANDO MAT                                    ";3;3;0;23597431;CARRO119;185150566;;;;11/02/2031 00:00:00;3;;;;;24866179;22/09/2026 14:42:19;7827;Javier;Machado;;Javier Machado
14216018;21/09/2026 15:33:14;2;2;0001  215198-1;05;CAMION EXP 1;2092318;"EM13    ";"EMPRESA MAYORISTA INDUSTRIAL SRL                  ";LOS VALLISTOS RUTA 9 KM 1287;953351;"85-183         ";"DUCHA EMB C/TRANSF Y DUCHADOR MONOC MAT                               ";2;2;0;23597431;CARRO119;185150814;;;;01/12/2032 00:00:00;2;;;;;24866179;22/09/2026 14:42:19;7827;Javier;Machado;;Javier Machado
14216018;21/09/2026 15:33:14;2;2;0001  215198-1;05;CAMION EXP 1;2092318;"EM13    ";"EMPRESA MAYORISTA INDUSTRIAL SRL                  ";LOS VALLISTOS RUTA 9 KM 1287;952721;"61-193         ";61-193 - LAVATORIO MONOCOMANDO ALTO MORA;10;10;0;23597431;CARRO119;185158879;;;;07/27/2031 00:00:00;10;;;;;24866179;22/09/2026 14:42:19;7827;Javier;Machado;;Javier Machado
14216018;21/09/2026 15:33:14;2;2;0001  215198-1;05;CAMION EXP 1;2092318;"EM13    ";"EMPRESA MAYORISTA INDUSTRIAL SRL                  ";LOS VALLISTOS RUTA 9 KM 1287;952719;"61-183         ";"LAVATORIO MONOCOMANDO ALTO MAT                                        ";3;3;0;23597431;CARRO119;185148748;;;;11/02/2031 00:00:00;3;;;;;24866179;22/09/2026 14:42:19;7827;Javier;Machado;;Javier Machado
14216018;21/09/2026 15:33:14;2;2;0001  215198-1;05;CAMION EXP 1;2092318;"EM13    ";"EMPRESA MAYORISTA INDUSTRIAL SRL                  ";LOS VALLISTOS RUTA 9 KM 1287;952655;"60-183         ";"LAVATORIO MONOCOMANDO BAJO MAT                                        ";3;3;0;23597431;CARRO119;185149516;;;;11/02/2031 00:00:00;3;;;;;24866179;22/09/2026 14:42:19;7827;Javier;Machado;;Javier Machado
14216018;21/09/2026 15:33:14;2;2;0001  215198-1;05;CAMION EXP 1;2092318;"EM13    ";"EMPRESA MAYORISTA INDUSTRIAL SRL                  ";LOS VALLISTOS RUTA 9 KM 1287;952800;"63-183         ";"LAVATORIO PARED EMB MONOCOMANDO MAT                                   ";2;2;0;23597431;CARRO119;185149818;;;;01/12/2032 00:00:00;2;;;;;24866179;22/09/2026 14:42:19;7827;Javier;Machado;;Javier Machado
14216018;21/09/2026 15:33:14;2;2;0001  215198-1;05;CAMION EXP 1;2092318;"EM13    ";"EMPRESA MAYORISTA INDUSTRIAL SRL                  ";LOS VALLISTOS RUTA 9 KM 1287;952933;"70-183         ";"BIDE MONOCOMANDO C/TRANSF MAT                                         ";4;4;0;23597431;CARRO119;185149294;;;;11/02/2031 00:00:00;4;;;;;24866179;22/09/2026 14:42:19;7827;Javier;Machado;;Javier Machado
14216018;21/09/2026 15:33:14;2;2;0001  215198-1;05;CAMION EXP 1;2092318;"EM13    ";"EMPRESA MAYORISTA INDUSTRIAL SRL                  ";LOS VALLISTOS RUTA 9 KM 1287;951488;"20-102         ";"20-102 - MONOCOMANDO MESADA CROMO ""RENACER""";30;30;0;23597431;CARRO119;185162570;;;;08/20/2031 00:00:00;30;;;;;24866179;22/09/2026 14:42:19;7827;Javier;Machado;;Javier Machado
14216018;21/09/2026 15:33:14;2;2;0001  215198-1;05;CAMION EXP 1;2092318;"EM13    ";"EMPRESA MAYORISTA INDUSTRIAL SRL                  ";LOS VALLISTOS RUTA 9 KM 1287;951528;"20-140         ";20-140 - MONOCOMANDO DE COCINA LINEA CUINA;20;20;0;23597431;CARRO119;185155160;;;;10/07/2031 00:00:00;20;;;;;24866179;22/09/2026 14:42:19;7827;Javier;Machado;;Javier Machado
14216018;21/09/2026 15:33:14;2;2;0001  215198-1;05;CAMION EXP 1;2092318;"EM13    ";"EMPRESA MAYORISTA INDUSTRIAL SRL                  ";LOS VALLISTOS RUTA 9 KM 1287;951523;"20-134         ";20-134 - MONOCOMANDO COCINA BETIS;50;50;0;23597431;CARRO119;185164038;;;;08/11/2031 00:00:00;50;;;;;24866179;22/09/2026 14:42:19;7827;Javier;Machado;;Javier Machado
14216018;21/09/2026 15:33:14;2;2;0001  215198-1;05;CAMION EXP 1;2092318;"EM13    ";"EMPRESA MAYORISTA INDUSTRIAL SRL                  ";LOS VALLISTOS RUTA 9 KM 1287;951116;"12006          ";"SET DE 6 PIEZAS LINEA 12000                                           ";100;100;0;23597431;CARRO119;185145789;;;;07/30/2031 00:00:00;100;;;;;24866179;22/09/2026 14:42:19;7827;Javier;Machado;;Javier Machado
14216018;21/09/2026 15:33:14;2;2;0001  215198-1;05;CAMION EXP 1;2092318;"EM13    ";"EMPRESA MAYORISTA INDUSTRIAL SRL                  ";LOS VALLISTOS RUTA 9 KM 1287;951530;"20-146         ";20-146 - MONOCOMANDO DE COCINA CR LINEA MOVE;30;30;0;23597431;CARRO119;185156595;;;;11/23/2031 00:00:00;30;;;;;24866179;22/09/2026 14:42:19;7827;Javier;Machado;;Javier Machado
14216018;21/09/2026 15:33:14;2;2;0001  215198-1;05;CAMION EXP 1;2092318;"EM13    ";"EMPRESA MAYORISTA INDUSTRIAL SRL                  ";LOS VALLISTOS RUTA 9 KM 1287;951535;"20-160         ";20-160 - MONOCOMANDO MESADA COCINA DIQUE;50;50;0;23597431;CARRO119;185146574;;;;07/28/2031 00:00:00;50;;;;;24866179;22/09/2026 14:42:19;7827;Javier;Machado;;Javier Machado
14216018;21/09/2026 15:33:14;2;2;0001  215198-1;05;CAMION EXP 1;2092318;"EM13    ";"EMPRESA MAYORISTA INDUSTRIAL SRL                  ";LOS VALLISTOS RUTA 9 KM 1287;951536;"20-162         ";20-162 - MONOCOMANDO COCINA ADRA;20;20;0;23597431;CARRO119;185157337;;;;07/28/2031 00:00:00;20;;;;;24866179;22/09/2026 14:42:19;7827;Javier;Machado;;Javier Machado
14216018;21/09/2026 15:33:14;2;2;0001  215198-1;05;CAMION EXP 1;2092318;"EM13    ";"EMPRESA MAYORISTA INDUSTRIAL SRL                  ";LOS VALLISTOS RUTA 9 KM 1287;952499;"54-203         ";"COCINA PARED EXT C.CERAM ADRA MONOCOMANDO                             ";4;4;0;23597431;CARRO119;185164752;;;;02/18/2032 00:00:00;4;;;;;24866179;22/09/2026 14:42:19;7827;Javier;Machado;;Javier Machado
14216019;21/09/2026 15:33:14;2;2;0001  215199-1;05;CAMION EXP 1;2092318;"EM13    ";"EMPRESA MAYORISTA INDUSTRIAL SRL                  ";LOS VALLISTOS RUTA 9 KM 1287;954901;"BCH01          ";BCH01 - BACHA DE APOYAR CIRCULAR 320x145;100;100;0;23595418;CARRO48;185132932;;;;07/28/2031 00:00:00;100;;;;;24864341;22/09/2026 13:40:39;7827;Javier;Machado;;Javier Machado
14216019;21/09/2026 15:33:14;2;2;0001  215199-1;05;CAMION EXP 1;2092318;"EM13    ";"EMPRESA MAYORISTA INDUSTRIAL SRL                  ";LOS VALLISTOS RUTA 9 KM 1287;952728;"61-205         ";61-205 - LAVATORIO MONOC ALTO STEEL;50;50;0;23596919;CARRO25;185141839;;;;07/28/2031 00:00:00;50;;;;;24865716;22/09/2026 13:52:56;7827;Javier;Machado;;Javier Machado
14216019;21/09/2026 15:33:14;2;2;0001  215199-1;05;CAMION EXP 1;2092318;"EM13    ";"EMPRESA MAYORISTA INDUSTRIAL SRL                  ";LOS VALLISTOS RUTA 9 KM 1287;952712;"61-176         ";61-176 - LAVATORIO MONOC ALTO CR RIO;50;50;0;23596919;CARRO25;185142862;;;;10/11/2031 00:00:00;50;;;;;24865716;22/09/2026 13:52:56;7827;Javier;Machado;;Javier Machado
14216020;21/09/2026 15:33:14;2;2;0001  215200-1;05;CAMION EXP 1;2092318;"EM13    ";"EMPRESA MAYORISTA INDUSTRIAL SRL                  ";LOS VALLISTOS RUTA 9 KM 1287;956482;"LG01C20        ";LG01C20 - MONOCOMANDO COCINA CR LUCERNA;50;50;0;23595921;CARRO67;185145801;;;;07/29/2031 00:00:00;50;;;;;24864763;22/09/2026 14:26:03;7636;Kevin;Arce;;Kevin Arce
14216020;21/09/2026 15:33:14;2;2;0001  215200-1;05;CAMION EXP 1;2092318;"EM13    ";"EMPRESA MAYORISTA INDUSTRIAL SRL                  ";LOS VALLISTOS RUTA 9 KM 1287;956484;"LG02C20        ";"MONOCOMANDO COCINA CR GINEBRA                                         ";50;50;0;23595921;CARRO67;185144144;;;;07/29/2031 00:00:00;50;;;;;24864763;22/09/2026 14:26:03;7636;Kevin;Arce;;Kevin Arce
14216020;21/09/2026 15:33:14;2;2;0001  215200-1;05;CAMION EXP 1;2092318;"EM13    ";"EMPRESA MAYORISTA INDUSTRIAL SRL                  ";LOS VALLISTOS RUTA 9 KM 1287;956487;"LG02N20        ";"MONOCOMANDO COCINA BLACK GINEBRA                                      ";50;50;0;23595921;CARRO67;185142457;;;;07/30/2031 00:00:00;50;;;;;24864763;22/09/2026 14:26:03;7636;Kevin;Arce;;Kevin Arce
14216020;21/09/2026 15:33:14;2;2;0001  215200-1;05;CAMION EXP 1;2092318;"EM13    ";"EMPRESA MAYORISTA INDUSTRIAL SRL                  ";LOS VALLISTOS RUTA 9 KM 1287;956502;"LG05C20        ";"MONOCOMANDO DE COCINA CR BLAUEN                                       ";100;100;0;23595921;CARRO67;185150733;;;;12/20/2031 00:00:00;100;;;;;24864763;22/09/2026 14:26:03;7636;Kevin;Arce;;Kevin Arce
14216020;21/09/2026 15:33:14;2;2;0001  215200-1;05;CAMION EXP 1;2092318;"EM13    ";"EMPRESA MAYORISTA INDUSTRIAL SRL                  ";LOS VALLISTOS RUTA 9 KM 1287;956505;"LG07C20        ";"MONOCOMANDO DE COCINA CR ZURICH                                       ";100;100;0;23595921;CARRO67;185137283;;;;12/20/2031 00:00:00;100;;;;;24864763;22/09/2026 14:26:03;7636;Kevin;Arce;;Kevin Arce
14216065;08/09/2026 09:41:02;3;2;0008    2908-1;10;URGENTES;2093779;"PA01    ";"VARIOS                                            ";rivadavia 3428;951512;"20-122         ";"MONOCOMANDO COCINA CR C/PICO EXTRAIBLE VALENCIA                       ";1;1;1;23220767;080926094102773;182366850;;;;08/06/2031 00:00:00;1;13858902;08/09/2026 09:41:02;Gaston Alejandro;Kiriczuk;24499951;08/09/2026 09:37:31;6922;Franco;Potenza;Gaston Alejandro Kiriczuk;Franco Potenza
14216065;08/09/2026 09:41:02;3;2;0008    2908-1;10;URGENTES;2093779;"PA01    ";"VARIOS                                            ";rivadavia 3428;951523;"20-134         ";20-134 - MONOCOMANDO COCINA BETIS;1;1;1;23220767;080926094102773;182366653;;;;08/11/2031 00:00:00;1;13858902;08/09/2026 09:41:02;Gaston Alejandro;Kiriczuk;24499951;08/09/2026 09:37:31;6922;Franco;Potenza;Gaston Alejandro Kiriczuk;Franco Potenza
14216065;08/09/2026 09:41:02;3;2;0008    2908-1;10;URGENTES;2093779;"PA01    ";"VARIOS                                            ";rivadavia 3428;952728;"61-205         ";61-205 - LAVATORIO MONOC ALTO STEEL;2;2;2;23220767;080926094102773;182367043;;;;07/28/2031 00:00:00;2;13858902;08/09/2026 09:41:02;Gaston Alejandro;Kiriczuk;24499951;08/09/2026 09:37:31;6922;Franco;Potenza;Gaston Alejandro Kiriczuk;Franco Potenza
14216066;08/09/2026 09:41:28;3;2;0008    2904-1;10;URGENTES;2093779;"PA01    ";"VARIOS                                            ";rivadavia 3428;1141160;"BCH22          ";"BACHA DE APOYAR BLANCA 450x290x110                                    ";1;1;1;23220792;080926094128187;182366731;;;;02/11/2032 00:00:00;1;13858906;08/09/2026 09:41:28;Gaston Alejandro;Kiriczuk;24499981;08/09/2026 09:34:59;6409;Gaston Alejandro;Kiriczuk;Gaston Alejandro Kiriczuk;Gaston Alejandro Kiriczuk
14216066;08/09/2026 09:41:28;3;2;0008    2904-1;10;URGENTES;2093779;"PA01    ";"VARIOS                                            ";rivadavia 3428;951565;"20-205         ";20-205 - MONOCOMANDO DE COCINA STEEL;1;1;1;23220907;080926094036779;182367534;;;;07/28/2031 00:00:00;1;13858891;08/09/2026 09:40:36;Gaston Alejandro;Kiriczuk;24500056;08/09/2026 09:37:37;6409;Gaston Alejandro;Kiriczuk;Gaston Alejandro Kiriczuk;Gaston Alejandro Kiriczuk
14216066;08/09/2026 09:41:28;3;2;0008    2904-1;10;URGENTES;2093779;"PA01    ";"VARIOS                                            ";rivadavia 3428;951513;"20-122N        ";20-122N - MONOCOMANDO COCINA C/PICO EXTRAIBLE VALENCIA BLACK;1;1;1;23220907;080926094036779;182367359;;;;08/06/2031 00:00:00;1;13858891;08/09/2026 09:40:36;Gaston Alejandro;Kiriczuk;24500056;08/09/2026 09:37:37;6409;Gaston Alejandro;Kiriczuk;Gaston Alejandro Kiriczuk;Gaston Alejandro Kiriczuk
14217872;08/09/2026 12:57:26;3;2;0001  215104-1;14;RETIRA;2092048;"DC16    ";"DISEÑO Y CONSTRUCCION LEO SRL -CASA LEO           ";RN 197 2201;952783;"62-199N        ";62-199N - LAVATORIO DE PARED BLACK C.CERAM LIVE;1;1;1;23231053;080926125726472;182439809;;;;07/31/2031 00:00:00;1;13864852;08/09/2026 12:57:26;Gaston Alejandro;Kiriczuk;24509505;08/09/2026 12:52:48;6922;Franco;Potenza;Gaston Alejandro Kiriczuk;Franco Potenza
14220116;09/09/2026 10:13:32;3;2;TR 0000  125035;01;CARPINTERIA;2090863;DEP_108;EXIBICION MONTES DE OCA;.;951382;"20010DG        ";20010DG - TOALLERO BARRAL DARK GOLD LINEA PULSE;1;1;1;23250656;090926101331483;182602906;;;;07/27/2031 00:00:00;1;13879063;09/09/2026 10:13:31;Maximiliano;Nievas;24529068;09/09/2026 08:39:29;6867;Javier;Lescano;Maximiliano Nievas;Javier Lescano
14220116;09/09/2026 10:13:32;3;2;TR 0000  125035;01;CARPINTERIA;2090863;DEP_108;EXIBICION MONTES DE OCA;.;951396;"20020DG        ";20020DG - TOALLERO DE ARO DARK GOLD LINEA PULSE;1;1;1;23250656;090926101331483;182597712;;;;07/27/2031 00:00:00;1;13879063;09/09/2026 10:13:31;Maximiliano;Nievas;24529068;09/09/2026 08:39:29;6867;Javier;Lescano;Maximiliano Nievas;Javier Lescano
14220116;09/09/2026 10:13:32;3;2;TR 0000  125035;01;CARPINTERIA;2090863;DEP_108;EXIBICION MONTES DE OCA;.;952712;"61-176         ";61-176 - LAVATORIO MONOC ALTO CR RIO;2;2;2;23250656;090926101331483;182600360;;;;10/09/2031 00:00:00;2;13879063;09/09/2026 10:13:31;Maximiliano;Nievas;24529068;09/09/2026 08:39:29;6867;Javier;Lescano;Maximiliano Nievas;Javier Lescano
14220116;09/09/2026 10:13:32;3;2;TR 0000  125035;01;CARPINTERIA;2090863;DEP_108;EXIBICION MONTES DE OCA;.;952714;"61-180         ";61-180 - LAVATORIO MONOCOMANDO ALTO VERA;1;1;1;23250656;090926101331483;182600938;;;;07/28/2031 00:00:00;1;13879063;09/09/2026 10:13:31;Maximiliano;Nievas;24529068;09/09/2026 08:39:29;6867;Javier;Lescano;Maximiliano Nievas;Javier Lescano
14220116;09/09/2026 10:13:32;3;2;TR 0000  125035;01;CARPINTERIA;2090863;DEP_108;EXIBICION MONTES DE OCA;.;952725;"61-200N        ";61-200N - LAVATORIO MONOC ALTO FABRIC BLACK;1;1;1;23250656;090926101331483;182597303;;;;07/28/2031 00:00:00;1;13879063;09/09/2026 10:13:31;Maximiliano;Nievas;24529068;09/09/2026 08:39:29;6867;Javier;Lescano;Maximiliano Nievas;Javier Lescano
14220116;09/09/2026 10:13:32;3;2;TR 0000  125035;01;CARPINTERIA;2090863;DEP_108;EXIBICION MONTES DE OCA;.;952728;"61-205         ";61-205 - LAVATORIO MONOC ALTO STEEL;2;2;2;23250656;090926101331483;182596684;;;;07/28/2031 00:00:00;2;13879063;09/09/2026 10:13:31;Maximiliano;Nievas;24529068;09/09/2026 08:39:29;6867;Javier;Lescano;Maximiliano Nievas;Javier Lescano
14220116;09/09/2026 10:13:32;3;2;TR 0000  125035;01;CARPINTERIA;2090863;DEP_108;EXIBICION MONTES DE OCA;.;952799;"63-180         ";63-180 - LAVATORIO MONOC. DE PARED VERA;1;1;1;23250656;090926101331483;182601126;;;;07/27/2031 00:00:00;1;13879063;09/09/2026 10:13:31;Maximiliano;Nievas;24529068;09/09/2026 08:39:29;6867;Javier;Lescano;Maximiliano Nievas;Javier Lescano
14220116;09/09/2026 10:13:32;3;2;TR 0000  125035;01;CARPINTERIA;2090863;DEP_108;EXIBICION MONTES DE OCA;.;950903;"03-010         ";"LAVATORIO ALTO TEMPORIZADO TECNO                                      ";1;1;1;23250656;090926101331483;182597608;;;;09/16/2031 00:00:00;1;13879063;09/09/2026 10:13:31;Maximiliano;Nievas;24529068;09/09/2026 08:39:29;6867;Javier;Lescano;Maximiliano Nievas;Javier Lescano
14220116;09/09/2026 10:13:32;3;2;TR 0000  125035;01;CARPINTERIA;2090863;DEP_108;EXIBICION MONTES DE OCA;.;950907;"05-010         ";"LAVATORIO BAJO TEMPORIZADO TECNO                                      ";1;1;1;23250656;090926101331483;182598517;;;;07/28/2031 00:00:00;1;13879063;09/09/2026 10:13:31;Maximiliano;Nievas;24529068;09/09/2026 08:39:29;6867;Javier;Lescano;Maximiliano Nievas;Javier Lescano
14220116;09/09/2026 10:13:32;3;2;TR 0000  125035;01;CARPINTERIA;2090863;DEP_108;EXIBICION MONTES DE OCA;.;951132;"13006          ";"SET DE 6 PIEZAS LINEA 13000                                           ";1;1;1;23250656;090926101331483;182603253;;;;07/28/2031 00:00:00;1;13879063;09/09/2026 10:13:31;Maximiliano;Nievas;24529068;09/09/2026 08:39:29;6867;Javier;Lescano;Maximiliano Nievas;Javier Lescano
14220116;09/09/2026 10:13:32;3;2;TR 0000  125035;01;CARPINTERIA;2090863;DEP_108;EXIBICION MONTES DE OCA;.;951259;"16006BL        ";16006BL - SET 6 PIEZAS ACCESORIOS LINEA 16000 BLACK;1;1;1;23250656;090926101331483;182598433;;;;07/27/2031 00:00:00;1;13879063;09/09/2026 10:13:31;Maximiliano;Nievas;24529068;09/09/2026 08:39:29;6867;Javier;Lescano;Maximiliano Nievas;Javier Lescano
14220116;09/09/2026 10:13:32;3;2;TR 0000  125035;01;CARPINTERIA;2090863;DEP_108;EXIBICION MONTES DE OCA;.;951294;"17010G         ";17010G - TOALLERO BARRAL LINEA FABRIC GOLD;1;1;1;23250656;090926101331483;182597997;;;;07/27/2031 00:00:00;1;13879063;09/09/2026 10:13:31;Maximiliano;Nievas;24529068;09/09/2026 08:39:29;6867;Javier;Lescano;Maximiliano Nievas;Javier Lescano
14220116;09/09/2026 10:13:32;3;2;TR 0000  125035;01;CARPINTERIA;2090863;DEP_108;EXIBICION MONTES DE OCA;.;951297;"17020G         ";17020G - TOALLERO DE ARO LINEA FABRIC GOLD;1;1;1;23250656;090926101331483;182597893;;;;07/29/2031 00:00:00;1;13879063;09/09/2026 10:13:31;Maximiliano;Nievas;24529068;09/09/2026 08:39:29;6867;Javier;Lescano;Maximiliano Nievas;Javier Lescano
14220116;09/09/2026 10:13:32;3;2;TR 0000  125035;01;CARPINTERIA;2090863;DEP_108;EXIBICION MONTES DE OCA;.;951300;"17030G         ";17030G - PERCHA LINEA FABRIC GOLD;1;1;1;23250656;090926101331483;182604223;;;;07/29/2031 00:00:00;1;13879063;09/09/2026 10:13:31;Maximiliano;Nievas;24529068;09/09/2026 08:39:29;6867;Javier;Lescano;Maximiliano Nievas;Javier Lescano
14220116;09/09/2026 10:13:32;3;2;TR 0000  125035;01;CARPINTERIA;2090863;DEP_108;EXIBICION MONTES DE OCA;.;951303;"17040G         ";17040G - PORTA ROLLO LINEA FABRIC GOLD;1;1;1;23250656;090926101331483;182602676;;;;07/28/2031 00:00:00;1;13879063;09/09/2026 10:13:31;Maximiliano;Nievas;24529068;09/09/2026 08:39:29;6867;Javier;Lescano;Maximiliano Nievas;Javier Lescano
14220116;09/09/2026 10:13:32;3;2;TR 0000  125035;01;CARPINTERIA;2090863;DEP_108;EXIBICION MONTES DE OCA;.;951309;"17060G         ";17060G - PORTA VASO Y CEPILLO  LINEA FABRIC GOLD;1;1;1;23250656;090926101331483;182597401;;;;07/31/2031 00:00:00;1;13879063;09/09/2026 10:13:31;Maximiliano;Nievas;24529068;09/09/2026 08:39:29;6867;Javier;Lescano;Maximiliano Nievas;Javier Lescano
14220116;09/09/2026 10:13:32;3;2;TR 0000  125035;01;CARPINTERIA;2090863;DEP_108;EXIBICION MONTES DE OCA;.;951410;"20030DG        ";20030DG - PERCHA DARK GOLD LINEA PULSE;1;1;1;23250656;090926101331483;182597747;;;;07/31/2031 00:00:00;1;13879063;09/09/2026 10:13:31;Maximiliano;Nievas;24529068;09/09/2026 08:39:29;6867;Javier;Lescano;Maximiliano Nievas;Javier Lescano
14220116;09/09/2026 10:13:32;3;2;TR 0000  125035;01;CARPINTERIA;2090863;DEP_108;EXIBICION MONTES DE OCA;.;951513;"20-122N        ";20-122N - MONOCOMANDO COCINA C/PICO EXTRAIBLE VALENCIA BLACK;1;1;1;23250656;090926101331483;182601762;;;;08/06/2031 00:00:00;1;13879063;09/09/2026 10:13:31;Maximiliano;Nievas;24529068;09/09/2026 08:39:29;6867;Javier;Lescano;Maximiliano Nievas;Javier Lescano
14220116;09/09/2026 10:13:32;3;2;TR 0000  125035;01;CARPINTERIA;2090863;DEP_108;EXIBICION MONTES DE OCA;.;951523;"20-134         ";20-134 - MONOCOMANDO COCINA BETIS;3;3;3;23250656;090926101331483;182603956;;;;08/11/2031 00:00:00;3;13879063;09/09/2026 10:13:31;Maximiliano;Nievas;24529068;09/09/2026 08:39:29;6867;Javier;Lescano;Maximiliano Nievas;Javier Lescano
14220116;09/09/2026 10:13:32;3;2;TR 0000  125035;01;CARPINTERIA;2090863;DEP_108;EXIBICION MONTES DE OCA;.;951528;"20-140         ";20-140 - MONOCOMANDO DE COCINA LINEA CUINA;1;1;1;23250656;090926101331483;182597534;;;;10/07/2031 00:00:00;1;13879063;09/09/2026 10:13:31;Maximiliano;Nievas;24529068;09/09/2026 08:39:29;6867;Javier;Lescano;Maximiliano Nievas;Javier Lescano
14220116;09/09/2026 10:13:32;3;2;TR 0000  125035;01;CARPINTERIA;2090863;DEP_108;EXIBICION MONTES DE OCA;.;951530;"20-146         ";20-146 - MONOCOMANDO DE COCINA CR LINEA MOVE;2;2;2;23250656;090926101331483;182602482;;;;10/09/2031 00:00:00;2;13879063;09/09/2026 10:13:31;Maximiliano;Nievas;24529068;09/09/2026 08:39:29;6867;Javier;Lescano;Maximiliano Nievas;Javier Lescano
14220116;09/09/2026 10:13:32;3;2;TR 0000  125035;01;CARPINTERIA;2090863;DEP_108;EXIBICION MONTES DE OCA;.;951535;"20-160         ";20-160 - MONOCOMANDO MESADA COCINA DIQUE;2;2;2;23250656;090926101331483;182602166;;;;07/28/2031 00:00:00;2;13879063;09/09/2026 10:13:31;Maximiliano;Nievas;24529068;09/09/2026 08:39:29;6867;Javier;Lescano;Maximiliano Nievas;Javier Lescano
14220116;09/09/2026 10:13:32;3;2;TR 0000  125035;01;CARPINTERIA;2090863;DEP_108;EXIBICION MONTES DE OCA;.;951536;"20-162         ";20-162 - MONOCOMANDO COCINA ADRA;1;1;1;23250656;090926101331483;182602603;;;;07/28/2031 00:00:00;1;13879063;09/09/2026 10:13:31;Maximiliano;Nievas;24529068;09/09/2026 08:39:29;6867;Javier;Lescano;Maximiliano Nievas;Javier Lescano
14220116;09/09/2026 10:13:32;3;2;TR 0000  125035;01;CARPINTERIA;2090863;DEP_108;EXIBICION MONTES DE OCA;.;951537;"20-162N        ";"MONOCOMANDO COCINA BLACK ADRA                                         ";1;1;1;23250656;090926101331483;182599705;;;;07/28/2031 00:00:00;1;13879063;09/09/2026 10:13:31;Maximiliano;Nievas;24529068;09/09/2026 08:39:29;6867;Javier;Lescano;Maximiliano Nievas;Javier Lescano
14220116;09/09/2026 10:13:32;3;2;TR 0000  125035;01;CARPINTERIA;2090863;DEP_108;EXIBICION MONTES DE OCA;.;951553;"20-184         ";"MONOCOMANDO DE COCINA CR SUV                                          ";1;1;1;23250656;090926101331483;182597117;;;;10/04/2031 00:00:00;1;13879063;09/09/2026 10:13:31;Maximiliano;Nievas;24529068;09/09/2026 08:39:29;6867;Javier;Lescano;Maximiliano Nievas;Javier Lescano
14220116;09/09/2026 10:13:32;3;2;TR 0000  125035;01;CARPINTERIA;2090863;DEP_108;EXIBICION MONTES DE OCA;.;951565;"20-205         ";20-205 - MONOCOMANDO DE COCINA STEEL;1;1;1;23250656;090926101331483;182598633;;;;07/28/2031 00:00:00;1;13879063;09/09/2026 10:13:31;Maximiliano;Nievas;24529068;09/09/2026 08:39:29;6867;Javier;Lescano;Maximiliano Nievas;Javier Lescano
14220116;09/09/2026 10:13:32;3;2;TR 0000  125035;01;CARPINTERIA;2090863;DEP_108;EXIBICION MONTES DE OCA;.;951833;"30-132         ";30-132 - COCINA MESADA MONOC. C/DUCHADOR EXTENSIBLE VIGO;1;1;1;23250656;090926101331483;182596809;;;;07/28/2031 00:00:00;1;13879063;09/09/2026 10:13:31;Maximiliano;Nievas;24529068;09/09/2026 08:39:29;6867;Javier;Lescano;Maximiliano Nievas;Javier Lescano
14220116;09/09/2026 10:13:32;3;2;TR 0000  125035;01;CARPINTERIA;2090863;DEP_108;EXIBICION MONTES DE OCA;.;952618;"60-133         ";60-133 - LAVATORIO MONOCOMANDO LUGO;2;2;2;23250656;090926101331483;182601949;;;;07/29/2031 00:00:00;2;13879063;09/09/2026 10:13:31;Maximiliano;Nievas;24529068;09/09/2026 08:39:29;6867;Javier;Lescano;Maximiliano Nievas;Javier Lescano
14220116;09/09/2026 10:13:32;3;2;TR 0000  125035;01;CARPINTERIA;2090863;DEP_108;EXIBICION MONTES DE OCA;.;952637;"60-168         ";60-168 - LAVATORIO MONOC BAJO CR WAVE;2;2;2;23250656;090926101331483;182596940;;;;07/27/2031 00:00:00;2;13879063;09/09/2026 10:13:31;Maximiliano;Nievas;24529068;09/09/2026 08:39:29;6867;Javier;Lescano;Maximiliano Nievas;Javier Lescano
14220116;09/09/2026 10:13:32;3;2;TR 0000  125035;01;CARPINTERIA;2090863;DEP_108;EXIBICION MONTES DE OCA;.;952647;"60-176         ";"LAVATORIO MONOCOMANDO BAJO CR RIO                                     ";1;1;1;23250656;090926101331483;182600122;;;;10/11/2031 00:00:00;1;13879063;09/09/2026 10:13:31;Maximiliano;Nievas;24529068;09/09/2026 08:39:29;6867;Javier;Lescano;Maximiliano Nievas;Javier Lescano
14220116;09/09/2026 10:13:32;3;2;TR 0000  125035;01;CARPINTERIA;2090863;DEP_108;EXIBICION MONTES DE OCA;.;952648;"60-176N        ";"LAVATORIO MONOCOMANDO BAJO BLACK RIO                                  ";1;1;1;23250656;090926101331483;182600042;;;;07/29/2031 00:00:00;1;13879063;09/09/2026 10:13:31;Maximiliano;Nievas;24529068;09/09/2026 08:39:29;6867;Javier;Lescano;Maximiliano Nievas;Javier Lescano
14220116;09/09/2026 10:13:32;3;2;TR 0000  125035;01;CARPINTERIA;2090863;DEP_108;EXIBICION MONTES DE OCA;.;952650;"60-180         ";60-180 - LAVATORIO MONOCOMANDO BAJO VERA;2;2;2;23250656;090926101331483;182600706;;;;07/28/2031 00:00:00;2;13879063;09/09/2026 10:13:31;Maximiliano;Nievas;24529068;09/09/2026 08:39:29;6867;Javier;Lescano;Maximiliano Nievas;Javier Lescano
14220116;09/09/2026 10:13:32;3;2;TR 0000  125035;01;CARPINTERIA;2090863;DEP_108;EXIBICION MONTES DE OCA;.;952674;"60-200N        ";60-200N - LAVATORIO MONOC BAJO BLACK FABRIC;1;1;1;23250656;090926101331483;182597212;;;;07/28/2031 00:00:00;1;13879063;09/09/2026 10:13:31;Maximiliano;Nievas;24529068;09/09/2026 08:39:29;6867;Javier;Lescano;Maximiliano Nievas;Javier Lescano
14220116;09/09/2026 10:13:32;3;2;TR 0000  125035;01;CARPINTERIA;2090863;DEP_108;EXIBICION MONTES DE OCA;.;952679;"60-205         ";60-205 - LAVATORIO MONOC BAJO STEEL;2;2;2;23250656;090926101331483;182596729;;;;07/27/2031 00:00:00;2;13879063;09/09/2026 10:13:31;Maximiliano;Nievas;24529068;09/09/2026 08:39:29;6867;Javier;Lescano;Maximiliano Nievas;Javier Lescano
14220116;09/09/2026 10:13:32;3;2;TR 0000  125035;01;CARPINTERIA;2090863;DEP_108;EXIBICION MONTES DE OCA;.;953312;"83-133         ";83-133 - DUCHA EXT. C/TRANSF. MONOCOMANDO LUGO;1;1;1;23250656;090926101331483;182602007;;;;07/30/2031 00:00:00;1;13879063;09/09/2026 10:13:31;Maximiliano;Nievas;24529068;09/09/2026 08:39:29;6867;Javier;Lescano;Maximiliano Nievas;Javier Lescano
14220116;09/09/2026 10:13:32;3;2;TR 0000  125035;01;CARPINTERIA;2090863;DEP_108;EXIBICION MONTES DE OCA;.;953125;"80-180         ";80-180 - DUCHA EMB. C/TRANSF. MONOCOMANDO VERA;1;1;1;23250656;090926101331483;182604051;;;;11/23/2031 00:00:00;1;13879063;09/09/2026 10:13:31;Maximiliano;Nievas;24529068;09/09/2026 08:39:29;6867;Javier;Lescano;Maximiliano Nievas;Javier Lescano
14220116;09/09/2026 10:13:32;3;2;TR 0000  125035;01;CARPINTERIA;2090863;DEP_108;EXIBICION MONTES DE OCA;.;953157;"80-203         ";80-203 - DUCHA EMB C/TRANSF. MONOCOMANDO ADRA;1;1;1;23250656;090926101331483;182598253;;;;07/27/2031 00:00:00;1;13879063;09/09/2026 10:13:31;Maximiliano;Nievas;24529068;09/09/2026 08:39:29;6867;Javier;Lescano;Maximiliano Nievas;Javier Lescano
14220116;09/09/2026 10:13:32;3;2;TR 0000  125035;01;CARPINTERIA;2090863;DEP_108;EXIBICION MONTES DE OCA;.;953161;"80-205         ";80-205 - DUCHA EMB. C/TRANSF. MONOC STEEL;1;1;1;23250656;090926101331483;182599289;;;;08/11/2031 00:00:00;1;13879063;09/09/2026 10:13:31;Maximiliano;Nievas;24529068;09/09/2026 08:39:29;6867;Javier;Lescano;Maximiliano Nievas;Javier Lescano
14220116;09/09/2026 10:13:32;3;2;TR 0000  125035;01;CARPINTERIA;2090863;DEP_108;EXIBICION MONTES DE OCA;.;952708;"61-168         ";61-168 - LAVATORIO MONOC ALTO CR WAVE;2;2;2;23250656;090926101331483;182601329;;;;07/27/2031 00:00:00;2;13879063;09/09/2026 10:13:31;Maximiliano;Nievas;24529068;09/09/2026 08:39:29;6867;Javier;Lescano;Maximiliano Nievas;Javier Lescano
14220116;09/09/2026 10:13:32;3;2;TR 0000  125035;01;CARPINTERIA;2090863;DEP_108;EXIBICION MONTES DE OCA;.;952678;"60-203N        ";"LAVATORIO MONOCOMANDO BAJO ADRA BLACK                                 ";1;1;1;23250814;090926095243318;182598478;;;;01/06/2032 00:00:00;1;13878973;09/09/2026 09:52:43;Maximiliano;Nievas;24529236;09/09/2026 08:24:39;7807;Nicolas;Perez;Maximiliano Nievas;Nicolas Perez
14220116;09/09/2026 10:13:32;3;2;TR 0000  125035;01;CARPINTERIA;2090863;DEP_108;EXIBICION MONTES DE OCA;.;952677;"60-203         ";60-203 - LAVATORIO MONOCOMANDO BAJO ADRA;1;1;1;23250814;090926095243318;182598251;;;;02/10/2032 00:00:00;1;13878973;09/09/2026 09:52:43;Maximiliano;Nievas;24529236;09/09/2026 08:24:39;7807;Nicolas;Perez;Maximiliano Nievas;Nicolas Perez
14220116;09/09/2026 10:13:32;3;2;TR 0000  125035;01;CARPINTERIA;2090863;DEP_108;EXIBICION MONTES DE OCA;.;952727;"61-203N        ";"LAVATORIO MONOCOMANDO ALTO ADRA BLACK                                 ";1;1;1;23250814;090926095243318;182598534;;;;01/06/2032 00:00:00;1;13878973;09/09/2026 09:52:43;Maximiliano;Nievas;24529236;09/09/2026 08:24:39;7807;Nicolas;Perez;Maximiliano Nievas;Nicolas Perez
14220116;09/09/2026 10:13:32;3;2;TR 0000  125035;01;CARPINTERIA;2090863;DEP_108;EXIBICION MONTES DE OCA;.;952726;"61-203         ";61-203 - LAVATORIO MONOCOMANDO ALTO ADRA;1;1;1;23250814;090926095243318;182598299;;;;01/11/2032 00:00:00;1;13878973;09/09/2026 09:52:43;Maximiliano;Nievas;24529236;09/09/2026 08:24:39;7807;Nicolas;Perez;Maximiliano Nievas;Nicolas Perez
14220116;09/09/2026 10:13:32;3;2;TR 0000  125035;01;CARPINTERIA;2090863;DEP_108;EXIBICION MONTES DE OCA;.;953154;"80-200N        ";80-200N - DUCHA EMB. MONOC. 3 FUNCIONES BLACK FABRIC;1;1;1;23250814;090926095243318;182598878;;;;01/04/2032 00:00:00;1;13878973;09/09/2026 09:52:43;Maximiliano;Nievas;24529236;09/09/2026 08:24:39;7807;Nicolas;Perez;Maximiliano Nievas;Nicolas Perez
14220116;09/09/2026 10:13:32;3;2;TR 0000  125035;01;CARPINTERIA;2090863;DEP_108;EXIBICION MONTES DE OCA;.;955159;"D439           ";D439 - KIT DE DUCHA MANUAL;2;2;2;23250814;090926095243318;182599087;;;;12/16/2031 00:00:00;2;13878973;09/09/2026 09:52:43;Maximiliano;Nievas;24529236;09/09/2026 08:24:39;7807;Nicolas;Perez;Maximiliano Nievas;Nicolas Perez
14221099;09/09/2026 08:10:31;3;2;0001  214823-1;05;URGENTE 2;2092901;"HO07    ";"HOKAMAT SRL                                       ";AV. PTE. PERON 2787;956415;"INO104-1       ";"INODORO BLANCO C/ASIENTO LINEA STONE                                  ";8;8;8;23248753;080926231030628;182585514;;;;01/20/2032 00:00:00;8;13876212;09/09/2026 08:10:30;Mirko;Hernandez;24527228;09/09/2026 07:39:19;6867;Javier;Lescano;Mirko Hernandez;Javier Lescano
14221099;09/09/2026 08:10:31;3;2;0001  214823-1;05;URGENTE 2;2092901;"HO07    ";"HOKAMAT SRL                                       ";AV. PTE. PERON 2787;956416;"INO104-2       ";"DEPOSITO C/DESCARGA DUAL BLANCO LINEA STONE                           ";8;8;8;23250253;080926230311964;182583681;;;;10/18/2031 00:00:00;8;13876223;09/09/2026 08:03:12;Mirko;Hernandez;;;;;;Mirko Hernandez;
14221099;09/09/2026 08:10:31;3;2;0001  214823-1;05;URGENTE 2;2092901;"HO07    ";"HOKAMAT SRL                                       ";AV. PTE. PERON 2787;954942;"BID102-1       ";"BIDE 1 AGUJERO BLANCO LINEA LOFT                                      ";12;12;12;23250253;080926230311964;182593345;;;;01/28/2032 00:00:00;2;13876223;09/09/2026 08:03:12;Mirko;Hernandez;;;;;;Mirko Hernandez;
14221099;09/09/2026 08:10:31;3;2;0001  214823-1;05;URGENTE 2;2092901;"HO07    ";"HOKAMAT SRL                                       ";AV. PTE. PERON 2787;954942;"BID102-1       ";"BIDE 1 AGUJERO BLANCO LINEA LOFT                                      ";12;12;12;23250418;080926230704376;182583249;;;;01/28/2032 00:00:00;10;13876290;09/09/2026 08:07:04;Mirko;Hernandez;;;;;;Mirko Hernandez;
14221100;09/09/2026 09:34:15;3;2;0001  214825-1;05;URGENTE 2;2092901;"HO07    ";"HOKAMAT SRL                                       ";AV. PTE. PERON 2787;957572;"RA1205         ";RA1205 - 10 BUJES INTERIOR NYLON;1;1;1;23248350;090926083841335;182580454;;;;10/11/2031 00:00:00;1;13876933;09/09/2026 08:38:41;Tiago;Rodriguez;24526792;09/09/2026 07:00:37;7807;Nicolas;Perez;Tiago Rodriguez;Nicolas Perez
14221100;09/09/2026 09:34:15;3;2;0001  214825-1;05;URGENTE 2;2092901;"HO07    ";"HOKAMAT SRL                                       ";AV. PTE. PERON 2787;957551;"RA1191         ";RA1191 - 10 CONJ. PROLONGADOR CORTO (TORNILLO+TUBO) VOLANTE;1;1;1;23248350;090926083841335;182580387;;;;08/02/2031 00:00:00;1;13876933;09/09/2026 08:38:41;Tiago;Rodriguez;24526792;09/09/2026 07:00:37;7807;Nicolas;Perez;Tiago Rodriguez;Nicolas Perez
14221100;09/09/2026 09:34:15;3;2;0001  214825-1;05;URGENTE 2;2092901;"HO07    ";"HOKAMAT SRL                                       ";AV. PTE. PERON 2787;951136;"13040          ";"PORTA ROLLO LINEA 13000                                               ";3;3;3;23248350;090926083841335;182580648;;;;07/31/2031 00:00:00;3;13876933;09/09/2026 08:38:41;Tiago;Rodriguez;24526792;09/09/2026 07:00:37;7807;Nicolas;Perez;Tiago Rodriguez;Nicolas Perez
14221100;09/09/2026 09:34:15;3;2;0001  214825-1;05;URGENTE 2;2092901;"HO07    ";"HOKAMAT SRL                                       ";AV. PTE. PERON 2787;951135;"13030          ";"PERCHA LINEA 13000                                                    ";4;4;4;23248350;090926083841335;182580605;;;;07/31/2031 00:00:00;4;13876933;09/09/2026 08:38:41;Tiago;Rodriguez;24526792;09/09/2026 07:00:37;7807;Nicolas;Perez;Tiago Rodriguez;Nicolas Perez
14221100;09/09/2026 09:34:15;3;2;0001  214825-1;05;URGENTE 2;2092901;"HO07    ";"HOKAMAT SRL                                       ";AV. PTE. PERON 2787;953072;"80-100N        ";80-100N - DUCHA EMB. C/TRANSF. BLACK C.CERAM FABRIC;1;1;1;23248677;090926092542272;182585387;;;;10/29/2031 00:00:00;1;13877999;09/09/2026 09:25:42;Tiago;Rodriguez;24527150;09/09/2026 07:29:23;7807;Nicolas;Perez;Tiago Rodriguez;Nicolas Perez
14221100;09/09/2026 09:34:15;3;2;0001  214825-1;05;URGENTE 2;2092901;"HO07    ";"HOKAMAT SRL                                       ";AV. PTE. PERON 2787;953136;"80-190P        ";80-190P - DUCHA EMB. C/TRANSF. C.CERAM BLACK VELVET PLUS;2;2;2;23248677;090926092542272;182584313;;;;07/30/2031 00:00:00;1;13877999;09/09/2026 09:25:42;Tiago;Rodriguez;24527150;09/09/2026 07:29:23;7807;Nicolas;Perez;Tiago Rodriguez;Nicolas Perez
14221100;09/09/2026 09:34:15;3;2;0001  214825-1;05;URGENTE 2;2092901;"HO07    ";"HOKAMAT SRL                                       ";AV. PTE. PERON 2787;953354;"85-201NI       ";85-201NI - DUCHA EMB C/TRANSF Y DUCHADOR C.CERAM BEAT NICKEL;1;1;1;23248677;090926092542272;182583995;;;;01/11/2032 00:00:00;1;13877999;09/09/2026 09:25:42;Tiago;Rodriguez;24527150;09/09/2026 07:29:23;7807;Nicolas;Perez;Tiago Rodriguez;Nicolas Perez
14221100;09/09/2026 09:34:15;3;2;0001  214825-1;05;URGENTE 2;2092901;"HO07    ";"HOKAMAT SRL                                       ";AV. PTE. PERON 2787;951512;"20-122         ";"MONOCOMANDO COCINA CR C/PICO EXTRAIBLE VALENCIA                       ";6;6;6;23250209;090926093412249;182595544;;;;08/06/2031 00:00:00;6;13878308;09/09/2026 09:34:12;Tiago;Rodriguez;24528660;09/09/2026 08:16:09;7636;Kevin;Arce;Tiago Rodriguez;Kevin Arce
14221100;09/09/2026 09:34:15;3;2;0001  214825-1;05;URGENTE 2;2092901;"HO07    ";"HOKAMAT SRL                                       ";AV. PTE. PERON 2787;954918;"BCH16          ";BCH16 - BACHA DE APOYAR BLANCA 610x457x254 C/DESAGOTE Y REJILLA;1;1;1;23250523;090926093007770;182596162;;;;01/06/2032 00:00:00;1;13878245;09/09/2026 09:30:07;Tiago;Rodriguez;24528915;09/09/2026 08:14:54;7807;Nicolas;Perez;Tiago Rodriguez;Nicolas Perez
14221100;09/09/2026 09:34:15;3;2;0001  214825-1;05;URGENTE 2;2092901;"HO07    ";"HOKAMAT SRL                                       ";AV. PTE. PERON 2787;952634;"60-162         ";60-162 - LAVATORIO CR C.CERAM LINEA ADRA;6;6;6;23253757;090926092223817;182583668;;;;07/29/2031 00:00:00;6;13878014;09/09/2026 09:22:23;Tiago;Rodriguez;;;;;;Tiago Rodriguez;
14221100;09/09/2026 09:34:15;3;2;0001  214825-1;05;URGENTE 2;2092901;"HO07    ";"HOKAMAT SRL                                       ";AV. PTE. PERON 2787;952888;"70-122         ";70-122 - BIDE C.CERAM CR VALENCIA;2;2;2;23253757;090926092223817;182584550;;;;10/26/2031 00:00:00;2;13878014;09/09/2026 09:22:23;Tiago;Rodriguez;;;;;;Tiago Rodriguez;
14221100;09/09/2026 09:34:15;3;2;0001  214825-1;05;URGENTE 2;2092901;"HO07    ";"HOKAMAT SRL                                       ";AV. PTE. PERON 2787;953059;"80-057         ";80-057 - DUCHA EMB. C/TRANSF. C.STD VERIN PLUS;2;2;2;23253757;090926092223817;182582879;;;;01/04/2032 00:00:00;2;13878014;09/09/2026 09:22:23;Tiago;Rodriguez;;;;;;Tiago Rodriguez;
14221100;09/09/2026 09:34:15;3;2;0001  214825-1;05;URGENTE 2;2092901;"HO07    ";"HOKAMAT SRL                                       ";AV. PTE. PERON 2787;952914;"70-163         ";70-163 - BIDE CR C.CERAM SENA;2;2;2;23253802;090926092322332;182585690;;;;07/27/2031 00:00:00;2;13878043;09/09/2026 09:23:22;Tiago;Rodriguez;;;;;;Tiago Rodriguez;
14221100;09/09/2026 09:34:15;3;2;0001  214825-1;05;URGENTE 2;2092901;"HO07    ";"HOKAMAT SRL                                       ";AV. PTE. PERON 2787;952912;"70-162         ";70-162 - BIDE CR C.CERAM LINEA ADRA;3;3;3;23253802;090926092322332;182583096;;;;07/29/2031 00:00:00;3;13878043;09/09/2026 09:23:22;Tiago;Rodriguez;;;;;;Tiago Rodriguez;
14221100;09/09/2026 09:34:15;3;2;0001  214825-1;05;URGENTE 2;2092901;"HO07    ";"HOKAMAT SRL                                       ";AV. PTE. PERON 2787;952760;"62-163         ";62-163 - LAVATORIO PARED EMB. C.CERAM SENA;1;1;1;23253802;090926092322332;182584793;;;;07/31/2031 00:00:00;1;13878043;09/09/2026 09:23:22;Tiago;Rodriguez;;;;;;Tiago Rodriguez;
14221100;09/09/2026 09:34:15;3;2;0001  214825-1;05;URGENTE 2;2092901;"HO07    ";"HOKAMAT SRL                                       ";AV. PTE. PERON 2787;952582;"60-057         ";60-057 - LAVATORIO C.STD VERIN PLUS;4;4;4;23253802;090926092322332;182582697;;;;01/31/2032 00:00:00;4;13878043;09/09/2026 09:23:22;Tiago;Rodriguez;;;;;;Tiago Rodriguez;
14221100;09/09/2026 09:34:15;3;2;0001  214825-1;05;URGENTE 2;2092901;"HO07    ";"HOKAMAT SRL                                       ";AV. PTE. PERON 2787;953477;"934/CR         ";934/CR - J.PARED C/EXT CRUZ CR/CR ARES;1;1;1;23253860;090926092412909;182585235;;;;02/09/2032 00:00:00;1;13878068;09/09/2026 09:24:13;Tiago;Rodriguez;;;;;;Tiago Rodriguez;
14221100;09/09/2026 09:34:15;3;2;0001  214825-1;05;URGENTE 2;2092901;"HO07    ";"HOKAMAT SRL                                       ";AV. PTE. PERON 2787;953107;"80-162         ";80-162 - DUCHA EMB. C/TRANSF. CR C.CERAM ADRA;1;1;1;23253860;090926092412909;182583373;;;;07/29/2031 00:00:00;1;13878068;09/09/2026 09:24:13;Tiago;Rodriguez;;;;;;Tiago Rodriguez;
14221100;09/09/2026 09:34:15;3;2;0001  214825-1;05;URGENTE 2;2092901;"HO07    ";"HOKAMAT SRL                                       ";AV. PTE. PERON 2787;952936;"70-190         ";70-190 - BIDE C.CERAM BLACK VELVET;2;2;2;23253860;090926092412909;182584431;;;;11/08/2031 00:00:00;2;13878068;09/09/2026 09:24:13;Tiago;Rodriguez;;;;;;Tiago Rodriguez;
14221100;09/09/2026 09:34:15;3;2;0001  214825-1;05;URGENTE 2;2092901;"HO07    ";"HOKAMAT SRL                                       ";AV. PTE. PERON 2787;952860;"70-057         ";70-057 - BIDE C.STD VERIN PLUS;2;2;2;23253860;090926092412909;182582544;;;;01/27/2032 00:00:00;2;13878068;09/09/2026 09:24:13;Tiago;Rodriguez;;;;;;Tiago Rodriguez;
14221100;09/09/2026 09:34:15;3;2;0001  214825-1;05;URGENTE 2;2092901;"HO07    ";"HOKAMAT SRL                                       ";AV. PTE. PERON 2787;952438;"51-058         ";51-058 - COCINA MESADA CR C.STD MALBA;1;1;1;23253860;090926092412909;182582435;;;;10/19/2031 00:00:00;1;13878068;09/09/2026 09:24:13;Tiago;Rodriguez;;;;;;Tiago Rodriguez;
14221100;09/09/2026 09:34:15;3;2;0001  214825-1;05;URGENTE 2;2092901;"HO07    ";"HOKAMAT SRL                                       ";AV. PTE. PERON 2787;952437;"51-057         ";51-057 - COCINA MESADA CR C.STD VERIN PLUS;1;1;1;23253860;090926092412909;182585047;;;;01/27/2032 00:00:00;1;13878068;09/09/2026 09:24:13;Tiago;Rodriguez;;;;;;Tiago Rodriguez;
14221100;09/09/2026 09:34:15;3;2;0001  214825-1;05;URGENTE 2;2092901;"HO07    ";"HOKAMAT SRL                                       ";AV. PTE. PERON 2787;952636;"60-163         ";60-163 - LAVATORIO CR C.CERAM SENA;1;1;1;23253885;090926092447200;182585732;;;;07/29/2031 00:00:00;1;13878084;09/09/2026 09:24:47;Tiago;Rodriguez;;;;;;Tiago Rodriguez;
14221100;09/09/2026 09:34:15;3;2;0001  214825-1;05;URGENTE 2;2092901;"HO07    ";"HOKAMAT SRL                                       ";AV. PTE. PERON 2787;953109;"80-166         ";"DUCHA EMB. C/TRANSF. CR C.CERAM ADRA PLUS                             ";1;1;1;23253885;090926092447200;182583219;;;;01/18/2032 00:00:00;1;13878084;09/09/2026 09:24:47;Tiago;Rodriguez;;;;;;Tiago Rodriguez;
14221100;09/09/2026 09:34:15;3;2;0001  214825-1;05;URGENTE 2;2092901;"HO07    ";"HOKAMAT SRL                                       ";AV. PTE. PERON 2787;953136;"80-190P        ";80-190P - DUCHA EMB. C/TRANSF. C.CERAM BLACK VELVET PLUS;2;2;2;23253898;090926092515837;182620853;;;;07/30/2031 00:00:00;1;13878099;09/09/2026 09:25:15;Tiago;Rodriguez;;;;;;Tiago Rodriguez;
14221100;09/09/2026 09:34:15;3;2;0001  214825-1;05;URGENTE 2;2092901;"HO07    ";"HOKAMAT SRL                                       ";AV. PTE. PERON 2787;953108;"80-163         ";80-163 - DUCHA EMB. C/TRANSF. CR C.CERAM SENA;2;2;2;23253898;090926092515837;182585978;;;;09/09/2031 00:00:00;2;13878099;09/09/2026 09:25:15;Tiago;Rodriguez;;;;;;Tiago Rodriguez;
14221100;09/09/2026 09:34:15;3;2;0001  214825-1;05;URGENTE 2;2092901;"HO07    ";"HOKAMAT SRL                                       ";AV. PTE. PERON 2787;954907;"BCH06          ";BCH06 - BACHA DE APOYAR CIRCULAR 415x135;1;1;1;23254166;090926092958772;182596662;;;;10/04/2031 00:00:00;1;13878250;09/09/2026 09:29:58;Tiago;Rodriguez;;;;;;Tiago Rodriguez;
14221100;09/09/2026 09:34:15;3;2;0001  214825-1;05;URGENTE 2;2092901;"HO07    ";"HOKAMAT SRL                                       ";AV. PTE. PERON 2787;951258;"16006          ";16006 - SET 6 PIEZAS ACCESORIOS LINEA 16000;2;2;2;23254274;090926093209965;182596603;;;;07/29/2031 00:00:00;2;13878328;09/09/2026 09:32:09;Tiago;Rodriguez;;;;;;Tiago Rodriguez;
14221100;09/09/2026 09:34:15;3;2;0001  214825-1;05;URGENTE 2;2092901;"HO07    ";"HOKAMAT SRL                                       ";AV. PTE. PERON 2787;952954;"70-203         ";70-203 - BIDE MONOCOMANDO ADRA;2;2;2;23254274;090926093209965;182596043;;;;07/29/2031 00:00:00;2;13878328;09/09/2026 09:32:09;Tiago;Rodriguez;;;;;;Tiago Rodriguez;
14221100;09/09/2026 09:34:15;3;2;0001  214825-1;05;URGENTE 2;2092901;"HO07    ";"HOKAMAT SRL                                       ";AV. PTE. PERON 2787;952679;"60-205         ";60-205 - LAVATORIO MONOC BAJO STEEL;1;1;1;23254300;090926093237090;182593518;;;;07/27/2031 00:00:00;1;13878347;09/09/2026 09:32:37;Tiago;Rodriguez;;;;;;Tiago Rodriguez;
14221100;09/09/2026 09:34:15;3;2;0001  214825-1;05;URGENTE 2;2092901;"HO07    ";"HOKAMAT SRL                                       ";AV. PTE. PERON 2787;952794;"63-152         ";63-152 - LAVATORIO PARED EMBUTIR CR MONOC. SORIA;3;3;3;23254300;090926093237090;182594959;;;;07/28/2031 00:00:00;3;13878347;09/09/2026 09:32:37;Tiago;Rodriguez;;;;;;Tiago Rodriguez;
14221100;09/09/2026 09:34:15;3;2;0001  214825-1;05;URGENTE 2;2092901;"HO07    ";"HOKAMAT SRL                                       ";AV. PTE. PERON 2787;953102;"80-152         ";80-152 - DUCHA EMB. CR C/TRANSF. MONOCOMANDO SORIA;1;1;1;23254356;090926093316890;182595188;;;;10/26/2031 00:00:00;1;13878366;09/09/2026 09:33:16;Tiago;Rodriguez;;;;;;Tiago Rodriguez;
14221100;09/09/2026 09:34:15;3;2;0001  214825-1;05;URGENTE 2;2092901;"HO07    ";"HOKAMAT SRL                                       ";AV. PTE. PERON 2787;951299;"17030C         ";17030C - PERCHA LINEA FABRIC CROMO;2;2;2;23254356;090926093316890;182596203;;;;11/10/2031 00:00:00;2;13878366;09/09/2026 09:33:16;Tiago;Rodriguez;;;;;;Tiago Rodriguez;
14221100;09/09/2026 09:34:15;3;2;0001  214825-1;05;URGENTE 2;2092901;"HO07    ";"HOKAMAT SRL                                       ";AV. PTE. PERON 2787;952468;"52-121N        ";52-121N - GRIFERIA REBATIBLE LLENADO DE OLLAS MARBELLA BLACK;2;2;2;23254356;090926093316890;182594594;;;;07/28/2031 00:00:00;2;13878366;09/09/2026 09:33:16;Tiago;Rodriguez;;;;;;Tiago Rodriguez;
14221100;09/09/2026 09:34:15;3;2;0001  214825-1;05;URGENTE 2;2092901;"HO07    ";"HOKAMAT SRL                                       ";AV. PTE. PERON 2787;952728;"61-205         ";61-205 - LAVATORIO MONOC ALTO STEEL;1;1;1;23254356;090926093316890;182593644;;;;07/28/2031 00:00:00;1;13878366;09/09/2026 09:33:16;Tiago;Rodriguez;;;;;;Tiago Rodriguez;
14221100;09/09/2026 09:34:15;3;2;0001  214825-1;05;URGENTE 2;2092901;"HO07    ";"HOKAMAT SRL                                       ";AV. PTE. PERON 2787;951563;"20-202NI       ";20-202NI - MONOCOMANDO COCINA NICKEL HOOP;1;1;1;23254388;090926093349090;182594729;;;;07/29/2031 00:00:00;1;13878380;09/09/2026 09:33:49;Tiago;Rodriguez;;;;;;Tiago Rodriguez;
14221100;09/09/2026 09:34:15;3;2;0001  214825-1;05;URGENTE 2;2092901;"HO07    ";"HOKAMAT SRL                                       ";AV. PTE. PERON 2787;951523;"20-134         ";20-134 - MONOCOMANDO COCINA BETIS;3;3;3;23254388;090926093349090;182596754;;;;08/11/2031 00:00:00;3;13878380;09/09/2026 09:33:49;Tiago;Rodriguez;;;;;;Tiago Rodriguez;
14221101;09/09/2026 10:02:09;3;2;0001  215099-1;05;URGENTE 2;2092901;"HO07    ";"HOKAMAT SRL                                       ";AV. PTE. PERON 2787;951607;"21100N         ";21100N - ESTANTE ORGANIZADOR RECTANGULAR BLACK 25x12x7;4;4;4;23250330;090926100209219;182594502;;;;07/27/2031 00:00:00;4;13879128;09/09/2026 10:02:09;Tiago;Rodriguez;24528749;09/09/2026 08:08:19;7807;Nicolas;Perez;Tiago Rodriguez;Nicolas Perez
14221102;09/09/2026 09:41:39;3;2;0001  215145-1;05;URGENTE 2;2092901;"HO07    ";"HOKAMAT SRL                                       ";AV. PTE. PERON 2787;953240;"81-201NI       ";81-201NI - DUCHA EMB S/TRANSF C.CERAM NICKEL BEAT;1;1;1;23250057;090926094137942;182593628;;;;07/29/2031 00:00:00;1;13878671;09/09/2026 09:41:37;Tiago;Rodriguez;24528503;09/09/2026 08:04:41;6867;Javier;Lescano;Tiago Rodriguez;Javier Lescano
14221141;09/09/2026 10:21:25;3;2;0008    2846-2;05;URGENTE 2;2091843;"CO28    ";"CONSTRUDISENO S.A.                                ";RUTA 197 Y PANAMERICANA;956411;"INO102-1       ";"INODORO BLANCO C/ASIENTO LINEA LOFT                                   ";2;2;2;23249834;090926102125076;182591748;;;;02/24/2032 00:00:00;2;13879917;09/09/2026 10:21:25;Gustavo;Soderquvist;24528314;09/09/2026 07:57:44;6922;Franco;Potenza;Gustavo Soderquvist;Franco Potenza
14221143;09/09/2026 09:36:33;3;2;0008    2884-1;05;URGENTE 2;2091843;"CO28    ";"CONSTRUDISENO S.A.                                ";RUTA 197 Y PANAMERICANA;956411;"INO102-1       ";"INODORO BLANCO C/ASIENTO LINEA LOFT                                   ";3;3;3;23249163;090926001137540;182590942;;;;02/24/2032 00:00:00;2;13877572;09/09/2026 09:11:37;Mirko;Hernandez;24527614;09/09/2026 08:01:20;7636;Kevin;Arce;Mirko Hernandez;Kevin Arce
14221143;09/09/2026 09:36:33;3;2;0008    2884-1;05;URGENTE 2;2091843;"CO28    ";"CONSTRUDISENO S.A.                                ";RUTA 197 Y PANAMERICANA;956415;"INO104-1       ";"INODORO BLANCO C/ASIENTO LINEA STONE                                  ";5;5;5;23249163;090926001137540;182587790;;;;01/20/2032 00:00:00;4;13877572;09/09/2026 09:11:37;Mirko;Hernandez;24527614;09/09/2026 08:01:20;7636;Kevin;Arce;Mirko Hernandez;Kevin Arce
14221143;09/09/2026 09:36:33;3;2;0008    2884-1;05;URGENTE 2;2091843;"CO28    ";"CONSTRUDISENO S.A.                                ";RUTA 197 Y PANAMERICANA;954912;"BCH11BM        ";BCH11BM - BACHA DE APOYAR REDONDA BLANCO MATE 400x400x125;3;3;3;23249268;090926001543692;182588870;;;;08/17/2031 00:00:00;3;13877836;09/09/2026 09:15:43;Mirko;Hernandez;24527736;09/09/2026 07:44:13;7807;Nicolas;Perez;Mirko Hernandez;Nicolas Perez
14221143;09/09/2026 09:36:33;3;2;0008    2884-1;05;URGENTE 2;2091843;"CO28    ";"CONSTRUDISENO S.A.                                ";RUTA 197 Y PANAMERICANA;954885;"BAI01NI        ";BAI01NI - BACHA EMB COCINA C/ACCESORIOS 750x450x220 NICKEL BRUSHED;2;2;2;23249268;090926001543692;182587441;;;;09/28/2031 00:00:00;2;13877836;09/09/2026 09:15:43;Mirko;Hernandez;24527736;09/09/2026 07:44:13;7807;Nicolas;Perez;Mirko Hernandez;Nicolas Perez
14221143;09/09/2026 09:36:33;3;2;0008    2884-1;05;URGENTE 2;2091843;"CO28    ";"CONSTRUDISENO S.A.                                ";RUTA 197 Y PANAMERICANA;954921;"BCH18          ";BCH18 - BACHA DE APOYAR SIMIL MARMOL 460x320x140;1;1;1;23249268;090926001543692;182589091;;;;10/04/2031 00:00:00;1;13877836;09/09/2026 09:15:43;Mirko;Hernandez;24527736;09/09/2026 07:44:13;7807;Nicolas;Perez;Mirko Hernandez;Nicolas Perez
14221143;09/09/2026 09:36:33;3;2;0008    2884-1;05;URGENTE 2;2091843;"CO28    ";"CONSTRUDISENO S.A.                                ";RUTA 197 Y PANAMERICANA;954918;"BCH16          ";BCH16 - BACHA DE APOYAR BLANCA 610x457x254 C/DESAGOTE Y REJILLA;1;1;1;23249268;090926001543692;182588557;;;;01/06/2032 00:00:00;1;13877836;09/09/2026 09:15:43;Mirko;Hernandez;24527736;09/09/2026 07:44:13;7807;Nicolas;Perez;Mirko Hernandez;Nicolas Perez
14221143;09/09/2026 09:36:33;3;2;0008    2884-1;05;URGENTE 2;2091843;"CO28    ";"CONSTRUDISENO S.A.                                ";RUTA 197 Y PANAMERICANA;952677;"60-203         ";60-203 - LAVATORIO MONOCOMANDO BAJO ADRA;3;3;3;23249745;090926003632968;182591448;;;;02/10/2032 00:00:00;3;13878344;09/09/2026 09:36:32;Mirko;Hernandez;24528229;09/09/2026 08:02:43;7807;Nicolas;Perez;Mirko Hernandez;Nicolas Perez
14221143;09/09/2026 09:36:33;3;2;0008    2884-1;05;URGENTE 2;2091843;"CO28    ";"CONSTRUDISENO S.A.                                ";RUTA 197 Y PANAMERICANA;952953;"70-201NI       ";70-201NI - BIDE CR C.CERAM BEAT NICKEL;1;1;1;23249745;090926003632968;182591072;;;;07/29/2031 00:00:00;1;13878344;09/09/2026 09:36:32;Mirko;Hernandez;24528229;09/09/2026 08:02:43;7807;Nicolas;Perez;Mirko Hernandez;Nicolas Perez
14221143;09/09/2026 09:36:33;3;2;0008    2884-1;05;URGENTE 2;2091843;"CO28    ";"CONSTRUDISENO S.A.                                ";RUTA 197 Y PANAMERICANA;952765;"62-175DG       ";62-175DG - LAVATORIO DE PARED PULSE DARK GOLD C.CERAM;1;1;1;23249745;090926003632968;182592633;;;;07/31/2031 00:00:00;1;13878344;09/09/2026 09:36:32;Mirko;Hernandez;24528229;09/09/2026 08:02:43;7807;Nicolas;Perez;Mirko Hernandez;Nicolas Perez
14221143;09/09/2026 09:36:33;3;2;0008    2884-1;05;URGENTE 2;2091843;"CO28    ";"CONSTRUDISENO S.A.                                ";RUTA 197 Y PANAMERICANA;951530;"20-146         ";20-146 - MONOCOMANDO DE COCINA CR LINEA MOVE;2;2;2;23250134;090926003014882;182596535;;;;10/09/2031 00:00:00;2;13878086;09/09/2026 09:30:14;Mirko;Hernandez;24528587;09/09/2026 08:17:16;6922;Franco;Potenza;Mirko Hernandez;Franco Potenza
14221143;09/09/2026 09:36:33;3;2;0008    2884-1;05;URGENTE 2;2091843;"CO28    ";"CONSTRUDISENO S.A.                                ";RUTA 197 Y PANAMERICANA;951536;"20-162         ";20-162 - MONOCOMANDO COCINA ADRA;1;1;1;23250134;090926003014882;182596726;;;;07/28/2031 00:00:00;1;13878086;09/09/2026 09:30:14;Mirko;Hernandez;24528587;09/09/2026 08:17:16;6922;Franco;Potenza;Mirko Hernandez;Franco Potenza
14221143;09/09/2026 09:36:33;3;2;0008    2884-1;05;URGENTE 2;2091843;"CO28    ";"CONSTRUDISENO S.A.                                ";RUTA 197 Y PANAMERICANA;952707;"61-152         ";61-152 - LAVATORIO MONOCOMANDO CROMO ALTO SORIA;1;1;1;23250134;090926003014882;182594644;;;;07/27/2031 00:00:00;1;13878086;09/09/2026 09:30:14;Mirko;Hernandez;24528587;09/09/2026 08:17:16;6922;Franco;Potenza;Mirko Hernandez;Franco Potenza
14221143;09/09/2026 09:36:33;3;2;0008    2884-1;05;URGENTE 2;2091843;"CO28    ";"CONSTRUDISENO S.A.                                ";RUTA 197 Y PANAMERICANA;952724;"61-200G        ";61-200G - LAVATORIO MONOC ALTO GOLD FABRIC;1;1;1;23250134;090926003014882;182595127;;;;07/27/2031 00:00:00;1;13878086;09/09/2026 09:30:14;Mirko;Hernandez;24528587;09/09/2026 08:17:16;6922;Franco;Potenza;Mirko Hernandez;Franco Potenza
14221143;09/09/2026 09:36:33;3;2;0008    2884-1;05;URGENTE 2;2091843;"CO28    ";"CONSTRUDISENO S.A.                                ";RUTA 197 Y PANAMERICANA;954947;"BID104-3       ";"BIDE 3 AGUJEROS BLANCO LINEA STONE                                    ";1;1;1;23253133;090926000921922;182587308;;;;07/30/2031 00:00:00;1;13877662;09/09/2026 09:09:22;Mirko;Hernandez;;;;;;Mirko Hernandez;
14221143;09/09/2026 09:36:33;3;2;0008    2884-1;05;URGENTE 2;2091843;"CO28    ";"CONSTRUDISENO S.A.                                ";RUTA 197 Y PANAMERICANA;954946;"BID104-1       ";"BIDE 1 AGUJERO BLANCO LINEA STONE                                     ";5;3;3;23253133;090926000921922;182586650;;;;01/20/2032 00:00:00;3;13877662;09/09/2026 09:09:22;Mirko;Hernandez;;;;;;Mirko Hernandez;
14221143;09/09/2026 09:36:33;3;2;0008    2884-1;05;URGENTE 2;2091843;"CO28    ";"CONSTRUDISENO S.A.                                ";RUTA 197 Y PANAMERICANA;956415;"INO104-1       ";"INODORO BLANCO C/ASIENTO LINEA STONE                                  ";5;5;5;23253133;090926000921922;182615125;;;;01/20/2032 00:00:00;1;13877662;09/09/2026 09:09:22;Mirko;Hernandez;;;;;;Mirko Hernandez;
14221143;09/09/2026 09:36:33;3;2;0008    2884-1;05;URGENTE 2;2091843;"CO28    ";"CONSTRUDISENO S.A.                                ";RUTA 197 Y PANAMERICANA;956411;"INO102-1       ";"INODORO BLANCO C/ASIENTO LINEA LOFT                                   ";3;3;3;23253133;090926000921922;182615124;;;;02/24/2032 00:00:00;1;13877662;09/09/2026 09:09:22;Mirko;Hernandez;;;;;;Mirko Hernandez;
14221143;09/09/2026 09:36:33;3;2;0008    2884-1;05;URGENTE 2;2091843;"CO28    ";"CONSTRUDISENO S.A.                                ";RUTA 197 Y PANAMERICANA;956416;"INO104-2       ";"DEPOSITO C/DESCARGA DUAL BLANCO LINEA STONE                           ";8;8;8;23253133;090926000921922;182589320;;;;10/18/2031 00:00:00;8;13877662;09/09/2026 09:09:22;Mirko;Hernandez;;;;;;Mirko Hernandez;
14221143;09/09/2026 09:36:33;3;2;0008    2884-1;05;URGENTE 2;2091843;"CO28    ";"CONSTRUDISENO S.A.                                ";RUTA 197 Y PANAMERICANA;951833;"30-132         ";30-132 - COCINA MESADA MONOC. C/DUCHADOR EXTENSIBLE VIGO;3;3;3;23253962;090926002627892;182593632;;;;07/28/2031 00:00:00;3;13878140;09/09/2026 09:26:27;Mirko;Hernandez;;;;;;Mirko Hernandez;
14221143;09/09/2026 09:36:33;3;2;0008    2884-1;05;URGENTE 2;2091843;"CO28    ";"CONSTRUDISENO S.A.                                ";RUTA 197 Y PANAMERICANA;951318;"18040          ";18040 - PORTA ROLLO NIQUEL LINEA BEAT;3;3;3;23253962;090926002627892;182594593;;;;07/28/2031 00:00:00;3;13878140;09/09/2026 09:26:27;Mirko;Hernandez;;;;;;Mirko Hernandez;
14221143;09/09/2026 09:36:33;3;2;0008    2884-1;05;URGENTE 2;2091843;"CO28    ";"CONSTRUDISENO S.A.                                ";RUTA 197 Y PANAMERICANA;951312;"18010          ";18010 - TOALLERO BARRAL NIQUEL LINEA BEAT;3;3;3;23253962;090926002627892;182594391;;;;07/29/2031 00:00:00;3;13878140;09/09/2026 09:26:27;Mirko;Hernandez;;;;;;Mirko Hernandez;
14221143;09/09/2026 09:36:33;3;2;0008    2884-1;05;URGENTE 2;2091843;"CO28    ";"CONSTRUDISENO S.A.                                ";RUTA 197 Y PANAMERICANA;951423;"20040C         ";20040C - PORTA ROLLO CR LINEA PULSE;2;2;2;23254035;090926002743898;182592867;;;;07/31/2031 00:00:00;2;13878175;09/09/2026 09:27:43;Mirko;Hernandez;;;;;;Mirko Hernandez;
14221143;09/09/2026 09:36:33;3;2;0008    2884-1;05;URGENTE 2;2091843;"CO28    ";"CONSTRUDISENO S.A.                                ";RUTA 197 Y PANAMERICANA;952638;"60-168N        ";60-168N - LAVATORIO MONOC BAJO BLACK WAVE;1;1;1;23254035;090926002743898;182593715;;;;07/27/2031 00:00:00;1;13878175;09/09/2026 09:27:43;Mirko;Hernandez;;;;;;Mirko Hernandez;
14221143;09/09/2026 09:36:33;3;2;0008    2884-1;05;URGENTE 2;2091843;"CO28    ";"CONSTRUDISENO S.A.                                ";RUTA 197 Y PANAMERICANA;952650;"60-180         ";60-180 - LAVATORIO MONOCOMANDO BAJO VERA;1;1;1;23254035;090926002743898;182594230;;;;07/28/2031 00:00:00;1;13878175;09/09/2026 09:27:43;Mirko;Hernandez;;;;;;Mirko Hernandez;
14221143;09/09/2026 09:36:33;3;2;0008    2884-1;05;URGENTE 2;2091843;"CO28    ";"CONSTRUDISENO S.A.                                ";RUTA 197 Y PANAMERICANA;952915;"70-168         ";70-168 - BIDE MONOC CR WAVE;2;2;2;23254035;090926002743898;182593839;;;;01/18/2032 00:00:00;2;13878175;09/09/2026 09:27:43;Mirko;Hernandez;;;;;;Mirko Hernandez;
14221143;09/09/2026 09:36:33;3;2;0008    2884-1;05;URGENTE 2;2091843;"CO28    ";"CONSTRUDISENO S.A.                                ";RUTA 197 Y PANAMERICANA;952916;"70-168N        ";70-168N - BIDE MONOC BLACK WAVE;1;1;1;23254035;090926002743898;182596638;;;;01/05/2032 00:00:00;1;13878175;09/09/2026 09:27:43;Mirko;Hernandez;;;;;;Mirko Hernandez;
14221143;09/09/2026 09:36:33;3;2;0008    2884-1;05;URGENTE 2;2091843;"CO28    ";"CONSTRUDISENO S.A.                                ";RUTA 197 Y PANAMERICANA;953320;"83-203         ";83-203 - DUCHA EXT C/TRANSF. MONOCOMANDO ADRA;2;2;2;23254035;090926002743898;182597174;;;;07/29/2031 00:00:00;2;13878175;09/09/2026 09:27:43;Mirko;Hernandez;;;;;;Mirko Hernandez;
14221143;09/09/2026 09:36:33;3;2;0008    2884-1;05;URGENTE 2;2091843;"CO28    ";"CONSTRUDISENO S.A.                                ";RUTA 197 Y PANAMERICANA;953159;"80-203P        ";80-203P - DUCHA EMB C/TRANSF. MONOCOMANDO ADRA PLUS;1;1;1;23254130;090926002931729;182596888;;;;07/27/2031 00:00:00;1;13878233;09/09/2026 09:29:31;Mirko;Hernandez;;;;;;Mirko Hernandez;
14221143;09/09/2026 09:36:33;3;2;0008    2884-1;05;URGENTE 2;2091843;"CO28    ";"CONSTRUDISENO S.A.                                ";RUTA 197 Y PANAMERICANA;952954;"70-203         ";70-203 - BIDE MONOCOMANDO ADRA;1;1;1;23254130;090926002931729;182597293;;;;07/29/2031 00:00:00;1;13878233;09/09/2026 09:29:31;Mirko;Hernandez;;;;;;Mirko Hernandez;
14221143;09/09/2026 09:36:33;3;2;0008    2884-1;05;URGENTE 2;2091843;"CO28    ";"CONSTRUDISENO S.A.                                ";RUTA 197 Y PANAMERICANA;951512;"20-122         ";"MONOCOMANDO COCINA CR C/PICO EXTRAIBLE VALENCIA                       ";2;2;2;23254130;090926002931729;182595456;;;;08/06/2031 00:00:00;2;13878233;09/09/2026 09:29:31;Mirko;Hernandez;;;;;;Mirko Hernandez;
14221143;09/09/2026 09:36:33;3;2;0008    2884-1;05;URGENTE 2;2091843;"CO28    ";"CONSTRUDISENO S.A.                                ";RUTA 197 Y PANAMERICANA;952950;"70-200G        ";70-200G - BIDE MONOCOMANDO GOLD FABRIC;1;1;1;23254130;090926002931729;182595710;;;;07/27/2031 00:00:00;1;13878233;09/09/2026 09:29:31;Mirko;Hernandez;;;;;;Mirko Hernandez;
14221143;09/09/2026 09:36:33;3;2;0008    2884-1;05;URGENTE 2;2091843;"CO28    ";"CONSTRUDISENO S.A.                                ";RUTA 197 Y PANAMERICANA;952928;"70-180         ";70-180 - BIDE MONOCOMANDO C/TRANSF. VERA;1;1;1;23254130;090926002931729;182594151;;;;07/27/2031 00:00:00;1;13878233;09/09/2026 09:29:31;Mirko;Hernandez;;;;;;Mirko Hernandez;
14221143;09/09/2026 09:36:33;3;2;0008    2884-1;05;URGENTE 2;2091843;"CO28    ";"CONSTRUDISENO S.A.                                ";RUTA 197 Y PANAMERICANA;952799;"63-180         ";63-180 - LAVATORIO MONOC. DE PARED VERA;2;2;2;23254130;090926002931729;182594092;;;;07/27/2031 00:00:00;2;13878233;09/09/2026 09:29:31;Mirko;Hernandez;;;;;;Mirko Hernandez;
14221143;09/09/2026 09:36:33;3;2;0008    2884-1;05;URGENTE 2;2091843;"CO28    ";"CONSTRUDISENO S.A.                                ";RUTA 197 Y PANAMERICANA;953346;"85-168         ";85-168 - DUCHA MONOC C/TRANSF Y DUCHADOR CR WAVE;1;1;1;23254366;090926003331780;182592994;;;;02/01/2032 00:00:00;1;13878372;09/09/2026 09:33:31;Mirko;Hernandez;;;;;;Mirko Hernandez;
14221143;09/09/2026 09:36:33;3;2;0008    2884-1;05;URGENTE 2;2091843;"CO28    ";"CONSTRUDISENO S.A.                                ";RUTA 197 Y PANAMERICANA;953118;"80-175DG       ";80-175DG - DUCHA EMB C/TRANSF. PULSE DARK GOLD C.CERAM;1;1;1;23254366;090926003331780;182592847;;;;10/19/2031 00:00:00;1;13878372;09/09/2026 09:33:31;Mirko;Hernandez;;;;;;Mirko Hernandez;
14221143;09/09/2026 09:36:33;3;2;0008    2884-1;05;URGENTE 2;2091843;"CO28    ";"CONSTRUDISENO S.A.                                ";RUTA 197 Y PANAMERICANA;953072;"80-100N        ";80-100N - DUCHA EMB. C/TRANSF. BLACK C.CERAM FABRIC;1;1;1;23254366;090926003331780;182592403;;;;10/29/2031 00:00:00;1;13878372;09/09/2026 09:33:31;Mirko;Hernandez;;;;;;Mirko Hernandez;
14221143;09/09/2026 09:36:33;3;2;0008    2884-1;05;URGENTE 2;2091843;"CO28    ";"CONSTRUDISENO S.A.                                ";RUTA 197 Y PANAMERICANA;953136;"80-190P        ";80-190P - DUCHA EMB. C/TRANSF. C.CERAM BLACK VELVET PLUS;1;1;1;23254389;090926003350436;182592067;;;;07/30/2031 00:00:00;1;13878381;09/09/2026 09:33:50;Mirko;Hernandez;;;;;;Mirko Hernandez;
14221143;09/09/2026 09:36:33;3;2;0008    2884-1;05;URGENTE 2;2091843;"CO28    ";"CONSTRUDISENO S.A.                                ";RUTA 197 Y PANAMERICANA;953153;"80-200G        ";80-200G - DUCHA EMB. MONOC. 3 FUNCIONES GOLD FABRIC;1;1;1;23254389;090926003350436;182593137;;;;12/03/2031 00:00:00;1;13878381;09/09/2026 09:33:50;Mirko;Hernandez;;;;;;Mirko Hernandez;
14221143;09/09/2026 09:36:33;3;2;0008    2884-1;05;URGENTE 2;2091843;"CO28    ";"CONSTRUDISENO S.A.                                ";RUTA 197 Y PANAMERICANA;953156;"80-201NI       ";80-201NI - DUCHA EMB C/TRANSF C.CERAM BEAT NICKEL;1;1;1;23254389;090926003350436;182590986;;;;11/10/2031 00:00:00;1;13878381;09/09/2026 09:33:50;Mirko;Hernandez;;;;;;Mirko Hernandez;
14221143;09/09/2026 09:36:33;3;2;0008    2884-1;05;URGENTE 2;2091843;"CO28    ";"CONSTRUDISENO S.A.                                ";RUTA 197 Y PANAMERICANA;953110;"80-166N        ";80-166N - DUCHA EMB. C/TRANSF. BLACK C.CERAM ADRA PLUS;1;1;1;23254401;090926003412202;182591784;;;;01/07/2032 00:00:00;1;13878392;09/09/2026 09:34:12;Mirko;Hernandez;;;;;;Mirko Hernandez;
14221143;09/09/2026 09:36:33;3;2;0008    2884-1;05;URGENTE 2;2091843;"CO28    ";"CONSTRUDISENO S.A.                                ";RUTA 197 Y PANAMERICANA;952726;"61-203         ";61-203 - LAVATORIO MONOCOMANDO ALTO ADRA;1;1;1;23254401;090926003412202;182591494;;;;01/11/2032 00:00:00;1;13878392;09/09/2026 09:34:12;Mirko;Hernandez;;;;;;Mirko Hernandez;
14221143;09/09/2026 09:36:33;3;2;0008    2884-1;05;URGENTE 2;2091843;"CO28    ";"CONSTRUDISENO S.A.                                ";RUTA 197 Y PANAMERICANA;952658;"60-190         ";60-190 - LAVATORIO C.CERAM BLACK VELVET;1;1;1;23254401;090926003412202;182591843;;;;08/12/2031 00:00:00;1;13878392;09/09/2026 09:34:12;Mirko;Hernandez;;;;;;Mirko Hernandez;
14221143;09/09/2026 09:36:33;3;2;0008    2884-1;05;URGENTE 2;2091843;"CO28    ";"CONSTRUDISENO S.A.                                ";RUTA 197 Y PANAMERICANA;952597;"60-100N        ";60-100N - LAVATORIO BLACK C.CERAM FABRIC;1;1;1;23254401;090926003412202;182592199;;;;12/01/2031 00:00:00;1;13878392;09/09/2026 09:34:12;Mirko;Hernandez;;;;;;Mirko Hernandez;
14221143;09/09/2026 09:36:33;3;2;0008    2884-1;05;URGENTE 2;2091843;"CO28    ";"CONSTRUDISENO S.A.                                ";RUTA 197 Y PANAMERICANA;952741;"62-100N        ";62-100N - LAVATORIO DE PARED BLACK C.CERAM FABRIC;2;2;2;23254461;090926003508458;182592330;;;;11/05/2031 00:00:00;2;13878427;09/09/2026 09:35:08;Mirko;Hernandez;;;;;;Mirko Hernandez;
14221143;09/09/2026 09:36:33;3;2;0008    2884-1;05;URGENTE 2;2091843;"CO28    ";"CONSTRUDISENO S.A.                                ";RUTA 197 Y PANAMERICANA;952774;"62-190         ";62-190 - LAVATORIO PARED EMB. C.CERAM BLACK VELVET;2;2;2;23254461;090926003508458;182591608;;;;09/02/2031 00:00:00;2;13878427;09/09/2026 09:35:08;Mirko;Hernandez;;;;;;Mirko Hernandez;
14221143;09/09/2026 09:36:33;3;2;0008    2884-1;05;URGENTE 2;2091843;"CO28    ";"CONSTRUDISENO S.A.                                ";RUTA 197 Y PANAMERICANA;952786;"62-201NI       ";62-201NI - LAVATORIO DE PARED C.CERAM BEAT NICKEL;2;2;2;23254461;090926003508458;182591257;;;;11/02/2031 00:00:00;2;13878427;09/09/2026 09:35:08;Mirko;Hernandez;;;;;;Mirko Hernandez;
14221143;09/09/2026 09:36:33;3;2;0008    2884-1;05;URGENTE 2;2091843;"CO28    ";"CONSTRUDISENO S.A.                                ";RUTA 197 Y PANAMERICANA;952875;"70-100N        ";70-100N - BIDE BLACK C.CERAM FABRIC;1;1;1;23254461;090926003508458;182592233;;;;07/29/2031 00:00:00;1;13878427;09/09/2026 09:35:08;Mirko;Hernandez;;;;;;Mirko Hernandez;
14221143;09/09/2026 09:36:33;3;2;0008    2884-1;05;URGENTE 2;2091843;"CO28    ";"CONSTRUDISENO S.A.                                ";RUTA 197 Y PANAMERICANA;952913;"70-162N        ";70-162N - BIDE BLACK C.CERAM LINEA ADRA;1;1;1;23254461;090926003508458;182591732;;;;12/08/2031 00:00:00;1;13878427;09/09/2026 09:35:08;Mirko;Hernandez;;;;;;Mirko Hernandez;
14221143;09/09/2026 09:36:33;3;2;0008    2884-1;05;URGENTE 2;2091843;"CO28    ";"CONSTRUDISENO S.A.                                ";RUTA 197 Y PANAMERICANA;952936;"70-190         ";70-190 - BIDE C.CERAM BLACK VELVET;2;2;2;23254461;090926003508458;182592002;;;;11/08/2031 00:00:00;2;13878427;09/09/2026 09:35:08;Mirko;Hernandez;;;;;;Mirko Hernandez;
14221144;09/09/2026 10:21:11;3;2;9999      90-1;05;URGENTE 2;2091843;"CO28    ";"CONSTRUDISENO S.A.                                ";RUTA 197 Y PANAMERICANA;952874;"70-100G        ";70-100G - BIDE GOLD C.CERAM FABRIC;2;2;2;23250058;090926102110675;182593386;;;;07/29/2031 00:00:00;2;13879897;09/09/2026 10:21:10;Gustavo;Soderquvist;24528503;09/09/2026 08:04:41;6867;Javier;Lescano;Gustavo Soderquvist;Javier Lescano
14221144;09/09/2026 10:21:11;3;2;9999      90-1;05;URGENTE 2;2091843;"CO28    ";"CONSTRUDISENO S.A.                                ";RUTA 197 Y PANAMERICANA;952740;"62-100G        ";62-100G - LAVATORIO DE PARED GOLD C.CERAM FABRIC;2;2;2;23250058;090926102110675;182592774;;;;12/20/2031 00:00:00;2;13879897;09/09/2026 10:21:10;Gustavo;Soderquvist;24528503;09/09/2026 08:04:41;6867;Javier;Lescano;Gustavo Soderquvist;Javier Lescano
14221144;09/09/2026 10:21:11;3;2;9999      90-1;05;URGENTE 2;2091843;"CO28    ";"CONSTRUDISENO S.A.                                ";RUTA 197 Y PANAMERICANA;953071;"80-100G        ";80-100G - DUCHA EMB. C/TRANSF. GOLD C.CERAM FABRIC;2;2;2;23250058;090926102110675;182592905;;;;12/03/2031 00:00:00;2;13879897;09/09/2026 10:21:10;Gustavo;Soderquvist;24528503;09/09/2026 08:04:41;6867;Javier;Lescano;Gustavo Soderquvist;Javier Lescano
14221144;09/09/2026 10:21:11;3;2;9999      90-1;05;URGENTE 2;2091843;"CO28    ";"CONSTRUDISENO S.A.                                ";RUTA 197 Y PANAMERICANA;952596;"60-100G        ";60-100G - LAVATORIO GOLD C.CERAM FABRIC;2;2;2;23250058;090926102110675;182593086;;;;11/10/2031 00:00:00;2;13879897;09/09/2026 10:21:10;Gustavo;Soderquvist;24528503;09/09/2026 08:04:41;6867;Javier;Lescano;Gustavo Soderquvist;Javier Lescano
14221144;09/09/2026 10:21:11;3;2;9999      90-1;05;URGENTE 2;2091843;"CO28    ";"CONSTRUDISENO S.A.                                ";RUTA 197 Y PANAMERICANA;951508;"20-121         ";20-121 - COCINA MSDA MONOC.P. REDONDO MARBELLA;2;2;2;23250450;090926084003889;182595555;;;;07/30/2031 00:00:00;2;13876973;09/09/2026 08:40:03;Tiago;Rodriguez;24528823;09/09/2026 08:12:07;6867;Javier;Lescano;Tiago Rodriguez;Javier Lescano
14221145;09/09/2026 08:40:24;3;2;9999      91-1;05;URGENTE 2;2091843;"CO28    ";"CONSTRUDISENO S.A.                                ";RUTA 197 Y PANAMERICANA;951553;"20-184         ";"MONOCOMANDO DE COCINA CR SUV                                          ";1;1;1;23250451;090926084023738;182595722;;;;10/04/2031 00:00:00;1;13876990;09/09/2026 08:40:23;Tiago;Rodriguez;24528823;09/09/2026 08:12:07;6867;Javier;Lescano;Tiago Rodriguez;Javier Lescano
14223699;09/09/2026 07:29:41;3;2;RM 0016   30033;01;INTERPLANTA;2090911;DEP_52;PROMOCION / PUBLCIDAD;.;953153;"80-200G        ";80-200G - DUCHA EMB. MONOC. 3 FUNCIONES GOLD FABRIC;1;1;1;23249070;090926072711377;182585483;;;;12/03/2031 00:00:00;1;;;;;24527494;09/09/2026 07:27:11;6408;Juan Manuel;Espinola;;Juan Manuel Espinola
14223699;09/09/2026 07:29:41;3;2;RM 0016   30033;01;INTERPLANTA;2090911;DEP_52;PROMOCION / PUBLCIDAD;.;952673;"60-200G        ";60-200G - LAVATORIO MONOC BAJO GOLD FABRIC;1;1;1;23249137;090926072941318;182586056;;;;07/28/2031 00:00:00;1;;;;;24527569;09/09/2026 07:29:41;6408;Juan Manuel;Espinola;;Juan Manuel Espinola
14227058;09/09/2026 09:44:26;3;2;0001  213944-2;05;URGENTE 2;2092901;"HO07    ";"HOKAMAT SRL                                       ";AV. PTE. PERON 2787;956412;"INO102-2       ";"DEPOSITO C/DESCARGA DUAL BLANCO LINEA LOFT                            ";10;10;10;23249759;090926094425366;182591675;;;;02/24/2032 00:00:00;1;13878722;09/09/2026 09:44:25;Tiago;Rodriguez;24528235;09/09/2026 07:56:10;6867;Javier;Lescano;Tiago Rodriguez;Javier Lescano
14227058;09/09/2026 09:44:26;3;2;0001  213944-2;05;URGENTE 2;2092901;"HO07    ";"HOKAMAT SRL                                       ";AV. PTE. PERON 2787;956412;"INO102-2       ";"DEPOSITO C/DESCARGA DUAL BLANCO LINEA LOFT                            ";10;10;10;23254891;090926094312578;182627185;;;;02/24/2032 00:00:00;1;13878724;09/09/2026 09:43:12;Tiago;Rodriguez;;;;;;Tiago Rodriguez;
14227058;09/09/2026 09:44:26;3;2;0001  213944-2;05;URGENTE 2;2092901;"HO07    ";"HOKAMAT SRL                                       ";AV. PTE. PERON 2787;956412;"INO102-2       ";"DEPOSITO C/DESCARGA DUAL BLANCO LINEA LOFT                            ";10;10;10;23254901;090926094322410;182627240;;;;02/24/2032 00:00:00;1;13878728;09/09/2026 09:43:22;Tiago;Rodriguez;;;;;;Tiago Rodriguez;
14227058;09/09/2026 09:44:26;3;2;0001  213944-2;05;URGENTE 2;2092901;"HO07    ";"HOKAMAT SRL                                       ";AV. PTE. PERON 2787;956412;"INO102-2       ";"DEPOSITO C/DESCARGA DUAL BLANCO LINEA LOFT                            ";10;10;10;23254912;090926094336106;182627317;;;;02/24/2032 00:00:00;1;13878732;09/09/2026 09:43:36;Tiago;Rodriguez;;;;;;Tiago Rodriguez;
14227058;09/09/2026 09:44:26;3;2;0001  213944-2;05;URGENTE 2;2092901;"HO07    ";"HOKAMAT SRL                                       ";AV. PTE. PERON 2787;956412;"INO102-2       ";"DEPOSITO C/DESCARGA DUAL BLANCO LINEA LOFT                            ";10;10;10;23254925;090926094345847;182627380;;;;02/24/2032 00:00:00;1;13878740;09/09/2026 09:43:45;Tiago;Rodriguez;;;;;;Tiago Rodriguez;
14227058;09/09/2026 09:44:26;3;2;0001  213944-2;05;URGENTE 2;2092901;"HO07    ";"HOKAMAT SRL                                       ";AV. PTE. PERON 2787;956412;"INO102-2       ";"DEPOSITO C/DESCARGA DUAL BLANCO LINEA LOFT                            ";10;10;10;23254931;090926094352805;182627426;;;;02/24/2032 00:00:00;1;13878746;09/09/2026 09:43:52;Tiago;Rodriguez;;;;;;Tiago Rodriguez;
14227058;09/09/2026 09:44:26;3;2;0001  213944-2;05;URGENTE 2;2092901;"HO07    ";"HOKAMAT SRL                                       ";AV. PTE. PERON 2787;956412;"INO102-2       ";"DEPOSITO C/DESCARGA DUAL BLANCO LINEA LOFT                            ";10;10;10;23254937;090926094359580;182627477;;;;02/24/2032 00:00:00;1;13878752;09/09/2026 09:43:59;Tiago;Rodriguez;;;;;;Tiago Rodriguez;
14227058;09/09/2026 09:44:26;3;2;0001  213944-2;05;URGENTE 2;2092901;"HO07    ";"HOKAMAT SRL                                       ";AV. PTE. PERON 2787;956412;"INO102-2       ";"DEPOSITO C/DESCARGA DUAL BLANCO LINEA LOFT                            ";10;10;10;23254947;090926094406913;182627528;;;;02/24/2032 00:00:00;1;13878758;09/09/2026 09:44:06;Tiago;Rodriguez;;;;;;Tiago Rodriguez;
14227058;09/09/2026 09:44:26;3;2;0001  213944-2;05;URGENTE 2;2092901;"HO07    ";"HOKAMAT SRL                                       ";AV. PTE. PERON 2787;956412;"INO102-2       ";"DEPOSITO C/DESCARGA DUAL BLANCO LINEA LOFT                            ";10;10;10;23254949;090926094412917;182627563;;;;02/24/2032 00:00:00;1;13878761;09/09/2026 09:44:12;Tiago;Rodriguez;;;;;;Tiago Rodriguez;
14227058;09/09/2026 09:44:26;3;2;0001  213944-2;05;URGENTE 2;2092901;"HO07    ";"HOKAMAT SRL                                       ";AV. PTE. PERON 2787;956412;"INO102-2       ";"DEPOSITO C/DESCARGA DUAL BLANCO LINEA LOFT                            ";10;10;10;23254954;090926094418926;182627587;;;;02/24/2032 00:00:00;1;13878766;09/09/2026 09:44:18;Tiago;Rodriguez;;;;;;Tiago Rodriguez;
14230887;09/09/2026 07:16:27;3;2;0001  215332-1;14;RETIRA;2093977;"PP20    ";"PRIATEL PISOS S.R.L.                              ";HAITI 2187;950895;"02-010         ";"VALVULA P/INODORO TEMPORIZADA TECNO                                   ";8;8;8;23248109;090926071625607;182579200;;;;07/28/2031 00:00:00;8;13875524;09/09/2026 07:16:25;Tiago;Rodriguez;24526453;09/09/2026 06:47:39;7807;Nicolas;Perez;Tiago Rodriguez;Nicolas Perez
14230887;09/09/2026 07:16:27;3;2;0001  215332-1;14;RETIRA;2093977;"PP20    ";"PRIATEL PISOS S.R.L.                              ";HAITI 2187;950907;"05-010         ";"LAVATORIO BAJO TEMPORIZADO TECNO                                      ";8;8;8;23248109;090926071625607;182579042;;;;07/28/2031 00:00:00;8;13875524;09/09/2026 07:16:25;Tiago;Rodriguez;24526453;09/09/2026 06:47:39;7807;Nicolas;Perez;Tiago Rodriguez;Nicolas Perez
14230892;09/09/2026 07:51:01;3;2;0008    2871-2;14;RETIRA;2092690;"GG21    ";"GUIBAUDO GUSTAVO F.-FERRETERIA GUIBAUDO           ";AV. CONSTITUYENTES 830;956412;"INO102-2       ";"DEPOSITO C/DESCARGA DUAL BLANCO LINEA LOFT                            ";10;10;10;23248327;080926225101314;182584190;;;;02/24/2032 00:00:00;10;13876012;09/09/2026 07:51:01;Mirko;Hernandez;24526778;09/09/2026 07:24:10;7636;Kevin;Arce;Mirko Hernandez;Kevin Arce
14230907;09/09/2026 07:35:48;3;2;0001  214591-1;14;RETIRA;2094405;"SD31    ";"SG SANITARIOS DEL ESTE S.A                        ";COLECTORA DEL ESTE 1921;956411;"INO102-1       ";"INODORO BLANCO C/ASIENTO LINEA LOFT                                   ";10;10;10;23248127;080926223547749;182581979;;;;02/24/2032 00:00:00;1;13875700;09/09/2026 07:35:47;Mirko;Hernandez;24526469;09/09/2026 07:25:24;7152;Mirko;Hernandez;Mirko Hernandez;Mirko Hernandez
14230907;09/09/2026 07:35:48;3;2;0001  214591-1;14;RETIRA;2094405;"SD31    ";"SG SANITARIOS DEL ESTE S.A                        ";COLECTORA DEL ESTE 1921;956412;"INO102-2       ";"DEPOSITO C/DESCARGA DUAL BLANCO LINEA LOFT                            ";10;10;10;23248127;080926223547749;182579535;;;;11/19/2031 00:00:00;10;13875700;09/09/2026 07:35:47;Mirko;Hernandez;24526469;09/09/2026 07:25:24;7152;Mirko;Hernandez;Mirko Hernandez;Mirko Hernandez
14230907;09/09/2026 07:35:48;3;2;0001  214591-1;14;RETIRA;2094405;"SD31    ";"SG SANITARIOS DEL ESTE S.A                        ";COLECTORA DEL ESTE 1921;956411;"INO102-1       ";"INODORO BLANCO C/ASIENTO LINEA LOFT                                   ";10;10;10;23249245;080926223209311;182586616;;;;02/24/2032 00:00:00;9;13875720;09/09/2026 07:32:09;Mirko;Hernandez;;;;;;Mirko Hernandez;
14230908;09/09/2026 07:37:25;3;2;0001  214332-3;14;RETIRA;2095068;"ZE02    ";"ZERAMIKO DE MARIA R.O.CABRERA                     ";AV. SAENZ PEÑA 602;956411;"INO102-1       ";"INODORO BLANCO C/ASIENTO LINEA LOFT                                   ";20;20;20;23248079;090926073723218;182579694;;;;02/24/2032 00:00:00;1;13875596;09/09/2026 07:37:23;Tiago;Rodriguez;24526427;09/09/2026 07:12:02;6867;Javier;Lescano;Tiago Rodriguez;Javier Lescano
14230908;09/09/2026 07:37:25;3;2;0001  214332-3;14;RETIRA;2095068;"ZE02    ";"ZERAMIKO DE MARIA R.O.CABRERA                     ";AV. SAENZ PEÑA 602;956411;"INO102-1       ";"INODORO BLANCO C/ASIENTO LINEA LOFT                                   ";20;20;20;23249026;090926072253690;182584603;;;;02/24/2032 00:00:00;1;13875599;09/09/2026 07:22:53;Tiago;Rodriguez;;;;;;Tiago Rodriguez;
14230908;09/09/2026 07:37:25;3;2;0001  214332-3;14;RETIRA;2095068;"ZE02    ";"ZERAMIKO DE MARIA R.O.CABRERA                     ";AV. SAENZ PEÑA 602;956411;"INO102-1       ";"INODORO BLANCO C/ASIENTO LINEA LOFT                                   ";20;20;20;23249038;090926072315580;182584672;;;;02/24/2032 00:00:00;1;13875605;09/09/2026 07:23:15;Tiago;Rodriguez;;;;;;Tiago Rodriguez;
14230908;09/09/2026 07:37:25;3;2;0001  214332-3;14;RETIRA;2095068;"ZE02    ";"ZERAMIKO DE MARIA R.O.CABRERA                     ";AV. SAENZ PEÑA 602;956411;"INO102-1       ";"INODORO BLANCO C/ASIENTO LINEA LOFT                                   ";20;20;20;23249042;090926072324617;182584701;;;;02/24/2032 00:00:00;1;13875607;09/09/2026 07:23:24;Tiago;Rodriguez;;;;;;Tiago Rodriguez;
14230908;09/09/2026 07:37:25;3;2;0001  214332-3;14;RETIRA;2095068;"ZE02    ";"ZERAMIKO DE MARIA R.O.CABRERA                     ";AV. SAENZ PEÑA 602;956411;"INO102-1       ";"INODORO BLANCO C/ASIENTO LINEA LOFT                                   ";20;20;20;23249050;090926072337111;182584750;;;;02/24/2032 00:00:00;1;13875610;09/09/2026 07:23:37;Tiago;Rodriguez;;;;;;Tiago Rodriguez;
14230908;09/09/2026 07:37:25;3;2;0001  214332-3;14;RETIRA;2095068;"ZE02    ";"ZERAMIKO DE MARIA R.O.CABRERA                     ";AV. SAENZ PEÑA 602;956411;"INO102-1       ";"INODORO BLANCO C/ASIENTO LINEA LOFT                                   ";20;20;20;23249051;090926072344468;182584779;;;;02/24/2032 00:00:00;1;13875612;09/09/2026 07:23:44;Tiago;Rodriguez;;;;;;Tiago Rodriguez;
14230908;09/09/2026 07:37:25;3;2;0001  214332-3;14;RETIRA;2095068;"ZE02    ";"ZERAMIKO DE MARIA R.O.CABRERA                     ";AV. SAENZ PEÑA 602;956411;"INO102-1       ";"INODORO BLANCO C/ASIENTO LINEA LOFT                                   ";20;20;20;23249054;090926072403774;182584852;;;;02/24/2032 00:00:00;1;13875616;09/09/2026 07:24:03;Tiago;Rodriguez;;;;;;Tiago Rodriguez;
14230908;09/09/2026 07:37:25;3;2;0001  214332-3;14;RETIRA;2095068;"ZE02    ";"ZERAMIKO DE MARIA R.O.CABRERA                     ";AV. SAENZ PEÑA 602;956411;"INO102-1       ";"INODORO BLANCO C/ASIENTO LINEA LOFT                                   ";20;20;20;23249064;090926072441928;182584998;;;;02/24/2032 00:00:00;1;13875622;09/09/2026 07:24:41;Tiago;Rodriguez;;;;;;Tiago Rodriguez;
14230908;09/09/2026 07:37:25;3;2;0001  214332-3;14;RETIRA;2095068;"ZE02    ";"ZERAMIKO DE MARIA R.O.CABRERA                     ";AV. SAENZ PEÑA 602;956411;"INO102-1       ";"INODORO BLANCO C/ASIENTO LINEA LOFT                                   ";20;20;20;23249065;090926072448929;182585017;;;;02/24/2032 00:00:00;1;13875623;09/09/2026 07:24:48;Tiago;Rodriguez;;;;;;Tiago Rodriguez;
14230908;09/09/2026 07:37:25;3;2;0001  214332-3;14;RETIRA;2095068;"ZE02    ";"ZERAMIKO DE MARIA R.O.CABRERA                     ";AV. SAENZ PEÑA 602;956411;"INO102-1       ";"INODORO BLANCO C/ASIENTO LINEA LOFT                                   ";20;20;20;23249067;090926072456008;182585048;;;;02/24/2032 00:00:00;1;13875625;09/09/2026 07:24:56;Tiago;Rodriguez;;;;;;Tiago Rodriguez;
14230908;09/09/2026 07:37:25;3;2;0001  214332-3;14;RETIRA;2095068;"ZE02    ";"ZERAMIKO DE MARIA R.O.CABRERA                     ";AV. SAENZ PEÑA 602;956412;"INO102-2       ";"DEPOSITO C/DESCARGA DUAL BLANCO LINEA LOFT                            ";20;20;20;23249222;090926073132917;182586467;;;;11/19/2031 00:00:00;1;13875710;09/09/2026 07:31:32;Tiago;Rodriguez;;;;;;Tiago Rodriguez;
14230908;09/09/2026 07:37:25;3;2;0001  214332-3;14;RETIRA;2095068;"ZE02    ";"ZERAMIKO DE MARIA R.O.CABRERA                     ";AV. SAENZ PEÑA 602;956412;"INO102-2       ";"DEPOSITO C/DESCARGA DUAL BLANCO LINEA LOFT                            ";20;20;20;23249227;090926073140719;182586497;;;;11/19/2031 00:00:00;1;13875712;09/09/2026 07:31:40;Tiago;Rodriguez;;;;;;Tiago Rodriguez;
14230908;09/09/2026 07:37:25;3;2;0001  214332-3;14;RETIRA;2095068;"ZE02    ";"ZERAMIKO DE MARIA R.O.CABRERA                     ";AV. SAENZ PEÑA 602;956412;"INO102-2       ";"DEPOSITO C/DESCARGA DUAL BLANCO LINEA LOFT                            ";20;20;20;23249238;090926073202393;182586588;;;;11/19/2031 00:00:00;1;13875718;09/09/2026 07:32:02;Tiago;Rodriguez;;;;;;Tiago Rodriguez;
14230908;09/09/2026 07:37:25;3;2;0001  214332-3;14;RETIRA;2095068;"ZE02    ";"ZERAMIKO DE MARIA R.O.CABRERA                     ";AV. SAENZ PEÑA 602;956412;"INO102-2       ";"DEPOSITO C/DESCARGA DUAL BLANCO LINEA LOFT                            ";20;20;20;23249243;090926073208544;182586612;;;;11/19/2031 00:00:00;1;13875719;09/09/2026 07:32:08;Tiago;Rodriguez;;;;;;Tiago Rodriguez;
14230908;09/09/2026 07:37:25;3;2;0001  214332-3;14;RETIRA;2095068;"ZE02    ";"ZERAMIKO DE MARIA R.O.CABRERA                     ";AV. SAENZ PEÑA 602;956412;"INO102-2       ";"DEPOSITO C/DESCARGA DUAL BLANCO LINEA LOFT                            ";20;20;20;23249250;090926073214206;182586631;;;;11/19/2031 00:00:00;1;13875722;09/09/2026 07:32:14;Tiago;Rodriguez;;;;;;Tiago Rodriguez;
14230908;09/09/2026 07:37:25;3;2;0001  214332-3;14;RETIRA;2095068;"ZE02    ";"ZERAMIKO DE MARIA R.O.CABRERA                     ";AV. SAENZ PEÑA 602;956412;"INO102-2       ";"DEPOSITO C/DESCARGA DUAL BLANCO LINEA LOFT                            ";20;20;20;23249253;090926073220123;182586667;;;;11/19/2031 00:00:00;1;13875725;09/09/2026 07:32:20;Tiago;Rodriguez;;;;;;Tiago Rodriguez;
14230908;09/09/2026 07:37:25;3;2;0001  214332-3;14;RETIRA;2095068;"ZE02    ";"ZERAMIKO DE MARIA R.O.CABRERA                     ";AV. SAENZ PEÑA 602;956412;"INO102-2       ";"DEPOSITO C/DESCARGA DUAL BLANCO LINEA LOFT                            ";20;20;20;23249255;090926073226454;182586687;;;;11/19/2031 00:00:00;1;13875727;09/09/2026 07:32:26;Tiago;Rodriguez;;;;;;Tiago Rodriguez;
14230908;09/09/2026 07:37:25;3;2;0001  214332-3;14;RETIRA;2095068;"ZE02    ";"ZERAMIKO DE MARIA R.O.CABRERA                     ";AV. SAENZ PEÑA 602;956412;"INO102-2       ";"DEPOSITO C/DESCARGA DUAL BLANCO LINEA LOFT                            ";20;20;20;23249257;090926073232737;182586708;;;;11/19/2031 00:00:00;1;13875730;09/09/2026 07:32:32;Tiago;Rodriguez;;;;;;Tiago Rodriguez;
14230908;09/09/2026 07:37:25;3;2;0001  214332-3;14;RETIRA;2095068;"ZE02    ";"ZERAMIKO DE MARIA R.O.CABRERA                     ";AV. SAENZ PEÑA 602;956412;"INO102-2       ";"DEPOSITO C/DESCARGA DUAL BLANCO LINEA LOFT                            ";20;20;20;23249262;090926073238957;182586737;;;;11/19/2031 00:00:00;1;13875731;09/09/2026 07:32:38;Tiago;Rodriguez;;;;;;Tiago Rodriguez;
14230908;09/09/2026 07:37:25;3;2;0001  214332-3;14;RETIRA;2095068;"ZE02    ";"ZERAMIKO DE MARIA R.O.CABRERA                     ";AV. SAENZ PEÑA 602;956412;"INO102-2       ";"DEPOSITO C/DESCARGA DUAL BLANCO LINEA LOFT                            ";20;20;20;23249263;090926073244701;182586755;;;;11/19/2031 00:00:00;1;13875732;09/09/2026 07:32:44;Tiago;Rodriguez;;;;;;Tiago Rodriguez;
14230908;09/09/2026 07:37:25;3;2;0001  214332-3;14;RETIRA;2095068;"ZE02    ";"ZERAMIKO DE MARIA R.O.CABRERA                     ";AV. SAENZ PEÑA 602;956412;"INO102-2       ";"DEPOSITO C/DESCARGA DUAL BLANCO LINEA LOFT                            ";20;20;20;23249273;090926073250423;182586779;;;;11/19/2031 00:00:00;1;13875733;09/09/2026 07:32:50;Tiago;Rodriguez;;;;;;Tiago Rodriguez;
14230908;09/09/2026 07:37:25;3;2;0001  214332-3;14;RETIRA;2095068;"ZE02    ";"ZERAMIKO DE MARIA R.O.CABRERA                     ";AV. SAENZ PEÑA 602;956412;"INO102-2       ";"DEPOSITO C/DESCARGA DUAL BLANCO LINEA LOFT                            ";20;20;20;23249275;090926073257821;182586808;;;;11/19/2031 00:00:00;1;13875737;09/09/2026 07:32:57;Tiago;Rodriguez;;;;;;Tiago Rodriguez;
14230908;09/09/2026 07:37:25;3;2;0001  214332-3;14;RETIRA;2095068;"ZE02    ";"ZERAMIKO DE MARIA R.O.CABRERA                     ";AV. SAENZ PEÑA 602;956412;"INO102-2       ";"DEPOSITO C/DESCARGA DUAL BLANCO LINEA LOFT                            ";20;20;20;23249282;090926073304246;182586835;;;;11/19/2031 00:00:00;1;13875740;09/09/2026 07:33:04;Tiago;Rodriguez;;;;;;Tiago Rodriguez;
14230908;09/09/2026 07:37:25;3;2;0001  214332-3;14;RETIRA;2095068;"ZE02    ";"ZERAMIKO DE MARIA R.O.CABRERA                     ";AV. SAENZ PEÑA 602;956412;"INO102-2       ";"DEPOSITO C/DESCARGA DUAL BLANCO LINEA LOFT                            ";20;20;20;23249284;090926073310288;182586853;;;;11/19/2031 00:00:00;1;13875742;09/09/2026 07:33:10;Tiago;Rodriguez;;;;;;Tiago Rodriguez;
14230908;09/09/2026 07:37:25;3;2;0001  214332-3;14;RETIRA;2095068;"ZE02    ";"ZERAMIKO DE MARIA R.O.CABRERA                     ";AV. SAENZ PEÑA 602;956412;"INO102-2       ";"DEPOSITO C/DESCARGA DUAL BLANCO LINEA LOFT                            ";20;20;20;23249295;090926073317914;182586885;;;;11/19/2031 00:00:00;1;13875743;09/09/2026 07:33:17;Tiago;Rodriguez;;;;;;Tiago Rodriguez;
14230908;09/09/2026 07:37:25;3;2;0001  214332-3;14;RETIRA;2095068;"ZE02    ";"ZERAMIKO DE MARIA R.O.CABRERA                     ";AV. SAENZ PEÑA 602;956412;"INO102-2       ";"DEPOSITO C/DESCARGA DUAL BLANCO LINEA LOFT                            ";20;20;20;23249297;090926073325497;182586911;;;;11/19/2031 00:00:00;1;13875746;09/09/2026 07:33:25;Tiago;Rodriguez;;;;;;Tiago Rodriguez;
14230908;09/09/2026 07:37:25;3;2;0001  214332-3;14;RETIRA;2095068;"ZE02    ";"ZERAMIKO DE MARIA R.O.CABRERA                     ";AV. SAENZ PEÑA 602;956412;"INO102-2       ";"DEPOSITO C/DESCARGA DUAL BLANCO LINEA LOFT                            ";20;20;20;23249303;090926073332464;182586938;;;;11/19/2031 00:00:00;1;13875748;09/09/2026 07:33:32;Tiago;Rodriguez;;;;;;Tiago Rodriguez;
14230908;09/09/2026 07:37:25;3;2;0001  214332-3;14;RETIRA;2095068;"ZE02    ";"ZERAMIKO DE MARIA R.O.CABRERA                     ";AV. SAENZ PEÑA 602;956412;"INO102-2       ";"DEPOSITO C/DESCARGA DUAL BLANCO LINEA LOFT                            ";20;20;20;23249306;090926073338851;182586957;;;;11/19/2031 00:00:00;1;13875750;09/09/2026 07:33:38;Tiago;Rodriguez;;;;;;Tiago Rodriguez;
14230908;09/09/2026 07:37:25;3;2;0001  214332-3;14;RETIRA;2095068;"ZE02    ";"ZERAMIKO DE MARIA R.O.CABRERA                     ";AV. SAENZ PEÑA 602;956412;"INO102-2       ";"DEPOSITO C/DESCARGA DUAL BLANCO LINEA LOFT                            ";20;20;20;23249309;090926073346038;182586987;;;;11/19/2031 00:00:00;1;13875752;09/09/2026 07:33:46;Tiago;Rodriguez;;;;;;Tiago Rodriguez;
14230908;09/09/2026 07:37:25;3;2;0001  214332-3;14;RETIRA;2095068;"ZE02    ";"ZERAMIKO DE MARIA R.O.CABRERA                     ";AV. SAENZ PEÑA 602;956412;"INO102-2       ";"DEPOSITO C/DESCARGA DUAL BLANCO LINEA LOFT                            ";20;20;20;23249316;090926073356414;182579371;;;;11/19/2031 00:00:00;1;13875756;09/09/2026 07:33:56;Tiago;Rodriguez;;;;;;Tiago Rodriguez;
14230908;09/09/2026 07:37:25;3;2;0001  214332-3;14;RETIRA;2095068;"ZE02    ";"ZERAMIKO DE MARIA R.O.CABRERA                     ";AV. SAENZ PEÑA 602;956411;"INO102-1       ";"INODORO BLANCO C/ASIENTO LINEA LOFT                                   ";20;20;20;23249323;090926073407280;182587067;;;;02/24/2032 00:00:00;1;13875760;09/09/2026 07:34:07;Tiago;Rodriguez;;;;;;Tiago Rodriguez;
14230908;09/09/2026 07:37:25;3;2;0001  214332-3;14;RETIRA;2095068;"ZE02    ";"ZERAMIKO DE MARIA R.O.CABRERA                     ";AV. SAENZ PEÑA 602;956411;"INO102-1       ";"INODORO BLANCO C/ASIENTO LINEA LOFT                                   ";20;20;20;23249337;090926073452743;182587226;;;;02/24/2032 00:00:00;1;13875771;09/09/2026 07:34:52;Tiago;Rodriguez;;;;;;Tiago Rodriguez;
14230908;09/09/2026 07:37:25;3;2;0001  214332-3;14;RETIRA;2095068;"ZE02    ";"ZERAMIKO DE MARIA R.O.CABRERA                     ";AV. SAENZ PEÑA 602;956411;"INO102-1       ";"INODORO BLANCO C/ASIENTO LINEA LOFT                                   ";20;20;20;23249367;090926073631584;182587566;;;;02/24/2032 00:00:00;1;13875790;09/09/2026 07:36:31;Tiago;Rodriguez;;;;;;Tiago Rodriguez;
14230908;09/09/2026 07:37:25;3;2;0001  214332-3;14;RETIRA;2095068;"ZE02    ";"ZERAMIKO DE MARIA R.O.CABRERA                     ";AV. SAENZ PEÑA 602;956411;"INO102-1       ";"INODORO BLANCO C/ASIENTO LINEA LOFT                                   ";20;20;20;23249375;090926073639053;182587591;;;;02/24/2032 00:00:00;1;13875794;09/09/2026 07:36:39;Tiago;Rodriguez;;;;;;Tiago Rodriguez;
14230908;09/09/2026 07:37:25;3;2;0001  214332-3;14;RETIRA;2095068;"ZE02    ";"ZERAMIKO DE MARIA R.O.CABRERA                     ";AV. SAENZ PEÑA 602;956411;"INO102-1       ";"INODORO BLANCO C/ASIENTO LINEA LOFT                                   ";20;20;20;23249380;090926073645212;182587613;;;;02/24/2032 00:00:00;1;13875797;09/09/2026 07:36:45;Tiago;Rodriguez;;;;;;Tiago Rodriguez;
14230908;09/09/2026 07:37:25;3;2;0001  214332-3;14;RETIRA;2095068;"ZE02    ";"ZERAMIKO DE MARIA R.O.CABRERA                     ";AV. SAENZ PEÑA 602;956411;"INO102-1       ";"INODORO BLANCO C/ASIENTO LINEA LOFT                                   ";20;20;20;23249381;090926073652539;182587638;;;;02/24/2032 00:00:00;1;13875801;09/09/2026 07:36:52;Tiago;Rodriguez;;;;;;Tiago Rodriguez;
14230908;09/09/2026 07:37:25;3;2;0001  214332-3;14;RETIRA;2095068;"ZE02    ";"ZERAMIKO DE MARIA R.O.CABRERA                     ";AV. SAENZ PEÑA 602;956411;"INO102-1       ";"INODORO BLANCO C/ASIENTO LINEA LOFT                                   ";20;20;20;23249382;090926073658773;182587652;;;;02/24/2032 00:00:00;1;13875805;09/09/2026 07:36:58;Tiago;Rodriguez;;;;;;Tiago Rodriguez;
14230908;09/09/2026 07:37:25;3;2;0001  214332-3;14;RETIRA;2095068;"ZE02    ";"ZERAMIKO DE MARIA R.O.CABRERA                     ";AV. SAENZ PEÑA 602;956411;"INO102-1       ";"INODORO BLANCO C/ASIENTO LINEA LOFT                                   ";20;20;20;23249383;090926073704995;182587670;;;;02/24/2032 00:00:00;1;13875806;09/09/2026 07:37:05;Tiago;Rodriguez;;;;;;Tiago Rodriguez;
14230908;09/09/2026 07:37:25;3;2;0001  214332-3;14;RETIRA;2095068;"ZE02    ";"ZERAMIKO DE MARIA R.O.CABRERA                     ";AV. SAENZ PEÑA 602;956411;"INO102-1       ";"INODORO BLANCO C/ASIENTO LINEA LOFT                                   ";20;20;20;23249385;090926073711044;182587696;;;;02/24/2032 00:00:00;1;13875807;09/09/2026 07:37:11;Tiago;Rodriguez;;;;;;Tiago Rodriguez;
14230908;09/09/2026 07:37:25;3;2;0001  214332-3;14;RETIRA;2095068;"ZE02    ";"ZERAMIKO DE MARIA R.O.CABRERA                     ";AV. SAENZ PEÑA 602;956411;"INO102-1       ";"INODORO BLANCO C/ASIENTO LINEA LOFT                                   ";20;20;20;23249388;090926073716882;182587721;;;;02/24/2032 00:00:00;1;13875812;09/09/2026 07:37:16;Tiago;Rodriguez;;;;;;Tiago Rodriguez;
14230948;16/09/2026 08:01:24;3;2;0001  215241-1;03;CAMION MAR 2;2093194;"LG10    ";"LOPEZ GAS ONLINE S.A                              ";AV. REMEDIOS DE ESCALADA 2375;951543;"20-170         ";20-170 - COCINA MESADA MONOC. COLORS AZUL;42;42;42;23430131;160926080122714;183955237;;;;07/27/2031 00:00:00;42;13983479;16/09/2026 08:01:22;Gustavo;Soderquvist;24706176;16/09/2026 07:22:46;7839;Claudio;Juarez;Gustavo Soderquvist;Claudio Juarez
14230948;16/09/2026 08:01:24;3;2;0001  215241-1;03;CAMION MAR 2;2093194;"LG10    ";"LOPEZ GAS ONLINE S.A                              ";AV. REMEDIOS DE ESCALADA 2375;951546;"20-173         ";20-173 - COCINA MESADA MONOC. COLORS ROJO;42;42;42;23430131;160926080122714;183955454;;;;07/28/2031 00:00:00;42;13983479;16/09/2026 08:01:22;Gustavo;Soderquvist;24706176;16/09/2026 07:22:46;7839;Claudio;Juarez;Gustavo Soderquvist;Claudio Juarez
14230949;17/09/2026 13:38:15;3;2;0001  215240-1;03;CAMION MAR 2;2093194;"LG10    ";"LOPEZ GAS ONLINE S.A                              ";AV. REMEDIOS DE ESCALADA 2375;952945;"70-199         ";70-199 - BIDE CR C.CERAM LIVE;18;18;18;23430073;160926065707775;183970567;;;;12/16/2031 00:00:00;4;13992787;16/09/2026 15:57:07;Mirko;Hernandez;24706130;16/09/2026 10:34:51;7827;Javier;Machado;Mirko Hernandez;Javier Machado
14230949;17/09/2026 13:38:15;3;2;0001  215240-1;03;CAMION MAR 2;2093194;"LG10    ";"LOPEZ GAS ONLINE S.A                              ";AV. REMEDIOS DE ESCALADA 2375;952438;"51-058         ";51-058 - COCINA MESADA CR C.STD MALBA;42;42;42;23430073;160926065707775;183964057;;;;10/19/2031 00:00:00;2;13992787;16/09/2026 15:57:07;Mirko;Hernandez;24706130;16/09/2026 10:34:51;7827;Javier;Machado;Mirko Hernandez;Javier Machado
14230949;17/09/2026 13:38:15;3;2;0001  215240-1;03;CAMION MAR 2;2093194;"LG10    ";"LOPEZ GAS ONLINE S.A                              ";AV. REMEDIOS DE ESCALADA 2375;951547;"20-174         ";20-174 - COCINA MESADA MONOC. COLORS BLACK;36;36;36;23430353;170926133813415;183988707;;;;07/28/2031 00:00:00;18;14000259;17/09/2026 13:38:13;Gustavo;Soderquvist;24706373;16/09/2026 14:37:01;7636;Kevin;Arce;Gustavo Soderquvist;Kevin Arce
14230949;17/09/2026 13:38:15;3;2;0001  215240-1;03;CAMION MAR 2;2093194;"LG10    ";"LOPEZ GAS ONLINE S.A                              ";AV. REMEDIOS DE ESCALADA 2375;953334;"84-203         ";"DUCHA EXT C/COLUMNA Y TRANSF CR ADRA                                  ";42;42;42;23430353;170926133813415;184028260;;;;12/02/2031 00:00:00;30;14000259;17/09/2026 13:38:13;Gustavo;Soderquvist;24706373;16/09/2026 14:37:01;7636;Kevin;Arce;Gustavo Soderquvist;Kevin Arce
14230949;17/09/2026 13:38:15;3;2;0001  215240-1;03;CAMION MAR 2;2093194;"LG10    ";"LOPEZ GAS ONLINE S.A                              ";AV. REMEDIOS DE ESCALADA 2375;954379;"A1539N         ";"TAPA Y TECLA PARA VALVULA DE DESCARGA CUADRADA MINIMALISTA BLACK      ";12;12;12;23430589;160926041710299;183957736;;;;07/31/2031 00:00:00;12;13992629;16/09/2026 13:17:10;Mirko;Hernandez;24706658;16/09/2026 07:31:03;7839;Claudio;Juarez;Mirko Hernandez;Claudio Juarez
14230949;17/09/2026 13:38:15;3;2;0001  215240-1;03;CAMION MAR 2;2093194;"LG10    ";"LOPEZ GAS ONLINE S.A                              ";AV. REMEDIOS DE ESCALADA 2375;957102;"PDU120         ";"DESAGUE P/PISO DE DUCHA                                               ";9;9;9;23430860;160926164634035;184009208;;;;08/24/2031 00:00:00;9;13998516;16/09/2026 16:46:34;Tiago;Rodriguez;24706959;16/09/2026 11:13:28;7839;Claudio;Juarez;Tiago Rodriguez;Claudio Juarez
14230949;17/09/2026 13:38:15;3;2;0001  215240-1;03;CAMION MAR 2;2093194;"LG10    ";"LOPEZ GAS ONLINE S.A                              ";AV. REMEDIOS DE ESCALADA 2375;957098;"PDU103         ";"PISO DUCHA RESINA POLIESTER BLANCA 1600x700x25                        ";6;6;6;23430860;160926164634035;184002971;;;;03/01/2032 00:00:00;6;13998516;16/09/2026 16:46:34;Tiago;Rodriguez;24706959;16/09/2026 11:13:28;7839;Claudio;Juarez;Tiago Rodriguez;Claudio Juarez
14230949;17/09/2026 13:38:15;3;2;0001  215240-1;03;CAMION MAR 2;2093194;"LG10    ";"LOPEZ GAS ONLINE S.A                              ";AV. REMEDIOS DE ESCALADA 2375;957097;"PDU102N        ";"PISO DUCHA RESINA POLIESTER NEGRO 1200x700x25                         ";1;1;1;23430860;160926164634035;184001274;;;;03/01/2032 00:00:00;1;13998516;16/09/2026 16:46:34;Tiago;Rodriguez;24706959;16/09/2026 11:13:28;7839;Claudio;Juarez;Tiago Rodriguez;Claudio Juarez
14230949;17/09/2026 13:38:15;3;2;0001  215240-1;03;CAMION MAR 2;2093194;"LG10    ";"LOPEZ GAS ONLINE S.A                              ";AV. REMEDIOS DE ESCALADA 2375;953421;"90-166         ";90-166 - PACK GRIF. ADRA PLUS (Lav-Bide-Ducha c/t Plus);60;60;60;23448100;160926042034878;184079063;;;;01/04/2032 00:00:00;3;13992812;16/09/2026 13:20:34;Mirko;Hernandez;;;;;;Mirko Hernandez;
14230949;17/09/2026 13:38:15;3;2;0001  215240-1;03;CAMION MAR 2;2093194;"LG10    ";"LOPEZ GAS ONLINE S.A                              ";AV. REMEDIOS DE ESCALADA 2375;953421;"90-166         ";90-166 - PACK GRIF. ADRA PLUS (Lav-Bide-Ducha c/t Plus);60;60;60;23448120;160926042102405;184079215;;;;01/04/2032 00:00:00;3;13992833;16/09/2026 13:21:02;Mirko;Hernandez;;;;;;Mirko Hernandez;
14230949;17/09/2026 13:38:15;3;2;0001  215240-1;03;CAMION MAR 2;2093194;"LG10    ";"LOPEZ GAS ONLINE S.A                              ";AV. REMEDIOS DE ESCALADA 2375;953421;"90-166         ";90-166 - PACK GRIF. ADRA PLUS (Lav-Bide-Ducha c/t Plus);60;60;60;23448131;160926042134474;184079394;;;;01/04/2032 00:00:00;3;13992858;16/09/2026 13:21:34;Mirko;Hernandez;;;;;;Mirko Hernandez;
14230949;17/09/2026 13:38:15;3;2;0001  215240-1;03;CAMION MAR 2;2093194;"LG10    ";"LOPEZ GAS ONLINE S.A                              ";AV. REMEDIOS DE ESCALADA 2375;953421;"90-166         ";90-166 - PACK GRIF. ADRA PLUS (Lav-Bide-Ducha c/t Plus);60;60;60;23448168;160926042207040;184079584;;;;01/04/2032 00:00:00;3;13992873;16/09/2026 13:22:07;Mirko;Hernandez;;;;;;Mirko Hernandez;
14230949;17/09/2026 13:38:15;3;2;0001  215240-1;03;CAMION MAR 2;2093194;"LG10    ";"LOPEZ GAS ONLINE S.A                              ";AV. REMEDIOS DE ESCALADA 2375;953421;"90-166         ";90-166 - PACK GRIF. ADRA PLUS (Lav-Bide-Ducha c/t Plus);60;60;60;23448198;160926042251593;184079824;;;;01/04/2032 00:00:00;3;13992901;16/09/2026 13:22:51;Mirko;Hernandez;;;;;;Mirko Hernandez;
14230949;17/09/2026 13:38:15;3;2;0001  215240-1;03;CAMION MAR 2;2093194;"LG10    ";"LOPEZ GAS ONLINE S.A                              ";AV. REMEDIOS DE ESCALADA 2375;953421;"90-166         ";90-166 - PACK GRIF. ADRA PLUS (Lav-Bide-Ducha c/t Plus);60;60;60;23448209;160926042323683;184079980;;;;01/04/2032 00:00:00;3;13992926;16/09/2026 13:23:23;Mirko;Hernandez;;;;;;Mirko Hernandez;
14230949;17/09/2026 13:38:15;3;2;0001  215240-1;03;CAMION MAR 2;2093194;"LG10    ";"LOPEZ GAS ONLINE S.A                              ";AV. REMEDIOS DE ESCALADA 2375;953421;"90-166         ";90-166 - PACK GRIF. ADRA PLUS (Lav-Bide-Ducha c/t Plus);60;60;60;23448221;160926042350902;184080129;;;;01/04/2032 00:00:00;3;13992940;16/09/2026 13:23:50;Mirko;Hernandez;;;;;;Mirko Hernandez;
14230949;17/09/2026 13:38:15;3;2;0001  215240-1;03;CAMION MAR 2;2093194;"LG10    ";"LOPEZ GAS ONLINE S.A                              ";AV. REMEDIOS DE ESCALADA 2375;953421;"90-166         ";90-166 - PACK GRIF. ADRA PLUS (Lav-Bide-Ducha c/t Plus);60;60;60;23448289;160926042456414;184080473;;;;01/04/2032 00:00:00;3;13992971;16/09/2026 13:24:56;Mirko;Hernandez;;;;;;Mirko Hernandez;
14230949;17/09/2026 13:38:15;3;2;0001  215240-1;03;CAMION MAR 2;2093194;"LG10    ";"LOPEZ GAS ONLINE S.A                              ";AV. REMEDIOS DE ESCALADA 2375;953421;"90-166         ";90-166 - PACK GRIF. ADRA PLUS (Lav-Bide-Ducha c/t Plus);60;60;60;23448333;160926042535778;184080696;;;;01/04/2032 00:00:00;3;13992992;16/09/2026 13:25:35;Mirko;Hernandez;;;;;;Mirko Hernandez;
14230949;17/09/2026 13:38:15;3;2;0001  215240-1;03;CAMION MAR 2;2093194;"LG10    ";"LOPEZ GAS ONLINE S.A                              ";AV. REMEDIOS DE ESCALADA 2375;953421;"90-166         ";90-166 - PACK GRIF. ADRA PLUS (Lav-Bide-Ducha c/t Plus);60;60;60;23448352;160926042557082;184080804;;;;01/04/2032 00:00:00;3;13992999;16/09/2026 13:25:57;Mirko;Hernandez;;;;;;Mirko Hernandez;
14230949;17/09/2026 13:38:15;3;2;0001  215240-1;03;CAMION MAR 2;2093194;"LG10    ";"LOPEZ GAS ONLINE S.A                              ";AV. REMEDIOS DE ESCALADA 2375;953421;"90-166         ";90-166 - PACK GRIF. ADRA PLUS (Lav-Bide-Ducha c/t Plus);60;60;60;23448374;160926042626640;184080970;;;;01/04/2032 00:00:00;3;13993018;16/09/2026 13:26:26;Mirko;Hernandez;;;;;;Mirko Hernandez;
14230949;17/09/2026 13:38:15;3;2;0001  215240-1;03;CAMION MAR 2;2093194;"LG10    ";"LOPEZ GAS ONLINE S.A                              ";AV. REMEDIOS DE ESCALADA 2375;953421;"90-166         ";90-166 - PACK GRIF. ADRA PLUS (Lav-Bide-Ducha c/t Plus);60;60;60;23448396;160926042652972;184081110;;;;01/04/2032 00:00:00;3;13993033;16/09/2026 13:26:52;Mirko;Hernandez;;;;;;Mirko Hernandez;
14230949;17/09/2026 13:38:15;3;2;0001  215240-1;03;CAMION MAR 2;2093194;"LG10    ";"LOPEZ GAS ONLINE S.A                              ";AV. REMEDIOS DE ESCALADA 2375;953421;"90-166         ";90-166 - PACK GRIF. ADRA PLUS (Lav-Bide-Ducha c/t Plus);60;60;60;23448411;160926042714167;184081264;;;;01/04/2032 00:00:00;3;13993041;16/09/2026 13:27:14;Mirko;Hernandez;;;;;;Mirko Hernandez;
14230949;17/09/2026 13:38:15;3;2;0001  215240-1;03;CAMION MAR 2;2093194;"LG10    ";"LOPEZ GAS ONLINE S.A                              ";AV. REMEDIOS DE ESCALADA 2375;953421;"90-166         ";90-166 - PACK GRIF. ADRA PLUS (Lav-Bide-Ducha c/t Plus);60;60;60;23448429;160926042735932;184081378;;;;01/04/2032 00:00:00;3;13993052;16/09/2026 13:27:35;Mirko;Hernandez;;;;;;Mirko Hernandez;
14230949;17/09/2026 13:38:15;3;2;0001  215240-1;03;CAMION MAR 2;2093194;"LG10    ";"LOPEZ GAS ONLINE S.A                              ";AV. REMEDIOS DE ESCALADA 2375;953421;"90-166         ";90-166 - PACK GRIF. ADRA PLUS (Lav-Bide-Ducha c/t Plus);60;60;60;23448447;160926042758998;184081509;;;;01/04/2032 00:00:00;3;13993062;16/09/2026 13:27:59;Mirko;Hernandez;;;;;;Mirko Hernandez;
14230949;17/09/2026 13:38:15;3;2;0001  215240-1;03;CAMION MAR 2;2093194;"LG10    ";"LOPEZ GAS ONLINE S.A                              ";AV. REMEDIOS DE ESCALADA 2375;953421;"90-166         ";90-166 - PACK GRIF. ADRA PLUS (Lav-Bide-Ducha c/t Plus);60;60;60;23448547;160926043000533;184082183;;;;01/04/2032 00:00:00;3;13993116;16/09/2026 13:30:00;Mirko;Hernandez;;;;;;Mirko Hernandez;
14230949;17/09/2026 13:38:15;3;2;0001  215240-1;03;CAMION MAR 2;2093194;"LG10    ";"LOPEZ GAS ONLINE S.A                              ";AV. REMEDIOS DE ESCALADA 2375;953421;"90-166         ";90-166 - PACK GRIF. ADRA PLUS (Lav-Bide-Ducha c/t Plus);60;60;60;23448568;160926043046892;184082416;;;;01/04/2032 00:00:00;3;13993138;16/09/2026 13:30:46;Mirko;Hernandez;;;;;;Mirko Hernandez;
14230949;17/09/2026 13:38:15;3;2;0001  215240-1;03;CAMION MAR 2;2093194;"LG10    ";"LOPEZ GAS ONLINE S.A                              ";AV. REMEDIOS DE ESCALADA 2375;953421;"90-166         ";90-166 - PACK GRIF. ADRA PLUS (Lav-Bide-Ducha c/t Plus);60;60;60;23448587;160926043117443;184082673;;;;01/04/2032 00:00:00;3;13993153;16/09/2026 13:31:17;Mirko;Hernandez;;;;;;Mirko Hernandez;
14230949;17/09/2026 13:38:15;3;2;0001  215240-1;03;CAMION MAR 2;2093194;"LG10    ";"LOPEZ GAS ONLINE S.A                              ";AV. REMEDIOS DE ESCALADA 2375;953421;"90-166         ";90-166 - PACK GRIF. ADRA PLUS (Lav-Bide-Ducha c/t Plus);60;60;60;23448608;160926043151797;184082861;;;;01/04/2032 00:00:00;3;13993174;16/09/2026 13:31:51;Mirko;Hernandez;;;;;;Mirko Hernandez;
14230949;17/09/2026 13:38:15;3;2;0001  215240-1;03;CAMION MAR 2;2093194;"LG10    ";"LOPEZ GAS ONLINE S.A                              ";AV. REMEDIOS DE ESCALADA 2375;953421;"90-166         ";90-166 - PACK GRIF. ADRA PLUS (Lav-Bide-Ducha c/t Plus);60;60;60;23448625;160926043217447;183961699;;;;01/04/2032 00:00:00;3;13993194;16/09/2026 13:32:17;Mirko;Hernandez;;;;;;Mirko Hernandez;
14230949;17/09/2026 13:38:15;3;2;0001  215240-1;03;CAMION MAR 2;2093194;"LG10    ";"LOPEZ GAS ONLINE S.A                              ";AV. REMEDIOS DE ESCALADA 2375;952453;"51-131         ";51-131 - MESADA BIMANDO CR C.CERAM MALLORCA;30;30;30;23448647;160926043248878;184083190;;;;01/31/2032 00:00:00;3;13993204;16/09/2026 13:32:48;Mirko;Hernandez;;;;;;Mirko Hernandez;
14230949;17/09/2026 13:38:15;3;2;0001  215240-1;03;CAMION MAR 2;2093194;"LG10    ";"LOPEZ GAS ONLINE S.A                              ";AV. REMEDIOS DE ESCALADA 2375;952453;"51-131         ";51-131 - MESADA BIMANDO CR C.CERAM MALLORCA;30;30;30;23448685;160926043323358;184083397;;;;01/31/2032 00:00:00;3;13993223;16/09/2026 13:33:23;Mirko;Hernandez;;;;;;Mirko Hernandez;
14230949;17/09/2026 13:38:15;3;2;0001  215240-1;03;CAMION MAR 2;2093194;"LG10    ";"LOPEZ GAS ONLINE S.A                              ";AV. REMEDIOS DE ESCALADA 2375;952453;"51-131         ";51-131 - MESADA BIMANDO CR C.CERAM MALLORCA;30;30;30;23448732;160926043354717;184083592;;;;01/31/2032 00:00:00;3;13993235;16/09/2026 13:33:54;Mirko;Hernandez;;;;;;Mirko Hernandez;
14230949;17/09/2026 13:38:15;3;2;0001  215240-1;03;CAMION MAR 2;2093194;"LG10    ";"LOPEZ GAS ONLINE S.A                              ";AV. REMEDIOS DE ESCALADA 2375;952453;"51-131         ";51-131 - MESADA BIMANDO CR C.CERAM MALLORCA;30;30;30;23448774;160926043436777;184083869;;;;01/31/2032 00:00:00;3;13993252;16/09/2026 13:34:36;Mirko;Hernandez;;;;;;Mirko Hernandez;
14230949;17/09/2026 13:38:15;3;2;0001  215240-1;03;CAMION MAR 2;2093194;"LG10    ";"LOPEZ GAS ONLINE S.A                              ";AV. REMEDIOS DE ESCALADA 2375;952453;"51-131         ";51-131 - MESADA BIMANDO CR C.CERAM MALLORCA;30;30;30;23448800;160926043511372;184084088;;;;01/31/2032 00:00:00;3;13993268;16/09/2026 13:35:11;Mirko;Hernandez;;;;;;Mirko Hernandez;
14230949;17/09/2026 13:38:15;3;2;0001  215240-1;03;CAMION MAR 2;2093194;"LG10    ";"LOPEZ GAS ONLINE S.A                              ";AV. REMEDIOS DE ESCALADA 2375;952453;"51-131         ";51-131 - MESADA BIMANDO CR C.CERAM MALLORCA;30;30;30;23448826;160926043547845;184084312;;;;01/31/2032 00:00:00;3;13993291;16/09/2026 13:35:47;Mirko;Hernandez;;;;;;Mirko Hernandez;
14230949;17/09/2026 13:38:15;3;2;0001  215240-1;03;CAMION MAR 2;2093194;"LG10    ";"LOPEZ GAS ONLINE S.A                              ";AV. REMEDIOS DE ESCALADA 2375;952453;"51-131         ";51-131 - MESADA BIMANDO CR C.CERAM MALLORCA;30;30;30;23448868;160926043642838;184084659;;;;01/31/2032 00:00:00;2;13993320;16/09/2026 13:36:42;Mirko;Hernandez;;;;;;Mirko Hernandez;
14230949;17/09/2026 13:38:15;3;2;0001  215240-1;03;CAMION MAR 2;2093194;"LG10    ";"LOPEZ GAS ONLINE S.A                              ";AV. REMEDIOS DE ESCALADA 2375;953176;"80-390         ";80-390 - DUCHA DE EMB 3 FUNCIONES BLACK VELVET;18;18;18;23448868;160926043642838;184084660;;;;09/16/2031 00:00:00;1;13993320;16/09/2026 13:36:42;Mirko;Hernandez;;;;;;Mirko Hernandez;
14230949;17/09/2026 13:38:15;3;2;0001  215240-1;03;CAMION MAR 2;2093194;"LG10    ";"LOPEZ GAS ONLINE S.A                              ";AV. REMEDIOS DE ESCALADA 2375;952453;"51-131         ";51-131 - MESADA BIMANDO CR C.CERAM MALLORCA;30;30;30;23448898;160926043705033;184084813;;;;01/31/2032 00:00:00;3;13993337;16/09/2026 13:37:05;Mirko;Hernandez;;;;;;Mirko Hernandez;
14230949;17/09/2026 13:38:15;3;2;0001  215240-1;03;CAMION MAR 2;2093194;"LG10    ";"LOPEZ GAS ONLINE S.A                              ";AV. REMEDIOS DE ESCALADA 2375;952453;"51-131         ";51-131 - MESADA BIMANDO CR C.CERAM MALLORCA;30;30;30;23448913;160926043736641;184085015;;;;01/31/2032 00:00:00;2;13993347;16/09/2026 13:37:36;Mirko;Hernandez;;;;;;Mirko Hernandez;
14230949;17/09/2026 13:38:15;3;2;0001  215240-1;03;CAMION MAR 2;2093194;"LG10    ";"LOPEZ GAS ONLINE S.A                              ";AV. REMEDIOS DE ESCALADA 2375;953176;"80-390         ";80-390 - DUCHA DE EMB 3 FUNCIONES BLACK VELVET;18;18;18;23448913;160926043736641;184085016;;;;09/16/2031 00:00:00;1;13993347;16/09/2026 13:37:36;Mirko;Hernandez;;;;;;Mirko Hernandez;
14230949;17/09/2026 13:38:15;3;2;0001  215240-1;03;CAMION MAR 2;2093194;"LG10    ";"LOPEZ GAS ONLINE S.A                              ";AV. REMEDIOS DE ESCALADA 2375;953176;"80-390         ";80-390 - DUCHA DE EMB 3 FUNCIONES BLACK VELVET;18;18;18;23448962;160926043846451;184085463;;;;09/16/2031 00:00:00;2;13993383;16/09/2026 13:38:46;Mirko;Hernandez;;;;;;Mirko Hernandez;
14230949;17/09/2026 13:38:15;3;2;0001  215240-1;03;CAMION MAR 2;2093194;"LG10    ";"LOPEZ GAS ONLINE S.A                              ";AV. REMEDIOS DE ESCALADA 2375;952453;"51-131         ";51-131 - MESADA BIMANDO CR C.CERAM MALLORCA;30;30;30;23448962;160926043846451;184085462;;;;01/31/2032 00:00:00;1;13993383;16/09/2026 13:38:46;Mirko;Hernandez;;;;;;Mirko Hernandez;
14230949;17/09/2026 13:38:15;3;2;0001  215240-1;03;CAMION MAR 2;2093194;"LG10    ";"LOPEZ GAS ONLINE S.A                              ";AV. REMEDIOS DE ESCALADA 2375;953176;"80-390         ";80-390 - DUCHA DE EMB 3 FUNCIONES BLACK VELVET;18;18;18;23448981;160926043916975;184085648;;;;09/16/2031 00:00:00;3;13993400;16/09/2026 13:39:16;Mirko;Hernandez;;;;;;Mirko Hernandez;
14230949;17/09/2026 13:38:15;3;2;0001  215240-1;03;CAMION MAR 2;2093194;"LG10    ";"LOPEZ GAS ONLINE S.A                              ";AV. REMEDIOS DE ESCALADA 2375;953176;"80-390         ";80-390 - DUCHA DE EMB 3 FUNCIONES BLACK VELVET;18;18;18;23449027;160926043952347;184085883;;;;09/16/2031 00:00:00;1;13993422;16/09/2026 13:39:52;Mirko;Hernandez;;;;;;Mirko Hernandez;
14230949;17/09/2026 13:38:15;3;2;0001  215240-1;03;CAMION MAR 2;2093194;"LG10    ";"LOPEZ GAS ONLINE S.A                              ";AV. REMEDIOS DE ESCALADA 2375;952453;"51-131         ";51-131 - MESADA BIMANDO CR C.CERAM MALLORCA;30;30;30;23449027;160926043952347;184085882;;;;01/31/2032 00:00:00;2;13993422;16/09/2026 13:39:52;Mirko;Hernandez;;;;;;Mirko Hernandez;
14230949;17/09/2026 13:38:15;3;2;0001  215240-1;03;CAMION MAR 2;2093194;"LG10    ";"LOPEZ GAS ONLINE S.A                              ";AV. REMEDIOS DE ESCALADA 2375;953152;"80-200C        ";80-200C - DUCHA EMB. MONOC. 3 FUNCIONES CR FABRIC;12;12;12;23449831;160926045152556;184091093;;;;12/14/2031 00:00:00;3;13993849;16/09/2026 13:51:52;Mirko;Hernandez;;;;;;Mirko Hernandez;
14230949;17/09/2026 13:38:15;3;2;0001  215240-1;03;CAMION MAR 2;2093194;"LG10    ";"LOPEZ GAS ONLINE S.A                              ";AV. REMEDIOS DE ESCALADA 2375;952453;"51-131         ";51-131 - MESADA BIMANDO CR C.CERAM MALLORCA;30;30;30;23449973;160926045354828;184092016;;;;01/31/2032 00:00:00;1;13993943;16/09/2026 13:53:54;Mirko;Hernandez;;;;;;Mirko Hernandez;
14230949;17/09/2026 13:38:15;3;2;0001  215240-1;03;CAMION MAR 2;2093194;"LG10    ";"LOPEZ GAS ONLINE S.A                              ";AV. REMEDIOS DE ESCALADA 2375;953152;"80-200C        ";80-200C - DUCHA EMB. MONOC. 3 FUNCIONES CR FABRIC;12;12;12;23449973;160926045354828;184092017;;;;12/14/2031 00:00:00;2;13993943;16/09/2026 13:53:54;Mirko;Hernandez;;;;;;Mirko Hernandez;
14230949;17/09/2026 13:38:15;3;2;0001  215240-1;03;CAMION MAR 2;2093194;"LG10    ";"LOPEZ GAS ONLINE S.A                              ";AV. REMEDIOS DE ESCALADA 2375;953152;"80-200C        ";80-200C - DUCHA EMB. MONOC. 3 FUNCIONES CR FABRIC;12;12;12;23450047;160926045516237;184092671;;;;12/14/2031 00:00:00;2;13993991;16/09/2026 13:55:16;Mirko;Hernandez;;;;;;Mirko Hernandez;
14230949;17/09/2026 13:38:15;3;2;0001  215240-1;03;CAMION MAR 2;2093194;"LG10    ";"LOPEZ GAS ONLINE S.A                              ";AV. REMEDIOS DE ESCALADA 2375;952453;"51-131         ";51-131 - MESADA BIMANDO CR C.CERAM MALLORCA;30;30;30;23450047;160926045516237;184007246;;;;01/31/2032 00:00:00;1;13993991;16/09/2026 13:55:16;Mirko;Hernandez;;;;;;Mirko Hernandez;
14230949;17/09/2026 13:38:15;3;2;0001  215240-1;03;CAMION MAR 2;2093194;"LG10    ";"LOPEZ GAS ONLINE S.A                              ";AV. REMEDIOS DE ESCALADA 2375;953152;"80-200C        ";80-200C - DUCHA EMB. MONOC. 3 FUNCIONES CR FABRIC;12;12;12;23450126;160926045637278;184093231;;;;12/14/2031 00:00:00;3;13994034;16/09/2026 13:56:37;Mirko;Hernandez;;;;;;Mirko Hernandez;
14230949;17/09/2026 13:38:15;3;2;0001  215240-1;03;CAMION MAR 2;2093194;"LG10    ";"LOPEZ GAS ONLINE S.A                              ";AV. REMEDIOS DE ESCALADA 2375;953152;"80-200C        ";80-200C - DUCHA EMB. MONOC. 3 FUNCIONES CR FABRIC;12;12;12;23450153;160926045710030;184010468;;;;12/14/2031 00:00:00;2;13994056;16/09/2026 13:57:10;Mirko;Hernandez;;;;;;Mirko Hernandez;
14230949;17/09/2026 13:38:15;3;2;0001  215240-1;03;CAMION MAR 2;2093194;"LG10    ";"LOPEZ GAS ONLINE S.A                              ";AV. REMEDIOS DE ESCALADA 2375;953422;"90-166N        ";90-166N - PACK GRIF. ADRA BLACK PLUS  (Lav-Bide-Ducha c/t Plus);60;60;60;23450153;160926045710030;184093452;;;;01/11/2032 00:00:00;1;13994056;16/09/2026 13:57:10;Mirko;Hernandez;;;;;;Mirko Hernandez;
14230949;17/09/2026 13:38:15;3;2;0001  215240-1;03;CAMION MAR 2;2093194;"LG10    ";"LOPEZ GAS ONLINE S.A                              ";AV. REMEDIOS DE ESCALADA 2375;953422;"90-166N        ";90-166N - PACK GRIF. ADRA BLACK PLUS  (Lav-Bide-Ducha c/t Plus);60;60;60;23450185;160926045736683;184093665;;;;01/11/2032 00:00:00;3;13994072;16/09/2026 13:57:36;Mirko;Hernandez;;;;;;Mirko Hernandez;
14230949;17/09/2026 13:38:15;3;2;0001  215240-1;03;CAMION MAR 2;2093194;"LG10    ";"LOPEZ GAS ONLINE S.A                              ";AV. REMEDIOS DE ESCALADA 2375;953422;"90-166N        ";90-166N - PACK GRIF. ADRA BLACK PLUS  (Lav-Bide-Ducha c/t Plus);60;60;60;23450221;160926045808305;184093868;;;;01/11/2032 00:00:00;3;13994095;16/09/2026 13:58:08;Mirko;Hernandez;;;;;;Mirko Hernandez;
14230949;17/09/2026 13:38:15;3;2;0001  215240-1;03;CAMION MAR 2;2093194;"LG10    ";"LOPEZ GAS ONLINE S.A                              ";AV. REMEDIOS DE ESCALADA 2375;953422;"90-166N        ";90-166N - PACK GRIF. ADRA BLACK PLUS  (Lav-Bide-Ducha c/t Plus);60;60;60;23450235;160926045833400;184094031;;;;01/11/2032 00:00:00;3;13994113;16/09/2026 13:58:33;Mirko;Hernandez;;;;;;Mirko Hernandez;
14230949;17/09/2026 13:38:15;3;2;0001  215240-1;03;CAMION MAR 2;2093194;"LG10    ";"LOPEZ GAS ONLINE S.A                              ";AV. REMEDIOS DE ESCALADA 2375;953422;"90-166N        ";90-166N - PACK GRIF. ADRA BLACK PLUS  (Lav-Bide-Ducha c/t Plus);60;60;60;23450278;160926045900512;184094220;;;;01/11/2032 00:00:00;3;13994126;16/09/2026 13:59:00;Mirko;Hernandez;;;;;;Mirko Hernandez;
14230949;17/09/2026 13:38:15;3;2;0001  215240-1;03;CAMION MAR 2;2093194;"LG10    ";"LOPEZ GAS ONLINE S.A                              ";AV. REMEDIOS DE ESCALADA 2375;953422;"90-166N        ";90-166N - PACK GRIF. ADRA BLACK PLUS  (Lav-Bide-Ducha c/t Plus);60;60;60;23450310;160926045926094;184094367;;;;01/11/2032 00:00:00;3;13994140;16/09/2026 13:59:26;Mirko;Hernandez;;;;;;Mirko Hernandez;
14230949;17/09/2026 13:38:15;3;2;0001  215240-1;03;CAMION MAR 2;2093194;"LG10    ";"LOPEZ GAS ONLINE S.A                              ";AV. REMEDIOS DE ESCALADA 2375;953422;"90-166N        ";90-166N - PACK GRIF. ADRA BLACK PLUS  (Lav-Bide-Ducha c/t Plus);60;60;60;23450331;160926045953897;184094554;;;;01/11/2032 00:00:00;3;13994161;16/09/2026 13:59:53;Mirko;Hernandez;;;;;;Mirko Hernandez;
14230949;17/09/2026 13:38:15;3;2;0001  215240-1;03;CAMION MAR 2;2093194;"LG10    ";"LOPEZ GAS ONLINE S.A                              ";AV. REMEDIOS DE ESCALADA 2375;953422;"90-166N        ";90-166N - PACK GRIF. ADRA BLACK PLUS  (Lav-Bide-Ducha c/t Plus);60;60;60;23450354;160926050026356;184094787;;;;01/11/2032 00:00:00;3;13994180;16/09/2026 14:00:26;Mirko;Hernandez;;;;;;Mirko Hernandez;
14230949;17/09/2026 13:38:15;3;2;0001  215240-1;03;CAMION MAR 2;2093194;"LG10    ";"LOPEZ GAS ONLINE S.A                              ";AV. REMEDIOS DE ESCALADA 2375;953422;"90-166N        ";90-166N - PACK GRIF. ADRA BLACK PLUS  (Lav-Bide-Ducha c/t Plus);60;60;60;23450423;160926050112621;184095111;;;;01/11/2032 00:00:00;3;13994210;16/09/2026 14:01:12;Mirko;Hernandez;;;;;;Mirko Hernandez;
14230949;17/09/2026 13:38:15;3;2;0001  215240-1;03;CAMION MAR 2;2093194;"LG10    ";"LOPEZ GAS ONLINE S.A                              ";AV. REMEDIOS DE ESCALADA 2375;953422;"90-166N        ";90-166N - PACK GRIF. ADRA BLACK PLUS  (Lav-Bide-Ducha c/t Plus);60;60;60;23450441;160926050139742;184095312;;;;01/11/2032 00:00:00;3;13994221;16/09/2026 14:01:39;Mirko;Hernandez;;;;;;Mirko Hernandez;
14230949;17/09/2026 13:38:15;3;2;0001  215240-1;03;CAMION MAR 2;2093194;"LG10    ";"LOPEZ GAS ONLINE S.A                              ";AV. REMEDIOS DE ESCALADA 2375;953422;"90-166N        ";90-166N - PACK GRIF. ADRA BLACK PLUS  (Lav-Bide-Ducha c/t Plus);60;60;60;23450485;160926050207367;184095514;;;;01/11/2032 00:00:00;3;13994244;16/09/2026 14:02:07;Mirko;Hernandez;;;;;;Mirko Hernandez;
14230949;17/09/2026 13:38:15;3;2;0001  215240-1;03;CAMION MAR 2;2093194;"LG10    ";"LOPEZ GAS ONLINE S.A                              ";AV. REMEDIOS DE ESCALADA 2375;953422;"90-166N        ";90-166N - PACK GRIF. ADRA BLACK PLUS  (Lav-Bide-Ducha c/t Plus);60;60;60;23450504;160926050227762;184095649;;;;01/11/2032 00:00:00;3;13994256;16/09/2026 14:02:27;Mirko;Hernandez;;;;;;Mirko Hernandez;
14230949;17/09/2026 13:38:15;3;2;0001  215240-1;03;CAMION MAR 2;2093194;"LG10    ";"LOPEZ GAS ONLINE S.A                              ";AV. REMEDIOS DE ESCALADA 2375;953422;"90-166N        ";90-166N - PACK GRIF. ADRA BLACK PLUS  (Lav-Bide-Ducha c/t Plus);60;60;60;23450519;160926050255767;184095854;;;;01/11/2032 00:00:00;3;13994264;16/09/2026 14:02:55;Mirko;Hernandez;;;;;;Mirko Hernandez;
14230949;17/09/2026 13:38:15;3;2;0001  215240-1;03;CAMION MAR 2;2093194;"LG10    ";"LOPEZ GAS ONLINE S.A                              ";AV. REMEDIOS DE ESCALADA 2375;953422;"90-166N        ";90-166N - PACK GRIF. ADRA BLACK PLUS  (Lav-Bide-Ducha c/t Plus);60;60;60;23450587;160926050343471;184096301;;;;01/11/2032 00:00:00;3;13994291;16/09/2026 14:03:43;Mirko;Hernandez;;;;;;Mirko Hernandez;
14230949;17/09/2026 13:38:15;3;2;0001  215240-1;03;CAMION MAR 2;2093194;"LG10    ";"LOPEZ GAS ONLINE S.A                              ";AV. REMEDIOS DE ESCALADA 2375;953422;"90-166N        ";90-166N - PACK GRIF. ADRA BLACK PLUS  (Lav-Bide-Ducha c/t Plus);60;60;60;23450608;160926050408125;184096474;;;;01/11/2032 00:00:00;3;13994308;16/09/2026 14:04:08;Mirko;Hernandez;;;;;;Mirko Hernandez;
14230949;17/09/2026 13:38:15;3;2;0001  215240-1;03;CAMION MAR 2;2093194;"LG10    ";"LOPEZ GAS ONLINE S.A                              ";AV. REMEDIOS DE ESCALADA 2375;953422;"90-166N        ";90-166N - PACK GRIF. ADRA BLACK PLUS  (Lav-Bide-Ducha c/t Plus);60;60;60;23450616;160926050426575;184096619;;;;01/11/2032 00:00:00;3;13994316;16/09/2026 14:04:26;Mirko;Hernandez;;;;;;Mirko Hernandez;
14230949;17/09/2026 13:38:15;3;2;0001  215240-1;03;CAMION MAR 2;2093194;"LG10    ";"LOPEZ GAS ONLINE S.A                              ";AV. REMEDIOS DE ESCALADA 2375;953422;"90-166N        ";90-166N - PACK GRIF. ADRA BLACK PLUS  (Lav-Bide-Ducha c/t Plus);60;60;60;23450642;160926050457661;184096851;;;;01/11/2032 00:00:00;3;13994333;16/09/2026 14:04:57;Mirko;Hernandez;;;;;;Mirko Hernandez;
14230949;17/09/2026 13:38:15;3;2;0001  215240-1;03;CAMION MAR 2;2093194;"LG10    ";"LOPEZ GAS ONLINE S.A                              ";AV. REMEDIOS DE ESCALADA 2375;953422;"90-166N        ";90-166N - PACK GRIF. ADRA BLACK PLUS  (Lav-Bide-Ducha c/t Plus);60;60;60;23450701;160926050603834;184097391;;;;01/11/2032 00:00:00;3;13994368;16/09/2026 14:06:03;Mirko;Hernandez;;;;;;Mirko Hernandez;
14230949;17/09/2026 13:38:15;3;2;0001  215240-1;03;CAMION MAR 2;2093194;"LG10    ";"LOPEZ GAS ONLINE S.A                              ";AV. REMEDIOS DE ESCALADA 2375;953422;"90-166N        ";90-166N - PACK GRIF. ADRA BLACK PLUS  (Lav-Bide-Ducha c/t Plus);60;60;60;23450734;160926050629245;184097579;;;;01/11/2032 00:00:00;3;13994387;16/09/2026 14:06:29;Mirko;Hernandez;;;;;;Mirko Hernandez;
14230949;17/09/2026 13:38:15;3;2;0001  215240-1;03;CAMION MAR 2;2093194;"LG10    ";"LOPEZ GAS ONLINE S.A                              ";AV. REMEDIOS DE ESCALADA 2375;953422;"90-166N        ";90-166N - PACK GRIF. ADRA BLACK PLUS  (Lav-Bide-Ducha c/t Plus);60;60;60;23450758;160926050657282;184097794;;;;01/11/2032 00:00:00;3;13994401;16/09/2026 14:06:57;Mirko;Hernandez;;;;;;Mirko Hernandez;
14230949;17/09/2026 13:38:15;3;2;0001  215240-1;03;CAMION MAR 2;2093194;"LG10    ";"LOPEZ GAS ONLINE S.A                              ";AV. REMEDIOS DE ESCALADA 2375;953150;"80-199N        ";80-199N - DUCHA EMB. C/TRANSF. BLACK C.CERAM LIVE;12;12;12;23450792;160926050737316;184098130;;;;09/27/2031 00:00:00;1;13994426;16/09/2026 14:07:37;Mirko;Hernandez;;;;;;Mirko Hernandez;
14230949;17/09/2026 13:38:15;3;2;0001  215240-1;03;CAMION MAR 2;2093194;"LG10    ";"LOPEZ GAS ONLINE S.A                              ";AV. REMEDIOS DE ESCALADA 2375;953422;"90-166N        ";90-166N - PACK GRIF. ADRA BLACK PLUS  (Lav-Bide-Ducha c/t Plus);60;60;60;23450792;160926050737316;183955285;;;;01/11/2032 00:00:00;2;13994426;16/09/2026 14:07:37;Mirko;Hernandez;;;;;;Mirko Hernandez;
14230949;17/09/2026 13:38:15;3;2;0001  215240-1;03;CAMION MAR 2;2093194;"LG10    ";"LOPEZ GAS ONLINE S.A                              ";AV. REMEDIOS DE ESCALADA 2375;953150;"80-199N        ";80-199N - DUCHA EMB. C/TRANSF. BLACK C.CERAM LIVE;12;12;12;23451846;160926052611313;184106687;;;;09/27/2031 00:00:00;3;13995127;16/09/2026 14:26:11;Mirko;Hernandez;;;;;;Mirko Hernandez;
14230949;17/09/2026 13:38:15;3;2;0001  215240-1;03;CAMION MAR 2;2093194;"LG10    ";"LOPEZ GAS ONLINE S.A                              ";AV. REMEDIOS DE ESCALADA 2375;953150;"80-199N        ";80-199N - DUCHA EMB. C/TRANSF. BLACK C.CERAM LIVE;12;12;12;23451875;160926052638744;184106902;;;;09/27/2031 00:00:00;3;13995155;16/09/2026 14:26:38;Mirko;Hernandez;;;;;;Mirko Hernandez;
14230949;17/09/2026 13:38:15;3;2;0001  215240-1;03;CAMION MAR 2;2093194;"LG10    ";"LOPEZ GAS ONLINE S.A                              ";AV. REMEDIOS DE ESCALADA 2375;953352;"85-190         ";85-190 - DUCHA EMB C/TRANSF Y DUCHADOR CR C.CERAM BLACK VELVET;18;18;18;23451910;160926052712824;184107195;;;;08/04/2031 00:00:00;3;13995177;16/09/2026 14:27:12;Mirko;Hernandez;;;;;;Mirko Hernandez;
14230949;17/09/2026 13:38:15;3;2;0001  215240-1;03;CAMION MAR 2;2093194;"LG10    ";"LOPEZ GAS ONLINE S.A                              ";AV. REMEDIOS DE ESCALADA 2375;953352;"85-190         ";85-190 - DUCHA EMB C/TRANSF Y DUCHADOR CR C.CERAM BLACK VELVET;18;18;18;23451958;160926052801421;184107545;;;;08/04/2031 00:00:00;2;13995215;16/09/2026 14:28:01;Mirko;Hernandez;;;;;;Mirko Hernandez;
14230949;17/09/2026 13:38:15;3;2;0001  215240-1;03;CAMION MAR 2;2093194;"LG10    ";"LOPEZ GAS ONLINE S.A                              ";AV. REMEDIOS DE ESCALADA 2375;953150;"80-199N        ";80-199N - DUCHA EMB. C/TRANSF. BLACK C.CERAM LIVE;12;12;12;23451958;160926052801421;184107544;;;;09/27/2031 00:00:00;1;13995215;16/09/2026 14:28:01;Mirko;Hernandez;;;;;;Mirko Hernandez;
14230949;17/09/2026 13:38:15;3;2;0001  215240-1;03;CAMION MAR 2;2093194;"LG10    ";"LOPEZ GAS ONLINE S.A                              ";AV. REMEDIOS DE ESCALADA 2375;953352;"85-190         ";85-190 - DUCHA EMB C/TRANSF Y DUCHADOR CR C.CERAM BLACK VELVET;18;18;18;23452006;160926052841912;184107836;;;;08/04/2031 00:00:00;3;13995244;16/09/2026 14:28:41;Mirko;Hernandez;;;;;;Mirko Hernandez;
14230949;17/09/2026 13:38:15;3;2;0001  215240-1;03;CAMION MAR 2;2093194;"LG10    ";"LOPEZ GAS ONLINE S.A                              ";AV. REMEDIOS DE ESCALADA 2375;953352;"85-190         ";85-190 - DUCHA EMB C/TRANSF Y DUCHADOR CR C.CERAM BLACK VELVET;18;18;18;23452038;160926052909557;184108118;;;;08/04/2031 00:00:00;3;13995261;16/09/2026 14:29:09;Mirko;Hernandez;;;;;;Mirko Hernandez;
14230949;17/09/2026 13:38:15;3;2;0001  215240-1;03;CAMION MAR 2;2093194;"LG10    ";"LOPEZ GAS ONLINE S.A                              ";AV. REMEDIOS DE ESCALADA 2375;953352;"85-190         ";85-190 - DUCHA EMB C/TRANSF Y DUCHADOR CR C.CERAM BLACK VELVET;18;18;18;23452074;160926052938691;184108349;;;;08/04/2031 00:00:00;3;13995280;16/09/2026 14:29:38;Mirko;Hernandez;;;;;;Mirko Hernandez;
14230949;17/09/2026 13:38:15;3;2;0001  215240-1;03;CAMION MAR 2;2093194;"LG10    ";"LOPEZ GAS ONLINE S.A                              ";AV. REMEDIOS DE ESCALADA 2375;953352;"85-190         ";85-190 - DUCHA EMB C/TRANSF Y DUCHADOR CR C.CERAM BLACK VELVET;18;18;18;23452114;160926053007159;184108562;;;;08/04/2031 00:00:00;3;13995296;16/09/2026 14:30:07;Mirko;Hernandez;;;;;;Mirko Hernandez;
14230949;17/09/2026 13:38:15;3;2;0001  215240-1;03;CAMION MAR 2;2093194;"LG10    ";"LOPEZ GAS ONLINE S.A                              ";AV. REMEDIOS DE ESCALADA 2375;953176;"80-390         ";80-390 - DUCHA DE EMB 3 FUNCIONES BLACK VELVET;18;18;18;23452473;160926053620608;184111457;;;;09/16/2031 00:00:00;3;13995522;16/09/2026 14:36:20;Mirko;Hernandez;;;;;;Mirko Hernandez;
14230949;17/09/2026 13:38:15;3;2;0001  215240-1;03;CAMION MAR 2;2093194;"LG10    ";"LOPEZ GAS ONLINE S.A                              ";AV. REMEDIOS DE ESCALADA 2375;953176;"80-390         ";80-390 - DUCHA DE EMB 3 FUNCIONES BLACK VELVET;18;18;18;23452541;160926053718275;184111891;;;;09/16/2031 00:00:00;3;13995564;16/09/2026 14:37:18;Mirko;Hernandez;;;;;;Mirko Hernandez;
14230949;17/09/2026 13:38:15;3;2;0001  215240-1;03;CAMION MAR 2;2093194;"LG10    ";"LOPEZ GAS ONLINE S.A                              ";AV. REMEDIOS DE ESCALADA 2375;953352;"85-190         ";85-190 - DUCHA EMB C/TRANSF Y DUCHADOR CR C.CERAM BLACK VELVET;18;18;18;23452575;160926053755446;183993783;;;;08/04/2031 00:00:00;1;13995588;16/09/2026 14:37:55;Mirko;Hernandez;;;;;;Mirko Hernandez;
14230949;17/09/2026 13:38:15;3;2;0001  215240-1;03;CAMION MAR 2;2093194;"LG10    ";"LOPEZ GAS ONLINE S.A                              ";AV. REMEDIOS DE ESCALADA 2375;953176;"80-390         ";80-390 - DUCHA DE EMB 3 FUNCIONES BLACK VELVET;18;18;18;23452575;160926053755446;184112187;;;;09/16/2031 00:00:00;2;13995588;16/09/2026 14:37:55;Mirko;Hernandez;;;;;;Mirko Hernandez;
14230949;17/09/2026 13:38:15;3;2;0001  215240-1;03;CAMION MAR 2;2093194;"LG10    ";"LOPEZ GAS ONLINE S.A                              ";AV. REMEDIOS DE ESCALADA 2375;952727;"61-203N        ";"LAVATORIO MONOCOMANDO ALTO ADRA BLACK                                 ";12;12;12;23452647;160926053909129;184112770;;;;01/06/2032 00:00:00;4;13995641;16/09/2026 14:39:09;Mirko;Hernandez;;;;;;Mirko Hernandez;
14230949;17/09/2026 13:38:15;3;2;0001  215240-1;03;CAMION MAR 2;2093194;"LG10    ";"LOPEZ GAS ONLINE S.A                              ";AV. REMEDIOS DE ESCALADA 2375;952727;"61-203N        ";"LAVATORIO MONOCOMANDO ALTO ADRA BLACK                                 ";12;12;12;23452665;160926053931865;184112939;;;;01/06/2032 00:00:00;4;13995659;16/09/2026 14:39:31;Mirko;Hernandez;;;;;;Mirko Hernandez;
14230949;17/09/2026 13:38:15;3;2;0001  215240-1;03;CAMION MAR 2;2093194;"LG10    ";"LOPEZ GAS ONLINE S.A                              ";AV. REMEDIOS DE ESCALADA 2375;952727;"61-203N        ";"LAVATORIO MONOCOMANDO ALTO ADRA BLACK                                 ";12;12;12;23452734;160926054013793;183990991;;;;01/06/2032 00:00:00;4;13995688;16/09/2026 14:40:13;Mirko;Hernandez;;;;;;Mirko Hernandez;
14230949;17/09/2026 13:38:15;3;2;0001  215240-1;03;CAMION MAR 2;2093194;"LG10    ";"LOPEZ GAS ONLINE S.A                              ";AV. REMEDIOS DE ESCALADA 2375;952452;"51-122         ";51-122 - MESADA BIMANDO CR C.CERAM VALENCIA;24;24;24;23452760;160926054038646;184113431;;;;02/01/2032 00:00:00;3;13995711;16/09/2026 14:40:38;Mirko;Hernandez;;;;;;Mirko Hernandez;
14230949;17/09/2026 13:38:15;3;2;0001  215240-1;03;CAMION MAR 2;2093194;"LG10    ";"LOPEZ GAS ONLINE S.A                              ";AV. REMEDIOS DE ESCALADA 2375;952452;"51-122         ";51-122 - MESADA BIMANDO CR C.CERAM VALENCIA;24;24;24;23452797;160926054101815;184113595;;;;02/01/2032 00:00:00;3;13995724;16/09/2026 14:41:01;Mirko;Hernandez;;;;;;Mirko Hernandez;
14230949;17/09/2026 13:38:15;3;2;0001  215240-1;03;CAMION MAR 2;2093194;"LG10    ";"LOPEZ GAS ONLINE S.A                              ";AV. REMEDIOS DE ESCALADA 2375;952452;"51-122         ";51-122 - MESADA BIMANDO CR C.CERAM VALENCIA;24;24;24;23452845;160926054147299;184113962;;;;02/01/2032 00:00:00;3;13995767;16/09/2026 14:41:47;Mirko;Hernandez;;;;;;Mirko Hernandez;
14230949;17/09/2026 13:38:15;3;2;0001  215240-1;03;CAMION MAR 2;2093194;"LG10    ";"LOPEZ GAS ONLINE S.A                              ";AV. REMEDIOS DE ESCALADA 2375;952452;"51-122         ";51-122 - MESADA BIMANDO CR C.CERAM VALENCIA;24;24;24;23453171;160926054835818;184117177;;;;02/01/2032 00:00:00;1;13996027;16/09/2026 14:48:35;Mirko;Hernandez;;;;;;Mirko Hernandez;
14230949;17/09/2026 13:38:15;3;2;0001  215240-1;03;CAMION MAR 2;2093194;"LG10    ";"LOPEZ GAS ONLINE S.A                              ";AV. REMEDIOS DE ESCALADA 2375;953176;"80-390         ";80-390 - DUCHA DE EMB 3 FUNCIONES BLACK VELVET;18;18;18;23453171;160926054835818;183992263;;;;09/16/2031 00:00:00;2;13996027;16/09/2026 14:48:35;Mirko;Hernandez;;;;;;Mirko Hernandez;
14230949;17/09/2026 13:38:15;3;2;0001  215240-1;03;CAMION MAR 2;2093194;"LG10    ";"LOPEZ GAS ONLINE S.A                              ";AV. REMEDIOS DE ESCALADA 2375;952452;"51-122         ";51-122 - MESADA BIMANDO CR C.CERAM VALENCIA;24;24;24;23453313;160926055136827;184118584;;;;02/01/2032 00:00:00;3;13996113;16/09/2026 14:51:36;Mirko;Hernandez;;;;;;Mirko Hernandez;
14230949;17/09/2026 13:38:15;3;2;0001  215240-1;03;CAMION MAR 2;2093194;"LG10    ";"LOPEZ GAS ONLINE S.A                              ";AV. REMEDIOS DE ESCALADA 2375;952452;"51-122         ";51-122 - MESADA BIMANDO CR C.CERAM VALENCIA;24;24;24;23453359;160926055206756;184118792;;;;02/01/2032 00:00:00;3;13996136;16/09/2026 14:52:06;Mirko;Hernandez;;;;;;Mirko Hernandez;
14230949;17/09/2026 13:38:15;3;2;0001  215240-1;03;CAMION MAR 2;2093194;"LG10    ";"LOPEZ GAS ONLINE S.A                              ";AV. REMEDIOS DE ESCALADA 2375;952452;"51-122         ";51-122 - MESADA BIMANDO CR C.CERAM VALENCIA;24;24;24;23453390;160926055243285;184119043;;;;02/01/2032 00:00:00;3;13996155;16/09/2026 14:52:43;Mirko;Hernandez;;;;;;Mirko Hernandez;
14230949;17/09/2026 13:38:15;3;2;0001  215240-1;03;CAMION MAR 2;2093194;"LG10    ";"LOPEZ GAS ONLINE S.A                              ";AV. REMEDIOS DE ESCALADA 2375;952452;"51-122         ";51-122 - MESADA BIMANDO CR C.CERAM VALENCIA;24;24;24;23453428;160926055313269;184119256;;;;02/01/2032 00:00:00;3;13996171;16/09/2026 14:53:13;Mirko;Hernandez;;;;;;Mirko Hernandez;
14230949;17/09/2026 13:38:15;3;2;0001  215240-1;03;CAMION MAR 2;2093194;"LG10    ";"LOPEZ GAS ONLINE S.A                              ";AV. REMEDIOS DE ESCALADA 2375;952452;"51-122         ";51-122 - MESADA BIMANDO CR C.CERAM VALENCIA;24;24;24;23453608;160926055611256;183988203;;;;02/01/2032 00:00:00;2;13996270;16/09/2026 14:56:11;Mirko;Hernandez;;;;;;Mirko Hernandez;
14230949;17/09/2026 13:38:15;3;2;0001  215240-1;03;CAMION MAR 2;2093194;"LG10    ";"LOPEZ GAS ONLINE S.A                              ";AV. REMEDIOS DE ESCALADA 2375;952740;"62-100G        ";62-100G - LAVATORIO DE PARED GOLD C.CERAM FABRIC;12;12;12;23453711;160926055758528;184121258;;;;12/20/2031 00:00:00;10;13996341;16/09/2026 14:57:58;Mirko;Hernandez;;;;;;Mirko Hernandez;
14230949;17/09/2026 13:38:15;3;2;0001  215240-1;03;CAMION MAR 2;2093194;"LG10    ";"LOPEZ GAS ONLINE S.A                              ";AV. REMEDIOS DE ESCALADA 2375;952947;"70-199N        ";70-199N - BIDE BLACK C.CERAM LIVE;12;12;12;23453750;160926055851387;184121608;;;;07/29/2031 00:00:00;9;13996369;16/09/2026 14:58:51;Mirko;Hernandez;;;;;;Mirko Hernandez;
14230949;17/09/2026 13:38:15;3;2;0001  215240-1;03;CAMION MAR 2;2093194;"LG10    ";"LOPEZ GAS ONLINE S.A                              ";AV. REMEDIOS DE ESCALADA 2375;952945;"70-199         ";70-199 - BIDE CR C.CERAM LIVE;18;18;18;23453750;160926055851387;184121607;;;;12/16/2031 00:00:00;1;13996369;16/09/2026 14:58:51;Mirko;Hernandez;;;;;;Mirko Hernandez;
14230949;17/09/2026 13:38:15;3;2;0001  215240-1;03;CAMION MAR 2;2093194;"LG10    ";"LOPEZ GAS ONLINE S.A                              ";AV. REMEDIOS DE ESCALADA 2375;952742;"62-100NI       ";62-100NI - LAVATORIO DE PARED NICKEL C.CERAM FABRIC;12;12;12;23453802;160926060007355;184122095;;;;09/02/2031 00:00:00;10;13996416;16/09/2026 15:00:07;Mirko;Hernandez;;;;;;Mirko Hernandez;
14230949;17/09/2026 13:38:15;3;2;0001  215240-1;03;CAMION MAR 2;2093194;"LG10    ";"LOPEZ GAS ONLINE S.A                              ";AV. REMEDIOS DE ESCALADA 2375;952677;"60-203         ";60-203 - LAVATORIO MONOCOMANDO BAJO ADRA;18;18;18;23453836;160926060052042;184122398;;;;02/16/2032 00:00:00;10;13996445;16/09/2026 15:00:52;Mirko;Hernandez;;;;;;Mirko Hernandez;
14230949;17/09/2026 13:38:15;3;2;0001  215240-1;03;CAMION MAR 2;2093194;"LG10    ";"LOPEZ GAS ONLINE S.A                              ";AV. REMEDIOS DE ESCALADA 2375;952781;"62-199         ";62-199 - LAVATORIO DE PARED CR C.CERAM LIVE;12;12;12;23453860;160926060128377;184122700;;;;08/03/2031 00:00:00;10;13996473;16/09/2026 15:01:28;Mirko;Hernandez;;;;;;Mirko Hernandez;
14230949;17/09/2026 13:38:15;3;2;0001  215240-1;03;CAMION MAR 2;2093194;"LG10    ";"LOPEZ GAS ONLINE S.A                              ";AV. REMEDIOS DE ESCALADA 2375;952669;"60-199N        ";60-199N - LAVATORIO BLACK C.CERAM LIVE;12;12;12;23453902;160926060226086;184123099;;;;07/27/2031 00:00:00;2;13996512;16/09/2026 15:02:26;Mirko;Hernandez;;;;;;Mirko Hernandez;
14230949;17/09/2026 13:38:15;3;2;0001  215240-1;03;CAMION MAR 2;2093194;"LG10    ";"LOPEZ GAS ONLINE S.A                              ";AV. REMEDIOS DE ESCALADA 2375;952667;"60-199         ";60-199 - LAVATORIO CR C.CERAM LIVE;18;18;18;23453902;160926060226086;184123098;;;;11/16/2031 00:00:00;2;13996512;16/09/2026 15:02:26;Mirko;Hernandez;;;;;;Mirko Hernandez;
14230949;17/09/2026 13:38:15;3;2;0001  215240-1;03;CAMION MAR 2;2093194;"LG10    ";"LOPEZ GAS ONLINE S.A                              ";AV. REMEDIOS DE ESCALADA 2375;952669;"60-199N        ";60-199N - LAVATORIO BLACK C.CERAM LIVE;12;12;12;23453917;160926060252385;184123263;;;;07/27/2031 00:00:00;4;13996533;16/09/2026 15:02:52;Mirko;Hernandez;;;;;;Mirko Hernandez;
14230949;17/09/2026 13:38:15;3;2;0001  215240-1;03;CAMION MAR 2;2093194;"LG10    ";"LOPEZ GAS ONLINE S.A                              ";AV. REMEDIOS DE ESCALADA 2375;952677;"60-203         ";60-203 - LAVATORIO MONOCOMANDO BAJO ADRA;18;18;18;23454599;160926061405861;184128293;;;;02/16/2032 00:00:00;4;13996964;16/09/2026 15:14:05;Mirko;Hernandez;;;;;;Mirko Hernandez;
14230949;17/09/2026 13:38:15;3;2;0001  215240-1;03;CAMION MAR 2;2093194;"LG10    ";"LOPEZ GAS ONLINE S.A                              ";AV. REMEDIOS DE ESCALADA 2375;952742;"62-100NI       ";62-100NI - LAVATORIO DE PARED NICKEL C.CERAM FABRIC;12;12;12;23454599;160926061405861;183989206;;;;09/02/2031 00:00:00;2;13996964;16/09/2026 15:14:05;Mirko;Hernandez;;;;;;Mirko Hernandez;
14230949;17/09/2026 13:38:15;3;2;0001  215240-1;03;CAMION MAR 2;2093194;"LG10    ";"LOPEZ GAS ONLINE S.A                              ";AV. REMEDIOS DE ESCALADA 2375;952781;"62-199         ";62-199 - LAVATORIO DE PARED CR C.CERAM LIVE;12;12;12;23454599;160926061405861;183996363;;;;08/03/2031 00:00:00;2;13996964;16/09/2026 15:14:05;Mirko;Hernandez;;;;;;Mirko Hernandez;
14230949;17/09/2026 13:38:15;3;2;0001  215240-1;03;CAMION MAR 2;2093194;"LG10    ";"LOPEZ GAS ONLINE S.A                              ";AV. REMEDIOS DE ESCALADA 2375;952947;"70-199N        ";70-199N - BIDE BLACK C.CERAM LIVE;12;12;12;23454599;160926061405861;184128294;;;;07/29/2031 00:00:00;2;13996964;16/09/2026 15:14:05;Mirko;Hernandez;;;;;;Mirko Hernandez;
14230949;17/09/2026 13:38:15;3;2;0001  215240-1;03;CAMION MAR 2;2093194;"LG10    ";"LOPEZ GAS ONLINE S.A                              ";AV. REMEDIOS DE ESCALADA 2375;952667;"60-199         ";60-199 - LAVATORIO CR C.CERAM LIVE;18;18;18;23454646;160926061453278;184128648;;;;11/16/2031 00:00:00;4;13996994;16/09/2026 15:14:53;Mirko;Hernandez;;;;;;Mirko Hernandez;
14230949;17/09/2026 13:38:15;3;2;0001  215240-1;03;CAMION MAR 2;2093194;"LG10    ";"LOPEZ GAS ONLINE S.A                              ";AV. REMEDIOS DE ESCALADA 2375;952669;"60-199N        ";60-199N - LAVATORIO BLACK C.CERAM LIVE;12;12;12;23454682;160926061516187;184128828;;;;07/27/2031 00:00:00;4;13997009;16/09/2026 15:15:16;Mirko;Hernandez;;;;;;Mirko Hernandez;
14230949;17/09/2026 13:38:15;3;2;0001  215240-1;03;CAMION MAR 2;2093194;"LG10    ";"LOPEZ GAS ONLINE S.A                              ";AV. REMEDIOS DE ESCALADA 2375;952667;"60-199         ";60-199 - LAVATORIO CR C.CERAM LIVE;18;18;18;23454750;160926061643785;184129548;;;;11/16/2031 00:00:00;4;13997065;16/09/2026 15:16:43;Mirko;Hernandez;;;;;;Mirko Hernandez;
14230949;17/09/2026 13:38:15;3;2;0001  215240-1;03;CAMION MAR 2;2093194;"LG10    ";"LOPEZ GAS ONLINE S.A                              ";AV. REMEDIOS DE ESCALADA 2375;952667;"60-199         ";60-199 - LAVATORIO CR C.CERAM LIVE;18;18;18;23454786;160926061718492;184129839;;;;11/16/2031 00:00:00;4;13997085;16/09/2026 15:17:18;Mirko;Hernandez;;;;;;Mirko Hernandez;
14230949;17/09/2026 13:38:15;3;2;0001  215240-1;03;CAMION MAR 2;2093194;"LG10    ";"LOPEZ GAS ONLINE S.A                              ";AV. REMEDIOS DE ESCALADA 2375;952667;"60-199         ";60-199 - LAVATORIO CR C.CERAM LIVE;18;18;18;23454817;160926061757256;183973277;;;;11/16/2031 00:00:00;4;13997105;16/09/2026 15:17:57;Mirko;Hernandez;;;;;;Mirko Hernandez;
14230949;17/09/2026 13:38:15;3;2;0001  215240-1;03;CAMION MAR 2;2093194;"LG10    ";"LOPEZ GAS ONLINE S.A                              ";AV. REMEDIOS DE ESCALADA 2375;953148;"80-199         ";80-199 - DUCHA EMB. C/TRANSF. CR C.CERAM LIVE;12;12;12;23454840;160926061834907;184130399;;;;11/04/2031 00:00:00;3;13997132;16/09/2026 15:18:34;Mirko;Hernandez;;;;;;Mirko Hernandez;
14230949;17/09/2026 13:38:15;3;2;0001  215240-1;03;CAMION MAR 2;2093194;"LG10    ";"LOPEZ GAS ONLINE S.A                              ";AV. REMEDIOS DE ESCALADA 2375;953150;"80-199N        ";80-199N - DUCHA EMB. C/TRANSF. BLACK C.CERAM LIVE;12;12;12;23454864;160926061854881;184130538;;;;09/27/2031 00:00:00;3;13997153;16/09/2026 15:18:54;Mirko;Hernandez;;;;;;Mirko Hernandez;
14230949;17/09/2026 13:38:15;3;2;0001  215240-1;03;CAMION MAR 2;2093194;"LG10    ";"LOPEZ GAS ONLINE S.A                              ";AV. REMEDIOS DE ESCALADA 2375;953148;"80-199         ";80-199 - DUCHA EMB. C/TRANSF. CR C.CERAM LIVE;12;12;12;23454882;160926061916591;184130694;;;;11/04/2031 00:00:00;3;13997169;16/09/2026 15:19:16;Mirko;Hernandez;;;;;;Mirko Hernandez;
14230949;17/09/2026 13:38:15;3;2;0001  215240-1;03;CAMION MAR 2;2093194;"LG10    ";"LOPEZ GAS ONLINE S.A                              ";AV. REMEDIOS DE ESCALADA 2375;953148;"80-199         ";80-199 - DUCHA EMB. C/TRANSF. CR C.CERAM LIVE;12;12;12;23455206;160926062610967;184133780;;;;11/04/2031 00:00:00;3;13997461;16/09/2026 15:26:10;Mirko;Hernandez;;;;;;Mirko Hernandez;
14230949;17/09/2026 13:38:15;3;2;0001  215240-1;03;CAMION MAR 2;2093194;"LG10    ";"LOPEZ GAS ONLINE S.A                              ";AV. REMEDIOS DE ESCALADA 2375;953148;"80-199         ";80-199 - DUCHA EMB. C/TRANSF. CR C.CERAM LIVE;12;12;12;23455225;160926062640469;183971918;;;;11/04/2031 00:00:00;3;13997493;16/09/2026 15:26:40;Mirko;Hernandez;;;;;;Mirko Hernandez;
14230949;17/09/2026 13:38:15;3;2;0001  215240-1;03;CAMION MAR 2;2093194;"LG10    ";"LOPEZ GAS ONLINE S.A                              ";AV. REMEDIOS DE ESCALADA 2375;953150;"80-199N        ";80-199N - DUCHA EMB. C/TRANSF. BLACK C.CERAM LIVE;12;12;12;23455248;160926062707279;183974053;;;;09/27/2031 00:00:00;1;13997526;16/09/2026 15:27:07;Mirko;Hernandez;;;;;;Mirko Hernandez;
14230949;17/09/2026 13:38:15;3;2;0001  215240-1;03;CAMION MAR 2;2093194;"LG10    ";"LOPEZ GAS ONLINE S.A                              ";AV. REMEDIOS DE ESCALADA 2375;952669;"60-199N        ";60-199N - LAVATORIO BLACK C.CERAM LIVE;12;12;12;23455248;160926062707279;183975027;;;;07/27/2031 00:00:00;2;13997526;16/09/2026 15:27:07;Mirko;Hernandez;;;;;;Mirko Hernandez;
14230949;17/09/2026 13:38:15;3;2;0001  215240-1;03;CAMION MAR 2;2093194;"LG10    ";"LOPEZ GAS ONLINE S.A                              ";AV. REMEDIOS DE ESCALADA 2375;952947;"70-199N        ";70-199N - BIDE BLACK C.CERAM LIVE;12;12;12;23455577;160926063328987;183975668;;;;07/29/2031 00:00:00;1;13997775;16/09/2026 15:33:29;Mirko;Hernandez;;;;;;Mirko Hernandez;
14230949;17/09/2026 13:38:15;3;2;0001  215240-1;03;CAMION MAR 2;2093194;"LG10    ";"LOPEZ GAS ONLINE S.A                              ";AV. REMEDIOS DE ESCALADA 2375;952945;"70-199         ";70-199 - BIDE CR C.CERAM LIVE;18;18;18;23455577;160926063328987;184137343;;;;12/16/2031 00:00:00;3;13997775;16/09/2026 15:33:29;Mirko;Hernandez;;;;;;Mirko Hernandez;
14230949;17/09/2026 13:38:15;3;2;0001  215240-1;03;CAMION MAR 2;2093194;"LG10    ";"LOPEZ GAS ONLINE S.A                              ";AV. REMEDIOS DE ESCALADA 2375;952740;"62-100G        ";62-100G - LAVATORIO DE PARED GOLD C.CERAM FABRIC;12;12;12;23455577;160926063328987;184015815;;;;12/20/2031 00:00:00;2;13997775;16/09/2026 15:33:29;Mirko;Hernandez;;;;;;Mirko Hernandez;
14230949;17/09/2026 13:38:15;3;2;0001  215240-1;03;CAMION MAR 2;2093194;"LG10    ";"LOPEZ GAS ONLINE S.A                              ";AV. REMEDIOS DE ESCALADA 2375;952677;"60-203         ";60-203 - LAVATORIO MONOCOMANDO BAJO ADRA;18;18;18;23455577;160926063328987;183990138;;;;02/16/2032 00:00:00;4;13997775;16/09/2026 15:33:29;Mirko;Hernandez;;;;;;Mirko Hernandez;
14230949;17/09/2026 13:38:15;3;2;0001  215240-1;03;CAMION MAR 2;2093194;"LG10    ";"LOPEZ GAS ONLINE S.A                              ";AV. REMEDIOS DE ESCALADA 2375;952945;"70-199         ";70-199 - BIDE CR C.CERAM LIVE;18;18;18;23455632;160926063439600;184137877;;;;12/16/2031 00:00:00;10;13997826;16/09/2026 15:34:39;Mirko;Hernandez;;;;;;Mirko Hernandez;
14230949;17/09/2026 13:38:15;3;2;0001  215240-1;03;CAMION MAR 2;2093194;"LG10    ";"LOPEZ GAS ONLINE S.A                              ";AV. REMEDIOS DE ESCALADA 2375;955159;"D439           ";D439 - KIT DE DUCHA MANUAL;36;36;36;23455668;160926063530220;184138299;;;;12/16/2031 00:00:00;10;13997861;16/09/2026 15:35:30;Mirko;Hernandez;;;;;;Mirko Hernandez;
14230949;17/09/2026 13:38:15;3;2;0001  215240-1;03;CAMION MAR 2;2093194;"LG10    ";"LOPEZ GAS ONLINE S.A                              ";AV. REMEDIOS DE ESCALADA 2375;955159;"D439           ";D439 - KIT DE DUCHA MANUAL;36;36;36;23455711;160926063625570;184138789;;;;12/16/2031 00:00:00;10;13997879;16/09/2026 15:36:25;Mirko;Hernandez;;;;;;Mirko Hernandez;
14230949;17/09/2026 13:38:15;3;2;0001  215240-1;03;CAMION MAR 2;2093194;"LG10    ";"LOPEZ GAS ONLINE S.A                              ";AV. REMEDIOS DE ESCALADA 2375;955159;"D439           ";D439 - KIT DE DUCHA MANUAL;36;36;36;23455738;160926063700702;184139051;;;;12/16/2031 00:00:00;10;13997904;16/09/2026 15:37:00;Mirko;Hernandez;;;;;;Mirko Hernandez;
14230949;17/09/2026 13:38:15;3;2;0001  215240-1;03;CAMION MAR 2;2093194;"LG10    ";"LOPEZ GAS ONLINE S.A                              ";AV. REMEDIOS DE ESCALADA 2375;955159;"D439           ";D439 - KIT DE DUCHA MANUAL;36;36;36;23455782;160926063744482;183969132;;;;12/16/2031 00:00:00;6;13997926;16/09/2026 15:37:44;Mirko;Hernandez;;;;;;Mirko Hernandez;
14230949;17/09/2026 13:38:15;3;2;0001  215240-1;03;CAMION MAR 2;2093194;"LG10    ";"LOPEZ GAS ONLINE S.A                              ";AV. REMEDIOS DE ESCALADA 2375;953413;"90-058         ";90-058 - PACK GRIF.MALBA CR (Lavatorio-Bide-Ducha c/t);36;36;36;23455808;160926063816021;184139640;;;;08/02/2031 00:00:00;4;13997949;16/09/2026 15:38:16;Mirko;Hernandez;;;;;;Mirko Hernandez;
14230949;17/09/2026 13:38:15;3;2;0001  215240-1;03;CAMION MAR 2;2093194;"LG10    ";"LOPEZ GAS ONLINE S.A                              ";AV. REMEDIOS DE ESCALADA 2375;953413;"90-058         ";90-058 - PACK GRIF.MALBA CR (Lavatorio-Bide-Ducha c/t);36;36;36;23455846;160926063853834;184139936;;;;08/02/2031 00:00:00;4;13997976;16/09/2026 15:38:53;Mirko;Hernandez;;;;;;Mirko Hernandez;
14230949;17/09/2026 13:38:15;3;2;0001  215240-1;03;CAMION MAR 2;2093194;"LG10    ";"LOPEZ GAS ONLINE S.A                              ";AV. REMEDIOS DE ESCALADA 2375;953413;"90-058         ";90-058 - PACK GRIF.MALBA CR (Lavatorio-Bide-Ducha c/t);36;36;36;23456266;160926064555665;184143162;;;;08/02/2031 00:00:00;4;13998228;16/09/2026 15:45:55;Mirko;Hernandez;;;;;;Mirko Hernandez;
14230949;17/09/2026 13:38:15;3;2;0001  215240-1;03;CAMION MAR 2;2093194;"LG10    ";"LOPEZ GAS ONLINE S.A                              ";AV. REMEDIOS DE ESCALADA 2375;953413;"90-058         ";90-058 - PACK GRIF.MALBA CR (Lavatorio-Bide-Ducha c/t);36;36;36;23456315;160926064654568;184143642;;;;08/02/2031 00:00:00;4;13998264;16/09/2026 15:46:54;Mirko;Hernandez;;;;;;Mirko Hernandez;
14230949;17/09/2026 13:38:15;3;2;0001  215240-1;03;CAMION MAR 2;2093194;"LG10    ";"LOPEZ GAS ONLINE S.A                              ";AV. REMEDIOS DE ESCALADA 2375;953413;"90-058         ";90-058 - PACK GRIF.MALBA CR (Lavatorio-Bide-Ducha c/t);36;36;36;23456329;160926064716565;184143811;;;;08/02/2031 00:00:00;4;13998270;16/09/2026 15:47:16;Mirko;Hernandez;;;;;;Mirko Hernandez;
14230949;17/09/2026 13:38:15;3;2;0001  215240-1;03;CAMION MAR 2;2093194;"LG10    ";"LOPEZ GAS ONLINE S.A                              ";AV. REMEDIOS DE ESCALADA 2375;953413;"90-058         ";90-058 - PACK GRIF.MALBA CR (Lavatorio-Bide-Ducha c/t);36;36;36;23456362;160926064749995;184144156;;;;08/02/2031 00:00:00;4;13998282;16/09/2026 15:47:50;Mirko;Hernandez;;;;;;Mirko Hernandez;
14230949;17/09/2026 13:38:15;3;2;0001  215240-1;03;CAMION MAR 2;2093194;"LG10    ";"LOPEZ GAS ONLINE S.A                              ";AV. REMEDIOS DE ESCALADA 2375;953413;"90-058         ";90-058 - PACK GRIF.MALBA CR (Lavatorio-Bide-Ducha c/t);36;36;36;23456423;160926064846562;184144581;;;;08/02/2031 00:00:00;4;13998314;16/09/2026 15:48:46;Mirko;Hernandez;;;;;;Mirko Hernandez;
14230949;17/09/2026 13:38:15;3;2;0001  215240-1;03;CAMION MAR 2;2093194;"LG10    ";"LOPEZ GAS ONLINE S.A                              ";AV. REMEDIOS DE ESCALADA 2375;953413;"90-058         ";90-058 - PACK GRIF.MALBA CR (Lavatorio-Bide-Ducha c/t);36;36;36;23456472;160926064929100;184144900;;;;08/02/2031 00:00:00;4;13998338;16/09/2026 15:49:29;Mirko;Hernandez;;;;;;Mirko Hernandez;
14230949;17/09/2026 13:38:15;3;2;0001  215240-1;03;CAMION MAR 2;2093194;"LG10    ";"LOPEZ GAS ONLINE S.A                              ";AV. REMEDIOS DE ESCALADA 2375;953413;"90-058         ";90-058 - PACK GRIF.MALBA CR (Lavatorio-Bide-Ducha c/t);36;36;36;23456611;160926065126132;183966764;;;;08/02/2031 00:00:00;4;13998430;16/09/2026 15:51:26;Mirko;Hernandez;;;;;;Mirko Hernandez;
14230949;17/09/2026 13:38:15;3;2;0001  215240-1;03;CAMION MAR 2;2093194;"LG10    ";"LOPEZ GAS ONLINE S.A                              ";AV. REMEDIOS DE ESCALADA 2375;952438;"51-058         ";51-058 - COCINA MESADA CR C.STD MALBA;42;42;42;23456783;160926065430239;184147259;;;;10/19/2031 00:00:00;10;13998553;16/09/2026 15:54:30;Mirko;Hernandez;;;;;;Mirko Hernandez;
14230949;17/09/2026 13:38:15;3;2;0001  215240-1;03;CAMION MAR 2;2093194;"LG10    ";"LOPEZ GAS ONLINE S.A                              ";AV. REMEDIOS DE ESCALADA 2375;952438;"51-058         ";51-058 - COCINA MESADA CR C.STD MALBA;42;42;42;23456817;160926065501785;184147518;;;;10/19/2031 00:00:00;10;13998575;16/09/2026 15:55:01;Mirko;Hernandez;;;;;;Mirko Hernandez;
14230949;17/09/2026 13:38:15;3;2;0001  215240-1;03;CAMION MAR 2;2093194;"LG10    ";"LOPEZ GAS ONLINE S.A                              ";AV. REMEDIOS DE ESCALADA 2375;952438;"51-058         ";51-058 - COCINA MESADA CR C.STD MALBA;42;42;42;23456874;160926065543125;184147806;;;;10/19/2031 00:00:00;10;13998598;16/09/2026 15:55:43;Mirko;Hernandez;;;;;;Mirko Hernandez;
14230949;17/09/2026 13:38:15;3;2;0001  215240-1;03;CAMION MAR 2;2093194;"LG10    ";"LOPEZ GAS ONLINE S.A                              ";AV. REMEDIOS DE ESCALADA 2375;954913;"BCH11N         ";BCH11N - BACHA DE APOYAR REDONDA NEGRO MATE 400x400x125;12;12;12;23456902;160926155606030;184147947;;;;07/29/2031 00:00:00;7;13998613;16/09/2026 15:56:06;Tiago;Rodriguez;;;;;;Tiago Rodriguez;
14230949;17/09/2026 13:38:15;3;2;0001  215240-1;03;CAMION MAR 2;2093194;"LG10    ";"LOPEZ GAS ONLINE S.A                              ";AV. REMEDIOS DE ESCALADA 2375;954907;"BCH06          ";BCH06 - BACHA DE APOYAR CIRCULAR 415x135;25;25;25;23456902;160926155606030;184147946;;;;10/04/2031 00:00:00;5;13998613;16/09/2026 15:56:06;Tiago;Rodriguez;;;;;;Tiago Rodriguez;
14230949;17/09/2026 13:38:15;3;2;0001  215240-1;03;CAMION MAR 2;2093194;"LG10    ";"LOPEZ GAS ONLINE S.A                              ";AV. REMEDIOS DE ESCALADA 2375;954904;"BCH04/1        ";BCH04/1 - BACHA DE APOYAR CUADRADA 1 AG 420x420x125;24;24;24;23456902;160926155606030;184147945;;;;10/04/2031 00:00:00;22;13998613;16/09/2026 15:56:06;Tiago;Rodriguez;;;;;;Tiago Rodriguez;
14230949;17/09/2026 13:38:15;3;2;0001  215240-1;03;CAMION MAR 2;2093194;"LG10    ";"LOPEZ GAS ONLINE S.A                              ";AV. REMEDIOS DE ESCALADA 2375;954921;"BCH18          ";BCH18 - BACHA DE APOYAR SIMIL MARMOL 460x320x140;25;25;25;23456902;160926155606030;184147948;;;;10/04/2031 00:00:00;1;13998613;16/09/2026 15:56:06;Tiago;Rodriguez;;;;;;Tiago Rodriguez;
14230949;17/09/2026 13:38:15;3;2;0001  215240-1;03;CAMION MAR 2;2093194;"LG10    ";"LOPEZ GAS ONLINE S.A                              ";AV. REMEDIOS DE ESCALADA 2375;952438;"51-058         ";51-058 - COCINA MESADA CR C.STD MALBA;42;42;42;23456913;160926065613099;184147993;;;;10/19/2031 00:00:00;10;13998618;16/09/2026 15:56:13;Mirko;Hernandez;;;;;;Mirko Hernandez;
14230949;17/09/2026 13:38:15;3;2;0001  215240-1;03;CAMION MAR 2;2093194;"LG10    ";"LOPEZ GAS ONLINE S.A                              ";AV. REMEDIOS DE ESCALADA 2375;954913;"BCH11N         ";BCH11N - BACHA DE APOYAR REDONDA NEGRO MATE 400x400x125;12;12;12;23457639;160926160940925;183989188;;;;07/29/2031 00:00:00;5;13999116;16/09/2026 16:09:41;Tiago;Rodriguez;;;;;;Tiago Rodriguez;
14230949;17/09/2026 13:38:15;3;2;0001  215240-1;03;CAMION MAR 2;2093194;"LG10    ";"LOPEZ GAS ONLINE S.A                              ";AV. REMEDIOS DE ESCALADA 2375;954907;"BCH06          ";BCH06 - BACHA DE APOYAR CIRCULAR 415x135;25;25;25;23457639;160926160940925;184153307;;;;10/04/2031 00:00:00;9;13999116;16/09/2026 16:09:41;Tiago;Rodriguez;;;;;;Tiago Rodriguez;
14230949;17/09/2026 13:38:15;3;2;0001  215240-1;03;CAMION MAR 2;2093194;"LG10    ";"LOPEZ GAS ONLINE S.A                              ";AV. REMEDIOS DE ESCALADA 2375;954922;"BCH19          ";"BACHA DE APOYAR BLANCA 365x235x120                                    ";50;50;50;23457639;160926160940925;184153309;;;;07/28/2031 00:00:00;30;13999116;16/09/2026 16:09:41;Tiago;Rodriguez;;;;;;Tiago Rodriguez;
14230949;17/09/2026 13:38:15;3;2;0001  215240-1;03;CAMION MAR 2;2093194;"LG10    ";"LOPEZ GAS ONLINE S.A                              ";AV. REMEDIOS DE ESCALADA 2375;954914;"BCH12          ";BCH12 - BACHA DE APOYAR BLANCA 460x320x140;50;50;50;23457639;160926160940925;184153308;;;;11/10/2031 00:00:00;8;13999116;16/09/2026 16:09:41;Tiago;Rodriguez;;;;;;Tiago Rodriguez;
14230949;17/09/2026 13:38:15;3;2;0001  215240-1;03;CAMION MAR 2;2093194;"LG10    ";"LOPEZ GAS ONLINE S.A                              ";AV. REMEDIOS DE ESCALADA 2375;954908;"BCH07          ";BCH07 - BACHA DE APOYAR OVALADA 400x330x150;50;50;50;23458234;160926161946136;184157138;;;;07/29/2031 00:00:00;32;13999472;16/09/2026 16:19:46;Tiago;Rodriguez;;;;;;Tiago Rodriguez;
14230949;17/09/2026 13:38:15;3;2;0001  215240-1;03;CAMION MAR 2;2093194;"LG10    ";"LOPEZ GAS ONLINE S.A                              ";AV. REMEDIOS DE ESCALADA 2375;954922;"BCH19          ";"BACHA DE APOYAR BLANCA 365x235x120                                    ";50;50;50;23458234;160926161946136;183962041;;;;07/28/2031 00:00:00;20;13999472;16/09/2026 16:19:46;Tiago;Rodriguez;;;;;;Tiago Rodriguez;
14230949;17/09/2026 13:38:15;3;2;0001  215240-1;03;CAMION MAR 2;2093194;"LG10    ";"LOPEZ GAS ONLINE S.A                              ";AV. REMEDIOS DE ESCALADA 2375;954914;"BCH12          ";BCH12 - BACHA DE APOYAR BLANCA 460x320x140;50;50;50;23458589;160926162608149;183974432;;;;11/10/2031 00:00:00;42;13999695;16/09/2026 16:26:08;Tiago;Rodriguez;;;;;;Tiago Rodriguez;
14230949;17/09/2026 13:38:15;3;2;0001  215240-1;03;CAMION MAR 2;2093194;"LG10    ";"LOPEZ GAS ONLINE S.A                              ";AV. REMEDIOS DE ESCALADA 2375;954921;"BCH18          ";BCH18 - BACHA DE APOYAR SIMIL MARMOL 460x320x140;25;25;25;23458824;160926163110607;183985357;;;;10/04/2031 00:00:00;24;13999852;16/09/2026 16:31:10;Tiago;Rodriguez;;;;;;Tiago Rodriguez;
14230949;17/09/2026 13:38:15;3;2;0001  215240-1;03;CAMION MAR 2;2093194;"LG10    ";"LOPEZ GAS ONLINE S.A                              ";AV. REMEDIOS DE ESCALADA 2375;954905;"BCH04/3        ";BCH04/3 - BACHA DE APOYAR CUADRADA 3 AG 420x420x125;24;24;24;23458824;160926163110607;184161123;;;;07/28/2031 00:00:00;11;13999852;16/09/2026 16:31:10;Tiago;Rodriguez;;;;;;Tiago Rodriguez;
14230949;17/09/2026 13:38:15;3;2;0001  215240-1;03;CAMION MAR 2;2093194;"LG10    ";"LOPEZ GAS ONLINE S.A                              ";AV. REMEDIOS DE ESCALADA 2375;954907;"BCH06          ";BCH06 - BACHA DE APOYAR CIRCULAR 415x135;25;25;25;23458824;160926163110607;184161124;;;;10/04/2031 00:00:00;9;13999852;16/09/2026 16:31:10;Tiago;Rodriguez;;;;;;Tiago Rodriguez;
14230949;17/09/2026 13:38:15;3;2;0001  215240-1;03;CAMION MAR 2;2093194;"LG10    ";"LOPEZ GAS ONLINE S.A                              ";AV. REMEDIOS DE ESCALADA 2375;954912;"BCH11BM        ";BCH11BM - BACHA DE APOYAR REDONDA BLANCO MATE 400x400x125;12;12;12;23459181;160926163821260;183965791;;;;08/17/2031 00:00:00;12;14000083;16/09/2026 16:38:21;Tiago;Rodriguez;;;;;;Tiago Rodriguez;
14230949;17/09/2026 13:38:15;3;2;0001  215240-1;03;CAMION MAR 2;2093194;"LG10    ";"LOPEZ GAS ONLINE S.A                              ";AV. REMEDIOS DE ESCALADA 2375;954908;"BCH07          ";BCH07 - BACHA DE APOYAR OVALADA 400x330x150;50;50;50;23459181;160926163821260;183969795;;;;07/29/2031 00:00:00;18;14000083;16/09/2026 16:38:21;Tiago;Rodriguez;;;;;;Tiago Rodriguez;
14230949;17/09/2026 13:38:15;3;2;0001  215240-1;03;CAMION MAR 2;2093194;"LG10    ";"LOPEZ GAS ONLINE S.A                              ";AV. REMEDIOS DE ESCALADA 2375;954904;"BCH04/1        ";BCH04/1 - BACHA DE APOYAR CUADRADA 1 AG 420x420x125;24;24;24;23459429;160926164433072;183964081;;;;10/04/2031 00:00:00;2;14000242;16/09/2026 16:44:33;Tiago;Rodriguez;;;;;;Tiago Rodriguez;
14230949;17/09/2026 13:38:15;3;2;0001  215240-1;03;CAMION MAR 2;2093194;"LG10    ";"LOPEZ GAS ONLINE S.A                              ";AV. REMEDIOS DE ESCALADA 2375;954905;"BCH04/3        ";BCH04/3 - BACHA DE APOYAR CUADRADA 3 AG 420x420x125;24;24;24;23459429;160926164433072;183989096;;;;07/28/2031 00:00:00;13;14000242;16/09/2026 16:44:33;Tiago;Rodriguez;;;;;;Tiago Rodriguez;
14230949;17/09/2026 13:38:15;3;2;0001  215240-1;03;CAMION MAR 2;2093194;"LG10    ";"LOPEZ GAS ONLINE S.A                              ";AV. REMEDIOS DE ESCALADA 2375;954906;"BCH05          ";BCH05 - BACHA DE APOYAR CUADRADA 370x370x130;25;25;25;23459429;160926164433072;183963791;;;;07/27/2031 00:00:00;25;14000242;16/09/2026 16:44:33;Tiago;Rodriguez;;;;;;Tiago Rodriguez;
14230949;17/09/2026 13:38:15;3;2;0001  215240-1;03;CAMION MAR 2;2093194;"LG10    ";"LOPEZ GAS ONLINE S.A                              ";AV. REMEDIOS DE ESCALADA 2375;954907;"BCH06          ";BCH06 - BACHA DE APOYAR CIRCULAR 415x135;25;25;25;23459429;160926164433072;183986504;;;;10/04/2031 00:00:00;2;14000242;16/09/2026 16:44:33;Tiago;Rodriguez;;;;;;Tiago Rodriguez;
14230949;17/09/2026 13:38:15;3;2;0001  215240-1;03;CAMION MAR 2;2093194;"LG10    ";"LOPEZ GAS ONLINE S.A                              ";AV. REMEDIOS DE ESCALADA 2375;952647;"60-176         ";"LAVATORIO MONOCOMANDO BAJO CR RIO                                     ";60;60;60;23469355;170926084130608;184235821;;;;10/11/2031 00:00:00;36;14005182;17/09/2026 08:41:30;Gustavo;Soderquvist;;;;;;Gustavo Soderquvist;
14230949;17/09/2026 13:38:15;3;2;0001  215240-1;03;CAMION MAR 2;2093194;"LG10    ";"LOPEZ GAS ONLINE S.A                              ";AV. REMEDIOS DE ESCALADA 2375;951512;"20-122         ";"MONOCOMANDO COCINA CR C/PICO EXTRAIBLE VALENCIA                       ";132;132;132;23469355;170926084130608;183958332;;;;08/06/2031 00:00:00;132;14005182;17/09/2026 08:41:30;Gustavo;Soderquvist;;;;;;Gustavo Soderquvist;
14230949;17/09/2026 13:38:15;3;2;0001  215240-1;03;CAMION MAR 2;2093194;"LG10    ";"LOPEZ GAS ONLINE S.A                              ";AV. REMEDIOS DE ESCALADA 2375;952712;"61-176         ";61-176 - LAVATORIO MONOC ALTO CR RIO;70;70;70;23469894;170926085324491;184239852;;;;10/09/2031 00:00:00;66;14005566;17/09/2026 08:53:24;Gustavo;Soderquvist;;;;;;Gustavo Soderquvist;
14230949;17/09/2026 13:38:15;3;2;0001  215240-1;03;CAMION MAR 2;2093194;"LG10    ";"LOPEZ GAS ONLINE S.A                              ";AV. REMEDIOS DE ESCALADA 2375;953122;"80-176         ";80-176 - DUCHA EMB C/TRANSF MONOC CR RIO;36;36;36;23469894;170926085324491;183970353;;;;07/29/2031 00:00:00;36;14005566;17/09/2026 08:53:24;Gustavo;Soderquvist;;;;;;Gustavo Soderquvist;
14230949;17/09/2026 13:38:15;3;2;0001  215240-1;03;CAMION MAR 2;2093194;"LG10    ";"LOPEZ GAS ONLINE S.A                              ";AV. REMEDIOS DE ESCALADA 2375;951530;"20-146         ";20-146 - MONOCOMANDO DE COCINA CR LINEA MOVE;150;150;150;23469894;170926085324491;183964015;;;;10/09/2031 00:00:00;150;14005566;17/09/2026 08:53:24;Gustavo;Soderquvist;;;;;;Gustavo Soderquvist;
14230949;17/09/2026 13:38:15;3;2;0001  215240-1;03;CAMION MAR 2;2093194;"LG10    ";"LOPEZ GAS ONLINE S.A                              ";AV. REMEDIOS DE ESCALADA 2375;952647;"60-176         ";"LAVATORIO MONOCOMANDO BAJO CR RIO                                     ";60;60;60;23471182;170926092208088;183968162;;;;10/11/2031 00:00:00;24;14006370;17/09/2026 09:22:08;Gustavo;Soderquvist;;;;;;Gustavo Soderquvist;
14230949;17/09/2026 13:38:15;3;2;0001  215240-1;03;CAMION MAR 2;2093194;"LG10    ";"LOPEZ GAS ONLINE S.A                              ";AV. REMEDIOS DE ESCALADA 2375;950892;"01-010         ";"VALVULA P/MINGITORIO TEMPORIZADA TECNO                                ";42;42;42;23471182;170926092208088;184074415;;;;07/28/2031 00:00:00;42;14006370;17/09/2026 09:22:08;Gustavo;Soderquvist;;;;;;Gustavo Soderquvist;
14230949;17/09/2026 13:38:15;3;2;0001  215240-1;03;CAMION MAR 2;2093194;"LG10    ";"LOPEZ GAS ONLINE S.A                              ";AV. REMEDIOS DE ESCALADA 2375;953131;"80-183         ";"DUCHA EMB C/TRANSF MONOCOMANDO MAT                                    ";18;18;18;23471182;170926092208088;184071887;;;;11/02/2031 00:00:00;18;14006370;17/09/2026 09:22:08;Gustavo;Soderquvist;;;;;;Gustavo Soderquvist;
14230949;17/09/2026 13:38:15;3;2;0001  215240-1;03;CAMION MAR 2;2093194;"LG10    ";"LOPEZ GAS ONLINE S.A                              ";AV. REMEDIOS DE ESCALADA 2375;952925;"70-176         ";70-176 - BIDE MONOC C/TRANSF CR RIO;50;50;50;23471182;170926092208088;184249056;;;;11/17/2031 00:00:00;48;14006370;17/09/2026 09:22:08;Gustavo;Soderquvist;;;;;;Gustavo Soderquvist;
14230949;17/09/2026 13:38:15;3;2;0001  215240-1;03;CAMION MAR 2;2093194;"LG10    ";"LOPEZ GAS ONLINE S.A                              ";AV. REMEDIOS DE ESCALADA 2375;952728;"61-205         ";61-205 - LAVATORIO MONOC ALTO STEEL;18;18;18;23471182;170926092208088;184076213;;;;07/28/2031 00:00:00;18;14006370;17/09/2026 09:22:08;Gustavo;Soderquvist;;;;;;Gustavo Soderquvist;
14230949;17/09/2026 13:38:15;3;2;0001  215240-1;03;CAMION MAR 2;2093194;"LG10    ";"LOPEZ GAS ONLINE S.A                              ";AV. REMEDIOS DE ESCALADA 2375;952679;"60-205         ";60-205 - LAVATORIO MONOC BAJO STEEL;18;18;18;23471182;170926092208088;184076924;;;;07/28/2031 00:00:00;18;14006370;17/09/2026 09:22:08;Gustavo;Soderquvist;;;;;;Gustavo Soderquvist;
14230949;17/09/2026 13:38:15;3;2;0001  215240-1;03;CAMION MAR 2;2093194;"LG10    ";"LOPEZ GAS ONLINE S.A                              ";AV. REMEDIOS DE ESCALADA 2375;951553;"20-184         ";"MONOCOMANDO DE COCINA CR SUV                                          ";20;20;20;23471182;170926092208088;184075262;;;;10/04/2031 00:00:00;20;14006370;17/09/2026 09:22:08;Gustavo;Soderquvist;;;;;;Gustavo Soderquvist;
14230949;17/09/2026 13:38:15;3;2;0001  215240-1;03;CAMION MAR 2;2093194;"LG10    ";"LOPEZ GAS ONLINE S.A                              ";AV. REMEDIOS DE ESCALADA 2375;951650;"22004N         ";"SET DE 4 PIEZAS LINEA 22000 BLACK                                     ";50;50;50;23471182;170926092208088;184072603;;;;09/01/2031 00:00:00;50;14006370;17/09/2026 09:22:08;Gustavo;Soderquvist;;;;;;Gustavo Soderquvist;
14230949;17/09/2026 13:38:15;3;2;0001  215240-1;03;CAMION MAR 2;2093194;"LG10    ";"LOPEZ GAS ONLINE S.A                              ";AV. REMEDIOS DE ESCALADA 2375;951649;"22004          ";"SET DE 4 PIEZAS LINEA 22000                                           ";50;50;50;23471182;170926092208088;184073069;;;;09/01/2031 00:00:00;50;14006370;17/09/2026 09:22:08;Gustavo;Soderquvist;;;;;;Gustavo Soderquvist;
14230949;17/09/2026 13:38:15;3;2;0001  215240-1;03;CAMION MAR 2;2093194;"LG10    ";"LOPEZ GAS ONLINE S.A                              ";AV. REMEDIOS DE ESCALADA 2375;951820;"30-121         ";30-121 - COCINA MSDA MONOC.P. CUADRADO MARBELLA;20;20;20;23472043;170926093602891;184253783;;;;11/08/2031 00:00:00;18;14006813;17/09/2026 09:36:03;Gustavo;Soderquvist;;;;;;Gustavo Soderquvist;
14230949;17/09/2026 13:38:15;3;2;0001  215240-1;03;CAMION MAR 2;2093194;"LG10    ";"LOPEZ GAS ONLINE S.A                              ";AV. REMEDIOS DE ESCALADA 2375;953161;"80-205         ";80-205 - DUCHA EMB. C/TRANSF. MONOC STEEL;18;18;18;23472043;170926093602891;184018184;;;;08/11/2031 00:00:00;18;14006813;17/09/2026 09:36:03;Gustavo;Soderquvist;;;;;;Gustavo Soderquvist;
14230949;17/09/2026 13:38:15;3;2;0001  215240-1;03;CAMION MAR 2;2093194;"LG10    ";"LOPEZ GAS ONLINE S.A                              ";AV. REMEDIOS DE ESCALADA 2375;951527;"20-135G        ";20-135G - MONOCOMANDO COCINA GOLD SANTANDER;18;18;18;23472043;170926093602891;184253782;;;;07/27/2031 00:00:00;6;14006813;17/09/2026 09:36:03;Gustavo;Soderquvist;;;;;;Gustavo Soderquvist;
14230949;17/09/2026 13:38:15;3;2;0001  215240-1;03;CAMION MAR 2;2093194;"LG10    ";"LOPEZ GAS ONLINE S.A                              ";AV. REMEDIOS DE ESCALADA 2375;951532;"20-147         ";20-147 - MONOCOMANDO DE COCINA SWIFT;50;50;50;23472043;170926093602891;184015905;;;;08/04/2031 00:00:00;50;14006813;17/09/2026 09:36:03;Gustavo;Soderquvist;;;;;;Gustavo Soderquvist;
14230949;17/09/2026 13:38:15;3;2;0001  215240-1;03;CAMION MAR 2;2093194;"LG10    ";"LOPEZ GAS ONLINE S.A                              ";AV. REMEDIOS DE ESCALADA 2375;951565;"20-205         ";20-205 - MONOCOMANDO DE COCINA STEEL;50;50;50;23472043;170926093602891;184016571;;;;07/28/2031 00:00:00;50;14006813;17/09/2026 09:36:03;Gustavo;Soderquvist;;;;;;Gustavo Soderquvist;
14230949;17/09/2026 13:38:15;3;2;0001  215240-1;03;CAMION MAR 2;2093194;"LG10    ";"LOPEZ GAS ONLINE S.A                              ";AV. REMEDIOS DE ESCALADA 2375;951615;"21200N         ";21200N - ESQUINERO ORGANIZADOR BLACK 19x19x7;24;24;24;23472043;170926093602891;184017010;;;;07/28/2031 00:00:00;24;14006813;17/09/2026 09:36:03;Gustavo;Soderquvist;;;;;;Gustavo Soderquvist;
14230949;17/09/2026 13:38:15;3;2;0001  215240-1;03;CAMION MAR 2;2093194;"LG10    ";"LOPEZ GAS ONLINE S.A                              ";AV. REMEDIOS DE ESCALADA 2375;951113;"12004N         ";"SET DE 4 PIEZAS LINEA 12000 BLACK                                     ";50;50;50;23472043;170926093602891;184021836;;;;09/01/2031 00:00:00;50;14006813;17/09/2026 09:36:03;Gustavo;Soderquvist;;;;;;Gustavo Soderquvist;
14230949;17/09/2026 13:38:15;3;2;0001  215240-1;03;CAMION MAR 2;2093194;"LG10    ";"LOPEZ GAS ONLINE S.A                              ";AV. REMEDIOS DE ESCALADA 2375;952798;"63-176N        ";"LAVATORIO PARED EMB MONOC BLACK RIO                                   ";36;36;36;23473147;170926095547985;184260655;;;;12/14/2031 00:00:00;6;14007384;17/09/2026 09:55:48;Gustavo;Soderquvist;;;;;;Gustavo Soderquvist;
14230949;17/09/2026 13:38:15;3;2;0001  215240-1;03;CAMION MAR 2;2093194;"LG10    ";"LOPEZ GAS ONLINE S.A                              ";AV. REMEDIOS DE ESCALADA 2375;951100;"11020          ";"TOALLERO DE ARO LINEA 11000                                           ";24;24;24;23473147;170926095547985;184260647;;;;07/27/2031 00:00:00;20;14007384;17/09/2026 09:55:48;Gustavo;Soderquvist;;;;;;Gustavo Soderquvist;
14230949;17/09/2026 13:38:15;3;2;0001  215240-1;03;CAMION MAR 2;2093194;"LG10    ";"LOPEZ GAS ONLINE S.A                              ";AV. REMEDIOS DE ESCALADA 2375;951099;"11010          ";"TOALLERO BARRAL LINEA 11000                                           ";24;24;24;23473147;170926095547985;184260646;;;;07/27/2031 00:00:00;20;14007384;17/09/2026 09:55:48;Gustavo;Soderquvist;;;;;;Gustavo Soderquvist;
14230949;17/09/2026 13:38:15;3;2;0001  215240-1;03;CAMION MAR 2;2093194;"LG10    ";"LOPEZ GAS ONLINE S.A                              ";AV. REMEDIOS DE ESCALADA 2375;951102;"11040          ";"PORTA ROLLO LINEA 11000                                               ";24;24;24;23473147;170926095547985;184260649;;;;07/27/2031 00:00:00;20;14007384;17/09/2026 09:55:48;Gustavo;Soderquvist;;;;;;Gustavo Soderquvist;
14230949;17/09/2026 13:38:15;3;2;0001  215240-1;03;CAMION MAR 2;2093194;"LG10    ";"LOPEZ GAS ONLINE S.A                              ";AV. REMEDIOS DE ESCALADA 2375;951101;"11030          ";"PERCHA LINEA 11000                                                    ";24;24;24;23473147;170926095547985;184260648;;;;07/28/2031 00:00:00;20;14007384;17/09/2026 09:55:48;Gustavo;Soderquvist;;;;;;Gustavo Soderquvist;
14230949;17/09/2026 13:38:15;3;2;0001  215240-1;03;CAMION MAR 2;2093194;"LG10    ";"LOPEZ GAS ONLINE S.A                              ";AV. REMEDIOS DE ESCALADA 2375;951265;"16040BL        ";16040BL - PORTA ROLLO ACCESORIOS LINEA 16000 BLACK;50;50;50;23473147;170926095547985;184080914;;;;07/31/2031 00:00:00;50;14007384;17/09/2026 09:55:48;Gustavo;Soderquvist;;;;;;Gustavo Soderquvist;
14230949;17/09/2026 13:38:15;3;2;0001  215240-1;03;CAMION MAR 2;2093194;"LG10    ";"LOPEZ GAS ONLINE S.A                              ";AV. REMEDIOS DE ESCALADA 2375;951264;"16040          ";16040 - PORTA ROLLO ACCESORIOS LINEA 16000;24;24;24;23473147;170926095547985;184091478;;;;07/27/2031 00:00:00;24;14007384;17/09/2026 09:55:48;Gustavo;Soderquvist;;;;;;Gustavo Soderquvist;
14230949;17/09/2026 13:38:15;3;2;0001  215240-1;03;CAMION MAR 2;2093194;"LG10    ";"LOPEZ GAS ONLINE S.A                              ";AV. REMEDIOS DE ESCALADA 2375;951263;"16030BL        ";16030BL - PERCHA LINEA 16000 BLACK;100;100;100;23473147;170926095547985;184080725;;;;07/28/2031 00:00:00;100;14007384;17/09/2026 09:55:48;Gustavo;Soderquvist;;;;;;Gustavo Soderquvist;
14230949;17/09/2026 13:38:15;3;2;0001  215240-1;03;CAMION MAR 2;2093194;"LG10    ";"LOPEZ GAS ONLINE S.A                              ";AV. REMEDIOS DE ESCALADA 2375;951262;"16030          ";16030 - PERCHA LINEA 16000;50;50;50;23473147;170926095547985;184082226;;;;07/27/2031 00:00:00;50;14007384;17/09/2026 09:55:48;Gustavo;Soderquvist;;;;;;Gustavo Soderquvist;
14230949;17/09/2026 13:38:15;3;2;0001  215240-1;03;CAMION MAR 2;2093194;"LG10    ";"LOPEZ GAS ONLINE S.A                              ";AV. REMEDIOS DE ESCALADA 2375;951261;"16010BL        ";16010BL - TOALLERO BARRAL LINEA 16000 BLACK;24;24;24;23473147;170926095547985;184260650;;;;07/29/2031 00:00:00;20;14007384;17/09/2026 09:55:48;Gustavo;Soderquvist;;;;;;Gustavo Soderquvist;
14230949;17/09/2026 13:38:15;3;2;0001  215240-1;03;CAMION MAR 2;2093194;"LG10    ";"LOPEZ GAS ONLINE S.A                              ";AV. REMEDIOS DE ESCALADA 2375;951258;"16006          ";16006 - SET 6 PIEZAS ACCESORIOS LINEA 16000;40;40;40;23473147;170926095547985;183996807;;;;07/29/2031 00:00:00;40;14007384;17/09/2026 09:55:48;Gustavo;Soderquvist;;;;;;Gustavo Soderquvist;
14230949;17/09/2026 13:38:15;3;2;0001  215240-1;03;CAMION MAR 2;2093194;"LG10    ";"LOPEZ GAS ONLINE S.A                              ";AV. REMEDIOS DE ESCALADA 2375;951607;"21100N         ";21100N - ESTANTE ORGANIZADOR RECTANGULAR BLACK 25x12x7;30;30;30;23473147;170926095547985;184260654;;;;07/27/2031 00:00:00;24;14007384;17/09/2026 09:55:48;Gustavo;Soderquvist;;;;;;Gustavo Soderquvist;
14230949;17/09/2026 13:38:15;3;2;0001  215240-1;03;CAMION MAR 2;2093194;"LG10    ";"LOPEZ GAS ONLINE S.A                              ";AV. REMEDIOS DE ESCALADA 2375;951523;"20-134         ";20-134 - MONOCOMANDO COCINA BETIS;24;24;24;23473147;170926095547985;184001104;;;;08/11/2031 00:00:00;24;14007384;17/09/2026 09:55:48;Gustavo;Soderquvist;;;;;;Gustavo Soderquvist;
14230949;17/09/2026 13:38:15;3;2;0001  215240-1;03;CAMION MAR 2;2093194;"LG10    ";"LOPEZ GAS ONLINE S.A                              ";AV. REMEDIOS DE ESCALADA 2375;951508;"20-121         ";20-121 - COCINA MSDA MONOC.P. REDONDO MARBELLA;20;20;20;23473147;170926095547985;184260653;;;;07/30/2031 00:00:00;6;14007384;17/09/2026 09:55:48;Gustavo;Soderquvist;;;;;;Gustavo Soderquvist;
14230949;17/09/2026 13:38:15;3;2;0001  215240-1;03;CAMION MAR 2;2093194;"LG10    ";"LOPEZ GAS ONLINE S.A                              ";AV. REMEDIOS DE ESCALADA 2375;951304;"17040N         ";17040N - PORTA ROLLO LINEA FABRIC BLACK;36;36;36;23473147;170926095547985;183998266;;;;07/29/2031 00:00:00;36;14007384;17/09/2026 09:55:48;Gustavo;Soderquvist;;;;;;Gustavo Soderquvist;
14230949;17/09/2026 13:38:15;3;2;0001  215240-1;03;CAMION MAR 2;2093194;"LG10    ";"LOPEZ GAS ONLINE S.A                              ";AV. REMEDIOS DE ESCALADA 2375;951300;"17030G         ";17030G - PERCHA LINEA FABRIC GOLD;90;90;90;23473147;170926095547985;184260652;;;;07/29/2031 00:00:00;42;14007384;17/09/2026 09:55:48;Gustavo;Soderquvist;;;;;;Gustavo Soderquvist;
14230949;17/09/2026 13:38:15;3;2;0001  215240-1;03;CAMION MAR 2;2093194;"LG10    ";"LOPEZ GAS ONLINE S.A                              ";AV. REMEDIOS DE ESCALADA 2375;951298;"17020N         ";17020N - TOALLERO DE ARO LINEA FABRIC BLACK;50;50;50;23473147;170926095547985;184260651;;;;07/29/2031 00:00:00;48;14007384;17/09/2026 09:55:48;Gustavo;Soderquvist;;;;;;Gustavo Soderquvist;
14230949;17/09/2026 13:38:15;3;2;0001  215240-1;03;CAMION MAR 2;2093194;"LG10    ";"LOPEZ GAS ONLINE S.A                              ";AV. REMEDIOS DE ESCALADA 2375;951260;"16010          ";16010 - TOALLERO BARRAL LINEA 16000;24;24;24;23474527;170926101818618;184081481;;;;07/31/2031 00:00:00;24;14008144;17/09/2026 10:18:18;Gustavo;Soderquvist;;;;;;Gustavo Soderquvist;
14230949;17/09/2026 13:38:15;3;2;0001  215240-1;03;CAMION MAR 2;2093194;"LG10    ";"LOPEZ GAS ONLINE S.A                              ";AV. REMEDIOS DE ESCALADA 2375;951112;"12003          ";"SET DE 3 PIEZAS LINEA 12000                                           ";36;36;36;23474527;170926101818618;184083731;;;;08/12/2031 00:00:00;36;14008144;17/09/2026 10:18:18;Gustavo;Soderquvist;;;;;;Gustavo Soderquvist;
14230949;17/09/2026 13:38:15;3;2;0001  215240-1;03;CAMION MAR 2;2093194;"LG10    ";"LOPEZ GAS ONLINE S.A                              ";AV. REMEDIOS DE ESCALADA 2375;952467;"52-121         ";52-121 - GRIFERIA REBATIBLE P/LLENADO DE OLLAS MARBELLA;12;12;12;23474527;170926101818618;183991530;;;;07/29/2031 00:00:00;12;14008144;17/09/2026 10:18:18;Gustavo;Soderquvist;;;;;;Gustavo Soderquvist;
14230949;17/09/2026 13:38:15;3;2;0001  215240-1;03;CAMION MAR 2;2093194;"LG10    ";"LOPEZ GAS ONLINE S.A                              ";AV. REMEDIOS DE ESCALADA 2375;952925;"70-176         ";70-176 - BIDE MONOC C/TRANSF CR RIO;50;50;50;23474527;170926101818618;183955877;;;;11/17/2031 00:00:00;2;14008144;17/09/2026 10:18:18;Gustavo;Soderquvist;;;;;;Gustavo Soderquvist;
14230949;17/09/2026 13:38:15;3;2;0001  215240-1;03;CAMION MAR 2;2093194;"LG10    ";"LOPEZ GAS ONLINE S.A                              ";AV. REMEDIOS DE ESCALADA 2375;953331;"84-190         ";84-190 - DUCHA EXTERIOR CON COLUMNA BLACK VELVET;24;24;24;23474527;170926101818618;184268830;;;;10/06/2031 00:00:00;14;14008144;17/09/2026 10:18:18;Gustavo;Soderquvist;;;;;;Gustavo Soderquvist;
14230949;17/09/2026 13:38:15;3;2;0001  215240-1;03;CAMION MAR 2;2093194;"LG10    ";"LOPEZ GAS ONLINE S.A                              ";AV. REMEDIOS DE ESCALADA 2375;954649;"A814           ";A814 - DUCHA C/BRAZO Y CAMPANA CR;24;24;24;23474527;170926101818618;184069434;;;;08/13/2031 00:00:00;24;14008144;17/09/2026 10:18:18;Gustavo;Soderquvist;;;;;;Gustavo Soderquvist;
14230949;17/09/2026 13:38:15;3;2;0001  215240-1;03;CAMION MAR 2;2093194;"LG10    ";"LOPEZ GAS ONLINE S.A                              ";AV. REMEDIOS DE ESCALADA 2375;954650;"A815           ";"A815 - DUCHA 8"" C/BRAZO Y CAMPANA CR";24;24;24;23474527;170926101818618;184070037;;;;07/28/2031 00:00:00;24;14008144;17/09/2026 10:18:18;Gustavo;Soderquvist;;;;;;Gustavo Soderquvist;
14230949;17/09/2026 13:38:15;3;2;0001  215240-1;03;CAMION MAR 2;2093194;"LG10    ";"LOPEZ GAS ONLINE S.A                              ";AV. REMEDIOS DE ESCALADA 2375;954651;"A816           ";"A816 - DUCHA 6"" C/BRAZO Y CAMPANA CR";30;30;30;23474527;170926101818618;184070595;;;;07/27/2031 00:00:00;30;14008144;17/09/2026 10:18:18;Gustavo;Soderquvist;;;;;;Gustavo Soderquvist;
14230949;17/09/2026 13:38:15;3;2;0001  215240-1;03;CAMION MAR 2;2093194;"LG10    ";"LOPEZ GAS ONLINE S.A                              ";AV. REMEDIOS DE ESCALADA 2375;954791;"A996           ";A996 - DUCHA 8' CUADRADA CR C/BRAZO Y CAMPANA;30;30;30;23474527;170926101818618;184080226;;;;07/29/2031 00:00:00;30;14008144;17/09/2026 10:18:18;Gustavo;Soderquvist;;;;;;Gustavo Soderquvist;
14230949;17/09/2026 13:38:15;3;2;0001  215240-1;03;CAMION MAR 2;2093194;"LG10    ";"LOPEZ GAS ONLINE S.A                              ";AV. REMEDIOS DE ESCALADA 2375;951299;"17030C         ";17030C - PERCHA LINEA FABRIC CROMO;24;24;24;23474527;170926101818618;184049187;;;;11/10/2031 00:00:00;24;14008144;17/09/2026 10:18:18;Gustavo;Soderquvist;;;;;;Gustavo Soderquvist;
14230949;17/09/2026 13:38:15;3;2;0001  215240-1;03;CAMION MAR 2;2093194;"LG10    ";"LOPEZ GAS ONLINE S.A                              ";AV. REMEDIOS DE ESCALADA 2375;951303;"17040G         ";17040G - PORTA ROLLO LINEA FABRIC GOLD;50;50;50;23474527;170926101818618;184268828;;;;07/28/2031 00:00:00;2;14008144;17/09/2026 10:18:18;Gustavo;Soderquvist;;;;;;Gustavo Soderquvist;
14230949;17/09/2026 13:38:15;3;2;0001  215240-1;03;CAMION MAR 2;2093194;"LG10    ";"LOPEZ GAS ONLINE S.A                              ";AV. REMEDIOS DE ESCALADA 2375;951326;"19020          ";19020 - TOALLERO DE ARO LINEA 19000;36;36;36;23474527;170926101818618;184081907;;;;07/29/2031 00:00:00;36;14008144;17/09/2026 10:18:18;Gustavo;Soderquvist;;;;;;Gustavo Soderquvist;
14230949;17/09/2026 13:38:15;3;2;0001  215240-1;03;CAMION MAR 2;2093194;"LG10    ";"LOPEZ GAS ONLINE S.A                              ";AV. REMEDIOS DE ESCALADA 2375;951508;"20-121         ";20-121 - COCINA MSDA MONOC.P. REDONDO MARBELLA;20;20;20;23474527;170926101818618;184268829;;;;07/30/2031 00:00:00;12;14008144;17/09/2026 10:18:18;Gustavo;Soderquvist;;;;;;Gustavo Soderquvist;
14230949;17/09/2026 13:38:15;3;2;0001  215240-1;03;CAMION MAR 2;2093194;"LG10    ";"LOPEZ GAS ONLINE S.A                              ";AV. REMEDIOS DE ESCALADA 2375;952655;"60-183         ";"LAVATORIO MONOCOMANDO BAJO MAT                                        ";12;12;12;23475472;170926103513473;184275881;;;;11/02/2031 00:00:00;10;14008718;17/09/2026 10:35:13;Gustavo;Soderquvist;;;;;;Gustavo Soderquvist;
14230949;17/09/2026 13:38:15;3;2;0001  215240-1;03;CAMION MAR 2;2093194;"LG10    ";"LOPEZ GAS ONLINE S.A                              ";AV. REMEDIOS DE ESCALADA 2375;952618;"60-133         ";60-133 - LAVATORIO MONOCOMANDO LUGO;36;36;36;23475472;170926103513473;184034123;;;;07/29/2031 00:00:00;36;14008718;17/09/2026 10:35:13;Gustavo;Soderquvist;;;;;;Gustavo Soderquvist;
14230949;17/09/2026 13:38:15;3;2;0001  215240-1;03;CAMION MAR 2;2093194;"LG10    ";"LOPEZ GAS ONLINE S.A                              ";AV. REMEDIOS DE ESCALADA 2375;951833;"30-132         ";30-132 - COCINA MESADA MONOC. C/DUCHADOR EXTENSIBLE VIGO;30;30;30;23475472;170926103513473;184085240;;;;07/28/2031 00:00:00;30;14008718;17/09/2026 10:35:13;Gustavo;Soderquvist;;;;;;Gustavo Soderquvist;
14230949;17/09/2026 13:38:15;3;2;0001  215240-1;03;CAMION MAR 2;2093194;"LG10    ";"LOPEZ GAS ONLINE S.A                              ";AV. REMEDIOS DE ESCALADA 2375;951552;"20-183         ";"MONOCOMANDO DE COCINA MAT                                             ";12;12;12;23475472;170926103513473;184275880;;;;11/02/2031 00:00:00;10;14008718;17/09/2026 10:35:13;Gustavo;Soderquvist;;;;;;Gustavo Soderquvist;
14230949;17/09/2026 13:38:15;3;2;0001  215240-1;03;CAMION MAR 2;2093194;"LG10    ";"LOPEZ GAS ONLINE S.A                              ";AV. REMEDIOS DE ESCALADA 2375;951535;"20-160         ";20-160 - MONOCOMANDO MESADA COCINA DIQUE;48;48;48;23475472;170926103513473;184039422;;;;07/28/2031 00:00:00;48;14008718;17/09/2026 10:35:13;Gustavo;Soderquvist;;;;;;Gustavo Soderquvist;
14230949;17/09/2026 13:38:15;3;2;0001  215240-1;03;CAMION MAR 2;2093194;"LG10    ";"LOPEZ GAS ONLINE S.A                              ";AV. REMEDIOS DE ESCALADA 2375;951300;"17030G         ";17030G - PERCHA LINEA FABRIC GOLD;90;90;90;23475472;170926103513473;184002648;;;;07/29/2031 00:00:00;48;14008718;17/09/2026 10:35:13;Gustavo;Soderquvist;;;;;;Gustavo Soderquvist;
14230949;17/09/2026 13:38:15;3;2;0001  215240-1;03;CAMION MAR 2;2093194;"LG10    ";"LOPEZ GAS ONLINE S.A                              ";AV. REMEDIOS DE ESCALADA 2375;953351;"85-183         ";"DUCHA EMB C/TRANSF Y DUCHADOR MONOC MAT                               ";5;5;5;23475472;170926103513473;184275884;;;;01/12/2032 00:00:00;3;14008718;17/09/2026 10:35:13;Gustavo;Soderquvist;;;;;;Gustavo Soderquvist;
14230949;17/09/2026 13:38:15;3;2;0001  215240-1;03;CAMION MAR 2;2093194;"LG10    ";"LOPEZ GAS ONLINE S.A                              ";AV. REMEDIOS DE ESCALADA 2375;953312;"83-133         ";83-133 - DUCHA EXT. C/TRANSF. MONOCOMANDO LUGO;36;36;36;23475472;170926103513473;184033588;;;;09/03/2031 00:00:00;36;14008718;17/09/2026 10:35:13;Gustavo;Soderquvist;;;;;;Gustavo Soderquvist;
14230949;17/09/2026 13:38:15;3;2;0001  215240-1;03;CAMION MAR 2;2093194;"LG10    ";"LOPEZ GAS ONLINE S.A                              ";AV. REMEDIOS DE ESCALADA 2375;952954;"70-203         ";70-203 - BIDE MONOCOMANDO ADRA;18;18;18;23475472;170926103513473;184097655;;;;07/29/2031 00:00:00;18;14008718;17/09/2026 10:35:13;Gustavo;Soderquvist;;;;;;Gustavo Soderquvist;
14230949;17/09/2026 13:38:15;3;2;0001  215240-1;03;CAMION MAR 2;2093194;"LG10    ";"LOPEZ GAS ONLINE S.A                              ";AV. REMEDIOS DE ESCALADA 2375;952933;"70-183         ";"BIDE MONOCOMANDO C/TRANSF MAT                                         ";12;12;12;23475472;170926103513473;184275883;;;;11/02/2031 00:00:00;10;14008718;17/09/2026 10:35:13;Gustavo;Soderquvist;;;;;;Gustavo Soderquvist;
14230949;17/09/2026 13:38:15;3;2;0001  215240-1;03;CAMION MAR 2;2093194;"LG10    ";"LOPEZ GAS ONLINE S.A                              ";AV. REMEDIOS DE ESCALADA 2375;952800;"63-183         ";"LAVATORIO PARED EMB MONOCOMANDO MAT                                   ";12;12;12;23475472;170926103513473;184036280;;;;01/12/2032 00:00:00;12;14008718;17/09/2026 10:35:13;Gustavo;Soderquvist;;;;;;Gustavo Soderquvist;
14230949;17/09/2026 13:38:15;3;2;0001  215240-1;03;CAMION MAR 2;2093194;"LG10    ";"LOPEZ GAS ONLINE S.A                              ";AV. REMEDIOS DE ESCALADA 2375;952798;"63-176N        ";"LAVATORIO PARED EMB MONOC BLACK RIO                                   ";36;36;36;23475472;170926103513473;183999269;;;;12/14/2031 00:00:00;30;14008718;17/09/2026 10:35:13;Gustavo;Soderquvist;;;;;;Gustavo Soderquvist;
14230949;17/09/2026 13:38:15;3;2;0001  215240-1;03;CAMION MAR 2;2093194;"LG10    ";"LOPEZ GAS ONLINE S.A                              ";AV. REMEDIOS DE ESCALADA 2375;952797;"63-176         ";"LAVATORIO PARED EMB MONOC CR RIO                                      ";36;36;36;23475472;170926103513473;183998651;;;;12/14/2031 00:00:00;36;14008718;17/09/2026 10:35:13;Gustavo;Soderquvist;;;;;;Gustavo Soderquvist;
14230949;17/09/2026 13:38:15;3;2;0001  215240-1;03;CAMION MAR 2;2093194;"LG10    ";"LOPEZ GAS ONLINE S.A                              ";AV. REMEDIOS DE ESCALADA 2375;952719;"61-183         ";"LAVATORIO MONOCOMANDO ALTO MAT                                        ";12;12;12;23475472;170926103513473;184275882;;;;11/02/2031 00:00:00;10;14008718;17/09/2026 10:35:13;Gustavo;Soderquvist;;;;;;Gustavo Soderquvist;
14230949;17/09/2026 13:38:15;3;2;0001  215240-1;03;CAMION MAR 2;2093194;"LG10    ";"LOPEZ GAS ONLINE S.A                              ";AV. REMEDIOS DE ESCALADA 2375;952713;"61-176N        ";61-176N - LAVATORIO MONOC ALTO BLACK RIO;70;70;70;23476515;170926105134874;183974764;;;;07/29/2031 00:00:00;70;14009314;17/09/2026 10:51:34;Gustavo;Soderquvist;;;;;;Gustavo Soderquvist;
14230949;17/09/2026 13:38:15;3;2;0001  215240-1;03;CAMION MAR 2;2093194;"LG10    ";"LOPEZ GAS ONLINE S.A                              ";AV. REMEDIOS DE ESCALADA 2375;951531;"20-146N        ";20-146N - MONOCOMANDO DE COCINA BLACK LINEA MOVE;100;100;100;23476515;170926105134874;183963426;;;;07/30/2031 00:00:00;100;14009314;17/09/2026 10:51:34;Gustavo;Soderquvist;;;;;;Gustavo Soderquvist;
14230949;17/09/2026 13:38:15;3;2;0001  215240-1;03;CAMION MAR 2;2093194;"LG10    ";"LOPEZ GAS ONLINE S.A                              ";AV. REMEDIOS DE ESCALADA 2375;953123;"80-176N        ";80-176N - DUCHA EMB C/TRANSF MONOC BLACK RIO;36;36;36;23476515;170926105134874;183975572;;;;07/27/2031 00:00:00;36;14009314;17/09/2026 10:51:34;Gustavo;Soderquvist;;;;;;Gustavo Soderquvist;
14230949;17/09/2026 13:38:15;3;2;0001  215240-1;03;CAMION MAR 2;2093194;"LG10    ";"LOPEZ GAS ONLINE S.A                              ";AV. REMEDIOS DE ESCALADA 2375;953317;"83-176N        ";83-176N - DUCHA EXT. C/TRANSF. MONOC BLACK RIO;36;36;36;23476515;170926105134874;183976495;;;;07/29/2031 00:00:00;36;14009314;17/09/2026 10:51:34;Gustavo;Soderquvist;;;;;;Gustavo Soderquvist;
14230949;17/09/2026 13:38:15;3;2;0001  215240-1;03;CAMION MAR 2;2093194;"LG10    ";"LOPEZ GAS ONLINE S.A                              ";AV. REMEDIOS DE ESCALADA 2375;951513;"20-122N        ";20-122N - MONOCOMANDO COCINA C/PICO EXTRAIBLE VALENCIA BLACK;120;120;120;23477433;170926110828012;183959235;;;;08/06/2031 00:00:00;120;14009882;17/09/2026 11:08:28;Gustavo;Soderquvist;;;;;;Gustavo Soderquvist;
14230949;17/09/2026 13:38:15;3;2;0001  215240-1;03;CAMION MAR 2;2093194;"LG10    ";"LOPEZ GAS ONLINE S.A                              ";AV. REMEDIOS DE ESCALADA 2375;951303;"17040G         ";17040G - PORTA ROLLO LINEA FABRIC GOLD;50;50;50;23477433;170926110828012;184051149;;;;07/28/2031 00:00:00;48;14009882;17/09/2026 11:08:28;Gustavo;Soderquvist;;;;;;Gustavo Soderquvist;
14230949;17/09/2026 13:38:15;3;2;0001  215240-1;03;CAMION MAR 2;2093194;"LG10    ";"LOPEZ GAS ONLINE S.A                              ";AV. REMEDIOS DE ESCALADA 2375;951302;"17040C         ";17040C - PORTA ROLLO LINEA FABRIC CROMO;24;24;24;23477433;170926110828012;184050547;;;;07/29/2031 00:00:00;24;14009882;17/09/2026 11:08:28;Gustavo;Soderquvist;;;;;;Gustavo Soderquvist;
14230949;17/09/2026 13:38:15;3;2;0001  215240-1;03;CAMION MAR 2;2093194;"LG10    ";"LOPEZ GAS ONLINE S.A                              ";AV. REMEDIOS DE ESCALADA 2375;951296;"17020C         ";17020C - TOALLERO DE ARO LINEA FABRIC CROMO;24;24;24;23477433;170926110828012;184049396;;;;07/30/2031 00:00:00;24;14009882;17/09/2026 11:08:28;Gustavo;Soderquvist;;;;;;Gustavo Soderquvist;
14230949;17/09/2026 13:38:15;3;2;0001  215240-1;03;CAMION MAR 2;2093194;"LG10    ";"LOPEZ GAS ONLINE S.A                              ";AV. REMEDIOS DE ESCALADA 2375;951606;"21100          ";21100 - ESTANTE ORGANIZADOR RECTANGULAR 25x12x7;30;30;30;23479129;170926113829656;184301192;;;;07/29/2031 00:00:00;24;14010884;17/09/2026 11:38:29;Gustavo;Soderquvist;;;;;;Gustavo Soderquvist;
14230949;17/09/2026 13:38:15;3;2;0001  215240-1;03;CAMION MAR 2;2093194;"LG10    ";"LOPEZ GAS ONLINE S.A                              ";AV. REMEDIOS DE ESCALADA 2375;951540;"20-168N        ";20-168N - MONOCOMANDO COCINA BLACK WAVE;6;6;6;23479129;170926113829656;184096942;;;;07/27/2031 00:00:00;6;14010884;17/09/2026 11:38:29;Gustavo;Soderquvist;;;;;;Gustavo Soderquvist;
14230949;17/09/2026 13:38:15;3;2;0001  215240-1;03;CAMION MAR 2;2093194;"LG10    ";"LOPEZ GAS ONLINE S.A                              ";AV. REMEDIOS DE ESCALADA 2375;951539;"20-168         ";20-168 - MONOCOMANDO COCINA CR WAVE;12;12;12;23479129;170926113829656;184301191;;;;07/27/2031 00:00:00;10;14010884;17/09/2026 11:38:29;Gustavo;Soderquvist;;;;;;Gustavo Soderquvist;
14230949;17/09/2026 13:38:15;3;2;0001  215240-1;03;CAMION MAR 2;2093194;"LG10    ";"LOPEZ GAS ONLINE S.A                              ";AV. REMEDIOS DE ESCALADA 2375;951529;"20-140N        ";20-140N - MONOCOMANDO DE COCINA LINEA CUINA BLACK;35;35;35;23479129;170926113829656;184077853;;;;07/29/2031 00:00:00;35;14010884;17/09/2026 11:38:29;Gustavo;Soderquvist;;;;;;Gustavo Soderquvist;
14230949;17/09/2026 13:38:15;3;2;0001  215240-1;03;CAMION MAR 2;2093194;"LG10    ";"LOPEZ GAS ONLINE S.A                              ";AV. REMEDIOS DE ESCALADA 2375;951100;"11020          ";"TOALLERO DE ARO LINEA 11000                                           ";24;24;24;23479129;170926113829656;184092767;;;;07/27/2031 00:00:00;4;14010884;17/09/2026 11:38:29;Gustavo;Soderquvist;;;;;;Gustavo Soderquvist;
14230949;17/09/2026 13:38:15;3;2;0001  215240-1;03;CAMION MAR 2;2093194;"LG10    ";"LOPEZ GAS ONLINE S.A                              ";AV. REMEDIOS DE ESCALADA 2375;951293;"17010C         ";17010C - TOALLERO BARRAL LINEA FABRIC CROMO;24;24;24;23479129;170926113829656;184049462;;;;07/27/2031 00:00:00;24;14010884;17/09/2026 11:38:29;Gustavo;Soderquvist;;;;;;Gustavo Soderquvist;
14230949;17/09/2026 13:38:15;3;2;0001  215240-1;03;CAMION MAR 2;2093194;"LG10    ";"LOPEZ GAS ONLINE S.A                              ";AV. REMEDIOS DE ESCALADA 2375;1007844;"20-122S        ";"MONOCOMANDO COCINA INOX C/PICO EXTRAIBLE VALENCIA                     ";42;42;42;23479129;170926113829656;184048339;;;;01/06/2032 00:00:00;42;14010884;17/09/2026 11:38:29;Gustavo;Soderquvist;;;;;;Gustavo Soderquvist;
14230949;17/09/2026 13:38:15;3;2;0001  215240-1;03;CAMION MAR 2;2093194;"LG10    ";"LOPEZ GAS ONLINE S.A                              ";AV. REMEDIOS DE ESCALADA 2375;952672;"60-200C        ";60-200C - LAVATORIO MONOC BAJO CR FABRIC;6;6;6;23479129;170926113829656;183993098;;;;07/28/2031 00:00:00;6;14010884;17/09/2026 11:38:29;Gustavo;Soderquvist;;;;;;Gustavo Soderquvist;
14230949;17/09/2026 13:38:15;3;2;0001  215240-1;03;CAMION MAR 2;2093194;"LG10    ";"LOPEZ GAS ONLINE S.A                              ";AV. REMEDIOS DE ESCALADA 2375;952949;"70-200C        ";70-200C - BIDE MONOCOMANDO CR FABRIC;12;12;12;23479129;170926113829656;183992039;;;;10/28/2031 00:00:00;12;14010884;17/09/2026 11:38:29;Gustavo;Soderquvist;;;;;;Gustavo Soderquvist;
14230949;17/09/2026 13:38:15;3;2;0001  215240-1;03;CAMION MAR 2;2093194;"LG10    ";"LOPEZ GAS ONLINE S.A                              ";AV. REMEDIOS DE ESCALADA 2375;953322;"83-205         ";83-205 - DUCHA EXT C/TRANSF MONOC STEEL PICO CURVO;12;12;12;23479129;170926113829656;184301193;;;;07/27/2031 00:00:00;10;14010884;17/09/2026 11:38:29;Gustavo;Soderquvist;;;;;;Gustavo Soderquvist;
14230949;17/09/2026 13:38:15;3;2;0001  215240-1;03;CAMION MAR 2;2093194;"LG10    ";"LOPEZ GAS ONLINE S.A                              ";AV. REMEDIOS DE ESCALADA 2375;951547;"20-174         ";20-174 - COCINA MESADA MONOC. COLORS BLACK;36;36;36;23480224;170926115833601;184308904;;;;07/28/2031 00:00:00;18;14011523;17/09/2026 11:58:33;Gustavo;Soderquvist;;;;;;Gustavo Soderquvist;
14230949;17/09/2026 13:38:15;3;2;0001  215240-1;03;CAMION MAR 2;2093194;"LG10    ";"LOPEZ GAS ONLINE S.A                              ";AV. REMEDIOS DE ESCALADA 2375;951539;"20-168         ";20-168 - MONOCOMANDO COCINA CR WAVE;12;12;12;23480224;170926115833601;183990300;;;;07/27/2031 00:00:00;2;14011523;17/09/2026 11:58:33;Gustavo;Soderquvist;;;;;;Gustavo Soderquvist;
14230949;17/09/2026 13:38:15;3;2;0001  215240-1;03;CAMION MAR 2;2093194;"LG10    ";"LOPEZ GAS ONLINE S.A                              ";AV. REMEDIOS DE ESCALADA 2375;951298;"17020N         ";17020N - TOALLERO DE ARO LINEA FABRIC BLACK;50;50;50;23480224;170926115833601;183997915;;;;07/29/2031 00:00:00;2;14011523;17/09/2026 11:58:33;Gustavo;Soderquvist;;;;;;Gustavo Soderquvist;
14230949;17/09/2026 13:38:15;3;2;0001  215240-1;03;CAMION MAR 2;2093194;"LG10    ";"LOPEZ GAS ONLINE S.A                              ";AV. REMEDIOS DE ESCALADA 2375;951099;"11010          ";"TOALLERO BARRAL LINEA 11000                                           ";24;24;24;23480224;170926115833601;184093210;;;;07/27/2031 00:00:00;4;14011523;17/09/2026 11:58:33;Gustavo;Soderquvist;;;;;;Gustavo Soderquvist;
14230949;17/09/2026 13:38:15;3;2;0001  215240-1;03;CAMION MAR 2;2093194;"LG10    ";"LOPEZ GAS ONLINE S.A                              ";AV. REMEDIOS DE ESCALADA 2375;951102;"11040          ";"PORTA ROLLO LINEA 11000                                               ";24;24;24;23480224;170926115833601;184093857;;;;07/27/2031 00:00:00;4;14011523;17/09/2026 11:58:33;Gustavo;Soderquvist;;;;;;Gustavo Soderquvist;
14230949;17/09/2026 13:38:15;3;2;0001  215240-1;03;CAMION MAR 2;2093194;"LG10    ";"LOPEZ GAS ONLINE S.A                              ";AV. REMEDIOS DE ESCALADA 2375;951101;"11030          ";"PERCHA LINEA 11000                                                    ";24;24;24;23480224;170926115833601;184094050;;;;07/28/2031 00:00:00;4;14011523;17/09/2026 11:58:33;Gustavo;Soderquvist;;;;;;Gustavo Soderquvist;
14230949;17/09/2026 13:38:15;3;2;0001  215240-1;03;CAMION MAR 2;2093194;"LG10    ";"LOPEZ GAS ONLINE S.A                              ";AV. REMEDIOS DE ESCALADA 2375;951261;"16010BL        ";16010BL - TOALLERO BARRAL LINEA 16000 BLACK;24;24;24;23480224;170926115833601;184092053;;;;07/29/2031 00:00:00;4;14011523;17/09/2026 11:58:33;Gustavo;Soderquvist;;;;;;Gustavo Soderquvist;
14230949;17/09/2026 13:38:15;3;2;0001  215240-1;03;CAMION MAR 2;2093194;"LG10    ";"LOPEZ GAS ONLINE S.A                              ";AV. REMEDIOS DE ESCALADA 2375;951653;"22-178         ";22-178 - MONOCOMANDO DE COCINA P/AGUA FILTRADA VITA;56;56;56;23480224;170926115833601;184045737;;;;12/23/2031 00:00:00;56;14011523;17/09/2026 11:58:33;Gustavo;Soderquvist;;;;;;Gustavo Soderquvist;
14230949;17/09/2026 13:38:15;3;2;0001  215240-1;03;CAMION MAR 2;2093194;"LG10    ";"LOPEZ GAS ONLINE S.A                              ";AV. REMEDIOS DE ESCALADA 2375;951614;"21200          ";21200 - ESQUINERO ORGANIZADOR 19x19x7;24;24;24;23480224;170926115833601;183989150;;;;07/27/2031 00:00:00;24;14011523;17/09/2026 11:58:33;Gustavo;Soderquvist;;;;;;Gustavo Soderquvist;
14230949;17/09/2026 13:38:15;3;2;0001  215240-1;03;CAMION MAR 2;2093194;"LG10    ";"LOPEZ GAS ONLINE S.A                              ";AV. REMEDIOS DE ESCALADA 2375;953331;"84-190         ";84-190 - DUCHA EXTERIOR CON COLUMNA BLACK VELVET;24;24;24;23480224;170926115833601;183989658;;;;10/06/2031 00:00:00;10;14011523;17/09/2026 11:58:33;Gustavo;Soderquvist;;;;;;Gustavo Soderquvist;
14230949;17/09/2026 13:38:15;3;2;0001  215240-1;03;CAMION MAR 2;2093194;"LG10    ";"LOPEZ GAS ONLINE S.A                              ";AV. REMEDIOS DE ESCALADA 2375;952723;"61-200C        ";61-200C - LAVATORIO MONOC ALTO CR FABRIC;12;12;12;23480224;170926115833601;183993598;;;;07/27/2031 00:00:00;12;14011523;17/09/2026 11:58:33;Gustavo;Soderquvist;;;;;;Gustavo Soderquvist;
14230949;17/09/2026 13:38:15;3;2;0001  215240-1;03;CAMION MAR 2;2093194;"LG10    ";"LOPEZ GAS ONLINE S.A                              ";AV. REMEDIOS DE ESCALADA 2375;953322;"83-205         ";83-205 - DUCHA EXT C/TRANSF MONOC STEEL PICO CURVO;12;12;12;23484981;170926133731934;183990044;;;;07/27/2031 00:00:00;2;14014228;17/09/2026 13:37:32;Gustavo;Soderquvist;;;;;;Gustavo Soderquvist;
14230949;17/09/2026 13:38:15;3;2;0001  215240-1;03;CAMION MAR 2;2093194;"LG10    ";"LOPEZ GAS ONLINE S.A                              ";AV. REMEDIOS DE ESCALADA 2375;953330;"84-180         ";84-180 - GRIFERIA DE PIE P/BAÑERA EXENTA VERA;2;2;2;23484981;170926133731934;184079119;;;;07/28/2031 00:00:00;2;14014228;17/09/2026 13:37:32;Gustavo;Soderquvist;;;;;;Gustavo Soderquvist;
14230949;17/09/2026 13:38:15;3;2;0001  215240-1;03;CAMION MAR 2;2093194;"LG10    ";"LOPEZ GAS ONLINE S.A                              ";AV. REMEDIOS DE ESCALADA 2375;953334;"84-203         ";"DUCHA EXT C/COLUMNA Y TRANSF CR ADRA                                  ";42;42;42;23484981;170926133731934;184342626;;;;12/02/2031 00:00:00;12;14014228;17/09/2026 13:37:32;Gustavo;Soderquvist;;;;;;Gustavo Soderquvist;
14230949;17/09/2026 13:38:15;3;2;0001  215240-1;03;CAMION MAR 2;2093194;"LG10    ";"LOPEZ GAS ONLINE S.A                              ";AV. REMEDIOS DE ESCALADA 2375;953351;"85-183         ";"DUCHA EMB C/TRANSF Y DUCHADOR MONOC MAT                               ";5;5;5;23484981;170926133731934;184038449;;;;01/12/2032 00:00:00;2;14014228;17/09/2026 13:37:32;Gustavo;Soderquvist;;;;;;Gustavo Soderquvist;
14230949;17/09/2026 13:38:15;3;2;0001  215240-1;03;CAMION MAR 2;2093194;"LG10    ";"LOPEZ GAS ONLINE S.A                              ";AV. REMEDIOS DE ESCALADA 2375;951508;"20-121         ";20-121 - COCINA MSDA MONOC.P. REDONDO MARBELLA;20;20;20;23484981;170926133731934;184052392;;;;07/30/2031 00:00:00;2;14014228;17/09/2026 13:37:32;Gustavo;Soderquvist;;;;;;Gustavo Soderquvist;
14230949;17/09/2026 13:38:15;3;2;0001  215240-1;03;CAMION MAR 2;2093194;"LG10    ";"LOPEZ GAS ONLINE S.A                              ";AV. REMEDIOS DE ESCALADA 2375;951527;"20-135G        ";20-135G - MONOCOMANDO COCINA GOLD SANTANDER;18;18;18;23484981;170926133731934;184040927;;;;07/27/2031 00:00:00;12;14014228;17/09/2026 13:37:32;Gustavo;Soderquvist;;;;;;Gustavo Soderquvist;
14230949;17/09/2026 13:38:15;3;2;0001  215240-1;03;CAMION MAR 2;2093194;"LG10    ";"LOPEZ GAS ONLINE S.A                              ";AV. REMEDIOS DE ESCALADA 2375;951607;"21100N         ";21100N - ESTANTE ORGANIZADOR RECTANGULAR BLACK 25x12x7;30;30;30;23484981;170926133731934;184023433;;;;07/27/2031 00:00:00;6;14014228;17/09/2026 13:37:32;Gustavo;Soderquvist;;;;;;Gustavo Soderquvist;
14230949;17/09/2026 13:38:15;3;2;0001  215240-1;03;CAMION MAR 2;2093194;"LG10    ";"LOPEZ GAS ONLINE S.A                              ";AV. REMEDIOS DE ESCALADA 2375;951654;"22-178N        ";22-178N - MONOCOMANDO DE COCINA P/AGUA FILTRADA VITA BLACK;48;48;48;23484981;170926133731934;184007933;;;;11/09/2031 00:00:00;48;14014228;17/09/2026 13:37:32;Gustavo;Soderquvist;;;;;;Gustavo Soderquvist;
14230949;17/09/2026 13:38:15;3;2;0001  215240-1;03;CAMION MAR 2;2093194;"LG10    ";"LOPEZ GAS ONLINE S.A                              ";AV. REMEDIOS DE ESCALADA 2375;951820;"30-121         ";30-121 - COCINA MSDA MONOC.P. CUADRADO MARBELLA;20;20;20;23484981;170926133731934;184019958;;;;11/08/2031 00:00:00;2;14014228;17/09/2026 13:37:32;Gustavo;Soderquvist;;;;;;Gustavo Soderquvist;
14230949;17/09/2026 13:38:15;3;2;0001  215240-1;03;CAMION MAR 2;2093194;"LG10    ";"LOPEZ GAS ONLINE S.A                              ";AV. REMEDIOS DE ESCALADA 2375;952655;"60-183         ";"LAVATORIO MONOCOMANDO BAJO MAT                                        ";12;12;12;23484981;170926133731934;184035159;;;;11/02/2031 00:00:00;2;14014228;17/09/2026 13:37:32;Gustavo;Soderquvist;;;;;;Gustavo Soderquvist;
14230949;17/09/2026 13:38:15;3;2;0001  215240-1;03;CAMION MAR 2;2093194;"LG10    ";"LOPEZ GAS ONLINE S.A                              ";AV. REMEDIOS DE ESCALADA 2375;952712;"61-176         ";61-176 - LAVATORIO MONOC ALTO CR RIO;70;70;70;23484981;170926133731934;183956723;;;;10/09/2031 00:00:00;4;14014228;17/09/2026 13:37:32;Gustavo;Soderquvist;;;;;;Gustavo Soderquvist;
14230949;17/09/2026 13:38:15;3;2;0001  215240-1;03;CAMION MAR 2;2093194;"LG10    ";"LOPEZ GAS ONLINE S.A                              ";AV. REMEDIOS DE ESCALADA 2375;952719;"61-183         ";"LAVATORIO MONOCOMANDO ALTO MAT                                        ";12;12;12;23484981;170926133731934;184030817;;;;11/02/2031 00:00:00;2;14014228;17/09/2026 13:37:32;Gustavo;Soderquvist;;;;;;Gustavo Soderquvist;
14230949;17/09/2026 13:38:15;3;2;0001  215240-1;03;CAMION MAR 2;2093194;"LG10    ";"LOPEZ GAS ONLINE S.A                              ";AV. REMEDIOS DE ESCALADA 2375;952933;"70-183         ";"BIDE MONOCOMANDO C/TRANSF MAT                                         ";12;12;12;23484981;170926133731934;184034879;;;;11/02/2031 00:00:00;2;14014228;17/09/2026 13:37:32;Gustavo;Soderquvist;;;;;;Gustavo Soderquvist;
14230949;17/09/2026 13:38:15;3;2;0001  215240-1;03;CAMION MAR 2;2093194;"LG10    ";"LOPEZ GAS ONLINE S.A                              ";AV. REMEDIOS DE ESCALADA 2375;952956;"70-205         ";70-205 - BIDE MONOCOMANDO STEEL;18;18;18;23484981;170926133731934;183992638;;;;11/08/2031 00:00:00;18;14014228;17/09/2026 13:37:32;Gustavo;Soderquvist;;;;;;Gustavo Soderquvist;
14230949;17/09/2026 13:38:15;3;2;0001  215240-1;03;CAMION MAR 2;2093194;"LG10    ";"LOPEZ GAS ONLINE S.A                              ";AV. REMEDIOS DE ESCALADA 2375;951552;"20-183         ";"MONOCOMANDO DE COCINA MAT                                             ";12;12;12;23484981;170926133731934;184036966;;;;11/02/2031 00:00:00;2;14014228;17/09/2026 13:37:32;Gustavo;Soderquvist;;;;;;Gustavo Soderquvist;
14230949;17/09/2026 13:38:15;3;2;0001  215240-1;03;CAMION MAR 2;2093194;"LG10    ";"LOPEZ GAS ONLINE S.A                              ";AV. REMEDIOS DE ESCALADA 2375;951606;"21100          ";21100 - ESTANTE ORGANIZADOR RECTANGULAR 25x12x7;30;30;30;23484981;170926133731934;183991300;;;;07/29/2031 00:00:00;6;14014228;17/09/2026 13:37:32;Gustavo;Soderquvist;;;;;;Gustavo Soderquvist;
14231004;09/09/2026 12:59:50;3;2;0001  215106-1;01;CAMION VIE 3;2094545;"SM20    ";"SANITARIOS MORENO S.R.L.                          ";AV. VICTORICA 1024;954902;"BCH02          ";BCH02 - BACHA DE APOYAR CIRCULAR 1 AG. 415x145;5;5;5;23260311;090926125950002;182666411;;;;07/27/2031 00:00:00;1;13884967;09/09/2026 12:59:50;Maximiliano;Nievas;24538176;09/09/2026 11:17:21;6867;Javier;Lescano;Maximiliano Nievas;Javier Lescano
14231004;09/09/2026 12:59:50;3;2;0001  215106-1;01;CAMION VIE 3;2094545;"SM20    ";"SANITARIOS MORENO S.R.L.                          ";AV. VICTORICA 1024;954902;"BCH02          ";BCH02 - BACHA DE APOYAR CIRCULAR 1 AG. 415x145;5;5;5;23265507;090926125739841;182703404;;;;07/27/2031 00:00:00;1;13884975;09/09/2026 12:57:39;Maximiliano;Nievas;;;;;;Maximiliano Nievas;
14231004;09/09/2026 12:59:50;3;2;0001  215106-1;01;CAMION VIE 3;2094545;"SM20    ";"SANITARIOS MORENO S.R.L.                          ";AV. VICTORICA 1024;954902;"BCH02          ";BCH02 - BACHA DE APOYAR CIRCULAR 1 AG. 415x145;5;5;5;23265518;090926125751625;182703449;;;;07/27/2031 00:00:00;1;13884985;09/09/2026 12:57:51;Maximiliano;Nievas;;;;;;Maximiliano Nievas;
14231004;09/09/2026 12:59:50;3;2;0001  215106-1;01;CAMION VIE 3;2094545;"SM20    ";"SANITARIOS MORENO S.R.L.                          ";AV. VICTORICA 1024;954902;"BCH02          ";BCH02 - BACHA DE APOYAR CIRCULAR 1 AG. 415x145;5;5;5;23265531;090926125804611;182703498;;;;07/27/2031 00:00:00;1;13884987;09/09/2026 12:58:04;Maximiliano;Nievas;;;;;;Maximiliano Nievas;
14231004;09/09/2026 12:59:50;3;2;0001  215106-1;01;CAMION VIE 3;2094545;"SM20    ";"SANITARIOS MORENO S.R.L.                          ";AV. VICTORICA 1024;954902;"BCH02          ";BCH02 - BACHA DE APOYAR CIRCULAR 1 AG. 415x145;5;5;5;23265577;090926125921064;182703870;;;;07/27/2031 00:00:00;1;13885028;09/09/2026 12:59:21;Maximiliano;Nievas;;;;;;Maximiliano Nievas;
14231005;09/09/2026 12:54:46;3;2;0001  214048-2;01;CAMION VIE 3;2094545;"SM20    ";"SANITARIOS MORENO S.R.L.                          ";AV. VICTORICA 1024;956412;"INO102-2       ";"DEPOSITO C/DESCARGA DUAL BLANCO LINEA LOFT                            ";5;5;5;23258951;090926125445691;182677627;;;;02/24/2032 00:00:00;1;13884806;09/09/2026 12:54:45;Maximiliano;Nievas;24536676;09/09/2026 11:43:26;6922;Franco;Potenza;Maximiliano Nievas;Franco Potenza
14231005;09/09/2026 12:54:46;3;2;0001  214048-2;01;CAMION VIE 3;2094545;"SM20    ";"SANITARIOS MORENO S.R.L.                          ";AV. VICTORICA 1024;956412;"INO102-2       ";"DEPOSITO C/DESCARGA DUAL BLANCO LINEA LOFT                            ";5;5;5;23265272;090926125233508;182701890;;;;02/24/2032 00:00:00;1;13884812;09/09/2026 12:52:33;Maximiliano;Nievas;;;;;;Maximiliano Nievas;
14231005;09/09/2026 12:54:46;3;2;0001  214048-2;01;CAMION VIE 3;2094545;"SM20    ";"SANITARIOS MORENO S.R.L.                          ";AV. VICTORICA 1024;956412;"INO102-2       ";"DEPOSITO C/DESCARGA DUAL BLANCO LINEA LOFT                            ";5;5;5;23265316;090926125347264;182702272;;;;02/24/2032 00:00:00;1;13884854;09/09/2026 12:53:47;Maximiliano;Nievas;;;;;;Maximiliano Nievas;
14231005;09/09/2026 12:54:46;3;2;0001  214048-2;01;CAMION VIE 3;2094545;"SM20    ";"SANITARIOS MORENO S.R.L.                          ";AV. VICTORICA 1024;956412;"INO102-2       ";"DEPOSITO C/DESCARGA DUAL BLANCO LINEA LOFT                            ";5;5;5;23265328;090926125359607;182702342;;;;02/24/2032 00:00:00;1;13884862;09/09/2026 12:53:59;Maximiliano;Nievas;;;;;;Maximiliano Nievas;
14231005;09/09/2026 12:54:46;3;2;0001  214048-2;01;CAMION VIE 3;2094545;"SM20    ";"SANITARIOS MORENO S.R.L.                          ";AV. VICTORICA 1024;956412;"INO102-2       ";"DEPOSITO C/DESCARGA DUAL BLANCO LINEA LOFT                            ";5;5;5;23265355;090926125433936;182702512;;;;02/24/2032 00:00:00;1;13884884;09/09/2026 12:54:33;Maximiliano;Nievas;;;;;;Maximiliano Nievas;
14231006;09/09/2026 13:57:45;3;2;0001  214753-2;01;CAMION VIE 3;2094545;"SM20    ";"SANITARIOS MORENO S.R.L.                          ";AV. VICTORICA 1024;956412;"INO102-2       ";"DEPOSITO C/DESCARGA DUAL BLANCO LINEA LOFT                            ";55;55;55;23256047;090926045743062;182648348;;;;02/24/2032 00:00:00;51;13886376;09/09/2026 13:57:43;Mirko;Hernandez;24533909;09/09/2026 13:09:28;7807;Nicolas;Perez;Mirko Hernandez;Nicolas Perez
14231006;09/09/2026 13:57:45;3;2;0001  214753-2;01;CAMION VIE 3;2094545;"SM20    ";"SANITARIOS MORENO S.R.L.                          ";AV. VICTORICA 1024;956411;"INO102-1       ";"INODORO BLANCO C/ASIENTO LINEA LOFT                                   ";55;55;55;23267720;090926044512100;182719638;;;;02/24/2032 00:00:00;9;13886388;09/09/2026 13:45:12;Mirko;Hernandez;;;;;;Mirko Hernandez;
14231006;09/09/2026 13:57:45;3;2;0001  214753-2;01;CAMION VIE 3;2094545;"SM20    ";"SANITARIOS MORENO S.R.L.                          ";AV. VICTORICA 1024;956411;"INO102-1       ";"INODORO BLANCO C/ASIENTO LINEA LOFT                                   ";55;55;55;23267861;090926044745350;182720744;;;;02/24/2032 00:00:00;9;13886472;09/09/2026 13:47:45;Mirko;Hernandez;;;;;;Mirko Hernandez;
14231006;09/09/2026 13:57:45;3;2;0001  214753-2;01;CAMION VIE 3;2094545;"SM20    ";"SANITARIOS MORENO S.R.L.                          ";AV. VICTORICA 1024;956411;"INO102-1       ";"INODORO BLANCO C/ASIENTO LINEA LOFT                                   ";55;55;55;23267918;090926044910006;182721323;;;;02/24/2032 00:00:00;9;13886519;09/09/2026 13:49:10;Mirko;Hernandez;;;;;;Mirko Hernandez;
14231006;09/09/2026 13:57:45;3;2;0001  214753-2;01;CAMION VIE 3;2094545;"SM20    ";"SANITARIOS MORENO S.R.L.                          ";AV. VICTORICA 1024;956411;"INO102-1       ";"INODORO BLANCO C/ASIENTO LINEA LOFT                                   ";55;55;55;23267974;090926045013072;182721745;;;;02/24/2032 00:00:00;9;13886571;09/09/2026 13:50:13;Mirko;Hernandez;;;;;;Mirko Hernandez;
14231006;09/09/2026 13:57:45;3;2;0001  214753-2;01;CAMION VIE 3;2094545;"SM20    ";"SANITARIOS MORENO S.R.L.                          ";AV. VICTORICA 1024;956411;"INO102-1       ";"INODORO BLANCO C/ASIENTO LINEA LOFT                                   ";55;55;55;23268037;090926045104651;182722073;;;;02/24/2032 00:00:00;9;13886592;09/09/2026 13:51:04;Mirko;Hernandez;;;;;;Mirko Hernandez;
14231006;09/09/2026 13:57:45;3;2;0001  214753-2;01;CAMION VIE 3;2094545;"SM20    ";"SANITARIOS MORENO S.R.L.                          ";AV. VICTORICA 1024;956411;"INO102-1       ";"INODORO BLANCO C/ASIENTO LINEA LOFT                                   ";55;55;55;23268073;090926045158957;182722409;;;;02/24/2032 00:00:00;9;13886621;09/09/2026 13:51:58;Mirko;Hernandez;;;;;;Mirko Hernandez;
14231006;09/09/2026 13:57:45;3;2;0001  214753-2;01;CAMION VIE 3;2094545;"SM20    ";"SANITARIOS MORENO S.R.L.                          ";AV. VICTORICA 1024;954942;"BID102-1       ";"BIDE 1 AGUJERO BLANCO LINEA LOFT                                      ";39;39;39;23268148;090926045256280;182722787;;;;02/24/2032 00:00:00;10;13886655;09/09/2026 13:52:56;Mirko;Hernandez;;;;;;Mirko Hernandez;
14231006;09/09/2026 13:57:45;3;2;0001  214753-2;01;CAMION VIE 3;2094545;"SM20    ";"SANITARIOS MORENO S.R.L.                          ";AV. VICTORICA 1024;954942;"BID102-1       ";"BIDE 1 AGUJERO BLANCO LINEA LOFT                                      ";39;39;39;23268194;090926045341629;182723090;;;;02/24/2032 00:00:00;10;13886678;09/09/2026 13:53:41;Mirko;Hernandez;;;;;;Mirko Hernandez;
14231006;09/09/2026 13:57:45;3;2;0001  214753-2;01;CAMION VIE 3;2094545;"SM20    ";"SANITARIOS MORENO S.R.L.                          ";AV. VICTORICA 1024;954942;"BID102-1       ";"BIDE 1 AGUJERO BLANCO LINEA LOFT                                      ";39;39;39;23268256;090926045450930;182723551;;;;02/24/2032 00:00:00;10;13886712;09/09/2026 13:54:50;Mirko;Hernandez;;;;;;Mirko Hernandez;
14231006;09/09/2026 13:57:45;3;2;0001  214753-2;01;CAMION VIE 3;2094545;"SM20    ";"SANITARIOS MORENO S.R.L.                          ";AV. VICTORICA 1024;954942;"BID102-1       ";"BIDE 1 AGUJERO BLANCO LINEA LOFT                                      ";39;39;39;23268357;090926045628167;182637211;;;;02/24/2032 00:00:00;9;13886788;09/09/2026 13:56:28;Mirko;Hernandez;;;;;;Mirko Hernandez;
14231006;09/09/2026 13:57:45;3;2;0001  214753-2;01;CAMION VIE 3;2094545;"SM20    ";"SANITARIOS MORENO S.R.L.                          ";AV. VICTORICA 1024;956411;"INO102-1       ";"INODORO BLANCO C/ASIENTO LINEA LOFT                                   ";55;55;55;23268357;090926045628167;182642014;;;;02/24/2032 00:00:00;1;13886788;09/09/2026 13:56:28;Mirko;Hernandez;;;;;;Mirko Hernandez;
14231006;09/09/2026 13:57:45;3;2;0001  214753-2;01;CAMION VIE 3;2094545;"SM20    ";"SANITARIOS MORENO S.R.L.                          ";AV. VICTORICA 1024;956412;"INO102-2       ";"DEPOSITO C/DESCARGA DUAL BLANCO LINEA LOFT                            ";55;55;55;23268357;090926045628167;182724221;;;;02/24/2032 00:00:00;4;13886788;09/09/2026 13:56:28;Mirko;Hernandez;;;;;;Mirko Hernandez;
14231007;09/09/2026 11:45:35;3;2;0001  215375-1;01;CAMION VIE 3;2094545;"SM20    ";"SANITARIOS MORENO S.R.L.                          ";AV. VICTORICA 1024;952582;"60-057         ";60-057 - LAVATORIO C.STD VERIN PLUS;20;20;20;23256320;090926111504122;182639078;;;;01/31/2032 00:00:00;10;13881452;09/09/2026 11:15:04;Maximiliano;Nievas;24534148;09/09/2026 10:19:01;7636;Kevin;Arce;Maximiliano Nievas;Kevin Arce
14231007;09/09/2026 11:45:35;3;2;0001  215375-1;01;CAMION VIE 3;2094545;"SM20    ";"SANITARIOS MORENO S.R.L.                          ";AV. VICTORICA 1024;952630;"60-152         ";60-152 - LAVATORIO CR MONOCOMANDO BAJO SORIA;10;10;10;23257133;090926113419445;182645505;;;;07/27/2031 00:00:00;8;13881843;09/09/2026 11:34:19;Maximiliano;Nievas;24534865;09/09/2026 10:37:14;7636;Kevin;Arce;Maximiliano Nievas;Kevin Arce
14231007;09/09/2026 11:45:35;3;2;0001  215375-1;01;CAMION VIE 3;2094545;"SM20    ";"SANITARIOS MORENO S.R.L.                          ";AV. VICTORICA 1024;954922;"BCH19          ";"BACHA DE APOYAR BLANCA 365x235x120                                    ";1;1;1;23259520;090926114534312;182661785;;;;07/28/2031 00:00:00;1;13882128;09/09/2026 11:45:34;Maximiliano;Nievas;24537213;09/09/2026 11:07:35;6867;Javier;Lescano;Maximiliano Nievas;Javier Lescano
14231007;09/09/2026 11:45:35;3;2;0001  215375-1;01;CAMION VIE 3;2094545;"SM20    ";"SANITARIOS MORENO S.R.L.                          ";AV. VICTORICA 1024;953156;"80-201NI       ";80-201NI - DUCHA EMB C/TRANSF C.CERAM BEAT NICKEL;1;1;1;23260123;090926111025593;182639783;;;;11/10/2031 00:00:00;1;13881552;09/09/2026 11:10:25;Maximiliano;Nievas;;;;;;Maximiliano Nievas;
14231007;09/09/2026 11:45:35;3;2;0001  215375-1;01;CAMION VIE 3;2094545;"SM20    ";"SANITARIOS MORENO S.R.L.                          ";AV. VICTORICA 1024;953148;"80-199         ";80-199 - DUCHA EMB. C/TRANSF. CR C.CERAM LIVE;3;3;3;23260123;090926111025593;182640066;;;;11/04/2031 00:00:00;3;13881552;09/09/2026 11:10:25;Maximiliano;Nievas;;;;;;Maximiliano Nievas;
14231007;09/09/2026 11:45:35;3;2;0001  215375-1;01;CAMION VIE 3;2094545;"SM20    ";"SANITARIOS MORENO S.R.L.                          ";AV. VICTORICA 1024;952634;"60-162         ";60-162 - LAVATORIO CR C.CERAM LINEA ADRA;10;10;10;23260250;090926111303763;182637769;;;;07/29/2031 00:00:00;10;13881669;09/09/2026 11:13:03;Maximiliano;Nievas;;;;;;Maximiliano Nievas;
14231007;09/09/2026 11:45:35;3;2;0001  215375-1;01;CAMION VIE 3;2094545;"SM20    ";"SANITARIOS MORENO S.R.L.                          ";AV. VICTORICA 1024;952582;"60-057         ";60-057 - LAVATORIO C.STD VERIN PLUS;20;20;20;23260330;090926111412809;182665147;;;;01/31/2032 00:00:00;10;13881735;09/09/2026 11:14:12;Maximiliano;Nievas;;;;;;Maximiliano Nievas;
14231007;09/09/2026 11:45:35;3;2;0001  215375-1;01;CAMION VIE 3;2094545;"SM20    ";"SANITARIOS MORENO S.R.L.                          ";AV. VICTORICA 1024;951530;"20-146         ";20-146 - MONOCOMANDO DE COCINA CR LINEA MOVE;24;24;24;23260855;090926112249183;182668774;;;;10/09/2031 00:00:00;6;13882055;09/09/2026 11:22:49;Maximiliano;Nievas;;;;;;Maximiliano Nievas;
14231007;09/09/2026 11:45:35;3;2;0001  215375-1;01;CAMION VIE 3;2094545;"SM20    ";"SANITARIOS MORENO S.R.L.                          ";AV. VICTORICA 1024;951530;"20-146         ";20-146 - MONOCOMANDO DE COCINA CR LINEA MOVE;24;24;24;23260900;090926112343135;182669126;;;;10/09/2031 00:00:00;6;13882083;09/09/2026 11:23:43;Maximiliano;Nievas;;;;;;Maximiliano Nievas;
14231007;09/09/2026 11:45:35;3;2;0001  215375-1;01;CAMION VIE 3;2094545;"SM20    ";"SANITARIOS MORENO S.R.L.                          ";AV. VICTORICA 1024;951530;"20-146         ";20-146 - MONOCOMANDO DE COCINA CR LINEA MOVE;24;24;24;23261002;090926112532067;182669971;;;;10/09/2031 00:00:00;6;13882144;09/09/2026 11:25:32;Maximiliano;Nievas;;;;;;Maximiliano Nievas;
14231007;09/09/2026 11:45:35;3;2;0001  215375-1;01;CAMION VIE 3;2094545;"SM20    ";"SANITARIOS MORENO S.R.L.                          ";AV. VICTORICA 1024;951530;"20-146         ";20-146 - MONOCOMANDO DE COCINA CR LINEA MOVE;24;24;24;23261011;090926112548998;182647743;;;;10/09/2031 00:00:00;6;13882151;09/09/2026 11:25:49;Maximiliano;Nievas;;;;;;Maximiliano Nievas;
14231007;09/09/2026 11:45:35;3;2;0001  215375-1;01;CAMION VIE 3;2094545;"SM20    ";"SANITARIOS MORENO S.R.L.                          ";AV. VICTORICA 1024;951547;"20-174         ";20-174 - COCINA MESADA MONOC. COLORS BLACK;5;5;5;23261182;090926112942288;182644347;;;;07/28/2031 00:00:00;5;13882294;09/09/2026 11:29:42;Maximiliano;Nievas;;;;;;Maximiliano Nievas;
14231007;09/09/2026 11:45:35;3;2;0001  215375-1;01;CAMION VIE 3;2094545;"SM20    ";"SANITARIOS MORENO S.R.L.                          ";AV. VICTORICA 1024;951545;"20-172         ";20-172 - COCINA MESADA MONOC. COLORS NEGRO;5;5;5;23261336;090926113224233;182642938;;;;07/28/2031 00:00:00;5;13882376;09/09/2026 11:32:24;Maximiliano;Nievas;;;;;;Maximiliano Nievas;
14231007;09/09/2026 11:45:35;3;2;0001  215375-1;01;CAMION VIE 3;2094545;"SM20    ";"SANITARIOS MORENO S.R.L.                          ";AV. VICTORICA 1024;952630;"60-152         ";60-152 - LAVATORIO CR MONOCOMANDO BAJO SORIA;10;10;10;23261386;090926113325503;182673411;;;;07/27/2031 00:00:00;2;13882408;09/09/2026 11:33:25;Maximiliano;Nievas;;;;;;Maximiliano Nievas;
14231007;09/09/2026 11:45:35;3;2;0001  215375-1;01;CAMION VIE 3;2094545;"SM20    ";"SANITARIOS MORENO S.R.L.                          ";AV. VICTORICA 1024;952908;"70-152         ";70-152 - BIDE MONOCOMANDO CR C/TRANSFERENCIA SORIA;2;2;2;23261386;090926113325503;182645000;;;;07/28/2031 00:00:00;2;13882408;09/09/2026 11:33:25;Maximiliano;Nievas;;;;;;Maximiliano Nievas;
14231007;09/09/2026 11:45:35;3;2;0001  215375-1;01;CAMION VIE 3;2094545;"SM20    ";"SANITARIOS MORENO S.R.L.                          ";AV. VICTORICA 1024;954908;"BCH07          ";BCH07 - BACHA DE APOYAR OVALADA 400x330x150;15;15;15;23261721;090926113854883;182675802;;;;07/29/2031 00:00:00;1;13882599;09/09/2026 11:38:54;Maximiliano;Nievas;;;;;;Maximiliano Nievas;
14231007;09/09/2026 11:45:35;3;2;0001  215375-1;01;CAMION VIE 3;2094545;"SM20    ";"SANITARIOS MORENO S.R.L.                          ";AV. VICTORICA 1024;954908;"BCH07          ";BCH07 - BACHA DE APOYAR OVALADA 400x330x150;15;15;15;23261740;090926113910038;182675904;;;;07/29/2031 00:00:00;1;13882609;09/09/2026 11:39:10;Maximiliano;Nievas;;;;;;Maximiliano Nievas;
14231007;09/09/2026 11:45:35;3;2;0001  215375-1;01;CAMION VIE 3;2094545;"SM20    ";"SANITARIOS MORENO S.R.L.                          ";AV. VICTORICA 1024;954908;"BCH07          ";BCH07 - BACHA DE APOYAR OVALADA 400x330x150;15;15;15;23261760;090926113923753;182675998;;;;07/29/2031 00:00:00;1;13882618;09/09/2026 11:39:23;Maximiliano;Nievas;;;;;;Maximiliano Nievas;
14231007;09/09/2026 11:45:35;3;2;0001  215375-1;01;CAMION VIE 3;2094545;"SM20    ";"SANITARIOS MORENO S.R.L.                          ";AV. VICTORICA 1024;954908;"BCH07          ";BCH07 - BACHA DE APOYAR OVALADA 400x330x150;15;15;15;23261777;090926113935035;182676078;;;;07/29/2031 00:00:00;1;13882624;09/09/2026 11:39:35;Maximiliano;Nievas;;;;;;Maximiliano Nievas;
14231007;09/09/2026 11:45:35;3;2;0001  215375-1;01;CAMION VIE 3;2094545;"SM20    ";"SANITARIOS MORENO S.R.L.                          ";AV. VICTORICA 1024;954908;"BCH07          ";BCH07 - BACHA DE APOYAR OVALADA 400x330x150;15;15;15;23261784;090926113945785;182676147;;;;07/29/2031 00:00:00;1;13882630;09/09/2026 11:39:45;Maximiliano;Nievas;;;;;;Maximiliano Nievas;
14231007;09/09/2026 11:45:35;3;2;0001  215375-1;01;CAMION VIE 3;2094545;"SM20    ";"SANITARIOS MORENO S.R.L.                          ";AV. VICTORICA 1024;954908;"BCH07          ";BCH07 - BACHA DE APOYAR OVALADA 400x330x150;15;15;15;23261796;090926113957278;182676222;;;;07/29/2031 00:00:00;1;13882636;09/09/2026 11:39:57;Maximiliano;Nievas;;;;;;Maximiliano Nievas;
14231007;09/09/2026 11:45:35;3;2;0001  215375-1;01;CAMION VIE 3;2094545;"SM20    ";"SANITARIOS MORENO S.R.L.                          ";AV. VICTORICA 1024;954908;"BCH07          ";BCH07 - BACHA DE APOYAR OVALADA 400x330x150;15;15;15;23261804;090926114006619;182676278;;;;07/29/2031 00:00:00;1;13882644;09/09/2026 11:40:06;Maximiliano;Nievas;;;;;;Maximiliano Nievas;
14231007;09/09/2026 11:45:35;3;2;0001  215375-1;01;CAMION VIE 3;2094545;"SM20    ";"SANITARIOS MORENO S.R.L.                          ";AV. VICTORICA 1024;954908;"BCH07          ";BCH07 - BACHA DE APOYAR OVALADA 400x330x150;15;15;15;23261970;090926114308037;182677590;;;;07/29/2031 00:00:00;1;13882745;09/09/2026 11:43:08;Maximiliano;Nievas;;;;;;Maximiliano Nievas;
14231007;09/09/2026 11:45:35;3;2;0001  215375-1;01;CAMION VIE 3;2094545;"SM20    ";"SANITARIOS MORENO S.R.L.                          ";AV. VICTORICA 1024;954908;"BCH07          ";BCH07 - BACHA DE APOYAR OVALADA 400x330x150;15;15;15;23261987;090926114321972;182677720;;;;07/29/2031 00:00:00;1;13882755;09/09/2026 11:43:21;Maximiliano;Nievas;;;;;;Maximiliano Nievas;
14231007;09/09/2026 11:45:35;3;2;0001  215375-1;01;CAMION VIE 3;2094545;"SM20    ";"SANITARIOS MORENO S.R.L.                          ";AV. VICTORICA 1024;954906;"BCH05          ";BCH05 - BACHA DE APOYAR CUADRADA 370x370x130;5;5;5;23261999;090926114330788;182677779;;;;07/27/2031 00:00:00;1;13882760;09/09/2026 11:43:30;Maximiliano;Nievas;;;;;;Maximiliano Nievas;
14231007;09/09/2026 11:45:35;3;2;0001  215375-1;01;CAMION VIE 3;2094545;"SM20    ";"SANITARIOS MORENO S.R.L.                          ";AV. VICTORICA 1024;954906;"BCH05          ";BCH05 - BACHA DE APOYAR CUADRADA 370x370x130;5;5;5;23262005;090926114338667;182677836;;;;07/27/2031 00:00:00;1;13882771;09/09/2026 11:43:38;Maximiliano;Nievas;;;;;;Maximiliano Nievas;
14231007;09/09/2026 11:45:35;3;2;0001  215375-1;01;CAMION VIE 3;2094545;"SM20    ";"SANITARIOS MORENO S.R.L.                          ";AV. VICTORICA 1024;954908;"BCH07          ";BCH07 - BACHA DE APOYAR OVALADA 400x330x150;15;15;15;23262016;090926114349614;182677912;;;;07/29/2031 00:00:00;1;13882777;09/09/2026 11:43:49;Maximiliano;Nievas;;;;;;Maximiliano Nievas;
14231007;09/09/2026 11:45:35;3;2;0001  215375-1;01;CAMION VIE 3;2094545;"SM20    ";"SANITARIOS MORENO S.R.L.                          ";AV. VICTORICA 1024;954908;"BCH07          ";BCH07 - BACHA DE APOYAR OVALADA 400x330x150;15;15;15;23262026;090926114403676;182678008;;;;07/29/2031 00:00:00;1;13882785;09/09/2026 11:44:03;Maximiliano;Nievas;;;;;;Maximiliano Nievas;
14231007;09/09/2026 11:45:35;3;2;0001  215375-1;01;CAMION VIE 3;2094545;"SM20    ";"SANITARIOS MORENO S.R.L.                          ";AV. VICTORICA 1024;954908;"BCH07          ";BCH07 - BACHA DE APOYAR OVALADA 400x330x150;15;15;15;23262044;090926114417446;182678105;;;;07/29/2031 00:00:00;1;13882795;09/09/2026 11:44:17;Maximiliano;Nievas;;;;;;Maximiliano Nievas;
14231007;09/09/2026 11:45:35;3;2;0001  215375-1;01;CAMION VIE 3;2094545;"SM20    ";"SANITARIOS MORENO S.R.L.                          ";AV. VICTORICA 1024;954906;"BCH05          ";BCH05 - BACHA DE APOYAR CUADRADA 370x370x130;5;5;5;23262053;090926114430312;182678197;;;;07/27/2031 00:00:00;1;13882802;09/09/2026 11:44:30;Maximiliano;Nievas;;;;;;Maximiliano Nievas;
14231007;09/09/2026 11:45:35;3;2;0001  215375-1;01;CAMION VIE 3;2094545;"SM20    ";"SANITARIOS MORENO S.R.L.                          ";AV. VICTORICA 1024;954906;"BCH05          ";BCH05 - BACHA DE APOYAR CUADRADA 370x370x130;5;5;5;23262067;090926114440683;182678272;;;;07/27/2031 00:00:00;1;13882809;09/09/2026 11:44:40;Maximiliano;Nievas;;;;;;Maximiliano Nievas;
14231007;09/09/2026 11:45:35;3;2;0001  215375-1;01;CAMION VIE 3;2094545;"SM20    ";"SANITARIOS MORENO S.R.L.                          ";AV. VICTORICA 1024;954906;"BCH05          ";BCH05 - BACHA DE APOYAR CUADRADA 370x370x130;5;5;5;23262074;090926114450725;182662178;;;;07/27/2031 00:00:00;1;13882820;09/09/2026 11:44:50;Maximiliano;Nievas;;;;;;Maximiliano Nievas;
14231007;09/09/2026 11:45:35;3;2;0001  215375-1;01;CAMION VIE 3;2094545;"SM20    ";"SANITARIOS MORENO S.R.L.                          ";AV. VICTORICA 1024;954908;"BCH07          ";BCH07 - BACHA DE APOYAR OVALADA 400x330x150;15;15;15;23262084;090926114502381;182678422;;;;07/29/2031 00:00:00;1;13882828;09/09/2026 11:45:02;Maximiliano;Nievas;;;;;;Maximiliano Nievas;
14231007;09/09/2026 11:45:35;3;2;0001  215375-1;01;CAMION VIE 3;2094545;"SM20    ";"SANITARIOS MORENO S.R.L.                          ";AV. VICTORICA 1024;954908;"BCH07          ";BCH07 - BACHA DE APOYAR OVALADA 400x330x150;15;15;15;23262094;090926114512053;182678486;;;;07/29/2031 00:00:00;1;13882836;09/09/2026 11:45:12;Maximiliano;Nievas;;;;;;Maximiliano Nievas;
14231007;09/09/2026 11:45:35;3;2;0001  215375-1;01;CAMION VIE 3;2094545;"SM20    ";"SANITARIOS MORENO S.R.L.                          ";AV. VICTORICA 1024;954908;"BCH07          ";BCH07 - BACHA DE APOYAR OVALADA 400x330x150;15;15;15;23262107;090926114523995;182661284;;;;07/29/2031 00:00:00;1;13882847;09/09/2026 11:45:24;Maximiliano;Nievas;;;;;;Maximiliano Nievas;
14231008;09/09/2026 13:23:33;3;2;0001  215376-1;01;CAMION VIE 3;2094545;"SM20    ";"SANITARIOS MORENO S.R.L.                          ";AV. VICTORICA 1024;952713;"61-176N        ";61-176N - LAVATORIO MONOC ALTO BLACK RIO;5;5;5;23258850;090926112050819;182654432;;;;07/29/2031 00:00:00;5;13881854;09/09/2026 11:20:50;Gustavo;Soderquvist;24536597;09/09/2026 10:50:54;6867;Javier;Lescano;Gustavo Soderquvist;Javier Lescano
14231008;09/09/2026 13:23:33;3;2;0001  215376-1;01;CAMION VIE 3;2094545;"SM20    ";"SANITARIOS MORENO S.R.L.                          ";AV. VICTORICA 1024;952728;"61-205         ";61-205 - LAVATORIO MONOC ALTO STEEL;5;5;5;23258850;090926112050819;182654977;;;;07/28/2031 00:00:00;5;13881854;09/09/2026 11:20:50;Gustavo;Soderquvist;24536597;09/09/2026 10:50:54;6867;Javier;Lescano;Gustavo Soderquvist;Javier Lescano
14231008;09/09/2026 13:23:33;3;2;0001  215376-1;01;CAMION VIE 3;2094545;"SM20    ";"SANITARIOS MORENO S.R.L.                          ";AV. VICTORICA 1024;952677;"60-203         ";60-203 - LAVATORIO MONOCOMANDO BAJO ADRA;5;5;5;23259181;090926111546639;182657123;;;;02/10/2032 00:00:00;5;13881786;09/09/2026 11:15:46;Gustavo;Soderquvist;24536877;09/09/2026 10:55:43;6867;Javier;Lescano;Gustavo Soderquvist;Javier Lescano
14231008;09/09/2026 13:23:33;3;2;0001  215376-1;01;CAMION VIE 3;2094545;"SM20    ";"SANITARIOS MORENO S.R.L.                          ";AV. VICTORICA 1024;954901;"BCH01          ";BCH01 - BACHA DE APOYAR CIRCULAR 320x145;5;5;5;23260048;090926132333300;182664901;;;;07/28/2031 00:00:00;1;13885134;09/09/2026 13:23:33;Maximiliano;Nievas;24537770;09/09/2026 11:13:53;6867;Javier;Lescano;Maximiliano Nievas;Javier Lescano
14231008;09/09/2026 13:23:33;3;2;0001  215376-1;01;CAMION VIE 3;2094545;"SM20    ";"SANITARIOS MORENO S.R.L.                          ";AV. VICTORICA 1024;954915;"BCH13          ";BCH13 - BACHA DE APOYAR BLANCA RECTANGULAR 465x260x125;5;5;5;23265728;090926130256073;182704808;;;;07/27/2031 00:00:00;1;13885144;09/09/2026 13:02:56;Maximiliano;Nievas;;;;;;Maximiliano Nievas;
14231008;09/09/2026 13:23:33;3;2;0001  215376-1;01;CAMION VIE 3;2094545;"SM20    ";"SANITARIOS MORENO S.R.L.                          ";AV. VICTORICA 1024;954915;"BCH13          ";BCH13 - BACHA DE APOYAR BLANCA RECTANGULAR 465x260x125;5;5;5;23265736;090926130307060;182704851;;;;07/27/2031 00:00:00;1;13885148;09/09/2026 13:03:07;Maximiliano;Nievas;;;;;;Maximiliano Nievas;
14231008;09/09/2026 13:23:33;3;2;0001  215376-1;01;CAMION VIE 3;2094545;"SM20    ";"SANITARIOS MORENO S.R.L.                          ";AV. VICTORICA 1024;954915;"BCH13          ";BCH13 - BACHA DE APOYAR BLANCA RECTANGULAR 465x260x125;5;5;5;23265748;090926130317468;182704897;;;;07/27/2031 00:00:00;1;13885152;09/09/2026 13:03:17;Maximiliano;Nievas;;;;;;Maximiliano Nievas;
14231008;09/09/2026 13:23:33;3;2;0001  215376-1;01;CAMION VIE 3;2094545;"SM20    ";"SANITARIOS MORENO S.R.L.                          ";AV. VICTORICA 1024;954915;"BCH13          ";BCH13 - BACHA DE APOYAR BLANCA RECTANGULAR 465x260x125;5;5;5;23265760;090926130331890;182704958;;;;07/27/2031 00:00:00;1;13885155;09/09/2026 13:03:31;Maximiliano;Nievas;;;;;;Maximiliano Nievas;
14231008;09/09/2026 13:23:33;3;2;0001  215376-1;01;CAMION VIE 3;2094545;"SM20    ";"SANITARIOS MORENO S.R.L.                          ";AV. VICTORICA 1024;954915;"BCH13          ";BCH13 - BACHA DE APOYAR BLANCA RECTANGULAR 465x260x125;5;5;5;23265786;090926130352054;182663884;;;;07/27/2031 00:00:00;1;13885163;09/09/2026 13:03:52;Maximiliano;Nievas;;;;;;Maximiliano Nievas;
14231008;09/09/2026 13:23:33;3;2;0001  215376-1;01;CAMION VIE 3;2094545;"SM20    ";"SANITARIOS MORENO S.R.L.                          ";AV. VICTORICA 1024;954922;"BCH19          ";"BACHA DE APOYAR BLANCA 365x235x120                                    ";5;5;5;23265903;090926130620952;182705777;;;;07/28/2031 00:00:00;1;13885229;09/09/2026 13:06:20;Maximiliano;Nievas;;;;;;Maximiliano Nievas;
14231008;09/09/2026 13:23:33;3;2;0001  215376-1;01;CAMION VIE 3;2094545;"SM20    ";"SANITARIOS MORENO S.R.L.                          ";AV. VICTORICA 1024;954922;"BCH19          ";"BACHA DE APOYAR BLANCA 365x235x120                                    ";5;5;5;23265930;090926130629433;182705814;;;;07/28/2031 00:00:00;1;13885236;09/09/2026 13:06:29;Maximiliano;Nievas;;;;;;Maximiliano Nievas;
14231008;09/09/2026 13:23:33;3;2;0001  215376-1;01;CAMION VIE 3;2094545;"SM20    ";"SANITARIOS MORENO S.R.L.                          ";AV. VICTORICA 1024;954922;"BCH19          ";"BACHA DE APOYAR BLANCA 365x235x120                                    ";5;5;5;23265935;090926130640547;182705859;;;;07/28/2031 00:00:00;1;13885245;09/09/2026 13:06:40;Maximiliano;Nievas;;;;;;Maximiliano Nievas;
14231008;09/09/2026 13:23:33;3;2;0001  215376-1;01;CAMION VIE 3;2094545;"SM20    ";"SANITARIOS MORENO S.R.L.                          ";AV. VICTORICA 1024;954922;"BCH19          ";"BACHA DE APOYAR BLANCA 365x235x120                                    ";5;5;5;23265952;090926130650562;182705910;;;;07/28/2031 00:00:00;1;13885251;09/09/2026 13:06:50;Maximiliano;Nievas;;;;;;Maximiliano Nievas;
14231008;09/09/2026 13:23:33;3;2;0001  215376-1;01;CAMION VIE 3;2094545;"SM20    ";"SANITARIOS MORENO S.R.L.                          ";AV. VICTORICA 1024;954922;"BCH19          ";"BACHA DE APOYAR BLANCA 365x235x120                                    ";5;5;5;23265956;090926130700385;182663543;;;;07/28/2031 00:00:00;1;13885256;09/09/2026 13:07:00;Maximiliano;Nievas;;;;;;Maximiliano Nievas;
14231008;09/09/2026 13:23:33;3;2;0001  215376-1;01;CAMION VIE 3;2094545;"SM20    ";"SANITARIOS MORENO S.R.L.                          ";AV. VICTORICA 1024;954901;"BCH01          ";BCH01 - BACHA DE APOYAR CIRCULAR 320x145;5;5;5;23266601;090926132246236;182711021;;;;07/28/2031 00:00:00;1;13885639;09/09/2026 13:22:46;Maximiliano;Nievas;;;;;;Maximiliano Nievas;
14231008;09/09/2026 13:23:33;3;2;0001  215376-1;01;CAMION VIE 3;2094545;"SM20    ";"SANITARIOS MORENO S.R.L.                          ";AV. VICTORICA 1024;954901;"BCH01          ";BCH01 - BACHA DE APOYAR CIRCULAR 320x145;5;5;5;23266613;090926132302057;182711103;;;;07/28/2031 00:00:00;1;13885648;09/09/2026 13:23:02;Maximiliano;Nievas;;;;;;Maximiliano Nievas;
14231008;09/09/2026 13:23:33;3;2;0001  215376-1;01;CAMION VIE 3;2094545;"SM20    ";"SANITARIOS MORENO S.R.L.                          ";AV. VICTORICA 1024;954901;"BCH01          ";BCH01 - BACHA DE APOYAR CIRCULAR 320x145;5;5;5;23266622;090926132313717;182711167;;;;07/28/2031 00:00:00;1;13885655;09/09/2026 13:23:13;Maximiliano;Nievas;;;;;;Maximiliano Nievas;
14231008;09/09/2026 13:23:33;3;2;0001  215376-1;01;CAMION VIE 3;2094545;"SM20    ";"SANITARIOS MORENO S.R.L.                          ";AV. VICTORICA 1024;954901;"BCH01          ";BCH01 - BACHA DE APOYAR CIRCULAR 320x145;5;5;5;23266630;090926132323344;182711223;;;;07/28/2031 00:00:00;1;13885662;09/09/2026 13:23:23;Maximiliano;Nievas;;;;;;Maximiliano Nievas;
14231015;09/09/2026 10:50:58;3;2;0001  215098-1;04;CAMIONETA VIE 2;2094454;"SG13    ";"SANITARIOS GAONA S.A.                             ";AV. EVA PERON 2656;953159;"80-203P        ";80-203P - DUCHA EMB C/TRANSF. MONOCOMANDO ADRA PLUS;7;7;7;23254332;090926105058030;182624620;;;;07/27/2031 00:00:00;7;13880911;09/09/2026 10:50:58;Gustavo;Soderquvist;24532415;09/09/2026 09:38:08;7636;Kevin;Arce;Gustavo Soderquvist;Kevin Arce
14231015;09/09/2026 10:50:58;3;2;0001  215098-1;04;CAMIONETA VIE 2;2094454;"SG13    ";"SANITARIOS GAONA S.A.                             ";AV. EVA PERON 2656;952954;"70-203         ";70-203 - BIDE MONOCOMANDO ADRA;7;7;7;23254332;090926105058030;182624210;;;;07/29/2031 00:00:00;7;13880911;09/09/2026 10:50:58;Gustavo;Soderquvist;24532415;09/09/2026 09:38:08;7636;Kevin;Arce;Gustavo Soderquvist;Kevin Arce
14231015;09/09/2026 10:50:58;3;2;0001  215098-1;04;CAMIONETA VIE 2;2094454;"SG13    ";"SANITARIOS GAONA S.A.                             ";AV. EVA PERON 2656;952677;"60-203         ";60-203 - LAVATORIO MONOCOMANDO BAJO ADRA;7;7;7;23255531;090926105010873;182633112;;;;02/10/2032 00:00:00;7;13880889;09/09/2026 10:50:10;Gustavo;Soderquvist;24533485;09/09/2026 09:58:41;7807;Nicolas;Perez;Gustavo Soderquvist;Nicolas Perez
14231016;09/09/2026 11:40:59;3;2;0001  215101-1;04;CAMIONETA VIE 2;2090966;"AA05    ";SANITARIOS ALVAREZ SOC. LEY 19550 CAP. I SECCION I;AV EVA PERON 3582;952597;"60-100N        ";60-100N - LAVATORIO BLACK C.CERAM FABRIC;2;2;2;23252118;090926114058643;182613259;;;;12/01/2031 00:00:00;2;13882350;09/09/2026 11:40:58;Tiago;Rodriguez;24530449;09/09/2026 09:09:50;6922;Franco;Potenza;Tiago Rodriguez;Franco Potenza
14231016;09/09/2026 11:40:59;3;2;0001  215101-1;04;CAMIONETA VIE 2;2090966;"AA05    ";SANITARIOS ALVAREZ SOC. LEY 19550 CAP. I SECCION I;AV EVA PERON 3582;952618;"60-133         ";60-133 - LAVATORIO MONOCOMANDO LUGO;30;30;30;23252703;090926111916523;182617642;;;;07/29/2031 00:00:00;6;13881687;09/09/2026 11:19:16;Tiago;Rodriguez;24531014;09/09/2026 09:22:10;7636;Kevin;Arce;Tiago Rodriguez;Kevin Arce
14231016;09/09/2026 11:40:59;3;2;0001  215101-1;04;CAMIONETA VIE 2;2090966;"AA05    ";SANITARIOS ALVAREZ SOC. LEY 19550 CAP. I SECCION I;AV EVA PERON 3582;951112;"12003          ";"SET DE 3 PIEZAS LINEA 12000                                           ";10;10;10;23254734;090926111303427;182626488;;;;08/12/2031 00:00:00;10;13881662;09/09/2026 11:13:03;Tiago;Rodriguez;24532714;09/09/2026 09:41:31;6867;Javier;Lescano;Tiago Rodriguez;Javier Lescano
14231016;09/09/2026 11:40:59;3;2;0001  215101-1;04;CAMIONETA VIE 2;2090966;"AA05    ";SANITARIOS ALVAREZ SOC. LEY 19550 CAP. I SECCION I;AV EVA PERON 3582;951307;"17050N         ";17050N - JABONERA  LINEA FABRIC BLACK;1;1;1;23260308;090926111354926;182618975;;;;07/30/2031 00:00:00;1;13881715;09/09/2026 11:13:54;Tiago;Rodriguez;;;;;;Tiago Rodriguez;
14231016;09/09/2026 11:40:59;3;2;0001  215101-1;04;CAMIONETA VIE 2;2090966;"AA05    ";SANITARIOS ALVAREZ SOC. LEY 19550 CAP. I SECCION I;AV EVA PERON 3582;951304;"17040N         ";17040N - PORTA ROLLO LINEA FABRIC BLACK;2;2;2;23260308;090926111354926;182618758;;;;07/29/2031 00:00:00;2;13881715;09/09/2026 11:13:54;Tiago;Rodriguez;;;;;;Tiago Rodriguez;
14231016;09/09/2026 11:40:59;3;2;0001  215101-1;04;CAMIONETA VIE 2;2090966;"AA05    ";SANITARIOS ALVAREZ SOC. LEY 19550 CAP. I SECCION I;AV EVA PERON 3582;952714;"61-180         ";61-180 - LAVATORIO MONOCOMANDO ALTO VERA;6;6;6;23260308;090926111354926;182665001;;;;07/28/2031 00:00:00;3;13881715;09/09/2026 11:13:54;Tiago;Rodriguez;;;;;;Tiago Rodriguez;
14231016;09/09/2026 11:40:59;3;2;0001  215101-1;04;CAMIONETA VIE 2;2090966;"AA05    ";SANITARIOS ALVAREZ SOC. LEY 19550 CAP. I SECCION I;AV EVA PERON 3582;952714;"61-180         ";61-180 - LAVATORIO MONOCOMANDO ALTO VERA;6;6;6;23260328;090926111412228;182615240;;;;07/28/2031 00:00:00;3;13881731;09/09/2026 11:14:12;Tiago;Rodriguez;;;;;;Tiago Rodriguez;
14231016;09/09/2026 11:40:59;3;2;0001  215101-1;04;CAMIONETA VIE 2;2090966;"AA05    ";SANITARIOS ALVAREZ SOC. LEY 19550 CAP. I SECCION I;AV EVA PERON 3582;951301;"17030N         ";17030N - PERCHA LINEA FABRIC BLACK;2;2;2;23260407;090926111531203;182618561;;;;07/28/2031 00:00:00;2;13881784;09/09/2026 11:15:31;Tiago;Rodriguez;;;;;;Tiago Rodriguez;
14231016;09/09/2026 11:40:59;3;2;0001  215101-1;04;CAMIONETA VIE 2;2090966;"AA05    ";SANITARIOS ALVAREZ SOC. LEY 19550 CAP. I SECCION I;AV EVA PERON 3582;951298;"17020N         ";17020N - TOALLERO DE ARO LINEA FABRIC BLACK;1;1;1;23260407;090926111531203;182618902;;;;07/29/2031 00:00:00;1;13881784;09/09/2026 11:15:31;Tiago;Rodriguez;;;;;;Tiago Rodriguez;
14231016;09/09/2026 11:40:59;3;2;0001  215101-1;04;CAMIONETA VIE 2;2090966;"AA05    ";SANITARIOS ALVAREZ SOC. LEY 19550 CAP. I SECCION I;AV EVA PERON 3582;953158;"80-203N        ";"DUCHA EMB C/TRANSF. MONOCOMANDO ADRA BLACK PLUS                       ";2;2;2;23260407;090926111531203;182613972;;;;07/28/2031 00:00:00;2;13881784;09/09/2026 11:15:31;Tiago;Rodriguez;;;;;;Tiago Rodriguez;
14231016;09/09/2026 11:40:59;3;2;0001  215101-1;04;CAMIONETA VIE 2;2090966;"AA05    ";SANITARIOS ALVAREZ SOC. LEY 19550 CAP. I SECCION I;AV EVA PERON 3582;951512;"20-122         ";"MONOCOMANDO COCINA CR C/PICO EXTRAIBLE VALENCIA                       ";6;6;6;23260441;090926111608326;182614376;;;;08/06/2031 00:00:00;6;13881801;09/09/2026 11:16:08;Tiago;Rodriguez;;;;;;Tiago Rodriguez;
14231016;09/09/2026 11:40:59;3;2;0001  215101-1;04;CAMIONETA VIE 2;2090966;"AA05    ";SANITARIOS ALVAREZ SOC. LEY 19550 CAP. I SECCION I;AV EVA PERON 3582;951528;"20-140         ";20-140 - MONOCOMANDO DE COCINA LINEA CUINA;5;5;5;23260472;090926111630350;182613649;;;;10/07/2031 00:00:00;5;13881807;09/09/2026 11:16:30;Tiago;Rodriguez;;;;;;Tiago Rodriguez;
14231016;09/09/2026 11:40:59;3;2;0001  215101-1;04;CAMIONETA VIE 2;2090966;"AA05    ";SANITARIOS ALVAREZ SOC. LEY 19550 CAP. I SECCION I;AV EVA PERON 3582;951535;"20-160         ";20-160 - MONOCOMANDO MESADA COCINA DIQUE;24;24;24;23260481;090926111647326;182666234;;;;07/28/2031 00:00:00;8;13881823;09/09/2026 11:16:47;Tiago;Rodriguez;;;;;;Tiago Rodriguez;
14231016;09/09/2026 11:40:59;3;2;0001  215101-1;04;CAMIONETA VIE 2;2090966;"AA05    ";SANITARIOS ALVAREZ SOC. LEY 19550 CAP. I SECCION I;AV EVA PERON 3582;951535;"20-160         ";20-160 - MONOCOMANDO MESADA COCINA DIQUE;24;24;24;23260519;090926111726279;182666491;;;;07/28/2031 00:00:00;8;13881847;09/09/2026 11:17:26;Tiago;Rodriguez;;;;;;Tiago Rodriguez;
14231016;09/09/2026 11:40:59;3;2;0001  215101-1;04;CAMIONETA VIE 2;2090966;"AA05    ";SANITARIOS ALVAREZ SOC. LEY 19550 CAP. I SECCION I;AV EVA PERON 3582;951535;"20-160         ";20-160 - MONOCOMANDO MESADA COCINA DIQUE;24;24;24;23260538;090926111740628;182618046;;;;07/28/2031 00:00:00;8;13881853;09/09/2026 11:17:40;Tiago;Rodriguez;;;;;;Tiago Rodriguez;
14231016;09/09/2026 11:40:59;3;2;0001  215101-1;04;CAMIONETA VIE 2;2090966;"AA05    ";SANITARIOS ALVAREZ SOC. LEY 19550 CAP. I SECCION I;AV EVA PERON 3582;952618;"60-133         ";60-133 - LAVATORIO MONOCOMANDO LUGO;30;30;30;23260550;090926111759701;182666709;;;;07/29/2031 00:00:00;6;13881869;09/09/2026 11:17:59;Tiago;Rodriguez;;;;;;Tiago Rodriguez;
14231016;09/09/2026 11:40:59;3;2;0001  215101-1;04;CAMIONETA VIE 2;2090966;"AA05    ";SANITARIOS ALVAREZ SOC. LEY 19550 CAP. I SECCION I;AV EVA PERON 3582;952618;"60-133         ";60-133 - LAVATORIO MONOCOMANDO LUGO;30;30;30;23260575;090926111819220;182666834;;;;07/29/2031 00:00:00;6;13881885;09/09/2026 11:18:19;Tiago;Rodriguez;;;;;;Tiago Rodriguez;
14231016;09/09/2026 11:40:59;3;2;0001  215101-1;04;CAMIONETA VIE 2;2090966;"AA05    ";SANITARIOS ALVAREZ SOC. LEY 19550 CAP. I SECCION I;AV EVA PERON 3582;952618;"60-133         ";60-133 - LAVATORIO MONOCOMANDO LUGO;30;30;30;23260588;090926111832419;182666937;;;;07/29/2031 00:00:00;6;13881895;09/09/2026 11:18:32;Tiago;Rodriguez;;;;;;Tiago Rodriguez;
14231016;09/09/2026 11:40:59;3;2;0001  215101-1;04;CAMIONETA VIE 2;2090966;"AA05    ";SANITARIOS ALVAREZ SOC. LEY 19550 CAP. I SECCION I;AV EVA PERON 3582;952618;"60-133         ";60-133 - LAVATORIO MONOCOMANDO LUGO;30;30;30;23260598;090926111852480;182667065;;;;07/29/2031 00:00:00;6;13881907;09/09/2026 11:18:52;Tiago;Rodriguez;;;;;;Tiago Rodriguez;
14231016;09/09/2026 11:40:59;3;2;0001  215101-1;04;CAMIONETA VIE 2;2090966;"AA05    ";SANITARIOS ALVAREZ SOC. LEY 19550 CAP. I SECCION I;AV EVA PERON 3582;952860;"70-057         ";70-057 - BIDE C.STD VERIN PLUS;20;20;20;23261298;090926113140261;182672628;;;;01/27/2032 00:00:00;10;13882352;09/09/2026 11:31:40;Tiago;Rodriguez;;;;;;Tiago Rodriguez;
14231016;09/09/2026 11:40:59;3;2;0001  215101-1;04;CAMIONETA VIE 2;2090966;"AA05    ";SANITARIOS ALVAREZ SOC. LEY 19550 CAP. I SECCION I;AV EVA PERON 3582;952860;"70-057         ";70-057 - BIDE C.STD VERIN PLUS;20;20;20;23261335;090926113222616;182609735;;;;01/27/2032 00:00:00;10;13882373;09/09/2026 11:32:22;Tiago;Rodriguez;;;;;;Tiago Rodriguez;
14231016;09/09/2026 11:40:59;3;2;0001  215101-1;04;CAMIONETA VIE 2;2090966;"AA05    ";SANITARIOS ALVAREZ SOC. LEY 19550 CAP. I SECCION I;AV EVA PERON 3582;952862;"70-058         ";70-058 - BIDE CR C.STD MALBA;15;15;15;23261366;090926113301350;182673254;;;;10/20/2031 00:00:00;10;13882397;09/09/2026 11:33:01;Tiago;Rodriguez;;;;;;Tiago Rodriguez;
14231016;09/09/2026 11:40:59;3;2;0001  215101-1;04;CAMIONETA VIE 2;2090966;"AA05    ";SANITARIOS ALVAREZ SOC. LEY 19550 CAP. I SECCION I;AV EVA PERON 3582;953107;"80-162         ";80-162 - DUCHA EMB. C/TRANSF. CR C.CERAM ADRA;10;10;10;23261414;090926113355690;182610928;;;;07/29/2031 00:00:00;10;13882425;09/09/2026 11:33:55;Tiago;Rodriguez;;;;;;Tiago Rodriguez;
14231016;09/09/2026 11:40:59;3;2;0001  215101-1;04;CAMIONETA VIE 2;2090966;"AA05    ";SANITARIOS ALVAREZ SOC. LEY 19550 CAP. I SECCION I;AV EVA PERON 3582;952888;"70-122         ";70-122 - BIDE C.CERAM CR VALENCIA;10;10;10;23261435;090926113432271;182614643;;;;10/26/2031 00:00:00;10;13882446;09/09/2026 11:34:32;Tiago;Rodriguez;;;;;;Tiago Rodriguez;
14231016;09/09/2026 11:40:59;3;2;0001  215101-1;04;CAMIONETA VIE 2;2090966;"AA05    ";SANITARIOS ALVAREZ SOC. LEY 19550 CAP. I SECCION I;AV EVA PERON 3582;952758;"62-162         ";62-162 - LAVATORIO DE PARED CR C.CERAM ADRA;3;3;3;23261497;090926113528196;182612152;;;;07/31/2031 00:00:00;3;13882476;09/09/2026 11:35:28;Tiago;Rodriguez;;;;;;Tiago Rodriguez;
14231016;09/09/2026 11:40:59;3;2;0001  215101-1;04;CAMIONETA VIE 2;2090966;"AA05    ";SANITARIOS ALVAREZ SOC. LEY 19550 CAP. I SECCION I;AV EVA PERON 3582;952862;"70-058         ";70-058 - BIDE CR C.STD MALBA;15;15;15;23261497;090926113528196;182611866;;;;10/20/2031 00:00:00;5;13882476;09/09/2026 11:35:28;Tiago;Rodriguez;;;;;;Tiago Rodriguez;
14231016;09/09/2026 11:40:59;3;2;0001  215101-1;04;CAMIONETA VIE 2;2090966;"AA05    ";SANITARIOS ALVAREZ SOC. LEY 19550 CAP. I SECCION I;AV EVA PERON 3582;952875;"70-100N        ";70-100N - BIDE BLACK C.CERAM FABRIC;2;2;2;23261497;090926113528196;182613375;;;;07/29/2031 00:00:00;2;13882476;09/09/2026 11:35:28;Tiago;Rodriguez;;;;;;Tiago Rodriguez;
14231016;09/09/2026 11:40:59;3;2;0001  215101-1;04;CAMIONETA VIE 2;2090966;"AA05    ";SANITARIOS ALVAREZ SOC. LEY 19550 CAP. I SECCION I;AV EVA PERON 3582;952635;"60-162N        ";60-162N - LAVATORIO BLACK C.CERAM LINEA ADRA;4;4;4;23261556;090926113630188;182614880;;;;11/03/2031 00:00:00;4;13882514;09/09/2026 11:36:30;Tiago;Rodriguez;;;;;;Tiago Rodriguez;
14231016;09/09/2026 11:40:59;3;2;0001  215101-1;04;CAMIONETA VIE 2;2090966;"AA05    ";SANITARIOS ALVAREZ SOC. LEY 19550 CAP. I SECCION I;AV EVA PERON 3582;952873;"70-100C        ";70-100C - BIDE CR C.CERAM FABRIC;2;2;2;23261556;090926113630188;182613877;;;;07/31/2031 00:00:00;2;13882514;09/09/2026 11:36:30;Tiago;Rodriguez;;;;;;Tiago Rodriguez;
14231016;09/09/2026 11:40:59;3;2;0001  215101-1;04;CAMIONETA VIE 2;2090966;"AA05    ";SANITARIOS ALVAREZ SOC. LEY 19550 CAP. I SECCION I;AV EVA PERON 3582;953070;"80-100C        ";80-100C - DUCHA EMB. C/TRANSF. CR C.CERAM FABRIC;2;2;2;23261578;090926113649445;182613657;;;;07/30/2031 00:00:00;2;13882525;09/09/2026 11:36:49;Tiago;Rodriguez;;;;;;Tiago Rodriguez;
14231016;09/09/2026 11:40:59;3;2;0001  215101-1;04;CAMIONETA VIE 2;2090966;"AA05    ";SANITARIOS ALVAREZ SOC. LEY 19550 CAP. I SECCION I;AV EVA PERON 3582;953072;"80-100N        ";80-100N - DUCHA EMB. C/TRANSF. BLACK C.CERAM FABRIC;2;2;2;23261578;090926113649445;182674825;;;;10/29/2031 00:00:00;1;13882525;09/09/2026 11:36:49;Tiago;Rodriguez;;;;;;Tiago Rodriguez;
14231016;09/09/2026 11:40:59;3;2;0001  215101-1;04;CAMIONETA VIE 2;2090966;"AA05    ";SANITARIOS ALVAREZ SOC. LEY 19550 CAP. I SECCION I;AV EVA PERON 3582;952453;"51-131         ";51-131 - MESADA BIMANDO CR C.CERAM MALLORCA;4;4;4;23261598;090926113708391;182674937;;;;01/12/2032 00:00:00;2;13882532;09/09/2026 11:37:08;Tiago;Rodriguez;;;;;;Tiago Rodriguez;
14231016;09/09/2026 11:40:59;3;2;0001  215101-1;04;CAMIONETA VIE 2;2090966;"AA05    ";SANITARIOS ALVAREZ SOC. LEY 19550 CAP. I SECCION I;AV EVA PERON 3582;953072;"80-100N        ";80-100N - DUCHA EMB. C/TRANSF. BLACK C.CERAM FABRIC;2;2;2;23261598;090926113708391;182613115;;;;10/29/2031 00:00:00;1;13882532;09/09/2026 11:37:08;Tiago;Rodriguez;;;;;;Tiago Rodriguez;
14231016;09/09/2026 11:40:59;3;2;0001  215101-1;04;CAMIONETA VIE 2;2090966;"AA05    ";SANITARIOS ALVAREZ SOC. LEY 19550 CAP. I SECCION I;AV EVA PERON 3582;952453;"51-131         ";51-131 - MESADA BIMANDO CR C.CERAM MALLORCA;4;4;4;23261813;090926114021678;182612960;;;;01/12/2032 00:00:00;2;13882653;09/09/2026 11:40:21;Tiago;Rodriguez;;;;;;Tiago Rodriguez;
14231016;09/09/2026 11:40:59;3;2;0001  215101-1;04;CAMIONETA VIE 2;2090966;"AA05    ";SANITARIOS ALVAREZ SOC. LEY 19550 CAP. I SECCION I;AV EVA PERON 3582;952633;"60-161         ";60-161 - LAVATORIO CR C.CERAM LAGO;2;2;2;23261843;090926114042736;182612391;;;;07/28/2031 00:00:00;2;13882663;09/09/2026 11:40:42;Tiago;Rodriguez;;;;;;Tiago Rodriguez;
14231016;09/09/2026 11:40:59;3;2;0001  215101-1;04;CAMIONETA VIE 2;2090966;"AA05    ";SANITARIOS ALVAREZ SOC. LEY 19550 CAP. I SECCION I;AV EVA PERON 3582;952631;"60-153         ";60-153 - LAVATORIO CR C.CERAMICO CASTILLA;2;2;2;23261843;090926114042736;182614095;;;;11/23/2031 00:00:00;2;13882663;09/09/2026 11:40:42;Tiago;Rodriguez;;;;;;Tiago Rodriguez;
14231017;09/09/2026 11:52:22;3;2;0001  215102-1;04;CAMIONETA VIE 2;2092381;"FA14    ";"FRAU ARIEL- EL SALVADOR DE                        ";CONSTITUCION 1598;951748;"3006           ";3006 - SET DE 6 PIEZAS LINEA 3000;10;10;10;23251247;090926115222061;182602823;;;;07/29/2031 00:00:00;10;13883110;09/09/2026 11:52:22;Tiago;Rodriguez;24529647;09/09/2026 08:45:31;6922;Franco;Potenza;Tiago Rodriguez;Franco Potenza
14231018;09/09/2026 10:53:55;3;2;0008    2894-1;04;CAMIONETA VIE 2;2090966;"AA05    ";SANITARIOS ALVAREZ SOC. LEY 19550 CAP. I SECCION I;AV EVA PERON 3582;952705;"61-130         ";61-130 - LAVATORIO MONOCOMANDO ALTO BILBAO;10;10;10;23254957;090926105354643;182629161;;;;07/28/2031 00:00:00;10;13880907;09/09/2026 10:53:54;Maximiliano;Nievas;24532934;09/09/2026 09:49:36;7636;Kevin;Arce;Maximiliano Nievas;Kevin Arce
14231019;09/09/2026 11:04:43;3;2;0001  215232-1;04;CAMIONETA VIE 2;2094642;"SS21    ";"SNEUBER SANITARIOS S.A.                           ";AV. RIVADAVIA 17202;952912;"70-162         ";70-162 - BIDE CR C.CERAM LINEA ADRA;1;1;1;23255555;090926110442910;182632576;;;;07/29/2031 00:00:00;1;13881341;09/09/2026 11:04:42;Tiago;Rodriguez;24533508;09/09/2026 09:57:22;6867;Javier;Lescano;Tiago Rodriguez;Javier Lescano
14231019;09/09/2026 11:04:43;3;2;0001  215232-1;04;CAMIONETA VIE 2;2094642;"SS21    ";"SNEUBER SANITARIOS S.A.                           ";AV. RIVADAVIA 17202;952634;"60-162         ";60-162 - LAVATORIO CR C.CERAM LINEA ADRA;3;3;3;23255555;090926110442910;182632221;;;;07/29/2031 00:00:00;3;13881341;09/09/2026 11:04:42;Tiago;Rodriguez;24533508;09/09/2026 09:57:22;6867;Javier;Lescano;Tiago Rodriguez;Javier Lescano
14231020;09/09/2026 11:05:08;3;2;0001  215233-1;04;CAMIONETA VIE 2;2094642;"SS21    ";"SNEUBER SANITARIOS S.A.                           ";AV. RIVADAVIA 17202;951524;"20-135         ";20-135 - MONOCOMANDO COCINA SANTANDER;2;2;2;23251819;090926110507482;182608579;;;;07/28/2031 00:00:00;2;13881354;09/09/2026 11:05:07;Tiago;Rodriguez;24530155;09/09/2026 08:52:25;6867;Javier;Lescano;Tiago Rodriguez;Javier Lescano
14231021;09/09/2026 10:52:05;3;2;0001  215258-1;04;CAMIONETA VIE 2;2094738;"TC11    ";"TRIPOLI CARLOS L.                                 ";ALVAREZ PRADO E/MENDEZ Y STORN;952614;"60-130         ";60-130 - LAVATORIO MONOCOMANDO BAJO BILBAO;5;5;5;23251248;090926105203065;182605431;;;;07/28/2031 00:00:00;5;13880960;09/09/2026 10:52:03;Tiago;Rodriguez;24529647;09/09/2026 08:45:31;6922;Franco;Potenza;Tiago Rodriguez;Franco Potenza
14231022;09/09/2026 10:51:29;3;2;0001  215259-1;04;CAMIONETA VIE 2;2094738;"TC11    ";"TRIPOLI CARLOS L.                                 ";ALVAREZ PRADO E/MENDEZ Y STORN;951611;"21-160         ";"MONOCOMANDO DUO COCINA CROMO DIQUE                                    ";6;6;6;23251249;090926105128454;182606112;;;;12/14/2031 00:00:00;6;13880901;09/09/2026 10:51:28;Tiago;Rodriguez;24529647;09/09/2026 08:45:31;6922;Franco;Potenza;Tiago Rodriguez;Franco Potenza
14231022;09/09/2026 10:51:29;3;2;0001  215259-1;04;CAMIONETA VIE 2;2094738;"TC11    ";"TRIPOLI CARLOS L.                                 ";ALVAREZ PRADO E/MENDEZ Y STORN;951112;"12003          ";"SET DE 3 PIEZAS LINEA 12000                                           ";2;2;2;23254782;090926104937619;182626875;;;;08/12/2031 00:00:00;2;13880868;09/09/2026 10:49:37;Tiago;Rodriguez;24532756;09/09/2026 09:43:54;7636;Kevin;Arce;Tiago Rodriguez;Kevin Arce
14231022;09/09/2026 10:51:29;3;2;0001  215259-1;04;CAMIONETA VIE 2;2094738;"TC11    ";"TRIPOLI CARLOS L.                                 ";ALVAREZ PRADO E/MENDEZ Y STORN;951523;"20-134         ";20-134 - MONOCOMANDO COCINA BETIS;6;6;6;23259035;090926105050848;182601246;;;;08/11/2031 00:00:00;6;13880928;09/09/2026 10:50:50;Tiago;Rodriguez;;;;;;Tiago Rodriguez;
14231022;09/09/2026 10:51:29;3;2;0001  215259-1;04;CAMIONETA VIE 2;2094738;"TC11    ";"TRIPOLI CARLOS L.                                 ";ALVAREZ PRADO E/MENDEZ Y STORN;952925;"70-176         ";70-176 - BIDE MONOC C/TRANSF CR RIO;2;2;2;23259058;090926105111916;182603075;;;;11/17/2031 00:00:00;2;13880940;09/09/2026 10:51:11;Tiago;Rodriguez;;;;;;Tiago Rodriguez;
14231023;09/09/2026 11:01:19;3;2;0008    2905-1;04;CAMIONETA VIE 2;2094738;"TC11    ";"TRIPOLI CARLOS L.                                 ";ALVAREZ PRADO E/MENDEZ Y STORN;953474;"933            ";933 - JGO PARED C/EXT CR DIQUE;1;1;1;23252975;090926110119268;182616924;;;;01/07/2032 00:00:00;1;13881045;09/09/2026 11:01:19;Tiago;Rodriguez;24531242;09/09/2026 09:22:17;7807;Nicolas;Perez;Tiago Rodriguez;Nicolas Perez
14231023;09/09/2026 11:01:19;3;2;0008    2905-1;04;CAMIONETA VIE 2;2094738;"TC11    ";"TRIPOLI CARLOS L.                                 ";ALVAREZ PRADO E/MENDEZ Y STORN;953432;"910/M          ";"910/M - JGO.MDA.P.CANO CROMO ""DIQUE""";4;4;4;23252975;090926110119268;182616551;;;;12/21/2031 00:00:00;4;13881045;09/09/2026 11:01:19;Tiago;Rodriguez;24531242;09/09/2026 09:22:17;7807;Nicolas;Perez;Tiago Rodriguez;Nicolas Perez
14231023;09/09/2026 11:01:19;3;2;0008    2905-1;04;CAMIONETA VIE 2;2094738;"TC11    ";"TRIPOLI CARLOS L.                                 ";ALVAREZ PRADO E/MENDEZ Y STORN;953091;"80-138         ";80-138 - DUCHA EMB. C/TRANSF. CR C.CERAM VALENCIA PLUS;1;1;1;23252975;090926110119268;182616198;;;;01/14/2032 00:00:00;1;13881045;09/09/2026 11:01:19;Tiago;Rodriguez;24531242;09/09/2026 09:22:17;7807;Nicolas;Perez;Tiago Rodriguez;Nicolas Perez
14231023;09/09/2026 11:01:19;3;2;0008    2905-1;04;CAMIONETA VIE 2;2094738;"TC11    ";"TRIPOLI CARLOS L.                                 ";ALVAREZ PRADO E/MENDEZ Y STORN;957447;"RA1030         ";RA1030 - PICO ROCIADOR P/ MONOC COCINA CUINA;3;3;3;23254813;090926105242745;182627025;;;;02/21/2032 00:00:00;3;13880984;09/09/2026 10:52:42;Tiago;Rodriguez;24532787;09/09/2026 09:47:00;6867;Javier;Lescano;Tiago Rodriguez;Javier Lescano
14231023;09/09/2026 11:01:19;3;2;0008    2905-1;04;CAMIONETA VIE 2;2094738;"TC11    ";"TRIPOLI CARLOS L.                                 ";ALVAREZ PRADO E/MENDEZ Y STORN;952582;"60-057         ";60-057 - LAVATORIO C.STD VERIN PLUS;2;2;2;23259346;090926105610495;182615491;;;;01/31/2032 00:00:00;2;13881085;09/09/2026 10:56:10;Tiago;Rodriguez;;;;;;Tiago Rodriguez;
14231023;09/09/2026 11:01:19;3;2;0008    2905-1;04;CAMIONETA VIE 2;2094738;"TC11    ";"TRIPOLI CARLOS L.                                 ";ALVAREZ PRADO E/MENDEZ Y STORN;952860;"70-057         ";70-057 - BIDE C.STD VERIN PLUS;2;2;2;23259346;090926105610495;182615223;;;;01/27/2032 00:00:00;2;13881085;09/09/2026 10:56:10;Tiago;Rodriguez;;;;;;Tiago Rodriguez;
14231023;09/09/2026 11:01:19;3;2;0008    2905-1;04;CAMIONETA VIE 2;2094738;"TC11    ";"TRIPOLI CARLOS L.                                 ";ALVAREZ PRADO E/MENDEZ Y STORN;952426;"51-010         ";51-010 - COCINA MESADA BL/CR LORCA;4;4;4;23259346;090926105610495;182615934;;;;01/14/2032 00:00:00;4;13881085;09/09/2026 10:56:10;Tiago;Rodriguez;;;;;;Tiago Rodriguez;
14231023;09/09/2026 11:01:19;3;2;0008    2905-1;04;CAMIONETA VIE 2;2094738;"TC11    ";"TRIPOLI CARLOS L.                                 ";ALVAREZ PRADO E/MENDEZ Y STORN;952509;"55-010         ";55-010 - COCINA PARED EMB. P.ALTO BL/CR LORCA;2;2;2;23259346;090926105610495;182615639;;;;01/10/2032 00:00:00;2;13881085;09/09/2026 10:56:10;Tiago;Rodriguez;;;;;;Tiago Rodriguez;
14231023;09/09/2026 11:01:19;3;2;0008    2905-1;04;CAMIONETA VIE 2;2094738;"TC11    ";"TRIPOLI CARLOS L.                                 ";ALVAREZ PRADO E/MENDEZ Y STORN;956498;"LG04C80        ";LG04C80 - DUCHA EMB. C/TRANSF. CR C.CERAM DAVOS;3;3;3;23259431;090926105726706;182618905;;;;07/29/2031 00:00:00;3;13881126;09/09/2026 10:57:26;Tiago;Rodriguez;;;;;;Tiago Rodriguez;
14231023;09/09/2026 11:01:19;3;2;0008    2905-1;04;CAMIONETA VIE 2;2094738;"TC11    ";"TRIPOLI CARLOS L.                                 ";ALVAREZ PRADO E/MENDEZ Y STORN;956496;"LG04C60        ";LG04C60 - LAVATORIO CR C.CERAM DAVOS;5;5;5;23259431;090926105726706;182618725;;;;07/29/2031 00:00:00;5;13881126;09/09/2026 10:57:26;Tiago;Rodriguez;;;;;;Tiago Rodriguez;
14231023;09/09/2026 11:01:19;3;2;0008    2905-1;04;CAMIONETA VIE 2;2094738;"TC11    ";"TRIPOLI CARLOS L.                                 ";ALVAREZ PRADO E/MENDEZ Y STORN;956490;"LG03C60        ";LG03C60 - LAVATORIO CR C.STD BERNA;2;2;2;23259431;090926105726706;182619347;;;;11/19/2031 00:00:00;2;13881126;09/09/2026 10:57:26;Tiago;Rodriguez;;;;;;Tiago Rodriguez;
14231023;09/09/2026 11:01:19;3;2;0008    2905-1;04;CAMIONETA VIE 2;2094738;"TC11    ";"TRIPOLI CARLOS L.                                 ";ALVAREZ PRADO E/MENDEZ Y STORN;952438;"51-058         ";51-058 - COCINA MESADA CR C.STD MALBA;3;3;3;23259488;090926105851911;182614972;;;;10/19/2031 00:00:00;3;13881167;09/09/2026 10:58:51;Tiago;Rodriguez;;;;;;Tiago Rodriguez;
14231023;09/09/2026 11:01:19;3;2;0008    2905-1;04;CAMIONETA VIE 2;2094738;"TC11    ";"TRIPOLI CARLOS L.                                 ";ALVAREZ PRADO E/MENDEZ Y STORN;952583;"60-058         ";60-058 - LAVATORIO CR C.STD MALBA;3;3;3;23259488;090926105851911;182618100;;;;12/03/2031 00:00:00;3;13881167;09/09/2026 10:58:51;Tiago;Rodriguez;;;;;;Tiago Rodriguez;
14231023;09/09/2026 11:01:19;3;2;0008    2905-1;04;CAMIONETA VIE 2;2094738;"TC11    ";"TRIPOLI CARLOS L.                                 ";ALVAREZ PRADO E/MENDEZ Y STORN;952912;"70-162         ";70-162 - BIDE CR C.CERAM LINEA ADRA;2;2;2;23259488;090926105851911;182614613;;;;07/29/2031 00:00:00;2;13881167;09/09/2026 10:58:51;Tiago;Rodriguez;;;;;;Tiago Rodriguez;
14231023;09/09/2026 11:01:19;3;2;0008    2905-1;04;CAMIONETA VIE 2;2094738;"TC11    ";"TRIPOLI CARLOS L.                                 ";ALVAREZ PRADO E/MENDEZ Y STORN;953028;"80-010         ";80-010 - DUCHA EMB. C/TRANSF. BL/CR LORCA;1;1;1;23259488;090926105851911;182614760;;;;09/16/2031 00:00:00;1;13881167;09/09/2026 10:58:51;Tiago;Rodriguez;;;;;;Tiago Rodriguez;
14231023;09/09/2026 11:01:19;3;2;0008    2905-1;04;CAMIONETA VIE 2;2094738;"TC11    ";"TRIPOLI CARLOS L.                                 ";ALVAREZ PRADO E/MENDEZ Y STORN;953059;"80-057         ";80-057 - DUCHA EMB. C/TRANSF. C.STD VERIN PLUS;1;1;1;23259488;090926105851911;182615301;;;;01/04/2032 00:00:00;1;13881167;09/09/2026 10:58:51;Tiago;Rodriguez;;;;;;Tiago Rodriguez;
14231023;09/09/2026 11:01:19;3;2;0008    2905-1;04;CAMIONETA VIE 2;2094738;"TC11    ";"TRIPOLI CARLOS L.                                 ";ALVAREZ PRADO E/MENDEZ Y STORN;956493;"LG03N60        ";LG03N60 - LAVATORIO BLACK C.STD BERNA;1;1;1;23259586;090926110022704;182619123;;;;12/10/2031 00:00:00;1;13881218;09/09/2026 11:00:22;Tiago;Rodriguez;;;;;;Tiago Rodriguez;
14231023;09/09/2026 11:01:19;3;2;0008    2905-1;04;CAMIONETA VIE 2;2094738;"TC11    ";"TRIPOLI CARLOS L.                                 ";ALVAREZ PRADO E/MENDEZ Y STORN;953477;"934/CR         ";934/CR - J.PARED C/EXT CRUZ CR/CR ARES;1;1;1;23259586;090926110022704;182619605;;;;02/09/2032 00:00:00;1;13881218;09/09/2026 11:00:22;Tiago;Rodriguez;;;;;;Tiago Rodriguez;
14231023;09/09/2026 11:01:19;3;2;0008    2905-1;04;CAMIONETA VIE 2;2094738;"TC11    ";"TRIPOLI CARLOS L.                                 ";ALVAREZ PRADO E/MENDEZ Y STORN;953060;"80-058         ";80-058 - DUCHA EMB. C/TRANSF. CR C.STD MALBA;7;7;7;23259586;090926110022704;182617808;;;;01/06/2032 00:00:00;7;13881218;09/09/2026 11:00:22;Tiago;Rodriguez;;;;;;Tiago Rodriguez;
14231023;09/09/2026 11:01:19;3;2;0008    2905-1;04;CAMIONETA VIE 2;2094738;"TC11    ";"TRIPOLI CARLOS L.                                 ";ALVAREZ PRADO E/MENDEZ Y STORN;956494;"LG03N70        ";LG03N70 - BIDE BLACK C.STD BERNA;1;1;1;23259586;090926110022704;182619068;;;;11/18/2031 00:00:00;1;13881218;09/09/2026 11:00:22;Tiago;Rodriguez;;;;;;Tiago Rodriguez;
14231024;09/09/2026 10:49:51;3;2;0001  215179-1;04;CAMIONETA VIE 2;2090966;"AA05    ";SANITARIOS ALVAREZ SOC. LEY 19550 CAP. I SECCION I;AV EVA PERON 3582;952913;"70-162N        ";70-162N - BIDE BLACK C.CERAM LINEA ADRA;6;6;6;23255435;090926104951482;182632536;;;;12/08/2031 00:00:00;6;13880877;09/09/2026 10:49:51;Maximiliano;Nievas;24533408;09/09/2026 10:00:06;7636;Kevin;Arce;Maximiliano Nievas;Kevin Arce
14231025;09/09/2026 11:52:39;3;2;0001  215260-1;04;CAMIONETA VIE 2;2094713;"T1      ";"TRIPOLI ARNALDO                                   ";ALVAREZ PRADO Y MORENO;953312;"83-133         ";83-133 - DUCHA EXT. C/TRANSF. MONOCOMANDO LUGO;6;6;6;23251250;090926115237461;182602409;;;;07/30/2031 00:00:00;6;13883122;09/09/2026 11:52:37;Tiago;Rodriguez;24529647;09/09/2026 08:45:31;6922;Franco;Potenza;Tiago Rodriguez;Franco Potenza
14231026;09/09/2026 11:23:14;3;2;0001  215343-1;04;CAMIONETA VIE 2;2091693;"CI15    ";"CISILOTTO HNOS SACIFEI                            ";AV GAONA 1101;954908;"BCH07          ";BCH07 - BACHA DE APOYAR OVALADA 400x330x150;2;2;2;23253256;090926112312860;182617251;;;;07/29/2031 00:00:00;1;13882036;09/09/2026 11:23:12;Tiago;Rodriguez;24531459;09/09/2026 09:16:31;6922;Franco;Potenza;Tiago Rodriguez;Franco Potenza
14231026;09/09/2026 11:23:14;3;2;0001  215343-1;04;CAMIONETA VIE 2;2091693;"CI15    ";"CISILOTTO HNOS SACIFEI                            ";AV GAONA 1101;952740;"62-100G        ";62-100G - LAVATORIO DE PARED GOLD C.CERAM FABRIC;2;2;2;23253803;090926111224933;182621856;;;;12/20/2031 00:00:00;2;13881580;09/09/2026 11:12:24;Tiago;Rodriguez;24531975;09/09/2026 09:32:38;7636;Kevin;Arce;Tiago Rodriguez;Kevin Arce
14231026;09/09/2026 11:23:14;3;2;0001  215343-1;04;CAMIONETA VIE 2;2091693;"CI15    ";"CISILOTTO HNOS SACIFEI                            ";AV GAONA 1101;952631;"60-153         ";60-153 - LAVATORIO CR C.CERAMICO CASTILLA;2;2;2;23253803;090926111224933;182621618;;;;11/23/2031 00:00:00;2;13881580;09/09/2026 11:12:24;Tiago;Rodriguez;24531975;09/09/2026 09:32:38;7636;Kevin;Arce;Tiago Rodriguez;Kevin Arce
14231026;09/09/2026 11:23:14;3;2;0001  215343-1;04;CAMIONETA VIE 2;2091693;"CI15    ";"CISILOTTO HNOS SACIFEI                            ";AV GAONA 1101;951512;"20-122         ";"MONOCOMANDO COCINA CR C/PICO EXTRAIBLE VALENCIA                       ";6;6;6;23254165;090926111030149;182624178;;;;08/06/2031 00:00:00;6;13881392;09/09/2026 11:10:30;Tiago;Rodriguez;24532259;09/09/2026 09:55:31;6922;Franco;Potenza;Tiago Rodriguez;Franco Potenza
14231026;09/09/2026 11:23:14;3;2;0001  215343-1;04;CAMIONETA VIE 2;2091693;"CI15    ";"CISILOTTO HNOS SACIFEI                            ";AV GAONA 1101;951523;"20-134         ";20-134 - MONOCOMANDO COCINA BETIS;2;2;2;23259897;090926110611462;182622820;;;;08/11/2031 00:00:00;2;13881394;09/09/2026 11:06:11;Tiago;Rodriguez;;;;;;Tiago Rodriguez;
14231026;09/09/2026 11:23:14;3;2;0001  215343-1;04;CAMIONETA VIE 2;2091693;"CI15    ";"CISILOTTO HNOS SACIFEI                            ";AV GAONA 1101;953157;"80-203         ";80-203 - DUCHA EMB C/TRANSF. MONOCOMANDO ADRA;2;2;2;23259897;090926110611462;182623704;;;;07/27/2031 00:00:00;2;13881394;09/09/2026 11:06:11;Tiago;Rodriguez;;;;;;Tiago Rodriguez;
14231026;09/09/2026 11:23:14;3;2;0001  215343-1;04;CAMIONETA VIE 2;2091693;"CI15    ";"CISILOTTO HNOS SACIFEI                            ";AV GAONA 1101;952714;"61-180         ";61-180 - LAVATORIO MONOCOMANDO ALTO VERA;2;2;2;23259919;090926110636916;182625481;;;;07/28/2031 00:00:00;2;13881406;09/09/2026 11:06:36;Tiago;Rodriguez;;;;;;Tiago Rodriguez;
14231026;09/09/2026 11:23:14;3;2;0001  215343-1;04;CAMIONETA VIE 2;2091693;"CI15    ";"CISILOTTO HNOS SACIFEI                            ";AV GAONA 1101;951508;"20-121         ";20-121 - COCINA MSDA MONOC.P. REDONDO MARBELLA;2;2;2;23259919;090926110636916;182625046;;;;07/30/2031 00:00:00;2;13881406;09/09/2026 11:06:36;Tiago;Rodriguez;;;;;;Tiago Rodriguez;
14231026;09/09/2026 11:23:14;3;2;0001  215343-1;04;CAMIONETA VIE 2;2091693;"CI15    ";"CISILOTTO HNOS SACIFEI                            ";AV GAONA 1101;951530;"20-146         ";20-146 - MONOCOMANDO DE COCINA CR LINEA MOVE;2;2;2;23259999;090926110755905;182623267;;;;10/09/2031 00:00:00;2;13881453;09/09/2026 11:07:55;Tiago;Rodriguez;;;;;;Tiago Rodriguez;
14231026;09/09/2026 11:23:14;3;2;0001  215343-1;04;CAMIONETA VIE 2;2091693;"CI15    ";"CISILOTTO HNOS SACIFEI                            ";AV GAONA 1101;952709;"61-168N        ";61-168N - LAVATORIO MONOC ALTO BLACK WAVE;2;2;2;23259999;090926110755905;182627299;;;;07/28/2031 00:00:00;2;13881453;09/09/2026 11:07:55;Tiago;Rodriguez;;;;;;Tiago Rodriguez;
14231026;09/09/2026 11:23:14;3;2;0001  215343-1;04;CAMIONETA VIE 2;2091693;"CI15    ";"CISILOTTO HNOS SACIFEI                            ";AV GAONA 1101;951565;"20-205         ";20-205 - MONOCOMANDO DE COCINA STEEL;2;2;2;23259999;090926110755905;182623931;;;;07/28/2031 00:00:00;2;13881453;09/09/2026 11:07:55;Tiago;Rodriguez;;;;;;Tiago Rodriguez;
14231026;09/09/2026 11:23:14;3;2;0001  215343-1;04;CAMIONETA VIE 2;2091693;"CI15    ";"CISILOTTO HNOS SACIFEI                            ";AV GAONA 1101;952915;"70-168         ";70-168 - BIDE MONOC CR WAVE;1;1;1;23260031;090926110834924;182626578;;;;01/18/2032 00:00:00;1;13881480;09/09/2026 11:08:35;Tiago;Rodriguez;;;;;;Tiago Rodriguez;
14231026;09/09/2026 11:23:14;3;2;0001  215343-1;04;CAMIONETA VIE 2;2091693;"CI15    ";"CISILOTTO HNOS SACIFEI                            ";AV GAONA 1101;952938;"70-192         ";70-192 - BIDE SORIA BLACK;2;2;2;23260031;090926110834924;182625882;;;;07/27/2031 00:00:00;2;13881480;09/09/2026 11:08:35;Tiago;Rodriguez;;;;;;Tiago Rodriguez;
14231026;09/09/2026 11:23:14;3;2;0001  215343-1;04;CAMIONETA VIE 2;2091693;"CI15    ";"CISILOTTO HNOS SACIFEI                            ";AV GAONA 1101;952950;"70-200G        ";70-200G - BIDE MONOCOMANDO GOLD FABRIC;1;1;1;23260031;090926110834924;182624706;;;;07/27/2031 00:00:00;1;13881480;09/09/2026 11:08:35;Tiago;Rodriguez;;;;;;Tiago Rodriguez;
14231026;09/09/2026 11:23:14;3;2;0001  215343-1;04;CAMIONETA VIE 2;2091693;"CI15    ";"CISILOTTO HNOS SACIFEI                            ";AV GAONA 1101;952956;"70-205         ";70-205 - BIDE MONOCOMANDO STEEL;1;1;1;23260031;090926110834924;182626716;;;;11/08/2031 00:00:00;1;13881480;09/09/2026 11:08:35;Tiago;Rodriguez;;;;;;Tiago Rodriguez;
14231026;09/09/2026 11:23:14;3;2;0001  215343-1;04;CAMIONETA VIE 2;2091693;"CI15    ";"CISILOTTO HNOS SACIFEI                            ";AV GAONA 1101;952648;"60-176N        ";"LAVATORIO MONOCOMANDO BAJO BLACK RIO                                  ";1;1;1;23260031;090926110834924;182625192;;;;07/29/2031 00:00:00;1;13881480;09/09/2026 11:08:35;Tiago;Rodriguez;;;;;;Tiago Rodriguez;
14231026;09/09/2026 11:23:14;3;2;0001  215343-1;04;CAMIONETA VIE 2;2091693;"CI15    ";"CISILOTTO HNOS SACIFEI                            ";AV GAONA 1101;952708;"61-168         ";61-168 - LAVATORIO MONOC ALTO CR WAVE;1;1;1;23260031;090926110834924;182626306;;;;07/27/2031 00:00:00;1;13881480;09/09/2026 11:08:35;Tiago;Rodriguez;;;;;;Tiago Rodriguez;
14231026;09/09/2026 11:23:14;3;2;0001  215343-1;04;CAMIONETA VIE 2;2091693;"CI15    ";"CISILOTTO HNOS SACIFEI                            ";AV GAONA 1101;950907;"05-010         ";"LAVATORIO BAJO TEMPORIZADO TECNO                                      ";3;3;3;23260031;090926110834924;182623588;;;;07/28/2031 00:00:00;3;13881480;09/09/2026 11:08:35;Tiago;Rodriguez;;;;;;Tiago Rodriguez;
14231026;09/09/2026 11:23:14;3;2;0001  215343-1;04;CAMIONETA VIE 2;2091693;"CI15    ";"CISILOTTO HNOS SACIFEI                            ";AV GAONA 1101;952724;"61-200G        ";61-200G - LAVATORIO MONOC ALTO GOLD FABRIC;1;1;1;23260064;090926110911178;182624857;;;;07/27/2031 00:00:00;1;13881500;09/09/2026 11:09:11;Tiago;Rodriguez;;;;;;Tiago Rodriguez;
14231026;09/09/2026 11:23:14;3;2;0001  215343-1;04;CAMIONETA VIE 2;2091693;"CI15    ";"CISILOTTO HNOS SACIFEI                            ";AV GAONA 1101;952720;"61-192         ";61-192 - LAVATORIO ALTO SORIA BLACK;2;2;2;23260064;090926110911178;182625684;;;;07/27/2031 00:00:00;2;13881500;09/09/2026 11:09:11;Tiago;Rodriguez;;;;;;Tiago Rodriguez;
14231026;09/09/2026 11:23:14;3;2;0001  215343-1;04;CAMIONETA VIE 2;2091693;"CI15    ";"CISILOTTO HNOS SACIFEI                            ";AV GAONA 1101;953161;"80-205         ";80-205 - DUCHA EMB. C/TRANSF. MONOC STEEL;2;2;2;23260064;090926110911178;182624593;;;;08/11/2031 00:00:00;2;13881500;09/09/2026 11:09:11;Tiago;Rodriguez;;;;;;Tiago Rodriguez;
14231026;09/09/2026 11:23:14;3;2;0001  215343-1;04;CAMIONETA VIE 2;2091693;"CI15    ";"CISILOTTO HNOS SACIFEI                            ";AV GAONA 1101;951132;"13006          ";"SET DE 6 PIEZAS LINEA 13000                                           ";1;1;1;23260086;090926110940497;182622940;;;;07/28/2031 00:00:00;1;13881522;09/09/2026 11:09:40;Tiago;Rodriguez;;;;;;Tiago Rodriguez;
14231026;09/09/2026 11:23:14;3;2;0001  215343-1;04;CAMIONETA VIE 2;2091693;"CI15    ";"CISILOTTO HNOS SACIFEI                            ";AV GAONA 1101;951528;"20-140         ";20-140 - MONOCOMANDO DE COCINA LINEA CUINA;5;5;5;23260102;090926110957813;182627032;;;;10/07/2031 00:00:00;5;13881532;09/09/2026 11:09:57;Tiago;Rodriguez;;;;;;Tiago Rodriguez;
14231026;09/09/2026 11:23:14;3;2;0001  215343-1;04;CAMIONETA VIE 2;2091693;"CI15    ";"CISILOTTO HNOS SACIFEI                            ";AV GAONA 1101;953113;"80-168N        ";80-168N - DUCHA EMB C/TRANSF MONOC BLACK WAVE;3;3;3;23260159;090926111103988;182622925;;;;01/22/2032 00:00:00;3;13881586;09/09/2026 11:11:04;Tiago;Rodriguez;;;;;;Tiago Rodriguez;
14231026;09/09/2026 11:23:14;3;2;0001  215343-1;04;CAMIONETA VIE 2;2091693;"CI15    ";"CISILOTTO HNOS SACIFEI                            ";AV GAONA 1101;953152;"80-200C        ";80-200C - DUCHA EMB. MONOC. 3 FUNCIONES CR FABRIC;1;1;1;23260192;090926111143290;182620905;;;;12/14/2031 00:00:00;1;13881622;09/09/2026 11:11:43;Tiago;Rodriguez;;;;;;Tiago Rodriguez;
14231026;09/09/2026 11:23:14;3;2;0001  215343-1;04;CAMIONETA VIE 2;2091693;"CI15    ";"CISILOTTO HNOS SACIFEI                            ";AV GAONA 1101;953112;"80-168         ";80-168 - DUCHA EMB C/TRANSF MONOC CR WAVE;2;2;2;23260192;090926111143290;182621160;;;;02/04/2032 00:00:00;2;13881622;09/09/2026 11:11:43;Tiago;Rodriguez;;;;;;Tiago Rodriguez;
14231026;09/09/2026 11:23:14;3;2;0001  215343-1;04;CAMIONETA VIE 2;2091693;"CI15    ";"CISILOTTO HNOS SACIFEI                            ";AV GAONA 1101;953071;"80-100G        ";80-100G - DUCHA EMB. C/TRANSF. GOLD C.CERAM FABRIC;2;2;2;23260208;090926111203827;182622219;;;;12/03/2031 00:00:00;2;13881633;09/09/2026 11:12:03;Tiago;Rodriguez;;;;;;Tiago Rodriguez;
14231026;09/09/2026 11:23:14;3;2;0001  215343-1;04;CAMIONETA VIE 2;2091693;"CI15    ";"CISILOTTO HNOS SACIFEI                            ";AV GAONA 1101;953153;"80-200G        ";80-200G - DUCHA EMB. MONOC. 3 FUNCIONES GOLD FABRIC;2;2;2;23260208;090926111203827;182622560;;;;12/03/2031 00:00:00;2;13881633;09/09/2026 11:12:03;Tiago;Rodriguez;;;;;;Tiago Rodriguez;
14231026;09/09/2026 11:23:14;3;2;0001  215343-1;04;CAMIONETA VIE 2;2091693;"CI15    ";"CISILOTTO HNOS SACIFEI                            ";AV GAONA 1101;954910;"BCH09          ";BCH09 - BACHA DE APOYAR RECTANGULAR 610x410x115;1;1;1;23260829;090926112220926;182617550;;;;07/28/2031 00:00:00;1;13882040;09/09/2026 11:22:20;Tiago;Rodriguez;;;;;;Tiago Rodriguez;
14231026;09/09/2026 11:23:14;3;2;0001  215343-1;04;CAMIONETA VIE 2;2091693;"CI15    ";"CISILOTTO HNOS SACIFEI                            ";AV GAONA 1101;954917;"BCH15          ";BCH15 - BACHA SEMI EMBUTIDA  BLANCA 530x370x155;1;1;1;23260854;090926112248515;182617037;;;;07/28/2031 00:00:00;1;13882053;09/09/2026 11:22:48;Tiago;Rodriguez;;;;;;Tiago Rodriguez;
14231026;09/09/2026 11:23:14;3;2;0001  215343-1;04;CAMIONETA VIE 2;2091693;"CI15    ";"CISILOTTO HNOS SACIFEI                            ";AV GAONA 1101;954908;"BCH07          ";BCH07 - BACHA DE APOYAR OVALADA 400x330x150;2;2;2;23260861;090926112256591;182668826;;;;07/29/2031 00:00:00;1;13882060;09/09/2026 11:22:57;Tiago;Rodriguez;;;;;;Tiago Rodriguez;
14231027;09/09/2026 10:23:34;3;2;0001  215352-1;04;CAMIONETA VIE 2;2093558;"MN04    ";"MATERIALES C. NUCIARI SRL                         ";ACC OESTE KM 44 PTE GORRITI;953331;"84-190         ";84-190 - DUCHA EXTERIOR CON COLUMNA BLACK VELVET;3;3;3;23251251;090926101455217;182603921;;;;10/06/2031 00:00:00;3;13879657;09/09/2026 10:14:55;Tiago;Rodriguez;24529647;09/09/2026 08:45:31;6922;Franco;Potenza;Tiago Rodriguez;Franco Potenza
14231027;09/09/2026 10:23:34;3;2;0001  215352-1;04;CAMIONETA VIE 2;2093558;"MN04    ";"MATERIALES C. NUCIARI SRL                         ";ACC OESTE KM 44 PTE GORRITI;953347;"85-168N        ";85-168N - DUCHA MONOC C/TRANSF Y DUCHADOR BLACK WAVE;15;15;15;23252473;090926102332377;182612955;;;;02/04/2032 00:00:00;3;13879890;09/09/2026 10:23:32;Tiago;Rodriguez;24530767;09/09/2026 09:03:21;7807;Nicolas;Perez;Tiago Rodriguez;Nicolas Perez
14231027;09/09/2026 10:23:34;3;2;0001  215352-1;04;CAMIONETA VIE 2;2093558;"MN04    ";"MATERIALES C. NUCIARI SRL                         ";ACC OESTE KM 44 PTE GORRITI;954918;"BCH16          ";BCH16 - BACHA DE APOYAR BLANCA 610x457x254 C/DESAGOTE Y REJILLA;2;2;2;23252906;090926101803409;182614840;;;;01/06/2032 00:00:00;1;13879801;09/09/2026 10:18:03;Tiago;Rodriguez;24531107;09/09/2026 09:36:49;6867;Javier;Lescano;Tiago Rodriguez;Javier Lescano
14231027;09/09/2026 10:23:34;3;2;0001  215352-1;04;CAMIONETA VIE 2;2093558;"MN04    ";"MATERIALES C. NUCIARI SRL                         ";ACC OESTE KM 44 PTE GORRITI;952798;"63-176N        ";"LAVATORIO PARED EMB MONOC BLACK RIO                                   ";10;10;10;23256765;090926101351956;182638703;;;;12/14/2031 00:00:00;6;13879664;09/09/2026 10:13:51;Tiago;Rodriguez;;;;;;Tiago Rodriguez;
14231027;09/09/2026 10:23:34;3;2;0001  215352-1;04;CAMIONETA VIE 2;2093558;"MN04    ";"MATERIALES C. NUCIARI SRL                         ";ACC OESTE KM 44 PTE GORRITI;952798;"63-176N        ";"LAVATORIO PARED EMB MONOC BLACK RIO                                   ";10;10;10;23256797;090926101419672;182602081;;;;12/14/2031 00:00:00;4;13879681;09/09/2026 10:14:19;Tiago;Rodriguez;;;;;;Tiago Rodriguez;
14231027;09/09/2026 10:23:34;3;2;0001  215352-1;04;CAMIONETA VIE 2;2093558;"MN04    ";"MATERIALES C. NUCIARI SRL                         ";ACC OESTE KM 44 PTE GORRITI;954918;"BCH16          ";BCH16 - BACHA DE APOYAR BLANCA 610x457x254 C/DESAGOTE Y REJILLA;2;2;2;23257020;090926101755374;182640322;;;;01/06/2032 00:00:00;1;13879805;09/09/2026 10:17:55;Tiago;Rodriguez;;;;;;Tiago Rodriguez;
14231027;09/09/2026 10:23:34;3;2;0001  215352-1;04;CAMIONETA VIE 2;2093558;"MN04    ";"MATERIALES C. NUCIARI SRL                         ";ACC OESTE KM 44 PTE GORRITI;953347;"85-168N        ";85-168N - DUCHA MONOC C/TRANSF Y DUCHADOR BLACK WAVE;15;15;15;23257215;090926102123982;182641753;;;;02/04/2032 00:00:00;3;13879924;09/09/2026 10:21:24;Tiago;Rodriguez;;;;;;Tiago Rodriguez;
14231027;09/09/2026 10:23:34;3;2;0001  215352-1;04;CAMIONETA VIE 2;2093558;"MN04    ";"MATERIALES C. NUCIARI SRL                         ";ACC OESTE KM 44 PTE GORRITI;952453;"51-131         ";51-131 - MESADA BIMANDO CR C.CERAM MALLORCA;1;1;1;23257215;090926102123982;182610855;;;;01/12/2032 00:00:00;1;13879924;09/09/2026 10:21:24;Tiago;Rodriguez;;;;;;Tiago Rodriguez;
14231027;09/09/2026 10:23:34;3;2;0001  215352-1;04;CAMIONETA VIE 2;2093558;"MN04    ";"MATERIALES C. NUCIARI SRL                         ";ACC OESTE KM 44 PTE GORRITI;953347;"85-168N        ";85-168N - DUCHA MONOC C/TRANSF Y DUCHADOR BLACK WAVE;15;15;15;23257278;090926102231134;182642238;;;;02/04/2032 00:00:00;3;13879960;09/09/2026 10:22:31;Tiago;Rodriguez;;;;;;Tiago Rodriguez;
14231027;09/09/2026 10:23:34;3;2;0001  215352-1;04;CAMIONETA VIE 2;2093558;"MN04    ";"MATERIALES C. NUCIARI SRL                         ";ACC OESTE KM 44 PTE GORRITI;953347;"85-168N        ";85-168N - DUCHA MONOC C/TRANSF Y DUCHADOR BLACK WAVE;15;15;15;23257304;090926102250534;182642357;;;;02/04/2032 00:00:00;3;13879970;09/09/2026 10:22:50;Tiago;Rodriguez;;;;;;Tiago Rodriguez;
14231027;09/09/2026 10:23:34;3;2;0001  215352-1;04;CAMIONETA VIE 2;2093558;"MN04    ";"MATERIALES C. NUCIARI SRL                         ";ACC OESTE KM 44 PTE GORRITI;953347;"85-168N        ";85-168N - DUCHA MONOC C/TRANSF Y DUCHADOR BLACK WAVE;15;15;15;23257323;090926102310778;182642584;;;;02/04/2032 00:00:00;3;13879986;09/09/2026 10:23:10;Tiago;Rodriguez;;;;;;Tiago Rodriguez;
14231028;09/09/2026 11:03:39;3;2;0001  215254-1;04;CAMIONETA VIE 2;2092689;"GG20    ";"GRUPO GALU S.A.  - SANITARIOS MITRE               ";BELISARIO ROLDAN 2616;951649;"22004          ";"SET DE 4 PIEZAS LINEA 22000                                           ";1;1;1;23251820;090926110339477;182609271;;;;09/01/2031 00:00:00;1;13881311;09/09/2026 11:03:39;Tiago;Rodriguez;24530155;09/09/2026 08:52:25;6867;Javier;Lescano;Tiago Rodriguez;Javier Lescano
14231028;09/09/2026 11:03:39;3;2;0001  215254-1;04;CAMIONETA VIE 2;2092689;"GG20    ";"GRUPO GALU S.A.  - SANITARIOS MITRE               ";BELISARIO ROLDAN 2616;957506;"RA1120         ";RA1120 - CAÑO GRIFO NEGRO MONOC COLORS;1;1;1;23255080;090926110227344;182629314;;;;08/02/2031 00:00:00;1;13881270;09/09/2026 11:02:27;Tiago;Rodriguez;24533064;09/09/2026 09:49:31;6867;Javier;Lescano;Tiago Rodriguez;Javier Lescano
14231028;09/09/2026 11:03:39;3;2;0001  215254-1;04;CAMIONETA VIE 2;2092689;"GG20    ";"GRUPO GALU S.A.  - SANITARIOS MITRE               ";BELISARIO ROLDAN 2616;958232;"RU878          ";RU878 - VIDRIO JABONERA REDONADA REPUESTO;1;1;1;23255080;090926110227344;182629626;;;;02/14/2032 00:00:00;1;13881270;09/09/2026 11:02:27;Tiago;Rodriguez;24533064;09/09/2026 09:49:31;6867;Javier;Lescano;Tiago Rodriguez;Javier Lescano
14231029;09/09/2026 10:11:54;3;2;0001  215253-1;04;CAMIONETA VIE 2;2094454;"SG13    ";"SANITARIOS GAONA S.A.                             ";AV. EVA PERON 2656;953122;"80-176         ";80-176 - DUCHA EMB C/TRANSF MONOC CR RIO;1;1;1;23251821;090926100341681;182607922;;;;07/29/2031 00:00:00;1;13879325;09/09/2026 10:03:41;Tiago;Rodriguez;24530155;09/09/2026 08:52:25;6867;Javier;Lescano;Tiago Rodriguez;Javier Lescano
14231029;09/09/2026 10:11:54;3;2;0001  215253-1;04;CAMIONETA VIE 2;2094454;"SG13    ";"SANITARIOS GAONA S.A.                             ";AV. EVA PERON 2656;952925;"70-176         ";70-176 - BIDE MONOC C/TRANSF CR RIO;2;2;2;23251821;090926100341681;182607585;;;;11/17/2031 00:00:00;2;13879325;09/09/2026 10:03:41;Tiago;Rodriguez;24530155;09/09/2026 08:52:25;6867;Javier;Lescano;Tiago Rodriguez;Javier Lescano
14231029;09/09/2026 10:11:54;3;2;0001  215253-1;04;CAMIONETA VIE 2;2094454;"SG13    ";"SANITARIOS GAONA S.A.                             ";AV. EVA PERON 2656;952647;"60-176         ";"LAVATORIO MONOCOMANDO BAJO CR RIO                                     ";2;2;2;23251821;090926100341681;182607878;;;;10/11/2031 00:00:00;2;13879325;09/09/2026 10:03:41;Tiago;Rodriguez;24530155;09/09/2026 08:52:25;6867;Javier;Lescano;Tiago Rodriguez;Javier Lescano
14231029;09/09/2026 10:11:54;3;2;0001  215253-1;04;CAMIONETA VIE 2;2094454;"SG13    ";"SANITARIOS GAONA S.A.                             ";AV. EVA PERON 2656;951565;"20-205         ";20-205 - MONOCOMANDO DE COCINA STEEL;1;1;1;23251821;090926100341681;182607154;;;;07/28/2031 00:00:00;1;13879325;09/09/2026 10:03:41;Tiago;Rodriguez;24530155;09/09/2026 08:52:25;6867;Javier;Lescano;Tiago Rodriguez;Javier Lescano
14231029;09/09/2026 10:11:54;3;2;0001  215253-1;04;CAMIONETA VIE 2;2094454;"SG13    ";"SANITARIOS GAONA S.A.                             ";AV. EVA PERON 2656;953109;"80-166         ";"DUCHA EMB. C/TRANSF. CR C.CERAM ADRA PLUS                             ";4;4;4;23254501;090926101151177;182625136;;;;01/18/2032 00:00:00;4;13879426;09/09/2026 10:11:51;Tiago;Rodriguez;24532548;09/09/2026 09:38:28;7807;Nicolas;Perez;Tiago Rodriguez;Nicolas Perez
14231029;09/09/2026 10:11:54;3;2;0001  215253-1;04;CAMIONETA VIE 2;2094454;"SG13    ";"SANITARIOS GAONA S.A.                             ";AV. EVA PERON 2656;954650;"A815           ";"A815 - DUCHA 8"" C/BRAZO Y CAMPANA CR";1;1;1;23254783;090926100515953;182627245;;;;07/28/2031 00:00:00;1;13879352;09/09/2026 10:05:15;Tiago;Rodriguez;24532758;09/09/2026 09:43:40;7807;Nicolas;Perez;Tiago Rodriguez;Nicolas Perez
14231030;09/09/2026 10:36:34;3;2;0001  215370-1;04;CAMIONETA VIE 2;2092689;"GG20    ";"GRUPO GALU S.A.  - SANITARIOS MITRE               ";BELISARIO ROLDAN 2616;953158;"80-203N        ";"DUCHA EMB C/TRANSF. MONOCOMANDO ADRA BLACK PLUS                       ";1;1;1;23251252;090926102406253;182603270;;;;07/28/2031 00:00:00;1;13880003;09/09/2026 10:24:06;Tiago;Rodriguez;24529647;09/09/2026 08:45:31;6922;Franco;Potenza;Tiago Rodriguez;Franco Potenza
14231030;09/09/2026 10:36:34;3;2;0001  215370-1;04;CAMIONETA VIE 2;2092689;"GG20    ";"GRUPO GALU S.A.  - SANITARIOS MITRE               ";BELISARIO ROLDAN 2616;952955;"70-203N        ";"BIDE MONOCOMANDO ADRA BLACK                                           ";1;1;1;23251252;090926102406253;182605692;;;;07/27/2031 00:00:00;1;13880003;09/09/2026 10:24:06;Tiago;Rodriguez;24529647;09/09/2026 08:45:31;6922;Franco;Potenza;Tiago Rodriguez;Franco Potenza
14231030;09/09/2026 10:36:34;3;2;0001  215370-1;04;CAMIONETA VIE 2;2092689;"GG20    ";"GRUPO GALU S.A.  - SANITARIOS MITRE               ";BELISARIO ROLDAN 2616;951547;"20-174         ";20-174 - COCINA MESADA MONOC. COLORS BLACK;2;2;2;23251252;090926102406253;182604500;;;;07/28/2031 00:00:00;2;13880003;09/09/2026 10:24:06;Tiago;Rodriguez;24529647;09/09/2026 08:45:31;6922;Franco;Potenza;Tiago Rodriguez;Franco Potenza
14231030;09/09/2026 10:36:34;3;2;0001  215370-1;04;CAMIONETA VIE 2;2092689;"GG20    ";"GRUPO GALU S.A.  - SANITARIOS MITRE               ";BELISARIO ROLDAN 2616;954922;"BCH19          ";"BACHA DE APOYAR BLANCA 365x235x120                                    ";1;1;1;23252439;090926103137344;182611989;;;;07/28/2031 00:00:00;1;13880171;09/09/2026 10:31:37;Tiago;Rodriguez;24530748;09/09/2026 09:00:54;6867;Javier;Lescano;Tiago Rodriguez;Javier Lescano
14231030;09/09/2026 10:36:34;3;2;0001  215370-1;04;CAMIONETA VIE 2;2092689;"GG20    ";"GRUPO GALU S.A.  - SANITARIOS MITRE               ";BELISARIO ROLDAN 2616;952678;"60-203N        ";"LAVATORIO MONOCOMANDO BAJO ADRA BLACK                                 ";1;1;1;23253871;090926103632372;182621818;;;;01/06/2032 00:00:00;1;13880386;09/09/2026 10:36:32;Tiago;Rodriguez;24532034;09/09/2026 09:33:21;7807;Nicolas;Perez;Tiago Rodriguez;Nicolas Perez
14231030;09/09/2026 10:36:34;3;2;0001  215370-1;04;CAMIONETA VIE 2;2092689;"GG20    ";"GRUPO GALU S.A.  - SANITARIOS MITRE               ";BELISARIO ROLDAN 2616;952727;"61-203N        ";"LAVATORIO MONOCOMANDO ALTO ADRA BLACK                                 ";1;1;1;23253871;090926103632372;182621957;;;;01/06/2032 00:00:00;1;13880386;09/09/2026 10:36:32;Tiago;Rodriguez;24532034;09/09/2026 09:33:21;7807;Nicolas;Perez;Tiago Rodriguez;Nicolas Perez
14231030;09/09/2026 10:36:34;3;2;0001  215370-1;04;CAMIONETA VIE 2;2092689;"GG20    ";"GRUPO GALU S.A.  - SANITARIOS MITRE               ";BELISARIO ROLDAN 2616;953325;"835/C          ";835/C - JGO.MDA.P.FUND. CR C.CERAM. MURCIA;1;1;1;23253871;090926103632372;182621543;;;;11/24/2031 00:00:00;1;13880386;09/09/2026 10:36:32;Tiago;Rodriguez;24532034;09/09/2026 09:33:21;7807;Nicolas;Perez;Tiago Rodriguez;Nicolas Perez
14231030;09/09/2026 10:36:34;3;2;0001  215370-1;04;CAMIONETA VIE 2;2092689;"GG20    ";"GRUPO GALU S.A.  - SANITARIOS MITRE               ";BELISARIO ROLDAN 2616;954903;"BCH03/3        ";BCH03/3 - BACHA DE APOYAR RECTANGULAR 3 AG 500x420x130;1;1;1;23257664;090926102902416;182611435;;;;07/29/2031 00:00:00;1;13880182;09/09/2026 10:29:02;Tiago;Rodriguez;;;;;;Tiago Rodriguez;
14231030;09/09/2026 10:36:34;3;2;0001  215370-1;04;CAMIONETA VIE 2;2092689;"GG20    ";"GRUPO GALU S.A.  - SANITARIOS MITRE               ";BELISARIO ROLDAN 2616;954902;"BCH02          ";BCH02 - BACHA DE APOYAR CIRCULAR 1 AG. 415x145;2;2;2;23257683;090926102914391;182645168;;;;07/27/2031 00:00:00;1;13880190;09/09/2026 10:29:14;Tiago;Rodriguez;;;;;;Tiago Rodriguez;
14231030;09/09/2026 10:36:34;3;2;0001  215370-1;04;CAMIONETA VIE 2;2092689;"GG20    ";"GRUPO GALU S.A.  - SANITARIOS MITRE               ";BELISARIO ROLDAN 2616;954902;"BCH02          ";BCH02 - BACHA DE APOYAR CIRCULAR 1 AG. 415x145;2;2;2;23257723;090926102937593;182612174;;;;07/27/2031 00:00:00;1;13880206;09/09/2026 10:29:37;Tiago;Rodriguez;;;;;;Tiago Rodriguez;
14231030;09/09/2026 10:36:34;3;2;0001  215370-1;04;CAMIONETA VIE 2;2092689;"GG20    ";"GRUPO GALU S.A.  - SANITARIOS MITRE               ";BELISARIO ROLDAN 2616;954914;"BCH12          ";BCH12 - BACHA DE APOYAR BLANCA 460x320x140;1;1;1;23257759;090926102959676;182611204;;;;11/10/2031 00:00:00;1;13880218;09/09/2026 10:29:59;Tiago;Rodriguez;;;;;;Tiago Rodriguez;
14231030;09/09/2026 10:36:34;3;2;0001  215370-1;04;CAMIONETA VIE 2;2092689;"GG20    ";"GRUPO GALU S.A.  - SANITARIOS MITRE               ";BELISARIO ROLDAN 2616;954908;"BCH07          ";BCH07 - BACHA DE APOYAR OVALADA 400x330x150;2;2;2;23257776;090926103018945;182645584;;;;07/29/2031 00:00:00;1;13880232;09/09/2026 10:30:18;Tiago;Rodriguez;;;;;;Tiago Rodriguez;
14231030;09/09/2026 10:36:34;3;2;0001  215370-1;04;CAMIONETA VIE 2;2092689;"GG20    ";"GRUPO GALU S.A.  - SANITARIOS MITRE               ";BELISARIO ROLDAN 2616;954908;"BCH07          ";BCH07 - BACHA DE APOYAR OVALADA 400x330x150;2;2;2;23257797;090926103041775;182611098;;;;07/29/2031 00:00:00;1;13880242;09/09/2026 10:30:41;Tiago;Rodriguez;;;;;;Tiago Rodriguez;
14231030;09/09/2026 10:36:34;3;2;0001  215370-1;04;CAMIONETA VIE 2;2092689;"GG20    ";"GRUPO GALU S.A.  - SANITARIOS MITRE               ";BELISARIO ROLDAN 2616;954906;"BCH05          ";BCH05 - BACHA DE APOYAR CUADRADA 370x370x130;1;1;1;23257812;090926103056329;182611785;;;;07/27/2031 00:00:00;1;13880251;09/09/2026 10:30:56;Tiago;Rodriguez;;;;;;Tiago Rodriguez;
14231030;09/09/2026 10:36:34;3;2;0001  215370-1;04;CAMIONETA VIE 2;2092689;"GG20    ";"GRUPO GALU S.A.  - SANITARIOS MITRE               ";BELISARIO ROLDAN 2616;954901;"BCH01          ";BCH01 - BACHA DE APOYAR CIRCULAR 320x145;1;1;1;23257841;090926103113994;182611305;;;;07/28/2031 00:00:00;1;13880264;09/09/2026 10:31:14;Tiago;Rodriguez;;;;;;Tiago Rodriguez;
14231030;09/09/2026 10:36:34;3;2;0001  215370-1;04;CAMIONETA VIE 2;2092689;"GG20    ";"GRUPO GALU S.A.  - SANITARIOS MITRE               ";BELISARIO ROLDAN 2616;952582;"60-057         ";60-057 - LAVATORIO C.STD VERIN PLUS;15;15;15;23258140;090926103519153;182647793;;;;01/31/2032 00:00:00;10;13880396;09/09/2026 10:35:19;Tiago;Rodriguez;;;;;;Tiago Rodriguez;
14231030;09/09/2026 10:36:34;3;2;0001  215370-1;04;CAMIONETA VIE 2;2092689;"GG20    ";"GRUPO GALU S.A.  - SANITARIOS MITRE               ";BELISARIO ROLDAN 2616;952860;"70-057         ";70-057 - BIDE C.STD VERIN PLUS;3;3;3;23258185;090926103600020;182622587;;;;01/27/2032 00:00:00;3;13880417;09/09/2026 10:36:00;Tiago;Rodriguez;;;;;;Tiago Rodriguez;
14231030;09/09/2026 10:36:34;3;2;0001  215370-1;04;CAMIONETA VIE 2;2092689;"GG20    ";"GRUPO GALU S.A.  - SANITARIOS MITRE               ";BELISARIO ROLDAN 2616;953018;"80-001N        ";"80-001N - DUCHA EMB. C/TRANSF. ""CROMO Y""";1;1;1;23258185;090926103600020;182623548;;;;07/31/2031 00:00:00;1;13880417;09/09/2026 10:36:00;Tiago;Rodriguez;;;;;;Tiago Rodriguez;
14231030;09/09/2026 10:36:34;3;2;0001  215370-1;04;CAMIONETA VIE 2;2092689;"GG20    ";"GRUPO GALU S.A.  - SANITARIOS MITRE               ";BELISARIO ROLDAN 2616;953028;"80-010         ";80-010 - DUCHA EMB. C/TRANSF. BL/CR LORCA;1;1;1;23258185;090926103600020;182623315;;;;09/16/2031 00:00:00;1;13880417;09/09/2026 10:36:00;Tiago;Rodriguez;;;;;;Tiago Rodriguez;
14231030;09/09/2026 10:36:34;3;2;0001  215370-1;04;CAMIONETA VIE 2;2092689;"GG20    ";"GRUPO GALU S.A.  - SANITARIOS MITRE               ";BELISARIO ROLDAN 2616;952582;"60-057         ";60-057 - LAVATORIO C.STD VERIN PLUS;15;15;15;23258185;090926103600020;182623163;;;;01/31/2032 00:00:00;5;13880417;09/09/2026 10:36:00;Tiago;Rodriguez;;;;;;Tiago Rodriguez;
14231031;09/09/2026 11:51:56;3;2;4444    2434-1;04;CAMIONETA VIE 2;2109166;"CLIEVEN ";"CLIENTE EVENTUAL                                  ";RIVADAVIA 3428;952950;"70-200G        ";70-200G - BIDE MONOCOMANDO GOLD FABRIC;1;1;1;23251822;090926115154816;182606917;;;;07/27/2031 00:00:00;1;13883091;09/09/2026 11:51:54;Tiago;Rodriguez;24530155;09/09/2026 08:52:25;6867;Javier;Lescano;Tiago Rodriguez;Javier Lescano
14231031;09/09/2026 11:51:56;3;2;4444    2434-1;04;CAMIONETA VIE 2;2109166;"CLIEVEN ";"CLIENTE EVENTUAL                                  ";RIVADAVIA 3428;952673;"60-200G        ";60-200G - LAVATORIO MONOC BAJO GOLD FABRIC;1;1;1;23251822;090926115154816;182606700;;;;07/28/2031 00:00:00;1;13883091;09/09/2026 11:51:54;Tiago;Rodriguez;24530155;09/09/2026 08:52:25;6867;Javier;Lescano;Tiago Rodriguez;Javier Lescano
14231717;09/09/2026 10:54:24;3;2;0004     110-1;04;CAMIONETA VIE 2;2094713;"T1      ";"TRIPOLI ARNALDO                                   ";ALVAREZ PRADO Y MORENO;951168;"1340           ";"QUEINOX MACHO MOVIL MH 1/2"" x 40                                      ";1;1;1;23255097;090926105423375;182630958;;;;02/09/2032 00:00:00;1;13881029;09/09/2026 10:54:23;Gustavo;Soderquvist;24533081;09/09/2026 09:53:04;7807;Nicolas;Perez;Gustavo Soderquvist;Nicolas Perez
14231747;12/09/2026 10:44:42;3;2;0008    2897-1;01;CAMION MAR 1;2092004;"DA11    ";"DAFYS S.A.                                        ";OLAZABAL 272;952925;"70-176         ";70-176 - BIDE MONOC C/TRANSF CR RIO;1;1;1;23324411;120926104440462;183163834;;;;11/17/2031 00:00:00;1;13924752;12/09/2026 10:44:40;Gustavo;Soderquvist;24599804;11/09/2026 11:13:12;7152;Mirko;Hernandez;Gustavo Soderquvist;Mirko Hernandez
14231747;12/09/2026 10:44:42;3;2;0008    2897-1;01;CAMION MAR 1;2092004;"DA11    ";"DAFYS S.A.                                        ";OLAZABAL 272;952728;"61-205         ";61-205 - LAVATORIO MONOC ALTO STEEL;1;1;1;23324411;120926104440462;183165456;;;;07/28/2031 00:00:00;1;13924752;12/09/2026 10:44:40;Gustavo;Soderquvist;24599804;11/09/2026 11:13:12;7152;Mirko;Hernandez;Gustavo Soderquvist;Mirko Hernandez
14231747;12/09/2026 10:44:42;3;2;0008    2897-1;01;CAMION MAR 1;2092004;"DA11    ";"DAFYS S.A.                                        ";OLAZABAL 272;952713;"61-176N        ";61-176N - LAVATORIO MONOC ALTO BLACK RIO;4;4;4;23324411;120926104440462;183164902;;;;07/29/2031 00:00:00;4;13924752;12/09/2026 10:44:40;Gustavo;Soderquvist;24599804;11/09/2026 11:13:12;7152;Mirko;Hernandez;Gustavo Soderquvist;Mirko Hernandez
14231747;12/09/2026 10:44:42;3;2;0008    2897-1;01;CAMION MAR 1;2092004;"DA11    ";"DAFYS S.A.                                        ";OLAZABAL 272;952712;"61-176         ";61-176 - LAVATORIO MONOC ALTO CR RIO;3;3;3;23324411;120926104440462;183163699;;;;10/09/2031 00:00:00;3;13924752;12/09/2026 10:44:40;Gustavo;Soderquvist;24599804;11/09/2026 11:13:12;7152;Mirko;Hernandez;Gustavo Soderquvist;Mirko Hernandez
14231747;12/09/2026 10:44:42;3;2;0008    2897-1;01;CAMION MAR 1;2092004;"DA11    ";"DAFYS S.A.                                        ";OLAZABAL 272;952705;"61-130         ";61-130 - LAVATORIO MONOCOMANDO ALTO BILBAO;2;2;2;23324411;120926104440462;183167099;;;;07/28/2031 00:00:00;2;13924752;12/09/2026 10:44:40;Gustavo;Soderquvist;24599804;11/09/2026 11:13:12;7152;Mirko;Hernandez;Gustavo Soderquvist;Mirko Hernandez
14231747;12/09/2026 10:44:42;3;2;0008    2897-1;01;CAMION MAR 1;2092004;"DA11    ";"DAFYS S.A.                                        ";OLAZABAL 272;952661;"60-193         ";60-193 - LAVATORIO MONOCOMANDO BAJO MORA;5;5;5;23324411;120926104440462;183160518;;;;07/28/2031 00:00:00;5;13924752;12/09/2026 10:44:40;Gustavo;Soderquvist;24599804;11/09/2026 11:13:12;7152;Mirko;Hernandez;Gustavo Soderquvist;Mirko Hernandez
14231747;12/09/2026 10:44:42;3;2;0008    2897-1;01;CAMION MAR 1;2092004;"DA11    ";"DAFYS S.A.                                        ";OLAZABAL 272;952648;"60-176N        ";"LAVATORIO MONOCOMANDO BAJO BLACK RIO                                  ";1;1;1;23324411;120926104440462;183164958;;;;07/29/2031 00:00:00;1;13924752;12/09/2026 10:44:40;Gustavo;Soderquvist;24599804;11/09/2026 11:13:12;7152;Mirko;Hernandez;Gustavo Soderquvist;Mirko Hernandez
14231747;12/09/2026 10:44:42;3;2;0008    2897-1;01;CAMION MAR 1;2092004;"DA11    ";"DAFYS S.A.                                        ";OLAZABAL 272;952647;"60-176         ";"LAVATORIO MONOCOMANDO BAJO CR RIO                                     ";3;3;3;23324411;120926104440462;183163335;;;;10/11/2031 00:00:00;3;13924752;12/09/2026 10:44:40;Gustavo;Soderquvist;24599804;11/09/2026 11:13:12;7152;Mirko;Hernandez;Gustavo Soderquvist;Mirko Hernandez
14231747;12/09/2026 10:44:42;3;2;0008    2897-1;01;CAMION MAR 1;2092004;"DA11    ";"DAFYS S.A.                                        ";OLAZABAL 272;952614;"60-130         ";60-130 - LAVATORIO MONOCOMANDO BAJO BILBAO;7;7;7;23324411;120926104440462;183166229;;;;07/28/2031 00:00:00;7;13924752;12/09/2026 10:44:40;Gustavo;Soderquvist;24599804;11/09/2026 11:13:12;7152;Mirko;Hernandez;Gustavo Soderquvist;Mirko Hernandez
14231747;12/09/2026 10:44:42;3;2;0008    2897-1;01;CAMION MAR 1;2092004;"DA11    ";"DAFYS S.A.                                        ";OLAZABAL 272;952498;"54-130         ";54-130 - MONOCOMANDO COCINA PARED EXT BILBAO;8;8;8;23324411;120926104440462;183167453;;;;07/27/2031 00:00:00;8;13924752;12/09/2026 10:44:40;Gustavo;Soderquvist;24599804;11/09/2026 11:13:12;7152;Mirko;Hernandez;Gustavo Soderquvist;Mirko Hernandez
14231747;12/09/2026 10:44:42;3;2;0008    2897-1;01;CAMION MAR 1;2092004;"DA11    ";"DAFYS S.A.                                        ";OLAZABAL 272;956505;"LG07C20        ";"MONOCOMANDO DE COCINA CR ZURICH                                       ";30;30;30;23324411;120926104440462;183169632;;;;12/20/2031 00:00:00;30;13924752;12/09/2026 10:44:40;Gustavo;Soderquvist;24599804;11/09/2026 11:13:12;7152;Mirko;Hernandez;Gustavo Soderquvist;Mirko Hernandez
14231747;12/09/2026 10:44:42;3;2;0008    2897-1;01;CAMION MAR 1;2092004;"DA11    ";"DAFYS S.A.                                        ";OLAZABAL 272;951906;"3020           ";3020 - TOALLERO DE ARO LINEA 3000;15;15;15;23324411;120926104440462;183193725;;;;07/29/2031 00:00:00;15;13924752;12/09/2026 10:44:40;Gustavo;Soderquvist;24599804;11/09/2026 11:13:12;7152;Mirko;Hernandez;Gustavo Soderquvist;Mirko Hernandez
14231747;12/09/2026 10:44:42;3;2;0008    2897-1;01;CAMION MAR 1;2092004;"DA11    ";"DAFYS S.A.                                        ";OLAZABAL 272;951794;"3010           ";3010 - TOALLERO BARRAL LINEA 3000;4;4;4;23324411;120926104440462;183194057;;;;07/29/2031 00:00:00;4;13924752;12/09/2026 10:44:40;Gustavo;Soderquvist;24599804;11/09/2026 11:13:12;7152;Mirko;Hernandez;Gustavo Soderquvist;Mirko Hernandez
14231747;12/09/2026 10:44:42;3;2;0008    2897-1;01;CAMION MAR 1;2092004;"DA11    ";"DAFYS S.A.                                        ";OLAZABAL 272;951545;"20-172         ";20-172 - COCINA MESADA MONOC. COLORS NEGRO;2;2;2;23324411;120926104440462;183165823;;;;07/28/2031 00:00:00;2;13924752;12/09/2026 10:44:40;Gustavo;Soderquvist;24599804;11/09/2026 11:13:12;7152;Mirko;Hernandez;Gustavo Soderquvist;Mirko Hernandez
14231747;12/09/2026 10:44:42;3;2;0008    2897-1;01;CAMION MAR 1;2092004;"DA11    ";"DAFYS S.A.                                        ";OLAZABAL 272;951533;"20-150         ";20-150 - MONOCOMANDO MESADA COCINA TOLEDO;1;1;1;23324411;120926104440462;183162592;;;;07/27/2031 00:00:00;1;13924752;12/09/2026 10:44:40;Gustavo;Soderquvist;24599804;11/09/2026 11:13:12;7152;Mirko;Hernandez;Gustavo Soderquvist;Mirko Hernandez
14231747;12/09/2026 10:44:42;3;2;0008    2897-1;01;CAMION MAR 1;2092004;"DA11    ";"DAFYS S.A.                                        ";OLAZABAL 272;951530;"20-146         ";20-146 - MONOCOMANDO DE COCINA CR LINEA MOVE;8;8;8;23324411;120926104440462;183164171;;;;10/09/2031 00:00:00;8;13924752;12/09/2026 10:44:40;Gustavo;Soderquvist;24599804;11/09/2026 11:13:12;7152;Mirko;Hernandez;Gustavo Soderquvist;Mirko Hernandez
14231747;12/09/2026 10:44:42;3;2;0008    2897-1;01;CAMION MAR 1;2092004;"DA11    ";"DAFYS S.A.                                        ";OLAZABAL 272;951524;"20-135         ";20-135 - MONOCOMANDO COCINA SANTANDER;2;2;2;23324411;120926104440462;183160685;;;;07/28/2031 00:00:00;2;13924752;12/09/2026 10:44:40;Gustavo;Soderquvist;24599804;11/09/2026 11:13:12;7152;Mirko;Hernandez;Gustavo Soderquvist;Mirko Hernandez
14231747;12/09/2026 10:44:42;3;2;0008    2897-1;01;CAMION MAR 1;2092004;"DA11    ";"DAFYS S.A.                                        ";OLAZABAL 272;951508;"20-121         ";20-121 - COCINA MSDA MONOC.P. REDONDO MARBELLA;1;1;1;23324411;120926104440462;183165095;;;;07/30/2031 00:00:00;1;13924752;12/09/2026 10:44:40;Gustavo;Soderquvist;24599804;11/09/2026 11:13:12;7152;Mirko;Hernandez;Gustavo Soderquvist;Mirko Hernandez
14231747;12/09/2026 10:44:42;3;2;0008    2897-1;01;CAMION MAR 1;2092004;"DA11    ";"DAFYS S.A.                                        ";OLAZABAL 272;951488;"20-102         ";"20-102 - MONOCOMANDO MESADA CROMO ""RENACER""";100;100;100;23324411;120926104440462;183156239;;;;08/20/2031 00:00:00;100;13924752;12/09/2026 10:44:40;Gustavo;Soderquvist;24599804;11/09/2026 11:13:12;7152;Mirko;Hernandez;Gustavo Soderquvist;Mirko Hernandez
14231747;12/09/2026 10:44:42;3;2;0008    2897-1;01;CAMION MAR 1;2092004;"DA11    ";"DAFYS S.A.                                        ";OLAZABAL 272;952631;"60-153         ";60-153 - LAVATORIO CR C.CERAMICO CASTILLA;1;1;1;23324463;110926145115145;183196542;;;;11/23/2031 00:00:00;1;13926687;11/09/2026 14:51:15;Tiago;Rodriguez;24599827;11/09/2026 12:23:56;7827;Javier;Machado;Tiago Rodriguez;Javier Machado
14231747;12/09/2026 10:44:42;3;2;0008    2897-1;01;CAMION MAR 1;2092004;"DA11    ";"DAFYS S.A.                                        ";OLAZABAL 272;952634;"60-162         ";60-162 - LAVATORIO CR C.CERAM LINEA ADRA;3;3;3;23324463;110926145115145;183195621;;;;07/29/2031 00:00:00;3;13926687;11/09/2026 14:51:15;Tiago;Rodriguez;24599827;11/09/2026 12:23:56;7827;Javier;Machado;Tiago Rodriguez;Javier Machado
14231747;12/09/2026 10:44:42;3;2;0008    2897-1;01;CAMION MAR 1;2092004;"DA11    ";"DAFYS S.A.                                        ";OLAZABAL 272;953091;"80-138         ";80-138 - DUCHA EMB. C/TRANSF. CR C.CERAM VALENCIA PLUS;1;1;1;23324463;110926145115145;183194392;;;;01/14/2032 00:00:00;1;13926687;11/09/2026 14:51:15;Tiago;Rodriguez;24599827;11/09/2026 12:23:56;7827;Javier;Machado;Tiago Rodriguez;Javier Machado
14231747;12/09/2026 10:44:42;3;2;0008    2897-1;01;CAMION MAR 1;2092004;"DA11    ";"DAFYS S.A.                                        ";OLAZABAL 272;953099;"80-150         ";80-150 - DUCHA EMB. C/TRANSF. CR C.CERAM TOLEDO;1;1;1;23324463;110926145115145;183197228;;;;11/19/2031 00:00:00;1;13926687;11/09/2026 14:51:15;Tiago;Rodriguez;24599827;11/09/2026 12:23:56;7827;Javier;Machado;Tiago Rodriguez;Javier Machado
14231747;12/09/2026 10:44:42;3;2;0008    2897-1;01;CAMION MAR 1;2092004;"DA11    ";"DAFYS S.A.                                        ";OLAZABAL 272;953104;"80-153         ";80-153 - DUCHA EMB. C/TRANSF. CR C.CERAM CASTILLA;1;1;1;23324463;110926145115145;183196602;;;;11/04/2031 00:00:00;1;13926687;11/09/2026 14:51:15;Tiago;Rodriguez;24599827;11/09/2026 12:23:56;7827;Javier;Machado;Tiago Rodriguez;Javier Machado
14231747;12/09/2026 10:44:42;3;2;0008    2897-1;01;CAMION MAR 1;2092004;"DA11    ";"DAFYS S.A.                                        ";OLAZABAL 272;954901;"BCH01          ";BCH01 - BACHA DE APOYAR CIRCULAR 320x145;4;4;4;23324689;120926070407886;183157146;;;;07/28/2031 00:00:00;4;13935832;12/09/2026 07:04:07;Agustin;Scirica;24600125;11/09/2026 09:33:52;7636;Kevin;Arce;Agustin Scirica;Kevin Arce
14231747;12/09/2026 10:44:42;3;2;0008    2897-1;01;CAMION MAR 1;2092004;"DA11    ";"DAFYS S.A.                                        ";OLAZABAL 272;954908;"BCH07          ";BCH07 - BACHA DE APOYAR OVALADA 400x330x150;4;4;4;23324689;120926070407886;183156824;;;;07/29/2031 00:00:00;4;13935832;12/09/2026 07:04:07;Agustin;Scirica;24600125;11/09/2026 09:33:52;7636;Kevin;Arce;Agustin Scirica;Kevin Arce
14231747;12/09/2026 10:44:42;3;2;0008    2897-1;01;CAMION MAR 1;2092004;"DA11    ";"DAFYS S.A.                                        ";OLAZABAL 272;952471;"53-002         ";53-002 - COCINA PARED EXT. P.ALTO RENACER;10;10;10;23336771;110926132105263;183181805;;;;07/29/2031 00:00:00;10;13926840;11/09/2026 13:21:05;Tiago;Rodriguez;;;;;;Tiago Rodriguez;
14231747;12/09/2026 10:44:42;3;2;0008    2897-1;01;CAMION MAR 1;2092004;"DA11    ";"DAFYS S.A.                                        ";OLAZABAL 272;953279;"83-002         ";83-002 - DUCHA EXT C/TRANSF. RENACER;10;10;10;23336786;110926132144122;183180927;;;;07/31/2031 00:00:00;10;13926867;11/09/2026 13:21:44;Tiago;Rodriguez;;;;;;Tiago Rodriguez;
14231747;12/09/2026 10:44:42;3;2;0008    2897-1;01;CAMION MAR 1;2092004;"DA11    ";"DAFYS S.A.                                        ";OLAZABAL 272;952822;"70-002         ";70-002 - BIDE RENACER;10;10;10;23336808;110926132220737;183180381;;;;07/31/2031 00:00:00;10;13926894;11/09/2026 13:22:20;Tiago;Rodriguez;;;;;;Tiago Rodriguez;
14231747;12/09/2026 10:44:42;3;2;0008    2897-1;01;CAMION MAR 1;2092004;"DA11    ";"DAFYS S.A.                                        ";OLAZABAL 272;951568;"203            ";"203 - LAVATORIO CROMO ""DIQUE""";60;60;60;23336833;110926132301777;183240740;;;;01/11/2032 00:00:00;10;13926911;11/09/2026 13:23:01;Tiago;Rodriguez;;;;;;Tiago Rodriguez;
14231747;12/09/2026 10:44:42;3;2;0008    2897-1;01;CAMION MAR 1;2092004;"DA11    ";"DAFYS S.A.                                        ";OLAZABAL 272;951568;"203            ";"203 - LAVATORIO CROMO ""DIQUE""";60;60;60;23336875;110926132352562;183241148;;;;01/11/2032 00:00:00;10;13926939;11/09/2026 13:23:52;Tiago;Rodriguez;;;;;;Tiago Rodriguez;
14231747;12/09/2026 10:44:42;3;2;0008    2897-1;01;CAMION MAR 1;2092004;"DA11    ";"DAFYS S.A.                                        ";OLAZABAL 272;951568;"203            ";"203 - LAVATORIO CROMO ""DIQUE""";60;60;60;23336918;110926132425869;183241328;;;;01/11/2032 00:00:00;10;13926955;11/09/2026 13:24:25;Tiago;Rodriguez;;;;;;Tiago Rodriguez;
14231747;12/09/2026 10:44:42;3;2;0008    2897-1;01;CAMION MAR 1;2092004;"DA11    ";"DAFYS S.A.                                        ";OLAZABAL 272;951568;"203            ";"203 - LAVATORIO CROMO ""DIQUE""";60;60;60;23336941;110926132507181;183241563;;;;01/11/2032 00:00:00;10;13926968;11/09/2026 13:25:07;Tiago;Rodriguez;;;;;;Tiago Rodriguez;
14231747;12/09/2026 10:44:42;3;2;0008    2897-1;01;CAMION MAR 1;2092004;"DA11    ";"DAFYS S.A.                                        ";OLAZABAL 272;951568;"203            ";"203 - LAVATORIO CROMO ""DIQUE""";60;60;60;23337087;110926132753137;183242497;;;;01/11/2032 00:00:00;10;13927052;11/09/2026 13:27:53;Tiago;Rodriguez;;;;;;Tiago Rodriguez;
14231747;12/09/2026 10:44:42;3;2;0008    2897-1;01;CAMION MAR 1;2092004;"DA11    ";"DAFYS S.A.                                        ";OLAZABAL 272;951568;"203            ";"203 - LAVATORIO CROMO ""DIQUE""";60;60;60;23337118;110926132828262;183179759;;;;01/11/2032 00:00:00;10;13927069;11/09/2026 13:28:28;Tiago;Rodriguez;;;;;;Tiago Rodriguez;
14231747;12/09/2026 10:44:42;3;2;0008    2897-1;01;CAMION MAR 1;2092004;"DA11    ";"DAFYS S.A.                                        ";OLAZABAL 272;951600;"209            ";209 - LAVATORIO CROMO LAZA;150;150;150;23337199;110926133020295;183243324;;;;02/01/2032 00:00:00;16;13927119;11/09/2026 13:30:20;Tiago;Rodriguez;;;;;;Tiago Rodriguez;
14231747;12/09/2026 10:44:42;3;2;0008    2897-1;01;CAMION MAR 1;2092004;"DA11    ";"DAFYS S.A.                                        ";OLAZABAL 272;951600;"209            ";209 - LAVATORIO CROMO LAZA;150;150;150;23337530;110926133622379;183245339;;;;02/01/2032 00:00:00;4;13927285;11/09/2026 13:36:22;Tiago;Rodriguez;;;;;;Tiago Rodriguez;
14231747;12/09/2026 10:44:42;3;2;0008    2897-1;01;CAMION MAR 1;2092004;"DA11    ";"DAFYS S.A.                                        ";OLAZABAL 272;951600;"209            ";209 - LAVATORIO CROMO LAZA;150;150;150;23337575;110926133705689;183245629;;;;02/01/2032 00:00:00;10;13927315;11/09/2026 13:37:05;Tiago;Rodriguez;;;;;;Tiago Rodriguez;
14231747;12/09/2026 10:44:42;3;2;0008    2897-1;01;CAMION MAR 1;2092004;"DA11    ";"DAFYS S.A.                                        ";OLAZABAL 272;951600;"209            ";209 - LAVATORIO CROMO LAZA;150;150;150;23337637;110926133802116;183246011;;;;02/01/2032 00:00:00;10;13927349;11/09/2026 13:38:02;Tiago;Rodriguez;;;;;;Tiago Rodriguez;
14231747;12/09/2026 10:44:42;3;2;0008    2897-1;01;CAMION MAR 1;2092004;"DA11    ";"DAFYS S.A.                                        ";OLAZABAL 272;951600;"209            ";209 - LAVATORIO CROMO LAZA;150;150;150;23337684;110926133839200;183246223;;;;02/01/2032 00:00:00;10;13927364;11/09/2026 13:38:39;Tiago;Rodriguez;;;;;;Tiago Rodriguez;
14231747;12/09/2026 10:44:42;3;2;0008    2897-1;01;CAMION MAR 1;2092004;"DA11    ";"DAFYS S.A.                                        ";OLAZABAL 272;951600;"209            ";209 - LAVATORIO CROMO LAZA;150;150;150;23337727;110926133922251;183246501;;;;02/01/2032 00:00:00;10;13927387;11/09/2026 13:39:22;Tiago;Rodriguez;;;;;;Tiago Rodriguez;
14231747;12/09/2026 10:44:42;3;2;0008    2897-1;01;CAMION MAR 1;2092004;"DA11    ";"DAFYS S.A.                                        ";OLAZABAL 272;951600;"209            ";209 - LAVATORIO CROMO LAZA;150;150;150;23337758;110926134004294;183246785;;;;02/01/2032 00:00:00;10;13927403;11/09/2026 13:40:04;Tiago;Rodriguez;;;;;;Tiago Rodriguez;
14231747;12/09/2026 10:44:42;3;2;0008    2897-1;01;CAMION MAR 1;2092004;"DA11    ";"DAFYS S.A.                                        ";OLAZABAL 272;951600;"209            ";209 - LAVATORIO CROMO LAZA;150;150;150;23337781;110926134045912;183247079;;;;02/01/2032 00:00:00;10;13927426;11/09/2026 13:40:45;Tiago;Rodriguez;;;;;;Tiago Rodriguez;
14231747;12/09/2026 10:44:42;3;2;0008    2897-1;01;CAMION MAR 1;2092004;"DA11    ";"DAFYS S.A.                                        ";OLAZABAL 272;951600;"209            ";209 - LAVATORIO CROMO LAZA;150;150;150;23337809;110926134133209;183247410;;;;02/01/2032 00:00:00;10;13927447;11/09/2026 13:41:33;Tiago;Rodriguez;;;;;;Tiago Rodriguez;
14231747;12/09/2026 10:44:42;3;2;0008    2897-1;01;CAMION MAR 1;2092004;"DA11    ";"DAFYS S.A.                                        ";OLAZABAL 272;951600;"209            ";209 - LAVATORIO CROMO LAZA;150;150;150;23337875;110926134259496;183247965;;;;02/01/2032 00:00:00;10;13927487;11/09/2026 13:42:59;Tiago;Rodriguez;;;;;;Tiago Rodriguez;
14231747;12/09/2026 10:44:42;3;2;0008    2897-1;01;CAMION MAR 1;2092004;"DA11    ";"DAFYS S.A.                                        ";OLAZABAL 272;951600;"209            ";209 - LAVATORIO CROMO LAZA;150;150;150;23337941;110926134346433;183248293;;;;02/01/2032 00:00:00;10;13927514;11/09/2026 13:43:46;Tiago;Rodriguez;;;;;;Tiago Rodriguez;
14231747;12/09/2026 10:44:42;3;2;0008    2897-1;01;CAMION MAR 1;2092004;"DA11    ";"DAFYS S.A.                                        ";OLAZABAL 272;951600;"209            ";209 - LAVATORIO CROMO LAZA;150;150;150;23338019;110926134435603;183248677;;;;02/01/2032 00:00:00;10;13927540;11/09/2026 13:44:35;Tiago;Rodriguez;;;;;;Tiago Rodriguez;
14231747;12/09/2026 10:44:42;3;2;0008    2897-1;01;CAMION MAR 1;2092004;"DA11    ";"DAFYS S.A.                                        ";OLAZABAL 272;951600;"209            ";209 - LAVATORIO CROMO LAZA;150;150;150;23338062;110926134531343;183249052;;;;02/01/2032 00:00:00;10;13927561;11/09/2026 13:45:31;Tiago;Rodriguez;;;;;;Tiago Rodriguez;
14231747;12/09/2026 10:44:42;3;2;0008    2897-1;01;CAMION MAR 1;2092004;"DA11    ";"DAFYS S.A.                                        ";OLAZABAL 272;951600;"209            ";209 - LAVATORIO CROMO LAZA;150;150;150;23338120;110926134628820;183249466;;;;02/01/2032 00:00:00;10;13927591;11/09/2026 13:46:28;Tiago;Rodriguez;;;;;;Tiago Rodriguez;
14231747;12/09/2026 10:44:42;3;2;0008    2897-1;01;CAMION MAR 1;2092004;"DA11    ";"DAFYS S.A.                                        ";OLAZABAL 272;951600;"209            ";209 - LAVATORIO CROMO LAZA;150;150;150;23338168;110926134714512;183156193;;;;02/01/2032 00:00:00;10;13927624;11/09/2026 13:47:14;Tiago;Rodriguez;;;;;;Tiago Rodriguez;
14231747;12/09/2026 10:44:42;3;2;0008    2897-1;01;CAMION MAR 1;2092004;"DA11    ";"DAFYS S.A.                                        ";OLAZABAL 272;952281;"429            ";"429 - DUCHA EMB.C/TRANSF.CR ""LAZA""";130;130;130;23338441;110926135327892;183252501;;;;01/12/2032 00:00:00;10;13927860;11/09/2026 13:53:27;Tiago;Rodriguez;;;;;;Tiago Rodriguez;
14231747;12/09/2026 10:44:42;3;2;0008    2897-1;01;CAMION MAR 1;2092004;"DA11    ";"DAFYS S.A.                                        ";OLAZABAL 272;952281;"429            ";"429 - DUCHA EMB.C/TRANSF.CR ""LAZA""";130;130;130;23338494;110926135417972;183252882;;;;01/12/2032 00:00:00;10;13927888;11/09/2026 13:54:17;Tiago;Rodriguez;;;;;;Tiago Rodriguez;
14231747;12/09/2026 10:44:42;3;2;0008    2897-1;01;CAMION MAR 1;2092004;"DA11    ";"DAFYS S.A.                                        ";OLAZABAL 272;952281;"429            ";"429 - DUCHA EMB.C/TRANSF.CR ""LAZA""";130;130;130;23338561;110926135537230;183253462;;;;01/12/2032 00:00:00;14;13927932;11/09/2026 13:55:37;Tiago;Rodriguez;;;;;;Tiago Rodriguez;
14231747;12/09/2026 10:44:42;3;2;0008    2897-1;01;CAMION MAR 1;2092004;"DA11    ";"DAFYS S.A.                                        ";OLAZABAL 272;952281;"429            ";"429 - DUCHA EMB.C/TRANSF.CR ""LAZA""";130;130;130;23338612;110926135623930;183253790;;;;01/12/2032 00:00:00;6;13927952;11/09/2026 13:56:23;Tiago;Rodriguez;;;;;;Tiago Rodriguez;
14231747;12/09/2026 10:44:42;3;2;0008    2897-1;01;CAMION MAR 1;2092004;"DA11    ";"DAFYS S.A.                                        ";OLAZABAL 272;952281;"429            ";"429 - DUCHA EMB.C/TRANSF.CR ""LAZA""";130;130;130;23338671;110926135712707;183254123;;;;01/12/2032 00:00:00;10;13927974;11/09/2026 13:57:12;Tiago;Rodriguez;;;;;;Tiago Rodriguez;
14231747;12/09/2026 10:44:42;3;2;0008    2897-1;01;CAMION MAR 1;2092004;"DA11    ";"DAFYS S.A.                                        ";OLAZABAL 272;952281;"429            ";"429 - DUCHA EMB.C/TRANSF.CR ""LAZA""";130;130;130;23338696;110926135747753;183254409;;;;01/12/2032 00:00:00;10;13927994;11/09/2026 13:57:47;Tiago;Rodriguez;;;;;;Tiago Rodriguez;
14231747;12/09/2026 10:44:42;3;2;0008    2897-1;01;CAMION MAR 1;2092004;"DA11    ";"DAFYS S.A.                                        ";OLAZABAL 272;952281;"429            ";"429 - DUCHA EMB.C/TRANSF.CR ""LAZA""";130;130;130;23338793;110926135853069;183254890;;;;01/12/2032 00:00:00;10;13928034;11/09/2026 13:58:53;Tiago;Rodriguez;;;;;;Tiago Rodriguez;
14231747;12/09/2026 10:44:42;3;2;0008    2897-1;01;CAMION MAR 1;2092004;"DA11    ";"DAFYS S.A.                                        ";OLAZABAL 272;952281;"429            ";"429 - DUCHA EMB.C/TRANSF.CR ""LAZA""";130;130;130;23338828;110926135929424;183255180;;;;01/12/2032 00:00:00;10;13928063;11/09/2026 13:59:29;Tiago;Rodriguez;;;;;;Tiago Rodriguez;
14231747;12/09/2026 10:44:42;3;2;0008    2897-1;01;CAMION MAR 1;2092004;"DA11    ";"DAFYS S.A.                                        ";OLAZABAL 272;952281;"429            ";"429 - DUCHA EMB.C/TRANSF.CR ""LAZA""";130;130;130;23338872;110926140016962;183255517;;;;01/12/2032 00:00:00;10;13928082;11/09/2026 14:00:16;Tiago;Rodriguez;;;;;;Tiago Rodriguez;
14231747;12/09/2026 10:44:42;3;2;0008    2897-1;01;CAMION MAR 1;2092004;"DA11    ";"DAFYS S.A.                                        ";OLAZABAL 272;952281;"429            ";"429 - DUCHA EMB.C/TRANSF.CR ""LAZA""";130;130;130;23338921;110926140058836;183255853;;;;01/12/2032 00:00:00;10;13928110;11/09/2026 14:00:58;Tiago;Rodriguez;;;;;;Tiago Rodriguez;
14231747;12/09/2026 10:44:42;3;2;0008    2897-1;01;CAMION MAR 1;2092004;"DA11    ";"DAFYS S.A.                                        ";OLAZABAL 272;952281;"429            ";"429 - DUCHA EMB.C/TRANSF.CR ""LAZA""";130;130;130;23338976;110926140200144;183256372;;;;01/12/2032 00:00:00;10;13928144;11/09/2026 14:02:00;Tiago;Rodriguez;;;;;;Tiago Rodriguez;
14231747;12/09/2026 10:44:42;3;2;0008    2897-1;01;CAMION MAR 1;2092004;"DA11    ";"DAFYS S.A.                                        ";OLAZABAL 272;952281;"429            ";"429 - DUCHA EMB.C/TRANSF.CR ""LAZA""";130;130;130;23339205;110926140557450;183258183;;;;01/12/2032 00:00:00;10;13928281;11/09/2026 14:05:57;Tiago;Rodriguez;;;;;;Tiago Rodriguez;
14231747;12/09/2026 10:44:42;3;2;0008    2897-1;01;CAMION MAR 1;2092004;"DA11    ";"DAFYS S.A.                                        ";OLAZABAL 272;953190;"81-002         ";81-002 - DUCHA EMB. S/TRANSF. RENACER;10;10;10;23339247;110926140649300;183173047;;;;07/31/2031 00:00:00;10;13928314;11/09/2026 14:06:49;Tiago;Rodriguez;;;;;;Tiago Rodriguez;
14231747;12/09/2026 10:44:42;3;2;0008    2897-1;01;CAMION MAR 1;2092004;"DA11    ";"DAFYS S.A.                                        ";OLAZABAL 272;952542;"60-002         ";60-002 - LAVATORIO RENACER;10;10;10;23339290;110926140741235;183172654;;;;07/29/2031 00:00:00;10;13928339;11/09/2026 14:07:41;Tiago;Rodriguez;;;;;;Tiago Rodriguez;
14231747;12/09/2026 10:44:42;3;2;0008    2897-1;01;CAMION MAR 1;2092004;"DA11    ";"DAFYS S.A.                                        ";OLAZABAL 272;952244;"409            ";"409 - DUCHA EXT.C/TRANSF.CR ""LAZA""";20;20;20;23339312;110926140817822;183259239;;;;02/17/2032 00:00:00;10;13928364;11/09/2026 14:08:17;Tiago;Rodriguez;;;;;;Tiago Rodriguez;
14231747;12/09/2026 10:44:42;3;2;0008    2897-1;01;CAMION MAR 1;2092004;"DA11    ";"DAFYS S.A.                                        ";OLAZABAL 272;953474;"933            ";933 - JGO PARED C/EXT CR DIQUE;10;10;10;23339462;110926141143587;183170381;;;;01/07/2032 00:00:00;10;13928482;11/09/2026 14:11:43;Tiago;Rodriguez;;;;;;Tiago Rodriguez;
14231747;12/09/2026 10:44:42;3;2;0008    2897-1;01;CAMION MAR 1;2092004;"DA11    ";"DAFYS S.A.                                        ";OLAZABAL 272;953507;"949            ";949 - JGO.COC.PARED.EMB. CR LAZA;50;50;50;23339493;110926141223983;183260987;;;;07/29/2031 00:00:00;10;13928502;11/09/2026 14:12:23;Tiago;Rodriguez;;;;;;Tiago Rodriguez;
14231747;12/09/2026 10:44:42;3;2;0008    2897-1;01;CAMION MAR 1;2092004;"DA11    ";"DAFYS S.A.                                        ";OLAZABAL 272;952244;"409            ";"409 - DUCHA EXT.C/TRANSF.CR ""LAZA""";20;20;20;23339535;110926141315151;183169102;;;;02/17/2032 00:00:00;10;13928532;11/09/2026 14:13:15;Tiago;Rodriguez;;;;;;Tiago Rodriguez;
14231747;12/09/2026 10:44:42;3;2;0008    2897-1;01;CAMION MAR 1;2092004;"DA11    ";"DAFYS S.A.                                        ";OLAZABAL 272;953507;"949            ";949 - JGO.COC.PARED.EMB. CR LAZA;50;50;50;23339610;110926141446983;183261953;;;;07/29/2031 00:00:00;10;13928580;11/09/2026 14:14:46;Tiago;Rodriguez;;;;;;Tiago Rodriguez;
14231747;12/09/2026 10:44:42;3;2;0008    2897-1;01;CAMION MAR 1;2092004;"DA11    ";"DAFYS S.A.                                        ";OLAZABAL 272;953507;"949            ";949 - JGO.COC.PARED.EMB. CR LAZA;50;50;50;23339660;110926141526015;183262218;;;;07/29/2031 00:00:00;10;13928604;11/09/2026 14:15:26;Tiago;Rodriguez;;;;;;Tiago Rodriguez;
14231747;12/09/2026 10:44:42;3;2;0008    2897-1;01;CAMION MAR 1;2092004;"DA11    ";"DAFYS S.A.                                        ";OLAZABAL 272;952281;"429            ";"429 - DUCHA EMB.C/TRANSF.CR ""LAZA""";130;130;130;23339745;110926141733069;183159771;;;;01/12/2032 00:00:00;10;13928672;11/09/2026 14:17:33;Tiago;Rodriguez;;;;;;Tiago Rodriguez;
14231747;12/09/2026 10:44:42;3;2;0008    2897-1;01;CAMION MAR 1;2092004;"DA11    ";"DAFYS S.A.                                        ";OLAZABAL 272;953507;"949            ";949 - JGO.COC.PARED.EMB. CR LAZA;50;50;50;23339745;110926141733069;183263098;;;;07/29/2031 00:00:00;10;13928672;11/09/2026 14:17:33;Tiago;Rodriguez;;;;;;Tiago Rodriguez;
14231747;12/09/2026 10:44:42;3;2;0008    2897-1;01;CAMION MAR 1;2092004;"DA11    ";"DAFYS S.A.                                        ";OLAZABAL 272;953432;"910/M          ";"910/M - JGO.MDA.P.CANO CROMO ""DIQUE""";100;100;100;23339789;110926141834686;183263538;;;;12/21/2031 00:00:00;10;13928700;11/09/2026 14:18:34;Tiago;Rodriguez;;;;;;Tiago Rodriguez;
14231747;12/09/2026 10:44:42;3;2;0008    2897-1;01;CAMION MAR 1;2092004;"DA11    ";"DAFYS S.A.                                        ";OLAZABAL 272;953432;"910/M          ";"910/M - JGO.MDA.P.CANO CROMO ""DIQUE""";100;100;100;23339814;110926141905111;183263768;;;;12/21/2031 00:00:00;10;13928713;11/09/2026 14:19:05;Tiago;Rodriguez;;;;;;Tiago Rodriguez;
14231747;12/09/2026 10:44:42;3;2;0008    2897-1;01;CAMION MAR 1;2092004;"DA11    ";"DAFYS S.A.                                        ";OLAZABAL 272;953432;"910/M          ";"910/M - JGO.MDA.P.CANO CROMO ""DIQUE""";100;100;100;23339843;110926141937283;183263987;;;;12/21/2031 00:00:00;10;13928737;11/09/2026 14:19:37;Tiago;Rodriguez;;;;;;Tiago Rodriguez;
14231747;12/09/2026 10:44:42;3;2;0008    2897-1;01;CAMION MAR 1;2092004;"DA11    ";"DAFYS S.A.                                        ";OLAZABAL 272;953432;"910/M          ";"910/M - JGO.MDA.P.CANO CROMO ""DIQUE""";100;100;100;23339874;110926142011107;183264221;;;;12/21/2031 00:00:00;10;13928756;11/09/2026 14:20:11;Tiago;Rodriguez;;;;;;Tiago Rodriguez;
14231747;12/09/2026 10:44:42;3;2;0008    2897-1;01;CAMION MAR 1;2092004;"DA11    ";"DAFYS S.A.                                        ";OLAZABAL 272;953432;"910/M          ";"910/M - JGO.MDA.P.CANO CROMO ""DIQUE""";100;100;100;23339898;110926142044536;183264454;;;;12/21/2031 00:00:00;10;13928770;11/09/2026 14:20:44;Tiago;Rodriguez;;;;;;Tiago Rodriguez;
14231747;12/09/2026 10:44:42;3;2;0008    2897-1;01;CAMION MAR 1;2092004;"DA11    ";"DAFYS S.A.                                        ";OLAZABAL 272;953432;"910/M          ";"910/M - JGO.MDA.P.CANO CROMO ""DIQUE""";100;100;100;23339936;110926142121311;183264706;;;;12/21/2031 00:00:00;10;13928790;11/09/2026 14:21:21;Tiago;Rodriguez;;;;;;Tiago Rodriguez;
14231747;12/09/2026 10:44:42;3;2;0008    2897-1;01;CAMION MAR 1;2092004;"DA11    ";"DAFYS S.A.                                        ";OLAZABAL 272;953432;"910/M          ";"910/M - JGO.MDA.P.CANO CROMO ""DIQUE""";100;100;100;23339965;110926142154645;183264975;;;;12/21/2031 00:00:00;10;13928803;11/09/2026 14:21:54;Tiago;Rodriguez;;;;;;Tiago Rodriguez;
14231747;12/09/2026 10:44:42;3;2;0008    2897-1;01;CAMION MAR 1;2092004;"DA11    ";"DAFYS S.A.                                        ";OLAZABAL 272;953432;"910/M          ";"910/M - JGO.MDA.P.CANO CROMO ""DIQUE""";100;100;100;23339986;110926142232959;183265256;;;;12/21/2031 00:00:00;10;13928830;11/09/2026 14:22:32;Tiago;Rodriguez;;;;;;Tiago Rodriguez;
14231747;12/09/2026 10:44:42;3;2;0008    2897-1;01;CAMION MAR 1;2092004;"DA11    ";"DAFYS S.A.                                        ";OLAZABAL 272;953432;"910/M          ";"910/M - JGO.MDA.P.CANO CROMO ""DIQUE""";100;100;100;23340023;110926142320173;183265593;;;;12/21/2031 00:00:00;10;13928846;11/09/2026 14:23:20;Tiago;Rodriguez;;;;;;Tiago Rodriguez;
14231747;12/09/2026 10:44:42;3;2;0008    2897-1;01;CAMION MAR 1;2092004;"DA11    ";"DAFYS S.A.                                        ";OLAZABAL 272;953432;"910/M          ";"910/M - JGO.MDA.P.CANO CROMO ""DIQUE""";100;100;100;23340051;110926142356596;183165240;;;;12/21/2031 00:00:00;10;13928872;11/09/2026 14:23:56;Tiago;Rodriguez;;;;;;Tiago Rodriguez;
14231747;12/09/2026 10:44:42;3;2;0008    2897-1;01;CAMION MAR 1;2092004;"DA11    ";"DAFYS S.A.                                        ";OLAZABAL 272;953507;"949            ";949 - JGO.COC.PARED.EMB. CR LAZA;50;50;50;23340241;110926142733051;183168286;;;;07/29/2031 00:00:00;10;13928958;11/09/2026 14:27:33;Tiago;Rodriguez;;;;;;Tiago Rodriguez;
14231747;12/09/2026 10:44:42;3;2;0008    2897-1;01;CAMION MAR 1;2092004;"DA11    ";"DAFYS S.A.                                        ";OLAZABAL 272;952217;"403            ";403 - DUCHA EXT. C/TRANSF.CR DIQUE;10;10;10;23340278;110926142825126;183171223;;;;01/25/2032 00:00:00;10;13928980;11/09/2026 14:28:25;Tiago;Rodriguez;;;;;;Tiago Rodriguez;
14231747;12/09/2026 10:44:42;3;2;0008    2897-1;01;CAMION MAR 1;2092004;"DA11    ";"DAFYS S.A.                                        ";OLAZABAL 272;952000;"31-001N        ";"31-001N - CANILLA DE PARED P.ALTO ""CROMO Y""";10;10;10;23340350;110926142934789;183192020;;;;07/31/2031 00:00:00;10;13929017;11/09/2026 14:29:34;Tiago;Rodriguez;;;;;;Tiago Rodriguez;
14231747;12/09/2026 10:44:42;3;2;0008    2897-1;01;CAMION MAR 1;2092004;"DA11    ";"DAFYS S.A.                                        ";OLAZABAL 272;953210;"81-058         ";81-058 - DUCHA EMB. S/TRANSF. CR STD MALBA;15;15;15;23340403;110926143036504;183268622;;;;11/25/2031 00:00:00;10;13929038;11/09/2026 14:30:36;Tiago;Rodriguez;;;;;;Tiago Rodriguez;
14231747;12/09/2026 10:44:42;3;2;0008    2897-1;01;CAMION MAR 1;2092004;"DA11    ";"DAFYS S.A.                                        ";OLAZABAL 272;956492;"LG03C80        ";LG03C80 - DUCHA EMB. C/TRANSF. CR C.STD BERNA;50;50;50;23340431;110926143123389;183269019;;;;12/14/2031 00:00:00;10;13929058;11/09/2026 14:31:23;Tiago;Rodriguez;;;;;;Tiago Rodriguez;
14231747;12/09/2026 10:44:42;3;2;0008    2897-1;01;CAMION MAR 1;2092004;"DA11    ";"DAFYS S.A.                                        ";OLAZABAL 272;956492;"LG03C80        ";LG03C80 - DUCHA EMB. C/TRANSF. CR C.STD BERNA;50;50;50;23340471;110926143205769;183269317;;;;12/14/2031 00:00:00;10;13929085;11/09/2026 14:32:05;Tiago;Rodriguez;;;;;;Tiago Rodriguez;
14231747;12/09/2026 10:44:42;3;2;0008    2897-1;01;CAMION MAR 1;2092004;"DA11    ";"DAFYS S.A.                                        ";OLAZABAL 272;956492;"LG03C80        ";LG03C80 - DUCHA EMB. C/TRANSF. CR C.STD BERNA;50;50;50;23340496;110926143243312;183269608;;;;12/14/2031 00:00:00;10;13929103;11/09/2026 14:32:43;Tiago;Rodriguez;;;;;;Tiago Rodriguez;
14231747;12/09/2026 10:44:42;3;2;0008    2897-1;01;CAMION MAR 1;2092004;"DA11    ";"DAFYS S.A.                                        ";OLAZABAL 272;956492;"LG03C80        ";LG03C80 - DUCHA EMB. C/TRANSF. CR C.STD BERNA;50;50;50;23340529;110926143318470;183269869;;;;12/14/2031 00:00:00;10;13929123;11/09/2026 14:33:18;Tiago;Rodriguez;;;;;;Tiago Rodriguez;
14231747;12/09/2026 10:44:42;3;2;0008    2897-1;01;CAMION MAR 1;2092004;"DA11    ";"DAFYS S.A.                                        ";OLAZABAL 272;956492;"LG03C80        ";LG03C80 - DUCHA EMB. C/TRANSF. CR C.STD BERNA;50;50;50;23340549;110926143353456;183186335;;;;12/14/2031 00:00:00;10;13929150;11/09/2026 14:33:53;Tiago;Rodriguez;;;;;;Tiago Rodriguez;
14231747;12/09/2026 10:44:42;3;2;0008    2897-1;01;CAMION MAR 1;2092004;"DA11    ";"DAFYS S.A.                                        ";OLAZABAL 272;952438;"51-058         ";51-058 - COCINA MESADA CR C.STD MALBA;200;200;200;23340585;110926143440227;183270484;;;;10/19/2031 00:00:00;10;13929176;11/09/2026 14:34:40;Tiago;Rodriguez;;;;;;Tiago Rodriguez;
14231747;12/09/2026 10:44:42;3;2;0008    2897-1;01;CAMION MAR 1;2092004;"DA11    ";"DAFYS S.A.                                        ";OLAZABAL 272;952438;"51-058         ";51-058 - COCINA MESADA CR C.STD MALBA;200;200;200;23340605;110926143516560;183270777;;;;10/19/2031 00:00:00;10;13929198;11/09/2026 14:35:16;Tiago;Rodriguez;;;;;;Tiago Rodriguez;
14231747;12/09/2026 10:44:42;3;2;0008    2897-1;01;CAMION MAR 1;2092004;"DA11    ";"DAFYS S.A.                                        ";OLAZABAL 272;952438;"51-058         ";51-058 - COCINA MESADA CR C.STD MALBA;200;200;200;23340632;110926143603754;183271126;;;;10/19/2031 00:00:00;10;13929217;11/09/2026 14:36:03;Tiago;Rodriguez;;;;;;Tiago Rodriguez;
14231747;12/09/2026 10:44:42;3;2;0008    2897-1;01;CAMION MAR 1;2092004;"DA11    ";"DAFYS S.A.                                        ";OLAZABAL 272;952438;"51-058         ";51-058 - COCINA MESADA CR C.STD MALBA;200;200;200;23340664;110926143653092;183271493;;;;10/19/2031 00:00:00;10;13929240;11/09/2026 14:36:53;Tiago;Rodriguez;;;;;;Tiago Rodriguez;
14231747;12/09/2026 10:44:42;3;2;0008    2897-1;01;CAMION MAR 1;2092004;"DA11    ";"DAFYS S.A.                                        ";OLAZABAL 272;952438;"51-058         ";51-058 - COCINA MESADA CR C.STD MALBA;200;200;200;23340685;110926143732531;183271780;;;;10/19/2031 00:00:00;10;13929266;11/09/2026 14:37:32;Tiago;Rodriguez;;;;;;Tiago Rodriguez;
14231747;12/09/2026 10:44:42;3;2;0008    2897-1;01;CAMION MAR 1;2092004;"DA11    ";"DAFYS S.A.                                        ";OLAZABAL 272;952438;"51-058         ";51-058 - COCINA MESADA CR C.STD MALBA;200;200;200;23340720;110926143806683;183271988;;;;10/19/2031 00:00:00;10;13929286;11/09/2026 14:38:06;Tiago;Rodriguez;;;;;;Tiago Rodriguez;
14231747;12/09/2026 10:44:42;3;2;0008    2897-1;01;CAMION MAR 1;2092004;"DA11    ";"DAFYS S.A.                                        ";OLAZABAL 272;952438;"51-058         ";51-058 - COCINA MESADA CR C.STD MALBA;200;200;200;23340774;110926143846480;183272264;;;;10/19/2031 00:00:00;10;13929299;11/09/2026 14:38:46;Tiago;Rodriguez;;;;;;Tiago Rodriguez;
14231747;12/09/2026 10:44:42;3;2;0008    2897-1;01;CAMION MAR 1;2092004;"DA11    ";"DAFYS S.A.                                        ";OLAZABAL 272;952438;"51-058         ";51-058 - COCINA MESADA CR C.STD MALBA;200;200;200;23340804;110926143924283;183272509;;;;10/19/2031 00:00:00;10;13929317;11/09/2026 14:39:24;Tiago;Rodriguez;;;;;;Tiago Rodriguez;
14231747;12/09/2026 10:44:42;3;2;0008    2897-1;01;CAMION MAR 1;2092004;"DA11    ";"DAFYS S.A.                                        ";OLAZABAL 272;952438;"51-058         ";51-058 - COCINA MESADA CR C.STD MALBA;200;200;200;23340841;110926144003809;183272782;;;;10/19/2031 00:00:00;10;13929342;11/09/2026 14:40:03;Tiago;Rodriguez;;;;;;Tiago Rodriguez;
14231747;12/09/2026 10:44:42;3;2;0008    2897-1;01;CAMION MAR 1;2092004;"DA11    ";"DAFYS S.A.                                        ";OLAZABAL 272;952438;"51-058         ";51-058 - COCINA MESADA CR C.STD MALBA;200;200;200;23340876;110926144046700;183273077;;;;10/19/2031 00:00:00;11;13929363;11/09/2026 14:40:46;Tiago;Rodriguez;;;;;;Tiago Rodriguez;
14231747;12/09/2026 10:44:42;3;2;0008    2897-1;01;CAMION MAR 1;2092004;"DA11    ";"DAFYS S.A.                                        ";OLAZABAL 272;952438;"51-058         ";51-058 - COCINA MESADA CR C.STD MALBA;200;200;200;23340896;110926144122864;183273331;;;;10/19/2031 00:00:00;9;13929392;11/09/2026 14:41:22;Tiago;Rodriguez;;;;;;Tiago Rodriguez;
14231747;12/09/2026 10:44:42;3;2;0008    2897-1;01;CAMION MAR 1;2092004;"DA11    ";"DAFYS S.A.                                        ";OLAZABAL 272;952438;"51-058         ";51-058 - COCINA MESADA CR C.STD MALBA;200;200;200;23340941;110926144201352;183273613;;;;10/19/2031 00:00:00;10;13929417;11/09/2026 14:42:01;Tiago;Rodriguez;;;;;;Tiago Rodriguez;
14231747;12/09/2026 10:44:42;3;2;0008    2897-1;01;CAMION MAR 1;2092004;"DA11    ";"DAFYS S.A.                                        ";OLAZABAL 272;952438;"51-058         ";51-058 - COCINA MESADA CR C.STD MALBA;200;200;200;23340983;110926144246980;183273934;;;;10/19/2031 00:00:00;10;13929438;11/09/2026 14:42:46;Tiago;Rodriguez;;;;;;Tiago Rodriguez;
14231747;12/09/2026 10:44:42;3;2;0008    2897-1;01;CAMION MAR 1;2092004;"DA11    ";"DAFYS S.A.                                        ";OLAZABAL 272;952438;"51-058         ";51-058 - COCINA MESADA CR C.STD MALBA;200;200;200;23341017;110926144328402;183274215;;;;10/19/2031 00:00:00;10;13929461;11/09/2026 14:43:28;Tiago;Rodriguez;;;;;;Tiago Rodriguez;
14231747;12/09/2026 10:44:42;3;2;0008    2897-1;01;CAMION MAR 1;2092004;"DA11    ";"DAFYS S.A.                                        ";OLAZABAL 272;952438;"51-058         ";51-058 - COCINA MESADA CR C.STD MALBA;200;200;200;23341051;110926144411059;183274493;;;;10/19/2031 00:00:00;10;13929473;11/09/2026 14:44:11;Tiago;Rodriguez;;;;;;Tiago Rodriguez;
14231747;12/09/2026 10:44:42;3;2;0008    2897-1;01;CAMION MAR 1;2092004;"DA11    ";"DAFYS S.A.                                        ";OLAZABAL 272;952438;"51-058         ";51-058 - COCINA MESADA CR C.STD MALBA;200;200;200;23341082;110926144450685;183274777;;;;10/19/2031 00:00:00;10;13929496;11/09/2026 14:44:50;Tiago;Rodriguez;;;;;;Tiago Rodriguez;
14231747;12/09/2026 10:44:42;3;2;0008    2897-1;01;CAMION MAR 1;2092004;"DA11    ";"DAFYS S.A.                                        ";OLAZABAL 272;952438;"51-058         ";51-058 - COCINA MESADA CR C.STD MALBA;200;200;200;23341126;110926144547406;183275155;;;;10/19/2031 00:00:00;10;13929540;11/09/2026 14:45:47;Tiago;Rodriguez;;;;;;Tiago Rodriguez;
14231747;12/09/2026 10:44:42;3;2;0008    2897-1;01;CAMION MAR 1;2092004;"DA11    ";"DAFYS S.A.                                        ";OLAZABAL 272;952438;"51-058         ";51-058 - COCINA MESADA CR C.STD MALBA;200;200;200;23341169;110926144624126;183275383;;;;10/19/2031 00:00:00;10;13929563;11/09/2026 14:46:24;Tiago;Rodriguez;;;;;;Tiago Rodriguez;
14231747;12/09/2026 10:44:42;3;2;0008    2897-1;01;CAMION MAR 1;2092004;"DA11    ";"DAFYS S.A.                                        ";OLAZABAL 272;952438;"51-058         ";51-058 - COCINA MESADA CR C.STD MALBA;200;200;200;23341191;110926144656059;183275603;;;;10/19/2031 00:00:00;10;13929581;11/09/2026 14:46:56;Tiago;Rodriguez;;;;;;Tiago Rodriguez;
14231747;12/09/2026 10:44:42;3;2;0008    2897-1;01;CAMION MAR 1;2092004;"DA11    ";"DAFYS S.A.                                        ";OLAZABAL 272;952438;"51-058         ";51-058 - COCINA MESADA CR C.STD MALBA;200;200;200;23341228;110926144732069;183193263;;;;10/19/2031 00:00:00;10;13929603;11/09/2026 14:47:32;Tiago;Rodriguez;;;;;;Tiago Rodriguez;
14231747;12/09/2026 10:44:42;3;2;0008    2897-1;01;CAMION MAR 1;2092004;"DA11    ";"DAFYS S.A.                                        ";OLAZABAL 272;952860;"70-057         ";70-057 - BIDE C.STD VERIN PLUS;6;6;6;23341267;110926144806515;183194102;;;;01/27/2032 00:00:00;6;13929618;11/09/2026 14:48:06;Tiago;Rodriguez;;;;;;Tiago Rodriguez;
14231747;12/09/2026 10:44:42;3;2;0008    2897-1;01;CAMION MAR 1;2092004;"DA11    ";"DAFYS S.A.                                        ";OLAZABAL 272;952677;"60-203         ";60-203 - LAVATORIO MONOCOMANDO BAJO ADRA;4;4;4;23341267;110926144806515;183175215;;;;02/16/2032 00:00:00;4;13929618;11/09/2026 14:48:06;Tiago;Rodriguez;;;;;;Tiago Rodriguez;
14231747;12/09/2026 10:44:42;3;2;0008    2897-1;01;CAMION MAR 1;2092004;"DA11    ";"DAFYS S.A.                                        ";OLAZABAL 272;952449;"51-107         ";51-107 - JGO. MESADA CR C.CERAM BEDIA;4;4;4;23341304;110926144853689;183174832;;;;11/10/2031 00:00:00;4;13929643;11/09/2026 14:48:53;Tiago;Rodriguez;;;;;;Tiago Rodriguez;
14231747;12/09/2026 10:44:42;3;2;0008    2897-1;01;CAMION MAR 1;2092004;"DA11    ";"DAFYS S.A.                                        ";OLAZABAL 272;952608;"60-121         ";60-121 - LAVATORIO C.CERAM CR MARBELLA;2;2;2;23341304;110926144853689;183216403;;;;01/25/2032 00:00:00;2;13929643;11/09/2026 14:48:53;Tiago;Rodriguez;;;;;;Tiago Rodriguez;
14231747;12/09/2026 10:44:42;3;2;0008    2897-1;01;CAMION MAR 1;2092004;"DA11    ";"DAFYS S.A.                                        ";OLAZABAL 272;953055;"80-045         ";80-045 - DUCHA EMB.C/TRANSF CR  C.STD CRUZ;4;4;4;23341304;110926144853689;183215904;;;;01/04/2032 00:00:00;4;13929643;11/09/2026 14:48:53;Tiago;Rodriguez;;;;;;Tiago Rodriguez;
14231747;12/09/2026 10:44:42;3;2;0008    2897-1;01;CAMION MAR 1;2092004;"DA11    ";"DAFYS S.A.                                        ";OLAZABAL 272;953107;"80-162         ";80-162 - DUCHA EMB. C/TRANSF. CR C.CERAM ADRA;2;2;2;23341330;110926144943180;183194855;;;;07/29/2031 00:00:00;2;13929663;11/09/2026 14:49:43;Tiago;Rodriguez;;;;;;Tiago Rodriguez;
14231747;12/09/2026 10:44:42;3;2;0008    2897-1;01;CAMION MAR 1;2092004;"DA11    ";"DAFYS S.A.                                        ";OLAZABAL 272;952912;"70-162         ";70-162 - BIDE CR C.CERAM LINEA ADRA;2;2;2;23341330;110926144943180;183195083;;;;07/29/2031 00:00:00;2;13929663;11/09/2026 14:49:43;Tiago;Rodriguez;;;;;;Tiago Rodriguez;
14231747;12/09/2026 10:44:42;3;2;0008    2897-1;01;CAMION MAR 1;2092004;"DA11    ";"DAFYS S.A.                                        ";OLAZABAL 272;952909;"70-153         ";70-153 - BIDE CR C.CERAM CASTILLA;1;1;1;23341330;110926144943180;183196421;;;;10/20/2031 00:00:00;1;13929663;11/09/2026 14:49:43;Tiago;Rodriguez;;;;;;Tiago Rodriguez;
14231747;12/09/2026 10:44:42;3;2;0008    2897-1;01;CAMION MAR 1;2092004;"DA11    ";"DAFYS S.A.                                        ";OLAZABAL 272;952906;"70-150         ";70-150 - BIDE CR C.CERAM TOLEDO;1;1;1;23341330;110926144943180;183197139;;;;07/31/2031 00:00:00;1;13929663;11/09/2026 14:49:43;Tiago;Rodriguez;;;;;;Tiago Rodriguez;
14231747;12/09/2026 10:44:42;3;2;0008    2897-1;01;CAMION MAR 1;2092004;"DA11    ";"DAFYS S.A.                                        ";OLAZABAL 272;952888;"70-122         ";70-122 - BIDE C.CERAM CR VALENCIA;1;1;1;23341330;110926144943180;183174337;;;;10/26/2031 00:00:00;1;13929663;11/09/2026 14:49:43;Tiago;Rodriguez;;;;;;Tiago Rodriguez;
14231747;12/09/2026 10:44:42;3;2;0008    2897-1;01;CAMION MAR 1;2092004;"DA11    ";"DAFYS S.A.                                        ";OLAZABAL 272;951628;"215            ";"215 - LAVATORIO CROMO ""MURCIA""";3;3;3;23341330;110926144943180;183173735;;;;07/31/2031 00:00:00;3;13929663;11/09/2026 14:49:43;Tiago;Rodriguez;;;;;;Tiago Rodriguez;
14231747;12/09/2026 10:44:42;3;2;0008    2897-1;01;CAMION MAR 1;2092004;"DA11    ";"DAFYS S.A.                                        ";OLAZABAL 272;952856;"70-045         ";70-045 - BIDE CROMO C.STD CRUZ;5;5;5;23341356;110926145015851;183215504;;;;02/01/2032 00:00:00;5;13929677;11/09/2026 14:50:15;Tiago;Rodriguez;;;;;;Tiago Rodriguez;
14231747;12/09/2026 10:44:42;3;2;0008    2897-1;01;CAMION MAR 1;2092004;"DA11    ";"DAFYS S.A.                                        ";OLAZABAL 272;953210;"81-058         ";81-058 - DUCHA EMB. S/TRANSF. CR STD MALBA;15;15;15;23341356;110926145015851;183188281;;;;11/25/2031 00:00:00;5;13929677;11/09/2026 14:50:15;Tiago;Rodriguez;;;;;;Tiago Rodriguez;
14231747;12/09/2026 10:44:42;3;2;0008    2897-1;01;CAMION MAR 1;2092004;"DA11    ";"DAFYS S.A.                                        ";OLAZABAL 272;951146;"1320           ";"QUEINOX MACHO MOVIL MH 1/2"" x 20                                      ";200;200;200;23354633;120926101600056;183188357;;;;11/19/2031 00:00:00;200;13938083;12/09/2026 10:16:00;Gustavo;Soderquvist;;;;;;Gustavo Soderquvist;
14231747;12/09/2026 10:44:42;3;2;0008    2897-1;01;CAMION MAR 1;2092004;"DA11    ";"DAFYS S.A.                                        ";OLAZABAL 272;951156;"1330           ";"QUEINOX MACHO MOVIL MH 1/2"" x 30                                      ";100;100;100;23354633;120926101600056;183188573;;;;02/16/2032 00:00:00;100;13938083;12/09/2026 10:16:00;Gustavo;Soderquvist;;;;;;Gustavo Soderquvist;
14231747;12/09/2026 10:44:42;3;2;0008    2897-1;01;CAMION MAR 1;2092004;"DA11    ";"DAFYS S.A.                                        ";OLAZABAL 272;951162;"1335           ";"QUEINOX MACHO MOVIL MH 1/2"" x 35                                      ";86;86;86;23354633;120926101600056;183189002;;;;02/10/2032 00:00:00;86;13938083;12/09/2026 10:16:00;Gustavo;Soderquvist;;;;;;Gustavo Soderquvist;
14231747;12/09/2026 10:44:42;3;2;0008    2897-1;01;CAMION MAR 1;2092004;"DA11    ";"DAFYS S.A.                                        ";OLAZABAL 272;951348;"1940           ";"1940 - QUEINOX MH 3/4"" x 40";100;100;100;23354633;120926101600056;183189527;;;;07/27/2031 00:00:00;100;13938083;12/09/2026 10:16:00;Gustavo;Soderquvist;;;;;;Gustavo Soderquvist;
14231747;12/09/2026 10:44:42;3;2;0008    2897-1;01;CAMION MAR 1;2092004;"DA11    ";"DAFYS S.A.                                        ";OLAZABAL 272;951352;"1950           ";"1950 - QUEINOX MH 3/4"" x 50";100;100;100;23354633;120926101600056;183190015;;;;07/27/2031 00:00:00;100;13938083;12/09/2026 10:16:00;Gustavo;Soderquvist;;;;;;Gustavo Soderquvist;
14231747;12/09/2026 10:44:42;3;2;0008    2897-1;01;CAMION MAR 1;2092004;"DA11    ";"DAFYS S.A.                                        ";OLAZABAL 272;951535;"20-160         ";20-160 - MONOCOMANDO MESADA COCINA DIQUE;100;100;100;23354633;120926101600056;183158484;;;;07/28/2031 00:00:00;100;13938083;12/09/2026 10:16:00;Gustavo;Soderquvist;;;;;;Gustavo Soderquvist;
14231747;12/09/2026 10:44:42;3;2;0008    2897-1;01;CAMION MAR 1;2092004;"DA11    ";"DAFYS S.A.                                        ";OLAZABAL 272;951975;"3040           ";3040 - PORTA ROLLO LINEA 3000;20;20;20;23354633;120926101600056;183193109;;;;07/27/2031 00:00:00;20;13938083;12/09/2026 10:16:00;Gustavo;Soderquvist;;;;;;Gustavo Soderquvist;
14231747;12/09/2026 10:44:42;3;2;0008    2897-1;01;CAMION MAR 1;2092004;"DA11    ";"DAFYS S.A.                                        ";OLAZABAL 272;951983;"3050           ";3050 - JABONERA LINEA 3000;10;10;10;23354633;120926101600056;183193393;;;;07/27/2031 00:00:00;10;13938083;12/09/2026 10:16:00;Gustavo;Soderquvist;;;;;;Gustavo Soderquvist;
14231747;12/09/2026 10:44:42;3;2;0008    2897-1;01;CAMION MAR 1;2092004;"DA11    ";"DAFYS S.A.                                        ";OLAZABAL 272;952650;"60-180         ";60-180 - LAVATORIO MONOCOMANDO BAJO VERA;1;1;1;23354633;120926101600056;183162727;;;;07/28/2031 00:00:00;1;13938083;12/09/2026 10:16:00;Gustavo;Soderquvist;;;;;;Gustavo Soderquvist;
14231747;12/09/2026 10:44:42;3;2;0008    2897-1;01;CAMION MAR 1;2092004;"DA11    ";"DAFYS S.A.                                        ";OLAZABAL 272;953167;"8030           ";8030 - PERCHA LINEA 8000;20;20;20;23354633;120926101600056;183195198;;;;07/29/2031 00:00:00;20;13938083;12/09/2026 10:16:00;Gustavo;Soderquvist;;;;;;Gustavo Soderquvist;
14231747;12/09/2026 10:44:42;3;2;0008    2897-1;01;CAMION MAR 1;2092004;"DA11    ";"DAFYS S.A.                                        ";OLAZABAL 272;953182;"8040           ";8040 - PORTA ROLLO LINEA 8000;20;20;20;23354633;120926101600056;183192870;;;;08/27/2031 00:00:00;20;13938083;12/09/2026 10:16:00;Gustavo;Soderquvist;;;;;;Gustavo Soderquvist;
14231747;12/09/2026 10:44:42;3;2;0008    2897-1;01;CAMION MAR 1;2092004;"DA11    ";"DAFYS S.A.                                        ";OLAZABAL 272;953183;"8050           ";8050 - JABONERA LINEA 8000;40;40;40;23354633;120926101600056;183192753;;;;07/27/2031 00:00:00;40;13938083;12/09/2026 10:16:00;Gustavo;Soderquvist;;;;;;Gustavo Soderquvist;
14231747;12/09/2026 10:44:42;3;2;0008    2897-1;01;CAMION MAR 1;2092004;"DA11    ";"DAFYS S.A.                                        ";OLAZABAL 272;956487;"LG02N20        ";"MONOCOMANDO COCINA BLACK GINEBRA                                      ";10;10;10;23354633;120926101600056;183172427;;;;07/30/2031 00:00:00;10;13938083;12/09/2026 10:16:00;Gustavo;Soderquvist;;;;;;Gustavo Soderquvist;
14231747;12/09/2026 10:44:42;3;2;0008    2897-1;01;CAMION MAR 1;2092004;"DA11    ";"DAFYS S.A.                                        ";OLAZABAL 272;956502;"LG05C20        ";"MONOCOMANDO DE COCINA CR BLAUEN                                       ";30;30;30;23354633;120926101600056;183171419;;;;12/20/2031 00:00:00;30;13938083;12/09/2026 10:16:00;Gustavo;Soderquvist;;;;;;Gustavo Soderquvist;
14231747;12/09/2026 10:44:42;3;2;0008    2897-1;01;CAMION MAR 1;2092004;"DA11    ";"DAFYS S.A.                                        ";OLAZABAL 272;956503;"LG05S20        ";"MONOCOMANDO DE COCINA BRUSH BLAUEN                                    ";30;30;30;23354633;120926101600056;183170788;;;;12/20/2031 00:00:00;30;13938083;12/09/2026 10:16:00;Gustavo;Soderquvist;;;;;;Gustavo Soderquvist;
14231747;12/09/2026 10:44:42;3;2;0008    2897-1;01;CAMION MAR 1;2092004;"DA11    ";"DAFYS S.A.                                        ";OLAZABAL 272;958232;"RU878          ";RU878 - VIDRIO JABONERA REDONADA REPUESTO;20;20;20;23354633;120926101600056;183181344;;;;02/14/2032 00:00:00;20;13938083;12/09/2026 10:16:00;Gustavo;Soderquvist;;;;;;Gustavo Soderquvist;
14231747;12/09/2026 10:44:42;3;2;0008    2897-1;01;CAMION MAR 1;2092004;"DA11    ";"DAFYS S.A.                                        ";OLAZABAL 272;957846;"RA706C         ";RA706C - VOLANTE MURCIA/KEOPS4 CROMO;10;10;10;23354633;120926101600056;183181730;;;;01/05/2032 00:00:00;10;13938083;12/09/2026 10:16:00;Gustavo;Soderquvist;;;;;;Gustavo Soderquvist;
14231747;12/09/2026 10:44:42;3;2;0008    2897-1;01;CAMION MAR 1;2092004;"DA11    ";"DAFYS S.A.                                        ";OLAZABAL 272;957872;"RA765          ";RA765 - BOLSITA P/CONEXION LAVATORIO LINEAS STD COMPLETO;150;150;150;23354633;120926101600056;183179132;;;;07/31/2031 00:00:00;150;13938083;12/09/2026 10:16:00;Gustavo;Soderquvist;;;;;;Gustavo Soderquvist;
14231747;12/09/2026 10:44:42;3;2;0008    2897-1;01;CAMION MAR 1;2092004;"DA11    ";"DAFYS S.A.                                        ";OLAZABAL 272;957390;"RA001          ";RA001 - CABEZAL STD NO ASCENDENTE;300;300;300;23354633;120926101600056;183175431;;;;11/22/2031 00:00:00;300;13938083;12/09/2026 10:16:00;Gustavo;Soderquvist;;;;;;Gustavo Soderquvist;
14231747;12/09/2026 10:44:42;3;2;0008    2897-1;01;CAMION MAR 1;2092004;"DA11    ";"DAFYS S.A.                                        ";OLAZABAL 272;957391;"RA002          ";RA002 - CABEZAL DERECHO CIERRE CERAMICO (FRIA);50;50;50;23354633;120926101600056;183180318;;;;02/01/2032 00:00:00;50;13938083;12/09/2026 10:16:00;Gustavo;Soderquvist;;;;;;Gustavo Soderquvist;
14231747;12/09/2026 10:44:42;3;2;0008    2897-1;01;CAMION MAR 1;2092004;"DA11    ";"DAFYS S.A.                                        ";OLAZABAL 272;957402;"RA017G         ";RA017G - DUCHADOR CROMO;20;20;20;23354633;120926101600056;183182867;;;;07/31/2031 00:00:00;20;13938083;12/09/2026 10:16:00;Gustavo;Soderquvist;;;;;;Gustavo Soderquvist;
14231747;12/09/2026 10:44:42;3;2;0008    2897-1;01;CAMION MAR 1;2092004;"DA11    ";"DAFYS S.A.                                        ";OLAZABAL 272;957834;"RA235          ";RA235 - CONJ. FIJACION MONOC P/MESADA 2 ESPARRAGO;10;10;10;23354633;120926101600056;183183241;;;;08/02/2031 00:00:00;10;13938083;12/09/2026 10:16:00;Gustavo;Soderquvist;;;;;;Gustavo Soderquvist;
14231803;15/09/2026 15:48:08;3;2;0008    2901-1;02;CAMIONETA DIARIOS 1;2092194;"DR14    ";"DREC SAS                                          ";TILCARA 2731 PORTON 4 2731;953236;"81-180         ";81-180 - DUCHA EMB. S/TRANSF. MONOCOMANDO VERA;10;10;10;23382646;150926154805108;183592990;;;;01/04/2032 00:00:00;4;13977676;15/09/2026 15:48:05;Maximiliano;Nievas;24659461;14/09/2026 14:35:27;7827;Javier;Machado;Maximiliano Nievas;Javier Machado
14231803;15/09/2026 15:48:08;3;2;0008    2901-1;02;CAMIONETA DIARIOS 1;2092194;"DR14    ";"DREC SAS                                          ";TILCARA 2731 PORTON 4 2731;951565;"20-205         ";20-205 - MONOCOMANDO DE COCINA STEEL;10;10;10;23386651;150926063508639;183629448;;;;07/28/2031 00:00:00;10;13962432;15/09/2026 06:35:08;Maximiliano;Nievas;24663590;14/09/2026 15:56:02;6922;Franco;Potenza;Maximiliano Nievas;Franco Potenza
14231803;15/09/2026 15:48:08;3;2;0008    2901-1;02;CAMIONETA DIARIOS 1;2092194;"DR14    ";"DREC SAS                                          ";TILCARA 2731 PORTON 4 2731;954914;"BCH12          ";BCH12 - BACHA DE APOYAR BLANCA 460x320x140;26;26;26;23387355;140926220731605;183639121;;;;11/10/2031 00:00:00;26;13962671;15/09/2026 07:07:31;Mirko;Hernandez;24664333;14/09/2026 16:16:10;6922;Franco;Potenza;Mirko Hernandez;Franco Potenza
14231803;15/09/2026 15:48:08;3;2;0008    2901-1;02;CAMIONETA DIARIOS 1;2092194;"DR14    ";"DREC SAS                                          ";TILCARA 2731 PORTON 4 2731;954922;"BCH19          ";"BACHA DE APOYAR BLANCA 365x235x120                                    ";20;20;20;23387355;140926220731605;183635753;;;;07/28/2031 00:00:00;20;13962671;15/09/2026 07:07:31;Mirko;Hernandez;24664333;14/09/2026 16:16:10;6922;Franco;Potenza;Mirko Hernandez;Franco Potenza
14231803;15/09/2026 15:48:08;3;2;0008    2901-1;02;CAMIONETA DIARIOS 1;2092194;"DR14    ";"DREC SAS                                          ";TILCARA 2731 PORTON 4 2731;952714;"61-180         ";61-180 - LAVATORIO MONOCOMANDO ALTO VERA;16;16;16;23394925;150926062128294;183695631;;;;07/28/2031 00:00:00;3;13962433;15/09/2026 06:21:28;Maximiliano;Nievas;;;;;;Maximiliano Nievas;
14231803;15/09/2026 15:48:08;3;2;0008    2901-1;02;CAMIONETA DIARIOS 1;2092194;"DR14    ";"DREC SAS                                          ";TILCARA 2731 PORTON 4 2731;952714;"61-180         ";61-180 - LAVATORIO MONOCOMANDO ALTO VERA;16;16;16;23394937;150926062208967;183695671;;;;07/28/2031 00:00:00;3;13962438;15/09/2026 06:22:08;Maximiliano;Nievas;;;;;;Maximiliano Nievas;
14231803;15/09/2026 15:48:08;3;2;0008    2901-1;02;CAMIONETA DIARIOS 1;2092194;"DR14    ";"DREC SAS                                          ";TILCARA 2731 PORTON 4 2731;951523;"20-134         ";20-134 - MONOCOMANDO COCINA BETIS;10;10;10;23395098;150926063125046;183696354;;;;08/11/2031 00:00:00;5;13962481;15/09/2026 06:31:25;Maximiliano;Nievas;;;;;;Maximiliano Nievas;
14231803;15/09/2026 15:48:08;3;2;0008    2901-1;02;CAMIONETA DIARIOS 1;2092194;"DR14    ";"DREC SAS                                          ";TILCARA 2731 PORTON 4 2731;951523;"20-134         ";20-134 - MONOCOMANDO COCINA BETIS;10;10;10;23395108;150926063200286;183628155;;;;08/11/2031 00:00:00;5;13962489;15/09/2026 06:32:00;Maximiliano;Nievas;;;;;;Maximiliano Nievas;
14231803;15/09/2026 15:48:08;3;2;0008    2901-1;02;CAMIONETA DIARIOS 1;2092194;"DR14    ";"DREC SAS                                          ";TILCARA 2731 PORTON 4 2731;952928;"70-180         ";70-180 - BIDE MONOCOMANDO C/TRANSF. VERA;10;10;10;23395121;150926063251411;183696514;;;;07/27/2031 00:00:00;4;13962495;15/09/2026 06:32:51;Maximiliano;Nievas;;;;;;Maximiliano Nievas;
14231803;15/09/2026 15:48:08;3;2;0008    2901-1;02;CAMIONETA DIARIOS 1;2092194;"DR14    ";"DREC SAS                                          ";TILCARA 2731 PORTON 4 2731;952928;"70-180         ";70-180 - BIDE MONOCOMANDO C/TRANSF. VERA;10;10;10;23395137;150926063330473;183631064;;;;07/27/2031 00:00:00;6;13962501;15/09/2026 06:33:30;Maximiliano;Nievas;;;;;;Maximiliano Nievas;
14231803;15/09/2026 15:48:08;3;2;0008    2901-1;02;CAMIONETA DIARIOS 1;2092194;"DR14    ";"DREC SAS                                          ";TILCARA 2731 PORTON 4 2731;952714;"61-180         ";61-180 - LAVATORIO MONOCOMANDO ALTO VERA;16;16;16;23395149;150926063433703;183630411;;;;07/28/2031 00:00:00;10;13962508;15/09/2026 06:34:33;Maximiliano;Nievas;;;;;;Maximiliano Nievas;
14231803;15/09/2026 15:48:08;3;2;0008    2901-1;02;CAMIONETA DIARIOS 1;2092194;"DR14    ";"DREC SAS                                          ";TILCARA 2731 PORTON 4 2731;954885;"BAI01NI        ";BAI01NI - BACHA EMB COCINA C/ACCESORIOS 750x450x220 NICKEL BRUSHED;10;10;10;23395632;140926220445095;183636525;;;;09/28/2031 00:00:00;10;13962675;15/09/2026 07:04:45;Mirko;Hernandez;;;;;;Mirko Hernandez;
14231803;15/09/2026 15:48:08;3;2;0008    2901-1;02;CAMIONETA DIARIOS 1;2092194;"DR14    ";"DREC SAS                                          ";TILCARA 2731 PORTON 4 2731;953236;"81-180         ";81-180 - DUCHA EMB. S/TRANSF. MONOCOMANDO VERA;10;10;10;23421617;150926154620215;183887024;;;;01/04/2032 00:00:00;3;13977684;15/09/2026 15:46:20;Maximiliano;Nievas;;;;;;Maximiliano Nievas;
14231803;15/09/2026 15:48:08;3;2;0008    2901-1;02;CAMIONETA DIARIOS 1;2092194;"DR14    ";"DREC SAS                                          ";TILCARA 2731 PORTON 4 2731;953236;"81-180         ";81-180 - DUCHA EMB. S/TRANSF. MONOCOMANDO VERA;10;10;10;23421671;150926154714272;183887411;;;;01/04/2032 00:00:00;3;13977717;15/09/2026 15:47:14;Maximiliano;Nievas;;;;;;Maximiliano Nievas;
14231804;15/09/2026 15:58:05;3;2;0008    2902-1;02;CAMIONETA DIARIOS 1;2092194;"DR14    ";"DREC SAS                                          ";TILCARA 2731 PORTON 4 2731;953159;"80-203P        ";80-203P - DUCHA EMB C/TRANSF. MONOCOMANDO ADRA PLUS;10;10;10;23382826;150926155241002;183598090;;;;07/28/2031 00:00:00;6;13977773;15/09/2026 15:52:41;Maximiliano;Nievas;24659744;14/09/2026 14:51:30;7636;Kevin;Arce;Maximiliano Nievas;Kevin Arce
14231804;15/09/2026 15:58:05;3;2;0008    2902-1;02;CAMIONETA DIARIOS 1;2092194;"DR14    ";"DREC SAS                                          ";TILCARA 2731 PORTON 4 2731;952726;"61-203         ";61-203 - LAVATORIO MONOCOMANDO ALTO ADRA;30;30;30;23382894;150926155801269;183598628;;;;01/20/2032 00:00:00;2;13977934;15/09/2026 15:58:01;Maximiliano;Nievas;24659866;14/09/2026 14:48:52;7827;Javier;Machado;Maximiliano Nievas;Javier Machado
14231804;15/09/2026 15:58:05;3;2;0008    2902-1;02;CAMIONETA DIARIOS 1;2092194;"DR14    ";"DREC SAS                                          ";TILCARA 2731 PORTON 4 2731;952954;"70-203         ";70-203 - BIDE MONOCOMANDO ADRA;10;10;10;23421789;150926154923899;183888357;;;;07/29/2031 00:00:00;6;13977785;15/09/2026 15:49:23;Maximiliano;Nievas;;;;;;Maximiliano Nievas;
14231804;15/09/2026 15:58:05;3;2;0008    2902-1;02;CAMIONETA DIARIOS 1;2092194;"DR14    ";"DREC SAS                                          ";TILCARA 2731 PORTON 4 2731;952954;"70-203         ";70-203 - BIDE MONOCOMANDO ADRA;10;10;10;23421814;150926154950254;183599480;;;;07/29/2031 00:00:00;4;13977809;15/09/2026 15:49:50;Maximiliano;Nievas;;;;;;Maximiliano Nievas;
14231804;15/09/2026 15:58:05;3;2;0008    2902-1;02;CAMIONETA DIARIOS 1;2092194;"DR14    ";"DREC SAS                                          ";TILCARA 2731 PORTON 4 2731;951513;"20-122N        ";20-122N - MONOCOMANDO COCINA C/PICO EXTRAIBLE VALENCIA BLACK;10;10;10;23421837;150926155013390;183888816;;;;08/06/2031 00:00:00;4;13977824;15/09/2026 15:50:13;Maximiliano;Nievas;;;;;;Maximiliano Nievas;
14231804;15/09/2026 15:58:05;3;2;0008    2902-1;02;CAMIONETA DIARIOS 1;2092194;"DR14    ";"DREC SAS                                          ";TILCARA 2731 PORTON 4 2731;951513;"20-122N        ";20-122N - MONOCOMANDO COCINA C/PICO EXTRAIBLE VALENCIA BLACK;10;10;10;23421880;150926155057714;183597044;;;;08/06/2031 00:00:00;6;13977844;15/09/2026 15:50:57;Maximiliano;Nievas;;;;;;Maximiliano Nievas;
14231804;15/09/2026 15:58:05;3;2;0008    2902-1;02;CAMIONETA DIARIOS 1;2092194;"DR14    ";"DREC SAS                                          ";TILCARA 2731 PORTON 4 2731;953159;"80-203P        ";80-203P - DUCHA EMB C/TRANSF. MONOCOMANDO ADRA PLUS;10;10;10;23421917;150926155154674;183889544;;;;07/28/2031 00:00:00;4;13977877;15/09/2026 15:51:54;Maximiliano;Nievas;;;;;;Maximiliano Nievas;
14231804;15/09/2026 15:58:05;3;2;0008    2902-1;02;CAMIONETA DIARIOS 1;2092194;"DR14    ";"DREC SAS                                          ";TILCARA 2731 PORTON 4 2731;952726;"61-203         ";61-203 - LAVATORIO MONOCOMANDO ALTO ADRA;30;30;30;23422019;150926155420944;183890561;;;;01/20/2032 00:00:00;4;13977971;15/09/2026 15:54:20;Maximiliano;Nievas;;;;;;Maximiliano Nievas;
14231804;15/09/2026 15:58:05;3;2;0008    2902-1;02;CAMIONETA DIARIOS 1;2092194;"DR14    ";"DREC SAS                                          ";TILCARA 2731 PORTON 4 2731;952726;"61-203         ";61-203 - LAVATORIO MONOCOMANDO ALTO ADRA;30;30;30;23422041;150926155448708;183890757;;;;01/20/2032 00:00:00;4;13977988;15/09/2026 15:54:48;Maximiliano;Nievas;;;;;;Maximiliano Nievas;
14231804;15/09/2026 15:58:05;3;2;0008    2902-1;02;CAMIONETA DIARIOS 1;2092194;"DR14    ";"DREC SAS                                          ";TILCARA 2731 PORTON 4 2731;952726;"61-203         ";61-203 - LAVATORIO MONOCOMANDO ALTO ADRA;30;30;30;23422064;150926155511889;183890929;;;;01/20/2032 00:00:00;4;13977994;15/09/2026 15:55:11;Maximiliano;Nievas;;;;;;Maximiliano Nievas;
14231804;15/09/2026 15:58:05;3;2;0008    2902-1;02;CAMIONETA DIARIOS 1;2092194;"DR14    ";"DREC SAS                                          ";TILCARA 2731 PORTON 4 2731;952726;"61-203         ";61-203 - LAVATORIO MONOCOMANDO ALTO ADRA;30;30;30;23422117;150926155604717;183891257;;;;01/20/2032 00:00:00;4;13978026;15/09/2026 15:56:04;Maximiliano;Nievas;;;;;;Maximiliano Nievas;
14231804;15/09/2026 15:58:05;3;2;0008    2902-1;02;CAMIONETA DIARIOS 1;2092194;"DR14    ";"DREC SAS                                          ";TILCARA 2731 PORTON 4 2731;952726;"61-203         ";61-203 - LAVATORIO MONOCOMANDO ALTO ADRA;30;30;30;23422202;150926155717302;183891731;;;;01/20/2032 00:00:00;4;13978067;15/09/2026 15:57:17;Maximiliano;Nievas;;;;;;Maximiliano Nievas;
14231804;15/09/2026 15:58:05;3;2;0008    2902-1;02;CAMIONETA DIARIOS 1;2092194;"DR14    ";"DREC SAS                                          ";TILCARA 2731 PORTON 4 2731;952726;"61-203         ";61-203 - LAVATORIO MONOCOMANDO ALTO ADRA;30;30;30;23422212;150926155733822;183891839;;;;01/20/2032 00:00:00;4;13978079;15/09/2026 15:57:33;Maximiliano;Nievas;;;;;;Maximiliano Nievas;
14231804;15/09/2026 15:58:05;3;2;0008    2902-1;02;CAMIONETA DIARIOS 1;2092194;"DR14    ";"DREC SAS                                          ";TILCARA 2731 PORTON 4 2731;952726;"61-203         ";61-203 - LAVATORIO MONOCOMANDO ALTO ADRA;30;30;30;23422218;150926155749988;183891938;;;;01/20/2032 00:00:00;4;13978088;15/09/2026 15:57:50;Maximiliano;Nievas;;;;;;Maximiliano Nievas;
14231805;15/09/2026 08:31:19;3;2;0001  215229-1;02;CAMIONETA DIARIOS 1;2092194;"DR14    ";"DREC SAS                                          ";TILCARA 2731 PORTON 4 2731;954944;"BID103-1       ";"BIDE 1 AGUJERO BLANCO LINEA URBAN                                     ";20;20;20;23394626;140926233117444;183694970;;;;07/30/2031 00:00:00;5;13963223;15/09/2026 08:31:17;Mirko;Hernandez;24671550;15/09/2026 07:23:33;6922;Franco;Potenza;Mirko Hernandez;Franco Potenza
14231805;15/09/2026 08:31:19;3;2;0001  215229-1;02;CAMIONETA DIARIOS 1;2092194;"DR14    ";"DREC SAS                                          ";TILCARA 2731 PORTON 4 2731;956413;"INO103-1       ";"INODORO BLANCO C/ASIENTO LINEA URBAN                                  ";38;38;38;23394626;140926233117444;183695679;;;;08/16/2031 00:00:00;3;13963223;15/09/2026 08:31:17;Mirko;Hernandez;24671550;15/09/2026 07:23:33;6922;Franco;Potenza;Mirko Hernandez;Franco Potenza
14231805;15/09/2026 08:31:19;3;2;0001  215229-1;02;CAMIONETA DIARIOS 1;2092194;"DR14    ";"DREC SAS                                          ";TILCARA 2731 PORTON 4 2731;956413;"INO103-1       ";"INODORO BLANCO C/ASIENTO LINEA URBAN                                  ";38;38;38;23397136;140926225626253;183708408;;;;08/16/2031 00:00:00;8;13963229;15/09/2026 07:56:26;Mirko;Hernandez;;;;;;Mirko Hernandez;
14231805;15/09/2026 08:31:19;3;2;0001  215229-1;02;CAMIONETA DIARIOS 1;2092194;"DR14    ";"DREC SAS                                          ";TILCARA 2731 PORTON 4 2731;956413;"INO103-1       ";"INODORO BLANCO C/ASIENTO LINEA URBAN                                  ";38;38;38;23397194;140926225815722;183708812;;;;08/16/2031 00:00:00;9;13963255;15/09/2026 07:58:15;Mirko;Hernandez;;;;;;Mirko Hernandez;
14231805;15/09/2026 08:31:19;3;2;0001  215229-1;02;CAMIONETA DIARIOS 1;2092194;"DR14    ";"DREC SAS                                          ";TILCARA 2731 PORTON 4 2731;956413;"INO103-1       ";"INODORO BLANCO C/ASIENTO LINEA URBAN                                  ";38;38;38;23397346;140926230143676;183709575;;;;08/16/2031 00:00:00;9;13963306;15/09/2026 08:01:43;Mirko;Hernandez;;;;;;Mirko Hernandez;
14231805;15/09/2026 08:31:19;3;2;0001  215229-1;02;CAMIONETA DIARIOS 1;2092194;"DR14    ";"DREC SAS                                          ";TILCARA 2731 PORTON 4 2731;954944;"BID103-1       ";"BIDE 1 AGUJERO BLANCO LINEA URBAN                                     ";20;20;20;23397732;140926231009954;183711839;;;;07/30/2031 00:00:00;15;13963466;15/09/2026 08:10:09;Mirko;Hernandez;;;;;;Mirko Hernandez;
14231805;15/09/2026 08:31:19;3;2;0001  215229-1;02;CAMIONETA DIARIOS 1;2092194;"DR14    ";"DREC SAS                                          ";TILCARA 2731 PORTON 4 2731;956414;"INO103-2       ";"DEPOSITO C/DESCARGA DUAL BLANCO LINEA URBAN                           ";38;38;38;23397835;140926231315353;183695597;;;;09/03/2031 00:00:00;38;13963520;15/09/2026 08:13:15;Mirko;Hernandez;;;;;;Mirko Hernandez;
14231805;15/09/2026 08:31:19;3;2;0001  215229-1;02;CAMIONETA DIARIOS 1;2092194;"DR14    ";"DREC SAS                                          ";TILCARA 2731 PORTON 4 2731;956413;"INO103-1       ";"INODORO BLANCO C/ASIENTO LINEA URBAN                                  ";38;38;38;23398444;140926232730408;183717454;;;;08/16/2031 00:00:00;9;13963832;15/09/2026 08:27:30;Mirko;Hernandez;;;;;;Mirko Hernandez;
14231808;18/09/2026 13:58:42;3;2;0001  215347-1;05;CAMIONETA DIARIOS 2;2092491;"FI07    ";"FILHOS S.R.L.                                     ";AV. GRAL PAZ 11863;952896;"70-133         ";70-133 - BIDE MONOCOMANDO LUGO;16;16;16;23511476;180926045842138;184538703;;;;07/27/2031 00:00:00;4;14035363;18/09/2026 13:58:42;Mirko;Hernandez;24784636;18/09/2026 11:01:10;6922;Franco;Potenza;Mirko Hernandez;Franco Potenza
14231808;18/09/2026 13:58:42;3;2;0001  215347-1;05;CAMIONETA DIARIOS 2;2092491;"FI07    ";"FILHOS S.R.L.                                     ";AV. GRAL PAZ 11863;951531;"20-146N        ";20-146N - MONOCOMANDO DE COCINA BLACK LINEA MOVE;6;6;6;23521027;180926045253204;184539092;;;;07/30/2031 00:00:00;6;14035377;18/09/2026 13:52:53;Mirko;Hernandez;;;;;;Mirko Hernandez;
14231808;18/09/2026 13:58:42;3;2;0001  215347-1;05;CAMIONETA DIARIOS 2;2092491;"FI07    ";"FILHOS S.R.L.                                     ";AV. GRAL PAZ 11863;952618;"60-133         ";60-133 - LAVATORIO MONOCOMANDO LUGO;8;8;8;23521145;180926045447368;184539702;;;;07/29/2031 00:00:00;8;14035429;18/09/2026 13:54:47;Mirko;Hernandez;;;;;;Mirko Hernandez;
14231808;18/09/2026 13:58:42;3;2;0001  215347-1;05;CAMIONETA DIARIOS 2;2092491;"FI07    ";"FILHOS S.R.L.                                     ";AV. GRAL PAZ 11863;951523;"20-134         ";20-134 - MONOCOMANDO COCINA BETIS;24;24;24;23521228;180926045629172;184602271;;;;08/11/2031 00:00:00;6;14035505;18/09/2026 13:56:29;Mirko;Hernandez;;;;;;Mirko Hernandez;
14231808;18/09/2026 13:58:42;3;2;0001  215347-1;05;CAMIONETA DIARIOS 2;2092491;"FI07    ";"FILHOS S.R.L.                                     ";AV. GRAL PAZ 11863;951523;"20-134         ";20-134 - MONOCOMANDO COCINA BETIS;24;24;24;23521237;180926045643090;184602362;;;;08/11/2031 00:00:00;6;14035518;18/09/2026 13:56:43;Mirko;Hernandez;;;;;;Mirko Hernandez;
14231808;18/09/2026 13:58:42;3;2;0001  215347-1;05;CAMIONETA DIARIOS 2;2092491;"FI07    ";"FILHOS S.R.L.                                     ";AV. GRAL PAZ 11863;951523;"20-134         ";20-134 - MONOCOMANDO COCINA BETIS;24;24;24;23521244;180926045700584;184602456;;;;08/11/2031 00:00:00;6;14035524;18/09/2026 13:57:00;Mirko;Hernandez;;;;;;Mirko Hernandez;
14231808;18/09/2026 13:58:42;3;2;0001  215347-1;05;CAMIONETA DIARIOS 2;2092491;"FI07    ";"FILHOS S.R.L.                                     ";AV. GRAL PAZ 11863;951523;"20-134         ";20-134 - MONOCOMANDO COCINA BETIS;24;24;24;23521260;180926045719967;184541880;;;;08/11/2031 00:00:00;6;14035539;18/09/2026 13:57:19;Mirko;Hernandez;;;;;;Mirko Hernandez;
14231808;18/09/2026 13:58:42;3;2;0001  215347-1;05;CAMIONETA DIARIOS 2;2092491;"FI07    ";"FILHOS S.R.L.                                     ";AV. GRAL PAZ 11863;952896;"70-133         ";70-133 - BIDE MONOCOMANDO LUGO;16;16;16;23521306;180926045810300;184602925;;;;07/27/2031 00:00:00;6;14035573;18/09/2026 13:58:10;Mirko;Hernandez;;;;;;Mirko Hernandez;
14231808;18/09/2026 13:58:42;3;2;0001  215347-1;05;CAMIONETA DIARIOS 2;2092491;"FI07    ";"FILHOS S.R.L.                                     ";AV. GRAL PAZ 11863;952896;"70-133         ";70-133 - BIDE MONOCOMANDO LUGO;16;16;16;23521335;180926045833507;184603090;;;;07/27/2031 00:00:00;6;14035588;18/09/2026 13:58:33;Mirko;Hernandez;;;;;;Mirko Hernandez;
14231809;18/09/2026 14:43:15;3;2;0001  215350-1;05;CAMIONETA DIARIOS 2;2093578;"MO24    ";"MOENCA SRL -JAQUE MATE                            ";AV. JUAN B. ALBERDI 3880;952679;"60-205         ";60-205 - LAVATORIO MONOC BAJO STEEL;2;2;2;23510571;180926144211043;184543147;;;;07/28/2031 00:00:00;2;14037207;18/09/2026 14:42:11;Maximiliano;Nievas;24783625;18/09/2026 11:47:14;7636;Kevin;Arce;Maximiliano Nievas;Kevin Arce
14231809;18/09/2026 14:43:15;3;2;0001  215350-1;05;CAMIONETA DIARIOS 2;2093578;"MO24    ";"MOENCA SRL -JAQUE MATE                            ";AV. JUAN B. ALBERDI 3880;953138;"80-192         ";80-192 - DUCHA EMB. C/TRANSF. SORIA BLACK;1;1;1;23510571;180926144211043;184552376;;;;07/28/2031 00:00:00;1;14037207;18/09/2026 14:42:11;Maximiliano;Nievas;24783625;18/09/2026 11:47:14;7636;Kevin;Arce;Maximiliano Nievas;Kevin Arce
14231809;18/09/2026 14:43:15;3;2;0001  215350-1;05;CAMIONETA DIARIOS 2;2093578;"MO24    ";"MOENCA SRL -JAQUE MATE                            ";AV. JUAN B. ALBERDI 3880;952650;"60-180         ";60-180 - LAVATORIO MONOCOMANDO BAJO VERA;3;3;3;23510571;180926144211043;184551988;;;;07/28/2031 00:00:00;3;14037207;18/09/2026 14:42:11;Maximiliano;Nievas;24783625;18/09/2026 11:47:14;7636;Kevin;Arce;Maximiliano Nievas;Kevin Arce
14231809;18/09/2026 14:43:15;3;2;0001  215350-1;05;CAMIONETA DIARIOS 2;2093578;"MO24    ";"MOENCA SRL -JAQUE MATE                            ";AV. JUAN B. ALBERDI 3880;952677;"60-203         ";60-203 - LAVATORIO MONOCOMANDO BAJO ADRA;3;3;3;23512453;180926144314077;184549953;;;;03/02/2032 00:00:00;3;14037254;18/09/2026 14:43:14;Maximiliano;Nievas;24785435;18/09/2026 11:58:52;6922;Franco;Potenza;Maximiliano Nievas;Franco Potenza
14231809;18/09/2026 14:43:15;3;2;0001  215350-1;05;CAMIONETA DIARIOS 2;2093578;"MO24    ";"MOENCA SRL -JAQUE MATE                            ";AV. JUAN B. ALBERDI 3880;953148;"80-199         ";80-199 - DUCHA EMB. C/TRANSF. CR C.CERAM LIVE;1;1;1;23512453;180926144314077;184545610;;;;01/20/2032 00:00:00;1;14037254;18/09/2026 14:43:14;Maximiliano;Nievas;24785435;18/09/2026 11:58:52;6922;Franco;Potenza;Maximiliano Nievas;Franco Potenza
14231809;18/09/2026 14:43:15;3;2;0001  215350-1;05;CAMIONETA DIARIOS 2;2093578;"MO24    ";"MOENCA SRL -JAQUE MATE                            ";AV. JUAN B. ALBERDI 3880;953112;"80-168         ";80-168 - DUCHA EMB C/TRANSF MONOC CR WAVE;1;1;1;23512453;180926144314077;184550395;;;;02/04/2032 00:00:00;1;14037254;18/09/2026 14:43:14;Maximiliano;Nievas;24785435;18/09/2026 11:58:52;6922;Franco;Potenza;Maximiliano Nievas;Franco Potenza
14231810;19/09/2026 07:06:11;3;2;0008    2909-1;05;CAMIONETA DIARIOS 2;2092097;"DF07    ";"DISTR. DE SANITARIOS FRANCO FIA S.R.L.            ";AV. GRAL PAZ 11863;953324;"835            ";835 - JGO.MDA. P.FUNDIDO CR MURCIA;6;6;6;23510240;190926070609207;184538736;;;;07/29/2031 00:00:00;3;14043981;19/09/2026 07:06:09;Maximiliano;Nievas;24783337;18/09/2026 11:08:19;7839;Claudio;Juarez;Maximiliano Nievas;Claudio Juarez
14231810;19/09/2026 07:06:11;3;2;0008    2909-1;05;CAMIONETA DIARIOS 2;2092097;"DF07    ";"DISTR. DE SANITARIOS FRANCO FIA S.R.L.            ";AV. GRAL PAZ 11863;952542;"60-002         ";60-002 - LAVATORIO RENACER;8;8;8;23534063;190926063205868;184535669;;;;01/20/2032 00:00:00;8;14043983;19/09/2026 06:32:05;Maximiliano;Nievas;;;;;;Maximiliano Nievas;
14231810;19/09/2026 07:06:11;3;2;0008    2909-1;05;CAMIONETA DIARIOS 2;2092097;"DF07    ";"DISTR. DE SANITARIOS FRANCO FIA S.R.L.            ";AV. GRAL PAZ 11863;952509;"55-010         ";55-010 - COCINA PARED EMB. P.ALTO BL/CR LORCA;8;8;8;23534079;190926063315799;184698239;;;;01/10/2032 00:00:00;5;14043989;19/09/2026 06:33:15;Maximiliano;Nievas;;;;;;Maximiliano Nievas;
14231810;19/09/2026 07:06:11;3;2;0008    2909-1;05;CAMIONETA DIARIOS 2;2092097;"DF07    ";"DISTR. DE SANITARIOS FRANCO FIA S.R.L.            ";AV. GRAL PAZ 11863;952583;"60-058         ";60-058 - LAVATORIO CR C.STD MALBA;20;20;20;23534079;190926063315799;184698240;;;;12/03/2031 00:00:00;5;14043989;19/09/2026 06:33:15;Maximiliano;Nievas;;;;;;Maximiliano Nievas;
14231810;19/09/2026 07:06:11;3;2;0008    2909-1;05;CAMIONETA DIARIOS 2;2092097;"DF07    ";"DISTR. DE SANITARIOS FRANCO FIA S.R.L.            ";AV. GRAL PAZ 11863;952583;"60-058         ";60-058 - LAVATORIO CR C.STD MALBA;20;20;20;23534105;190926063609651;184698417;;;;12/03/2031 00:00:00;10;14043999;19/09/2026 06:36:09;Maximiliano;Nievas;;;;;;Maximiliano Nievas;
14231810;19/09/2026 07:06:11;3;2;0008    2909-1;05;CAMIONETA DIARIOS 2;2092097;"DF07    ";"DISTR. DE SANITARIOS FRANCO FIA S.R.L.            ";AV. GRAL PAZ 11863;952583;"60-058         ";60-058 - LAVATORIO CR C.STD MALBA;20;20;20;23534119;190926063652546;184532558;;;;12/03/2031 00:00:00;5;14044003;19/09/2026 06:36:52;Maximiliano;Nievas;;;;;;Maximiliano Nievas;
14231810;19/09/2026 07:06:11;3;2;0008    2909-1;05;CAMIONETA DIARIOS 2;2092097;"DF07    ";"DISTR. DE SANITARIOS FRANCO FIA S.R.L.            ";AV. GRAL PAZ 11863;953060;"80-058         ";80-058 - DUCHA EMB. C/TRANSF. CR C.STD MALBA;15;15;15;23534119;190926063652546;184698463;;;;01/06/2032 00:00:00;5;14044003;19/09/2026 06:36:52;Maximiliano;Nievas;;;;;;Maximiliano Nievas;
14231810;19/09/2026 07:06:11;3;2;0008    2909-1;05;CAMIONETA DIARIOS 2;2092097;"DF07    ";"DISTR. DE SANITARIOS FRANCO FIA S.R.L.            ";AV. GRAL PAZ 11863;953060;"80-058         ";80-058 - DUCHA EMB. C/TRANSF. CR C.STD MALBA;15;15;15;23534131;190926063737011;184531604;;;;01/06/2032 00:00:00;10;14044007;19/09/2026 06:37:37;Maximiliano;Nievas;;;;;;Maximiliano Nievas;
14231810;19/09/2026 07:06:11;3;2;0008    2909-1;05;CAMIONETA DIARIOS 2;2092097;"DF07    ";"DISTR. DE SANITARIOS FRANCO FIA S.R.L.            ";AV. GRAL PAZ 11863;952584;"60-059         ";60-059 - LAVATORIO BL/CR C.STD MALBA;15;15;15;23534160;190926064041039;184698678;;;;09/21/2031 00:00:00;10;14044025;19/09/2026 06:40:41;Maximiliano;Nievas;;;;;;Maximiliano Nievas;
14231810;19/09/2026 07:06:11;3;2;0008    2909-1;05;CAMIONETA DIARIOS 2;2092097;"DF07    ";"DISTR. DE SANITARIOS FRANCO FIA S.R.L.            ";AV. GRAL PAZ 11863;952584;"60-059         ";60-059 - LAVATORIO BL/CR C.STD MALBA;15;15;15;23534169;190926064128810;184533241;;;;09/21/2031 00:00:00;5;14044033;19/09/2026 06:41:28;Maximiliano;Nievas;;;;;;Maximiliano Nievas;
14231810;19/09/2026 07:06:11;3;2;0008    2909-1;05;CAMIONETA DIARIOS 2;2092097;"DF07    ";"DISTR. DE SANITARIOS FRANCO FIA S.R.L.            ";AV. GRAL PAZ 11863;952509;"55-010         ";55-010 - COCINA PARED EMB. P.ALTO BL/CR LORCA;8;8;8;23534169;190926064128810;184530497;;;;01/10/2032 00:00:00;3;14044033;19/09/2026 06:41:28;Maximiliano;Nievas;;;;;;Maximiliano Nievas;
14231810;19/09/2026 07:06:11;3;2;0008    2909-1;05;CAMIONETA DIARIOS 2;2092097;"DF07    ";"DISTR. DE SANITARIOS FRANCO FIA S.R.L.            ";AV. GRAL PAZ 11863;951568;"203            ";"203 - LAVATORIO CROMO ""DIQUE""";30;30;30;23534175;190926064225732;184698775;;;;01/11/2032 00:00:00;10;14044040;19/09/2026 06:42:25;Maximiliano;Nievas;;;;;;Maximiliano Nievas;
14231810;19/09/2026 07:06:11;3;2;0008    2909-1;05;CAMIONETA DIARIOS 2;2092097;"DF07    ";"DISTR. DE SANITARIOS FRANCO FIA S.R.L.            ";AV. GRAL PAZ 11863;951568;"203            ";"203 - LAVATORIO CROMO ""DIQUE""";30;30;30;23534228;190926064633408;184534911;;;;01/11/2032 00:00:00;20;14044058;19/09/2026 06:46:33;Maximiliano;Nievas;;;;;;Maximiliano Nievas;
14231810;19/09/2026 07:06:11;3;2;0008    2909-1;05;CAMIONETA DIARIOS 2;2092097;"DF07    ";"DISTR. DE SANITARIOS FRANCO FIA S.R.L.            ";AV. GRAL PAZ 11863;951620;"214/CR         ";214/CR - LAVATORIO CR/CR ARES;10;10;10;23534252;190926064918365;184699206;;;;01/27/2032 00:00:00;5;14044062;19/09/2026 06:49:18;Maximiliano;Nievas;;;;;;Maximiliano Nievas;
14231810;19/09/2026 07:06:11;3;2;0008    2909-1;05;CAMIONETA DIARIOS 2;2092097;"DF07    ";"DISTR. DE SANITARIOS FRANCO FIA S.R.L.            ";AV. GRAL PAZ 11863;952028;"314/CR         ";314/CR - BIDE CROMO ARES;10;10;10;23534252;190926064918365;184699207;;;;01/11/2032 00:00:00;5;14044062;19/09/2026 06:49:18;Maximiliano;Nievas;;;;;;Maximiliano Nievas;
14231810;19/09/2026 07:06:11;3;2;0008    2909-1;05;CAMIONETA DIARIOS 2;2092097;"DF07    ";"DISTR. DE SANITARIOS FRANCO FIA S.R.L.            ";AV. GRAL PAZ 11863;953055;"80-045         ";80-045 - DUCHA EMB.C/TRANSF CR  C.STD CRUZ;15;15;15;23534263;190926065023430;184699275;;;;01/04/2032 00:00:00;5;14044066;19/09/2026 06:50:23;Maximiliano;Nievas;;;;;;Maximiliano Nievas;
14231810;19/09/2026 07:06:11;3;2;0008    2909-1;05;CAMIONETA DIARIOS 2;2092097;"DF07    ";"DISTR. DE SANITARIOS FRANCO FIA S.R.L.            ";AV. GRAL PAZ 11863;951620;"214/CR         ";214/CR - LAVATORIO CR/CR ARES;10;10;10;23534263;190926065023430;184544365;;;;01/27/2032 00:00:00;5;14044066;19/09/2026 06:50:23;Maximiliano;Nievas;;;;;;Maximiliano Nievas;
14231810;19/09/2026 07:06:11;3;2;0008    2909-1;05;CAMIONETA DIARIOS 2;2092097;"DF07    ";"DISTR. DE SANITARIOS FRANCO FIA S.R.L.            ";AV. GRAL PAZ 11863;953055;"80-045         ";80-045 - DUCHA EMB.C/TRANSF CR  C.STD CRUZ;15;15;15;23534279;190926065145511;184699385;;;;01/04/2032 00:00:00;5;14044068;19/09/2026 06:51:45;Maximiliano;Nievas;;;;;;Maximiliano Nievas;
14231810;19/09/2026 07:06:11;3;2;0008    2909-1;05;CAMIONETA DIARIOS 2;2092097;"DF07    ";"DISTR. DE SANITARIOS FRANCO FIA S.R.L.            ";AV. GRAL PAZ 11863;953406;"90-045         ";90-045 - PACK GRIF LAV-BID-DUCHA C/TRANSF CRUZ;20;20;20;23534279;190926065145511;184699386;;;;08/04/2031 00:00:00;4;14044068;19/09/2026 06:51:45;Maximiliano;Nievas;;;;;;Maximiliano Nievas;
14231810;19/09/2026 07:06:11;3;2;0008    2909-1;05;CAMIONETA DIARIOS 2;2092097;"DF07    ";"DISTR. DE SANITARIOS FRANCO FIA S.R.L.            ";AV. GRAL PAZ 11863;953055;"80-045         ";80-045 - DUCHA EMB.C/TRANSF CR  C.STD CRUZ;15;15;15;23534331;190926065618969;184699634;;;;01/04/2032 00:00:00;3;14044091;19/09/2026 06:56:18;Maximiliano;Nievas;;;;;;Maximiliano Nievas;
14231810;19/09/2026 07:06:11;3;2;0008    2909-1;05;CAMIONETA DIARIOS 2;2092097;"DF07    ";"DISTR. DE SANITARIOS FRANCO FIA S.R.L.            ";AV. GRAL PAZ 11863;952856;"70-045         ";70-045 - BIDE CROMO C.STD CRUZ;10;10;10;23534331;190926065618969;184699633;;;;02/01/2032 00:00:00;7;14044091;19/09/2026 06:56:18;Maximiliano;Nievas;;;;;;Maximiliano Nievas;
14231810;19/09/2026 07:06:11;3;2;0008    2909-1;05;CAMIONETA DIARIOS 2;2092097;"DF07    ";"DISTR. DE SANITARIOS FRANCO FIA S.R.L.            ";AV. GRAL PAZ 11863;952028;"314/CR         ";314/CR - BIDE CROMO ARES;10;10;10;23534335;190926065701960;184544326;;;;01/11/2032 00:00:00;5;14044099;19/09/2026 06:57:01;Maximiliano;Nievas;;;;;;Maximiliano Nievas;
14231810;19/09/2026 07:06:11;3;2;0008    2909-1;05;CAMIONETA DIARIOS 2;2092097;"DF07    ";"DISTR. DE SANITARIOS FRANCO FIA S.R.L.            ";AV. GRAL PAZ 11863;953432;"910/M          ";"910/M - JGO.MDA.P.CANO CROMO ""DIQUE""";30;30;30;23534335;190926065701960;184699677;;;;12/21/2031 00:00:00;5;14044099;19/09/2026 06:57:01;Maximiliano;Nievas;;;;;;Maximiliano Nievas;
14231810;19/09/2026 07:06:11;3;2;0008    2909-1;05;CAMIONETA DIARIOS 2;2092097;"DF07    ";"DISTR. DE SANITARIOS FRANCO FIA S.R.L.            ";AV. GRAL PAZ 11863;953432;"910/M          ";"910/M - JGO.MDA.P.CANO CROMO ""DIQUE""";30;30;30;23534340;190926065747947;184699749;;;;12/21/2031 00:00:00;10;14044104;19/09/2026 06:57:47;Maximiliano;Nievas;;;;;;Maximiliano Nievas;
14231810;19/09/2026 07:06:11;3;2;0008    2909-1;05;CAMIONETA DIARIOS 2;2092097;"DF07    ";"DISTR. DE SANITARIOS FRANCO FIA S.R.L.            ";AV. GRAL PAZ 11863;953432;"910/M          ";"910/M - JGO.MDA.P.CANO CROMO ""DIQUE""";30;30;30;23534356;190926065832292;184699797;;;;12/21/2031 00:00:00;10;14044109;19/09/2026 06:58:32;Maximiliano;Nievas;;;;;;Maximiliano Nievas;
14231810;19/09/2026 07:06:11;3;2;0008    2909-1;05;CAMIONETA DIARIOS 2;2092097;"DF07    ";"DISTR. DE SANITARIOS FRANCO FIA S.R.L.            ";AV. GRAL PAZ 11863;953432;"910/M          ";"910/M - JGO.MDA.P.CANO CROMO ""DIQUE""";30;30;30;23534384;190926065933919;184537764;;;;12/21/2031 00:00:00;5;14044116;19/09/2026 06:59:33;Maximiliano;Nievas;;;;;;Maximiliano Nievas;
14231810;19/09/2026 07:06:11;3;2;0008    2909-1;05;CAMIONETA DIARIOS 2;2092097;"DF07    ";"DISTR. DE SANITARIOS FRANCO FIA S.R.L.            ";AV. GRAL PAZ 11863;953406;"90-045         ";90-045 - PACK GRIF LAV-BID-DUCHA C/TRANSF CRUZ;20;20;20;23534384;190926065933919;184699866;;;;08/04/2031 00:00:00;4;14044116;19/09/2026 06:59:33;Maximiliano;Nievas;;;;;;Maximiliano Nievas;
14231810;19/09/2026 07:06:11;3;2;0008    2909-1;05;CAMIONETA DIARIOS 2;2092097;"DF07    ";"DISTR. DE SANITARIOS FRANCO FIA S.R.L.            ";AV. GRAL PAZ 11863;953406;"90-045         ";90-045 - PACK GRIF LAV-BID-DUCHA C/TRANSF CRUZ;20;20;20;23534397;190926070137602;184700015;;;;08/04/2031 00:00:00;4;14044134;19/09/2026 07:01:37;Maximiliano;Nievas;;;;;;Maximiliano Nievas;
14231810;19/09/2026 07:06:11;3;2;0008    2909-1;05;CAMIONETA DIARIOS 2;2092097;"DF07    ";"DISTR. DE SANITARIOS FRANCO FIA S.R.L.            ";AV. GRAL PAZ 11863;952856;"70-045         ";70-045 - BIDE CROMO C.STD CRUZ;10;10;10;23534434;190926070433907;184541022;;;;02/01/2032 00:00:00;3;14044150;19/09/2026 07:04:33;Maximiliano;Nievas;;;;;;Maximiliano Nievas;
14231810;19/09/2026 07:06:11;3;2;0008    2909-1;05;CAMIONETA DIARIOS 2;2092097;"DF07    ";"DISTR. DE SANITARIOS FRANCO FIA S.R.L.            ";AV. GRAL PAZ 11863;952874;"70-100G        ";70-100G - BIDE GOLD C.CERAM FABRIC;2;2;2;23534434;190926070433907;184539270;;;;07/29/2031 00:00:00;2;14044150;19/09/2026 07:04:33;Maximiliano;Nievas;;;;;;Maximiliano Nievas;
14231810;19/09/2026 07:06:11;3;2;0008    2909-1;05;CAMIONETA DIARIOS 2;2092097;"DF07    ";"DISTR. DE SANITARIOS FRANCO FIA S.R.L.            ";AV. GRAL PAZ 11863;953055;"80-045         ";80-045 - DUCHA EMB.C/TRANSF CR  C.STD CRUZ;15;15;15;23534434;190926070433907;184540215;;;;01/04/2032 00:00:00;2;14044150;19/09/2026 07:04:33;Maximiliano;Nievas;;;;;;Maximiliano Nievas;
14231810;19/09/2026 07:06:11;3;2;0008    2909-1;05;CAMIONETA DIARIOS 2;2092097;"DF07    ";"DISTR. DE SANITARIOS FRANCO FIA S.R.L.            ";AV. GRAL PAZ 11863;953324;"835            ";835 - JGO.MDA. P.FUNDIDO CR MURCIA;6;6;6;23534434;190926070433907;184700238;;;;07/29/2031 00:00:00;3;14044150;19/09/2026 07:04:33;Maximiliano;Nievas;;;;;;Maximiliano Nievas;
14231810;19/09/2026 07:06:11;3;2;0008    2909-1;05;CAMIONETA DIARIOS 2;2092097;"DF07    ";"DISTR. DE SANITARIOS FRANCO FIA S.R.L.            ";AV. GRAL PAZ 11863;953406;"90-045         ";90-045 - PACK GRIF LAV-BID-DUCHA C/TRANSF CRUZ;20;20;20;23534447;190926070524153;184700309;;;;08/04/2031 00:00:00;4;14044155;19/09/2026 07:05:24;Maximiliano;Nievas;;;;;;Maximiliano Nievas;
14231810;19/09/2026 07:06:11;3;2;0008    2909-1;05;CAMIONETA DIARIOS 2;2092097;"DF07    ";"DISTR. DE SANITARIOS FRANCO FIA S.R.L.            ";AV. GRAL PAZ 11863;953406;"90-045         ";90-045 - PACK GRIF LAV-BID-DUCHA C/TRANSF CRUZ;20;20;20;23534450;190926070537141;184542207;;;;08/04/2031 00:00:00;4;14044162;19/09/2026 07:05:37;Maximiliano;Nievas;;;;;;Maximiliano Nievas;
14231810;19/09/2026 07:06:11;3;2;0008    2909-1;05;CAMIONETA DIARIOS 2;2092097;"DF07    ";"DISTR. DE SANITARIOS FRANCO FIA S.R.L.            ";AV. GRAL PAZ 11863;953445;"919/M          ";919/M - JGO.MDA.P.CANO CROMO LAZA;10;10;10;23534454;190926070555361;184538348;;;;01/31/2032 00:00:00;10;14044165;19/09/2026 07:05:55;Maximiliano;Nievas;;;;;;Maximiliano Nievas;
14231813;18/09/2026 14:37:23;3;2;0001  215206-1;05;CAMIONETA DIARIOS 2;2093575;"MO21    ";"MATERIALES OS-CAR S.R.L.                          ";BEAZLEY 3930;951553;"20-184         ";"MONOCOMANDO DE COCINA CR SUV                                          ";4;4;4;23510572;180926143235134;184544547;;;;10/04/2031 00:00:00;4;14036838;18/09/2026 14:32:35;Maximiliano;Nievas;24783625;18/09/2026 11:47:14;7636;Kevin;Arce;Maximiliano Nievas;Kevin Arce
14231813;18/09/2026 14:37:23;3;2;0001  215206-1;05;CAMIONETA DIARIOS 2;2093575;"MO21    ";"MATERIALES OS-CAR S.R.L.                          ";BEAZLEY 3930;952618;"60-133         ";60-133 - LAVATORIO MONOCOMANDO LUGO;4;4;4;23510572;180926143235134;184553898;;;;07/29/2031 00:00:00;4;14036838;18/09/2026 14:32:35;Maximiliano;Nievas;24783625;18/09/2026 11:47:14;7636;Kevin;Arce;Maximiliano Nievas;Kevin Arce
14231813;18/09/2026 14:37:23;3;2;0001  215206-1;05;CAMIONETA DIARIOS 2;2093575;"MO21    ";"MATERIALES OS-CAR S.R.L.                          ";BEAZLEY 3930;952582;"60-057         ";60-057 - LAVATORIO C.STD VERIN PLUS;4;4;4;23512454;180926143723382;184544737;;;;01/31/2032 00:00:00;2;14036903;18/09/2026 14:37:23;Maximiliano;Nievas;24785435;18/09/2026 11:58:52;6922;Franco;Potenza;Maximiliano Nievas;Franco Potenza
14231813;18/09/2026 14:37:23;3;2;0001  215206-1;05;CAMIONETA DIARIOS 2;2093575;"MO21    ";"MATERIALES OS-CAR S.R.L.                          ";BEAZLEY 3930;953055;"80-045         ";80-045 - DUCHA EMB.C/TRANSF CR  C.STD CRUZ;6;6;6;23523385;180926143358258;184549045;;;;01/04/2032 00:00:00;6;14036934;18/09/2026 14:33:58;Maximiliano;Nievas;;;;;;Maximiliano Nievas;
14231813;18/09/2026 14:37:23;3;2;0001  215206-1;05;CAMIONETA DIARIOS 2;2093575;"MO21    ";"MATERIALES OS-CAR S.R.L.                          ";BEAZLEY 3930;953059;"80-057         ";80-057 - DUCHA EMB. C/TRANSF. C.STD VERIN PLUS;4;4;4;23523385;180926143358258;184545003;;;;02/08/2032 00:00:00;4;14036934;18/09/2026 14:33:58;Maximiliano;Nievas;;;;;;Maximiliano Nievas;
14231813;18/09/2026 14:37:23;3;2;0001  215206-1;05;CAMIONETA DIARIOS 2;2093575;"MO21    ";"MATERIALES OS-CAR S.R.L.                          ";BEAZLEY 3930;952438;"51-058         ";51-058 - COCINA MESADA CR C.STD MALBA;6;6;6;23523454;180926143508910;184544194;;;;10/19/2031 00:00:00;6;14036994;18/09/2026 14:35:08;Maximiliano;Nievas;;;;;;Maximiliano Nievas;
14231813;18/09/2026 14:37:23;3;2;0001  215206-1;05;CAMIONETA DIARIOS 2;2093575;"MO21    ";"MATERIALES OS-CAR S.R.L.                          ";BEAZLEY 3930;952856;"70-045         ";70-045 - BIDE CROMO C.STD CRUZ;4;4;4;23523454;180926143508910;184549554;;;;02/01/2032 00:00:00;4;14036994;18/09/2026 14:35:08;Maximiliano;Nievas;;;;;;Maximiliano Nievas;
14231813;18/09/2026 14:37:23;3;2;0001  215206-1;05;CAMIONETA DIARIOS 2;2093575;"MO21    ";"MATERIALES OS-CAR S.R.L.                          ";BEAZLEY 3930;952471;"53-002         ";53-002 - COCINA PARED EXT. P.ALTO RENACER;2;2;2;23523522;180926143623835;184547087;;;;07/29/2031 00:00:00;2;14037042;18/09/2026 14:36:23;Maximiliano;Nievas;;;;;;Maximiliano Nievas;
14231813;18/09/2026 14:37:23;3;2;0001  215206-1;05;CAMIONETA DIARIOS 2;2093575;"MO21    ";"MATERIALES OS-CAR S.R.L.                          ";BEAZLEY 3930;952488;"54-002         ";54-002 - COCINA PARED EXT. P.BAJO RENACER;2;2;2;23523522;180926143623835;184546864;;;;07/31/2031 00:00:00;2;14037042;18/09/2026 14:36:23;Maximiliano;Nievas;;;;;;Maximiliano Nievas;
14231813;18/09/2026 14:37:23;3;2;0001  215206-1;05;CAMIONETA DIARIOS 2;2093575;"MO21    ";"MATERIALES OS-CAR S.R.L.                          ";BEAZLEY 3930;952582;"60-057         ";60-057 - LAVATORIO C.STD VERIN PLUS;4;4;4;23523522;180926143623835;184618538;;;;01/31/2032 00:00:00;2;14037042;18/09/2026 14:36:23;Maximiliano;Nievas;;;;;;Maximiliano Nievas;
14231813;18/09/2026 14:37:23;3;2;0001  215206-1;05;CAMIONETA DIARIOS 2;2093575;"MO21    ";"MATERIALES OS-CAR S.R.L.                          ";BEAZLEY 3930;953244;"814/CRC        ";814/CRC - MESADA P.FUNDIDO CR/CR C.CERAM. ARES;2;2;2;23523522;180926143623835;184548532;;;;02/16/2032 00:00:00;2;14037042;18/09/2026 14:36:23;Maximiliano;Nievas;;;;;;Maximiliano Nievas;
14231813;18/09/2026 14:37:23;3;2;0001  215206-1;05;CAMIONETA DIARIOS 2;2093575;"MO21    ";"MATERIALES OS-CAR S.R.L.                          ";BEAZLEY 3930;953324;"835            ";835 - JGO.MDA. P.FUNDIDO CR MURCIA;2;2;2;23523522;180926143623835;184545431;;;;07/29/2031 00:00:00;2;14037042;18/09/2026 14:36:23;Maximiliano;Nievas;;;;;;Maximiliano Nievas;
14232292;15/09/2026 13:11:38;3;2;0001  214933-1;05;CAMIONETA EXP 2;2093703;"NO08    ";"NOLCA S.A. -MR CERAMICOS                          ";CALLE 28 1796;954376;"A1539          ";"TAPA Y TECLA PARA VALVULA DE DESCARGA CUADRADA MINIMALISTA CR         ";2;2;2;23329547;150926105321176;183188695;;;;07/31/2031 00:00:00;2;13968042;15/09/2026 10:53:21;Tiago;Rodriguez;24604865;11/09/2026 10:58:43;7636;Kevin;Arce;Tiago Rodriguez;Kevin Arce
14232292;15/09/2026 13:11:38;3;2;0001  214933-1;05;CAMIONETA EXP 2;2093703;"NO08    ";"NOLCA S.A. -MR CERAMICOS                          ";CALLE 28 1796;953107;"80-162         ";80-162 - DUCHA EMB. C/TRANSF. CR C.CERAM ADRA;2;2;2;23360720;150926111800874;183433228;;;;07/29/2031 00:00:00;2;13968615;15/09/2026 11:18:00;Tiago;Rodriguez;24638046;14/09/2026 06:30:08;6922;Franco;Potenza;Tiago Rodriguez;Franco Potenza
14232292;15/09/2026 13:11:38;3;2;0001  214933-1;05;CAMIONETA EXP 2;2093703;"NO08    ";"NOLCA S.A. -MR CERAMICOS                          ";CALLE 28 1796;953059;"80-057         ";80-057 - DUCHA EMB. C/TRANSF. C.STD VERIN PLUS;4;4;4;23360720;150926111800874;183433527;;;;02/08/2032 00:00:00;4;13968615;15/09/2026 11:18:00;Tiago;Rodriguez;24638046;14/09/2026 06:30:08;6922;Franco;Potenza;Tiago Rodriguez;Franco Potenza
14232292;15/09/2026 13:11:38;3;2;0001  214933-1;05;CAMIONETA EXP 2;2093703;"NO08    ";"NOLCA S.A. -MR CERAMICOS                          ";CALLE 28 1796;952912;"70-162         ";70-162 - BIDE CR C.CERAM LINEA ADRA;4;4;4;23360720;150926111800874;183433192;;;;07/29/2031 00:00:00;4;13968615;15/09/2026 11:18:00;Tiago;Rodriguez;24638046;14/09/2026 06:30:08;6922;Franco;Potenza;Tiago Rodriguez;Franco Potenza
14232292;15/09/2026 13:11:38;3;2;0001  214933-1;05;CAMIONETA EXP 2;2093703;"NO08    ";"NOLCA S.A. -MR CERAMICOS                          ";CALLE 28 1796;951523;"20-134         ";20-134 - MONOCOMANDO COCINA BETIS;4;4;4;23360786;150926131137538;183433695;;;;08/11/2031 00:00:00;4;13970692;15/09/2026 13:11:37;Tiago;Rodriguez;24638102;14/09/2026 07:12:04;7152;Mirko;Hernandez;Tiago Rodriguez;Mirko Hernandez
14232292;15/09/2026 13:11:38;3;2;0001  214933-1;05;CAMIONETA EXP 2;2093703;"NO08    ";"NOLCA S.A. -MR CERAMICOS                          ";CALLE 28 1796;952909;"70-153         ";70-153 - BIDE CR C.CERAM CASTILLA;1;1;1;23406852;150926110930834;183434028;;;;10/20/2031 00:00:00;1;13968665;15/09/2026 11:09:30;Tiago;Rodriguez;;;;;;Tiago Rodriguez;
14232292;15/09/2026 13:11:38;3;2;0001  214933-1;05;CAMIONETA EXP 2;2093703;"NO08    ";"NOLCA S.A. -MR CERAMICOS                          ";CALLE 28 1796;952862;"70-058         ";70-058 - BIDE CR C.STD MALBA;4;4;4;23406852;150926110930834;183433652;;;;10/20/2031 00:00:00;4;13968665;15/09/2026 11:09:30;Tiago;Rodriguez;;;;;;Tiago Rodriguez;
14232292;15/09/2026 13:11:38;3;2;0001  214933-1;05;CAMIONETA EXP 2;2093703;"NO08    ";"NOLCA S.A. -MR CERAMICOS                          ";CALLE 28 1796;952583;"60-058         ";60-058 - LAVATORIO CR C.STD MALBA;5;5;5;23406852;150926110930834;183433690;;;;12/03/2031 00:00:00;5;13968665;15/09/2026 11:09:30;Tiago;Rodriguez;;;;;;Tiago Rodriguez;
14232292;15/09/2026 13:11:38;3;2;0001  214933-1;05;CAMIONETA EXP 2;2093703;"NO08    ";"NOLCA S.A. -MR CERAMICOS                          ";CALLE 28 1796;952542;"60-002         ";60-002 - LAVATORIO RENACER;6;6;6;23406908;150926111041733;183433819;;;;01/20/2032 00:00:00;6;13968698;15/09/2026 11:10:41;Tiago;Rodriguez;;;;;;Tiago Rodriguez;
14232292;15/09/2026 13:11:38;3;2;0001  214933-1;05;CAMIONETA EXP 2;2093703;"NO08    ";"NOLCA S.A. -MR CERAMICOS                          ";CALLE 28 1796;953315;"83-162         ";"DUCHA EXT. C/TRANSF. C.CERAM ADRA                                     ";4;4;4;23406908;150926111041733;183434240;;;;07/31/2031 00:00:00;4;13968698;15/09/2026 11:10:41;Tiago;Rodriguez;;;;;;Tiago Rodriguez;
14232292;15/09/2026 13:11:38;3;2;0001  214933-1;05;CAMIONETA EXP 2;2093703;"NO08    ";"NOLCA S.A. -MR CERAMICOS                          ";CALLE 28 1796;952677;"60-203         ";60-203 - LAVATORIO MONOCOMANDO BAJO ADRA;4;4;4;23406966;150926111136346;183433983;;;;02/16/2032 00:00:00;4;13968727;15/09/2026 11:11:36;Tiago;Rodriguez;;;;;;Tiago Rodriguez;
14232292;15/09/2026 13:11:38;3;2;0001  214933-1;05;CAMIONETA EXP 2;2093703;"NO08    ";"NOLCA S.A. -MR CERAMICOS                          ";CALLE 28 1796;952634;"60-162         ";60-162 - LAVATORIO CR C.CERAM LINEA ADRA;6;6;6;23406966;150926111136346;183433159;;;;07/29/2031 00:00:00;6;13968727;15/09/2026 11:11:36;Tiago;Rodriguez;;;;;;Tiago Rodriguez;
14232292;15/09/2026 13:11:38;3;2;0001  214933-1;05;CAMIONETA EXP 2;2093703;"NO08    ";"NOLCA S.A. -MR CERAMICOS                          ";CALLE 28 1796;952860;"70-057         ";70-057 - BIDE C.STD VERIN PLUS;5;5;5;23407023;150926111237340;183433485;;;;01/31/2032 00:00:00;5;13968765;15/09/2026 11:12:37;Tiago;Rodriguez;;;;;;Tiago Rodriguez;
14232292;15/09/2026 13:11:38;3;2;0001  214933-1;05;CAMIONETA EXP 2;2093703;"NO08    ";"NOLCA S.A. -MR CERAMICOS                          ";CALLE 28 1796;953019;"80-002         ";80-002 - DUCHA EMB C/TRANSF. RENACER;2;2;2;23407023;150926111237340;183433747;;;;07/29/2031 00:00:00;2;13968765;15/09/2026 11:12:37;Tiago;Rodriguez;;;;;;Tiago Rodriguez;
14232292;15/09/2026 13:11:38;3;2;0001  214933-1;05;CAMIONETA EXP 2;2093703;"NO08    ";"NOLCA S.A. -MR CERAMICOS                          ";CALLE 28 1796;953060;"80-058         ";80-058 - DUCHA EMB. C/TRANSF. CR C.STD MALBA;3;3;3;23407023;150926111237340;183433619;;;;01/06/2032 00:00:00;3;13968765;15/09/2026 11:12:37;Tiago;Rodriguez;;;;;;Tiago Rodriguez;
14232292;15/09/2026 13:11:38;3;2;0001  214933-1;05;CAMIONETA EXP 2;2093703;"NO08    ";"NOLCA S.A. -MR CERAMICOS                          ";CALLE 28 1796;952582;"60-057         ";60-057 - LAVATORIO C.STD VERIN PLUS;6;6;6;23407259;150926111644207;183433387;;;;01/31/2032 00:00:00;6;13968892;15/09/2026 11:16:44;Tiago;Rodriguez;;;;;;Tiago Rodriguez;
14232292;15/09/2026 13:11:38;3;2;0001  214933-1;05;CAMIONETA EXP 2;2093703;"NO08    ";"NOLCA S.A. -MR CERAMICOS                          ";CALLE 28 1796;952822;"70-002         ";70-002 - BIDE RENACER;4;4;4;23407259;150926111644207;183433781;;;;07/31/2031 00:00:00;4;13968892;15/09/2026 11:16:44;Tiago;Rodriguez;;;;;;Tiago Rodriguez;
14232292;15/09/2026 13:11:38;3;2;0001  214933-1;05;CAMIONETA EXP 2;2093703;"NO08    ";"NOLCA S.A. -MR CERAMICOS                          ";CALLE 28 1796;952438;"51-058         ";51-058 - COCINA MESADA CR C.STD MALBA;3;3;3;23407271;150926111701845;183433254;;;;10/19/2031 00:00:00;3;13968902;15/09/2026 11:17:01;Tiago;Rodriguez;;;;;;Tiago Rodriguez;
14232292;15/09/2026 13:11:38;3;2;0001  214933-1;05;CAMIONETA EXP 2;2093703;"NO08    ";"NOLCA S.A. -MR CERAMICOS                          ";CALLE 28 1796;952449;"51-107         ";51-107 - JGO. MESADA CR C.CERAM BEDIA;2;2;2;23407271;150926111701845;183433928;;;;11/10/2031 00:00:00;2;13968902;15/09/2026 11:17:01;Tiago;Rodriguez;;;;;;Tiago Rodriguez;
14232292;15/09/2026 13:11:38;3;2;0001  214933-1;05;CAMIONETA EXP 2;2093703;"NO08    ";"NOLCA S.A. -MR CERAMICOS                          ";CALLE 28 1796;954382;"A1540          ";"CUERPO VALVULA DE DESAGOTE P/INODORO TECNO 02-010/011                 ";2;2;2;23407293;150926111729104;183434484;;;;07/28/2031 00:00:00;2;13968919;15/09/2026 11:17:29;Tiago;Rodriguez;;;;;;Tiago Rodriguez;
14232292;15/09/2026 13:11:38;3;2;0001  214933-1;05;CAMIONETA EXP 2;2093703;"NO08    ";"NOLCA S.A. -MR CERAMICOS                          ";CALLE 28 1796;952631;"60-153         ";60-153 - LAVATORIO CR C.CERAMICO CASTILLA;1;1;1;23407293;150926111729104;183434048;;;;11/23/2031 00:00:00;1;13968919;15/09/2026 11:17:29;Tiago;Rodriguez;;;;;;Tiago Rodriguez;
14232292;15/09/2026 13:11:38;3;2;0001  214933-1;05;CAMIONETA EXP 2;2093703;"NO08    ";"NOLCA S.A. -MR CERAMICOS                          ";CALLE 28 1796;952620;"60-135         ";60-135 - LAVATORIO C.CERAM SANTANDER;1;1;1;23407293;150926111729104;183434131;;;;01/14/2032 00:00:00;1;13968919;15/09/2026 11:17:29;Tiago;Rodriguez;;;;;;Tiago Rodriguez;
14232292;15/09/2026 13:11:38;3;2;0001  214933-1;05;CAMIONETA EXP 2;2093703;"NO08    ";"NOLCA S.A. -MR CERAMICOS                          ";CALLE 28 1796;951653;"22-178         ";22-178 - MONOCOMANDO DE COCINA P/AGUA FILTRADA VITA;2;2;2;23410326;150926121036649;183435132;;;;12/23/2031 00:00:00;2;13970721;15/09/2026 12:10:36;Tiago;Rodriguez;;;;;;Tiago Rodriguez;
14232292;15/09/2026 13:11:38;3;2;0001  214933-1;05;CAMIONETA EXP 2;2093703;"NO08    ";"NOLCA S.A. -MR CERAMICOS                          ";CALLE 28 1796;953161;"80-205         ";80-205 - DUCHA EMB. C/TRANSF. MONOC STEEL;2;2;2;23410326;150926121036649;183436000;;;;08/11/2031 00:00:00;2;13970721;15/09/2026 12:10:36;Tiago;Rodriguez;;;;;;Tiago Rodriguez;
14232292;15/09/2026 13:11:38;3;2;0001  214933-1;05;CAMIONETA EXP 2;2093703;"NO08    ";"NOLCA S.A. -MR CERAMICOS                          ";CALLE 28 1796;952719;"61-183         ";"LAVATORIO MONOCOMANDO ALTO MAT                                        ";2;2;2;23410370;150926121111758;183434378;;;;11/02/2031 00:00:00;2;13970742;15/09/2026 12:11:11;Tiago;Rodriguez;;;;;;Tiago Rodriguez;
14232292;15/09/2026 13:11:38;3;2;0001  214933-1;05;CAMIONETA EXP 2;2093703;"NO08    ";"NOLCA S.A. -MR CERAMICOS                          ";CALLE 28 1796;952714;"61-180         ";61-180 - LAVATORIO MONOCOMANDO ALTO VERA;2;2;2;23410370;150926121111758;183435465;;;;07/28/2031 00:00:00;2;13970742;15/09/2026 12:11:11;Tiago;Rodriguez;;;;;;Tiago Rodriguez;
14232292;15/09/2026 13:11:38;3;2;0001  214933-1;05;CAMIONETA EXP 2;2093703;"NO08    ";"NOLCA S.A. -MR CERAMICOS                          ";CALLE 28 1796;951552;"20-183         ";"MONOCOMANDO DE COCINA MAT                                             ";2;2;2;23410370;150926121111758;183434642;;;;11/02/2031 00:00:00;2;13970742;15/09/2026 12:11:11;Tiago;Rodriguez;;;;;;Tiago Rodriguez;
14232292;15/09/2026 13:11:38;3;2;0001  214933-1;05;CAMIONETA EXP 2;2093703;"NO08    ";"NOLCA S.A. -MR CERAMICOS                          ";CALLE 28 1796;951565;"20-205         ";20-205 - MONOCOMANDO DE COCINA STEEL;3;3;3;23410411;150926121157153;183435921;;;;07/28/2031 00:00:00;3;13970768;15/09/2026 12:11:57;Tiago;Rodriguez;;;;;;Tiago Rodriguez;
14232292;15/09/2026 13:11:38;3;2;0001  214933-1;05;CAMIONETA EXP 2;2093703;"NO08    ";"NOLCA S.A. -MR CERAMICOS                          ";CALLE 28 1796;951530;"20-146         ";20-146 - MONOCOMANDO DE COCINA CR LINEA MOVE;3;3;3;23410411;150926121157153;183434782;;;;10/09/2031 00:00:00;3;13970768;15/09/2026 12:11:57;Tiago;Rodriguez;;;;;;Tiago Rodriguez;
14232292;15/09/2026 13:11:38;3;2;0001  214933-1;05;CAMIONETA EXP 2;2093703;"NO08    ";"NOLCA S.A. -MR CERAMICOS                          ";CALLE 28 1796;952728;"61-205         ";61-205 - LAVATORIO MONOC ALTO STEEL;3;3;3;23410438;150926121243026;183436571;;;;07/28/2031 00:00:00;3;13970796;15/09/2026 12:12:43;Tiago;Rodriguez;;;;;;Tiago Rodriguez;
14232292;15/09/2026 13:11:38;3;2;0001  214933-1;05;CAMIONETA EXP 2;2093703;"NO08    ";"NOLCA S.A. -MR CERAMICOS                          ";CALLE 28 1796;951553;"20-184         ";"MONOCOMANDO DE COCINA CR SUV                                          ";2;2;2;23410438;150926121243026;183436416;;;;10/04/2031 00:00:00;2;13970796;15/09/2026 12:12:43;Tiago;Rodriguez;;;;;;Tiago Rodriguez;
14232292;15/09/2026 13:11:38;3;2;0001  214933-1;05;CAMIONETA EXP 2;2093703;"NO08    ";"NOLCA S.A. -MR CERAMICOS                          ";CALLE 28 1796;951535;"20-160         ";20-160 - MONOCOMANDO MESADA COCINA DIQUE;4;4;4;23410438;150926121243026;183434835;;;;07/28/2031 00:00:00;4;13970796;15/09/2026 12:12:43;Tiago;Rodriguez;;;;;;Tiago Rodriguez;
14232292;15/09/2026 13:11:38;3;2;0001  214933-1;05;CAMIONETA EXP 2;2093703;"NO08    ";"NOLCA S.A. -MR CERAMICOS                          ";CALLE 28 1796;952647;"60-176         ";"LAVATORIO MONOCOMANDO BAJO CR RIO                                     ";4;4;4;23410507;150926121407685;183435574;;;;10/11/2031 00:00:00;4;13970836;15/09/2026 12:14:07;Tiago;Rodriguez;;;;;;Tiago Rodriguez;
14232292;15/09/2026 13:11:38;3;2;0001  214933-1;05;CAMIONETA EXP 2;2093703;"NO08    ";"NOLCA S.A. -MR CERAMICOS                          ";CALLE 28 1796;952650;"60-180         ";60-180 - LAVATORIO MONOCOMANDO BAJO VERA;2;2;2;23410507;150926121407685;183435376;;;;07/28/2031 00:00:00;2;13970836;15/09/2026 12:14:07;Tiago;Rodriguez;;;;;;Tiago Rodriguez;
14232292;15/09/2026 13:11:38;3;2;0001  214933-1;05;CAMIONETA EXP 2;2093703;"NO08    ";"NOLCA S.A. -MR CERAMICOS                          ";CALLE 28 1796;952928;"70-180         ";70-180 - BIDE MONOCOMANDO C/TRANSF. VERA;1;1;1;23410507;150926121407685;183435335;;;;07/27/2031 00:00:00;1;13970836;15/09/2026 12:14:07;Tiago;Rodriguez;;;;;;Tiago Rodriguez;
14232292;15/09/2026 13:11:38;3;2;0001  214933-1;05;CAMIONETA EXP 2;2093703;"NO08    ";"NOLCA S.A. -MR CERAMICOS                          ";CALLE 28 1796;952954;"70-203         ";70-203 - BIDE MONOCOMANDO ADRA;3;3;3;23410507;150926121407685;183434146;;;;07/29/2031 00:00:00;3;13970836;15/09/2026 12:14:07;Tiago;Rodriguez;;;;;;Tiago Rodriguez;
14232292;15/09/2026 13:11:38;3;2;0001  214933-1;05;CAMIONETA EXP 2;2093703;"NO08    ";"NOLCA S.A. -MR CERAMICOS                          ";CALLE 28 1796;952956;"70-205         ";70-205 - BIDE MONOCOMANDO STEEL;2;2;2;23410507;150926121407685;183436728;;;;11/08/2031 00:00:00;2;13970836;15/09/2026 12:14:07;Tiago;Rodriguez;;;;;;Tiago Rodriguez;
14232292;15/09/2026 13:11:38;3;2;0001  214933-1;05;CAMIONETA EXP 2;2093703;"NO08    ";"NOLCA S.A. -MR CERAMICOS                          ";CALLE 28 1796;952679;"60-205         ";60-205 - LAVATORIO MONOC BAJO STEEL;4;4;4;23412242;150926125158245;183436521;;;;07/28/2031 00:00:00;4;13971768;15/09/2026 12:51:58;Tiago;Rodriguez;;;;;;Tiago Rodriguez;
14232292;15/09/2026 13:11:38;3;2;0001  214933-1;05;CAMIONETA EXP 2;2093703;"NO08    ";"NOLCA S.A. -MR CERAMICOS                          ";CALLE 28 1796;950974;"10005BL        ";"SET DE 5 PIEZAS LINEA 10000 BLACK                                     ";1;1;1;23412305;150926125306635;183435291;;;;07/28/2031 00:00:00;1;13971793;15/09/2026 12:53:06;Tiago;Rodriguez;;;;;;Tiago Rodriguez;
14232292;15/09/2026 13:11:38;3;2;0001  214933-1;05;CAMIONETA EXP 2;2093703;"NO08    ";"NOLCA S.A. -MR CERAMICOS                          ";CALLE 28 1796;951737;"3005           ";3005 - SET DE 5 PIEZAS LINEA 3000;1;1;1;23412305;150926125306635;183434044;;;;07/27/2031 00:00:00;1;13971793;15/09/2026 12:53:06;Tiago;Rodriguez;;;;;;Tiago Rodriguez;
14232292;15/09/2026 13:11:38;3;2;0001  214933-1;05;CAMIONETA EXP 2;2093703;"NO08    ";"NOLCA S.A. -MR CERAMICOS                          ";CALLE 28 1796;953056;"8005           ";8005 - SET DE 5 PIEZAS LINEA 8000;3;3;3;23412305;150926125306635;183436079;;;;07/27/2031 00:00:00;3;13971793;15/09/2026 12:53:06;Tiago;Rodriguez;;;;;;Tiago Rodriguez;
14232292;15/09/2026 13:11:38;3;2;0001  214933-1;05;CAMIONETA EXP 2;2093703;"NO08    ";"NOLCA S.A. -MR CERAMICOS                          ";CALLE 28 1796;951748;"3006           ";3006 - SET DE 6 PIEZAS LINEA 3000;1;1;1;23412333;150926125339224;183434959;;;;07/29/2031 00:00:00;1;13971807;15/09/2026 12:53:39;Tiago;Rodriguez;;;;;;Tiago Rodriguez;
14232292;15/09/2026 13:11:38;3;2;0001  214933-1;05;CAMIONETA EXP 2;2093703;"NO08    ";"NOLCA S.A. -MR CERAMICOS                          ";CALLE 28 1796;951116;"12006          ";"SET DE 6 PIEZAS LINEA 12000                                           ";4;4;4;23412333;150926125339224;183434916;;;;07/30/2031 00:00:00;4;13971807;15/09/2026 12:53:39;Tiago;Rodriguez;;;;;;Tiago Rodriguez;
14232292;15/09/2026 13:11:38;3;2;0001  214933-1;05;CAMIONETA EXP 2;2093703;"NO08    ";"NOLCA S.A. -MR CERAMICOS                          ";CALLE 28 1796;950978;"10006CR        ";"SET DE 6 PIEZAS LINEA 10000 MINIMALISTA                               ";1;1;1;23412389;150926125439070;183435259;;;;07/28/2031 00:00:00;1;13971832;15/09/2026 12:54:39;Tiago;Rodriguez;;;;;;Tiago Rodriguez;
14232292;15/09/2026 13:11:38;3;2;0001  214933-1;05;CAMIONETA EXP 2;2093703;"NO08    ";"NOLCA S.A. -MR CERAMICOS                          ";CALLE 28 1796;951098;"11006          ";"SET DE 6 PIEZAS LINEA 11000                                           ";1;1;1;23412389;150926125439070;183435058;;;;07/29/2031 00:00:00;1;13971832;15/09/2026 12:54:39;Tiago;Rodriguez;;;;;;Tiago Rodriguez;
14232292;15/09/2026 13:11:38;3;2;0001  214933-1;05;CAMIONETA EXP 2;2093703;"NO08    ";"NOLCA S.A. -MR CERAMICOS                          ";CALLE 28 1796;951132;"13006          ";"SET DE 6 PIEZAS LINEA 13000                                           ";1;1;1;23412389;150926125439070;183433742;;;;07/28/2031 00:00:00;1;13971832;15/09/2026 12:54:39;Tiago;Rodriguez;;;;;;Tiago Rodriguez;
14232292;15/09/2026 13:11:38;3;2;0001  214933-1;05;CAMIONETA EXP 2;2093703;"NO08    ";"NOLCA S.A. -MR CERAMICOS                          ";CALLE 28 1796;951258;"16006          ";16006 - SET 6 PIEZAS ACCESORIOS LINEA 16000;1;1;1;23412389;150926125439070;183433715;;;;07/29/2031 00:00:00;1;13971832;15/09/2026 12:54:39;Tiago;Rodriguez;;;;;;Tiago Rodriguez;
14232292;15/09/2026 13:11:38;3;2;0001  214933-1;05;CAMIONETA EXP 2;2093703;"NO08    ";"NOLCA S.A. -MR CERAMICOS                          ";CALLE 28 1796;953157;"80-203         ";80-203 - DUCHA EMB C/TRANSF. MONOCOMANDO ADRA;2;2;2;23412436;150926125551695;183436159;;;;07/27/2031 00:00:00;2;13971868;15/09/2026 12:55:51;Tiago;Rodriguez;;;;;;Tiago Rodriguez;
14232292;15/09/2026 13:11:38;3;2;0001  214933-1;05;CAMIONETA EXP 2;2093703;"NO08    ";"NOLCA S.A. -MR CERAMICOS                          ";CALLE 28 1796;952618;"60-133         ";60-133 - LAVATORIO MONOCOMANDO LUGO;10;10;10;23412436;150926125551695;183815467;;;;07/29/2031 00:00:00;4;13971868;15/09/2026 12:55:51;Tiago;Rodriguez;;;;;;Tiago Rodriguez;
14232292;15/09/2026 13:11:38;3;2;0001  214933-1;05;CAMIONETA EXP 2;2093703;"NO08    ";"NOLCA S.A. -MR CERAMICOS                          ";CALLE 28 1796;952713;"61-176N        ";61-176N - LAVATORIO MONOC ALTO BLACK RIO;1;1;1;23412510;150926125737098;183435518;;;;07/29/2031 00:00:00;1;13971911;15/09/2026 12:57:37;Tiago;Rodriguez;;;;;;Tiago Rodriguez;
14232292;15/09/2026 13:11:38;3;2;0001  214933-1;05;CAMIONETA EXP 2;2093703;"NO08    ";"NOLCA S.A. -MR CERAMICOS                          ";CALLE 28 1796;953312;"83-133         ";83-133 - DUCHA EXT. C/TRANSF. MONOCOMANDO LUGO;8;8;8;23412510;150926125737098;183815986;;;;09/03/2031 00:00:00;2;13971911;15/09/2026 12:57:37;Tiago;Rodriguez;;;;;;Tiago Rodriguez;
14232292;15/09/2026 13:11:38;3;2;0001  214933-1;05;CAMIONETA EXP 2;2093703;"NO08    ";"NOLCA S.A. -MR CERAMICOS                          ";CALLE 28 1796;953320;"83-203         ";83-203 - DUCHA EXT C/TRANSF. MONOCOMANDO ADRA;2;2;2;23412510;150926125737098;183434321;;;;07/29/2031 00:00:00;2;13971911;15/09/2026 12:57:37;Tiago;Rodriguez;;;;;;Tiago Rodriguez;
14232292;15/09/2026 13:11:38;3;2;0001  214933-1;05;CAMIONETA EXP 2;2093703;"NO08    ";"NOLCA S.A. -MR CERAMICOS                          ";CALLE 28 1796;953322;"83-205         ";83-205 - DUCHA EXT C/TRANSF MONOC STEEL PICO CURVO;2;2;2;23412570;150926125854786;183437249;;;;07/27/2031 00:00:00;2;13971948;15/09/2026 12:58:54;Tiago;Rodriguez;;;;;;Tiago Rodriguez;
14232292;15/09/2026 13:11:38;3;2;0001  214933-1;05;CAMIONETA EXP 2;2093703;"NO08    ";"NOLCA S.A. -MR CERAMICOS                          ";CALLE 28 1796;951488;"20-102         ";"20-102 - MONOCOMANDO MESADA CROMO ""RENACER""";12;12;12;23412570;150926125854786;183816362;;;;08/20/2031 00:00:00;4;13971948;15/09/2026 12:58:54;Tiago;Rodriguez;;;;;;Tiago Rodriguez;
14232292;15/09/2026 13:11:38;3;2;0001  214933-1;05;CAMIONETA EXP 2;2093703;"NO08    ";"NOLCA S.A. -MR CERAMICOS                          ";CALLE 28 1796;952655;"60-183         ";"LAVATORIO MONOCOMANDO BAJO MAT                                        ";4;4;4;23412676;150926130111786;183434594;;;;11/02/2031 00:00:00;4;13972015;15/09/2026 13:01:11;Tiago;Rodriguez;;;;;;Tiago Rodriguez;
14232292;15/09/2026 13:11:38;3;2;0001  214933-1;05;CAMIONETA EXP 2;2093703;"NO08    ";"NOLCA S.A. -MR CERAMICOS                          ";CALLE 28 1796;952933;"70-183         ";"BIDE MONOCOMANDO C/TRANSF MAT                                         ";3;3;3;23412676;150926130111786;183816955;;;;11/02/2031 00:00:00;2;13972015;15/09/2026 13:01:11;Tiago;Rodriguez;;;;;;Tiago Rodriguez;
14232292;15/09/2026 13:11:38;3;2;0001  214933-1;05;CAMIONETA EXP 2;2093703;"NO08    ";"NOLCA S.A. -MR CERAMICOS                          ";CALLE 28 1796;953125;"80-180         ";80-180 - DUCHA EMB. C/TRANSF. MONOCOMANDO VERA;1;1;1;23412773;150926130344185;183433581;;;;11/23/2031 00:00:00;1;13972069;15/09/2026 13:03:44;Tiago;Rodriguez;;;;;;Tiago Rodriguez;
14232292;15/09/2026 13:11:38;3;2;0001  214933-1;05;CAMIONETA EXP 2;2093703;"NO08    ";"NOLCA S.A. -MR CERAMICOS                          ";CALLE 28 1796;952933;"70-183         ";"BIDE MONOCOMANDO C/TRANSF MAT                                         ";3;3;3;23412773;150926130344185;183434433;;;;11/02/2031 00:00:00;1;13972069;15/09/2026 13:03:44;Tiago;Rodriguez;;;;;;Tiago Rodriguez;
14232292;15/09/2026 13:11:38;3;2;0001  214933-1;05;CAMIONETA EXP 2;2093703;"NO08    ";"NOLCA S.A. -MR CERAMICOS                          ";CALLE 28 1796;952800;"63-183         ";"LAVATORIO PARED EMB MONOCOMANDO MAT                                   ";2;2;2;23412773;150926130344185;183434616;;;;01/12/2032 00:00:00;2;13972069;15/09/2026 13:03:44;Tiago;Rodriguez;;;;;;Tiago Rodriguez;
14232292;15/09/2026 13:11:38;3;2;0001  214933-1;05;CAMIONETA EXP 2;2093703;"NO08    ";"NOLCA S.A. -MR CERAMICOS                          ";CALLE 28 1796;952661;"60-193         ";60-193 - LAVATORIO MONOCOMANDO BAJO MORA;2;2;2;23412773;150926130344185;183435159;;;;07/28/2031 00:00:00;2;13972069;15/09/2026 13:03:44;Tiago;Rodriguez;;;;;;Tiago Rodriguez;
14232292;15/09/2026 13:11:38;3;2;0001  214933-1;05;CAMIONETA EXP 2;2093703;"NO08    ";"NOLCA S.A. -MR CERAMICOS                          ";CALLE 28 1796;950895;"02-010         ";"VALVULA P/INODORO TEMPORIZADA TECNO                                   ";1;1;1;23412773;150926130344185;183436312;;;;07/28/2031 00:00:00;1;13972069;15/09/2026 13:03:44;Tiago;Rodriguez;;;;;;Tiago Rodriguez;
14232292;15/09/2026 13:11:38;3;2;0001  214933-1;05;CAMIONETA EXP 2;2093703;"NO08    ";"NOLCA S.A. -MR CERAMICOS                          ";CALLE 28 1796;953131;"80-183         ";"DUCHA EMB C/TRANSF MONOCOMANDO MAT                                    ";2;2;2;23412803;150926130442600;183434721;;;;11/02/2031 00:00:00;2;13972089;15/09/2026 13:04:42;Tiago;Rodriguez;;;;;;Tiago Rodriguez;
14232292;15/09/2026 13:11:38;3;2;0001  214933-1;05;CAMIONETA EXP 2;2093703;"NO08    ";"NOLCA S.A. -MR CERAMICOS                          ";CALLE 28 1796;951760;"3006SS         ";3006SS - SET DE 6 PIEZAS LINEA 3000 SS;3;3;3;23412834;150926130529490;183437177;;;;07/29/2031 00:00:00;3;13972110;15/09/2026 13:05:29;Tiago;Rodriguez;;;;;;Tiago Rodriguez;
14232292;15/09/2026 13:11:38;3;2;0001  214933-1;05;CAMIONETA EXP 2;2093703;"NO08    ";"NOLCA S.A. -MR CERAMICOS                          ";CALLE 28 1796;951546;"20-173         ";20-173 - COCINA MESADA MONOC. COLORS ROJO;2;2;2;23412845;150926130543648;183437101;;;;07/28/2031 00:00:00;2;13972118;15/09/2026 13:05:43;Tiago;Rodriguez;;;;;;Tiago Rodriguez;
14232292;15/09/2026 13:11:38;3;2;0001  214933-1;05;CAMIONETA EXP 2;2093703;"NO08    ";"NOLCA S.A. -MR CERAMICOS                          ";CALLE 28 1796;951833;"30-132         ";30-132 - COCINA MESADA MONOC. C/DUCHADOR EXTENSIBLE VIGO;1;1;1;23412845;150926130543648;183437407;;;;07/28/2031 00:00:00;1;13972118;15/09/2026 13:05:43;Tiago;Rodriguez;;;;;;Tiago Rodriguez;
14232292;15/09/2026 13:11:38;3;2;0001  214933-1;05;CAMIONETA EXP 2;2093703;"NO08    ";"NOLCA S.A. -MR CERAMICOS                          ";CALLE 28 1796;953183;"8050           ";8050 - JABONERA LINEA 8000;1;1;1;23412982;150926130854873;183437513;;;;07/27/2031 00:00:00;1;13972206;15/09/2026 13:08:54;Tiago;Rodriguez;;;;;;Tiago Rodriguez;
14232292;15/09/2026 13:11:38;3;2;0001  214933-1;05;CAMIONETA EXP 2;2093703;"NO08    ";"NOLCA S.A. -MR CERAMICOS                          ";CALLE 28 1796;953167;"8030           ";8030 - PERCHA LINEA 8000;2;2;2;23412982;150926130854873;183437563;;;;07/29/2031 00:00:00;2;13972206;15/09/2026 13:08:54;Tiago;Rodriguez;;;;;;Tiago Rodriguez;
14232292;15/09/2026 13:11:38;3;2;0001  214933-1;05;CAMIONETA EXP 2;2093703;"NO08    ";"NOLCA S.A. -MR CERAMICOS                          ";CALLE 28 1796;951993;"3070           ";3070 - JABONERA PARA BAÑERA LINEA 3000;2;2;2;23412982;150926130854873;183437681;;;;07/31/2031 00:00:00;2;13972206;15/09/2026 13:08:54;Tiago;Rodriguez;;;;;;Tiago Rodriguez;
14232292;15/09/2026 13:11:38;3;2;0001  214933-1;05;CAMIONETA EXP 2;2093703;"NO08    ";"NOLCA S.A. -MR CERAMICOS                          ";CALLE 28 1796;951983;"3050           ";3050 - JABONERA LINEA 3000;1;1;1;23412982;150926130854873;183437744;;;;07/27/2031 00:00:00;1;13972206;15/09/2026 13:08:54;Tiago;Rodriguez;;;;;;Tiago Rodriguez;
14232292;15/09/2026 13:11:38;3;2;0001  214933-1;05;CAMIONETA EXP 2;2093703;"NO08    ";"NOLCA S.A. -MR CERAMICOS                          ";CALLE 28 1796;951961;"3030           ";3030 - PERCHA LINEA 3000;2;2;2;23412982;150926130854873;183437783;;;;08/27/2031 00:00:00;2;13972206;15/09/2026 13:08:54;Tiago;Rodriguez;;;;;;Tiago Rodriguez;
14232292;15/09/2026 13:11:38;3;2;0001  214933-1;05;CAMIONETA EXP 2;2093703;"NO08    ";"NOLCA S.A. -MR CERAMICOS                          ";CALLE 28 1796;951262;"16030          ";16030 - PERCHA LINEA 16000;1;1;1;23412982;150926130854873;183438221;;;;07/27/2031 00:00:00;1;13972206;15/09/2026 13:08:54;Tiago;Rodriguez;;;;;;Tiago Rodriguez;
14232292;15/09/2026 13:11:38;3;2;0001  214933-1;05;CAMIONETA EXP 2;2093703;"NO08    ";"NOLCA S.A. -MR CERAMICOS                          ";CALLE 28 1796;951135;"13030          ";"PERCHA LINEA 13000                                                    ";1;1;1;23412982;150926130854873;183438316;;;;07/31/2031 00:00:00;1;13972206;15/09/2026 13:08:54;Tiago;Rodriguez;;;;;;Tiago Rodriguez;
14232292;15/09/2026 13:11:38;3;2;0001  214933-1;05;CAMIONETA EXP 2;2093703;"NO08    ";"NOLCA S.A. -MR CERAMICOS                          ";CALLE 28 1796;951112;"12003          ";"SET DE 3 PIEZAS LINEA 12000                                           ";4;4;4;23412982;150926130854873;183438161;;;;08/12/2031 00:00:00;4;13972206;15/09/2026 13:08:54;Tiago;Rodriguez;;;;;;Tiago Rodriguez;
14232292;15/09/2026 13:11:38;3;2;0001  214933-1;05;CAMIONETA EXP 2;2093703;"NO08    ";"NOLCA S.A. -MR CERAMICOS                          ";CALLE 28 1796;951101;"11030          ";"PERCHA LINEA 11000                                                    ";1;1;1;23412982;150926130854873;183437589;;;;07/28/2031 00:00:00;1;13972206;15/09/2026 13:08:54;Tiago;Rodriguez;;;;;;Tiago Rodriguez;
14232292;15/09/2026 13:11:38;3;2;0001  214933-1;05;CAMIONETA EXP 2;2093703;"NO08    ";"NOLCA S.A. -MR CERAMICOS                          ";CALLE 28 1796;951007;"10030CR        ";"PERCHA LINEA 10000 MINIMALISTA                                        ";1;1;1;23412982;150926130854873;183437848;;;;07/28/2031 00:00:00;1;13972206;15/09/2026 13:08:54;Tiago;Rodriguez;;;;;;Tiago Rodriguez;
14232292;15/09/2026 13:11:38;3;2;0001  214933-1;05;CAMIONETA EXP 2;2093703;"NO08    ";"NOLCA S.A. -MR CERAMICOS                          ";CALLE 28 1796;952618;"60-133         ";60-133 - LAVATORIO MONOCOMANDO LUGO;10;10;10;23413056;150926131018289;183433960;;;;07/29/2031 00:00:00;6;13972237;15/09/2026 13:10:18;Tiago;Rodriguez;;;;;;Tiago Rodriguez;
14232292;15/09/2026 13:11:38;3;2;0001  214933-1;05;CAMIONETA EXP 2;2093703;"NO08    ";"NOLCA S.A. -MR CERAMICOS                          ";CALLE 28 1796;953312;"83-133         ";83-133 - DUCHA EXT. C/TRANSF. MONOCOMANDO LUGO;8;8;8;23413077;150926131053437;183433869;;;;09/03/2031 00:00:00;6;13972250;15/09/2026 13:10:53;Tiago;Rodriguez;;;;;;Tiago Rodriguez;
14232292;15/09/2026 13:11:38;3;2;0001  214933-1;05;CAMIONETA EXP 2;2093703;"NO08    ";"NOLCA S.A. -MR CERAMICOS                          ";CALLE 28 1796;951488;"20-102         ";"20-102 - MONOCOMANDO MESADA CROMO ""RENACER""";12;12;12;23413100;150926131118255;183433573;;;;08/20/2031 00:00:00;8;13972260;15/09/2026 13:11:18;Tiago;Rodriguez;;;;;;Tiago Rodriguez;
14232293;15/09/2026 08:42:52;3;2;0001  214941-1;05;CAMIONETA EXP 2;2092290;"EG07    ";"ETCHEVERS GONZALO A- BLANCO Y CASTRO              ";CALLE 19 11;953018;"80-001N        ";"80-001N - DUCHA EMB. C/TRANSF. ""CROMO Y""";2;2;2;23361884;150926084252111;183441199;;;;07/31/2031 00:00:00;2;13964224;15/09/2026 08:42:52;Tiago;Rodriguez;24639124;14/09/2026 07:29:15;7152;Mirko;Hernandez;Tiago Rodriguez;Mirko Hernandez
14232294;15/09/2026 08:44:04;3;2;0001  214942-1;05;CAMIONETA EXP 2;2092844;"HC03    ";"HIJOS DE RAFAEL CONTI S.A. - CONTI MATERIALES     ";BELGRANO 299;953432;"910/M          ";"910/M - JGO.MDA.P.CANO CROMO ""DIQUE""";6;6;6;23361885;150926084404268;183440560;;;;12/21/2031 00:00:00;6;13964266;15/09/2026 08:44:04;Tiago;Rodriguez;24639124;14/09/2026 07:29:15;7152;Mirko;Hernandez;Tiago Rodriguez;Mirko Hernandez
14232295;15/09/2026 10:42:16;3;2;0001  214951-1;05;CAMIONETA EXP 2;2093659;"NB03    ";"NESTOR A BIONDINI                                 ";HIPOLITO YRIGOYEN 224;951530;"20-146         ";20-146 - MONOCOMANDO DE COCINA CR LINEA MOVE;2;2;2;23360745;150926103806433;183434317;;;;10/09/2031 00:00:00;2;13967544;15/09/2026 10:38:06;Tiago;Rodriguez;24638064;14/09/2026 06:33:37;7636;Kevin;Arce;Tiago Rodriguez;Kevin Arce
14232295;15/09/2026 10:42:16;3;2;0001  214951-1;05;CAMIONETA EXP 2;2093659;"NB03    ";"NESTOR A BIONDINI                                 ";HIPOLITO YRIGOYEN 224;951565;"20-205         ";20-205 - MONOCOMANDO DE COCINA STEEL;2;2;2;23360745;150926103806433;183433651;;;;07/28/2031 00:00:00;2;13967544;15/09/2026 10:38:06;Tiago;Rodriguez;24638064;14/09/2026 06:33:37;7636;Kevin;Arce;Tiago Rodriguez;Kevin Arce
14232295;15/09/2026 10:42:16;3;2;0001  214951-1;05;CAMIONETA EXP 2;2093659;"NB03    ";"NESTOR A BIONDINI                                 ";HIPOLITO YRIGOYEN 224;953474;"933            ";933 - JGO PARED C/EXT CR DIQUE;4;4;4;23361016;150926104216430;183437374;;;;01/07/2032 00:00:00;4;13967584;15/09/2026 10:42:16;Tiago;Rodriguez;24638337;14/09/2026 07:15:58;7807;Nicolas;Perez;Tiago Rodriguez;Nicolas Perez
14232295;15/09/2026 10:42:16;3;2;0001  214951-1;05;CAMIONETA EXP 2;2093659;"NB03    ";"NESTOR A BIONDINI                                 ";HIPOLITO YRIGOYEN 224;952452;"51-122         ";51-122 - MESADA BIMANDO CR C.CERAM VALENCIA;2;2;2;23361016;150926104216430;183435947;;;;02/01/2032 00:00:00;2;13967584;15/09/2026 10:42:16;Tiago;Rodriguez;24638337;14/09/2026 07:15:58;7807;Nicolas;Perez;Tiago Rodriguez;Nicolas Perez
14232295;15/09/2026 10:42:16;3;2;0001  214951-1;05;CAMIONETA EXP 2;2093659;"NB03    ";"NESTOR A BIONDINI                                 ";HIPOLITO YRIGOYEN 224;953055;"80-045         ";80-045 - DUCHA EMB.C/TRANSF CR  C.STD CRUZ;5;5;5;23405267;150926104016905;183436440;;;;01/04/2032 00:00:00;5;13967631;15/09/2026 10:40:16;Tiago;Rodriguez;;;;;;Tiago Rodriguez;
14232295;15/09/2026 10:42:16;3;2;0001  214951-1;05;CAMIONETA EXP 2;2093659;"NB03    ";"NESTOR A BIONDINI                                 ";HIPOLITO YRIGOYEN 224;953432;"910/M          ";"910/M - JGO.MDA.P.CANO CROMO ""DIQUE""";2;2;2;23405267;150926104016905;183435369;;;;12/21/2031 00:00:00;2;13967631;15/09/2026 10:40:16;Tiago;Rodriguez;;;;;;Tiago Rodriguez;
14232295;15/09/2026 10:42:16;3;2;0001  214951-1;05;CAMIONETA EXP 2;2093659;"NB03    ";"NESTOR A BIONDINI                                 ";HIPOLITO YRIGOYEN 224;951568;"203            ";"203 - LAVATORIO CROMO ""DIQUE""";3;3;3;23405267;150926104016905;183435463;;;;01/11/2032 00:00:00;3;13967631;15/09/2026 10:40:16;Tiago;Rodriguez;;;;;;Tiago Rodriguez;
14232295;15/09/2026 10:42:16;3;2;0001  214951-1;05;CAMIONETA EXP 2;2093659;"NB03    ";"NESTOR A BIONDINI                                 ";HIPOLITO YRIGOYEN 224;952634;"60-162         ";60-162 - LAVATORIO CR C.CERAM LINEA ADRA;6;6;6;23405343;150926104151840;183438311;;;;07/29/2031 00:00:00;6;13967678;15/09/2026 10:41:51;Tiago;Rodriguez;;;;;;Tiago Rodriguez;
14232295;15/09/2026 10:42:16;3;2;0001  214951-1;05;CAMIONETA EXP 2;2093659;"NB03    ";"NESTOR A BIONDINI                                 ";HIPOLITO YRIGOYEN 224;953059;"80-057         ";80-057 - DUCHA EMB. C/TRANSF. C.STD VERIN PLUS;1;1;1;23405343;150926104151840;183434891;;;;02/08/2032 00:00:00;1;13967678;15/09/2026 10:41:51;Tiago;Rodriguez;;;;;;Tiago Rodriguez;
14232295;15/09/2026 10:42:16;3;2;0001  214951-1;05;CAMIONETA EXP 2;2093659;"NB03    ";"NESTOR A BIONDINI                                 ";HIPOLITO YRIGOYEN 224;952577;"60-045         ";60-045 - LAVATORIO CR/CR C.STD CRUZ;2;2;2;23405343;150926104151840;183436328;;;;01/24/2032 00:00:00;2;13967678;15/09/2026 10:41:51;Tiago;Rodriguez;;;;;;Tiago Rodriguez;
14232295;15/09/2026 10:42:16;3;2;0001  214951-1;05;CAMIONETA EXP 2;2093659;"NB03    ";"NESTOR A BIONDINI                                 ";HIPOLITO YRIGOYEN 224;952267;"423            ";"423 - DUCHA EMB. C/TRANSF.CR ""DIQUE""";1;1;1;23405343;150926104151840;183435492;;;;02/03/2032 00:00:00;1;13967678;15/09/2026 10:41:51;Tiago;Rodriguez;;;;;;Tiago Rodriguez;
14232296;15/09/2026 09:43:55;3;2;0001  214777-1;05;CAMIONETA EXP 2;2095023;"WA02    ";"WALTER CARLOS A. -EL FUERTE MATERIALES            ";MAESTRO GONZALEZ 629;951295;"17010N         ";17010N - TOALLERO BARRAL LINEA FABRIC BLACK;3;3;3;23361881;150926094354811;183443900;;;;07/29/2031 00:00:00;3;13965690;15/09/2026 09:43:54;Tiago;Rodriguez;24639130;14/09/2026 07:43:34;7807;Nicolas;Perez;Tiago Rodriguez;Nicolas Perez
14232296;15/09/2026 09:43:55;3;2;0001  214777-1;05;CAMIONETA EXP 2;2095023;"WA02    ";"WALTER CARLOS A. -EL FUERTE MATERIALES            ";MAESTRO GONZALEZ 629;951606;"21100          ";21100 - ESTANTE ORGANIZADOR RECTANGULAR 25x12x7;5;5;5;23361881;150926094354811;183440189;;;;07/29/2031 00:00:00;5;13965690;15/09/2026 09:43:54;Tiago;Rodriguez;24639130;14/09/2026 07:43:34;7807;Nicolas;Perez;Tiago Rodriguez;Nicolas Perez
14232296;15/09/2026 09:43:55;3;2;0001  214777-1;05;CAMIONETA EXP 2;2095023;"WA02    ";"WALTER CARLOS A. -EL FUERTE MATERIALES            ";MAESTRO GONZALEZ 629;952634;"60-162         ";60-162 - LAVATORIO CR C.CERAM LINEA ADRA;3;3;3;23361886;150926094225404;183440816;;;;07/29/2031 00:00:00;3;13965669;15/09/2026 09:42:25;Tiago;Rodriguez;24639124;14/09/2026 07:29:15;7152;Mirko;Hernandez;Tiago Rodriguez;Mirko Hernandez
14232296;15/09/2026 09:43:55;3;2;0001  214777-1;05;CAMIONETA EXP 2;2095023;"WA02    ";"WALTER CARLOS A. -EL FUERTE MATERIALES            ";MAESTRO GONZALEZ 629;952912;"70-162         ";70-162 - BIDE CR C.CERAM LINEA ADRA;3;3;3;23361886;150926094225404;183440944;;;;07/29/2031 00:00:00;3;13965669;15/09/2026 09:42:25;Tiago;Rodriguez;24639124;14/09/2026 07:29:15;7152;Mirko;Hernandez;Tiago Rodriguez;Mirko Hernandez
14232297;15/09/2026 09:33:37;3;2;0001  213980-3;05;CAMIONETA EXP 2;2094849;"TR20    ";"TRES S.R.L. -TODO REPUESTOS SANITARIOS            ";HIPER CONSTRUCCION RODRIGUEZ DEL BUSTO L410;957450;"RA1050         ";RA1050 - VOLANTE MALLORCA STD.;5;5;5;23361042;150926093337061;183434855;;;;02/21/2032 00:00:00;5;13965397;15/09/2026 09:33:37;Tiago;Rodriguez;24638367;14/09/2026 06:38:50;7636;Kevin;Arce;Tiago Rodriguez;Kevin Arce
14232298;15/09/2026 09:26:32;3;2;0001  213981-3;05;CAMIONETA EXP 2;2094849;"TR20    ";"TRES S.R.L. -TODO REPUESTOS SANITARIOS            ";HIPER CONSTRUCCION RODRIGUEZ DEL BUSTO L410;957513;"RA1143         ";RA1143 - AIREADOR MONOC VIGO + LLAVE REPUESTO M21.5 x 1;5;5;5;23361036;150926092632044;183438291;;;;02/03/2032 00:00:00;5;13965202;15/09/2026 09:26:32;Tiago;Rodriguez;24638361;14/09/2026 07:53:15;6922;Franco;Potenza;Tiago Rodriguez;Franco Potenza
14232298;15/09/2026 09:26:32;3;2;0001  213981-3;05;CAMIONETA EXP 2;2094849;"TR20    ";"TRES S.R.L. -TODO REPUESTOS SANITARIOS            ";HIPER CONSTRUCCION RODRIGUEZ DEL BUSTO L410;957450;"RA1050         ";RA1050 - VOLANTE MALLORCA STD.;20;20;20;23361036;150926092632044;183436480;;;;02/21/2032 00:00:00;20;13965202;15/09/2026 09:26:32;Tiago;Rodriguez;24638361;14/09/2026 07:53:15;6922;Franco;Potenza;Tiago Rodriguez;Franco Potenza
14232299;15/09/2026 09:32:07;3;2;0001  214837-1;05;CAMIONETA EXP 2;2094849;"TR20    ";"TRES S.R.L. -TODO REPUESTOS SANITARIOS            ";HIPER CONSTRUCCION RODRIGUEZ DEL BUSTO L410;952892;"70-130         ";70-130 - BIDE MONOCOMANDO C/ TRANSF BILBAO;2;2;2;23360746;150926093205129;183433500;;;;07/28/2031 00:00:00;2;13965359;15/09/2026 09:32:05;Tiago;Rodriguez;24638064;14/09/2026 06:33:37;7636;Kevin;Arce;Tiago Rodriguez;Kevin Arce
14232299;15/09/2026 09:32:07;3;2;0001  214837-1;05;CAMIONETA EXP 2;2094849;"TR20    ";"TRES S.R.L. -TODO REPUESTOS SANITARIOS            ";HIPER CONSTRUCCION RODRIGUEZ DEL BUSTO L410;952954;"70-203         ";70-203 - BIDE MONOCOMANDO ADRA;2;2;2;23360746;150926093205129;183434509;;;;07/29/2031 00:00:00;2;13965359;15/09/2026 09:32:05;Tiago;Rodriguez;24638064;14/09/2026 06:33:37;7636;Kevin;Arce;Tiago Rodriguez;Kevin Arce
14232299;15/09/2026 09:32:07;3;2;0001  214837-1;05;CAMIONETA EXP 2;2094849;"TR20    ";"TRES S.R.L. -TODO REPUESTOS SANITARIOS            ";HIPER CONSTRUCCION RODRIGUEZ DEL BUSTO L410;953159;"80-203P        ";80-203P - DUCHA EMB C/TRANSF. MONOCOMANDO ADRA PLUS;2;2;2;23401447;150926093153190;183434467;;;;07/28/2031 00:00:00;2;13965377;15/09/2026 09:31:53;Tiago;Rodriguez;;;;;;Tiago Rodriguez;
14232299;15/09/2026 09:32:07;3;2;0001  214837-1;05;CAMIONETA EXP 2;2094849;"TR20    ";"TRES S.R.L. -TODO REPUESTOS SANITARIOS            ";HIPER CONSTRUCCION RODRIGUEZ DEL BUSTO L410;953085;"80-130         ";80-130 - DUCHA EMB. C/TRANSF. MONOCOMANDO BILBAO;2;2;2;23401447;150926093153190;183433578;;;;07/28/2031 00:00:00;2;13965377;15/09/2026 09:31:53;Tiago;Rodriguez;;;;;;Tiago Rodriguez;
14232300;15/09/2026 10:30:58;3;2;0001  214819-1;05;CAMIONETA EXP 2;2092643;"GC13    ";"GOMEZ CONSTRUSHOP S.A.                            ";AV. CENTENARIO 290;954908;"BCH07          ";BCH07 - BACHA DE APOYAR OVALADA 400x330x150;3;3;3;23328521;120926112717573;183181935;;;;07/29/2031 00:00:00;3;13939132;12/09/2026 11:27:17;Maximiliano;Nievas;24603740;11/09/2026 10:46:17;7807;Nicolas;Perez;Maximiliano Nievas;Nicolas Perez
14232300;15/09/2026 10:30:58;3;2;0001  214819-1;05;CAMIONETA EXP 2;2092643;"GC13    ";"GOMEZ CONSTRUSHOP S.A.                            ";AV. CENTENARIO 290;952582;"60-057         ";60-057 - LAVATORIO C.STD VERIN PLUS;5;5;5;23361017;150926103058217;183435109;;;;01/31/2032 00:00:00;5;13967255;15/09/2026 10:30:58;Tiago;Rodriguez;24638337;14/09/2026 07:15:58;7807;Nicolas;Perez;Tiago Rodriguez;Nicolas Perez
14232300;15/09/2026 10:30:58;3;2;0001  214819-1;05;CAMIONETA EXP 2;2092643;"GC13    ";"GOMEZ CONSTRUSHOP S.A.                            ";AV. CENTENARIO 290;953059;"80-057         ";80-057 - DUCHA EMB. C/TRANSF. C.STD VERIN PLUS;5;5;5;23361017;150926103058217;183434958;;;;02/08/2032 00:00:00;5;13967255;15/09/2026 10:30:58;Tiago;Rodriguez;24638337;14/09/2026 07:15:58;7807;Nicolas;Perez;Tiago Rodriguez;Nicolas Perez
14232300;15/09/2026 10:30:58;3;2;0001  214819-1;05;CAMIONETA EXP 2;2092643;"GC13    ";"GOMEZ CONSTRUSHOP S.A.                            ";AV. CENTENARIO 290;953312;"83-133         ";83-133 - DUCHA EXT. C/TRANSF. MONOCOMANDO LUGO;3;3;3;23361037;150926095113381;183443955;;;;09/03/2031 00:00:00;3;13965955;15/09/2026 09:51:13;Gustavo;Soderquvist;24638361;14/09/2026 07:53:15;6922;Franco;Potenza;Gustavo Soderquvist;Franco Potenza
14232300;15/09/2026 10:30:58;3;2;0001  214819-1;05;CAMIONETA EXP 2;2092643;"GC13    ";"GOMEZ CONSTRUSHOP S.A.                            ";AV. CENTENARIO 290;952420;"51-002         ";51-002 - COCINA MESADA RENACER;3;3;3;23404711;150926103024099;183435578;;;;11/03/2031 00:00:00;3;13967289;15/09/2026 10:30:24;Tiago;Rodriguez;;;;;;Tiago Rodriguez;
14232300;15/09/2026 10:30:58;3;2;0001  214819-1;05;CAMIONETA EXP 2;2092643;"GC13    ";"GOMEZ CONSTRUSHOP S.A.                            ";AV. CENTENARIO 290;952912;"70-162         ";70-162 - BIDE CR C.CERAM LINEA ADRA;3;3;3;23404711;150926103024099;183438830;;;;07/29/2031 00:00:00;3;13967289;15/09/2026 10:30:24;Tiago;Rodriguez;;;;;;Tiago Rodriguez;
14232301;15/09/2026 09:28:10;3;2;0001  215050-1;05;CAMIONETA EXP 2;2094990;"VM15    ";"VILANOVA DE MEIA S.R.L.                           ";CORDOBA 2231 RN1 VP09 KM 320 GARITA 10;954918;"BCH16          ";BCH16 - BACHA DE APOYAR BLANCA 610x457x254 C/DESAGOTE Y REJILLA;1;1;1;23328522;120926112739124;183184249;;;;01/06/2032 00:00:00;1;13939135;12/09/2026 11:27:39;Maximiliano;Nievas;24603740;11/09/2026 10:46:17;7807;Nicolas;Perez;Maximiliano Nievas;Nicolas Perez
14232301;15/09/2026 09:28:10;3;2;0001  215050-1;05;CAMIONETA EXP 2;2094990;"VM15    ";"VILANOVA DE MEIA S.R.L.                           ";CORDOBA 2231 RN1 VP09 KM 320 GARITA 10;950903;"03-010         ";"LAVATORIO ALTO TEMPORIZADO TECNO                                      ";3;3;3;23361038;150926092808338;183445911;;;;09/16/2031 00:00:00;3;13965255;15/09/2026 09:28:08;Tiago;Rodriguez;24638361;14/09/2026 07:53:15;6922;Franco;Potenza;Tiago Rodriguez;Franco Potenza
14232302;15/09/2026 08:44:47;3;2;0001  215052-1;05;CAMIONETA EXP 2;2094990;"VM15    ";"VILANOVA DE MEIA S.R.L.                           ";CORDOBA 2231 RN1 VP09 KM 320 GARITA 10;951526;"20-135B        ";20-135B - MONOCOMANDO COCINA MESADA SANTANDER WHITE;1;1;1;23361887;150926084445008;183441328;;;;07/27/2031 00:00:00;1;13964307;15/09/2026 08:44:45;Tiago;Rodriguez;24639124;14/09/2026 07:29:15;7152;Mirko;Hernandez;Tiago Rodriguez;Mirko Hernandez
14232303;15/09/2026 10:48:52;3;2;0001  214842-1;05;CAMIONETA EXP 2;2093221;"LJ14    ";"LAGORIO JOSE ANTONIO                              ";OLLEROS 81;951530;"20-146         ";20-146 - MONOCOMANDO DE COCINA CR LINEA MOVE;6;6;6;23360747;150926104543636;183434344;;;;10/09/2031 00:00:00;6;13967786;15/09/2026 10:45:43;Tiago;Rodriguez;24638064;14/09/2026 06:33:37;7636;Kevin;Arce;Tiago Rodriguez;Kevin Arce
14232303;15/09/2026 10:48:52;3;2;0001  214842-1;05;CAMIONETA EXP 2;2093221;"LJ14    ";"LAGORIO JOSE ANTONIO                              ";OLLEROS 81;952856;"70-045         ";70-045 - BIDE CROMO C.STD CRUZ;10;10;10;23361018;150926104848552;183436623;;;;02/01/2032 00:00:00;10;13967846;15/09/2026 10:48:48;Tiago;Rodriguez;24638337;14/09/2026 07:15:58;7807;Nicolas;Perez;Tiago Rodriguez;Nicolas Perez
14232303;15/09/2026 10:48:52;3;2;0001  214842-1;05;CAMIONETA EXP 2;2093221;"LJ14    ";"LAGORIO JOSE ANTONIO                              ";OLLEROS 81;951553;"20-184         ";"MONOCOMANDO DE COCINA CR SUV                                          ";10;10;10;23405524;150926104532646;183433412;;;;10/04/2031 00:00:00;10;13967790;15/09/2026 10:45:32;Tiago;Rodriguez;;;;;;Tiago Rodriguez;
14232303;15/09/2026 10:48:52;3;2;0001  214842-1;05;CAMIONETA EXP 2;2093221;"LJ14    ";"LAGORIO JOSE ANTONIO                              ";OLLEROS 81;952831;"70-010         ";70-010 - BIDE BL/CR LORCA;20;20;20;23405626;150926104729144;183766707;;;;12/08/2031 00:00:00;10;13967858;15/09/2026 10:47:29;Tiago;Rodriguez;;;;;;Tiago Rodriguez;
14232303;15/09/2026 10:48:52;3;2;0001  214842-1;05;CAMIONETA EXP 2;2093221;"LJ14    ";"LAGORIO JOSE ANTONIO                              ";OLLEROS 81;952831;"70-010         ";70-010 - BIDE BL/CR LORCA;20;20;20;23405672;150926104817398;183434847;;;;12/08/2031 00:00:00;10;13967882;15/09/2026 10:48:17;Tiago;Rodriguez;;;;;;Tiago Rodriguez;
14232304;15/09/2026 10:28:48;3;2;0001  214845-1;05;CAMIONETA EXP 2;2093245;"LM15    ";"LA MARINA S.H.                                    ";20 DE JUNIO 245;952426;"51-010         ";51-010 - COCINA MESADA BL/CR LORCA;2;2;2;23360848;150926102847315;183433684;;;;01/14/2032 00:00:00;2;13967089;15/09/2026 10:28:47;Tiago;Rodriguez;24638154;14/09/2026 06:31:05;7807;Nicolas;Perez;Tiago Rodriguez;Nicolas Perez
14232304;15/09/2026 10:28:48;3;2;0001  214845-1;05;CAMIONETA EXP 2;2093245;"LM15    ";"LA MARINA S.H.                                    ";20 DE JUNIO 245;952471;"53-002         ";53-002 - COCINA PARED EXT. P.ALTO RENACER;1;1;1;23360848;150926102847315;183433951;;;;07/29/2031 00:00:00;1;13967089;15/09/2026 10:28:47;Tiago;Rodriguez;24638154;14/09/2026 06:31:05;7807;Nicolas;Perez;Tiago Rodriguez;Nicolas Perez
14232304;15/09/2026 10:28:48;3;2;0001  214845-1;05;CAMIONETA EXP 2;2093245;"LM15    ";"LA MARINA S.H.                                    ";20 DE JUNIO 245;953197;"81-010         ";81-010 - DUCHA EMB. S/TRANSF. BL/CR LORCA;2;2;2;23360848;150926102847315;183433751;;;;11/24/2031 00:00:00;2;13967089;15/09/2026 10:28:47;Tiago;Rodriguez;24638154;14/09/2026 06:31:05;7807;Nicolas;Perez;Tiago Rodriguez;Nicolas Perez
14232304;15/09/2026 10:28:48;3;2;0001  214845-1;05;CAMIONETA EXP 2;2093245;"LM15    ";"LA MARINA S.H.                                    ";20 DE JUNIO 245;952831;"70-010         ";70-010 - BIDE BL/CR LORCA;1;1;1;23360848;150926102847315;183433774;;;;12/08/2031 00:00:00;1;13967089;15/09/2026 10:28:47;Tiago;Rodriguez;24638154;14/09/2026 06:31:05;7807;Nicolas;Perez;Tiago Rodriguez;Nicolas Perez
14232304;15/09/2026 10:28:48;3;2;0001  214845-1;05;CAMIONETA EXP 2;2093245;"LM15    ";"LA MARINA S.H.                                    ";20 DE JUNIO 245;952888;"70-122         ";70-122 - BIDE C.CERAM CR VALENCIA;1;1;1;23360848;150926102847315;183434273;;;;10/26/2031 00:00:00;1;13967089;15/09/2026 10:28:47;Tiago;Rodriguez;24638154;14/09/2026 06:31:05;7807;Nicolas;Perez;Tiago Rodriguez;Nicolas Perez
14232304;15/09/2026 10:28:48;3;2;0001  214845-1;05;CAMIONETA EXP 2;2093245;"LM15    ";"LA MARINA S.H.                                    ";20 DE JUNIO 245;953060;"80-058         ";80-058 - DUCHA EMB. C/TRANSF. CR C.STD MALBA;3;3;3;23360848;150926102847315;183434008;;;;01/06/2032 00:00:00;3;13967089;15/09/2026 10:28:47;Tiago;Rodriguez;24638154;14/09/2026 06:31:05;7807;Nicolas;Perez;Tiago Rodriguez;Nicolas Perez
14232304;15/09/2026 10:28:48;3;2;0001  214845-1;05;CAMIONETA EXP 2;2093245;"LM15    ";"LA MARINA S.H.                                    ";20 DE JUNIO 245;953083;"80-122         ";80-122 - DUCHA EMB.C/TRANSF. C.CERAM CR VALENCIA;1;1;1;23360848;150926102847315;183434265;;;;07/31/2031 00:00:00;1;13967089;15/09/2026 10:28:47;Tiago;Rodriguez;24638154;14/09/2026 06:31:05;7807;Nicolas;Perez;Tiago Rodriguez;Nicolas Perez
14232304;15/09/2026 10:28:48;3;2;0001  214845-1;05;CAMIONETA EXP 2;2093245;"LM15    ";"LA MARINA S.H.                                    ";20 DE JUNIO 245;951488;"20-102         ";"20-102 - MONOCOMANDO MESADA CROMO ""RENACER""";6;6;6;23361882;150926101455787;183444732;;;;08/20/2031 00:00:00;6;13966556;15/09/2026 10:14:55;Tiago;Rodriguez;24639130;14/09/2026 07:43:34;7807;Nicolas;Perez;Tiago Rodriguez;Nicolas Perez
14232304;15/09/2026 10:28:48;3;2;0001  214845-1;05;CAMIONETA EXP 2;2093245;"LM15    ";"LA MARINA S.H.                                    ";20 DE JUNIO 245;951536;"20-162         ";20-162 - MONOCOMANDO COCINA ADRA;2;2;2;23403584;150926101129126;183442941;;;;07/28/2031 00:00:00;2;13966665;15/09/2026 10:11:29;Tiago;Rodriguez;;;;;;Tiago Rodriguez;
14232304;15/09/2026 10:28:48;3;2;0001  214845-1;05;CAMIONETA EXP 2;2093245;"LM15    ";"LA MARINA S.H.                                    ";20 DE JUNIO 245;952637;"60-168         ";60-168 - LAVATORIO MONOC BAJO CR WAVE;1;1;1;23403584;150926101129126;183440318;;;;07/27/2031 00:00:00;1;13966665;15/09/2026 10:11:29;Tiago;Rodriguez;;;;;;Tiago Rodriguez;
14232304;15/09/2026 10:28:48;3;2;0001  214845-1;05;CAMIONETA EXP 2;2093245;"LM15    ";"LA MARINA S.H.                                    ";20 DE JUNIO 245;952647;"60-176         ";"LAVATORIO MONOCOMANDO BAJO CR RIO                                     ";2;2;2;23403584;150926101129126;183442225;;;;10/11/2031 00:00:00;2;13966665;15/09/2026 10:11:29;Tiago;Rodriguez;;;;;;Tiago Rodriguez;
14232304;15/09/2026 10:28:48;3;2;0001  214845-1;05;CAMIONETA EXP 2;2093245;"LM15    ";"LA MARINA S.H.                                    ";20 DE JUNIO 245;953131;"80-183         ";"DUCHA EMB C/TRANSF MONOCOMANDO MAT                                    ";1;1;1;23403584;150926101129126;183441762;;;;11/02/2031 00:00:00;1;13966665;15/09/2026 10:11:29;Tiago;Rodriguez;;;;;;Tiago Rodriguez;
14232304;15/09/2026 10:28:48;3;2;0001  214845-1;05;CAMIONETA EXP 2;2093245;"LM15    ";"LA MARINA S.H.                                    ";20 DE JUNIO 245;953183;"8050           ";8050 - JABONERA LINEA 8000;2;2;2;23403584;150926101129126;183439845;;;;07/27/2031 00:00:00;2;13966665;15/09/2026 10:11:29;Tiago;Rodriguez;;;;;;Tiago Rodriguez;
14232304;15/09/2026 10:28:48;3;2;0001  214845-1;05;CAMIONETA EXP 2;2093245;"LM15    ";"LA MARINA S.H.                                    ";20 DE JUNIO 245;953312;"83-133         ";83-133 - DUCHA EXT. C/TRANSF. MONOCOMANDO LUGO;1;1;1;23403584;150926101129126;183442341;;;;09/03/2031 00:00:00;1;13966665;15/09/2026 10:11:29;Tiago;Rodriguez;;;;;;Tiago Rodriguez;
14232304;15/09/2026 10:28:48;3;2;0001  214845-1;05;CAMIONETA EXP 2;2093245;"LM15    ";"LA MARINA S.H.                                    ";20 DE JUNIO 245;952933;"70-183         ";"BIDE MONOCOMANDO C/TRANSF MAT                                         ";1;1;1;23403584;150926101129126;183441557;;;;11/02/2031 00:00:00;1;13966665;15/09/2026 10:11:29;Tiago;Rodriguez;;;;;;Tiago Rodriguez;
14232304;15/09/2026 10:28:48;3;2;0001  214845-1;05;CAMIONETA EXP 2;2093245;"LM15    ";"LA MARINA S.H.                                    ";20 DE JUNIO 245;950892;"01-010         ";"VALVULA P/MINGITORIO TEMPORIZADA TECNO                                ";2;2;2;23403584;150926101129126;183441027;;;;07/28/2031 00:00:00;2;13966665;15/09/2026 10:11:29;Tiago;Rodriguez;;;;;;Tiago Rodriguez;
14232304;15/09/2026 10:28:48;3;2;0001  214845-1;05;CAMIONETA EXP 2;2093245;"LM15    ";"LA MARINA S.H.                                    ";20 DE JUNIO 245;951114;"12005          ";"SET DE 5 PIEZAS LINEA 12000                                           ";1;1;1;23403584;150926101129126;183441863;;;;07/30/2031 00:00:00;1;13966665;15/09/2026 10:11:29;Tiago;Rodriguez;;;;;;Tiago Rodriguez;
14232304;15/09/2026 10:28:48;3;2;0001  214845-1;05;CAMIONETA EXP 2;2093245;"LM15    ";"LA MARINA S.H.                                    ";20 DE JUNIO 245;951116;"12006          ";"SET DE 6 PIEZAS LINEA 12000                                           ";2;2;2;23403584;150926101129126;183442008;;;;07/30/2031 00:00:00;2;13966665;15/09/2026 10:11:29;Tiago;Rodriguez;;;;;;Tiago Rodriguez;
14232304;15/09/2026 10:28:48;3;2;0001  214845-1;05;CAMIONETA EXP 2;2093245;"LM15    ";"LA MARINA S.H.                                    ";20 DE JUNIO 245;951552;"20-183         ";"MONOCOMANDO DE COCINA MAT                                             ";1;1;1;23403749;150926101409433;183441677;;;;11/02/2031 00:00:00;1;13966760;15/09/2026 10:14:09;Tiago;Rodriguez;;;;;;Tiago Rodriguez;
14232304;15/09/2026 10:28:48;3;2;0001  214845-1;05;CAMIONETA EXP 2;2093245;"LM15    ";"LA MARINA S.H.                                    ";20 DE JUNIO 245;951528;"20-140         ";20-140 - MONOCOMANDO DE COCINA LINEA CUINA;1;1;1;23403749;150926101409433;183440864;;;;10/07/2031 00:00:00;1;13966760;15/09/2026 10:14:09;Tiago;Rodriguez;;;;;;Tiago Rodriguez;
14232304;15/09/2026 10:28:48;3;2;0001  214845-1;05;CAMIONETA EXP 2;2093245;"LM15    ";"LA MARINA S.H.                                    ";20 DE JUNIO 245;951523;"20-134         ";20-134 - MONOCOMANDO COCINA BETIS;2;2;2;23403749;150926101409433;183444095;;;;08/11/2031 00:00:00;2;13966760;15/09/2026 10:14:09;Tiago;Rodriguez;;;;;;Tiago Rodriguez;
14232304;15/09/2026 10:28:48;3;2;0001  214845-1;05;CAMIONETA EXP 2;2093245;"LM15    ";"LA MARINA S.H.                                    ";20 DE JUNIO 245;952719;"61-183         ";"LAVATORIO MONOCOMANDO ALTO MAT                                        ";1;1;1;23403749;150926101409433;183441478;;;;11/02/2031 00:00:00;1;13966760;15/09/2026 10:14:09;Tiago;Rodriguez;;;;;;Tiago Rodriguez;
14232304;15/09/2026 10:28:48;3;2;0001  214845-1;05;CAMIONETA EXP 2;2093245;"LM15    ";"LA MARINA S.H.                                    ";20 DE JUNIO 245;952655;"60-183         ";"LAVATORIO MONOCOMANDO BAJO MAT                                        ";1;1;1;23403749;150926101409433;183441596;;;;11/02/2031 00:00:00;1;13966760;15/09/2026 10:14:09;Tiago;Rodriguez;;;;;;Tiago Rodriguez;
14232304;15/09/2026 10:28:48;3;2;0001  214845-1;05;CAMIONETA EXP 2;2093245;"LM15    ";"LA MARINA S.H.                                    ";20 DE JUNIO 245;951565;"20-205         ";20-205 - MONOCOMANDO DE COCINA STEEL;1;1;1;23403749;150926101409433;183441314;;;;07/28/2031 00:00:00;1;13966760;15/09/2026 10:14:09;Tiago;Rodriguez;;;;;;Tiago Rodriguez;
14232304;15/09/2026 10:28:48;3;2;0001  214845-1;05;CAMIONETA EXP 2;2093245;"LM15    ";"LA MARINA S.H.                                    ";20 DE JUNIO 245;953383;"90-010         ";90-010 - PACK GRIF.BL/CR LORCA (Lavatorio-Bide-Ducha c/t);3;3;3;23404334;150926102403968;183434416;;;;07/28/2031 00:00:00;3;13967094;15/09/2026 10:24:03;Tiago;Rodriguez;;;;;;Tiago Rodriguez;
14232304;15/09/2026 10:28:48;3;2;0001  214845-1;05;CAMIONETA EXP 2;2093245;"LM15    ";"LA MARINA S.H.                                    ";20 DE JUNIO 245;952519;"56-001N        ";"56-001N - COCINA PARED EMBUTIR PICO BAJO ""CROMO Y""";2;2;2;23404446;150926102601238;183434522;;;;07/29/2031 00:00:00;2;13967159;15/09/2026 10:26:01;Tiago;Rodriguez;;;;;;Tiago Rodriguez;
14232304;15/09/2026 10:28:48;3;2;0001  214845-1;05;CAMIONETA EXP 2;2093245;"LM15    ";"LA MARINA S.H.                                    ";20 DE JUNIO 245;952470;"53-001N        ";"53-001N - COCINA PARED EXTERIOR PICO ALTO ""CROMO Y""";2;2;2;23404446;150926102601238;183434212;;;;07/31/2031 00:00:00;2;13967159;15/09/2026 10:26:01;Tiago;Rodriguez;;;;;;Tiago Rodriguez;
14232304;15/09/2026 10:28:48;3;2;0001  214845-1;05;CAMIONETA EXP 2;2093245;"LM15    ";"LA MARINA S.H.                                    ";20 DE JUNIO 245;952419;"51-001N        ";"51-001N - COCINA MESADA ""CROMO Y""";2;2;2;23404446;150926102601238;183434167;;;;07/29/2031 00:00:00;2;13967159;15/09/2026 10:26:01;Tiago;Rodriguez;;;;;;Tiago Rodriguez;
14232304;15/09/2026 10:28:48;3;2;0001  214845-1;05;CAMIONETA EXP 2;2093245;"LM15    ";"LA MARINA S.H.                                    ";20 DE JUNIO 245;953028;"80-010         ";80-010 - DUCHA EMB. C/TRANSF. BL/CR LORCA;2;2;2;23404446;150926102601238;183433808;;;;09/16/2031 00:00:00;2;13967159;15/09/2026 10:26:01;Tiago;Rodriguez;;;;;;Tiago Rodriguez;
14232304;15/09/2026 10:28:48;3;2;0001  214845-1;05;CAMIONETA EXP 2;2093245;"LM15    ";"LA MARINA S.H.                                    ";20 DE JUNIO 245;953018;"80-001N        ";"80-001N - DUCHA EMB. C/TRANSF. ""CROMO Y""";2;2;2;23404446;150926102601238;183434135;;;;07/31/2031 00:00:00;2;13967159;15/09/2026 10:26:01;Tiago;Rodriguez;;;;;;Tiago Rodriguez;
14232304;15/09/2026 10:28:48;3;2;0001  214845-1;05;CAMIONETA EXP 2;2093245;"LM15    ";"LA MARINA S.H.                                    ";20 DE JUNIO 245;952477;"53-010         ";53-010 - COCINA PARED EXT. P.ALTO BL/CR LORCA;3;3;3;23404559;150926102802815;183433716;;;;11/29/2031 00:00:00;3;13967219;15/09/2026 10:28:02;Tiago;Rodriguez;;;;;;Tiago Rodriguez;
14232304;15/09/2026 10:28:48;3;2;0001  214845-1;05;CAMIONETA EXP 2;2093245;"LM15    ";"LA MARINA S.H.                                    ";20 DE JUNIO 245;952551;"60-010         ";60-010 - LAVATORIO BL/CR LORCA;4;4;4;23404559;150926102802815;183433851;;;;12/07/2031 00:00:00;4;13967219;15/09/2026 10:28:02;Tiago;Rodriguez;;;;;;Tiago Rodriguez;
14232304;15/09/2026 10:28:48;3;2;0001  214845-1;05;CAMIONETA EXP 2;2093245;"LM15    ";"LA MARINA S.H.                                    ";20 DE JUNIO 245;952583;"60-058         ";60-058 - LAVATORIO CR C.STD MALBA;3;3;3;23404559;150926102802815;183434067;;;;12/03/2031 00:00:00;3;13967219;15/09/2026 10:28:02;Tiago;Rodriguez;;;;;;Tiago Rodriguez;
14232305;15/09/2026 09:37:21;3;2;0001  214849-1;05;CAMIONETA EXP 2;2093245;"LM15    ";"LA MARINA S.H.                                    ";20 DE JUNIO 245;957391;"RA002          ";RA002 - CABEZAL DERECHO CIERRE CERAMICO (FRIA);3;3;3;23361043;150926093720915;183434888;;;;02/03/2032 00:00:00;3;13965428;15/09/2026 09:37:20;Tiago;Rodriguez;24638367;14/09/2026 06:38:50;7636;Kevin;Arce;Tiago Rodriguez;Kevin Arce
14232305;15/09/2026 09:37:21;3;2;0001  214849-1;05;CAMIONETA EXP 2;2093245;"LM15    ";"LA MARINA S.H.                                    ";20 DE JUNIO 245;957390;"RA001          ";RA001 - CABEZAL STD NO ASCENDENTE;6;6;6;23361043;150926093720915;183434968;;;;02/10/2032 00:00:00;6;13965428;15/09/2026 09:37:20;Tiago;Rodriguez;24638367;14/09/2026 06:38:50;7636;Kevin;Arce;Tiago Rodriguez;Kevin Arce
14232306;15/09/2026 09:38:51;3;2;0001  215071-1;05;CAMIONETA EXP 2;2095038;"WL01    ";"WELSH L Y HAUF E. -SANITARIOS DE LA COSTA         ";AV. LIBERTADOR 1395;952610;"60-122         ";60-122 - LAVATORIO C.CERAM CR VALENCIA;2;2;2;23361888;150926093850216;183441581;;;;12/10/2031 00:00:00;2;13965561;15/09/2026 09:38:50;Tiago;Rodriguez;24639124;14/09/2026 07:29:15;7152;Mirko;Hernandez;Tiago Rodriguez;Mirko Hernandez
14232307;15/09/2026 09:40:57;3;2;0001  215082-1;05;CAMIONETA EXP 2;2092540;"FO06    ";"FORTEHOUSE S.A.                                   ";FAUSTO 1147;951748;"3006           ";3006 - SET DE 6 PIEZAS LINEA 3000;10;10;10;23360748;150926094053607;183434010;;;;07/29/2031 00:00:00;10;13965619;15/09/2026 09:40:53;Tiago;Rodriguez;24638064;14/09/2026 06:33:37;7636;Kevin;Arce;Tiago Rodriguez;Kevin Arce
14232307;15/09/2026 09:40:57;3;2;0001  215082-1;05;CAMIONETA EXP 2;2092540;"FO06    ";"FORTEHOUSE S.A.                                   ";FAUSTO 1147;951833;"30-132         ";30-132 - COCINA MESADA MONOC. C/DUCHADOR EXTENSIBLE VIGO;2;2;2;23401868;150926094024941;183433339;;;;07/28/2031 00:00:00;2;13965623;15/09/2026 09:40:24;Tiago;Rodriguez;;;;;;Tiago Rodriguez;
14232308;15/09/2026 09:30:34;3;2;0001  215108-1;05;CAMIONETA EXP 2;2095023;"WA02    ";"WALTER CARLOS A. -EL FUERTE MATERIALES            ";MAESTRO GONZALEZ 629;951550;"20-182         ";20-182 - MONOCOMANDO DE COCINA MULTIFUNCION CR ZENITH;1;1;1;23361039;150926093033859;183446412;;;;07/30/2031 00:00:00;1;13965312;15/09/2026 09:30:33;Tiago;Rodriguez;24638361;14/09/2026 07:53:15;6922;Franco;Potenza;Tiago Rodriguez;Franco Potenza
14232308;15/09/2026 09:30:34;3;2;0001  215108-1;05;CAMIONETA EXP 2;2095023;"WA02    ";"WALTER CARLOS A. -EL FUERTE MATERIALES            ";MAESTRO GONZALEZ 629;951451;"20060DG        ";20060DG - PORTA VASO Y CEPILLO DARK GOLD LINEA PULSE;1;1;1;23361039;150926093033859;183442859;;;;07/29/2031 00:00:00;1;13965312;15/09/2026 09:30:33;Tiago;Rodriguez;24638361;14/09/2026 07:53:15;6922;Franco;Potenza;Tiago Rodriguez;Franco Potenza
14232309;15/09/2026 06:38:22;3;2;0001  213973-2;05;CAMIONETA EXP 2;2093044;"JM05    ";"JUAN H MARCHAL Y CIA S.R.L.                       ";AV. 59 1317;956411;"INO102-1       ";"INODORO BLANCO C/ASIENTO LINEA LOFT                                   ";5;5;5;23362278;150926063822722;183442863;;;;02/24/2032 00:00:00;5;13962531;15/09/2026 06:38:22;Gustavo;Soderquvist;24639524;14/09/2026 07:35:04;7152;Mirko;Hernandez;Gustavo Soderquvist;Mirko Hernandez
14232310;15/09/2026 10:06:11;3;2;0001  214589-1;05;CAMIONETA EXP 2;2091860;"CO45    ";"COMPRALIADO S. A.                                 ";AV. COLON 6050;952634;"60-162         ";60-162 - LAVATORIO CR C.CERAM LINEA ADRA;2;2;2;23361019;150926100610052;183438540;;;;07/29/2031 00:00:00;2;13966396;15/09/2026 10:06:10;Tiago;Rodriguez;24638337;14/09/2026 07:15:58;7807;Nicolas;Perez;Tiago Rodriguez;Nicolas Perez
14232310;15/09/2026 10:06:11;3;2;0001  214589-1;05;CAMIONETA EXP 2;2091860;"CO45    ";"COMPRALIADO S. A.                                 ";AV. COLON 6050;952912;"70-162         ";70-162 - BIDE CR C.CERAM LINEA ADRA;2;2;2;23361019;150926100610052;183438911;;;;07/29/2031 00:00:00;2;13966396;15/09/2026 10:06:10;Tiago;Rodriguez;24638337;14/09/2026 07:15:58;7807;Nicolas;Perez;Tiago Rodriguez;Nicolas Perez
14232310;15/09/2026 10:06:11;3;2;0001  214589-1;05;CAMIONETA EXP 2;2091860;"CO45    ";"COMPRALIADO S. A.                                 ";AV. COLON 6050;952936;"70-190         ";70-190 - BIDE C.CERAM BLACK VELVET;2;2;2;23361019;150926100610052;183436011;;;;11/08/2031 00:00:00;2;13966396;15/09/2026 10:06:10;Tiago;Rodriguez;24638337;14/09/2026 07:15:58;7807;Nicolas;Perez;Tiago Rodriguez;Nicolas Perez
14232310;15/09/2026 10:06:11;3;2;0001  214589-1;05;CAMIONETA EXP 2;2091860;"CO45    ";"COMPRALIADO S. A.                                 ";AV. COLON 6050;953107;"80-162         ";80-162 - DUCHA EMB. C/TRANSF. CR C.CERAM ADRA;2;2;2;23361019;150926100610052;183438682;;;;07/29/2031 00:00:00;2;13966396;15/09/2026 10:06:10;Tiago;Rodriguez;24638337;14/09/2026 07:15:58;7807;Nicolas;Perez;Tiago Rodriguez;Nicolas Perez
14232310;15/09/2026 10:06:11;3;2;0001  214589-1;05;CAMIONETA EXP 2;2091860;"CO45    ";"COMPRALIADO S. A.                                 ";AV. COLON 6050;952916;"70-168N        ";70-168N - BIDE MONOC BLACK WAVE;2;2;2;23361883;150926095218110;183442787;;;;01/05/2032 00:00:00;2;13966004;15/09/2026 09:52:18;Tiago;Rodriguez;24639130;14/09/2026 07:43:34;7807;Nicolas;Perez;Tiago Rodriguez;Nicolas Perez
14232310;15/09/2026 10:06:11;3;2;0001  214589-1;05;CAMIONETA EXP 2;2091860;"CO45    ";"COMPRALIADO S. A.                                 ";AV. COLON 6050;952709;"61-168N        ";61-168N - LAVATORIO MONOC ALTO BLACK WAVE;3;3;3;23361883;150926095218110;183440555;;;;07/28/2031 00:00:00;3;13966004;15/09/2026 09:52:18;Tiago;Rodriguez;24639130;14/09/2026 07:43:34;7807;Nicolas;Perez;Tiago Rodriguez;Nicolas Perez
14232310;15/09/2026 10:06:11;3;2;0001  214589-1;05;CAMIONETA EXP 2;2091860;"CO45    ";"COMPRALIADO S. A.                                 ";AV. COLON 6050;953136;"80-190P        ";80-190P - DUCHA EMB. C/TRANSF. C.CERAM BLACK VELVET PLUS;2;2;2;23403162;150926100441222;183436117;;;;07/30/2031 00:00:00;2;13966436;15/09/2026 10:04:41;Tiago;Rodriguez;;;;;;Tiago Rodriguez;
14232310;15/09/2026 10:06:11;3;2;0001  214589-1;05;CAMIONETA EXP 2;2091860;"CO45    ";"COMPRALIADO S. A.                                 ";AV. COLON 6050;953347;"85-168N        ";85-168N - DUCHA MONOC C/TRANSF Y DUCHADOR BLACK WAVE;1;1;1;23403162;150926100441222;183437745;;;;02/04/2032 00:00:00;1;13966436;15/09/2026 10:04:41;Tiago;Rodriguez;;;;;;Tiago Rodriguez;
14232310;15/09/2026 10:06:11;3;2;0001  214589-1;05;CAMIONETA EXP 2;2091860;"CO45    ";"COMPRALIADO S. A.                                 ";AV. COLON 6050;952658;"60-190         ";60-190 - LAVATORIO C.CERAM BLACK VELVET;4;4;4;23403214;150926100537476;183435767;;;;08/12/2031 00:00:00;4;13966458;15/09/2026 10:05:37;Tiago;Rodriguez;;;;;;Tiago Rodriguez;
14232311;15/09/2026 09:39:48;3;2;0001  215155-1;05;CAMIONETA EXP 2;2095023;"WA02    ";"WALTER CARLOS A. -EL FUERTE MATERIALES            ";MAESTRO GONZALEZ 629;952741;"62-100N        ";62-100N - LAVATORIO DE PARED BLACK C.CERAM FABRIC;1;1;1;23361889;150926093946536;183441424;;;;11/05/2031 00:00:00;1;13965592;15/09/2026 09:39:46;Tiago;Rodriguez;24639124;14/09/2026 07:29:15;7152;Mirko;Hernandez;Tiago Rodriguez;Mirko Hernandez
14232311;15/09/2026 09:39:48;3;2;0001  215155-1;05;CAMIONETA EXP 2;2095023;"WA02    ";"WALTER CARLOS A. -EL FUERTE MATERIALES            ";MAESTRO GONZALEZ 629;952786;"62-201NI       ";62-201NI - LAVATORIO DE PARED C.CERAM BEAT NICKEL;1;1;1;23361889;150926093946536;183440187;;;;11/02/2031 00:00:00;1;13965592;15/09/2026 09:39:46;Tiago;Rodriguez;24639124;14/09/2026 07:29:15;7152;Mirko;Hernandez;Tiago Rodriguez;Mirko Hernandez
14232311;15/09/2026 09:39:48;3;2;0001  215155-1;05;CAMIONETA EXP 2;2095023;"WA02    ";"WALTER CARLOS A. -EL FUERTE MATERIALES            ";MAESTRO GONZALEZ 629;952953;"70-201NI       ";70-201NI - BIDE CR C.CERAM BEAT NICKEL;1;1;1;23361889;150926093946536;183440274;;;;07/29/2031 00:00:00;1;13965592;15/09/2026 09:39:46;Tiago;Rodriguez;24639124;14/09/2026 07:29:15;7152;Mirko;Hernandez;Tiago Rodriguez;Mirko Hernandez
14232311;15/09/2026 09:39:48;3;2;0001  215155-1;05;CAMIONETA EXP 2;2095023;"WA02    ";"WALTER CARLOS A. -EL FUERTE MATERIALES            ";MAESTRO GONZALEZ 629;953354;"85-201NI       ";85-201NI - DUCHA EMB C/TRANSF Y DUCHADOR C.CERAM BEAT NICKEL;1;1;1;23361889;150926093946536;183440145;;;;01/11/2032 00:00:00;1;13965592;15/09/2026 09:39:46;Tiago;Rodriguez;24639124;14/09/2026 07:29:15;7152;Mirko;Hernandez;Tiago Rodriguez;Mirko Hernandez
14232312;15/09/2026 09:30:58;3;2;0001  215221-1;05;CAMIONETA EXP 2;2091837;"CO22    ";"COPMACO LTDA.                                     ";AV. SANTIAGO MARZO SUR 1816;951488;"20-102         ";"20-102 - MONOCOMANDO MESADA CROMO ""RENACER""";5;5;5;23360749;150926093057731;183434624;;;;08/20/2031 00:00:00;5;13965341;15/09/2026 09:30:57;Tiago;Rodriguez;24638064;14/09/2026 06:33:37;7636;Kevin;Arce;Tiago Rodriguez;Kevin Arce
14232313;15/09/2026 10:37:17;3;2;0001  215225-1;05;CAMIONETA EXP 2;2091837;"CO22    ";"COPMACO LTDA.                                     ";CALLE 122 ESQ CALLE 13 S/N;952908;"70-152         ";70-152 - BIDE MONOCOMANDO CR C/TRANSFERENCIA SORIA;1;1;1;23360750;150926103714765;183433844;;;;07/28/2031 00:00:00;1;13967442;15/09/2026 10:37:14;Tiago;Rodriguez;24638064;14/09/2026 06:33:37;7636;Kevin;Arce;Tiago Rodriguez;Kevin Arce
14232313;15/09/2026 10:37:17;3;2;0001  215225-1;05;CAMIONETA EXP 2;2091837;"CO22    ";"COPMACO LTDA.                                     ";CALLE 122 ESQ CALLE 13 S/N;952630;"60-152         ";60-152 - LAVATORIO CR MONOCOMANDO BAJO SORIA;1;1;1;23360750;150926103714765;183433805;;;;07/27/2031 00:00:00;1;13967442;15/09/2026 10:37:14;Tiago;Rodriguez;24638064;14/09/2026 06:33:37;7636;Kevin;Arce;Tiago Rodriguez;Kevin Arce
14232313;15/09/2026 10:37:17;3;2;0001  215225-1;05;CAMIONETA EXP 2;2091837;"CO22    ";"COPMACO LTDA.                                     ";CALLE 122 ESQ CALLE 13 S/N;951531;"20-146N        ";20-146N - MONOCOMANDO DE COCINA BLACK LINEA MOVE;1;1;1;23360750;150926103714765;183434382;;;;07/30/2031 00:00:00;1;13967442;15/09/2026 10:37:14;Tiago;Rodriguez;24638064;14/09/2026 06:33:37;7636;Kevin;Arce;Tiago Rodriguez;Kevin Arce
14232313;15/09/2026 10:37:17;3;2;0001  215225-1;05;CAMIONETA EXP 2;2091837;"CO22    ";"COPMACO LTDA.                                     ";CALLE 122 ESQ CALLE 13 S/N;953166;"80-209P        ";"DUCHA EMB C/TRANSF CR C.CERAM CADIZ PLUS                              ";1;1;1;23361020;150926103322486;183437886;;;;09/20/2031 00:00:00;1;13967353;15/09/2026 10:33:22;Tiago;Rodriguez;24638337;14/09/2026 07:15:58;7807;Nicolas;Perez;Tiago Rodriguez;Nicolas Perez
14232313;15/09/2026 10:37:17;3;2;0001  215225-1;05;CAMIONETA EXP 2;2091837;"CO22    ";"COPMACO LTDA.                                     ";CALLE 122 ESQ CALLE 13 S/N;952541;"60-001N        ";"60-001N - LAVATORIO ""CROMO Y""";1;1;1;23404856;150926103243574;183436748;;;;02/01/2032 00:00:00;1;13967371;15/09/2026 10:32:43;Tiago;Rodriguez;;;;;;Tiago Rodriguez;
14232313;15/09/2026 10:37:17;3;2;0001  215225-1;05;CAMIONETA EXP 2;2091837;"CO22    ";"COPMACO LTDA.                                     ";CALLE 122 ESQ CALLE 13 S/N;952582;"60-057         ";60-057 - LAVATORIO C.STD VERIN PLUS;3;3;3;23404856;150926103243574;183435183;;;;01/31/2032 00:00:00;3;13967371;15/09/2026 10:32:43;Tiago;Rodriguez;;;;;;Tiago Rodriguez;
14232313;15/09/2026 10:37:17;3;2;0001  215225-1;05;CAMIONETA EXP 2;2091837;"CO22    ";"COPMACO LTDA.                                     ";CALLE 122 ESQ CALLE 13 S/N;952635;"60-162N        ";60-162N - LAVATORIO BLACK C.CERAM LINEA ADRA;3;3;3;23404856;150926103243574;183435675;;;;11/03/2031 00:00:00;3;13967371;15/09/2026 10:32:43;Tiago;Rodriguez;;;;;;Tiago Rodriguez;
14232313;15/09/2026 10:37:17;3;2;0001  215225-1;05;CAMIONETA EXP 2;2091837;"CO22    ";"COPMACO LTDA.                                     ";CALLE 122 ESQ CALLE 13 S/N;952913;"70-162N        ";70-162N - BIDE BLACK C.CERAM LINEA ADRA;2;2;2;23404856;150926103243574;183435807;;;;12/08/2031 00:00:00;2;13967371;15/09/2026 10:32:43;Tiago;Rodriguez;;;;;;Tiago Rodriguez;
14232313;15/09/2026 10:37:17;3;2;0001  215225-1;05;CAMIONETA EXP 2;2091837;"CO22    ";"COPMACO LTDA.                                     ";CALLE 122 ESQ CALLE 13 S/N;953059;"80-057         ";80-057 - DUCHA EMB. C/TRANSF. C.STD VERIN PLUS;2;2;2;23404856;150926103243574;183435042;;;;02/08/2032 00:00:00;2;13967371;15/09/2026 10:32:43;Tiago;Rodriguez;;;;;;Tiago Rodriguez;
14232313;15/09/2026 10:37:17;3;2;0001  215225-1;05;CAMIONETA EXP 2;2091837;"CO22    ";"COPMACO LTDA.                                     ";CALLE 122 ESQ CALLE 13 S/N;951833;"30-132         ";30-132 - COCINA MESADA MONOC. C/DUCHADOR EXTENSIBLE VIGO;1;1;1;23405032;150926103548599;183433365;;;;07/28/2031 00:00:00;1;13967482;15/09/2026 10:35:48;Tiago;Rodriguez;;;;;;Tiago Rodriguez;
14232313;15/09/2026 10:37:17;3;2;0001  215225-1;05;CAMIONETA EXP 2;2091837;"CO22    ";"COPMACO LTDA.                                     ";CALLE 122 ESQ CALLE 13 S/N;951513;"20-122N        ";20-122N - MONOCOMANDO COCINA C/PICO EXTRAIBLE VALENCIA BLACK;1;1;1;23405032;150926103548599;183434117;;;;08/06/2031 00:00:00;1;13967482;15/09/2026 10:35:48;Tiago;Rodriguez;;;;;;Tiago Rodriguez;
14232313;15/09/2026 10:37:17;3;2;0001  215225-1;05;CAMIONETA EXP 2;2091837;"CO22    ";"COPMACO LTDA.                                     ";CALLE 122 ESQ CALLE 13 S/N;951260;"16010          ";16010 - TOALLERO BARRAL LINEA 16000;1;1;1;23405032;150926103548599;183433178;;;;07/31/2031 00:00:00;1;13967482;15/09/2026 10:35:48;Tiago;Rodriguez;;;;;;Tiago Rodriguez;
14232314;15/09/2026 09:50:00;3;2;0001  215239-1;05;CAMIONETA EXP 2;2093044;"JM05    ";"JUAN H MARCHAL Y CIA S.R.L.                       ";AV. 59 1317;953059;"80-057         ";80-057 - DUCHA EMB. C/TRANSF. C.STD VERIN PLUS;15;15;15;23360731;150926094958967;183433405;;;;02/08/2032 00:00:00;5;13965810;15/09/2026 09:49:58;Tiago;Rodriguez;24638059;14/09/2026 06:15:17;7807;Nicolas;Perez;Tiago Rodriguez;Nicolas Perez
14232314;15/09/2026 09:50:00;3;2;0001  215239-1;05;CAMIONETA EXP 2;2093044;"JM05    ";"JUAN H MARCHAL Y CIA S.R.L.                       ";AV. 59 1317;952542;"60-002         ";60-002 - LAVATORIO RENACER;22;22;22;23402234;150926094738866;183743866;;;;01/20/2032 00:00:00;10;13965840;15/09/2026 09:47:38;Tiago;Rodriguez;;;;;;Tiago Rodriguez;
14232314;15/09/2026 09:50:00;3;2;0001  215239-1;05;CAMIONETA EXP 2;2093044;"JM05    ";"JUAN H MARCHAL Y CIA S.R.L.                       ";AV. 59 1317;952542;"60-002         ";60-002 - LAVATORIO RENACER;22;22;22;23402282;150926094835740;183433200;;;;01/20/2032 00:00:00;12;13965871;15/09/2026 09:48:35;Tiago;Rodriguez;;;;;;Tiago Rodriguez;
14232314;15/09/2026 09:50:00;3;2;0001  215239-1;05;CAMIONETA EXP 2;2093044;"JM05    ";"JUAN H MARCHAL Y CIA S.R.L.                       ";AV. 59 1317;953059;"80-057         ";80-057 - DUCHA EMB. C/TRANSF. C.STD VERIN PLUS;15;15;15;23402327;150926094920253;183744410;;;;02/08/2032 00:00:00;10;13965897;15/09/2026 09:49:20;Tiago;Rodriguez;;;;;;Tiago Rodriguez;
14232315;15/09/2026 13:39:28;3;2;0001  215279-1;05;CAMIONETA EXP 2;2090999;"AC02    ";"ACCESANIGA S.A.                                   ";PARAGUAY 1332;954921;"BCH18          ";BCH18 - BACHA DE APOYAR SIMIL MARMOL 460x320x140;5;5;5;23328523;120926112657091;183182734;;;;10/04/2031 00:00:00;5;13939127;12/09/2026 11:26:57;Maximiliano;Nievas;24603740;11/09/2026 10:46:17;7807;Nicolas;Perez;Maximiliano Nievas;Nicolas Perez
14232315;15/09/2026 13:39:28;3;2;0001  215279-1;05;CAMIONETA EXP 2;2090999;"AC02    ";"ACCESANIGA S.A.                                   ";PARAGUAY 1332;952888;"70-122         ";70-122 - BIDE C.CERAM CR VALENCIA;5;5;5;23361021;150926131608874;183435893;;;;10/26/2031 00:00:00;3;13972276;15/09/2026 13:16:08;Tiago;Rodriguez;24638337;14/09/2026 07:15:58;7807;Nicolas;Perez;Tiago Rodriguez;Nicolas Perez
14232315;15/09/2026 13:39:28;3;2;0001  215279-1;05;CAMIONETA EXP 2;2090999;"AC02    ";"ACCESANIGA S.A.                                   ";PARAGUAY 1332;952886;"70-121         ";70-121 - BIDE C.CERAM CR MARBELLA;3;3;3;23361021;150926131608874;183437210;;;;01/17/2032 00:00:00;1;13972276;15/09/2026 13:16:08;Tiago;Rodriguez;24638337;14/09/2026 07:15:58;7807;Nicolas;Perez;Tiago Rodriguez;Nicolas Perez
14232315;15/09/2026 13:39:28;3;2;0001  215279-1;05;CAMIONETA EXP 2;2090999;"AC02    ";"ACCESANIGA S.A.                                   ";PARAGUAY 1332;951565;"20-205         ";20-205 - MONOCOMANDO DE COCINA STEEL;10;10;10;23361087;150926043927185;183436437;;;;07/28/2031 00:00:00;10;13972422;15/09/2026 13:39:27;Mirko;Hernandez;24638412;14/09/2026 07:33:13;7827;Javier;Machado;Mirko Hernandez;Javier Machado
14232315;15/09/2026 13:39:28;3;2;0001  215279-1;05;CAMIONETA EXP 2;2090999;"AC02    ";"ACCESANIGA S.A.                                   ";PARAGUAY 1332;952456;"51-190         ";51-190 - MESADA BIMANDO C.CERAM BLACK VELVET;5;5;5;23413238;150926131359102;183820717;;;;10/20/2031 00:00:00;3;13972338;15/09/2026 13:13:59;Tiago;Rodriguez;;;;;;Tiago Rodriguez;
14232315;15/09/2026 13:39:28;3;2;0001  215279-1;05;CAMIONETA EXP 2;2090999;"AC02    ";"ACCESANIGA S.A.                                   ";PARAGUAY 1332;952456;"51-190         ";51-190 - MESADA BIMANDO C.CERAM BLACK VELVET;5;5;5;23413322;150926131509694;183436280;;;;10/20/2031 00:00:00;2;13972370;15/09/2026 13:15:09;Tiago;Rodriguez;;;;;;Tiago Rodriguez;
14232315;15/09/2026 13:39:28;3;2;0001  215279-1;05;CAMIONETA EXP 2;2090999;"AC02    ";"ACCESANIGA S.A.                                   ";PARAGUAY 1332;952620;"60-135         ";60-135 - LAVATORIO C.CERAM SANTANDER;2;2;2;23413322;150926131509694;183436818;;;;01/14/2032 00:00:00;2;13972370;15/09/2026 13:15:09;Tiago;Rodriguez;;;;;;Tiago Rodriguez;
14232315;15/09/2026 13:39:28;3;2;0001  215279-1;05;CAMIONETA EXP 2;2090999;"AC02    ";"ACCESANIGA S.A.                                   ";PARAGUAY 1332;953243;"814/CR         ";814/CR - MESADA P.FUNDIDO CR/CR ARES;5;5;5;23413357;150926131554946;183437049;;;;01/13/2032 00:00:00;5;13972395;15/09/2026 13:15:54;Tiago;Rodriguez;;;;;;Tiago Rodriguez;
14232315;15/09/2026 13:39:28;3;2;0001  215279-1;05;CAMIONETA EXP 2;2090999;"AC02    ";"ACCESANIGA S.A.                                   ";PARAGUAY 1332;952888;"70-122         ";70-122 - BIDE C.CERAM CR VALENCIA;5;5;5;23413357;150926131554946;183821305;;;;10/26/2031 00:00:00;2;13972395;15/09/2026 13:15:54;Tiago;Rodriguez;;;;;;Tiago Rodriguez;
14232315;15/09/2026 13:39:28;3;2;0001  215279-1;05;CAMIONETA EXP 2;2090999;"AC02    ";"ACCESANIGA S.A.                                   ";PARAGUAY 1332;952886;"70-121         ";70-121 - BIDE C.CERAM CR MARBELLA;3;3;3;23413357;150926131554946;183821304;;;;01/17/2032 00:00:00;2;13972395;15/09/2026 13:15:54;Tiago;Rodriguez;;;;;;Tiago Rodriguez;
14232315;15/09/2026 13:39:28;3;2;0001  215279-1;05;CAMIONETA EXP 2;2090999;"AC02    ";"ACCESANIGA S.A.                                   ";PARAGUAY 1332;952740;"62-100G        ";62-100G - LAVATORIO DE PARED GOLD C.CERAM FABRIC;1;1;1;23413357;150926131554946;183436690;;;;12/20/2031 00:00:00;1;13972395;15/09/2026 13:15:54;Tiago;Rodriguez;;;;;;Tiago Rodriguez;
14232315;15/09/2026 13:39:28;3;2;0001  215279-1;05;CAMIONETA EXP 2;2090999;"AC02    ";"ACCESANIGA S.A.                                   ";PARAGUAY 1332;951530;"20-146         ";20-146 - MONOCOMANDO DE COCINA CR LINEA MOVE;15;15;15;23413458;150926041743132;183821895;;;;10/09/2031 00:00:00;3;13972451;15/09/2026 13:17:43;Mirko;Hernandez;;;;;;Mirko Hernandez;
14232315;15/09/2026 13:39:28;3;2;0001  215279-1;05;CAMIONETA EXP 2;2090999;"AC02    ";"ACCESANIGA S.A.                                   ";PARAGUAY 1332;951554;"20-190         ";20-190 - COCINA MESADA MONOC BLACK VELVET;3;3;3;23413464;150926041752625;183441377;;;;07/28/2031 00:00:00;3;13972458;15/09/2026 13:17:52;Mirko;Hernandez;;;;;;Mirko Hernandez;
14232315;15/09/2026 13:39:28;3;2;0001  215279-1;05;CAMIONETA EXP 2;2090999;"AC02    ";"ACCESANIGA S.A.                                   ";PARAGUAY 1332;952723;"61-200C        ";61-200C - LAVATORIO MONOC ALTO CR FABRIC;1;1;1;23413531;150926041906403;183442458;;;;07/27/2031 00:00:00;1;13972502;15/09/2026 13:19:06;Mirko;Hernandez;;;;;;Mirko Hernandez;
14232315;15/09/2026 13:39:28;3;2;0001  215279-1;05;CAMIONETA EXP 2;2090999;"AC02    ";"ACCESANIGA S.A.                                   ";PARAGUAY 1332;952721;"61-193         ";61-193 - LAVATORIO MONOCOMANDO ALTO MORA;3;3;3;23413531;150926041906403;183439071;;;;07/27/2031 00:00:00;3;13972502;15/09/2026 13:19:06;Mirko;Hernandez;;;;;;Mirko Hernandez;
14232315;15/09/2026 13:39:28;3;2;0001  215279-1;05;CAMIONETA EXP 2;2090999;"AC02    ";"ACCESANIGA S.A.                                   ";PARAGUAY 1332;951301;"17030N         ";17030N - PERCHA LINEA FABRIC BLACK;5;5;5;23413668;150926042236008;183437816;;;;07/28/2031 00:00:00;5;13972596;15/09/2026 13:22:36;Mirko;Hernandez;;;;;;Mirko Hernandez;
14232315;15/09/2026 13:39:28;3;2;0001  215279-1;05;CAMIONETA EXP 2;2090999;"AC02    ";"ACCESANIGA S.A.                                   ";PARAGUAY 1332;951303;"17040G         ";17040G - PORTA ROLLO LINEA FABRIC GOLD;2;2;2;23413668;150926042236008;183438369;;;;07/28/2031 00:00:00;2;13972596;15/09/2026 13:22:36;Mirko;Hernandez;;;;;;Mirko Hernandez;
14232315;15/09/2026 13:39:28;3;2;0001  215279-1;05;CAMIONETA EXP 2;2090999;"AC02    ";"ACCESANIGA S.A.                                   ";PARAGUAY 1332;951300;"17030G         ";17030G - PERCHA LINEA FABRIC GOLD;5;5;5;23413668;150926042236008;183437230;;;;07/29/2031 00:00:00;5;13972596;15/09/2026 13:22:36;Mirko;Hernandez;;;;;;Mirko Hernandez;
14232315;15/09/2026 13:39:28;3;2;0001  215279-1;05;CAMIONETA EXP 2;2090999;"AC02    ";"ACCESANIGA S.A.                                   ";PARAGUAY 1332;951653;"22-178         ";22-178 - MONOCOMANDO DE COCINA P/AGUA FILTRADA VITA;3;3;3;23413719;150926042331592;183439473;;;;12/23/2031 00:00:00;3;13972627;15/09/2026 13:23:31;Mirko;Hernandez;;;;;;Mirko Hernandez;
14232315;15/09/2026 13:39:28;3;2;0001  215279-1;05;CAMIONETA EXP 2;2090999;"AC02    ";"ACCESANIGA S.A.                                   ";PARAGUAY 1332;951117;"12006N         ";"SET DE 6 PIEZAS LINEA 12000 BLACK                                     ";2;2;2;23413735;150926042358835;183437646;;;;09/01/2031 00:00:00;2;13972643;15/09/2026 13:23:58;Mirko;Hernandez;;;;;;Mirko Hernandez;
14232315;15/09/2026 13:39:28;3;2;0001  215279-1;05;CAMIONETA EXP 2;2090999;"AC02    ";"ACCESANIGA S.A.                                   ";PARAGUAY 1332;950978;"10006CR        ";"SET DE 6 PIEZAS LINEA 10000 MINIMALISTA                               ";3;3;3;23413735;150926042358835;183438720;;;;07/28/2031 00:00:00;3;13972643;15/09/2026 13:23:58;Mirko;Hernandez;;;;;;Mirko Hernandez;
14232315;15/09/2026 13:39:28;3;2;0001  215279-1;05;CAMIONETA EXP 2;2090999;"AC02    ";"ACCESANIGA S.A.                                   ";PARAGUAY 1332;951606;"21100          ";21100 - ESTANTE ORGANIZADOR RECTANGULAR 25x12x7;5;5;5;23413790;150926042454294;183442296;;;;07/29/2031 00:00:00;5;13972672;15/09/2026 13:24:54;Mirko;Hernandez;;;;;;Mirko Hernandez;
14232315;15/09/2026 13:39:28;3;2;0001  215279-1;05;CAMIONETA EXP 2;2090999;"AC02    ";"ACCESANIGA S.A.                                   ";PARAGUAY 1332;952725;"61-200N        ";61-200N - LAVATORIO MONOC ALTO FABRIC BLACK;3;3;3;23413869;150926042709231;183441721;;;;07/28/2031 00:00:00;3;13972738;15/09/2026 13:27:09;Mirko;Hernandez;;;;;;Mirko Hernandez;
14232315;15/09/2026 13:39:28;3;2;0001  215279-1;05;CAMIONETA EXP 2;2090999;"AC02    ";"ACCESANIGA S.A.                                   ";PARAGUAY 1332;953125;"80-180         ";80-180 - DUCHA EMB. C/TRANSF. MONOCOMANDO VERA;2;2;2;23413869;150926042709231;183437392;;;;11/23/2031 00:00:00;2;13972738;15/09/2026 13:27:09;Mirko;Hernandez;;;;;;Mirko Hernandez;
14232315;15/09/2026 13:39:28;3;2;0001  215279-1;05;CAMIONETA EXP 2;2090999;"AC02    ";"ACCESANIGA S.A.                                   ";PARAGUAY 1332;953123;"80-176N        ";80-176N - DUCHA EMB C/TRANSF MONOC BLACK RIO;3;3;3;23414334;150926043530169;183440419;;;;07/27/2031 00:00:00;3;13972969;15/09/2026 13:35:30;Mirko;Hernandez;;;;;;Mirko Hernandez;
14232315;15/09/2026 13:39:28;3;2;0001  215279-1;05;CAMIONETA EXP 2;2090999;"AC02    ";"ACCESANIGA S.A.                                   ";PARAGUAY 1332;952928;"70-180         ";70-180 - BIDE MONOCOMANDO C/TRANSF. VERA;3;3;3;23414334;150926043530169;183440067;;;;07/27/2031 00:00:00;3;13972969;15/09/2026 13:35:30;Mirko;Hernandez;;;;;;Mirko Hernandez;
14232315;15/09/2026 13:39:28;3;2;0001  215279-1;05;CAMIONETA EXP 2;2090999;"AC02    ";"ACCESANIGA S.A.                                   ";PARAGUAY 1332;952674;"60-200N        ";60-200N - LAVATORIO MONOC BAJO BLACK FABRIC;1;1;1;23414334;150926043530169;183441826;;;;07/28/2031 00:00:00;1;13972969;15/09/2026 13:35:30;Mirko;Hernandez;;;;;;Mirko Hernandez;
14232315;15/09/2026 13:39:28;3;2;0001  215279-1;05;CAMIONETA EXP 2;2090999;"AC02    ";"ACCESANIGA S.A.                                   ";PARAGUAY 1332;952647;"60-176         ";"LAVATORIO MONOCOMANDO BAJO CR RIO                                     ";5;5;5;23414387;150926043640462;183436719;;;;10/11/2031 00:00:00;5;13973005;15/09/2026 13:36:40;Mirko;Hernandez;;;;;;Mirko Hernandez;
14232315;15/09/2026 13:39:28;3;2;0001  215279-1;05;CAMIONETA EXP 2;2090999;"AC02    ";"ACCESANIGA S.A.                                   ";PARAGUAY 1332;951533;"20-150         ";20-150 - MONOCOMANDO MESADA COCINA TOLEDO;5;5;5;23414421;150926043741424;183436880;;;;07/27/2031 00:00:00;5;13973044;15/09/2026 13:37:41;Mirko;Hernandez;;;;;;Mirko Hernandez;
14232315;15/09/2026 13:39:28;3;2;0001  215279-1;05;CAMIONETA EXP 2;2090999;"AC02    ";"ACCESANIGA S.A.                                   ";PARAGUAY 1332;951530;"20-146         ";20-146 - MONOCOMANDO DE COCINA CR LINEA MOVE;15;15;15;23414435;150926043803096;183828958;;;;10/09/2031 00:00:00;6;13973058;15/09/2026 13:38:03;Mirko;Hernandez;;;;;;Mirko Hernandez;
14232315;15/09/2026 13:39:28;3;2;0001  215279-1;05;CAMIONETA EXP 2;2090999;"AC02    ";"ACCESANIGA S.A.                                   ";PARAGUAY 1332;951530;"20-146         ";20-146 - MONOCOMANDO DE COCINA CR LINEA MOVE;15;15;15;23414461;150926043827915;183436020;;;;10/09/2031 00:00:00;6;13973076;15/09/2026 13:38:27;Mirko;Hernandez;;;;;;Mirko Hernandez;
14232315;15/09/2026 13:39:28;3;2;0001  215279-1;05;CAMIONETA EXP 2;2090999;"AC02    ";"ACCESANIGA S.A.                                   ";PARAGUAY 1332;952713;"61-176N        ";61-176N - LAVATORIO MONOC ALTO BLACK RIO;5;5;5;23414496;150926043905877;183440759;;;;07/29/2031 00:00:00;5;13973103;15/09/2026 13:39:05;Mirko;Hernandez;;;;;;Mirko Hernandez;
14232316;15/09/2026 09:29:09;3;2;0001  215185-1;05;CAMIONETA EXP 2;2091276;"BE19    ";"BERMAT S.R.L.                                     ";JUAN JOSE CASTELLI 1939;953322;"83-205         ";83-205 - DUCHA EXT C/TRANSF MONOC STEEL PICO CURVO;1;1;1;23361040;150926092909245;183445185;;;;07/27/2031 00:00:00;1;13965279;15/09/2026 09:29:09;Tiago;Rodriguez;24638361;14/09/2026 07:53:15;6922;Franco;Potenza;Tiago Rodriguez;Franco Potenza
14232316;15/09/2026 09:29:09;3;2;0001  215185-1;05;CAMIONETA EXP 2;2091276;"BE19    ";"BERMAT S.R.L.                                     ";JUAN JOSE CASTELLI 1939;952956;"70-205         ";70-205 - BIDE MONOCOMANDO STEEL;1;1;1;23361040;150926092909245;183445432;;;;11/08/2031 00:00:00;1;13965279;15/09/2026 09:29:09;Tiago;Rodriguez;24638361;14/09/2026 07:53:15;6922;Franco;Potenza;Tiago Rodriguez;Franco Potenza
14232316;15/09/2026 09:29:09;3;2;0001  215185-1;05;CAMIONETA EXP 2;2091276;"BE19    ";"BERMAT S.R.L.                                     ";JUAN JOSE CASTELLI 1939;952679;"60-205         ";60-205 - LAVATORIO MONOC BAJO STEEL;1;1;1;23361040;150926092909245;183445579;;;;07/28/2031 00:00:00;1;13965279;15/09/2026 09:29:09;Tiago;Rodriguez;24638361;14/09/2026 07:53:15;6922;Franco;Potenza;Tiago Rodriguez;Franco Potenza
14232318;15/09/2026 07:56:16;3;2;0001  213986-1;05;CAMIONETA EXP 2;2094547;"SM22    ";"SANITARIOS MASTER GAS S.R.L.                      ";AV. CONSTITUCION 1691;956412;"INO102-2       ";"DEPOSITO C/DESCARGA DUAL BLANCO LINEA LOFT                            ";10;10;10;23361151;150926075615464;183435914;;;;02/24/2032 00:00:00;10;13963008;15/09/2026 07:56:15;Gustavo;Soderquvist;24638586;14/09/2026 07:22:02;7636;Kevin;Arce;Gustavo Soderquvist;Kevin Arce
14232318;15/09/2026 07:56:16;3;2;0001  213986-1;05;CAMIONETA EXP 2;2094547;"SM22    ";"SANITARIOS MASTER GAS S.R.L.                      ";AV. CONSTITUCION 1691;956411;"INO102-1       ";"INODORO BLANCO C/ASIENTO LINEA LOFT                                   ";10;10;10;23361151;150926075615464;183435595;;;;02/24/2032 00:00:00;3;13963008;15/09/2026 07:56:15;Gustavo;Soderquvist;24638586;14/09/2026 07:22:02;7636;Kevin;Arce;Gustavo Soderquvist;Kevin Arce
14232318;15/09/2026 07:56:16;3;2;0001  213986-1;05;CAMIONETA EXP 2;2094547;"SM22    ";"SANITARIOS MASTER GAS S.R.L.                      ";AV. CONSTITUCION 1691;954942;"BID102-1       ";"BIDE 1 AGUJERO BLANCO LINEA LOFT                                      ";12;12;12;23396607;150926074046378;183435395;;;;02/24/2032 00:00:00;12;13963039;15/09/2026 07:40:46;Gustavo;Soderquvist;;;;;;Gustavo Soderquvist;
14232318;15/09/2026 07:56:16;3;2;0001  213986-1;05;CAMIONETA EXP 2;2094547;"SM22    ";"SANITARIOS MASTER GAS S.R.L.                      ";AV. CONSTITUCION 1691;956411;"INO102-1       ";"INODORO BLANCO C/ASIENTO LINEA LOFT                                   ";10;10;10;23396764;150926074527401;183706227;;;;02/24/2032 00:00:00;7;13963097;15/09/2026 07:45:27;Gustavo;Soderquvist;;;;;;Gustavo Soderquvist;
14232319;15/09/2026 11:06:55;3;2;0001  215345-1;05;CAMIONETA EXP 2;2091837;"CO22    ";"COPMACO LTDA.                                     ";AV. HIPOLITO IRIGOYEN 529;952616;"60-131         ";60-131 - LAVATORIO C.CERAM CR MALLORCA;2;2;2;23360722;150926110655218;183433697;;;;01/03/2032 00:00:00;2;13968243;15/09/2026 11:06:55;Tiago;Rodriguez;24638047;14/09/2026 06:35:25;7827;Javier;Machado;Tiago Rodriguez;Javier Machado
14232319;15/09/2026 11:06:55;3;2;0001  215345-1;05;CAMIONETA EXP 2;2091837;"CO22    ";"COPMACO LTDA.                                     ";AV. HIPOLITO IRIGOYEN 529;953086;"80-131         ";80-131 - DUCHA EMB. C/TRANSF. CR C.CERAM MALLORCA;1;1;1;23360722;150926110655218;183433610;;;;01/24/2032 00:00:00;1;13968243;15/09/2026 11:06:55;Tiago;Rodriguez;24638047;14/09/2026 06:35:25;7827;Javier;Machado;Tiago Rodriguez;Javier Machado
14232319;15/09/2026 11:06:55;3;2;0001  215345-1;05;CAMIONETA EXP 2;2091837;"CO22    ";"COPMACO LTDA.                                     ";AV. HIPOLITO IRIGOYEN 529;953165;"80-209         ";"DUCHA EMB C/TRANSF CR C.CERAM CADIZ                                   ";2;2;2;23360722;150926110655218;183433317;;;;09/17/2031 00:00:00;2;13968243;15/09/2026 11:06:55;Tiago;Rodriguez;24638047;14/09/2026 06:35:25;7827;Javier;Machado;Tiago Rodriguez;Javier Machado
14232319;15/09/2026 11:06:55;3;2;0001  215345-1;05;CAMIONETA EXP 2;2091837;"CO22    ";"COPMACO LTDA.                                     ";AV. HIPOLITO IRIGOYEN 529;953279;"83-002         ";83-002 - DUCHA EXT C/TRANSF. RENACER;1;1;1;23360722;150926110655218;183434238;;;;07/31/2031 00:00:00;1;13968243;15/09/2026 11:06:55;Tiago;Rodriguez;24638047;14/09/2026 06:35:25;7827;Javier;Machado;Tiago Rodriguez;Javier Machado
14232319;15/09/2026 11:06:55;3;2;0001  215345-1;05;CAMIONETA EXP 2;2091837;"CO22    ";"COPMACO LTDA.                                     ";AV. HIPOLITO IRIGOYEN 529;953161;"80-205         ";80-205 - DUCHA EMB. C/TRANSF. MONOC STEEL;1;1;1;23362042;150926103524216;183443939;;;;08/11/2031 00:00:00;1;13966045;15/09/2026 10:35:24;Gustavo;Soderquvist;24639249;14/09/2026 08:12:25;7636;Kevin;Arce;Gustavo Soderquvist;Kevin Arce
14232319;15/09/2026 11:06:55;3;2;0001  215345-1;05;CAMIONETA EXP 2;2091837;"CO22    ";"COPMACO LTDA.                                     ";AV. HIPOLITO IRIGOYEN 529;952728;"61-205         ";61-205 - LAVATORIO MONOC ALTO STEEL;1;1;1;23362042;150926103524216;183441556;;;;07/28/2031 00:00:00;1;13966045;15/09/2026 10:35:24;Gustavo;Soderquvist;24639249;14/09/2026 08:12:25;7636;Kevin;Arce;Gustavo Soderquvist;Kevin Arce
14232319;15/09/2026 11:06:55;3;2;0001  215345-1;05;CAMIONETA EXP 2;2091837;"CO22    ";"COPMACO LTDA.                                     ";AV. HIPOLITO IRIGOYEN 529;952679;"60-205         ";60-205 - LAVATORIO MONOC BAJO STEEL;2;2;2;23362042;150926103524216;183441528;;;;07/28/2031 00:00:00;2;13966045;15/09/2026 10:35:24;Gustavo;Soderquvist;24639249;14/09/2026 08:12:25;7636;Kevin;Arce;Gustavo Soderquvist;Kevin Arce
14232319;15/09/2026 11:06:55;3;2;0001  215345-1;05;CAMIONETA EXP 2;2091837;"CO22    ";"COPMACO LTDA.                                     ";AV. HIPOLITO IRIGOYEN 529;951614;"21200          ";21200 - ESQUINERO ORGANIZADOR 19x19x7;3;3;3;23362042;150926103524216;183441676;;;;07/27/2031 00:00:00;3;13966045;15/09/2026 10:35:24;Gustavo;Soderquvist;24639249;14/09/2026 08:12:25;7636;Kevin;Arce;Gustavo Soderquvist;Kevin Arce
14232319;15/09/2026 11:06:55;3;2;0001  215345-1;05;CAMIONETA EXP 2;2091837;"CO22    ";"COPMACO LTDA.                                     ";AV. HIPOLITO IRIGOYEN 529;957872;"RA765          ";RA765 - BOLSITA P/CONEXION LAVATORIO LINEAS STD COMPLETO;3;3;3;23362042;150926103524216;183450203;;;;12/16/2031 00:00:00;3;13966045;15/09/2026 10:35:24;Gustavo;Soderquvist;24639249;14/09/2026 08:12:25;7636;Kevin;Arce;Gustavo Soderquvist;Kevin Arce
14232319;15/09/2026 11:06:55;3;2;0001  215345-1;05;CAMIONETA EXP 2;2091837;"CO22    ";"COPMACO LTDA.                                     ";AV. HIPOLITO IRIGOYEN 529;957871;"RA764          ";RA764 - BOLSITA P/CONEXION BIDET LINEAS STD COMPLETO;3;3;3;23362042;150926103524216;183450415;;;;02/01/2032 00:00:00;3;13966045;15/09/2026 10:35:24;Gustavo;Soderquvist;24639249;14/09/2026 08:12:25;7636;Kevin;Arce;Gustavo Soderquvist;Kevin Arce
14232319;15/09/2026 11:06:55;3;2;0001  215345-1;05;CAMIONETA EXP 2;2091837;"CO22    ";"COPMACO LTDA.                                     ";AV. HIPOLITO IRIGOYEN 529;957860;"RA737C         ";RA737C - BRAZO Y FLOR DUCHA STD ABS CR;6;6;6;23362042;150926103524216;183449705;;;;07/31/2031 00:00:00;6;13966045;15/09/2026 10:35:24;Gustavo;Soderquvist;24639249;14/09/2026 08:12:25;7636;Kevin;Arce;Gustavo Soderquvist;Kevin Arce
14232319;15/09/2026 11:06:55;3;2;0001  215345-1;05;CAMIONETA EXP 2;2091837;"CO22    ";"COPMACO LTDA.                                     ";AV. HIPOLITO IRIGOYEN 529;957500;"RA1110         ";RA1110 - AIREADOR P/MONOCOMANDO BETIS M16.5 x 1;3;3;3;23362042;150926103524216;183451119;;;;07/31/2031 00:00:00;3;13966045;15/09/2026 10:35:24;Gustavo;Soderquvist;24639249;14/09/2026 08:12:25;7636;Kevin;Arce;Gustavo Soderquvist;Kevin Arce
14232319;15/09/2026 11:06:55;3;2;0001  215345-1;05;CAMIONETA EXP 2;2091837;"CO22    ";"COPMACO LTDA.                                     ";AV. HIPOLITO IRIGOYEN 529;957442;"RA1026         ";RA1026 - CONJUNTO O'RING VALVULA TEMPORIZADA 03-010;5;5;5;23362042;150926103524216;183448795;;;;08/02/2031 00:00:00;5;13966045;15/09/2026 10:35:24;Gustavo;Soderquvist;24639249;14/09/2026 08:12:25;7636;Kevin;Arce;Gustavo Soderquvist;Kevin Arce
14232319;15/09/2026 11:06:55;3;2;0001  215345-1;05;CAMIONETA EXP 2;2091837;"CO22    ";"COPMACO LTDA.                                     ";AV. HIPOLITO IRIGOYEN 529;950895;"02-010         ";"VALVULA P/INODORO TEMPORIZADA TECNO                                   ";3;3;3;23362042;150926103524216;183444740;;;;07/28/2031 00:00:00;3;13966045;15/09/2026 10:35:24;Gustavo;Soderquvist;24639249;14/09/2026 08:12:25;7636;Kevin;Arce;Gustavo Soderquvist;Kevin Arce
14232319;15/09/2026 11:06:55;3;2;0001  215345-1;05;CAMIONETA EXP 2;2091837;"CO22    ";"COPMACO LTDA.                                     ";AV. HIPOLITO IRIGOYEN 529;951143;"13120G         ";"QUEINOX GAS MH 1/2""x120 APROBADO POR IGA                              ";10;10;10;23362042;150926103524216;183445249;;;;08/04/2031 00:00:00;10;13966045;15/09/2026 10:35:24;Gustavo;Soderquvist;24639249;14/09/2026 08:12:25;7636;Kevin;Arce;Gustavo Soderquvist;Kevin Arce
14232319;15/09/2026 11:06:55;3;2;0001  215345-1;05;CAMIONETA EXP 2;2091837;"CO22    ";"COPMACO LTDA.                                     ";AV. HIPOLITO IRIGOYEN 529;951142;"13100G         ";"QUEINOX GAS MH 1/2""x100 APROBADO POR IGA                              ";10;10;10;23362042;150926103524216;183445587;;;;08/04/2031 00:00:00;10;13966045;15/09/2026 10:35:24;Gustavo;Soderquvist;24639249;14/09/2026 08:12:25;7636;Kevin;Arce;Gustavo Soderquvist;Kevin Arce
14232319;15/09/2026 11:06:55;3;2;0001  215345-1;05;CAMIONETA EXP 2;2091837;"CO22    ";"COPMACO LTDA.                                     ";AV. HIPOLITO IRIGOYEN 529;951535;"20-160         ";20-160 - MONOCOMANDO MESADA COCINA DIQUE;8;8;8;23362042;150926103524216;183443456;;;;07/28/2031 00:00:00;8;13966045;15/09/2026 10:35:24;Gustavo;Soderquvist;24639249;14/09/2026 08:12:25;7636;Kevin;Arce;Gustavo Soderquvist;Kevin Arce
14232319;15/09/2026 11:06:55;3;2;0001  215345-1;05;CAMIONETA EXP 2;2091837;"CO22    ";"COPMACO LTDA.                                     ";AV. HIPOLITO IRIGOYEN 529;951533;"20-150         ";20-150 - MONOCOMANDO MESADA COCINA TOLEDO;2;2;2;23362042;150926103524216;183447123;;;;07/27/2031 00:00:00;2;13966045;15/09/2026 10:35:24;Gustavo;Soderquvist;24639249;14/09/2026 08:12:25;7636;Kevin;Arce;Gustavo Soderquvist;Kevin Arce
14232319;15/09/2026 11:06:55;3;2;0001  215345-1;05;CAMIONETA EXP 2;2091837;"CO22    ";"COPMACO LTDA.                                     ";AV. HIPOLITO IRIGOYEN 529;951532;"20-147         ";20-147 - MONOCOMANDO DE COCINA SWIFT;10;10;10;23362042;150926103524216;183443746;;;;07/29/2031 00:00:00;10;13966045;15/09/2026 10:35:24;Gustavo;Soderquvist;24639249;14/09/2026 08:12:25;7636;Kevin;Arce;Gustavo Soderquvist;Kevin Arce
14232319;15/09/2026 11:06:55;3;2;0001  215345-1;05;CAMIONETA EXP 2;2091837;"CO22    ";"COPMACO LTDA.                                     ";AV. HIPOLITO IRIGOYEN 529;951488;"20-102         ";"20-102 - MONOCOMANDO MESADA CROMO ""RENACER""";20;20;20;23362042;150926103524216;183443134;;;;08/20/2031 00:00:00;20;13966045;15/09/2026 10:35:24;Gustavo;Soderquvist;24639249;14/09/2026 08:12:25;7636;Kevin;Arce;Gustavo Soderquvist;Kevin Arce
14232319;15/09/2026 11:06:55;3;2;0001  215345-1;05;CAMIONETA EXP 2;2091837;"CO22    ";"COPMACO LTDA.                                     ";AV. HIPOLITO IRIGOYEN 529;951182;"1350G          ";"QUEINOX GAS MH. 1/2""x50 APROBADO POR IGA                              ";10;10;10;23362042;150926103524216;183446059;;;;07/31/2031 00:00:00;10;13966045;15/09/2026 10:35:24;Gustavo;Soderquvist;24639249;14/09/2026 08:12:25;7636;Kevin;Arce;Gustavo Soderquvist;Kevin Arce
14232319;15/09/2026 11:06:55;3;2;0001  215345-1;05;CAMIONETA EXP 2;2091837;"CO22    ";"COPMACO LTDA.                                     ";AV. HIPOLITO IRIGOYEN 529;951172;"1340G          ";"QUEINOX GAS MH. 1/2""x40 APROBADO POR IGA                              ";6;6;6;23362042;150926103524216;183446628;;;;01/05/2032 00:00:00;6;13966045;15/09/2026 10:35:24;Gustavo;Soderquvist;24639249;14/09/2026 08:12:25;7636;Kevin;Arce;Gustavo Soderquvist;Kevin Arce
14232319;15/09/2026 11:06:55;3;2;0001  215345-1;05;CAMIONETA EXP 2;2091837;"CO22    ";"COPMACO LTDA.                                     ";AV. HIPOLITO IRIGOYEN 529;951156;"1330           ";"QUEINOX MACHO MOVIL MH 1/2"" x 30                                      ";1;1;1;23362042;150926103524216;183446760;;;;02/16/2032 00:00:00;1;13966045;15/09/2026 10:35:24;Gustavo;Soderquvist;24639249;14/09/2026 08:12:25;7636;Kevin;Arce;Gustavo Soderquvist;Kevin Arce
14232319;15/09/2026 11:06:55;3;2;0001  215345-1;05;CAMIONETA EXP 2;2091837;"CO22    ";"COPMACO LTDA.                                     ";AV. HIPOLITO IRIGOYEN 529;957400;"RA015R         ";RA015R - CORTACHORRO PLASTICO P/GRIFERIA;3;3;3;23362042;150926103524216;183451491;;;;07/31/2031 00:00:00;3;13966045;15/09/2026 10:35:24;Gustavo;Soderquvist;24639249;14/09/2026 08:12:25;7636;Kevin;Arce;Gustavo Soderquvist;Kevin Arce
14232319;15/09/2026 11:06:55;3;2;0001  215345-1;05;CAMIONETA EXP 2;2091837;"CO22    ";"COPMACO LTDA.                                     ";AV. HIPOLITO IRIGOYEN 529;956036;"F1342          ";"F1342 - JUEGO DE 2 FLEXIBLES 1/2"" x 40 cm AC.INOX.P/ MONOCOMANDO";10;10;10;23362042;150926103524216;183449601;;;;02/02/2032 00:00:00;10;13966045;15/09/2026 10:35:24;Gustavo;Soderquvist;24639249;14/09/2026 08:12:25;7636;Kevin;Arce;Gustavo Soderquvist;Kevin Arce
14232319;15/09/2026 11:06:55;3;2;0001  215345-1;05;CAMIONETA EXP 2;2091837;"CO22    ";"COPMACO LTDA.                                     ";AV. HIPOLITO IRIGOYEN 529;956031;"F1319          ";"F1319 - JUEGO DE 2 FLEXIBLES 1/2"" x 30 cm AC.INOX.P/ MONOCOMANDO";10;10;10;23362042;150926103524216;183450979;;;;09/16/2031 00:00:00;10;13966045;15/09/2026 10:35:24;Gustavo;Soderquvist;24639249;14/09/2026 08:12:25;7636;Kevin;Arce;Gustavo Soderquvist;Kevin Arce
14232319;15/09/2026 11:06:55;3;2;0001  215345-1;05;CAMIONETA EXP 2;2091837;"CO22    ";"COPMACO LTDA.                                     ";AV. HIPOLITO IRIGOYEN 529;952821;"70-001N        ";"70-001N - BIDE ""CROMO Y""";2;2;2;23406316;150926110039734;183433481;;;;07/31/2031 00:00:00;2;13968313;15/09/2026 11:00:39;Tiago;Rodriguez;;;;;;Tiago Rodriguez;
14232319;15/09/2026 11:06:55;3;2;0001  215345-1;05;CAMIONETA EXP 2;2091837;"CO22    ";"COPMACO LTDA.                                     ";AV. HIPOLITO IRIGOYEN 529;952894;"70-131         ";70-131 - BIDE C.CERAM CR MALLORCA;1;1;1;23406316;150926110039734;183433632;;;;10/28/2031 00:00:00;1;13968313;15/09/2026 11:00:39;Tiago;Rodriguez;;;;;;Tiago Rodriguez;
14232319;15/09/2026 11:06:55;3;2;0001  215345-1;05;CAMIONETA EXP 2;2091837;"CO22    ";"COPMACO LTDA.                                     ";AV. HIPOLITO IRIGOYEN 529;952426;"51-010         ";51-010 - COCINA MESADA BL/CR LORCA;4;4;4;23406316;150926110039734;183434413;;;;01/14/2032 00:00:00;4;13968313;15/09/2026 11:00:39;Tiago;Rodriguez;;;;;;Tiago Rodriguez;
14232319;15/09/2026 11:06:55;3;2;0001  215345-1;05;CAMIONETA EXP 2;2091837;"CO22    ";"COPMACO LTDA.                                     ";AV. HIPOLITO IRIGOYEN 529;952477;"53-010         ";53-010 - COCINA PARED EXT. P.ALTO BL/CR LORCA;3;3;3;23406316;150926110039734;183434469;;;;11/29/2031 00:00:00;3;13968313;15/09/2026 11:00:39;Tiago;Rodriguez;;;;;;Tiago Rodriguez;
14232319;15/09/2026 11:06:55;3;2;0001  215345-1;05;CAMIONETA EXP 2;2091837;"CO22    ";"COPMACO LTDA.                                     ";AV. HIPOLITO IRIGOYEN 529;952831;"70-010         ";70-010 - BIDE BL/CR LORCA;5;5;5;23406426;150926110220709;183434551;;;;12/08/2031 00:00:00;5;13968371;15/09/2026 11:02:20;Tiago;Rodriguez;;;;;;Tiago Rodriguez;
14232319;15/09/2026 11:06:55;3;2;0001  215345-1;05;CAMIONETA EXP 2;2091837;"CO22    ";"COPMACO LTDA.                                     ";AV. HIPOLITO IRIGOYEN 529;952551;"60-010         ";60-010 - LAVATORIO BL/CR LORCA;4;4;4;23406426;150926110220709;183434612;;;;12/07/2031 00:00:00;4;13968371;15/09/2026 11:02:20;Tiago;Rodriguez;;;;;;Tiago Rodriguez;
14232319;15/09/2026 11:06:55;3;2;0001  215345-1;05;CAMIONETA EXP 2;2091837;"CO22    ";"COPMACO LTDA.                                     ";AV. HIPOLITO IRIGOYEN 529;952542;"60-002         ";60-002 - LAVATORIO RENACER;1;1;1;23406426;150926110220709;183434085;;;;01/20/2032 00:00:00;1;13968371;15/09/2026 11:02:20;Tiago;Rodriguez;;;;;;Tiago Rodriguez;
14232319;15/09/2026 11:06:55;3;2;0001  215345-1;05;CAMIONETA EXP 2;2091837;"CO22    ";"COPMACO LTDA.                                     ";AV. HIPOLITO IRIGOYEN 529;951568;"203            ";"203 - LAVATORIO CROMO ""DIQUE""";2;2;2;23406511;150926110348889;183434153;;;;01/11/2032 00:00:00;2;13968429;15/09/2026 11:03:48;Tiago;Rodriguez;;;;;;Tiago Rodriguez;
14232319;15/09/2026 11:06:55;3;2;0001  215345-1;05;CAMIONETA EXP 2;2091837;"CO22    ";"COPMACO LTDA.                                     ";AV. HIPOLITO IRIGOYEN 529;951600;"209            ";209 - LAVATORIO CROMO LAZA;2;2;2;23406511;150926110348889;183433846;;;;02/01/2032 00:00:00;2;13968429;15/09/2026 11:03:48;Tiago;Rodriguez;;;;;;Tiago Rodriguez;
14232319;15/09/2026 11:06:55;3;2;0001  215345-1;05;CAMIONETA EXP 2;2091837;"CO22    ";"COPMACO LTDA.                                     ";AV. HIPOLITO IRIGOYEN 529;952470;"53-001N        ";"53-001N - COCINA PARED EXTERIOR PICO ALTO ""CROMO Y""";2;2;2;23406511;150926110348889;183433399;;;;07/31/2031 00:00:00;2;13968429;15/09/2026 11:03:48;Tiago;Rodriguez;;;;;;Tiago Rodriguez;
14232319;15/09/2026 11:06:55;3;2;0001  215345-1;05;CAMIONETA EXP 2;2091837;"CO22    ";"COPMACO LTDA.                                     ";AV. HIPOLITO IRIGOYEN 529;952610;"60-122         ";60-122 - LAVATORIO C.CERAM CR VALENCIA;1;1;1;23406511;150926110348889;183433754;;;;12/10/2031 00:00:00;1;13968429;15/09/2026 11:03:48;Tiago;Rodriguez;;;;;;Tiago Rodriguez;
14232319;15/09/2026 11:06:55;3;2;0001  215345-1;05;CAMIONETA EXP 2;2091837;"CO22    ";"COPMACO LTDA.                                     ";AV. HIPOLITO IRIGOYEN 529;952888;"70-122         ";70-122 - BIDE C.CERAM CR VALENCIA;2;2;2;23406511;150926110348889;183433796;;;;10/26/2031 00:00:00;2;13968429;15/09/2026 11:03:48;Tiago;Rodriguez;;;;;;Tiago Rodriguez;
14232319;15/09/2026 11:06:55;3;2;0001  215345-1;05;CAMIONETA EXP 2;2091837;"CO22    ";"COPMACO LTDA.                                     ";AV. HIPOLITO IRIGOYEN 529;953018;"80-001N        ";"80-001N - DUCHA EMB. C/TRANSF. ""CROMO Y""";1;1;1;23406511;150926110348889;183433487;;;;07/31/2031 00:00:00;1;13968429;15/09/2026 11:03:48;Tiago;Rodriguez;;;;;;Tiago Rodriguez;
14232319;15/09/2026 11:06:55;3;2;0001  215345-1;05;CAMIONETA EXP 2;2091837;"CO22    ";"COPMACO LTDA.                                     ";AV. HIPOLITO IRIGOYEN 529;953474;"933            ";933 - JGO PARED C/EXT CR DIQUE;3;3;3;23406585;150926110501193;183434724;;;;01/07/2032 00:00:00;3;13968474;15/09/2026 11:05:01;Tiago;Rodriguez;;;;;;Tiago Rodriguez;
14232319;15/09/2026 11:06:55;3;2;0001  215345-1;05;CAMIONETA EXP 2;2091837;"CO22    ";"COPMACO LTDA.                                     ";AV. HIPOLITO IRIGOYEN 529;952541;"60-001N        ";"60-001N - LAVATORIO ""CROMO Y""";3;3;3;23406585;150926110501193;183433597;;;;07/29/2031 00:00:00;3;13968474;15/09/2026 11:05:01;Tiago;Rodriguez;;;;;;Tiago Rodriguez;
14232319;15/09/2026 11:06:55;3;2;0001  215345-1;05;CAMIONETA EXP 2;2091837;"CO22    ";"COPMACO LTDA.                                     ";AV. HIPOLITO IRIGOYEN 529;952217;"403            ";403 - DUCHA EXT. C/TRANSF.CR DIQUE;3;3;3;23406585;150926110501193;183433252;;;;01/25/2032 00:00:00;3;13968474;15/09/2026 11:05:01;Tiago;Rodriguez;;;;;;Tiago Rodriguez;
14232319;15/09/2026 11:06:55;3;2;0001  215345-1;05;CAMIONETA EXP 2;2091837;"CO22    ";"COPMACO LTDA.                                     ";AV. HIPOLITO IRIGOYEN 529;951628;"215            ";"215 - LAVATORIO CROMO ""MURCIA""";1;1;1;23406585;150926110501193;183433953;;;;07/31/2031 00:00:00;1;13968474;15/09/2026 11:05:01;Tiago;Rodriguez;;;;;;Tiago Rodriguez;
14232319;15/09/2026 11:06:55;3;2;0001  215345-1;05;CAMIONETA EXP 2;2091837;"CO22    ";"COPMACO LTDA.                                     ";AV. HIPOLITO IRIGOYEN 529;951957;"303            ";"303 - BIDET CROMO ""DIQUE""";1;1;1;23406640;150926110601578;183434171;;;;11/25/2031 00:00:00;1;13968521;15/09/2026 11:06:01;Tiago;Rodriguez;;;;;;Tiago Rodriguez;
14232319;15/09/2026 11:06:55;3;2;0001  215345-1;05;CAMIONETA EXP 2;2091837;"CO22    ";"COPMACO LTDA.                                     ";AV. HIPOLITO IRIGOYEN 529;952267;"423            ";"423 - DUCHA EMB. C/TRANSF.CR ""DIQUE""";1;1;1;23406640;150926110601578;183434202;;;;02/03/2032 00:00:00;1;13968521;15/09/2026 11:06:01;Tiago;Rodriguez;;;;;;Tiago Rodriguez;
14232319;15/09/2026 11:06:55;3;2;0001  215345-1;05;CAMIONETA EXP 2;2091837;"CO22    ";"COPMACO LTDA.                                     ";AV. HIPOLITO IRIGOYEN 529;952683;"60-209         ";60-209 - LAVATORIO CR C.CERAM CADIZ;5;5;5;23406640;150926110601578;183433180;;;;09/10/2031 00:00:00;5;13968521;15/09/2026 11:06:01;Tiago;Rodriguez;;;;;;Tiago Rodriguez;
14232319;15/09/2026 11:06:55;3;2;0001  215345-1;05;CAMIONETA EXP 2;2091837;"CO22    ";"COPMACO LTDA.                                     ";AV. HIPOLITO IRIGOYEN 529;953283;"83-010         ";83-010 - DUCHA EXT. C/TRANSF. BL/CR LORCA;2;2;2;23406640;150926110601578;183434810;;;;01/24/2032 00:00:00;2;13968521;15/09/2026 11:06:01;Tiago;Rodriguez;;;;;;Tiago Rodriguez;
14232319;15/09/2026 11:06:55;3;2;0001  215345-1;05;CAMIONETA EXP 2;2091837;"CO22    ";"COPMACO LTDA.                                     ";AV. HIPOLITO IRIGOYEN 529;953432;"910/M          ";"910/M - JGO.MDA.P.CANO CROMO ""DIQUE""";1;1;1;23406640;150926110601578;183434045;;;;12/21/2031 00:00:00;1;13968521;15/09/2026 11:06:01;Tiago;Rodriguez;;;;;;Tiago Rodriguez;
14233503;15/09/2026 09:24:32;3;2;0001  215217-1;05;CAMIONETA EXP 2;2094849;"TR20    ";"TRES S.R.L. -TODO REPUESTOS SANITARIOS            ";HIPER CONSTRUCCION RODRIGUEZ DEL BUSTO L410;951548;"20-179         ";20-179 - MONOCOMANDO DE COCINA LARA;10;10;10;23361041;150926092431980;183444631;;;;07/27/2031 00:00:00;10;13964346;15/09/2026 09:24:31;Tiago;Rodriguez;24638361;14/09/2026 07:53:15;6922;Franco;Potenza;Tiago Rodriguez;Franco Potenza
14233503;15/09/2026 09:24:32;3;2;0001  215217-1;05;CAMIONETA EXP 2;2094849;"TR20    ";"TRES S.R.L. -TODO REPUESTOS SANITARIOS            ";HIPER CONSTRUCCION RODRIGUEZ DEL BUSTO L410;957447;"RA1030         ";RA1030 - PICO ROCIADOR P/ MONOC COCINA CUINA;30;30;30;23399449;150926085043546;183435737;;;;02/21/2032 00:00:00;30;13964416;15/09/2026 08:50:43;Tiago;Rodriguez;;;;;;Tiago Rodriguez;
14233503;15/09/2026 09:24:32;3;2;0001  215217-1;05;CAMIONETA EXP 2;2094849;"TR20    ";"TRES S.R.L. -TODO REPUESTOS SANITARIOS            ";HIPER CONSTRUCCION RODRIGUEZ DEL BUSTO L410;957393;"RA004          ";RA004 - CABEZAL P/TRANSF. BIDET Y DUCHA EMBUTIR;20;20;20;23399449;150926085043546;183436713;;;;07/31/2031 00:00:00;20;13964416;15/09/2026 08:50:43;Tiago;Rodriguez;;;;;;Tiago Rodriguez;
14233503;15/09/2026 09:24:32;3;2;0001  215217-1;05;CAMIONETA EXP 2;2094849;"TR20    ";"TRES S.R.L. -TODO REPUESTOS SANITARIOS            ";HIPER CONSTRUCCION RODRIGUEZ DEL BUSTO L410;957944;"RA980          ";RA980 - 10 CONJ. PROLONGADOR LARGO (TORNILLO+TUBO) VOLANTE;20;20;20;23399449;150926085043546;183436326;;;;10/09/2031 00:00:00;20;13964416;15/09/2026 08:50:43;Tiago;Rodriguez;;;;;;Tiago Rodriguez;
14233503;15/09/2026 09:24:32;3;2;0001  215217-1;05;CAMIONETA EXP 2;2094849;"TR20    ";"TRES S.R.L. -TODO REPUESTOS SANITARIOS            ";HIPER CONSTRUCCION RODRIGUEZ DEL BUSTO L410;957450;"RA1050         ";RA1050 - VOLANTE MALLORCA STD.;20;20;20;23399803;150926085914527;183436595;;;;02/21/2032 00:00:00;20;13964588;15/09/2026 08:59:14;Tiago;Rodriguez;;;;;;Tiago Rodriguez;
14233503;15/09/2026 09:24:32;3;2;0001  215217-1;05;CAMIONETA EXP 2;2094849;"TR20    ";"TRES S.R.L. -TODO REPUESTOS SANITARIOS            ";HIPER CONSTRUCCION RODRIGUEZ DEL BUSTO L410;957465;"RA1069         ";RA1069 - VOLANTE CASTILLA STD;20;20;20;23399803;150926085914527;183437872;;;;11/22/2031 00:00:00;20;13964588;15/09/2026 08:59:14;Tiago;Rodriguez;;;;;;Tiago Rodriguez;
14233503;15/09/2026 09:24:32;3;2;0001  215217-1;05;CAMIONETA EXP 2;2094849;"TR20    ";"TRES S.R.L. -TODO REPUESTOS SANITARIOS            ";HIPER CONSTRUCCION RODRIGUEZ DEL BUSTO L410;957921;"RA920N         ";RA920N - VOLANTE BLACK VELVET;20;20;20;23399803;150926085914527;183436920;;;;01/05/2032 00:00:00;20;13964588;15/09/2026 08:59:14;Tiago;Rodriguez;;;;;;Tiago Rodriguez;
14233503;15/09/2026 09:24:32;3;2;0001  215217-1;05;CAMIONETA EXP 2;2094849;"TR20    ";"TRES S.R.L. -TODO REPUESTOS SANITARIOS            ";HIPER CONSTRUCCION RODRIGUEZ DEL BUSTO L410;957937;"RA967          ";RA967 - CAMPANA VALENCIA - MALLORCA;20;20;20;23399803;150926085914527;183435987;;;;11/30/2031 00:00:00;20;13964588;15/09/2026 08:59:14;Tiago;Rodriguez;;;;;;Tiago Rodriguez;
14233503;15/09/2026 09:24:32;3;2;0001  215217-1;05;CAMIONETA EXP 2;2094849;"TR20    ";"TRES S.R.L. -TODO REPUESTOS SANITARIOS            ";HIPER CONSTRUCCION RODRIGUEZ DEL BUSTO L410;957938;"RA967N         ";"CAMPANA VALENCIA - MALLORCA BLACK                                     ";20;20;20;23400003;150926090253430;183440382;;;;11/19/2031 00:00:00;20;13964674;15/09/2026 09:02:53;Tiago;Rodriguez;;;;;;Tiago Rodriguez;
14233503;15/09/2026 09:24:32;3;2;0001  215217-1;05;CAMIONETA EXP 2;2094849;"TR20    ";"TRES S.R.L. -TODO REPUESTOS SANITARIOS            ";HIPER CONSTRUCCION RODRIGUEZ DEL BUSTO L410;957448;"RA1030N        ";RA1030N - PICO ROCIADOR P/ MONOC COCINA CUINA BLACK;20;20;20;23400003;150926090253430;183437635;;;;10/16/2031 00:00:00;20;13964674;15/09/2026 09:02:53;Tiago;Rodriguez;;;;;;Tiago Rodriguez;
14233503;15/09/2026 09:24:32;3;2;0001  215217-1;05;CAMIONETA EXP 2;2094849;"TR20    ";"TRES S.R.L. -TODO REPUESTOS SANITARIOS            ";HIPER CONSTRUCCION RODRIGUEZ DEL BUSTO L410;958232;"RU878          ";RU878 - VIDRIO JABONERA REDONADA REPUESTO;100;97;93;23400134;150926090550307;183730366;;;;02/14/2032 00:00:00;24;13964748;15/09/2026 09:05:50;Tiago;Rodriguez;;;;;;Tiago Rodriguez;
14233503;15/09/2026 09:24:32;3;2;0001  215217-1;05;CAMIONETA EXP 2;2094849;"TR20    ";"TRES S.R.L. -TODO REPUESTOS SANITARIOS            ";HIPER CONSTRUCCION RODRIGUEZ DEL BUSTO L410;958232;"RU878          ";RU878 - VIDRIO JABONERA REDONADA REPUESTO;100;97;93;23400284;150926090852702;183731306;;;;02/14/2032 00:00:00;24;13964810;15/09/2026 09:08:52;Tiago;Rodriguez;;;;;;Tiago Rodriguez;
14233503;15/09/2026 09:24:32;3;2;0001  215217-1;05;CAMIONETA EXP 2;2094849;"TR20    ";"TRES S.R.L. -TODO REPUESTOS SANITARIOS            ";HIPER CONSTRUCCION RODRIGUEZ DEL BUSTO L410;958232;"RU878          ";RU878 - VIDRIO JABONERA REDONADA REPUESTO;100;97;93;23400429;150926091130859;183732192;;;;02/14/2032 00:00:00;24;13964859;15/09/2026 09:11:30;Tiago;Rodriguez;;;;;;Tiago Rodriguez;
14233503;15/09/2026 09:24:32;3;2;0001  215217-1;05;CAMIONETA EXP 2;2094849;"TR20    ";"TRES S.R.L. -TODO REPUESTOS SANITARIOS            ";HIPER CONSTRUCCION RODRIGUEZ DEL BUSTO L410;958232;"RU878          ";RU878 - VIDRIO JABONERA REDONADA REPUESTO;100;97;93;23400545;150926091334217;183435103;;;;02/14/2032 00:00:00;21;13964909;15/09/2026 09:13:34;Tiago;Rodriguez;;;;;;Tiago Rodriguez;
14233503;15/09/2026 09:24:32;3;2;0001  215217-1;05;CAMIONETA EXP 2;2094849;"TR20    ";"TRES S.R.L. -TODO REPUESTOS SANITARIOS            ";HIPER CONSTRUCCION RODRIGUEZ DEL BUSTO L410;957500;"RA1110         ";RA1110 - AIREADOR P/MONOCOMANDO BETIS M16.5 x 1;20;20;20;23400963;150926092203395;183437017;;;;07/31/2031 00:00:00;20;13965124;15/09/2026 09:22:03;Tiago;Rodriguez;;;;;;Tiago Rodriguez;
14233503;15/09/2026 09:24:32;3;2;0001  215217-1;05;CAMIONETA EXP 2;2094849;"TR20    ";"TRES S.R.L. -TODO REPUESTOS SANITARIOS            ";HIPER CONSTRUCCION RODRIGUEZ DEL BUSTO L410;958195;"RU1072G        ";RU1072G - DUCHITA BIDET FABRIC GOLD;10;10;10;23400963;150926092203395;183437128;;;;08/02/2031 00:00:00;10;13965124;15/09/2026 09:22:03;Tiago;Rodriguez;;;;;;Tiago Rodriguez;
14233503;15/09/2026 09:24:32;3;2;0001  215217-1;05;CAMIONETA EXP 2;2094849;"TR20    ";"TRES S.R.L. -TODO REPUESTOS SANITARIOS            ";HIPER CONSTRUCCION RODRIGUEZ DEL BUSTO L410;958196;"RU1072N        ";RU1072N - DUCHITA BIDET METALICA FABRIC BLACK;10;10;10;23400963;150926092203395;183437298;;;;07/31/2031 00:00:00;10;13965124;15/09/2026 09:22:03;Tiago;Rodriguez;;;;;;Tiago Rodriguez;
14233503;15/09/2026 09:24:32;3;2;0001  215217-1;05;CAMIONETA EXP 2;2094849;"TR20    ";"TRES S.R.L. -TODO REPUESTOS SANITARIOS            ";HIPER CONSTRUCCION RODRIGUEZ DEL BUSTO L410;957407;"RA023          ";RA023 - SOPAPA LAVATORIO / BIDET CROMO;20;20;20;23400963;150926092203395;183438822;;;;08/02/2031 00:00:00;20;13965124;15/09/2026 09:22:03;Tiago;Rodriguez;;;;;;Tiago Rodriguez;
14233503;15/09/2026 09:24:32;3;2;0001  215217-1;05;CAMIONETA EXP 2;2094849;"TR20    ";"TRES S.R.L. -TODO REPUESTOS SANITARIOS            ";HIPER CONSTRUCCION RODRIGUEZ DEL BUSTO L410;957408;"RA023G         ";RA023G - SOPAPA LAVATORIO / BIDE FABRIC GOLD;28;17;17;23401039;150926092335086;183439068;;;;01/28/2032 00:00:00;17;13965154;15/09/2026 09:23:35;Tiago;Rodriguez;;;;;;Tiago Rodriguez;
14233503;15/09/2026 09:24:32;3;2;0001  215217-1;05;CAMIONETA EXP 2;2094849;"TR20    ";"TRES S.R.L. -TODO REPUESTOS SANITARIOS            ";HIPER CONSTRUCCION RODRIGUEZ DEL BUSTO L410;957550;"RA1189         ";RA1189 - SET PROLONGADOR P/VASTAGO Y CAMPANA (x3);50;50;50;23401039;150926092335086;183436231;;;;02/11/2032 00:00:00;50;13965154;15/09/2026 09:23:35;Tiago;Rodriguez;;;;;;Tiago Rodriguez;
14233763;09/09/2026 09:09:27;3;2;0001  214998-1;14;RETIRA;2093945;"PO01    ";"PORAL S.A.C.I.                                    ";AV. HONORIO PUEYRREDON R25 6020;951653;"22-178         ";22-178 - MONOCOMANDO DE COCINA P/AGUA FILTRADA VITA;1;1;1;23250850;090926090927827;182600482;;;;12/23/2031 00:00:00;1;13877640;09/09/2026 09:09:27;Tiago;Rodriguez;24529267;09/09/2026 08:28:57;7636;Kevin;Arce;Tiago Rodriguez;Kevin Arce
14233763;09/09/2026 09:09:27;3;2;0001  214998-1;14;RETIRA;2093945;"PO01    ";"PORAL S.A.C.I.                                    ";AV. HONORIO PUEYRREDON R25 6020;951760;"3006SS         ";3006SS - SET DE 6 PIEZAS LINEA 3000 SS;1;1;1;23250850;090926090927827;182598716;;;;07/29/2031 00:00:00;1;13877640;09/09/2026 09:09:27;Tiago;Rodriguez;24529267;09/09/2026 08:28:57;7636;Kevin;Arce;Tiago Rodriguez;Kevin Arce
14233763;09/09/2026 09:09:27;3;2;0001  214998-1;14;RETIRA;2093945;"PO01    ";"PORAL S.A.C.I.                                    ";AV. HONORIO PUEYRREDON R25 6020;953161;"80-205         ";80-205 - DUCHA EMB. C/TRANSF. MONOC STEEL;1;1;1;23250850;090926090927827;182599823;;;;08/11/2031 00:00:00;1;13877640;09/09/2026 09:09:27;Tiago;Rodriguez;24529267;09/09/2026 08:28:57;7636;Kevin;Arce;Tiago Rodriguez;Kevin Arce
14233763;09/09/2026 09:09:27;3;2;0001  214998-1;14;RETIRA;2093945;"PO01    ";"PORAL S.A.C.I.                                    ";AV. HONORIO PUEYRREDON R25 6020;952742;"62-100NI       ";62-100NI - LAVATORIO DE PARED NICKEL C.CERAM FABRIC;1;1;1;23250952;090926090552784;182599343;;;;09/02/2031 00:00:00;1;13877440;09/09/2026 09:05:52;Tiago;Rodriguez;24529372;09/09/2026 08:24:22;6922;Franco;Potenza;Tiago Rodriguez;Franco Potenza
14233763;09/09/2026 09:09:27;3;2;0001  214998-1;14;RETIRA;2093945;"PO01    ";"PORAL S.A.C.I.                                    ";AV. HONORIO PUEYRREDON R25 6020;952876;"70-100NI       ";70-100NI - BIDE NICKEL C.CERAM FABRIC;3;3;3;23250952;090926090552784;182599537;;;;12/01/2031 00:00:00;3;13877440;09/09/2026 09:05:52;Tiago;Rodriguez;24529372;09/09/2026 08:24:22;6922;Franco;Potenza;Tiago Rodriguez;Franco Potenza
14233763;09/09/2026 09:09:27;3;2;0001  214998-1;14;RETIRA;2093945;"PO01    ";"PORAL S.A.C.I.                                    ";AV. HONORIO PUEYRREDON R25 6020;951327;"19030          ";19030 - PERCHA LINEA 19000;3;3;3;23251185;090926090756037;182600883;;;;07/29/2031 00:00:00;3;13877613;09/09/2026 09:07:56;Tiago;Rodriguez;24529597;09/09/2026 08:28:06;7807;Nicolas;Perez;Tiago Rodriguez;Nicolas Perez
14233763;09/09/2026 09:09:27;3;2;0001  214998-1;14;RETIRA;2093945;"PO01    ";"PORAL S.A.C.I.                                    ";AV. HONORIO PUEYRREDON R25 6020;953073;"80-100NI       ";80-100NI - DUCHA EMB. C/TRANSF. NICKEL C.CERAM FABRIC;3;3;3;23252926;090926090530249;182599171;;;;02/08/2032 00:00:00;3;13877562;09/09/2026 09:05:30;Tiago;Rodriguez;;;;;;Tiago Rodriguez;
14233763;09/09/2026 09:09:27;3;2;0001  214998-1;14;RETIRA;2093945;"PO01    ";"PORAL S.A.C.I.                                    ";AV. HONORIO PUEYRREDON R25 6020;952956;"70-205         ";70-205 - BIDE MONOCOMANDO STEEL;1;1;1;23253113;090926090903845;182598473;;;;11/08/2031 00:00:00;1;13877647;09/09/2026 09:09:03;Tiago;Rodriguez;;;;;;Tiago Rodriguez;
14233763;09/09/2026 09:09:27;3;2;0001  214998-1;14;RETIRA;2093945;"PO01    ";"PORAL S.A.C.I.                                    ";AV. HONORIO PUEYRREDON R25 6020;952679;"60-205         ";60-205 - LAVATORIO MONOC BAJO STEEL;2;2;2;23253113;090926090903845;182598327;;;;07/27/2031 00:00:00;2;13877647;09/09/2026 09:09:03;Tiago;Rodriguez;;;;;;Tiago Rodriguez;
14233763;09/09/2026 09:09:27;3;2;0001  214998-1;14;RETIRA;2093945;"PO01    ";"PORAL S.A.C.I.                                    ";AV. HONORIO PUEYRREDON R25 6020;951318;"18040          ";18040 - PORTA ROLLO NIQUEL LINEA BEAT;3;3;3;23253113;090926090903845;182600142;;;;07/28/2031 00:00:00;3;13877647;09/09/2026 09:09:03;Tiago;Rodriguez;;;;;;Tiago Rodriguez;
14233764;09/09/2026 09:10:02;3;2;0001  215249-1;14;RETIRA;2093945;"PO01    ";"PORAL S.A.C.I.                                    ";AV. HONORIO PUEYRREDON R25 6020;951531;"20-146N        ";20-146N - MONOCOMANDO DE COCINA BLACK LINEA MOVE;1;1;1;23250851;090926091001587;182600906;;;;07/30/2031 00:00:00;1;13877680;09/09/2026 09:10:01;Tiago;Rodriguez;24529267;09/09/2026 08:28:57;7636;Kevin;Arce;Tiago Rodriguez;Kevin Arce
14233764;09/09/2026 09:10:02;3;2;0001  215249-1;14;RETIRA;2093945;"PO01    ";"PORAL S.A.C.I.                                    ";AV. HONORIO PUEYRREDON R25 6020;951547;"20-174         ";20-174 - COCINA MESADA MONOC. COLORS BLACK;1;1;1;23250851;090926091001587;182598947;;;;07/28/2031 00:00:00;1;13877680;09/09/2026 09:10:01;Tiago;Rodriguez;24529267;09/09/2026 08:28:57;7636;Kevin;Arce;Tiago Rodriguez;Kevin Arce
14233764;09/09/2026 09:10:02;3;2;0001  215249-1;14;RETIRA;2093945;"PO01    ";"PORAL S.A.C.I.                                    ";AV. HONORIO PUEYRREDON R25 6020;951565;"20-205         ";20-205 - MONOCOMANDO DE COCINA STEEL;1;1;1;23250851;090926091001587;182599571;;;;07/28/2031 00:00:00;1;13877680;09/09/2026 09:10:01;Tiago;Rodriguez;24529267;09/09/2026 08:28:57;7636;Kevin;Arce;Tiago Rodriguez;Kevin Arce
14234282;09/09/2026 14:26:12;3;2;0008    2887-1;05;CAMIONETA VIE 1;2092086;"DE24    ";"DECORMAT S.R.L.                                   ";AV. EVA PERON 8924;951168;"1340           ";"QUEINOX MACHO MOVIL MH 1/2"" x 40                                      ";100;100;100;23264220;090926142611731;182699184;;;;02/09/2032 00:00:00;20;13887783;09/09/2026 14:26:11;Tiago;Rodriguez;24542143;09/09/2026 12:45:22;6922;Franco;Potenza;Tiago Rodriguez;Franco Potenza
14234282;09/09/2026 14:26:12;3;2;0008    2887-1;05;CAMIONETA VIE 1;2092086;"DE24    ";"DECORMAT S.R.L.                                   ";AV. EVA PERON 8924;951168;"1340           ";"QUEINOX MACHO MOVIL MH 1/2"" x 40                                      ";100;100;100;23270110;090926142431964;182736269;;;;02/09/2032 00:00:00;40;13887790;09/09/2026 14:24:31;Tiago;Rodriguez;;;;;;Tiago Rodriguez;
14234282;09/09/2026 14:26:12;3;2;0008    2887-1;05;CAMIONETA VIE 1;2092086;"DE24    ";"DECORMAT S.R.L.                                   ";AV. EVA PERON 8924;951168;"1340           ";"QUEINOX MACHO MOVIL MH 1/2"" x 40                                      ";100;100;100;23270133;090926142446648;182736386;;;;02/09/2032 00:00:00;40;13887800;09/09/2026 14:24:46;Tiago;Rodriguez;;;;;;Tiago Rodriguez;
14234283;09/09/2026 14:28:42;3;2;0001  215080-1;05;CAMIONETA VIE 1;2094882;"UG01    ";"UCCELI GABRIEL A.-SANITARIOS GABRIEL              ";SANTOS VEGA 8007;951508;"20-121         ";20-121 - COCINA MSDA MONOC.P. REDONDO MARBELLA;1;1;1;23264221;090926142349506;182696152;;;;07/30/2031 00:00:00;1;13887702;09/09/2026 14:23:49;Tiago;Rodriguez;24542143;09/09/2026 12:45:22;6922;Franco;Potenza;Tiago Rodriguez;Franco Potenza
14234283;09/09/2026 14:28:42;3;2;0001  215080-1;05;CAMIONETA VIE 1;2094882;"UG01    ";"UCCELI GABRIEL A.-SANITARIOS GABRIEL              ";SANTOS VEGA 8007;951513;"20-122N        ";20-122N - MONOCOMANDO COCINA C/PICO EXTRAIBLE VALENCIA BLACK;1;1;1;23264221;090926142349506;182695842;;;;08/06/2031 00:00:00;1;13887702;09/09/2026 14:23:49;Tiago;Rodriguez;24542143;09/09/2026 12:45:22;6922;Franco;Potenza;Tiago Rodriguez;Franco Potenza
14234283;09/09/2026 14:28:42;3;2;0001  215080-1;05;CAMIONETA VIE 1;2094882;"UG01    ";"UCCELI GABRIEL A.-SANITARIOS GABRIEL              ";SANTOS VEGA 8007;951563;"20-202NI       ";20-202NI - MONOCOMANDO COCINA NICKEL HOOP;2;2;2;23264221;090926142349506;182697915;;;;07/29/2031 00:00:00;2;13887702;09/09/2026 14:23:49;Tiago;Rodriguez;24542143;09/09/2026 12:45:22;6922;Franco;Potenza;Tiago Rodriguez;Franco Potenza
14234283;09/09/2026 14:28:42;3;2;0001  215080-1;05;CAMIONETA VIE 1;2094882;"UG01    ";"UCCELI GABRIEL A.-SANITARIOS GABRIEL              ";SANTOS VEGA 8007;952596;"60-100G        ";60-100G - LAVATORIO GOLD C.CERAM FABRIC;2;2;2;23266912;090926142841791;182720606;;;;11/10/2031 00:00:00;2;13887872;09/09/2026 14:28:41;Tiago;Rodriguez;24544871;09/09/2026 13:50:14;7807;Nicolas;Perez;Tiago Rodriguez;Nicolas Perez
14234283;09/09/2026 14:28:42;3;2;0001  215080-1;05;CAMIONETA VIE 1;2094882;"UG01    ";"UCCELI GABRIEL A.-SANITARIOS GABRIEL              ";SANTOS VEGA 8007;953059;"80-057         ";80-057 - DUCHA EMB. C/TRANSF. C.STD VERIN PLUS;1;1;1;23266912;090926142841791;182721527;;;;01/04/2032 00:00:00;1;13887872;09/09/2026 14:28:41;Tiago;Rodriguez;24544871;09/09/2026 13:50:14;7807;Nicolas;Perez;Tiago Rodriguez;Nicolas Perez
14234283;09/09/2026 14:28:42;3;2;0001  215080-1;05;CAMIONETA VIE 1;2094882;"UG01    ";"UCCELI GABRIEL A.-SANITARIOS GABRIEL              ";SANTOS VEGA 8007;953324;"835            ";835 - JGO.MDA. P.FUNDIDO CR MURCIA;1;1;1;23266912;090926142841791;182719842;;;;07/29/2031 00:00:00;1;13887872;09/09/2026 14:28:41;Tiago;Rodriguez;24544871;09/09/2026 13:50:14;7807;Nicolas;Perez;Tiago Rodriguez;Nicolas Perez
14234283;09/09/2026 14:28:42;3;2;0001  215080-1;05;CAMIONETA VIE 1;2094882;"UG01    ";"UCCELI GABRIEL A.-SANITARIOS GABRIEL              ";SANTOS VEGA 8007;951536;"20-162         ";20-162 - MONOCOMANDO COCINA ADRA;1;1;1;23270050;090926142325177;182695569;;;;07/28/2031 00:00:00;1;13887747;09/09/2026 14:23:25;Tiago;Rodriguez;;;;;;Tiago Rodriguez;
14234283;09/09/2026 14:28:42;3;2;0001  215080-1;05;CAMIONETA VIE 1;2094882;"UG01    ";"UCCELI GABRIEL A.-SANITARIOS GABRIEL              ";SANTOS VEGA 8007;951535;"20-160         ";20-160 - MONOCOMANDO MESADA COCINA DIQUE;2;2;2;23270050;090926142325177;182695462;;;;07/28/2031 00:00:00;2;13887747;09/09/2026 14:23:25;Tiago;Rodriguez;;;;;;Tiago Rodriguez;
14234283;09/09/2026 14:28:42;3;2;0001  215080-1;05;CAMIONETA VIE 1;2094882;"UG01    ";"UCCELI GABRIEL A.-SANITARIOS GABRIEL              ";SANTOS VEGA 8007;951523;"20-134         ";20-134 - MONOCOMANDO COCINA BETIS;3;3;3;23270050;090926142325177;182694779;;;;08/11/2031 00:00:00;3;13887747;09/09/2026 14:23:25;Tiago;Rodriguez;;;;;;Tiago Rodriguez;
14234283;09/09/2026 14:28:42;3;2;0001  215080-1;05;CAMIONETA VIE 1;2094882;"UG01    ";"UCCELI GABRIEL A.-SANITARIOS GABRIEL              ";SANTOS VEGA 8007;952582;"60-057         ";60-057 - LAVATORIO C.STD VERIN PLUS;3;3;3;23270251;090926142722282;182721717;;;;01/31/2032 00:00:00;3;13887908;09/09/2026 14:27:22;Tiago;Rodriguez;;;;;;Tiago Rodriguez;
14234283;09/09/2026 14:28:42;3;2;0001  215080-1;05;CAMIONETA VIE 1;2094882;"UG01    ";"UCCELI GABRIEL A.-SANITARIOS GABRIEL              ";SANTOS VEGA 8007;952634;"60-162         ";60-162 - LAVATORIO CR C.CERAM LINEA ADRA;2;2;2;23270251;090926142722282;182721004;;;;07/29/2031 00:00:00;2;13887908;09/09/2026 14:27:22;Tiago;Rodriguez;;;;;;Tiago Rodriguez;
14234283;09/09/2026 14:28:42;3;2;0001  215080-1;05;CAMIONETA VIE 1;2094882;"UG01    ";"UCCELI GABRIEL A.-SANITARIOS GABRIEL              ";SANTOS VEGA 8007;952912;"70-162         ";70-162 - BIDE CR C.CERAM LINEA ADRA;1;1;1;23270251;090926142722282;182721170;;;;07/29/2031 00:00:00;1;13887908;09/09/2026 14:27:22;Tiago;Rodriguez;;;;;;Tiago Rodriguez;
14234283;09/09/2026 14:28:42;3;2;0001  215080-1;05;CAMIONETA VIE 1;2094882;"UG01    ";"UCCELI GABRIEL A.-SANITARIOS GABRIEL              ";SANTOS VEGA 8007;953107;"80-162         ";80-162 - DUCHA EMB. C/TRANSF. CR C.CERAM ADRA;1;1;1;23270251;090926142722282;182721316;;;;07/29/2031 00:00:00;1;13887908;09/09/2026 14:27:22;Tiago;Rodriguez;;;;;;Tiago Rodriguez;
14234283;09/09/2026 14:28:42;3;2;0001  215080-1;05;CAMIONETA VIE 1;2094882;"UG01    ";"UCCELI GABRIEL A.-SANITARIOS GABRIEL              ";SANTOS VEGA 8007;953432;"910/M          ";"910/M - JGO.MDA.P.CANO CROMO ""DIQUE""";3;3;3;23270251;090926142722282;182720114;;;;12/21/2031 00:00:00;3;13887908;09/09/2026 14:27:22;Tiago;Rodriguez;;;;;;Tiago Rodriguez;
14234284;09/09/2026 14:41:14;3;2;0001  215224-1;05;CAMIONETA VIE 1;2092204;"DS15    ";"DI STABILE E HIJOS S.A.                           ";ANCHORIS E/ MADARIAGA Y VILLA LYNCH 3950;953059;"80-057         ";80-057 - DUCHA EMB. C/TRANSF. C.STD VERIN PLUS;24;24;24;23263716;090926144112579;182693455;;;;01/04/2032 00:00:00;2;13885787;09/09/2026 14:41:12;Maximiliano;Nievas;24541765;09/09/2026 13:03:40;6867;Javier;Lescano;Maximiliano Nievas;Javier Lescano
14234284;09/09/2026 14:41:14;3;2;0001  215224-1;05;CAMIONETA VIE 1;2092204;"DS15    ";"DI STABILE E HIJOS S.A.                           ";ANCHORIS E/ MADARIAGA Y VILLA LYNCH 3950;953437;"914/CR         ";914/CR - JGO.MDA.P.CAÑO CR ARES;24;24;24;23263716;090926144112579;182701339;;;;01/13/2032 00:00:00;8;13885787;09/09/2026 14:41:12;Maximiliano;Nievas;24541765;09/09/2026 13:03:40;6867;Javier;Lescano;Maximiliano Nievas;Javier Lescano
14234284;09/09/2026 14:41:14;3;2;0001  215224-1;05;CAMIONETA VIE 1;2092204;"DS15    ";"DI STABILE E HIJOS S.A.                           ";ANCHORIS E/ MADARIAGA Y VILLA LYNCH 3950;953312;"83-133         ";83-133 - DUCHA EXT. C/TRANSF. MONOCOMANDO LUGO;24;24;24;23265252;090926142446545;182704059;;;;07/30/2031 00:00:00;24;13887619;09/09/2026 14:24:46;Gustavo;Soderquvist;24543225;09/09/2026 13:04:58;7636;Kevin;Arce;Gustavo Soderquvist;Kevin Arce
14234284;09/09/2026 14:41:14;3;2;0001  215224-1;05;CAMIONETA VIE 1;2092204;"DS15    ";"DI STABILE E HIJOS S.A.                           ";ANCHORIS E/ MADARIAGA Y VILLA LYNCH 3950;952896;"70-133         ";70-133 - BIDE MONOCOMANDO LUGO;24;24;24;23265252;090926142446545;182703481;;;;07/30/2031 00:00:00;24;13887619;09/09/2026 14:24:46;Gustavo;Soderquvist;24543225;09/09/2026 13:04:58;7636;Kevin;Arce;Gustavo Soderquvist;Kevin Arce
14234284;09/09/2026 14:41:14;3;2;0001  215224-1;05;CAMIONETA VIE 1;2092204;"DS15    ";"DI STABILE E HIJOS S.A.                           ";ANCHORIS E/ MADARIAGA Y VILLA LYNCH 3950;952618;"60-133         ";60-133 - LAVATORIO MONOCOMANDO LUGO;24;24;24;23265252;090926142446545;182704736;;;;07/29/2031 00:00:00;24;13887619;09/09/2026 14:24:46;Gustavo;Soderquvist;24543225;09/09/2026 13:04:58;7636;Kevin;Arce;Gustavo Soderquvist;Kevin Arce
14234284;09/09/2026 14:41:14;3;2;0001  215224-1;05;CAMIONETA VIE 1;2092204;"DS15    ";"DI STABILE E HIJOS S.A.                           ";ANCHORIS E/ MADARIAGA Y VILLA LYNCH 3950;951553;"20-184         ";"MONOCOMANDO DE COCINA CR SUV                                          ";30;30;30;23265252;090926142446545;182703154;;;;10/04/2031 00:00:00;30;13887619;09/09/2026 14:24:46;Gustavo;Soderquvist;24543225;09/09/2026 13:04:58;7636;Kevin;Arce;Gustavo Soderquvist;Kevin Arce
14234284;09/09/2026 14:41:14;3;2;0001  215224-1;05;CAMIONETA VIE 1;2092204;"DS15    ";"DI STABILE E HIJOS S.A.                           ";ANCHORIS E/ MADARIAGA Y VILLA LYNCH 3950;951535;"20-160         ";20-160 - MONOCOMANDO MESADA COCINA DIQUE;24;24;24;23265252;090926142446545;182704446;;;;07/28/2031 00:00:00;24;13887619;09/09/2026 14:24:46;Gustavo;Soderquvist;24543225;09/09/2026 13:04:58;7636;Kevin;Arce;Gustavo Soderquvist;Kevin Arce
14234284;09/09/2026 14:41:14;3;2;0001  215224-1;05;CAMIONETA VIE 1;2092204;"DS15    ";"DI STABILE E HIJOS S.A.                           ";ANCHORIS E/ MADARIAGA Y VILLA LYNCH 3950;952583;"60-058         ";60-058 - LAVATORIO CR C.STD MALBA;24;24;24;23266888;090926132930022;182713304;;;;12/03/2031 00:00:00;10;13885829;09/09/2026 13:29:30;Maximiliano;Nievas;;;;;;Maximiliano Nievas;
14234284;09/09/2026 14:41:14;3;2;0001  215224-1;05;CAMIONETA VIE 1;2092204;"DS15    ";"DI STABILE E HIJOS S.A.                           ";ANCHORIS E/ MADARIAGA Y VILLA LYNCH 3950;952583;"60-058         ";60-058 - LAVATORIO CR C.STD MALBA;24;24;24;23266914;090926132952760;182713421;;;;12/03/2031 00:00:00;10;13885838;09/09/2026 13:29:52;Maximiliano;Nievas;;;;;;Maximiliano Nievas;
14234284;09/09/2026 14:41:14;3;2;0001  215224-1;05;CAMIONETA VIE 1;2092204;"DS15    ";"DI STABILE E HIJOS S.A.                           ";ANCHORIS E/ MADARIAGA Y VILLA LYNCH 3950;952292;"434/CR         ";434/CR - DUCHA EMB.C/TRANSF CR ARES;24;24;24;23266980;090926133031733;182713650;;;;01/12/2032 00:00:00;6;13885856;09/09/2026 13:30:31;Maximiliano;Nievas;;;;;;Maximiliano Nievas;
14234284;09/09/2026 14:41:14;3;2;0001  215224-1;05;CAMIONETA VIE 1;2092204;"DS15    ";"DI STABILE E HIJOS S.A.                           ";ANCHORIS E/ MADARIAGA Y VILLA LYNCH 3950;952583;"60-058         ";60-058 - LAVATORIO CR C.STD MALBA;24;24;24;23266980;090926133031733;182697044;;;;12/03/2031 00:00:00;4;13885856;09/09/2026 13:30:31;Maximiliano;Nievas;;;;;;Maximiliano Nievas;
14234284;09/09/2026 14:41:14;3;2;0001  215224-1;05;CAMIONETA VIE 1;2092204;"DS15    ";"DI STABILE E HIJOS S.A.                           ";ANCHORIS E/ MADARIAGA Y VILLA LYNCH 3950;952292;"434/CR         ";434/CR - DUCHA EMB.C/TRANSF CR ARES;24;24;24;23267042;090926133138016;182714007;;;;01/12/2032 00:00:00;10;13885891;09/09/2026 13:31:38;Maximiliano;Nievas;;;;;;Maximiliano Nievas;
14234284;09/09/2026 14:41:14;3;2;0001  215224-1;05;CAMIONETA VIE 1;2092204;"DS15    ";"DI STABILE E HIJOS S.A.                           ";ANCHORIS E/ MADARIAGA Y VILLA LYNCH 3950;952292;"434/CR         ";434/CR - DUCHA EMB.C/TRANSF CR ARES;24;24;24;23267096;090926133236691;182700831;;;;01/12/2032 00:00:00;8;13885924;09/09/2026 13:32:36;Maximiliano;Nievas;;;;;;Maximiliano Nievas;
14234284;09/09/2026 14:41:14;3;2;0001  215224-1;05;CAMIONETA VIE 1;2092204;"DS15    ";"DI STABILE E HIJOS S.A.                           ";ANCHORIS E/ MADARIAGA Y VILLA LYNCH 3950;953060;"80-058         ";80-058 - DUCHA EMB. C/TRANSF. CR C.STD MALBA;24;24;24;23267096;090926133236691;182714345;;;;01/06/2032 00:00:00;2;13885924;09/09/2026 13:32:36;Maximiliano;Nievas;;;;;;Maximiliano Nievas;
14234284;09/09/2026 14:41:14;3;2;0001  215224-1;05;CAMIONETA VIE 1;2092204;"DS15    ";"DI STABILE E HIJOS S.A.                           ";ANCHORIS E/ MADARIAGA Y VILLA LYNCH 3950;953060;"80-058         ";80-058 - DUCHA EMB. C/TRANSF. CR C.STD MALBA;24;24;24;23267158;090926133351581;182714831;;;;01/06/2032 00:00:00;10;13885962;09/09/2026 13:33:51;Maximiliano;Nievas;;;;;;Maximiliano Nievas;
14234284;09/09/2026 14:41:14;3;2;0001  215224-1;05;CAMIONETA VIE 1;2092204;"DS15    ";"DI STABILE E HIJOS S.A.                           ";ANCHORIS E/ MADARIAGA Y VILLA LYNCH 3950;953060;"80-058         ";80-058 - DUCHA EMB. C/TRANSF. CR C.STD MALBA;24;24;24;23267199;090926133433475;182715133;;;;01/06/2032 00:00:00;10;13885989;09/09/2026 13:34:33;Maximiliano;Nievas;;;;;;Maximiliano Nievas;
14234284;09/09/2026 14:41:14;3;2;0001  215224-1;05;CAMIONETA VIE 1;2092204;"DS15    ";"DI STABILE E HIJOS S.A.                           ";ANCHORIS E/ MADARIAGA Y VILLA LYNCH 3950;952862;"70-058         ";70-058 - BIDE CR C.STD MALBA;24;24;24;23267347;090926133739571;182716411;;;;10/20/2031 00:00:00;10;13886098;09/09/2026 13:37:39;Maximiliano;Nievas;;;;;;Maximiliano Nievas;
14234284;09/09/2026 14:41:14;3;2;0001  215224-1;05;CAMIONETA VIE 1;2092204;"DS15    ";"DI STABILE E HIJOS S.A.                           ";ANCHORIS E/ MADARIAGA Y VILLA LYNCH 3950;952862;"70-058         ";70-058 - BIDE CR C.STD MALBA;24;24;24;23267359;090926133756148;182716506;;;;10/20/2031 00:00:00;10;13886111;09/09/2026 13:37:56;Maximiliano;Nievas;;;;;;Maximiliano Nievas;
14234284;09/09/2026 14:41:14;3;2;0001  215224-1;05;CAMIONETA VIE 1;2092204;"DS15    ";"DI STABILE E HIJOS S.A.                           ";ANCHORIS E/ MADARIAGA Y VILLA LYNCH 3950;953432;"910/M          ";"910/M - JGO.MDA.P.CANO CROMO ""DIQUE""";24;24;24;23267387;090926133824711;182716698;;;;12/21/2031 00:00:00;4;13886127;09/09/2026 13:38:24;Maximiliano;Nievas;;;;;;Maximiliano Nievas;
14234284;09/09/2026 14:41:14;3;2;0001  215224-1;05;CAMIONETA VIE 1;2092204;"DS15    ";"DI STABILE E HIJOS S.A.                           ";ANCHORIS E/ MADARIAGA Y VILLA LYNCH 3950;953060;"80-058         ";80-058 - DUCHA EMB. C/TRANSF. CR C.STD MALBA;24;24;24;23267387;090926133824711;182695215;;;;01/06/2032 00:00:00;2;13886127;09/09/2026 13:38:24;Maximiliano;Nievas;;;;;;Maximiliano Nievas;
14234284;09/09/2026 14:41:14;3;2;0001  215224-1;05;CAMIONETA VIE 1;2092204;"DS15    ";"DI STABILE E HIJOS S.A.                           ";ANCHORIS E/ MADARIAGA Y VILLA LYNCH 3950;952862;"70-058         ";70-058 - BIDE CR C.STD MALBA;24;24;24;23267387;090926133824711;182696386;;;;10/20/2031 00:00:00;4;13886127;09/09/2026 13:38:24;Maximiliano;Nievas;;;;;;Maximiliano Nievas;
14234284;09/09/2026 14:41:14;3;2;0001  215224-1;05;CAMIONETA VIE 1;2092204;"DS15    ";"DI STABILE E HIJOS S.A.                           ";ANCHORIS E/ MADARIAGA Y VILLA LYNCH 3950;952438;"51-058         ";51-058 - COCINA MESADA CR C.STD MALBA;24;24;24;23267401;090926133840723;182716843;;;;10/19/2031 00:00:00;10;13886140;09/09/2026 13:38:40;Maximiliano;Nievas;;;;;;Maximiliano Nievas;
14234284;09/09/2026 14:41:14;3;2;0001  215224-1;05;CAMIONETA VIE 1;2092204;"DS15    ";"DI STABILE E HIJOS S.A.                           ";ANCHORIS E/ MADARIAGA Y VILLA LYNCH 3950;952438;"51-058         ";51-058 - COCINA MESADA CR C.STD MALBA;24;24;24;23267408;090926133856563;182716951;;;;10/19/2031 00:00:00;10;13886153;09/09/2026 13:38:56;Maximiliano;Nievas;;;;;;Maximiliano Nievas;
14234284;09/09/2026 14:41:14;3;2;0001  215224-1;05;CAMIONETA VIE 1;2092204;"DS15    ";"DI STABILE E HIJOS S.A.                           ";ANCHORIS E/ MADARIAGA Y VILLA LYNCH 3950;953432;"910/M          ";"910/M - JGO.MDA.P.CANO CROMO ""DIQUE""";24;24;24;23267418;090926133911361;182717043;;;;12/21/2031 00:00:00;10;13886169;09/09/2026 13:39:11;Maximiliano;Nievas;;;;;;Maximiliano Nievas;
14234284;09/09/2026 14:41:14;3;2;0001  215224-1;05;CAMIONETA VIE 1;2092204;"DS15    ";"DI STABILE E HIJOS S.A.                           ";ANCHORIS E/ MADARIAGA Y VILLA LYNCH 3950;953432;"910/M          ";"910/M - JGO.MDA.P.CANO CROMO ""DIQUE""";24;24;24;23267451;090926133939054;182699669;;;;12/21/2031 00:00:00;10;13886182;09/09/2026 13:39:39;Maximiliano;Nievas;;;;;;Maximiliano Nievas;
14234284;09/09/2026 14:41:14;3;2;0001  215224-1;05;CAMIONETA VIE 1;2092204;"DS15    ";"DI STABILE E HIJOS S.A.                           ";ANCHORIS E/ MADARIAGA Y VILLA LYNCH 3950;952860;"70-057         ";70-057 - BIDE C.STD VERIN PLUS;24;24;24;23267461;090926133954511;182717307;;;;01/27/2032 00:00:00;10;13886190;09/09/2026 13:39:54;Maximiliano;Nievas;;;;;;Maximiliano Nievas;
14234284;09/09/2026 14:41:14;3;2;0001  215224-1;05;CAMIONETA VIE 1;2092204;"DS15    ";"DI STABILE E HIJOS S.A.                           ";ANCHORIS E/ MADARIAGA Y VILLA LYNCH 3950;951568;"203            ";"203 - LAVATORIO CROMO ""DIQUE""";24;24;24;23268780;090926140403079;182727159;;;;01/11/2032 00:00:00;10;13887032;09/09/2026 14:04:03;Maximiliano;Nievas;;;;;;Maximiliano Nievas;
14234284;09/09/2026 14:41:14;3;2;0001  215224-1;05;CAMIONETA VIE 1;2092204;"DS15    ";"DI STABILE E HIJOS S.A.                           ";ANCHORIS E/ MADARIAGA Y VILLA LYNCH 3950;953059;"80-057         ";80-057 - DUCHA EMB. C/TRANSF. C.STD VERIN PLUS;24;24;24;23268780;090926140403079;182727160;;;;01/04/2032 00:00:00;10;13887032;09/09/2026 14:04:03;Maximiliano;Nievas;;;;;;Maximiliano Nievas;
14234284;09/09/2026 14:41:14;3;2;0001  215224-1;05;CAMIONETA VIE 1;2092204;"DS15    ";"DI STABILE E HIJOS S.A.                           ";ANCHORIS E/ MADARIAGA Y VILLA LYNCH 3950;953059;"80-057         ";80-057 - DUCHA EMB. C/TRANSF. C.STD VERIN PLUS;24;24;24;23269170;090926141048752;182729965;;;;01/04/2032 00:00:00;10;13887274;09/09/2026 14:10:48;Maximiliano;Nievas;;;;;;Maximiliano Nievas;
14234284;09/09/2026 14:41:14;3;2;0001  215224-1;05;CAMIONETA VIE 1;2092204;"DS15    ";"DI STABILE E HIJOS S.A.                           ";ANCHORIS E/ MADARIAGA Y VILLA LYNCH 3950;952860;"70-057         ";70-057 - BIDE C.STD VERIN PLUS;24;24;24;23269202;090926141118484;182730148;;;;01/27/2032 00:00:00;10;13887290;09/09/2026 14:11:18;Maximiliano;Nievas;;;;;;Maximiliano Nievas;
14234284;09/09/2026 14:41:14;3;2;0001  215224-1;05;CAMIONETA VIE 1;2092204;"DS15    ";"DI STABILE E HIJOS S.A.                           ";ANCHORIS E/ MADARIAGA Y VILLA LYNCH 3950;951957;"303            ";"303 - BIDET CROMO ""DIQUE""";24;24;24;23269293;090926141232895;182730686;;;;11/25/2031 00:00:00;10;13887333;09/09/2026 14:12:32;Maximiliano;Nievas;;;;;;Maximiliano Nievas;
14234284;09/09/2026 14:41:14;3;2;0001  215224-1;05;CAMIONETA VIE 1;2092204;"DS15    ";"DI STABILE E HIJOS S.A.                           ";ANCHORIS E/ MADARIAGA Y VILLA LYNCH 3950;951957;"303            ";"303 - BIDET CROMO ""DIQUE""";24;24;24;23269377;090926141341613;182731171;;;;11/25/2031 00:00:00;10;13887381;09/09/2026 14:13:41;Maximiliano;Nievas;;;;;;Maximiliano Nievas;
14234284;09/09/2026 14:41:14;3;2;0001  215224-1;05;CAMIONETA VIE 1;2092204;"DS15    ";"DI STABILE E HIJOS S.A.                           ";ANCHORIS E/ MADARIAGA Y VILLA LYNCH 3950;951568;"203            ";"203 - LAVATORIO CROMO ""DIQUE""";24;24;24;23270089;090926142403650;182736066;;;;01/11/2032 00:00:00;10;13887771;09/09/2026 14:24:03;Maximiliano;Nievas;;;;;;Maximiliano Nievas;
14234284;09/09/2026 14:41:14;3;2;0001  215224-1;05;CAMIONETA VIE 1;2092204;"DS15    ";"DI STABILE E HIJOS S.A.                           ";ANCHORIS E/ MADARIAGA Y VILLA LYNCH 3950;953437;"914/CR         ";914/CR - JGO.MDA.P.CAÑO CR ARES;24;24;24;23270590;090926143242336;182740266;;;;01/13/2032 00:00:00;6;13888099;09/09/2026 14:32:42;Maximiliano;Nievas;;;;;;Maximiliano Nievas;
14234284;09/09/2026 14:41:14;3;2;0001  215224-1;05;CAMIONETA VIE 1;2092204;"DS15    ";"DI STABILE E HIJOS S.A.                           ";ANCHORIS E/ MADARIAGA Y VILLA LYNCH 3950;951620;"214/CR         ";214/CR - LAVATORIO CR/CR ARES;24;24;24;23270590;090926143242336;182740265;;;;01/27/2032 00:00:00;4;13888099;09/09/2026 14:32:42;Maximiliano;Nievas;;;;;;Maximiliano Nievas;
14234284;09/09/2026 14:41:14;3;2;0001  215224-1;05;CAMIONETA VIE 1;2092204;"DS15    ";"DI STABILE E HIJOS S.A.                           ";ANCHORIS E/ MADARIAGA Y VILLA LYNCH 3950;953437;"914/CR         ";914/CR - JGO.MDA.P.CAÑO CR ARES;24;24;24;23270623;090926143322831;182740582;;;;01/13/2032 00:00:00;10;13888122;09/09/2026 14:33:22;Maximiliano;Nievas;;;;;;Maximiliano Nievas;
14234284;09/09/2026 14:41:14;3;2;0001  215224-1;05;CAMIONETA VIE 1;2092204;"DS15    ";"DI STABILE E HIJOS S.A.                           ";ANCHORIS E/ MADARIAGA Y VILLA LYNCH 3950;952437;"51-057         ";51-057 - COCINA MESADA CR C.STD VERIN PLUS;24;24;24;23270644;090926143341400;182740740;;;;01/27/2032 00:00:00;10;13888133;09/09/2026 14:33:41;Maximiliano;Nievas;;;;;;Maximiliano Nievas;
14234284;09/09/2026 14:41:14;3;2;0001  215224-1;05;CAMIONETA VIE 1;2092204;"DS15    ";"DI STABILE E HIJOS S.A.                           ";ANCHORIS E/ MADARIAGA Y VILLA LYNCH 3950;951620;"214/CR         ";214/CR - LAVATORIO CR/CR ARES;24;24;24;23270664;090926143404253;182740921;;;;01/27/2032 00:00:00;10;13888142;09/09/2026 14:34:04;Maximiliano;Nievas;;;;;;Maximiliano Nievas;
14234284;09/09/2026 14:41:14;3;2;0001  215224-1;05;CAMIONETA VIE 1;2092204;"DS15    ";"DI STABILE E HIJOS S.A.                           ";ANCHORIS E/ MADARIAGA Y VILLA LYNCH 3950;952028;"314/CR         ";314/CR - BIDE CROMO ARES;24;24;24;23270768;090926143527148;182741617;;;;01/11/2032 00:00:00;10;13888202;09/09/2026 14:35:27;Maximiliano;Nievas;;;;;;Maximiliano Nievas;
14234284;09/09/2026 14:41:14;3;2;0001  215224-1;05;CAMIONETA VIE 1;2092204;"DS15    ";"DI STABILE E HIJOS S.A.                           ";ANCHORIS E/ MADARIAGA Y VILLA LYNCH 3950;952028;"314/CR         ";314/CR - BIDE CROMO ARES;24;24;24;23270797;090926143547101;182741774;;;;01/11/2032 00:00:00;10;13888217;09/09/2026 14:35:47;Maximiliano;Nievas;;;;;;Maximiliano Nievas;
14234284;09/09/2026 14:41:14;3;2;0001  215224-1;05;CAMIONETA VIE 1;2092204;"DS15    ";"DI STABILE E HIJOS S.A.                           ";ANCHORIS E/ MADARIAGA Y VILLA LYNCH 3950;952582;"60-057         ";60-057 - LAVATORIO C.STD VERIN PLUS;24;24;24;23270846;090926143627667;182742068;;;;01/31/2032 00:00:00;10;13888253;09/09/2026 14:36:27;Maximiliano;Nievas;;;;;;Maximiliano Nievas;
14234284;09/09/2026 14:41:14;3;2;0001  215224-1;05;CAMIONETA VIE 1;2092204;"DS15    ";"DI STABILE E HIJOS S.A.                           ";ANCHORIS E/ MADARIAGA Y VILLA LYNCH 3950;952582;"60-057         ";60-057 - LAVATORIO C.STD VERIN PLUS;24;24;24;23270864;090926143653849;182742283;;;;01/31/2032 00:00:00;10;13888268;09/09/2026 14:36:53;Maximiliano;Nievas;;;;;;Maximiliano Nievas;
14234284;09/09/2026 14:41:14;3;2;0001  215224-1;05;CAMIONETA VIE 1;2092204;"DS15    ";"DI STABILE E HIJOS S.A.                           ";ANCHORIS E/ MADARIAGA Y VILLA LYNCH 3950;952437;"51-057         ";51-057 - COCINA MESADA CR C.STD VERIN PLUS;24;24;24;23270892;090926143709074;182742429;;;;01/27/2032 00:00:00;10;13888279;09/09/2026 14:37:09;Maximiliano;Nievas;;;;;;Maximiliano Nievas;
14234284;09/09/2026 14:41:14;3;2;0001  215224-1;05;CAMIONETA VIE 1;2092204;"DS15    ";"DI STABILE E HIJOS S.A.                           ";ANCHORIS E/ MADARIAGA Y VILLA LYNCH 3950;951620;"214/CR         ";214/CR - LAVATORIO CR/CR ARES;24;24;24;23270972;090926143819294;182702089;;;;01/27/2032 00:00:00;10;13888326;09/09/2026 14:38:19;Maximiliano;Nievas;;;;;;Maximiliano Nievas;
14234284;09/09/2026 14:41:14;3;2;0001  215224-1;05;CAMIONETA VIE 1;2092204;"DS15    ";"DI STABILE E HIJOS S.A.                           ";ANCHORIS E/ MADARIAGA Y VILLA LYNCH 3950;952437;"51-057         ";51-057 - COCINA MESADA CR C.STD VERIN PLUS;24;24;24;23271033;090926143858640;182743249;;;;01/27/2032 00:00:00;2;13888353;09/09/2026 14:38:58;Maximiliano;Nievas;;;;;;Maximiliano Nievas;
14234284;09/09/2026 14:41:14;3;2;0001  215224-1;05;CAMIONETA VIE 1;2092204;"DS15    ";"DI STABILE E HIJOS S.A.                           ";ANCHORIS E/ MADARIAGA Y VILLA LYNCH 3950;952028;"314/CR         ";314/CR - BIDE CROMO ARES;24;24;24;23271033;090926143858640;182702930;;;;01/11/2032 00:00:00;4;13888353;09/09/2026 14:38:58;Maximiliano;Nievas;;;;;;Maximiliano Nievas;
14234284;09/09/2026 14:41:14;3;2;0001  215224-1;05;CAMIONETA VIE 1;2092204;"DS15    ";"DI STABILE E HIJOS S.A.                           ";ANCHORIS E/ MADARIAGA Y VILLA LYNCH 3950;952582;"60-057         ";60-057 - LAVATORIO C.STD VERIN PLUS;24;24;24;23271033;090926143858640;182693709;;;;01/31/2032 00:00:00;4;13888353;09/09/2026 14:38:58;Maximiliano;Nievas;;;;;;Maximiliano Nievas;
14234284;09/09/2026 14:41:14;3;2;0001  215224-1;05;CAMIONETA VIE 1;2092204;"DS15    ";"DI STABILE E HIJOS S.A.                           ";ANCHORIS E/ MADARIAGA Y VILLA LYNCH 3950;952438;"51-058         ";51-058 - COCINA MESADA CR C.STD MALBA;24;24;24;23271074;090926143933356;182692215;;;;10/19/2031 00:00:00;4;13888376;09/09/2026 14:39:33;Maximiliano;Nievas;;;;;;Maximiliano Nievas;
14234284;09/09/2026 14:41:14;3;2;0001  215224-1;05;CAMIONETA VIE 1;2092204;"DS15    ";"DI STABILE E HIJOS S.A.                           ";ANCHORIS E/ MADARIAGA Y VILLA LYNCH 3950;952860;"70-057         ";70-057 - BIDE C.STD VERIN PLUS;24;24;24;23271074;090926143933356;182692763;;;;01/27/2032 00:00:00;4;13888376;09/09/2026 14:39:33;Maximiliano;Nievas;;;;;;Maximiliano Nievas;
14234284;09/09/2026 14:41:14;3;2;0001  215224-1;05;CAMIONETA VIE 1;2092204;"DS15    ";"DI STABILE E HIJOS S.A.                           ";ANCHORIS E/ MADARIAGA Y VILLA LYNCH 3950;952437;"51-057         ";51-057 - COCINA MESADA CR C.STD VERIN PLUS;24;24;24;23271074;090926143933356;182703850;;;;01/27/2032 00:00:00;2;13888376;09/09/2026 14:39:33;Maximiliano;Nievas;;;;;;Maximiliano Nievas;
14234284;09/09/2026 14:41:14;3;2;0001  215224-1;05;CAMIONETA VIE 1;2092204;"DS15    ";"DI STABILE E HIJOS S.A.                           ";ANCHORIS E/ MADARIAGA Y VILLA LYNCH 3950;951957;"303            ";"303 - BIDET CROMO ""DIQUE""";24;24;24;23271095;090926143958970;182698212;;;;11/25/2031 00:00:00;4;13888398;09/09/2026 14:39:58;Maximiliano;Nievas;;;;;;Maximiliano Nievas;
14234284;09/09/2026 14:41:14;3;2;0001  215224-1;05;CAMIONETA VIE 1;2092204;"DS15    ";"DI STABILE E HIJOS S.A.                           ";ANCHORIS E/ MADARIAGA Y VILLA LYNCH 3950;951568;"203            ";"203 - LAVATORIO CROMO ""DIQUE""";24;24;24;23271095;090926143958970;182698635;;;;01/11/2032 00:00:00;4;13888398;09/09/2026 14:39:58;Maximiliano;Nievas;;;;;;Maximiliano Nievas;
14234284;09/09/2026 14:41:14;3;2;0001  215224-1;05;CAMIONETA VIE 1;2092204;"DS15    ";"DI STABILE E HIJOS S.A.                           ";ANCHORIS E/ MADARIAGA Y VILLA LYNCH 3950;953059;"80-057         ";80-057 - DUCHA EMB. C/TRANSF. C.STD VERIN PLUS;24;24;24;23271095;090926143958970;182743698;;;;01/04/2032 00:00:00;2;13888398;09/09/2026 14:39:58;Maximiliano;Nievas;;;;;;Maximiliano Nievas;
14234285;09/09/2026 16:14:53;3;2;0001  215234-1;05;CAMIONETA VIE 1;2091095;"AL24    ";"ALVARENGA VILLAR LUIS F.                          ";JOAQUIN V GONZALEZ 1175;952426;"51-010         ";51-010 - COCINA MESADA BL/CR LORCA;3;3;3;23266343;090926161453633;182716658;;;;01/14/2032 00:00:00;2;13891619;09/09/2026 16:14:53;Maximiliano;Nievas;24544308;09/09/2026 13:40:48;7636;Kevin;Arce;Maximiliano Nievas;Kevin Arce
14234285;09/09/2026 16:14:53;3;2;0001  215234-1;05;CAMIONETA VIE 1;2091095;"AL24    ";"ALVARENGA VILLAR LUIS F.                          ";JOAQUIN V GONZALEZ 1175;952438;"51-058         ";51-058 - COCINA MESADA CR C.STD MALBA;3;3;3;23266343;090926161453633;182716204;;;;10/19/2031 00:00:00;2;13891619;09/09/2026 16:14:53;Maximiliano;Nievas;24544308;09/09/2026 13:40:48;7636;Kevin;Arce;Maximiliano Nievas;Kevin Arce
14234285;09/09/2026 16:14:53;3;2;0001  215234-1;05;CAMIONETA VIE 1;2091095;"AL24    ";"ALVARENGA VILLAR LUIS F.                          ";JOAQUIN V GONZALEZ 1175;952912;"70-162         ";70-162 - BIDE CR C.CERAM LINEA ADRA;3;3;3;23266343;090926161453633;182714506;;;;07/29/2031 00:00:00;3;13891619;09/09/2026 16:14:53;Maximiliano;Nievas;24544308;09/09/2026 13:40:48;7636;Kevin;Arce;Maximiliano Nievas;Kevin Arce
14234285;09/09/2026 16:14:53;3;2;0001  215234-1;05;CAMIONETA VIE 1;2091095;"AL24    ";"ALVARENGA VILLAR LUIS F.                          ";JOAQUIN V GONZALEZ 1175;953028;"80-010         ";80-010 - DUCHA EMB. C/TRANSF. BL/CR LORCA;3;3;3;23266343;090926161453633;182715884;;;;09/16/2031 00:00:00;3;13891619;09/09/2026 16:14:53;Maximiliano;Nievas;24544308;09/09/2026 13:40:48;7636;Kevin;Arce;Maximiliano Nievas;Kevin Arce
14234285;09/09/2026 16:14:53;3;2;0001  215234-1;05;CAMIONETA VIE 1;2091095;"AL24    ";"ALVARENGA VILLAR LUIS F.                          ";JOAQUIN V GONZALEZ 1175;953107;"80-162         ";80-162 - DUCHA EMB. C/TRANSF. CR C.CERAM ADRA;3;3;3;23276125;090926161152669;182785601;;;;07/29/2031 00:00:00;2;13891689;09/09/2026 16:11:52;Maximiliano;Nievas;;;;;;Maximiliano Nievas;
14234285;09/09/2026 16:14:53;3;2;0001  215234-1;05;CAMIONETA VIE 1;2091095;"AL24    ";"ALVARENGA VILLAR LUIS F.                          ";JOAQUIN V GONZALEZ 1175;952831;"70-010         ";70-010 - BIDE BL/CR LORCA;3;3;3;23276125;090926161152669;182785600;;;;12/08/2031 00:00:00;1;13891689;09/09/2026 16:11:52;Maximiliano;Nievas;;;;;;Maximiliano Nievas;
14234285;09/09/2026 16:14:53;3;2;0001  215234-1;05;CAMIONETA VIE 1;2091095;"AL24    ";"ALVARENGA VILLAR LUIS F.                          ";JOAQUIN V GONZALEZ 1175;952426;"51-010         ";51-010 - COCINA MESADA BL/CR LORCA;3;3;3;23276125;090926161152669;182785597;;;;01/14/2032 00:00:00;1;13891689;09/09/2026 16:11:52;Maximiliano;Nievas;;;;;;Maximiliano Nievas;
14234285;09/09/2026 16:14:53;3;2;0001  215234-1;05;CAMIONETA VIE 1;2091095;"AL24    ";"ALVARENGA VILLAR LUIS F.                          ";JOAQUIN V GONZALEZ 1175;952634;"60-162         ";60-162 - LAVATORIO CR C.CERAM LINEA ADRA;3;3;3;23276125;090926161152669;182714292;;;;07/29/2031 00:00:00;3;13891689;09/09/2026 16:11:52;Maximiliano;Nievas;;;;;;Maximiliano Nievas;
14234285;09/09/2026 16:14:53;3;2;0001  215234-1;05;CAMIONETA VIE 1;2091095;"AL24    ";"ALVARENGA VILLAR LUIS F.                          ";JOAQUIN V GONZALEZ 1175;952583;"60-058         ";60-058 - LAVATORIO CR C.STD MALBA;3;3;3;23276125;090926161152669;182713943;;;;12/03/2031 00:00:00;3;13891689;09/09/2026 16:11:52;Maximiliano;Nievas;;;;;;Maximiliano Nievas;
14234285;09/09/2026 16:14:53;3;2;0001  215234-1;05;CAMIONETA VIE 1;2091095;"AL24    ";"ALVARENGA VILLAR LUIS F.                          ";JOAQUIN V GONZALEZ 1175;952551;"60-010         ";60-010 - LAVATORIO BL/CR LORCA;3;3;3;23276125;090926161152669;182785599;;;;12/07/2031 00:00:00;2;13891689;09/09/2026 16:11:52;Maximiliano;Nievas;;;;;;Maximiliano Nievas;
14234285;09/09/2026 16:14:53;3;2;0001  215234-1;05;CAMIONETA VIE 1;2091095;"AL24    ";"ALVARENGA VILLAR LUIS F.                          ";JOAQUIN V GONZALEZ 1175;952438;"51-058         ";51-058 - COCINA MESADA CR C.STD MALBA;3;3;3;23276125;090926161152669;182785598;;;;10/19/2031 00:00:00;1;13891689;09/09/2026 16:11:52;Maximiliano;Nievas;;;;;;Maximiliano Nievas;
14234285;09/09/2026 16:14:53;3;2;0001  215234-1;05;CAMIONETA VIE 1;2091095;"AL24    ";"ALVARENGA VILLAR LUIS F.                          ";JOAQUIN V GONZALEZ 1175;952551;"60-010         ";60-010 - LAVATORIO BL/CR LORCA;3;3;3;23276222;090926161406875;182714697;;;;12/07/2031 00:00:00;1;13891749;09/09/2026 16:14:06;Maximiliano;Nievas;;;;;;Maximiliano Nievas;
14234285;09/09/2026 16:14:53;3;2;0001  215234-1;05;CAMIONETA VIE 1;2091095;"AL24    ";"ALVARENGA VILLAR LUIS F.                          ";JOAQUIN V GONZALEZ 1175;952831;"70-010         ";70-010 - BIDE BL/CR LORCA;3;3;3;23276222;090926161406875;182715693;;;;12/08/2031 00:00:00;2;13891749;09/09/2026 16:14:06;Maximiliano;Nievas;;;;;;Maximiliano Nievas;
14234285;09/09/2026 16:14:53;3;2;0001  215234-1;05;CAMIONETA VIE 1;2091095;"AL24    ";"ALVARENGA VILLAR LUIS F.                          ";JOAQUIN V GONZALEZ 1175;952862;"70-058         ";70-058 - BIDE CR C.STD MALBA;3;3;3;23276222;090926161406875;182712718;;;;10/20/2031 00:00:00;3;13891749;09/09/2026 16:14:06;Maximiliano;Nievas;;;;;;Maximiliano Nievas;
14234285;09/09/2026 16:14:53;3;2;0001  215234-1;05;CAMIONETA VIE 1;2091095;"AL24    ";"ALVARENGA VILLAR LUIS F.                          ";JOAQUIN V GONZALEZ 1175;953060;"80-058         ";80-058 - DUCHA EMB. C/TRANSF. CR C.STD MALBA;3;3;3;23276222;090926161406875;182712532;;;;01/06/2032 00:00:00;3;13891749;09/09/2026 16:14:06;Maximiliano;Nievas;;;;;;Maximiliano Nievas;
14234285;09/09/2026 16:14:53;3;2;0001  215234-1;05;CAMIONETA VIE 1;2091095;"AL24    ";"ALVARENGA VILLAR LUIS F.                          ";JOAQUIN V GONZALEZ 1175;953107;"80-162         ";80-162 - DUCHA EMB. C/TRANSF. CR C.CERAM ADRA;3;3;3;23276222;090926161406875;182715222;;;;07/29/2031 00:00:00;1;13891749;09/09/2026 16:14:06;Maximiliano;Nievas;;;;;;Maximiliano Nievas;
14234286;09/09/2026 14:47:37;3;2;0001  215340-1;05;CAMIONETA VIE 1;2094882;"UG01    ";"UCCELI GABRIEL A.-SANITARIOS GABRIEL              ";SANTOS VEGA 8007;953140;"80-193         ";80-193 - DUCHA EMB. C/TRANSF. MONOCOMANDO MORA;2;2;2;23269432;090926144737371;182733981;;;;07/27/2031 00:00:00;2;13888599;09/09/2026 14:47:37;Tiago;Rodriguez;24547297;09/09/2026 14:31:42;6867;Javier;Lescano;Tiago Rodriguez;Javier Lescano
14234286;09/09/2026 14:47:37;3;2;0001  215340-1;05;CAMIONETA VIE 1;2094882;"UG01    ";"UCCELI GABRIEL A.-SANITARIOS GABRIEL              ";SANTOS VEGA 8007;952661;"60-193         ";60-193 - LAVATORIO MONOCOMANDO BAJO MORA;1;1;1;23269432;090926144737371;182735988;;;;07/28/2031 00:00:00;1;13888599;09/09/2026 14:47:37;Tiago;Rodriguez;24547297;09/09/2026 14:31:42;6867;Javier;Lescano;Tiago Rodriguez;Javier Lescano
14234286;09/09/2026 14:47:37;3;2;0001  215340-1;05;CAMIONETA VIE 1;2094882;"UG01    ";"UCCELI GABRIEL A.-SANITARIOS GABRIEL              ";SANTOS VEGA 8007;952712;"61-176         ";61-176 - LAVATORIO MONOC ALTO CR RIO;2;2;2;23269432;090926144737371;182734510;;;;10/09/2031 00:00:00;2;13888599;09/09/2026 14:47:37;Tiago;Rodriguez;24547297;09/09/2026 14:31:42;6867;Javier;Lescano;Tiago Rodriguez;Javier Lescano
14234286;09/09/2026 14:47:37;3;2;0001  215340-1;05;CAMIONETA VIE 1;2094882;"UG01    ";"UCCELI GABRIEL A.-SANITARIOS GABRIEL              ";SANTOS VEGA 8007;953236;"81-180         ";81-180 - DUCHA EMB. S/TRANSF. MONOCOMANDO VERA;1;1;1;23270156;090926144349954;182736991;;;;01/04/2032 00:00:00;1;13888534;09/09/2026 14:43:49;Tiago;Rodriguez;24547946;09/09/2026 14:26:35;7807;Nicolas;Perez;Tiago Rodriguez;Nicolas Perez
14234286;09/09/2026 14:47:37;3;2;0001  215340-1;05;CAMIONETA VIE 1;2094882;"UG01    ";"UCCELI GABRIEL A.-SANITARIOS GABRIEL              ";SANTOS VEGA 8007;951293;"17010C         ";17010C - TOALLERO BARRAL LINEA FABRIC CROMO;5;5;5;23271469;090926144610587;182737818;;;;07/27/2031 00:00:00;5;13888624;09/09/2026 14:46:10;Tiago;Rodriguez;;;;;;Tiago Rodriguez;
14234286;09/09/2026 14:47:37;3;2;0001  215340-1;05;CAMIONETA VIE 1;2094882;"UG01    ";"UCCELI GABRIEL A.-SANITARIOS GABRIEL              ";SANTOS VEGA 8007;953122;"80-176         ";80-176 - DUCHA EMB C/TRANSF MONOC CR RIO;1;1;1;23271500;090926144642990;182734885;;;;07/29/2031 00:00:00;1;13888652;09/09/2026 14:46:43;Tiago;Rodriguez;;;;;;Tiago Rodriguez;
14234286;09/09/2026 14:47:37;3;2;0001  215340-1;05;CAMIONETA VIE 1;2094882;"UG01    ";"UCCELI GABRIEL A.-SANITARIOS GABRIEL              ";SANTOS VEGA 8007;952939;"70-193         ";70-193 - BIDE MONOCOMANDO MORA;2;2;2;23271500;090926144642990;182733572;;;;07/28/2031 00:00:00;2;13888652;09/09/2026 14:46:43;Tiago;Rodriguez;;;;;;Tiago Rodriguez;
14234286;09/09/2026 14:47:37;3;2;0001  215340-1;05;CAMIONETA VIE 1;2094882;"UG01    ";"UCCELI GABRIEL A.-SANITARIOS GABRIEL              ";SANTOS VEGA 8007;952928;"70-180         ";70-180 - BIDE MONOCOMANDO C/TRANSF. VERA;1;1;1;23271500;090926144642990;182735336;;;;07/27/2031 00:00:00;1;13888652;09/09/2026 14:46:43;Tiago;Rodriguez;;;;;;Tiago Rodriguez;
14234286;09/09/2026 14:47:37;3;2;0001  215340-1;05;CAMIONETA VIE 1;2094882;"UG01    ";"UCCELI GABRIEL A.-SANITARIOS GABRIEL              ";SANTOS VEGA 8007;952925;"70-176         ";70-176 - BIDE MONOC C/TRANSF CR RIO;1;1;1;23271500;090926144642990;182734657;;;;11/17/2031 00:00:00;1;13888652;09/09/2026 14:46:43;Tiago;Rodriguez;;;;;;Tiago Rodriguez;
14234286;09/09/2026 14:47:37;3;2;0001  215340-1;05;CAMIONETA VIE 1;2094882;"UG01    ";"UCCELI GABRIEL A.-SANITARIOS GABRIEL              ";SANTOS VEGA 8007;952707;"61-152         ";61-152 - LAVATORIO MONOCOMANDO CROMO ALTO SORIA;1;1;1;23271522;090926144717648;182735159;;;;07/27/2031 00:00:00;1;13888667;09/09/2026 14:47:17;Tiago;Rodriguez;;;;;;Tiago Rodriguez;
14234286;09/09/2026 14:47:37;3;2;0001  215340-1;05;CAMIONETA VIE 1;2094882;"UG01    ";"UCCELI GABRIEL A.-SANITARIOS GABRIEL              ";SANTOS VEGA 8007;952721;"61-193         ";61-193 - LAVATORIO MONOCOMANDO ALTO MORA;1;1;1;23271522;090926144717648;182735676;;;;07/27/2031 00:00:00;1;13888667;09/09/2026 14:47:17;Tiago;Rodriguez;;;;;;Tiago Rodriguez;
14234286;09/09/2026 14:47:37;3;2;0001  215340-1;05;CAMIONETA VIE 1;2094882;"UG01    ";"UCCELI GABRIEL A.-SANITARIOS GABRIEL              ";SANTOS VEGA 8007;953319;"83-193         ";83-193 - DUCHA EXT. C/TRANSF. MONOCOMANDO MORA;2;2;2;23271522;090926144717648;182734122;;;;07/27/2031 00:00:00;2;13888667;09/09/2026 14:47:17;Tiago;Rodriguez;;;;;;Tiago Rodriguez;
14234287;09/09/2026 15:26:33;3;2;0001  215372-1;05;CAMIONETA VIE 1;2092031;"DB14    ";"DIMA BAÑOS & COCINAS S.R.L.                       ";AV. RIVADAVIA 14666;952634;"60-162         ";60-162 - LAVATORIO CR C.CERAM LINEA ADRA;2;2;2;23269997;090926152633450;182736038;;;;07/29/2031 00:00:00;2;13890073;09/09/2026 15:26:33;Maximiliano;Nievas;24547801;09/09/2026 14:24:07;7807;Nicolas;Perez;Maximiliano Nievas;Nicolas Perez
14234288;09/09/2026 15:06:16;3;2;0001  215373-1;05;CAMIONETA VIE 1;2094514;"SJ21    ";"SANITARIOS JULICAM SRL                            ";AV. PRESIDENTE PERON 6763;952618;"60-133         ";60-133 - LAVATORIO MONOCOMANDO LUGO;5;5;5;23264222;090926150613706;182695316;;;;07/29/2031 00:00:00;5;13889246;09/09/2026 15:06:13;Tiago;Rodriguez;24542143;09/09/2026 12:45:22;6922;Franco;Potenza;Tiago Rodriguez;Franco Potenza
14234288;09/09/2026 15:06:16;3;2;0001  215373-1;05;CAMIONETA VIE 1;2094514;"SJ21    ";"SANITARIOS JULICAM SRL                            ";AV. PRESIDENTE PERON 6763;953476;"934            ";934 - JGO.PARED PICO U C/EXT CRUZ BL/CR ARES;3;3;3;23268569;090926150234376;182726563;;;;07/31/2031 00:00:00;3;13889189;09/09/2026 15:02:34;Tiago;Rodriguez;24546482;09/09/2026 14:03:58;7807;Nicolas;Perez;Tiago Rodriguez;Nicolas Perez
14234288;09/09/2026 15:06:16;3;2;0001  215373-1;05;CAMIONETA VIE 1;2094514;"SJ21    ";"SANITARIOS JULICAM SRL                            ";AV. PRESIDENTE PERON 6763;952281;"429            ";"429 - DUCHA EMB.C/TRANSF.CR ""LAZA""";2;2;2;23268569;090926150234376;182726779;;;;01/12/2032 00:00:00;2;13889189;09/09/2026 15:02:34;Tiago;Rodriguez;24546482;09/09/2026 14:03:58;7807;Nicolas;Perez;Tiago Rodriguez;Nicolas Perez
14234288;09/09/2026 15:06:16;3;2;0001  215373-1;05;CAMIONETA VIE 1;2094514;"SJ21    ";"SANITARIOS JULICAM SRL                            ";AV. PRESIDENTE PERON 6763;952452;"51-122         ";51-122 - MESADA BIMANDO CR C.CERAM VALENCIA;3;3;3;23272354;090926150203507;182727074;;;;01/17/2032 00:00:00;3;13889194;09/09/2026 15:02:03;Tiago;Rodriguez;;;;;;Tiago Rodriguez;
14234288;09/09/2026 15:06:16;3;2;0001  215373-1;05;CAMIONETA VIE 1;2094514;"SJ21    ";"SANITARIOS JULICAM SRL                            ";AV. PRESIDENTE PERON 6763;954805;"AB-002         ";AB-002 - AGARRADERA ACERO INOX CROMADO 40 CM SAFE;2;2;2;23272502;090926150459669;182698537;;;;08/12/2031 00:00:00;2;13889296;09/09/2026 15:04:59;Tiago;Rodriguez;;;;;;Tiago Rodriguez;
14234288;09/09/2026 15:06:16;3;2;0001  215373-1;05;CAMIONETA VIE 1;2094514;"SJ21    ";"SANITARIOS JULICAM SRL                            ";AV. PRESIDENTE PERON 6763;951132;"13006          ";"SET DE 6 PIEZAS LINEA 13000                                           ";3;3;3;23272560;090926150550018;182695014;;;;07/28/2031 00:00:00;3;13889337;09/09/2026 15:05:50;Tiago;Rodriguez;;;;;;Tiago Rodriguez;
14234288;09/09/2026 15:06:16;3;2;0001  215373-1;05;CAMIONETA VIE 1;2094514;"SJ21    ";"SANITARIOS JULICAM SRL                            ";AV. PRESIDENTE PERON 6763;952679;"60-205         ";60-205 - LAVATORIO MONOC BAJO STEEL;2;2;2;23272560;090926150550018;182696950;;;;07/27/2031 00:00:00;2;13889337;09/09/2026 15:05:50;Tiago;Rodriguez;;;;;;Tiago Rodriguez;
14234289;09/09/2026 15:08:42;3;2;0001  215278-1;05;CAMIONETA VIE 1;2093461;"MG25    ";"MG PINHEL S.R.L.                                  ";LOS ARRIEROS 695;951553;"20-184         ";"MONOCOMANDO DE COCINA CR SUV                                          ";10;10;10;23264223;090926150841694;182696730;;;;10/04/2031 00:00:00;10;13889431;09/09/2026 15:08:41;Tiago;Rodriguez;24542143;09/09/2026 12:45:22;6922;Franco;Potenza;Tiago Rodriguez;Franco Potenza
14234289;09/09/2026 15:08:42;3;2;0001  215278-1;05;CAMIONETA VIE 1;2093461;"MG25    ";"MG PINHEL S.R.L.                                  ";LOS ARRIEROS 695;952898;"70-135         ";70-135 - BIDE C.CERAM SANTANDER;1;1;1;23270231;090926150806737;182737833;;;;07/29/2031 00:00:00;1;13889412;09/09/2026 15:08:06;Tiago;Rodriguez;24548056;09/09/2026 14:27:59;7807;Nicolas;Perez;Tiago Rodriguez;Nicolas Perez
14234290;09/09/2026 15:20:41;3;2;0001  215304-1;05;CAMIONETA VIE 1;2094642;"SS21    ";"SNEUBER SANITARIOS S.A.                           ";AV. RIVADAVIA 17202;951607;"21100N         ";21100N - ESTANTE ORGANIZADOR RECTANGULAR BLACK 25x12x7;1;1;1;23264224;090926152041680;182695998;;;;07/27/2031 00:00:00;1;13889854;09/09/2026 15:20:41;Maximiliano;Nievas;24542143;09/09/2026 12:45:22;6922;Franco;Potenza;Maximiliano Nievas;Franco Potenza
14234291;09/09/2026 16:21:33;3;2;0001  215308-1;05;CAMIONETA VIE 1;2093558;"MN04    ";"MATERIALES C. NUCIARI SRL                         ";ACC OESTE KM 44 PTE GORRITI;954377;"A1539G         ";"TAPA Y TECLA PARA VALVULA DE DESCARGA CUADRADA MINIMALISTA GOLD       ";4;4;4;23266199;090926153400318;182712692;;;;07/31/2031 00:00:00;4;13890221;09/09/2026 15:34:00;Tiago;Rodriguez;24544097;09/09/2026 13:28:41;7807;Nicolas;Perez;Tiago Rodriguez;Nicolas Perez
14234291;09/09/2026 16:21:33;3;2;0001  215308-1;05;CAMIONETA VIE 1;2093558;"MN04    ";"MATERIALES C. NUCIARI SRL                         ";ACC OESTE KM 44 PTE GORRITI;954382;"A1540          ";"CUERPO VALVULA DE DESAGOTE P/INODORO TECNO 02-010/011                 ";4;4;4;23266199;090926153400318;182712661;;;;07/28/2031 00:00:00;4;13890221;09/09/2026 15:34:00;Tiago;Rodriguez;24544097;09/09/2026 13:28:41;7807;Nicolas;Perez;Tiago Rodriguez;Nicolas Perez
14234291;09/09/2026 16:21:33;3;2;0001  215308-1;05;CAMIONETA VIE 1;2093558;"MN04    ";"MATERIALES C. NUCIARI SRL                         ";ACC OESTE KM 44 PTE GORRITI;953334;"84-203         ";"DUCHA EXT C/COLUMNA Y TRANSF CR ADRA                                  ";6;6;6;23268521;090926162128011;182729442;;;;12/02/2031 00:00:00;5;13891847;09/09/2026 16:21:28;Tiago;Rodriguez;24546425;09/09/2026 14:14:16;6867;Javier;Lescano;Tiago Rodriguez;Javier Lescano
14234291;09/09/2026 16:21:33;3;2;0001  215308-1;05;CAMIONETA VIE 1;2093558;"MN04    ";"MATERIALES C. NUCIARI SRL                         ";ACC OESTE KM 44 PTE GORRITI;953346;"85-168         ";85-168 - DUCHA MONOC C/TRANSF Y DUCHADOR CR WAVE;10;10;10;23274009;090926153037751;182767714;;;;02/01/2032 00:00:00;3;13890225;09/09/2026 15:30:37;Tiago;Rodriguez;;;;;;Tiago Rodriguez;
14234291;09/09/2026 16:21:33;3;2;0001  215308-1;05;CAMIONETA VIE 1;2093558;"MN04    ";"MATERIALES C. NUCIARI SRL                         ";ACC OESTE KM 44 PTE GORRITI;953346;"85-168         ";85-168 - DUCHA MONOC C/TRANSF Y DUCHADOR CR WAVE;10;10;10;23274039;090926153111300;182767978;;;;02/01/2032 00:00:00;3;13890249;09/09/2026 15:31:11;Tiago;Rodriguez;;;;;;Tiago Rodriguez;
14234291;09/09/2026 16:21:33;3;2;0001  215308-1;05;CAMIONETA VIE 1;2093558;"MN04    ";"MATERIALES C. NUCIARI SRL                         ";ACC OESTE KM 44 PTE GORRITI;953346;"85-168         ";85-168 - DUCHA MONOC C/TRANSF Y DUCHADOR CR WAVE;10;10;10;23274049;090926153128881;182768110;;;;02/01/2032 00:00:00;3;13890258;09/09/2026 15:31:28;Tiago;Rodriguez;;;;;;Tiago Rodriguez;
14234291;09/09/2026 16:21:33;3;2;0001  215308-1;05;CAMIONETA VIE 1;2093558;"MN04    ";"MATERIALES C. NUCIARI SRL                         ";ACC OESTE KM 44 PTE GORRITI;953347;"85-168N        ";85-168N - DUCHA MONOC C/TRANSF Y DUCHADOR BLACK WAVE;3;3;3;23274069;090926153154014;182710862;;;;02/04/2032 00:00:00;3;13890272;09/09/2026 15:31:54;Tiago;Rodriguez;;;;;;Tiago Rodriguez;
14234291;09/09/2026 16:21:33;3;2;0001  215308-1;05;CAMIONETA VIE 1;2093558;"MN04    ";"MATERIALES C. NUCIARI SRL                         ";ACC OESTE KM 44 PTE GORRITI;953153;"80-200G        ";80-200G - DUCHA EMB. MONOC. 3 FUNCIONES GOLD FABRIC;4;4;4;23274093;090926153214387;182768479;;;;12/03/2031 00:00:00;3;13890287;09/09/2026 15:32:14;Tiago;Rodriguez;;;;;;Tiago Rodriguez;
14234291;09/09/2026 16:21:33;3;2;0001  215308-1;05;CAMIONETA VIE 1;2093558;"MN04    ";"MATERIALES C. NUCIARI SRL                         ";ACC OESTE KM 44 PTE GORRITI;953346;"85-168         ";85-168 - DUCHA MONOC C/TRANSF Y DUCHADOR CR WAVE;10;10;10;23274109;090926153238603;182709442;;;;02/01/2032 00:00:00;1;13890301;09/09/2026 15:32:38;Tiago;Rodriguez;;;;;;Tiago Rodriguez;
14234291;09/09/2026 16:21:33;3;2;0001  215308-1;05;CAMIONETA VIE 1;2093558;"MN04    ";"MATERIALES C. NUCIARI SRL                         ";ACC OESTE KM 44 PTE GORRITI;953153;"80-200G        ";80-200G - DUCHA EMB. MONOC. 3 FUNCIONES GOLD FABRIC;4;4;4;23274109;090926153238603;182710552;;;;12/03/2031 00:00:00;1;13890301;09/09/2026 15:32:38;Tiago;Rodriguez;;;;;;Tiago Rodriguez;
14234291;09/09/2026 16:21:33;3;2;0001  215308-1;05;CAMIONETA VIE 1;2093558;"MN04    ";"MATERIALES C. NUCIARI SRL                         ";ACC OESTE KM 44 PTE GORRITI;952644;"60-175G        ";60-175G - LAVATORIO GOLD C.CERAM PULSE;1;1;1;23274109;090926153238603;182711176;;;;11/16/2031 00:00:00;1;13890301;09/09/2026 15:32:38;Tiago;Rodriguez;;;;;;Tiago Rodriguez;
14234291;09/09/2026 16:21:33;3;2;0001  215308-1;05;CAMIONETA VIE 1;2093558;"MN04    ";"MATERIALES C. NUCIARI SRL                         ";ACC OESTE KM 44 PTE GORRITI;952677;"60-203         ";60-203 - LAVATORIO MONOCOMANDO BAJO ADRA;1;1;1;23274126;090926153313071;182708726;;;;02/10/2032 00:00:00;1;13890318;09/09/2026 15:33:13;Tiago;Rodriguez;;;;;;Tiago Rodriguez;
14234291;09/09/2026 16:21:33;3;2;0001  215308-1;05;CAMIONETA VIE 1;2093558;"MN04    ";"MATERIALES C. NUCIARI SRL                         ";ACC OESTE KM 44 PTE GORRITI;952740;"62-100G        ";62-100G - LAVATORIO DE PARED GOLD C.CERAM FABRIC;4;4;4;23274126;090926153313071;182708474;;;;12/20/2031 00:00:00;4;13890318;09/09/2026 15:33:13;Tiago;Rodriguez;;;;;;Tiago Rodriguez;
14234291;09/09/2026 16:21:33;3;2;0001  215308-1;05;CAMIONETA VIE 1;2093558;"MN04    ";"MATERIALES C. NUCIARI SRL                         ";ACC OESTE KM 44 PTE GORRITI;952950;"70-200G        ";70-200G - BIDE MONOCOMANDO GOLD FABRIC;3;3;3;23276422;090926161742596;182728578;;;;07/27/2031 00:00:00;3;13891869;09/09/2026 16:17:42;Tiago;Rodriguez;;;;;;Tiago Rodriguez;
14234291;09/09/2026 16:21:33;3;2;0001  215308-1;05;CAMIONETA VIE 1;2093558;"MN04    ";"MATERIALES C. NUCIARI SRL                         ";ACC OESTE KM 44 PTE GORRITI;952798;"63-176N        ";"LAVATORIO PARED EMB MONOC BLACK RIO                                   ";3;3;3;23276422;090926161742596;182731032;;;;12/14/2031 00:00:00;3;13891869;09/09/2026 16:17:42;Tiago;Rodriguez;;;;;;Tiago Rodriguez;
14234291;09/09/2026 16:21:33;3;2;0001  215308-1;05;CAMIONETA VIE 1;2093558;"MN04    ";"MATERIALES C. NUCIARI SRL                         ";ACC OESTE KM 44 PTE GORRITI;951562;"20-202N        ";20-202N - MONOCOMANDO COCINA BLACK HOOP;2;2;2;23276422;090926161742596;182727554;;;;07/27/2031 00:00:00;2;13891869;09/09/2026 16:17:42;Tiago;Rodriguez;;;;;;Tiago Rodriguez;
14234291;09/09/2026 16:21:33;3;2;0001  215308-1;05;CAMIONETA VIE 1;2093558;"MN04    ";"MATERIALES C. NUCIARI SRL                         ";ACC OESTE KM 44 PTE GORRITI;952673;"60-200G        ";60-200G - LAVATORIO MONOC BAJO GOLD FABRIC;1;1;1;23276477;090926161859257;182727824;;;;07/28/2031 00:00:00;1;13891919;09/09/2026 16:18:59;Tiago;Rodriguez;;;;;;Tiago Rodriguez;
14234291;09/09/2026 16:21:33;3;2;0001  215308-1;05;CAMIONETA VIE 1;2093558;"MN04    ";"MATERIALES C. NUCIARI SRL                         ";ACC OESTE KM 44 PTE GORRITI;952728;"61-205         ";61-205 - LAVATORIO MONOC ALTO STEEL;2;2;2;23276477;090926161859257;182726606;;;;07/28/2031 00:00:00;2;13891919;09/09/2026 16:18:59;Tiago;Rodriguez;;;;;;Tiago Rodriguez;
14234291;09/09/2026 16:21:33;3;2;0001  215308-1;05;CAMIONETA VIE 1;2093558;"MN04    ";"MATERIALES C. NUCIARI SRL                         ";ACC OESTE KM 44 PTE GORRITI;954228;"A1450C         ";A1450C - DUCHADOR CILINDRICO MINIMALISTA ABS CROMO C/BLISTER;1;1;1;23276477;090926161859257;182726350;;;;07/31/2031 00:00:00;1;13891919;09/09/2026 16:18:59;Tiago;Rodriguez;;;;;;Tiago Rodriguez;
14234291;09/09/2026 16:21:33;3;2;0001  215308-1;05;CAMIONETA VIE 1;2093558;"MN04    ";"MATERIALES C. NUCIARI SRL                         ";ACC OESTE KM 44 PTE GORRITI;951561;"20-201NI       ";20-201NI - COCINA MONOCOMANDO JOYSTICK BEAT NICKEL;2;2;2;23276477;090926161859257;182726897;;;;07/28/2031 00:00:00;2;13891919;09/09/2026 16:18:59;Tiago;Rodriguez;;;;;;Tiago Rodriguez;
14234291;09/09/2026 16:21:33;3;2;0001  215308-1;05;CAMIONETA VIE 1;2093558;"MN04    ";"MATERIALES C. NUCIARI SRL                         ";ACC OESTE KM 44 PTE GORRITI;953334;"84-203         ";"DUCHA EXT C/COLUMNA Y TRANSF CR ADRA                                  ";6;6;6;23276500;090926161938219;182789518;;;;12/02/2031 00:00:00;1;13891944;09/09/2026 16:19:38;Tiago;Rodriguez;;;;;;Tiago Rodriguez;
14234291;09/09/2026 16:21:33;3;2;0001  215308-1;05;CAMIONETA VIE 1;2093558;"MN04    ";"MATERIALES C. NUCIARI SRL                         ";ACC OESTE KM 44 PTE GORRITI;951532;"20-147         ";20-147 - MONOCOMANDO DE COCINA SWIFT;10;10;10;23276548;090926162037082;182728179;;;;07/29/2031 00:00:00;10;13891984;09/09/2026 16:20:37;Tiago;Rodriguez;;;;;;Tiago Rodriguez;
14234291;09/09/2026 16:21:33;3;2;0001  215308-1;05;CAMIONETA VIE 1;2093558;"MN04    ";"MATERIALES C. NUCIARI SRL                         ";ACC OESTE KM 44 PTE GORRITI;1007844;"20-122S        ";"MONOCOMANDO COCINA INOX C/PICO EXTRAIBLE VALENCIA                     ";12;12;12;23276554;090926162047568;182789977;;;;01/06/2032 00:00:00;6;13891991;09/09/2026 16:20:47;Tiago;Rodriguez;;;;;;Tiago Rodriguez;
14234291;09/09/2026 16:21:33;3;2;0001  215308-1;05;CAMIONETA VIE 1;2093558;"MN04    ";"MATERIALES C. NUCIARI SRL                         ";ACC OESTE KM 44 PTE GORRITI;1007844;"20-122S        ";"MONOCOMANDO COCINA INOX C/PICO EXTRAIBLE VALENCIA                     ";12;12;12;23276572;090926162112656;182729922;;;;01/06/2032 00:00:00;6;13892009;09/09/2026 16:21:12;Tiago;Rodriguez;;;;;;Tiago Rodriguez;
14234292;09/09/2026 14:47:27;3;2;0001  215313-1;05;CAMIONETA VIE 1;2094494;"SI12    ";"ILLIA S.R.L.                                      ";AV. PTE. ILLIA 416;951530;"20-146         ";20-146 - MONOCOMANDO DE COCINA CR LINEA MOVE;20;20;20;23265870;090926144726758;182707706;;;;10/09/2031 00:00:00;20;13887982;09/09/2026 14:47:26;Gustavo;Soderquvist;24543768;09/09/2026 13:15:29;7636;Kevin;Arce;Gustavo Soderquvist;Kevin Arce
14234292;09/09/2026 14:47:27;3;2;0001  215313-1;05;CAMIONETA VIE 1;2094494;"SI12    ";"ILLIA S.R.L.                                      ";AV. PTE. ILLIA 416;951532;"20-147         ";20-147 - MONOCOMANDO DE COCINA SWIFT;40;40;40;23265870;090926144726758;182707317;;;;07/29/2031 00:00:00;40;13887982;09/09/2026 14:47:26;Gustavo;Soderquvist;24543768;09/09/2026 13:15:29;7636;Kevin;Arce;Gustavo Soderquvist;Kevin Arce
14234292;09/09/2026 14:47:27;3;2;0001  215313-1;05;CAMIONETA VIE 1;2094494;"SI12    ";"ILLIA S.R.L.                                      ";AV. PTE. ILLIA 416;952795;"63-168         ";63-168 - LAVATORIO PARED EMB MONOC CR WAVE;2;2;2;23265870;090926144726758;182708084;;;;07/28/2031 00:00:00;2;13887982;09/09/2026 14:47:26;Gustavo;Soderquvist;24543768;09/09/2026 13:15:29;7636;Kevin;Arce;Gustavo Soderquvist;Kevin Arce
14234293;09/09/2026 15:47:03;3;2;0001  215327-1;05;CAMIONETA VIE 1;2091095;"AL24    ";"ALVARENGA VILLAR LUIS F.                          ";JOAQUIN V GONZALEZ 1175;952281;"429            ";"429 - DUCHA EMB.C/TRANSF.CR ""LAZA""";2;2;2;23269802;090926154703202;182734457;;;;01/12/2032 00:00:00;2;13890813;09/09/2026 15:47:03;Maximiliano;Nievas;24547634;09/09/2026 14:21:43;7807;Nicolas;Perez;Maximiliano Nievas;Nicolas Perez
14234296;09/09/2026 16:39:01;3;2;0001  215346-1;05;CAMIONETA VIE 1;2091693;"CI15    ";"CISILOTTO HNOS SACIFEI                            ";CALLE 480 y Ciudadela C.SUR ACC OESTE Y EMPALME RN5;954904;"BCH04/1        ";BCH04/1 - BACHA DE APOYAR CUADRADA 1 AG 420x420x125;1;1;1;23268478;090926163901033;182725679;;;;10/04/2031 00:00:00;1;13892614;09/09/2026 16:39:01;Tiago;Rodriguez;24546403;09/09/2026 14:02:18;6922;Franco;Potenza;Tiago Rodriguez;Franco Potenza
14234296;09/09/2026 16:39:01;3;2;0001  215346-1;05;CAMIONETA VIE 1;2091693;"CI15    ";"CISILOTTO HNOS SACIFEI                            ";CALLE 480 y Ciudadela C.SUR ACC OESTE Y EMPALME RN5;952660;"60-192         ";60-192 - LAVATORIO BAJO SORIA BLACK;2;2;2;23268769;090926162715617;182730852;;;;07/27/2031 00:00:00;2;13891932;09/09/2026 16:27:15;Maximiliano;Nievas;24546676;09/09/2026 14:23:20;6922;Franco;Potenza;Maximiliano Nievas;Franco Potenza
14234296;09/09/2026 16:39:01;3;2;0001  215346-1;05;CAMIONETA VIE 1;2091693;"CI15    ";"CISILOTTO HNOS SACIFEI                            ";CALLE 480 y Ciudadela C.SUR ACC OESTE Y EMPALME RN5;953320;"83-203         ";83-203 - DUCHA EXT C/TRANSF. MONOCOMANDO ADRA;1;1;1;23268769;090926162715617;182728445;;;;07/29/2031 00:00:00;1;13891932;09/09/2026 16:27:15;Maximiliano;Nievas;24546676;09/09/2026 14:23:20;6922;Franco;Potenza;Maximiliano Nievas;Franco Potenza
14234296;09/09/2026 16:39:01;3;2;0001  215346-1;05;CAMIONETA VIE 1;2091693;"CI15    ";"CISILOTTO HNOS SACIFEI                            ";CALLE 480 y Ciudadela C.SUR ACC OESTE Y EMPALME RN5;952908;"70-152         ";70-152 - BIDE MONOCOMANDO CR C/TRANSFERENCIA SORIA;2;2;2;23268769;090926162715617;182731177;;;;07/28/2031 00:00:00;2;13891932;09/09/2026 16:27:15;Maximiliano;Nievas;24546676;09/09/2026 14:23:20;6922;Franco;Potenza;Maximiliano Nievas;Franco Potenza
14234296;09/09/2026 16:39:01;3;2;0001  215346-1;05;CAMIONETA VIE 1;2091693;"CI15    ";"CISILOTTO HNOS SACIFEI                            ";CALLE 480 y Ciudadela C.SUR ACC OESTE Y EMPALME RN5;952726;"61-203         ";61-203 - LAVATORIO MONOCOMANDO ALTO ADRA;2;2;2;23269366;090926160447194;182732846;;;;01/11/2032 00:00:00;2;13891441;09/09/2026 16:04:47;Maximiliano;Nievas;24547242;09/09/2026 14:17:23;7807;Nicolas;Perez;Maximiliano Nievas;Nicolas Perez
14234296;09/09/2026 16:39:01;3;2;0001  215346-1;05;CAMIONETA VIE 1;2091693;"CI15    ";"CISILOTTO HNOS SACIFEI                            ";CALLE 480 y Ciudadela C.SUR ACC OESTE Y EMPALME RN5;952912;"70-162         ";70-162 - BIDE CR C.CERAM LINEA ADRA;2;2;2;23269366;090926160447194;182731890;;;;07/29/2031 00:00:00;2;13891441;09/09/2026 16:04:47;Maximiliano;Nievas;24547242;09/09/2026 14:17:23;7807;Nicolas;Perez;Maximiliano Nievas;Nicolas Perez
14234296;09/09/2026 16:39:01;3;2;0001  215346-1;05;CAMIONETA VIE 1;2091693;"CI15    ";"CISILOTTO HNOS SACIFEI                            ";CALLE 480 y Ciudadela C.SUR ACC OESTE Y EMPALME RN5;952634;"60-162         ";60-162 - LAVATORIO CR C.CERAM LINEA ADRA;4;4;4;23269366;090926160447194;182732170;;;;07/29/2031 00:00:00;4;13891441;09/09/2026 16:04:47;Maximiliano;Nievas;24547242;09/09/2026 14:17:23;7807;Nicolas;Perez;Maximiliano Nievas;Nicolas Perez
14234296;09/09/2026 16:39:01;3;2;0001  215346-1;05;CAMIONETA VIE 1;2091693;"CI15    ";"CISILOTTO HNOS SACIFEI                            ";CALLE 480 y Ciudadela C.SUR ACC OESTE Y EMPALME RN5;951512;"20-122         ";"MONOCOMANDO COCINA CR C/PICO EXTRAIBLE VALENCIA                       ";3;3;3;23276530;090926162014468;182731842;;;;08/06/2031 00:00:00;3;13891968;09/09/2026 16:20:14;Maximiliano;Nievas;;;;;;Maximiliano Nievas;
14234296;09/09/2026 16:39:01;3;2;0001  215346-1;05;CAMIONETA VIE 1;2091693;"CI15    ";"CISILOTTO HNOS SACIFEI                            ";CALLE 480 y Ciudadela C.SUR ACC OESTE Y EMPALME RN5;951259;"16006BL        ";16006BL - SET 6 PIEZAS ACCESORIOS LINEA 16000 BLACK;2;2;2;23276555;090926162049833;182732438;;;;07/27/2031 00:00:00;2;13891993;09/09/2026 16:20:49;Maximiliano;Nievas;;;;;;Maximiliano Nievas;
14234296;09/09/2026 16:39:01;3;2;0001  215346-1;05;CAMIONETA VIE 1;2091693;"CI15    ";"CISILOTTO HNOS SACIFEI                            ";CALLE 480 y Ciudadela C.SUR ACC OESTE Y EMPALME RN5;951324;"19006          ";19006 - SET DE 6 PIEZAS LINEA 19000;1;1;1;23276555;090926162049833;182729095;;;;07/28/2031 00:00:00;1;13891993;09/09/2026 16:20:49;Maximiliano;Nievas;;;;;;Maximiliano Nievas;
14234296;09/09/2026 16:39:01;3;2;0001  215346-1;05;CAMIONETA VIE 1;2091693;"CI15    ";"CISILOTTO HNOS SACIFEI                            ";CALLE 480 y Ciudadela C.SUR ACC OESTE Y EMPALME RN5;951132;"13006          ";"SET DE 6 PIEZAS LINEA 13000                                           ";2;2;2;23276555;090926162049833;182728072;;;;07/28/2031 00:00:00;2;13891993;09/09/2026 16:20:49;Maximiliano;Nievas;;;;;;Maximiliano Nievas;
14234296;09/09/2026 16:39:01;3;2;0001  215346-1;05;CAMIONETA VIE 1;2091693;"CI15    ";"CISILOTTO HNOS SACIFEI                            ";CALLE 480 y Ciudadela C.SUR ACC OESTE Y EMPALME RN5;951258;"16006          ";16006 - SET 6 PIEZAS ACCESORIOS LINEA 16000;1;1;1;23276555;090926162049833;182727519;;;;07/29/2031 00:00:00;1;13891993;09/09/2026 16:20:49;Maximiliano;Nievas;;;;;;Maximiliano Nievas;
14234296;09/09/2026 16:39:01;3;2;0001  215346-1;05;CAMIONETA VIE 1;2091693;"CI15    ";"CISILOTTO HNOS SACIFEI                            ";CALLE 480 y Ciudadela C.SUR ACC OESTE Y EMPALME RN5;951116;"12006          ";"SET DE 6 PIEZAS LINEA 12000                                           ";2;2;2;23276555;090926162049833;182728735;;;;07/30/2031 00:00:00;2;13891993;09/09/2026 16:20:49;Maximiliano;Nievas;;;;;;Maximiliano Nievas;
14234296;09/09/2026 16:39:01;3;2;0001  215346-1;05;CAMIONETA VIE 1;2091693;"CI15    ";"CISILOTTO HNOS SACIFEI                            ";CALLE 480 y Ciudadela C.SUR ACC OESTE Y EMPALME RN5;951833;"30-132         ";30-132 - COCINA MESADA MONOC. C/DUCHADOR EXTENSIBLE VIGO;1;1;1;23276584;090926162130576;182734753;;;;07/28/2031 00:00:00;1;13892021;09/09/2026 16:21:30;Maximiliano;Nievas;;;;;;Maximiliano Nievas;
14234296;09/09/2026 16:39:01;3;2;0001  215346-1;05;CAMIONETA VIE 1;2091693;"CI15    ";"CISILOTTO HNOS SACIFEI                            ";CALLE 480 y Ciudadela C.SUR ACC OESTE Y EMPALME RN5;951528;"20-140         ";20-140 - MONOCOMANDO DE COCINA LINEA CUINA;1;1;1;23276584;090926162130576;182733083;;;;10/07/2031 00:00:00;1;13892021;09/09/2026 16:21:30;Maximiliano;Nievas;;;;;;Maximiliano Nievas;
14234296;09/09/2026 16:39:01;3;2;0001  215346-1;05;CAMIONETA VIE 1;2091693;"CI15    ";"CISILOTTO HNOS SACIFEI                            ";CALLE 480 y Ciudadela C.SUR ACC OESTE Y EMPALME RN5;951327;"19030          ";19030 - PERCHA LINEA 19000;3;3;3;23276640;090926162259683;182735620;;;;07/29/2031 00:00:00;3;13892072;09/09/2026 16:22:59;Maximiliano;Nievas;;;;;;Maximiliano Nievas;
14234296;09/09/2026 16:39:01;3;2;0001  215346-1;05;CAMIONETA VIE 1;2091693;"CI15    ";"CISILOTTO HNOS SACIFEI                            ";CALLE 480 y Ciudadela C.SUR ACC OESTE Y EMPALME RN5;951314;"18020          ";18020 - TOALLERO DE ARO NIQUEL LINEA BEAT;1;1;1;23276640;090926162259683;182730931;;;;07/29/2031 00:00:00;1;13892072;09/09/2026 16:22:59;Maximiliano;Nievas;;;;;;Maximiliano Nievas;
14234296;09/09/2026 16:39:01;3;2;0001  215346-1;05;CAMIONETA VIE 1;2091693;"CI15    ";"CISILOTTO HNOS SACIFEI                            ";CALLE 480 y Ciudadela C.SUR ACC OESTE Y EMPALME RN5;951318;"18040          ";18040 - PORTA ROLLO NIQUEL LINEA BEAT;1;1;1;23276640;090926162259683;182731267;;;;07/28/2031 00:00:00;1;13892072;09/09/2026 16:22:59;Maximiliano;Nievas;;;;;;Maximiliano Nievas;
14234296;09/09/2026 16:39:01;3;2;0001  215346-1;05;CAMIONETA VIE 1;2091693;"CI15    ";"CISILOTTO HNOS SACIFEI                            ";CALLE 480 y Ciudadela C.SUR ACC OESTE Y EMPALME RN5;951532;"20-147         ";20-147 - MONOCOMANDO DE COCINA SWIFT;1;1;1;23276786;090926162604719;182731563;;;;07/29/2031 00:00:00;1;13892202;09/09/2026 16:26:04;Maximiliano;Nievas;;;;;;Maximiliano Nievas;
14234296;09/09/2026 16:39:01;3;2;0001  215346-1;05;CAMIONETA VIE 1;2091693;"CI15    ";"CISILOTTO HNOS SACIFEI                            ";CALLE 480 y Ciudadela C.SUR ACC OESTE Y EMPALME RN5;953102;"80-152         ";80-152 - DUCHA EMB. CR C/TRANSF. MONOCOMANDO SORIA;1;1;1;23276786;090926162604719;182730272;;;;10/26/2031 00:00:00;1;13892202;09/09/2026 16:26:04;Maximiliano;Nievas;;;;;;Maximiliano Nievas;
14234296;09/09/2026 16:39:01;3;2;0001  215346-1;05;CAMIONETA VIE 1;2091693;"CI15    ";"CISILOTTO HNOS SACIFEI                            ";CALLE 480 y Ciudadela C.SUR ACC OESTE Y EMPALME RN5;952708;"61-168         ";61-168 - LAVATORIO MONOC ALTO CR WAVE;2;2;2;23276786;090926162604719;182735325;;;;07/27/2031 00:00:00;2;13892202;09/09/2026 16:26:04;Maximiliano;Nievas;;;;;;Maximiliano Nievas;
14234296;09/09/2026 16:39:01;3;2;0001  215346-1;05;CAMIONETA VIE 1;2091693;"CI15    ";"CISILOTTO HNOS SACIFEI                            ";CALLE 480 y Ciudadela C.SUR ACC OESTE Y EMPALME RN5;952796;"63-168N        ";"LAVATORIO PARED EMB MONOC BLACK WAVE                                  ";2;2;2;23276817;090926162642563;182734381;;;;07/28/2031 00:00:00;2;13892223;09/09/2026 16:26:42;Maximiliano;Nievas;;;;;;Maximiliano Nievas;
14234296;09/09/2026 16:39:01;3;2;0001  215346-1;05;CAMIONETA VIE 1;2091693;"CI15    ";"CISILOTTO HNOS SACIFEI                            ";CALLE 480 y Ciudadela C.SUR ACC OESTE Y EMPALME RN5;953157;"80-203         ";80-203 - DUCHA EMB C/TRANSF. MONOCOMANDO ADRA;1;1;1;23276817;090926162642563;182732115;;;;07/27/2031 00:00:00;1;13892223;09/09/2026 16:26:42;Maximiliano;Nievas;;;;;;Maximiliano Nievas;
14234296;09/09/2026 16:39:01;3;2;0001  215346-1;05;CAMIONETA VIE 1;2091693;"CI15    ";"CISILOTTO HNOS SACIFEI                            ";CALLE 480 y Ciudadela C.SUR ACC OESTE Y EMPALME RN5;952638;"60-168N        ";60-168N - LAVATORIO MONOC BAJO BLACK WAVE;1;1;1;23276817;090926162642563;182734892;;;;07/27/2031 00:00:00;1;13892223;09/09/2026 16:26:42;Maximiliano;Nievas;;;;;;Maximiliano Nievas;
14234296;09/09/2026 16:39:01;3;2;0001  215346-1;05;CAMIONETA VIE 1;2091693;"CI15    ";"CISILOTTO HNOS SACIFEI                            ";CALLE 480 y Ciudadela C.SUR ACC OESTE Y EMPALME RN5;954908;"BCH07          ";BCH07 - BACHA DE APOYAR OVALADA 400x330x150;2;2;2;23277320;090926163723956;182796220;;;;07/29/2031 00:00:00;1;13892617;09/09/2026 16:37:23;Tiago;Rodriguez;;;;;;Tiago Rodriguez;
14234296;09/09/2026 16:39:01;3;2;0001  215346-1;05;CAMIONETA VIE 1;2091693;"CI15    ";"CISILOTTO HNOS SACIFEI                            ";CALLE 480 y Ciudadela C.SUR ACC OESTE Y EMPALME RN5;954908;"BCH07          ";BCH07 - BACHA DE APOYAR OVALADA 400x330x150;2;2;2;23277328;090926163731960;182726275;;;;07/29/2031 00:00:00;1;13892622;09/09/2026 16:37:31;Tiago;Rodriguez;;;;;;Tiago Rodriguez;
14234296;09/09/2026 16:39:01;3;2;0001  215346-1;05;CAMIONETA VIE 1;2091693;"CI15    ";"CISILOTTO HNOS SACIFEI                            ";CALLE 480 y Ciudadela C.SUR ACC OESTE Y EMPALME RN5;954912;"BCH11BM        ";BCH11BM - BACHA DE APOYAR REDONDA BLANCO MATE 400x400x125;1;1;1;23277384;090926163843855;182725939;;;;08/17/2031 00:00:00;1;13892670;09/09/2026 16:38:43;Tiago;Rodriguez;;;;;;Tiago Rodriguez;
14236949;09/09/2026 12:59:21;3;2;0001  215043-1;14;RETIRA;2247574;"TS11    ";"TODO SANITARIOS Y GAS S.R.L.                      ";AV SANTA FE 1365;952677;"60-203         ";60-203 - LAVATORIO MONOCOMANDO BAJO ADRA;1;1;1;23258373;090926115423070;182651035;;;;02/10/2032 00:00:00;1;13883154;09/09/2026 11:54:23;Tiago;Rodriguez;24536055;09/09/2026 10:44:38;7636;Kevin;Arce;Tiago Rodriguez;Kevin Arce
14236949;09/09/2026 12:59:21;3;2;0001  215043-1;14;RETIRA;2247574;"TS11    ";"TODO SANITARIOS Y GAS S.R.L.                      ";AV SANTA FE 1365;952953;"70-201NI       ";70-201NI - BIDE CR C.CERAM BEAT NICKEL;1;1;1;23258373;090926115423070;182651904;;;;07/29/2031 00:00:00;1;13883154;09/09/2026 11:54:23;Tiago;Rodriguez;24536055;09/09/2026 10:44:38;7636;Kevin;Arce;Tiago Rodriguez;Kevin Arce
14236949;09/09/2026 12:59:21;3;2;0001  215043-1;14;RETIRA;2247574;"TS11    ";"TODO SANITARIOS Y GAS S.R.L.                      ";AV SANTA FE 1365;953156;"80-201NI       ";80-201NI - DUCHA EMB C/TRANSF C.CERAM BEAT NICKEL;1;1;1;23258373;090926115423070;182651806;;;;11/10/2031 00:00:00;1;13883154;09/09/2026 11:54:23;Tiago;Rodriguez;24536055;09/09/2026 10:44:38;7636;Kevin;Arce;Tiago Rodriguez;Kevin Arce
14236949;09/09/2026 12:59:21;3;2;0001  215043-1;14;RETIRA;2247574;"TS11    ";"TODO SANITARIOS Y GAS S.R.L.                      ";AV SANTA FE 1365;953171;"80-353NI       ";80-353NI - DUCHA DE EMB 3 FUNCIONES BEAT NICKEL;1;1;1;23258373;090926115423070;182651582;;;;01/11/2032 00:00:00;1;13883154;09/09/2026 11:54:23;Tiago;Rodriguez;24536055;09/09/2026 10:44:38;7636;Kevin;Arce;Tiago Rodriguez;Kevin Arce
14236949;09/09/2026 12:59:21;3;2;0001  215043-1;14;RETIRA;2247574;"TS11    ";"TODO SANITARIOS Y GAS S.R.L.                      ";AV SANTA FE 1365;952676;"60-201NI       ";60-201NI - LAVATORIO C.CERAM BEAT NICKEL;3;3;3;23262538;090926115347984;182652088;;;;08/20/2031 00:00:00;3;13883157;09/09/2026 11:53:47;Tiago;Rodriguez;;;;;;Tiago Rodriguez;
14236949;09/09/2026 12:59:21;3;2;0001  215043-1;14;RETIRA;2247574;"TS11    ";"TODO SANITARIOS Y GAS S.R.L.                      ";AV SANTA FE 1365;954917;"BCH15          ";BCH15 - BACHA SEMI EMBUTIDA  BLANCA 530x370x155;1;1;1;23263483;090926125536368;182689807;;;;07/28/2031 00:00:00;1;13884904;09/09/2026 12:55:36;Tiago;Rodriguez;24541554;09/09/2026 12:15:08;6922;Franco;Potenza;Tiago Rodriguez;Franco Potenza
14236949;09/09/2026 12:59:21;3;2;0001  215043-1;14;RETIRA;2247574;"TS11    ";"TODO SANITARIOS Y GAS S.R.L.                      ";AV SANTA FE 1365;952954;"70-203         ";70-203 - BIDE MONOCOMANDO ADRA;1;1;1;23263667;090926125921871;182690859;;;;07/29/2031 00:00:00;1;13884926;09/09/2026 12:59:21;Tiago;Rodriguez;24541669;09/09/2026 12:24:59;6922;Franco;Potenza;Tiago Rodriguez;Franco Potenza
14236949;09/09/2026 12:59:21;3;2;0001  215043-1;14;RETIRA;2247574;"TS11    ";"TODO SANITARIOS Y GAS S.R.L.                      ";AV SANTA FE 1365;953157;"80-203         ";80-203 - DUCHA EMB C/TRANSF. MONOCOMANDO ADRA;1;1;1;23263667;090926125921871;182692412;;;;07/27/2031 00:00:00;1;13884926;09/09/2026 12:59:21;Tiago;Rodriguez;24541669;09/09/2026 12:24:59;6922;Franco;Potenza;Tiago Rodriguez;Franco Potenza
14236949;09/09/2026 12:59:21;3;2;0001  215043-1;14;RETIRA;2247574;"TS11    ";"TODO SANITARIOS Y GAS S.R.L.                      ";AV SANTA FE 1365;951312;"18010          ";18010 - TOALLERO BARRAL NIQUEL LINEA BEAT;2;2;2;23265471;090926125646575;182692949;;;;07/29/2031 00:00:00;2;13884947;09/09/2026 12:56:46;Tiago;Rodriguez;;;;;;Tiago Rodriguez;
14236949;09/09/2026 12:59:21;3;2;0001  215043-1;14;RETIRA;2247574;"TS11    ";"TODO SANITARIOS Y GAS S.R.L.                      ";AV SANTA FE 1365;951975;"3040           ";3040 - PORTA ROLLO LINEA 3000;1;1;1;23265539;090926125822711;182693210;;;;07/27/2031 00:00:00;1;13884994;09/09/2026 12:58:22;Tiago;Rodriguez;;;;;;Tiago Rodriguez;
14236949;09/09/2026 12:59:21;3;2;0001  215043-1;14;RETIRA;2247574;"TS11    ";"TODO SANITARIOS Y GAS S.R.L.                      ";AV SANTA FE 1365;951961;"3030           ";3030 - PERCHA LINEA 3000;1;1;1;23265539;090926125822711;182693103;;;;08/27/2031 00:00:00;1;13884994;09/09/2026 12:58:22;Tiago;Rodriguez;;;;;;Tiago Rodriguez;
14236949;09/09/2026 12:59:21;3;2;0001  215043-1;14;RETIRA;2247574;"TS11    ";"TODO SANITARIOS Y GAS S.R.L.                      ";AV SANTA FE 1365;951318;"18040          ";18040 - PORTA ROLLO NIQUEL LINEA BEAT;2;2;2;23265539;090926125822711;182692690;;;;07/28/2031 00:00:00;2;13884994;09/09/2026 12:58:22;Tiago;Rodriguez;;;;;;Tiago Rodriguez;
14236949;09/09/2026 12:59:21;3;2;0001  215043-1;14;RETIRA;2247574;"TS11    ";"TODO SANITARIOS Y GAS S.R.L.                      ";AV SANTA FE 1365;951314;"18020          ";18020 - TOALLERO DE ARO NIQUEL LINEA BEAT;1;1;1;23265539;090926125822711;182692846;;;;07/29/2031 00:00:00;1;13884994;09/09/2026 12:58:22;Tiago;Rodriguez;;;;;;Tiago Rodriguez;
14237094;09/09/2026 13:31:36;3;2;0008    2910-1;10;URGENTES;2093779;"PA01    ";"VARIOS                                            ";rivadavia 3428;951262;"16030          ";16030 - PERCHA LINEA 16000;2;2;2;23262753;090926133136240;182688087;;;;07/27/2031 00:00:00;2;13885289;09/09/2026 13:31:36;Gustavo;Soderquvist;24540742;09/09/2026 12:10:09;6922;Franco;Potenza;Gustavo Soderquvist;Franco Potenza
14237094;09/09/2026 13:31:36;3;2;0008    2910-1;10;URGENTES;2093779;"PA01    ";"VARIOS                                            ";rivadavia 3428;951264;"16040          ";16040 - PORTA ROLLO ACCESORIOS LINEA 16000;2;2;2;23262753;090926133136240;182687755;;;;07/27/2031 00:00:00;2;13885289;09/09/2026 13:31:36;Gustavo;Soderquvist;24540742;09/09/2026 12:10:09;6922;Franco;Potenza;Gustavo Soderquvist;Franco Potenza
14237094;09/09/2026 13:31:36;3;2;0008    2910-1;10;URGENTES;2093779;"PA01    ";"VARIOS                                            ";rivadavia 3428;952630;"60-152         ";60-152 - LAVATORIO CR MONOCOMANDO BAJO SORIA;1;1;1;23262753;090926133136240;182686777;;;;07/27/2031 00:00:00;1;13885289;09/09/2026 13:31:36;Gustavo;Soderquvist;24540742;09/09/2026 12:10:09;6922;Franco;Potenza;Gustavo Soderquvist;Franco Potenza
14237094;09/09/2026 13:31:36;3;2;0008    2910-1;10;URGENTES;2093779;"PA01    ";"VARIOS                                            ";rivadavia 3428;953102;"80-152         ";80-152 - DUCHA EMB. CR C/TRANSF. MONOCOMANDO SORIA;1;1;1;23262753;090926133136240;182686878;;;;10/26/2031 00:00:00;1;13885289;09/09/2026 13:31:36;Gustavo;Soderquvist;24540742;09/09/2026 12:10:09;6922;Franco;Potenza;Gustavo Soderquvist;Franco Potenza
14237094;09/09/2026 13:31:36;3;2;0008    2910-1;10;URGENTES;2093779;"PA01    ";"VARIOS                                            ";rivadavia 3428;952909;"70-153         ";70-153 - BIDE CR C.CERAM CASTILLA;1;1;1;23263430;090926130601972;182689926;;;;10/20/2031 00:00:00;1;13885222;09/09/2026 13:06:01;Gustavo;Soderquvist;24541511;09/09/2026 12:15:25;6867;Javier;Lescano;Gustavo Soderquvist;Javier Lescano
14237266;09/09/2026 14:16:58;3;2;0001  215045-1;10;URGENTES;2094664;"SS43    ";"SANITARIOS SIONE S.R.L.                           ";VIDAL 1783;954906;"BCH05          ";BCH05 - BACHA DE APOYAR CUADRADA 370x370x130;2;2;2;23262034;090926141656937;182680169;;;;07/27/2031 00:00:00;1;13887488;09/09/2026 14:16:56;Tiago;Rodriguez;24540039;09/09/2026 11:52:13;6922;Franco;Potenza;Tiago Rodriguez;Franco Potenza
14237266;09/09/2026 14:16:58;3;2;0001  215045-1;10;URGENTES;2094664;"SS43    ";"SANITARIOS SIONE S.R.L.                           ";VIDAL 1783;953215;"81-100N        ";"DUCHA EMB. S/TRANSF. BLACK C.CERAM FABRIC                             ";1;1;1;23262239;090926130715104;182682561;;;;01/03/2032 00:00:00;1;13885235;09/09/2026 13:07:15;Tiago;Rodriguez;24540240;09/09/2026 11:59:58;7636;Kevin;Arce;Tiago Rodriguez;Kevin Arce
14237266;09/09/2026 14:16:58;3;2;0001  215045-1;10;URGENTES;2094664;"SS43    ";"SANITARIOS SIONE S.R.L.                           ";VIDAL 1783;953109;"80-166         ";"DUCHA EMB. C/TRANSF. CR C.CERAM ADRA PLUS                             ";2;2;2;23262239;090926130715104;182680187;;;;01/18/2032 00:00:00;2;13885235;09/09/2026 13:07:15;Tiago;Rodriguez;24540240;09/09/2026 11:59:58;7636;Kevin;Arce;Tiago Rodriguez;Kevin Arce
14237266;09/09/2026 14:16:58;3;2;0001  215045-1;10;URGENTES;2094664;"SS43    ";"SANITARIOS SIONE S.R.L.                           ";VIDAL 1783;951299;"17030C         ";17030C - PERCHA LINEA FABRIC CROMO;2;2;2;23262754;090926130613364;182685074;;;;11/10/2031 00:00:00;2;13885187;09/09/2026 13:06:13;Tiago;Rodriguez;24540742;09/09/2026 12:10:09;6922;Franco;Potenza;Tiago Rodriguez;Franco Potenza
14237266;09/09/2026 14:16:58;3;2;0001  215045-1;10;URGENTES;2094664;"SS43    ";"SANITARIOS SIONE S.R.L.                           ";VIDAL 1783;951302;"17040C         ";17040C - PORTA ROLLO LINEA FABRIC CROMO;2;2;2;23262754;090926130613364;182684470;;;;07/29/2031 00:00:00;2;13885187;09/09/2026 13:06:13;Tiago;Rodriguez;24540742;09/09/2026 12:10:09;6922;Franco;Potenza;Tiago Rodriguez;Franco Potenza
14237266;09/09/2026 14:16:58;3;2;0001  215045-1;10;URGENTES;2094664;"SS43    ";"SANITARIOS SIONE S.R.L.                           ";VIDAL 1783;952468;"52-121N        ";52-121N - GRIFERIA REBATIBLE LLENADO DE OLLAS MARBELLA BLACK;1;1;1;23262754;090926130613364;182687223;;;;07/28/2031 00:00:00;1;13885187;09/09/2026 13:06:13;Tiago;Rodriguez;24540742;09/09/2026 12:10:09;6922;Franco;Potenza;Tiago Rodriguez;Franco Potenza
14237266;09/09/2026 14:16:58;3;2;0001  215045-1;10;URGENTES;2094664;"SS43    ";"SANITARIOS SIONE S.R.L.                           ";VIDAL 1783;954225;"A1447C         ";"A1447C - FLOR DE DUCHA 4"" ABS CROMO C/BLISTER";6;6;6;23262754;090926130613364;182687545;;;;07/27/2031 00:00:00;6;13885187;09/09/2026 13:06:13;Tiago;Rodriguez;24540742;09/09/2026 12:10:09;6922;Franco;Potenza;Tiago Rodriguez;Franco Potenza
14237266;09/09/2026 14:16:58;3;2;0001  215045-1;10;URGENTES;2094664;"SS43    ";"SANITARIOS SIONE S.R.L.                           ";VIDAL 1783;952504;"55-002         ";55-002 - COCINA P/PARED EMB P.ALTO RENACER;1;1;1;23265958;090926130701731;182680694;;;;07/31/2031 00:00:00;1;13885257;09/09/2026 13:07:01;Tiago;Rodriguez;;;;;;Tiago Rodriguez;
14237266;09/09/2026 14:16:58;3;2;0001  215045-1;10;URGENTES;2094664;"SS43    ";"SANITARIOS SIONE S.R.L.                           ";VIDAL 1783;952488;"54-002         ";54-002 - COCINA PARED EXT. P.BAJO RENACER;1;1;1;23265958;090926130701731;182681214;;;;07/31/2031 00:00:00;1;13885257;09/09/2026 13:07:01;Tiago;Rodriguez;;;;;;Tiago Rodriguez;
14237266;09/09/2026 14:16:58;3;2;0001  215045-1;10;URGENTES;2094664;"SS43    ";"SANITARIOS SIONE S.R.L.                           ";VIDAL 1783;952471;"53-002         ";53-002 - COCINA PARED EXT. P.ALTO RENACER;2;2;2;23265958;090926130701731;182680856;;;;07/29/2031 00:00:00;2;13885257;09/09/2026 13:07:01;Tiago;Rodriguez;;;;;;Tiago Rodriguez;
14237266;09/09/2026 14:16:58;3;2;0001  215045-1;10;URGENTES;2094664;"SS43    ";"SANITARIOS SIONE S.R.L.                           ";VIDAL 1783;953244;"814/CRC        ";814/CRC - MESADA P.FUNDIDO CR/CR C.CERAM. ARES;2;2;2;23265958;090926130701731;182684129;;;;02/16/2032 00:00:00;2;13885257;09/09/2026 13:07:01;Tiago;Rodriguez;;;;;;Tiago Rodriguez;
14237266;09/09/2026 14:16:58;3;2;0001  215045-1;10;URGENTES;2094664;"SS43    ";"SANITARIOS SIONE S.R.L.                           ";VIDAL 1783;952520;"56-002         ";56-002 - COCINA P/PARED EMB P.BAJO RENACER;1;1;1;23265958;090926130701731;182681655;;;;11/24/2031 00:00:00;1;13885257;09/09/2026 13:07:01;Tiago;Rodriguez;;;;;;Tiago Rodriguez;
14237266;09/09/2026 14:16:58;3;2;0001  215045-1;10;URGENTES;2094664;"SS43    ";"SANITARIOS SIONE S.R.L.                           ";VIDAL 1783;954901;"BCH01          ";BCH01 - BACHA DE APOYAR CIRCULAR 320x145;4;4;4;23269588;090926141623702;182732442;;;;07/28/2031 00:00:00;1;13887491;09/09/2026 14:16:23;Tiago;Rodriguez;;;;;;Tiago Rodriguez;
14237266;09/09/2026 14:16:58;3;2;0001  215045-1;10;URGENTES;2094664;"SS43    ";"SANITARIOS SIONE S.R.L.                           ";VIDAL 1783;954901;"BCH01          ";BCH01 - BACHA DE APOYAR CIRCULAR 320x145;4;4;4;23269595;090926141631410;182732497;;;;07/28/2031 00:00:00;1;13887495;09/09/2026 14:16:31;Tiago;Rodriguez;;;;;;Tiago Rodriguez;
14237266;09/09/2026 14:16:58;3;2;0001  215045-1;10;URGENTES;2094664;"SS43    ";"SANITARIOS SIONE S.R.L.                           ";VIDAL 1783;954901;"BCH01          ";BCH01 - BACHA DE APOYAR CIRCULAR 320x145;4;4;4;23269603;090926141636936;182732537;;;;07/28/2031 00:00:00;1;13887499;09/09/2026 14:16:36;Tiago;Rodriguez;;;;;;Tiago Rodriguez;
14237266;09/09/2026 14:16:58;3;2;0001  215045-1;10;URGENTES;2094664;"SS43    ";"SANITARIOS SIONE S.R.L.                           ";VIDAL 1783;954906;"BCH05          ";BCH05 - BACHA DE APOYAR CUADRADA 370x370x130;2;2;2;23269605;090926141642967;182732589;;;;07/27/2031 00:00:00;1;13887504;09/09/2026 14:16:42;Tiago;Rodriguez;;;;;;Tiago Rodriguez;
14237266;09/09/2026 14:16:58;3;2;0001  215045-1;10;URGENTES;2094664;"SS43    ";"SANITARIOS SIONE S.R.L.                           ";VIDAL 1783;954901;"BCH01          ";BCH01 - BACHA DE APOYAR CIRCULAR 320x145;4;4;4;23269609;090926141648494;182680570;;;;07/28/2031 00:00:00;1;13887507;09/09/2026 14:16:48;Tiago;Rodriguez;;;;;;Tiago Rodriguez;
14237267;09/09/2026 14:13:29;3;2;0001  215048-1;10;URGENTES;2094664;"SS43    ";"SANITARIOS SIONE S.R.L.                           ";WASHINGTON 3553;951512;"20-122         ";"MONOCOMANDO COCINA CR C/PICO EXTRAIBLE VALENCIA                       ";6;6;6;23258725;090926134815647;182661751;;;;08/06/2031 00:00:00;6;13885653;09/09/2026 13:48:15;Tiago;Rodriguez;24536466;09/09/2026 11:46:56;7636;Kevin;Arce;Tiago Rodriguez;Kevin Arce
14237267;09/09/2026 14:13:29;3;2;0001  215048-1;10;URGENTES;2094664;"SS43    ";"SANITARIOS SIONE S.R.L.                           ";WASHINGTON 3553;953148;"80-199         ";80-199 - DUCHA EMB. C/TRANSF. CR C.CERAM LIVE;1;1;1;23260606;090926135610613;182670579;;;;11/04/2031 00:00:00;1;13886646;09/09/2026 13:56:10;Tiago;Rodriguez;24538501;09/09/2026 12:06:52;6867;Javier;Lescano;Tiago Rodriguez;Javier Lescano
14237267;09/09/2026 14:13:29;3;2;0001  215048-1;10;URGENTES;2094664;"SS43    ";"SANITARIOS SIONE S.R.L.                           ";WASHINGTON 3553;952945;"70-199         ";70-199 - BIDE CR C.CERAM LIVE;1;1;1;23260606;090926135610613;182686933;;;;12/16/2031 00:00:00;1;13886646;09/09/2026 13:56:10;Tiago;Rodriguez;24538501;09/09/2026 12:06:52;6867;Javier;Lescano;Tiago Rodriguez;Javier Lescano
14237267;09/09/2026 14:13:29;3;2;0001  215048-1;10;URGENTES;2094664;"SS43    ";"SANITARIOS SIONE S.R.L.                           ";WASHINGTON 3553;951620;"214/CR         ";214/CR - LAVATORIO CR/CR ARES;3;3;3;23260606;090926135610613;182672582;;;;01/27/2032 00:00:00;3;13886646;09/09/2026 13:56:10;Tiago;Rodriguez;24538501;09/09/2026 12:06:52;6867;Javier;Lescano;Tiago Rodriguez;Javier Lescano
14237267;09/09/2026 14:13:29;3;2;0001  215048-1;10;URGENTES;2094664;"SS43    ";"SANITARIOS SIONE S.R.L.                           ";WASHINGTON 3553;954908;"BCH07          ";BCH07 - BACHA DE APOYAR OVALADA 400x330x150;1;1;1;23262502;090926141044642;182682751;;;;07/29/2031 00:00:00;1;13887271;09/09/2026 14:10:44;Tiago;Rodriguez;24540500;09/09/2026 11:55:31;6922;Franco;Potenza;Tiago Rodriguez;Franco Potenza
14237267;09/09/2026 14:13:29;3;2;0001  215048-1;10;URGENTES;2094664;"SS43    ";"SANITARIOS SIONE S.R.L.                           ";WASHINGTON 3553;954227;"A1449C         ";A1449C - DUCHADOR MULTIFUNCION CROMO C/BLISTER;2;2;2;23266801;090926132652446;182655861;;;;07/27/2031 00:00:00;2;13885754;09/09/2026 13:26:52;Tiago;Rodriguez;;;;;;Tiago Rodriguez;
14237267;09/09/2026 14:13:29;3;2;0001  215048-1;10;URGENTES;2094664;"SS43    ";"SANITARIOS SIONE S.R.L.                           ";WASHINGTON 3553;954656;"A819           ";A819 - DUCHADOR ANTICALCAREO C/FLEXIBLE Y SOPORTE;2;2;2;23266801;090926132652446;182655120;;;;07/27/2031 00:00:00;2;13885754;09/09/2026 13:26:52;Tiago;Rodriguez;;;;;;Tiago Rodriguez;
14237267;09/09/2026 14:13:29;3;2;0001  215048-1;10;URGENTES;2094664;"SS43    ";"SANITARIOS SIONE S.R.L.                           ";WASHINGTON 3553;954678;"A842           ";A842 - DUCHADOR ANTICALCAREO 5 FUNCIONES C/SOPORTE Y FLEX;4;4;4;23266801;090926132652446;182654991;;;;07/28/2031 00:00:00;4;13885754;09/09/2026 13:26:52;Tiago;Rodriguez;;;;;;Tiago Rodriguez;
14237267;09/09/2026 14:13:29;3;2;0001  215048-1;10;URGENTES;2094664;"SS43    ";"SANITARIOS SIONE S.R.L.                           ";WASHINGTON 3553;954791;"A996           ";A996 - DUCHA 8' CUADRADA CR C/BRAZO Y CAMPANA;2;2;2;23266801;090926132652446;182655430;;;;07/29/2031 00:00:00;2;13885754;09/09/2026 13:26:52;Tiago;Rodriguez;;;;;;Tiago Rodriguez;
14237267;09/09/2026 14:13:29;3;2;0001  215048-1;10;URGENTES;2094664;"SS43    ";"SANITARIOS SIONE S.R.L.                           ";WASHINGTON 3553;951302;"17040C         ";17040C - PORTA ROLLO LINEA FABRIC CROMO;1;1;1;23266953;090926133015385;182674606;;;;07/29/2031 00:00:00;1;13885849;09/09/2026 13:30:15;Tiago;Rodriguez;;;;;;Tiago Rodriguez;
14237267;09/09/2026 14:13:29;3;2;0001  215048-1;10;URGENTES;2094664;"SS43    ";"SANITARIOS SIONE S.R.L.                           ";WASHINGTON 3553;951265;"16040BL        ";16040BL - PORTA ROLLO ACCESORIOS LINEA 16000 BLACK;2;2;2;23266953;090926133015385;182655600;;;;07/31/2031 00:00:00;2;13885849;09/09/2026 13:30:15;Tiago;Rodriguez;;;;;;Tiago Rodriguez;
14237267;09/09/2026 14:13:29;3;2;0001  215048-1;10;URGENTES;2094664;"SS43    ";"SANITARIOS SIONE S.R.L.                           ";WASHINGTON 3553;954225;"A1447C         ";"A1447C - FLOR DE DUCHA 4"" ABS CROMO C/BLISTER";5;5;5;23266953;090926133015385;182659172;;;;07/27/2031 00:00:00;5;13885849;09/09/2026 13:30:15;Tiago;Rodriguez;;;;;;Tiago Rodriguez;
14237267;09/09/2026 14:13:29;3;2;0001  215048-1;10;URGENTES;2094664;"SS43    ";"SANITARIOS SIONE S.R.L.                           ";WASHINGTON 3553;954226;"A1448C         ";"A1448C - CAÑO CURVO METALICO C/FLOR DE DUCHA 4"" ABS CR C/BLISTER";2;2;2;23266953;090926133015385;182658439;;;;08/13/2031 00:00:00;2;13885849;09/09/2026 13:30:15;Tiago;Rodriguez;;;;;;Tiago Rodriguez;
14237267;09/09/2026 14:13:29;3;2;0001  215048-1;10;URGENTES;2094664;"SS43    ";"SANITARIOS SIONE S.R.L.                           ";WASHINGTON 3553;954228;"A1450C         ";A1450C - DUCHADOR CILINDRICO MINIMALISTA ABS CROMO C/BLISTER;2;2;2;23266953;090926133015385;182657175;;;;07/31/2031 00:00:00;2;13885849;09/09/2026 13:30:15;Tiago;Rodriguez;;;;;;Tiago Rodriguez;
14237267;09/09/2026 14:13:29;3;2;0001  215048-1;10;URGENTES;2094664;"SS43    ";"SANITARIOS SIONE S.R.L.                           ";WASHINGTON 3553;954230;"A1452C         ";A1452C - CAÑO DE DUCHA RECTO 150 MM CROMO C/BLISTER;2;2;2;23266953;090926133015385;182657590;;;;07/31/2031 00:00:00;2;13885849;09/09/2026 13:30:15;Tiago;Rodriguez;;;;;;Tiago Rodriguez;
14237267;09/09/2026 14:13:29;3;2;0001  215048-1;10;URGENTES;2094664;"SS43    ";"SANITARIOS SIONE S.R.L.                           ";WASHINGTON 3553;951906;"3020           ";3020 - TOALLERO DE ARO LINEA 3000;2;2;2;23266953;090926133015385;182656352;;;;07/29/2031 00:00:00;2;13885849;09/09/2026 13:30:15;Tiago;Rodriguez;;;;;;Tiago Rodriguez;
14237267;09/09/2026 14:13:29;3;2;0001  215048-1;10;URGENTES;2094664;"SS43    ";"SANITARIOS SIONE S.R.L.                           ";WASHINGTON 3553;951293;"17010C         ";17010C - TOALLERO BARRAL LINEA FABRIC CROMO;2;2;2;23267024;090926133113154;182675569;;;;07/27/2031 00:00:00;2;13885880;09/09/2026 13:31:13;Tiago;Rodriguez;;;;;;Tiago Rodriguez;
14237267;09/09/2026 14:13:29;3;2;0001  215048-1;10;URGENTES;2094664;"SS43    ";"SANITARIOS SIONE S.R.L.                           ";WASHINGTON 3553;951296;"17020C         ";17020C - TOALLERO DE ARO LINEA FABRIC CROMO;2;2;2;23267072;090926133209030;182675298;;;;07/30/2031 00:00:00;2;13885905;09/09/2026 13:32:09;Tiago;Rodriguez;;;;;;Tiago Rodriguez;
14237267;09/09/2026 14:13:29;3;2;0001  215048-1;10;URGENTES;2094664;"SS43    ";"SANITARIOS SIONE S.R.L.                           ";WASHINGTON 3553;951314;"18020          ";18020 - TOALLERO DE ARO NIQUEL LINEA BEAT;3;3;3;23267072;090926133209030;182665533;;;;07/29/2031 00:00:00;3;13885905;09/09/2026 13:32:09;Tiago;Rodriguez;;;;;;Tiago Rodriguez;
14237267;09/09/2026 14:13:29;3;2;0001  215048-1;10;URGENTES;2094664;"SS43    ";"SANITARIOS SIONE S.R.L.                           ";WASHINGTON 3553;952638;"60-168N        ";60-168N - LAVATORIO MONOC BAJO BLACK WAVE;2;2;2;23267136;090926133316416;182660904;;;;07/27/2031 00:00:00;2;13885943;09/09/2026 13:33:16;Tiago;Rodriguez;;;;;;Tiago Rodriguez;
14237267;09/09/2026 14:13:29;3;2;0001  215048-1;10;URGENTES;2094664;"SS43    ";"SANITARIOS SIONE S.R.L.                           ";WASHINGTON 3553;952637;"60-168         ";60-168 - LAVATORIO MONOC BAJO CR WAVE;2;2;2;23267136;090926133316416;182661073;;;;07/27/2031 00:00:00;2;13885943;09/09/2026 13:33:16;Tiago;Rodriguez;;;;;;Tiago Rodriguez;
14237267;09/09/2026 14:13:29;3;2;0001  215048-1;10;URGENTES;2094664;"SS43    ";"SANITARIOS SIONE S.R.L.                           ";WASHINGTON 3553;952630;"60-152         ";60-152 - LAVATORIO CR MONOCOMANDO BAJO SORIA;1;1;1;23267136;090926133316416;182664947;;;;07/27/2031 00:00:00;1;13885943;09/09/2026 13:33:16;Tiago;Rodriguez;;;;;;Tiago Rodriguez;
14237267;09/09/2026 14:13:29;3;2;0001  215048-1;10;URGENTES;2094664;"SS43    ";"SANITARIOS SIONE S.R.L.                           ";WASHINGTON 3553;952916;"70-168N        ";70-168N - BIDE MONOC BLACK WAVE;1;1;1;23267136;090926133316416;182671911;;;;01/05/2032 00:00:00;1;13885943;09/09/2026 13:33:16;Tiago;Rodriguez;;;;;;Tiago Rodriguez;
14237267;09/09/2026 14:13:29;3;2;0001  215048-1;10;URGENTES;2094664;"SS43    ";"SANITARIOS SIONE S.R.L.                           ";WASHINGTON 3553;952650;"60-180         ";60-180 - LAVATORIO MONOCOMANDO BAJO VERA;2;2;2;23267136;090926133316416;182666311;;;;07/28/2031 00:00:00;2;13885943;09/09/2026 13:33:16;Tiago;Rodriguez;;;;;;Tiago Rodriguez;
14237267;09/09/2026 14:13:29;3;2;0001  215048-1;10;URGENTES;2094664;"SS43    ";"SANITARIOS SIONE S.R.L.                           ";WASHINGTON 3553;952618;"60-133         ";60-133 - LAVATORIO MONOCOMANDO LUGO;5;5;5;23267189;090926133422298;182671160;;;;07/29/2031 00:00:00;5;13885979;09/09/2026 13:34:22;Tiago;Rodriguez;;;;;;Tiago Rodriguez;
14237267;09/09/2026 14:13:29;3;2;0001  215048-1;10;URGENTES;2094664;"SS43    ";"SANITARIOS SIONE S.R.L.                           ";WASHINGTON 3553;952709;"61-168N        ";61-168N - LAVATORIO MONOC ALTO BLACK WAVE;1;1;1;23267189;090926133422298;182659544;;;;07/28/2031 00:00:00;1;13885979;09/09/2026 13:34:22;Tiago;Rodriguez;;;;;;Tiago Rodriguez;
14237267;09/09/2026 14:13:29;3;2;0001  215048-1;10;URGENTES;2094664;"SS43    ";"SANITARIOS SIONE S.R.L.                           ";WASHINGTON 3553;952798;"63-176N        ";"LAVATORIO PARED EMB MONOC BLACK RIO                                   ";2;2;2;23267189;090926133422298;182676108;;;;12/14/2031 00:00:00;2;13885979;09/09/2026 13:34:22;Tiago;Rodriguez;;;;;;Tiago Rodriguez;
14237267;09/09/2026 14:13:29;3;2;0001  215048-1;10;URGENTES;2094664;"SS43    ";"SANITARIOS SIONE S.R.L.                           ";WASHINGTON 3553;953312;"83-133         ";83-133 - DUCHA EXT. C/TRANSF. MONOCOMANDO LUGO;1;1;1;23267189;090926133422298;182671583;;;;07/30/2031 00:00:00;1;13885979;09/09/2026 13:34:22;Tiago;Rodriguez;;;;;;Tiago Rodriguez;
14237267;09/09/2026 14:13:29;3;2;0001  215048-1;10;URGENTES;2094664;"SS43    ";"SANITARIOS SIONE S.R.L.                           ";WASHINGTON 3553;951299;"17030C         ";17030C - PERCHA LINEA FABRIC CROMO;5;5;5;23267222;090926133459777;182675095;;;;11/10/2031 00:00:00;5;13886001;09/09/2026 13:34:59;Tiago;Rodriguez;;;;;;Tiago Rodriguez;
14237267;09/09/2026 14:13:29;3;2;0001  215048-1;10;URGENTES;2094664;"SS43    ";"SANITARIOS SIONE S.R.L.                           ";WASHINGTON 3553;951531;"20-146N        ";20-146N - MONOCOMANDO DE COCINA BLACK LINEA MOVE;5;5;5;23267258;090926133540070;182674216;;;;07/30/2031 00:00:00;5;13886026;09/09/2026 13:35:40;Tiago;Rodriguez;;;;;;Tiago Rodriguez;
14237267;09/09/2026 14:13:29;3;2;0001  215048-1;10;URGENTES;2094664;"SS43    ";"SANITARIOS SIONE S.R.L.                           ";WASHINGTON 3553;951530;"20-146         ";20-146 - MONOCOMANDO DE COCINA CR LINEA MOVE;3;3;3;23267279;090926133607637;182673463;;;;10/09/2031 00:00:00;3;13886045;09/09/2026 13:36:07;Tiago;Rodriguez;;;;;;Tiago Rodriguez;
14237267;09/09/2026 14:13:29;3;2;0001  215048-1;10;URGENTES;2094664;"SS43    ";"SANITARIOS SIONE S.R.L.                           ";WASHINGTON 3553;952712;"61-176         ";61-176 - LAVATORIO MONOC ALTO CR RIO;2;2;2;23267305;090926133651224;182662878;;;;10/09/2031 00:00:00;2;13886069;09/09/2026 13:36:51;Tiago;Rodriguez;;;;;;Tiago Rodriguez;
14237267;09/09/2026 14:13:29;3;2;0001  215048-1;10;URGENTES;2094664;"SS43    ";"SANITARIOS SIONE S.R.L.                           ";WASHINGTON 3553;951524;"20-135         ";20-135 - MONOCOMANDO COCINA SANTANDER;2;2;2;23267305;090926133651224;182669103;;;;07/28/2031 00:00:00;2;13886069;09/09/2026 13:36:51;Tiago;Rodriguez;;;;;;Tiago Rodriguez;
14237267;09/09/2026 14:13:29;3;2;0001  215048-1;10;URGENTES;2094664;"SS43    ";"SANITARIOS SIONE S.R.L.                           ";WASHINGTON 3553;951533;"20-150         ";20-150 - MONOCOMANDO MESADA COCINA TOLEDO;1;1;1;23267305;090926133651224;182666710;;;;07/27/2031 00:00:00;1;13886069;09/09/2026 13:36:51;Tiago;Rodriguez;;;;;;Tiago Rodriguez;
14237267;09/09/2026 14:13:29;3;2;0001  215048-1;10;URGENTES;2094664;"SS43    ";"SANITARIOS SIONE S.R.L.                           ";WASHINGTON 3553;951114;"12005          ";"SET DE 5 PIEZAS LINEA 12000                                           ";1;1;1;23267305;090926133651224;182671420;;;;07/30/2031 00:00:00;1;13886069;09/09/2026 13:36:51;Tiago;Rodriguez;;;;;;Tiago Rodriguez;
14237267;09/09/2026 14:13:29;3;2;0001  215048-1;10;URGENTES;2094664;"SS43    ";"SANITARIOS SIONE S.R.L.                           ";WASHINGTON 3553;953334;"84-203         ";"DUCHA EXT C/COLUMNA Y TRANSF CR ADRA                                  ";1;1;1;23267336;090926133726596;182662168;;;;12/02/2031 00:00:00;1;13886089;09/09/2026 13:37:26;Tiago;Rodriguez;;;;;;Tiago Rodriguez;
14237267;09/09/2026 14:13:29;3;2;0001  215048-1;10;URGENTES;2094664;"SS43    ";"SANITARIOS SIONE S.R.L.                           ";WASHINGTON 3553;952648;"60-176N        ";"LAVATORIO MONOCOMANDO BAJO BLACK RIO                                  ";2;2;2;23267375;090926133810891;182663867;;;;07/29/2031 00:00:00;2;13886119;09/09/2026 13:38:10;Tiago;Rodriguez;;;;;;Tiago Rodriguez;
14237267;09/09/2026 14:13:29;3;2;0001  215048-1;10;URGENTES;2094664;"SS43    ";"SANITARIOS SIONE S.R.L.                           ";WASHINGTON 3553;952796;"63-168N        ";"LAVATORIO PARED EMB MONOC BLACK WAVE                                  ";3;3;3;23267375;090926133810891;182660294;;;;07/28/2031 00:00:00;3;13886119;09/09/2026 13:38:10;Tiago;Rodriguez;;;;;;Tiago Rodriguez;
14237267;09/09/2026 14:13:29;3;2;0001  215048-1;10;URGENTES;2094664;"SS43    ";"SANITARIOS SIONE S.R.L.                           ";WASHINGTON 3553;953123;"80-176N        ";80-176N - DUCHA EMB C/TRANSF MONOC BLACK RIO;1;1;1;23267375;090926133810891;182664091;;;;07/27/2031 00:00:00;1;13886119;09/09/2026 13:38:10;Tiago;Rodriguez;;;;;;Tiago Rodriguez;
14237267;09/09/2026 14:13:29;3;2;0001  215048-1;10;URGENTES;2094664;"SS43    ";"SANITARIOS SIONE S.R.L.                           ";WASHINGTON 3553;952499;"54-203         ";"COCINA PARED EXT C.CERAM ADRA MONOCOMANDO                             ";5;5;5;23267398;090926133837417;182677077;;;;11/23/2031 00:00:00;5;13886137;09/09/2026 13:38:37;Tiago;Rodriguez;;;;;;Tiago Rodriguez;
14237267;09/09/2026 14:13:29;3;2;0001  215048-1;10;URGENTES;2094664;"SS43    ";"SANITARIOS SIONE S.R.L.                           ";WASHINGTON 3553;951535;"20-160         ";20-160 - MONOCOMANDO MESADA COCINA DIQUE;8;8;8;23267416;090926133907682;182672520;;;;07/28/2031 00:00:00;8;13886165;09/09/2026 13:39:07;Tiago;Rodriguez;;;;;;Tiago Rodriguez;
14237267;09/09/2026 14:13:29;3;2;0001  215048-1;10;URGENTES;2094664;"SS43    ";"SANITARIOS SIONE S.R.L.                           ";WASHINGTON 3553;951523;"20-134         ";20-134 - MONOCOMANDO COCINA BETIS;5;5;5;23267431;090926133924695;182678222;;;;08/11/2031 00:00:00;5;13886176;09/09/2026 13:39:24;Tiago;Rodriguez;;;;;;Tiago Rodriguez;
14237267;09/09/2026 14:13:29;3;2;0001  215048-1;10;URGENTES;2094664;"SS43    ";"SANITARIOS SIONE S.R.L.                           ";WASHINGTON 3553;952453;"51-131         ";51-131 - MESADA BIMANDO CR C.CERAM MALLORCA;1;1;1;23268137;090926135246056;182672035;;;;01/12/2032 00:00:00;1;13886648;09/09/2026 13:52:46;Tiago;Rodriguez;;;;;;Tiago Rodriguez;
14237267;09/09/2026 14:13:29;3;2;0001  215048-1;10;URGENTES;2094664;"SS43    ";"SANITARIOS SIONE S.R.L.                           ";WASHINGTON 3553;953113;"80-168N        ";80-168N - DUCHA EMB C/TRANSF MONOC BLACK WAVE;1;1;1;23268137;090926135246056;182675581;;;;01/22/2032 00:00:00;1;13886648;09/09/2026 13:52:46;Tiago;Rodriguez;;;;;;Tiago Rodriguez;
14237267;09/09/2026 14:13:29;3;2;0001  215048-1;10;URGENTES;2094664;"SS43    ";"SANITARIOS SIONE S.R.L.                           ";WASHINGTON 3553;953346;"85-168         ";85-168 - DUCHA MONOC C/TRANSF Y DUCHADOR CR WAVE;1;1;1;23268137;090926135246056;182673248;;;;02/01/2032 00:00:00;1;13886648;09/09/2026 13:52:46;Tiago;Rodriguez;;;;;;Tiago Rodriguez;
14237267;09/09/2026 14:13:29;3;2;0001  215048-1;10;URGENTES;2094664;"SS43    ";"SANITARIOS SIONE S.R.L.                           ";WASHINGTON 3553;952667;"60-199         ";60-199 - LAVATORIO CR C.CERAM LIVE;1;1;1;23268157;090926135304977;182670719;;;;11/16/2031 00:00:00;1;13886661;09/09/2026 13:53:04;Tiago;Rodriguez;;;;;;Tiago Rodriguez;
14237267;09/09/2026 14:13:29;3;2;0001  215048-1;10;URGENTES;2094664;"SS43    ";"SANITARIOS SIONE S.R.L.                           ";WASHINGTON 3553;953109;"80-166         ";"DUCHA EMB. C/TRANSF. CR C.CERAM ADRA PLUS                             ";1;1;1;23268157;090926135304977;182668394;;;;01/18/2032 00:00:00;1;13886661;09/09/2026 13:53:04;Tiago;Rodriguez;;;;;;Tiago Rodriguez;
14237267;09/09/2026 14:13:29;3;2;0001  215048-1;10;URGENTES;2094664;"SS43    ";"SANITARIOS SIONE S.R.L.                           ";WASHINGTON 3553;952616;"60-131         ";60-131 - LAVATORIO C.CERAM CR MALLORCA;2;2;2;23268157;090926135304977;182671836;;;;01/03/2032 00:00:00;2;13886661;09/09/2026 13:53:04;Tiago;Rodriguez;;;;;;Tiago Rodriguez;
14237267;09/09/2026 14:13:29;3;2;0001  215048-1;10;URGENTES;2094664;"SS43    ";"SANITARIOS SIONE S.R.L.                           ";WASHINGTON 3553;953086;"80-131         ";80-131 - DUCHA EMB. C/TRANSF. CR C.CERAM MALLORCA;2;2;2;23268182;090926135334320;182672388;;;;10/25/2031 00:00:00;2;13886676;09/09/2026 13:53:34;Tiago;Rodriguez;;;;;;Tiago Rodriguez;
14237267;09/09/2026 14:13:29;3;2;0001  215048-1;10;URGENTES;2094664;"SS43    ";"SANITARIOS SIONE S.R.L.                           ";WASHINGTON 3553;952006;"31-010         ";31-010 - CANILLA DE PARED P.ALTO BL/CR LORCA;1;1;1;23268182;090926135334320;182674874;;;;07/31/2031 00:00:00;1;13886676;09/09/2026 13:53:34;Tiago;Rodriguez;;;;;;Tiago Rodriguez;
14237267;09/09/2026 14:13:29;3;2;0001  215048-1;10;URGENTES;2094664;"SS43    ";"SANITARIOS SIONE S.R.L.                           ";WASHINGTON 3553;952645;"60-175GR       ";60-175GR - LAVATORIO PULSE GRAFITO C.CERAM;1;1;1;23268182;090926135334320;182674376;;;;07/31/2031 00:00:00;1;13886676;09/09/2026 13:53:34;Tiago;Rodriguez;;;;;;Tiago Rodriguez;
14237267;09/09/2026 14:13:29;3;2;0001  215048-1;10;URGENTES;2094664;"SS43    ";"SANITARIOS SIONE S.R.L.                           ";WASHINGTON 3553;952610;"60-122         ";60-122 - LAVATORIO C.CERAM CR VALENCIA;1;1;1;23268247;090926135421739;182671184;;;;12/10/2031 00:00:00;1;13886703;09/09/2026 13:54:21;Tiago;Rodriguez;;;;;;Tiago Rodriguez;
14237267;09/09/2026 14:13:29;3;2;0001  215048-1;10;URGENTES;2094664;"SS43    ";"SANITARIOS SIONE S.R.L.                           ";WASHINGTON 3553;952542;"60-002         ";60-002 - LAVATORIO RENACER;1;1;1;23268247;090926135421739;182670329;;;;07/29/2031 00:00:00;1;13886703;09/09/2026 13:54:21;Tiago;Rodriguez;;;;;;Tiago Rodriguez;
14237267;09/09/2026 14:13:29;3;2;0001  215048-1;10;URGENTES;2094664;"SS43    ";"SANITARIOS SIONE S.R.L.                           ";WASHINGTON 3553;952438;"51-058         ";51-058 - COCINA MESADA CR C.STD MALBA;2;2;2;23268247;090926135421739;182668571;;;;10/19/2031 00:00:00;2;13886703;09/09/2026 13:54:21;Tiago;Rodriguez;;;;;;Tiago Rodriguez;
14237267;09/09/2026 14:13:29;3;2;0001  215048-1;10;URGENTES;2094664;"SS43    ";"SANITARIOS SIONE S.R.L.                           ";WASHINGTON 3553;951618;"214            ";214 - LAVATORIO CRUZ BL/CR ARES;1;1;1;23268247;090926135421739;182672861;;;;07/31/2031 00:00:00;1;13886703;09/09/2026 13:54:21;Tiago;Rodriguez;;;;;;Tiago Rodriguez;
14237267;09/09/2026 14:13:29;3;2;0001  215048-1;10;URGENTES;2094664;"SS43    ";"SANITARIOS SIONE S.R.L.                           ";WASHINGTON 3553;952913;"70-162N        ";70-162N - BIDE BLACK C.CERAM LINEA ADRA;1;1;1;23268247;090926135421739;182671370;;;;12/08/2031 00:00:00;1;13886703;09/09/2026 13:54:21;Tiago;Rodriguez;;;;;;Tiago Rodriguez;
14237267;09/09/2026 14:13:29;3;2;0001  215048-1;10;URGENTES;2094664;"SS43    ";"SANITARIOS SIONE S.R.L.                           ";WASHINGTON 3553;952740;"62-100G        ";62-100G - LAVATORIO DE PARED GOLD C.CERAM FABRIC;1;1;1;23268247;090926135421739;182671887;;;;12/20/2031 00:00:00;1;13886703;09/09/2026 13:54:21;Tiago;Rodriguez;;;;;;Tiago Rodriguez;
14237267;09/09/2026 14:13:29;3;2;0001  215048-1;10;URGENTES;2094664;"SS43    ";"SANITARIOS SIONE S.R.L.                           ";WASHINGTON 3553;952634;"60-162         ";60-162 - LAVATORIO CR C.CERAM LINEA ADRA;3;3;3;23268247;090926135421739;182668251;;;;07/29/2031 00:00:00;3;13886703;09/09/2026 13:54:21;Tiago;Rodriguez;;;;;;Tiago Rodriguez;
14237267;09/09/2026 14:13:29;3;2;0001  215048-1;10;URGENTES;2094664;"SS43    ";"SANITARIOS SIONE S.R.L.                           ";WASHINGTON 3553;952786;"62-201NI       ";62-201NI - LAVATORIO DE PARED C.CERAM BEAT NICKEL;2;2;2;23268292;090926135526007;182670957;;;;11/02/2031 00:00:00;2;13886743;09/09/2026 13:55:26;Tiago;Rodriguez;;;;;;Tiago Rodriguez;
14237267;09/09/2026 14:13:29;3;2;0001  215048-1;10;URGENTES;2094664;"SS43    ";"SANITARIOS SIONE S.R.L.                           ";WASHINGTON 3553;952894;"70-131         ";70-131 - BIDE C.CERAM CR MALLORCA;2;2;2;23268292;090926135526007;182672251;;;;07/30/2031 00:00:00;2;13886743;09/09/2026 13:55:26;Tiago;Rodriguez;;;;;;Tiago Rodriguez;
14237267;09/09/2026 14:13:29;3;2;0001  215048-1;10;URGENTES;2094664;"SS43    ";"SANITARIOS SIONE S.R.L.                           ";WASHINGTON 3553;951568;"203            ";"203 - LAVATORIO CROMO ""DIQUE""";2;2;2;23268292;090926135526007;182670222;;;;01/11/2032 00:00:00;2;13886743;09/09/2026 13:55:26;Tiago;Rodriguez;;;;;;Tiago Rodriguez;
14237267;09/09/2026 14:13:29;3;2;0001  215048-1;10;URGENTES;2094664;"SS43    ";"SANITARIOS SIONE S.R.L.                           ";WASHINGTON 3553;952028;"314/CR         ";314/CR - BIDE CROMO ARES;2;2;2;23268292;090926135526007;182672677;;;;01/11/2032 00:00:00;2;13886743;09/09/2026 13:55:26;Tiago;Rodriguez;;;;;;Tiago Rodriguez;
14237267;09/09/2026 14:13:29;3;2;0001  215048-1;10;URGENTES;2094664;"SS43    ";"SANITARIOS SIONE S.R.L.                           ";WASHINGTON 3553;952437;"51-057         ";51-057 - COCINA MESADA CR C.STD VERIN PLUS;2;2;2;23268292;090926135526007;182673514;;;;01/27/2032 00:00:00;2;13886743;09/09/2026 13:55:26;Tiago;Rodriguez;;;;;;Tiago Rodriguez;
14237403;09/09/2026 13:44:20;3;2;0001  215057-1;10;URGENTES;2091723;"CJ34    ";CASTILLO, JESUS Y CHAWELES R.S. CAPI SECC V-RINOVO;ARENALES 2825;951293;"17010C         ";17010C - TOALLERO BARRAL LINEA FABRIC CROMO;2;2;2;23262755;090926134419391;182685492;;;;07/27/2031 00:00:00;2;13885950;09/09/2026 13:44:19;Gustavo;Soderquvist;24540742;09/09/2026 12:10:09;6922;Franco;Potenza;Gustavo Soderquvist;Franco Potenza
14237403;09/09/2026 13:44:20;3;2;0001  215057-1;10;URGENTES;2091723;"CJ34    ";CASTILLO, JESUS Y CHAWELES R.S. CAPI SECC V-RINOVO;ARENALES 2825;951299;"17030C         ";17030C - PERCHA LINEA FABRIC CROMO;2;2;2;23262755;090926134419391;182685354;;;;11/10/2031 00:00:00;2;13885950;09/09/2026 13:44:19;Gustavo;Soderquvist;24540742;09/09/2026 12:10:09;6922;Franco;Potenza;Gustavo Soderquvist;Franco Potenza
14237403;09/09/2026 13:44:20;3;2;0001  215057-1;10;URGENTES;2091723;"CJ34    ";CASTILLO, JESUS Y CHAWELES R.S. CAPI SECC V-RINOVO;ARENALES 2825;951302;"17040C         ";17040C - PORTA ROLLO LINEA FABRIC CROMO;2;2;2;23262755;090926134419391;182684846;;;;07/29/2031 00:00:00;2;13885950;09/09/2026 13:44:19;Gustavo;Soderquvist;24540742;09/09/2026 12:10:09;6922;Franco;Potenza;Gustavo Soderquvist;Franco Potenza
14237403;09/09/2026 13:44:20;3;2;0001  215057-1;10;URGENTES;2091723;"CJ34    ";CASTILLO, JESUS Y CHAWELES R.S. CAPI SECC V-RINOVO;ARENALES 2825;951303;"17040G         ";17040G - PORTA ROLLO LINEA FABRIC GOLD;2;2;2;23262755;090926134419391;182684120;;;;07/28/2031 00:00:00;2;13885950;09/09/2026 13:44:19;Gustavo;Soderquvist;24540742;09/09/2026 12:10:09;6922;Franco;Potenza;Gustavo Soderquvist;Franco Potenza
14237403;09/09/2026 13:44:20;3;2;0001  215057-1;10;URGENTES;2091723;"CJ34    ";CASTILLO, JESUS Y CHAWELES R.S. CAPI SECC V-RINOVO;ARENALES 2825;951264;"16040          ";16040 - PORTA ROLLO ACCESORIOS LINEA 16000;3;3;3;23262755;090926134419391;182687891;;;;07/27/2031 00:00:00;3;13885950;09/09/2026 13:44:19;Gustavo;Soderquvist;24540742;09/09/2026 12:10:09;6922;Franco;Potenza;Gustavo Soderquvist;Franco Potenza
14237863;09/09/2026 15:22:35;3;2;0001  215417-1;05;CAMIONETA VIE 1;2094713;"T1      ";"TRIPOLI ARNALDO                                   ";ALVAREZ PRADO Y MORENO;952679;"60-205         ";60-205 - LAVATORIO MONOC BAJO STEEL;2;2;2;23264225;090926152235573;182697580;;;;07/27/2031 00:00:00;2;13889918;09/09/2026 15:22:35;Maximiliano;Nievas;24542143;09/09/2026 12:45:22;6922;Franco;Potenza;Maximiliano Nievas;Franco Potenza
14237863;09/09/2026 15:22:35;3;2;0001  215417-1;05;CAMIONETA VIE 1;2094713;"T1      ";"TRIPOLI ARNALDO                                   ";ALVAREZ PRADO Y MORENO;952956;"70-205         ";70-205 - BIDE MONOCOMANDO STEEL;2;2;2;23264225;090926152235573;182697708;;;;11/08/2031 00:00:00;2;13889918;09/09/2026 15:22:35;Maximiliano;Nievas;24542143;09/09/2026 12:45:22;6922;Franco;Potenza;Maximiliano Nievas;Franco Potenza
14237863;09/09/2026 15:22:35;3;2;0001  215417-1;05;CAMIONETA VIE 1;2094713;"T1      ";"TRIPOLI ARNALDO                                   ";ALVAREZ PRADO Y MORENO;953161;"80-205         ";80-205 - DUCHA EMB. C/TRANSF. MONOC STEEL;2;2;2;23264225;090926152235573;182696355;;;;08/11/2031 00:00:00;2;13889918;09/09/2026 15:22:35;Maximiliano;Nievas;24542143;09/09/2026 12:45:22;6922;Franco;Potenza;Maximiliano Nievas;Franco Potenza
14237864;09/09/2026 15:18:35;3;2;0008    2916-1;05;CAMIONETA VIE 1;2094738;"TC11    ";"TRIPOLI CARLOS L.                                 ";ALVAREZ PRADO E/MENDEZ Y STORN;957447;"RA1030         ";RA1030 - PICO ROCIADOR P/ MONOC COCINA CUINA;4;4;4;23267625;090926151318734;182727970;;;;02/21/2032 00:00:00;4;13889584;09/09/2026 15:13:18;Tiago;Rodriguez;24545551;09/09/2026 14:06:21;7636;Kevin;Arce;Tiago Rodriguez;Kevin Arce
14237864;09/09/2026 15:18:35;3;2;0008    2916-1;05;CAMIONETA VIE 1;2094738;"TC11    ";"TRIPOLI CARLOS L.                                 ";ALVAREZ PRADO E/MENDEZ Y STORN;951568;"203            ";"203 - LAVATORIO CROMO ""DIQUE""";8;8;8;23268069;090926151835179;182724452;;;;01/11/2032 00:00:00;8;13889666;09/09/2026 15:18:35;Maximiliano;Nievas;24546068;09/09/2026 13:57:16;7807;Nicolas;Perez;Maximiliano Nievas;Nicolas Perez
14237864;09/09/2026 15:18:35;3;2;0008    2916-1;05;CAMIONETA VIE 1;2094738;"TC11    ";"TRIPOLI CARLOS L.                                 ";ALVAREZ PRADO E/MENDEZ Y STORN;953432;"910/M          ";"910/M - JGO.MDA.P.CANO CROMO ""DIQUE""";6;6;6;23273174;090926151544017;182723813;;;;12/21/2031 00:00:00;6;13889686;09/09/2026 15:15:44;Maximiliano;Nievas;;;;;;Maximiliano Nievas;
14237864;09/09/2026 15:18:35;3;2;0008    2916-1;05;CAMIONETA VIE 1;2094738;"TC11    ";"TRIPOLI CARLOS L.                                 ";ALVAREZ PRADO E/MENDEZ Y STORN;952541;"60-001N        ";"60-001N - LAVATORIO ""CROMO Y""";2;2;2;23273174;090926151544017;182723253;;;;07/29/2031 00:00:00;2;13889686;09/09/2026 15:15:44;Maximiliano;Nievas;;;;;;Maximiliano Nievas;
14237865;09/09/2026 15:17:15;3;2;0001  215358-1;05;CAMIONETA VIE 1;2092695;"GG26    ";"GUERRERO EMILIO G. Y GUERRERO MATIA SH            ";GRAL ALVARADO 280;957517;"RA1150         ";"SUJECION ACCESORIOS LINEA 8000                                        ";94;94;94;23267626;090926151715819;182727492;;;;02/21/2032 00:00:00;94;13889597;09/09/2026 15:17:15;Tiago;Rodriguez;24545551;09/09/2026 14:06:21;7636;Kevin;Arce;Tiago Rodriguez;Kevin Arce
14239617;09/09/2026 16:31:59;3;2;0001  215183-1;14;RETIRA;2093713;"NS03    ";"NESGAMET S.A.                                     ";SOR JUANA DE LA CRUZ 1462;952677;"60-203         ";60-203 - LAVATORIO MONOCOMANDO BAJO ADRA;1;1;1;23270681;090926150157798;182742825;;;;02/10/2032 00:00:00;1;13889184;09/09/2026 15:01:57;Maximiliano;Nievas;24548506;09/09/2026 14:40:37;6922;Franco;Potenza;Maximiliano Nievas;Franco Potenza
14239617;09/09/2026 16:31:59;3;2;0001  215183-1;14;RETIRA;2093713;"NS03    ";"NESGAMET S.A.                                     ";SOR JUANA DE LA CRUZ 1462;954914;"BCH12          ";BCH12 - BACHA DE APOYAR BLANCA 460x320x140;1;1;1;23271008;090926163156398;182744130;;;;11/10/2031 00:00:00;1;13892420;09/09/2026 16:31:56;Maximiliano;Nievas;24548806;09/09/2026 14:42:44;7636;Kevin;Arce;Maximiliano Nievas;Kevin Arce
14241570;09/09/2026 16:08:22;3;2;4444    2375-1;10;URGENTES;2109166;"CLIEVEN ";"CLIENTE EVENTUAL                                  ";RIVADAVIA 3428;952660;"60-192         ";60-192 - LAVATORIO BAJO SORIA BLACK;1;1;1;23270569;090926160822136;182741053;;;;07/27/2031 00:00:00;1;13891524;09/09/2026 16:08:22;Maximiliano;Nievas;24548348;09/09/2026 14:34:29;6867;Javier;Lescano;Maximiliano Nievas;Javier Lescano
14241571;09/09/2026 15:01:44;3;2;4444    2432-1;10;URGENTES;2109166;"CLIEVEN ";"CLIENTE EVENTUAL                                  ";RIVADAVIA 3428;954946;"BID104-1       ";"BIDE 1 AGUJERO BLANCO LINEA STONE                                     ";1;1;1;23270403;090926150143507;182739558;;;;01/27/2032 00:00:00;1;13889180;09/09/2026 15:01:43;Gustavo;Soderquvist;24548203;09/09/2026 14:31:26;7807;Nicolas;Perez;Gustavo Soderquvist;Nicolas Perez
14241791;09/09/2026 16:31:48;3;2;0001  215187-1;14;RETIRA;2093977;"PP20    ";"PRIATEL PISOS S.R.L.                              ";HAITI 2187;952658;"60-190         ";60-190 - LAVATORIO C.CERAM BLACK VELVET;1;1;1;23270682;090926150500345;182742672;;;;08/12/2031 00:00:00;1;13889199;09/09/2026 15:05:00;Maximiliano;Nievas;24548506;09/09/2026 14:40:37;6922;Franco;Potenza;Maximiliano Nievas;Franco Potenza
14241791;09/09/2026 16:31:48;3;2;0001  215187-1;14;RETIRA;2093977;"PP20    ";"PRIATEL PISOS S.R.L.                              ";HAITI 2187;953136;"80-190P        ";80-190P - DUCHA EMB. C/TRANSF. C.CERAM BLACK VELVET PLUS;1;1;1;23270682;090926150500345;182742495;;;;07/30/2031 00:00:00;1;13889199;09/09/2026 15:05:00;Maximiliano;Nievas;24548506;09/09/2026 14:40:37;6922;Franco;Potenza;Maximiliano Nievas;Franco Potenza
14241791;09/09/2026 16:31:48;3;2;0001  215187-1;14;RETIRA;2093977;"PP20    ";"PRIATEL PISOS S.R.L.                              ";HAITI 2187;952679;"60-205         ";60-205 - LAVATORIO MONOC BAJO STEEL;1;1;1;23270703;090926161821024;182742397;;;;07/27/2031 00:00:00;1;13891807;09/09/2026 16:18:21;Maximiliano;Nievas;24548537;09/09/2026 14:38:35;6867;Javier;Lescano;Maximiliano Nievas;Javier Lescano
14241791;09/09/2026 16:31:48;3;2;0001  215187-1;14;RETIRA;2093977;"PP20    ";"PRIATEL PISOS S.R.L.                              ";HAITI 2187;952956;"70-205         ";70-205 - BIDE MONOCOMANDO STEEL;1;1;1;23270703;090926161821024;182742617;;;;11/08/2031 00:00:00;1;13891807;09/09/2026 16:18:21;Maximiliano;Nievas;24548537;09/09/2026 14:38:35;6867;Javier;Lescano;Maximiliano Nievas;Javier Lescano
14241791;09/09/2026 16:31:48;3;2;0001  215187-1;14;RETIRA;2093977;"PP20    ";"PRIATEL PISOS S.R.L.                              ";HAITI 2187;953161;"80-205         ";80-205 - DUCHA EMB. C/TRANSF. MONOC STEEL;1;1;1;23270703;090926161821024;182741759;;;;08/11/2031 00:00:00;1;13891807;09/09/2026 16:18:21;Maximiliano;Nievas;24548537;09/09/2026 14:38:35;6867;Javier;Lescano;Maximiliano Nievas;Javier Lescano
14241791;09/09/2026 16:31:48;3;2;0001  215187-1;14;RETIRA;2093977;"PP20    ";"PRIATEL PISOS S.R.L.                              ";HAITI 2187;954914;"BCH12          ";BCH12 - BACHA DE APOYAR BLANCA 460x320x140;1;1;1;23271210;090926163144404;182746753;;;;11/10/2031 00:00:00;1;13892408;09/09/2026 16:31:44;Maximiliano;Nievas;24548998;09/09/2026 14:47:37;6867;Javier;Lescano;Maximiliano Nievas;Javier Lescano
14241791;09/09/2026 16:31:48;3;2;0001  215187-1;14;RETIRA;2093977;"PP20    ";"PRIATEL PISOS S.R.L.                              ";HAITI 2187;951117;"12006N         ";"SET DE 6 PIEZAS LINEA 12000 BLACK                                     ";1;1;1;23276327;090926161608324;182742999;;;;09/01/2031 00:00:00;1;13891818;09/09/2026 16:16:08;Maximiliano;Nievas;;;;;;Maximiliano Nievas;
14241792;09/09/2026 15:49:46;3;2;4444    2440-1;14;RETIRA;2092529;"FM20    ";"FERRARO MATERIALES                                ";DAMASO VALDEZ 398;954648;"A813           ";A813 - DUCHA C/BRAZO Y CAMPANA CR 3 FUNCIONES;1;1;1;23270819;090926154945778;182746498;;;;07/27/2031 00:00:00;1;13890913;09/09/2026 15:49:45;Maximiliano;Nievas;24548632;09/09/2026 14:46:26;7807;Nicolas;Perez;Maximiliano Nievas;Nicolas Perez
14241793;09/09/2026 16:29:33;3;2;0008    2912-1;14;RETIRA;2094682;"ST17    ";"STM LOMAS DE CONCRETO SA - STM HOME               ";PERITO MORENO (ETAPA II NAVE 37 ) 845;953156;"80-201NI       ";80-201NI - DUCHA EMB C/TRANSF C.CERAM BEAT NICKEL;1;1;1;23270683;090926150557142;182743810;;;;11/10/2031 00:00:00;1;13889309;09/09/2026 15:05:57;Maximiliano;Nievas;24548506;09/09/2026 14:40:37;6922;Franco;Potenza;Maximiliano Nievas;Franco Potenza
14241793;09/09/2026 16:29:33;3;2;0008    2912-1;14;RETIRA;2094682;"ST17    ";"STM LOMAS DE CONCRETO SA - STM HOME               ";PERITO MORENO (ETAPA II NAVE 37 ) 845;953118;"80-175DG       ";80-175DG - DUCHA EMB C/TRANSF. PULSE DARK GOLD C.CERAM;1;1;1;23270683;090926150557142;182743236;;;;10/19/2031 00:00:00;1;13889309;09/09/2026 15:05:57;Maximiliano;Nievas;24548506;09/09/2026 14:40:37;6922;Franco;Potenza;Maximiliano Nievas;Franco Potenza
14241793;09/09/2026 16:29:33;3;2;0008    2912-1;14;RETIRA;2094682;"ST17    ";"STM LOMAS DE CONCRETO SA - STM HOME               ";PERITO MORENO (ETAPA II NAVE 37 ) 845;952921;"70-175DG       ";70-175DG - BIDE PULSE DARK GOLD C.CERAM;1;1;1;23270683;090926150557142;182743383;;;;07/31/2031 00:00:00;1;13889309;09/09/2026 15:05:57;Maximiliano;Nievas;24548506;09/09/2026 14:40:37;6922;Franco;Potenza;Maximiliano Nievas;Franco Potenza
14241793;09/09/2026 16:29:33;3;2;0008    2912-1;14;RETIRA;2094682;"ST17    ";"STM LOMAS DE CONCRETO SA - STM HOME               ";PERITO MORENO (ETAPA II NAVE 37 ) 845;952786;"62-201NI       ";62-201NI - LAVATORIO DE PARED C.CERAM BEAT NICKEL;1;1;1;23270683;090926150557142;182743643;;;;11/02/2031 00:00:00;1;13889309;09/09/2026 15:05:57;Maximiliano;Nievas;24548506;09/09/2026 14:40:37;6922;Franco;Potenza;Maximiliano Nievas;Franco Potenza
14241793;09/09/2026 16:29:33;3;2;0008    2912-1;14;RETIRA;2094682;"ST17    ";"STM LOMAS DE CONCRETO SA - STM HOME               ";PERITO MORENO (ETAPA II NAVE 37 ) 845;952765;"62-175DG       ";62-175DG - LAVATORIO DE PARED PULSE DARK GOLD C.CERAM;1;1;1;23270683;090926150557142;182743064;;;;07/31/2031 00:00:00;1;13889309;09/09/2026 15:05:57;Maximiliano;Nievas;24548506;09/09/2026 14:40:37;6922;Franco;Potenza;Maximiliano Nievas;Franco Potenza
14241793;09/09/2026 16:29:33;3;2;0008    2912-1;14;RETIRA;2094682;"ST17    ";"STM LOMAS DE CONCRETO SA - STM HOME               ";PERITO MORENO (ETAPA II NAVE 37 ) 845;951318;"18040          ";18040 - PORTA ROLLO NIQUEL LINEA BEAT;1;1;1;23270820;090926162932223;182743705;;;;07/28/2031 00:00:00;1;13892291;09/09/2026 16:29:32;Maximiliano;Nievas;24548632;09/09/2026 14:46:26;7807;Nicolas;Perez;Maximiliano Nievas;Nicolas Perez
14241793;09/09/2026 16:29:33;3;2;0008    2912-1;14;RETIRA;2094682;"ST17    ";"STM LOMAS DE CONCRETO SA - STM HOME               ";PERITO MORENO (ETAPA II NAVE 37 ) 845;951382;"20010DG        ";20010DG - TOALLERO BARRAL DARK GOLD LINEA PULSE;1;1;1;23270820;090926162932223;182744555;;;;07/27/2031 00:00:00;1;13892291;09/09/2026 16:29:32;Maximiliano;Nievas;24548632;09/09/2026 14:46:26;7807;Nicolas;Perez;Maximiliano Nievas;Nicolas Perez
14241793;09/09/2026 16:29:33;3;2;0008    2912-1;14;RETIRA;2094682;"ST17    ";"STM LOMAS DE CONCRETO SA - STM HOME               ";PERITO MORENO (ETAPA II NAVE 37 ) 845;951410;"20030DG        ";20030DG - PERCHA DARK GOLD LINEA PULSE;2;2;2;23270820;090926162932223;182745270;;;;07/31/2031 00:00:00;2;13892291;09/09/2026 16:29:32;Maximiliano;Nievas;24548632;09/09/2026 14:46:26;7807;Nicolas;Perez;Maximiliano Nievas;Nicolas Perez
14241793;09/09/2026 16:29:33;3;2;0008    2912-1;14;RETIRA;2094682;"ST17    ";"STM LOMAS DE CONCRETO SA - STM HOME               ";PERITO MORENO (ETAPA II NAVE 37 ) 845;951424;"20040DG        ";20040DG - PORTA ROLLO DARK GOLD LINEA PULSE;1;1;1;23270820;090926162932223;182745708;;;;07/29/2031 00:00:00;1;13892291;09/09/2026 16:29:32;Maximiliano;Nievas;24548632;09/09/2026 14:46:26;7807;Nicolas;Perez;Maximiliano Nievas;Nicolas Perez
14241793;09/09/2026 16:29:33;3;2;0008    2912-1;14;RETIRA;2094682;"ST17    ";"STM LOMAS DE CONCRETO SA - STM HOME               ";PERITO MORENO (ETAPA II NAVE 37 ) 845;951312;"18010          ";18010 - TOALLERO BARRAL NIQUEL LINEA BEAT;1;1;1;23270820;090926162932223;182743475;;;;07/29/2031 00:00:00;1;13892291;09/09/2026 16:29:32;Maximiliano;Nievas;24548632;09/09/2026 14:46:26;7807;Nicolas;Perez;Maximiliano Nievas;Nicolas Perez
14243079;09/09/2026 15:00:53;3;2;9999      94-1;10;URGENTES;2109166;"CLIEVEN ";"CLIENTE EVENTUAL                                  ";RIVADAVIA 3428;953347;"85-168N        ";85-168N - DUCHA MONOC C/TRANSF Y DUCHADOR BLACK WAVE;2;2;2;23270389;090926150050990;182739608;;;;02/04/2032 00:00:00;2;13889142;09/09/2026 15:00:50;Maximiliano;Nievas;24548193;09/09/2026 14:32:28;6922;Franco;Potenza;Maximiliano Nievas;Franco Potenza
14243079;09/09/2026 15:00:53;3;2;9999      94-1;10;URGENTES;2109166;"CLIEVEN ";"CLIENTE EVENTUAL                                  ";RIVADAVIA 3428;952741;"62-100N        ";62-100N - LAVATORIO DE PARED BLACK C.CERAM FABRIC;2;2;2;23270389;090926150050990;182739960;;;;11/05/2031 00:00:00;2;13889142;09/09/2026 15:00:50;Maximiliano;Nievas;24548193;09/09/2026 14:32:28;6922;Franco;Potenza;Maximiliano Nievas;Franco Potenza
14243907;09/09/2026 15:25:31;3;2;0001  214892-1;05;URGENTE 2;2093656;"NA09    ";"NAVARRO ACHE S.A.                                 ";PANAMERICANA KM 47 COLECTORA ESTE RAMAL ESCOBAR 2390;952676;"60-201NI       ";60-201NI - LAVATORIO C.CERAM BEAT NICKEL;1;1;1;23268963;090926152531552;182729880;;;;08/20/2031 00:00:00;1;13890024;09/09/2026 15:25:31;Maximiliano;Nievas;24546862;09/09/2026 14:12:15;7807;Nicolas;Perez;Maximiliano Nievas;Nicolas Perez
14243907;09/09/2026 15:25:31;3;2;0001  214892-1;05;URGENTE 2;2093656;"NA09    ";"NAVARRO ACHE S.A.                                 ";PANAMERICANA KM 47 COLECTORA ESTE RAMAL ESCOBAR 2390;952921;"70-175DG       ";70-175DG - BIDE PULSE DARK GOLD C.CERAM;1;1;1;23268963;090926152531552;182729456;;;;07/31/2031 00:00:00;1;13890024;09/09/2026 15:25:31;Maximiliano;Nievas;24546862;09/09/2026 14:12:15;7807;Nicolas;Perez;Maximiliano Nievas;Nicolas Perez
14243907;09/09/2026 15:25:31;3;2;0001  214892-1;05;URGENTE 2;2093656;"NA09    ";"NAVARRO ACHE S.A.                                 ";PANAMERICANA KM 47 COLECTORA ESTE RAMAL ESCOBAR 2390;952953;"70-201NI       ";70-201NI - BIDE CR C.CERAM BEAT NICKEL;1;1;1;23268963;090926152531552;182730079;;;;07/29/2031 00:00:00;1;13890024;09/09/2026 15:25:31;Maximiliano;Nievas;24546862;09/09/2026 14:12:15;7807;Nicolas;Perez;Maximiliano Nievas;Nicolas Perez
14243907;09/09/2026 15:25:31;3;2;0001  214892-1;05;URGENTE 2;2093656;"NA09    ";"NAVARRO ACHE S.A.                                 ";PANAMERICANA KM 47 COLECTORA ESTE RAMAL ESCOBAR 2390;953153;"80-200G        ";80-200G - DUCHA EMB. MONOC. 3 FUNCIONES GOLD FABRIC;2;2;2;23268963;090926152531552;182730404;;;;12/03/2031 00:00:00;2;13890024;09/09/2026 15:25:31;Maximiliano;Nievas;24546862;09/09/2026 14:12:15;7807;Nicolas;Perez;Maximiliano Nievas;Nicolas Perez
14243907;09/09/2026 15:25:31;3;2;0001  214892-1;05;URGENTE 2;2093656;"NA09    ";"NAVARRO ACHE S.A.                                 ";PANAMERICANA KM 47 COLECTORA ESTE RAMAL ESCOBAR 2390;953156;"80-201NI       ";80-201NI - DUCHA EMB C/TRANSF C.CERAM BEAT NICKEL;1;1;1;23268963;090926152531552;182729999;;;;11/10/2031 00:00:00;1;13890024;09/09/2026 15:25:31;Maximiliano;Nievas;24546862;09/09/2026 14:12:15;7807;Nicolas;Perez;Maximiliano Nievas;Nicolas Perez
14243907;09/09/2026 15:25:31;3;2;0001  214892-1;05;URGENTE 2;2093656;"NA09    ";"NAVARRO ACHE S.A.                                 ";PANAMERICANA KM 47 COLECTORA ESTE RAMAL ESCOBAR 2390;954232;"A1452G         ";A1452G - CAÑO DE DUCHA RECTO 150 MM GOLD C/BLISTER;1;1;1;23269102;090926145618634;182730868;;;;01/27/2032 00:00:00;1;13888777;09/09/2026 14:56:18;Tiago;Rodriguez;24547027;09/09/2026 14:38:02;7636;Kevin;Arce;Tiago Rodriguez;Kevin Arce
14243907;09/09/2026 15:25:31;3;2;0001  214892-1;05;URGENTE 2;2093656;"NA09    ";"NAVARRO ACHE S.A.                                 ";PANAMERICANA KM 47 COLECTORA ESTE RAMAL ESCOBAR 2390;951300;"17030G         ";17030G - PERCHA LINEA FABRIC GOLD;8;8;8;23269102;090926145618634;182740721;;;;07/29/2031 00:00:00;8;13888777;09/09/2026 14:56:18;Tiago;Rodriguez;24547027;09/09/2026 14:38:02;7636;Kevin;Arce;Tiago Rodriguez;Kevin Arce
14243907;09/09/2026 15:25:31;3;2;0001  214892-1;05;URGENTE 2;2093656;"NA09    ";"NAVARRO ACHE S.A.                                 ";PANAMERICANA KM 47 COLECTORA ESTE RAMAL ESCOBAR 2390;951303;"17040G         ";17040G - PORTA ROLLO LINEA FABRIC GOLD;4;4;4;23271796;090926145139461;182737943;;;;07/28/2031 00:00:00;4;13888813;09/09/2026 14:51:39;Tiago;Rodriguez;;;;;;Tiago Rodriguez;
14243907;09/09/2026 15:25:31;3;2;0001  214892-1;05;URGENTE 2;2093656;"NA09    ";"NAVARRO ACHE S.A.                                 ";PANAMERICANA KM 47 COLECTORA ESTE RAMAL ESCOBAR 2390;951318;"18040          ";18040 - PORTA ROLLO NIQUEL LINEA BEAT;6;6;6;23271796;090926145139461;182733492;;;;07/28/2031 00:00:00;6;13888813;09/09/2026 14:51:39;Tiago;Rodriguez;;;;;;Tiago Rodriguez;
14243907;09/09/2026 15:25:31;3;2;0001  214892-1;05;URGENTE 2;2093656;"NA09    ";"NAVARRO ACHE S.A.                                 ";PANAMERICANA KM 47 COLECTORA ESTE RAMAL ESCOBAR 2390;952951;"70-200N        ";70-200N - BIDE MONOCOMANDO BLACK FABRIC;1;1;1;23271896;090926145330758;182737067;;;;09/06/2031 00:00:00;1;13888881;09/09/2026 14:53:30;Tiago;Rodriguez;;;;;;Tiago Rodriguez;
14243907;09/09/2026 15:25:31;3;2;0001  214892-1;05;URGENTE 2;2093656;"NA09    ";"NAVARRO ACHE S.A.                                 ";PANAMERICANA KM 47 COLECTORA ESTE RAMAL ESCOBAR 2390;952933;"70-183         ";"BIDE MONOCOMANDO C/TRANSF MAT                                         ";1;1;1;23271896;090926145330758;182739448;;;;11/02/2031 00:00:00;1;13888881;09/09/2026 14:53:30;Tiago;Rodriguez;;;;;;Tiago Rodriguez;
14243907;09/09/2026 15:25:31;3;2;0001  214892-1;05;URGENTE 2;2093656;"NA09    ";"NAVARRO ACHE S.A.                                 ";PANAMERICANA KM 47 COLECTORA ESTE RAMAL ESCOBAR 2390;952926;"70-176N        ";70-176N - BIDE MONOC C/TRANSF BLACK RIO;1;1;1;23271896;090926145330758;182733804;;;;11/23/2031 00:00:00;1;13888881;09/09/2026 14:53:30;Tiago;Rodriguez;;;;;;Tiago Rodriguez;
14243907;09/09/2026 15:25:31;3;2;0001  214892-1;05;URGENTE 2;2093656;"NA09    ";"NAVARRO ACHE S.A.                                 ";PANAMERICANA KM 47 COLECTORA ESTE RAMAL ESCOBAR 2390;951320;"18050          ";18050 - JABONERA NIQUEL LINEA BEAT;1;1;1;23271896;090926145330758;182733638;;;;07/28/2031 00:00:00;1;13888881;09/09/2026 14:53:30;Tiago;Rodriguez;;;;;;Tiago Rodriguez;
14243907;09/09/2026 15:25:31;3;2;0001  214892-1;05;URGENTE 2;2093656;"NA09    ";"NAVARRO ACHE S.A.                                 ";PANAMERICANA KM 47 COLECTORA ESTE RAMAL ESCOBAR 2390;951304;"17040N         ";17040N - PORTA ROLLO LINEA FABRIC BLACK;2;2;2;23271896;090926145330758;182741936;;;;07/29/2031 00:00:00;2;13888881;09/09/2026 14:53:30;Tiago;Rodriguez;;;;;;Tiago Rodriguez;
14243907;09/09/2026 15:25:31;3;2;0001  214892-1;05;URGENTE 2;2093656;"NA09    ";"NAVARRO ACHE S.A.                                 ";PANAMERICANA KM 47 COLECTORA ESTE RAMAL ESCOBAR 2390;950896;"02-010N        ";"VALVULA P/INODORO TEMPORIZADA TECNO BLACK                             ";1;1;1;23271896;090926145330758;182736734;;;;07/28/2031 00:00:00;1;13888881;09/09/2026 14:53:30;Tiago;Rodriguez;;;;;;Tiago Rodriguez;
14243907;09/09/2026 15:25:31;3;2;0001  214892-1;05;URGENTE 2;2093656;"NA09    ";"NAVARRO ACHE S.A.                                 ";PANAMERICANA KM 47 COLECTORA ESTE RAMAL ESCOBAR 2390;951301;"17030N         ";17030N - PERCHA LINEA FABRIC BLACK;4;4;4;23271910;090926145351941;182741490;;;;07/28/2031 00:00:00;4;13888898;09/09/2026 14:53:51;Tiago;Rodriguez;;;;;;Tiago Rodriguez;
14243907;09/09/2026 15:25:31;3;2;0001  214892-1;05;URGENTE 2;2093656;"NA09    ";"NAVARRO ACHE S.A.                                 ";PANAMERICANA KM 47 COLECTORA ESTE RAMAL ESCOBAR 2390;952800;"63-183         ";"LAVATORIO PARED EMB MONOCOMANDO MAT                                   ";3;3;3;23271910;090926145351941;182739172;;;;01/12/2032 00:00:00;3;13888898;09/09/2026 14:53:51;Tiago;Rodriguez;;;;;;Tiago Rodriguez;
14243907;09/09/2026 15:25:31;3;2;0001  214892-1;05;URGENTE 2;2093656;"NA09    ";"NAVARRO ACHE S.A.                                 ";PANAMERICANA KM 47 COLECTORA ESTE RAMAL ESCOBAR 2390;953131;"80-183         ";"DUCHA EMB C/TRANSF MONOCOMANDO MAT                                    ";2;2;2;23271937;090926145417888;182738803;;;;11/02/2031 00:00:00;2;13888912;09/09/2026 14:54:17;Tiago;Rodriguez;;;;;;Tiago Rodriguez;
14243907;09/09/2026 15:25:31;3;2;0001  214892-1;05;URGENTE 2;2093656;"NA09    ";"NAVARRO ACHE S.A.                                 ";PANAMERICANA KM 47 COLECTORA ESTE RAMAL ESCOBAR 2390;952713;"61-176N        ";61-176N - LAVATORIO MONOC ALTO BLACK RIO;5;5;5;23271969;090926145443436;182734559;;;;07/29/2031 00:00:00;5;13888926;09/09/2026 14:54:43;Tiago;Rodriguez;;;;;;Tiago Rodriguez;
14243907;09/09/2026 15:25:31;3;2;0001  214892-1;05;URGENTE 2;2093656;"NA09    ";"NAVARRO ACHE S.A.                                 ";PANAMERICANA KM 47 COLECTORA ESTE RAMAL ESCOBAR 2390;951312;"18010          ";18010 - TOALLERO BARRAL NIQUEL LINEA BEAT;1;1;1;23271996;090926145512912;182732553;;;;07/29/2031 00:00:00;1;13888943;09/09/2026 14:55:12;Tiago;Rodriguez;;;;;;Tiago Rodriguez;
14243907;09/09/2026 15:25:31;3;2;0001  214892-1;05;URGENTE 2;2093656;"NA09    ";"NAVARRO ACHE S.A.                                 ";PANAMERICANA KM 47 COLECTORA ESTE RAMAL ESCOBAR 2390;951294;"17010G         ";17010G - TOALLERO BARRAL LINEA FABRIC GOLD;1;1;1;23271996;090926145512912;182735684;;;;07/27/2031 00:00:00;1;13888943;09/09/2026 14:55:12;Tiago;Rodriguez;;;;;;Tiago Rodriguez;
14243907;09/09/2026 15:25:31;3;2;0001  214892-1;05;URGENTE 2;2093656;"NA09    ";"NAVARRO ACHE S.A.                                 ";PANAMERICANA KM 47 COLECTORA ESTE RAMAL ESCOBAR 2390;951259;"16006BL        ";16006BL - SET 6 PIEZAS ACCESORIOS LINEA 16000 BLACK;1;1;1;23271996;090926145512912;182735455;;;;07/27/2031 00:00:00;1;13888943;09/09/2026 14:55:12;Tiago;Rodriguez;;;;;;Tiago Rodriguez;
14243907;09/09/2026 15:25:31;3;2;0001  214892-1;05;URGENTE 2;2093656;"NA09    ";"NAVARRO ACHE S.A.                                 ";PANAMERICANA KM 47 COLECTORA ESTE RAMAL ESCOBAR 2390;952720;"61-192         ";61-192 - LAVATORIO ALTO SORIA BLACK;2;2;2;23272019;090926145542576;182731991;;;;07/27/2031 00:00:00;2;13888961;09/09/2026 14:55:42;Tiago;Rodriguez;;;;;;Tiago Rodriguez;
14245535;09/09/2026 15:36:07;3;2;4444    2424-1;10;URGENTES;2109166;"CLIEVEN ";"CLIENTE EVENTUAL                                  ";RIVADAVIA 3428;951508;"20-121         ";20-121 - COCINA MSDA MONOC.P. REDONDO MARBELLA;1;1;1;23273097;090926153606753;182762444;;;;07/30/2031 00:00:00;1;13890457;09/09/2026 15:36:06;Tiago;Rodriguez;24551008;09/09/2026 15:23:56;6414;Agustin;Scirica;Tiago Rodriguez;Agustin Scirica
14245536;09/09/2026 15:34:40;3;2;4444    2427-1;10;URGENTES;2109166;"CLIEVEN ";"CLIENTE EVENTUAL                                  ";RIVADAVIA 3428;952391;"50-026         ";50-026 - JGO.MDA.P.FUNDIDO MURCIA PLUS;1;1;1;23273679;090926153439616;182765333;;;;01/12/2032 00:00:00;1;13890378;09/09/2026 15:34:39;Tiago;Rodriguez;24551559;09/09/2026 15:25:56;6414;Agustin;Scirica;Tiago Rodriguez;Agustin Scirica
14245537;09/09/2026 15:35:02;3;2;4444    2448-1;10;URGENTES;2109166;"CLIEVEN ";"CLIENTE EVENTUAL                                  ";RIVADAVIA 3428;952638;"60-168N        ";60-168N - LAVATORIO MONOC BAJO BLACK WAVE;1;1;1;23273098;090926153502151;182760704;;;;07/27/2031 00:00:00;1;13890396;09/09/2026 15:35:02;Tiago;Rodriguez;24551008;09/09/2026 15:23:56;6414;Agustin;Scirica;Tiago Rodriguez;Agustin Scirica
14245538;09/09/2026 15:35:36;3;2;4444    2449-1;10;URGENTES;2109166;"CLIEVEN ";"CLIENTE EVENTUAL                                  ";RIVADAVIA 3428;951513;"20-122N        ";20-122N - MONOCOMANDO COCINA C/PICO EXTRAIBLE VALENCIA BLACK;1;1;1;23273099;090926153535879;182763929;;;;08/06/2031 00:00:00;1;13890420;09/09/2026 15:35:35;Tiago;Rodriguez;24551008;09/09/2026 15:23:56;6414;Agustin;Scirica;Tiago Rodriguez;Agustin Scirica
14245539;09/09/2026 15:38:40;3;2;0001  215463-1;10;URGENTES;2109166;"CLIEVEN ";"CLIENTE EVENTUAL                                  ";RIVADAVIA 3428;957873;"RA766          ";RA766 - BOLSITA P/CONEXION LAVATORIO BRONCE;1;1;1;23273100;090926153839451;182764283;;;;07/31/2031 00:00:00;1;13890538;09/09/2026 15:38:39;Tiago;Rodriguez;24551008;09/09/2026 15:23:56;6414;Agustin;Scirica;Tiago Rodriguez;Agustin Scirica
14245539;09/09/2026 15:38:40;3;2;0001  215463-1;10;URGENTES;2109166;"CLIEVEN ";"CLIENTE EVENTUAL                                  ";RIVADAVIA 3428;957465;"RA1069         ";RA1069 - VOLANTE CASTILLA STD;1;1;1;23273100;090926153839451;182764209;;;;11/22/2031 00:00:00;1;13890538;09/09/2026 15:38:39;Tiago;Rodriguez;24551008;09/09/2026 15:23:56;6414;Agustin;Scirica;Tiago Rodriguez;Agustin Scirica
14245540;09/09/2026 15:35:53;3;2;4444    2419-1;10;URGENTES;2109166;"CLIEVEN ";"CLIENTE EVENTUAL                                  ";RIVADAVIA 3428;951485;"20-100G        ";20-100G - MONOCOMANDO DE COCINA FABRIC GOLD;1;1;1;23273101;090926153552950;182761917;;;;07/28/2031 00:00:00;1;13890440;09/09/2026 15:35:52;Tiago;Rodriguez;24551008;09/09/2026 15:23:56;6414;Agustin;Scirica;Tiago Rodriguez;Agustin Scirica
14245541;09/09/2026 15:36:33;3;2;4444    2444-1;10;URGENTES;2109166;"CLIEVEN ";"CLIENTE EVENTUAL                                  ";RIVADAVIA 3428;951554;"20-190         ";20-190 - COCINA MESADA MONOC BLACK VELVET;1;1;1;23273102;090926153631146;182763428;;;;07/28/2031 00:00:00;1;13890466;09/09/2026 15:36:31;Tiago;Rodriguez;24551008;09/09/2026 15:23:56;6414;Agustin;Scirica;Tiago Rodriguez;Agustin Scirica
14245934;10/09/2026 16:32:23;3;2;0001  215040-1;01;CAMIONETA LUN 1;2482764;"BM10    ";"BACIGALUPPI MATERIALES SRL                        ";RUTA NACIONAL 8 74.550;953083;"80-122         ";80-122 - DUCHA EMB.C/TRANSF. C.CERAM CR VALENCIA;1;1;1;23302079;100926163223301;182979293;;;;07/31/2031 00:00:00;1;13912168;10/09/2026 16:32:23;Tiago;Rodriguez;24578356;10/09/2026 13:40:03;7807;Nicolas;Perez;Tiago Rodriguez;Nicolas Perez
14245934;10/09/2026 16:32:23;3;2;0001  215040-1;01;CAMIONETA LUN 1;2482764;"BM10    ";"BACIGALUPPI MATERIALES SRL                        ";RUTA NACIONAL 8 74.550;952873;"70-100C        ";70-100C - BIDE CR C.CERAM FABRIC;1;1;1;23302079;100926163223301;182979518;;;;07/31/2031 00:00:00;1;13912168;10/09/2026 16:32:23;Tiago;Rodriguez;24578356;10/09/2026 13:40:03;7807;Nicolas;Perez;Tiago Rodriguez;Nicolas Perez
14245934;10/09/2026 16:32:23;3;2;0001  215040-1;01;CAMIONETA LUN 1;2482764;"BM10    ";"BACIGALUPPI MATERIALES SRL                        ";RUTA NACIONAL 8 74.550;952888;"70-122         ";70-122 - BIDE C.CERAM CR VALENCIA;1;1;1;23302079;100926163223301;182979138;;;;10/26/2031 00:00:00;1;13912168;10/09/2026 16:32:23;Tiago;Rodriguez;24578356;10/09/2026 13:40:03;7807;Nicolas;Perez;Tiago Rodriguez;Nicolas Perez
14245934;10/09/2026 16:32:23;3;2;0001  215040-1;01;CAMIONETA LUN 1;2482764;"BM10    ";"BACIGALUPPI MATERIALES SRL                        ";RUTA NACIONAL 8 74.550;952610;"60-122         ";60-122 - LAVATORIO C.CERAM CR VALENCIA;1;1;1;23302079;100926163223301;182979060;;;;12/10/2031 00:00:00;1;13912168;10/09/2026 16:32:23;Tiago;Rodriguez;24578356;10/09/2026 13:40:03;7807;Nicolas;Perez;Tiago Rodriguez;Nicolas Perez
14245934;10/09/2026 16:32:23;3;2;0001  215040-1;01;CAMIONETA LUN 1;2482764;"BM10    ";"BACIGALUPPI MATERIALES SRL                        ";RUTA NACIONAL 8 74.550;952634;"60-162         ";60-162 - LAVATORIO CR C.CERAM LINEA ADRA;2;2;2;23302079;100926163223301;182977163;;;;07/29/2031 00:00:00;2;13912168;10/09/2026 16:32:23;Tiago;Rodriguez;24578356;10/09/2026 13:40:03;7807;Nicolas;Perez;Tiago Rodriguez;Nicolas Perez
14245934;10/09/2026 16:32:23;3;2;0001  215040-1;01;CAMIONETA LUN 1;2482764;"BM10    ";"BACIGALUPPI MATERIALES SRL                        ";RUTA NACIONAL 8 74.550;951535;"20-160         ";20-160 - MONOCOMANDO MESADA COCINA DIQUE;8;8;8;23302983;100926160013220;182990788;;;;07/28/2031 00:00:00;8;13911685;10/09/2026 16:00:13;Tiago;Rodriguez;24579209;10/09/2026 14:09:28;7807;Nicolas;Perez;Tiago Rodriguez;Nicolas Perez
14245934;10/09/2026 16:32:23;3;2;0001  215040-1;01;CAMIONETA LUN 1;2482764;"BM10    ";"BACIGALUPPI MATERIALES SRL                        ";RUTA NACIONAL 8 74.550;951530;"20-146         ";20-146 - MONOCOMANDO DE COCINA CR LINEA MOVE;3;3;3;23310155;100926155438125;182991050;;;;10/09/2031 00:00:00;3;13911698;10/09/2026 15:54:38;Tiago;Rodriguez;;;;;;Tiago Rodriguez;
14245934;10/09/2026 16:32:23;3;2;0001  215040-1;01;CAMIONETA LUN 1;2482764;"BM10    ";"BACIGALUPPI MATERIALES SRL                        ";RUTA NACIONAL 8 74.550;951565;"20-205         ";20-205 - MONOCOMANDO DE COCINA STEEL;3;3;3;23310155;100926155438125;182990379;;;;07/28/2031 00:00:00;3;13911698;10/09/2026 15:54:38;Tiago;Rodriguez;;;;;;Tiago Rodriguez;
14245934;10/09/2026 16:32:23;3;2;0001  215040-1;01;CAMIONETA LUN 1;2482764;"BM10    ";"BACIGALUPPI MATERIALES SRL                        ";RUTA NACIONAL 8 74.550;951553;"20-184         ";"MONOCOMANDO DE COCINA CR SUV                                          ";5;5;5;23310176;100926155514138;182988357;;;;10/04/2031 00:00:00;5;13911712;10/09/2026 15:55:14;Tiago;Rodriguez;;;;;;Tiago Rodriguez;
14245934;10/09/2026 16:32:23;3;2;0001  215040-1;01;CAMIONETA LUN 1;2482764;"BM10    ";"BACIGALUPPI MATERIALES SRL                        ";RUTA NACIONAL 8 74.550;951531;"20-146N        ";20-146N - MONOCOMANDO DE COCINA BLACK LINEA MOVE;1;1;1;23310176;100926155514138;182991547;;;;07/30/2031 00:00:00;1;13911712;10/09/2026 15:55:14;Tiago;Rodriguez;;;;;;Tiago Rodriguez;
14245934;10/09/2026 16:32:23;3;2;0001  215040-1;01;CAMIONETA LUN 1;2482764;"BM10    ";"BACIGALUPPI MATERIALES SRL                        ";RUTA NACIONAL 8 74.550;951488;"20-102         ";"20-102 - MONOCOMANDO MESADA CROMO ""RENACER""";4;4;4;23310223;100926155603686;182994201;;;;08/20/2031 00:00:00;4;13911738;10/09/2026 15:56:03;Tiago;Rodriguez;;;;;;Tiago Rodriguez;
14245934;10/09/2026 16:32:23;3;2;0001  215040-1;01;CAMIONETA LUN 1;2482764;"BM10    ";"BACIGALUPPI MATERIALES SRL                        ";RUTA NACIONAL 8 74.550;953159;"80-203P        ";80-203P - DUCHA EMB C/TRANSF. MONOCOMANDO ADRA PLUS;2;2;2;23310223;100926155603686;182992903;;;;07/28/2031 00:00:00;2;13911738;10/09/2026 15:56:03;Tiago;Rodriguez;;;;;;Tiago Rodriguez;
14245934;10/09/2026 16:32:23;3;2;0001  215040-1;01;CAMIONETA LUN 1;2482764;"BM10    ";"BACIGALUPPI MATERIALES SRL                        ";RUTA NACIONAL 8 74.550;952712;"61-176         ";61-176 - LAVATORIO MONOC ALTO CR RIO;1;1;1;23310305;100926155727438;182984214;;;;10/09/2031 00:00:00;1;13911790;10/09/2026 15:57:27;Tiago;Rodriguez;;;;;;Tiago Rodriguez;
14245934;10/09/2026 16:32:23;3;2;0001  215040-1;01;CAMIONETA LUN 1;2482764;"BM10    ";"BACIGALUPPI MATERIALES SRL                        ";RUTA NACIONAL 8 74.550;953140;"80-193         ";80-193 - DUCHA EMB. C/TRANSF. MONOCOMANDO MORA;2;2;2;23310305;100926155727438;182986907;;;;07/27/2031 00:00:00;2;13911790;10/09/2026 15:57:27;Tiago;Rodriguez;;;;;;Tiago Rodriguez;
14245934;10/09/2026 16:32:23;3;2;0001  215040-1;01;CAMIONETA LUN 1;2482764;"BM10    ";"BACIGALUPPI MATERIALES SRL                        ";RUTA NACIONAL 8 74.550;951536;"20-162         ";20-162 - MONOCOMANDO COCINA ADRA;4;4;4;23310305;100926155727438;182992049;;;;07/28/2031 00:00:00;4;13911790;10/09/2026 15:57:27;Tiago;Rodriguez;;;;;;Tiago Rodriguez;
14245934;10/09/2026 16:32:23;3;2;0001  215040-1;01;CAMIONETA LUN 1;2482764;"BM10    ";"BACIGALUPPI MATERIALES SRL                        ";RUTA NACIONAL 8 74.550;952647;"60-176         ";"LAVATORIO MONOCOMANDO BAJO CR RIO                                     ";2;2;2;23310400;100926155907057;182985579;;;;10/11/2031 00:00:00;2;13911849;10/09/2026 15:59:07;Tiago;Rodriguez;;;;;;Tiago Rodriguez;
14245934;10/09/2026 16:32:23;3;2;0001  215040-1;01;CAMIONETA LUN 1;2482764;"BM10    ";"BACIGALUPPI MATERIALES SRL                        ";RUTA NACIONAL 8 74.550;952648;"60-176N        ";"LAVATORIO MONOCOMANDO BAJO BLACK RIO                                  ";1;1;1;23310400;100926155907057;182987388;;;;07/29/2031 00:00:00;1;13911849;10/09/2026 15:59:07;Tiago;Rodriguez;;;;;;Tiago Rodriguez;
14245934;10/09/2026 16:32:23;3;2;0001  215040-1;01;CAMIONETA LUN 1;2482764;"BM10    ";"BACIGALUPPI MATERIALES SRL                        ";RUTA NACIONAL 8 74.550;952661;"60-193         ";60-193 - LAVATORIO MONOCOMANDO BAJO MORA;2;2;2;23310400;100926155907057;182983303;;;;07/28/2031 00:00:00;2;13911849;10/09/2026 15:59:07;Tiago;Rodriguez;;;;;;Tiago Rodriguez;
14245934;10/09/2026 16:32:23;3;2;0001  215040-1;01;CAMIONETA LUN 1;2482764;"BM10    ";"BACIGALUPPI MATERIALES SRL                        ";RUTA NACIONAL 8 74.550;952925;"70-176         ";70-176 - BIDE MONOC C/TRANSF CR RIO;2;2;2;23310400;100926155907057;182984036;;;;11/17/2031 00:00:00;2;13911849;10/09/2026 15:59:07;Tiago;Rodriguez;;;;;;Tiago Rodriguez;
14245934;10/09/2026 16:32:23;3;2;0001  215040-1;01;CAMIONETA LUN 1;2482764;"BM10    ";"BACIGALUPPI MATERIALES SRL                        ";RUTA NACIONAL 8 74.550;952926;"70-176N        ";70-176N - BIDE MONOC C/TRANSF BLACK RIO;1;1;1;23310400;100926155907057;182985808;;;;11/23/2031 00:00:00;1;13911849;10/09/2026 15:59:07;Tiago;Rodriguez;;;;;;Tiago Rodriguez;
14245934;10/09/2026 16:32:23;3;2;0001  215040-1;01;CAMIONETA LUN 1;2482764;"BM10    ";"BACIGALUPPI MATERIALES SRL                        ";RUTA NACIONAL 8 74.550;952939;"70-193         ";70-193 - BIDE MONOCOMANDO MORA;2;2;2;23310400;100926155907057;182988965;;;;07/28/2031 00:00:00;2;13911849;10/09/2026 15:59:07;Tiago;Rodriguez;;;;;;Tiago Rodriguez;
14245934;10/09/2026 16:32:23;3;2;0001  215040-1;01;CAMIONETA LUN 1;2482764;"BM10    ";"BACIGALUPPI MATERIALES SRL                        ";RUTA NACIONAL 8 74.550;952954;"70-203         ";70-203 - BIDE MONOCOMANDO ADRA;2;2;2;23310400;100926155907057;182992301;;;;07/29/2031 00:00:00;2;13911849;10/09/2026 15:59:07;Tiago;Rodriguez;;;;;;Tiago Rodriguez;
14245934;10/09/2026 16:32:23;3;2;0001  215040-1;01;CAMIONETA LUN 1;2482764;"BM10    ";"BACIGALUPPI MATERIALES SRL                        ";RUTA NACIONAL 8 74.550;953123;"80-176N        ";80-176N - DUCHA EMB C/TRANSF MONOC BLACK RIO;1;1;1;23310434;100926155936242;182986123;;;;07/27/2031 00:00:00;1;13911869;10/09/2026 15:59:36;Tiago;Rodriguez;;;;;;Tiago Rodriguez;
14245934;10/09/2026 16:32:23;3;2;0001  215040-1;01;CAMIONETA LUN 1;2482764;"BM10    ";"BACIGALUPPI MATERIALES SRL                        ";RUTA NACIONAL 8 74.550;953122;"80-176         ";80-176 - DUCHA EMB C/TRANSF MONOC CR RIO;2;2;2;23310434;100926155936242;182984704;;;;07/29/2031 00:00:00;2;13911869;10/09/2026 15:59:36;Tiago;Rodriguez;;;;;;Tiago Rodriguez;
14245934;10/09/2026 16:32:23;3;2;0001  215040-1;01;CAMIONETA LUN 1;2482764;"BM10    ";"BACIGALUPPI MATERIALES SRL                        ";RUTA NACIONAL 8 74.550;952582;"60-057         ";60-057 - LAVATORIO C.STD VERIN PLUS;2;2;2;23311098;100926161115908;182976131;;;;01/31/2032 00:00:00;2;13912229;10/09/2026 16:11:15;Tiago;Rodriguez;;;;;;Tiago Rodriguez;
14245934;10/09/2026 16:32:23;3;2;0001  215040-1;01;CAMIONETA LUN 1;2482764;"BM10    ";"BACIGALUPPI MATERIALES SRL                        ";RUTA NACIONAL 8 74.550;952577;"60-045         ";60-045 - LAVATORIO CR/CR C.STD CRUZ;2;2;2;23311098;100926161115908;182980161;;;;01/24/2032 00:00:00;2;13912229;10/09/2026 16:11:15;Tiago;Rodriguez;;;;;;Tiago Rodriguez;
14245934;10/09/2026 16:32:23;3;2;0001  215040-1;01;CAMIONETA LUN 1;2482764;"BM10    ";"BACIGALUPPI MATERIALES SRL                        ";RUTA NACIONAL 8 74.550;952504;"55-002         ";55-002 - COCINA P/PARED EMB P.ALTO RENACER;4;4;4;23311098;100926161115908;182978447;;;;07/31/2031 00:00:00;4;13912229;10/09/2026 16:11:15;Tiago;Rodriguez;;;;;;Tiago Rodriguez;
14245934;10/09/2026 16:32:23;3;2;0001  215040-1;01;CAMIONETA LUN 1;2482764;"BM10    ";"BACIGALUPPI MATERIALES SRL                        ";RUTA NACIONAL 8 74.550;952856;"70-045         ";70-045 - BIDE CROMO C.STD CRUZ;2;2;2;23311098;100926161115908;182980789;;;;02/01/2032 00:00:00;2;13912229;10/09/2026 16:11:15;Tiago;Rodriguez;;;;;;Tiago Rodriguez;
14245934;10/09/2026 16:32:23;3;2;0001  215040-1;01;CAMIONETA LUN 1;2482764;"BM10    ";"BACIGALUPPI MATERIALES SRL                        ";RUTA NACIONAL 8 74.550;952677;"60-203         ";60-203 - LAVATORIO MONOCOMANDO BAJO ADRA;2;2;2;23312009;100926163115837;182978883;;;;02/16/2032 00:00:00;2;13912876;10/09/2026 16:31:15;Tiago;Rodriguez;;;;;;Tiago Rodriguez;
14245934;10/09/2026 16:32:23;3;2;0001  215040-1;01;CAMIONETA LUN 1;2482764;"BM10    ";"BACIGALUPPI MATERIALES SRL                        ";RUTA NACIONAL 8 74.550;953432;"910/M          ";"910/M - JGO.MDA.P.CANO CROMO ""DIQUE""";5;5;5;23312009;100926163115837;182977930;;;;12/21/2031 00:00:00;5;13912876;10/09/2026 16:31:15;Tiago;Rodriguez;;;;;;Tiago Rodriguez;
14245934;10/09/2026 16:32:23;3;2;0001  215040-1;01;CAMIONETA LUN 1;2482764;"BM10    ";"BACIGALUPPI MATERIALES SRL                        ";RUTA NACIONAL 8 74.550;952438;"51-058         ";51-058 - COCINA MESADA CR C.STD MALBA;3;3;3;23312009;100926163115837;182976409;;;;10/19/2031 00:00:00;3;13912876;10/09/2026 16:31:15;Tiago;Rodriguez;;;;;;Tiago Rodriguez;
14245934;10/09/2026 16:32:23;3;2;0001  215040-1;01;CAMIONETA LUN 1;2482764;"BM10    ";"BACIGALUPPI MATERIALES SRL                        ";RUTA NACIONAL 8 74.550;953107;"80-162         ";80-162 - DUCHA EMB. C/TRANSF. CR C.CERAM ADRA;2;2;2;23312042;100926163149362;182976745;;;;07/29/2031 00:00:00;2;13912892;10/09/2026 16:31:49;Tiago;Rodriguez;;;;;;Tiago Rodriguez;
14245934;10/09/2026 16:32:23;3;2;0001  215040-1;01;CAMIONETA LUN 1;2482764;"BM10    ";"BACIGALUPPI MATERIALES SRL                        ";RUTA NACIONAL 8 74.550;952860;"70-057         ";70-057 - BIDE C.STD VERIN PLUS;2;2;2;23312042;100926163149362;182975992;;;;01/27/2032 00:00:00;2;13912892;10/09/2026 16:31:49;Tiago;Rodriguez;;;;;;Tiago Rodriguez;
14245934;10/09/2026 16:32:23;3;2;0001  215040-1;01;CAMIONETA LUN 1;2482764;"BM10    ";"BACIGALUPPI MATERIALES SRL                        ";RUTA NACIONAL 8 74.550;952912;"70-162         ";70-162 - BIDE CR C.CERAM LINEA ADRA;2;2;2;23312042;100926163149362;182976917;;;;07/29/2031 00:00:00;2;13912892;10/09/2026 16:31:49;Tiago;Rodriguez;;;;;;Tiago Rodriguez;
14245934;10/09/2026 16:32:23;3;2;0001  215040-1;01;CAMIONETA LUN 1;2482764;"BM10    ";"BACIGALUPPI MATERIALES SRL                        ";RUTA NACIONAL 8 74.550;953055;"80-045         ";80-045 - DUCHA EMB.C/TRANSF CR  C.STD CRUZ;2;2;2;23312042;100926163149362;182980571;;;;01/04/2032 00:00:00;2;13912892;10/09/2026 16:31:49;Tiago;Rodriguez;;;;;;Tiago Rodriguez;
14245934;10/09/2026 16:32:23;3;2;0001  215040-1;01;CAMIONETA LUN 1;2482764;"BM10    ";"BACIGALUPPI MATERIALES SRL                        ";RUTA NACIONAL 8 74.550;953059;"80-057         ";80-057 - DUCHA EMB. C/TRANSF. C.STD VERIN PLUS;2;2;2;23312042;100926163149362;182975851;;;;02/08/2032 00:00:00;2;13912892;10/09/2026 16:31:49;Tiago;Rodriguez;;;;;;Tiago Rodriguez;
14245934;10/09/2026 16:32:23;3;2;0001  215040-1;01;CAMIONETA LUN 1;2482764;"BM10    ";"BACIGALUPPI MATERIALES SRL                        ";RUTA NACIONAL 8 74.550;952595;"60-100C        ";60-100C - LAVATORIO CR C.CERAM FABRIC;1;1;1;23312054;100926163204182;182979872;;;;08/17/2031 00:00:00;1;13912902;10/09/2026 16:32:04;Tiago;Rodriguez;;;;;;Tiago Rodriguez;
14245934;10/09/2026 16:32:23;3;2;0001  215040-1;01;CAMIONETA LUN 1;2482764;"BM10    ";"BACIGALUPPI MATERIALES SRL                        ";RUTA NACIONAL 8 74.550;953070;"80-100C        ";80-100C - DUCHA EMB. C/TRANSF. CR C.CERAM FABRIC;1;1;1;23312054;100926163204182;182979709;;;;07/30/2031 00:00:00;1;13912902;10/09/2026 16:32:04;Tiago;Rodriguez;;;;;;Tiago Rodriguez;
14245935;10/09/2026 14:40:21;3;2;0001  215159-1;01;CAMIONETA LUN 1;2094251;"RS17    ";"ROCAS DEL SUR S.A. -CORTES                        ";CALLE 79 (EX. ERASMO) 1155;951565;"20-205         ";20-205 - MONOCOMANDO DE COCINA STEEL;1;1;1;23301084;100926144020099;182971228;;;;07/28/2031 00:00:00;1;13909203;10/09/2026 14:40:20;Tiago;Rodriguez;24577490;10/09/2026 13:23:09;7636;Kevin;Arce;Tiago Rodriguez;Kevin Arce
14245935;10/09/2026 14:40:21;3;2;0001  215159-1;01;CAMIONETA LUN 1;2094251;"RS17    ";"ROCAS DEL SUR S.A. -CORTES                        ";CALLE 79 (EX. ERASMO) 1155;951653;"22-178         ";22-178 - MONOCOMANDO DE COCINA P/AGUA FILTRADA VITA;1;1;1;23301084;100926144020099;182971782;;;;12/23/2031 00:00:00;1;13909203;10/09/2026 14:40:20;Tiago;Rodriguez;24577490;10/09/2026 13:23:09;7636;Kevin;Arce;Tiago Rodriguez;Kevin Arce
14245936;10/09/2026 15:03:46;3;2;0001  215231-1;01;CAMIONETA LUN 1;2091214;"BA30    ";"BARUGEL AZULAY Y CIA SAIC                         ";MARCOS SASTRE 1751;951833;"30-132         ";30-132 - COCINA MESADA MONOC. C/DUCHADOR EXTENSIBLE VIGO;5;5;5;23298073;100926150338866;182949523;;;;07/28/2031 00:00:00;5;13909981;10/09/2026 15:03:38;Tiago;Rodriguez;24574619;10/09/2026 12:11:01;7807;Nicolas;Perez;Tiago Rodriguez;Nicolas Perez
14245936;10/09/2026 15:03:46;3;2;0001  215231-1;01;CAMIONETA LUN 1;2091214;"BA30    ";"BARUGEL AZULAY Y CIA SAIC                         ";MARCOS SASTRE 1751;952456;"51-190         ";51-190 - MESADA BIMANDO C.CERAM BLACK VELVET;1;1;1;23300403;100926145244930;182966820;;;;10/20/2031 00:00:00;1;13909617;10/09/2026 14:52:44;Tiago;Rodriguez;24576859;10/09/2026 13:04:36;7636;Kevin;Arce;Tiago Rodriguez;Kevin Arce
14245936;10/09/2026 15:03:46;3;2;0001  215231-1;01;CAMIONETA LUN 1;2091214;"BA30    ";"BARUGEL AZULAY Y CIA SAIC                         ";MARCOS SASTRE 1751;952645;"60-175GR       ";60-175GR - LAVATORIO PULSE GRAFITO C.CERAM;1;1;1;23300403;100926145244930;182967881;;;;07/31/2031 00:00:00;1;13909617;10/09/2026 14:52:44;Tiago;Rodriguez;24576859;10/09/2026 13:04:36;7636;Kevin;Arce;Tiago Rodriguez;Kevin Arce
14245936;10/09/2026 15:03:46;3;2;0001  215231-1;01;CAMIONETA LUN 1;2091214;"BA30    ";"BARUGEL AZULAY Y CIA SAIC                         ";MARCOS SASTRE 1751;952953;"70-201NI       ";70-201NI - BIDE CR C.CERAM BEAT NICKEL;1;1;1;23300403;100926145244930;182966036;;;;07/29/2031 00:00:00;1;13909617;10/09/2026 14:52:44;Tiago;Rodriguez;24576859;10/09/2026 13:04:36;7636;Kevin;Arce;Tiago Rodriguez;Kevin Arce
14245936;10/09/2026 15:03:46;3;2;0001  215231-1;01;CAMIONETA LUN 1;2091214;"BA30    ";"BARUGEL AZULAY Y CIA SAIC                         ";MARCOS SASTRE 1751;954911;"BCH10          ";BCH10 - BACHA DE APOYAR NEGRO MATE 460x320x140;2;2;2;23301819;100926150216713;182974285;;;;07/28/2031 00:00:00;1;13909950;10/09/2026 15:02:16;Tiago;Rodriguez;24578119;10/09/2026 13:25:30;7152;Mirko;Hernandez;Tiago Rodriguez;Mirko Hernandez
14245936;10/09/2026 15:03:46;3;2;0001  215231-1;01;CAMIONETA LUN 1;2091214;"BA30    ";"BARUGEL AZULAY Y CIA SAIC                         ";MARCOS SASTRE 1751;954911;"BCH10          ";BCH10 - BACHA DE APOYAR NEGRO MATE 460x320x140;2;2;2;23307302;100926150210149;183020133;;;;07/28/2031 00:00:00;1;13909954;10/09/2026 15:02:10;Tiago;Rodriguez;;;;;;Tiago Rodriguez;
14245936;10/09/2026 15:03:46;3;2;0001  215231-1;01;CAMIONETA LUN 1;2091214;"BA30    ";"BARUGEL AZULAY Y CIA SAIC                         ";MARCOS SASTRE 1751;951301;"17030N         ";17030N - PERCHA LINEA FABRIC BLACK;1;1;1;23307344;100926150311523;182947869;;;;07/28/2031 00:00:00;1;13909986;10/09/2026 15:03:11;Tiago;Rodriguez;;;;;;Tiago Rodriguez;
14245936;10/09/2026 15:03:46;3;2;0001  215231-1;01;CAMIONETA LUN 1;2091214;"BA30    ";"BARUGEL AZULAY Y CIA SAIC                         ";MARCOS SASTRE 1751;951485;"20-100G        ";20-100G - MONOCOMANDO DE COCINA FABRIC GOLD;1;1;1;23307344;100926150311523;182948444;;;;07/28/2031 00:00:00;1;13909986;10/09/2026 15:03:11;Tiago;Rodriguez;;;;;;Tiago Rodriguez;
14245937;10/09/2026 14:50:55;3;2;0001  215164-1;01;CAMIONETA LUN 1;2094270;"SA04    ";"SANITARIOS ADELINA S.R.L.                         ";PANAMERICANA RAMAL PILAR KM 46.5 BAJADA CAAMAÑO;951833;"30-132         ";30-132 - COCINA MESADA MONOC. C/DUCHADOR EXTENSIBLE VIGO;2;2;2;23298766;100926145054851;182959764;;;;07/28/2031 00:00:00;2;13909570;10/09/2026 14:50:54;Tiago;Rodriguez;24575254;10/09/2026 12:44:12;7152;Mirko;Hernandez;Tiago Rodriguez;Mirko Hernandez
14245938;10/09/2026 14:44:41;3;2;0001  215223-1;01;CAMIONETA LUN 1;2092156;"DM20    ";"DECO MIRACEMA SAS                                 ";CUBA 1450;953351;"85-183         ";"DUCHA EMB C/TRANSF Y DUCHADOR MONOC MAT                               ";3;3;3;23289997;100926144440013;182895787;;;;01/12/2032 00:00:00;3;13908830;10/09/2026 14:44:40;Maximiliano;Nievas;24566841;10/09/2026 10:10:30;7636;Kevin;Arce;Maximiliano Nievas;Kevin Arce
14245938;10/09/2026 14:44:41;3;2;0001  215223-1;01;CAMIONETA LUN 1;2092156;"DM20    ";"DECO MIRACEMA SAS                                 ";CUBA 1450;952634;"60-162         ";60-162 - LAVATORIO CR C.CERAM LINEA ADRA;10;10;10;23290543;100926142924668;182894361;;;;07/29/2031 00:00:00;5;13907918;10/09/2026 14:29:24;Maximiliano;Nievas;24567273;10/09/2026 10:28:34;7152;Mirko;Hernandez;Maximiliano Nievas;Mirko Hernandez
14245938;10/09/2026 14:44:41;3;2;0001  215223-1;01;CAMIONETA LUN 1;2092156;"DM20    ";"DECO MIRACEMA SAS                                 ";CUBA 1450;953113;"80-168N        ";80-168N - DUCHA EMB C/TRANSF MONOC BLACK WAVE;5;5;5;23290543;100926142924668;182895995;;;;01/22/2032 00:00:00;1;13907918;10/09/2026 14:29:24;Maximiliano;Nievas;24567273;10/09/2026 10:28:34;7152;Mirko;Hernandez;Maximiliano Nievas;Mirko Hernandez
14245938;10/09/2026 14:44:41;3;2;0001  215223-1;01;CAMIONETA LUN 1;2092156;"DM20    ";"DECO MIRACEMA SAS                                 ";CUBA 1450;953113;"80-168N        ";80-168N - DUCHA EMB C/TRANSF MONOC BLACK WAVE;5;5;5;23304215;100926140543279;182992409;;;;01/22/2032 00:00:00;4;13907957;10/09/2026 14:05:43;Maximiliano;Nievas;;;;;;Maximiliano Nievas;
14245938;10/09/2026 14:44:41;3;2;0001  215223-1;01;CAMIONETA LUN 1;2092156;"DM20    ";"DECO MIRACEMA SAS                                 ";CUBA 1450;953347;"85-168N        ";85-168N - DUCHA MONOC C/TRANSF Y DUCHADOR BLACK WAVE;5;5;5;23304254;100926140621885;182992699;;;;02/04/2032 00:00:00;3;13907986;10/09/2026 14:06:21;Maximiliano;Nievas;;;;;;Maximiliano Nievas;
14245938;10/09/2026 14:44:41;3;2;0001  215223-1;01;CAMIONETA LUN 1;2092156;"DM20    ";"DECO MIRACEMA SAS                                 ";CUBA 1450;953347;"85-168N        ";85-168N - DUCHA MONOC C/TRANSF Y DUCHADOR BLACK WAVE;5;5;5;23304506;100926141100237;182895485;;;;02/04/2032 00:00:00;2;13908144;10/09/2026 14:11:00;Maximiliano;Nievas;;;;;;Maximiliano Nievas;
14245938;10/09/2026 14:44:41;3;2;0001  215223-1;01;CAMIONETA LUN 1;2092156;"DM20    ";"DECO MIRACEMA SAS                                 ";CUBA 1450;952726;"61-203         ";61-203 - LAVATORIO MONOCOMANDO ALTO ADRA;10;10;10;23304959;100926141850249;182998959;;;;01/20/2032 00:00:00;4;13908424;10/09/2026 14:18:50;Maximiliano;Nievas;;;;;;Maximiliano Nievas;
14245938;10/09/2026 14:44:41;3;2;0001  215223-1;01;CAMIONETA LUN 1;2092156;"DM20    ";"DECO MIRACEMA SAS                                 ";CUBA 1450;952726;"61-203         ";61-203 - LAVATORIO MONOCOMANDO ALTO ADRA;10;10;10;23304990;100926141926879;182999296;;;;01/20/2032 00:00:00;4;13908448;10/09/2026 14:19:26;Maximiliano;Nievas;;;;;;Maximiliano Nievas;
14245938;10/09/2026 14:44:41;3;2;0001  215223-1;01;CAMIONETA LUN 1;2092156;"DM20    ";"DECO MIRACEMA SAS                                 ";CUBA 1450;952727;"61-203N        ";"LAVATORIO MONOCOMANDO ALTO ADRA BLACK                                 ";10;10;10;23305140;100926142138490;183000474;;;;01/06/2032 00:00:00;2;13908541;10/09/2026 14:21:38;Maximiliano;Nievas;;;;;;Maximiliano Nievas;
14245938;10/09/2026 14:44:41;3;2;0001  215223-1;01;CAMIONETA LUN 1;2092156;"DM20    ";"DECO MIRACEMA SAS                                 ";CUBA 1450;952726;"61-203         ";61-203 - LAVATORIO MONOCOMANDO ALTO ADRA;10;10;10;23305140;100926142138490;182898030;;;;01/20/2032 00:00:00;2;13908541;10/09/2026 14:21:38;Maximiliano;Nievas;;;;;;Maximiliano Nievas;
14245938;10/09/2026 14:44:41;3;2;0001  215223-1;01;CAMIONETA LUN 1;2092156;"DM20    ";"DECO MIRACEMA SAS                                 ";CUBA 1450;952727;"61-203N        ";"LAVATORIO MONOCOMANDO ALTO ADRA BLACK                                 ";10;10;10;23305190;100926142215598;183000796;;;;01/06/2032 00:00:00;4;13908563;10/09/2026 14:22:15;Maximiliano;Nievas;;;;;;Maximiliano Nievas;
14245938;10/09/2026 14:44:41;3;2;0001  215223-1;01;CAMIONETA LUN 1;2092156;"DM20    ";"DECO MIRACEMA SAS                                 ";CUBA 1450;952634;"60-162         ";60-162 - LAVATORIO CR C.CERAM LINEA ADRA;10;10;10;23305314;100926142438276;183002158;;;;07/29/2031 00:00:00;5;13908652;10/09/2026 14:24:38;Maximiliano;Nievas;;;;;;Maximiliano Nievas;
14245938;10/09/2026 14:44:41;3;2;0001  215223-1;01;CAMIONETA LUN 1;2092156;"DM20    ";"DECO MIRACEMA SAS                                 ";CUBA 1450;952583;"60-058         ";60-058 - LAVATORIO CR C.STD MALBA;6;6;6;23305314;100926142438276;183002157;;;;12/03/2031 00:00:00;5;13908652;10/09/2026 14:24:38;Maximiliano;Nievas;;;;;;Maximiliano Nievas;
14245938;10/09/2026 14:44:41;3;2;0001  215223-1;01;CAMIONETA LUN 1;2092156;"DM20    ";"DECO MIRACEMA SAS                                 ";CUBA 1450;952583;"60-058         ";60-058 - LAVATORIO CR C.STD MALBA;6;6;6;23305350;100926142510247;182896780;;;;12/03/2031 00:00:00;1;13908669;10/09/2026 14:25:10;Maximiliano;Nievas;;;;;;Maximiliano Nievas;
14245938;10/09/2026 14:44:41;3;2;0001  215223-1;01;CAMIONETA LUN 1;2092156;"DM20    ";"DECO MIRACEMA SAS                                 ";CUBA 1450;952677;"60-203         ";60-203 - LAVATORIO MONOCOMANDO BAJO ADRA;7;7;7;23305350;100926142510247;182897433;;;;02/16/2032 00:00:00;7;13908669;10/09/2026 14:25:10;Maximiliano;Nievas;;;;;;Maximiliano Nievas;
14245938;10/09/2026 14:44:41;3;2;0001  215223-1;01;CAMIONETA LUN 1;2092156;"DM20    ";"DECO MIRACEMA SAS                                 ";CUBA 1450;952740;"62-100G        ";62-100G - LAVATORIO DE PARED GOLD C.CERAM FABRIC;1;1;1;23305350;100926142510247;182899098;;;;12/20/2031 00:00:00;1;13908669;10/09/2026 14:25:10;Maximiliano;Nievas;;;;;;Maximiliano Nievas;
14245938;10/09/2026 14:44:41;3;2;0001  215223-1;01;CAMIONETA LUN 1;2092156;"DM20    ";"DECO MIRACEMA SAS                                 ";CUBA 1450;952874;"70-100G        ";70-100G - BIDE GOLD C.CERAM FABRIC;1;1;1;23305350;100926142510247;182898955;;;;07/29/2031 00:00:00;1;13908669;10/09/2026 14:25:10;Maximiliano;Nievas;;;;;;Maximiliano Nievas;
14245938;10/09/2026 14:44:41;3;2;0001  215223-1;01;CAMIONETA LUN 1;2092156;"DM20    ";"DECO MIRACEMA SAS                                 ";CUBA 1450;952678;"60-203N        ";"LAVATORIO MONOCOMANDO BAJO ADRA BLACK                                 ";10;10;10;23305407;100926142600206;182898367;;;;01/06/2032 00:00:00;10;13908698;10/09/2026 14:26:00;Maximiliano;Nievas;;;;;;Maximiliano Nievas;
14245938;10/09/2026 14:44:41;3;2;0001  215223-1;01;CAMIONETA LUN 1;2092156;"DM20    ";"DECO MIRACEMA SAS                                 ";CUBA 1450;952912;"70-162         ";70-162 - BIDE CR C.CERAM LINEA ADRA;10;10;10;23305414;100926142613207;182894722;;;;07/29/2031 00:00:00;10;13908707;10/09/2026 14:26:13;Maximiliano;Nievas;;;;;;Maximiliano Nievas;
14245938;10/09/2026 14:44:41;3;2;0001  215223-1;01;CAMIONETA LUN 1;2092156;"DM20    ";"DECO MIRACEMA SAS                                 ";CUBA 1450;952727;"61-203N        ";"LAVATORIO MONOCOMANDO ALTO ADRA BLACK                                 ";10;10;10;23305469;100926142716872;182898449;;;;01/06/2032 00:00:00;4;13908748;10/09/2026 14:27:16;Maximiliano;Nievas;;;;;;Maximiliano Nievas;
14245938;10/09/2026 14:44:41;3;2;0001  215223-1;01;CAMIONETA LUN 1;2092156;"DM20    ";"DECO MIRACEMA SAS                                 ";CUBA 1450;952499;"54-203         ";"COCINA PARED EXT C.CERAM ADRA MONOCOMANDO                             ";10;10;10;23305609;100926142955145;182900286;;;;02/18/2032 00:00:00;10;13908837;10/09/2026 14:29:55;Maximiliano;Nievas;;;;;;Maximiliano Nievas;
14245938;10/09/2026 14:44:41;3;2;0001  215223-1;01;CAMIONETA LUN 1;2092156;"DM20    ";"DECO MIRACEMA SAS                                 ";CUBA 1450;952647;"60-176         ";"LAVATORIO MONOCOMANDO BAJO CR RIO                                     ";10;10;10;23305755;100926143215480;183006046;;;;10/11/2031 00:00:00;6;13908927;10/09/2026 14:32:15;Maximiliano;Nievas;;;;;;Maximiliano Nievas;
14245938;10/09/2026 14:44:41;3;2;0001  215223-1;01;CAMIONETA LUN 1;2092156;"DM20    ";"DECO MIRACEMA SAS                                 ";CUBA 1450;952647;"60-176         ";"LAVATORIO MONOCOMANDO BAJO CR RIO                                     ";10;10;10;23305799;100926143312715;182894341;;;;10/11/2031 00:00:00;4;13908956;10/09/2026 14:33:12;Maximiliano;Nievas;;;;;;Maximiliano Nievas;
14245938;10/09/2026 14:44:41;3;2;0001  215223-1;01;CAMIONETA LUN 1;2092156;"DM20    ";"DECO MIRACEMA SAS                                 ";CUBA 1450;952928;"70-180         ";70-180 - BIDE MONOCOMANDO C/TRANSF. VERA;1;1;1;23305799;100926143312715;182894715;;;;07/27/2031 00:00:00;1;13908956;10/09/2026 14:33:12;Maximiliano;Nievas;;;;;;Maximiliano Nievas;
14245938;10/09/2026 14:44:41;3;2;0001  215223-1;01;CAMIONETA LUN 1;2092156;"DM20    ";"DECO MIRACEMA SAS                                 ";CUBA 1450;952939;"70-193         ";70-193 - BIDE MONOCOMANDO MORA;7;7;7;23305799;100926143312715;183006519;;;;07/28/2031 00:00:00;1;13908956;10/09/2026 14:33:12;Maximiliano;Nievas;;;;;;Maximiliano Nievas;
14245938;10/09/2026 14:44:41;3;2;0001  215223-1;01;CAMIONETA LUN 1;2092156;"DM20    ";"DECO MIRACEMA SAS                                 ";CUBA 1450;952955;"70-203N        ";"BIDE MONOCOMANDO ADRA BLACK                                           ";10;10;10;23305799;100926143312715;183006520;;;;07/27/2031 00:00:00;4;13908956;10/09/2026 14:33:12;Maximiliano;Nievas;;;;;;Maximiliano Nievas;
14245938;10/09/2026 14:44:41;3;2;0001  215223-1;01;CAMIONETA LUN 1;2092156;"DM20    ";"DECO MIRACEMA SAS                                 ";CUBA 1450;952618;"60-133         ";60-133 - LAVATORIO MONOCOMANDO LUGO;6;6;6;23305926;100926143538767;182895498;;;;07/29/2031 00:00:00;6;13909031;10/09/2026 14:35:38;Maximiliano;Nievas;;;;;;Maximiliano Nievas;
14245938;10/09/2026 14:44:41;3;2;0001  215223-1;01;CAMIONETA LUN 1;2092156;"DM20    ";"DECO MIRACEMA SAS                                 ";CUBA 1450;952954;"70-203         ";70-203 - BIDE MONOCOMANDO ADRA;10;10;10;23305976;100926143641520;183008237;;;;07/29/2031 00:00:00;4;13909052;10/09/2026 14:36:41;Maximiliano;Nievas;;;;;;Maximiliano Nievas;
14245938;10/09/2026 14:44:41;3;2;0001  215223-1;01;CAMIONETA LUN 1;2092156;"DM20    ";"DECO MIRACEMA SAS                                 ";CUBA 1450;952933;"70-183         ";"BIDE MONOCOMANDO C/TRANSF MAT                                         ";3;3;3;23306010;100926143725053;182898674;;;;11/02/2031 00:00:00;3;13909081;10/09/2026 14:37:25;Maximiliano;Nievas;;;;;;Maximiliano Nievas;
14245938;10/09/2026 14:44:41;3;2;0001  215223-1;01;CAMIONETA LUN 1;2092156;"DM20    ";"DECO MIRACEMA SAS                                 ";CUBA 1450;952661;"60-193         ";60-193 - LAVATORIO MONOCOMANDO BAJO MORA;7;7;7;23306010;100926143725053;183008587;;;;07/28/2031 00:00:00;1;13909081;10/09/2026 14:37:25;Maximiliano;Nievas;;;;;;Maximiliano Nievas;
14245938;10/09/2026 14:44:41;3;2;0001  215223-1;01;CAMIONETA LUN 1;2092156;"DM20    ";"DECO MIRACEMA SAS                                 ";CUBA 1450;952655;"60-183         ";"LAVATORIO MONOCOMANDO BAJO MAT                                        ";1;1;1;23306010;100926143725053;182898781;;;;11/02/2031 00:00:00;1;13909081;10/09/2026 14:37:25;Maximiliano;Nievas;;;;;;Maximiliano Nievas;
14245938;10/09/2026 14:44:41;3;2;0001  215223-1;01;CAMIONETA LUN 1;2092156;"DM20    ";"DECO MIRACEMA SAS                                 ";CUBA 1450;952661;"60-193         ";60-193 - LAVATORIO MONOCOMANDO BAJO MORA;7;7;7;23306156;100926143927930;182895208;;;;07/28/2031 00:00:00;6;13909162;10/09/2026 14:39:27;Maximiliano;Nievas;;;;;;Maximiliano Nievas;
14245938;10/09/2026 14:44:41;3;2;0001  215223-1;01;CAMIONETA LUN 1;2092156;"DM20    ";"DECO MIRACEMA SAS                                 ";CUBA 1450;952954;"70-203         ";70-203 - BIDE MONOCOMANDO ADRA;10;10;10;23306197;100926144006889;182898446;;;;07/29/2031 00:00:00;6;13909198;10/09/2026 14:40:06;Maximiliano;Nievas;;;;;;Maximiliano Nievas;
14245938;10/09/2026 14:44:41;3;2;0001  215223-1;01;CAMIONETA LUN 1;2092156;"DM20    ";"DECO MIRACEMA SAS                                 ";CUBA 1450;952955;"70-203N        ";"BIDE MONOCOMANDO ADRA BLACK                                           ";10;10;10;23306336;100926144155991;182891873;;;;07/27/2031 00:00:00;6;13909261;10/09/2026 14:41:56;Maximiliano;Nievas;;;;;;Maximiliano Nievas;
14245938;10/09/2026 14:44:41;3;2;0001  215223-1;01;CAMIONETA LUN 1;2092156;"DM20    ";"DECO MIRACEMA SAS                                 ";CUBA 1450;952939;"70-193         ";70-193 - BIDE MONOCOMANDO MORA;7;7;7;23306367;100926144233263;182892710;;;;07/28/2031 00:00:00;6;13909285;10/09/2026 14:42:33;Maximiliano;Nievas;;;;;;Maximiliano Nievas;
14245938;10/09/2026 14:44:41;3;2;0001  215223-1;01;CAMIONETA LUN 1;2092156;"DM20    ";"DECO MIRACEMA SAS                                 ";CUBA 1450;953159;"80-203P        ";80-203P - DUCHA EMB C/TRANSF. MONOCOMANDO ADRA PLUS;5;5;5;23306414;100926144326148;182897231;;;;07/28/2031 00:00:00;5;13909314;10/09/2026 14:43:26;Maximiliano;Nievas;;;;;;Maximiliano Nievas;
14245938;10/09/2026 14:44:41;3;2;0001  215223-1;01;CAMIONETA LUN 1;2092156;"DM20    ";"DECO MIRACEMA SAS                                 ";CUBA 1450;952915;"70-168         ";70-168 - BIDE MONOC CR WAVE;5;5;5;23306447;100926144414564;182893465;;;;01/18/2032 00:00:00;5;13909342;10/09/2026 14:44:14;Maximiliano;Nievas;;;;;;Maximiliano Nievas;
14245939;10/09/2026 14:27:52;3;2;0001  215348-1;01;CAMIONETA LUN 1;2103189;"DB16    ";"DANIEL A. BASGALL S.R.L. -GRUPO UNIVERSO          ";AV. JUAN D. PERON 8660;952449;"51-107         ";51-107 - JGO. MESADA CR C.CERAM BEDIA;4;4;4;23301474;100926142750355;182972258;;;;11/10/2031 00:00:00;4;13908758;10/09/2026 14:27:50;Tiago;Rodriguez;24577806;10/09/2026 13:17:20;7152;Mirko;Hernandez;Tiago Rodriguez;Mirko Hernandez
14245940;10/09/2026 16:34:44;3;2;0001  213999-2;01;CAMIONETA LUN 1;2091214;"BA30    ";"BARUGEL AZULAY Y CIA SAIC                         ";MARCOS SASTRE 1751;956412;"INO102-2       ";"DEPOSITO C/DESCARGA DUAL BLANCO LINEA LOFT                            ";10;10;10;23303014;100926163444683;182982693;;;;02/24/2032 00:00:00;1;13912933;10/09/2026 16:34:44;Tiago;Rodriguez;24579270;10/09/2026 14:04:56;6404;Ivan;Goyena;Tiago Rodriguez;Ivan Goyena
14245940;10/09/2026 16:34:44;3;2;0001  213999-2;01;CAMIONETA LUN 1;2091214;"BA30    ";"BARUGEL AZULAY Y CIA SAIC                         ";MARCOS SASTRE 1751;956412;"INO102-2       ";"DEPOSITO C/DESCARGA DUAL BLANCO LINEA LOFT                            ";10;10;10;23312126;100926163344042;183061818;;;;02/24/2032 00:00:00;1;13912973;10/09/2026 16:33:44;Tiago;Rodriguez;;;;;;Tiago Rodriguez;
14245940;10/09/2026 16:34:44;3;2;0001  213999-2;01;CAMIONETA LUN 1;2091214;"BA30    ";"BARUGEL AZULAY Y CIA SAIC                         ";MARCOS SASTRE 1751;956412;"INO102-2       ";"DEPOSITO C/DESCARGA DUAL BLANCO LINEA LOFT                            ";10;10;10;23312130;100926163349915;183061851;;;;02/24/2032 00:00:00;1;13912975;10/09/2026 16:33:49;Tiago;Rodriguez;;;;;;Tiago Rodriguez;
14245940;10/09/2026 16:34:44;3;2;0001  213999-2;01;CAMIONETA LUN 1;2091214;"BA30    ";"BARUGEL AZULAY Y CIA SAIC                         ";MARCOS SASTRE 1751;956412;"INO102-2       ";"DEPOSITO C/DESCARGA DUAL BLANCO LINEA LOFT                            ";10;10;10;23312134;100926163357157;183061904;;;;02/24/2032 00:00:00;1;13912984;10/09/2026 16:33:57;Tiago;Rodriguez;;;;;;Tiago Rodriguez;
14245940;10/09/2026 16:34:44;3;2;0001  213999-2;01;CAMIONETA LUN 1;2091214;"BA30    ";"BARUGEL AZULAY Y CIA SAIC                         ";MARCOS SASTRE 1751;956412;"INO102-2       ";"DEPOSITO C/DESCARGA DUAL BLANCO LINEA LOFT                            ";10;10;10;23312141;100926163405951;183061961;;;;02/24/2032 00:00:00;1;13912991;10/09/2026 16:34:05;Tiago;Rodriguez;;;;;;Tiago Rodriguez;
14245940;10/09/2026 16:34:44;3;2;0001  213999-2;01;CAMIONETA LUN 1;2091214;"BA30    ";"BARUGEL AZULAY Y CIA SAIC                         ";MARCOS SASTRE 1751;956412;"INO102-2       ";"DEPOSITO C/DESCARGA DUAL BLANCO LINEA LOFT                            ";10;10;10;23312153;100926163412775;183062003;;;;02/24/2032 00:00:00;1;13912998;10/09/2026 16:34:12;Tiago;Rodriguez;;;;;;Tiago Rodriguez;
14245940;10/09/2026 16:34:44;3;2;0001  213999-2;01;CAMIONETA LUN 1;2091214;"BA30    ";"BARUGEL AZULAY Y CIA SAIC                         ";MARCOS SASTRE 1751;956412;"INO102-2       ";"DEPOSITO C/DESCARGA DUAL BLANCO LINEA LOFT                            ";10;10;10;23312159;100926163418906;183062045;;;;02/24/2032 00:00:00;1;13913002;10/09/2026 16:34:18;Tiago;Rodriguez;;;;;;Tiago Rodriguez;
14245940;10/09/2026 16:34:44;3;2;0001  213999-2;01;CAMIONETA LUN 1;2091214;"BA30    ";"BARUGEL AZULAY Y CIA SAIC                         ";MARCOS SASTRE 1751;956412;"INO102-2       ";"DEPOSITO C/DESCARGA DUAL BLANCO LINEA LOFT                            ";10;10;10;23312163;100926163425267;183062085;;;;02/24/2032 00:00:00;1;13913007;10/09/2026 16:34:25;Tiago;Rodriguez;;;;;;Tiago Rodriguez;
14245940;10/09/2026 16:34:44;3;2;0001  213999-2;01;CAMIONETA LUN 1;2091214;"BA30    ";"BARUGEL AZULAY Y CIA SAIC                         ";MARCOS SASTRE 1751;956412;"INO102-2       ";"DEPOSITO C/DESCARGA DUAL BLANCO LINEA LOFT                            ";10;10;10;23312166;100926163431934;183062130;;;;02/24/2032 00:00:00;1;13913010;10/09/2026 16:34:31;Tiago;Rodriguez;;;;;;Tiago Rodriguez;
14245940;10/09/2026 16:34:44;3;2;0001  213999-2;01;CAMIONETA LUN 1;2091214;"BA30    ";"BARUGEL AZULAY Y CIA SAIC                         ";MARCOS SASTRE 1751;956412;"INO102-2       ";"DEPOSITO C/DESCARGA DUAL BLANCO LINEA LOFT                            ";10;10;10;23312185;100926163437436;183062166;;;;02/24/2032 00:00:00;1;13913014;10/09/2026 16:34:37;Tiago;Rodriguez;;;;;;Tiago Rodriguez;
14245941;10/09/2026 14:50:17;3;2;0001  215268-1;01;CAMIONETA LUN 1;2091214;"BA30    ";"BARUGEL AZULAY Y CIA SAIC                         ";MARCOS SASTRE 1751;951294;"17010G         ";17010G - TOALLERO BARRAL LINEA FABRIC GOLD;1;1;1;23298767;100926145012409;182961507;;;;07/27/2031 00:00:00;1;13909503;10/09/2026 14:50:12;Tiago;Rodriguez;24575254;10/09/2026 12:44:12;7152;Mirko;Hernandez;Tiago Rodriguez;Mirko Hernandez
14245941;10/09/2026 14:50:17;3;2;0001  215268-1;01;CAMIONETA LUN 1;2091214;"BA30    ";"BARUGEL AZULAY Y CIA SAIC                         ";MARCOS SASTRE 1751;951300;"17030G         ";17030G - PERCHA LINEA FABRIC GOLD;3;3;3;23298767;100926145012409;182952857;;;;07/29/2031 00:00:00;3;13909503;10/09/2026 14:50:12;Tiago;Rodriguez;24575254;10/09/2026 12:44:12;7152;Mirko;Hernandez;Tiago Rodriguez;Mirko Hernandez
14245941;10/09/2026 14:50:17;3;2;0001  215268-1;01;CAMIONETA LUN 1;2091214;"BA30    ";"BARUGEL AZULAY Y CIA SAIC                         ";MARCOS SASTRE 1751;954906;"BCH05          ";BCH05 - BACHA DE APOYAR CUADRADA 370x370x130;4;4;4;23301820;100926144658972;182974904;;;;07/27/2031 00:00:00;1;13909427;10/09/2026 14:46:58;Tiago;Rodriguez;24578119;10/09/2026 13:25:30;7152;Mirko;Hernandez;Tiago Rodriguez;Mirko Hernandez
14245941;10/09/2026 14:50:17;3;2;0001  215268-1;01;CAMIONETA LUN 1;2091214;"BA30    ";"BARUGEL AZULAY Y CIA SAIC                         ";MARCOS SASTRE 1751;954906;"BCH05          ";BCH05 - BACHA DE APOYAR CUADRADA 370x370x130;4;4;4;23306559;100926144640038;183013294;;;;07/27/2031 00:00:00;1;13909431;10/09/2026 14:46:40;Tiago;Rodriguez;;;;;;Tiago Rodriguez;
14245941;10/09/2026 14:50:17;3;2;0001  215268-1;01;CAMIONETA LUN 1;2091214;"BA30    ";"BARUGEL AZULAY Y CIA SAIC                         ";MARCOS SASTRE 1751;954906;"BCH05          ";BCH05 - BACHA DE APOYAR CUADRADA 370x370x130;4;4;4;23306565;100926144646161;183013365;;;;07/27/2031 00:00:00;1;13909436;10/09/2026 14:46:46;Tiago;Rodriguez;;;;;;Tiago Rodriguez;
14245941;10/09/2026 14:50:17;3;2;0001  215268-1;01;CAMIONETA LUN 1;2091214;"BA30    ";"BARUGEL AZULAY Y CIA SAIC                         ";MARCOS SASTRE 1751;954906;"BCH05          ";BCH05 - BACHA DE APOYAR CUADRADA 370x370x130;4;4;4;23306570;100926144651689;183013404;;;;07/27/2031 00:00:00;1;13909445;10/09/2026 14:46:51;Tiago;Rodriguez;;;;;;Tiago Rodriguez;
14245941;10/09/2026 14:50:17;3;2;0001  215268-1;01;CAMIONETA LUN 1;2091214;"BA30    ";"BARUGEL AZULAY Y CIA SAIC                         ";MARCOS SASTRE 1751;952724;"61-200G        ";61-200G - LAVATORIO MONOC ALTO GOLD FABRIC;1;1;1;23306693;100926144923859;182958826;;;;07/27/2031 00:00:00;1;13909527;10/09/2026 14:49:23;Tiago;Rodriguez;;;;;;Tiago Rodriguez;
14245941;10/09/2026 14:50:17;3;2;0001  215268-1;01;CAMIONETA LUN 1;2091214;"BA30    ";"BARUGEL AZULAY Y CIA SAIC                         ";MARCOS SASTRE 1751;952707;"61-152         ";61-152 - LAVATORIO MONOCOMANDO CROMO ALTO SORIA;2;2;2;23306693;100926144923859;182956346;;;;07/27/2031 00:00:00;2;13909527;10/09/2026 14:49:23;Tiago;Rodriguez;;;;;;Tiago Rodriguez;
14245941;10/09/2026 14:50:17;3;2;0001  215268-1;01;CAMIONETA LUN 1;2091214;"BA30    ";"BARUGEL AZULAY Y CIA SAIC                         ";MARCOS SASTRE 1751;951309;"17060G         ";17060G - PORTA VASO Y CEPILLO  LINEA FABRIC GOLD;1;1;1;23306693;100926144923859;182958291;;;;07/31/2031 00:00:00;1;13909527;10/09/2026 14:49:23;Tiago;Rodriguez;;;;;;Tiago Rodriguez;
14245941;10/09/2026 14:50:17;3;2;0001  215268-1;01;CAMIONETA LUN 1;2091214;"BA30    ";"BARUGEL AZULAY Y CIA SAIC                         ";MARCOS SASTRE 1751;951306;"17050G         ";17050G - JABONERA  LINEA FABRIC GOLD;1;1;1;23306693;100926144923859;182961373;;;;07/29/2031 00:00:00;1;13909527;10/09/2026 14:49:23;Tiago;Rodriguez;;;;;;Tiago Rodriguez;
14245941;10/09/2026 14:50:17;3;2;0001  215268-1;01;CAMIONETA LUN 1;2091214;"BA30    ";"BARUGEL AZULAY Y CIA SAIC                         ";MARCOS SASTRE 1751;951303;"17040G         ";17040G - PORTA ROLLO LINEA FABRIC GOLD;1;1;1;23306693;100926144923859;182954226;;;;07/28/2031 00:00:00;1;13909527;10/09/2026 14:49:23;Tiago;Rodriguez;;;;;;Tiago Rodriguez;
14245942;10/09/2026 14:28:25;3;2;0001  215374-1;01;CAMIONETA LUN 1;2094251;"RS17    ";"ROCAS DEL SUR S.A. -CORTES                        ";CALLE 79 (EX. ERASMO) 1155;952637;"60-168         ";60-168 - LAVATORIO MONOC BAJO CR WAVE;1;1;1;23301085;100926142823398;182970873;;;;07/27/2031 00:00:00;1;13908762;10/09/2026 14:28:23;Tiago;Rodriguez;24577490;10/09/2026 13:23:09;7636;Kevin;Arce;Tiago Rodriguez;Kevin Arce
14245943;10/09/2026 14:30:31;3;2;0001  215377-1;01;CAMIONETA LUN 1;2091183;"AS18    ";"ALVEAR SANITARIOS S.R.L.                          ";ALVEAR 2154;957622;"RA1268         ";RA1268 - CAMPANA LAVATORIO / DUCHA PRADO / FABRIC CROMO;2;2;2;23301086;100926143031563;182973355;;;;11/30/2031 00:00:00;2;13908818;10/09/2026 14:30:31;Tiago;Rodriguez;24577490;10/09/2026 13:23:09;7636;Kevin;Arce;Tiago Rodriguez;Kevin Arce
14245943;10/09/2026 14:30:31;3;2;0001  215377-1;01;CAMIONETA LUN 1;2091183;"AS18    ";"ALVEAR SANITARIOS S.R.L.                          ";ALVEAR 2154;957908;"RA871          ";RA871 - 10 TAPAS CHICAS CR P/VOLANTE;1;1;1;23301086;100926143031563;182973903;;;;08/02/2031 00:00:00;1;13908818;10/09/2026 14:30:31;Tiago;Rodriguez;24577490;10/09/2026 13:23:09;7636;Kevin;Arce;Tiago Rodriguez;Kevin Arce
14245943;10/09/2026 14:30:31;3;2;0001  215377-1;01;CAMIONETA LUN 1;2091183;"AS18    ";"ALVEAR SANITARIOS S.R.L.                          ";ALVEAR 2154;953445;"919/M          ";919/M - JGO.MDA.P.CANO CROMO LAZA;1;1;1;23301475;100926142904781;182971789;;;;01/31/2032 00:00:00;1;13908796;10/09/2026 14:29:04;Tiago;Rodriguez;24577806;10/09/2026 13:17:20;7152;Mirko;Hernandez;Tiago Rodriguez;Mirko Hernandez
14245943;10/09/2026 14:30:31;3;2;0001  215377-1;01;CAMIONETA LUN 1;2091183;"AS18    ";"ALVEAR SANITARIOS S.R.L.                          ";ALVEAR 2154;952634;"60-162         ";60-162 - LAVATORIO CR C.CERAM LINEA ADRA;2;2;2;23301475;100926142904781;182971449;;;;07/29/2031 00:00:00;2;13908796;10/09/2026 14:29:04;Tiago;Rodriguez;24577806;10/09/2026 13:17:20;7152;Mirko;Hernandez;Tiago Rodriguez;Mirko Hernandez
14245946;10/09/2026 14:27:11;3;2;0001  215385-1;01;CAMIONETA LUN 1;2092387;"FA20    ";"FALABELLA S.A.                                    ";AV SAN MARTIN 420;952658;"60-190         ";60-190 - LAVATORIO C.CERAM BLACK VELVET;1;1;1;23290093;100926141417835;182904278;;;;08/12/2031 00:00:00;1;13907319;10/09/2026 14:14:17;Tiago;Rodriguez;24566921;10/09/2026 10:37:28;7807;Nicolas;Perez;Tiago Rodriguez;Nicolas Perez
14245946;10/09/2026 14:27:11;3;2;0001  215385-1;01;CAMIONETA LUN 1;2092387;"FA20    ";"FALABELLA S.A.                                    ";AV SAN MARTIN 420;952726;"61-203         ";61-203 - LAVATORIO MONOCOMANDO ALTO ADRA;2;2;2;23290093;100926141417835;182903458;;;;01/20/2032 00:00:00;2;13907319;10/09/2026 14:14:17;Tiago;Rodriguez;24566921;10/09/2026 10:37:28;7807;Nicolas;Perez;Tiago Rodriguez;Nicolas Perez
14245946;10/09/2026 14:27:11;3;2;0001  215385-1;01;CAMIONETA LUN 1;2092387;"FA20    ";"FALABELLA S.A.                                    ";AV SAN MARTIN 420;952661;"60-193         ";60-193 - LAVATORIO MONOCOMANDO BAJO MORA;7;7;7;23302086;100926142711144;182988653;;;;07/28/2031 00:00:00;6;13908472;10/09/2026 14:27:11;Tiago;Rodriguez;24578363;10/09/2026 14:04:41;7636;Kevin;Arce;Tiago Rodriguez;Kevin Arce
14245946;10/09/2026 14:27:11;3;2;0001  215385-1;01;CAMIONETA LUN 1;2092387;"FA20    ";"FALABELLA S.A.                                    ";AV SAN MARTIN 420;952453;"51-131         ";51-131 - MESADA BIMANDO CR C.CERAM MALLORCA;4;4;4;23303077;100926134451058;182982909;;;;01/12/2032 00:00:00;3;13907321;10/09/2026 13:44:51;Tiago;Rodriguez;;;;;;Tiago Rodriguez;
14245946;10/09/2026 14:27:11;3;2;0001  215385-1;01;CAMIONETA LUN 1;2092387;"FA20    ";"FALABELLA S.A.                                    ";AV SAN MARTIN 420;953136;"80-190P        ";80-190P - DUCHA EMB. C/TRANSF. C.CERAM BLACK VELVET PLUS;6;6;6;23303104;100926134529925;182983185;;;;07/30/2031 00:00:00;3;13907343;10/09/2026 13:45:29;Tiago;Rodriguez;;;;;;Tiago Rodriguez;
14245946;10/09/2026 14:27:11;3;2;0001  215385-1;01;CAMIONETA LUN 1;2092387;"FA20    ";"FALABELLA S.A.                                    ";AV SAN MARTIN 420;952452;"51-122         ";51-122 - MESADA BIMANDO CR C.CERAM VALENCIA;5;5;5;23303305;100926134908694;182984860;;;;01/17/2032 00:00:00;3;13907454;10/09/2026 13:49:08;Tiago;Rodriguez;;;;;;Tiago Rodriguez;
14245946;10/09/2026 14:27:11;3;2;0001  215385-1;01;CAMIONETA LUN 1;2092387;"FA20    ";"FALABELLA S.A.                                    ";AV SAN MARTIN 420;953136;"80-190P        ";80-190P - DUCHA EMB. C/TRANSF. C.CERAM BLACK VELVET PLUS;6;6;6;23303342;100926134947927;182906496;;;;07/30/2031 00:00:00;3;13907478;10/09/2026 13:49:47;Tiago;Rodriguez;;;;;;Tiago Rodriguez;
14245946;10/09/2026 14:27:11;3;2;0001  215385-1;01;CAMIONETA LUN 1;2092387;"FA20    ";"FALABELLA S.A.                                    ";AV SAN MARTIN 420;952456;"51-190         ";51-190 - MESADA BIMANDO C.CERAM BLACK VELVET;6;6;6;23303364;100926135011983;182985488;;;;10/20/2031 00:00:00;3;13907498;10/09/2026 13:50:11;Tiago;Rodriguez;;;;;;Tiago Rodriguez;
14245946;10/09/2026 14:27:11;3;2;0001  215385-1;01;CAMIONETA LUN 1;2092387;"FA20    ";"FALABELLA S.A.                                    ";AV SAN MARTIN 420;952456;"51-190         ";51-190 - MESADA BIMANDO C.CERAM BLACK VELVET;6;6;6;23303422;100926135109153;182907806;;;;10/20/2031 00:00:00;3;13907529;10/09/2026 13:51:09;Tiago;Rodriguez;;;;;;Tiago Rodriguez;
14245946;10/09/2026 14:27:11;3;2;0001  215385-1;01;CAMIONETA LUN 1;2092387;"FA20    ";"FALABELLA S.A.                                    ";AV SAN MARTIN 420;953144;"80-196         ";80-196 - DUCHA EMB. C/TRANSF. CR C.CERAM LOOP;8;8;8;23303446;100926135135618;182986130;;;;01/10/2032 00:00:00;3;13907543;10/09/2026 13:51:35;Tiago;Rodriguez;;;;;;Tiago Rodriguez;
14245946;10/09/2026 14:27:11;3;2;0001  215385-1;01;CAMIONETA LUN 1;2092387;"FA20    ";"FALABELLA S.A.                                    ";AV SAN MARTIN 420;953148;"80-199         ";80-199 - DUCHA EMB. C/TRANSF. CR C.CERAM LIVE;2;2;2;23303467;100926135206921;182895432;;;;11/04/2031 00:00:00;2;13907557;10/09/2026 13:52:06;Tiago;Rodriguez;;;;;;Tiago Rodriguez;
14245946;10/09/2026 14:27:11;3;2;0001  215385-1;01;CAMIONETA LUN 1;2092387;"FA20    ";"FALABELLA S.A.                                    ";AV SAN MARTIN 420;953144;"80-196         ";80-196 - DUCHA EMB. C/TRANSF. CR C.CERAM LOOP;8;8;8;23303467;100926135206921;182986343;;;;01/10/2032 00:00:00;1;13907557;10/09/2026 13:52:06;Tiago;Rodriguez;;;;;;Tiago Rodriguez;
14245946;10/09/2026 14:27:11;3;2;0001  215385-1;01;CAMIONETA LUN 1;2092387;"FA20    ";"FALABELLA S.A.                                    ";AV SAN MARTIN 420;953144;"80-196         ";80-196 - DUCHA EMB. C/TRANSF. CR C.CERAM LOOP;8;8;8;23303487;100926135227617;182986502;;;;01/10/2032 00:00:00;3;13907567;10/09/2026 13:52:27;Tiago;Rodriguez;;;;;;Tiago Rodriguez;
14245946;10/09/2026 14:27:11;3;2;0001  215385-1;01;CAMIONETA LUN 1;2092387;"FA20    ";"FALABELLA S.A.                                    ";AV SAN MARTIN 420;953144;"80-196         ";80-196 - DUCHA EMB. C/TRANSF. CR C.CERAM LOOP;8;8;8;23303526;100926135304618;182896967;;;;01/10/2032 00:00:00;1;13907587;10/09/2026 13:53:04;Tiago;Rodriguez;;;;;;Tiago Rodriguez;
14245946;10/09/2026 14:27:11;3;2;0001  215385-1;01;CAMIONETA LUN 1;2092387;"FA20    ";"FALABELLA S.A.                                    ";AV SAN MARTIN 420;952453;"51-131         ";51-131 - MESADA BIMANDO CR C.CERAM MALLORCA;4;4;4;23303526;100926135304618;182908484;;;;01/12/2032 00:00:00;1;13907587;10/09/2026 13:53:04;Tiago;Rodriguez;;;;;;Tiago Rodriguez;
14245946;10/09/2026 14:27:11;3;2;0001  215385-1;01;CAMIONETA LUN 1;2092387;"FA20    ";"FALABELLA S.A.                                    ";AV SAN MARTIN 420;952452;"51-122         ";51-122 - MESADA BIMANDO CR C.CERAM VALENCIA;5;5;5;23303526;100926135304618;182905857;;;;01/17/2032 00:00:00;2;13907587;10/09/2026 13:53:04;Tiago;Rodriguez;;;;;;Tiago Rodriguez;
14245946;10/09/2026 14:27:11;3;2;0001  215385-1;01;CAMIONETA LUN 1;2092387;"FA20    ";"FALABELLA S.A.                                    ";AV SAN MARTIN 420;952664;"60-196         ";60-196 - LAVATORIO CR C.CERAM LOOP;13;13;13;23303573;100926135439481;182987495;;;;07/31/2031 00:00:00;10;13907642;10/09/2026 13:54:39;Tiago;Rodriguez;;;;;;Tiago Rodriguez;
14245946;10/09/2026 14:27:11;3;2;0001  215385-1;01;CAMIONETA LUN 1;2092387;"FA20    ";"FALABELLA S.A.                                    ";AV SAN MARTIN 420;952945;"70-199         ";70-199 - BIDE CR C.CERAM LIVE;4;4;4;23303750;100926135753757;182911976;;;;12/16/2031 00:00:00;4;13907742;10/09/2026 13:57:53;Tiago;Rodriguez;;;;;;Tiago Rodriguez;
14245946;10/09/2026 14:27:11;3;2;0001  215385-1;01;CAMIONETA LUN 1;2092387;"FA20    ";"FALABELLA S.A.                                    ";AV SAN MARTIN 420;952936;"70-190         ";70-190 - BIDE C.CERAM BLACK VELVET;4;4;4;23303750;100926135753757;182906861;;;;11/08/2031 00:00:00;4;13907742;10/09/2026 13:57:53;Tiago;Rodriguez;;;;;;Tiago Rodriguez;
14245946;10/09/2026 14:27:11;3;2;0001  215385-1;01;CAMIONETA LUN 1;2092387;"FA20    ";"FALABELLA S.A.                                    ";AV SAN MARTIN 420;952664;"60-196         ";60-196 - LAVATORIO CR C.CERAM LOOP;13;13;13;23303750;100926135753757;182988969;;;;07/31/2031 00:00:00;1;13907742;10/09/2026 13:57:53;Tiago;Rodriguez;;;;;;Tiago Rodriguez;
14245946;10/09/2026 14:27:11;3;2;0001  215385-1;01;CAMIONETA LUN 1;2092387;"FA20    ";"FALABELLA S.A.                                    ";AV SAN MARTIN 420;952590;"60-064         ";60-064 - LAVATORIO CR/CR C.STD FRAGA;1;1;1;23303750;100926135753757;182894641;;;;07/31/2031 00:00:00;1;13907742;10/09/2026 13:57:53;Tiago;Rodriguez;;;;;;Tiago Rodriguez;
14245946;10/09/2026 14:27:11;3;2;0001  215385-1;01;CAMIONETA LUN 1;2092387;"FA20    ";"FALABELLA S.A.                                    ";AV SAN MARTIN 420;953474;"933            ";933 - JGO PARED C/EXT CR DIQUE;10;10;10;23303800;100926135843753;182909529;;;;01/07/2032 00:00:00;10;13907763;10/09/2026 13:58:43;Tiago;Rodriguez;;;;;;Tiago Rodriguez;
14245946;10/09/2026 14:27:11;3;2;0001  215385-1;01;CAMIONETA LUN 1;2092387;"FA20    ";"FALABELLA S.A.                                    ";AV SAN MARTIN 420;952441;"51-061         ";51-061 - COCINA MESADA CR C.STD PUEBLA;13;13;13;23303847;100926135939679;182989756;;;;01/04/2032 00:00:00;10;13907791;10/09/2026 13:59:39;Tiago;Rodriguez;;;;;;Tiago Rodriguez;
14245946;10/09/2026 14:27:11;3;2;0001  215385-1;01;CAMIONETA LUN 1;2092387;"FA20    ";"FALABELLA S.A.                                    ";AV SAN MARTIN 420;952634;"60-162         ";60-162 - LAVATORIO CR C.CERAM LINEA ADRA;15;15;15;23303896;100926140037629;182990250;;;;07/29/2031 00:00:00;10;13907813;10/09/2026 14:00:37;Tiago;Rodriguez;;;;;;Tiago Rodriguez;
14245946;10/09/2026 14:27:11;3;2;0001  215385-1;01;CAMIONETA LUN 1;2092387;"FA20    ";"FALABELLA S.A.                                    ";AV SAN MARTIN 420;952868;"70-061         ";70-061 - BIDE CR C.STD PUEBLA;6;6;6;23304020;100926140224132;182899024;;;;07/31/2031 00:00:00;6;13907863;10/09/2026 14:02:24;Tiago;Rodriguez;;;;;;Tiago Rodriguez;
14245946;10/09/2026 14:27:11;3;2;0001  215385-1;01;CAMIONETA LUN 1;2092387;"FA20    ";"FALABELLA S.A.                                    ";AV SAN MARTIN 420;952664;"60-196         ";60-196 - LAVATORIO CR C.CERAM LOOP;13;13;13;23304020;100926140224132;182898326;;;;07/31/2031 00:00:00;2;13907863;10/09/2026 14:02:24;Tiago;Rodriguez;;;;;;Tiago Rodriguez;
14245946;10/09/2026 14:27:11;3;2;0001  215385-1;01;CAMIONETA LUN 1;2092387;"FA20    ";"FALABELLA S.A.                                    ";AV SAN MARTIN 420;952942;"70-196         ";70-196 - BIDE CR C.CERAM LOOP;3;3;3;23304099;100926140341540;182897356;;;;07/31/2031 00:00:00;3;13907900;10/09/2026 14:03:41;Tiago;Rodriguez;;;;;;Tiago Rodriguez;
14245946;10/09/2026 14:27:11;3;2;0001  215385-1;01;CAMIONETA LUN 1;2092387;"FA20    ";"FALABELLA S.A.                                    ";AV SAN MARTIN 420;953065;"80-061         ";80-061 - DUCHA EMB C/TRANSF CR PUEBLA;7;7;7;23304099;100926140341540;182899357;;;;07/31/2031 00:00:00;7;13907900;10/09/2026 14:03:41;Tiago;Rodriguez;;;;;;Tiago Rodriguez;
14245946;10/09/2026 14:27:11;3;2;0001  215385-1;01;CAMIONETA LUN 1;2092387;"FA20    ";"FALABELLA S.A.                                    ";AV SAN MARTIN 420;952871;"70-064         ";70-064 - BIDE CROMO C.STD FRAGA;10;10;10;23304155;100926140447508;182895020;;;;07/31/2031 00:00:00;10;13907926;10/09/2026 14:04:47;Tiago;Rodriguez;;;;;;Tiago Rodriguez;
14245946;10/09/2026 14:27:11;3;2;0001  215385-1;01;CAMIONETA LUN 1;2092387;"FA20    ";"FALABELLA S.A.                                    ";AV SAN MARTIN 420;952441;"51-061         ";51-061 - COCINA MESADA CR C.STD PUEBLA;13;13;13;23304213;100926140542346;182992402;;;;01/04/2032 00:00:00;1;13907954;10/09/2026 14:05:42;Tiago;Rodriguez;;;;;;Tiago Rodriguez;
14245946;10/09/2026 14:27:11;3;2;0001  215385-1;01;CAMIONETA LUN 1;2092387;"FA20    ";"FALABELLA S.A.                                    ";AV SAN MARTIN 420;953068;"80-064         ";80-064 - DUCHA EMB.C/TRANSF CR  C.STD FRAGA;9;9;9;23304213;100926140542346;182894520;;;;07/31/2031 00:00:00;9;13907954;10/09/2026 14:05:42;Tiago;Rodriguez;;;;;;Tiago Rodriguez;
14245946;10/09/2026 14:27:11;3;2;0001  215385-1;01;CAMIONETA LUN 1;2092387;"FA20    ";"FALABELLA S.A.                                    ";AV SAN MARTIN 420;952587;"60-061         ";60-061 - LAVATORIO CR C.STD PUEBLA;6;6;6;23304455;100926140950717;182898912;;;;10/08/2031 00:00:00;6;13908094;10/09/2026 14:09:50;Tiago;Rodriguez;;;;;;Tiago Rodriguez;
14245946;10/09/2026 14:27:11;3;2;0001  215385-1;01;CAMIONETA LUN 1;2092387;"FA20    ";"FALABELLA S.A.                                    ";AV SAN MARTIN 420;952441;"51-061         ";51-061 - COCINA MESADA CR C.STD PUEBLA;13;13;13;23304455;100926140950717;182902528;;;;01/04/2032 00:00:00;2;13908094;10/09/2026 14:09:50;Tiago;Rodriguez;;;;;;Tiago Rodriguez;
14245946;10/09/2026 14:27:11;3;2;0001  215385-1;01;CAMIONETA LUN 1;2092387;"FA20    ";"FALABELLA S.A.                                    ";AV SAN MARTIN 420;952912;"70-162         ";70-162 - BIDE CR C.CERAM LINEA ADRA;12;12;12;23304455;100926140950717;182994414;;;;07/29/2031 00:00:00;2;13908094;10/09/2026 14:09:50;Tiago;Rodriguez;;;;;;Tiago Rodriguez;
14245946;10/09/2026 14:27:11;3;2;0001  215385-1;01;CAMIONETA LUN 1;2092387;"FA20    ";"FALABELLA S.A.                                    ";AV SAN MARTIN 420;952912;"70-162         ";70-162 - BIDE CR C.CERAM LINEA ADRA;12;12;12;23304478;100926141024234;182892122;;;;07/29/2031 00:00:00;10;13908120;10/09/2026 14:10:24;Tiago;Rodriguez;;;;;;Tiago Rodriguez;
14245946;10/09/2026 14:27:11;3;2;0001  215385-1;01;CAMIONETA LUN 1;2092387;"FA20    ";"FALABELLA S.A.                                    ";AV SAN MARTIN 420;952677;"60-203         ";60-203 - LAVATORIO MONOCOMANDO BAJO ADRA;10;10;10;23304512;100926141104739;182904119;;;;02/16/2032 00:00:00;10;13908147;10/09/2026 14:11:04;Tiago;Rodriguez;;;;;;Tiago Rodriguez;
14245946;10/09/2026 14:27:11;3;2;0001  215385-1;01;CAMIONETA LUN 1;2092387;"FA20    ";"FALABELLA S.A.                                    ";AV SAN MARTIN 420;952774;"62-190         ";62-190 - LAVATORIO PARED EMB. C.CERAM BLACK VELVET;3;3;3;23304590;100926141209782;182905100;;;;09/02/2031 00:00:00;3;13908193;10/09/2026 14:12:09;Tiago;Rodriguez;;;;;;Tiago Rodriguez;
14245946;10/09/2026 14:27:11;3;2;0001  215385-1;01;CAMIONETA LUN 1;2092387;"FA20    ";"FALABELLA S.A.                                    ";AV SAN MARTIN 420;952634;"60-162         ";60-162 - LAVATORIO CR C.CERAM LINEA ADRA;15;15;15;23304590;100926141209782;182893429;;;;07/29/2031 00:00:00;5;13908193;10/09/2026 14:12:09;Tiago;Rodriguez;;;;;;Tiago Rodriguez;
14245946;10/09/2026 14:27:11;3;2;0001  215385-1;01;CAMIONETA LUN 1;2092387;"FA20    ";"FALABELLA S.A.                                    ";AV SAN MARTIN 420;952667;"60-199         ";60-199 - LAVATORIO CR C.CERAM LIVE;5;5;5;23304608;100926141235541;182895752;;;;11/16/2031 00:00:00;5;13908208;10/09/2026 14:12:35;Tiago;Rodriguez;;;;;;Tiago Rodriguez;
14245946;10/09/2026 14:27:11;3;2;0001  215385-1;01;CAMIONETA LUN 1;2092387;"FA20    ";"FALABELLA S.A.                                    ";AV SAN MARTIN 420;953109;"80-166         ";"DUCHA EMB. C/TRANSF. CR C.CERAM ADRA PLUS                             ";10;10;10;23304640;100926141313146;182996061;;;;01/18/2032 00:00:00;5;13908232;10/09/2026 14:13:13;Tiago;Rodriguez;;;;;;Tiago Rodriguez;
14245946;10/09/2026 14:27:11;3;2;0001  215385-1;01;CAMIONETA LUN 1;2092387;"FA20    ";"FALABELLA S.A.                                    ";AV SAN MARTIN 420;953109;"80-166         ";"DUCHA EMB. C/TRANSF. CR C.CERAM ADRA PLUS                             ";10;10;10;23304675;100926141342857;182891459;;;;01/18/2032 00:00:00;5;13908247;10/09/2026 14:13:42;Tiago;Rodriguez;;;;;;Tiago Rodriguez;
14245946;10/09/2026 14:27:11;3;2;0001  215385-1;01;CAMIONETA LUN 1;2092387;"FA20    ";"FALABELLA S.A.                                    ";AV SAN MARTIN 420;951524;"20-135         ";20-135 - MONOCOMANDO COCINA SANTANDER;3;3;3;23305057;100926142012494;182990712;;;;07/28/2031 00:00:00;3;13908479;10/09/2026 14:20:12;Tiago;Rodriguez;;;;;;Tiago Rodriguez;
14245946;10/09/2026 14:27:11;3;2;0001  215385-1;01;CAMIONETA LUN 1;2092387;"FA20    ";"FALABELLA S.A.                                    ";AV SAN MARTIN 420;953125;"80-180         ";80-180 - DUCHA EMB. C/TRANSF. MONOCOMANDO VERA;3;3;3;23305057;100926142012494;182999700;;;;11/23/2031 00:00:00;2;13908479;10/09/2026 14:20:12;Tiago;Rodriguez;;;;;;Tiago Rodriguez;
14245946;10/09/2026 14:27:11;3;2;0001  215385-1;01;CAMIONETA LUN 1;2092387;"FA20    ";"FALABELLA S.A.                                    ";AV SAN MARTIN 420;951545;"20-172         ";20-172 - COCINA MESADA MONOC. COLORS NEGRO;4;4;4;23305094;100926142055629;182978605;;;;07/28/2031 00:00:00;4;13908511;10/09/2026 14:20:55;Tiago;Rodriguez;;;;;;Tiago Rodriguez;
14245946;10/09/2026 14:27:11;3;2;0001  215385-1;01;CAMIONETA LUN 1;2092387;"FA20    ";"FALABELLA S.A.                                    ";AV SAN MARTIN 420;951547;"20-174         ";20-174 - COCINA MESADA MONOC. COLORS BLACK;2;2;2;23305141;100926142138860;182979154;;;;07/28/2031 00:00:00;2;13908542;10/09/2026 14:21:38;Tiago;Rodriguez;;;;;;Tiago Rodriguez;
14245946;10/09/2026 14:27:11;3;2;0001  215385-1;01;CAMIONETA LUN 1;2092387;"FA20    ";"FALABELLA S.A.                                    ";AV SAN MARTIN 420;952661;"60-193         ";60-193 - LAVATORIO MONOCOMANDO BAJO MORA;7;7;7;23305141;100926142138860;183000476;;;;07/28/2031 00:00:00;1;13908542;10/09/2026 14:21:38;Tiago;Rodriguez;;;;;;Tiago Rodriguez;
14245946;10/09/2026 14:27:11;3;2;0001  215385-1;01;CAMIONETA LUN 1;2092387;"FA20    ";"FALABELLA S.A.                                    ";AV SAN MARTIN 420;952928;"70-180         ";70-180 - BIDE MONOCOMANDO C/TRANSF. VERA;3;3;3;23305141;100926142138860;182980645;;;;07/27/2031 00:00:00;3;13908542;10/09/2026 14:21:38;Tiago;Rodriguez;;;;;;Tiago Rodriguez;
14245946;10/09/2026 14:27:11;3;2;0001  215385-1;01;CAMIONETA LUN 1;2092387;"FA20    ";"FALABELLA S.A.                                    ";AV SAN MARTIN 420;952939;"70-193         ";70-193 - BIDE MONOCOMANDO MORA;2;2;2;23305141;100926142138860;182977295;;;;07/28/2031 00:00:00;2;13908542;10/09/2026 14:21:38;Tiago;Rodriguez;;;;;;Tiago Rodriguez;
14245946;10/09/2026 14:27:11;3;2;0001  215385-1;01;CAMIONETA LUN 1;2092387;"FA20    ";"FALABELLA S.A.                                    ";AV SAN MARTIN 420;953157;"80-203         ";80-203 - DUCHA EMB C/TRANSF. MONOCOMANDO ADRA;3;3;3;23305165;100926142151587;182982589;;;;07/27/2031 00:00:00;3;13908551;10/09/2026 14:21:51;Tiago;Rodriguez;;;;;;Tiago Rodriguez;
14245946;10/09/2026 14:27:11;3;2;0001  215385-1;01;CAMIONETA LUN 1;2092387;"FA20    ";"FALABELLA S.A.                                    ";AV SAN MARTIN 420;952650;"60-180         ";60-180 - LAVATORIO MONOCOMANDO BAJO VERA;2;2;2;23305165;100926142151587;182980817;;;;07/28/2031 00:00:00;2;13908551;10/09/2026 14:21:51;Tiago;Rodriguez;;;;;;Tiago Rodriguez;
14245946;10/09/2026 14:27:11;3;2;0001  215385-1;01;CAMIONETA LUN 1;2092387;"FA20    ";"FALABELLA S.A.                                    ";AV SAN MARTIN 420;951523;"20-134         ";20-134 - MONOCOMANDO COCINA BETIS;2;2;2;23305165;100926142151587;182991653;;;;08/11/2031 00:00:00;2;13908551;10/09/2026 14:21:51;Tiago;Rodriguez;;;;;;Tiago Rodriguez;
14245946;10/09/2026 14:27:11;3;2;0001  215385-1;01;CAMIONETA LUN 1;2092387;"FA20    ";"FALABELLA S.A.                                    ";AV SAN MARTIN 420;952721;"61-193         ";61-193 - LAVATORIO MONOCOMANDO ALTO MORA;4;4;4;23305196;100926142220251;182987953;;;;07/27/2031 00:00:00;4;13908569;10/09/2026 14:22:20;Tiago;Rodriguez;;;;;;Tiago Rodriguez;
14245946;10/09/2026 14:27:11;3;2;0001  215385-1;01;CAMIONETA LUN 1;2092387;"FA20    ";"FALABELLA S.A.                                    ";AV SAN MARTIN 420;954679;"A843           ";A843 - DUCHADOR ANTICALCAREO 5F C/BARRAL,SOP,FLEX,JABONER;2;2;2;23305250;100926142310095;182976578;;;;07/28/2031 00:00:00;2;13908595;10/09/2026 14:23:10;Tiago;Rodriguez;;;;;;Tiago Rodriguez;
14245946;10/09/2026 14:27:11;3;2;0001  215385-1;01;CAMIONETA LUN 1;2092387;"FA20    ";"FALABELLA S.A.                                    ";AV SAN MARTIN 420;951513;"20-122N        ";20-122N - MONOCOMANDO COCINA C/PICO EXTRAIBLE VALENCIA BLACK;2;2;2;23305250;100926142310095;182985923;;;;08/06/2031 00:00:00;2;13908595;10/09/2026 14:23:10;Tiago;Rodriguez;;;;;;Tiago Rodriguez;
14245946;10/09/2026 14:27:11;3;2;0001  215385-1;01;CAMIONETA LUN 1;2092387;"FA20    ";"FALABELLA S.A.                                    ";AV SAN MARTIN 420;951512;"20-122         ";"MONOCOMANDO COCINA CR C/PICO EXTRAIBLE VALENCIA                       ";2;2;2;23305250;100926142310095;182981475;;;;08/06/2031 00:00:00;2;13908595;10/09/2026 14:23:10;Tiago;Rodriguez;;;;;;Tiago Rodriguez;
14245946;10/09/2026 14:27:11;3;2;0001  215385-1;01;CAMIONETA LUN 1;2092387;"FA20    ";"FALABELLA S.A.                                    ";AV SAN MARTIN 420;951554;"20-190         ";20-190 - COCINA MESADA MONOC BLACK VELVET;2;2;2;23305430;100926142627345;182983297;;;;07/28/2031 00:00:00;2;13908715;10/09/2026 14:26:27;Tiago;Rodriguez;;;;;;Tiago Rodriguez;
14245946;10/09/2026 14:27:11;3;2;0001  215385-1;01;CAMIONETA LUN 1;2092387;"FA20    ";"FALABELLA S.A.                                    ";AV SAN MARTIN 420;953125;"80-180         ";80-180 - DUCHA EMB. C/TRANSF. MONOCOMANDO VERA;3;3;3;23305430;100926142627345;182991456;;;;11/23/2031 00:00:00;1;13908715;10/09/2026 14:26:27;Tiago;Rodriguez;;;;;;Tiago Rodriguez;
14245946;10/09/2026 14:27:11;3;2;0001  215385-1;01;CAMIONETA LUN 1;2092387;"FA20    ";"FALABELLA S.A.                                    ";AV SAN MARTIN 420;952954;"70-203         ";70-203 - BIDE MONOCOMANDO ADRA;5;5;5;23305447;100926142650890;182984835;;;;07/29/2031 00:00:00;5;13908728;10/09/2026 14:26:50;Tiago;Rodriguez;;;;;;Tiago Rodriguez;
14245947;10/09/2026 14:36:01;3;2;0001  215393-1;01;CAMIONETA LUN 1;2202993;"CM57    ";"CELESIA MARIANO T-SANITARIOS LARRALDE 1724        ";CRISOLOGO LARRALDE 1724;951007;"10030CR        ";"PERCHA LINEA 10000 MINIMALISTA                                        ";3;3;3;23301087;100926143601753;182970340;;;;07/28/2031 00:00:00;3;13908962;10/09/2026 14:36:01;Tiago;Rodriguez;24577490;10/09/2026 13:23:09;7636;Kevin;Arce;Tiago Rodriguez;Kevin Arce
14245947;10/09/2026 14:36:01;3;2;0001  215393-1;01;CAMIONETA LUN 1;2202993;"CM57    ";"CELESIA MARIANO T-SANITARIOS LARRALDE 1724        ";CRISOLOGO LARRALDE 1724;1102606;"RA1529NI       ";"SOPAPA DESAGOTE NICKEL BACHA INOX                                     ";1;1;1;23301087;100926143601753;182972646;;;;01/05/2032 00:00:00;1;13908962;10/09/2026 14:36:01;Tiago;Rodriguez;24577490;10/09/2026 13:23:09;7636;Kevin;Arce;Tiago Rodriguez;Kevin Arce
14245948;10/09/2026 15:15:40;3;2;0001  215307-1;01;CAMIONETA LUN 1;2091214;"BA30    ";"BARUGEL AZULAY Y CIA SAIC                         ";MARCOS SASTRE 1751;951833;"30-132         ";30-132 - COCINA MESADA MONOC. C/DUCHADOR EXTENSIBLE VIGO;5;5;5;23298074;100926150606413;182949737;;;;07/28/2031 00:00:00;5;13910044;10/09/2026 15:06:06;Tiago;Rodriguez;24574619;10/09/2026 12:11:01;7807;Nicolas;Perez;Tiago Rodriguez;Nicolas Perez
14245948;10/09/2026 15:15:40;3;2;0001  215307-1;01;CAMIONETA LUN 1;2091214;"BA30    ";"BARUGEL AZULAY Y CIA SAIC                         ";MARCOS SASTRE 1751;952874;"70-100G        ";70-100G - BIDE GOLD C.CERAM FABRIC;1;1;1;23300404;100926151539184;182967026;;;;07/29/2031 00:00:00;1;13910316;10/09/2026 15:15:39;Maximiliano;Nievas;24576859;10/09/2026 13:04:36;7636;Kevin;Arce;Maximiliano Nievas;Kevin Arce
14245948;10/09/2026 15:15:40;3;2;0001  215307-1;01;CAMIONETA LUN 1;2091214;"BA30    ";"BARUGEL AZULAY Y CIA SAIC                         ";MARCOS SASTRE 1751;953347;"85-168N        ";85-168N - DUCHA MONOC C/TRANSF Y DUCHADOR BLACK WAVE;1;1;1;23300404;100926151539184;182965688;;;;02/04/2032 00:00:00;1;13910316;10/09/2026 15:15:39;Maximiliano;Nievas;24576859;10/09/2026 13:04:36;7636;Kevin;Arce;Maximiliano Nievas;Kevin Arce
14245948;10/09/2026 15:15:40;3;2;0001  215307-1;01;CAMIONETA LUN 1;2091214;"BA30    ";"BARUGEL AZULAY Y CIA SAIC                         ";MARCOS SASTRE 1751;954904;"BCH04/1        ";BCH04/1 - BACHA DE APOYAR CUADRADA 1 AG 420x420x125;1;1;1;23301821;100926151207432;182975082;;;;10/04/2031 00:00:00;1;13910256;10/09/2026 15:12:07;Maximiliano;Nievas;24578119;10/09/2026 13:25:30;7152;Mirko;Hernandez;Maximiliano Nievas;Mirko Hernandez
14245948;10/09/2026 15:15:40;3;2;0001  215307-1;01;CAMIONETA LUN 1;2091214;"BA30    ";"BARUGEL AZULAY Y CIA SAIC                         ";MARCOS SASTRE 1751;951540;"20-168N        ";20-168N - MONOCOMANDO COCINA BLACK WAVE;1;1;1;23307494;100926150530376;182949031;;;;07/27/2031 00:00:00;1;13910053;10/09/2026 15:05:30;Tiago;Rodriguez;;;;;;Tiago Rodriguez;
14245948;10/09/2026 15:15:40;3;2;0001  215307-1;01;CAMIONETA LUN 1;2091214;"BA30    ";"BARUGEL AZULAY Y CIA SAIC                         ";MARCOS SASTRE 1751;951265;"16040BL        ";16040BL - PORTA ROLLO ACCESORIOS LINEA 16000 BLACK;1;1;1;23307494;100926150530376;182951274;;;;07/31/2031 00:00:00;1;13910053;10/09/2026 15:05:30;Tiago;Rodriguez;;;;;;Tiago Rodriguez;
14245948;10/09/2026 15:15:40;3;2;0001  215307-1;01;CAMIONETA LUN 1;2091214;"BA30    ";"BARUGEL AZULAY Y CIA SAIC                         ";MARCOS SASTRE 1751;952638;"60-168N        ";60-168N - LAVATORIO MONOC BAJO BLACK WAVE;1;1;1;23307494;100926150530376;182948867;;;;07/27/2031 00:00:00;1;13910053;10/09/2026 15:05:30;Tiago;Rodriguez;;;;;;Tiago Rodriguez;
14245950;10/09/2026 15:25:42;3;2;0001  215411-1;01;CAMIONETA LUN 1;2091214;"BA30    ";"BARUGEL AZULAY Y CIA SAIC                         ";MARCOS SASTRE 1751;951524;"20-135         ";20-135 - MONOCOMANDO COCINA SANTANDER;2;2;2;23298768;100926152129355;182955955;;;;07/28/2031 00:00:00;2;13910479;10/09/2026 15:21:29;Tiago;Rodriguez;24575254;10/09/2026 12:44:12;7152;Mirko;Hernandez;Tiago Rodriguez;Mirko Hernandez
14245950;10/09/2026 15:25:42;3;2;0001  215411-1;01;CAMIONETA LUN 1;2091214;"BA30    ";"BARUGEL AZULAY Y CIA SAIC                         ";MARCOS SASTRE 1751;951833;"30-132         ";30-132 - COCINA MESADA MONOC. C/DUCHADOR EXTENSIBLE VIGO;2;2;2;23298768;100926152129355;182960328;;;;07/28/2031 00:00:00;2;13910479;10/09/2026 15:21:29;Tiago;Rodriguez;24575254;10/09/2026 12:44:12;7152;Mirko;Hernandez;Tiago Rodriguez;Mirko Hernandez
14245950;10/09/2026 15:25:42;3;2;0001  215411-1;01;CAMIONETA LUN 1;2091214;"BA30    ";"BARUGEL AZULAY Y CIA SAIC                         ";MARCOS SASTRE 1751;952709;"61-168N        ";61-168N - LAVATORIO MONOC ALTO BLACK WAVE;1;1;1;23298768;100926152129355;182957969;;;;07/28/2031 00:00:00;1;13910479;10/09/2026 15:21:29;Tiago;Rodriguez;24575254;10/09/2026 12:44:12;7152;Mirko;Hernandez;Tiago Rodriguez;Mirko Hernandez
14245950;10/09/2026 15:25:42;3;2;0001  215411-1;01;CAMIONETA LUN 1;2091214;"BA30    ";"BARUGEL AZULAY Y CIA SAIC                         ";MARCOS SASTRE 1751;952740;"62-100G        ";62-100G - LAVATORIO DE PARED GOLD C.CERAM FABRIC;3;3;3;23300386;100926151746323;182967885;;;;12/20/2031 00:00:00;3;13910419;10/09/2026 15:17:46;Tiago;Rodriguez;24576819;10/09/2026 13:10:27;7152;Mirko;Hernandez;Tiago Rodriguez;Mirko Hernandez
14245950;10/09/2026 15:25:42;3;2;0001  215411-1;01;CAMIONETA LUN 1;2091214;"BA30    ";"BARUGEL AZULAY Y CIA SAIC                         ";MARCOS SASTRE 1751;952874;"70-100G        ";70-100G - BIDE GOLD C.CERAM FABRIC;1;1;1;23300386;100926151746323;182968002;;;;07/29/2031 00:00:00;1;13910419;10/09/2026 15:17:46;Tiago;Rodriguez;24576819;10/09/2026 13:10:27;7152;Mirko;Hernandez;Tiago Rodriguez;Mirko Hernandez
14245950;10/09/2026 15:25:42;3;2;0001  215411-1;01;CAMIONETA LUN 1;2091214;"BA30    ";"BARUGEL AZULAY Y CIA SAIC                         ";MARCOS SASTRE 1751;956415;"INO104-1       ";"INODORO BLANCO C/ASIENTO LINEA STONE                                  ";8;8;8;23302183;100926152541753;182978160;;;;01/20/2032 00:00:00;1;13910602;10/09/2026 15:25:41;Tiago;Rodriguez;24578443;10/09/2026 13:44:31;7152;Mirko;Hernandez;Tiago Rodriguez;Mirko Hernandez
14245950;10/09/2026 15:25:42;3;2;0001  215411-1;01;CAMIONETA LUN 1;2091214;"BA30    ";"BARUGEL AZULAY Y CIA SAIC                         ";MARCOS SASTRE 1751;953112;"80-168         ";80-168 - DUCHA EMB C/TRANSF MONOC CR WAVE;2;2;2;23308134;100926151654136;183026913;;;;02/04/2032 00:00:00;1;13910444;10/09/2026 15:16:54;Tiago;Rodriguez;;;;;;Tiago Rodriguez;
14245950;10/09/2026 15:25:42;3;2;0001  215411-1;01;CAMIONETA LUN 1;2091214;"BA30    ";"BARUGEL AZULAY Y CIA SAIC                         ";MARCOS SASTRE 1751;953153;"80-200G        ";80-200G - DUCHA EMB. MONOC. 3 FUNCIONES GOLD FABRIC;2;2;2;23308134;100926151654136;182965103;;;;12/03/2031 00:00:00;2;13910444;10/09/2026 15:16:54;Tiago;Rodriguez;;;;;;Tiago Rodriguez;
14245950;10/09/2026 15:25:42;3;2;0001  215411-1;01;CAMIONETA LUN 1;2091214;"BA30    ";"BARUGEL AZULAY Y CIA SAIC                         ";MARCOS SASTRE 1751;953154;"80-200N        ";80-200N - DUCHA EMB. MONOC. 3 FUNCIONES BLACK FABRIC;2;2;2;23308150;100926151717125;182969279;;;;01/04/2032 00:00:00;2;13910455;10/09/2026 15:17:17;Tiago;Rodriguez;;;;;;Tiago Rodriguez;
14245950;10/09/2026 15:25:42;3;2;0001  215411-1;01;CAMIONETA LUN 1;2091214;"BA30    ";"BARUGEL AZULAY Y CIA SAIC                         ";MARCOS SASTRE 1751;953112;"80-168         ";80-168 - DUCHA EMB C/TRANSF MONOC CR WAVE;2;2;2;23308150;100926151717125;182969054;;;;02/04/2032 00:00:00;1;13910455;10/09/2026 15:17:17;Tiago;Rodriguez;;;;;;Tiago Rodriguez;
14245950;10/09/2026 15:25:42;3;2;0001  215411-1;01;CAMIONETA LUN 1;2091214;"BA30    ";"BARUGEL AZULAY Y CIA SAIC                         ";MARCOS SASTRE 1751;951263;"16030BL        ";16030BL - PERCHA LINEA 16000 BLACK;4;4;4;23308222;100926151853796;182960609;;;;07/28/2031 00:00:00;4;13910503;10/09/2026 15:18:53;Tiago;Rodriguez;;;;;;Tiago Rodriguez;
14245950;10/09/2026 15:25:42;3;2;0001  215411-1;01;CAMIONETA LUN 1;2091214;"BA30    ";"BARUGEL AZULAY Y CIA SAIC                         ";MARCOS SASTRE 1751;951300;"17030G         ";17030G - PERCHA LINEA FABRIC GOLD;2;2;2;23308222;100926151853796;182953026;;;;07/29/2031 00:00:00;2;13910503;10/09/2026 15:18:53;Tiago;Rodriguez;;;;;;Tiago Rodriguez;
14245950;10/09/2026 15:25:42;3;2;0001  215411-1;01;CAMIONETA LUN 1;2091214;"BA30    ";"BARUGEL AZULAY Y CIA SAIC                         ";MARCOS SASTRE 1751;951265;"16040BL        ";16040BL - PORTA ROLLO ACCESORIOS LINEA 16000 BLACK;1;1;1;23308222;100926151853796;182960869;;;;07/31/2031 00:00:00;1;13910503;10/09/2026 15:18:53;Tiago;Rodriguez;;;;;;Tiago Rodriguez;
14245950;10/09/2026 15:25:42;3;2;0001  215411-1;01;CAMIONETA LUN 1;2091214;"BA30    ";"BARUGEL AZULAY Y CIA SAIC                         ";MARCOS SASTRE 1751;951304;"17040N         ";17040N - PORTA ROLLO LINEA FABRIC BLACK;2;2;2;23308222;100926151853796;182953770;;;;07/29/2031 00:00:00;2;13910503;10/09/2026 15:18:53;Tiago;Rodriguez;;;;;;Tiago Rodriguez;
14245950;10/09/2026 15:25:42;3;2;0001  215411-1;01;CAMIONETA LUN 1;2091214;"BA30    ";"BARUGEL AZULAY Y CIA SAIC                         ";MARCOS SASTRE 1751;951303;"17040G         ";17040G - PORTA ROLLO LINEA FABRIC GOLD;2;2;2;23308222;100926151853796;182954278;;;;07/28/2031 00:00:00;2;13910503;10/09/2026 15:18:53;Tiago;Rodriguez;;;;;;Tiago Rodriguez;
14245950;10/09/2026 15:25:42;3;2;0001  215411-1;01;CAMIONETA LUN 1;2091214;"BA30    ";"BARUGEL AZULAY Y CIA SAIC                         ";MARCOS SASTRE 1751;954917;"BCH15          ";BCH15 - BACHA SEMI EMBUTIDA  BLANCA 530x370x155;4;4;4;23308396;100926152249594;183029951;;;;07/28/2031 00:00:00;1;13910627;10/09/2026 15:22:49;Tiago;Rodriguez;;;;;;Tiago Rodriguez;
14245950;10/09/2026 15:25:42;3;2;0001  215411-1;01;CAMIONETA LUN 1;2091214;"BA30    ";"BARUGEL AZULAY Y CIA SAIC                         ";MARCOS SASTRE 1751;954917;"BCH15          ";BCH15 - BACHA SEMI EMBUTIDA  BLANCA 530x370x155;4;4;4;23308399;100926152255682;183030004;;;;07/28/2031 00:00:00;1;13910629;10/09/2026 15:22:55;Tiago;Rodriguez;;;;;;Tiago Rodriguez;
14245950;10/09/2026 15:25:42;3;2;0001  215411-1;01;CAMIONETA LUN 1;2091214;"BA30    ";"BARUGEL AZULAY Y CIA SAIC                         ";MARCOS SASTRE 1751;954917;"BCH15          ";BCH15 - BACHA SEMI EMBUTIDA  BLANCA 530x370x155;4;4;4;23308403;100926152301357;183030057;;;;07/28/2031 00:00:00;1;13910632;10/09/2026 15:23:01;Tiago;Rodriguez;;;;;;Tiago Rodriguez;
14245950;10/09/2026 15:25:42;3;2;0001  215411-1;01;CAMIONETA LUN 1;2091214;"BA30    ";"BARUGEL AZULAY Y CIA SAIC                         ";MARCOS SASTRE 1751;954917;"BCH15          ";BCH15 - BACHA SEMI EMBUTIDA  BLANCA 530x370x155;4;4;4;23308409;100926152307274;182982658;;;;07/28/2031 00:00:00;1;13910637;10/09/2026 15:23:07;Tiago;Rodriguez;;;;;;Tiago Rodriguez;
14245950;10/09/2026 15:25:42;3;2;0001  215411-1;01;CAMIONETA LUN 1;2091214;"BA30    ";"BARUGEL AZULAY Y CIA SAIC                         ";MARCOS SASTRE 1751;956416;"INO104-2       ";"DEPOSITO C/DESCARGA DUAL BLANCO LINEA STONE                           ";8;8;8;23308427;100926152328665;183030282;;;;10/18/2031 00:00:00;1;13910650;10/09/2026 15:23:28;Tiago;Rodriguez;;;;;;Tiago Rodriguez;
14245950;10/09/2026 15:25:42;3;2;0001  215411-1;01;CAMIONETA LUN 1;2091214;"BA30    ";"BARUGEL AZULAY Y CIA SAIC                         ";MARCOS SASTRE 1751;956416;"INO104-2       ";"DEPOSITO C/DESCARGA DUAL BLANCO LINEA STONE                           ";8;8;8;23308431;100926152334287;183030321;;;;10/18/2031 00:00:00;1;13910651;10/09/2026 15:23:34;Tiago;Rodriguez;;;;;;Tiago Rodriguez;
14245950;10/09/2026 15:25:42;3;2;0001  215411-1;01;CAMIONETA LUN 1;2091214;"BA30    ";"BARUGEL AZULAY Y CIA SAIC                         ";MARCOS SASTRE 1751;956416;"INO104-2       ";"DEPOSITO C/DESCARGA DUAL BLANCO LINEA STONE                           ";8;8;8;23308439;100926152340347;183030368;;;;10/18/2031 00:00:00;1;13910655;10/09/2026 15:23:40;Tiago;Rodriguez;;;;;;Tiago Rodriguez;
14245950;10/09/2026 15:25:42;3;2;0001  215411-1;01;CAMIONETA LUN 1;2091214;"BA30    ";"BARUGEL AZULAY Y CIA SAIC                         ";MARCOS SASTRE 1751;956416;"INO104-2       ";"DEPOSITO C/DESCARGA DUAL BLANCO LINEA STONE                           ";8;8;8;23308445;100926152346688;183030438;;;;10/18/2031 00:00:00;1;13910662;10/09/2026 15:23:46;Tiago;Rodriguez;;;;;;Tiago Rodriguez;
14245950;10/09/2026 15:25:42;3;2;0001  215411-1;01;CAMIONETA LUN 1;2091214;"BA30    ";"BARUGEL AZULAY Y CIA SAIC                         ";MARCOS SASTRE 1751;956416;"INO104-2       ";"DEPOSITO C/DESCARGA DUAL BLANCO LINEA STONE                           ";8;8;8;23308450;100926152353204;183030501;;;;10/18/2031 00:00:00;1;13910666;10/09/2026 15:23:53;Tiago;Rodriguez;;;;;;Tiago Rodriguez;
14245950;10/09/2026 15:25:42;3;2;0001  215411-1;01;CAMIONETA LUN 1;2091214;"BA30    ";"BARUGEL AZULAY Y CIA SAIC                         ";MARCOS SASTRE 1751;956416;"INO104-2       ";"DEPOSITO C/DESCARGA DUAL BLANCO LINEA STONE                           ";8;8;8;23308460;100926152358643;183030547;;;;10/18/2031 00:00:00;1;13910670;10/09/2026 15:23:58;Tiago;Rodriguez;;;;;;Tiago Rodriguez;
14245950;10/09/2026 15:25:42;3;2;0001  215411-1;01;CAMIONETA LUN 1;2091214;"BA30    ";"BARUGEL AZULAY Y CIA SAIC                         ";MARCOS SASTRE 1751;956416;"INO104-2       ";"DEPOSITO C/DESCARGA DUAL BLANCO LINEA STONE                           ";8;8;8;23308464;100926152403940;183030582;;;;10/18/2031 00:00:00;1;13910674;10/09/2026 15:24:03;Tiago;Rodriguez;;;;;;Tiago Rodriguez;
14245950;10/09/2026 15:25:42;3;2;0001  215411-1;01;CAMIONETA LUN 1;2091214;"BA30    ";"BARUGEL AZULAY Y CIA SAIC                         ";MARCOS SASTRE 1751;956416;"INO104-2       ";"DEPOSITO C/DESCARGA DUAL BLANCO LINEA STONE                           ";8;8;8;23308476;100926152409825;182982098;;;;10/18/2031 00:00:00;1;13910681;10/09/2026 15:24:09;Tiago;Rodriguez;;;;;;Tiago Rodriguez;
14245950;10/09/2026 15:25:42;3;2;0001  215411-1;01;CAMIONETA LUN 1;2091214;"BA30    ";"BARUGEL AZULAY Y CIA SAIC                         ";MARCOS SASTRE 1751;956415;"INO104-1       ";"INODORO BLANCO C/ASIENTO LINEA STONE                                  ";8;8;8;23308509;100926152454240;183030992;;;;01/20/2032 00:00:00;1;13910715;10/09/2026 15:24:54;Tiago;Rodriguez;;;;;;Tiago Rodriguez;
14245950;10/09/2026 15:25:42;3;2;0001  215411-1;01;CAMIONETA LUN 1;2091214;"BA30    ";"BARUGEL AZULAY Y CIA SAIC                         ";MARCOS SASTRE 1751;956415;"INO104-1       ";"INODORO BLANCO C/ASIENTO LINEA STONE                                  ";8;8;8;23308514;100926152501096;183031057;;;;01/20/2032 00:00:00;1;13910720;10/09/2026 15:25:01;Tiago;Rodriguez;;;;;;Tiago Rodriguez;
14245950;10/09/2026 15:25:42;3;2;0001  215411-1;01;CAMIONETA LUN 1;2091214;"BA30    ";"BARUGEL AZULAY Y CIA SAIC                         ";MARCOS SASTRE 1751;956415;"INO104-1       ";"INODORO BLANCO C/ASIENTO LINEA STONE                                  ";8;8;8;23308522;100926152506963;183031105;;;;01/20/2032 00:00:00;1;13910725;10/09/2026 15:25:06;Tiago;Rodriguez;;;;;;Tiago Rodriguez;
14245950;10/09/2026 15:25:42;3;2;0001  215411-1;01;CAMIONETA LUN 1;2091214;"BA30    ";"BARUGEL AZULAY Y CIA SAIC                         ";MARCOS SASTRE 1751;956415;"INO104-1       ";"INODORO BLANCO C/ASIENTO LINEA STONE                                  ";8;8;8;23308525;100926152512655;183031158;;;;01/20/2032 00:00:00;1;13910731;10/09/2026 15:25:12;Tiago;Rodriguez;;;;;;Tiago Rodriguez;
14245950;10/09/2026 15:25:42;3;2;0001  215411-1;01;CAMIONETA LUN 1;2091214;"BA30    ";"BARUGEL AZULAY Y CIA SAIC                         ";MARCOS SASTRE 1751;956415;"INO104-1       ";"INODORO BLANCO C/ASIENTO LINEA STONE                                  ";8;8;8;23308531;100926152518820;183031212;;;;01/20/2032 00:00:00;1;13910734;10/09/2026 15:25:18;Tiago;Rodriguez;;;;;;Tiago Rodriguez;
14245950;10/09/2026 15:25:42;3;2;0001  215411-1;01;CAMIONETA LUN 1;2091214;"BA30    ";"BARUGEL AZULAY Y CIA SAIC                         ";MARCOS SASTRE 1751;956415;"INO104-1       ";"INODORO BLANCO C/ASIENTO LINEA STONE                                  ";8;8;8;23308538;100926152525357;183031273;;;;01/20/2032 00:00:00;1;13910739;10/09/2026 15:25:25;Tiago;Rodriguez;;;;;;Tiago Rodriguez;
14245950;10/09/2026 15:25:42;3;2;0001  215411-1;01;CAMIONETA LUN 1;2091214;"BA30    ";"BARUGEL AZULAY Y CIA SAIC                         ";MARCOS SASTRE 1751;956415;"INO104-1       ";"INODORO BLANCO C/ASIENTO LINEA STONE                                  ";8;8;8;23308542;100926152531465;183031324;;;;01/20/2032 00:00:00;1;13910741;10/09/2026 15:25:31;Tiago;Rodriguez;;;;;;Tiago Rodriguez;
14245951;10/09/2026 14:33:04;3;2;0001  215270-1;01;CAMIONETA LUN 1;2091167;"AR35    ";"ARJACALE S.A. -CORDANI HNOS                       ";AV SAN MARTIN 62;951833;"30-132         ";30-132 - COCINA MESADA MONOC. C/DUCHADOR EXTENSIBLE VIGO;1;1;1;23300942;100926143303193;182970426;;;;07/28/2031 00:00:00;1;13908947;10/09/2026 14:33:03;Tiago;Rodriguez;24577376;10/09/2026 13:13:08;7807;Nicolas;Perez;Tiago Rodriguez;Nicolas Perez
14245952;10/09/2026 14:37:02;3;2;0001  215317-1;01;CAMIONETA LUN 1;2091589;"CE01    ";"CENCOSUD S.A.                                     ";PANAMERICANA RAMAL PILAR KM 50;953331;"84-190         ";84-190 - DUCHA EXTERIOR CON COLUMNA BLACK VELVET;5;5;5;23298075;100926143702512;182950857;;;;10/06/2031 00:00:00;5;13909058;10/09/2026 14:37:02;Tiago;Rodriguez;24574619;10/09/2026 12:11:01;7807;Nicolas;Perez;Tiago Rodriguez;Nicolas Perez
14245953;10/09/2026 15:43:16;3;2;0001  215445-1;01;CAMIONETA LUN 1;2103189;"DB16    ";"DANIEL A. BASGALL S.R.L. -GRUPO UNIVERSO          ";AV. JUAN D. PERON 8660;956484;"LG02C20        ";"MONOCOMANDO COCINA CR GINEBRA                                         ";2;2;2;23300943;100926154315746;182969874;;;;07/29/2031 00:00:00;2;13911314;10/09/2026 15:43:15;Tiago;Rodriguez;24577376;10/09/2026 13:13:08;7807;Nicolas;Perez;Tiago Rodriguez;Nicolas Perez
14245953;10/09/2026 15:43:16;3;2;0001  215445-1;01;CAMIONETA LUN 1;2103189;"DB16    ";"DANIEL A. BASGALL S.R.L. -GRUPO UNIVERSO          ";AV. JUAN D. PERON 8660;956482;"LG01C20        ";LG01C20 - MONOCOMANDO COCINA CR LUCERNA;5;5;5;23300943;100926154315746;182969550;;;;07/29/2031 00:00:00;5;13911314;10/09/2026 15:43:15;Tiago;Rodriguez;24577376;10/09/2026 13:13:08;7807;Nicolas;Perez;Tiago Rodriguez;Nicolas Perez
14245954;10/09/2026 15:42:39;3;2;0001  215452-1;01;CAMIONETA LUN 1;2091589;"CE01    ";"CENCOSUD S.A.                                     ";PANAMERICANA RAMAL PILAR KM 50;953354;"85-201NI       ";85-201NI - DUCHA EMB C/TRANSF Y DUCHADOR C.CERAM BEAT NICKEL;1;1;1;23301476;100926154236920;182971991;;;;01/11/2032 00:00:00;1;13911301;10/09/2026 15:42:36;Tiago;Rodriguez;24577806;10/09/2026 13:17:20;7152;Mirko;Hernandez;Tiago Rodriguez;Mirko Hernandez
14245955;10/09/2026 14:56:57;3;2;0001  215407-1;01;CAMIONETA LUN 1;2092064;"DD15    ";"DOMANI DECO S.R.L.                                ";AV. HIPOLITO YRIGOYEN 2566;951513;"20-122N        ";20-122N - MONOCOMANDO COCINA C/PICO EXTRAIBLE VALENCIA BLACK;1;1;1;23298769;100926145656813;182955506;;;;08/06/2031 00:00:00;1;13909740;10/09/2026 14:56:56;Maximiliano;Nievas;24575254;10/09/2026 12:44:12;7152;Mirko;Hernandez;Maximiliano Nievas;Mirko Hernandez
14245955;10/09/2026 14:56:57;3;2;0001  215407-1;01;CAMIONETA LUN 1;2092064;"DD15    ";"DOMANI DECO S.R.L.                                ";AV. HIPOLITO YRIGOYEN 2566;951565;"20-205         ";20-205 - MONOCOMANDO DE COCINA STEEL;1;1;1;23298769;100926145656813;182958687;;;;07/28/2031 00:00:00;1;13909740;10/09/2026 14:56:56;Maximiliano;Nievas;24575254;10/09/2026 12:44:12;7152;Mirko;Hernandez;Maximiliano Nievas;Mirko Hernandez
14245955;10/09/2026 14:56:57;3;2;0001  215407-1;01;CAMIONETA LUN 1;2092064;"DD15    ";"DOMANI DECO S.R.L.                                ";AV. HIPOLITO YRIGOYEN 2566;952728;"61-205         ";61-205 - LAVATORIO MONOC ALTO STEEL;1;1;1;23298769;100926145656813;182957488;;;;07/28/2031 00:00:00;1;13909740;10/09/2026 14:56:56;Maximiliano;Nievas;24575254;10/09/2026 12:44:12;7152;Mirko;Hernandez;Maximiliano Nievas;Mirko Hernandez
14245955;10/09/2026 14:56:57;3;2;0001  215407-1;01;CAMIONETA LUN 1;2092064;"DD15    ";"DOMANI DECO S.R.L.                                ";AV. HIPOLITO YRIGOYEN 2566;952800;"63-183         ";"LAVATORIO PARED EMB MONOCOMANDO MAT                                   ";1;1;1;23298769;100926145656813;182954983;;;;01/12/2032 00:00:00;1;13909740;10/09/2026 14:56:56;Maximiliano;Nievas;24575254;10/09/2026 12:44:12;7152;Mirko;Hernandez;Maximiliano Nievas;Mirko Hernandez
14245955;10/09/2026 14:56:57;3;2;0001  215407-1;01;CAMIONETA LUN 1;2092064;"DD15    ";"DOMANI DECO S.R.L.                                ";AV. HIPOLITO YRIGOYEN 2566;952933;"70-183         ";"BIDE MONOCOMANDO C/TRANSF MAT                                         ";1;1;1;23298769;100926145656813;182955102;;;;11/02/2031 00:00:00;1;13909740;10/09/2026 14:56:56;Maximiliano;Nievas;24575254;10/09/2026 12:44:12;7152;Mirko;Hernandez;Maximiliano Nievas;Mirko Hernandez
14245955;10/09/2026 14:56:57;3;2;0001  215407-1;01;CAMIONETA LUN 1;2092064;"DD15    ";"DOMANI DECO S.R.L.                                ";AV. HIPOLITO YRIGOYEN 2566;952956;"70-205         ";70-205 - BIDE MONOCOMANDO STEEL;1;1;1;23298769;100926145656813;182957241;;;;11/08/2031 00:00:00;1;13909740;10/09/2026 14:56:56;Maximiliano;Nievas;24575254;10/09/2026 12:44:12;7152;Mirko;Hernandez;Maximiliano Nievas;Mirko Hernandez
14245955;10/09/2026 14:56:57;3;2;0001  215407-1;01;CAMIONETA LUN 1;2092064;"DD15    ";"DOMANI DECO S.R.L.                                ";AV. HIPOLITO YRIGOYEN 2566;953131;"80-183         ";"DUCHA EMB C/TRANSF MONOCOMANDO MAT                                    ";1;1;1;23298769;100926145656813;182954789;;;;11/02/2031 00:00:00;1;13909740;10/09/2026 14:56:56;Maximiliano;Nievas;24575254;10/09/2026 12:44:12;7152;Mirko;Hernandez;Maximiliano Nievas;Mirko Hernandez
14245955;10/09/2026 14:56:57;3;2;0001  215407-1;01;CAMIONETA LUN 1;2092064;"DD15    ";"DOMANI DECO S.R.L.                                ";AV. HIPOLITO YRIGOYEN 2566;952765;"62-175DG       ";62-175DG - LAVATORIO DE PARED PULSE DARK GOLD C.CERAM;1;1;1;23301578;100926145534251;182972230;;;;07/31/2031 00:00:00;1;13909716;10/09/2026 14:55:34;Maximiliano;Nievas;24577896;10/09/2026 13:16:49;7807;Nicolas;Perez;Maximiliano Nievas;Nicolas Perez
14245955;10/09/2026 14:56:57;3;2;0001  215407-1;01;CAMIONETA LUN 1;2092064;"DD15    ";"DOMANI DECO S.R.L.                                ";AV. HIPOLITO YRIGOYEN 2566;954914;"BCH12          ";BCH12 - BACHA DE APOYAR BLANCA 460x320x140;1;1;1;23301811;100926145458891;182974314;;;;11/10/2031 00:00:00;1;13909690;10/09/2026 14:54:58;Maximiliano;Nievas;24578123;10/09/2026 13:22:54;7807;Nicolas;Perez;Maximiliano Nievas;Nicolas Perez
14245956;10/09/2026 15:02:59;3;2;0001  215459-1;01;CAMIONETA LUN 1;2091214;"BA30    ";"BARUGEL AZULAY Y CIA SAIC                         ";MARCOS SASTRE 1751;953153;"80-200G        ";80-200G - DUCHA EMB. MONOC. 3 FUNCIONES GOLD FABRIC;3;3;3;23300387;100926150109403;182965234;;;;12/03/2031 00:00:00;3;13909883;10/09/2026 15:01:09;Maximiliano;Nievas;24576819;10/09/2026 13:10:27;7152;Mirko;Hernandez;Maximiliano Nievas;Mirko Hernandez
14245956;10/09/2026 15:02:59;3;2;0001  215459-1;01;CAMIONETA LUN 1;2091214;"BA30    ";"BARUGEL AZULAY Y CIA SAIC                         ";MARCOS SASTRE 1751;953136;"80-190P        ";80-190P - DUCHA EMB. C/TRANSF. C.CERAM BLACK VELVET PLUS;2;2;2;23300387;100926150109403;182968171;;;;07/30/2031 00:00:00;2;13909883;10/09/2026 15:01:09;Maximiliano;Nievas;24576819;10/09/2026 13:10:27;7152;Mirko;Hernandez;Maximiliano Nievas;Mirko Hernandez
14245956;10/09/2026 15:02:59;3;2;0001  215459-1;01;CAMIONETA LUN 1;2091214;"BA30    ";"BARUGEL AZULAY Y CIA SAIC                         ";MARCOS SASTRE 1751;952774;"62-190         ";62-190 - LAVATORIO PARED EMB. C.CERAM BLACK VELVET;2;2;2;23300387;100926150109403;182968334;;;;09/02/2031 00:00:00;2;13909883;10/09/2026 15:01:09;Maximiliano;Nievas;24576819;10/09/2026 13:10:27;7152;Mirko;Hernandez;Maximiliano Nievas;Mirko Hernandez
14245956;10/09/2026 15:02:59;3;2;0001  215459-1;01;CAMIONETA LUN 1;2091214;"BA30    ";"BARUGEL AZULAY Y CIA SAIC                         ";MARCOS SASTRE 1751;954382;"A1540          ";"CUERPO VALVULA DE DESAGOTE P/INODORO TECNO 02-010/011                 ";5;5;5;23300387;100926150109403;182970151;;;;07/28/2031 00:00:00;5;13909883;10/09/2026 15:01:09;Maximiliano;Nievas;24576819;10/09/2026 13:10:27;7152;Mirko;Hernandez;Maximiliano Nievas;Mirko Hernandez
14245956;10/09/2026 15:02:59;3;2;0001  215459-1;01;CAMIONETA LUN 1;2091214;"BA30    ";"BARUGEL AZULAY Y CIA SAIC                         ";MARCOS SASTRE 1751;951297;"17020G         ";17020G - TOALLERO DE ARO LINEA FABRIC GOLD;1;1;1;23300944;100926150258085;182968470;;;;07/29/2031 00:00:00;1;13909969;10/09/2026 15:02:58;Maximiliano;Nievas;24577376;10/09/2026 13:13:08;7807;Nicolas;Perez;Maximiliano Nievas;Nicolas Perez
14245956;10/09/2026 15:02:59;3;2;0001  215459-1;01;CAMIONETA LUN 1;2091214;"BA30    ";"BARUGEL AZULAY Y CIA SAIC                         ";MARCOS SASTRE 1751;951300;"17030G         ";17030G - PERCHA LINEA FABRIC GOLD;2;2;2;23300944;100926150258085;182970258;;;;07/29/2031 00:00:00;2;13909969;10/09/2026 15:02:58;Maximiliano;Nievas;24577376;10/09/2026 13:13:08;7807;Nicolas;Perez;Maximiliano Nievas;Nicolas Perez
14245956;10/09/2026 15:02:59;3;2;0001  215459-1;01;CAMIONETA LUN 1;2091214;"BA30    ";"BARUGEL AZULAY Y CIA SAIC                         ";MARCOS SASTRE 1751;951303;"17040G         ";17040G - PORTA ROLLO LINEA FABRIC GOLD;1;1;1;23300944;100926150258085;182968954;;;;07/28/2031 00:00:00;1;13909969;10/09/2026 15:02:58;Maximiliano;Nievas;24577376;10/09/2026 13:13:08;7807;Nicolas;Perez;Maximiliano Nievas;Nicolas Perez
14245956;10/09/2026 15:02:59;3;2;0001  215459-1;01;CAMIONETA LUN 1;2091214;"BA30    ";"BARUGEL AZULAY Y CIA SAIC                         ";MARCOS SASTRE 1751;952467;"52-121         ";52-121 - GRIFERIA REBATIBLE P/LLENADO DE OLLAS MARBELLA;1;1;1;23300944;100926150258085;182970600;;;;07/29/2031 00:00:00;1;13909969;10/09/2026 15:02:58;Maximiliano;Nievas;24577376;10/09/2026 13:13:08;7807;Nicolas;Perez;Maximiliano Nievas;Nicolas Perez
14245956;10/09/2026 15:02:59;3;2;0001  215459-1;01;CAMIONETA LUN 1;2091214;"BA30    ";"BARUGEL AZULAY Y CIA SAIC                         ";MARCOS SASTRE 1751;952908;"70-152         ";70-152 - BIDE MONOCOMANDO CR C/TRANSFERENCIA SORIA;1;1;1;23300944;100926150258085;182970974;;;;07/28/2031 00:00:00;1;13909969;10/09/2026 15:02:58;Maximiliano;Nievas;24577376;10/09/2026 13:13:08;7807;Nicolas;Perez;Maximiliano Nievas;Nicolas Perez
14246358;10/09/2026 12:37:59;3;2;0001  215450-1;14;RETIRA;2092457;"FF04    ";"FANTINI FERNANDO ARIEL                            ";ING. WHITE 1475;957390;"RA001          ";RA001 - CABEZAL STD NO ASCENDENTE;40;40;40;23292279;100926104847558;182906210;;;;11/22/2031 00:00:00;40;13901681;10/09/2026 10:48:47;Gaston Alejandro;Kiriczuk;24568824;10/09/2026 10:36:44;6409;Gaston Alejandro;Kiriczuk;Gaston Alejandro Kiriczuk;Gaston Alejandro Kiriczuk
14246358;10/09/2026 12:37:59;3;2;0001  215450-1;14;RETIRA;2092457;"FF04    ";"FANTINI FERNANDO ARIEL                            ";ING. WHITE 1475;957393;"RA004          ";RA004 - CABEZAL P/TRANSF. BIDET Y DUCHA EMBUTIR;20;20;20;23292279;100926104847558;182907419;;;;07/31/2031 00:00:00;20;13901681;10/09/2026 10:48:47;Gaston Alejandro;Kiriczuk;24568824;10/09/2026 10:36:44;6409;Gaston Alejandro;Kiriczuk;Gaston Alejandro Kiriczuk;Gaston Alejandro Kiriczuk
14246358;10/09/2026 12:37:59;3;2;0001  215450-1;14;RETIRA;2092457;"FF04    ";"FANTINI FERNANDO ARIEL                            ";ING. WHITE 1475;957855;"RA723          ";RA723 - LATERAL LAV /  BIDE STD COMPLETO;6;6;6;23292279;100926104847558;182906855;;;;08/02/2031 00:00:00;6;13901681;10/09/2026 10:48:47;Gaston Alejandro;Kiriczuk;24568824;10/09/2026 10:36:44;6409;Gaston Alejandro;Kiriczuk;Gaston Alejandro Kiriczuk;Gaston Alejandro Kiriczuk
14246358;10/09/2026 12:37:59;3;2;0001  215450-1;14;RETIRA;2092457;"FF04    ";"FANTINI FERNANDO ARIEL                            ";ING. WHITE 1475;957876;"RA773C         ";RA773C - CAMPANA C/BUJE ARES/BEDIA/MURCIA;20;20;20;23292279;100926104847558;182907781;;;;11/16/2031 00:00:00;20;13901681;10/09/2026 10:48:47;Gaston Alejandro;Kiriczuk;24568824;10/09/2026 10:36:44;6409;Gaston Alejandro;Kiriczuk;Gaston Alejandro Kiriczuk;Gaston Alejandro Kiriczuk
14246358;10/09/2026 12:37:59;3;2;0001  215450-1;14;RETIRA;2092457;"FF04    ";"FANTINI FERNANDO ARIEL                            ";ING. WHITE 1475;952583;"60-058         ";60-058 - LAVATORIO CR C.STD MALBA;2;2;2;23294492;100926123758599;182926030;;;;12/03/2031 00:00:00;2;13905335;10/09/2026 12:37:58;Agustin;Scirica;24570924;10/09/2026 11:33:14;7636;Kevin;Arce;Agustin Scirica;Kevin Arce
14246358;10/09/2026 12:37:59;3;2;0001  215450-1;14;RETIRA;2092457;"FF04    ";"FANTINI FERNANDO ARIEL                            ";ING. WHITE 1475;952438;"51-058         ";51-058 - COCINA MESADA CR C.STD MALBA;1;1;1;23294492;100926123758599;182922185;;;;10/19/2031 00:00:00;1;13905335;10/09/2026 12:37:58;Agustin;Scirica;24570924;10/09/2026 11:33:14;7636;Kevin;Arce;Agustin Scirica;Kevin Arce
14246358;10/09/2026 12:37:59;3;2;0001  215450-1;14;RETIRA;2092457;"FF04    ";"FANTINI FERNANDO ARIEL                            ";ING. WHITE 1475;954922;"BCH19          ";"BACHA DE APOYAR BLANCA 365x235x120                                    ";1;1;1;23295121;100926123627319;182926461;;;;07/28/2031 00:00:00;1;13905297;10/09/2026 12:36:27;Agustin;Scirica;24571654;10/09/2026 11:13:18;7152;Mirko;Hernandez;Agustin Scirica;Mirko Hernandez
14246359;10/09/2026 12:47:50;3;2;0001  215451-1;14;RETIRA;2092457;"FF04    ";"FANTINI FERNANDO ARIEL                            ";ING. WHITE 1475;956502;"LG05C20        ";"MONOCOMANDO DE COCINA CR BLAUEN                                       ";1;1;1;23294214;100926124749724;182919662;;;;02/12/2032 00:00:00;1;13905599;10/09/2026 12:47:49;Tiago;Rodriguez;24570760;10/09/2026 10:56:10;7636;Kevin;Arce;Tiago Rodriguez;Kevin Arce
14246359;10/09/2026 12:47:50;3;2;0001  215451-1;14;RETIRA;2092457;"FF04    ";"FANTINI FERNANDO ARIEL                            ";ING. WHITE 1475;956496;"LG04C60        ";LG04C60 - LAVATORIO CR C.CERAM DAVOS;2;2;2;23294493;100926124711067;182924079;;;;07/29/2031 00:00:00;2;13905583;10/09/2026 12:47:11;Tiago;Rodriguez;24570924;10/09/2026 11:33:14;7636;Kevin;Arce;Tiago Rodriguez;Kevin Arce
14246359;10/09/2026 12:47:50;3;2;0001  215451-1;14;RETIRA;2092457;"FF04    ";"FANTINI FERNANDO ARIEL                            ";ING. WHITE 1475;956490;"LG03C60        ";LG03C60 - LAVATORIO CR C.STD BERNA;4;4;4;23294493;100926124711067;182923615;;;;11/19/2031 00:00:00;4;13905583;10/09/2026 12:47:11;Tiago;Rodriguez;24570924;10/09/2026 11:33:14;7636;Kevin;Arce;Tiago Rodriguez;Kevin Arce
14246360;10/09/2026 12:18:25;3;2;0008    2919-1;14;RETIRA;2092457;"FF04    ";"FANTINI FERNANDO ARIEL                            ";ING. WHITE 1475;952438;"51-058         ";51-058 - COCINA MESADA CR C.STD MALBA;1;1;1;23296485;100926121823643;182936548;;;;10/19/2031 00:00:00;1;13904839;10/09/2026 12:18:23;Agustin;Scirica;24572864;10/09/2026 11:34:33;7807;Nicolas;Perez;Agustin Scirica;Nicolas Perez
14246360;10/09/2026 12:18:25;3;2;0008    2919-1;14;RETIRA;2092457;"FF04    ";"FANTINI FERNANDO ARIEL                            ";ING. WHITE 1475;952583;"60-058         ";60-058 - LAVATORIO CR C.STD MALBA;2;2;2;23296485;100926121823643;182936277;;;;12/03/2031 00:00:00;2;13904839;10/09/2026 12:18:23;Agustin;Scirica;24572864;10/09/2026 11:34:33;7807;Nicolas;Perez;Agustin Scirica;Nicolas Perez
14246480;10/09/2026 10:41:07;3;2;0001  215436-1;14;RETIRA;2092048;"DC16    ";"DISEÑO Y CONSTRUCCION LEO SRL -CASA LEO           ";RN 197 2201;952925;"70-176         ";70-176 - BIDE MONOC C/TRANSF CR RIO;1;1;1;23292280;100926104106941;182908925;;;;11/17/2031 00:00:00;1;13901507;10/09/2026 10:41:06;Gaston Alejandro;Kiriczuk;24568824;10/09/2026 10:36:44;6409;Gaston Alejandro;Kiriczuk;Gaston Alejandro Kiriczuk;Gaston Alejandro Kiriczuk
14246480;10/09/2026 10:41:07;3;2;0001  215436-1;14;RETIRA;2092048;"DC16    ";"DISEÑO Y CONSTRUCCION LEO SRL -CASA LEO           ";RN 197 2201;953316;"83-176         ";83-176 - DUCHA EXT. C/TRANSF. MONOC CR RIO;1;1;1;23292280;100926104106941;182909073;;;;07/28/2031 00:00:00;1;13901507;10/09/2026 10:41:06;Gaston Alejandro;Kiriczuk;24568824;10/09/2026 10:36:44;6409;Gaston Alejandro;Kiriczuk;Gaston Alejandro Kiriczuk;Gaston Alejandro Kiriczuk
14246481;10/09/2026 10:45:08;3;2;0001  215442-1;14;RETIRA;2093681;"NH01    ";"NICUESA E HIJOS S.R.L. -SANIT. NICUESA E HIJOS    ";ITALIA 1562;953158;"80-203N        ";"DUCHA EMB C/TRANSF. MONOCOMANDO ADRA BLACK PLUS                       ";1;1;1;23292281;100926104507615;182911172;;;;07/28/2031 00:00:00;1;13901661;10/09/2026 10:45:07;Gaston Alejandro;Kiriczuk;24568824;10/09/2026 10:36:44;6409;Gaston Alejandro;Kiriczuk;Gaston Alejandro Kiriczuk;Gaston Alejandro Kiriczuk
14246482;10/09/2026 12:54:11;3;2;0001  215335-1;14;RETIRA;2094711;"SY05    ";"SANITARIOS YRIGOYEN CABRERA S. R. L.              ";DEBENEDETTI 3052;951531;"20-146N        ";20-146N - MONOCOMANDO DE COCINA BLACK LINEA MOVE;6;6;6;23294312;100926125410907;182920831;;;;07/30/2031 00:00:00;6;13905746;10/09/2026 12:54:10;Tiago;Rodriguez;24570876;10/09/2026 11:05:05;7152;Mirko;Hernandez;Tiago Rodriguez;Mirko Hernandez
14246482;10/09/2026 12:54:11;3;2;0001  215335-1;14;RETIRA;2094711;"SY05    ";"SANITARIOS YRIGOYEN CABRERA S. R. L.              ";DEBENEDETTI 3052;953153;"80-200G        ";80-200G - DUCHA EMB. MONOC. 3 FUNCIONES GOLD FABRIC;2;2;2;23294494;100926125026671;182922636;;;;12/03/2031 00:00:00;2;13905690;10/09/2026 12:50:26;Tiago;Rodriguez;24570924;10/09/2026 11:33:14;7636;Kevin;Arce;Tiago Rodriguez;Kevin Arce
14246482;10/09/2026 12:54:11;3;2;0001  215335-1;14;RETIRA;2094711;"SY05    ";"SANITARIOS YRIGOYEN CABRERA S. R. L.              ";DEBENEDETTI 3052;953156;"80-201NI       ";80-201NI - DUCHA EMB C/TRANSF C.CERAM BEAT NICKEL;1;1;1;23294494;100926125026671;182928568;;;;11/10/2031 00:00:00;1;13905690;10/09/2026 12:50:26;Tiago;Rodriguez;24570924;10/09/2026 11:33:14;7636;Kevin;Arce;Tiago Rodriguez;Kevin Arce
14246482;10/09/2026 12:54:11;3;2;0001  215335-1;14;RETIRA;2094711;"SY05    ";"SANITARIOS YRIGOYEN CABRERA S. R. L.              ";DEBENEDETTI 3052;953118;"80-175DG       ";80-175DG - DUCHA EMB C/TRANSF. PULSE DARK GOLD C.CERAM;1;1;1;23300398;100926125002977;182934739;;;;10/19/2031 00:00:00;1;13905694;10/09/2026 12:50:03;Tiago;Rodriguez;;;;;;Tiago Rodriguez;
14246482;10/09/2026 12:54:11;3;2;0001  215335-1;14;RETIRA;2094711;"SY05    ";"SANITARIOS YRIGOYEN CABRERA S. R. L.              ";DEBENEDETTI 3052;952616;"60-131         ";60-131 - LAVATORIO C.CERAM CR MALLORCA;1;1;1;23300398;100926125002977;182933386;;;;01/03/2032 00:00:00;1;13905694;10/09/2026 12:50:03;Tiago;Rodriguez;;;;;;Tiago Rodriguez;
14246482;10/09/2026 12:54:11;3;2;0001  215335-1;14;RETIRA;2094711;"SY05    ";"SANITARIOS YRIGOYEN CABRERA S. R. L.              ";DEBENEDETTI 3052;952723;"61-200C        ";61-200C - LAVATORIO MONOC ALTO CR FABRIC;3;3;3;23300465;100926125156887;182923730;;;;07/27/2031 00:00:00;3;13905762;10/09/2026 12:51:56;Tiago;Rodriguez;;;;;;Tiago Rodriguez;
14246482;10/09/2026 12:54:11;3;2;0001  215335-1;14;RETIRA;2094711;"SY05    ";"SANITARIOS YRIGOYEN CABRERA S. R. L.              ";DEBENEDETTI 3052;952724;"61-200G        ";61-200G - LAVATORIO MONOC ALTO GOLD FABRIC;2;2;2;23300465;100926125156887;182921565;;;;07/27/2031 00:00:00;2;13905762;10/09/2026 12:51:56;Tiago;Rodriguez;;;;;;Tiago Rodriguez;
14246482;10/09/2026 12:54:11;3;2;0001  215335-1;14;RETIRA;2094711;"SY05    ";"SANITARIOS YRIGOYEN CABRERA S. R. L.              ";DEBENEDETTI 3052;953123;"80-176N        ";80-176N - DUCHA EMB C/TRANSF MONOC BLACK RIO;2;2;2;23300494;100926125224555;182923164;;;;07/27/2031 00:00:00;2;13905770;10/09/2026 12:52:24;Tiago;Rodriguez;;;;;;Tiago Rodriguez;
14246482;10/09/2026 12:54:11;3;2;0001  215335-1;14;RETIRA;2094711;"SY05    ";"SANITARIOS YRIGOYEN CABRERA S. R. L.              ";DEBENEDETTI 3052;952950;"70-200G        ";70-200G - BIDE MONOCOMANDO GOLD FABRIC;2;2;2;23300494;100926125224555;182921917;;;;07/27/2031 00:00:00;2;13905770;10/09/2026 12:52:24;Tiago;Rodriguez;;;;;;Tiago Rodriguez;
14246482;10/09/2026 12:54:11;3;2;0001  215335-1;14;RETIRA;2094711;"SY05    ";"SANITARIOS YRIGOYEN CABRERA S. R. L.              ";DEBENEDETTI 3052;952673;"60-200G        ";60-200G - LAVATORIO MONOC BAJO GOLD FABRIC;1;1;1;23300494;100926125224555;182921591;;;;07/28/2031 00:00:00;1;13905770;10/09/2026 12:52:24;Tiago;Rodriguez;;;;;;Tiago Rodriguez;
14246482;10/09/2026 12:54:11;3;2;0001  215335-1;14;RETIRA;2094711;"SY05    ";"SANITARIOS YRIGOYEN CABRERA S. R. L.              ";DEBENEDETTI 3052;952637;"60-168         ";60-168 - LAVATORIO MONOC BAJO CR WAVE;1;1;1;23300494;100926125224555;182923811;;;;07/27/2031 00:00:00;1;13905770;10/09/2026 12:52:24;Tiago;Rodriguez;;;;;;Tiago Rodriguez;
14246482;10/09/2026 12:54:11;3;2;0001  215335-1;14;RETIRA;2094711;"SY05    ";"SANITARIOS YRIGOYEN CABRERA S. R. L.              ";DEBENEDETTI 3052;952713;"61-176N        ";61-176N - LAVATORIO MONOC ALTO BLACK RIO;10;10;10;23300515;100926125316083;182965075;;;;07/29/2031 00:00:00;6;13905802;10/09/2026 12:53:16;Tiago;Rodriguez;;;;;;Tiago Rodriguez;
14246482;10/09/2026 12:54:11;3;2;0001  215335-1;14;RETIRA;2094711;"SY05    ";"SANITARIOS YRIGOYEN CABRERA S. R. L.              ";DEBENEDETTI 3052;952713;"61-176N        ";61-176N - LAVATORIO MONOC ALTO BLACK RIO;10;10;10;23300521;100926125326829;182922715;;;;07/29/2031 00:00:00;4;13905804;10/09/2026 12:53:26;Tiago;Rodriguez;;;;;;Tiago Rodriguez;
14246483;10/09/2026 10:44:49;3;2;0001  215395-1;14;RETIRA;2092156;"DM20    ";"DECO MIRACEMA SAS                                 ";CUBA 1450;952799;"63-180         ";63-180 - LAVATORIO MONOC. DE PARED VERA;1;1;1;23292282;100926104449539;182909477;;;;07/27/2031 00:00:00;1;13901650;10/09/2026 10:44:49;Gaston Alejandro;Kiriczuk;24568824;10/09/2026 10:36:44;6409;Gaston Alejandro;Kiriczuk;Gaston Alejandro Kiriczuk;Gaston Alejandro Kiriczuk
14246484;10/09/2026 13:29:50;3;2;0008    2914-1;14;RETIRA;2094740;"TC13    ";"TREJO CLAUDIO Y TREJO A. -SANIT DEL NORTE         ";AV. AVELLANEDA 5645;952596;"60-100G        ";60-100G - LAVATORIO GOLD C.CERAM FABRIC;1;1;1;23294495;100926132949803;182932184;;;;11/10/2031 00:00:00;1;13906788;10/09/2026 13:29:49;Tiago;Rodriguez;24570924;10/09/2026 11:33:14;7636;Kevin;Arce;Tiago Rodriguez;Kevin Arce
14246484;10/09/2026 13:29:50;3;2;0008    2914-1;14;RETIRA;2094740;"TC13    ";"TREJO CLAUDIO Y TREJO A. -SANIT DEL NORTE         ";AV. AVELLANEDA 5645;952597;"60-100N        ";60-100N - LAVATORIO BLACK C.CERAM FABRIC;1;1;1;23294495;100926132949803;182932533;;;;12/01/2031 00:00:00;1;13906788;10/09/2026 13:29:49;Tiago;Rodriguez;24570924;10/09/2026 11:33:14;7636;Kevin;Arce;Tiago Rodriguez;Kevin Arce
14246484;10/09/2026 13:29:50;3;2;0008    2914-1;14;RETIRA;2094740;"TC13    ";"TREJO CLAUDIO Y TREJO A. -SANIT DEL NORTE         ";AV. AVELLANEDA 5645;1007844;"20-122S        ";"MONOCOMANDO COCINA INOX C/PICO EXTRAIBLE VALENCIA                     ";2;2;2;23295488;100926132731632;182930593;;;;01/06/2032 00:00:00;2;13906692;10/09/2026 13:27:31;Tiago;Rodriguez;24572007;10/09/2026 12:10:33;7152;Mirko;Hernandez;Tiago Rodriguez;Mirko Hernandez
14246484;10/09/2026 13:29:50;3;2;0008    2914-1;14;RETIRA;2094740;"TC13    ";"TREJO CLAUDIO Y TREJO A. -SANIT DEL NORTE         ";AV. AVELLANEDA 5645;951513;"20-122N        ";20-122N - MONOCOMANDO COCINA C/PICO EXTRAIBLE VALENCIA BLACK;2;2;2;23295488;100926132731632;182930713;;;;08/06/2031 00:00:00;2;13906692;10/09/2026 13:27:31;Tiago;Rodriguez;24572007;10/09/2026 12:10:33;7152;Mirko;Hernandez;Tiago Rodriguez;Mirko Hernandez
14246484;10/09/2026 13:29:50;3;2;0008    2914-1;14;RETIRA;2094740;"TC13    ";"TREJO CLAUDIO Y TREJO A. -SANIT DEL NORTE         ";AV. AVELLANEDA 5645;951528;"20-140         ";20-140 - MONOCOMANDO DE COCINA LINEA CUINA;5;5;5;23302076;100926132522466;182951101;;;;10/07/2031 00:00:00;5;13906706;10/09/2026 13:25:22;Tiago;Rodriguez;;;;;;Tiago Rodriguez;
14246484;10/09/2026 13:29:50;3;2;0008    2914-1;14;RETIRA;2094740;"TC13    ";"TREJO CLAUDIO Y TREJO A. -SANIT DEL NORTE         ";AV. AVELLANEDA 5645;951529;"20-140N        ";20-140N - MONOCOMANDO DE COCINA LINEA CUINA BLACK;5;5;5;23302107;100926132553453;182950876;;;;07/29/2031 00:00:00;5;13906726;10/09/2026 13:25:53;Tiago;Rodriguez;;;;;;Tiago Rodriguez;
14246484;10/09/2026 13:29:50;3;2;0008    2914-1;14;RETIRA;2094740;"TC13    ";"TREJO CLAUDIO Y TREJO A. -SANIT DEL NORTE         ";AV. AVELLANEDA 5645;951294;"17010G         ";17010G - TOALLERO BARRAL LINEA FABRIC GOLD;1;1;1;23302127;100926132623825;182950268;;;;07/27/2031 00:00:00;1;13906739;10/09/2026 13:26:23;Tiago;Rodriguez;;;;;;Tiago Rodriguez;
14246484;10/09/2026 13:29:50;3;2;0008    2914-1;14;RETIRA;2094740;"TC13    ";"TREJO CLAUDIO Y TREJO A. -SANIT DEL NORTE         ";AV. AVELLANEDA 5645;951300;"17030G         ";17030G - PERCHA LINEA FABRIC GOLD;1;1;1;23302127;100926132623825;182929374;;;;07/29/2031 00:00:00;1;13906739;10/09/2026 13:26:23;Tiago;Rodriguez;;;;;;Tiago Rodriguez;
14246484;10/09/2026 13:29:50;3;2;0008    2914-1;14;RETIRA;2094740;"TC13    ";"TREJO CLAUDIO Y TREJO A. -SANIT DEL NORTE         ";AV. AVELLANEDA 5645;951301;"17030N         ";17030N - PERCHA LINEA FABRIC BLACK;1;1;1;23302127;100926132623825;182929580;;;;07/28/2031 00:00:00;1;13906739;10/09/2026 13:26:23;Tiago;Rodriguez;;;;;;Tiago Rodriguez;
14246484;10/09/2026 13:29:50;3;2;0008    2914-1;14;RETIRA;2094740;"TC13    ";"TREJO CLAUDIO Y TREJO A. -SANIT DEL NORTE         ";AV. AVELLANEDA 5645;951533;"20-150         ";20-150 - MONOCOMANDO MESADA COCINA TOLEDO;2;2;2;23302156;100926132711042;182949661;;;;07/27/2031 00:00:00;2;13906760;10/09/2026 13:27:11;Tiago;Rodriguez;;;;;;Tiago Rodriguez;
14246484;10/09/2026 13:29:50;3;2;0008    2914-1;14;RETIRA;2094740;"TC13    ";"TREJO CLAUDIO Y TREJO A. -SANIT DEL NORTE         ";AV. AVELLANEDA 5645;951304;"17040N         ";17040N - PORTA ROLLO LINEA FABRIC BLACK;1;1;1;23302156;100926132711042;182929766;;;;07/29/2031 00:00:00;1;13906760;10/09/2026 13:27:11;Tiago;Rodriguez;;;;;;Tiago Rodriguez;
14246484;10/09/2026 13:29:50;3;2;0008    2914-1;14;RETIRA;2094740;"TC13    ";"TREJO CLAUDIO Y TREJO A. -SANIT DEL NORTE         ";AV. AVELLANEDA 5645;951303;"17040G         ";17040G - PORTA ROLLO LINEA FABRIC GOLD;1;1;1;23302156;100926132711042;182930151;;;;07/28/2031 00:00:00;1;13906760;10/09/2026 13:27:11;Tiago;Rodriguez;;;;;;Tiago Rodriguez;
14246484;10/09/2026 13:29:50;3;2;0008    2914-1;14;RETIRA;2094740;"TC13    ";"TREJO CLAUDIO Y TREJO A. -SANIT DEL NORTE         ";AV. AVELLANEDA 5645;951298;"17020N         ";17020N - TOALLERO DE ARO LINEA FABRIC BLACK;1;1;1;23302156;100926132711042;182929857;;;;07/29/2031 00:00:00;1;13906760;10/09/2026 13:27:11;Tiago;Rodriguez;;;;;;Tiago Rodriguez;
14246484;10/09/2026 13:29:50;3;2;0008    2914-1;14;RETIRA;2094740;"TC13    ";"TREJO CLAUDIO Y TREJO A. -SANIT DEL NORTE         ";AV. AVELLANEDA 5645;951297;"17020G         ";17020G - TOALLERO DE ARO LINEA FABRIC GOLD;1;1;1;23302156;100926132711042;182950211;;;;07/29/2031 00:00:00;1;13906760;10/09/2026 13:27:11;Tiago;Rodriguez;;;;;;Tiago Rodriguez;
14246484;10/09/2026 13:29:50;3;2;0008    2914-1;14;RETIRA;2094740;"TC13    ";"TREJO CLAUDIO Y TREJO A. -SANIT DEL NORTE         ";AV. AVELLANEDA 5645;953060;"80-058         ";80-058 - DUCHA EMB. C/TRANSF. CR C.STD MALBA;5;5;5;23302215;100926132844343;182925182;;;;01/06/2032 00:00:00;5;13906803;10/09/2026 13:28:44;Tiago;Rodriguez;;;;;;Tiago Rodriguez;
14246484;10/09/2026 13:29:50;3;2;0008    2914-1;14;RETIRA;2094740;"TC13    ";"TREJO CLAUDIO Y TREJO A. -SANIT DEL NORTE         ";AV. AVELLANEDA 5645;952583;"60-058         ";60-058 - LAVATORIO CR C.STD MALBA;5;5;5;23302215;100926132844343;182926628;;;;12/03/2031 00:00:00;5;13906803;10/09/2026 13:28:44;Tiago;Rodriguez;;;;;;Tiago Rodriguez;
14246484;10/09/2026 13:29:50;3;2;0008    2914-1;14;RETIRA;2094740;"TC13    ";"TREJO CLAUDIO Y TREJO A. -SANIT DEL NORTE         ";AV. AVELLANEDA 5645;952874;"70-100G        ";70-100G - BIDE GOLD C.CERAM FABRIC;1;1;1;23302243;100926132933661;182932371;;;;07/29/2031 00:00:00;1;13906830;10/09/2026 13:29:33;Tiago;Rodriguez;;;;;;Tiago Rodriguez;
14246484;10/09/2026 13:29:50;3;2;0008    2914-1;14;RETIRA;2094740;"TC13    ";"TREJO CLAUDIO Y TREJO A. -SANIT DEL NORTE         ";AV. AVELLANEDA 5645;952862;"70-058         ";70-058 - BIDE CR C.STD MALBA;5;5;5;23302243;100926132933661;182924809;;;;10/20/2031 00:00:00;5;13906830;10/09/2026 13:29:33;Tiago;Rodriguez;;;;;;Tiago Rodriguez;
14246484;10/09/2026 13:29:50;3;2;0008    2914-1;14;RETIRA;2094740;"TC13    ";"TREJO CLAUDIO Y TREJO A. -SANIT DEL NORTE         ";AV. AVELLANEDA 5645;952875;"70-100N        ";70-100N - BIDE BLACK C.CERAM FABRIC;1;1;1;23302243;100926132933661;182932836;;;;07/29/2031 00:00:00;1;13906830;10/09/2026 13:29:33;Tiago;Rodriguez;;;;;;Tiago Rodriguez;
14246485;10/09/2026 12:47:27;3;2;4444    2438-1;14;RETIRA;2094989;"VM14    ";"VIESTI HNOS. SANITARIOS S. R. L.                  ";PTE. ARTURO ILIA 4289;954946;"BID104-1       ";"BIDE 1 AGUJERO BLANCO LINEA STONE                                     ";1;1;1;23295122;100926124727484;182927120;;;;10/26/2031 00:00:00;1;13905594;10/09/2026 12:47:27;Agustin;Scirica;24571654;10/09/2026 11:13:18;7152;Mirko;Hernandez;Agustin Scirica;Mirko Hernandez
14246729;10/09/2026 15:33:29;3;2;0001  215083-1;01;CAMIONETA LUN 2;2094405;"SD31    ";"SG SANITARIOS DEL ESTE S.A                        ";COLECTORA DEL ESTE 1921;951134;"13020          ";"TOALLERO DE ARO LINEA 13000                                           ";6;6;6;23304268;100926153329568;182994931;;;;07/31/2031 00:00:00;6;13910836;10/09/2026 15:33:29;Maximiliano;Nievas;24580399;10/09/2026 14:34:29;7636;Kevin;Arce;Maximiliano Nievas;Kevin Arce
14246729;10/09/2026 15:33:29;3;2;0001  215083-1;01;CAMIONETA LUN 2;2094405;"SD31    ";"SG SANITARIOS DEL ESTE S.A                        ";COLECTORA DEL ESTE 1921;951135;"13030          ";"PERCHA LINEA 13000                                                    ";5;5;5;23304268;100926153329568;182995695;;;;07/31/2031 00:00:00;5;13910836;10/09/2026 15:33:29;Maximiliano;Nievas;24580399;10/09/2026 14:34:29;7636;Kevin;Arce;Maximiliano Nievas;Kevin Arce
14246729;10/09/2026 15:33:29;3;2;0001  215083-1;01;CAMIONETA LUN 2;2094405;"SD31    ";"SG SANITARIOS DEL ESTE S.A                        ";COLECTORA DEL ESTE 1921;951136;"13040          ";"PORTA ROLLO LINEA 13000                                               ";4;4;4;23304268;100926153329568;182995346;;;;07/31/2031 00:00:00;4;13910836;10/09/2026 15:33:29;Maximiliano;Nievas;24580399;10/09/2026 14:34:29;7636;Kevin;Arce;Maximiliano Nievas;Kevin Arce
14246730;10/09/2026 15:25:33;3;2;0001  215142-1;01;CAMIONETA LUN 2;2094499;"SJ04    ";"SANITARIOS JOSE C. PAZ S A E F                    ";HIPOLITO YRIGOYEN 1206;951343;"1930-70GN      ";1930-70GN - FLEXIBLE P/GAS NATURAL C/PILAR H 1 1/4-M 3/4 30-70;10;10;10;23304269;100926152532443;182996959;;;;07/31/2031 00:00:00;10;13910735;10/09/2026 15:25:32;Maximiliano;Nievas;24580399;10/09/2026 14:34:29;7636;Kevin;Arce;Maximiliano Nievas;Kevin Arce
14246731;10/09/2026 15:35:26;3;2;0001  215134-1;01;CAMIONETA LUN 2;2093663;"NC04    ";"NUEVA CASA SA                                     ";COLECTORA ESTE PANAMERICANA S/N KM 44 44;951300;"17030G         ";17030G - PERCHA LINEA FABRIC GOLD;1;1;1;23304428;100926153523312;182997228;;;;07/29/2031 00:00:00;1;13911015;10/09/2026 15:35:23;Maximiliano;Nievas;24580553;10/09/2026 14:25:04;7152;Mirko;Hernandez;Maximiliano Nievas;Mirko Hernandez
14246731;10/09/2026 15:35:26;3;2;0001  215134-1;01;CAMIONETA LUN 2;2093663;"NC04    ";"NUEVA CASA SA                                     ";COLECTORA ESTE PANAMERICANA S/N KM 44 44;951303;"17040G         ";17040G - PORTA ROLLO LINEA FABRIC GOLD;2;2;2;23304428;100926153523312;182997628;;;;07/28/2031 00:00:00;2;13911015;10/09/2026 15:35:23;Maximiliano;Nievas;24580553;10/09/2026 14:25:04;7152;Mirko;Hernandez;Maximiliano Nievas;Mirko Hernandez
14246731;10/09/2026 15:35:26;3;2;0001  215134-1;01;CAMIONETA LUN 2;2093663;"NC04    ";"NUEVA CASA SA                                     ";COLECTORA ESTE PANAMERICANA S/N KM 44 44;951318;"18040          ";18040 - PORTA ROLLO NIQUEL LINEA BEAT;2;2;2;23304428;100926153523312;183001149;;;;07/28/2031 00:00:00;2;13911015;10/09/2026 15:35:23;Maximiliano;Nievas;24580553;10/09/2026 14:25:04;7152;Mirko;Hernandez;Maximiliano Nievas;Mirko Hernandez
14246731;10/09/2026 15:35:26;3;2;0001  215134-1;01;CAMIONETA LUN 2;2093663;"NC04    ";"NUEVA CASA SA                                     ";COLECTORA ESTE PANAMERICANA S/N KM 44 44;953171;"80-353NI       ";80-353NI - DUCHA DE EMB 3 FUNCIONES BEAT NICKEL;1;1;1;23305930;100926153427664;183014021;;;;01/11/2032 00:00:00;1;13911009;10/09/2026 15:34:27;Maximiliano;Nievas;24582138;10/09/2026 14:58:04;7636;Kevin;Arce;Maximiliano Nievas;Kevin Arce
14246731;10/09/2026 15:35:26;3;2;0001  215134-1;01;CAMIONETA LUN 2;2093663;"NC04    ";"NUEVA CASA SA                                     ";COLECTORA ESTE PANAMERICANA S/N KM 44 44;952786;"62-201NI       ";62-201NI - LAVATORIO DE PARED C.CERAM BEAT NICKEL;1;1;1;23305930;100926153427664;183014171;;;;11/02/2031 00:00:00;1;13911009;10/09/2026 15:34:27;Maximiliano;Nievas;24582138;10/09/2026 14:58:04;7636;Kevin;Arce;Maximiliano Nievas;Kevin Arce
14246732;11/09/2026 07:11:22;3;2;9999      92-1;01;CAMIONETA LUN 2;2093656;"NA09    ";"NAVARRO ACHE S.A.                                 ";COLECTORA OESTE RAMAL ESCOBAR KM 47 1623;958156;"RINO104N-3     ";"ASIENTO INODORO BLACK LINEA STONE                                     ";1;1;1;23308725;110926071121991;183034168;;;;01/20/2032 00:00:00;1;13917156;11/09/2026 07:11:21;Tiago;Rodriguez;24585182;10/09/2026 15:38:48;6922;Franco;Potenza;Tiago Rodriguez;Franco Potenza
14246733;11/09/2026 07:35:06;3;2;0001  215337-1;01;CAMIONETA LUN 2;2094405;"SD31    ";"SG SANITARIOS DEL ESTE S.A                        ";COLECTORA DEL ESTE 1921;957393;"RA004          ";RA004 - CABEZAL P/TRANSF. BIDET Y DUCHA EMBUTIR;10;10;10;23306147;110926073505593;183015108;;;;07/31/2031 00:00:00;10;13917468;11/09/2026 07:35:05;Tiago;Rodriguez;24582415;10/09/2026 14:52:52;7807;Nicolas;Perez;Tiago Rodriguez;Nicolas Perez
14246733;11/09/2026 07:35:06;3;2;0001  215337-1;01;CAMIONETA LUN 2;2094405;"SD31    ";"SG SANITARIOS DEL ESTE S.A                        ";COLECTORA DEL ESTE 1921;957391;"RA002          ";RA002 - CABEZAL DERECHO CIERRE CERAMICO (FRIA);10;10;10;23306147;110926073505593;183015623;;;;02/01/2032 00:00:00;10;13917468;11/09/2026 07:35:05;Tiago;Rodriguez;24582415;10/09/2026 14:52:52;7807;Nicolas;Perez;Tiago Rodriguez;Nicolas Perez
14246733;11/09/2026 07:35:06;3;2;0001  215337-1;01;CAMIONETA LUN 2;2094405;"SD31    ";"SG SANITARIOS DEL ESTE S.A                        ";COLECTORA DEL ESTE 1921;957392;"RA003          ";RA003 - CABEZAL IZQUIERDO CIERRE CERAMICO (CALIENTE);10;10;10;23306147;110926073505593;183015351;;;;09/16/2031 00:00:00;10;13917468;11/09/2026 07:35:05;Tiago;Rodriguez;24582415;10/09/2026 14:52:52;7807;Nicolas;Perez;Tiago Rodriguez;Nicolas Perez
14246733;11/09/2026 07:35:06;3;2;0001  215337-1;01;CAMIONETA LUN 2;2094405;"SD31    ";"SG SANITARIOS DEL ESTE S.A                        ";COLECTORA DEL ESTE 1921;957390;"RA001          ";RA001 - CABEZAL STD NO ASCENDENTE;10;10;10;23306147;110926073505593;183016089;;;;11/22/2031 00:00:00;10;13917468;11/09/2026 07:35:05;Tiago;Rodriguez;24582415;10/09/2026 14:52:52;7807;Nicolas;Perez;Tiago Rodriguez;Nicolas Perez
14246733;11/09/2026 07:35:06;3;2;0001  215337-1;01;CAMIONETA LUN 2;2094405;"SD31    ";"SG SANITARIOS DEL ESTE S.A                        ";COLECTORA DEL ESTE 1921;953161;"80-205         ";80-205 - DUCHA EMB. C/TRANSF. MONOC STEEL;2;2;2;23319919;110926072902262;183013547;;;;08/11/2031 00:00:00;2;13917471;11/09/2026 07:29:02;Tiago;Rodriguez;;;;;;Tiago Rodriguez;
14246733;11/09/2026 07:35:06;3;2;0001  215337-1;01;CAMIONETA LUN 2;2094405;"SD31    ";"SG SANITARIOS DEL ESTE S.A                        ";COLECTORA DEL ESTE 1921;953131;"80-183         ";"DUCHA EMB C/TRANSF MONOCOMANDO MAT                                    ";1;1;1;23319919;110926072902262;183014367;;;;11/02/2031 00:00:00;1;13917471;11/09/2026 07:29:02;Tiago;Rodriguez;;;;;;Tiago Rodriguez;
14246733;11/09/2026 07:35:06;3;2;0001  215337-1;01;CAMIONETA LUN 2;2094405;"SD31    ";"SG SANITARIOS DEL ESTE S.A                        ";COLECTORA DEL ESTE 1921;952915;"70-168         ";70-168 - BIDE MONOC CR WAVE;1;1;1;23319959;110926072953493;183012050;;;;01/18/2032 00:00:00;1;13917480;11/09/2026 07:29:53;Tiago;Rodriguez;;;;;;Tiago Rodriguez;
14246733;11/09/2026 07:35:06;3;2;0001  215337-1;01;CAMIONETA LUN 2;2094405;"SD31    ";"SG SANITARIOS DEL ESTE S.A                        ";COLECTORA DEL ESTE 1921;952956;"70-205         ";70-205 - BIDE MONOCOMANDO STEEL;1;1;1;23319959;110926072953493;183011660;;;;11/08/2031 00:00:00;1;13917480;11/09/2026 07:29:53;Tiago;Rodriguez;;;;;;Tiago Rodriguez;
14246733;11/09/2026 07:35:06;3;2;0001  215337-1;01;CAMIONETA LUN 2;2094405;"SD31    ";"SG SANITARIOS DEL ESTE S.A                        ";COLECTORA DEL ESTE 1921;953102;"80-152         ";80-152 - DUCHA EMB. CR C/TRANSF. MONOCOMANDO SORIA;1;1;1;23319959;110926072953493;183010620;;;;10/26/2031 00:00:00;1;13917480;11/09/2026 07:29:53;Tiago;Rodriguez;;;;;;Tiago Rodriguez;
14246733;11/09/2026 07:35:06;3;2;0001  215337-1;01;CAMIONETA LUN 2;2094405;"SD31    ";"SG SANITARIOS DEL ESTE S.A                        ";COLECTORA DEL ESTE 1921;953123;"80-176N        ";80-176N - DUCHA EMB C/TRANSF MONOC BLACK RIO;1;1;1;23319959;110926072953493;183010882;;;;07/27/2031 00:00:00;1;13917480;11/09/2026 07:29:53;Tiago;Rodriguez;;;;;;Tiago Rodriguez;
14246733;11/09/2026 07:35:06;3;2;0001  215337-1;01;CAMIONETA LUN 2;2094405;"SD31    ";"SG SANITARIOS DEL ESTE S.A                        ";COLECTORA DEL ESTE 1921;952655;"60-183         ";"LAVATORIO MONOCOMANDO BAJO MAT                                        ";1;1;1;23319959;110926072953493;183014043;;;;11/02/2031 00:00:00;1;13917480;11/09/2026 07:29:53;Tiago;Rodriguez;;;;;;Tiago Rodriguez;
14246733;11/09/2026 07:35:06;3;2;0001  215337-1;01;CAMIONETA LUN 2;2094405;"SD31    ";"SG SANITARIOS DEL ESTE S.A                        ";COLECTORA DEL ESTE 1921;952679;"60-205         ";60-205 - LAVATORIO MONOC BAJO STEEL;1;1;1;23319959;110926072953493;183011383;;;;07/28/2031 00:00:00;1;13917480;11/09/2026 07:29:53;Tiago;Rodriguez;;;;;;Tiago Rodriguez;
14246733;11/09/2026 07:35:06;3;2;0001  215337-1;01;CAMIONETA LUN 2;2094405;"SD31    ";"SG SANITARIOS DEL ESTE S.A                        ";COLECTORA DEL ESTE 1921;953330;"84-180         ";84-180 - GRIFERIA DE PIE P/BAÑERA EXENTA VERA;1;1;1;23319967;110926073015256;183012792;;;;07/28/2031 00:00:00;1;13917488;11/09/2026 07:30:15;Tiago;Rodriguez;;;;;;Tiago Rodriguez;
14246734;11/09/2026 07:13:31;3;2;0001  215357-1;01;CAMIONETA LUN 2;2093681;"NH01    ";"NICUESA E HIJOS S.R.L. -SANIT. NICUESA E HIJOS    ";ITALIA 1562;1102606;"RA1529NI       ";"SOPAPA DESAGOTE NICKEL BACHA INOX                                     ";1;1;1;23304429;110926071329404;182996818;;;;01/05/2032 00:00:00;1;13917208;11/09/2026 07:13:29;Tiago;Rodriguez;24580553;10/09/2026 14:25:04;7152;Mirko;Hernandez;Tiago Rodriguez;Mirko Hernandez
14246735;11/09/2026 08:58:37;3;2;0001  213975-2;01;CAMIONETA LUN 2;2094405;"SD31    ";"SG SANITARIOS DEL ESTE S.A                        ";COLECTORA DEL ESTE 1921;956411;"INO102-1       ";"INODORO BLANCO C/ASIENTO LINEA LOFT                                   ";8;8;8;23308718;110926085836071;183033726;;;;02/24/2032 00:00:00;1;13919129;11/09/2026 08:58:36;Tiago;Rodriguez;24585181;10/09/2026 15:37:13;7152;Mirko;Hernandez;Tiago Rodriguez;Mirko Hernandez
14246735;11/09/2026 08:58:37;3;2;0001  213975-2;01;CAMIONETA LUN 2;2094405;"SD31    ";"SG SANITARIOS DEL ESTE S.A                        ";COLECTORA DEL ESTE 1921;956412;"INO102-2       ";"DEPOSITO C/DESCARGA DUAL BLANCO LINEA LOFT                            ";8;8;8;23323355;110926085226968;183144621;;;;02/24/2032 00:00:00;1;13919133;11/09/2026 08:52:26;Tiago;Rodriguez;;;;;;Tiago Rodriguez;
14246735;11/09/2026 08:58:37;3;2;0001  213975-2;01;CAMIONETA LUN 2;2094405;"SD31    ";"SG SANITARIOS DEL ESTE S.A                        ";COLECTORA DEL ESTE 1921;956412;"INO102-2       ";"DEPOSITO C/DESCARGA DUAL BLANCO LINEA LOFT                            ";8;8;8;23323359;110926085235138;183144664;;;;02/24/2032 00:00:00;1;13919139;11/09/2026 08:52:35;Tiago;Rodriguez;;;;;;Tiago Rodriguez;
14246735;11/09/2026 08:58:37;3;2;0001  213975-2;01;CAMIONETA LUN 2;2094405;"SD31    ";"SG SANITARIOS DEL ESTE S.A                        ";COLECTORA DEL ESTE 1921;956412;"INO102-2       ";"DEPOSITO C/DESCARGA DUAL BLANCO LINEA LOFT                            ";8;8;8;23323366;110926085247861;183144730;;;;02/24/2032 00:00:00;1;13919146;11/09/2026 08:52:47;Tiago;Rodriguez;;;;;;Tiago Rodriguez;
14246735;11/09/2026 08:58:37;3;2;0001  213975-2;01;CAMIONETA LUN 2;2094405;"SD31    ";"SG SANITARIOS DEL ESTE S.A                        ";COLECTORA DEL ESTE 1921;956412;"INO102-2       ";"DEPOSITO C/DESCARGA DUAL BLANCO LINEA LOFT                            ";8;8;8;23323370;110926085254515;183144782;;;;02/24/2032 00:00:00;1;13919152;11/09/2026 08:52:54;Tiago;Rodriguez;;;;;;Tiago Rodriguez;
14246735;11/09/2026 08:58:37;3;2;0001  213975-2;01;CAMIONETA LUN 2;2094405;"SD31    ";"SG SANITARIOS DEL ESTE S.A                        ";COLECTORA DEL ESTE 1921;956412;"INO102-2       ";"DEPOSITO C/DESCARGA DUAL BLANCO LINEA LOFT                            ";8;8;8;23323380;110926085302866;183144825;;;;02/24/2032 00:00:00;1;13919159;11/09/2026 08:53:02;Tiago;Rodriguez;;;;;;Tiago Rodriguez;
14246735;11/09/2026 08:58:37;3;2;0001  213975-2;01;CAMIONETA LUN 2;2094405;"SD31    ";"SG SANITARIOS DEL ESTE S.A                        ";COLECTORA DEL ESTE 1921;956412;"INO102-2       ";"DEPOSITO C/DESCARGA DUAL BLANCO LINEA LOFT                            ";8;8;8;23323388;110926085310967;183144873;;;;02/24/2032 00:00:00;1;13919164;11/09/2026 08:53:10;Tiago;Rodriguez;;;;;;Tiago Rodriguez;
14246735;11/09/2026 08:58:37;3;2;0001  213975-2;01;CAMIONETA LUN 2;2094405;"SD31    ";"SG SANITARIOS DEL ESTE S.A                        ";COLECTORA DEL ESTE 1921;956412;"INO102-2       ";"DEPOSITO C/DESCARGA DUAL BLANCO LINEA LOFT                            ";8;8;8;23323393;110926085318258;183144902;;;;02/24/2032 00:00:00;1;13919169;11/09/2026 08:53:18;Tiago;Rodriguez;;;;;;Tiago Rodriguez;
14246735;11/09/2026 08:58:37;3;2;0001  213975-2;01;CAMIONETA LUN 2;2094405;"SD31    ";"SG SANITARIOS DEL ESTE S.A                        ";COLECTORA DEL ESTE 1921;956412;"INO102-2       ";"DEPOSITO C/DESCARGA DUAL BLANCO LINEA LOFT                            ";8;8;8;23323402;110926085325463;183036793;;;;02/24/2032 00:00:00;1;13919174;11/09/2026 08:53:25;Tiago;Rodriguez;;;;;;Tiago Rodriguez;
14246735;11/09/2026 08:58:37;3;2;0001  213975-2;01;CAMIONETA LUN 2;2094405;"SD31    ";"SG SANITARIOS DEL ESTE S.A                        ";COLECTORA DEL ESTE 1921;956411;"INO102-1       ";"INODORO BLANCO C/ASIENTO LINEA LOFT                                   ";8;8;8;23323594;110926085744252;183146377;;;;02/24/2032 00:00:00;1;13919283;11/09/2026 08:57:44;Tiago;Rodriguez;;;;;;Tiago Rodriguez;
14246735;11/09/2026 08:58:37;3;2;0001  213975-2;01;CAMIONETA LUN 2;2094405;"SD31    ";"SG SANITARIOS DEL ESTE S.A                        ";COLECTORA DEL ESTE 1921;956411;"INO102-1       ";"INODORO BLANCO C/ASIENTO LINEA LOFT                                   ";8;8;8;23323607;110926085751283;183146425;;;;02/24/2032 00:00:00;1;13919287;11/09/2026 08:57:51;Tiago;Rodriguez;;;;;;Tiago Rodriguez;
14246735;11/09/2026 08:58:37;3;2;0001  213975-2;01;CAMIONETA LUN 2;2094405;"SD31    ";"SG SANITARIOS DEL ESTE S.A                        ";COLECTORA DEL ESTE 1921;956411;"INO102-1       ";"INODORO BLANCO C/ASIENTO LINEA LOFT                                   ";8;8;8;23323611;110926085800103;183146473;;;;02/24/2032 00:00:00;1;13919288;11/09/2026 08:58:00;Tiago;Rodriguez;;;;;;Tiago Rodriguez;
14246735;11/09/2026 08:58:37;3;2;0001  213975-2;01;CAMIONETA LUN 2;2094405;"SD31    ";"SG SANITARIOS DEL ESTE S.A                        ";COLECTORA DEL ESTE 1921;956411;"INO102-1       ";"INODORO BLANCO C/ASIENTO LINEA LOFT                                   ";8;8;8;23323615;110926085806843;183146503;;;;02/24/2032 00:00:00;1;13919290;11/09/2026 08:58:06;Tiago;Rodriguez;;;;;;Tiago Rodriguez;
14246735;11/09/2026 08:58:37;3;2;0001  213975-2;01;CAMIONETA LUN 2;2094405;"SD31    ";"SG SANITARIOS DEL ESTE S.A                        ";COLECTORA DEL ESTE 1921;956411;"INO102-1       ";"INODORO BLANCO C/ASIENTO LINEA LOFT                                   ";8;8;8;23323620;110926085815436;183146540;;;;02/24/2032 00:00:00;1;13919294;11/09/2026 08:58:15;Tiago;Rodriguez;;;;;;Tiago Rodriguez;
14246735;11/09/2026 08:58:37;3;2;0001  213975-2;01;CAMIONETA LUN 2;2094405;"SD31    ";"SG SANITARIOS DEL ESTE S.A                        ";COLECTORA DEL ESTE 1921;956411;"INO102-1       ";"INODORO BLANCO C/ASIENTO LINEA LOFT                                   ";8;8;8;23323623;110926085821872;183146570;;;;02/24/2032 00:00:00;1;13919297;11/09/2026 08:58:21;Tiago;Rodriguez;;;;;;Tiago Rodriguez;
14246735;11/09/2026 08:58:37;3;2;0001  213975-2;01;CAMIONETA LUN 2;2094405;"SD31    ";"SG SANITARIOS DEL ESTE S.A                        ";COLECTORA DEL ESTE 1921;956411;"INO102-1       ";"INODORO BLANCO C/ASIENTO LINEA LOFT                                   ";8;8;8;23323631;110926085828677;183146613;;;;02/24/2032 00:00:00;1;13919302;11/09/2026 08:58:28;Tiago;Rodriguez;;;;;;Tiago Rodriguez;
14246736;11/09/2026 07:17:51;3;2;0001  215361-1;01;CAMIONETA LUN 2;2091884;"CP29    ";"CASA PICK S.A.                                    ";MARCOS SASTRE 1751;951484;"20-100C        ";20-100C - MONOCOMANDO DE COCINA FABRIC CROMO;5;5;5;23304430;110926071750368;182999441;;;;02/18/2032 00:00:00;5;13917236;11/09/2026 07:17:50;Tiago;Rodriguez;24580553;10/09/2026 14:25:04;7152;Mirko;Hernandez;Tiago Rodriguez;Mirko Hernandez
14246736;11/09/2026 07:17:51;3;2;0001  215361-1;01;CAMIONETA LUN 2;2091884;"CP29    ";"CASA PICK S.A.                                    ";MARCOS SASTRE 1751;954231;"A1452DG        ";A1452DG - CAÑO DE DUCHA RECTO 150 MM DARK GOLD C/BLISTER;5;5;5;23311287;110926071436824;183057794;;;;12/15/2031 00:00:00;5;13917217;11/09/2026 07:14:36;Tiago;Rodriguez;24587738;10/09/2026 16:23:24;6404;Ivan;Goyena;Tiago Rodriguez;Ivan Goyena
14246736;11/09/2026 07:17:51;3;2;0001  215361-1;01;CAMIONETA LUN 2;2091884;"CP29    ";"CASA PICK S.A.                                    ";MARCOS SASTRE 1751;954235;"A1452NI        ";A1452NI - CAÑO DE DUCHA RECTO 150 MM NICKEL C/BLISTER;5;5;5;23319618;110926071643190;182999101;;;;02/02/2032 00:00:00;5;13917257;11/09/2026 07:16:43;Tiago;Rodriguez;;;;;;Tiago Rodriguez;
14246736;11/09/2026 07:17:51;3;2;0001  215361-1;01;CAMIONETA LUN 2;2091884;"CP29    ";"CASA PICK S.A.                                    ";MARCOS SASTRE 1751;954232;"A1452G         ";A1452G - CAÑO DE DUCHA RECTO 150 MM GOLD C/BLISTER;5;5;5;23319618;110926071643190;183001989;;;;01/27/2032 00:00:00;5;13917257;11/09/2026 07:16:43;Tiago;Rodriguez;;;;;;Tiago Rodriguez;
14246736;11/09/2026 07:17:51;3;2;0001  215361-1;01;CAMIONETA LUN 2;2091884;"CP29    ";"CASA PICK S.A.                                    ";MARCOS SASTRE 1751;954233;"A1452GR        ";A1452GR - CAÑO DE DUCHA RECTO 150 MM GRAFITO C/BLISTER;5;5;5;23319618;110926071643190;183000449;;;;12/15/2031 00:00:00;5;13917257;11/09/2026 07:16:43;Tiago;Rodriguez;;;;;;Tiago Rodriguez;
14246736;11/09/2026 07:17:51;3;2;0001  215361-1;01;CAMIONETA LUN 2;2091884;"CP29    ";"CASA PICK S.A.                                    ";MARCOS SASTRE 1751;951486;"20-100N        ";20-100N - MONOCOMANDO DE COCINA FABRIC BLACK;5;5;5;23319634;110926071719752;182998473;;;;01/10/2032 00:00:00;5;13917267;11/09/2026 07:17:19;Tiago;Rodriguez;;;;;;Tiago Rodriguez;
14246737;11/09/2026 08:51:10;3;2;0001  215413-1;01;CAMIONETA LUN 2;2091843;"CO28    ";"CONSTRUDISENO S.A.                                ";RUTA 197 Y PANAMERICANA;951299;"17030C         ";17030C - PERCHA LINEA FABRIC CROMO;1;1;1;23304270;110926084849289;183005139;;;;11/10/2031 00:00:00;1;13918997;11/09/2026 08:48:49;Tiago;Rodriguez;24580399;10/09/2026 14:34:29;7636;Kevin;Arce;Tiago Rodriguez;Kevin Arce
14246737;11/09/2026 08:51:10;3;2;0001  215413-1;01;CAMIONETA LUN 2;2091843;"CO28    ";"CONSTRUDISENO S.A.                                ";RUTA 197 Y PANAMERICANA;951304;"17040N         ";17040N - PORTA ROLLO LINEA FABRIC BLACK;1;1;1;23304270;110926084849289;183005893;;;;07/29/2031 00:00:00;1;13918997;11/09/2026 08:48:49;Tiago;Rodriguez;24580399;10/09/2026 14:34:29;7636;Kevin;Arce;Tiago Rodriguez;Kevin Arce
14246737;11/09/2026 08:51:10;3;2;0001  215413-1;01;CAMIONETA LUN 2;2091843;"CO28    ";"CONSTRUDISENO S.A.                                ";RUTA 197 Y PANAMERICANA;953161;"80-205         ";80-205 - DUCHA EMB. C/TRANSF. MONOC STEEL;1;1;1;23304270;110926084849289;183002184;;;;08/11/2031 00:00:00;1;13918997;11/09/2026 08:48:49;Tiago;Rodriguez;24580399;10/09/2026 14:34:29;7636;Kevin;Arce;Tiago Rodriguez;Kevin Arce
14246737;11/09/2026 08:51:10;3;2;0001  215413-1;01;CAMIONETA LUN 2;2091843;"CO28    ";"CONSTRUDISENO S.A.                                ";RUTA 197 Y PANAMERICANA;956414;"INO103-2       ";"DEPOSITO C/DESCARGA DUAL BLANCO LINEA URBAN                           ";1;1;1;23318684;110926085110586;183115308;;;;09/03/2031 00:00:00;1;13919053;11/09/2026 08:51:10;Tiago;Rodriguez;24594353;11/09/2026 06:21:30;7807;Nicolas;Perez;Tiago Rodriguez;Nicolas Perez
14246737;11/09/2026 08:51:10;3;2;0001  215413-1;01;CAMIONETA LUN 2;2091843;"CO28    ";"CONSTRUDISENO S.A.                                ";RUTA 197 Y PANAMERICANA;956413;"INO103-1       ";"INODORO BLANCO C/ASIENTO LINEA URBAN                                  ";1;1;1;23323257;110926085020576;183115401;;;;09/03/2031 00:00:00;1;13919054;11/09/2026 08:50:20;Tiago;Rodriguez;;;;;;Tiago Rodriguez;
14246737;11/09/2026 08:51:10;3;2;0001  215413-1;01;CAMIONETA LUN 2;2091843;"CO28    ";"CONSTRUDISENO S.A.                                ";RUTA 197 Y PANAMERICANA;954945;"BID103-3       ";"BIDE 3 AGUJEROS BLANCO LINEA URBAN                                    ";1;1;1;23323272;110926085044225;183115282;;;;07/30/2031 00:00:00;1;13919067;11/09/2026 08:50:44;Tiago;Rodriguez;;;;;;Tiago Rodriguez;
14246738;10/09/2026 16:34:50;3;2;0008    2911-1;01;CAMIONETA LUN 2;2091843;"CO28    ";"CONSTRUDISENO S.A.                                ";RUTA 197 Y PANAMERICANA;954946;"BID104-1       ";"BIDE 1 AGUJERO BLANCO LINEA STONE                                     ";11;11;11;23306780;100926163449664;183020759;;;;10/26/2031 00:00:00;10;13911292;10/09/2026 16:34:49;Maximiliano;Nievas;24582837;10/09/2026 15:11:30;6922;Franco;Potenza;Maximiliano Nievas;Franco Potenza
14246738;10/09/2026 16:34:50;3;2;0008    2911-1;01;CAMIONETA LUN 2;2091843;"CO28    ";"CONSTRUDISENO S.A.                                ";RUTA 197 Y PANAMERICANA;956415;"INO104-1       ";"INODORO BLANCO C/ASIENTO LINEA STONE                                  ";11;11;11;23310216;100926155558963;183046329;;;;01/20/2032 00:00:00;9;13911736;10/09/2026 15:55:58;Maximiliano;Nievas;;;;;;Maximiliano Nievas;
14246738;10/09/2026 16:34:50;3;2;0008    2911-1;01;CAMIONETA LUN 2;2091843;"CO28    ";"CONSTRUDISENO S.A.                                ";RUTA 197 Y PANAMERICANA;954946;"BID104-1       ";"BIDE 1 AGUJERO BLANCO LINEA STONE                                     ";11;11;11;23312104;100926163315494;183061600;;;;10/26/2031 00:00:00;1;13912955;10/09/2026 16:33:15;Maximiliano;Nievas;;;;;;Maximiliano Nievas;
14246738;10/09/2026 16:34:50;3;2;0008    2911-1;01;CAMIONETA LUN 2;2091843;"CO28    ";"CONSTRUDISENO S.A.                                ";RUTA 197 Y PANAMERICANA;956415;"INO104-1       ";"INODORO BLANCO C/ASIENTO LINEA STONE                                  ";11;11;11;23312104;100926163315494;183020306;;;;01/20/2032 00:00:00;2;13912955;10/09/2026 16:33:15;Maximiliano;Nievas;;;;;;Maximiliano Nievas;
14246738;10/09/2026 16:34:50;3;2;0008    2911-1;01;CAMIONETA LUN 2;2091843;"CO28    ";"CONSTRUDISENO S.A.                                ";RUTA 197 Y PANAMERICANA;956416;"INO104-2       ";"DEPOSITO C/DESCARGA DUAL BLANCO LINEA STONE                           ";11;11;11;23312104;100926163315494;183021713;;;;10/18/2031 00:00:00;11;13912955;10/09/2026 16:33:15;Maximiliano;Nievas;;;;;;Maximiliano Nievas;
14246739;10/09/2026 16:41:30;3;2;0008    2884-2;01;CAMIONETA LUN 2;2091843;"CO28    ";"CONSTRUDISENO S.A.                                ";RUTA 197 Y PANAMERICANA;956412;"INO102-2       ";"DEPOSITO C/DESCARGA DUAL BLANCO LINEA LOFT                            ";9;9;9;23306779;100926164125853;183019501;;;;02/24/2032 00:00:00;1;13911746;10/09/2026 16:41:25;Maximiliano;Nievas;24583007;10/09/2026 15:01:09;7152;Mirko;Hernandez;Maximiliano Nievas;Mirko Hernandez
14246739;10/09/2026 16:41:30;3;2;0008    2884-2;01;CAMIONETA LUN 2;2091843;"CO28    ";"CONSTRUDISENO S.A.                                ";RUTA 197 Y PANAMERICANA;956415;"INO104-1       ";"INODORO BLANCO C/ASIENTO LINEA STONE                                  ";3;3;3;23306779;100926164125853;183017384;;;;01/20/2032 00:00:00;2;13911746;10/09/2026 16:41:25;Maximiliano;Nievas;24583007;10/09/2026 15:01:09;7152;Mirko;Hernandez;Maximiliano Nievas;Mirko Hernandez
14246739;10/09/2026 16:41:30;3;2;0008    2884-2;01;CAMIONETA LUN 2;2091843;"CO28    ";"CONSTRUDISENO S.A.                                ";RUTA 197 Y PANAMERICANA;956411;"INO102-1       ";"INODORO BLANCO C/ASIENTO LINEA LOFT                                   ";6;6;6;23306779;100926164125853;183016570;;;;02/24/2032 00:00:00;6;13911746;10/09/2026 16:41:25;Maximiliano;Nievas;24583007;10/09/2026 15:01:09;7152;Mirko;Hernandez;Maximiliano Nievas;Mirko Hernandez
14246739;10/09/2026 16:41:30;3;2;0008    2884-2;01;CAMIONETA LUN 2;2091843;"CO28    ";"CONSTRUDISENO S.A.                                ";RUTA 197 Y PANAMERICANA;954942;"BID102-1       ";"BIDE 1 AGUJERO BLANCO LINEA LOFT                                      ";3;3;3;23312370;100926163939099;183018404;;;;02/24/2032 00:00:00;3;13913188;10/09/2026 16:39:39;Maximiliano;Nievas;;;;;;Maximiliano Nievas;
14246739;10/09/2026 16:41:30;3;2;0008    2884-2;01;CAMIONETA LUN 2;2091843;"CO28    ";"CONSTRUDISENO S.A.                                ";RUTA 197 Y PANAMERICANA;954946;"BID104-1       ";"BIDE 1 AGUJERO BLANCO LINEA STONE                                     ";2;2;2;23312370;100926163939099;183018722;;;;10/26/2031 00:00:00;2;13913188;10/09/2026 16:39:39;Maximiliano;Nievas;;;;;;Maximiliano Nievas;
14246739;10/09/2026 16:41:30;3;2;0008    2884-2;01;CAMIONETA LUN 2;2091843;"CO28    ";"CONSTRUDISENO S.A.                                ";RUTA 197 Y PANAMERICANA;956415;"INO104-1       ";"INODORO BLANCO C/ASIENTO LINEA STONE                                  ";3;3;3;23312370;100926163939099;183063943;;;;01/20/2032 00:00:00;1;13913188;10/09/2026 16:39:39;Maximiliano;Nievas;;;;;;Maximiliano Nievas;
14246739;10/09/2026 16:41:30;3;2;0008    2884-2;01;CAMIONETA LUN 2;2091843;"CO28    ";"CONSTRUDISENO S.A.                                ";RUTA 197 Y PANAMERICANA;956412;"INO102-2       ";"DEPOSITO C/DESCARGA DUAL BLANCO LINEA LOFT                            ";9;9;9;23312370;100926163939099;183063942;;;;02/24/2032 00:00:00;8;13913188;10/09/2026 16:39:39;Maximiliano;Nievas;;;;;;Maximiliano Nievas;
14246740;10/09/2026 15:39:37;3;2;0008    2846-3;01;CAMIONETA LUN 2;2091843;"CO28    ";"CONSTRUDISENO S.A.                                ";RUTA 197 Y PANAMERICANA;956412;"INO102-2       ";"DEPOSITO C/DESCARGA DUAL BLANCO LINEA LOFT                            ";4;4;4;23305601;100926153936658;183008006;;;;02/24/2032 00:00:00;4;13911166;10/09/2026 15:39:36;Maximiliano;Nievas;24581797;10/09/2026 14:43:12;7152;Mirko;Hernandez;Maximiliano Nievas;Mirko Hernandez
14246741;11/09/2026 09:38:01;3;2;0008    2915-1;01;CAMIONETA LUN 2;2091843;"CO28    ";"CONSTRUDISENO S.A.                                ";RUTA 197 Y PANAMERICANA;956418;"INO104N-2      ";"DEPOSITO C/DESCARGA DUAL BLACK LINEA STONE                            ";1;1;1;23305602;100926152047254;183007395;;;;10/18/2031 00:00:00;1;13910542;10/09/2026 15:20:47;Maximiliano;Nievas;24581797;10/09/2026 14:43:12;7152;Mirko;Hernandez;Maximiliano Nievas;Mirko Hernandez
14246741;11/09/2026 09:38:01;3;2;0008    2915-1;01;CAMIONETA LUN 2;2091843;"CO28    ";"CONSTRUDISENO S.A.                                ";RUTA 197 Y PANAMERICANA;954901;"BCH01          ";BCH01 - BACHA DE APOYAR CIRCULAR 320x145;1;1;1;23305602;100926152047254;183009058;;;;07/28/2031 00:00:00;1;13910542;10/09/2026 15:20:47;Maximiliano;Nievas;24581797;10/09/2026 14:43:12;7152;Mirko;Hernandez;Maximiliano Nievas;Mirko Hernandez
14246741;11/09/2026 09:38:01;3;2;0008    2915-1;01;CAMIONETA LUN 2;2091843;"CO28    ";"CONSTRUDISENO S.A.                                ";RUTA 197 Y PANAMERICANA;956417;"INO104N-1      ";"INODORO BLACK C/ASIENTO LINEA STONE                                   ";1;1;1;23305602;100926152047254;183006794;;;;01/18/2032 00:00:00;1;13910542;10/09/2026 15:20:47;Maximiliano;Nievas;24581797;10/09/2026 14:43:12;7152;Mirko;Hernandez;Maximiliano Nievas;Mirko Hernandez
14246741;11/09/2026 09:38:01;3;2;0008    2915-1;01;CAMIONETA LUN 2;2091843;"CO28    ";"CONSTRUDISENO S.A.                                ";RUTA 197 Y PANAMERICANA;953070;"80-100C        ";80-100C - DUCHA EMB. C/TRANSF. CR C.CERAM FABRIC;1;1;1;23305931;100926152226034;183015959;;;;07/30/2031 00:00:00;1;13910603;10/09/2026 15:22:26;Maximiliano;Nievas;24582138;10/09/2026 14:58:04;7636;Kevin;Arce;Maximiliano Nievas;Kevin Arce
14246741;11/09/2026 09:38:01;3;2;0008    2915-1;01;CAMIONETA LUN 2;2091843;"CO28    ";"CONSTRUDISENO S.A.                                ";RUTA 197 Y PANAMERICANA;952659;"60-191         ";60-191 - LAVATORIO C.CERAM LINEA PRADO;1;1;1;23305931;100926152226034;183012674;;;;07/29/2031 00:00:00;1;13910603;10/09/2026 15:22:26;Maximiliano;Nievas;24582138;10/09/2026 14:58:04;7636;Kevin;Arce;Maximiliano Nievas;Kevin Arce
14246741;11/09/2026 09:38:01;3;2;0008    2915-1;01;CAMIONETA LUN 2;2091843;"CO28    ";"CONSTRUDISENO S.A.                                ";RUTA 197 Y PANAMERICANA;951294;"17010G         ";17010G - TOALLERO BARRAL LINEA FABRIC GOLD;2;2;2;23309430;110926093758544;183043274;;;;07/27/2031 00:00:00;2;13920260;11/09/2026 09:37:58;Tiago;Rodriguez;24585894;10/09/2026 16:00:26;6922;Franco;Potenza;Tiago Rodriguez;Franco Potenza
14246741;11/09/2026 09:38:01;3;2;0008    2915-1;01;CAMIONETA LUN 2;2091843;"CO28    ";"CONSTRUDISENO S.A.                                ";RUTA 197 Y PANAMERICANA;952926;"70-176N        ";70-176N - BIDE MONOC C/TRANSF BLACK RIO;2;2;2;23325296;110926093507415;183044656;;;;11/23/2031 00:00:00;2;13920267;11/09/2026 09:35:07;Tiago;Rodriguez;;;;;;Tiago Rodriguez;
14246741;11/09/2026 09:38:01;3;2;0008    2915-1;01;CAMIONETA LUN 2;2091843;"CO28    ";"CONSTRUDISENO S.A.                                ";RUTA 197 Y PANAMERICANA;952728;"61-205         ";61-205 - LAVATORIO MONOC ALTO STEEL;2;2;2;23325296;110926093507415;183046408;;;;07/28/2031 00:00:00;2;13920267;11/09/2026 09:35:07;Tiago;Rodriguez;;;;;;Tiago Rodriguez;
14246741;11/09/2026 09:38:01;3;2;0008    2915-1;01;CAMIONETA LUN 2;2091843;"CO28    ";"CONSTRUDISENO S.A.                                ";RUTA 197 Y PANAMERICANA;952723;"61-200C        ";61-200C - LAVATORIO MONOC ALTO CR FABRIC;1;1;1;23325296;110926093507415;183047240;;;;07/27/2031 00:00:00;1;13920267;11/09/2026 09:35:07;Tiago;Rodriguez;;;;;;Tiago Rodriguez;
14246741;11/09/2026 09:38:01;3;2;0008    2915-1;01;CAMIONETA LUN 2;2091843;"CO28    ";"CONSTRUDISENO S.A.                                ";RUTA 197 Y PANAMERICANA;952648;"60-176N        ";"LAVATORIO MONOCOMANDO BAJO BLACK RIO                                  ";1;1;1;23325296;110926093507415;183044444;;;;07/29/2031 00:00:00;1;13920267;11/09/2026 09:35:07;Tiago;Rodriguez;;;;;;Tiago Rodriguez;
14246741;11/09/2026 09:38:01;3;2;0008    2915-1;01;CAMIONETA LUN 2;2091843;"CO28    ";"CONSTRUDISENO S.A.                                ";RUTA 197 Y PANAMERICANA;951524;"20-135         ";20-135 - MONOCOMANDO COCINA SANTANDER;1;1;1;23325296;110926093507415;183048007;;;;07/28/2031 00:00:00;1;13920267;11/09/2026 09:35:07;Tiago;Rodriguez;;;;;;Tiago Rodriguez;
14246741;11/09/2026 09:38:01;3;2;0008    2915-1;01;CAMIONETA LUN 2;2091843;"CO28    ";"CONSTRUDISENO S.A.                                ";RUTA 197 Y PANAMERICANA;951614;"21200          ";21200 - ESQUINERO ORGANIZADOR 19x19x7;1;1;1;23325364;110926093608195;183046820;;;;07/27/2031 00:00:00;1;13920283;11/09/2026 09:36:08;Tiago;Rodriguez;;;;;;Tiago Rodriguez;
14246741;11/09/2026 09:38:01;3;2;0008    2915-1;01;CAMIONETA LUN 2;2091843;"CO28    ";"CONSTRUDISENO S.A.                                ";RUTA 197 Y PANAMERICANA;952679;"60-205         ";60-205 - LAVATORIO MONOC BAJO STEEL;1;1;1;23325364;110926093608195;183046132;;;;07/28/2031 00:00:00;1;13920283;11/09/2026 09:36:08;Tiago;Rodriguez;;;;;;Tiago Rodriguez;
14246741;11/09/2026 09:38:01;3;2;0008    2915-1;01;CAMIONETA LUN 2;2091843;"CO28    ";"CONSTRUDISENO S.A.                                ";RUTA 197 Y PANAMERICANA;952713;"61-176N        ";61-176N - LAVATORIO MONOC ALTO BLACK RIO;2;2;2;23325364;110926093608195;183043841;;;;07/29/2031 00:00:00;2;13920283;11/09/2026 09:36:08;Tiago;Rodriguez;;;;;;Tiago Rodriguez;
14246741;11/09/2026 09:38:01;3;2;0008    2915-1;01;CAMIONETA LUN 2;2091843;"CO28    ";"CONSTRUDISENO S.A.                                ";RUTA 197 Y PANAMERICANA;952794;"63-152         ";63-152 - LAVATORIO PARED EMBUTIR CR MONOC. SORIA;1;1;1;23325364;110926093608195;183046901;;;;07/28/2031 00:00:00;1;13920283;11/09/2026 09:36:08;Tiago;Rodriguez;;;;;;Tiago Rodriguez;
14246741;11/09/2026 09:38:01;3;2;0008    2915-1;01;CAMIONETA LUN 2;2091843;"CO28    ";"CONSTRUDISENO S.A.                                ";RUTA 197 Y PANAMERICANA;950974;"10005BL        ";"SET DE 5 PIEZAS LINEA 10000 BLACK                                     ";1;1;1;23325364;110926093608195;183048149;;;;07/28/2031 00:00:00;1;13920283;11/09/2026 09:36:08;Tiago;Rodriguez;;;;;;Tiago Rodriguez;
14246741;11/09/2026 09:38:01;3;2;0008    2915-1;01;CAMIONETA LUN 2;2091843;"CO28    ";"CONSTRUDISENO S.A.                                ";RUTA 197 Y PANAMERICANA;951300;"17030G         ";17030G - PERCHA LINEA FABRIC GOLD;2;2;2;23325409;110926093705538;183042242;;;;07/29/2031 00:00:00;2;13920303;11/09/2026 09:37:05;Tiago;Rodriguez;;;;;;Tiago Rodriguez;
14246741;11/09/2026 09:38:01;3;2;0008    2915-1;01;CAMIONETA LUN 2;2091843;"CO28    ";"CONSTRUDISENO S.A.                                ";RUTA 197 Y PANAMERICANA;951303;"17040G         ";17040G - PORTA ROLLO LINEA FABRIC GOLD;1;1;1;23325409;110926093705538;183042727;;;;07/28/2031 00:00:00;1;13920303;11/09/2026 09:37:05;Tiago;Rodriguez;;;;;;Tiago Rodriguez;
14246741;11/09/2026 09:38:01;3;2;0008    2915-1;01;CAMIONETA LUN 2;2091843;"CO28    ";"CONSTRUDISENO S.A.                                ";RUTA 197 Y PANAMERICANA;957613;"RA1255NI       ";RA1255NI - DUCHA DE MANO CILINDRICA NICKEL;1;1;1;23325409;110926093705538;183040444;;;;09/16/2031 00:00:00;1;13920303;11/09/2026 09:37:05;Tiago;Rodriguez;;;;;;Tiago Rodriguez;
14246741;11/09/2026 09:38:01;3;2;0008    2915-1;01;CAMIONETA LUN 2;2091843;"CO28    ";"CONSTRUDISENO S.A.                                ";RUTA 197 Y PANAMERICANA;957617;"RA1256NI       ";RA1256NI - FLEXIBLE 1,5 m P/DUCHA DE MANO NICKEL BRUSHED;1;1;1;23325409;110926093705538;183041054;;;;08/02/2031 00:00:00;1;13920303;11/09/2026 09:37:05;Tiago;Rodriguez;;;;;;Tiago Rodriguez;
14246741;11/09/2026 09:38:01;3;2;0008    2915-1;01;CAMIONETA LUN 2;2091843;"CO28    ";"CONSTRUDISENO S.A.                                ";RUTA 197 Y PANAMERICANA;957689;"RA1396NI       ";RA1396NI - SUJECCION Y CONEXION DUCHADOR Ø32 NICKEL;1;1;1;23325409;110926093705538;183041675;;;;09/16/2031 00:00:00;1;13920303;11/09/2026 09:37:05;Tiago;Rodriguez;;;;;;Tiago Rodriguez;
14246742;11/09/2026 07:59:29;3;2;0001  215368-1;01;CAMIONETA LUN 2;2092901;"HO07    ";"HOKAMAT SRL                                       ";AV. PTE. PERON 2787;957937;"RA967          ";RA967 - CAMPANA VALENCIA - MALLORCA;6;6;6;23304573;110926075925734;182998487;;;;11/30/2031 00:00:00;6;13917784;11/09/2026 07:59:25;Tiago;Rodriguez;24580715;10/09/2026 14:37:34;7807;Nicolas;Perez;Tiago Rodriguez;Nicolas Perez
14246742;11/09/2026 07:59:29;3;2;0001  215368-1;01;CAMIONETA LUN 2;2092901;"HO07    ";"HOKAMAT SRL                                       ";AV. PTE. PERON 2787;957856;"RA727C         ";RA727C - CONJUNTO BUJE Y AIREADOR CROMO;2;2;2;23304573;110926075925734;182997993;;;;09/16/2031 00:00:00;2;13917784;11/09/2026 07:59:25;Tiago;Rodriguez;24580715;10/09/2026 14:37:34;7807;Nicolas;Perez;Tiago Rodriguez;Nicolas Perez
14246742;11/09/2026 07:59:29;3;2;0001  215368-1;01;CAMIONETA LUN 2;2092901;"HO07    ";"HOKAMAT SRL                                       ";AV. PTE. PERON 2787;957871;"RA764          ";RA764 - BOLSITA P/CONEXION BIDET LINEAS STD COMPLETO;1;1;1;23304573;110926075925734;182998143;;;;02/01/2032 00:00:00;1;13917784;11/09/2026 07:59:25;Tiago;Rodriguez;24580715;10/09/2026 14:37:34;7807;Nicolas;Perez;Tiago Rodriguez;Nicolas Perez
14246742;11/09/2026 07:59:29;3;2;0001  215368-1;01;CAMIONETA LUN 2;2092901;"HO07    ";"HOKAMAT SRL                                       ";AV. PTE. PERON 2787;957450;"RA1050         ";RA1050 - VOLANTE MALLORCA STD.;6;6;6;23304573;110926075925734;182997624;;;;02/21/2032 00:00:00;6;13917784;11/09/2026 07:59:25;Tiago;Rodriguez;24580715;10/09/2026 14:37:34;7807;Nicolas;Perez;Tiago Rodriguez;Nicolas Perez
14246742;11/09/2026 07:59:29;3;2;0001  215368-1;01;CAMIONETA LUN 2;2092901;"HO07    ";"HOKAMAT SRL                                       ";AV. PTE. PERON 2787;957452;"RA1051         ";RA1051 - VOLANTE TRANSFERENCIA MALLORCA;3;3;3;23304573;110926075925734;183008546;;;;08/05/2031 00:00:00;3;13917784;11/09/2026 07:59:25;Tiago;Rodriguez;24580715;10/09/2026 14:37:34;7807;Nicolas;Perez;Tiago Rodriguez;Nicolas Perez
14246742;11/09/2026 07:59:29;3;2;0001  215368-1;01;CAMIONETA LUN 2;2092901;"HO07    ";"HOKAMAT SRL                                       ";AV. PTE. PERON 2787;957551;"RA1191         ";RA1191 - 10 CONJ. PROLONGADOR CORTO (TORNILLO+TUBO) VOLANTE;1;1;1;23304573;110926075925734;182996975;;;;08/02/2031 00:00:00;1;13917784;11/09/2026 07:59:25;Tiago;Rodriguez;24580715;10/09/2026 14:37:34;7807;Nicolas;Perez;Tiago Rodriguez;Nicolas Perez
14246742;11/09/2026 07:59:29;3;2;0001  215368-1;01;CAMIONETA LUN 2;2092901;"HO07    ";"HOKAMAT SRL                                       ";AV. PTE. PERON 2787;957572;"RA1205         ";RA1205 - 10 BUJES INTERIOR NYLON;1;1;1;23304573;110926075925734;182997838;;;;10/11/2031 00:00:00;1;13917784;11/09/2026 07:59:25;Tiago;Rodriguez;24580715;10/09/2026 14:37:34;7807;Nicolas;Perez;Tiago Rodriguez;Nicolas Perez
14246742;11/09/2026 07:59:29;3;2;0001  215368-1;01;CAMIONETA LUN 2;2092901;"HO07    ";"HOKAMAT SRL                                       ";AV. PTE. PERON 2787;951318;"18040          ";18040 - PORTA ROLLO NIQUEL LINEA BEAT;1;1;1;23304573;110926075925734;183000657;;;;07/28/2031 00:00:00;1;13917784;11/09/2026 07:59:25;Tiago;Rodriguez;24580715;10/09/2026 14:37:34;7807;Nicolas;Perez;Tiago Rodriguez;Nicolas Perez
14246742;11/09/2026 07:59:29;3;2;0001  215368-1;01;CAMIONETA LUN 2;2092901;"HO07    ";"HOKAMAT SRL                                       ";AV. PTE. PERON 2787;952860;"70-057         ";70-057 - BIDE C.STD VERIN PLUS;1;1;1;23305932;110926074140009;183009891;;;;01/27/2032 00:00:00;1;13917673;11/09/2026 07:41:40;Tiago;Rodriguez;24582138;10/09/2026 14:58:04;7636;Kevin;Arce;Tiago Rodriguez;Kevin Arce
14246742;11/09/2026 07:59:29;3;2;0001  215368-1;01;CAMIONETA LUN 2;2092901;"HO07    ";"HOKAMAT SRL                                       ";AV. PTE. PERON 2787;952760;"62-163         ";62-163 - LAVATORIO PARED EMB. C.CERAM SENA;1;1;1;23305932;110926074140009;183017677;;;;07/31/2031 00:00:00;1;13917673;11/09/2026 07:41:40;Tiago;Rodriguez;24582138;10/09/2026 14:58:04;7636;Kevin;Arce;Tiago Rodriguez;Kevin Arce
14246742;11/09/2026 07:59:29;3;2;0001  215368-1;01;CAMIONETA LUN 2;2092901;"HO07    ";"HOKAMAT SRL                                       ";AV. PTE. PERON 2787;952677;"60-203         ";60-203 - LAVATORIO MONOCOMANDO BAJO ADRA;4;4;4;23305932;110926074140009;183014935;;;;02/16/2032 00:00:00;4;13917673;11/09/2026 07:41:40;Tiago;Rodriguez;24582138;10/09/2026 14:58:04;7636;Kevin;Arce;Tiago Rodriguez;Kevin Arce
14246742;11/09/2026 07:59:29;3;2;0001  215368-1;01;CAMIONETA LUN 2;2092901;"HO07    ";"HOKAMAT SRL                                       ";AV. PTE. PERON 2787;952583;"60-058         ";60-058 - LAVATORIO CR C.STD MALBA;1;1;1;23305932;110926074140009;183010891;;;;12/03/2031 00:00:00;1;13917673;11/09/2026 07:41:40;Tiago;Rodriguez;24582138;10/09/2026 14:58:04;7636;Kevin;Arce;Tiago Rodriguez;Kevin Arce
14246742;11/09/2026 07:59:29;3;2;0001  215368-1;01;CAMIONETA LUN 2;2092901;"HO07    ";"HOKAMAT SRL                                       ";AV. PTE. PERON 2787;952582;"60-057         ";60-057 - LAVATORIO C.STD VERIN PLUS;1;1;1;23305932;110926074140009;183009494;;;;01/31/2032 00:00:00;1;13917673;11/09/2026 07:41:40;Tiago;Rodriguez;24582138;10/09/2026 14:58:04;7636;Kevin;Arce;Tiago Rodriguez;Kevin Arce
14246742;11/09/2026 07:59:29;3;2;0001  215368-1;01;CAMIONETA LUN 2;2092901;"HO07    ";"HOKAMAT SRL                                       ";AV. PTE. PERON 2787;952437;"51-057         ";51-057 - COCINA MESADA CR C.STD VERIN PLUS;2;2;2;23305932;110926074140009;183017290;;;;01/27/2032 00:00:00;2;13917673;11/09/2026 07:41:40;Tiago;Rodriguez;24582138;10/09/2026 14:58:04;7636;Kevin;Arce;Tiago Rodriguez;Kevin Arce
14246742;11/09/2026 07:59:29;3;2;0001  215368-1;01;CAMIONETA LUN 2;2092901;"HO07    ";"HOKAMAT SRL                                       ";AV. PTE. PERON 2787;953060;"80-058         ";80-058 - DUCHA EMB. C/TRANSF. CR C.STD MALBA;1;1;1;23305932;110926074140009;183011137;;;;01/06/2032 00:00:00;1;13917673;11/09/2026 07:41:40;Tiago;Rodriguez;24582138;10/09/2026 14:58:04;7636;Kevin;Arce;Tiago Rodriguez;Kevin Arce
14246742;11/09/2026 07:59:29;3;2;0001  215368-1;01;CAMIONETA LUN 2;2092901;"HO07    ";"HOKAMAT SRL                                       ";AV. PTE. PERON 2787;953059;"80-057         ";80-057 - DUCHA EMB. C/TRANSF. C.STD VERIN PLUS;1;1;1;23305932;110926074140009;183009371;;;;02/08/2032 00:00:00;1;13917673;11/09/2026 07:41:40;Tiago;Rodriguez;24582138;10/09/2026 14:58:04;7636;Kevin;Arce;Tiago Rodriguez;Kevin Arce
14246742;11/09/2026 07:59:29;3;2;0001  215368-1;01;CAMIONETA LUN 2;2092901;"HO07    ";"HOKAMAT SRL                                       ";AV. PTE. PERON 2787;952914;"70-163         ";70-163 - BIDE CR C.CERAM SENA;1;1;1;23305932;110926074140009;183010427;;;;07/27/2031 00:00:00;1;13917673;11/09/2026 07:41:40;Tiago;Rodriguez;24582138;10/09/2026 14:58:04;7636;Kevin;Arce;Tiago Rodriguez;Kevin Arce
14246742;11/09/2026 07:59:29;3;2;0001  215368-1;01;CAMIONETA LUN 2;2092901;"HO07    ";"HOKAMAT SRL                                       ";AV. PTE. PERON 2787;954906;"BCH05          ";BCH05 - BACHA DE APOYAR CUADRADA 370x370x130;2;2;2;23309285;110926074455660;183040856;;;;07/27/2031 00:00:00;1;13917734;11/09/2026 07:44:55;Tiago;Rodriguez;24585794;10/09/2026 15:46:33;7152;Mirko;Hernandez;Tiago Rodriguez;Mirko Hernandez
14246742;11/09/2026 07:59:29;3;2;0001  215368-1;01;CAMIONETA LUN 2;2092901;"HO07    ";"HOKAMAT SRL                                       ";AV. PTE. PERON 2787;953240;"81-201NI       ";81-201NI - DUCHA EMB S/TRANSF C.CERAM NICKEL BEAT;1;1;1;23320254;110926073950700;183016773;;;;07/29/2031 00:00:00;1;13917677;11/09/2026 07:39:50;Tiago;Rodriguez;;;;;;Tiago Rodriguez;
14246742;11/09/2026 07:59:29;3;2;0001  215368-1;01;CAMIONETA LUN 2;2092901;"HO07    ";"HOKAMAT SRL                                       ";AV. PTE. PERON 2787;953156;"80-201NI       ";80-201NI - DUCHA EMB C/TRANSF C.CERAM BEAT NICKEL;2;2;2;23320254;110926073950700;183013058;;;;11/10/2031 00:00:00;2;13917677;11/09/2026 07:39:50;Tiago;Rodriguez;;;;;;Tiago Rodriguez;
14246742;11/09/2026 07:59:29;3;2;0001  215368-1;01;CAMIONETA LUN 2;2092901;"HO07    ";"HOKAMAT SRL                                       ";AV. PTE. PERON 2787;952452;"51-122         ";51-122 - MESADA BIMANDO CR C.CERAM VALENCIA;1;1;1;23320254;110926073950700;183015394;;;;01/17/2032 00:00:00;1;13917677;11/09/2026 07:39:50;Tiago;Rodriguez;;;;;;Tiago Rodriguez;
14246742;11/09/2026 07:59:29;3;2;0001  215368-1;01;CAMIONETA LUN 2;2092901;"HO07    ";"HOKAMAT SRL                                       ";AV. PTE. PERON 2787;952636;"60-163         ";60-163 - LAVATORIO CR C.CERAM SENA;1;1;1;23320269;110926074049649;183010601;;;;07/29/2031 00:00:00;1;13917690;11/09/2026 07:40:49;Tiago;Rodriguez;;;;;;Tiago Rodriguez;
14246742;11/09/2026 07:59:29;3;2;0001  215368-1;01;CAMIONETA LUN 2;2092901;"HO07    ";"HOKAMAT SRL                                       ";AV. PTE. PERON 2787;952643;"60-175DG       ";60-175DG - LAVATORIO PULSE DARK GOLD C.CERAM;1;1;1;23320269;110926074049649;183017806;;;;07/31/2031 00:00:00;1;13917690;11/09/2026 07:40:49;Tiago;Rodriguez;;;;;;Tiago Rodriguez;
14246742;11/09/2026 07:59:29;3;2;0001  215368-1;01;CAMIONETA LUN 2;2092901;"HO07    ";"HOKAMAT SRL                                       ";AV. PTE. PERON 2787;952676;"60-201NI       ";60-201NI - LAVATORIO C.CERAM BEAT NICKEL;2;2;2;23320269;110926074049649;183013635;;;;08/20/2031 00:00:00;2;13917690;11/09/2026 07:40:49;Tiago;Rodriguez;;;;;;Tiago Rodriguez;
14246742;11/09/2026 07:59:29;3;2;0001  215368-1;01;CAMIONETA LUN 2;2092901;"HO07    ";"HOKAMAT SRL                                       ";AV. PTE. PERON 2787;954918;"BCH16          ";BCH16 - BACHA DE APOYAR BLANCA 610x457x254 C/DESAGOTE Y REJILLA;1;1;1;23320311;110926074254926;183040474;;;;01/06/2032 00:00:00;1;13917736;11/09/2026 07:42:54;Tiago;Rodriguez;;;;;;Tiago Rodriguez;
14246742;11/09/2026 07:59:29;3;2;0001  215368-1;01;CAMIONETA LUN 2;2092901;"HO07    ";"HOKAMAT SRL                                       ";AV. PTE. PERON 2787;954914;"BCH12          ";BCH12 - BACHA DE APOYAR BLANCA 460x320x140;3;3;3;23320324;110926074313694;183126073;;;;11/10/2031 00:00:00;1;13917741;11/09/2026 07:43:13;Tiago;Rodriguez;;;;;;Tiago Rodriguez;
14246742;11/09/2026 07:59:29;3;2;0001  215368-1;01;CAMIONETA LUN 2;2092901;"HO07    ";"HOKAMAT SRL                                       ";AV. PTE. PERON 2787;954914;"BCH12          ";BCH12 - BACHA DE APOYAR BLANCA 460x320x140;3;3;3;23320328;110926074321295;183126101;;;;11/10/2031 00:00:00;1;13917743;11/09/2026 07:43:21;Tiago;Rodriguez;;;;;;Tiago Rodriguez;
14246742;11/09/2026 07:59:29;3;2;0001  215368-1;01;CAMIONETA LUN 2;2092901;"HO07    ";"HOKAMAT SRL                                       ";AV. PTE. PERON 2787;954914;"BCH12          ";BCH12 - BACHA DE APOYAR BLANCA 460x320x140;3;3;3;23320332;110926074329497;183041306;;;;11/10/2031 00:00:00;1;13917748;11/09/2026 07:43:29;Tiago;Rodriguez;;;;;;Tiago Rodriguez;
14246742;11/09/2026 07:59:29;3;2;0001  215368-1;01;CAMIONETA LUN 2;2092901;"HO07    ";"HOKAMAT SRL                                       ";AV. PTE. PERON 2787;954901;"BCH01          ";BCH01 - BACHA DE APOYAR CIRCULAR 320x145;1;1;1;23320352;110926074416003;183041439;;;;07/28/2031 00:00:00;1;13917760;11/09/2026 07:44:16;Tiago;Rodriguez;;;;;;Tiago Rodriguez;
14246742;11/09/2026 07:59:29;3;2;0001  215368-1;01;CAMIONETA LUN 2;2092901;"HO07    ";"HOKAMAT SRL                                       ";AV. PTE. PERON 2787;954913;"BCH11N         ";BCH11N - BACHA DE APOYAR REDONDA NEGRO MATE 400x400x125;1;1;1;23320377;110926074435481;183041646;;;;07/29/2031 00:00:00;1;13917768;11/09/2026 07:44:35;Tiago;Rodriguez;;;;;;Tiago Rodriguez;
14246742;11/09/2026 07:59:29;3;2;0001  215368-1;01;CAMIONETA LUN 2;2092901;"HO07    ";"HOKAMAT SRL                                       ";AV. PTE. PERON 2787;954906;"BCH05          ";BCH05 - BACHA DE APOYAR CUADRADA 370x370x130;2;2;2;23320387;110926074445848;183126384;;;;07/27/2031 00:00:00;1;13917776;11/09/2026 07:44:45;Tiago;Rodriguez;;;;;;Tiago Rodriguez;
14246742;11/09/2026 07:59:29;3;2;0001  215368-1;01;CAMIONETA LUN 2;2092901;"HO07    ";"HOKAMAT SRL                                       ";AV. PTE. PERON 2787;951314;"18020          ";18020 - TOALLERO DE ARO NIQUEL LINEA BEAT;1;1;1;23320461;110926074745714;183000545;;;;07/29/2031 00:00:00;1;13917818;11/09/2026 07:47:45;Tiago;Rodriguez;;;;;;Tiago Rodriguez;
14246742;11/09/2026 07:59:29;3;2;0001  215368-1;01;CAMIONETA LUN 2;2092901;"HO07    ";"HOKAMAT SRL                                       ";AV. PTE. PERON 2787;951309;"17060G         ";17060G - PORTA VASO Y CEPILLO  LINEA FABRIC GOLD;1;1;1;23320461;110926074745714;183003485;;;;07/31/2031 00:00:00;1;13917818;11/09/2026 07:47:45;Tiago;Rodriguez;;;;;;Tiago Rodriguez;
14246742;11/09/2026 07:59:29;3;2;0001  215368-1;01;CAMIONETA LUN 2;2092901;"HO07    ";"HOKAMAT SRL                                       ";AV. PTE. PERON 2787;951303;"17040G         ";17040G - PORTA ROLLO LINEA FABRIC GOLD;1;1;1;23320461;110926074745714;183007039;;;;07/28/2031 00:00:00;1;13917818;11/09/2026 07:47:45;Tiago;Rodriguez;;;;;;Tiago Rodriguez;
14246742;11/09/2026 07:59:29;3;2;0001  215368-1;01;CAMIONETA LUN 2;2092901;"HO07    ";"HOKAMAT SRL                                       ";AV. PTE. PERON 2787;951297;"17020G         ";17020G - TOALLERO DE ARO LINEA FABRIC GOLD;1;1;1;23320461;110926074745714;183004330;;;;07/29/2031 00:00:00;1;13917818;11/09/2026 07:47:45;Tiago;Rodriguez;;;;;;Tiago Rodriguez;
14246742;11/09/2026 07:59:29;3;2;0001  215368-1;01;CAMIONETA LUN 2;2092901;"HO07    ";"HOKAMAT SRL                                       ";AV. PTE. PERON 2787;952728;"61-205         ";61-205 - LAVATORIO MONOC ALTO STEEL;1;1;1;23320461;110926074745714;183003098;;;;07/28/2031 00:00:00;1;13917818;11/09/2026 07:47:45;Tiago;Rodriguez;;;;;;Tiago Rodriguez;
14246742;11/09/2026 07:59:29;3;2;0001  215368-1;01;CAMIONETA LUN 2;2092901;"HO07    ";"HOKAMAT SRL                                       ";AV. PTE. PERON 2787;952673;"60-200G        ";60-200G - LAVATORIO MONOC BAJO GOLD FABRIC;1;1;1;23320461;110926074745714;183005427;;;;07/28/2031 00:00:00;1;13917818;11/09/2026 07:47:45;Tiago;Rodriguez;;;;;;Tiago Rodriguez;
14246742;11/09/2026 07:59:29;3;2;0001  215368-1;01;CAMIONETA LUN 2;2092901;"HO07    ";"HOKAMAT SRL                                       ";AV. PTE. PERON 2787;951760;"3006SS         ";3006SS - SET DE 6 PIEZAS LINEA 3000 SS;5;5;5;23320461;110926074745714;183002673;;;;07/29/2031 00:00:00;5;13917818;11/09/2026 07:47:45;Tiago;Rodriguez;;;;;;Tiago Rodriguez;
14246742;11/09/2026 07:59:29;3;2;0001  215368-1;01;CAMIONETA LUN 2;2092901;"HO07    ";"HOKAMAT SRL                                       ";AV. PTE. PERON 2787;951322;"18060          ";18060 - PORTA VASO Y CEPILLO NIQUEL LINEA BEAT;1;1;1;23320461;110926074745714;183001370;;;;07/27/2031 00:00:00;1;13917818;11/09/2026 07:47:45;Tiago;Rodriguez;;;;;;Tiago Rodriguez;
14246742;11/09/2026 07:59:29;3;2;0001  215368-1;01;CAMIONETA LUN 2;2092901;"HO07    ";"HOKAMAT SRL                                       ";AV. PTE. PERON 2787;951258;"16006          ";16006 - SET 6 PIEZAS ACCESORIOS LINEA 16000;1;1;1;23320560;110926075106571;183007887;;;;07/29/2031 00:00:00;1;13917856;11/09/2026 07:51:06;Tiago;Rodriguez;;;;;;Tiago Rodriguez;
14246742;11/09/2026 07:59:29;3;2;0001  215368-1;01;CAMIONETA LUN 2;2092901;"HO07    ";"HOKAMAT SRL                                       ";AV. PTE. PERON 2787;951294;"17010G         ";17010G - TOALLERO BARRAL LINEA FABRIC GOLD;1;1;1;23320560;110926075106571;183003990;;;;07/27/2031 00:00:00;1;13917856;11/09/2026 07:51:06;Tiago;Rodriguez;;;;;;Tiago Rodriguez;
14246742;11/09/2026 07:59:29;3;2;0001  215368-1;01;CAMIONETA LUN 2;2092901;"HO07    ";"HOKAMAT SRL                                       ";AV. PTE. PERON 2787;953334;"84-203         ";"DUCHA EXT C/COLUMNA Y TRANSF CR ADRA                                  ";1;1;1;23320560;110926075106571;183005153;;;;12/02/2031 00:00:00;1;13917856;11/09/2026 07:51:06;Tiago;Rodriguez;;;;;;Tiago Rodriguez;
14246742;11/09/2026 07:59:29;3;2;0001  215368-1;01;CAMIONETA LUN 2;2092901;"HO07    ";"HOKAMAT SRL                                       ";AV. PTE. PERON 2787;951512;"20-122         ";"MONOCOMANDO COCINA CR C/PICO EXTRAIBLE VALENCIA                       ";6;6;6;23320587;110926075150517;183006577;;;;08/06/2031 00:00:00;6;13917862;11/09/2026 07:51:50;Tiago;Rodriguez;;;;;;Tiago Rodriguez;
14246742;11/09/2026 07:59:29;3;2;0001  215368-1;01;CAMIONETA LUN 2;2092901;"HO07    ";"HOKAMAT SRL                                       ";AV. PTE. PERON 2787;953102;"80-152         ";80-152 - DUCHA EMB. CR C/TRANSF. MONOCOMANDO SORIA;1;1;1;23320587;110926075150517;183000261;;;;10/26/2031 00:00:00;1;13917862;11/09/2026 07:51:50;Tiago;Rodriguez;;;;;;Tiago Rodriguez;
14246743;11/09/2026 08:08:04;3;2;0008    2917-1;01;CAMIONETA LUN 2;2091843;"CO28    ";"CONSTRUDISENO S.A.                                ";RUTA 197 Y PANAMERICANA;950903;"03-010         ";"LAVATORIO ALTO TEMPORIZADO TECNO                                      ";11;11;11;23304271;110926080803676;182999685;;;;09/16/2031 00:00:00;10;13918033;11/09/2026 08:08:03;Tiago;Rodriguez;24580399;10/09/2026 14:34:29;7636;Kevin;Arce;Tiago Rodriguez;Kevin Arce
14246743;11/09/2026 08:08:04;3;2;0008    2917-1;01;CAMIONETA LUN 2;2091843;"CO28    ";"CONSTRUDISENO S.A.                                ";RUTA 197 Y PANAMERICANA;951545;"20-172         ";20-172 - COCINA MESADA MONOC. COLORS NEGRO;1;1;1;23304271;110926080803676;182998190;;;;07/28/2031 00:00:00;1;13918033;11/09/2026 08:08:03;Tiago;Rodriguez;24580399;10/09/2026 14:34:29;7636;Kevin;Arce;Tiago Rodriguez;Kevin Arce
14246743;11/09/2026 08:08:04;3;2;0008    2917-1;01;CAMIONETA LUN 2;2091843;"CO28    ";"CONSTRUDISENO S.A.                                ";RUTA 197 Y PANAMERICANA;954914;"BCH12          ";BCH12 - BACHA DE APOYAR BLANCA 460x320x140;1;1;1;23305603;110926080157020;183008583;;;;11/10/2031 00:00:00;1;13918015;11/09/2026 08:01:57;Tiago;Rodriguez;24581797;10/09/2026 14:43:12;7152;Mirko;Hernandez;Tiago Rodriguez;Mirko Hernandez
14246743;11/09/2026 08:08:04;3;2;0008    2917-1;01;CAMIONETA LUN 2;2091843;"CO28    ";"CONSTRUDISENO S.A.                                ";RUTA 197 Y PANAMERICANA;953171;"80-353NI       ";80-353NI - DUCHA DE EMB 3 FUNCIONES BEAT NICKEL;1;1;1;23308726;110926080111103;183035851;;;;01/11/2032 00:00:00;1;13917989;11/09/2026 08:01:11;Tiago;Rodriguez;24585182;10/09/2026 15:38:48;6922;Franco;Potenza;Tiago Rodriguez;Franco Potenza
14246743;11/09/2026 08:08:04;3;2;0008    2917-1;01;CAMIONETA LUN 2;2091843;"CO28    ";"CONSTRUDISENO S.A.                                ";RUTA 197 Y PANAMERICANA;954377;"A1539G         ";"TAPA Y TECLA PARA VALVULA DE DESCARGA CUADRADA MINIMALISTA GOLD       ";2;2;2;23308726;110926080111103;183036862;;;;07/31/2031 00:00:00;2;13917989;11/09/2026 08:01:11;Tiago;Rodriguez;24585182;10/09/2026 15:38:48;6922;Franco;Potenza;Tiago Rodriguez;Franco Potenza
14246743;11/09/2026 08:08:04;3;2;0008    2917-1;01;CAMIONETA LUN 2;2091843;"CO28    ";"CONSTRUDISENO S.A.                                ";RUTA 197 Y PANAMERICANA;954382;"A1540          ";"CUERPO VALVULA DE DESAGOTE P/INODORO TECNO 02-010/011                 ";2;2;2;23308726;110926080111103;183037455;;;;07/28/2031 00:00:00;2;13917989;11/09/2026 08:01:11;Tiago;Rodriguez;24585182;10/09/2026 15:38:48;6922;Franco;Potenza;Tiago Rodriguez;Franco Potenza
14246743;11/09/2026 08:08:04;3;2;0008    2917-1;01;CAMIONETA LUN 2;2091843;"CO28    ";"CONSTRUDISENO S.A.                                ";RUTA 197 Y PANAMERICANA;952598;"60-100NI       ";60-100NI - LAVATORIO NICKEL C.CERAM FABRIC;1;1;1;23308726;110926080111103;183035439;;;;10/08/2031 00:00:00;1;13917989;11/09/2026 08:01:11;Tiago;Rodriguez;24585182;10/09/2026 15:38:48;6922;Franco;Potenza;Tiago Rodriguez;Franco Potenza
14246743;11/09/2026 08:08:04;3;2;0008    2917-1;01;CAMIONETA LUN 2;2091843;"CO28    ";"CONSTRUDISENO S.A.                                ";RUTA 197 Y PANAMERICANA;952876;"70-100NI       ";70-100NI - BIDE NICKEL C.CERAM FABRIC;1;1;1;23308726;110926080111103;183035522;;;;12/01/2031 00:00:00;1;13917989;11/09/2026 08:01:11;Tiago;Rodriguez;24585182;10/09/2026 15:38:48;6922;Franco;Potenza;Tiago Rodriguez;Franco Potenza
14246743;11/09/2026 08:08:04;3;2;0008    2917-1;01;CAMIONETA LUN 2;2091843;"CO28    ";"CONSTRUDISENO S.A.                                ";RUTA 197 Y PANAMERICANA;954901;"BCH01          ";BCH01 - BACHA DE APOYAR CIRCULAR 320x145;1;1;1;23320918;110926080151768;183009235;;;;07/28/2031 00:00:00;1;13918018;11/09/2026 08:01:51;Tiago;Rodriguez;;;;;;Tiago Rodriguez;
14246743;11/09/2026 08:08:04;3;2;0008    2917-1;01;CAMIONETA LUN 2;2091843;"CO28    ";"CONSTRUDISENO S.A.                                ";RUTA 197 Y PANAMERICANA;951294;"17010G         ";17010G - TOALLERO BARRAL LINEA FABRIC GOLD;2;2;2;23321045;110926080421136;183000320;;;;07/27/2031 00:00:00;2;13918053;11/09/2026 08:04:21;Tiago;Rodriguez;;;;;;Tiago Rodriguez;
14246743;11/09/2026 08:08:04;3;2;0008    2917-1;01;CAMIONETA LUN 2;2091843;"CO28    ";"CONSTRUDISENO S.A.                                ";RUTA 197 Y PANAMERICANA;951300;"17030G         ";17030G - PERCHA LINEA FABRIC GOLD;4;4;4;23321045;110926080421136;183006497;;;;07/29/2031 00:00:00;4;13918053;11/09/2026 08:04:21;Tiago;Rodriguez;;;;;;Tiago Rodriguez;
14246743;11/09/2026 08:08:04;3;2;0008    2917-1;01;CAMIONETA LUN 2;2091843;"CO28    ";"CONSTRUDISENO S.A.                                ";RUTA 197 Y PANAMERICANA;951303;"17040G         ";17040G - PORTA ROLLO LINEA FABRIC GOLD;2;2;2;23321045;110926080421136;183004750;;;;07/28/2031 00:00:00;2;13918053;11/09/2026 08:04:21;Tiago;Rodriguez;;;;;;Tiago Rodriguez;
14246743;11/09/2026 08:08:04;3;2;0008    2917-1;01;CAMIONETA LUN 2;2091843;"CO28    ";"CONSTRUDISENO S.A.                                ";RUTA 197 Y PANAMERICANA;950907;"05-010         ";"LAVATORIO BAJO TEMPORIZADO TECNO                                      ";2;2;2;23321173;110926080619904;183000659;;;;07/28/2031 00:00:00;2;13918092;11/09/2026 08:06:19;Tiago;Rodriguez;;;;;;Tiago Rodriguez;
14246743;11/09/2026 08:08:04;3;2;0008    2917-1;01;CAMIONETA LUN 2;2091843;"CO28    ";"CONSTRUDISENO S.A.                                ";RUTA 197 Y PANAMERICANA;950903;"03-010         ";"LAVATORIO ALTO TEMPORIZADO TECNO                                      ";11;11;11;23321173;110926080619904;183130729;;;;09/16/2031 00:00:00;1;13918092;11/09/2026 08:06:19;Tiago;Rodriguez;;;;;;Tiago Rodriguez;
14246743;11/09/2026 08:08:04;3;2;0008    2917-1;01;CAMIONETA LUN 2;2091843;"CO28    ";"CONSTRUDISENO S.A.                                ";RUTA 197 Y PANAMERICANA;951607;"21100N         ";21100N - ESTANTE ORGANIZADOR RECTANGULAR BLACK 25x12x7;3;3;3;23321173;110926080619904;183002951;;;;07/27/2031 00:00:00;3;13918092;11/09/2026 08:06:19;Tiago;Rodriguez;;;;;;Tiago Rodriguez;
14246743;11/09/2026 08:08:04;3;2;0008    2917-1;01;CAMIONETA LUN 2;2091843;"CO28    ";"CONSTRUDISENO S.A.                                ";RUTA 197 Y PANAMERICANA;951550;"20-182         ";20-182 - MONOCOMANDO DE COCINA MULTIFUNCION CR ZENITH;1;1;1;23321173;110926080619904;183001618;;;;07/30/2031 00:00:00;1;13918092;11/09/2026 08:06:19;Tiago;Rodriguez;;;;;;Tiago Rodriguez;
14246744;11/09/2026 07:27:56;3;2;0001  215446-1;01;CAMIONETA LUN 2;2091911;"CR23    ";"CRETA PORCELLANATOS S.A. -CRETA DISEGNO           ";BEETHOVEN 819;954907;"BCH06          ";BCH06 - BACHA DE APOYAR CIRCULAR 415x135;2;2;2;23305604;110926072752337;183009639;;;;10/04/2031 00:00:00;1;13917391;11/09/2026 07:27:52;Tiago;Rodriguez;24581797;10/09/2026 14:43:12;7152;Mirko;Hernandez;Tiago Rodriguez;Mirko Hernandez
14246744;11/09/2026 07:27:56;3;2;0001  215446-1;01;CAMIONETA LUN 2;2091911;"CR23    ";"CRETA PORCELLANATOS S.A. -CRETA DISEGNO           ";BEETHOVEN 819;953156;"80-201NI       ";80-201NI - DUCHA EMB C/TRANSF C.CERAM BEAT NICKEL;1;1;1;23305933;110926071855352;183013846;;;;11/10/2031 00:00:00;1;13917285;11/09/2026 07:18:55;Tiago;Rodriguez;24582138;10/09/2026 14:58:04;7636;Kevin;Arce;Tiago Rodriguez;Kevin Arce
14246744;11/09/2026 07:27:56;3;2;0001  215446-1;01;CAMIONETA LUN 2;2091911;"CR23    ";"CRETA PORCELLANATOS S.A. -CRETA DISEGNO           ";BEETHOVEN 819;952786;"62-201NI       ";62-201NI - LAVATORIO DE PARED C.CERAM BEAT NICKEL;2;2;2;23305933;110926071855352;183014410;;;;11/02/2031 00:00:00;2;13917285;11/09/2026 07:18:55;Tiago;Rodriguez;24582138;10/09/2026 14:58:04;7636;Kevin;Arce;Tiago Rodriguez;Kevin Arce
14246744;11/09/2026 07:27:56;3;2;0001  215446-1;01;CAMIONETA LUN 2;2091911;"CR23    ";"CRETA PORCELLANATOS S.A. -CRETA DISEGNO           ";BEETHOVEN 819;952759;"62-162N        ";62-162N - LAVATORIO DE PARED BLACK C.CERAM ADRA;1;1;1;23305933;110926071855352;183015084;;;;12/08/2031 00:00:00;1;13917285;11/09/2026 07:18:55;Tiago;Rodriguez;24582138;10/09/2026 14:58:04;7636;Kevin;Arce;Tiago Rodriguez;Kevin Arce
14246744;11/09/2026 07:27:56;3;2;0001  215446-1;01;CAMIONETA LUN 2;2091911;"CR23    ";"CRETA PORCELLANATOS S.A. -CRETA DISEGNO           ";BEETHOVEN 819;952610;"60-122         ";60-122 - LAVATORIO C.CERAM CR VALENCIA;2;2;2;23305933;110926071855352;183015588;;;;12/10/2031 00:00:00;2;13917285;11/09/2026 07:18:55;Tiago;Rodriguez;24582138;10/09/2026 14:58:04;7636;Kevin;Arce;Tiago Rodriguez;Kevin Arce
14246744;11/09/2026 07:27:56;3;2;0001  215446-1;01;CAMIONETA LUN 2;2091911;"CR23    ";"CRETA PORCELLANATOS S.A. -CRETA DISEGNO           ";BEETHOVEN 819;951135;"13030          ";"PERCHA LINEA 13000                                                    ";2;2;2;23310592;110926072322934;183051339;;;;07/31/2031 00:00:00;2;13917297;11/09/2026 07:23:22;Tiago;Rodriguez;24587183;10/09/2026 16:14:20;6404;Ivan;Goyena;Tiago Rodriguez;Ivan Goyena
14246744;11/09/2026 07:27:56;3;2;0001  215446-1;01;CAMIONETA LUN 2;2091911;"CR23    ";"CRETA PORCELLANATOS S.A. -CRETA DISEGNO           ";BEETHOVEN 819;951136;"13040          ";"PORTA ROLLO LINEA 13000                                               ";1;1;1;23310592;110926072322934;183051297;;;;07/31/2031 00:00:00;1;13917297;11/09/2026 07:23:22;Tiago;Rodriguez;24587183;10/09/2026 16:14:20;6404;Ivan;Goyena;Tiago Rodriguez;Ivan Goyena
14246744;11/09/2026 07:27:56;3;2;0001  215446-1;01;CAMIONETA LUN 2;2091911;"CR23    ";"CRETA PORCELLANATOS S.A. -CRETA DISEGNO           ";BEETHOVEN 819;951262;"16030          ";16030 - PERCHA LINEA 16000;4;4;4;23310592;110926072322934;183050524;;;;07/27/2031 00:00:00;4;13917297;11/09/2026 07:23:22;Tiago;Rodriguez;24587183;10/09/2026 16:14:20;6404;Ivan;Goyena;Tiago Rodriguez;Ivan Goyena
14246744;11/09/2026 07:27:56;3;2;0001  215446-1;01;CAMIONETA LUN 2;2091911;"CR23    ";"CRETA PORCELLANATOS S.A. -CRETA DISEGNO           ";BEETHOVEN 819;954230;"A1452C         ";A1452C - CAÑO DE DUCHA RECTO 150 MM CROMO C/BLISTER;2;2;2;23310592;110926072322934;183051565;;;;07/31/2031 00:00:00;2;13917297;11/09/2026 07:23:22;Tiago;Rodriguez;24587183;10/09/2026 16:14:20;6404;Ivan;Goyena;Tiago Rodriguez;Ivan Goyena
14246744;11/09/2026 07:27:56;3;2;0001  215446-1;01;CAMIONETA LUN 2;2091911;"CR23    ";"CRETA PORCELLANATOS S.A. -CRETA DISEGNO           ";BEETHOVEN 819;954232;"A1452G         ";A1452G - CAÑO DE DUCHA RECTO 150 MM GOLD C/BLISTER;5;5;5;23310592;110926072322934;183050345;;;;01/27/2032 00:00:00;5;13917297;11/09/2026 07:23:22;Tiago;Rodriguez;24587183;10/09/2026 16:14:20;6404;Ivan;Goyena;Tiago Rodriguez;Ivan Goyena
14246744;11/09/2026 07:27:56;3;2;0001  215446-1;01;CAMIONETA LUN 2;2091911;"CR23    ";"CRETA PORCELLANATOS S.A. -CRETA DISEGNO           ";BEETHOVEN 819;954234;"A1452N         ";A1452N - CAÑO DE DUCHA RECTO 150 MM BLACK C/BLISTER;2;2;2;23310592;110926072322934;183050044;;;;07/31/2031 00:00:00;2;13917297;11/09/2026 07:23:22;Tiago;Rodriguez;24587183;10/09/2026 16:14:20;6404;Ivan;Goyena;Tiago Rodriguez;Ivan Goyena
14246744;11/09/2026 07:27:56;3;2;0001  215446-1;01;CAMIONETA LUN 2;2091911;"CR23    ";"CRETA PORCELLANATOS S.A. -CRETA DISEGNO           ";BEETHOVEN 819;954235;"A1452NI        ";A1452NI - CAÑO DE DUCHA RECTO 150 MM NICKEL C/BLISTER;3;3;3;23310592;110926072322934;183051861;;;;02/02/2032 00:00:00;3;13917297;11/09/2026 07:23:22;Tiago;Rodriguez;24587183;10/09/2026 16:14:20;6404;Ivan;Goyena;Tiago Rodriguez;Ivan Goyena
14246744;11/09/2026 07:27:56;3;2;0001  215446-1;01;CAMIONETA LUN 2;2091911;"CR23    ";"CRETA PORCELLANATOS S.A. -CRETA DISEGNO           ";BEETHOVEN 819;951513;"20-122N        ";20-122N - MONOCOMANDO COCINA C/PICO EXTRAIBLE VALENCIA BLACK;2;2;2;23319680;110926072013655;183053754;;;;08/06/2031 00:00:00;2;13917307;11/09/2026 07:20:13;Tiago;Rodriguez;;;;;;Tiago Rodriguez;
14246744;11/09/2026 07:27:56;3;2;0001  215446-1;01;CAMIONETA LUN 2;2091911;"CR23    ";"CRETA PORCELLANATOS S.A. -CRETA DISEGNO           ";BEETHOVEN 819;951486;"20-100N        ";20-100N - MONOCOMANDO DE COCINA FABRIC BLACK;2;2;2;23319680;110926072013655;183051708;;;;01/10/2032 00:00:00;2;13917307;11/09/2026 07:20:13;Tiago;Rodriguez;;;;;;Tiago Rodriguez;
14246744;11/09/2026 07:27:56;3;2;0001  215446-1;01;CAMIONETA LUN 2;2091911;"CR23    ";"CRETA PORCELLANATOS S.A. -CRETA DISEGNO           ";BEETHOVEN 819;951484;"20-100C        ";20-100C - MONOCOMANDO DE COCINA FABRIC CROMO;2;2;2;23319680;110926072013655;183052111;;;;02/18/2032 00:00:00;2;13917307;11/09/2026 07:20:13;Tiago;Rodriguez;;;;;;Tiago Rodriguez;
14246744;11/09/2026 07:27:56;3;2;0001  215446-1;01;CAMIONETA LUN 2;2091911;"CR23    ";"CRETA PORCELLANATOS S.A. -CRETA DISEGNO           ";BEETHOVEN 819;951548;"20-179         ";20-179 - MONOCOMANDO DE COCINA LARA;6;6;6;23319698;110926072112790;183053353;;;;07/27/2031 00:00:00;6;13917326;11/09/2026 07:21:12;Tiago;Rodriguez;;;;;;Tiago Rodriguez;
14246744;11/09/2026 07:27:56;3;2;0001  215446-1;01;CAMIONETA LUN 2;2091911;"CR23    ";"CRETA PORCELLANATOS S.A. -CRETA DISEGNO           ";BEETHOVEN 819;952928;"70-180         ";70-180 - BIDE MONOCOMANDO C/TRANSF. VERA;3;3;3;23319698;110926072112790;183053085;;;;07/27/2031 00:00:00;3;13917326;11/09/2026 07:21:12;Tiago;Rodriguez;;;;;;Tiago Rodriguez;
14246744;11/09/2026 07:27:56;3;2;0001  215446-1;01;CAMIONETA LUN 2;2091911;"CR23    ";"CRETA PORCELLANATOS S.A. -CRETA DISEGNO           ";BEETHOVEN 819;952950;"70-200G        ";70-200G - BIDE MONOCOMANDO GOLD FABRIC;2;2;2;23319698;110926072112790;183052603;;;;07/27/2031 00:00:00;2;13917326;11/09/2026 07:21:12;Tiago;Rodriguez;;;;;;Tiago Rodriguez;
14246744;11/09/2026 07:27:56;3;2;0001  215446-1;01;CAMIONETA LUN 2;2091911;"CR23    ";"CRETA PORCELLANATOS S.A. -CRETA DISEGNO           ";BEETHOVEN 819;1141161;"BCH23          ";"BACHA DE APOYAR CIRCULAR BLANCA 310x110                               ";4;4;4;23319802;110926072443239;183122386;;;;02/11/2032 00:00:00;1;13917394;11/09/2026 07:24:43;Tiago;Rodriguez;;;;;;Tiago Rodriguez;
14246744;11/09/2026 07:27:56;3;2;0001  215446-1;01;CAMIONETA LUN 2;2091911;"CR23    ";"CRETA PORCELLANATOS S.A. -CRETA DISEGNO           ";BEETHOVEN 819;1141161;"BCH23          ";"BACHA DE APOYAR CIRCULAR BLANCA 310x110                               ";4;4;4;23319803;110926072452368;183122408;;;;02/11/2032 00:00:00;1;13917397;11/09/2026 07:24:52;Tiago;Rodriguez;;;;;;Tiago Rodriguez;
14246744;11/09/2026 07:27:56;3;2;0001  215446-1;01;CAMIONETA LUN 2;2091911;"CR23    ";"CRETA PORCELLANATOS S.A. -CRETA DISEGNO           ";BEETHOVEN 819;1141161;"BCH23          ";"BACHA DE APOYAR CIRCULAR BLANCA 310x110                               ";4;4;4;23319812;110926072500345;183122433;;;;02/11/2032 00:00:00;1;13917403;11/09/2026 07:25:00;Tiago;Rodriguez;;;;;;Tiago Rodriguez;
14246744;11/09/2026 07:27:56;3;2;0001  215446-1;01;CAMIONETA LUN 2;2091911;"CR23    ";"CRETA PORCELLANATOS S.A. -CRETA DISEGNO           ";BEETHOVEN 819;1141161;"BCH23          ";"BACHA DE APOYAR CIRCULAR BLANCA 310x110                               ";4;4;4;23319819;110926072508387;183011254;;;;02/11/2032 00:00:00;1;13917406;11/09/2026 07:25:08;Tiago;Rodriguez;;;;;;Tiago Rodriguez;
14246744;11/09/2026 07:27:56;3;2;0001  215446-1;01;CAMIONETA LUN 2;2091911;"CR23    ";"CRETA PORCELLANATOS S.A. -CRETA DISEGNO           ";BEETHOVEN 819;1141160;"BCH22          ";"BACHA DE APOYAR BLANCA 450x290x110                                    ";4;4;4;23319824;110926072519020;183122495;;;;02/11/2032 00:00:00;1;13917412;11/09/2026 07:25:19;Tiago;Rodriguez;;;;;;Tiago Rodriguez;
14246744;11/09/2026 07:27:56;3;2;0001  215446-1;01;CAMIONETA LUN 2;2091911;"CR23    ";"CRETA PORCELLANATOS S.A. -CRETA DISEGNO           ";BEETHOVEN 819;1141160;"BCH22          ";"BACHA DE APOYAR BLANCA 450x290x110                                    ";4;4;4;23319831;110926072527233;183122525;;;;02/11/2032 00:00:00;1;13917414;11/09/2026 07:25:27;Tiago;Rodriguez;;;;;;Tiago Rodriguez;
14246744;11/09/2026 07:27:56;3;2;0001  215446-1;01;CAMIONETA LUN 2;2091911;"CR23    ";"CRETA PORCELLANATOS S.A. -CRETA DISEGNO           ";BEETHOVEN 819;1141160;"BCH22          ";"BACHA DE APOYAR BLANCA 450x290x110                                    ";4;4;4;23319833;110926072533451;183122546;;;;02/11/2032 00:00:00;1;13917418;11/09/2026 07:25:33;Tiago;Rodriguez;;;;;;Tiago Rodriguez;
14246744;11/09/2026 07:27:56;3;2;0001  215446-1;01;CAMIONETA LUN 2;2091911;"CR23    ";"CRETA PORCELLANATOS S.A. -CRETA DISEGNO           ";BEETHOVEN 819;1141160;"BCH22          ";"BACHA DE APOYAR BLANCA 450x290x110                                    ";4;4;4;23319835;110926072539973;183010887;;;;02/11/2032 00:00:00;1;13917420;11/09/2026 07:25:39;Tiago;Rodriguez;;;;;;Tiago Rodriguez;
14246744;11/09/2026 07:27:56;3;2;0001  215446-1;01;CAMIONETA LUN 2;2091911;"CR23    ";"CRETA PORCELLANATOS S.A. -CRETA DISEGNO           ";BEETHOVEN 819;954914;"BCH12          ";BCH12 - BACHA DE APOYAR BLANCA 460x320x140;2;2;2;23319840;110926072547878;183122592;;;;11/10/2031 00:00:00;1;13917422;11/09/2026 07:25:47;Tiago;Rodriguez;;;;;;Tiago Rodriguez;
14246744;11/09/2026 07:27:56;3;2;0001  215446-1;01;CAMIONETA LUN 2;2091911;"CR23    ";"CRETA PORCELLANATOS S.A. -CRETA DISEGNO           ";BEETHOVEN 819;954914;"BCH12          ";BCH12 - BACHA DE APOYAR BLANCA 460x320x140;2;2;2;23319841;110926072554862;183008882;;;;11/10/2031 00:00:00;1;13917424;11/09/2026 07:25:54;Tiago;Rodriguez;;;;;;Tiago Rodriguez;
14246744;11/09/2026 07:27:56;3;2;0001  215446-1;01;CAMIONETA LUN 2;2091911;"CR23    ";"CRETA PORCELLANATOS S.A. -CRETA DISEGNO           ";BEETHOVEN 819;954907;"BCH06          ";BCH06 - BACHA DE APOYAR CIRCULAR 415x135;2;2;2;23319877;110926072722802;183122875;;;;10/04/2031 00:00:00;1;13917445;11/09/2026 07:27:22;Tiago;Rodriguez;;;;;;Tiago Rodriguez;
14246745;10/09/2026 15:40:46;3;2;0001  215408-1;01;CAMIONETA LUN 2;2093663;"NC04    ";"NUEVA CASA SA                                     ";COLECTORA ESTE PANAMERICANA S/N KM 44 44;951512;"20-122         ";"MONOCOMANDO COCINA CR C/PICO EXTRAIBLE VALENCIA                       ";1;1;1;23304272;100926153717309;183002500;;;;08/06/2031 00:00:00;1;13911093;10/09/2026 15:37:17;Maximiliano;Nievas;24580399;10/09/2026 14:34:29;7636;Kevin;Arce;Maximiliano Nievas;Kevin Arce
14246745;10/09/2026 15:40:46;3;2;0001  215408-1;01;CAMIONETA LUN 2;2093663;"NC04    ";"NUEVA CASA SA                                     ";COLECTORA ESTE PANAMERICANA S/N KM 44 44;953153;"80-200G        ";80-200G - DUCHA EMB. MONOC. 3 FUNCIONES GOLD FABRIC;2;2;2;23305934;100926154037597;183008689;;;;12/03/2031 00:00:00;2;13911129;10/09/2026 15:40:37;Maximiliano;Nievas;24582138;10/09/2026 14:58:04;7636;Kevin;Arce;Maximiliano Nievas;Kevin Arce
14246745;10/09/2026 15:40:46;3;2;0001  215408-1;01;CAMIONETA LUN 2;2093663;"NC04    ";"NUEVA CASA SA                                     ";COLECTORA ESTE PANAMERICANA S/N KM 44 44;952596;"60-100G        ";60-100G - LAVATORIO GOLD C.CERAM FABRIC;2;2;2;23309240;100926153808437;183016302;;;;11/10/2031 00:00:00;2;13911131;10/09/2026 15:38:08;Maximiliano;Nievas;;;;;;Maximiliano Nievas;
14246745;10/09/2026 15:40:46;3;2;0001  215408-1;01;CAMIONETA LUN 2;2093663;"NC04    ";"NUEVA CASA SA                                     ";COLECTORA ESTE PANAMERICANA S/N KM 44 44;952740;"62-100G        ";62-100G - LAVATORIO DE PARED GOLD C.CERAM FABRIC;1;1;1;23309240;100926153808437;183016505;;;;12/20/2031 00:00:00;1;13911131;10/09/2026 15:38:08;Maximiliano;Nievas;;;;;;Maximiliano Nievas;
14246746;11/09/2026 07:04:34;3;2;0004     113-1;01;CAMIONETA LUN 2;2094989;"VM14    ";"VIESTI HNOS. SANITARIOS S. R. L.                  ";PTE. ARTURO ILIA 4289;958146;"RINO102-3      ";"ASIENTO INODORO LINEA LOFT                                            ";1;1;1;23308727;110926070434002;183034872;;;;01/24/2032 00:00:00;1;13917123;11/09/2026 07:04:34;Tiago;Rodriguez;24585182;10/09/2026 15:38:48;6922;Franco;Potenza;Tiago Rodriguez;Franco Potenza
14247012;14/09/2026 11:16:07;3;2;0001  215211-1;06;CAMION MIE 1;2090990;"AB08    ";"ABELSON S.A.                                      ";GAONA 3326;953109;"80-166         ";"DUCHA EMB. C/TRANSF. CR C.CERAM ADRA PLUS                             ";15;15;15;23362648;140926105105120;183446043;;;;01/19/2032 00:00:00;4;13946421;14/09/2026 10:51:05;Tiago;Rodriguez;24639875;14/09/2026 09:44:41;7827;Javier;Machado;Tiago Rodriguez;Javier Machado
14247012;14/09/2026 11:16:07;3;2;0001  215211-1;06;CAMION MIE 1;2090990;"AB08    ";"ABELSON S.A.                                      ";GAONA 3326;951532;"20-147         ";20-147 - MONOCOMANDO DE COCINA SWIFT;40;40;40;23362655;140926111605315;183446266;;;;07/29/2031 00:00:00;10;13948328;14/09/2026 11:16:05;Tiago;Rodriguez;24639878;14/09/2026 08:14:34;7152;Mirko;Hernandez;Tiago Rodriguez;Mirko Hernandez
14247012;14/09/2026 11:16:07;3;2;0001  215211-1;06;CAMION MIE 1;2090990;"AB08    ";"ABELSON S.A.                                      ";GAONA 3326;953136;"80-190P        ";80-190P - DUCHA EMB. C/TRANSF. C.CERAM BLACK VELVET PLUS;10;10;10;23369413;140926100757552;183491945;;;;07/30/2031 00:00:00;3;13946452;14/09/2026 10:07:57;Tiago;Rodriguez;;;;;;Tiago Rodriguez;
14247012;14/09/2026 11:16:07;3;2;0001  215211-1;06;CAMION MIE 1;2090990;"AB08    ";"ABELSON S.A.                                      ";GAONA 3326;953354;"85-201NI       ";85-201NI - DUCHA EMB C/TRANSF Y DUCHADOR C.CERAM BEAT NICKEL;5;5;5;23369432;140926100812645;183492031;;;;01/11/2032 00:00:00;3;13946457;14/09/2026 10:08:12;Tiago;Rodriguez;;;;;;Tiago Rodriguez;
14247012;14/09/2026 11:16:07;3;2;0001  215211-1;06;CAMION MIE 1;2090990;"AB08    ";"ABELSON S.A.                                      ";GAONA 3326;953136;"80-190P        ";80-190P - DUCHA EMB. C/TRANSF. C.CERAM BLACK VELVET PLUS;10;10;10;23369476;140926100856666;183492384;;;;07/30/2031 00:00:00;3;13946478;14/09/2026 10:08:56;Tiago;Rodriguez;;;;;;Tiago Rodriguez;
14247012;14/09/2026 11:16:07;3;2;0001  215211-1;06;CAMION MIE 1;2090990;"AB08    ";"ABELSON S.A.                                      ";GAONA 3326;953136;"80-190P        ";80-190P - DUCHA EMB. C/TRANSF. C.CERAM BLACK VELVET PLUS;10;10;10;23369546;140926101007558;183492811;;;;07/30/2031 00:00:00;3;13946505;14/09/2026 10:10:07;Tiago;Rodriguez;;;;;;Tiago Rodriguez;
14247012;14/09/2026 11:16:07;3;2;0001  215211-1;06;CAMION MIE 1;2090990;"AB08    ";"ABELSON S.A.                                      ";GAONA 3326;953070;"80-100C        ";80-100C - DUCHA EMB. C/TRANSF. CR C.CERAM FABRIC;6;6;6;23369693;140926101237178;183493683;;;;07/30/2031 00:00:00;3;13946585;14/09/2026 10:12:37;Tiago;Rodriguez;;;;;;Tiago Rodriguez;
14247012;14/09/2026 11:16:07;3;2;0001  215211-1;06;CAMION MIE 1;2090990;"AB08    ";"ABELSON S.A.                                      ";GAONA 3326;953236;"81-180         ";81-180 - DUCHA EMB. S/TRANSF. MONOCOMANDO VERA;10;10;10;23370226;140926102201301;183497313;;;;01/04/2032 00:00:00;3;13946870;14/09/2026 10:22:01;Tiago;Rodriguez;;;;;;Tiago Rodriguez;
14247012;14/09/2026 11:16:07;3;2;0001  215211-1;06;CAMION MIE 1;2090990;"AB08    ";"ABELSON S.A.                                      ";GAONA 3326;953236;"81-180         ";81-180 - DUCHA EMB. S/TRANSF. MONOCOMANDO VERA;10;10;10;23370254;140926102236146;183497561;;;;01/04/2032 00:00:00;3;13946887;14/09/2026 10:22:36;Tiago;Rodriguez;;;;;;Tiago Rodriguez;
14247012;14/09/2026 11:16:07;3;2;0001  215211-1;06;CAMION MIE 1;2090990;"AB08    ";"ABELSON S.A.                                      ";GAONA 3326;953236;"81-180         ";81-180 - DUCHA EMB. S/TRANSF. MONOCOMANDO VERA;10;10;10;23370270;140926102304230;183446930;;;;01/04/2032 00:00:00;4;13946897;14/09/2026 10:23:04;Tiago;Rodriguez;;;;;;Tiago Rodriguez;
14247012;14/09/2026 11:16:07;3;2;0001  215211-1;06;CAMION MIE 1;2090990;"AB08    ";"ABELSON S.A.                                      ";GAONA 3326;952453;"51-131         ";51-131 - MESADA BIMANDO CR C.CERAM MALLORCA;10;10;10;23370303;140926102337299;183498016;;;;01/31/2032 00:00:00;3;13946913;14/09/2026 10:23:37;Tiago;Rodriguez;;;;;;Tiago Rodriguez;
14247012;14/09/2026 11:16:07;3;2;0001  215211-1;06;CAMION MIE 1;2090990;"AB08    ";"ABELSON S.A.                                      ";GAONA 3326;952453;"51-131         ";51-131 - MESADA BIMANDO CR C.CERAM MALLORCA;10;10;10;23370333;140926102359326;183498162;;;;01/31/2032 00:00:00;3;13946923;14/09/2026 10:23:59;Tiago;Rodriguez;;;;;;Tiago Rodriguez;
14247012;14/09/2026 11:16:07;3;2;0001  215211-1;06;CAMION MIE 1;2090990;"AB08    ";"ABELSON S.A.                                      ";GAONA 3326;952453;"51-131         ";51-131 - MESADA BIMANDO CR C.CERAM MALLORCA;10;10;10;23370353;140926102420464;183447487;;;;01/31/2032 00:00:00;4;13946928;14/09/2026 10:24:20;Tiago;Rodriguez;;;;;;Tiago Rodriguez;
14247012;14/09/2026 11:16:07;3;2;0001  215211-1;06;CAMION MIE 1;2090990;"AB08    ";"ABELSON S.A.                                      ";GAONA 3326;953171;"80-353NI       ";80-353NI - DUCHA DE EMB 3 FUNCIONES BEAT NICKEL;2;2;2;23370398;140926102513515;183498650;;;;01/11/2032 00:00:00;1;13946949;14/09/2026 10:25:13;Tiago;Rodriguez;;;;;;Tiago Rodriguez;
14247012;14/09/2026 11:16:07;3;2;0001  215211-1;06;CAMION MIE 1;2090990;"AB08    ";"ABELSON S.A.                                      ";GAONA 3326;953354;"85-201NI       ";85-201NI - DUCHA EMB C/TRANSF Y DUCHADOR C.CERAM BEAT NICKEL;5;5;5;23370398;140926102513515;183477227;;;;01/11/2032 00:00:00;2;13946949;14/09/2026 10:25:13;Tiago;Rodriguez;;;;;;Tiago Rodriguez;
14247012;14/09/2026 11:16:07;3;2;0001  215211-1;06;CAMION MIE 1;2090990;"AB08    ";"ABELSON S.A.                                      ";GAONA 3326;953171;"80-353NI       ";80-353NI - DUCHA DE EMB 3 FUNCIONES BEAT NICKEL;2;2;2;23370426;140926102542688;183477444;;;;01/11/2032 00:00:00;1;13946963;14/09/2026 10:25:42;Tiago;Rodriguez;;;;;;Tiago Rodriguez;
14247012;14/09/2026 11:16:07;3;2;0001  215211-1;06;CAMION MIE 1;2090990;"AB08    ";"ABELSON S.A.                                      ";GAONA 3326;953214;"81-100G        ";81-100G - DUCHA EMB S/TRANSF GOLD C.CERAM FABRIC;2;2;2;23370426;140926102542688;183476092;;;;01/11/2032 00:00:00;2;13946963;14/09/2026 10:25:42;Tiago;Rodriguez;;;;;;Tiago Rodriguez;
14247012;14/09/2026 11:16:07;3;2;0001  215211-1;06;CAMION MIE 1;2090990;"AB08    ";"ABELSON S.A.                                      ";GAONA 3326;952452;"51-122         ";51-122 - MESADA BIMANDO CR C.CERAM VALENCIA;6;6;6;23370471;140926102632312;183499183;;;;02/01/2032 00:00:00;3;13946994;14/09/2026 10:26:32;Tiago;Rodriguez;;;;;;Tiago Rodriguez;
14247012;14/09/2026 11:16:07;3;2;0001  215211-1;06;CAMION MIE 1;2090990;"AB08    ";"ABELSON S.A.                                      ";GAONA 3326;952452;"51-122         ";51-122 - MESADA BIMANDO CR C.CERAM VALENCIA;6;6;6;23370497;140926102653719;183473563;;;;02/01/2032 00:00:00;3;13947007;14/09/2026 10:26:53;Tiago;Rodriguez;;;;;;Tiago Rodriguez;
14247012;14/09/2026 11:16:07;3;2;0001  215211-1;06;CAMION MIE 1;2090990;"AB08    ";"ABELSON S.A.                                      ";GAONA 3326;953071;"80-100G        ";80-100G - DUCHA EMB. C/TRANSF. GOLD C.CERAM FABRIC;10;10;10;23370561;140926102809993;183499859;;;;12/03/2031 00:00:00;3;13947048;14/09/2026 10:28:10;Tiago;Rodriguez;;;;;;Tiago Rodriguez;
14247012;14/09/2026 11:16:07;3;2;0001  215211-1;06;CAMION MIE 1;2090990;"AB08    ";"ABELSON S.A.                                      ";GAONA 3326;953071;"80-100G        ";80-100G - DUCHA EMB. C/TRANSF. GOLD C.CERAM FABRIC;10;10;10;23370585;140926102829876;183499986;;;;12/03/2031 00:00:00;3;13947063;14/09/2026 10:28:29;Tiago;Rodriguez;;;;;;Tiago Rodriguez;
14247012;14/09/2026 11:16:07;3;2;0001  215211-1;06;CAMION MIE 1;2090990;"AB08    ";"ABELSON S.A.                                      ";GAONA 3326;953071;"80-100G        ";80-100G - DUCHA EMB. C/TRANSF. GOLD C.CERAM FABRIC;10;10;10;23370611;140926102846849;183447935;;;;12/03/2031 00:00:00;4;13947071;14/09/2026 10:28:46;Tiago;Rodriguez;;;;;;Tiago Rodriguez;
14247012;14/09/2026 11:16:07;3;2;0001  215211-1;06;CAMION MIE 1;2090990;"AB08    ";"ABELSON S.A.                                      ";GAONA 3326;953136;"80-190P        ";80-190P - DUCHA EMB. C/TRANSF. C.CERAM BLACK VELVET PLUS;10;10;10;23370642;140926102913325;183475641;;;;07/30/2031 00:00:00;1;13947084;14/09/2026 10:29:13;Tiago;Rodriguez;;;;;;Tiago Rodriguez;
14247012;14/09/2026 11:16:07;3;2;0001  215211-1;06;CAMION MIE 1;2090990;"AB08    ";"ABELSON S.A.                                      ";GAONA 3326;953070;"80-100C        ";80-100C - DUCHA EMB. C/TRANSF. CR C.CERAM FABRIC;6;6;6;23370642;140926102913325;183472664;;;;07/30/2031 00:00:00;3;13947084;14/09/2026 10:29:13;Tiago;Rodriguez;;;;;;Tiago Rodriguez;
14247012;14/09/2026 11:16:07;3;2;0001  215211-1;06;CAMION MIE 1;2090990;"AB08    ";"ABELSON S.A.                                      ";GAONA 3326;952595;"60-100C        ";60-100C - LAVATORIO CR C.CERAM FABRIC;10;10;10;23370689;140926102958266;183500563;;;;08/17/2031 00:00:00;5;13947113;14/09/2026 10:29:58;Tiago;Rodriguez;;;;;;Tiago Rodriguez;
14247012;14/09/2026 11:16:07;3;2;0001  215211-1;06;CAMION MIE 1;2090990;"AB08    ";"ABELSON S.A.                                      ";GAONA 3326;952595;"60-100C        ";60-100C - LAVATORIO CR C.CERAM FABRIC;10;10;10;23370710;140926103026992;183472226;;;;08/17/2031 00:00:00;5;13947129;14/09/2026 10:30:27;Tiago;Rodriguez;;;;;;Tiago Rodriguez;
14247012;14/09/2026 11:16:07;3;2;0001  215211-1;06;CAMION MIE 1;2090990;"AB08    ";"ABELSON S.A.                                      ";GAONA 3326;952597;"60-100N        ";60-100N - LAVATORIO BLACK C.CERAM FABRIC;5;5;5;23370744;140926103107643;183454058;;;;12/01/2031 00:00:00;5;13947145;14/09/2026 10:31:07;Tiago;Rodriguez;;;;;;Tiago Rodriguez;
14247012;14/09/2026 11:16:07;3;2;0001  215211-1;06;CAMION MIE 1;2090990;"AB08    ";"ABELSON S.A.                                      ";GAONA 3326;952596;"60-100G        ";60-100G - LAVATORIO GOLD C.CERAM FABRIC;6;6;6;23370781;140926103137122;183501229;;;;11/10/2031 00:00:00;5;13947168;14/09/2026 10:31:37;Tiago;Rodriguez;;;;;;Tiago Rodriguez;
14247012;14/09/2026 11:16:07;3;2;0001  215211-1;06;CAMION MIE 1;2090990;"AB08    ";"ABELSON S.A.                                      ";GAONA 3326;952658;"60-190         ";60-190 - LAVATORIO C.CERAM BLACK VELVET;10;10;10;23370813;140926103205310;183501415;;;;08/12/2031 00:00:00;5;13947184;14/09/2026 10:32:05;Tiago;Rodriguez;;;;;;Tiago Rodriguez;
14247012;14/09/2026 11:16:07;3;2;0001  215211-1;06;CAMION MIE 1;2090990;"AB08    ";"ABELSON S.A.                                      ";GAONA 3326;952658;"60-190         ";60-190 - LAVATORIO C.CERAM BLACK VELVET;10;10;10;23370835;140926103232028;183474669;;;;08/12/2031 00:00:00;5;13947200;14/09/2026 10:32:32;Tiago;Rodriguez;;;;;;Tiago Rodriguez;
14247012;14/09/2026 11:16:07;3;2;0001  215211-1;06;CAMION MIE 1;2090990;"AB08    ";"ABELSON S.A.                                      ";GAONA 3326;952610;"60-122         ";60-122 - LAVATORIO C.CERAM CR VALENCIA;10;10;10;23371214;140926103923973;183462314;;;;12/10/2031 00:00:00;10;13947391;14/09/2026 10:39:23;Tiago;Rodriguez;;;;;;Tiago Rodriguez;
14247012;14/09/2026 11:16:07;3;2;0001  215211-1;06;CAMION MIE 1;2090990;"AB08    ";"ABELSON S.A.                                      ";GAONA 3326;952888;"70-122         ";70-122 - BIDE C.CERAM CR VALENCIA;15;15;15;23371234;140926103944468;183504460;;;;10/26/2031 00:00:00;10;13947408;14/09/2026 10:39:44;Tiago;Rodriguez;;;;;;Tiago Rodriguez;
14247012;14/09/2026 11:16:07;3;2;0001  215211-1;06;CAMION MIE 1;2090990;"AB08    ";"ABELSON S.A.                                      ";GAONA 3326;952740;"62-100G        ";62-100G - LAVATORIO DE PARED GOLD C.CERAM FABRIC;10;10;10;23371385;140926104232688;183448524;;;;12/20/2031 00:00:00;10;13947512;14/09/2026 10:42:32;Tiago;Rodriguez;;;;;;Tiago Rodriguez;
14247012;14/09/2026 11:16:07;3;2;0001  215211-1;06;CAMION MIE 1;2090990;"AB08    ";"ABELSON S.A.                                      ";GAONA 3326;952874;"70-100G        ";70-100G - BIDE GOLD C.CERAM FABRIC;15;15;15;23371429;140926104318543;183505994;;;;07/29/2031 00:00:00;10;13947539;14/09/2026 10:43:18;Tiago;Rodriguez;;;;;;Tiago Rodriguez;
14247012;14/09/2026 11:16:07;3;2;0001  215211-1;06;CAMION MIE 1;2090990;"AB08    ";"ABELSON S.A.                                      ";GAONA 3326;952875;"70-100N        ";70-100N - BIDE BLACK C.CERAM FABRIC;10;10;10;23371494;140926104427487;183454779;;;;07/29/2031 00:00:00;10;13947581;14/09/2026 10:44:27;Tiago;Rodriguez;;;;;;Tiago Rodriguez;
14247012;14/09/2026 11:16:07;3;2;0001  215211-1;06;CAMION MIE 1;2090990;"AB08    ";"ABELSON S.A.                                      ";GAONA 3326;952741;"62-100N        ";62-100N - LAVATORIO DE PARED BLACK C.CERAM FABRIC;5;5;5;23371596;140926104611225;183447745;;;;11/05/2031 00:00:00;5;13947652;14/09/2026 10:46:11;Tiago;Rodriguez;;;;;;Tiago Rodriguez;
14247012;14/09/2026 11:16:07;3;2;0001  215211-1;06;CAMION MIE 1;2090990;"AB08    ";"ABELSON S.A.                                      ";GAONA 3326;952888;"70-122         ";70-122 - BIDE C.CERAM CR VALENCIA;15;15;15;23371596;140926104611225;183461772;;;;10/26/2031 00:00:00;5;13947652;14/09/2026 10:46:11;Tiago;Rodriguez;;;;;;Tiago Rodriguez;
14247012;14/09/2026 11:16:07;3;2;0001  215211-1;06;CAMION MIE 1;2090990;"AB08    ";"ABELSON S.A.                                      ";GAONA 3326;952874;"70-100G        ";70-100G - BIDE GOLD C.CERAM FABRIC;15;15;15;23371660;140926104708165;183452765;;;;07/29/2031 00:00:00;5;13947688;14/09/2026 10:47:08;Tiago;Rodriguez;;;;;;Tiago Rodriguez;
14247012;14/09/2026 11:16:07;3;2;0001  215211-1;06;CAMION MIE 1;2090990;"AB08    ";"ABELSON S.A.                                      ";GAONA 3326;952873;"70-100C        ";70-100C - BIDE CR C.CERAM FABRIC;6;6;6;23371676;140926104737071;183472989;;;;07/31/2031 00:00:00;6;13947708;14/09/2026 10:47:37;Tiago;Rodriguez;;;;;;Tiago Rodriguez;
14247012;14/09/2026 11:16:07;3;2;0001  215211-1;06;CAMION MIE 1;2090990;"AB08    ";"ABELSON S.A.                                      ";GAONA 3326;952886;"70-121         ";70-121 - BIDE C.CERAM CR MARBELLA;3;3;3;23371676;140926104737071;183478315;;;;01/17/2032 00:00:00;3;13947708;14/09/2026 10:47:37;Tiago;Rodriguez;;;;;;Tiago Rodriguez;
14247012;14/09/2026 11:16:07;3;2;0001  215211-1;06;CAMION MIE 1;2090990;"AB08    ";"ABELSON S.A.                                      ";GAONA 3326;952786;"62-201NI       ";62-201NI - LAVATORIO DE PARED C.CERAM BEAT NICKEL;3;3;3;23371676;140926104737071;183476728;;;;11/02/2031 00:00:00;3;13947708;14/09/2026 10:47:37;Tiago;Rodriguez;;;;;;Tiago Rodriguez;
14247012;14/09/2026 11:16:07;3;2;0001  215211-1;06;CAMION MIE 1;2090990;"AB08    ";"ABELSON S.A.                                      ";GAONA 3326;953109;"80-166         ";"DUCHA EMB. C/TRANSF. CR C.CERAM ADRA PLUS                             ";15;15;15;23371725;140926104831476;183508072;;;;01/19/2032 00:00:00;4;13947739;14/09/2026 10:48:31;Tiago;Rodriguez;;;;;;Tiago Rodriguez;
14247012;14/09/2026 11:16:07;3;2;0001  215211-1;06;CAMION MIE 1;2090990;"AB08    ";"ABELSON S.A.                                      ";GAONA 3326;953109;"80-166         ";"DUCHA EMB. C/TRANSF. CR C.CERAM ADRA PLUS                             ";15;15;15;23371760;140926104917368;183508454;;;;01/19/2032 00:00:00;4;13947766;14/09/2026 10:49:17;Tiago;Rodriguez;;;;;;Tiago Rodriguez;
14247012;14/09/2026 11:16:07;3;2;0001  215211-1;06;CAMION MIE 1;2090990;"AB08    ";"ABELSON S.A.                                      ";GAONA 3326;953109;"80-166         ";"DUCHA EMB. C/TRANSF. CR C.CERAM ADRA PLUS                             ";15;15;15;23371799;140926105017354;183508908;;;;01/19/2032 00:00:00;3;13947791;14/09/2026 10:50:17;Tiago;Rodriguez;;;;;;Tiago Rodriguez;
14247012;14/09/2026 11:16:07;3;2;0001  215211-1;06;CAMION MIE 1;2090990;"AB08    ";"ABELSON S.A.                                      ";GAONA 3326;952596;"60-100G        ";60-100G - LAVATORIO GOLD C.CERAM FABRIC;6;6;6;23371799;140926105017354;183450252;;;;11/10/2031 00:00:00;1;13947791;14/09/2026 10:50:17;Tiago;Rodriguez;;;;;;Tiago Rodriguez;
14247012;14/09/2026 11:16:07;3;2;0001  215211-1;06;CAMION MIE 1;2090990;"AB08    ";"ABELSON S.A.                                      ";GAONA 3326;952630;"60-152         ";60-152 - LAVATORIO CR MONOCOMANDO BAJO SORIA;10;10;10;23372865;140926110925312;183516955;;;;07/27/2031 00:00:00;2;13948496;14/09/2026 11:09:25;Tiago;Rodriguez;;;;;;Tiago Rodriguez;
14247012;14/09/2026 11:16:07;3;2;0001  215211-1;06;CAMION MIE 1;2090990;"AB08    ";"ABELSON S.A.                                      ";GAONA 3326;952707;"61-152         ";61-152 - LAVATORIO MONOCOMANDO CROMO ALTO SORIA;6;6;6;23372865;140926110925312;183450413;;;;07/27/2031 00:00:00;6;13948496;14/09/2026 11:09:25;Tiago;Rodriguez;;;;;;Tiago Rodriguez;
14247012;14/09/2026 11:16:07;3;2;0001  215211-1;06;CAMION MIE 1;2090990;"AB08    ";"ABELSON S.A.                                      ";GAONA 3326;951535;"20-160         ";20-160 - MONOCOMANDO MESADA COCINA DIQUE;24;24;24;23372892;140926110952208;183517123;;;;07/28/2031 00:00:00;8;13948513;14/09/2026 11:09:52;Tiago;Rodriguez;;;;;;Tiago Rodriguez;
14247012;14/09/2026 11:16:07;3;2;0001  215211-1;06;CAMION MIE 1;2090990;"AB08    ";"ABELSON S.A.                                      ";GAONA 3326;951512;"20-122         ";"MONOCOMANDO COCINA CR C/PICO EXTRAIBLE VALENCIA                       ";30;30;30;23372901;140926111004031;183517190;;;;08/06/2031 00:00:00;6;13948519;14/09/2026 11:10:04;Tiago;Rodriguez;;;;;;Tiago Rodriguez;
14247012;14/09/2026 11:16:07;3;2;0001  215211-1;06;CAMION MIE 1;2090990;"AB08    ";"ABELSON S.A.                                      ";GAONA 3326;951530;"20-146         ";20-146 - MONOCOMANDO DE COCINA CR LINEA MOVE;30;30;30;23372924;140926111019495;183517274;;;;10/09/2031 00:00:00;6;13948530;14/09/2026 11:10:19;Tiago;Rodriguez;;;;;;Tiago Rodriguez;
14247012;14/09/2026 11:16:07;3;2;0001  215211-1;06;CAMION MIE 1;2090990;"AB08    ";"ABELSON S.A.                                      ";GAONA 3326;951530;"20-146         ";20-146 - MONOCOMANDO DE COCINA CR LINEA MOVE;30;30;30;23372939;140926111037122;183517390;;;;10/09/2031 00:00:00;6;13948541;14/09/2026 11:10:37;Tiago;Rodriguez;;;;;;Tiago Rodriguez;
14247012;14/09/2026 11:16:07;3;2;0001  215211-1;06;CAMION MIE 1;2090990;"AB08    ";"ABELSON S.A.                                      ";GAONA 3326;951530;"20-146         ";20-146 - MONOCOMANDO DE COCINA CR LINEA MOVE;30;30;30;23372954;140926111048761;183517458;;;;10/09/2031 00:00:00;6;13948551;14/09/2026 11:10:48;Tiago;Rodriguez;;;;;;Tiago Rodriguez;
14247012;14/09/2026 11:16:07;3;2;0001  215211-1;06;CAMION MIE 1;2090990;"AB08    ";"ABELSON S.A.                                      ";GAONA 3326;951531;"20-146N        ";20-146N - MONOCOMANDO DE COCINA BLACK LINEA MOVE;18;18;18;23372980;140926111102154;183517536;;;;07/30/2031 00:00:00;6;13948565;14/09/2026 11:11:02;Tiago;Rodriguez;;;;;;Tiago Rodriguez;
14247012;14/09/2026 11:16:07;3;2;0001  215211-1;06;CAMION MIE 1;2090990;"AB08    ";"ABELSON S.A.                                      ";GAONA 3326;951512;"20-122         ";"MONOCOMANDO COCINA CR C/PICO EXTRAIBLE VALENCIA                       ";30;30;30;23372999;140926111119017;183517642;;;;08/06/2031 00:00:00;6;13948574;14/09/2026 11:11:19;Tiago;Rodriguez;;;;;;Tiago Rodriguez;
14247012;14/09/2026 11:16:07;3;2;0001  215211-1;06;CAMION MIE 1;2090990;"AB08    ";"ABELSON S.A.                                      ";GAONA 3326;951512;"20-122         ";"MONOCOMANDO COCINA CR C/PICO EXTRAIBLE VALENCIA                       ";30;30;30;23373015;140926111129179;183517707;;;;08/06/2031 00:00:00;6;13948579;14/09/2026 11:11:29;Tiago;Rodriguez;;;;;;Tiago Rodriguez;
14247012;14/09/2026 11:16:07;3;2;0001  215211-1;06;CAMION MIE 1;2090990;"AB08    ";"ABELSON S.A.                                      ";GAONA 3326;951530;"20-146         ";20-146 - MONOCOMANDO DE COCINA CR LINEA MOVE;30;30;30;23373027;140926111143569;183517803;;;;10/09/2031 00:00:00;6;13948591;14/09/2026 11:11:43;Tiago;Rodriguez;;;;;;Tiago Rodriguez;
14247012;14/09/2026 11:16:07;3;2;0001  215211-1;06;CAMION MIE 1;2090990;"AB08    ";"ABELSON S.A.                                      ";GAONA 3326;951530;"20-146         ";20-146 - MONOCOMANDO DE COCINA CR LINEA MOVE;30;30;30;23373045;140926111155926;183447490;;;;10/09/2031 00:00:00;6;13948597;14/09/2026 11:11:55;Tiago;Rodriguez;;;;;;Tiago Rodriguez;
14247012;14/09/2026 11:16:07;3;2;0001  215211-1;06;CAMION MIE 1;2090990;"AB08    ";"ABELSON S.A.                                      ";GAONA 3326;951532;"20-147         ";20-147 - MONOCOMANDO DE COCINA SWIFT;40;40;40;23373061;140926111208533;183517975;;;;07/29/2031 00:00:00;10;13948607;14/09/2026 11:12:08;Tiago;Rodriguez;;;;;;Tiago Rodriguez;
14247012;14/09/2026 11:16:07;3;2;0001  215211-1;06;CAMION MIE 1;2090990;"AB08    ";"ABELSON S.A.                                      ";GAONA 3326;951833;"30-132         ";30-132 - COCINA MESADA MONOC. C/DUCHADOR EXTENSIBLE VIGO;10;10;10;23373079;140926111223513;183518078;;;;07/28/2031 00:00:00;5;13948617;14/09/2026 11:12:23;Tiago;Rodriguez;;;;;;Tiago Rodriguez;
14247012;14/09/2026 11:16:07;3;2;0001  215211-1;06;CAMION MIE 1;2090990;"AB08    ";"ABELSON S.A.                                      ";GAONA 3326;951833;"30-132         ";30-132 - COCINA MESADA MONOC. C/DUCHADOR EXTENSIBLE VIGO;10;10;10;23373092;140926111241286;183451953;;;;07/28/2031 00:00:00;5;13948631;14/09/2026 11:12:41;Tiago;Rodriguez;;;;;;Tiago Rodriguez;
14247012;14/09/2026 11:16:07;3;2;0001  215211-1;06;CAMION MIE 1;2090990;"AB08    ";"ABELSON S.A.                                      ";GAONA 3326;952630;"60-152         ";60-152 - LAVATORIO CR MONOCOMANDO BAJO SORIA;10;10;10;23373114;140926111311447;183449885;;;;07/27/2031 00:00:00;8;13948650;14/09/2026 11:13:11;Tiago;Rodriguez;;;;;;Tiago Rodriguez;
14247012;14/09/2026 11:16:07;3;2;0001  215211-1;06;CAMION MIE 1;2090990;"AB08    ";"ABELSON S.A.                                      ";GAONA 3326;952799;"63-180         ";63-180 - LAVATORIO MONOC. DE PARED VERA;10;10;10;23373132;140926111319045;183450588;;;;07/27/2031 00:00:00;10;13948659;14/09/2026 11:13:19;Tiago;Rodriguez;;;;;;Tiago Rodriguez;
14247012;14/09/2026 11:16:07;3;2;0001  215211-1;06;CAMION MIE 1;2090990;"AB08    ";"ABELSON S.A.                                      ";GAONA 3326;951532;"20-147         ";20-147 - MONOCOMANDO DE COCINA SWIFT;40;40;40;23373155;140926111335899;183518582;;;;07/29/2031 00:00:00;10;13948669;14/09/2026 11:13:35;Tiago;Rodriguez;;;;;;Tiago Rodriguez;
14247012;14/09/2026 11:16:07;3;2;0001  215211-1;06;CAMION MIE 1;2090990;"AB08    ";"ABELSON S.A.                                      ";GAONA 3326;951532;"20-147         ";20-147 - MONOCOMANDO DE COCINA SWIFT;40;40;40;23373170;140926111349925;183518682;;;;07/29/2031 00:00:00;10;13948675;14/09/2026 11:13:49;Tiago;Rodriguez;;;;;;Tiago Rodriguez;
14247012;14/09/2026 11:16:07;3;2;0001  215211-1;06;CAMION MIE 1;2090990;"AB08    ";"ABELSON S.A.                                      ";GAONA 3326;951513;"20-122N        ";20-122N - MONOCOMANDO COCINA C/PICO EXTRAIBLE VALENCIA BLACK;12;12;12;23373179;140926111406972;183518794;;;;08/06/2031 00:00:00;6;13948690;14/09/2026 11:14:06;Tiago;Rodriguez;;;;;;Tiago Rodriguez;
14247012;14/09/2026 11:16:07;3;2;0001  215211-1;06;CAMION MIE 1;2090990;"AB08    ";"ABELSON S.A.                                      ";GAONA 3326;951513;"20-122N        ";20-122N - MONOCOMANDO COCINA C/PICO EXTRAIBLE VALENCIA BLACK;12;12;12;23373211;140926111424792;183448434;;;;08/06/2031 00:00:00;6;13948704;14/09/2026 11:14:24;Tiago;Rodriguez;;;;;;Tiago Rodriguez;
14247012;14/09/2026 11:16:07;3;2;0001  215211-1;06;CAMION MIE 1;2090990;"AB08    ";"ABELSON S.A.                                      ";GAONA 3326;951535;"20-160         ";20-160 - MONOCOMANDO MESADA COCINA DIQUE;24;24;24;23373221;140926111437994;183519001;;;;07/28/2031 00:00:00;8;13948715;14/09/2026 11:14:38;Tiago;Rodriguez;;;;;;Tiago Rodriguez;
14247012;14/09/2026 11:16:07;3;2;0001  215211-1;06;CAMION MIE 1;2090990;"AB08    ";"ABELSON S.A.                                      ";GAONA 3326;951535;"20-160         ";20-160 - MONOCOMANDO MESADA COCINA DIQUE;24;24;24;23373233;140926111449344;183448009;;;;07/28/2031 00:00:00;8;13948721;14/09/2026 11:14:49;Tiago;Rodriguez;;;;;;Tiago Rodriguez;
14247012;14/09/2026 11:16:07;3;2;0001  215211-1;06;CAMION MIE 1;2090990;"AB08    ";"ABELSON S.A.                                      ";GAONA 3326;951512;"20-122         ";"MONOCOMANDO COCINA CR C/PICO EXTRAIBLE VALENCIA                       ";30;30;30;23373246;140926111504022;183519182;;;;08/06/2031 00:00:00;6;13948728;14/09/2026 11:15:04;Tiago;Rodriguez;;;;;;Tiago Rodriguez;
14247012;14/09/2026 11:16:07;3;2;0001  215211-1;06;CAMION MIE 1;2090990;"AB08    ";"ABELSON S.A.                                      ";GAONA 3326;951512;"20-122         ";"MONOCOMANDO COCINA CR C/PICO EXTRAIBLE VALENCIA                       ";30;30;30;23373266;140926111522081;183447095;;;;08/06/2031 00:00:00;6;13948739;14/09/2026 11:15:22;Tiago;Rodriguez;;;;;;Tiago Rodriguez;
14247012;14/09/2026 11:16:07;3;2;0001  215211-1;06;CAMION MIE 1;2090990;"AB08    ";"ABELSON S.A.                                      ";GAONA 3326;951531;"20-146N        ";20-146N - MONOCOMANDO DE COCINA BLACK LINEA MOVE;18;18;18;23373279;140926111537541;183519462;;;;07/30/2031 00:00:00;6;13948748;14/09/2026 11:15:37;Tiago;Rodriguez;;;;;;Tiago Rodriguez;
14247012;14/09/2026 11:16:07;3;2;0001  215211-1;06;CAMION MIE 1;2090990;"AB08    ";"ABELSON S.A.                                      ";GAONA 3326;951531;"20-146N        ";20-146N - MONOCOMANDO DE COCINA BLACK LINEA MOVE;18;18;18;23373295;140926111553525;183447777;;;;07/30/2031 00:00:00;6;13948760;14/09/2026 11:15:53;Tiago;Rodriguez;;;;;;Tiago Rodriguez;
14247015;14/09/2026 13:31:23;3;2;0001  215213-1;06;CAMION MIE 1;2090990;"AB08    ";"ABELSON S.A.                                      ";GAONA 3326;952727;"61-203N        ";"LAVATORIO MONOCOMANDO ALTO ADRA BLACK                                 ";5;5;5;23362877;140926130021172;183453617;;;;01/06/2032 00:00:00;1;13951002;14/09/2026 13:00:21;Tiago;Rodriguez;24640022;14/09/2026 08:43:39;7807;Nicolas;Perez;Tiago Rodriguez;Nicolas Perez
14247015;14/09/2026 13:31:23;3;2;0001  215213-1;06;CAMION MIE 1;2090990;"AB08    ";"ABELSON S.A.                                      ";GAONA 3326;953110;"80-166N        ";80-166N - DUCHA EMB. C/TRANSF. BLACK C.CERAM ADRA PLUS;6;6;6;23362877;140926130021172;183453228;;;;01/07/2032 00:00:00;2;13951002;14/09/2026 13:00:21;Tiago;Rodriguez;24640022;14/09/2026 08:43:39;7807;Nicolas;Perez;Tiago Rodriguez;Nicolas Perez
14247015;14/09/2026 13:31:23;3;2;0001  215213-1;06;CAMION MIE 1;2090990;"AB08    ";"ABELSON S.A.                                      ";GAONA 3326;955159;"D439           ";D439 - KIT DE DUCHA MANUAL;3;3;3;23362877;140926130021172;183457237;;;;12/16/2031 00:00:00;3;13951002;14/09/2026 13:00:21;Tiago;Rodriguez;24640022;14/09/2026 08:43:39;7807;Nicolas;Perez;Tiago Rodriguez;Nicolas Perez
14247015;14/09/2026 13:31:23;3;2;0001  215213-1;06;CAMION MIE 1;2090990;"AB08    ";"ABELSON S.A.                                      ";GAONA 3326;953161;"80-205         ";80-205 - DUCHA EMB. C/TRANSF. MONOC STEEL;10;10;10;23363239;140926133121902;183452956;;;;08/11/2031 00:00:00;4;13951700;14/09/2026 13:31:21;Tiago;Rodriguez;24640327;14/09/2026 08:46:04;6922;Franco;Potenza;Tiago Rodriguez;Franco Potenza
14247015;14/09/2026 13:31:23;3;2;0001  215213-1;06;CAMION MIE 1;2090990;"AB08    ";"ABELSON S.A.                                      ";GAONA 3326;951318;"18040          ";18040 - PORTA ROLLO NIQUEL LINEA BEAT;6;6;6;23363239;140926133121902;183454893;;;;07/28/2031 00:00:00;4;13951700;14/09/2026 13:31:21;Tiago;Rodriguez;24640327;14/09/2026 08:46:04;6922;Franco;Potenza;Tiago Rodriguez;Franco Potenza
14247015;14/09/2026 13:31:23;3;2;0001  215213-1;06;CAMION MIE 1;2090990;"AB08    ";"ABELSON S.A.                                      ";GAONA 3326;953153;"80-200G        ";80-200G - DUCHA EMB. MONOC. 3 FUNCIONES GOLD FABRIC;8;8;8;23376956;140926123231005;183548710;;;;12/03/2031 00:00:00;3;13951004;14/09/2026 12:32:31;Tiago;Rodriguez;;;;;;Tiago Rodriguez;
14247015;14/09/2026 13:31:23;3;2;0001  215213-1;06;CAMION MIE 1;2090990;"AB08    ";"ABELSON S.A.                                      ";GAONA 3326;953153;"80-200G        ";80-200G - DUCHA EMB. MONOC. 3 FUNCIONES GOLD FABRIC;8;8;8;23376994;140926123329836;183549025;;;;12/03/2031 00:00:00;3;13951029;14/09/2026 12:33:29;Tiago;Rodriguez;;;;;;Tiago Rodriguez;
14247015;14/09/2026 13:31:23;3;2;0001  215213-1;06;CAMION MIE 1;2090990;"AB08    ";"ABELSON S.A.                                      ";GAONA 3326;953113;"80-168N        ";80-168N - DUCHA EMB C/TRANSF MONOC BLACK WAVE;3;3;3;23377005;140926123350786;183462816;;;;01/22/2032 00:00:00;3;13951038;14/09/2026 12:33:50;Tiago;Rodriguez;;;;;;Tiago Rodriguez;
14247015;14/09/2026 13:31:23;3;2;0001  215213-1;06;CAMION MIE 1;2090990;"AB08    ";"ABELSON S.A.                                      ";GAONA 3326;953154;"80-200N        ";80-200N - DUCHA EMB. MONOC. 3 FUNCIONES BLACK FABRIC;10;10;10;23377032;140926123436330;183549326;;;;01/04/2032 00:00:00;1;13951060;14/09/2026 12:34:36;Tiago;Rodriguez;;;;;;Tiago Rodriguez;
14247015;14/09/2026 13:31:23;3;2;0001  215213-1;06;CAMION MIE 1;2090990;"AB08    ";"ABELSON S.A.                                      ";GAONA 3326;953153;"80-200G        ";80-200G - DUCHA EMB. MONOC. 3 FUNCIONES GOLD FABRIC;8;8;8;23377032;140926123436330;183462296;;;;12/03/2031 00:00:00;2;13951060;14/09/2026 12:34:36;Tiago;Rodriguez;;;;;;Tiago Rodriguez;
14247015;14/09/2026 13:31:23;3;2;0001  215213-1;06;CAMION MIE 1;2090990;"AB08    ";"ABELSON S.A.                                      ";GAONA 3326;953060;"80-058         ";80-058 - DUCHA EMB. C/TRANSF. CR C.STD MALBA;30;30;30;23377055;140926123508916;183549500;;;;01/06/2032 00:00:00;10;13951074;14/09/2026 12:35:08;Tiago;Rodriguez;;;;;;Tiago Rodriguez;
14247015;14/09/2026 13:31:23;3;2;0001  215213-1;06;CAMION MIE 1;2090990;"AB08    ";"ABELSON S.A.                                      ";GAONA 3326;953060;"80-058         ";80-058 - DUCHA EMB. C/TRANSF. CR C.STD MALBA;30;30;30;23377079;140926123543251;183549675;;;;01/06/2032 00:00:00;10;13951086;14/09/2026 12:35:43;Tiago;Rodriguez;;;;;;Tiago Rodriguez;
14247015;14/09/2026 13:31:23;3;2;0001  215213-1;06;CAMION MIE 1;2090990;"AB08    ";"ABELSON S.A.                                      ";GAONA 3326;953152;"80-200C        ";80-200C - DUCHA EMB. MONOC. 3 FUNCIONES CR FABRIC;3;3;3;23377101;140926123624486;183456842;;;;12/14/2031 00:00:00;3;13951102;14/09/2026 12:36:24;Tiago;Rodriguez;;;;;;Tiago Rodriguez;
14247015;14/09/2026 13:31:23;3;2;0001  215213-1;06;CAMION MIE 1;2090990;"AB08    ";"ABELSON S.A.                                      ";GAONA 3326;953112;"80-168         ";80-168 - DUCHA EMB C/TRANSF MONOC CR WAVE;3;3;3;23377132;140926123705885;183454459;;;;02/04/2032 00:00:00;3;13951127;14/09/2026 12:37:05;Tiago;Rodriguez;;;;;;Tiago Rodriguez;
14247015;14/09/2026 13:31:23;3;2;0001  215213-1;06;CAMION MIE 1;2090990;"AB08    ";"ABELSON S.A.                                      ";GAONA 3326;953154;"80-200N        ";80-200N - DUCHA EMB. MONOC. 3 FUNCIONES BLACK FABRIC;10;10;10;23377155;140926123743296;183550212;;;;01/04/2032 00:00:00;3;13951145;14/09/2026 12:37:43;Tiago;Rodriguez;;;;;;Tiago Rodriguez;
14247015;14/09/2026 13:31:23;3;2;0001  215213-1;06;CAMION MIE 1;2090990;"AB08    ";"ABELSON S.A.                                      ";GAONA 3326;953154;"80-200N        ";80-200N - DUCHA EMB. MONOC. 3 FUNCIONES BLACK FABRIC;10;10;10;23377180;140926123804917;183550332;;;;01/04/2032 00:00:00;3;13951153;14/09/2026 12:38:04;Tiago;Rodriguez;;;;;;Tiago Rodriguez;
14247015;14/09/2026 13:31:23;3;2;0001  215213-1;06;CAMION MIE 1;2090990;"AB08    ";"ABELSON S.A.                                      ";GAONA 3326;953154;"80-200N        ";80-200N - DUCHA EMB. MONOC. 3 FUNCIONES BLACK FABRIC;10;10;10;23377191;140926123821725;183456497;;;;01/04/2032 00:00:00;3;13951157;14/09/2026 12:38:21;Tiago;Rodriguez;;;;;;Tiago Rodriguez;
14247015;14/09/2026 13:31:23;3;2;0001  215213-1;06;CAMION MIE 1;2090990;"AB08    ";"ABELSON S.A.                                      ";GAONA 3326;952583;"60-058         ";60-058 - LAVATORIO CR C.STD MALBA;15;15;15;23377213;140926123856577;183550570;;;;12/03/2031 00:00:00;10;13951167;14/09/2026 12:38:56;Tiago;Rodriguez;;;;;;Tiago Rodriguez;
14247015;14/09/2026 13:31:23;3;2;0001  215213-1;06;CAMION MIE 1;2090990;"AB08    ";"ABELSON S.A.                                      ";GAONA 3326;953060;"80-058         ";80-058 - DUCHA EMB. C/TRANSF. CR C.STD MALBA;30;30;30;23377260;140926124004449;183461458;;;;01/06/2032 00:00:00;10;13951191;14/09/2026 12:40:04;Tiago;Rodriguez;;;;;;Tiago Rodriguez;
14247015;14/09/2026 13:31:23;3;2;0001  215213-1;06;CAMION MIE 1;2090990;"AB08    ";"ABELSON S.A.                                      ";GAONA 3326;952862;"70-058         ";70-058 - BIDE CR C.STD MALBA;15;15;15;23377432;140926124333027;183551886;;;;10/20/2031 00:00:00;10;13951281;14/09/2026 12:43:33;Tiago;Rodriguez;;;;;;Tiago Rodriguez;
14247015;14/09/2026 13:31:23;3;2;0001  215213-1;06;CAMION MIE 1;2090990;"AB08    ";"ABELSON S.A.                                      ";GAONA 3326;952583;"60-058         ";60-058 - LAVATORIO CR C.STD MALBA;15;15;15;23377525;140926124516224;183459813;;;;12/03/2031 00:00:00;5;13951321;14/09/2026 12:45:16;Tiago;Rodriguez;;;;;;Tiago Rodriguez;
14247015;14/09/2026 13:31:23;3;2;0001  215213-1;06;CAMION MIE 1;2090990;"AB08    ";"ABELSON S.A.                                      ";GAONA 3326;952862;"70-058         ";70-058 - BIDE CR C.STD MALBA;15;15;15;23377525;140926124516224;183458713;;;;10/20/2031 00:00:00;5;13951321;14/09/2026 12:45:16;Tiago;Rodriguez;;;;;;Tiago Rodriguez;
14247015;14/09/2026 13:31:23;3;2;0001  215213-1;06;CAMION MIE 1;2090990;"AB08    ";"ABELSON S.A.                                      ";GAONA 3326;952551;"60-010         ";60-010 - LAVATORIO BL/CR LORCA;30;30;30;23377580;140926124630920;183552827;;;;12/07/2031 00:00:00;10;13951340;14/09/2026 12:46:30;Tiago;Rodriguez;;;;;;Tiago Rodriguez;
14247015;14/09/2026 13:31:23;3;2;0001  215213-1;06;CAMION MIE 1;2090990;"AB08    ";"ABELSON S.A.                                      ";GAONA 3326;952551;"60-010         ";60-010 - LAVATORIO BL/CR LORCA;30;30;30;23377631;140926124745925;183553197;;;;12/07/2031 00:00:00;10;13951372;14/09/2026 12:47:45;Tiago;Rodriguez;;;;;;Tiago Rodriguez;
14247015;14/09/2026 13:31:23;3;2;0001  215213-1;06;CAMION MIE 1;2090990;"AB08    ";"ABELSON S.A.                                      ";GAONA 3326;952551;"60-010         ";60-010 - LAVATORIO BL/CR LORCA;30;30;30;23377698;140926124911276;183451999;;;;12/07/2031 00:00:00;10;13951397;14/09/2026 12:49:11;Tiago;Rodriguez;;;;;;Tiago Rodriguez;
14247015;14/09/2026 13:31:23;3;2;0001  215213-1;06;CAMION MIE 1;2090990;"AB08    ";"ABELSON S.A.                                      ";GAONA 3326;952438;"51-058         ";51-058 - COCINA MESADA CR C.STD MALBA;50;50;50;23377729;140926124959838;183553973;;;;10/19/2031 00:00:00;10;13951423;14/09/2026 12:49:59;Tiago;Rodriguez;;;;;;Tiago Rodriguez;
14247015;14/09/2026 13:31:23;3;2;0001  215213-1;06;CAMION MIE 1;2090990;"AB08    ";"ABELSON S.A.                                      ";GAONA 3326;952438;"51-058         ";51-058 - COCINA MESADA CR C.STD MALBA;50;50;50;23377765;140926125048591;183554224;;;;10/19/2031 00:00:00;10;13951448;14/09/2026 12:50:48;Tiago;Rodriguez;;;;;;Tiago Rodriguez;
14247015;14/09/2026 13:31:23;3;2;0001  215213-1;06;CAMION MIE 1;2090990;"AB08    ";"ABELSON S.A.                                      ";GAONA 3326;952438;"51-058         ";51-058 - COCINA MESADA CR C.STD MALBA;50;50;50;23377803;140926125205762;183554623;;;;10/19/2031 00:00:00;10;13951493;14/09/2026 12:52:05;Tiago;Rodriguez;;;;;;Tiago Rodriguez;
14247015;14/09/2026 13:31:23;3;2;0001  215213-1;06;CAMION MIE 1;2090990;"AB08    ";"ABELSON S.A.                                      ";GAONA 3326;953028;"80-010         ";80-010 - DUCHA EMB. C/TRANSF. BL/CR LORCA;30;30;30;23377859;140926125328784;183555042;;;;09/16/2031 00:00:00;10;13951527;14/09/2026 12:53:28;Tiago;Rodriguez;;;;;;Tiago Rodriguez;
14247015;14/09/2026 13:31:23;3;2;0001  215213-1;06;CAMION MIE 1;2090990;"AB08    ";"ABELSON S.A.                                      ";GAONA 3326;953028;"80-010         ";80-010 - DUCHA EMB. C/TRANSF. BL/CR LORCA;30;30;30;23377872;140926125404144;183555225;;;;09/16/2031 00:00:00;10;13951539;14/09/2026 12:54:04;Tiago;Rodriguez;;;;;;Tiago Rodriguez;
14247015;14/09/2026 13:31:23;3;2;0001  215213-1;06;CAMION MIE 1;2090990;"AB08    ";"ABELSON S.A.                                      ";GAONA 3326;952438;"51-058         ";51-058 - COCINA MESADA CR C.STD MALBA;50;50;50;23377921;140926125502041;183555491;;;;10/19/2031 00:00:00;10;13951572;14/09/2026 12:55:02;Tiago;Rodriguez;;;;;;Tiago Rodriguez;
14247015;14/09/2026 13:31:23;3;2;0001  215213-1;06;CAMION MIE 1;2090990;"AB08    ";"ABELSON S.A.                                      ";GAONA 3326;952759;"62-162N        ";62-162N - LAVATORIO DE PARED BLACK C.CERAM ADRA;10;10;10;23377946;140926125556263;183452702;;;;12/08/2031 00:00:00;10;13951595;14/09/2026 12:55:56;Tiago;Rodriguez;;;;;;Tiago Rodriguez;
14247015;14/09/2026 13:31:23;3;2;0001  215213-1;06;CAMION MIE 1;2090990;"AB08    ";"ABELSON S.A.                                      ";GAONA 3326;952438;"51-058         ";51-058 - COCINA MESADA CR C.STD MALBA;50;50;50;23377986;140926125655785;183450274;;;;10/19/2031 00:00:00;10;13951623;14/09/2026 12:56:55;Tiago;Rodriguez;;;;;;Tiago Rodriguez;
14247015;14/09/2026 13:31:23;3;2;0001  215213-1;06;CAMION MIE 1;2090990;"AB08    ";"ABELSON S.A.                                      ";GAONA 3326;953028;"80-010         ";80-010 - DUCHA EMB. C/TRANSF. BL/CR LORCA;30;30;30;23378056;140926125809591;183447090;;;;09/16/2031 00:00:00;10;13951647;14/09/2026 12:58:09;Tiago;Rodriguez;;;;;;Tiago Rodriguez;
14247015;14/09/2026 13:31:23;3;2;0001  215213-1;06;CAMION MIE 1;2090990;"AB08    ";"ABELSON S.A.                                      ";GAONA 3326;952727;"61-203N        ";"LAVATORIO MONOCOMANDO ALTO ADRA BLACK                                 ";5;5;5;23378084;140926125902566;183556744;;;;01/06/2032 00:00:00;4;13951663;14/09/2026 12:59:02;Tiago;Rodriguez;;;;;;Tiago Rodriguez;
14247015;14/09/2026 13:31:23;3;2;0001  215213-1;06;CAMION MIE 1;2090990;"AB08    ";"ABELSON S.A.                                      ";GAONA 3326;953110;"80-166N        ";80-166N - DUCHA EMB. C/TRANSF. BLACK C.CERAM ADRA PLUS;6;6;6;23378131;140926125953660;183556958;;;;01/07/2032 00:00:00;4;13951679;14/09/2026 12:59:53;Tiago;Rodriguez;;;;;;Tiago Rodriguez;
14247015;14/09/2026 13:31:23;3;2;0001  215213-1;06;CAMION MIE 1;2090990;"AB08    ";"ABELSON S.A.                                      ";GAONA 3326;952728;"61-205         ";61-205 - LAVATORIO MONOC ALTO STEEL;6;6;6;23378340;140926130428698;183461329;;;;07/28/2031 00:00:00;6;13951789;14/09/2026 13:04:28;Tiago;Rodriguez;;;;;;Tiago Rodriguez;
14247015;14/09/2026 13:31:23;3;2;0001  215213-1;06;CAMION MIE 1;2090990;"AB08    ";"ABELSON S.A.                                      ";GAONA 3326;952672;"60-200C        ";60-200C - LAVATORIO MONOC BAJO CR FABRIC;6;6;6;23378340;140926130428698;183558134;;;;07/28/2031 00:00:00;3;13951789;14/09/2026 13:04:28;Tiago;Rodriguez;;;;;;Tiago Rodriguez;
14247015;14/09/2026 13:31:23;3;2;0001  215213-1;06;CAMION MIE 1;2090990;"AB08    ";"ABELSON S.A.                                      ";GAONA 3326;952672;"60-200C        ";60-200C - LAVATORIO MONOC BAJO CR FABRIC;6;6;6;23378431;140926130633622;183558682;;;;07/28/2031 00:00:00;2;13951872;14/09/2026 13:06:33;Tiago;Rodriguez;;;;;;Tiago Rodriguez;
14247015;14/09/2026 13:31:23;3;2;0001  215213-1;06;CAMION MIE 1;2090990;"AB08    ";"ABELSON S.A.                                      ";GAONA 3326;952723;"61-200C        ";61-200C - LAVATORIO MONOC ALTO CR FABRIC;6;6;6;23378431;140926130633622;183462373;;;;07/27/2031 00:00:00;6;13951872;14/09/2026 13:06:33;Tiago;Rodriguez;;;;;;Tiago Rodriguez;
14247015;14/09/2026 13:31:23;3;2;0001  215213-1;06;CAMION MIE 1;2090990;"AB08    ";"ABELSON S.A.                                      ";GAONA 3326;952949;"70-200C        ";70-200C - BIDE MONOCOMANDO CR FABRIC;10;10;10;23378475;140926130724446;183462821;;;;10/28/2031 00:00:00;10;13951909;14/09/2026 13:07:24;Tiago;Rodriguez;;;;;;Tiago Rodriguez;
14247015;14/09/2026 13:31:23;3;2;0001  215213-1;06;CAMION MIE 1;2090990;"AB08    ";"ABELSON S.A.                                      ";GAONA 3326;952672;"60-200C        ";60-200C - LAVATORIO MONOC BAJO CR FABRIC;6;6;6;23378475;140926130724446;183462069;;;;07/28/2031 00:00:00;1;13951909;14/09/2026 13:07:24;Tiago;Rodriguez;;;;;;Tiago Rodriguez;
14247015;14/09/2026 13:31:23;3;2;0001  215213-1;06;CAMION MIE 1;2090990;"AB08    ";"ABELSON S.A.                                      ";GAONA 3326;953159;"80-203P        ";80-203P - DUCHA EMB C/TRANSF. MONOCOMANDO ADRA PLUS;3;3;3;23378505;140926130829590;183450355;;;;07/28/2031 00:00:00;3;13951940;14/09/2026 13:08:29;Tiago;Rodriguez;;;;;;Tiago Rodriguez;
14247015;14/09/2026 13:31:23;3;2;0001  215213-1;06;CAMION MIE 1;2090990;"AB08    ";"ABELSON S.A.                                      ";GAONA 3326;952638;"60-168N        ";60-168N - LAVATORIO MONOC BAJO BLACK WAVE;6;6;6;23378505;140926130829590;183559341;;;;07/27/2031 00:00:00;2;13951940;14/09/2026 13:08:29;Tiago;Rodriguez;;;;;;Tiago Rodriguez;
14247015;14/09/2026 13:31:23;3;2;0001  215213-1;06;CAMION MIE 1;2090990;"AB08    ";"ABELSON S.A.                                      ";GAONA 3326;952796;"63-168N        ";"LAVATORIO PARED EMB MONOC BLACK WAVE                                  ";3;3;3;23378526;140926130903914;183458604;;;;07/28/2031 00:00:00;3;13951959;14/09/2026 13:09:03;Tiago;Rodriguez;;;;;;Tiago Rodriguez;
14247015;14/09/2026 13:31:23;3;2;0001  215213-1;06;CAMION MIE 1;2090990;"AB08    ";"ABELSON S.A.                                      ";GAONA 3326;952638;"60-168N        ";60-168N - LAVATORIO MONOC BAJO BLACK WAVE;6;6;6;23378526;140926130903914;183463450;;;;07/27/2031 00:00:00;4;13951959;14/09/2026 13:09:03;Tiago;Rodriguez;;;;;;Tiago Rodriguez;
14247015;14/09/2026 13:31:23;3;2;0001  215213-1;06;CAMION MIE 1;2090990;"AB08    ";"ABELSON S.A.                                      ";GAONA 3326;952724;"61-200G        ";61-200G - LAVATORIO MONOC ALTO GOLD FABRIC;3;3;3;23378600;140926131109823;183454238;;;;07/27/2031 00:00:00;3;13952043;14/09/2026 13:11:09;Tiago;Rodriguez;;;;;;Tiago Rodriguez;
14247015;14/09/2026 13:31:23;3;2;0001  215213-1;06;CAMION MIE 1;2090990;"AB08    ";"ABELSON S.A.                                      ";GAONA 3326;952725;"61-200N        ";61-200N - LAVATORIO MONOC ALTO FABRIC BLACK;3;3;3;23378600;140926131109823;183458090;;;;07/28/2031 00:00:00;3;13952043;14/09/2026 13:11:09;Tiago;Rodriguez;;;;;;Tiago Rodriguez;
14247015;14/09/2026 13:31:23;3;2;0001  215213-1;06;CAMION MIE 1;2090990;"AB08    ";"ABELSON S.A.                                      ";GAONA 3326;951301;"17030N         ";17030N - PERCHA LINEA FABRIC BLACK;10;10;10;23378636;140926131159394;183449271;;;;07/28/2031 00:00:00;10;13952069;14/09/2026 13:11:59;Tiago;Rodriguez;;;;;;Tiago Rodriguez;
14247015;14/09/2026 13:31:23;3;2;0001  215213-1;06;CAMION MIE 1;2090990;"AB08    ";"ABELSON S.A.                                      ";GAONA 3326;951300;"17030G         ";17030G - PERCHA LINEA FABRIC GOLD;20;20;20;23378746;140926131428615;183561279;;;;07/29/2031 00:00:00;6;13952129;14/09/2026 13:14:28;Tiago;Rodriguez;;;;;;Tiago Rodriguez;
14247015;14/09/2026 13:31:23;3;2;0001  215213-1;06;CAMION MIE 1;2090990;"AB08    ";"ABELSON S.A.                                      ";GAONA 3326;951293;"17010C         ";17010C - TOALLERO BARRAL LINEA FABRIC CROMO;3;3;3;23378746;140926131428615;183451225;;;;07/27/2031 00:00:00;3;13952129;14/09/2026 13:14:28;Tiago;Rodriguez;;;;;;Tiago Rodriguez;
14247015;14/09/2026 13:31:23;3;2;0001  215213-1;06;CAMION MIE 1;2090990;"AB08    ";"ABELSON S.A.                                      ";GAONA 3326;951300;"17030G         ";17030G - PERCHA LINEA FABRIC GOLD;20;20;20;23378782;140926131513209;183561514;;;;07/29/2031 00:00:00;2;13952151;14/09/2026 13:15:13;Tiago;Rodriguez;;;;;;Tiago Rodriguez;
14247015;14/09/2026 13:31:23;3;2;0001  215213-1;06;CAMION MIE 1;2090990;"AB08    ";"ABELSON S.A.                                      ";GAONA 3326;952950;"70-200G        ";70-200G - BIDE MONOCOMANDO GOLD FABRIC;10;10;10;23378782;140926131513209;183453941;;;;07/27/2031 00:00:00;10;13952151;14/09/2026 13:15:13;Tiago;Rodriguez;;;;;;Tiago Rodriguez;
14247015;14/09/2026 13:31:23;3;2;0001  215213-1;06;CAMION MIE 1;2090990;"AB08    ";"ABELSON S.A.                                      ";GAONA 3326;952951;"70-200N        ";70-200N - BIDE MONOCOMANDO BLACK FABRIC;10;10;10;23378881;140926131706889;183457637;;;;09/06/2031 00:00:00;10;13952187;14/09/2026 13:17:06;Tiago;Rodriguez;;;;;;Tiago Rodriguez;
14247015;14/09/2026 13:31:23;3;2;0001  215213-1;06;CAMION MIE 1;2090990;"AB08    ";"ABELSON S.A.                                      ";GAONA 3326;952674;"60-200N        ";60-200N - LAVATORIO MONOC BAJO BLACK FABRIC;15;15;15;23378921;140926131757811;183457022;;;;07/28/2031 00:00:00;15;13952210;14/09/2026 13:17:57;Tiago;Rodriguez;;;;;;Tiago Rodriguez;
14247015;14/09/2026 13:31:23;3;2;0001  215213-1;06;CAMION MIE 1;2090990;"AB08    ";"ABELSON S.A.                                      ";GAONA 3326;951298;"17020N         ";17020N - TOALLERO DE ARO LINEA FABRIC BLACK;10;10;10;23379013;140926132005051;183449535;;;;07/29/2031 00:00:00;10;13952275;14/09/2026 13:20:05;Tiago;Rodriguez;;;;;;Tiago Rodriguez;
14247015;14/09/2026 13:31:23;3;2;0001  215213-1;06;CAMION MIE 1;2090990;"AB08    ";"ABELSON S.A.                                      ";GAONA 3326;951294;"17010G         ";17010G - TOALLERO BARRAL LINEA FABRIC GOLD;10;10;10;23379059;140926132125198;183451763;;;;07/27/2031 00:00:00;10;13952310;14/09/2026 13:21:25;Tiago;Rodriguez;;;;;;Tiago Rodriguez;
14247015;14/09/2026 13:31:23;3;2;0001  215213-1;06;CAMION MIE 1;2090990;"AB08    ";"ABELSON S.A.                                      ";GAONA 3326;951302;"17040C         ";17040C - PORTA ROLLO LINEA FABRIC CROMO;10;10;10;23379116;140926132258213;183450769;;;;07/29/2031 00:00:00;10;13952356;14/09/2026 13:22:58;Tiago;Rodriguez;;;;;;Tiago Rodriguez;
14247015;14/09/2026 13:31:23;3;2;0001  215213-1;06;CAMION MIE 1;2090990;"AB08    ";"ABELSON S.A.                                      ";GAONA 3326;951318;"18040          ";18040 - PORTA ROLLO NIQUEL LINEA BEAT;6;6;6;23379116;140926132258213;183563948;;;;07/28/2031 00:00:00;2;13952356;14/09/2026 13:22:58;Tiago;Rodriguez;;;;;;Tiago Rodriguez;
14247015;14/09/2026 13:31:23;3;2;0001  215213-1;06;CAMION MIE 1;2090990;"AB08    ";"ABELSON S.A.                                      ";GAONA 3326;951116;"12006          ";"SET DE 6 PIEZAS LINEA 12000                                           ";10;10;10;23379172;140926132419483;183455394;;;;07/30/2031 00:00:00;10;13952393;14/09/2026 13:24:19;Tiago;Rodriguez;;;;;;Tiago Rodriguez;
14247015;14/09/2026 13:31:23;3;2;0001  215213-1;06;CAMION MIE 1;2090990;"AB08    ";"ABELSON S.A.                                      ";GAONA 3326;953161;"80-205         ";80-205 - DUCHA EMB. C/TRANSF. MONOC STEEL;10;10;10;23379204;140926132521042;183564705;;;;08/11/2031 00:00:00;6;13952430;14/09/2026 13:25:21;Tiago;Rodriguez;;;;;;Tiago Rodriguez;
14247015;14/09/2026 13:31:23;3;2;0001  215213-1;06;CAMION MIE 1;2090990;"AB08    ";"ABELSON S.A.                                      ";GAONA 3326;951300;"17030G         ";17030G - PERCHA LINEA FABRIC GOLD;20;20;20;23379210;140926132530871;183449034;;;;07/29/2031 00:00:00;12;13952435;14/09/2026 13:25:30;Tiago;Rodriguez;;;;;;Tiago Rodriguez;
14247015;14/09/2026 13:31:23;3;2;0001  215213-1;06;CAMION MIE 1;2090990;"AB08    ";"ABELSON S.A.                                      ";GAONA 3326;952956;"70-205         ";70-205 - BIDE MONOCOMANDO STEEL;6;6;6;23379214;140926132541608;183461565;;;;11/08/2031 00:00:00;6;13952439;14/09/2026 13:25:41;Tiago;Rodriguez;;;;;;Tiago Rodriguez;
14247015;14/09/2026 13:31:23;3;2;0001  215213-1;06;CAMION MIE 1;2090990;"AB08    ";"ABELSON S.A.                                      ";GAONA 3326;952915;"70-168         ";70-168 - BIDE MONOC CR WAVE;6;6;6;23379231;140926132555254;183463861;;;;01/18/2032 00:00:00;6;13952452;14/09/2026 13:25:55;Tiago;Rodriguez;;;;;;Tiago Rodriguez;
14247015;14/09/2026 13:31:23;3;2;0001  215213-1;06;CAMION MIE 1;2090990;"AB08    ";"ABELSON S.A.                                      ";GAONA 3326;952679;"60-205         ";60-205 - LAVATORIO MONOC BAJO STEEL;10;10;10;23379266;140926132631997;183460708;;;;07/28/2031 00:00:00;10;13952467;14/09/2026 13:26:32;Tiago;Rodriguez;;;;;;Tiago Rodriguez;
14247017;14/09/2026 13:48:14;3;2;0001  215265-1;06;CAMION MIE 1;2090990;"AB08    ";"ABELSON S.A.                                      ";GAONA 3326;952453;"51-131         ";51-131 - MESADA BIMANDO CR C.CERAM MALLORCA;20;20;20;23363929;140926133911486;183462607;;;;01/31/2032 00:00:00;2;13952740;14/09/2026 13:39:11;Tiago;Rodriguez;24640920;14/09/2026 08:42:47;7152;Mirko;Hernandez;Tiago Rodriguez;Mirko Hernandez
14247017;14/09/2026 13:48:14;3;2;0001  215265-1;06;CAMION MIE 1;2090990;"AB08    ";"ABELSON S.A.                                      ";GAONA 3326;952647;"60-176         ";"LAVATORIO MONOCOMANDO BAJO CR RIO                                     ";20;20;20;23365204;140926134814035;183468326;;;;10/11/2031 00:00:00;6;13952860;14/09/2026 13:48:14;Tiago;Rodriguez;24642000;14/09/2026 09:11:18;7636;Kevin;Arce;Tiago Rodriguez;Kevin Arce
14247017;14/09/2026 13:48:14;3;2;0001  215265-1;06;CAMION MIE 1;2090990;"AB08    ";"ABELSON S.A.                                      ";GAONA 3326;952453;"51-131         ";51-131 - MESADA BIMANDO CR C.CERAM MALLORCA;20;20;20;23379788;140926133619915;183568246;;;;01/31/2032 00:00:00;3;13952746;14/09/2026 13:36:19;Tiago;Rodriguez;;;;;;Tiago Rodriguez;
14247017;14/09/2026 13:48:14;3;2;0001  215265-1;06;CAMION MIE 1;2090990;"AB08    ";"ABELSON S.A.                                      ";GAONA 3326;952453;"51-131         ";51-131 - MESADA BIMANDO CR C.CERAM MALLORCA;20;20;20;23379819;140926133656442;183568489;;;;01/31/2032 00:00:00;3;13952767;14/09/2026 13:36:56;Tiago;Rodriguez;;;;;;Tiago Rodriguez;
14247017;14/09/2026 13:48:14;3;2;0001  215265-1;06;CAMION MIE 1;2090990;"AB08    ";"ABELSON S.A.                                      ";GAONA 3326;952453;"51-131         ";51-131 - MESADA BIMANDO CR C.CERAM MALLORCA;20;20;20;23379828;140926133719851;183568624;;;;01/31/2032 00:00:00;3;13952776;14/09/2026 13:37:19;Tiago;Rodriguez;;;;;;Tiago Rodriguez;
14247017;14/09/2026 13:48:14;3;2;0001  215265-1;06;CAMION MIE 1;2090990;"AB08    ";"ABELSON S.A.                                      ";GAONA 3326;952453;"51-131         ";51-131 - MESADA BIMANDO CR C.CERAM MALLORCA;20;20;20;23379850;140926133746682;183568790;;;;01/31/2032 00:00:00;3;13952790;14/09/2026 13:37:46;Tiago;Rodriguez;;;;;;Tiago Rodriguez;
14247017;14/09/2026 13:48:14;3;2;0001  215265-1;06;CAMION MIE 1;2090990;"AB08    ";"ABELSON S.A.                                      ";GAONA 3326;952453;"51-131         ";51-131 - MESADA BIMANDO CR C.CERAM MALLORCA;20;20;20;23379884;140926133811108;183568937;;;;01/31/2032 00:00:00;3;13952810;14/09/2026 13:38:11;Tiago;Rodriguez;;;;;;Tiago Rodriguez;
14247017;14/09/2026 13:48:14;3;2;0001  215265-1;06;CAMION MIE 1;2090990;"AB08    ";"ABELSON S.A.                                      ";GAONA 3326;952453;"51-131         ";51-131 - MESADA BIMANDO CR C.CERAM MALLORCA;20;20;20;23379911;140926133839862;183569121;;;;01/31/2032 00:00:00;3;13952822;14/09/2026 13:38:39;Tiago;Rodriguez;;;;;;Tiago Rodriguez;
14247017;14/09/2026 13:48:14;3;2;0001  215265-1;06;CAMION MIE 1;2090990;"AB08    ";"ABELSON S.A.                                      ";GAONA 3326;952647;"60-176         ";"LAVATORIO MONOCOMANDO BAJO CR RIO                                     ";20;20;20;23380001;140926134017026;183569713;;;;10/11/2031 00:00:00;2;13952874;14/09/2026 13:40:17;Tiago;Rodriguez;;;;;;Tiago Rodriguez;
14247017;14/09/2026 13:48:14;3;2;0001  215265-1;06;CAMION MIE 1;2090990;"AB08    ";"ABELSON S.A.                                      ";GAONA 3326;952712;"61-176         ";61-176 - LAVATORIO MONOC ALTO CR RIO;20;20;20;23380001;140926134017026;183569714;;;;10/09/2031 00:00:00;2;13952874;14/09/2026 13:40:17;Tiago;Rodriguez;;;;;;Tiago Rodriguez;
14247017;14/09/2026 13:48:14;3;2;0001  215265-1;06;CAMION MIE 1;2090990;"AB08    ";"ABELSON S.A.                                      ";GAONA 3326;952925;"70-176         ";70-176 - BIDE MONOC C/TRANSF CR RIO;15;15;15;23380001;140926134017026;183569715;;;;11/17/2031 00:00:00;3;13952874;14/09/2026 13:40:17;Tiago;Rodriguez;;;;;;Tiago Rodriguez;
14247017;14/09/2026 13:48:14;3;2;0001  215265-1;06;CAMION MIE 1;2090990;"AB08    ";"ABELSON S.A.                                      ";GAONA 3326;953122;"80-176         ";80-176 - DUCHA EMB C/TRANSF MONOC CR RIO;10;10;10;23380015;140926134038397;183569833;;;;07/29/2031 00:00:00;4;13952885;14/09/2026 13:40:38;Tiago;Rodriguez;;;;;;Tiago Rodriguez;
14247017;14/09/2026 13:48:14;3;2;0001  215265-1;06;CAMION MIE 1;2090990;"AB08    ";"ABELSON S.A.                                      ";GAONA 3326;953123;"80-176N        ";80-176N - DUCHA EMB C/TRANSF MONOC BLACK RIO;5;5;5;23380052;140926134120391;183470748;;;;07/27/2031 00:00:00;5;13952909;14/09/2026 13:41:20;Tiago;Rodriguez;;;;;;Tiago Rodriguez;
14247017;14/09/2026 13:48:14;3;2;0001  215265-1;06;CAMION MIE 1;2090990;"AB08    ";"ABELSON S.A.                                      ";GAONA 3326;953317;"83-176N        ";83-176N - DUCHA EXT. C/TRANSF. MONOC BLACK RIO;5;5;5;23380080;140926134146792;183471306;;;;07/29/2031 00:00:00;5;13952926;14/09/2026 13:41:46;Tiago;Rodriguez;;;;;;Tiago Rodriguez;
14247017;14/09/2026 13:48:14;3;2;0001  215265-1;06;CAMION MIE 1;2090990;"AB08    ";"ABELSON S.A.                                      ";GAONA 3326;952648;"60-176N        ";"LAVATORIO MONOCOMANDO BAJO BLACK RIO                                  ";6;6;6;23380274;140926134509832;183469872;;;;07/29/2031 00:00:00;6;13953017;14/09/2026 13:45:09;Tiago;Rodriguez;;;;;;Tiago Rodriguez;
14247017;14/09/2026 13:48:14;3;2;0001  215265-1;06;CAMION MIE 1;2090990;"AB08    ";"ABELSON S.A.                                      ";GAONA 3326;952925;"70-176         ";70-176 - BIDE MONOC C/TRANSF CR RIO;15;15;15;23380289;140926134528330;183571725;;;;11/17/2031 00:00:00;6;13953026;14/09/2026 13:45:28;Tiago;Rodriguez;;;;;;Tiago Rodriguez;
14247017;14/09/2026 13:48:14;3;2;0001  215265-1;06;CAMION MIE 1;2090990;"AB08    ";"ABELSON S.A.                                      ";GAONA 3326;952925;"70-176         ";70-176 - BIDE MONOC C/TRANSF CR RIO;15;15;15;23380304;140926134546527;183467618;;;;11/17/2031 00:00:00;6;13953039;14/09/2026 13:45:46;Tiago;Rodriguez;;;;;;Tiago Rodriguez;
14247017;14/09/2026 13:48:14;3;2;0001  215265-1;06;CAMION MIE 1;2090990;"AB08    ";"ABELSON S.A.                                      ";GAONA 3326;952712;"61-176         ";61-176 - LAVATORIO MONOC ALTO CR RIO;20;20;20;23380332;140926134613117;183571980;;;;10/09/2031 00:00:00;6;13953053;14/09/2026 13:46:13;Tiago;Rodriguez;;;;;;Tiago Rodriguez;
14247017;14/09/2026 13:48:14;3;2;0001  215265-1;06;CAMION MIE 1;2090990;"AB08    ";"ABELSON S.A.                                      ";GAONA 3326;952712;"61-176         ";61-176 - LAVATORIO MONOC ALTO CR RIO;20;20;20;23380347;140926134631350;183572088;;;;10/09/2031 00:00:00;6;13953061;14/09/2026 13:46:31;Tiago;Rodriguez;;;;;;Tiago Rodriguez;
14247017;14/09/2026 13:48:14;3;2;0001  215265-1;06;CAMION MIE 1;2090990;"AB08    ";"ABELSON S.A.                                      ";GAONA 3326;952712;"61-176         ";61-176 - LAVATORIO MONOC ALTO CR RIO;20;20;20;23380361;140926134642432;183467198;;;;10/09/2031 00:00:00;6;13953066;14/09/2026 13:46:42;Tiago;Rodriguez;;;;;;Tiago Rodriguez;
14247017;14/09/2026 13:48:14;3;2;0001  215265-1;06;CAMION MIE 1;2090990;"AB08    ";"ABELSON S.A.                                      ";GAONA 3326;953122;"80-176         ";80-176 - DUCHA EMB C/TRANSF MONOC CR RIO;10;10;10;23380402;140926134726233;183469718;;;;07/29/2031 00:00:00;6;13953080;14/09/2026 13:47:26;Tiago;Rodriguez;;;;;;Tiago Rodriguez;
14247017;14/09/2026 13:48:14;3;2;0001  215265-1;06;CAMION MIE 1;2090990;"AB08    ";"ABELSON S.A.                                      ";GAONA 3326;952647;"60-176         ";"LAVATORIO MONOCOMANDO BAJO CR RIO                                     ";20;20;20;23380421;140926134746713;183572518;;;;10/11/2031 00:00:00;6;13953087;14/09/2026 13:47:46;Tiago;Rodriguez;;;;;;Tiago Rodriguez;
14247017;14/09/2026 13:48:14;3;2;0001  215265-1;06;CAMION MIE 1;2090990;"AB08    ";"ABELSON S.A.                                      ";GAONA 3326;952647;"60-176         ";"LAVATORIO MONOCOMANDO BAJO CR RIO                                     ";20;20;20;23380436;140926134759887;183572607;;;;10/11/2031 00:00:00;6;13953094;14/09/2026 13:47:59;Tiago;Rodriguez;;;;;;Tiago Rodriguez;
14247141;14/09/2026 15:21:30;3;2;0001  215133-1;03;CAMIONETA MIE 1;2094325;"SA66    ";"SANITARIOS CAÑUELAS SRL                           ";RUTA 205 Y RIVADAVIA;953091;"80-138         ";80-138 - DUCHA EMB. C/TRANSF. CR C.CERAM VALENCIA PLUS;1;1;1;23366277;140926151436734;183474654;;;;01/14/2032 00:00:00;1;13955990;14/09/2026 15:14:36;Tiago;Rodriguez;24642913;14/09/2026 09:49:07;7807;Nicolas;Perez;Tiago Rodriguez;Nicolas Perez
14247141;14/09/2026 15:21:30;3;2;0001  215133-1;03;CAMIONETA MIE 1;2094325;"SA66    ";"SANITARIOS CAÑUELAS SRL                           ";RUTA 205 Y RIVADAVIA;953109;"80-166         ";"DUCHA EMB. C/TRANSF. CR C.CERAM ADRA PLUS                             ";1;1;1;23366277;140926151436734;183472714;;;;01/19/2032 00:00:00;1;13955990;14/09/2026 15:14:36;Tiago;Rodriguez;24642913;14/09/2026 09:49:07;7807;Nicolas;Perez;Tiago Rodriguez;Nicolas Perez
14247141;14/09/2026 15:21:30;3;2;0001  215133-1;03;CAMIONETA MIE 1;2094325;"SA66    ";"SANITARIOS CAÑUELAS SRL                           ";RUTA 205 Y RIVADAVIA;952650;"60-180         ";60-180 - LAVATORIO MONOCOMANDO BAJO VERA;1;1;1;23368690;140926152129682;183503814;;;;07/28/2031 00:00:00;1;13956086;14/09/2026 15:21:29;Tiago;Rodriguez;24645074;14/09/2026 10:45:41;7807;Nicolas;Perez;Tiago Rodriguez;Nicolas Perez
14247141;14/09/2026 15:21:30;3;2;0001  215133-1;03;CAMIONETA MIE 1;2094325;"SA66    ";"SANITARIOS CAÑUELAS SRL                           ";RUTA 205 Y RIVADAVIA;952630;"60-152         ";60-152 - LAVATORIO CR MONOCOMANDO BAJO SORIA;1;1;1;23368690;140926152129682;183504576;;;;07/27/2031 00:00:00;1;13956086;14/09/2026 15:21:29;Tiago;Rodriguez;24645074;14/09/2026 10:45:41;7807;Nicolas;Perez;Tiago Rodriguez;Nicolas Perez
14247141;14/09/2026 15:21:30;3;2;0001  215133-1;03;CAMIONETA MIE 1;2094325;"SA66    ";"SANITARIOS CAÑUELAS SRL                           ";RUTA 205 Y RIVADAVIA;951259;"16006BL        ";16006BL - SET 6 PIEZAS ACCESORIOS LINEA 16000 BLACK;2;2;2;23368690;140926152129682;183491389;;;;07/27/2031 00:00:00;2;13956086;14/09/2026 15:21:29;Tiago;Rodriguez;24645074;14/09/2026 10:45:41;7807;Nicolas;Perez;Tiago Rodriguez;Nicolas Perez
14247141;14/09/2026 15:21:30;3;2;0001  215133-1;03;CAMIONETA MIE 1;2094325;"SA66    ";"SANITARIOS CAÑUELAS SRL                           ";RUTA 205 Y RIVADAVIA;951132;"13006          ";"SET DE 6 PIEZAS LINEA 13000                                           ";1;1;1;23368690;140926152129682;183497874;;;;07/28/2031 00:00:00;1;13956086;14/09/2026 15:21:29;Tiago;Rodriguez;24645074;14/09/2026 10:45:41;7807;Nicolas;Perez;Tiago Rodriguez;Nicolas Perez
14247141;14/09/2026 15:21:30;3;2;0001  215133-1;03;CAMIONETA MIE 1;2094325;"SA66    ";"SANITARIOS CAÑUELAS SRL                           ";RUTA 205 Y RIVADAVIA;952635;"60-162N        ";60-162N - LAVATORIO BLACK C.CERAM LINEA ADRA;1;1;1;23384909;140926151406764;183478217;;;;11/03/2031 00:00:00;1;13956028;14/09/2026 15:14:06;Tiago;Rodriguez;;;;;;Tiago Rodriguez;
14247141;14/09/2026 15:21:30;3;2;0001  215133-1;03;CAMIONETA MIE 1;2094325;"SA66    ";"SANITARIOS CAÑUELAS SRL                           ";RUTA 205 Y RIVADAVIA;952634;"60-162         ";60-162 - LAVATORIO CR C.CERAM LINEA ADRA;2;2;2;23384909;140926151406764;183471641;;;;07/29/2031 00:00:00;2;13956028;14/09/2026 15:14:06;Tiago;Rodriguez;;;;;;Tiago Rodriguez;
14247141;14/09/2026 15:21:30;3;2;0001  215133-1;03;CAMIONETA MIE 1;2094325;"SA66    ";"SANITARIOS CAÑUELAS SRL                           ";RUTA 205 Y RIVADAVIA;952913;"70-162N        ";70-162N - BIDE BLACK C.CERAM LINEA ADRA;1;1;1;23384909;140926151406764;183481988;;;;12/08/2031 00:00:00;1;13956028;14/09/2026 15:14:06;Tiago;Rodriguez;;;;;;Tiago Rodriguez;
14247141;14/09/2026 15:21:30;3;2;0001  215133-1;03;CAMIONETA MIE 1;2094325;"SA66    ";"SANITARIOS CAÑUELAS SRL                           ";RUTA 205 Y RIVADAVIA;952912;"70-162         ";70-162 - BIDE CR C.CERAM LINEA ADRA;1;1;1;23384909;140926151406764;183472215;;;;07/29/2031 00:00:00;1;13956028;14/09/2026 15:14:06;Tiago;Rodriguez;;;;;;Tiago Rodriguez;
14247141;14/09/2026 15:21:30;3;2;0001  215133-1;03;CAMIONETA MIE 1;2094325;"SA66    ";"SANITARIOS CAÑUELAS SRL                           ";RUTA 205 Y RIVADAVIA;952794;"63-152         ";63-152 - LAVATORIO PARED EMBUTIR CR MONOC. SORIA;2;2;2;23385133;140926151831022;183500827;;;;07/28/2031 00:00:00;2;13956178;14/09/2026 15:18:31;Tiago;Rodriguez;;;;;;Tiago Rodriguez;
14247141;14/09/2026 15:21:30;3;2;0001  215133-1;03;CAMIONETA MIE 1;2094325;"SA66    ";"SANITARIOS CAÑUELAS SRL                           ";RUTA 205 Y RIVADAVIA;953138;"80-192         ";80-192 - DUCHA EMB. C/TRANSF. SORIA BLACK;1;1;1;23385133;140926151831022;183503576;;;;07/28/2031 00:00:00;1;13956178;14/09/2026 15:18:31;Tiago;Rodriguez;;;;;;Tiago Rodriguez;
14247141;14/09/2026 15:21:30;3;2;0001  215133-1;03;CAMIONETA MIE 1;2094325;"SA66    ";"SANITARIOS CAÑUELAS SRL                           ";RUTA 205 Y RIVADAVIA;951533;"20-150         ";20-150 - MONOCOMANDO MESADA COCINA TOLEDO;1;1;1;23385133;140926151831022;183503245;;;;07/27/2031 00:00:00;1;13956178;14/09/2026 15:18:31;Tiago;Rodriguez;;;;;;Tiago Rodriguez;
14247141;14/09/2026 15:21:30;3;2;0001  215133-1;03;CAMIONETA MIE 1;2094325;"SA66    ";"SANITARIOS CAÑUELAS SRL                           ";RUTA 205 Y RIVADAVIA;951536;"20-162         ";20-162 - MONOCOMANDO COCINA ADRA;2;2;2;23385133;140926151831022;183499325;;;;07/28/2031 00:00:00;2;13956178;14/09/2026 15:18:31;Tiago;Rodriguez;;;;;;Tiago Rodriguez;
14247142;15/09/2026 07:37:17;3;2;0001  214924-1;03;CAMIONETA MIE 1;2092387;"FA20    ";"FALABELLA S.A.                                    ";AV DON BOSCO 2680;952587;"60-061         ";60-061 - LAVATORIO CR C.STD PUEBLA;6;6;6;23366278;150926073121709;183475395;;;;10/08/2031 00:00:00;6;13962874;15/09/2026 07:31:21;Tiago;Rodriguez;24642913;14/09/2026 09:49:07;7807;Nicolas;Perez;Tiago Rodriguez;Nicolas Perez
14247142;15/09/2026 07:37:17;3;2;0001  214924-1;03;CAMIONETA MIE 1;2092387;"FA20    ";"FALABELLA S.A.                                    ";AV DON BOSCO 2680;951259;"16006BL        ";16006BL - SET 6 PIEZAS ACCESORIOS LINEA 16000 BLACK;5;5;5;23368993;150926073717643;183493582;;;;07/27/2031 00:00:00;5;13962944;15/09/2026 07:37:17;Tiago;Rodriguez;24645380;14/09/2026 10:12:34;6922;Franco;Potenza;Tiago Rodriguez;Franco Potenza
14247142;15/09/2026 07:37:17;3;2;0001  214924-1;03;CAMIONETA MIE 1;2092387;"FA20    ";"FALABELLA S.A.                                    ";AV DON BOSCO 2680;951258;"16006          ";16006 - SET 6 PIEZAS ACCESORIOS LINEA 16000;3;3;3;23368993;150926073717643;183489938;;;;07/29/2031 00:00:00;3;13962944;15/09/2026 07:37:17;Tiago;Rodriguez;24645380;14/09/2026 10:12:34;6922;Franco;Potenza;Tiago Rodriguez;Franco Potenza
14247142;15/09/2026 07:37:17;3;2;0001  214924-1;03;CAMIONETA MIE 1;2092387;"FA20    ";"FALABELLA S.A.                                    ";AV DON BOSCO 2680;952456;"51-190         ";51-190 - MESADA BIMANDO C.CERAM BLACK VELVET;4;4;4;23396254;150926072802552;183483031;;;;10/20/2031 00:00:00;4;13962876;15/09/2026 07:28:02;Tiago;Rodriguez;;;;;;Tiago Rodriguez;
14247142;15/09/2026 07:37:17;3;2;0001  214924-1;03;CAMIONETA MIE 1;2092387;"FA20    ";"FALABELLA S.A.                                    ";AV DON BOSCO 2680;952452;"51-122         ";51-122 - MESADA BIMANDO CR C.CERAM VALENCIA;9;9;9;23396268;150926072834838;183703157;;;;02/01/2032 00:00:00;3;13962882;15/09/2026 07:28:34;Tiago;Rodriguez;;;;;;Tiago Rodriguez;
14247142;15/09/2026 07:37:17;3;2;0001  214924-1;03;CAMIONETA MIE 1;2092387;"FA20    ";"FALABELLA S.A.                                    ";AV DON BOSCO 2680;952452;"51-122         ";51-122 - MESADA BIMANDO CR C.CERAM VALENCIA;9;9;9;23396329;150926073009603;183703471;;;;02/01/2032 00:00:00;3;13962903;15/09/2026 07:30:09;Tiago;Rodriguez;;;;;;Tiago Rodriguez;
14247142;15/09/2026 07:37:17;3;2;0001  214924-1;03;CAMIONETA MIE 1;2092387;"FA20    ";"FALABELLA S.A.                                    ";AV DON BOSCO 2680;952452;"51-122         ";51-122 - MESADA BIMANDO CR C.CERAM VALENCIA;9;9;9;23396351;150926073052471;183481763;;;;02/01/2032 00:00:00;3;13962910;15/09/2026 07:30:52;Tiago;Rodriguez;;;;;;Tiago Rodriguez;
14247142;15/09/2026 07:37:17;3;2;0001  214924-1;03;CAMIONETA MIE 1;2092387;"FA20    ";"FALABELLA S.A.                                    ";AV DON BOSCO 2680;951098;"11006          ";"SET DE 6 PIEZAS LINEA 11000                                           ";6;6;6;23396416;150926073338581;183490617;;;;07/29/2031 00:00:00;6;13962946;15/09/2026 07:33:38;Tiago;Rodriguez;;;;;;Tiago Rodriguez;
14247142;15/09/2026 07:37:17;3;2;0001  214924-1;03;CAMIONETA MIE 1;2092387;"FA20    ";"FALABELLA S.A.                                    ";AV DON BOSCO 2680;951116;"12006          ";"SET DE 6 PIEZAS LINEA 12000                                           ";3;3;3;23396496;150926073554478;183490363;;;;07/30/2031 00:00:00;3;13962980;15/09/2026 07:35:54;Tiago;Rodriguez;;;;;;Tiago Rodriguez;
14247142;15/09/2026 07:37:17;3;2;0001  214924-1;03;CAMIONETA MIE 1;2092387;"FA20    ";"FALABELLA S.A.                                    ";AV DON BOSCO 2680;951748;"3006           ";3006 - SET DE 6 PIEZAS LINEA 3000;3;3;3;23396496;150926073554478;183491505;;;;07/29/2031 00:00:00;3;13962980;15/09/2026 07:35:54;Tiago;Rodriguez;;;;;;Tiago Rodriguez;
14247143;15/09/2026 07:26:59;3;2;0001  215356-1;03;CAMIONETA MIE 1;2094328;"SA69    ";"SANIBON S.R.L.                                    ";RIVADAVIA 161;952740;"62-100G        ";62-100G - LAVATORIO DE PARED GOLD C.CERAM FABRIC;2;2;2;23366279;150926072658014;183484328;;;;12/20/2031 00:00:00;2;13962858;15/09/2026 07:26:58;Tiago;Rodriguez;24642913;14/09/2026 09:49:07;7807;Nicolas;Perez;Tiago Rodriguez;Nicolas Perez
14247143;15/09/2026 07:26:59;3;2;0001  215356-1;03;CAMIONETA MIE 1;2094328;"SA69    ";"SANIBON S.R.L.                                    ";RIVADAVIA 161;952874;"70-100G        ";70-100G - BIDE GOLD C.CERAM FABRIC;2;2;2;23366279;150926072658014;183483614;;;;07/29/2031 00:00:00;2;13962858;15/09/2026 07:26:58;Tiago;Rodriguez;24642913;14/09/2026 09:49:07;7807;Nicolas;Perez;Tiago Rodriguez;Nicolas Perez
14247143;15/09/2026 07:26:59;3;2;0001  215356-1;03;CAMIONETA MIE 1;2094328;"SA69    ";"SANIBON S.R.L.                                    ";RIVADAVIA 161;953071;"80-100G        ";80-100G - DUCHA EMB. C/TRANSF. GOLD C.CERAM FABRIC;1;1;1;23366279;150926072658014;183484533;;;;12/07/2031 00:00:00;1;13962858;15/09/2026 07:26:58;Tiago;Rodriguez;24642913;14/09/2026 09:49:07;7807;Nicolas;Perez;Tiago Rodriguez;Nicolas Perez
14247143;15/09/2026 07:26:59;3;2;0001  215356-1;03;CAMIONETA MIE 1;2094328;"SA69    ";"SANIBON S.R.L.                                    ";RIVADAVIA 161;951309;"17060G         ";17060G - PORTA VASO Y CEPILLO  LINEA FABRIC GOLD;1;1;1;23368691;150926072459697;183502882;;;;07/31/2031 00:00:00;1;13962801;15/09/2026 07:24:59;Tiago;Rodriguez;24645074;14/09/2026 10:45:41;7807;Nicolas;Perez;Tiago Rodriguez;Nicolas Perez
14247143;15/09/2026 07:26:59;3;2;0001  215356-1;03;CAMIONETA MIE 1;2094328;"SA69    ";"SANIBON S.R.L.                                    ";RIVADAVIA 161;953320;"83-203         ";83-203 - DUCHA EXT C/TRANSF. MONOCOMANDO ADRA;2;2;2;23368691;150926072459697;183498709;;;;07/29/2031 00:00:00;2;13962801;15/09/2026 07:24:59;Tiago;Rodriguez;24645074;14/09/2026 10:45:41;7807;Nicolas;Perez;Tiago Rodriguez;Nicolas Perez
14247143;15/09/2026 07:26:59;3;2;0001  215356-1;03;CAMIONETA MIE 1;2094328;"SA69    ";"SANIBON S.R.L.                                    ";RIVADAVIA 161;951303;"17040G         ";17040G - PORTA ROLLO LINEA FABRIC GOLD;2;2;2;23368691;150926072459697;183499070;;;;07/28/2031 00:00:00;2;13962801;15/09/2026 07:24:59;Tiago;Rodriguez;24645074;14/09/2026 10:45:41;7807;Nicolas;Perez;Tiago Rodriguez;Nicolas Perez
14247143;15/09/2026 07:26:59;3;2;0001  215356-1;03;CAMIONETA MIE 1;2094328;"SA69    ";"SANIBON S.R.L.                                    ";RIVADAVIA 161;951297;"17020G         ";17020G - TOALLERO DE ARO LINEA FABRIC GOLD;2;2;2;23368691;150926072459697;183490783;;;;07/29/2031 00:00:00;2;13962801;15/09/2026 07:24:59;Tiago;Rodriguez;24645074;14/09/2026 10:45:41;7807;Nicolas;Perez;Tiago Rodriguez;Nicolas Perez
14247143;15/09/2026 07:26:59;3;2;0001  215356-1;03;CAMIONETA MIE 1;2094328;"SA69    ";"SANIBON S.R.L.                                    ";RIVADAVIA 161;951300;"17030G         ";17030G - PERCHA LINEA FABRIC GOLD;2;2;2;23396101;150926072225714;183496264;;;;07/29/2031 00:00:00;2;13962818;15/09/2026 07:22:25;Tiago;Rodriguez;;;;;;Tiago Rodriguez;
14247143;15/09/2026 07:26:59;3;2;0001  215356-1;03;CAMIONETA MIE 1;2094328;"SA69    ";"SANIBON S.R.L.                                    ";RIVADAVIA 161;951294;"17010G         ";17010G - TOALLERO BARRAL LINEA FABRIC GOLD;2;2;2;23396101;150926072225714;183490657;;;;07/27/2031 00:00:00;2;13962818;15/09/2026 07:22:25;Tiago;Rodriguez;;;;;;Tiago Rodriguez;
14247144;15/09/2026 06:29:36;3;2;0001  215362-1;03;CAMIONETA MIE 1;2092823;"GT08    ";"GRUPO GOBBI ARIETA S.A.                           ";PUENTE DEL INCA 2050;953346;"85-168         ";85-168 - DUCHA MONOC C/TRANSF Y DUCHADOR CR WAVE;10;10;10;23366280;150926062936399;183477793;;;;02/01/2032 00:00:00;4;13962469;15/09/2026 06:29:36;Tiago;Rodriguez;24642913;14/09/2026 09:49:07;7807;Nicolas;Perez;Tiago Rodriguez;Nicolas Perez
14247144;15/09/2026 06:29:36;3;2;0001  215362-1;03;CAMIONETA MIE 1;2092823;"GT08    ";"GRUPO GOBBI ARIETA S.A.                           ";PUENTE DEL INCA 2050;954651;"A816           ";"A816 - DUCHA 6"" C/BRAZO Y CAMPANA CR";22;22;22;23369819;150926062704550;183498321;;;;07/27/2031 00:00:00;22;13962452;15/09/2026 06:27:04;Tiago;Rodriguez;24646170;14/09/2026 10:25:12;6922;Franco;Potenza;Tiago Rodriguez;Franco Potenza
14247144;15/09/2026 06:29:36;3;2;0001  215362-1;03;CAMIONETA MIE 1;2092823;"GT08    ";"GRUPO GOBBI ARIETA S.A.                           ";PUENTE DEL INCA 2050;952708;"61-168         ";61-168 - LAVATORIO MONOC ALTO CR WAVE;2;2;2;23394994;150926062539152;183497340;;;;07/27/2031 00:00:00;2;13962453;15/09/2026 06:25:39;Tiago;Rodriguez;;;;;;Tiago Rodriguez;
14247144;15/09/2026 06:29:36;3;2;0001  215362-1;03;CAMIONETA MIE 1;2092823;"GT08    ";"GRUPO GOBBI ARIETA S.A.                           ";PUENTE DEL INCA 2050;952637;"60-168         ";60-168 - LAVATORIO MONOC BAJO CR WAVE;10;10;10;23394997;150926062615847;183496661;;;;07/27/2031 00:00:00;10;13962458;15/09/2026 06:26:15;Tiago;Rodriguez;;;;;;Tiago Rodriguez;
14247144;15/09/2026 06:29:36;3;2;0001  215362-1;03;CAMIONETA MIE 1;2092823;"GT08    ";"GRUPO GOBBI ARIETA S.A.                           ";PUENTE DEL INCA 2050;953346;"85-168         ";85-168 - DUCHA MONOC C/TRANSF Y DUCHADOR CR WAVE;10;10;10;23395037;150926062845914;183696142;;;;02/01/2032 00:00:00;3;13962470;15/09/2026 06:28:45;Tiago;Rodriguez;;;;;;Tiago Rodriguez;
14247144;15/09/2026 06:29:36;3;2;0001  215362-1;03;CAMIONETA MIE 1;2092823;"GT08    ";"GRUPO GOBBI ARIETA S.A.                           ";PUENTE DEL INCA 2050;953346;"85-168         ";85-168 - DUCHA MONOC C/TRANSF Y DUCHADOR CR WAVE;10;10;10;23395046;150926062903927;183696164;;;;02/01/2032 00:00:00;3;13962474;15/09/2026 06:29:03;Tiago;Rodriguez;;;;;;Tiago Rodriguez;
14247145;14/09/2026 14:07:13;3;2;0001  215364-1;03;CAMIONETA MIE 1;2092823;"GT08    ";"GRUPO GOBBI ARIETA S.A.                           ";PUENTE DEL INCA 2050;952915;"70-168         ";70-168 - BIDE MONOC CR WAVE;10;10;10;23368692;140926140711833;183502448;;;;01/18/2032 00:00:00;10;13953663;14/09/2026 14:07:11;Tiago;Rodriguez;24645074;14/09/2026 10:45:41;7807;Nicolas;Perez;Tiago Rodriguez;Nicolas Perez
14247146;14/09/2026 12:07:36;3;2;0001  215365-1;03;CAMIONETA MIE 1;2092823;"GT08    ";"GRUPO GOBBI ARIETA S.A.                           ";PUENTE DEL INCA 2050;952742;"62-100NI       ";62-100NI - LAVATORIO DE PARED NICKEL C.CERAM FABRIC;1;1;1;23370131;140926120734721;183501804;;;;09/02/2031 00:00:00;1;13950346;14/09/2026 12:07:34;Tiago;Rodriguez;24646497;14/09/2026 10:34:33;7827;Javier;Machado;Tiago Rodriguez;Javier Machado
14247146;14/09/2026 12:07:36;3;2;0001  215365-1;03;CAMIONETA MIE 1;2092823;"GT08    ";"GRUPO GOBBI ARIETA S.A.                           ";PUENTE DEL INCA 2050;954380;"A1539NI        ";"TAPA Y TECLA PARA VALVULA DE DESCARGA CUADRADA MINIMALISTA NICKEL     ";1;1;1;23370131;140926120734721;183500887;;;;07/31/2031 00:00:00;1;13950346;14/09/2026 12:07:34;Tiago;Rodriguez;24646497;14/09/2026 10:34:33;7827;Javier;Machado;Tiago Rodriguez;Javier Machado
14247146;14/09/2026 12:07:36;3;2;0001  215365-1;03;CAMIONETA MIE 1;2092823;"GT08    ";"GRUPO GOBBI ARIETA S.A.                           ";PUENTE DEL INCA 2050;954382;"A1540          ";"CUERPO VALVULA DE DESAGOTE P/INODORO TECNO 02-010/011                 ";1;1;1;23370131;140926120734721;183498908;;;;07/28/2031 00:00:00;1;13950346;14/09/2026 12:07:34;Tiago;Rodriguez;24646497;14/09/2026 10:34:33;7827;Javier;Machado;Tiago Rodriguez;Javier Machado
14247147;14/09/2026 15:10:53;3;2;0001  215369-1;03;CAMIONETA MIE 1;2095091;"ZZ02    ";"ZINGALV GALVANIZADOS Y ZINC S.R.L.                ";AV. SANTA MARIA 3460;950892;"01-010         ";"VALVULA P/MINGITORIO TEMPORIZADA TECNO                                ";3;3;3;23368693;140926150919778;183490250;;;;07/28/2031 00:00:00;3;13955839;14/09/2026 15:09:19;Tiago;Rodriguez;24645074;14/09/2026 10:45:41;7807;Nicolas;Perez;Tiago Rodriguez;Nicolas Perez
14247147;14/09/2026 15:10:53;3;2;0001  215369-1;03;CAMIONETA MIE 1;2095091;"ZZ02    ";"ZINGALV GALVANIZADOS Y ZINC S.R.L.                ";AV. SANTA MARIA 3460;957469;"RA1076         ";"10 ORING P/MONOC COCINA RENACER                                       ";1;1;1;23368693;140926150919778;183506484;;;;01/14/2032 00:00:00;1;13955839;14/09/2026 15:09:19;Tiago;Rodriguez;24645074;14/09/2026 10:45:41;7807;Nicolas;Perez;Tiago Rodriguez;Nicolas Perez
14247147;14/09/2026 15:10:53;3;2;0001  215369-1;03;CAMIONETA MIE 1;2095091;"ZZ02    ";"ZINGALV GALVANIZADOS Y ZINC S.R.L.                ";AV. SANTA MARIA 3460;957499;"RA1109         ";RA1109 - (10) JUNTA P/MONOCOMANDO DIQUE;1;1;1;23368693;140926150919778;183506289;;;;09/08/2031 00:00:00;1;13955839;14/09/2026 15:09:19;Tiago;Rodriguez;24645074;14/09/2026 10:45:41;7807;Nicolas;Perez;Tiago Rodriguez;Nicolas Perez
14247147;14/09/2026 15:10:53;3;2;0001  215369-1;03;CAMIONETA MIE 1;2095091;"ZZ02    ";"ZINGALV GALVANIZADOS Y ZINC S.R.L.                ";AV. SANTA MARIA 3460;953324;"835            ";835 - JGO.MDA. P.FUNDIDO CR MURCIA;2;2;2;23370132;140926151052131;183502371;;;;07/29/2031 00:00:00;2;13955892;14/09/2026 15:10:52;Tiago;Rodriguez;24646497;14/09/2026 10:34:33;7827;Javier;Machado;Tiago Rodriguez;Javier Machado
14247147;14/09/2026 15:10:53;3;2;0001  215369-1;03;CAMIONETA MIE 1;2095091;"ZZ02    ";"ZINGALV GALVANIZADOS Y ZINC S.R.L.                ";AV. SANTA MARIA 3460;952028;"314/CR         ";314/CR - BIDE CROMO ARES;1;1;1;23370132;140926151052131;183501411;;;;01/11/2032 00:00:00;1;13955892;14/09/2026 15:10:52;Tiago;Rodriguez;24646497;14/09/2026 10:34:33;7827;Javier;Machado;Tiago Rodriguez;Javier Machado
14247148;14/09/2026 14:06:14;3;2;0001  215371-1;03;CAMIONETA MIE 1;2094238;"RR17    ";"RAMOS REVESTIMIENTOS S.R.L.                       ";ALBERDI 4030;952655;"60-183         ";"LAVATORIO MONOCOMANDO BAJO MAT                                        ";1;1;1;23369820;140926140613769;183496112;;;;11/02/2031 00:00:00;1;13953644;14/09/2026 14:06:13;Tiago;Rodriguez;24646170;14/09/2026 10:25:12;6922;Franco;Potenza;Tiago Rodriguez;Franco Potenza
14247149;14/09/2026 15:51:32;3;2;0001  214920-1;03;CAMIONETA MIE 1;2228305;"OL05    ";"ORTIZ LUCIANA DANIELA - SANITARIOS YACARE         ";INT. FEDERICO RUSSO 3760;952453;"51-131         ";51-131 - MESADA BIMANDO CR C.CERAM MALLORCA;2;2;2;23366281;140926154454265;183484876;;;;01/31/2032 00:00:00;2;13956592;14/09/2026 15:44:54;Tiago;Rodriguez;24642913;14/09/2026 09:49:07;7807;Nicolas;Perez;Tiago Rodriguez;Nicolas Perez
14247149;14/09/2026 15:51:32;3;2;0001  214920-1;03;CAMIONETA MIE 1;2228305;"OL05    ";"ORTIZ LUCIANA DANIELA - SANITARIOS YACARE         ";INT. FEDERICO RUSSO 3760;951748;"3006           ";3006 - SET DE 6 PIEZAS LINEA 3000;3;3;3;23368694;140926155130273;183505827;;;;07/29/2031 00:00:00;3;13957154;14/09/2026 15:51:30;Tiago;Rodriguez;24645074;14/09/2026 10:45:41;7807;Nicolas;Perez;Tiago Rodriguez;Nicolas Perez
14247149;14/09/2026 15:51:32;3;2;0001  214920-1;03;CAMIONETA MIE 1;2228305;"OL05    ";"ORTIZ LUCIANA DANIELA - SANITARIOS YACARE         ";INT. FEDERICO RUSSO 3760;951117;"12006N         ";"SET DE 6 PIEZAS LINEA 12000 BLACK                                     ";6;6;6;23368694;140926155130273;183497689;;;;09/01/2031 00:00:00;6;13957154;14/09/2026 15:51:30;Tiago;Rodriguez;24645074;14/09/2026 10:45:41;7807;Nicolas;Perez;Tiago Rodriguez;Nicolas Perez
14247149;14/09/2026 15:51:32;3;2;0001  214920-1;03;CAMIONETA MIE 1;2228305;"OL05    ";"ORTIZ LUCIANA DANIELA - SANITARIOS YACARE         ";INT. FEDERICO RUSSO 3760;953059;"80-057         ";80-057 - DUCHA EMB. C/TRANSF. C.STD VERIN PLUS;12;12;12;23386012;140926153505170;183621378;;;;02/08/2032 00:00:00;10;13956781;14/09/2026 15:35:05;Tiago;Rodriguez;;;;;;Tiago Rodriguez;
14247149;14/09/2026 15:51:32;3;2;0001  214920-1;03;CAMIONETA MIE 1;2228305;"OL05    ";"ORTIZ LUCIANA DANIELA - SANITARIOS YACARE         ";INT. FEDERICO RUSSO 3760;952582;"60-057         ";60-057 - LAVATORIO C.STD VERIN PLUS;12;12;12;23386188;140926153820013;183622831;;;;01/31/2032 00:00:00;10;13956870;14/09/2026 15:38:20;Tiago;Rodriguez;;;;;;Tiago Rodriguez;
14247149;14/09/2026 15:51:32;3;2;0001  214920-1;03;CAMIONETA MIE 1;2228305;"OL05    ";"ORTIZ LUCIANA DANIELA - SANITARIOS YACARE         ";INT. FEDERICO RUSSO 3760;952582;"60-057         ";60-057 - LAVATORIO C.STD VERIN PLUS;12;12;12;23386301;140926154005513;183473336;;;;01/31/2032 00:00:00;2;13956920;14/09/2026 15:40:05;Tiago;Rodriguez;;;;;;Tiago Rodriguez;
14247149;14/09/2026 15:51:32;3;2;0001  214920-1;03;CAMIONETA MIE 1;2228305;"OL05    ";"ORTIZ LUCIANA DANIELA - SANITARIOS YACARE         ";INT. FEDERICO RUSSO 3760;952913;"70-162N        ";70-162N - BIDE BLACK C.CERAM LINEA ADRA;4;4;4;23386301;140926154005513;183482278;;;;12/08/2031 00:00:00;4;13956920;14/09/2026 15:40:05;Tiago;Rodriguez;;;;;;Tiago Rodriguez;
14247149;14/09/2026 15:51:32;3;2;0001  214920-1;03;CAMIONETA MIE 1;2228305;"OL05    ";"ORTIZ LUCIANA DANIELA - SANITARIOS YACARE         ";INT. FEDERICO RUSSO 3760;953059;"80-057         ";80-057 - DUCHA EMB. C/TRANSF. C.STD VERIN PLUS;12;12;12;23386301;140926154005513;183473819;;;;02/08/2032 00:00:00;2;13956920;14/09/2026 15:40:05;Tiago;Rodriguez;;;;;;Tiago Rodriguez;
14247149;14/09/2026 15:51:32;3;2;0001  214920-1;03;CAMIONETA MIE 1;2228305;"OL05    ";"ORTIZ LUCIANA DANIELA - SANITARIOS YACARE         ";INT. FEDERICO RUSSO 3760;953082;"80-121         ";80-121 - DUCHA EMB. C/TRANSF. CR C.C. MARBELLA;4;4;4;23386421;140926154203442;183476409;;;;08/04/2031 00:00:00;4;13956989;14/09/2026 15:42:03;Tiago;Rodriguez;;;;;;Tiago Rodriguez;
14247149;14/09/2026 15:51:32;3;2;0001  214920-1;03;CAMIONETA MIE 1;2228305;"OL05    ";"ORTIZ LUCIANA DANIELA - SANITARIOS YACARE         ";INT. FEDERICO RUSSO 3760;952634;"60-162         ";60-162 - LAVATORIO CR C.CERAM LINEA ADRA;4;4;4;23386421;140926154203442;183471873;;;;07/29/2031 00:00:00;4;13956989;14/09/2026 15:42:03;Tiago;Rodriguez;;;;;;Tiago Rodriguez;
14247152;14/09/2026 16:44:54;3;2;0001  215277-1;03;CAMIONETA MIE 1;2092823;"GT08    ";"GRUPO GOBBI ARIETA S.A.                           ";PUENTE DEL INCA 2050;954901;"BCH01          ";BCH01 - BACHA DE APOYAR CIRCULAR 320x145;1;1;1;23366625;140926163647306;183474828;;;;07/28/2031 00:00:00;1;13958796;14/09/2026 16:36:47;Maximiliano;Nievas;24643152;14/09/2026 09:19:17;7152;Mirko;Hernandez;Maximiliano Nievas;Mirko Hernandez
14247152;14/09/2026 16:44:54;3;2;0001  215277-1;03;CAMIONETA MIE 1;2092823;"GT08    ";"GRUPO GOBBI ARIETA S.A.                           ";PUENTE DEL INCA 2050;954912;"BCH11BM        ";BCH11BM - BACHA DE APOYAR REDONDA BLANCO MATE 400x400x125;1;1;1;23366625;140926163647306;183474230;;;;08/17/2031 00:00:00;1;13958796;14/09/2026 16:36:47;Maximiliano;Nievas;24643152;14/09/2026 09:19:17;7152;Mirko;Hernandez;Maximiliano Nievas;Mirko Hernandez
14247152;14/09/2026 16:44:54;3;2;0001  215277-1;03;CAMIONETA MIE 1;2092823;"GT08    ";"GRUPO GOBBI ARIETA S.A.                           ";PUENTE DEL INCA 2050;954922;"BCH19          ";"BACHA DE APOYAR BLANCA 365x235x120                                    ";1;1;1;23366625;140926163647306;183474048;;;;07/28/2031 00:00:00;1;13958796;14/09/2026 16:36:47;Maximiliano;Nievas;24643152;14/09/2026 09:19:17;7152;Mirko;Hernandez;Maximiliano Nievas;Mirko Hernandez
14247152;14/09/2026 16:44:54;3;2;0001  215277-1;03;CAMIONETA MIE 1;2092823;"GT08    ";"GRUPO GOBBI ARIETA S.A.                           ";PUENTE DEL INCA 2050;957102;"PDU120         ";"DESAGUE P/PISO DE DUCHA                                               ";2;2;2;23366625;140926163647306;183474550;;;;12/07/2031 00:00:00;2;13958796;14/09/2026 16:36:47;Maximiliano;Nievas;24643152;14/09/2026 09:19:17;7152;Mirko;Hernandez;Maximiliano Nievas;Mirko Hernandez
14247152;14/09/2026 16:44:54;3;2;0001  215277-1;03;CAMIONETA MIE 1;2092823;"GT08    ";"GRUPO GOBBI ARIETA S.A.                           ";PUENTE DEL INCA 2050;951264;"16040          ";16040 - PORTA ROLLO ACCESORIOS LINEA 16000;1;1;1;23370582;140926164454508;183507894;;;;07/27/2031 00:00:00;1;13958657;14/09/2026 16:44:54;Maximiliano;Nievas;24646911;14/09/2026 11:17:46;6922;Franco;Potenza;Maximiliano Nievas;Franco Potenza
14247152;14/09/2026 16:44:54;3;2;0001  215277-1;03;CAMIONETA MIE 1;2092823;"GT08    ";"GRUPO GOBBI ARIETA S.A.                           ";PUENTE DEL INCA 2050;951263;"16030BL        ";16030BL - PERCHA LINEA 16000 BLACK;2;2;2;23370582;140926164454508;183509534;;;;07/28/2031 00:00:00;2;13958657;14/09/2026 16:44:54;Maximiliano;Nievas;24646911;14/09/2026 11:17:46;6922;Franco;Potenza;Maximiliano Nievas;Franco Potenza
14247152;14/09/2026 16:44:54;3;2;0001  215277-1;03;CAMIONETA MIE 1;2092823;"GT08    ";"GRUPO GOBBI ARIETA S.A.                           ";PUENTE DEL INCA 2050;951262;"16030          ";16030 - PERCHA LINEA 16000;2;2;2;23370582;140926164454508;183509105;;;;07/27/2031 00:00:00;2;13958657;14/09/2026 16:44:54;Maximiliano;Nievas;24646911;14/09/2026 11:17:46;6922;Franco;Potenza;Maximiliano Nievas;Franco Potenza
14247152;14/09/2026 16:44:54;3;2;0001  215277-1;03;CAMIONETA MIE 1;2092823;"GT08    ";"GRUPO GOBBI ARIETA S.A.                           ";PUENTE DEL INCA 2050;950974;"10005BL        ";"SET DE 5 PIEZAS LINEA 10000 BLACK                                     ";1;1;1;23370582;140926164454508;183503478;;;;07/28/2031 00:00:00;1;13958657;14/09/2026 16:44:54;Maximiliano;Nievas;24646911;14/09/2026 11:17:46;6922;Franco;Potenza;Maximiliano Nievas;Franco Potenza
14247152;14/09/2026 16:44:54;3;2;0001  215277-1;03;CAMIONETA MIE 1;2092823;"GT08    ";"GRUPO GOBBI ARIETA S.A.                           ";PUENTE DEL INCA 2050;951397;"20020G         ";20020G - TOALLERO DE ARO GOLD LINEA PULSE;1;1;1;23370582;140926164454508;183518821;;;;07/31/2031 00:00:00;1;13958657;14/09/2026 16:44:54;Maximiliano;Nievas;24646911;14/09/2026 11:17:46;6922;Franco;Potenza;Maximiliano Nievas;Franco Potenza
14247152;14/09/2026 16:44:54;3;2;0001  215277-1;03;CAMIONETA MIE 1;2092823;"GT08    ";"GRUPO GOBBI ARIETA S.A.                           ";PUENTE DEL INCA 2050;951383;"20010G         ";20010G - TOALLERO BARRAL GOLD LINEA PULSE;1;1;1;23370582;140926164454508;183519046;;;;07/27/2031 00:00:00;1;13958657;14/09/2026 16:44:54;Maximiliano;Nievas;24646911;14/09/2026 11:17:46;6922;Franco;Potenza;Maximiliano Nievas;Franco Potenza
14247152;14/09/2026 16:44:54;3;2;0001  215277-1;03;CAMIONETA MIE 1;2092823;"GT08    ";"GRUPO GOBBI ARIETA S.A.                           ";PUENTE DEL INCA 2050;951318;"18040          ";18040 - PORTA ROLLO NIQUEL LINEA BEAT;1;1;1;23370582;140926164454508;183506348;;;;07/28/2031 00:00:00;1;13958657;14/09/2026 16:44:54;Maximiliano;Nievas;24646911;14/09/2026 11:17:46;6922;Franco;Potenza;Maximiliano Nievas;Franco Potenza
14247152;14/09/2026 16:44:54;3;2;0001  215277-1;03;CAMIONETA MIE 1;2092823;"GT08    ";"GRUPO GOBBI ARIETA S.A.                           ";PUENTE DEL INCA 2050;951304;"17040N         ";17040N - PORTA ROLLO LINEA FABRIC BLACK;2;2;2;23370582;140926164454508;183501704;;;;07/29/2031 00:00:00;2;13958657;14/09/2026 16:44:54;Maximiliano;Nievas;24646911;14/09/2026 11:17:46;6922;Franco;Potenza;Maximiliano Nievas;Franco Potenza
14247152;14/09/2026 16:44:54;3;2;0001  215277-1;03;CAMIONETA MIE 1;2092823;"GT08    ";"GRUPO GOBBI ARIETA S.A.                           ";PUENTE DEL INCA 2050;951302;"17040C         ";17040C - PORTA ROLLO LINEA FABRIC CROMO;1;1;1;23370582;140926164454508;183517247;;;;07/29/2031 00:00:00;1;13958657;14/09/2026 16:44:54;Maximiliano;Nievas;24646911;14/09/2026 11:17:46;6922;Franco;Potenza;Maximiliano Nievas;Franco Potenza
14247152;14/09/2026 16:44:54;3;2;0001  215277-1;03;CAMIONETA MIE 1;2092823;"GT08    ";"GRUPO GOBBI ARIETA S.A.                           ";PUENTE DEL INCA 2050;951298;"17020N         ";17020N - TOALLERO DE ARO LINEA FABRIC BLACK;1;1;1;23370582;140926164454508;183501482;;;;07/29/2031 00:00:00;1;13958657;14/09/2026 16:44:54;Maximiliano;Nievas;24646911;14/09/2026 11:17:46;6922;Franco;Potenza;Maximiliano Nievas;Franco Potenza
14247152;14/09/2026 16:44:54;3;2;0001  215277-1;03;CAMIONETA MIE 1;2092823;"GT08    ";"GRUPO GOBBI ARIETA S.A.                           ";PUENTE DEL INCA 2050;951293;"17010C         ";17010C - TOALLERO BARRAL LINEA FABRIC CROMO;2;2;2;23370582;140926164454508;183519729;;;;07/27/2031 00:00:00;2;13958657;14/09/2026 16:44:54;Maximiliano;Nievas;24646911;14/09/2026 11:17:46;6922;Franco;Potenza;Maximiliano Nievas;Franco Potenza
14247152;14/09/2026 16:44:54;3;2;0001  215277-1;03;CAMIONETA MIE 1;2092823;"GT08    ";"GRUPO GOBBI ARIETA S.A.                           ";PUENTE DEL INCA 2050;951265;"16040BL        ";16040BL - PORTA ROLLO ACCESORIOS LINEA 16000 BLACK;3;3;3;23370582;140926164454508;183509333;;;;07/31/2031 00:00:00;3;13958657;14/09/2026 16:44:54;Maximiliano;Nievas;24646911;14/09/2026 11:17:46;6922;Franco;Potenza;Maximiliano Nievas;Franco Potenza
14247152;14/09/2026 16:44:54;3;2;0001  215277-1;03;CAMIONETA MIE 1;2092823;"GT08    ";"GRUPO GOBBI ARIETA S.A.                           ";PUENTE DEL INCA 2050;952714;"61-180         ";61-180 - LAVATORIO MONOCOMANDO ALTO VERA;2;2;2;23370582;140926164454508;183505765;;;;07/28/2031 00:00:00;2;13958657;14/09/2026 16:44:54;Maximiliano;Nievas;24646911;14/09/2026 11:17:46;6922;Franco;Potenza;Maximiliano Nievas;Franco Potenza
14247152;14/09/2026 16:44:54;3;2;0001  215277-1;03;CAMIONETA MIE 1;2092823;"GT08    ";"GRUPO GOBBI ARIETA S.A.                           ";PUENTE DEL INCA 2050;952708;"61-168         ";61-168 - LAVATORIO MONOC ALTO CR WAVE;3;3;3;23370582;140926164454508;183508683;;;;07/27/2031 00:00:00;3;13958657;14/09/2026 16:44:54;Maximiliano;Nievas;24646911;14/09/2026 11:17:46;6922;Franco;Potenza;Maximiliano Nievas;Franco Potenza
14247152;14/09/2026 16:44:54;3;2;0001  215277-1;03;CAMIONETA MIE 1;2092823;"GT08    ";"GRUPO GOBBI ARIETA S.A.                           ";PUENTE DEL INCA 2050;952672;"60-200C        ";60-200C - LAVATORIO MONOC BAJO CR FABRIC;1;1;1;23370582;140926164454508;183507242;;;;07/28/2031 00:00:00;1;13958657;14/09/2026 16:44:54;Maximiliano;Nievas;24646911;14/09/2026 11:17:46;6922;Franco;Potenza;Maximiliano Nievas;Franco Potenza
14247152;14/09/2026 16:44:54;3;2;0001  215277-1;03;CAMIONETA MIE 1;2092823;"GT08    ";"GRUPO GOBBI ARIETA S.A.                           ";PUENTE DEL INCA 2050;952650;"60-180         ";60-180 - LAVATORIO MONOCOMANDO BAJO VERA;1;1;1;23370582;140926164454508;183505950;;;;07/28/2031 00:00:00;1;13958657;14/09/2026 16:44:54;Maximiliano;Nievas;24646911;14/09/2026 11:17:46;6922;Franco;Potenza;Maximiliano Nievas;Franco Potenza
14247152;14/09/2026 16:44:54;3;2;0001  215277-1;03;CAMIONETA MIE 1;2092823;"GT08    ";"GRUPO GOBBI ARIETA S.A.                           ";PUENTE DEL INCA 2050;952637;"60-168         ";60-168 - LAVATORIO MONOC BAJO CR WAVE;1;1;1;23370582;140926164454508;183506753;;;;07/27/2031 00:00:00;1;13958657;14/09/2026 16:44:54;Maximiliano;Nievas;24646911;14/09/2026 11:17:46;6922;Franco;Potenza;Maximiliano Nievas;Franco Potenza
14247152;14/09/2026 16:44:54;3;2;0001  215277-1;03;CAMIONETA MIE 1;2092823;"GT08    ";"GRUPO GOBBI ARIETA S.A.                           ";PUENTE DEL INCA 2050;952499;"54-203         ";"COCINA PARED EXT C.CERAM ADRA MONOCOMANDO                             ";3;3;3;23370582;140926164454508;183502334;;;;02/18/2032 00:00:00;3;13958657;14/09/2026 16:44:54;Maximiliano;Nievas;24646911;14/09/2026 11:17:46;6922;Franco;Potenza;Maximiliano Nievas;Franco Potenza
14247152;14/09/2026 16:44:54;3;2;0001  215277-1;03;CAMIONETA MIE 1;2092823;"GT08    ";"GRUPO GOBBI ARIETA S.A.                           ";PUENTE DEL INCA 2050;952468;"52-121N        ";52-121N - GRIFERIA REBATIBLE LLENADO DE OLLAS MARBELLA BLACK;1;1;1;23370582;140926164454508;183507054;;;;07/28/2031 00:00:00;1;13958657;14/09/2026 16:44:54;Maximiliano;Nievas;24646911;14/09/2026 11:17:46;6922;Franco;Potenza;Maximiliano Nievas;Franco Potenza
14247152;14/09/2026 16:44:54;3;2;0001  215277-1;03;CAMIONETA MIE 1;2092823;"GT08    ";"GRUPO GOBBI ARIETA S.A.                           ";PUENTE DEL INCA 2050;951653;"22-178         ";22-178 - MONOCOMANDO DE COCINA P/AGUA FILTRADA VITA;8;8;8;23370582;140926164454508;183503109;;;;12/23/2031 00:00:00;8;13958657;14/09/2026 16:44:54;Maximiliano;Nievas;24646911;14/09/2026 11:17:46;6922;Franco;Potenza;Maximiliano Nievas;Franco Potenza
14247152;14/09/2026 16:44:54;3;2;0001  215277-1;03;CAMIONETA MIE 1;2092823;"GT08    ";"GRUPO GOBBI ARIETA S.A.                           ";PUENTE DEL INCA 2050;951485;"20-100G        ";20-100G - MONOCOMANDO DE COCINA FABRIC GOLD;2;2;2;23370582;140926164454508;183503740;;;;07/28/2031 00:00:00;2;13958657;14/09/2026 16:44:54;Maximiliano;Nievas;24646911;14/09/2026 11:17:46;6922;Franco;Potenza;Maximiliano Nievas;Franco Potenza
14247152;14/09/2026 16:44:54;3;2;0001  215277-1;03;CAMIONETA MIE 1;2092823;"GT08    ";"GRUPO GOBBI ARIETA S.A.                           ";PUENTE DEL INCA 2050;951425;"20040G         ";20040G - PORTA ROLLO GOLD LINEA PULSE;1;1;1;23370582;140926164454508;183519459;;;;07/31/2031 00:00:00;1;13958657;14/09/2026 16:44:54;Maximiliano;Nievas;24646911;14/09/2026 11:17:46;6922;Franco;Potenza;Maximiliano Nievas;Franco Potenza
14247152;14/09/2026 16:44:54;3;2;0001  215277-1;03;CAMIONETA MIE 1;2092823;"GT08    ";"GRUPO GOBBI ARIETA S.A.                           ";PUENTE DEL INCA 2050;951412;"20030GR        ";20030GR - PERCHA GRAFITO LINEA PULSE  ;2;2;2;23370582;140926164454508;183508322;;;;07/31/2031 00:00:00;2;13958657;14/09/2026 16:44:54;Maximiliano;Nievas;24646911;14/09/2026 11:17:46;6922;Franco;Potenza;Maximiliano Nievas;Franco Potenza
14247152;14/09/2026 16:44:54;3;2;0001  215277-1;03;CAMIONETA MIE 1;2092823;"GT08    ";"GRUPO GOBBI ARIETA S.A.                           ";PUENTE DEL INCA 2050;954804;"AB-001         ";AB-001 - AGARRADERA ACERO INOX CROMADO 30 CM SAFE;3;3;3;23370582;140926164454508;183510034;;;;07/28/2031 00:00:00;3;13958657;14/09/2026 16:44:54;Maximiliano;Nievas;24646911;14/09/2026 11:17:46;6922;Franco;Potenza;Maximiliano Nievas;Franco Potenza
14247152;14/09/2026 16:44:54;3;2;0001  215277-1;03;CAMIONETA MIE 1;2092823;"GT08    ";"GRUPO GOBBI ARIETA S.A.                           ";PUENTE DEL INCA 2050;953334;"84-203         ";"DUCHA EXT C/COLUMNA Y TRANSF CR ADRA                                  ";8;8;8;23370582;140926164454508;183515700;;;;12/02/2031 00:00:00;8;13958657;14/09/2026 16:44:54;Maximiliano;Nievas;24646911;14/09/2026 11:17:46;6922;Franco;Potenza;Maximiliano Nievas;Franco Potenza
14247152;14/09/2026 16:44:54;3;2;0001  215277-1;03;CAMIONETA MIE 1;2092823;"GT08    ";"GRUPO GOBBI ARIETA S.A.                           ";PUENTE DEL INCA 2050;953161;"80-205         ";80-205 - DUCHA EMB. C/TRANSF. MONOC STEEL;1;1;1;23370582;140926164454508;183512499;;;;08/11/2031 00:00:00;1;13958657;14/09/2026 16:44:54;Maximiliano;Nievas;24646911;14/09/2026 11:17:46;6922;Franco;Potenza;Maximiliano Nievas;Franco Potenza
14247152;14/09/2026 16:44:54;3;2;0001  215277-1;03;CAMIONETA MIE 1;2092823;"GT08    ";"GRUPO GOBBI ARIETA S.A.                           ";PUENTE DEL INCA 2050;953131;"80-183         ";"DUCHA EMB C/TRANSF MONOCOMANDO MAT                                    ";1;1;1;23370582;140926164454508;183516953;;;;11/02/2031 00:00:00;1;13958657;14/09/2026 16:44:54;Maximiliano;Nievas;24646911;14/09/2026 11:17:46;6922;Franco;Potenza;Maximiliano Nievas;Franco Potenza
14247152;14/09/2026 16:44:54;3;2;0001  215277-1;03;CAMIONETA MIE 1;2092823;"GT08    ";"GRUPO GOBBI ARIETA S.A.                           ";PUENTE DEL INCA 2050;952954;"70-203         ";70-203 - BIDE MONOCOMANDO ADRA;2;2;2;23370582;140926164454508;183518113;;;;07/29/2031 00:00:00;2;13958657;14/09/2026 16:44:54;Maximiliano;Nievas;24646911;14/09/2026 11:17:46;6922;Franco;Potenza;Maximiliano Nievas;Franco Potenza
14247152;14/09/2026 16:44:54;3;2;0001  215277-1;03;CAMIONETA MIE 1;2092823;"GT08    ";"GRUPO GOBBI ARIETA S.A.                           ";PUENTE DEL INCA 2050;952915;"70-168         ";70-168 - BIDE MONOC CR WAVE;1;1;1;23370582;140926164454508;183506911;;;;01/18/2032 00:00:00;1;13958657;14/09/2026 16:44:54;Maximiliano;Nievas;24646911;14/09/2026 11:17:46;6922;Franco;Potenza;Maximiliano Nievas;Franco Potenza
14247152;14/09/2026 16:44:54;3;2;0001  215277-1;03;CAMIONETA MIE 1;2092823;"GT08    ";"GRUPO GOBBI ARIETA S.A.                           ";PUENTE DEL INCA 2050;952726;"61-203         ";61-203 - LAVATORIO MONOCOMANDO ALTO ADRA;5;5;5;23373381;140926160424537;183521561;;;;01/20/2032 00:00:00;5;13957378;14/09/2026 16:04:24;Maximiliano;Nievas;24649718;14/09/2026 11:43:41;7827;Javier;Machado;Maximiliano Nievas;Javier Machado
14247152;14/09/2026 16:44:54;3;2;0001  215277-1;03;CAMIONETA MIE 1;2092823;"GT08    ";"GRUPO GOBBI ARIETA S.A.                           ";PUENTE DEL INCA 2050;952740;"62-100G        ";62-100G - LAVATORIO DE PARED GOLD C.CERAM FABRIC;3;3;3;23373381;140926160424537;183525721;;;;12/20/2031 00:00:00;3;13957378;14/09/2026 16:04:24;Maximiliano;Nievas;24649718;14/09/2026 11:43:41;7827;Javier;Machado;Maximiliano Nievas;Javier Machado
14247152;14/09/2026 16:44:54;3;2;0001  215277-1;03;CAMIONETA MIE 1;2092823;"GT08    ";"GRUPO GOBBI ARIETA S.A.                           ";PUENTE DEL INCA 2050;952741;"62-100N        ";62-100N - LAVATORIO DE PARED BLACK C.CERAM FABRIC;1;1;1;23373381;140926160424537;183525921;;;;11/05/2031 00:00:00;1;13957378;14/09/2026 16:04:24;Maximiliano;Nievas;24649718;14/09/2026 11:43:41;7827;Javier;Machado;Maximiliano Nievas;Javier Machado
14247152;14/09/2026 16:44:54;3;2;0001  215277-1;03;CAMIONETA MIE 1;2092823;"GT08    ";"GRUPO GOBBI ARIETA S.A.                           ";PUENTE DEL INCA 2050;952758;"62-162         ";62-162 - LAVATORIO DE PARED CR C.CERAM ADRA;2;2;2;23373381;140926160424537;183531027;;;;07/31/2031 00:00:00;2;13957378;14/09/2026 16:04:24;Maximiliano;Nievas;24649718;14/09/2026 11:43:41;7827;Javier;Machado;Maximiliano Nievas;Javier Machado
14247152;14/09/2026 16:44:54;3;2;0001  215277-1;03;CAMIONETA MIE 1;2092823;"GT08    ";"GRUPO GOBBI ARIETA S.A.                           ";PUENTE DEL INCA 2050;952765;"62-175DG       ";62-175DG - LAVATORIO DE PARED PULSE DARK GOLD C.CERAM;1;1;1;23373381;140926160424537;183527425;;;;07/31/2031 00:00:00;1;13957378;14/09/2026 16:04:24;Maximiliano;Nievas;24649718;14/09/2026 11:43:41;7827;Javier;Machado;Maximiliano Nievas;Javier Machado
14247152;14/09/2026 16:44:54;3;2;0001  215277-1;03;CAMIONETA MIE 1;2092823;"GT08    ";"GRUPO GOBBI ARIETA S.A.                           ";PUENTE DEL INCA 2050;952774;"62-190         ";62-190 - LAVATORIO PARED EMB. C.CERAM BLACK VELVET;1;1;1;23373381;140926160424537;183521907;;;;09/02/2031 00:00:00;1;13957378;14/09/2026 16:04:24;Maximiliano;Nievas;24649718;14/09/2026 11:43:41;7827;Javier;Machado;Maximiliano Nievas;Javier Machado
14247152;14/09/2026 16:44:54;3;2;0001  215277-1;03;CAMIONETA MIE 1;2092823;"GT08    ";"GRUPO GOBBI ARIETA S.A.                           ";PUENTE DEL INCA 2050;952873;"70-100C        ";70-100C - BIDE CR C.CERAM FABRIC;1;1;1;23373381;140926160424537;183524523;;;;07/31/2031 00:00:00;1;13957378;14/09/2026 16:04:24;Maximiliano;Nievas;24649718;14/09/2026 11:43:41;7827;Javier;Machado;Maximiliano Nievas;Javier Machado
14247152;14/09/2026 16:44:54;3;2;0001  215277-1;03;CAMIONETA MIE 1;2092823;"GT08    ";"GRUPO GOBBI ARIETA S.A.                           ";PUENTE DEL INCA 2050;952874;"70-100G        ";70-100G - BIDE GOLD C.CERAM FABRIC;1;1;1;23373381;140926160424537;183524836;;;;07/29/2031 00:00:00;1;13957378;14/09/2026 16:04:24;Maximiliano;Nievas;24649718;14/09/2026 11:43:41;7827;Javier;Machado;Maximiliano Nievas;Javier Machado
14247152;14/09/2026 16:44:54;3;2;0001  215277-1;03;CAMIONETA MIE 1;2092823;"GT08    ";"GRUPO GOBBI ARIETA S.A.                           ";PUENTE DEL INCA 2050;952875;"70-100N        ";70-100N - BIDE BLACK C.CERAM FABRIC;1;1;1;23373381;140926160424537;183525037;;;;07/29/2031 00:00:00;1;13957378;14/09/2026 16:04:24;Maximiliano;Nievas;24649718;14/09/2026 11:43:41;7827;Javier;Machado;Maximiliano Nievas;Javier Machado
14247152;14/09/2026 16:44:54;3;2;0001  215277-1;03;CAMIONETA MIE 1;2092823;"GT08    ";"GRUPO GOBBI ARIETA S.A.                           ";PUENTE DEL INCA 2050;952909;"70-153         ";70-153 - BIDE CR C.CERAM CASTILLA;1;1;1;23373381;140926160424537;183522923;;;;10/20/2031 00:00:00;1;13957378;14/09/2026 16:04:24;Maximiliano;Nievas;24649718;14/09/2026 11:43:41;7827;Javier;Machado;Maximiliano Nievas;Javier Machado
14247152;14/09/2026 16:44:54;3;2;0001  215277-1;03;CAMIONETA MIE 1;2092823;"GT08    ";"GRUPO GOBBI ARIETA S.A.                           ";PUENTE DEL INCA 2050;952913;"70-162N        ";70-162N - BIDE BLACK C.CERAM LINEA ADRA;2;2;2;23373381;140926160424537;183522670;;;;12/08/2031 00:00:00;2;13957378;14/09/2026 16:04:24;Maximiliano;Nievas;24649718;14/09/2026 11:43:41;7827;Javier;Machado;Maximiliano Nievas;Javier Machado
14247152;14/09/2026 16:44:54;3;2;0001  215277-1;03;CAMIONETA MIE 1;2092823;"GT08    ";"GRUPO GOBBI ARIETA S.A.                           ";PUENTE DEL INCA 2050;952919;"70-175         ";70-175 - BIDE CR. C.CERAM PULSE;1;1;1;23373381;140926160424537;183528072;;;;07/31/2031 00:00:00;1;13957378;14/09/2026 16:04:24;Maximiliano;Nievas;24649718;14/09/2026 11:43:41;7827;Javier;Machado;Maximiliano Nievas;Javier Machado
14247152;14/09/2026 16:44:54;3;2;0001  215277-1;03;CAMIONETA MIE 1;2092823;"GT08    ";"GRUPO GOBBI ARIETA S.A.                           ";PUENTE DEL INCA 2050;952921;"70-175DG       ";70-175DG - BIDE PULSE DARK GOLD C.CERAM;1;1;1;23373381;140926160424537;183528360;;;;07/31/2031 00:00:00;1;13957378;14/09/2026 16:04:24;Maximiliano;Nievas;24649718;14/09/2026 11:43:41;7827;Javier;Machado;Maximiliano Nievas;Javier Machado
14247152;14/09/2026 16:44:54;3;2;0001  215277-1;03;CAMIONETA MIE 1;2092823;"GT08    ";"GRUPO GOBBI ARIETA S.A.                           ";PUENTE DEL INCA 2050;952922;"70-175G        ";70-175G - BIDE GOLD C.CERAM PULSE;1;1;1;23373381;140926160424537;183529246;;;;11/25/2031 00:00:00;1;13957378;14/09/2026 16:04:24;Maximiliano;Nievas;24649718;14/09/2026 11:43:41;7827;Javier;Machado;Maximiliano Nievas;Javier Machado
14247152;14/09/2026 16:44:54;3;2;0001  215277-1;03;CAMIONETA MIE 1;2092823;"GT08    ";"GRUPO GOBBI ARIETA S.A.                           ";PUENTE DEL INCA 2050;952936;"70-190         ";70-190 - BIDE C.CERAM BLACK VELVET;2;2;2;23373381;140926160424537;183523783;;;;11/08/2031 00:00:00;2;13957378;14/09/2026 16:04:24;Maximiliano;Nievas;24649718;14/09/2026 11:43:41;7827;Javier;Machado;Maximiliano Nievas;Javier Machado
14247152;14/09/2026 16:44:54;3;2;0001  215277-1;03;CAMIONETA MIE 1;2092823;"GT08    ";"GRUPO GOBBI ARIETA S.A.                           ";PUENTE DEL INCA 2050;953104;"80-153         ";80-153 - DUCHA EMB. C/TRANSF. CR C.CERAM CASTILLA;1;1;1;23373381;140926160424537;183523037;;;;01/20/2032 00:00:00;1;13957378;14/09/2026 16:04:24;Maximiliano;Nievas;24649718;14/09/2026 11:43:41;7827;Javier;Machado;Maximiliano Nievas;Javier Machado
14247152;14/09/2026 16:44:54;3;2;0001  215277-1;03;CAMIONETA MIE 1;2092823;"GT08    ";"GRUPO GOBBI ARIETA S.A.                           ";PUENTE DEL INCA 2050;953118;"80-175DG       ";80-175DG - DUCHA EMB C/TRANSF. PULSE DARK GOLD C.CERAM;1;1;1;23373381;140926160424537;183527802;;;;10/19/2031 00:00:00;1;13957378;14/09/2026 16:04:24;Maximiliano;Nievas;24649718;14/09/2026 11:43:41;7827;Javier;Machado;Maximiliano Nievas;Javier Machado
14247152;14/09/2026 16:44:54;3;2;0001  215277-1;03;CAMIONETA MIE 1;2092823;"GT08    ";"GRUPO GOBBI ARIETA S.A.                           ";PUENTE DEL INCA 2050;953136;"80-190P        ";80-190P - DUCHA EMB. C/TRANSF. C.CERAM BLACK VELVET PLUS;1;1;1;23373381;140926160424537;183523460;;;;07/30/2031 00:00:00;1;13957378;14/09/2026 16:04:24;Maximiliano;Nievas;24649718;14/09/2026 11:43:41;7827;Javier;Machado;Maximiliano Nievas;Javier Machado
14247152;14/09/2026 16:44:54;3;2;0001  215277-1;03;CAMIONETA MIE 1;2092823;"GT08    ";"GRUPO GOBBI ARIETA S.A.                           ";PUENTE DEL INCA 2050;953152;"80-200C        ";80-200C - DUCHA EMB. MONOC. 3 FUNCIONES CR FABRIC;2;2;2;23373381;140926160424537;183529775;;;;12/14/2031 00:00:00;2;13957378;14/09/2026 16:04:24;Maximiliano;Nievas;24649718;14/09/2026 11:43:41;7827;Javier;Machado;Maximiliano Nievas;Javier Machado
14247152;14/09/2026 16:44:54;3;2;0001  215277-1;03;CAMIONETA MIE 1;2092823;"GT08    ";"GRUPO GOBBI ARIETA S.A.                           ";PUENTE DEL INCA 2050;953171;"80-353NI       ";80-353NI - DUCHA DE EMB 3 FUNCIONES BEAT NICKEL;1;1;1;23373381;140926160424537;183530604;;;;02/01/2032 00:00:00;1;13957378;14/09/2026 16:04:24;Maximiliano;Nievas;24649718;14/09/2026 11:43:41;7827;Javier;Machado;Maximiliano Nievas;Javier Machado
14247152;14/09/2026 16:44:54;3;2;0001  215277-1;03;CAMIONETA MIE 1;2092823;"GT08    ";"GRUPO GOBBI ARIETA S.A.                           ";PUENTE DEL INCA 2050;953346;"85-168         ";85-168 - DUCHA MONOC C/TRANSF Y DUCHADOR CR WAVE;1;1;1;23373381;140926160424537;183528751;;;;02/01/2032 00:00:00;1;13957378;14/09/2026 16:04:24;Maximiliano;Nievas;24649718;14/09/2026 11:43:41;7827;Javier;Machado;Maximiliano Nievas;Javier Machado
14247152;14/09/2026 16:44:54;3;2;0001  215277-1;03;CAMIONETA MIE 1;2092823;"GT08    ";"GRUPO GOBBI ARIETA S.A.                           ";PUENTE DEL INCA 2050;952449;"51-107         ";51-107 - JGO. MESADA CR C.CERAM BEDIA;3;3;3;23373381;140926160424537;183524132;;;;11/10/2031 00:00:00;3;13957378;14/09/2026 16:04:24;Maximiliano;Nievas;24649718;14/09/2026 11:43:41;7827;Javier;Machado;Maximiliano Nievas;Javier Machado
14247152;14/09/2026 16:44:54;3;2;0001  215277-1;03;CAMIONETA MIE 1;2092823;"GT08    ";"GRUPO GOBBI ARIETA S.A.                           ";PUENTE DEL INCA 2050;952608;"60-121         ";60-121 - LAVATORIO C.CERAM CR MARBELLA;2;2;2;23373381;140926160424537;183529088;;;;01/25/2032 00:00:00;2;13957378;14/09/2026 16:04:24;Maximiliano;Nievas;24649718;14/09/2026 11:43:41;7827;Javier;Machado;Maximiliano Nievas;Javier Machado
14247152;14/09/2026 16:44:54;3;2;0001  215277-1;03;CAMIONETA MIE 1;2092823;"GT08    ";"GRUPO GOBBI ARIETA S.A.                           ";PUENTE DEL INCA 2050;952631;"60-153         ";60-153 - LAVATORIO CR C.CERAMICO CASTILLA;1;1;1;23373381;140926160424537;183522873;;;;11/23/2031 00:00:00;1;13957378;14/09/2026 16:04:24;Maximiliano;Nievas;24649718;14/09/2026 11:43:41;7827;Javier;Machado;Maximiliano Nievas;Javier Machado
14247152;14/09/2026 16:44:54;3;2;0001  215277-1;03;CAMIONETA MIE 1;2092823;"GT08    ";"GRUPO GOBBI ARIETA S.A.                           ";PUENTE DEL INCA 2050;952644;"60-175G        ";60-175G - LAVATORIO GOLD C.CERAM PULSE;1;1;1;23373381;140926160424537;183531315;;;;11/16/2031 00:00:00;1;13957378;14/09/2026 16:04:24;Maximiliano;Nievas;24649718;14/09/2026 11:43:41;7827;Javier;Machado;Maximiliano Nievas;Javier Machado
14247152;14/09/2026 16:44:54;3;2;0001  215277-1;03;CAMIONETA MIE 1;2092823;"GT08    ";"GRUPO GOBBI ARIETA S.A.                           ";PUENTE DEL INCA 2050;952658;"60-190         ";60-190 - LAVATORIO C.CERAM BLACK VELVET;2;2;2;23373381;140926160424537;183522404;;;;08/12/2031 00:00:00;2;13957378;14/09/2026 16:04:24;Maximiliano;Nievas;24649718;14/09/2026 11:43:41;7827;Javier;Machado;Maximiliano Nievas;Javier Machado
14247153;15/09/2026 07:17:18;3;2;0001  215363-1;03;CAMIONETA MIE 1;2092823;"GT08    ";"GRUPO GOBBI ARIETA S.A.                           ";PUENTE DEL INCA 2050;954946;"BID104-1       ";"BIDE 1 AGUJERO BLANCO LINEA STONE                                     ";8;8;8;23374391;150926071717687;183530940;;;;10/26/2031 00:00:00;8;13962543;15/09/2026 07:17:17;Gustavo;Soderquvist;24650821;14/09/2026 11:57:08;6922;Franco;Potenza;Gustavo Soderquvist;Franco Potenza
14247153;15/09/2026 07:17:18;3;2;0001  215363-1;03;CAMIONETA MIE 1;2092823;"GT08    ";"GRUPO GOBBI ARIETA S.A.                           ";PUENTE DEL INCA 2050;954947;"BID104-3       ";"BIDE 3 AGUJEROS BLANCO LINEA STONE                                    ";3;3;3;23374391;150926071717687;183531823;;;;07/30/2031 00:00:00;3;13962543;15/09/2026 07:17:17;Gustavo;Soderquvist;24650821;14/09/2026 11:57:08;6922;Franco;Potenza;Gustavo Soderquvist;Franco Potenza
14247153;15/09/2026 07:17:18;3;2;0001  215363-1;03;CAMIONETA MIE 1;2092823;"GT08    ";"GRUPO GOBBI ARIETA S.A.                           ";PUENTE DEL INCA 2050;956415;"INO104-1       ";"INODORO BLANCO C/ASIENTO LINEA STONE                                  ";10;10;10;23374391;150926071717687;183536633;;;;01/20/2032 00:00:00;1;13962543;15/09/2026 07:17:17;Gustavo;Soderquvist;24650821;14/09/2026 11:57:08;6922;Franco;Potenza;Gustavo Soderquvist;Franco Potenza
14247153;15/09/2026 07:17:18;3;2;0001  215363-1;03;CAMIONETA MIE 1;2092823;"GT08    ";"GRUPO GOBBI ARIETA S.A.                           ";PUENTE DEL INCA 2050;956416;"INO104-2       ";"DEPOSITO C/DESCARGA DUAL BLANCO LINEA STONE                           ";10;10;10;23374391;150926071717687;183530373;;;;10/18/2031 00:00:00;10;13962543;15/09/2026 07:17:17;Gustavo;Soderquvist;24650821;14/09/2026 11:57:08;6922;Franco;Potenza;Gustavo Soderquvist;Franco Potenza
14247153;15/09/2026 07:17:18;3;2;0001  215363-1;03;CAMIONETA MIE 1;2092823;"GT08    ";"GRUPO GOBBI ARIETA S.A.                           ";PUENTE DEL INCA 2050;956415;"INO104-1       ";"INODORO BLANCO C/ASIENTO LINEA STONE                                  ";10;10;10;23395593;150926070303320;183699086;;;;01/20/2032 00:00:00;9;13962654;15/09/2026 07:03:03;Gustavo;Soderquvist;;;;;;Gustavo Soderquvist;
14247154;14/09/2026 12:18:15;3;2;0001  215427-1;03;CAMIONETA MIE 1;2092358;"ET02    ";"EL TEHUELCHE S.A.C.I.C.I.                         ";INTERSECCION RUTAS 43,16,18;952634;"60-162         ";60-162 - LAVATORIO CR C.CERAM LINEA ADRA;4;4;4;23366282;140926121814308;183472095;;;;07/29/2031 00:00:00;4;13950572;14/09/2026 12:18:14;Tiago;Rodriguez;24642913;14/09/2026 09:49:07;7807;Nicolas;Perez;Tiago Rodriguez;Nicolas Perez
14247154;14/09/2026 12:18:15;3;2;0001  215427-1;03;CAMIONETA MIE 1;2092358;"ET02    ";"EL TEHUELCHE S.A.C.I.C.I.                         ";INTERSECCION RUTAS 43,16,18;952912;"70-162         ";70-162 - BIDE CR C.CERAM LINEA ADRA;2;2;2;23366282;140926121814308;183472332;;;;07/29/2031 00:00:00;2;13950572;14/09/2026 12:18:14;Tiago;Rodriguez;24642913;14/09/2026 09:49:07;7807;Nicolas;Perez;Tiago Rodriguez;Nicolas Perez
14247154;14/09/2026 12:18:15;3;2;0001  215427-1;03;CAMIONETA MIE 1;2092358;"ET02    ";"EL TEHUELCHE S.A.C.I.C.I.                         ";INTERSECCION RUTAS 43,16,18;953032;"80-014         ";80-014 - DUCHA EMB. C/TRANSF. CR MORA STD;3;3;3;23366282;140926121814308;183474214;;;;07/29/2031 00:00:00;3;13950572;14/09/2026 12:18:14;Tiago;Rodriguez;24642913;14/09/2026 09:49:07;7807;Nicolas;Perez;Tiago Rodriguez;Nicolas Perez
14247154;14/09/2026 12:18:15;3;2;0001  215427-1;03;CAMIONETA MIE 1;2092358;"ET02    ";"EL TEHUELCHE S.A.C.I.C.I.                         ";INTERSECCION RUTAS 43,16,18;952896;"70-133         ";70-133 - BIDE MONOCOMANDO LUGO;4;4;4;23368695;140926121534065;183494039;;;;07/27/2031 00:00:00;4;13950372;14/09/2026 12:15:34;Tiago;Rodriguez;24645074;14/09/2026 10:45:41;7807;Nicolas;Perez;Tiago Rodriguez;Nicolas Perez
14247154;14/09/2026 12:18:15;3;2;0001  215427-1;03;CAMIONETA MIE 1;2092358;"ET02    ";"EL TEHUELCHE S.A.C.I.C.I.                         ";INTERSECCION RUTAS 43,16,18;953312;"83-133         ";83-133 - DUCHA EXT. C/TRANSF. MONOCOMANDO LUGO;4;4;4;23368695;140926121534065;183495428;;;;09/03/2031 00:00:00;4;13950372;14/09/2026 12:15:34;Tiago;Rodriguez;24645074;14/09/2026 10:45:41;7807;Nicolas;Perez;Tiago Rodriguez;Nicolas Perez
14247154;14/09/2026 12:18:15;3;2;0001  215427-1;03;CAMIONETA MIE 1;2092358;"ET02    ";"EL TEHUELCHE S.A.C.I.C.I.                         ";INTERSECCION RUTAS 43,16,18;951182;"1350G          ";"QUEINOX GAS MH. 1/2""x50 APROBADO POR IGA                              ";6;6;6;23376146;140926121335784;183489746;;;;07/31/2031 00:00:00;6;13950509;14/09/2026 12:13:35;Tiago;Rodriguez;;;;;;Tiago Rodriguez;
14247154;14/09/2026 12:18:15;3;2;0001  215427-1;03;CAMIONETA MIE 1;2092358;"ET02    ";"EL TEHUELCHE S.A.C.I.C.I.                         ";INTERSECCION RUTAS 43,16,18;951190;"1360G          ";"QUEINOX GAS MH 1/2""x60 APROBADO POR IGA                               ";6;6;6;23376146;140926121335784;183489438;;;;07/27/2031 00:00:00;6;13950509;14/09/2026 12:13:35;Tiago;Rodriguez;;;;;;Tiago Rodriguez;
14247154;14/09/2026 12:18:15;3;2;0001  215427-1;03;CAMIONETA MIE 1;2092358;"ET02    ";"EL TEHUELCHE S.A.C.I.C.I.                         ";INTERSECCION RUTAS 43,16,18;954678;"A842           ";A842 - DUCHADOR ANTICALCAREO 5 FUNCIONES C/SOPORTE Y FLEX;4;4;4;23376146;140926121335784;183500153;;;;07/28/2031 00:00:00;4;13950509;14/09/2026 12:13:35;Tiago;Rodriguez;;;;;;Tiago Rodriguez;
14247154;14/09/2026 12:18:15;3;2;0001  215427-1;03;CAMIONETA MIE 1;2092358;"ET02    ";"EL TEHUELCHE S.A.C.I.C.I.                         ";INTERSECCION RUTAS 43,16,18;952618;"60-133         ";60-133 - LAVATORIO MONOCOMANDO LUGO;2;2;2;23376205;140926121449775;183494650;;;;07/29/2031 00:00:00;2;13950534;14/09/2026 12:14:49;Tiago;Rodriguez;;;;;;Tiago Rodriguez;
14247154;14/09/2026 12:18:15;3;2;0001  215427-1;03;CAMIONETA MIE 1;2092358;"ET02    ";"EL TEHUELCHE S.A.C.I.C.I.                         ";INTERSECCION RUTAS 43,16,18;956483;"LG01C60        ";LG01C60 - LAVATORIO MONOC CR LUCERNA;6;6;6;23376205;140926121449775;183492536;;;;07/28/2031 00:00:00;6;13950534;14/09/2026 12:14:49;Tiago;Rodriguez;;;;;;Tiago Rodriguez;
14247154;14/09/2026 12:18:15;3;2;0001  215427-1;03;CAMIONETA MIE 1;2092358;"ET02    ";"EL TEHUELCHE S.A.C.I.C.I.                         ";INTERSECCION RUTAS 43,16,18;956493;"LG03N60        ";LG03N60 - LAVATORIO BLACK C.STD BERNA;4;4;4;23376320;140926121738278;183475959;;;;12/10/2031 00:00:00;4;13950606;14/09/2026 12:17:38;Tiago;Rodriguez;;;;;;Tiago Rodriguez;
14247154;14/09/2026 12:18:15;3;2;0001  215427-1;03;CAMIONETA MIE 1;2092358;"ET02    ";"EL TEHUELCHE S.A.C.I.C.I.                         ";INTERSECCION RUTAS 43,16,18;952551;"60-010         ";60-010 - LAVATORIO BL/CR LORCA;4;4;4;23376320;140926121738278;183472556;;;;12/07/2031 00:00:00;4;13950606;14/09/2026 12:17:38;Tiago;Rodriguez;;;;;;Tiago Rodriguez;
14247154;14/09/2026 12:18:15;3;2;0001  215427-1;03;CAMIONETA MIE 1;2092358;"ET02    ";"EL TEHUELCHE S.A.C.I.C.I.                         ";INTERSECCION RUTAS 43,16,18;952835;"70-014         ";70-014 - BIDE CR MORA STD;2;2;2;23376320;140926121738278;183474472;;;;01/17/2032 00:00:00;2;13950606;14/09/2026 12:17:38;Tiago;Rodriguez;;;;;;Tiago Rodriguez;
14247183;10/09/2026 10:42:29;3;2;0001  215148-1;14;RETIRA;2092693;"GG24    ";"G & G EXIMPORT SAS                                ";BERMUDEZ 3186;954902;"BCH02          ";BCH02 - BACHA DE APOYAR CIRCULAR 1 AG. 415x145;5;5;5;23292265;100926102450524;182906049;;;;07/27/2031 00:00:00;4;13900953;10/09/2026 10:24:50;Ivan;Goyena;24568795;10/09/2026 10:23:20;6404;Ivan;Goyena;Ivan Goyena;Ivan Goyena
14247183;10/09/2026 10:42:29;3;2;0001  215148-1;14;RETIRA;2092693;"GG24    ";"G & G EXIMPORT SAS                                ";BERMUDEZ 3186;952618;"60-133         ";60-133 - LAVATORIO MONOCOMANDO LUGO;5;5;5;23292283;100926104220826;182908634;;;;07/29/2031 00:00:00;5;13901546;10/09/2026 10:42:20;Gaston Alejandro;Kiriczuk;24568824;10/09/2026 10:36:44;6409;Gaston Alejandro;Kiriczuk;Gaston Alejandro Kiriczuk;Gaston Alejandro Kiriczuk
14247183;10/09/2026 10:42:29;3;2;0001  215148-1;14;RETIRA;2092693;"GG24    ";"G & G EXIMPORT SAS                                ";BERMUDEZ 3186;954902;"BCH02          ";BCH02 - BACHA DE APOYAR CIRCULAR 1 AG. 415x145;5;5;5;23292431;100926102356872;182906624;;;;07/27/2031 00:00:00;1;13900961;10/09/2026 10:23:56;Ivan;Goyena;;;;;;Ivan Goyena;
14247434;17/09/2026 10:08:36;3;2;0001  215114-1;01;EASY 18-09;2091589;"CE01    ";"CENCOSUD S.A.                                     ";SAN LORENZO 4153;951513;"20-122N        ";20-122N - MONOCOMANDO COCINA C/PICO EXTRAIBLE VALENCIA BLACK;71;71;71;23431034;170926010836500;183990538;;;;08/06/2031 00:00:00;71;14005659;17/09/2026 10:08:36;Mirko;Hernandez;24707138;16/09/2026 10:24:28;6414;Agustin;Scirica;Mirko Hernandez;Agustin Scirica
14247434;17/09/2026 10:08:36;3;2;0001  215114-1;01;EASY 18-09;2091589;"CE01    ";"CENCOSUD S.A.                                     ";SAN LORENZO 4153;952726;"61-203         ";61-203 - LAVATORIO MONOCOMANDO ALTO ADRA;47;47;47;23441915;160926072516031;184034940;;;;01/20/2032 00:00:00;3;13999219;16/09/2026 16:25:16;Mirko;Hernandez;24717481;16/09/2026 12:15:28;6419;Tiago;Rodriguez;Mirko Hernandez;Tiago Rodriguez
14247434;17/09/2026 10:08:36;3;2;0001  215114-1;01;EASY 18-09;2091589;"CE01    ";"CENCOSUD S.A.                                     ";SAN LORENZO 4153;952677;"60-203         ";60-203 - LAVATORIO MONOCOMANDO BAJO ADRA;15;15;15;23457861;160926071346939;184154832;;;;02/16/2032 00:00:00;10;13999263;16/09/2026 16:13:46;Mirko;Hernandez;;;;;;Mirko Hernandez;
14247434;17/09/2026 10:08:36;3;2;0001  215114-1;01;EASY 18-09;2091589;"CE01    ";"CENCOSUD S.A.                                     ";SAN LORENZO 4153;952677;"60-203         ";60-203 - LAVATORIO MONOCOMANDO BAJO ADRA;15;15;15;23457890;160926071422524;184035405;;;;02/16/2032 00:00:00;5;13999284;16/09/2026 16:14:22;Mirko;Hernandez;;;;;;Mirko Hernandez;
14247434;17/09/2026 10:08:36;3;2;0001  215114-1;01;EASY 18-09;2091589;"CE01    ";"CENCOSUD S.A.                                     ";SAN LORENZO 4153;952726;"61-203         ";61-203 - LAVATORIO MONOCOMANDO ALTO ADRA;47;47;47;23457940;160926071507708;184155339;;;;01/20/2032 00:00:00;4;13999314;16/09/2026 16:15:07;Mirko;Hernandez;;;;;;Mirko Hernandez;
14247434;17/09/2026 10:08:36;3;2;0001  215114-1;01;EASY 18-09;2091589;"CE01    ";"CENCOSUD S.A.                                     ";SAN LORENZO 4153;952726;"61-203         ";61-203 - LAVATORIO MONOCOMANDO ALTO ADRA;47;47;47;23457968;160926071530916;184155498;;;;01/20/2032 00:00:00;4;13999329;16/09/2026 16:15:30;Mirko;Hernandez;;;;;;Mirko Hernandez;
14247434;17/09/2026 10:08:36;3;2;0001  215114-1;01;EASY 18-09;2091589;"CE01    ";"CENCOSUD S.A.                                     ";SAN LORENZO 4153;952726;"61-203         ";61-203 - LAVATORIO MONOCOMANDO ALTO ADRA;47;47;47;23458039;160926071633796;184155902;;;;01/20/2032 00:00:00;8;13999363;16/09/2026 16:16:33;Mirko;Hernandez;;;;;;Mirko Hernandez;
14247434;17/09/2026 10:08:36;3;2;0001  215114-1;01;EASY 18-09;2091589;"CE01    ";"CENCOSUD S.A.                                     ";SAN LORENZO 4153;952726;"61-203         ";61-203 - LAVATORIO MONOCOMANDO ALTO ADRA;47;47;47;23458368;160926072131852;184157790;;;;01/20/2032 00:00:00;4;13999539;16/09/2026 16:21:31;Mirko;Hernandez;;;;;;Mirko Hernandez;
14247434;17/09/2026 10:08:36;3;2;0001  215114-1;01;EASY 18-09;2091589;"CE01    ";"CENCOSUD S.A.                                     ";SAN LORENZO 4153;952726;"61-203         ";61-203 - LAVATORIO MONOCOMANDO ALTO ADRA;47;47;47;23458389;160926072158559;184157953;;;;01/20/2032 00:00:00;4;13999553;16/09/2026 16:21:58;Mirko;Hernandez;;;;;;Mirko Hernandez;
14247434;17/09/2026 10:08:36;3;2;0001  215114-1;01;EASY 18-09;2091589;"CE01    ";"CENCOSUD S.A.                                     ";SAN LORENZO 4153;952726;"61-203         ";61-203 - LAVATORIO MONOCOMANDO ALTO ADRA;47;47;47;23458432;160926072237349;184158189;;;;01/20/2032 00:00:00;4;13999567;16/09/2026 16:22:37;Mirko;Hernandez;;;;;;Mirko Hernandez;
14247434;17/09/2026 10:08:36;3;2;0001  215114-1;01;EASY 18-09;2091589;"CE01    ";"CENCOSUD S.A.                                     ";SAN LORENZO 4153;952726;"61-203         ";61-203 - LAVATORIO MONOCOMANDO ALTO ADRA;47;47;47;23458454;160926072303932;184158352;;;;01/20/2032 00:00:00;4;13999580;16/09/2026 16:23:03;Mirko;Hernandez;;;;;;Mirko Hernandez;
14247434;17/09/2026 10:08:36;3;2;0001  215114-1;01;EASY 18-09;2091589;"CE01    ";"CENCOSUD S.A.                                     ";SAN LORENZO 4153;952726;"61-203         ";61-203 - LAVATORIO MONOCOMANDO ALTO ADRA;47;47;47;23458485;160926072341322;184158597;;;;01/20/2032 00:00:00;4;13999606;16/09/2026 16:23:41;Mirko;Hernandez;;;;;;Mirko Hernandez;
14247434;17/09/2026 10:08:36;3;2;0001  215114-1;01;EASY 18-09;2091589;"CE01    ";"CENCOSUD S.A.                                     ";SAN LORENZO 4153;952726;"61-203         ";61-203 - LAVATORIO MONOCOMANDO ALTO ADRA;47;47;47;23458504;160926072415585;184158794;;;;01/20/2032 00:00:00;4;13999627;16/09/2026 16:24:15;Mirko;Hernandez;;;;;;Mirko Hernandez;
14247434;17/09/2026 10:08:36;3;2;0001  215114-1;01;EASY 18-09;2091589;"CE01    ";"CENCOSUD S.A.                                     ";SAN LORENZO 4153;952726;"61-203         ";61-203 - LAVATORIO MONOCOMANDO ALTO ADRA;47;47;47;23458523;160926072450457;184159001;;;;01/20/2032 00:00:00;4;13999653;16/09/2026 16:24:50;Mirko;Hernandez;;;;;;Mirko Hernandez;
14247434;17/09/2026 10:08:36;3;2;0001  215114-1;01;EASY 18-09;2091589;"CE01    ";"CENCOSUD S.A.                                     ";SAN LORENZO 4153;951532;"20-147         ";20-147 - MONOCOMANDO DE COCINA SWIFT;492;492;492;23470054;160926235710923;184241134;;;;07/29/2031 00:00:00;250;14005672;17/09/2026 08:57:10;Mirko;Hernandez;;;;;;Mirko Hernandez;
14247434;17/09/2026 10:08:36;3;2;0001  215114-1;01;EASY 18-09;2091589;"CE01    ";"CENCOSUD S.A.                                     ";SAN LORENZO 4153;951531;"20-146N        ";20-146N - MONOCOMANDO DE COCINA BLACK LINEA MOVE;159;159;159;23470839;170926001530499;184246871;;;;07/30/2031 00:00:00;3;14006181;17/09/2026 09:15:30;Mirko;Hernandez;;;;;;Mirko Hernandez;
14247434;17/09/2026 10:08:36;3;2;0001  215114-1;01;EASY 18-09;2091589;"CE01    ";"CENCOSUD S.A.                                     ";SAN LORENZO 4153;951532;"20-147         ";20-147 - MONOCOMANDO DE COCINA SWIFT;492;492;492;23470839;170926001530499;183961506;;;;07/29/2031 00:00:00;242;14006181;17/09/2026 09:15:30;Mirko;Hernandez;;;;;;Mirko Hernandez;
14247434;17/09/2026 10:08:36;3;2;0001  215114-1;01;EASY 18-09;2091589;"CE01    ";"CENCOSUD S.A.                                     ";SAN LORENZO 4153;951530;"20-146         ";20-146 - MONOCOMANDO DE COCINA CR LINEA MOVE;214;214;214;23470839;170926001530499;184246870;;;;11/23/2031 00:00:00;4;14006181;17/09/2026 09:15:30;Mirko;Hernandez;;;;;;Mirko Hernandez;
14247434;17/09/2026 10:08:36;3;2;0001  215114-1;01;EASY 18-09;2091589;"CE01    ";"CENCOSUD S.A.                                     ";SAN LORENZO 4153;951530;"20-146         ";20-146 - MONOCOMANDO DE COCINA CR LINEA MOVE;214;214;214;23471172;170926002156928;183998834;;;;11/23/2031 00:00:00;210;14006365;17/09/2026 09:21:56;Mirko;Hernandez;;;;;;Mirko Hernandez;
14247434;17/09/2026 10:08:36;3;2;0001  215114-1;01;EASY 18-09;2091589;"CE01    ";"CENCOSUD S.A.                                     ";SAN LORENZO 4153;951531;"20-146N        ";20-146N - MONOCOMANDO DE COCINA BLACK LINEA MOVE;159;159;159;23472944;170926005141318;183985259;;;;07/30/2031 00:00:00;156;14007255;17/09/2026 09:51:41;Mirko;Hernandez;;;;;;Mirko Hernandez;
14247434;17/09/2026 10:08:36;3;2;0001  215114-1;01;EASY 18-09;2091589;"CE01    ";"CENCOSUD S.A.                                     ";SAN LORENZO 4153;954225;"A1447C         ";"A1447C - FLOR DE DUCHA 4"" ABS CROMO C/BLISTER";132;132;132;23472944;170926005141318;184259257;;;;07/27/2031 00:00:00;42;14007255;17/09/2026 09:51:41;Mirko;Hernandez;;;;;;Mirko Hernandez;
14247434;17/09/2026 10:08:36;3;2;0001  215114-1;01;EASY 18-09;2091589;"CE01    ";"CENCOSUD S.A.                                     ";SAN LORENZO 4153;954226;"A1448C         ";"A1448C - CAÑO CURVO METALICO C/FLOR DE DUCHA 4"" ABS CR C/BLISTER";165;165;165;23472944;170926005141318;184259258;;;;08/13/2031 00:00:00;162;14007255;17/09/2026 09:51:41;Mirko;Hernandez;;;;;;Mirko Hernandez;
14247434;17/09/2026 10:08:36;3;2;0001  215114-1;01;EASY 18-09;2091589;"CE01    ";"CENCOSUD S.A.                                     ";SAN LORENZO 4153;951512;"20-122         ";"MONOCOMANDO COCINA CR C/PICO EXTRAIBLE VALENCIA                       ";78;78;78;23473869;170926010749478;183964712;;;;08/06/2031 00:00:00;78;14007794;17/09/2026 10:07:49;Mirko;Hernandez;;;;;;Mirko Hernandez;
14247434;17/09/2026 10:08:36;3;2;0001  215114-1;01;EASY 18-09;2091589;"CE01    ";"CENCOSUD S.A.                                     ";SAN LORENZO 4153;954227;"A1449C         ";A1449C - DUCHADOR MULTIFUNCION CROMO C/BLISTER;83;83;83;23473869;170926010749478;183966126;;;;07/27/2031 00:00:00;83;14007794;17/09/2026 10:07:49;Mirko;Hernandez;;;;;;Mirko Hernandez;
14247434;17/09/2026 10:08:36;3;2;0001  215114-1;01;EASY 18-09;2091589;"CE01    ";"CENCOSUD S.A.                                     ";SAN LORENZO 4153;954226;"A1448C         ";"A1448C - CAÑO CURVO METALICO C/FLOR DE DUCHA 4"" ABS CR C/BLISTER";165;165;165;23473869;170926010749478;183969090;;;;08/13/2031 00:00:00;3;14007794;17/09/2026 10:07:49;Mirko;Hernandez;;;;;;Mirko Hernandez;
14247434;17/09/2026 10:08:36;3;2;0001  215114-1;01;EASY 18-09;2091589;"CE01    ";"CENCOSUD S.A.                                     ";SAN LORENZO 4153;954225;"A1447C         ";"A1447C - FLOR DE DUCHA 4"" ABS CROMO C/BLISTER";132;132;132;23473869;170926010749478;183967767;;;;07/27/2031 00:00:00;90;14007794;17/09/2026 10:07:49;Mirko;Hernandez;;;;;;Mirko Hernandez;
14247526;14/09/2026 08:36:31;3;2;0001  215002-1;01;EASY 16-09;2091589;"CE01    ";"CENCOSUD S.A.                                     ";SAN LORENZO 4153;951508;"20-121         ";20-121 - COCINA MSDA MONOC.P. REDONDO MARBELLA;65;65;65;23339347;140926083630244;183264287;;;;07/30/2031 00:00:00;65;13943988;14/09/2026 08:36:30;Gustavo;Soderquvist;24614858;11/09/2026 14:44:20;6867;Javier;Lescano;Gustavo Soderquvist;Javier Lescano
14247526;14/09/2026 08:36:31;3;2;0001  215002-1;01;EASY 16-09;2091589;"CE01    ";"CENCOSUD S.A.                                     ";SAN LORENZO 4153;952618;"60-133         ";60-133 - LAVATORIO MONOCOMANDO LUGO;45;45;45;23339347;140926083630244;183261815;;;;07/29/2031 00:00:00;45;13943988;14/09/2026 08:36:30;Gustavo;Soderquvist;24614858;11/09/2026 14:44:20;6867;Javier;Lescano;Gustavo Soderquvist;Javier Lescano
14247526;14/09/2026 08:36:31;3;2;0001  215002-1;01;EASY 16-09;2091589;"CE01    ";"CENCOSUD S.A.                                     ";SAN LORENZO 4153;952896;"70-133         ";70-133 - BIDE MONOCOMANDO LUGO;65;65;65;23339347;140926083630244;183264925;;;;07/27/2031 00:00:00;65;13943988;14/09/2026 08:36:30;Gustavo;Soderquvist;24614858;11/09/2026 14:44:20;6867;Javier;Lescano;Gustavo Soderquvist;Javier Lescano
14247526;14/09/2026 08:36:31;3;2;0001  215002-1;01;EASY 16-09;2091589;"CE01    ";"CENCOSUD S.A.                                     ";SAN LORENZO 4153;953605;"A019           ";"SOPORTE P/DUCHADOR CROMO C/BLISTER                                    ";15;15;15;23339347;140926083630244;183266472;;;;07/28/2031 00:00:00;15;13943988;14/09/2026 08:36:30;Gustavo;Soderquvist;24614858;11/09/2026 14:44:20;6867;Javier;Lescano;Gustavo Soderquvist;Javier Lescano
14247526;14/09/2026 08:36:31;3;2;0001  215002-1;01;EASY 16-09;2091589;"CE01    ";"CENCOSUD S.A.                                     ";SAN LORENZO 4153;953402;"90-025         ";90-025 - PACK GRIF BL BASICA PLUS (Lavatorio-Bide-Ducha c/t;68;68;68;23354413;140926065414222;183391131;;;;07/27/2031 00:00:00;4;13942350;14/09/2026 06:54:14;Tiago;Rodriguez;24630941;12/09/2026 10:50:02;6584;Luis Alberto;Villareal;Tiago Rodriguez;Luis Alberto Villareal
14247526;14/09/2026 08:36:31;3;2;0001  215002-1;01;EASY 16-09;2091589;"CE01    ";"CENCOSUD S.A.                                     ";SAN LORENZO 4153;953040;"80-025         ";80-025 - DUCHA EMB.C/TRANSF.BL BASICA PLUS;100;100;100;23360874;140926061920383;183433721;;;;11/25/2031 00:00:00;10;13942352;14/09/2026 06:19:20;Tiago;Rodriguez;;;;;;Tiago Rodriguez;
14247526;14/09/2026 08:36:31;3;2;0001  215002-1;01;EASY 16-09;2091589;"CE01    ";"CENCOSUD S.A.                                     ";SAN LORENZO 4153;953040;"80-025         ";80-025 - DUCHA EMB.C/TRANSF.BL BASICA PLUS;100;100;100;23360926;140926062346006;183434009;;;;11/25/2031 00:00:00;10;13942371;14/09/2026 06:23:46;Tiago;Rodriguez;;;;;;Tiago Rodriguez;
14247526;14/09/2026 08:36:31;3;2;0001  215002-1;01;EASY 16-09;2091589;"CE01    ";"CENCOSUD S.A.                                     ";SAN LORENZO 4153;953040;"80-025         ";80-025 - DUCHA EMB.C/TRANSF.BL BASICA PLUS;100;100;100;23360931;140926062456744;183434104;;;;11/25/2031 00:00:00;10;13942377;14/09/2026 06:24:56;Tiago;Rodriguez;;;;;;Tiago Rodriguez;
14247526;14/09/2026 08:36:31;3;2;0001  215002-1;01;EASY 16-09;2091589;"CE01    ";"CENCOSUD S.A.                                     ";SAN LORENZO 4153;953040;"80-025         ";80-025 - DUCHA EMB.C/TRANSF.BL BASICA PLUS;100;100;100;23360938;140926062538273;183434156;;;;11/25/2031 00:00:00;10;13942379;14/09/2026 06:25:38;Tiago;Rodriguez;;;;;;Tiago Rodriguez;
14247526;14/09/2026 08:36:31;3;2;0001  215002-1;01;EASY 16-09;2091589;"CE01    ";"CENCOSUD S.A.                                     ";SAN LORENZO 4153;953040;"80-025         ";80-025 - DUCHA EMB.C/TRANSF.BL BASICA PLUS;100;100;100;23360952;140926062636335;183434230;;;;11/25/2031 00:00:00;10;13942381;14/09/2026 06:26:36;Tiago;Rodriguez;;;;;;Tiago Rodriguez;
14247526;14/09/2026 08:36:31;3;2;0001  215002-1;01;EASY 16-09;2091589;"CE01    ";"CENCOSUD S.A.                                     ";SAN LORENZO 4153;953040;"80-025         ";80-025 - DUCHA EMB.C/TRANSF.BL BASICA PLUS;100;100;100;23360960;140926062722753;183434319;;;;11/25/2031 00:00:00;10;13942383;14/09/2026 06:27:22;Tiago;Rodriguez;;;;;;Tiago Rodriguez;
14247526;14/09/2026 08:36:31;3;2;0001  215002-1;01;EASY 16-09;2091589;"CE01    ";"CENCOSUD S.A.                                     ";SAN LORENZO 4153;953040;"80-025         ";80-025 - DUCHA EMB.C/TRANSF.BL BASICA PLUS;100;100;100;23360972;140926062807084;183434365;;;;11/25/2031 00:00:00;10;13942387;14/09/2026 06:28:07;Tiago;Rodriguez;;;;;;Tiago Rodriguez;
14247526;14/09/2026 08:36:31;3;2;0001  215002-1;01;EASY 16-09;2091589;"CE01    ";"CENCOSUD S.A.                                     ";SAN LORENZO 4153;953040;"80-025         ";80-025 - DUCHA EMB.C/TRANSF.BL BASICA PLUS;100;100;100;23360984;140926062852745;183434425;;;;11/25/2031 00:00:00;10;13942392;14/09/2026 06:28:52;Tiago;Rodriguez;;;;;;Tiago Rodriguez;
14247526;14/09/2026 08:36:31;3;2;0001  215002-1;01;EASY 16-09;2091589;"CE01    ";"CENCOSUD S.A.                                     ";SAN LORENZO 4153;953040;"80-025         ";80-025 - DUCHA EMB.C/TRANSF.BL BASICA PLUS;100;100;100;23360999;140926062937767;183434479;;;;11/25/2031 00:00:00;10;13942395;14/09/2026 06:29:37;Tiago;Rodriguez;;;;;;Tiago Rodriguez;
14247526;14/09/2026 08:36:31;3;2;0001  215002-1;01;EASY 16-09;2091589;"CE01    ";"CENCOSUD S.A.                                     ";SAN LORENZO 4153;953040;"80-025         ";80-025 - DUCHA EMB.C/TRANSF.BL BASICA PLUS;100;100;100;23361003;140926063023946;183388293;;;;11/25/2031 00:00:00;10;13942398;14/09/2026 06:30:23;Tiago;Rodriguez;;;;;;Tiago Rodriguez;
14247526;14/09/2026 08:36:31;3;2;0001  215002-1;01;EASY 16-09;2091589;"CE01    ";"CENCOSUD S.A.                                     ";SAN LORENZO 4153;953202;"81-023         ";81-023 - DUCHA EMB. S/TRANSF. BL/CR ARES PLUS;45;45;45;23361008;140926063104082;183434568;;;;07/29/2031 00:00:00;5;13942400;14/09/2026 06:31:04;Tiago;Rodriguez;;;;;;Tiago Rodriguez;
14247526;14/09/2026 08:36:31;3;2;0001  215002-1;01;EASY 16-09;2091589;"CE01    ";"CENCOSUD S.A.                                     ";SAN LORENZO 4153;953202;"81-023         ";81-023 - DUCHA EMB. S/TRANSF. BL/CR ARES PLUS;45;45;45;23361012;140926063135524;183434599;;;;07/29/2031 00:00:00;5;13942403;14/09/2026 06:31:35;Tiago;Rodriguez;;;;;;Tiago Rodriguez;
14247526;14/09/2026 08:36:31;3;2;0001  215002-1;01;EASY 16-09;2091589;"CE01    ";"CENCOSUD S.A.                                     ";SAN LORENZO 4153;953202;"81-023         ";81-023 - DUCHA EMB. S/TRANSF. BL/CR ARES PLUS;45;45;45;23361013;140926063210894;183434625;;;;07/29/2031 00:00:00;5;13942407;14/09/2026 06:32:10;Tiago;Rodriguez;;;;;;Tiago Rodriguez;
14247526;14/09/2026 08:36:31;3;2;0001  215002-1;01;EASY 16-09;2091589;"CE01    ";"CENCOSUD S.A.                                     ";SAN LORENZO 4153;953202;"81-023         ";81-023 - DUCHA EMB. S/TRANSF. BL/CR ARES PLUS;45;45;45;23361024;140926063241405;183434664;;;;07/29/2031 00:00:00;5;13942410;14/09/2026 06:32:41;Tiago;Rodriguez;;;;;;Tiago Rodriguez;
14247526;14/09/2026 08:36:31;3;2;0001  215002-1;01;EASY 16-09;2091589;"CE01    ";"CENCOSUD S.A.                                     ";SAN LORENZO 4153;953202;"81-023         ";81-023 - DUCHA EMB. S/TRANSF. BL/CR ARES PLUS;45;45;45;23361031;140926063315054;183434695;;;;07/29/2031 00:00:00;5;13942412;14/09/2026 06:33:15;Tiago;Rodriguez;;;;;;Tiago Rodriguez;
14247526;14/09/2026 08:36:31;3;2;0001  215002-1;01;EASY 16-09;2091589;"CE01    ";"CENCOSUD S.A.                                     ";SAN LORENZO 4153;953202;"81-023         ";81-023 - DUCHA EMB. S/TRANSF. BL/CR ARES PLUS;45;45;45;23361034;140926063348337;183434732;;;;07/29/2031 00:00:00;5;13942413;14/09/2026 06:33:48;Tiago;Rodriguez;;;;;;Tiago Rodriguez;
14247526;14/09/2026 08:36:31;3;2;0001  215002-1;01;EASY 16-09;2091589;"CE01    ";"CENCOSUD S.A.                                     ";SAN LORENZO 4153;953202;"81-023         ";81-023 - DUCHA EMB. S/TRANSF. BL/CR ARES PLUS;45;45;45;23361045;140926063421312;183434763;;;;07/29/2031 00:00:00;5;13942417;14/09/2026 06:34:21;Tiago;Rodriguez;;;;;;Tiago Rodriguez;
14247526;14/09/2026 08:36:31;3;2;0001  215002-1;01;EASY 16-09;2091589;"CE01    ";"CENCOSUD S.A.                                     ";SAN LORENZO 4153;953202;"81-023         ";81-023 - DUCHA EMB. S/TRANSF. BL/CR ARES PLUS;45;45;45;23361047;140926063454829;183434798;;;;07/29/2031 00:00:00;5;13942420;14/09/2026 06:34:54;Tiago;Rodriguez;;;;;;Tiago Rodriguez;
14247526;14/09/2026 08:36:31;3;2;0001  215002-1;01;EASY 16-09;2091589;"CE01    ";"CENCOSUD S.A.                                     ";SAN LORENZO 4153;953202;"81-023         ";81-023 - DUCHA EMB. S/TRANSF. BL/CR ARES PLUS;45;45;45;23361056;140926063529339;183391804;;;;07/29/2031 00:00:00;5;13942422;14/09/2026 06:35:29;Tiago;Rodriguez;;;;;;Tiago Rodriguez;
14247526;14/09/2026 08:36:31;3;2;0001  215002-1;01;EASY 16-09;2091589;"CE01    ";"CENCOSUD S.A.                                     ";SAN LORENZO 4153;952391;"50-026         ";50-026 - JGO.MDA.P.FUNDIDO MURCIA PLUS;5;5;5;23361061;140926063607019;183392119;;;;01/12/2032 00:00:00;5;13942427;14/09/2026 06:36:07;Tiago;Rodriguez;;;;;;Tiago Rodriguez;
14247526;14/09/2026 08:36:31;3;2;0001  215002-1;01;EASY 16-09;2091589;"CE01    ";"CENCOSUD S.A.                                     ";SAN LORENZO 4153;952843;"70-025         ";70-025 - BIDE BLANCO BASICA PLUS;70;70;70;23361066;140926063652947;183434908;;;;11/19/2031 00:00:00;10;13942430;14/09/2026 06:36:52;Tiago;Rodriguez;;;;;;Tiago Rodriguez;
14247526;14/09/2026 08:36:31;3;2;0001  215002-1;01;EASY 16-09;2091589;"CE01    ";"CENCOSUD S.A.                                     ";SAN LORENZO 4153;952843;"70-025         ";70-025 - BIDE BLANCO BASICA PLUS;70;70;70;23361077;140926063738073;183434956;;;;11/19/2031 00:00:00;10;13942432;14/09/2026 06:37:38;Tiago;Rodriguez;;;;;;Tiago Rodriguez;
14247526;14/09/2026 08:36:31;3;2;0001  215002-1;01;EASY 16-09;2091589;"CE01    ";"CENCOSUD S.A.                                     ";SAN LORENZO 4153;952843;"70-025         ";70-025 - BIDE BLANCO BASICA PLUS;70;70;70;23361089;140926063819026;183435051;;;;11/19/2031 00:00:00;10;13942434;14/09/2026 06:38:19;Tiago;Rodriguez;;;;;;Tiago Rodriguez;
14247526;14/09/2026 08:36:31;3;2;0001  215002-1;01;EASY 16-09;2091589;"CE01    ";"CENCOSUD S.A.                                     ";SAN LORENZO 4153;952843;"70-025         ";70-025 - BIDE BLANCO BASICA PLUS;70;70;70;23361104;140926063903332;183435096;;;;11/19/2031 00:00:00;10;13942439;14/09/2026 06:39:03;Tiago;Rodriguez;;;;;;Tiago Rodriguez;
14247526;14/09/2026 08:36:31;3;2;0001  215002-1;01;EASY 16-09;2091589;"CE01    ";"CENCOSUD S.A.                                     ";SAN LORENZO 4153;952843;"70-025         ";70-025 - BIDE BLANCO BASICA PLUS;70;70;70;23361121;140926063952425;183435150;;;;11/19/2031 00:00:00;10;13942441;14/09/2026 06:39:52;Tiago;Rodriguez;;;;;;Tiago Rodriguez;
14247526;14/09/2026 08:36:31;3;2;0001  215002-1;01;EASY 16-09;2091589;"CE01    ";"CENCOSUD S.A.                                     ";SAN LORENZO 4153;952843;"70-025         ";70-025 - BIDE BLANCO BASICA PLUS;70;70;70;23361135;140926064040221;183435220;;;;11/19/2031 00:00:00;10;13942447;14/09/2026 06:40:40;Tiago;Rodriguez;;;;;;Tiago Rodriguez;
14247526;14/09/2026 08:36:31;3;2;0001  215002-1;01;EASY 16-09;2091589;"CE01    ";"CENCOSUD S.A.                                     ";SAN LORENZO 4153;952843;"70-025         ";70-025 - BIDE BLANCO BASICA PLUS;70;70;70;23361142;140926064117488;183388579;;;;11/19/2031 00:00:00;10;13942451;14/09/2026 06:41:17;Tiago;Rodriguez;;;;;;Tiago Rodriguez;
14247526;14/09/2026 08:36:31;3;2;0001  215002-1;01;EASY 16-09;2091589;"CE01    ";"CENCOSUD S.A.                                     ";SAN LORENZO 4153;952564;"60-025         ";60-025 - LAVATORIO BLANCO BASICA PLUS;40;40;40;23361158;140926064219279;183435333;;;;11/04/2031 00:00:00;10;13942459;14/09/2026 06:42:19;Tiago;Rodriguez;;;;;;Tiago Rodriguez;
14247526;14/09/2026 08:36:31;3;2;0001  215002-1;01;EASY 16-09;2091589;"CE01    ";"CENCOSUD S.A.                                     ";SAN LORENZO 4153;952564;"60-025         ";60-025 - LAVATORIO BLANCO BASICA PLUS;40;40;40;23361170;140926064258172;183435371;;;;11/04/2031 00:00:00;10;13942463;14/09/2026 06:42:58;Tiago;Rodriguez;;;;;;Tiago Rodriguez;
14247526;14/09/2026 08:36:31;3;2;0001  215002-1;01;EASY 16-09;2091589;"CE01    ";"CENCOSUD S.A.                                     ";SAN LORENZO 4153;952564;"60-025         ";60-025 - LAVATORIO BLANCO BASICA PLUS;40;40;40;23361184;140926064341274;183435440;;;;11/04/2031 00:00:00;10;13942464;14/09/2026 06:43:41;Tiago;Rodriguez;;;;;;Tiago Rodriguez;
14247526;14/09/2026 08:36:31;3;2;0001  215002-1;01;EASY 16-09;2091589;"CE01    ";"CENCOSUD S.A.                                     ";SAN LORENZO 4153;952564;"60-025         ";60-025 - LAVATORIO BLANCO BASICA PLUS;40;40;40;23361195;140926064422081;183389491;;;;11/04/2031 00:00:00;10;13942468;14/09/2026 06:44:22;Tiago;Rodriguez;;;;;;Tiago Rodriguez;
14247526;14/09/2026 08:36:31;3;2;0001  215002-1;01;EASY 16-09;2091589;"CE01    ";"CENCOSUD S.A.                                     ";SAN LORENZO 4153;953402;"90-025         ";90-025 - PACK GRIF BL BASICA PLUS (Lavatorio-Bide-Ducha c/t;68;68;68;23361208;140926064454184;183435563;;;;07/27/2031 00:00:00;4;13942469;14/09/2026 06:44:54;Tiago;Rodriguez;;;;;;Tiago Rodriguez;
14247526;14/09/2026 08:36:31;3;2;0001  215002-1;01;EASY 16-09;2091589;"CE01    ";"CENCOSUD S.A.                                     ";SAN LORENZO 4153;953402;"90-025         ";90-025 - PACK GRIF BL BASICA PLUS (Lavatorio-Bide-Ducha c/t;68;68;68;23361214;140926064530778;183435611;;;;07/27/2031 00:00:00;4;13942473;14/09/2026 06:45:30;Tiago;Rodriguez;;;;;;Tiago Rodriguez;
14247526;14/09/2026 08:36:31;3;2;0001  215002-1;01;EASY 16-09;2091589;"CE01    ";"CENCOSUD S.A.                                     ";SAN LORENZO 4153;953402;"90-025         ";90-025 - PACK GRIF BL BASICA PLUS (Lavatorio-Bide-Ducha c/t;68;68;68;23361221;140926064601517;183435655;;;;07/27/2031 00:00:00;4;13942477;14/09/2026 06:46:01;Tiago;Rodriguez;;;;;;Tiago Rodriguez;
14247526;14/09/2026 08:36:31;3;2;0001  215002-1;01;EASY 16-09;2091589;"CE01    ";"CENCOSUD S.A.                                     ";SAN LORENZO 4153;953402;"90-025         ";90-025 - PACK GRIF BL BASICA PLUS (Lavatorio-Bide-Ducha c/t;68;68;68;23361225;140926064628723;183435685;;;;07/27/2031 00:00:00;4;13942482;14/09/2026 06:46:28;Tiago;Rodriguez;;;;;;Tiago Rodriguez;
14247526;14/09/2026 08:36:31;3;2;0001  215002-1;01;EASY 16-09;2091589;"CE01    ";"CENCOSUD S.A.                                     ";SAN LORENZO 4153;953402;"90-025         ";90-025 - PACK GRIF BL BASICA PLUS (Lavatorio-Bide-Ducha c/t;68;68;68;23361229;140926064711463;183435741;;;;07/27/2031 00:00:00;4;13942486;14/09/2026 06:47:11;Tiago;Rodriguez;;;;;;Tiago Rodriguez;
14247526;14/09/2026 08:36:31;3;2;0001  215002-1;01;EASY 16-09;2091589;"CE01    ";"CENCOSUD S.A.                                     ";SAN LORENZO 4153;953402;"90-025         ";90-025 - PACK GRIF BL BASICA PLUS (Lavatorio-Bide-Ducha c/t;68;68;68;23361236;140926064744422;183435781;;;;07/27/2031 00:00:00;4;13942489;14/09/2026 06:47:44;Tiago;Rodriguez;;;;;;Tiago Rodriguez;
14247526;14/09/2026 08:36:31;3;2;0001  215002-1;01;EASY 16-09;2091589;"CE01    ";"CENCOSUD S.A.                                     ";SAN LORENZO 4153;953402;"90-025         ";90-025 - PACK GRIF BL BASICA PLUS (Lavatorio-Bide-Ducha c/t;68;68;68;23361241;140926064812828;183435814;;;;07/27/2031 00:00:00;4;13942490;14/09/2026 06:48:12;Tiago;Rodriguez;;;;;;Tiago Rodriguez;
14247526;14/09/2026 08:36:31;3;2;0001  215002-1;01;EASY 16-09;2091589;"CE01    ";"CENCOSUD S.A.                                     ";SAN LORENZO 4153;953402;"90-025         ";90-025 - PACK GRIF BL BASICA PLUS (Lavatorio-Bide-Ducha c/t;68;68;68;23361249;140926064906692;183435871;;;;07/27/2031 00:00:00;4;13942497;14/09/2026 06:49:06;Tiago;Rodriguez;;;;;;Tiago Rodriguez;
14247526;14/09/2026 08:36:31;3;2;0001  215002-1;01;EASY 16-09;2091589;"CE01    ";"CENCOSUD S.A.                                     ";SAN LORENZO 4153;953402;"90-025         ";90-025 - PACK GRIF BL BASICA PLUS (Lavatorio-Bide-Ducha c/t;68;68;68;23361254;140926064938505;183435913;;;;07/27/2031 00:00:00;4;13942499;14/09/2026 06:49:38;Tiago;Rodriguez;;;;;;Tiago Rodriguez;
14247526;14/09/2026 08:36:31;3;2;0001  215002-1;01;EASY 16-09;2091589;"CE01    ";"CENCOSUD S.A.                                     ";SAN LORENZO 4153;953402;"90-025         ";90-025 - PACK GRIF BL BASICA PLUS (Lavatorio-Bide-Ducha c/t;68;68;68;23361256;140926065018464;183435968;;;;07/27/2031 00:00:00;4;13942501;14/09/2026 06:50:18;Tiago;Rodriguez;;;;;;Tiago Rodriguez;
14247526;14/09/2026 08:36:31;3;2;0001  215002-1;01;EASY 16-09;2091589;"CE01    ";"CENCOSUD S.A.                                     ";SAN LORENZO 4153;953402;"90-025         ";90-025 - PACK GRIF BL BASICA PLUS (Lavatorio-Bide-Ducha c/t;68;68;68;23361264;140926065107859;183436024;;;;07/27/2031 00:00:00;4;13942504;14/09/2026 06:51:07;Tiago;Rodriguez;;;;;;Tiago Rodriguez;
14247526;14/09/2026 08:36:31;3;2;0001  215002-1;01;EASY 16-09;2091589;"CE01    ";"CENCOSUD S.A.                                     ";SAN LORENZO 4153;953402;"90-025         ";90-025 - PACK GRIF BL BASICA PLUS (Lavatorio-Bide-Ducha c/t;68;68;68;23361272;140926065147466;183436085;;;;07/27/2031 00:00:00;4;13942506;14/09/2026 06:51:47;Tiago;Rodriguez;;;;;;Tiago Rodriguez;
14247526;14/09/2026 08:36:31;3;2;0001  215002-1;01;EASY 16-09;2091589;"CE01    ";"CENCOSUD S.A.                                     ";SAN LORENZO 4153;953402;"90-025         ";90-025 - PACK GRIF BL BASICA PLUS (Lavatorio-Bide-Ducha c/t;68;68;68;23361281;140926065219979;183436130;;;;07/27/2031 00:00:00;4;13942510;14/09/2026 06:52:19;Tiago;Rodriguez;;;;;;Tiago Rodriguez;
14247526;14/09/2026 08:36:31;3;2;0001  215002-1;01;EASY 16-09;2091589;"CE01    ";"CENCOSUD S.A.                                     ";SAN LORENZO 4153;953402;"90-025         ";90-025 - PACK GRIF BL BASICA PLUS (Lavatorio-Bide-Ducha c/t;68;68;68;23361289;140926065251296;183436170;;;;07/27/2031 00:00:00;4;13942513;14/09/2026 06:52:51;Tiago;Rodriguez;;;;;;Tiago Rodriguez;
14247526;14/09/2026 08:36:31;3;2;0001  215002-1;01;EASY 16-09;2091589;"CE01    ";"CENCOSUD S.A.                                     ";SAN LORENZO 4153;953402;"90-025         ";90-025 - PACK GRIF BL BASICA PLUS (Lavatorio-Bide-Ducha c/t;68;68;68;23361291;140926065317415;183436204;;;;07/27/2031 00:00:00;4;13942519;14/09/2026 06:53:17;Tiago;Rodriguez;;;;;;Tiago Rodriguez;
14247526;14/09/2026 08:36:31;3;2;0001  215002-1;01;EASY 16-09;2091589;"CE01    ";"CENCOSUD S.A.                                     ";SAN LORENZO 4153;953402;"90-025         ";90-025 - PACK GRIF BL BASICA PLUS (Lavatorio-Bide-Ducha c/t;68;68;68;23361296;140926065344166;183436237;;;;07/27/2031 00:00:00;4;13942522;14/09/2026 06:53:44;Tiago;Rodriguez;;;;;;Tiago Rodriguez;
14247557;14/09/2026 09:41:23;3;2;0001  215006-1;01;EASY 16-09;2091589;"CE01    ";"CENCOSUD S.A.                                     ";SAN LORENZO 4153;952898;"70-135         ";70-135 - BIDE C.CERAM SANTANDER;45;45;45;23350656;120926112743554;183358469;;;;07/29/2031 00:00:00;45;13937522;12/09/2026 11:27:43;Agustin;Scirica;24626822;12/09/2026 08:10:25;6584;Luis Alberto;Villareal;Agustin Scirica;Luis Alberto Villareal
14247557;14/09/2026 09:41:23;3;2;0001  215006-1;01;EASY 16-09;2091589;"CE01    ";"CENCOSUD S.A.                                     ";SAN LORENZO 4153;952750;"62-135         ";62-135 - LAVATORIO P/PARED C.CERAM SANTANDER;10;10;10;23350656;120926112743554;183358753;;;;08/25/2031 00:00:00;10;13937522;12/09/2026 11:27:43;Agustin;Scirica;24626822;12/09/2026 08:10:25;6584;Luis Alberto;Villareal;Agustin Scirica;Luis Alberto Villareal
14247557;14/09/2026 09:41:23;3;2;0001  215006-1;01;EASY 16-09;2091589;"CE01    ";"CENCOSUD S.A.                                     ";SAN LORENZO 4153;952452;"51-122         ";51-122 - MESADA BIMANDO CR C.CERAM VALENCIA;93;93;93;23350656;120926112743554;183357767;;;;01/31/2032 00:00:00;54;13937522;12/09/2026 11:27:43;Agustin;Scirica;24626822;12/09/2026 08:10:25;6584;Luis Alberto;Villareal;Agustin Scirica;Luis Alberto Villareal
14247557;14/09/2026 09:41:23;3;2;0001  215006-1;01;EASY 16-09;2091589;"CE01    ";"CENCOSUD S.A.                                     ";SAN LORENZO 4153;953412;"90-057         ";90-057 - PACK GRIF.VERIN PLUS (Lavatorio-Bide-Ducha c/t);76;76;76;23350656;120926112743554;183357474;;;;11/19/2031 00:00:00;76;13937522;12/09/2026 11:27:43;Agustin;Scirica;24626822;12/09/2026 08:10:25;6584;Luis Alberto;Villareal;Agustin Scirica;Luis Alberto Villareal
14247557;14/09/2026 09:41:23;3;2;0001  215006-1;01;EASY 16-09;2091589;"CE01    ";"CENCOSUD S.A.                                     ";SAN LORENZO 4153;952939;"70-193         ";70-193 - BIDE MONOCOMANDO MORA;72;72;72;23350703;140926004122957;183358332;;;;07/28/2031 00:00:00;72;13945570;14/09/2026 09:41:22;Mirko;Hernandez;24626869;12/09/2026 06:40:20;7152;Mirko;Hernandez;Mirko Hernandez;Mirko Hernandez
14247557;14/09/2026 09:41:23;3;2;0001  215006-1;01;EASY 16-09;2091589;"CE01    ";"CENCOSUD S.A.                                     ";SAN LORENZO 4153;953319;"83-193         ";83-193 - DUCHA EXT. C/TRANSF. MONOCOMANDO MORA;84;84;84;23350703;140926004122957;183357880;;;;07/27/2031 00:00:00;84;13945570;14/09/2026 09:41:22;Mirko;Hernandez;24626869;12/09/2026 06:40:20;7152;Mirko;Hernandez;Mirko Hernandez;Mirko Hernandez
14247557;14/09/2026 09:41:23;3;2;0001  215006-1;01;EASY 16-09;2091589;"CE01    ";"CENCOSUD S.A.                                     ";SAN LORENZO 4153;952661;"60-193         ";60-193 - LAVATORIO MONOCOMANDO BAJO MORA;42;42;42;23350703;140926004122957;183358452;;;;07/28/2031 00:00:00;42;13945570;14/09/2026 09:41:22;Mirko;Hernandez;24626869;12/09/2026 06:40:20;7152;Mirko;Hernandez;Mirko Hernandez;Mirko Hernandez
14247557;14/09/2026 09:41:23;3;2;0001  215006-1;01;EASY 16-09;2091589;"CE01    ";"CENCOSUD S.A.                                     ";SAN LORENZO 4153;953226;"81-135         ";81-135 - DUCHA EMB. S/TRANSF. C.CERAM SANTANDER;54;54;54;23354318;120926100136978;183358688;;;;07/28/2031 00:00:00;54;13937864;12/09/2026 10:01:37;Agustin;Scirica;;;;;;Agustin Scirica;
14247557;14/09/2026 09:41:23;3;2;0001  215006-1;01;EASY 16-09;2091589;"CE01    ";"CENCOSUD S.A.                                     ";SAN LORENZO 4153;953089;"80-135         ";80-135 - DUCHA EMB. C/TRANSF. C.CERAM SANTANDER;69;69;69;23354318;120926100136978;183385381;;;;10/04/2031 00:00:00;66;13937864;12/09/2026 10:01:37;Agustin;Scirica;;;;;;Agustin Scirica;
14247557;14/09/2026 09:41:23;3;2;0001  215006-1;01;EASY 16-09;2091589;"CE01    ";"CENCOSUD S.A.                                     ";SAN LORENZO 4153;953089;"80-135         ";80-135 - DUCHA EMB. C/TRANSF. C.CERAM SANTANDER;69;69;69;23354901;120926102702081;183358224;;;;10/04/2031 00:00:00;3;13938266;12/09/2026 10:27:02;Agustin;Scirica;;;;;;Agustin Scirica;
14247557;14/09/2026 09:41:23;3;2;0001  215006-1;01;EASY 16-09;2091589;"CE01    ";"CENCOSUD S.A.                                     ";SAN LORENZO 4153;952452;"51-122         ";51-122 - MESADA BIMANDO CR C.CERAM VALENCIA;93;93;93;23354901;120926102702081;183389667;;;;01/31/2032 00:00:00;39;13938266;12/09/2026 10:27:02;Agustin;Scirica;;;;;;Agustin Scirica;
14247557;14/09/2026 09:41:23;3;2;0001  215006-1;01;EASY 16-09;2091589;"CE01    ";"CENCOSUD S.A.                                     ";SAN LORENZO 4153;952453;"51-131         ";51-131 - MESADA BIMANDO CR C.CERAM MALLORCA;78;78;78;23354901;120926102702081;183357963;;;;01/31/2032 00:00:00;78;13938266;12/09/2026 10:27:02;Agustin;Scirica;;;;;;Agustin Scirica;
14247599;17/09/2026 07:04:03;3;2;0001  215065-1;01;EASY 18-09;2091589;"CE01    ";"CENCOSUD S.A.                                     ";SAN LORENZO 4153;951329;"19050          ";19050 - JABONERA LINEA 19000;108;108;108;23439141;160926220402188;184027073;;;;11/10/2031 00:00:00;108;14003401;17/09/2026 07:04:02;Mirko;Hernandez;24714604;16/09/2026 11:15:37;6414;Agustin;Scirica;Mirko Hernandez;Agustin Scirica
14247599;17/09/2026 07:04:03;3;2;0001  215065-1;01;EASY 18-09;2091589;"CE01    ";"CENCOSUD S.A.                                     ";SAN LORENZO 4153;951327;"19030          ";19030 - PERCHA LINEA 19000;72;72;72;23439141;160926220402188;184033811;;;;07/29/2031 00:00:00;72;14003401;17/09/2026 07:04:02;Mirko;Hernandez;24714604;16/09/2026 11:15:37;6414;Agustin;Scirica;Mirko Hernandez;Agustin Scirica
14247599;17/09/2026 07:04:03;3;2;0001  215065-1;01;EASY 18-09;2091589;"CE01    ";"CENCOSUD S.A.                                     ";SAN LORENZO 4153;952711;"61-169N        ";61-169N - LAVATORIO MONOC ALTO BLACK PARIS;32;32;32;23439141;160926220402188;184018603;;;;01/06/2032 00:00:00;32;14003401;17/09/2026 07:04:02;Mirko;Hernandez;24714604;16/09/2026 11:15:37;6414;Agustin;Scirica;Mirko Hernandez;Agustin Scirica
14247599;17/09/2026 07:04:03;3;2;0001  215065-1;01;EASY 18-09;2091589;"CE01    ";"CENCOSUD S.A.                                     ";SAN LORENZO 4153;951330;"19060          ";19060 - VASO PORTA CEPILLO LINEA 19000;36;36;36;23439141;160926220402188;184028884;;;;07/30/2031 00:00:00;36;14003401;17/09/2026 07:04:02;Mirko;Hernandez;24714604;16/09/2026 11:15:37;6414;Agustin;Scirica;Mirko Hernandez;Agustin Scirica
14247599;17/09/2026 07:04:03;3;2;0001  215065-1;01;EASY 18-09;2091589;"CE01    ";"CENCOSUD S.A.                                     ";SAN LORENZO 4153;960226;"80-122N        ";"DUCHA EMB. C/TRANSF. BLACK C.CERAM VALENCIA                           ";12;12;12;23441343;160926213740744;184031179;;;;02/02/2032 00:00:00;4;14003213;17/09/2026 06:37:40;Mirko;Hernandez;24716877;16/09/2026 11:13:36;6419;Tiago;Rodriguez;Mirko Hernandez;Tiago Rodriguez
14247599;17/09/2026 07:04:03;3;2;0001  215065-1;01;EASY 18-09;2091589;"CE01    ";"CENCOSUD S.A.                                     ";SAN LORENZO 4153;960223;"60-122N        ";"LAVATORIO BLACK C.CERAM VALENCIA                                      ";30;30;30;23464739;160926211330878;184207096;;;;10/08/2031 00:00:00;6;14003222;17/09/2026 06:13:30;Mirko;Hernandez;;;;;;Mirko Hernandez;
14247599;17/09/2026 07:04:03;3;2;0001  215065-1;01;EASY 18-09;2091589;"CE01    ";"CENCOSUD S.A.                                     ";SAN LORENZO 4153;960223;"60-122N        ";"LAVATORIO BLACK C.CERAM VALENCIA                                      ";30;30;30;23464842;160926211958379;184207515;;;;10/08/2031 00:00:00;6;14003250;17/09/2026 06:19:58;Mirko;Hernandez;;;;;;Mirko Hernandez;
14247599;17/09/2026 07:04:03;3;2;0001  215065-1;01;EASY 18-09;2091589;"CE01    ";"CENCOSUD S.A.                                     ";SAN LORENZO 4153;960223;"60-122N        ";"LAVATORIO BLACK C.CERAM VALENCIA                                      ";30;30;30;23464849;160926212035413;184207551;;;;10/08/2031 00:00:00;6;14003254;17/09/2026 06:20:35;Mirko;Hernandez;;;;;;Mirko Hernandez;
14247599;17/09/2026 07:04:03;3;2;0001  215065-1;01;EASY 18-09;2091589;"CE01    ";"CENCOSUD S.A.                                     ";SAN LORENZO 4153;960223;"60-122N        ";"LAVATORIO BLACK C.CERAM VALENCIA                                      ";30;30;30;23464852;160926212058664;184207579;;;;10/08/2031 00:00:00;6;14003259;17/09/2026 06:20:58;Mirko;Hernandez;;;;;;Mirko Hernandez;
14247599;17/09/2026 07:04:03;3;2;0001  215065-1;01;EASY 18-09;2091589;"CE01    ";"CENCOSUD S.A.                                     ";SAN LORENZO 4153;960223;"60-122N        ";"LAVATORIO BLACK C.CERAM VALENCIA                                      ";30;30;30;23464859;160926212153788;184031971;;;;10/08/2031 00:00:00;6;14003266;17/09/2026 06:21:53;Mirko;Hernandez;;;;;;Mirko Hernandez;
14247599;17/09/2026 07:04:03;3;2;0001  215065-1;01;EASY 18-09;2091589;"CE01    ";"CENCOSUD S.A.                                     ";SAN LORENZO 4153;960225;"70-122N        ";"BIDE BLACK C.CERAM VALENCIA                                           ";6;6;6;23464871;160926212224296;184032136;;;;01/12/2032 00:00:00;6;14003271;17/09/2026 06:22:24;Mirko;Hernandez;;;;;;Mirko Hernandez;
14247599;17/09/2026 07:04:03;3;2;0001  215065-1;01;EASY 18-09;2091589;"CE01    ";"CENCOSUD S.A.                                     ";SAN LORENZO 4153;952864;"70-059LT       ";"BIDE BL/CR C.STD MALBA LITE                                           ";20;20;20;23464889;160926212308506;184207768;;;;01/11/2032 00:00:00;5;14003279;17/09/2026 06:23:08;Mirko;Hernandez;;;;;;Mirko Hernandez;
14247599;17/09/2026 07:04:03;3;2;0001  215065-1;01;EASY 18-09;2091589;"CE01    ";"CENCOSUD S.A.                                     ";SAN LORENZO 4153;952864;"70-059LT       ";"BIDE BL/CR C.STD MALBA LITE                                           ";20;20;20;23464918;160926212425959;184207865;;;;01/11/2032 00:00:00;5;14003287;17/09/2026 06:24:25;Mirko;Hernandez;;;;;;Mirko Hernandez;
14247599;17/09/2026 07:04:03;3;2;0001  215065-1;01;EASY 18-09;2091589;"CE01    ";"CENCOSUD S.A.                                     ";SAN LORENZO 4153;952864;"70-059LT       ";"BIDE BL/CR C.STD MALBA LITE                                           ";20;20;20;23464932;160926212457643;184207915;;;;01/11/2032 00:00:00;5;14003294;17/09/2026 06:24:57;Mirko;Hernandez;;;;;;Mirko Hernandez;
14247599;17/09/2026 07:04:03;3;2;0001  215065-1;01;EASY 18-09;2091589;"CE01    ";"CENCOSUD S.A.                                     ";SAN LORENZO 4153;952864;"70-059LT       ";"BIDE BL/CR C.STD MALBA LITE                                           ";20;20;20;23464952;160926212546968;184032795;;;;01/11/2032 00:00:00;5;14003302;17/09/2026 06:25:46;Mirko;Hernandez;;;;;;Mirko Hernandez;
14247599;17/09/2026 07:04:03;3;2;0001  215065-1;01;EASY 18-09;2091589;"CE01    ";"CENCOSUD S.A.                                     ";SAN LORENZO 4153;952585;"60-059LT       ";"LAVATORIO BL/CR C.STD MALBA LITE                                      ";35;35;35;23464961;160926212621210;184208032;;;;01/18/2032 00:00:00;5;14003306;17/09/2026 06:26:21;Mirko;Hernandez;;;;;;Mirko Hernandez;
14247599;17/09/2026 07:04:03;3;2;0001  215065-1;01;EASY 18-09;2091589;"CE01    ";"CENCOSUD S.A.                                     ";SAN LORENZO 4153;952585;"60-059LT       ";"LAVATORIO BL/CR C.STD MALBA LITE                                      ";35;35;35;23464969;160926212659038;184208085;;;;01/18/2032 00:00:00;5;14003309;17/09/2026 06:26:59;Mirko;Hernandez;;;;;;Mirko Hernandez;
14247599;17/09/2026 07:04:03;3;2;0001  215065-1;01;EASY 18-09;2091589;"CE01    ";"CENCOSUD S.A.                                     ";SAN LORENZO 4153;952585;"60-059LT       ";"LAVATORIO BL/CR C.STD MALBA LITE                                      ";35;35;35;23464982;160926212801309;184208190;;;;01/18/2032 00:00:00;5;14003313;17/09/2026 06:28:01;Mirko;Hernandez;;;;;;Mirko Hernandez;
14247599;17/09/2026 07:04:03;3;2;0001  215065-1;01;EASY 18-09;2091589;"CE01    ";"CENCOSUD S.A.                                     ";SAN LORENZO 4153;952585;"60-059LT       ";"LAVATORIO BL/CR C.STD MALBA LITE                                      ";35;35;35;23465065;160926213428216;184208748;;;;01/18/2032 00:00:00;5;14003369;17/09/2026 06:34:28;Mirko;Hernandez;;;;;;Mirko Hernandez;
14247599;17/09/2026 07:04:03;3;2;0001  215065-1;01;EASY 18-09;2091589;"CE01    ";"CENCOSUD S.A.                                     ";SAN LORENZO 4153;952585;"60-059LT       ";"LAVATORIO BL/CR C.STD MALBA LITE                                      ";35;35;35;23465070;160926213501423;184208811;;;;01/18/2032 00:00:00;5;14003374;17/09/2026 06:35:01;Mirko;Hernandez;;;;;;Mirko Hernandez;
14247599;17/09/2026 07:04:03;3;2;0001  215065-1;01;EASY 18-09;2091589;"CE01    ";"CENCOSUD S.A.                                     ";SAN LORENZO 4153;952585;"60-059LT       ";"LAVATORIO BL/CR C.STD MALBA LITE                                      ";35;35;35;23465072;160926213510705;184208824;;;;01/18/2032 00:00:00;5;14003376;17/09/2026 06:35:10;Mirko;Hernandez;;;;;;Mirko Hernandez;
14247599;17/09/2026 07:04:03;3;2;0001  215065-1;01;EASY 18-09;2091589;"CE01    ";"CENCOSUD S.A.                                     ";SAN LORENZO 4153;952585;"60-059LT       ";"LAVATORIO BL/CR C.STD MALBA LITE                                      ";35;35;35;23465086;160926213619126;184033646;;;;01/18/2032 00:00:00;5;14003379;17/09/2026 06:36:19;Mirko;Hernandez;;;;;;Mirko Hernandez;
14247599;17/09/2026 07:04:03;3;2;0001  215065-1;01;EASY 18-09;2091589;"CE01    ";"CENCOSUD S.A.                                     ";SAN LORENZO 4153;960226;"80-122N        ";"DUCHA EMB. C/TRANSF. BLACK C.CERAM VALENCIA                           ";12;12;12;23465092;160926213641890;184208976;;;;02/02/2032 00:00:00;4;14003385;17/09/2026 06:36:41;Mirko;Hernandez;;;;;;Mirko Hernandez;
14247599;17/09/2026 07:04:03;3;2;0001  215065-1;01;EASY 18-09;2091589;"CE01    ";"CENCOSUD S.A.                                     ";SAN LORENZO 4153;960226;"80-122N        ";"DUCHA EMB. C/TRANSF. BLACK C.CERAM VALENCIA                           ";12;12;12;23465097;160926213710092;184209073;;;;02/02/2032 00:00:00;4;14003388;17/09/2026 06:37:10;Mirko;Hernandez;;;;;;Mirko Hernandez;
14247659;21/09/2026 10:43:15;3;2;0001  215190-1;05;EASY 23-09;2091589;"CE01    ";"CENCOSUD S.A.                                     ";SAN LORENZO 4153;954651;"A816           ";"A816 - DUCHA 6"" C/BRAZO Y CAMPANA CR";85;85;85;23545153;210926104315773;184781991;;;;07/27/2031 00:00:00;4;14054521;21/09/2026 10:43:15;Gustavo;Soderquvist;24817916;21/09/2026 08:13:00;6866;Alejandro;Dure;Gustavo Soderquvist;Alejandro Dure
14247659;21/09/2026 10:43:15;3;2;0001  215190-1;05;EASY 23-09;2091589;"CE01    ";"CENCOSUD S.A.                                     ";SAN LORENZO 4153;953091;"80-138         ";80-138 - DUCHA EMB. C/TRANSF. CR C.CERAM VALENCIA PLUS;4;4;4;23547771;210926102524732;184794470;;;;01/14/2032 00:00:00;4;14054011;21/09/2026 10:25:24;Gustavo;Soderquvist;24820206;21/09/2026 08:53:19;7807;Nicolas;Perez;Gustavo Soderquvist;Nicolas Perez
14247659;21/09/2026 10:43:15;3;2;0001  215190-1;05;EASY 23-09;2091589;"CE01    ";"CENCOSUD S.A.                                     ";SAN LORENZO 4153;952555;"60-014         ";60-014 - LAVATORIO CR MORA STD;10;10;10;23553070;210926102123598;184795551;;;;01/13/2032 00:00:00;10;14054290;21/09/2026 10:21:23;Gustavo;Soderquvist;;;;;;Gustavo Soderquvist;
14247659;21/09/2026 10:43:15;3;2;0001  215190-1;05;EASY 23-09;2091589;"CE01    ";"CENCOSUD S.A.                                     ";SAN LORENZO 4153;952481;"53-023         ";53-023 - COCINA PARED EXT. P.ALTO BL/CR ARES PLUS;10;10;10;23553132;210926102226390;184795015;;;;11/26/2031 00:00:00;10;14054311;21/09/2026 10:22:26;Gustavo;Soderquvist;;;;;;Gustavo Soderquvist;
14247659;21/09/2026 10:43:15;3;2;0001  215190-1;05;EASY 23-09;2091589;"CE01    ";"CENCOSUD S.A.                                     ";SAN LORENZO 4153;952564;"60-025         ";60-025 - LAVATORIO BLANCO BASICA PLUS;10;10;10;23553213;210926102338819;184794175;;;;11/04/2031 00:00:00;10;14054346;21/09/2026 10:23:38;Gustavo;Soderquvist;;;;;;Gustavo Soderquvist;
14247659;21/09/2026 10:43:15;3;2;0001  215190-1;05;EASY 23-09;2091589;"CE01    ";"CENCOSUD S.A.                                     ";SAN LORENZO 4153;953040;"80-025         ";80-025 - DUCHA EMB.C/TRANSF.BL BASICA PLUS;10;10;10;23553281;210926102444130;184793680;;;;11/25/2031 00:00:00;10;14054369;21/09/2026 10:24:44;Gustavo;Soderquvist;;;;;;Gustavo Soderquvist;
14247659;21/09/2026 10:43:15;3;2;0001  215190-1;05;EASY 23-09;2091589;"CE01    ";"CENCOSUD S.A.                                     ";SAN LORENZO 4153;951535;"20-160         ";20-160 - MONOCOMANDO MESADA COCINA DIQUE;32;32;32;23553622;210926103115672;184828735;;;;07/28/2031 00:00:00;8;14054533;21/09/2026 10:31:15;Gustavo;Soderquvist;;;;;;Gustavo Soderquvist;
14247659;21/09/2026 10:43:15;3;2;0001  215190-1;05;EASY 23-09;2091589;"CE01    ";"CENCOSUD S.A.                                     ";SAN LORENZO 4153;951535;"20-160         ";20-160 - MONOCOMANDO MESADA COCINA DIQUE;32;32;32;23553663;210926103153000;184828935;;;;07/28/2031 00:00:00;8;14054554;21/09/2026 10:31:53;Gustavo;Soderquvist;;;;;;Gustavo Soderquvist;
14247659;21/09/2026 10:43:15;3;2;0001  215190-1;05;EASY 23-09;2091589;"CE01    ";"CENCOSUD S.A.                                     ";SAN LORENZO 4153;951535;"20-160         ";20-160 - MONOCOMANDO MESADA COCINA DIQUE;32;32;32;23553702;210926103229658;184829170;;;;07/28/2031 00:00:00;8;14054573;21/09/2026 10:32:29;Gustavo;Soderquvist;;;;;;Gustavo Soderquvist;
14247659;21/09/2026 10:43:15;3;2;0001  215190-1;05;EASY 23-09;2091589;"CE01    ";"CENCOSUD S.A.                                     ";SAN LORENZO 4153;951535;"20-160         ";20-160 - MONOCOMANDO MESADA COCINA DIQUE;32;32;32;23553722;210926103303035;184776830;;;;07/28/2031 00:00:00;8;14054601;21/09/2026 10:33:03;Gustavo;Soderquvist;;;;;;Gustavo Soderquvist;
14247659;21/09/2026 10:43:15;3;2;0001  215190-1;05;EASY 23-09;2091589;"CE01    ";"CENCOSUD S.A.                                     ";SAN LORENZO 4153;954651;"A816           ";"A816 - DUCHA 6"" C/BRAZO Y CAMPANA CR";85;85;85;23553799;210926103421641;184829785;;;;07/27/2031 00:00:00;27;14054646;21/09/2026 10:34:21;Gustavo;Soderquvist;;;;;;Gustavo Soderquvist;
14247659;21/09/2026 10:43:15;3;2;0001  215190-1;05;EASY 23-09;2091589;"CE01    ";"CENCOSUD S.A.                                     ";SAN LORENZO 4153;954651;"A816           ";"A816 - DUCHA 6"" C/BRAZO Y CAMPANA CR";85;85;85;23553831;210926103448833;184829972;;;;07/27/2031 00:00:00;27;14054660;21/09/2026 10:34:48;Gustavo;Soderquvist;;;;;;Gustavo Soderquvist;
14247659;21/09/2026 10:43:15;3;2;0001  215190-1;05;EASY 23-09;2091589;"CE01    ";"CENCOSUD S.A.                                     ";SAN LORENZO 4153;954651;"A816           ";"A816 - DUCHA 6"" C/BRAZO Y CAMPANA CR";85;85;85;23553890;210926103554766;184830375;;;;07/27/2031 00:00:00;27;14054692;21/09/2026 10:35:54;Gustavo;Soderquvist;;;;;;Gustavo Soderquvist;
14247659;21/09/2026 10:43:15;3;2;0001  215190-1;05;EASY 23-09;2091589;"CE01    ";"CENCOSUD S.A.                                     ";SAN LORENZO 4153;953063;"8006           ";8006 - SET DE 6 PIEZAS LINEA 8000;10;10;10;23553950;210926103704121;184777090;;;;07/29/2031 00:00:00;10;14054716;21/09/2026 10:37:04;Gustavo;Soderquvist;;;;;;Gustavo Soderquvist;
14247659;21/09/2026 10:43:15;3;2;0001  215190-1;05;EASY 23-09;2091589;"CE01    ";"CENCOSUD S.A.                                     ";SAN LORENZO 4153;951820;"30-121         ";30-121 - COCINA MSDA MONOC.P. CUADRADO MARBELLA;5;5;5;23554131;210926104036714;184778739;;;;11/08/2031 00:00:00;5;14054800;21/09/2026 10:40:36;Gustavo;Soderquvist;;;;;;Gustavo Soderquvist;
14247659;21/09/2026 10:43:15;3;2;0001  215190-1;05;EASY 23-09;2091589;"CE01    ";"CENCOSUD S.A.                                     ";SAN LORENZO 4153;954656;"A819           ";A819 - DUCHADOR ANTICALCAREO C/FLEXIBLE Y SOPORTE;2;2;2;23554243;210926104221606;184777397;;;;07/27/2031 00:00:00;2;14054849;21/09/2026 10:42:21;Gustavo;Soderquvist;;;;;;Gustavo Soderquvist;
14247660;21/09/2026 13:45:53;3;2;0001  215191-1;05;EASY 23-09;2091589;"CE01    ";"CENCOSUD S.A.                                     ";SAN LORENZO 4153;951530;"20-146         ";20-146 - MONOCOMANDO DE COCINA CR LINEA MOVE;50;50;50;23545151;210926134552111;184777526;;;;11/23/2031 00:00:00;6;14059193;21/09/2026 13:45:52;Gustavo;Soderquvist;24817911;21/09/2026 08:40:48;7807;Nicolas;Perez;Gustavo Soderquvist;Nicolas Perez
14247660;21/09/2026 13:45:53;3;2;0001  215191-1;05;EASY 23-09;2091589;"CE01    ";"CENCOSUD S.A.                                     ";SAN LORENZO 4153;952438;"51-058         ";51-058 - COCINA MESADA CR C.STD MALBA;161;161;161;23545288;210926115005270;184779915;;;;10/19/2031 00:00:00;1;14055351;21/09/2026 11:50:05;Gustavo;Soderquvist;24818051;21/09/2026 08:18:13;7636;Kevin;Arce;Gustavo Soderquvist;Kevin Arce
14247660;21/09/2026 13:45:53;3;2;0001  215191-1;05;EASY 23-09;2091589;"CE01    ";"CENCOSUD S.A.                                     ";SAN LORENZO 4153;954908;"BCH07          ";BCH07 - BACHA DE APOYAR OVALADA 400x330x150;1;1;1;23548244;210926115440768;184796430;;;;07/29/2031 00:00:00;1;14057224;21/09/2026 11:54:40;Gustavo;Soderquvist;24820659;21/09/2026 08:55:35;7310;Maximiliano;Nievas;Gustavo Soderquvist;Maximiliano Nievas
14247660;21/09/2026 13:45:53;3;2;0001  215191-1;05;EASY 23-09;2091589;"CE01    ";"CENCOSUD S.A.                                     ";SAN LORENZO 4153;952667;"60-199         ";60-199 - LAVATORIO CR C.CERAM LIVE;4;4;4;23555099;210926105850872;184782358;;;;11/16/2031 00:00:00;4;14055354;21/09/2026 10:58:50;Gustavo;Soderquvist;;;;;;Gustavo Soderquvist;
14247660;21/09/2026 13:45:53;3;2;0001  215191-1;05;EASY 23-09;2091589;"CE01    ";"CENCOSUD S.A.                                     ";SAN LORENZO 4153;952835;"70-014         ";70-014 - BIDE CR MORA STD;10;10;10;23555148;210926105957500;184781909;;;;01/17/2032 00:00:00;10;14055387;21/09/2026 10:59:57;Gustavo;Soderquvist;;;;;;Gustavo Soderquvist;
14247660;21/09/2026 13:45:53;3;2;0001  215191-1;05;EASY 23-09;2091589;"CE01    ";"CENCOSUD S.A.                                     ";SAN LORENZO 4153;952582;"60-057         ";60-057 - LAVATORIO C.STD VERIN PLUS;10;10;10;23555181;210926110032836;184781576;;;;01/31/2032 00:00:00;10;14055407;21/09/2026 11:00:32;Gustavo;Soderquvist;;;;;;Gustavo Soderquvist;
14247660;21/09/2026 13:45:53;3;2;0001  215191-1;05;EASY 23-09;2091589;"CE01    ";"CENCOSUD S.A.                                     ";SAN LORENZO 4153;952437;"51-057         ";51-057 - COCINA MESADA CR C.STD VERIN PLUS;10;10;10;23555211;210926110116876;184783153;;;;01/27/2032 00:00:00;10;14055429;21/09/2026 11:01:16;Gustavo;Soderquvist;;;;;;Gustavo Soderquvist;
14247660;21/09/2026 13:45:53;3;2;0001  215191-1;05;EASY 23-09;2091589;"CE01    ";"CENCOSUD S.A.                                     ";SAN LORENZO 4153;952438;"51-058         ";51-058 - COCINA MESADA CR C.STD MALBA;161;161;161;23556144;210926111736867;184846267;;;;10/19/2031 00:00:00;10;14055953;21/09/2026 11:17:36;Gustavo;Soderquvist;;;;;;Gustavo Soderquvist;
14247660;21/09/2026 13:45:53;3;2;0001  215191-1;05;EASY 23-09;2091589;"CE01    ";"CENCOSUD S.A.                                     ";SAN LORENZO 4153;952438;"51-058         ";51-058 - COCINA MESADA CR C.STD MALBA;161;161;161;23556165;210926111812990;184846537;;;;10/19/2031 00:00:00;10;14055973;21/09/2026 11:18:13;Gustavo;Soderquvist;;;;;;Gustavo Soderquvist;
14247660;21/09/2026 13:45:53;3;2;0001  215191-1;05;EASY 23-09;2091589;"CE01    ";"CENCOSUD S.A.                                     ";SAN LORENZO 4153;952438;"51-058         ";51-058 - COCINA MESADA CR C.STD MALBA;161;161;161;23556200;210926111851872;184846807;;;;10/19/2031 00:00:00;10;14055996;21/09/2026 11:18:51;Gustavo;Soderquvist;;;;;;Gustavo Soderquvist;
14247660;21/09/2026 13:45:53;3;2;0001  215191-1;05;EASY 23-09;2091589;"CE01    ";"CENCOSUD S.A.                                     ";SAN LORENZO 4153;952438;"51-058         ";51-058 - COCINA MESADA CR C.STD MALBA;161;161;161;23556289;210926112024525;184847403;;;;10/19/2031 00:00:00;10;14056046;21/09/2026 11:20:24;Gustavo;Soderquvist;;;;;;Gustavo Soderquvist;
14247660;21/09/2026 13:45:53;3;2;0001  215191-1;05;EASY 23-09;2091589;"CE01    ";"CENCOSUD S.A.                                     ";SAN LORENZO 4153;952438;"51-058         ";51-058 - COCINA MESADA CR C.STD MALBA;161;161;161;23556315;210926112059277;184847626;;;;10/19/2031 00:00:00;10;14056068;21/09/2026 11:20:59;Gustavo;Soderquvist;;;;;;Gustavo Soderquvist;
14247660;21/09/2026 13:45:53;3;2;0001  215191-1;05;EASY 23-09;2091589;"CE01    ";"CENCOSUD S.A.                                     ";SAN LORENZO 4153;952438;"51-058         ";51-058 - COCINA MESADA CR C.STD MALBA;161;161;161;23556349;210926112141579;184847906;;;;10/19/2031 00:00:00;10;14056103;21/09/2026 11:21:41;Gustavo;Soderquvist;;;;;;Gustavo Soderquvist;
14247660;21/09/2026 13:45:53;3;2;0001  215191-1;05;EASY 23-09;2091589;"CE01    ";"CENCOSUD S.A.                                     ";SAN LORENZO 4153;952438;"51-058         ";51-058 - COCINA MESADA CR C.STD MALBA;161;161;161;23556372;210926112211278;184848099;;;;10/19/2031 00:00:00;10;14056123;21/09/2026 11:22:11;Gustavo;Soderquvist;;;;;;Gustavo Soderquvist;
14247660;21/09/2026 13:45:53;3;2;0001  215191-1;05;EASY 23-09;2091589;"CE01    ";"CENCOSUD S.A.                                     ";SAN LORENZO 4153;952438;"51-058         ";51-058 - COCINA MESADA CR C.STD MALBA;161;161;161;23556774;210926112843217;184850766;;;;10/19/2031 00:00:00;10;14056342;21/09/2026 11:28:43;Gustavo;Soderquvist;;;;;;Gustavo Soderquvist;
14247660;21/09/2026 13:45:53;3;2;0001  215191-1;05;EASY 23-09;2091589;"CE01    ";"CENCOSUD S.A.                                     ";SAN LORENZO 4153;952438;"51-058         ";51-058 - COCINA MESADA CR C.STD MALBA;161;161;161;23556800;210926112918916;184851004;;;;10/19/2031 00:00:00;10;14056370;21/09/2026 11:29:18;Gustavo;Soderquvist;;;;;;Gustavo Soderquvist;
14247660;21/09/2026 13:45:53;3;2;0001  215191-1;05;EASY 23-09;2091589;"CE01    ";"CENCOSUD S.A.                                     ";SAN LORENZO 4153;952438;"51-058         ";51-058 - COCINA MESADA CR C.STD MALBA;161;161;161;23556832;210926112954817;184851253;;;;10/19/2031 00:00:00;10;14056389;21/09/2026 11:29:54;Gustavo;Soderquvist;;;;;;Gustavo Soderquvist;
14247660;21/09/2026 13:45:53;3;2;0001  215191-1;05;EASY 23-09;2091589;"CE01    ";"CENCOSUD S.A.                                     ";SAN LORENZO 4153;952438;"51-058         ";51-058 - COCINA MESADA CR C.STD MALBA;161;161;161;23556864;210926113027660;184851510;;;;10/19/2031 00:00:00;10;14056408;21/09/2026 11:30:27;Gustavo;Soderquvist;;;;;;Gustavo Soderquvist;
14247660;21/09/2026 13:45:53;3;2;0001  215191-1;05;EASY 23-09;2091589;"CE01    ";"CENCOSUD S.A.                                     ";SAN LORENZO 4153;952438;"51-058         ";51-058 - COCINA MESADA CR C.STD MALBA;161;161;161;23556880;210926113100293;184851727;;;;10/19/2031 00:00:00;10;14056435;21/09/2026 11:31:00;Gustavo;Soderquvist;;;;;;Gustavo Soderquvist;
14247660;21/09/2026 13:45:53;3;2;0001  215191-1;05;EASY 23-09;2091589;"CE01    ";"CENCOSUD S.A.                                     ";SAN LORENZO 4153;952438;"51-058         ";51-058 - COCINA MESADA CR C.STD MALBA;161;161;161;23557787;210926114801405;184858176;;;;10/19/2031 00:00:00;10;14057022;21/09/2026 11:48:01;Gustavo;Soderquvist;;;;;;Gustavo Soderquvist;
14247660;21/09/2026 13:45:53;3;2;0001  215191-1;05;EASY 23-09;2091589;"CE01    ";"CENCOSUD S.A.                                     ";SAN LORENZO 4153;952438;"51-058         ";51-058 - COCINA MESADA CR C.STD MALBA;161;161;161;23557819;210926114831388;184858355;;;;10/19/2031 00:00:00;10;14057041;21/09/2026 11:48:31;Gustavo;Soderquvist;;;;;;Gustavo Soderquvist;
14247660;21/09/2026 13:45:53;3;2;0001  215191-1;05;EASY 23-09;2091589;"CE01    ";"CENCOSUD S.A.                                     ";SAN LORENZO 4153;952438;"51-058         ";51-058 - COCINA MESADA CR C.STD MALBA;161;161;161;23557847;210926114905412;184858590;;;;10/19/2031 00:00:00;10;14057055;21/09/2026 11:49:05;Gustavo;Soderquvist;;;;;;Gustavo Soderquvist;
14247660;21/09/2026 13:45:53;3;2;0001  215191-1;05;EASY 23-09;2091589;"CE01    ";"CENCOSUD S.A.                                     ";SAN LORENZO 4153;952438;"51-058         ";51-058 - COCINA MESADA CR C.STD MALBA;161;161;161;23557881;210926114943349;184858836;;;;10/19/2031 00:00:00;10;14057073;21/09/2026 11:49:43;Gustavo;Soderquvist;;;;;;Gustavo Soderquvist;
14247660;21/09/2026 13:45:53;3;2;0001  215191-1;05;EASY 23-09;2091589;"CE01    ";"CENCOSUD S.A.                                     ";SAN LORENZO 4153;951532;"20-147         ";20-147 - MONOCOMANDO DE COCINA SWIFT;230;230;230;23562195;210926131859247;184887929;;;;08/04/2031 00:00:00;10;14059234;21/09/2026 13:18:59;Gustavo;Soderquvist;;;;;;Gustavo Soderquvist;
14247660;21/09/2026 13:45:53;3;2;0001  215191-1;05;EASY 23-09;2091589;"CE01    ";"CENCOSUD S.A.                                     ";SAN LORENZO 4153;951532;"20-147         ";20-147 - MONOCOMANDO DE COCINA SWIFT;230;230;230;23562232;210926131952268;184888227;;;;08/04/2031 00:00:00;10;14059252;21/09/2026 13:19:52;Gustavo;Soderquvist;;;;;;Gustavo Soderquvist;
14247660;21/09/2026 13:45:53;3;2;0001  215191-1;05;EASY 23-09;2091589;"CE01    ";"CENCOSUD S.A.                                     ";SAN LORENZO 4153;951532;"20-147         ";20-147 - MONOCOMANDO DE COCINA SWIFT;230;230;230;23562282;210926132043160;184888523;;;;08/04/2031 00:00:00;10;14059268;21/09/2026 13:20:43;Gustavo;Soderquvist;;;;;;Gustavo Soderquvist;
14247660;21/09/2026 13:45:53;3;2;0001  215191-1;05;EASY 23-09;2091589;"CE01    ";"CENCOSUD S.A.                                     ";SAN LORENZO 4153;951532;"20-147         ";20-147 - MONOCOMANDO DE COCINA SWIFT;230;230;230;23562290;210926132056930;184888599;;;;08/04/2031 00:00:00;10;14059273;21/09/2026 13:20:56;Gustavo;Soderquvist;;;;;;Gustavo Soderquvist;
14247660;21/09/2026 13:45:53;3;2;0001  215191-1;05;EASY 23-09;2091589;"CE01    ";"CENCOSUD S.A.                                     ";SAN LORENZO 4153;951532;"20-147         ";20-147 - MONOCOMANDO DE COCINA SWIFT;230;230;230;23562311;210926132116130;184888701;;;;08/04/2031 00:00:00;10;14059283;21/09/2026 13:21:16;Gustavo;Soderquvist;;;;;;Gustavo Soderquvist;
14247660;21/09/2026 13:45:53;3;2;0001  215191-1;05;EASY 23-09;2091589;"CE01    ";"CENCOSUD S.A.                                     ";SAN LORENZO 4153;951532;"20-147         ";20-147 - MONOCOMANDO DE COCINA SWIFT;230;230;230;23562387;210926132230451;184889164;;;;08/04/2031 00:00:00;10;14059312;21/09/2026 13:22:30;Gustavo;Soderquvist;;;;;;Gustavo Soderquvist;
14247660;21/09/2026 13:45:53;3;2;0001  215191-1;05;EASY 23-09;2091589;"CE01    ";"CENCOSUD S.A.                                     ";SAN LORENZO 4153;951532;"20-147         ";20-147 - MONOCOMANDO DE COCINA SWIFT;230;230;230;23562401;210926132304725;184889367;;;;08/04/2031 00:00:00;10;14059328;21/09/2026 13:23:04;Gustavo;Soderquvist;;;;;;Gustavo Soderquvist;
14247660;21/09/2026 13:45:53;3;2;0001  215191-1;05;EASY 23-09;2091589;"CE01    ";"CENCOSUD S.A.                                     ";SAN LORENZO 4153;951532;"20-147         ";20-147 - MONOCOMANDO DE COCINA SWIFT;230;230;230;23562475;210926132410812;184889785;;;;08/04/2031 00:00:00;10;14059356;21/09/2026 13:24:10;Gustavo;Soderquvist;;;;;;Gustavo Soderquvist;
14247660;21/09/2026 13:45:53;3;2;0001  215191-1;05;EASY 23-09;2091589;"CE01    ";"CENCOSUD S.A.                                     ";SAN LORENZO 4153;951532;"20-147         ";20-147 - MONOCOMANDO DE COCINA SWIFT;230;230;230;23562488;210926132422523;184889853;;;;08/04/2031 00:00:00;10;14059367;21/09/2026 13:24:22;Gustavo;Soderquvist;;;;;;Gustavo Soderquvist;
14247660;21/09/2026 13:45:53;3;2;0001  215191-1;05;EASY 23-09;2091589;"CE01    ";"CENCOSUD S.A.                                     ";SAN LORENZO 4153;951532;"20-147         ";20-147 - MONOCOMANDO DE COCINA SWIFT;230;230;230;23562513;210926132444368;184889965;;;;08/04/2031 00:00:00;10;14059380;21/09/2026 13:24:44;Gustavo;Soderquvist;;;;;;Gustavo Soderquvist;
14247660;21/09/2026 13:45:53;3;2;0001  215191-1;05;EASY 23-09;2091589;"CE01    ";"CENCOSUD S.A.                                     ";SAN LORENZO 4153;951532;"20-147         ";20-147 - MONOCOMANDO DE COCINA SWIFT;230;230;230;23562669;210926132801640;184891048;;;;08/04/2031 00:00:00;10;14059480;21/09/2026 13:28:01;Gustavo;Soderquvist;;;;;;Gustavo Soderquvist;
14247660;21/09/2026 13:45:53;3;2;0001  215191-1;05;EASY 23-09;2091589;"CE01    ";"CENCOSUD S.A.                                     ";SAN LORENZO 4153;951532;"20-147         ";20-147 - MONOCOMANDO DE COCINA SWIFT;230;230;230;23562674;210926132812728;184891116;;;;08/04/2031 00:00:00;10;14059484;21/09/2026 13:28:12;Gustavo;Soderquvist;;;;;;Gustavo Soderquvist;
14247660;21/09/2026 13:45:53;3;2;0001  215191-1;05;EASY 23-09;2091589;"CE01    ";"CENCOSUD S.A.                                     ";SAN LORENZO 4153;951532;"20-147         ";20-147 - MONOCOMANDO DE COCINA SWIFT;230;230;230;23562692;210926132837746;184891247;;;;08/04/2031 00:00:00;10;14059494;21/09/2026 13:28:37;Gustavo;Soderquvist;;;;;;Gustavo Soderquvist;
14247660;21/09/2026 13:45:53;3;2;0001  215191-1;05;EASY 23-09;2091589;"CE01    ";"CENCOSUD S.A.                                     ";SAN LORENZO 4153;951532;"20-147         ";20-147 - MONOCOMANDO DE COCINA SWIFT;230;230;230;23562697;210926132847854;184891294;;;;08/04/2031 00:00:00;10;14059502;21/09/2026 13:28:47;Gustavo;Soderquvist;;;;;;Gustavo Soderquvist;
14247660;21/09/2026 13:45:53;3;2;0001  215191-1;05;EASY 23-09;2091589;"CE01    ";"CENCOSUD S.A.                                     ";SAN LORENZO 4153;951532;"20-147         ";20-147 - MONOCOMANDO DE COCINA SWIFT;230;230;230;23562714;210926132906946;184891404;;;;08/04/2031 00:00:00;10;14059509;21/09/2026 13:29:07;Gustavo;Soderquvist;;;;;;Gustavo Soderquvist;
14247660;21/09/2026 13:45:53;3;2;0001  215191-1;05;EASY 23-09;2091589;"CE01    ";"CENCOSUD S.A.                                     ";SAN LORENZO 4153;951532;"20-147         ";20-147 - MONOCOMANDO DE COCINA SWIFT;230;230;230;23562747;210926133002445;184891694;;;;08/04/2031 00:00:00;10;14059528;21/09/2026 13:30:02;Gustavo;Soderquvist;;;;;;Gustavo Soderquvist;
14247660;21/09/2026 13:45:53;3;2;0001  215191-1;05;EASY 23-09;2091589;"CE01    ";"CENCOSUD S.A.                                     ";SAN LORENZO 4153;951532;"20-147         ";20-147 - MONOCOMANDO DE COCINA SWIFT;230;230;230;23562750;210926133012511;184891762;;;;08/04/2031 00:00:00;10;14059533;21/09/2026 13:30:12;Gustavo;Soderquvist;;;;;;Gustavo Soderquvist;
14247660;21/09/2026 13:45:53;3;2;0001  215191-1;05;EASY 23-09;2091589;"CE01    ";"CENCOSUD S.A.                                     ";SAN LORENZO 4153;951532;"20-147         ";20-147 - MONOCOMANDO DE COCINA SWIFT;230;230;230;23562761;210926133022365;184891815;;;;08/04/2031 00:00:00;10;14059540;21/09/2026 13:30:22;Gustavo;Soderquvist;;;;;;Gustavo Soderquvist;
14247660;21/09/2026 13:45:53;3;2;0001  215191-1;05;EASY 23-09;2091589;"CE01    ";"CENCOSUD S.A.                                     ";SAN LORENZO 4153;951532;"20-147         ";20-147 - MONOCOMANDO DE COCINA SWIFT;230;230;230;23562776;210926133032224;184891868;;;;08/04/2031 00:00:00;10;14059543;21/09/2026 13:30:32;Gustavo;Soderquvist;;;;;;Gustavo Soderquvist;
14247660;21/09/2026 13:45:53;3;2;0001  215191-1;05;EASY 23-09;2091589;"CE01    ";"CENCOSUD S.A.                                     ";SAN LORENZO 4153;951532;"20-147         ";20-147 - MONOCOMANDO DE COCINA SWIFT;230;230;230;23562787;210926133048871;184891975;;;;08/04/2031 00:00:00;10;14059550;21/09/2026 13:30:48;Gustavo;Soderquvist;;;;;;Gustavo Soderquvist;
14247660;21/09/2026 13:45:53;3;2;0001  215191-1;05;EASY 23-09;2091589;"CE01    ";"CENCOSUD S.A.                                     ";SAN LORENZO 4153;951532;"20-147         ";20-147 - MONOCOMANDO DE COCINA SWIFT;230;230;230;23562842;210926133200428;184892367;;;;08/04/2031 00:00:00;10;14059580;21/09/2026 13:32:00;Gustavo;Soderquvist;;;;;;Gustavo Soderquvist;
14247660;21/09/2026 13:45:53;3;2;0001  215191-1;05;EASY 23-09;2091589;"CE01    ";"CENCOSUD S.A.                                     ";SAN LORENZO 4153;951532;"20-147         ";20-147 - MONOCOMANDO DE COCINA SWIFT;230;230;230;23562857;210926133223133;184892501;;;;08/04/2031 00:00:00;10;14059590;21/09/2026 13:32:23;Gustavo;Soderquvist;;;;;;Gustavo Soderquvist;
14247660;21/09/2026 13:45:53;3;2;0001  215191-1;05;EASY 23-09;2091589;"CE01    ";"CENCOSUD S.A.                                     ";SAN LORENZO 4153;951532;"20-147         ";20-147 - MONOCOMANDO DE COCINA SWIFT;230;230;230;23562867;210926133238726;184781555;;;;08/04/2031 00:00:00;10;14059598;21/09/2026 13:32:38;Gustavo;Soderquvist;;;;;;Gustavo Soderquvist;
14247660;21/09/2026 13:45:53;3;2;0001  215191-1;05;EASY 23-09;2091589;"CE01    ";"CENCOSUD S.A.                                     ";SAN LORENZO 4153;951530;"20-146         ";20-146 - MONOCOMANDO DE COCINA CR LINEA MOVE;50;50;50;23563295;210926134302272;184896306;;;;11/23/2031 00:00:00;6;14059897;21/09/2026 13:43:02;Gustavo;Soderquvist;;;;;;Gustavo Soderquvist;
14247660;21/09/2026 13:45:53;3;2;0001  215191-1;05;EASY 23-09;2091589;"CE01    ";"CENCOSUD S.A.                                     ";SAN LORENZO 4153;951530;"20-146         ";20-146 - MONOCOMANDO DE COCINA CR LINEA MOVE;50;50;50;23563299;210926134312093;184896357;;;;11/23/2031 00:00:00;6;14059904;21/09/2026 13:43:12;Gustavo;Soderquvist;;;;;;Gustavo Soderquvist;
14247660;21/09/2026 13:45:53;3;2;0001  215191-1;05;EASY 23-09;2091589;"CE01    ";"CENCOSUD S.A.                                     ";SAN LORENZO 4153;951530;"20-146         ";20-146 - MONOCOMANDO DE COCINA CR LINEA MOVE;50;50;50;23563320;210926134335261;184896486;;;;11/23/2031 00:00:00;6;14059919;21/09/2026 13:43:35;Gustavo;Soderquvist;;;;;;Gustavo Soderquvist;
14247660;21/09/2026 13:45:53;3;2;0001  215191-1;05;EASY 23-09;2091589;"CE01    ";"CENCOSUD S.A.                                     ";SAN LORENZO 4153;951530;"20-146         ";20-146 - MONOCOMANDO DE COCINA CR LINEA MOVE;50;50;50;23563337;210926134350355;184896582;;;;11/23/2031 00:00:00;6;14059928;21/09/2026 13:43:50;Gustavo;Soderquvist;;;;;;Gustavo Soderquvist;
14247660;21/09/2026 13:45:53;3;2;0001  215191-1;05;EASY 23-09;2091589;"CE01    ";"CENCOSUD S.A.                                     ";SAN LORENZO 4153;951112;"12003          ";"SET DE 3 PIEZAS LINEA 12000                                           ";10;10;10;23563350;210926134409388;184776541;;;;08/12/2031 00:00:00;10;14059934;21/09/2026 13:44:09;Gustavo;Soderquvist;;;;;;Gustavo Soderquvist;
14247660;21/09/2026 13:45:53;3;2;0001  215191-1;05;EASY 23-09;2091589;"CE01    ";"CENCOSUD S.A.                                     ";SAN LORENZO 4153;951530;"20-146         ";20-146 - MONOCOMANDO DE COCINA CR LINEA MOVE;50;50;50;23563361;210926134428027;184896824;;;;11/23/2031 00:00:00;6;14059942;21/09/2026 13:44:28;Gustavo;Soderquvist;;;;;;Gustavo Soderquvist;
14247660;21/09/2026 13:45:53;3;2;0001  215191-1;05;EASY 23-09;2091589;"CE01    ";"CENCOSUD S.A.                                     ";SAN LORENZO 4153;951530;"20-146         ";20-146 - MONOCOMANDO DE COCINA CR LINEA MOVE;50;50;50;23563376;210926134444396;184896929;;;;11/23/2031 00:00:00;6;14059948;21/09/2026 13:44:44;Gustavo;Soderquvist;;;;;;Gustavo Soderquvist;
14247660;21/09/2026 13:45:53;3;2;0001  215191-1;05;EASY 23-09;2091589;"CE01    ";"CENCOSUD S.A.                                     ";SAN LORENZO 4153;951512;"20-122         ";"MONOCOMANDO COCINA CR C/PICO EXTRAIBLE VALENCIA                       ";1;1;1;23563384;210926134456233;184776821;;;;08/06/2031 00:00:00;1;14059955;21/09/2026 13:44:56;Gustavo;Soderquvist;;;;;;Gustavo Soderquvist;
14247660;21/09/2026 13:45:53;3;2;0001  215191-1;05;EASY 23-09;2091589;"CE01    ";"CENCOSUD S.A.                                     ";SAN LORENZO 4153;951530;"20-146         ";20-146 - MONOCOMANDO DE COCINA CR LINEA MOVE;50;50;50;23563404;210926134514617;184897180;;;;11/23/2031 00:00:00;2;14059965;21/09/2026 13:45:14;Gustavo;Soderquvist;;;;;;Gustavo Soderquvist;
14247660;21/09/2026 13:45:53;3;2;0001  215191-1;05;EASY 23-09;2091589;"CE01    ";"CENCOSUD S.A.                                     ";SAN LORENZO 4153;951530;"20-146         ";20-146 - MONOCOMANDO DE COCINA CR LINEA MOVE;50;50;50;23563422;210926134542084;184897347;;;;11/23/2031 00:00:00;6;14059981;21/09/2026 13:45:42;Gustavo;Soderquvist;;;;;;Gustavo Soderquvist;
14247661;21/09/2026 14:08:07;3;2;0001  215193-1;05;EASY 23-09;2091589;"CE01    ";"CENCOSUD S.A.                                     ";SAN LORENZO 4153;954651;"A816           ";"A816 - DUCHA 6"" C/BRAZO Y CAMPANA CR";6;6;6;23546639;210926140806997;184788566;;;;07/27/2031 00:00:00;6;14060498;21/09/2026 14:08:06;Gustavo;Soderquvist;24819236;21/09/2026 08:31:04;6866;Alejandro;Dure;Gustavo Soderquvist;Alejandro Dure
14247661;21/09/2026 14:08:07;3;2;0001  215193-1;05;EASY 23-09;2091589;"CE01    ";"CENCOSUD S.A.                                     ";SAN LORENZO 4153;952438;"51-058         ";51-058 - COCINA MESADA CR C.STD MALBA;11;11;11;23547615;210926135536244;184794928;;;;10/19/2031 00:00:00;1;14060277;21/09/2026 13:55:36;Gustavo;Soderquvist;24820071;21/09/2026 08:53:03;7310;Maximiliano;Nievas;Gustavo Soderquvist;Maximiliano Nievas
14247661;21/09/2026 14:08:07;3;2;0001  215193-1;05;EASY 23-09;2091589;"CE01    ";"CENCOSUD S.A.                                     ";SAN LORENZO 4153;952481;"53-023         ";53-023 - COCINA PARED EXT. P.ALTO BL/CR ARES PLUS;10;10;10;23563861;210926135455339;184795544;;;;11/26/2031 00:00:00;10;14060285;21/09/2026 13:54:55;Gustavo;Soderquvist;;;;;;Gustavo Soderquvist;
14247661;21/09/2026 14:08:07;3;2;0001  215193-1;05;EASY 23-09;2091589;"CE01    ";"CENCOSUD S.A.                                     ";SAN LORENZO 4153;952438;"51-058         ";51-058 - COCINA MESADA CR C.STD MALBA;11;11;11;23563904;210926135526217;184900846;;;;10/19/2031 00:00:00;10;14060301;21/09/2026 13:55:26;Gustavo;Soderquvist;;;;;;Gustavo Soderquvist;
14247661;21/09/2026 14:08:07;3;2;0001  215193-1;05;EASY 23-09;2091589;"CE01    ";"CENCOSUD S.A.                                     ";SAN LORENZO 4153;951530;"20-146         ";20-146 - MONOCOMANDO DE COCINA CR LINEA MOVE;7;7;7;23564242;210926140304813;184903597;;;;11/23/2031 00:00:00;1;14060534;21/09/2026 14:03:04;Gustavo;Soderquvist;;;;;;Gustavo Soderquvist;
14247661;21/09/2026 14:08:07;3;2;0001  215193-1;05;EASY 23-09;2091589;"CE01    ";"CENCOSUD S.A.                                     ";SAN LORENZO 4153;951535;"20-160         ";20-160 - MONOCOMANDO MESADA COCINA DIQUE;24;24;24;23564336;210926140506262;184904214;;;;07/28/2031 00:00:00;8;14060599;21/09/2026 14:05:06;Gustavo;Soderquvist;;;;;;Gustavo Soderquvist;
14247661;21/09/2026 14:08:07;3;2;0001  215193-1;05;EASY 23-09;2091589;"CE01    ";"CENCOSUD S.A.                                     ";SAN LORENZO 4153;951535;"20-160         ";20-160 - MONOCOMANDO MESADA COCINA DIQUE;24;24;24;23564345;210926140515399;184904265;;;;07/28/2031 00:00:00;8;14060605;21/09/2026 14:05:15;Gustavo;Soderquvist;;;;;;Gustavo Soderquvist;
14247661;21/09/2026 14:08:07;3;2;0001  215193-1;05;EASY 23-09;2091589;"CE01    ";"CENCOSUD S.A.                                     ";SAN LORENZO 4153;951535;"20-160         ";20-160 - MONOCOMANDO MESADA COCINA DIQUE;24;24;24;23564357;210926140525469;184786335;;;;07/28/2031 00:00:00;8;14060606;21/09/2026 14:05:25;Gustavo;Soderquvist;;;;;;Gustavo Soderquvist;
14247661;21/09/2026 14:08:07;3;2;0001  215193-1;05;EASY 23-09;2091589;"CE01    ";"CENCOSUD S.A.                                     ";SAN LORENZO 4153;951530;"20-146         ";20-146 - MONOCOMANDO DE COCINA CR LINEA MOVE;7;7;7;23564370;210926140535147;184787374;;;;11/23/2031 00:00:00;6;14060610;21/09/2026 14:05:35;Gustavo;Soderquvist;;;;;;Gustavo Soderquvist;
14247661;21/09/2026 14:08:07;3;2;0001  215193-1;05;EASY 23-09;2091589;"CE01    ";"CENCOSUD S.A.                                     ";SAN LORENZO 4153;951532;"20-147         ";20-147 - MONOCOMANDO DE COCINA SWIFT;20;20;20;23564380;210926140545690;184904450;;;;08/04/2031 00:00:00;10;14060622;21/09/2026 14:05:45;Gustavo;Soderquvist;;;;;;Gustavo Soderquvist;
14247661;21/09/2026 14:08:07;3;2;0001  215193-1;05;EASY 23-09;2091589;"CE01    ";"CENCOSUD S.A.                                     ";SAN LORENZO 4153;951532;"20-147         ";20-147 - MONOCOMANDO DE COCINA SWIFT;20;20;20;23564401;210926140557557;184788230;;;;08/04/2031 00:00:00;10;14060625;21/09/2026 14:05:57;Gustavo;Soderquvist;;;;;;Gustavo Soderquvist;
14251586;10/09/2026 12:20:38;3;2;4444    2459-1;10;URGENTES;2109166;"CLIEVEN ";"CLIENTE EVENTUAL                                  ";RIVADAVIA 3428;1099355;"RINO104V-4     ";"KIT VALVULA INODORO DESCARGA DUAL CROMO STONE L-2024                  ";1;1;1;23296848;100926122037010;182938216;;;;01/12/2032 00:00:00;1;13904862;10/09/2026 12:20:37;Agustin;Scirica;24573374;10/09/2026 11:38:29;7807;Nicolas;Perez;Agustin Scirica;Nicolas Perez
14251587;10/09/2026 13:10:42;3;2;4444    2460-1;10;URGENTES;2109166;"CLIEVEN ";"CLIENTE EVENTUAL                                  ";RIVADAVIA 3428;954946;"BID104-1       ";"BIDE 1 AGUJERO BLANCO LINEA STONE                                     ";1;1;1;23297117;100926131039752;182941374;;;;10/26/2031 00:00:00;1;13906265;10/09/2026 13:10:39;Agustin;Scirica;24573665;10/09/2026 11:45:45;7807;Nicolas;Perez;Agustin Scirica;Nicolas Perez
14251608;11/09/2026 13:51:05;3;2;0001  215091-1;05;CAMIONETA LUN 3;2092688;"GG19    ";"GIANNINI C, GIANNINI G Y GIANNINI D SH-MARMOLERIA ";MARIANO PELLIZA 3269;951533;"20-150         ";20-150 - MONOCOMANDO MESADA COCINA TOLEDO;1;1;1;23321825;110926135104394;183138160;;;;07/27/2031 00:00:00;1;13927764;11/09/2026 13:51:04;Gustavo;Soderquvist;24597439;11/09/2026 08:45:37;6867;Javier;Lescano;Gustavo Soderquvist;Javier Lescano
14251608;11/09/2026 13:51:05;3;2;0001  215091-1;05;CAMIONETA LUN 3;2092688;"GG19    ";"GIANNINI C, GIANNINI G Y GIANNINI D SH-MARMOLERIA ";MARIANO PELLIZA 3269;952714;"61-180         ";61-180 - LAVATORIO MONOCOMANDO ALTO VERA;1;1;1;23321825;110926135104394;183138371;;;;07/28/2031 00:00:00;1;13927764;11/09/2026 13:51:04;Gustavo;Soderquvist;24597439;11/09/2026 08:45:37;6867;Javier;Lescano;Gustavo Soderquvist;Javier Lescano
14251608;11/09/2026 13:51:05;3;2;0001  215091-1;05;CAMIONETA LUN 3;2092688;"GG19    ";"GIANNINI C, GIANNINI G Y GIANNINI D SH-MARMOLERIA ";MARIANO PELLIZA 3269;954912;"BCH11BM        ";BCH11BM - BACHA DE APOYAR REDONDA BLANCO MATE 400x400x125;1;1;1;23322494;110926135042965;183139393;;;;08/17/2031 00:00:00;1;13927702;11/09/2026 13:50:42;Gustavo;Soderquvist;24598090;11/09/2026 08:37:53;7807;Nicolas;Perez;Gustavo Soderquvist;Nicolas Perez
14251609;12/09/2026 07:40:38;3;2;0001  215100-1;05;CAMIONETA LUN 3;2091305;"BH09    ";"BONOMI HERNAN ALBERTO                             ";MIGUEL CANE 1647;951820;"30-121         ";30-121 - COCINA MSDA MONOC.P. CUADRADO MARBELLA;2;2;2;23323129;120926074038387;183147015;;;;11/08/2031 00:00:00;2;13935997;12/09/2026 07:40:38;Gustavo;Soderquvist;24598601;11/09/2026 09:28:11;6867;Javier;Lescano;Gustavo Soderquvist;Javier Lescano
14251609;12/09/2026 07:40:38;3;2;0001  215100-1;05;CAMIONETA LUN 3;2091305;"BH09    ";"BONOMI HERNAN ALBERTO                             ";MIGUEL CANE 1647;951611;"21-160         ";"MONOCOMANDO DUO COCINA CROMO DIQUE                                    ";10;10;10;23323129;120926074038387;183146354;;;;12/14/2031 00:00:00;10;13935997;12/09/2026 07:40:38;Gustavo;Soderquvist;24598601;11/09/2026 09:28:11;6867;Javier;Lescano;Gustavo Soderquvist;Javier Lescano
14251609;12/09/2026 07:40:38;3;2;0001  215100-1;05;CAMIONETA LUN 3;2091305;"BH09    ";"BONOMI HERNAN ALBERTO                             ";MIGUEL CANE 1647;951565;"20-205         ";20-205 - MONOCOMANDO DE COCINA STEEL;4;4;4;23323129;120926074038387;183148435;;;;07/28/2031 00:00:00;4;13935997;12/09/2026 07:40:38;Gustavo;Soderquvist;24598601;11/09/2026 09:28:11;6867;Javier;Lescano;Gustavo Soderquvist;Javier Lescano
14251609;12/09/2026 07:40:38;3;2;0001  215100-1;05;CAMIONETA LUN 3;2091305;"BH09    ";"BONOMI HERNAN ALBERTO                             ";MIGUEL CANE 1647;951552;"20-183         ";"MONOCOMANDO DE COCINA MAT                                             ";2;2;2;23323129;120926074038387;183152546;;;;11/02/2031 00:00:00;2;13935997;12/09/2026 07:40:38;Gustavo;Soderquvist;24598601;11/09/2026 09:28:11;6867;Javier;Lescano;Gustavo Soderquvist;Javier Lescano
14251609;12/09/2026 07:40:38;3;2;0001  215100-1;05;CAMIONETA LUN 3;2091305;"BH09    ";"BONOMI HERNAN ALBERTO                             ";MIGUEL CANE 1647;951540;"20-168N        ";20-168N - MONOCOMANDO COCINA BLACK WAVE;2;2;2;23323129;120926074038387;183151655;;;;07/27/2031 00:00:00;2;13935997;12/09/2026 07:40:38;Gustavo;Soderquvist;24598601;11/09/2026 09:28:11;6867;Javier;Lescano;Gustavo Soderquvist;Javier Lescano
14251609;12/09/2026 07:40:38;3;2;0001  215100-1;05;CAMIONETA LUN 3;2091305;"BH09    ";"BONOMI HERNAN ALBERTO                             ";MIGUEL CANE 1647;951537;"20-162N        ";"MONOCOMANDO COCINA BLACK ADRA                                         ";2;2;2;23323129;120926074038387;183148159;;;;07/28/2031 00:00:00;2;13935997;12/09/2026 07:40:38;Gustavo;Soderquvist;24598601;11/09/2026 09:28:11;6867;Javier;Lescano;Gustavo Soderquvist;Javier Lescano
14251609;12/09/2026 07:40:38;3;2;0001  215100-1;05;CAMIONETA LUN 3;2091305;"BH09    ";"BONOMI HERNAN ALBERTO                             ";MIGUEL CANE 1647;951513;"20-122N        ";20-122N - MONOCOMANDO COCINA C/PICO EXTRAIBLE VALENCIA BLACK;3;3;3;23323129;120926074038387;183155502;;;;08/06/2031 00:00:00;3;13935997;12/09/2026 07:40:38;Gustavo;Soderquvist;24598601;11/09/2026 09:28:11;6867;Javier;Lescano;Gustavo Soderquvist;Javier Lescano
14251609;12/09/2026 07:40:38;3;2;0001  215100-1;05;CAMIONETA LUN 3;2091305;"BH09    ";"BONOMI HERNAN ALBERTO                             ";MIGUEL CANE 1647;951508;"20-121         ";20-121 - COCINA MSDA MONOC.P. REDONDO MARBELLA;2;2;2;23323129;120926074038387;183148926;;;;07/30/2031 00:00:00;2;13935997;12/09/2026 07:40:38;Gustavo;Soderquvist;24598601;11/09/2026 09:28:11;6867;Javier;Lescano;Gustavo Soderquvist;Javier Lescano
14251609;12/09/2026 07:40:38;3;2;0001  215100-1;05;CAMIONETA LUN 3;2091305;"BH09    ";"BONOMI HERNAN ALBERTO                             ";MIGUEL CANE 1647;951306;"17050G         ";17050G - JABONERA  LINEA FABRIC GOLD;1;1;1;23323129;120926074038387;183146492;;;;07/29/2031 00:00:00;1;13935997;12/09/2026 07:40:38;Gustavo;Soderquvist;24598601;11/09/2026 09:28:11;6867;Javier;Lescano;Gustavo Soderquvist;Javier Lescano
14251609;12/09/2026 07:40:38;3;2;0001  215100-1;05;CAMIONETA LUN 3;2091305;"BH09    ";"BONOMI HERNAN ALBERTO                             ";MIGUEL CANE 1647;951303;"17040G         ";17040G - PORTA ROLLO LINEA FABRIC GOLD;5;5;5;23323129;120926074038387;183154206;;;;07/28/2031 00:00:00;5;13935997;12/09/2026 07:40:38;Gustavo;Soderquvist;24598601;11/09/2026 09:28:11;6867;Javier;Lescano;Gustavo Soderquvist;Javier Lescano
14251609;12/09/2026 07:40:38;3;2;0001  215100-1;05;CAMIONETA LUN 3;2091305;"BH09    ";"BONOMI HERNAN ALBERTO                             ";MIGUEL CANE 1647;951300;"17030G         ";17030G - PERCHA LINEA FABRIC GOLD;5;5;5;23323129;120926074038387;183154922;;;;07/29/2031 00:00:00;5;13935997;12/09/2026 07:40:38;Gustavo;Soderquvist;24598601;11/09/2026 09:28:11;6867;Javier;Lescano;Gustavo Soderquvist;Javier Lescano
14251609;12/09/2026 07:40:38;3;2;0001  215100-1;05;CAMIONETA LUN 3;2091305;"BH09    ";"BONOMI HERNAN ALBERTO                             ";MIGUEL CANE 1647;951297;"17020G         ";17020G - TOALLERO DE ARO LINEA FABRIC GOLD;3;3;3;23323129;120926074038387;183146640;;;;07/29/2031 00:00:00;3;13935997;12/09/2026 07:40:38;Gustavo;Soderquvist;24598601;11/09/2026 09:28:11;6867;Javier;Lescano;Gustavo Soderquvist;Javier Lescano
14251609;12/09/2026 07:40:38;3;2;0001  215100-1;05;CAMIONETA LUN 3;2091305;"BH09    ";"BONOMI HERNAN ALBERTO                             ";MIGUEL CANE 1647;951294;"17010G         ";17010G - TOALLERO BARRAL LINEA FABRIC GOLD;1;1;1;23323129;120926074038387;183146834;;;;07/27/2031 00:00:00;1;13935997;12/09/2026 07:40:38;Gustavo;Soderquvist;24598601;11/09/2026 09:28:11;6867;Javier;Lescano;Gustavo Soderquvist;Javier Lescano
14251609;12/09/2026 07:40:38;3;2;0001  215100-1;05;CAMIONETA LUN 3;2091305;"BH09    ";"BONOMI HERNAN ALBERTO                             ";MIGUEL CANE 1647;951137;"13050          ";"JABONERA LINEA 13000                                                  ";2;2;2;23323129;120926074038387;183144431;;;;07/31/2031 00:00:00;2;13935997;12/09/2026 07:40:38;Gustavo;Soderquvist;24598601;11/09/2026 09:28:11;6867;Javier;Lescano;Gustavo Soderquvist;Javier Lescano
14251609;12/09/2026 07:40:38;3;2;0001  215100-1;05;CAMIONETA LUN 3;2091305;"BH09    ";"BONOMI HERNAN ALBERTO                             ";MIGUEL CANE 1647;951134;"13020          ";"TOALLERO DE ARO LINEA 13000                                           ";2;2;2;23323129;120926074038387;183144311;;;;07/31/2031 00:00:00;2;13935997;12/09/2026 07:40:38;Gustavo;Soderquvist;24598601;11/09/2026 09:28:11;6867;Javier;Lescano;Gustavo Soderquvist;Javier Lescano
14251609;12/09/2026 07:40:38;3;2;0001  215100-1;05;CAMIONETA LUN 3;2091305;"BH09    ";"BONOMI HERNAN ALBERTO                             ";MIGUEL CANE 1647;951133;"13010          ";"TOALLERO BARRAL LINEA 13000                                           ";4;4;4;23323129;120926074038387;183144281;;;;07/31/2031 00:00:00;4;13935997;12/09/2026 07:40:38;Gustavo;Soderquvist;24598601;11/09/2026 09:28:11;6867;Javier;Lescano;Gustavo Soderquvist;Javier Lescano
14251609;12/09/2026 07:40:38;3;2;0001  215100-1;05;CAMIONETA LUN 3;2091305;"BH09    ";"BONOMI HERNAN ALBERTO                             ";MIGUEL CANE 1647;951102;"11040          ";"PORTA ROLLO LINEA 11000                                               ";3;3;3;23323129;120926074038387;183145253;;;;07/27/2031 00:00:00;3;13935997;12/09/2026 07:40:38;Gustavo;Soderquvist;24598601;11/09/2026 09:28:11;6867;Javier;Lescano;Gustavo Soderquvist;Javier Lescano
14251609;12/09/2026 07:40:38;3;2;0001  215100-1;05;CAMIONETA LUN 3;2091305;"BH09    ";"BONOMI HERNAN ALBERTO                             ";MIGUEL CANE 1647;951101;"11030          ";"PERCHA LINEA 11000                                                    ";3;3;3;23323129;120926074038387;183145036;;;;07/28/2031 00:00:00;3;13935997;12/09/2026 07:40:38;Gustavo;Soderquvist;24598601;11/09/2026 09:28:11;6867;Javier;Lescano;Gustavo Soderquvist;Javier Lescano
14251609;12/09/2026 07:40:38;3;2;0001  215100-1;05;CAMIONETA LUN 3;2091305;"BH09    ";"BONOMI HERNAN ALBERTO                             ";MIGUEL CANE 1647;951100;"11020          ";"TOALLERO DE ARO LINEA 11000                                           ";2;2;2;23323129;120926074038387;183144552;;;;07/27/2031 00:00:00;2;13935997;12/09/2026 07:40:38;Gustavo;Soderquvist;24598601;11/09/2026 09:28:11;6867;Javier;Lescano;Gustavo Soderquvist;Javier Lescano
14251609;12/09/2026 07:40:38;3;2;0001  215100-1;05;CAMIONETA LUN 3;2091305;"BH09    ";"BONOMI HERNAN ALBERTO                             ";MIGUEL CANE 1647;951099;"11010          ";"TOALLERO BARRAL LINEA 11000                                           ";2;2;2;23323129;120926074038387;183144649;;;;07/27/2031 00:00:00;2;13935997;12/09/2026 07:40:38;Gustavo;Soderquvist;24598601;11/09/2026 09:28:11;6867;Javier;Lescano;Gustavo Soderquvist;Javier Lescano
14251609;12/09/2026 07:40:38;3;2;0001  215100-1;05;CAMIONETA LUN 3;2091305;"BH09    ";"BONOMI HERNAN ALBERTO                             ";MIGUEL CANE 1647;953335;"84-203ST       ";"DUCHA EXT C/COLUMNA CR ADRA                                           ";2;2;2;23323129;120926074038387;183147876;;;;12/15/2031 00:00:00;2;13935997;12/09/2026 07:40:38;Gustavo;Soderquvist;24598601;11/09/2026 09:28:11;6867;Javier;Lescano;Gustavo Soderquvist;Javier Lescano
14251609;12/09/2026 07:40:38;3;2;0001  215100-1;05;CAMIONETA LUN 3;2091305;"BH09    ";"BONOMI HERNAN ALBERTO                             ";MIGUEL CANE 1647;953334;"84-203         ";"DUCHA EXT C/COLUMNA Y TRANSF CR ADRA                                  ";2;2;2;23323129;120926074038387;183147687;;;;12/02/2031 00:00:00;2;13935997;12/09/2026 07:40:38;Gustavo;Soderquvist;24598601;11/09/2026 09:28:11;6867;Javier;Lescano;Gustavo Soderquvist;Javier Lescano
14251609;12/09/2026 07:40:38;3;2;0001  215100-1;05;CAMIONETA LUN 3;2091305;"BH09    ";"BONOMI HERNAN ALBERTO                             ";MIGUEL CANE 1647;953159;"80-203P        ";80-203P - DUCHA EMB C/TRANSF. MONOCOMANDO ADRA PLUS;1;1;1;23323129;120926074038387;183154360;;;;07/28/2031 00:00:00;1;13935997;12/09/2026 07:40:38;Gustavo;Soderquvist;24598601;11/09/2026 09:28:11;6867;Javier;Lescano;Gustavo Soderquvist;Javier Lescano
14251609;12/09/2026 07:40:38;3;2;0001  215100-1;05;CAMIONETA LUN 3;2091305;"BH09    ";"BONOMI HERNAN ALBERTO                             ";MIGUEL CANE 1647;953131;"80-183         ";"DUCHA EMB C/TRANSF MONOCOMANDO MAT                                    ";2;2;2;23323129;120926074038387;183152364;;;;11/02/2031 00:00:00;2;13935997;12/09/2026 07:40:38;Gustavo;Soderquvist;24598601;11/09/2026 09:28:11;6867;Javier;Lescano;Gustavo Soderquvist;Javier Lescano
14251609;12/09/2026 07:40:38;3;2;0001  215100-1;05;CAMIONETA LUN 3;2091305;"BH09    ";"BONOMI HERNAN ALBERTO                             ";MIGUEL CANE 1647;953123;"80-176N        ";80-176N - DUCHA EMB C/TRANSF MONOC BLACK RIO;4;4;4;23323129;120926074038387;183150027;;;;07/27/2031 00:00:00;4;13935997;12/09/2026 07:40:38;Gustavo;Soderquvist;24598601;11/09/2026 09:28:11;6867;Javier;Lescano;Gustavo Soderquvist;Javier Lescano
14251609;12/09/2026 07:40:38;3;2;0001  215100-1;05;CAMIONETA LUN 3;2091305;"BH09    ";"BONOMI HERNAN ALBERTO                             ";MIGUEL CANE 1647;952933;"70-183         ";"BIDE MONOCOMANDO C/TRANSF MAT                                         ";2;2;2;23323129;120926074038387;183152709;;;;11/02/2031 00:00:00;2;13935997;12/09/2026 07:40:38;Gustavo;Soderquvist;24598601;11/09/2026 09:28:11;6867;Javier;Lescano;Gustavo Soderquvist;Javier Lescano
14251609;12/09/2026 07:40:38;3;2;0001  215100-1;05;CAMIONETA LUN 3;2091305;"BH09    ";"BONOMI HERNAN ALBERTO                             ";MIGUEL CANE 1647;952926;"70-176N        ";70-176N - BIDE MONOC C/TRANSF BLACK RIO;3;3;3;23323129;120926074038387;183149739;;;;11/23/2031 00:00:00;3;13935997;12/09/2026 07:40:38;Gustavo;Soderquvist;24598601;11/09/2026 09:28:11;6867;Javier;Lescano;Gustavo Soderquvist;Javier Lescano
14251609;12/09/2026 07:40:38;3;2;0001  215100-1;05;CAMIONETA LUN 3;2091305;"BH09    ";"BONOMI HERNAN ALBERTO                             ";MIGUEL CANE 1647;952916;"70-168N        ";70-168N - BIDE MONOC BLACK WAVE;2;2;2;23323129;120926074038387;183153969;;;;01/05/2032 00:00:00;2;13935997;12/09/2026 07:40:38;Gustavo;Soderquvist;24598601;11/09/2026 09:28:11;6867;Javier;Lescano;Gustavo Soderquvist;Javier Lescano
14251609;12/09/2026 07:40:38;3;2;0001  215100-1;05;CAMIONETA LUN 3;2091305;"BH09    ";"BONOMI HERNAN ALBERTO                             ";MIGUEL CANE 1647;952724;"61-200G        ";61-200G - LAVATORIO MONOC ALTO GOLD FABRIC;2;2;2;23323129;120926074038387;183148666;;;;07/27/2031 00:00:00;2;13935997;12/09/2026 07:40:38;Gustavo;Soderquvist;24598601;11/09/2026 09:28:11;6867;Javier;Lescano;Gustavo Soderquvist;Javier Lescano
14251609;12/09/2026 07:40:38;3;2;0001  215100-1;05;CAMIONETA LUN 3;2091305;"BH09    ";"BONOMI HERNAN ALBERTO                             ";MIGUEL CANE 1647;952721;"61-193         ";61-193 - LAVATORIO MONOCOMANDO ALTO MORA;2;2;2;23323129;120926074038387;183155920;;;;07/27/2031 00:00:00;2;13935997;12/09/2026 07:40:38;Gustavo;Soderquvist;24598601;11/09/2026 09:28:11;6867;Javier;Lescano;Gustavo Soderquvist;Javier Lescano
14251609;12/09/2026 07:40:38;3;2;0001  215100-1;05;CAMIONETA LUN 3;2091305;"BH09    ";"BONOMI HERNAN ALBERTO                             ";MIGUEL CANE 1647;952720;"61-192         ";61-192 - LAVATORIO ALTO SORIA BLACK;2;2;2;23323129;120926074038387;183151120;;;;07/27/2031 00:00:00;2;13935997;12/09/2026 07:40:38;Gustavo;Soderquvist;24598601;11/09/2026 09:28:11;6867;Javier;Lescano;Gustavo Soderquvist;Javier Lescano
14251609;12/09/2026 07:40:38;3;2;0001  215100-1;05;CAMIONETA LUN 3;2091305;"BH09    ";"BONOMI HERNAN ALBERTO                             ";MIGUEL CANE 1647;952719;"61-183         ";"LAVATORIO MONOCOMANDO ALTO MAT                                        ";3;3;3;23323129;120926074038387;183153581;;;;11/02/2031 00:00:00;3;13935997;12/09/2026 07:40:38;Gustavo;Soderquvist;24598601;11/09/2026 09:28:11;6867;Javier;Lescano;Gustavo Soderquvist;Javier Lescano
14251609;12/09/2026 07:40:38;3;2;0001  215100-1;05;CAMIONETA LUN 3;2091305;"BH09    ";"BONOMI HERNAN ALBERTO                             ";MIGUEL CANE 1647;952713;"61-176N        ";61-176N - LAVATORIO MONOC ALTO BLACK RIO;6;6;6;23323129;120926074038387;183150151;;;;07/29/2031 00:00:00;6;13935997;12/09/2026 07:40:38;Gustavo;Soderquvist;24598601;11/09/2026 09:28:11;6867;Javier;Lescano;Gustavo Soderquvist;Javier Lescano
14251609;12/09/2026 07:40:38;3;2;0001  215100-1;05;CAMIONETA LUN 3;2091305;"BH09    ";"BONOMI HERNAN ALBERTO                             ";MIGUEL CANE 1647;952712;"61-176         ";61-176 - LAVATORIO MONOC ALTO CR RIO;8;8;8;23323129;120926074038387;183150831;;;;10/09/2031 00:00:00;8;13935997;12/09/2026 07:40:38;Gustavo;Soderquvist;24598601;11/09/2026 09:28:11;6867;Javier;Lescano;Gustavo Soderquvist;Javier Lescano
14251609;12/09/2026 07:40:38;3;2;0001  215100-1;05;CAMIONETA LUN 3;2091305;"BH09    ";"BONOMI HERNAN ALBERTO                             ";MIGUEL CANE 1647;952709;"61-168N        ";61-168N - LAVATORIO MONOC ALTO BLACK WAVE;2;2;2;23323129;120926074038387;183145905;;;;07/28/2031 00:00:00;2;13935997;12/09/2026 07:40:38;Gustavo;Soderquvist;24598601;11/09/2026 09:28:11;6867;Javier;Lescano;Gustavo Soderquvist;Javier Lescano
14251609;12/09/2026 07:40:38;3;2;0001  215100-1;05;CAMIONETA LUN 3;2091305;"BH09    ";"BONOMI HERNAN ALBERTO                             ";MIGUEL CANE 1647;952708;"61-168         ";61-168 - LAVATORIO MONOC ALTO CR WAVE;1;1;1;23323129;120926074038387;183149255;;;;07/27/2031 00:00:00;1;13935997;12/09/2026 07:40:38;Gustavo;Soderquvist;24598601;11/09/2026 09:28:11;6867;Javier;Lescano;Gustavo Soderquvist;Javier Lescano
14251609;12/09/2026 07:40:38;3;2;0001  215100-1;05;CAMIONETA LUN 3;2091305;"BH09    ";"BONOMI HERNAN ALBERTO                             ";MIGUEL CANE 1647;952661;"60-193         ";60-193 - LAVATORIO MONOCOMANDO BAJO MORA;4;4;4;23323129;120926074038387;183155804;;;;07/28/2031 00:00:00;4;13935997;12/09/2026 07:40:38;Gustavo;Soderquvist;24598601;11/09/2026 09:28:11;6867;Javier;Lescano;Gustavo Soderquvist;Javier Lescano
14251609;12/09/2026 07:40:38;3;2;0001  215100-1;05;CAMIONETA LUN 3;2091305;"BH09    ";"BONOMI HERNAN ALBERTO                             ";MIGUEL CANE 1647;952655;"60-183         ";"LAVATORIO MONOCOMANDO BAJO MAT                                        ";3;3;3;23323129;120926074038387;183152930;;;;11/02/2031 00:00:00;3;13935997;12/09/2026 07:40:38;Gustavo;Soderquvist;24598601;11/09/2026 09:28:11;6867;Javier;Lescano;Gustavo Soderquvist;Javier Lescano
14251609;12/09/2026 07:40:38;3;2;0001  215100-1;05;CAMIONETA LUN 3;2091305;"BH09    ";"BONOMI HERNAN ALBERTO                             ";MIGUEL CANE 1647;952648;"60-176N        ";"LAVATORIO MONOCOMANDO BAJO BLACK RIO                                  ";5;5;5;23323129;120926074038387;183150376;;;;07/29/2031 00:00:00;5;13935997;12/09/2026 07:40:38;Gustavo;Soderquvist;24598601;11/09/2026 09:28:11;6867;Javier;Lescano;Gustavo Soderquvist;Javier Lescano
14251609;12/09/2026 07:40:38;3;2;0001  215100-1;05;CAMIONETA LUN 3;2091305;"BH09    ";"BONOMI HERNAN ALBERTO                             ";MIGUEL CANE 1647;952647;"60-176         ";"LAVATORIO MONOCOMANDO BAJO CR RIO                                     ";8;8;8;23323129;120926074038387;183150610;;;;10/11/2031 00:00:00;8;13935997;12/09/2026 07:40:38;Gustavo;Soderquvist;24598601;11/09/2026 09:28:11;6867;Javier;Lescano;Gustavo Soderquvist;Javier Lescano
14251609;12/09/2026 07:40:38;3;2;0001  215100-1;05;CAMIONETA LUN 3;2091305;"BH09    ";"BONOMI HERNAN ALBERTO                             ";MIGUEL CANE 1647;952638;"60-168N        ";60-168N - LAVATORIO MONOC BAJO BLACK WAVE;2;2;2;23323129;120926074038387;183149120;;;;07/27/2031 00:00:00;2;13935997;12/09/2026 07:40:38;Gustavo;Soderquvist;24598601;11/09/2026 09:28:11;6867;Javier;Lescano;Gustavo Soderquvist;Javier Lescano
14251609;12/09/2026 07:40:38;3;2;0001  215100-1;05;CAMIONETA LUN 3;2091305;"BH09    ";"BONOMI HERNAN ALBERTO                             ";MIGUEL CANE 1647;952693;"605            ";605 - CANILLA COC.PARED P.ALTO CROMO DIQUE;2;2;2;23323394;110926135307526;183156629;;;;09/07/2031 00:00:00;2;13926663;11/09/2026 13:53:07;Maximiliano;Nievas;24598846;11/09/2026 09:30:11;7807;Nicolas;Perez;Maximiliano Nievas;Nicolas Perez
14251609;12/09/2026 07:40:38;3;2;0001  215100-1;05;CAMIONETA LUN 3;2091305;"BH09    ";"BONOMI HERNAN ALBERTO                             ";MIGUEL CANE 1647;952677;"60-203         ";60-203 - LAVATORIO MONOCOMANDO BAJO ADRA;2;2;2;23323394;110926135307526;183148058;;;;02/16/2032 00:00:00;2;13926663;11/09/2026 13:53:07;Maximiliano;Nievas;24598846;11/09/2026 09:30:11;7807;Nicolas;Perez;Maximiliano Nievas;Nicolas Perez
14251609;12/09/2026 07:40:38;3;2;0001  215100-1;05;CAMIONETA LUN 3;2091305;"BH09    ";"BONOMI HERNAN ALBERTO                             ";MIGUEL CANE 1647;952644;"60-175G        ";60-175G - LAVATORIO GOLD C.CERAM PULSE;1;1;1;23323394;110926135307526;183154675;;;;11/16/2031 00:00:00;1;13926663;11/09/2026 13:53:07;Maximiliano;Nievas;24598846;11/09/2026 09:30:11;7807;Nicolas;Perez;Maximiliano Nievas;Nicolas Perez
14251609;12/09/2026 07:40:38;3;2;0001  215100-1;05;CAMIONETA LUN 3;2091305;"BH09    ";"BONOMI HERNAN ALBERTO                             ";MIGUEL CANE 1647;952634;"60-162         ";60-162 - LAVATORIO CR C.CERAM LINEA ADRA;4;4;4;23323394;110926135307526;183145927;;;;07/29/2031 00:00:00;4;13926663;11/09/2026 13:53:07;Maximiliano;Nievas;24598846;11/09/2026 09:30:11;7807;Nicolas;Perez;Maximiliano Nievas;Nicolas Perez
14251609;12/09/2026 07:40:38;3;2;0001  215100-1;05;CAMIONETA LUN 3;2091305;"BH09    ";"BONOMI HERNAN ALBERTO                             ";MIGUEL CANE 1647;952628;"60-150         ";60-150 - LAVATORIO CR C.CERAM TOLEDO;1;1;1;23323394;110926135307526;183149593;;;;07/28/2031 00:00:00;1;13926663;11/09/2026 13:53:07;Maximiliano;Nievas;24598846;11/09/2026 09:30:11;7807;Nicolas;Perez;Maximiliano Nievas;Nicolas Perez
14251609;12/09/2026 07:40:38;3;2;0001  215100-1;05;CAMIONETA LUN 3;2091305;"BH09    ";"BONOMI HERNAN ALBERTO                             ";MIGUEL CANE 1647;952610;"60-122         ";60-122 - LAVATORIO C.CERAM CR VALENCIA;1;1;1;23323394;110926135307526;183148915;;;;12/10/2031 00:00:00;1;13926663;11/09/2026 13:53:07;Maximiliano;Nievas;24598846;11/09/2026 09:30:11;7807;Nicolas;Perez;Maximiliano Nievas;Nicolas Perez
14251609;12/09/2026 07:40:38;3;2;0001  215100-1;05;CAMIONETA LUN 3;2091305;"BH09    ";"BONOMI HERNAN ALBERTO                             ";MIGUEL CANE 1647;952509;"55-010         ";55-010 - COCINA PARED EMB. P.ALTO BL/CR LORCA;2;2;2;23323394;110926135307526;183146805;;;;01/10/2032 00:00:00;2;13926663;11/09/2026 13:53:07;Maximiliano;Nievas;24598846;11/09/2026 09:30:11;7807;Nicolas;Perez;Maximiliano Nievas;Nicolas Perez
14251609;12/09/2026 07:40:38;3;2;0001  215100-1;05;CAMIONETA LUN 3;2091305;"BH09    ";"BONOMI HERNAN ALBERTO                             ";MIGUEL CANE 1647;952504;"55-002         ";55-002 - COCINA P/PARED EMB P.ALTO RENACER;2;2;2;23323394;110926135307526;183147706;;;;07/31/2031 00:00:00;2;13926663;11/09/2026 13:53:07;Maximiliano;Nievas;24598846;11/09/2026 09:30:11;7807;Nicolas;Perez;Maximiliano Nievas;Nicolas Perez
14251609;12/09/2026 07:40:38;3;2;0001  215100-1;05;CAMIONETA LUN 3;2091305;"BH09    ";"BONOMI HERNAN ALBERTO                             ";MIGUEL CANE 1647;952438;"51-058         ";51-058 - COCINA MESADA CR C.STD MALBA;2;2;2;23323394;110926135307526;183146484;;;;10/19/2031 00:00:00;2;13926663;11/09/2026 13:53:07;Maximiliano;Nievas;24598846;11/09/2026 09:30:11;7807;Nicolas;Perez;Maximiliano Nievas;Nicolas Perez
14251609;12/09/2026 07:40:38;3;2;0001  215100-1;05;CAMIONETA LUN 3;2091305;"BH09    ";"BONOMI HERNAN ALBERTO                             ";MIGUEL CANE 1647;952437;"51-057         ";51-057 - COCINA MESADA CR C.STD VERIN PLUS;2;2;2;23323394;110926135307526;183152412;;;;01/27/2032 00:00:00;2;13926663;11/09/2026 13:53:07;Maximiliano;Nievas;24598846;11/09/2026 09:30:11;7807;Nicolas;Perez;Maximiliano Nievas;Nicolas Perez
14251609;12/09/2026 07:40:38;3;2;0001  215100-1;05;CAMIONETA LUN 3;2091305;"BH09    ";"BONOMI HERNAN ALBERTO                             ";MIGUEL CANE 1647;952351;"469            ";"469 - DUCHA EMB. S/TRANSF.CR ""LAZA""";1;1;1;23323394;110926135307526;183148625;;;;01/20/2032 00:00:00;1;13926663;11/09/2026 13:53:07;Maximiliano;Nievas;24598846;11/09/2026 09:30:11;7807;Nicolas;Perez;Maximiliano Nievas;Nicolas Perez
14251609;12/09/2026 07:40:38;3;2;0001  215100-1;05;CAMIONETA LUN 3;2091305;"BH09    ";"BONOMI HERNAN ALBERTO                             ";MIGUEL CANE 1647;952076;"33-002         ";"33-002 - CANILLA MESADA ""RENACER""";4;4;4;23323394;110926135307526;183156226;;;;07/31/2031 00:00:00;4;13926663;11/09/2026 13:53:07;Maximiliano;Nievas;24598846;11/09/2026 09:30:11;7807;Nicolas;Perez;Maximiliano Nievas;Nicolas Perez
14251609;12/09/2026 07:40:38;3;2;0001  215100-1;05;CAMIONETA LUN 3;2091305;"BH09    ";"BONOMI HERNAN ALBERTO                             ";MIGUEL CANE 1647;952064;"32-002         ";"32-002 - CANILLA DE PARED PICO BAJO ""RENACER""";5;5;5;23323394;110926135307526;183155528;;;;02/16/2032 00:00:00;5;13926663;11/09/2026 13:53:07;Maximiliano;Nievas;24598846;11/09/2026 09:30:11;7807;Nicolas;Perez;Maximiliano Nievas;Nicolas Perez
14251609;12/09/2026 07:40:38;3;2;0001  215100-1;05;CAMIONETA LUN 3;2091305;"BH09    ";"BONOMI HERNAN ALBERTO                             ";MIGUEL CANE 1647;952025;"314            ";314 - BIDE CRUZ BL/CR ARES;2;2;2;23323394;110926135307526;183150346;;;;07/29/2031 00:00:00;2;13926663;11/09/2026 13:53:07;Maximiliano;Nievas;24598846;11/09/2026 09:30:11;7807;Nicolas;Perez;Maximiliano Nievas;Nicolas Perez
14251609;12/09/2026 07:40:38;3;2;0001  215100-1;05;CAMIONETA LUN 3;2091305;"BH09    ";"BONOMI HERNAN ALBERTO                             ";MIGUEL CANE 1647;952001;"31-002         ";"31-002 - CANILLA DE PARED PICO ALTO ""RENACER""";5;5;5;23323394;110926135307526;183155867;;;;01/25/2032 00:00:00;5;13926663;11/09/2026 13:53:07;Maximiliano;Nievas;24598846;11/09/2026 09:30:11;7807;Nicolas;Perez;Maximiliano Nievas;Nicolas Perez
14251609;12/09/2026 07:40:38;3;2;0001  215100-1;05;CAMIONETA LUN 3;2091305;"BH09    ";"BONOMI HERNAN ALBERTO                             ";MIGUEL CANE 1647;951618;"214            ";214 - LAVATORIO CRUZ BL/CR ARES;5;5;5;23323394;110926135307526;183150592;;;;07/31/2031 00:00:00;5;13926663;11/09/2026 13:53:07;Maximiliano;Nievas;24598846;11/09/2026 09:30:11;7807;Nicolas;Perez;Maximiliano Nievas;Nicolas Perez
14251609;12/09/2026 07:40:38;3;2;0001  215100-1;05;CAMIONETA LUN 3;2091305;"BH09    ";"BONOMI HERNAN ALBERTO                             ";MIGUEL CANE 1647;951568;"203            ";"203 - LAVATORIO CROMO ""DIQUE""";4;4;4;23323394;110926135307526;183147460;;;;01/11/2032 00:00:00;4;13926663;11/09/2026 13:53:07;Maximiliano;Nievas;24598846;11/09/2026 09:30:11;7807;Nicolas;Perez;Maximiliano Nievas;Nicolas Perez
14251609;12/09/2026 07:40:38;3;2;0001  215100-1;05;CAMIONETA LUN 3;2091305;"BH09    ";"BONOMI HERNAN ALBERTO                             ";MIGUEL CANE 1647;953445;"919/M          ";919/M - JGO.MDA.P.CANO CROMO LAZA;2;2;2;23323394;110926135307526;183147155;;;;01/31/2032 00:00:00;2;13926663;11/09/2026 13:53:07;Maximiliano;Nievas;24598846;11/09/2026 09:30:11;7807;Nicolas;Perez;Maximiliano Nievas;Nicolas Perez
14251609;12/09/2026 07:40:38;3;2;0001  215100-1;05;CAMIONETA LUN 3;2091305;"BH09    ";"BONOMI HERNAN ALBERTO                             ";MIGUEL CANE 1647;953437;"914/CR         ";914/CR - JGO.MDA.P.CAÑO CR ARES;5;5;5;23323394;110926135307526;183151005;;;;01/13/2032 00:00:00;5;13926663;11/09/2026 13:53:07;Maximiliano;Nievas;24598846;11/09/2026 09:30:11;7807;Nicolas;Perez;Maximiliano Nievas;Nicolas Perez
14251609;12/09/2026 07:40:38;3;2;0001  215100-1;05;CAMIONETA LUN 3;2091305;"BH09    ";"BONOMI HERNAN ALBERTO                             ";MIGUEL CANE 1647;953435;"914            ";914 - JGO.MDA.P.CAÑO BL/CR ARES;5;5;5;23323394;110926135307526;183150108;;;;07/31/2031 00:00:00;5;13926663;11/09/2026 13:53:07;Maximiliano;Nievas;24598846;11/09/2026 09:30:11;7807;Nicolas;Perez;Maximiliano Nievas;Nicolas Perez
14251609;12/09/2026 07:40:38;3;2;0001  215100-1;05;CAMIONETA LUN 3;2091305;"BH09    ";"BONOMI HERNAN ALBERTO                             ";MIGUEL CANE 1647;953347;"85-168N        ";85-168N - DUCHA MONOC C/TRANSF Y DUCHADOR BLACK WAVE;1;1;1;23323394;110926135307526;183154209;;;;02/04/2032 00:00:00;1;13926663;11/09/2026 13:53:07;Maximiliano;Nievas;24598846;11/09/2026 09:30:11;7807;Nicolas;Perez;Maximiliano Nievas;Nicolas Perez
14251609;12/09/2026 07:40:38;3;2;0001  215100-1;05;CAMIONETA LUN 3;2091305;"BH09    ";"BONOMI HERNAN ALBERTO                             ";MIGUEL CANE 1647;953507;"949            ";949 - JGO.COC.PARED.EMB. CR LAZA;2;2;2;23323394;110926135307526;183149117;;;;07/29/2031 00:00:00;2;13926663;11/09/2026 13:53:07;Maximiliano;Nievas;24598846;11/09/2026 09:30:11;7807;Nicolas;Perez;Maximiliano Nievas;Nicolas Perez
14251609;12/09/2026 07:40:38;3;2;0001  215100-1;05;CAMIONETA LUN 3;2091305;"BH09    ";"BONOMI HERNAN ALBERTO                             ";MIGUEL CANE 1647;953495;"944/CR         ";944/CR - JGO COC.PARED EMB.CRUZ CR/CR ARES;5;5;5;23323394;110926135307526;183151544;;;;07/31/2031 00:00:00;5;13926663;11/09/2026 13:53:07;Maximiliano;Nievas;24598846;11/09/2026 09:30:11;7807;Nicolas;Perez;Maximiliano Nievas;Nicolas Perez
14251609;12/09/2026 07:40:38;3;2;0001  215100-1;05;CAMIONETA LUN 3;2091305;"BH09    ";"BONOMI HERNAN ALBERTO                             ";MIGUEL CANE 1647;953346;"85-168         ";85-168 - DUCHA MONOC C/TRANSF Y DUCHADOR CR WAVE;1;1;1;23323394;110926135307526;183152140;;;;02/01/2032 00:00:00;1;13926663;11/09/2026 13:53:07;Maximiliano;Nievas;24598846;11/09/2026 09:30:11;7807;Nicolas;Perez;Maximiliano Nievas;Nicolas Perez
14251609;12/09/2026 07:40:38;3;2;0001  215100-1;05;CAMIONETA LUN 3;2091305;"BH09    ";"BONOMI HERNAN ALBERTO                             ";MIGUEL CANE 1647;953119;"80-175G        ";80-175G - DUCHA EMB C/TRANSF. GOLD C.CERAM PULSE;1;1;1;23323394;110926135307526;183153071;;;;07/29/2031 00:00:00;1;13926663;11/09/2026 13:53:07;Maximiliano;Nievas;24598846;11/09/2026 09:30:11;7807;Nicolas;Perez;Maximiliano Nievas;Nicolas Perez
14251609;12/09/2026 07:40:38;3;2;0001  215100-1;05;CAMIONETA LUN 3;2091305;"BH09    ";"BONOMI HERNAN ALBERTO                             ";MIGUEL CANE 1647;953113;"80-168N        ";80-168N - DUCHA EMB C/TRANSF MONOC BLACK WAVE;1;1;1;23323394;110926135307526;183153857;;;;01/22/2032 00:00:00;1;13926663;11/09/2026 13:53:07;Maximiliano;Nievas;24598846;11/09/2026 09:30:11;7807;Nicolas;Perez;Maximiliano Nievas;Nicolas Perez
14251609;12/09/2026 07:40:38;3;2;0001  215100-1;05;CAMIONETA LUN 3;2091305;"BH09    ";"BONOMI HERNAN ALBERTO                             ";MIGUEL CANE 1647;953110;"80-166N        ";80-166N - DUCHA EMB. C/TRANSF. BLACK C.CERAM ADRA PLUS;1;1;1;23323394;110926135307526;183148308;;;;01/07/2032 00:00:00;1;13926663;11/09/2026 13:53:07;Maximiliano;Nievas;24598846;11/09/2026 09:30:11;7807;Nicolas;Perez;Maximiliano Nievas;Nicolas Perez
14251609;12/09/2026 07:40:38;3;2;0001  215100-1;05;CAMIONETA LUN 3;2091305;"BH09    ";"BONOMI HERNAN ALBERTO                             ";MIGUEL CANE 1647;953107;"80-162         ";80-162 - DUCHA EMB. C/TRANSF. CR C.CERAM ADRA;1;1;1;23323394;110926135307526;183146239;;;;07/29/2031 00:00:00;1;13926663;11/09/2026 13:53:07;Maximiliano;Nievas;24598846;11/09/2026 09:30:11;7807;Nicolas;Perez;Maximiliano Nievas;Nicolas Perez
14251609;12/09/2026 07:40:38;3;2;0001  215100-1;05;CAMIONETA LUN 3;2091305;"BH09    ";"BONOMI HERNAN ALBERTO                             ";MIGUEL CANE 1647;953099;"80-150         ";80-150 - DUCHA EMB. C/TRANSF. CR C.CERAM TOLEDO;1;1;1;23323394;110926135307526;183149482;;;;11/19/2031 00:00:00;1;13926663;11/09/2026 13:53:07;Maximiliano;Nievas;24598846;11/09/2026 09:30:11;7807;Nicolas;Perez;Maximiliano Nievas;Nicolas Perez
14251609;12/09/2026 07:40:38;3;2;0001  215100-1;05;CAMIONETA LUN 3;2091305;"BH09    ";"BONOMI HERNAN ALBERTO                             ";MIGUEL CANE 1647;952945;"70-199         ";70-199 - BIDE CR C.CERAM LIVE;1;1;1;23323394;110926135307526;183154454;;;;12/16/2031 00:00:00;1;13926663;11/09/2026 13:53:07;Maximiliano;Nievas;24598846;11/09/2026 09:30:11;7807;Nicolas;Perez;Maximiliano Nievas;Nicolas Perez
14251609;12/09/2026 07:40:38;3;2;0001  215100-1;05;CAMIONETA LUN 3;2091305;"BH09    ";"BONOMI HERNAN ALBERTO                             ";MIGUEL CANE 1647;952922;"70-175G        ";70-175G - BIDE GOLD C.CERAM PULSE;1;1;1;23323394;110926135307526;183151826;;;;11/25/2031 00:00:00;1;13926663;11/09/2026 13:53:07;Maximiliano;Nievas;24598846;11/09/2026 09:30:11;7807;Nicolas;Perez;Maximiliano Nievas;Nicolas Perez
14251609;12/09/2026 07:40:38;3;2;0001  215100-1;05;CAMIONETA LUN 3;2091305;"BH09    ";"BONOMI HERNAN ALBERTO                             ";MIGUEL CANE 1647;952912;"70-162         ";70-162 - BIDE CR C.CERAM LINEA ADRA;2;2;2;23323394;110926135307526;183146081;;;;07/29/2031 00:00:00;2;13926663;11/09/2026 13:53:07;Maximiliano;Nievas;24598846;11/09/2026 09:30:11;7807;Nicolas;Perez;Maximiliano Nievas;Nicolas Perez
14251609;12/09/2026 07:40:38;3;2;0001  215100-1;05;CAMIONETA LUN 3;2091305;"BH09    ";"BONOMI HERNAN ALBERTO                             ";MIGUEL CANE 1647;952906;"70-150         ";70-150 - BIDE CR C.CERAM TOLEDO;1;1;1;23323394;110926135307526;183149355;;;;07/31/2031 00:00:00;1;13926663;11/09/2026 13:53:07;Maximiliano;Nievas;24598846;11/09/2026 09:30:11;7807;Nicolas;Perez;Maximiliano Nievas;Nicolas Perez
14251610;12/09/2026 07:24:10;3;2;0001  215103-1;05;CAMIONETA LUN 3;2091305;"BH09    ";"BONOMI HERNAN ALBERTO                             ";MIGUEL CANE 1647;951553;"20-184         ";"MONOCOMANDO DE COCINA CR SUV                                          ";3;3;3;23321826;120926072410520;183135658;;;;10/04/2031 00:00:00;3;13935987;12/09/2026 07:24:10;Gustavo;Soderquvist;24597439;11/09/2026 08:45:37;6867;Javier;Lescano;Gustavo Soderquvist;Javier Lescano
14251610;12/09/2026 07:24:10;3;2;0001  215103-1;05;CAMIONETA LUN 3;2091305;"BH09    ";"BONOMI HERNAN ALBERTO                             ";MIGUEL CANE 1647;952797;"63-176         ";"LAVATORIO PARED EMB MONOC CR RIO                                      ";1;1;1;23321826;120926072410520;183141754;;;;12/14/2031 00:00:00;1;13935987;12/09/2026 07:24:10;Gustavo;Soderquvist;24597439;11/09/2026 08:45:37;6867;Javier;Lescano;Gustavo Soderquvist;Javier Lescano
14251610;12/09/2026 07:24:10;3;2;0001  215103-1;05;CAMIONETA LUN 3;2091305;"BH09    ";"BONOMI HERNAN ALBERTO                             ";MIGUEL CANE 1647;952798;"63-176N        ";"LAVATORIO PARED EMB MONOC BLACK RIO                                   ";1;1;1;23321826;120926072410520;183141938;;;;12/14/2031 00:00:00;1;13935987;12/09/2026 07:24:10;Gustavo;Soderquvist;24597439;11/09/2026 08:45:37;6867;Javier;Lescano;Gustavo Soderquvist;Javier Lescano
14251610;12/09/2026 07:24:10;3;2;0001  215103-1;05;CAMIONETA LUN 3;2091305;"BH09    ";"BONOMI HERNAN ALBERTO                             ";MIGUEL CANE 1647;1007844;"20-122S        ";"MONOCOMANDO COCINA INOX C/PICO EXTRAIBLE VALENCIA                     ";6;6;6;23321826;120926072410520;183141286;;;;01/06/2032 00:00:00;6;13935987;12/09/2026 07:24:10;Gustavo;Soderquvist;24597439;11/09/2026 08:45:37;6867;Javier;Lescano;Gustavo Soderquvist;Javier Lescano
14251611;11/09/2026 14:01:34;3;2;0001  215115-1;05;CAMIONETA LUN 3;2091589;"CE01    ";"CENCOSUD S.A.                                     ";AV. PANAMERICANA Y FONDO DE LA LEGUA;952740;"62-100G        ";62-100G - LAVATORIO DE PARED GOLD C.CERAM FABRIC;5;5;5;23322344;110926140133863;183142728;;;;12/20/2031 00:00:00;5;13928124;11/09/2026 14:01:33;Maximiliano;Nievas;24597873;11/09/2026 08:51:46;7152;Mirko;Hernandez;Maximiliano Nievas;Mirko Hernandez
14251612;11/09/2026 14:03:45;3;2;0001  215116-1;05;CAMIONETA LUN 3;2091589;"CE01    ";"CENCOSUD S.A.                                     ";AV. PANAMERICANA Y FONDO DE LA LEGUA;952620;"60-135         ";60-135 - LAVATORIO C.CERAM SANTANDER;4;4;4;23322345;110926140344338;183143721;;;;01/14/2032 00:00:00;4;13928197;11/09/2026 14:03:44;Maximiliano;Nievas;24597873;11/09/2026 08:51:46;7152;Mirko;Hernandez;Maximiliano Nievas;Mirko Hernandez
14251613;12/09/2026 06:46:55;3;2;0001  215162-1;05;CAMIONETA LUN 3;2092048;"DC16    ";"DISEÑO Y CONSTRUCCION LEO SRL -CASA LEO           ";YERBAL 932;951513;"20-122N        ";20-122N - MONOCOMANDO COCINA C/PICO EXTRAIBLE VALENCIA BLACK;1;1;1;23323041;120926064650069;183143912;;;;08/06/2031 00:00:00;1;13935745;12/09/2026 06:46:50;Gustavo;Soderquvist;24598536;11/09/2026 08:53:21;7636;Kevin;Arce;Gustavo Soderquvist;Kevin Arce
14251614;11/09/2026 14:06:00;3;2;0001  215196-1;05;CAMIONETA LUN 3;2091589;"CE01    ";"CENCOSUD S.A.                                     ";AV. PANAMERICANA Y FONDO DE LA LEGUA;952669;"60-199N        ";60-199N - LAVATORIO BLACK C.CERAM LIVE;4;4;4;23322346;110926140600621;183140745;;;;07/27/2031 00:00:00;4;13928252;11/09/2026 14:06:00;Maximiliano;Nievas;24597873;11/09/2026 08:51:46;7152;Mirko;Hernandez;Maximiliano Nievas;Mirko Hernandez
14251614;11/09/2026 14:06:00;3;2;0001  215196-1;05;CAMIONETA LUN 3;2091589;"CE01    ";"CENCOSUD S.A.                                     ";AV. PANAMERICANA Y FONDO DE LA LEGUA;952947;"70-199N        ";70-199N - BIDE BLACK C.CERAM LIVE;5;5;5;23322346;110926140600621;183140575;;;;07/29/2031 00:00:00;5;13928252;11/09/2026 14:06:00;Maximiliano;Nievas;24597873;11/09/2026 08:51:46;7152;Mirko;Hernandez;Maximiliano Nievas;Mirko Hernandez
14251615;11/09/2026 14:41:06;3;2;0001  215210-1;05;CAMIONETA LUN 3;2094502;"SJ09    ";"SARABI JORGE RUBEN - DISTRIBUIDORA JS             ";SUCRE 163;952618;"60-133         ";60-133 - LAVATORIO MONOCOMANDO LUGO;2;2;2;23323486;110926125732500;183147389;;;;07/29/2031 00:00:00;2;13926122;11/09/2026 12:57:32;Gustavo;Soderquvist;24598937;11/09/2026 09:10:46;7827;Javier;Machado;Gustavo Soderquvist;Javier Machado
14251615;11/09/2026 14:41:06;3;2;0001  215210-1;05;CAMIONETA LUN 3;2094502;"SJ09    ";"SARABI JORGE RUBEN - DISTRIBUIDORA JS             ";SUCRE 163;953312;"83-133         ";83-133 - DUCHA EXT. C/TRANSF. MONOCOMANDO LUGO;2;2;2;23323486;110926125732500;183146621;;;;07/30/2031 00:00:00;2;13926122;11/09/2026 12:57:32;Gustavo;Soderquvist;24598937;11/09/2026 09:10:46;7827;Javier;Machado;Gustavo Soderquvist;Javier Machado
14251615;11/09/2026 14:41:06;3;2;0001  215210-1;05;CAMIONETA LUN 3;2094502;"SJ09    ";"SARABI JORGE RUBEN - DISTRIBUIDORA JS             ";SUCRE 163;952896;"70-133         ";70-133 - BIDE MONOCOMANDO LUGO;2;2;2;23323486;110926125732500;183150098;;;;07/30/2031 00:00:00;2;13926122;11/09/2026 12:57:32;Gustavo;Soderquvist;24598937;11/09/2026 09:10:46;7827;Javier;Machado;Gustavo Soderquvist;Javier Machado
14251615;11/09/2026 14:41:06;3;2;0001  215210-1;05;CAMIONETA LUN 3;2094502;"SJ09    ";"SARABI JORGE RUBEN - DISTRIBUIDORA JS             ";SUCRE 163;952939;"70-193         ";70-193 - BIDE MONOCOMANDO MORA;34;34;34;23323486;110926125732500;183148866;;;;07/28/2031 00:00:00;34;13926122;11/09/2026 12:57:32;Gustavo;Soderquvist;24598937;11/09/2026 09:10:46;7827;Javier;Machado;Gustavo Soderquvist;Javier Machado
14251615;11/09/2026 14:41:06;3;2;0001  215210-1;05;CAMIONETA LUN 3;2094502;"SJ09    ";"SARABI JORGE RUBEN - DISTRIBUIDORA JS             ";SUCRE 163;953140;"80-193         ";80-193 - DUCHA EMB. C/TRANSF. MONOCOMANDO MORA;12;12;12;23323486;110926125732500;183149402;;;;07/27/2031 00:00:00;12;13926122;11/09/2026 12:57:32;Gustavo;Soderquvist;24598937;11/09/2026 09:10:46;7827;Javier;Machado;Gustavo Soderquvist;Javier Machado
14251615;11/09/2026 14:41:06;3;2;0001  215210-1;05;CAMIONETA LUN 3;2094502;"SJ09    ";"SARABI JORGE RUBEN - DISTRIBUIDORA JS             ";SUCRE 163;953197;"81-010         ";81-010 - DUCHA EMB. S/TRANSF. BL/CR LORCA;6;6;6;23323578;110926144106407;183150826;;;;11/24/2031 00:00:00;6;13929073;11/09/2026 14:41:06;Gustavo;Soderquvist;24599035;11/09/2026 09:21:48;7636;Kevin;Arce;Gustavo Soderquvist;Kevin Arce
14251615;11/09/2026 14:41:06;3;2;0001  215210-1;05;CAMIONETA LUN 3;2094502;"SJ09    ";"SARABI JORGE RUBEN - DISTRIBUIDORA JS             ";SUCRE 163;953060;"80-058         ";80-058 - DUCHA EMB. C/TRANSF. CR C.STD MALBA;4;4;4;23323578;110926144106407;183152350;;;;01/06/2032 00:00:00;4;13929073;11/09/2026 14:41:06;Gustavo;Soderquvist;24599035;11/09/2026 09:21:48;7636;Kevin;Arce;Gustavo Soderquvist;Kevin Arce
14251615;11/09/2026 14:41:06;3;2;0001  215210-1;05;CAMIONETA LUN 3;2094502;"SJ09    ";"SARABI JORGE RUBEN - DISTRIBUIDORA JS             ";SUCRE 163;953059;"80-057         ";80-057 - DUCHA EMB. C/TRANSF. C.STD VERIN PLUS;4;4;4;23323578;110926144106407;183151224;;;;02/08/2032 00:00:00;4;13929073;11/09/2026 14:41:06;Gustavo;Soderquvist;24599035;11/09/2026 09:21:48;7636;Kevin;Arce;Gustavo Soderquvist;Kevin Arce
14251615;11/09/2026 14:41:06;3;2;0001  215210-1;05;CAMIONETA LUN 3;2094502;"SJ09    ";"SARABI JORGE RUBEN - DISTRIBUIDORA JS             ";SUCRE 163;953028;"80-010         ";80-010 - DUCHA EMB. C/TRANSF. BL/CR LORCA;12;12;12;23323578;110926144106407;183148765;;;;09/16/2031 00:00:00;12;13929073;11/09/2026 14:41:06;Gustavo;Soderquvist;24599035;11/09/2026 09:21:48;7636;Kevin;Arce;Gustavo Soderquvist;Kevin Arce
14251615;11/09/2026 14:41:06;3;2;0001  215210-1;05;CAMIONETA LUN 3;2094502;"SJ09    ";"SARABI JORGE RUBEN - DISTRIBUIDORA JS             ";SUCRE 163;952862;"70-058         ";70-058 - BIDE CR C.STD MALBA;4;4;4;23323578;110926144106407;183152644;;;;10/20/2031 00:00:00;4;13929073;11/09/2026 14:41:06;Gustavo;Soderquvist;24599035;11/09/2026 09:21:48;7636;Kevin;Arce;Gustavo Soderquvist;Kevin Arce
14251615;11/09/2026 14:41:06;3;2;0001  215210-1;05;CAMIONETA LUN 3;2094502;"SJ09    ";"SARABI JORGE RUBEN - DISTRIBUIDORA JS             ";SUCRE 163;952860;"70-057         ";70-057 - BIDE C.STD VERIN PLUS;4;4;4;23323578;110926144106407;183151784;;;;01/27/2032 00:00:00;4;13929073;11/09/2026 14:41:06;Gustavo;Soderquvist;24599035;11/09/2026 09:21:48;7636;Kevin;Arce;Gustavo Soderquvist;Kevin Arce
14251615;11/09/2026 14:41:06;3;2;0001  215210-1;05;CAMIONETA LUN 3;2094502;"SJ09    ";"SARABI JORGE RUBEN - DISTRIBUIDORA JS             ";SUCRE 163;952831;"70-010         ";70-010 - BIDE BL/CR LORCA;12;12;12;23323578;110926144106407;183149450;;;;12/08/2031 00:00:00;12;13929073;11/09/2026 14:41:06;Gustavo;Soderquvist;24599035;11/09/2026 09:21:48;7636;Kevin;Arce;Gustavo Soderquvist;Kevin Arce
14251615;11/09/2026 14:41:06;3;2;0001  215210-1;05;CAMIONETA LUN 3;2094502;"SJ09    ";"SARABI JORGE RUBEN - DISTRIBUIDORA JS             ";SUCRE 163;952583;"60-058         ";60-058 - LAVATORIO CR C.STD MALBA;4;4;4;23323578;110926144106407;183153574;;;;12/03/2031 00:00:00;4;13929073;11/09/2026 14:41:06;Gustavo;Soderquvist;24599035;11/09/2026 09:21:48;7636;Kevin;Arce;Gustavo Soderquvist;Kevin Arce
14251615;11/09/2026 14:41:06;3;2;0001  215210-1;05;CAMIONETA LUN 3;2094502;"SJ09    ";"SARABI JORGE RUBEN - DISTRIBUIDORA JS             ";SUCRE 163;952582;"60-057         ";60-057 - LAVATORIO C.STD VERIN PLUS;4;4;4;23323578;110926144106407;183151488;;;;01/31/2032 00:00:00;4;13929073;11/09/2026 14:41:06;Gustavo;Soderquvist;24599035;11/09/2026 09:21:48;7636;Kevin;Arce;Gustavo Soderquvist;Kevin Arce
14251615;11/09/2026 14:41:06;3;2;0001  215210-1;05;CAMIONETA LUN 3;2094502;"SJ09    ";"SARABI JORGE RUBEN - DISTRIBUIDORA JS             ";SUCRE 163;952551;"60-010         ";60-010 - LAVATORIO BL/CR LORCA;12;12;12;23323578;110926144106407;183148086;;;;12/07/2031 00:00:00;12;13929073;11/09/2026 14:41:06;Gustavo;Soderquvist;24599035;11/09/2026 09:21:48;7636;Kevin;Arce;Gustavo Soderquvist;Kevin Arce
14251615;11/09/2026 14:41:06;3;2;0001  215210-1;05;CAMIONETA LUN 3;2094502;"SJ09    ";"SARABI JORGE RUBEN - DISTRIBUIDORA JS             ";SUCRE 163;952438;"51-058         ";51-058 - COCINA MESADA CR C.STD MALBA;10;10;10;23323578;110926144106407;183150226;;;;10/19/2031 00:00:00;10;13929073;11/09/2026 14:41:06;Gustavo;Soderquvist;24599035;11/09/2026 09:21:48;7636;Kevin;Arce;Gustavo Soderquvist;Kevin Arce
14251616;11/09/2026 14:24:08;3;2;0001  215252-1;05;CAMIONETA LUN 3;2091970;"CT06    ";"COMERCIAL TUCSON S.A.                             ";COLECTORA PANAMERICANA   28851;951300;"17030G         ";17030G - PERCHA LINEA FABRIC GOLD;2;2;2;23321827;110926142408586;183141491;;;;07/29/2031 00:00:00;2;13928773;11/09/2026 14:24:08;Gustavo;Soderquvist;24597439;11/09/2026 08:45:37;6867;Javier;Lescano;Gustavo Soderquvist;Javier Lescano
14251616;11/09/2026 14:24:08;3;2;0001  215252-1;05;CAMIONETA LUN 3;2091970;"CT06    ";"COMERCIAL TUCSON S.A.                             ";COLECTORA PANAMERICANA   28851;951303;"17040G         ";17040G - PORTA ROLLO LINEA FABRIC GOLD;1;1;1;23321827;110926142408586;183140611;;;;07/28/2031 00:00:00;1;13928773;11/09/2026 14:24:08;Gustavo;Soderquvist;24597439;11/09/2026 08:45:37;6867;Javier;Lescano;Gustavo Soderquvist;Javier Lescano
14251616;11/09/2026 14:24:08;3;2;0001  215252-1;05;CAMIONETA LUN 3;2091970;"CT06    ";"COMERCIAL TUCSON S.A.                             ";COLECTORA PANAMERICANA   28851;952713;"61-176N        ";61-176N - LAVATORIO MONOC ALTO BLACK RIO;1;1;1;23321827;110926142408586;183138706;;;;07/29/2031 00:00:00;1;13928773;11/09/2026 14:24:08;Gustavo;Soderquvist;24597439;11/09/2026 08:45:37;6867;Javier;Lescano;Gustavo Soderquvist;Javier Lescano
14251616;11/09/2026 14:24:08;3;2;0001  215252-1;05;CAMIONETA LUN 3;2091970;"CT06    ";"COMERCIAL TUCSON S.A.                             ";COLECTORA PANAMERICANA   28851;952724;"61-200G        ";61-200G - LAVATORIO MONOC ALTO GOLD FABRIC;2;2;2;23321827;110926142408586;183138986;;;;07/27/2031 00:00:00;2;13928773;11/09/2026 14:24:08;Gustavo;Soderquvist;24597439;11/09/2026 08:45:37;6867;Javier;Lescano;Gustavo Soderquvist;Javier Lescano
14251616;11/09/2026 14:24:08;3;2;0001  215252-1;05;CAMIONETA LUN 3;2091970;"CT06    ";"COMERCIAL TUCSON S.A.                             ";COLECTORA PANAMERICANA   28851;952795;"63-168         ";63-168 - LAVATORIO PARED EMB MONOC CR WAVE;1;1;1;23321827;110926142408586;183137541;;;;07/28/2031 00:00:00;1;13928773;11/09/2026 14:24:08;Gustavo;Soderquvist;24597439;11/09/2026 08:45:37;6867;Javier;Lescano;Gustavo Soderquvist;Javier Lescano
14251616;11/09/2026 14:24:08;3;2;0001  215252-1;05;CAMIONETA LUN 3;2091970;"CT06    ";"COMERCIAL TUCSON S.A.                             ";COLECTORA PANAMERICANA   28851;952796;"63-168N        ";"LAVATORIO PARED EMB MONOC BLACK WAVE                                  ";2;2;2;23321827;110926142408586;183136016;;;;07/28/2031 00:00:00;2;13928773;11/09/2026 14:24:08;Gustavo;Soderquvist;24597439;11/09/2026 08:45:37;6867;Javier;Lescano;Gustavo Soderquvist;Javier Lescano
14251616;11/09/2026 14:24:08;3;2;0001  215252-1;05;CAMIONETA LUN 3;2091970;"CT06    ";"COMERCIAL TUCSON S.A.                             ";COLECTORA PANAMERICANA   28851;952950;"70-200G        ";70-200G - BIDE MONOCOMANDO GOLD FABRIC;2;2;2;23321827;110926142408586;183139529;;;;07/27/2031 00:00:00;2;13928773;11/09/2026 14:24:08;Gustavo;Soderquvist;24597439;11/09/2026 08:45:37;6867;Javier;Lescano;Gustavo Soderquvist;Javier Lescano
14251616;11/09/2026 14:24:08;3;2;0001  215252-1;05;CAMIONETA LUN 3;2091970;"CT06    ";"COMERCIAL TUCSON S.A.                             ";COLECTORA PANAMERICANA   28851;953316;"83-176         ";83-176 - DUCHA EXT. C/TRANSF. MONOC CR RIO;1;1;1;23321827;110926142408586;183138608;;;;07/28/2031 00:00:00;1;13928773;11/09/2026 14:24:08;Gustavo;Soderquvist;24597439;11/09/2026 08:45:37;6867;Javier;Lescano;Gustavo Soderquvist;Javier Lescano
14251616;11/09/2026 14:24:08;3;2;0001  215252-1;05;CAMIONETA LUN 3;2091970;"CT06    ";"COMERCIAL TUCSON S.A.                             ";COLECTORA PANAMERICANA   28851;953073;"80-100NI       ";80-100NI - DUCHA EMB. C/TRANSF. NICKEL C.CERAM FABRIC;1;1;1;23322739;110926141945087;183141576;;;;02/08/2032 00:00:00;1;13928464;11/09/2026 14:19:45;Gustavo;Soderquvist;24598301;11/09/2026 08:49:06;7807;Nicolas;Perez;Gustavo Soderquvist;Nicolas Perez
14251616;11/09/2026 14:24:08;3;2;0001  215252-1;05;CAMIONETA LUN 3;2091970;"CT06    ";"COMERCIAL TUCSON S.A.                             ";COLECTORA PANAMERICANA   28851;952876;"70-100NI       ";70-100NI - BIDE NICKEL C.CERAM FABRIC;1;1;1;23322739;110926141945087;183143074;;;;12/01/2031 00:00:00;1;13928464;11/09/2026 14:19:45;Gustavo;Soderquvist;24598301;11/09/2026 08:49:06;7807;Nicolas;Perez;Gustavo Soderquvist;Nicolas Perez
14251616;11/09/2026 14:24:08;3;2;0001  215252-1;05;CAMIONETA LUN 3;2091970;"CT06    ";"COMERCIAL TUCSON S.A.                             ";COLECTORA PANAMERICANA   28851;952758;"62-162         ";62-162 - LAVATORIO DE PARED CR C.CERAM ADRA;1;1;1;23322739;110926141945087;183140875;;;;07/31/2031 00:00:00;1;13928464;11/09/2026 14:19:45;Gustavo;Soderquvist;24598301;11/09/2026 08:49:06;7807;Nicolas;Perez;Gustavo Soderquvist;Nicolas Perez
14251616;11/09/2026 14:24:08;3;2;0001  215252-1;05;CAMIONETA LUN 3;2091970;"CT06    ";"COMERCIAL TUCSON S.A.                             ";COLECTORA PANAMERICANA   28851;952742;"62-100NI       ";62-100NI - LAVATORIO DE PARED NICKEL C.CERAM FABRIC;2;2;2;23322739;110926141945087;183141234;;;;09/02/2031 00:00:00;2;13928464;11/09/2026 14:19:45;Gustavo;Soderquvist;24598301;11/09/2026 08:49:06;7807;Nicolas;Perez;Gustavo Soderquvist;Nicolas Perez
14251616;11/09/2026 14:24:08;3;2;0001  215252-1;05;CAMIONETA LUN 3;2091970;"CT06    ";"COMERCIAL TUCSON S.A.                             ";COLECTORA PANAMERICANA   28851;952643;"60-175DG       ";60-175DG - LAVATORIO PULSE DARK GOLD C.CERAM;1;1;1;23322739;110926141945087;183142707;;;;07/31/2031 00:00:00;1;13928464;11/09/2026 14:19:45;Gustavo;Soderquvist;24598301;11/09/2026 08:49:06;7807;Nicolas;Perez;Gustavo Soderquvist;Nicolas Perez
14251616;11/09/2026 14:24:08;3;2;0001  215252-1;05;CAMIONETA LUN 3;2091970;"CT06    ";"COMERCIAL TUCSON S.A.                             ";COLECTORA PANAMERICANA   28851;952598;"60-100NI       ";60-100NI - LAVATORIO NICKEL C.CERAM FABRIC;2;2;2;23322739;110926141945087;183143328;;;;10/08/2031 00:00:00;2;13928464;11/09/2026 14:19:45;Gustavo;Soderquvist;24598301;11/09/2026 08:49:06;7807;Nicolas;Perez;Gustavo Soderquvist;Nicolas Perez
14251617;11/09/2026 14:04:33;3;2;0001  215319-1;05;CAMIONETA LUN 3;2091589;"CE01    ";"CENCOSUD S.A.                                     ";AV. PANAMERICANA Y FONDO DE LA LEGUA;952786;"62-201NI       ";62-201NI - LAVATORIO DE PARED C.CERAM BEAT NICKEL;1;1;1;23322347;110926140432593;183141382;;;;11/02/2031 00:00:00;1;13928213;11/09/2026 14:04:32;Maximiliano;Nievas;24597873;11/09/2026 08:51:46;7152;Mirko;Hernandez;Maximiliano Nievas;Mirko Hernandez
14251617;11/09/2026 14:04:33;3;2;0001  215319-1;05;CAMIONETA LUN 3;2091589;"CE01    ";"CENCOSUD S.A.                                     ";AV. PANAMERICANA Y FONDO DE LA LEGUA;953152;"80-200C        ";80-200C - DUCHA EMB. MONOC. 3 FUNCIONES CR FABRIC;1;1;1;23322347;110926140432593;183144131;;;;12/14/2031 00:00:00;1;13928213;11/09/2026 14:04:32;Maximiliano;Nievas;24597873;11/09/2026 08:51:46;7152;Mirko;Hernandez;Maximiliano Nievas;Mirko Hernandez
14251618;12/09/2026 06:41:52;3;2;0001  215320-1;05;CAMIONETA LUN 3;2091589;"CE01    ";"CENCOSUD S.A.                                     ";AV. PANAMERICANA Y FONDO DE LA LEGUA;951302;"17040C         ";17040C - PORTA ROLLO LINEA FABRIC CROMO;1;1;1;23323042;120926064152371;183144787;;;;07/29/2031 00:00:00;1;13935729;12/09/2026 06:41:52;Gustavo;Soderquvist;24598536;11/09/2026 08:53:21;7636;Kevin;Arce;Gustavo Soderquvist;Kevin Arce
14251619;12/09/2026 06:50:17;3;2;0001  215453-1;05;CAMIONETA LUN 3;2091589;"CE01    ";"CENCOSUD S.A.                                     ";AV. PANAMERICANA Y FONDO DE LA LEGUA;951550;"20-182         ";20-182 - MONOCOMANDO DE COCINA MULTIFUNCION CR ZENITH;1;1;1;23321828;120926065013216;183140230;;;;07/30/2031 00:00:00;1;13935761;12/09/2026 06:50:13;Gustavo;Soderquvist;24597439;11/09/2026 08:45:37;6867;Javier;Lescano;Gustavo Soderquvist;Javier Lescano
14251619;12/09/2026 06:50:17;3;2;0001  215453-1;05;CAMIONETA LUN 3;2091589;"CE01    ";"CENCOSUD S.A.                                     ";AV. PANAMERICANA Y FONDO DE LA LEGUA;952638;"60-168N        ";60-168N - LAVATORIO MONOC BAJO BLACK WAVE;1;1;1;23321828;120926065013216;183137134;;;;07/27/2031 00:00:00;1;13935761;12/09/2026 06:50:13;Gustavo;Soderquvist;24597439;11/09/2026 08:45:37;6867;Javier;Lescano;Gustavo Soderquvist;Javier Lescano
14251619;12/09/2026 06:50:17;3;2;0001  215453-1;05;CAMIONETA LUN 3;2091589;"CE01    ";"CENCOSUD S.A.                                     ";AV. PANAMERICANA Y FONDO DE LA LEGUA;952673;"60-200G        ";60-200G - LAVATORIO MONOC BAJO GOLD FABRIC;1;1;1;23321828;120926065013216;183139152;;;;07/28/2031 00:00:00;1;13935761;12/09/2026 06:50:13;Gustavo;Soderquvist;24597439;11/09/2026 08:45:37;6867;Javier;Lescano;Gustavo Soderquvist;Javier Lescano
14251619;12/09/2026 06:50:17;3;2;0001  215453-1;05;CAMIONETA LUN 3;2091589;"CE01    ";"CENCOSUD S.A.                                     ";AV. PANAMERICANA Y FONDO DE LA LEGUA;952916;"70-168N        ";70-168N - BIDE MONOC BLACK WAVE;2;2;2;23321828;120926065013216;183140825;;;;01/05/2032 00:00:00;2;13935761;12/09/2026 06:50:13;Gustavo;Soderquvist;24597439;11/09/2026 08:45:37;6867;Javier;Lescano;Gustavo Soderquvist;Javier Lescano
14251619;12/09/2026 06:50:17;3;2;0001  215453-1;05;CAMIONETA LUN 3;2091589;"CE01    ";"CENCOSUD S.A.                                     ";AV. PANAMERICANA Y FONDO DE LA LEGUA;952950;"70-200G        ";70-200G - BIDE MONOCOMANDO GOLD FABRIC;1;1;1;23321828;120926065013216;183139641;;;;07/27/2031 00:00:00;1;13935761;12/09/2026 06:50:13;Gustavo;Soderquvist;24597439;11/09/2026 08:45:37;6867;Javier;Lescano;Gustavo Soderquvist;Javier Lescano
14251619;12/09/2026 06:50:17;3;2;0001  215453-1;05;CAMIONETA LUN 3;2091589;"CE01    ";"CENCOSUD S.A.                                     ";AV. PANAMERICANA Y FONDO DE LA LEGUA;952951;"70-200N        ";70-200N - BIDE MONOCOMANDO BLACK FABRIC;1;1;1;23321828;120926065013216;183135759;;;;09/06/2031 00:00:00;1;13935761;12/09/2026 06:50:13;Gustavo;Soderquvist;24597439;11/09/2026 08:45:37;6867;Javier;Lescano;Gustavo Soderquvist;Javier Lescano
14251619;12/09/2026 06:50:17;3;2;0001  215453-1;05;CAMIONETA LUN 3;2091589;"CE01    ";"CENCOSUD S.A.                                     ";AV. PANAMERICANA Y FONDO DE LA LEGUA;953113;"80-168N        ";80-168N - DUCHA EMB C/TRANSF MONOC BLACK WAVE;1;1;1;23322348;110926135943958;183139177;;;;01/22/2032 00:00:00;1;13928027;11/09/2026 13:59:43;Maximiliano;Nievas;24597873;11/09/2026 08:51:46;7152;Mirko;Hernandez;Maximiliano Nievas;Mirko Hernandez
14251619;12/09/2026 06:50:17;3;2;0001  215453-1;05;CAMIONETA LUN 3;2091589;"CE01    ";"CENCOSUD S.A.                                     ";AV. PANAMERICANA Y FONDO DE LA LEGUA;952756;"62-153         ";62-153 - LAVATORIO PARED EMB. C.CERAM CASTILLA;5;5;5;23322348;110926135943958;183142317;;;;01/21/2032 00:00:00;5;13928027;11/09/2026 13:59:43;Maximiliano;Nievas;24597873;11/09/2026 08:51:46;7152;Mirko;Hernandez;Maximiliano Nievas;Mirko Hernandez
14251620;11/09/2026 13:44:54;3;2;0001  215396-1;05;CAMIONETA LUN 3;2091287;"BF11    ";"BLANCO FERNANDO - TECNOGRIF -                     ";AV PERON 3601;951551;"20-182N        ";20-182N - MONOCOMANDO DE COCINA MULTIFUNCION BLACK ZENITH;1;1;1;23321829;110926134453982;183139991;;;;07/30/2031 00:00:00;1;13927218;11/09/2026 13:44:53;Gustavo;Soderquvist;24597439;11/09/2026 08:45:37;6867;Javier;Lescano;Gustavo Soderquvist;Javier Lescano
14251620;11/09/2026 13:44:54;3;2;0001  215396-1;05;CAMIONETA LUN 3;2091287;"BF11    ";"BLANCO FERNANDO - TECNOGRIF -                     ";AV PERON 3601;951760;"3006SS         ";3006SS - SET DE 6 PIEZAS LINEA 3000 SS;1;1;1;23321829;110926134453982;183137619;;;;07/29/2031 00:00:00;1;13927218;11/09/2026 13:44:53;Gustavo;Soderquvist;24597439;11/09/2026 08:45:37;6867;Javier;Lescano;Gustavo Soderquvist;Javier Lescano
14251620;11/09/2026 13:44:54;3;2;0001  215396-1;05;CAMIONETA LUN 3;2091287;"BF11    ";"BLANCO FERNANDO - TECNOGRIF -                     ";AV PERON 3601;952679;"60-205         ";60-205 - LAVATORIO MONOC BAJO STEEL;1;1;1;23321829;110926134453982;183136272;;;;07/28/2031 00:00:00;1;13927218;11/09/2026 13:44:53;Gustavo;Soderquvist;24597439;11/09/2026 08:45:37;6867;Javier;Lescano;Gustavo Soderquvist;Javier Lescano
14251620;11/09/2026 13:44:54;3;2;0001  215396-1;05;CAMIONETA LUN 3;2091287;"BF11    ";"BLANCO FERNANDO - TECNOGRIF -                     ";AV PERON 3601;952956;"70-205         ";70-205 - BIDE MONOCOMANDO STEEL;1;1;1;23321829;110926134453982;183136367;;;;11/08/2031 00:00:00;1;13927218;11/09/2026 13:44:53;Gustavo;Soderquvist;24597439;11/09/2026 08:45:37;6867;Javier;Lescano;Gustavo Soderquvist;Javier Lescano
14251620;11/09/2026 13:44:54;3;2;0001  215396-1;05;CAMIONETA LUN 3;2091287;"BF11    ";"BLANCO FERNANDO - TECNOGRIF -                     ";AV PERON 3601;953322;"83-205         ";83-205 - DUCHA EXT C/TRANSF MONOC STEEL PICO CURVO;1;1;1;23321829;110926134453982;183137313;;;;07/27/2031 00:00:00;1;13927218;11/09/2026 13:44:53;Gustavo;Soderquvist;24597439;11/09/2026 08:45:37;6867;Javier;Lescano;Gustavo Soderquvist;Javier Lescano
14251620;11/09/2026 13:44:54;3;2;0001  215396-1;05;CAMIONETA LUN 3;2091287;"BF11    ";"BLANCO FERNANDO - TECNOGRIF -                     ";AV PERON 3601;954804;"AB-001         ";AB-001 - AGARRADERA ACERO INOX CROMADO 30 CM SAFE;5;5;5;23321829;110926134453982;183135222;;;;07/28/2031 00:00:00;5;13927218;11/09/2026 13:44:53;Gustavo;Soderquvist;24597439;11/09/2026 08:45:37;6867;Javier;Lescano;Gustavo Soderquvist;Javier Lescano
14251620;11/09/2026 13:44:54;3;2;0001  215396-1;05;CAMIONETA LUN 3;2091287;"BF11    ";"BLANCO FERNANDO - TECNOGRIF -                     ";AV PERON 3601;954805;"AB-002         ";AB-002 - AGARRADERA ACERO INOX CROMADO 40 CM SAFE;3;3;3;23321829;110926134453982;183135371;;;;08/12/2031 00:00:00;3;13927218;11/09/2026 13:44:53;Gustavo;Soderquvist;24597439;11/09/2026 08:45:37;6867;Javier;Lescano;Gustavo Soderquvist;Javier Lescano
14251620;11/09/2026 13:44:54;3;2;0001  215396-1;05;CAMIONETA LUN 3;2091287;"BF11    ";"BLANCO FERNANDO - TECNOGRIF -                     ";AV PERON 3601;954884;"BAI01N         ";BAI01N - BACHA EMB COCINA C/ACCESORIOS 750x450x220 BLACK GUN BRUSHED;1;1;1;23322495;110926133357614;183139218;;;;07/30/2031 00:00:00;1;13927208;11/09/2026 13:33:57;Gustavo;Soderquvist;24598090;11/09/2026 08:37:53;7807;Nicolas;Perez;Gustavo Soderquvist;Nicolas Perez
14251621;12/09/2026 06:48:01;3;2;0004     114-1;05;CAMIONETA LUN 3;2091305;"BH09    ";"BONOMI HERNAN ALBERTO                             ";MIGUEL CANE 1647;951618;"214            ";214 - LAVATORIO CRUZ BL/CR ARES;1;1;1;23322740;120926064758828;183142152;;;;07/31/2031 00:00:00;1;13935749;12/09/2026 06:47:58;Gustavo;Soderquvist;24598301;11/09/2026 08:49:06;7807;Nicolas;Perez;Gustavo Soderquvist;Nicolas Perez
14251621;12/09/2026 06:48:01;3;2;0004     114-1;05;CAMIONETA LUN 3;2091305;"BH09    ";"BONOMI HERNAN ALBERTO                             ";MIGUEL CANE 1647;953437;"914/CR         ";914/CR - JGO.MDA.P.CAÑO CR ARES;1;1;1;23322740;120926064758828;183142309;;;;01/13/2032 00:00:00;1;13935749;12/09/2026 06:47:58;Gustavo;Soderquvist;24598301;11/09/2026 08:49:06;7807;Nicolas;Perez;Gustavo Soderquvist;Nicolas Perez
14251621;12/09/2026 06:48:01;3;2;0004     114-1;05;CAMIONETA LUN 3;2091305;"BH09    ";"BONOMI HERNAN ALBERTO                             ";MIGUEL CANE 1647;952468;"52-121N        ";52-121N - GRIFERIA REBATIBLE LLENADO DE OLLAS MARBELLA BLACK;1;1;1;23323043;120926064722771;183143361;;;;07/28/2031 00:00:00;1;13935747;12/09/2026 06:47:22;Gustavo;Soderquvist;24598536;11/09/2026 08:53:21;7636;Kevin;Arce;Gustavo Soderquvist;Kevin Arce
14251622;12/09/2026 06:49:03;3;2;0004     118-1;05;CAMIONETA LUN 3;2094122;"RE19    ";"REVESTIR S.A.                                     ";AV. CENTENARIO 939;951302;"17040C         ";17040C - PORTA ROLLO LINEA FABRIC CROMO;1;1;1;23321830;120926064902883;183140512;;;;07/29/2031 00:00:00;1;13935758;12/09/2026 06:49:02;Gustavo;Soderquvist;24597439;11/09/2026 08:45:37;6867;Javier;Lescano;Gustavo Soderquvist;Javier Lescano
14251622;12/09/2026 06:49:03;3;2;0004     118-1;05;CAMIONETA LUN 3;2094122;"RE19    ";"REVESTIR S.A.                                     ";AV. CENTENARIO 939;951545;"20-172         ";20-172 - COCINA MESADA MONOC. COLORS NEGRO;1;1;1;23321830;120926064902883;183137406;;;;07/28/2031 00:00:00;1;13935758;12/09/2026 06:49:02;Gustavo;Soderquvist;24597439;11/09/2026 08:45:37;6867;Javier;Lescano;Gustavo Soderquvist;Javier Lescano
14251622;12/09/2026 06:49:03;3;2;0004     118-1;05;CAMIONETA LUN 3;2094122;"RE19    ";"REVESTIR S.A.                                     ";AV. CENTENARIO 939;952741;"62-100N        ";62-100N - LAVATORIO DE PARED BLACK C.CERAM FABRIC;1;1;1;23322741;120926064833839;183141867;;;;11/05/2031 00:00:00;1;13935754;12/09/2026 06:48:33;Gustavo;Soderquvist;24598301;11/09/2026 08:49:06;7807;Nicolas;Perez;Gustavo Soderquvist;Nicolas Perez
14251623;12/09/2026 07:47:12;3;2;0001  215495-1;05;CAMIONETA LUN 3;2093638;"MU06    ";"MULTIMATERIALES S.R.L.                            ";AV. FLEMING 2291;952856;"70-045         ";70-045 - BIDE CROMO C.STD CRUZ;2;2;2;23322349;110926140230063;183143308;;;;02/01/2032 00:00:00;2;13928147;11/09/2026 14:02:30;Maximiliano;Nievas;24597873;11/09/2026 08:51:46;7152;Mirko;Hernandez;Maximiliano Nievas;Mirko Hernandez
14251623;12/09/2026 07:47:12;3;2;0001  215495-1;05;CAMIONETA LUN 3;2093638;"MU06    ";"MULTIMATERIALES S.R.L.                            ";AV. FLEMING 2291;952862;"70-058         ";70-058 - BIDE CR C.STD MALBA;1;1;1;23322349;110926140230063;183140056;;;;10/20/2031 00:00:00;1;13928147;11/09/2026 14:02:30;Maximiliano;Nievas;24597873;11/09/2026 08:51:46;7152;Mirko;Hernandez;Maximiliano Nievas;Mirko Hernandez
14251623;12/09/2026 07:47:12;3;2;0001  215495-1;05;CAMIONETA LUN 3;2093638;"MU06    ";"MULTIMATERIALES S.R.L.                            ";AV. FLEMING 2291;952888;"70-122         ";70-122 - BIDE C.CERAM CR VALENCIA;1;1;1;23322349;110926140230063;183141942;;;;10/26/2031 00:00:00;1;13928147;11/09/2026 14:02:30;Maximiliano;Nievas;24597873;11/09/2026 08:51:46;7152;Mirko;Hernandez;Maximiliano Nievas;Mirko Hernandez
14251623;12/09/2026 07:47:12;3;2;0001  215495-1;05;CAMIONETA LUN 3;2093638;"MU06    ";"MULTIMATERIALES S.R.L.                            ";AV. FLEMING 2291;952679;"60-205         ";60-205 - LAVATORIO MONOC BAJO STEEL;1;1;1;23323553;120926074712380;183147036;;;;07/28/2031 00:00:00;1;13936164;12/09/2026 07:47:12;Gustavo;Soderquvist;24599008;11/09/2026 09:07:24;7152;Mirko;Hernandez;Gustavo Soderquvist;Mirko Hernandez
14251623;12/09/2026 07:47:12;3;2;0001  215495-1;05;CAMIONETA LUN 3;2093638;"MU06    ";"MULTIMATERIALES S.R.L.                            ";AV. FLEMING 2291;951528;"20-140         ";20-140 - MONOCOMANDO DE COCINA LINEA CUINA;2;2;2;23323553;120926074712380;183147919;;;;10/07/2031 00:00:00;2;13936164;12/09/2026 07:47:12;Gustavo;Soderquvist;24599008;11/09/2026 09:07:24;7152;Mirko;Hernandez;Gustavo Soderquvist;Mirko Hernandez
14251623;12/09/2026 07:47:12;3;2;0001  215495-1;05;CAMIONETA LUN 3;2093638;"MU06    ";"MULTIMATERIALES S.R.L.                            ";AV. FLEMING 2291;957569;"RA1204G        ";RA1204G - PICO DE DUCHA FABRIC GOLD;1;1;1;23323553;120926074712380;183148488;;;;07/31/2031 00:00:00;1;13936164;12/09/2026 07:47:12;Gustavo;Soderquvist;24599008;11/09/2026 09:07:24;7152;Mirko;Hernandez;Gustavo Soderquvist;Mirko Hernandez
14251623;12/09/2026 07:47:12;3;2;0001  215495-1;05;CAMIONETA LUN 3;2093638;"MU06    ";"MULTIMATERIALES S.R.L.                            ";AV. FLEMING 2291;957447;"RA1030         ";RA1030 - PICO ROCIADOR P/ MONOC COCINA CUINA;1;1;1;23323553;120926074712380;183148661;;;;02/21/2032 00:00:00;1;13936164;12/09/2026 07:47:12;Gustavo;Soderquvist;24599008;11/09/2026 09:07:24;7152;Mirko;Hernandez;Gustavo Soderquvist;Mirko Hernandez
14251623;12/09/2026 07:47:12;3;2;0001  215495-1;05;CAMIONETA LUN 3;2093638;"MU06    ";"MULTIMATERIALES S.R.L.                            ";AV. FLEMING 2291;952728;"61-205         ";61-205 - LAVATORIO MONOC ALTO STEEL;1;1;1;23323553;120926074712380;183147057;;;;07/28/2031 00:00:00;1;13936164;12/09/2026 07:47:12;Gustavo;Soderquvist;24599008;11/09/2026 09:07:24;7152;Mirko;Hernandez;Gustavo Soderquvist;Mirko Hernandez
14251640;11/09/2026 08:47:47;3;2;0001  215470-1;01;CAMIONETA LUN 2;2094989;"VM14    ";"VIESTI HNOS. SANITARIOS S. R. L.                  ";PTE. ARTURO ILIA 4289;952504;"55-002         ";55-002 - COCINA P/PARED EMB P.ALTO RENACER;2;2;2;23305935;110926084746939;183011685;;;;07/31/2031 00:00:00;2;13918960;11/09/2026 08:47:46;Tiago;Rodriguez;24582138;10/09/2026 14:58:04;7636;Kevin;Arce;Tiago Rodriguez;Kevin Arce
14251640;11/09/2026 08:47:47;3;2;0001  215470-1;01;CAMIONETA LUN 2;2094989;"VM14    ";"VIESTI HNOS. SANITARIOS S. R. L.                  ";PTE. ARTURO ILIA 4289;952582;"60-057         ";60-057 - LAVATORIO C.STD VERIN PLUS;4;4;4;23305935;110926084746939;183009763;;;;01/31/2032 00:00:00;4;13918960;11/09/2026 08:47:46;Tiago;Rodriguez;24582138;10/09/2026 14:58:04;7636;Kevin;Arce;Tiago Rodriguez;Kevin Arce
14251640;11/09/2026 08:47:47;3;2;0001  215470-1;01;CAMIONETA LUN 2;2094989;"VM14    ";"VIESTI HNOS. SANITARIOS S. R. L.                  ";PTE. ARTURO ILIA 4289;952634;"60-162         ";60-162 - LAVATORIO CR C.CERAM LINEA ADRA;2;2;2;23305935;110926084746939;183009020;;;;07/29/2031 00:00:00;2;13918960;11/09/2026 08:47:46;Tiago;Rodriguez;24582138;10/09/2026 14:58:04;7636;Kevin;Arce;Tiago Rodriguez;Kevin Arce
14251640;11/09/2026 08:47:47;3;2;0001  215470-1;01;CAMIONETA LUN 2;2094989;"VM14    ";"VIESTI HNOS. SANITARIOS S. R. L.                  ";PTE. ARTURO ILIA 4289;951535;"20-160         ";20-160 - MONOCOMANDO MESADA COCINA DIQUE;8;8;8;23310576;110926084628144;183053379;;;;07/28/2031 00:00:00;8;13918792;11/09/2026 08:46:28;Tiago;Rodriguez;24587179;10/09/2026 16:15:43;6922;Franco;Potenza;Tiago Rodriguez;Franco Potenza
14251640;11/09/2026 08:47:47;3;2;0001  215470-1;01;CAMIONETA LUN 2;2094989;"VM14    ";"VIESTI HNOS. SANITARIOS S. R. L.                  ";PTE. ARTURO ILIA 4289;951523;"20-134         ";20-134 - MONOCOMANDO COCINA BETIS;3;3;3;23322898;110926084209723;183054591;;;;08/11/2031 00:00:00;3;13918829;11/09/2026 08:42:09;Tiago;Rodriguez;;;;;;Tiago Rodriguez;
14251640;11/09/2026 08:47:47;3;2;0001  215470-1;01;CAMIONETA LUN 2;2094989;"VM14    ";"VIESTI HNOS. SANITARIOS S. R. L.                  ";PTE. ARTURO ILIA 4289;951611;"21-160         ";"MONOCOMANDO DUO COCINA CROMO DIQUE                                    ";1;1;1;23322898;110926084209723;183052959;;;;12/14/2031 00:00:00;1;13918829;11/09/2026 08:42:09;Tiago;Rodriguez;;;;;;Tiago Rodriguez;
14251640;11/09/2026 08:47:47;3;2;0001  215470-1;01;CAMIONETA LUN 2;2094989;"VM14    ";"VIESTI HNOS. SANITARIOS S. R. L.                  ";PTE. ARTURO ILIA 4289;957896;"RA846          ";RA846 - PICO DUCHA RODA / MARBELLA / VALENCIA;1;1;1;23323035;110926084450506;183049866;;;;07/31/2031 00:00:00;1;13918903;11/09/2026 08:44:50;Tiago;Rodriguez;;;;;;Tiago Rodriguez;
14251640;11/09/2026 08:47:47;3;2;0001  215470-1;01;CAMIONETA LUN 2;2094989;"VM14    ";"VIESTI HNOS. SANITARIOS S. R. L.                  ";PTE. ARTURO ILIA 4289;951548;"20-179         ";20-179 - MONOCOMANDO DE COCINA LARA;6;6;6;23323035;110926084450506;183051414;;;;07/27/2031 00:00:00;6;13918903;11/09/2026 08:44:50;Tiago;Rodriguez;;;;;;Tiago Rodriguez;
14251640;11/09/2026 08:47:47;3;2;0001  215470-1;01;CAMIONETA LUN 2;2094989;"VM14    ";"VIESTI HNOS. SANITARIOS S. R. L.                  ";PTE. ARTURO ILIA 4289;951026;"10050CR        ";"JABONERA LINEA 10000 MINIMALISTA                                      ";1;1;1;23323035;110926084450506;183052291;;;;07/28/2031 00:00:00;1;13918903;11/09/2026 08:44:50;Tiago;Rodriguez;;;;;;Tiago Rodriguez;
14251640;11/09/2026 08:47:47;3;2;0001  215470-1;01;CAMIONETA LUN 2;2094989;"VM14    ";"VIESTI HNOS. SANITARIOS S. R. L.                  ";PTE. ARTURO ILIA 4289;951018;"10040CR        ";"PORTA ROLLO LINEA 10000 MINIMALISTA                                   ";1;1;1;23323035;110926084450506;183051922;;;;12/28/2031 00:00:00;1;13918903;11/09/2026 08:44:50;Tiago;Rodriguez;;;;;;Tiago Rodriguez;
14251640;11/09/2026 08:47:47;3;2;0001  215470-1;01;CAMIONETA LUN 2;2094989;"VM14    ";"VIESTI HNOS. SANITARIOS S. R. L.                  ";PTE. ARTURO ILIA 4289;950995;"10020CR        ";"TOALLERO DE ARO LINEA 10000 MINIMALISTA                               ";1;1;1;23323035;110926084450506;183052174;;;;07/31/2031 00:00:00;1;13918903;11/09/2026 08:44:50;Tiago;Rodriguez;;;;;;Tiago Rodriguez;
14251640;11/09/2026 08:47:47;3;2;0001  215470-1;01;CAMIONETA LUN 2;2094989;"VM14    ";"VIESTI HNOS. SANITARIOS S. R. L.                  ";PTE. ARTURO ILIA 4289;950978;"10006CR        ";"SET DE 6 PIEZAS LINEA 10000 MINIMALISTA                               ";1;1;1;23323087;110926084548103;183050553;;;;07/28/2031 00:00:00;1;13918931;11/09/2026 08:45:48;Tiago;Rodriguez;;;;;;Tiago Rodriguez;
14251640;11/09/2026 08:47:47;3;2;0001  215470-1;01;CAMIONETA LUN 2;2094989;"VM14    ";"VIESTI HNOS. SANITARIOS S. R. L.                  ";PTE. ARTURO ILIA 4289;952437;"51-057         ";51-057 - COCINA MESADA CR C.STD VERIN PLUS;4;4;4;23323138;110926084715015;183017482;;;;01/27/2032 00:00:00;4;13918966;11/09/2026 08:47:15;Tiago;Rodriguez;;;;;;Tiago Rodriguez;
14251640;11/09/2026 08:47:47;3;2;0001  215470-1;01;CAMIONETA LUN 2;2094989;"VM14    ";"VIESTI HNOS. SANITARIOS S. R. L.                  ";PTE. ARTURO ILIA 4289;953432;"910/M          ";"910/M - JGO.MDA.P.CANO CROMO ""DIQUE""";4;4;4;23323138;110926084715015;183012204;;;;12/21/2031 00:00:00;4;13918966;11/09/2026 08:47:15;Tiago;Rodriguez;;;;;;Tiago Rodriguez;
14251641;11/09/2026 07:12:21;3;2;0004     116-1;01;CAMIONETA LUN 2;2092256;"EC18    ";"ECLECTICA BOIA -SOC. POR ACCIONES SIMPLIFICADA    ";ALFEREZ PACHECO 824;951485;"20-100G        ";20-100G - MONOCOMANDO DE COCINA FABRIC GOLD;1;1;1;23304273;110926071219033;183003724;;;;07/28/2031 00:00:00;1;13917197;11/09/2026 07:12:19;Tiago;Rodriguez;24580399;10/09/2026 14:34:29;7636;Kevin;Arce;Tiago Rodriguez;Kevin Arce
14251642;11/09/2026 07:12:39;3;2;0001  215485-1;01;CAMIONETA LUN 2;2134259;"ZV02    ";"ZALAZAR VICTOR ANDRES                             ";AV TOMAS MARQUEZ 1248;957674;"RA1368         ";RA1368 - CABEZAL DUCHADOR CR MONOC COCINA VALENCIIA;1;1;1;23304431;110926071239098;182996464;;;;07/31/2031 00:00:00;1;13917201;11/09/2026 07:12:39;Tiago;Rodriguez;24580553;10/09/2026 14:25:04;7152;Mirko;Hernandez;Tiago Rodriguez;Mirko Hernandez
14251656;11/09/2026 10:50:48;3;2;0001  215039-1;05;CAMIONETA LUN 4;2093626;"MS20    ";"MATERIALES SAN CAMILO S.R.L. -MATER-SAN           ";GRAL. J.G. ARTIGAS 3937;951535;"20-160         ";20-160 - MONOCOMANDO MESADA COCINA DIQUE;8;8;8;23320077;110926105044135;183125777;;;;07/28/2031 00:00:00;8;13922152;11/09/2026 10:50:44;Maximiliano;Nievas;24595756;11/09/2026 07:57:04;7152;Mirko;Hernandez;Maximiliano Nievas;Mirko Hernandez
14251656;11/09/2026 10:50:48;3;2;0001  215039-1;05;CAMIONETA LUN 4;2093626;"MS20    ";"MATERIALES SAN CAMILO S.R.L. -MATER-SAN           ";GRAL. J.G. ARTIGAS 3937;951545;"20-172         ";20-172 - COCINA MESADA MONOC. COLORS NEGRO;2;2;2;23320077;110926105044135;183127716;;;;07/28/2031 00:00:00;2;13922152;11/09/2026 10:50:44;Maximiliano;Nievas;24595756;11/09/2026 07:57:04;7152;Mirko;Hernandez;Maximiliano Nievas;Mirko Hernandez
14251656;11/09/2026 10:50:48;3;2;0001  215039-1;05;CAMIONETA LUN 4;2093626;"MS20    ";"MATERIALES SAN CAMILO S.R.L. -MATER-SAN           ";GRAL. J.G. ARTIGAS 3937;951611;"21-160         ";"MONOCOMANDO DUO COCINA CROMO DIQUE                                    ";4;4;4;23320077;110926105044135;183127360;;;;12/14/2031 00:00:00;4;13922152;11/09/2026 10:50:44;Maximiliano;Nievas;24595756;11/09/2026 07:57:04;7152;Mirko;Hernandez;Maximiliano Nievas;Mirko Hernandez
14251656;11/09/2026 10:50:48;3;2;0001  215039-1;05;CAMIONETA LUN 4;2093626;"MS20    ";"MATERIALES SAN CAMILO S.R.L. -MATER-SAN           ";GRAL. J.G. ARTIGAS 3937;952499;"54-203         ";"COCINA PARED EXT C.CERAM ADRA MONOCOMANDO                             ";2;2;2;23320077;110926105044135;183124641;;;;02/18/2032 00:00:00;2;13922152;11/09/2026 10:50:44;Maximiliano;Nievas;24595756;11/09/2026 07:57:04;7152;Mirko;Hernandez;Maximiliano Nievas;Mirko Hernandez
14251656;11/09/2026 10:50:48;3;2;0001  215039-1;05;CAMIONETA LUN 4;2093626;"MS20    ";"MATERIALES SAN CAMILO S.R.L. -MATER-SAN           ";GRAL. J.G. ARTIGAS 3937;952618;"60-133         ";60-133 - LAVATORIO MONOCOMANDO LUGO;2;2;2;23320077;110926105044135;183125087;;;;07/29/2031 00:00:00;2;13922152;11/09/2026 10:50:44;Maximiliano;Nievas;24595756;11/09/2026 07:57:04;7152;Mirko;Hernandez;Maximiliano Nievas;Mirko Hernandez
14251656;11/09/2026 10:50:48;3;2;0001  215039-1;05;CAMIONETA LUN 4;2093626;"MS20    ";"MATERIALES SAN CAMILO S.R.L. -MATER-SAN           ";GRAL. J.G. ARTIGAS 3937;952650;"60-180         ";60-180 - LAVATORIO MONOCOMANDO BAJO VERA;1;1;1;23320077;110926105044135;183126007;;;;07/28/2031 00:00:00;1;13922152;11/09/2026 10:50:44;Maximiliano;Nievas;24595756;11/09/2026 07:57:04;7152;Mirko;Hernandez;Maximiliano Nievas;Mirko Hernandez
14251656;11/09/2026 10:50:48;3;2;0001  215039-1;05;CAMIONETA LUN 4;2093626;"MS20    ";"MATERIALES SAN CAMILO S.R.L. -MATER-SAN           ";GRAL. J.G. ARTIGAS 3937;953109;"80-166         ";"DUCHA EMB. C/TRANSF. CR C.CERAM ADRA PLUS                             ";2;2;2;23320180;110926104243406;183126579;;;;01/19/2032 00:00:00;2;13922070;11/09/2026 10:42:43;Maximiliano;Nievas;24595841;11/09/2026 08:10:34;7636;Kevin;Arce;Maximiliano Nievas;Kevin Arce
14251656;11/09/2026 10:50:48;3;2;0001  215039-1;05;CAMIONETA LUN 4;2093626;"MS20    ";"MATERIALES SAN CAMILO S.R.L. -MATER-SAN           ";GRAL. J.G. ARTIGAS 3937;952856;"70-045         ";70-045 - BIDE CROMO C.STD CRUZ;1;1;1;23320180;110926104243406;183129603;;;;02/01/2032 00:00:00;1;13922070;11/09/2026 10:42:43;Maximiliano;Nievas;24595841;11/09/2026 08:10:34;7636;Kevin;Arce;Maximiliano Nievas;Kevin Arce
14251656;11/09/2026 10:50:48;3;2;0001  215039-1;05;CAMIONETA LUN 4;2093626;"MS20    ";"MATERIALES SAN CAMILO S.R.L. -MATER-SAN           ";GRAL. J.G. ARTIGAS 3937;952634;"60-162         ";60-162 - LAVATORIO CR C.CERAM LINEA ADRA;1;1;1;23320180;110926104243406;183126290;;;;07/29/2031 00:00:00;1;13922070;11/09/2026 10:42:43;Maximiliano;Nievas;24595841;11/09/2026 08:10:34;7636;Kevin;Arce;Maximiliano Nievas;Kevin Arce
14251656;11/09/2026 10:50:48;3;2;0001  215039-1;05;CAMIONETA LUN 4;2093626;"MS20    ";"MATERIALES SAN CAMILO S.R.L. -MATER-SAN           ";GRAL. J.G. ARTIGAS 3937;952577;"60-045         ";60-045 - LAVATORIO CR/CR C.STD CRUZ;1;1;1;23320180;110926104243406;183129471;;;;01/24/2032 00:00:00;1;13922070;11/09/2026 10:42:43;Maximiliano;Nievas;24595841;11/09/2026 08:10:34;7636;Kevin;Arce;Maximiliano Nievas;Kevin Arce
14251656;11/09/2026 10:50:48;3;2;0001  215039-1;05;CAMIONETA LUN 4;2093626;"MS20    ";"MATERIALES SAN CAMILO S.R.L. -MATER-SAN           ";GRAL. J.G. ARTIGAS 3937;952488;"54-002         ";54-002 - COCINA PARED EXT. P.BAJO RENACER;2;2;2;23320180;110926104243406;183127987;;;;07/31/2031 00:00:00;2;13922070;11/09/2026 10:42:43;Maximiliano;Nievas;24595841;11/09/2026 08:10:34;7636;Kevin;Arce;Maximiliano Nievas;Kevin Arce
14251656;11/09/2026 10:50:48;3;2;0001  215039-1;05;CAMIONETA LUN 4;2093626;"MS20    ";"MATERIALES SAN CAMILO S.R.L. -MATER-SAN           ";GRAL. J.G. ARTIGAS 3937;952471;"53-002         ";53-002 - COCINA PARED EXT. P.ALTO RENACER;2;2;2;23320180;110926104243406;183127416;;;;07/29/2031 00:00:00;2;13922070;11/09/2026 10:42:43;Maximiliano;Nievas;24595841;11/09/2026 08:10:34;7636;Kevin;Arce;Maximiliano Nievas;Kevin Arce
14251656;11/09/2026 10:50:48;3;2;0001  215039-1;05;CAMIONETA LUN 4;2093626;"MS20    ";"MATERIALES SAN CAMILO S.R.L. -MATER-SAN           ";GRAL. J.G. ARTIGAS 3937;952449;"51-107         ";51-107 - JGO. MESADA CR C.CERAM BEDIA;2;2;2;23320180;110926104243406;183128618;;;;11/10/2031 00:00:00;2;13922070;11/09/2026 10:42:43;Maximiliano;Nievas;24595841;11/09/2026 08:10:34;7636;Kevin;Arce;Maximiliano Nievas;Kevin Arce
14251656;11/09/2026 10:50:48;3;2;0001  215039-1;05;CAMIONETA LUN 4;2093626;"MS20    ";"MATERIALES SAN CAMILO S.R.L. -MATER-SAN           ";GRAL. J.G. ARTIGAS 3937;953476;"934            ";934 - JGO.PARED PICO U C/EXT CRUZ BL/CR ARES;2;2;2;23320180;110926104243406;183130034;;;;07/31/2031 00:00:00;2;13922070;11/09/2026 10:42:43;Maximiliano;Nievas;24595841;11/09/2026 08:10:34;7636;Kevin;Arce;Maximiliano Nievas;Kevin Arce
14251656;11/09/2026 10:50:48;3;2;0001  215039-1;05;CAMIONETA LUN 4;2093626;"MS20    ";"MATERIALES SAN CAMILO S.R.L. -MATER-SAN           ";GRAL. J.G. ARTIGAS 3937;953474;"933            ";933 - JGO PARED C/EXT CR DIQUE;2;2;2;23320180;110926104243406;183130935;;;;01/07/2032 00:00:00;2;13922070;11/09/2026 10:42:43;Maximiliano;Nievas;24595841;11/09/2026 08:10:34;7636;Kevin;Arce;Maximiliano Nievas;Kevin Arce
14251656;11/09/2026 10:50:48;3;2;0001  215039-1;05;CAMIONETA LUN 4;2093626;"MS20    ";"MATERIALES SAN CAMILO S.R.L. -MATER-SAN           ";GRAL. J.G. ARTIGAS 3937;953437;"914/CR         ";914/CR - JGO.MDA.P.CAÑO CR ARES;2;2;2;23320180;110926104243406;183130282;;;;01/13/2032 00:00:00;2;13922070;11/09/2026 10:42:43;Maximiliano;Nievas;24595841;11/09/2026 08:10:34;7636;Kevin;Arce;Maximiliano Nievas;Kevin Arce
14251656;11/09/2026 10:50:48;3;2;0001  215039-1;05;CAMIONETA LUN 4;2093626;"MS20    ";"MATERIALES SAN CAMILO S.R.L. -MATER-SAN           ";GRAL. J.G. ARTIGAS 3937;953432;"910/M          ";"910/M - JGO.MDA.P.CANO CROMO ""DIQUE""";2;2;2;23320180;110926104243406;183128151;;;;12/21/2031 00:00:00;2;13922070;11/09/2026 10:42:43;Maximiliano;Nievas;24595841;11/09/2026 08:10:34;7636;Kevin;Arce;Maximiliano Nievas;Kevin Arce
14251657;11/09/2026 11:06:47;3;2;0001  215089-1;05;CAMIONETA LUN 4;2091139;"AP11    ";"ABASTECIMIENTOS PLASTICOS S.R.L. -ABAS PLAS       ";THAMES 1416;951523;"20-134         ";20-134 - MONOCOMANDO COCINA BETIS;2;2;2;23319949;110926110646528;183124005;;;;08/11/2031 00:00:00;2;13922705;11/09/2026 11:06:46;Maximiliano;Nievas;24595602;11/09/2026 08:04:28;7807;Nicolas;Perez;Maximiliano Nievas;Nicolas Perez
14251657;11/09/2026 11:06:47;3;2;0001  215089-1;05;CAMIONETA LUN 4;2091139;"AP11    ";"ABASTECIMIENTOS PLASTICOS S.R.L. -ABAS PLAS       ";THAMES 1416;957944;"RA980          ";RA980 - 10 CONJ. PROLONGADOR LARGO (TORNILLO+TUBO) VOLANTE;6;6;6;23319949;110926110646528;183127722;;;;10/09/2031 00:00:00;6;13922705;11/09/2026 11:06:46;Maximiliano;Nievas;24595602;11/09/2026 08:04:28;7807;Nicolas;Perez;Maximiliano Nievas;Nicolas Perez
14251658;11/09/2026 11:16:47;3;2;0001  215149-1;05;CAMIONETA LUN 4;2092396;"FA29    ";"FERRO ARIEL H.-SANITARIOS DORREGO                 ";AV. DORREGO 1259;951488;"20-102         ";"20-102 - MONOCOMANDO MESADA CROMO ""RENACER""";4;4;4;23319950;110926111646775;183123767;;;;08/20/2031 00:00:00;4;13923167;11/09/2026 11:16:46;Maximiliano;Nievas;24595602;11/09/2026 08:04:28;7807;Nicolas;Perez;Maximiliano Nievas;Nicolas Perez
14251658;11/09/2026 11:16:47;3;2;0001  215149-1;05;CAMIONETA LUN 4;2092396;"FA29    ";"FERRO ARIEL H.-SANITARIOS DORREGO                 ";AV. DORREGO 1259;952437;"51-057         ";51-057 - COCINA MESADA CR C.STD VERIN PLUS;2;2;2;23320357;110926111612532;183127043;;;;01/27/2032 00:00:00;2;13923050;11/09/2026 11:16:12;Maximiliano;Nievas;24596032;11/09/2026 07:51:24;6867;Javier;Lescano;Maximiliano Nievas;Javier Lescano
14251659;11/09/2026 10:38:18;3;2;0001  215228-1;05;CAMIONETA LUN 4;2093804;"PA29    ";"PIRILLI ALEJANDRO ANTONIO - DIECI                 ";AV. FEDERICO LACROZE 1880;952676;"60-201NI       ";60-201NI - LAVATORIO C.CERAM BEAT NICKEL;2;2;2;23320181;110926103818362;183128423;;;;08/20/2031 00:00:00;2;13921968;11/09/2026 10:38:18;Maximiliano;Nievas;24595841;11/09/2026 08:10:34;7636;Kevin;Arce;Maximiliano Nievas;Kevin Arce
14251659;11/09/2026 10:38:18;3;2;0001  215228-1;05;CAMIONETA LUN 4;2093804;"PA29    ";"PIRILLI ALEJANDRO ANTONIO - DIECI                 ";AV. FEDERICO LACROZE 1880;952953;"70-201NI       ";70-201NI - BIDE CR C.CERAM BEAT NICKEL;1;1;1;23320181;110926103818362;183128329;;;;07/29/2031 00:00:00;1;13921968;11/09/2026 10:38:18;Maximiliano;Nievas;24595841;11/09/2026 08:10:34;7636;Kevin;Arce;Maximiliano Nievas;Kevin Arce
14251659;11/09/2026 10:38:18;3;2;0001  215228-1;05;CAMIONETA LUN 4;2093804;"PA29    ";"PIRILLI ALEJANDRO ANTONIO - DIECI                 ";AV. FEDERICO LACROZE 1880;953240;"81-201NI       ";81-201NI - DUCHA EMB S/TRANSF C.CERAM NICKEL BEAT;1;1;1;23320181;110926103818362;183130686;;;;07/29/2031 00:00:00;1;13921968;11/09/2026 10:38:18;Maximiliano;Nievas;24595841;11/09/2026 08:10:34;7636;Kevin;Arce;Maximiliano Nievas;Kevin Arce
14251660;11/09/2026 10:37:37;3;2;0001  215203-1;05;CAMIONETA LUN 4;2093804;"PA29    ";"PIRILLI ALEJANDRO ANTONIO - DIECI                 ";AV. FEDERICO LACROZE 1880;951530;"20-146         ";20-146 - MONOCOMANDO DE COCINA CR LINEA MOVE;2;2;2;23319951;110926103736205;183124756;;;;10/09/2031 00:00:00;2;13921951;11/09/2026 10:37:36;Maximiliano;Nievas;24595602;11/09/2026 08:04:28;7807;Nicolas;Perez;Maximiliano Nievas;Nicolas Perez
14251661;11/09/2026 11:49:36;3;2;0001  215338-1;05;CAMIONETA LUN 4;2440672;"GO08    ";"GOMEZ-OLIVO SRL - HG SANITARIOS                   ";ESTADO DE ISRAEL 4805;954429;"A1573          ";"EXHIBIDOR DE REPUESTOS 20 POSICIONES                                  ";1;1;1;23319871;110926111927019;183123321;;;;11/04/2031 00:00:00;1;13923260;11/09/2026 11:19:27;Maximiliano;Nievas;24595591;11/09/2026 07:30:21;6867;Javier;Lescano;Maximiliano Nievas;Javier Lescano
14251661;11/09/2026 11:49:36;3;2;0001  215338-1;05;CAMIONETA LUN 4;2440672;"GO08    ";"GOMEZ-OLIVO SRL - HG SANITARIOS                   ";ESTADO DE ISRAEL 4805;957400;"RA015R         ";RA015R - CORTACHORRO PLASTICO P/GRIFERIA;3;3;3;23319952;110926114935892;183126739;;;;07/31/2031 00:00:00;3;13923306;11/09/2026 11:49:35;Maximiliano;Nievas;24595602;11/09/2026 08:04:28;7807;Nicolas;Perez;Maximiliano Nievas;Nicolas Perez
14251661;11/09/2026 11:49:36;3;2;0001  215338-1;05;CAMIONETA LUN 4;2440672;"GO08    ";"GOMEZ-OLIVO SRL - HG SANITARIOS                   ";ESTADO DE ISRAEL 4805;957395;"RA007          ";RA007 - CARTUCHO CERAMICO LARGO;1;1;1;23319952;110926114935892;183126361;;;;09/16/2031 00:00:00;1;13923306;11/09/2026 11:49:35;Maximiliano;Nievas;24595602;11/09/2026 08:04:28;7807;Nicolas;Perez;Maximiliano Nievas;Nicolas Perez
14251661;11/09/2026 11:49:36;3;2;0001  215338-1;05;CAMIONETA LUN 4;2440672;"GO08    ";"GOMEZ-OLIVO SRL - HG SANITARIOS                   ";ESTADO DE ISRAEL 4805;957394;"RA006          ";RA006 - CARTUCHO CERAMICO P/MONOCOMANDO Ø 40;2;2;2;23319952;110926114935892;183126277;;;;07/31/2031 00:00:00;2;13923306;11/09/2026 11:49:35;Maximiliano;Nievas;24595602;11/09/2026 08:04:28;7807;Nicolas;Perez;Maximiliano Nievas;Nicolas Perez
14251661;11/09/2026 11:49:36;3;2;0001  215338-1;05;CAMIONETA LUN 4;2440672;"GO08    ";"GOMEZ-OLIVO SRL - HG SANITARIOS                   ";ESTADO DE ISRAEL 4805;957393;"RA004          ";RA004 - CABEZAL P/TRANSF. BIDET Y DUCHA EMBUTIR;4;4;4;23319952;110926114935892;183128188;;;;07/31/2031 00:00:00;4;13923306;11/09/2026 11:49:35;Maximiliano;Nievas;24595602;11/09/2026 08:04:28;7807;Nicolas;Perez;Maximiliano Nievas;Nicolas Perez
14251661;11/09/2026 11:49:36;3;2;0001  215338-1;05;CAMIONETA LUN 4;2440672;"GO08    ";"GOMEZ-OLIVO SRL - HG SANITARIOS                   ";ESTADO DE ISRAEL 4805;957392;"RA003          ";RA003 - CABEZAL IZQUIERDO CIERRE CERAMICO (CALIENTE);4;4;4;23319952;110926114935892;183128334;;;;09/16/2031 00:00:00;4;13923306;11/09/2026 11:49:35;Maximiliano;Nievas;24595602;11/09/2026 08:04:28;7807;Nicolas;Perez;Maximiliano Nievas;Nicolas Perez
14251661;11/09/2026 11:49:36;3;2;0001  215338-1;05;CAMIONETA LUN 4;2440672;"GO08    ";"GOMEZ-OLIVO SRL - HG SANITARIOS                   ";ESTADO DE ISRAEL 4805;957391;"RA002          ";RA002 - CABEZAL DERECHO CIERRE CERAMICO (FRIA);6;6;6;23319952;110926114935892;183128470;;;;02/01/2032 00:00:00;6;13923306;11/09/2026 11:49:35;Maximiliano;Nievas;24595602;11/09/2026 08:04:28;7807;Nicolas;Perez;Maximiliano Nievas;Nicolas Perez
14251661;11/09/2026 11:49:36;3;2;0001  215338-1;05;CAMIONETA LUN 4;2440672;"GO08    ";"GOMEZ-OLIVO SRL - HG SANITARIOS                   ";ESTADO DE ISRAEL 4805;957390;"RA001          ";RA001 - CABEZAL STD NO ASCENDENTE;8;8;8;23319952;110926114935892;183128622;;;;11/22/2031 00:00:00;8;13923306;11/09/2026 11:49:35;Maximiliano;Nievas;24595602;11/09/2026 08:04:28;7807;Nicolas;Perez;Maximiliano Nievas;Nicolas Perez
14251661;11/09/2026 11:49:36;3;2;0001  215338-1;05;CAMIONETA LUN 4;2440672;"GO08    ";"GOMEZ-OLIVO SRL - HG SANITARIOS                   ";ESTADO DE ISRAEL 4805;958173;"RS140          ";RS140 - 10 LLAVE ALLEN 2 MM;1;1;1;23319952;110926114935892;183129121;;;;08/02/2031 00:00:00;1;13923306;11/09/2026 11:49:35;Maximiliano;Nievas;24595602;11/09/2026 08:04:28;7807;Nicolas;Perez;Maximiliano Nievas;Nicolas Perez
14251661;11/09/2026 11:49:36;3;2;0001  215338-1;05;CAMIONETA LUN 4;2440672;"GO08    ";"GOMEZ-OLIVO SRL - HG SANITARIOS                   ";ESTADO DE ISRAEL 4805;958171;"RS094          ";RS094 - 30 GUSANILLO M4x0.7x4;1;1;1;23319952;110926114935892;183129472;;;;08/02/2031 00:00:00;1;13923306;11/09/2026 11:49:35;Maximiliano;Nievas;24595602;11/09/2026 08:04:28;7807;Nicolas;Perez;Maximiliano Nievas;Nicolas Perez
14251661;11/09/2026 11:49:36;3;2;0001  215338-1;05;CAMIONETA LUN 4;2440672;"GO08    ";"GOMEZ-OLIVO SRL - HG SANITARIOS                   ";ESTADO DE ISRAEL 4805;957944;"RA980          ";RA980 - 10 CONJ. PROLONGADOR LARGO (TORNILLO+TUBO) VOLANTE;1;1;1;23319952;110926114935892;183127765;;;;10/09/2031 00:00:00;1;13923306;11/09/2026 11:49:35;Maximiliano;Nievas;24595602;11/09/2026 08:04:28;7807;Nicolas;Perez;Maximiliano Nievas;Nicolas Perez
14251661;11/09/2026 11:49:36;3;2;0001  215338-1;05;CAMIONETA LUN 4;2440672;"GO08    ";"GOMEZ-OLIVO SRL - HG SANITARIOS                   ";ESTADO DE ISRAEL 4805;957914;"RA877          ";RA877 - 10 TORNILLOS P/VOLANTE GRIFERIA;1;1;1;23319952;110926114935892;183129641;;;;07/31/2031 00:00:00;1;13923306;11/09/2026 11:49:35;Maximiliano;Nievas;24595602;11/09/2026 08:04:28;7807;Nicolas;Perez;Maximiliano Nievas;Nicolas Perez
14251661;11/09/2026 11:49:36;3;2;0001  215338-1;05;CAMIONETA LUN 4;2440672;"GO08    ";"GOMEZ-OLIVO SRL - HG SANITARIOS                   ";ESTADO DE ISRAEL 4805;957913;"RA876          ";RA876 - 10 BUJES ESTRIADO P/VOLANTE;2;2;2;23319952;110926114935892;183127497;;;;01/13/2032 00:00:00;2;13923306;11/09/2026 11:49:35;Maximiliano;Nievas;24595602;11/09/2026 08:04:28;7807;Nicolas;Perez;Maximiliano Nievas;Nicolas Perez
14251661;11/09/2026 11:49:36;3;2;0001  215338-1;05;CAMIONETA LUN 4;2440672;"GO08    ";"GOMEZ-OLIVO SRL - HG SANITARIOS                   ";ESTADO DE ISRAEL 4805;957912;"RA875          ";RA875 - 10 TUBOS CONEXION P/ BIDET;1;1;1;23319952;110926114935892;183127308;;;;08/02/2031 00:00:00;1;13923306;11/09/2026 11:49:35;Maximiliano;Nievas;24595602;11/09/2026 08:04:28;7807;Nicolas;Perez;Maximiliano Nievas;Nicolas Perez
14251661;11/09/2026 11:49:36;3;2;0001  215338-1;05;CAMIONETA LUN 4;2440672;"GO08    ";"GOMEZ-OLIVO SRL - HG SANITARIOS                   ";ESTADO DE ISRAEL 4805;957911;"RA874          ";RA874 - 10 BUJES SUJETA CAMPANA DE BAÑO NEGRO;2;2;2;23319952;110926114935892;183127547;;;;11/02/2031 00:00:00;2;13923306;11/09/2026 11:49:35;Maximiliano;Nievas;24595602;11/09/2026 08:04:28;7807;Nicolas;Perez;Maximiliano Nievas;Nicolas Perez
14251661;11/09/2026 11:49:36;3;2;0001  215338-1;05;CAMIONETA LUN 4;2440672;"GO08    ";"GOMEZ-OLIVO SRL - HG SANITARIOS                   ";ESTADO DE ISRAEL 4805;957910;"RA873          ";RA873 - 10 TAPAS CR P/VOLANTE ARUBA-KEOPS 4-MURCIA;1;1;1;23319952;110926114935892;183130004;;;;08/02/2031 00:00:00;1;13923306;11/09/2026 11:49:35;Maximiliano;Nievas;24595602;11/09/2026 08:04:28;7807;Nicolas;Perez;Maximiliano Nievas;Nicolas Perez
14251661;11/09/2026 11:49:36;3;2;0001  215338-1;05;CAMIONETA LUN 4;2440672;"GO08    ";"GOMEZ-OLIVO SRL - HG SANITARIOS                   ";ESTADO DE ISRAEL 4805;957909;"RA872          ";RA872 - 10 TAPAS VOLANTE LORCA-DIQUE-VERIN;1;1;1;23319952;110926114935892;183129835;;;;08/02/2031 00:00:00;1;13923306;11/09/2026 11:49:35;Maximiliano;Nievas;24595602;11/09/2026 08:04:28;7807;Nicolas;Perez;Maximiliano Nievas;Nicolas Perez
14251661;11/09/2026 11:49:36;3;2;0001  215338-1;05;CAMIONETA LUN 4;2440672;"GO08    ";"GOMEZ-OLIVO SRL - HG SANITARIOS                   ";ESTADO DE ISRAEL 4805;957908;"RA871          ";RA871 - 10 TAPAS CHICAS CR P/VOLANTE;1;1;1;23319952;110926114935892;183130089;;;;08/02/2031 00:00:00;1;13923306;11/09/2026 11:49:35;Maximiliano;Nievas;24595602;11/09/2026 08:04:28;7807;Nicolas;Perez;Maximiliano Nievas;Nicolas Perez
14251661;11/09/2026 11:49:36;3;2;0001  215338-1;05;CAMIONETA LUN 4;2440672;"GO08    ";"GOMEZ-OLIVO SRL - HG SANITARIOS                   ";ESTADO DE ISRAEL 4805;957906;"RA869          ";RA869 - 10 GOMAS CONICA P/ RAMAL DE LAVATORIO Y BIDET;2;2;2;23319952;110926114935892;183129198;;;;08/02/2031 00:00:00;2;13923306;11/09/2026 11:49:35;Maximiliano;Nievas;24595602;11/09/2026 08:04:28;7807;Nicolas;Perez;Maximiliano Nievas;Nicolas Perez
14251661;11/09/2026 11:49:36;3;2;0001  215338-1;05;CAMIONETA LUN 4;2440672;"GO08    ";"GOMEZ-OLIVO SRL - HG SANITARIOS                   ";ESTADO DE ISRAEL 4805;957889;"RA809          ";RA809 - BOLSITA CON 10 TUERCAS DE 1/2 EN POLIAMIDA P/RAMAL;1;1;1;23319952;110926114935892;183129924;;;;08/02/2031 00:00:00;1;13923306;11/09/2026 11:49:35;Maximiliano;Nievas;24595602;11/09/2026 08:04:28;7807;Nicolas;Perez;Maximiliano Nievas;Nicolas Perez
14251661;11/09/2026 11:49:36;3;2;0001  215338-1;05;CAMIONETA LUN 4;2440672;"GO08    ";"GOMEZ-OLIVO SRL - HG SANITARIOS                   ";ESTADO DE ISRAEL 4805;957887;"RA803          ";RA803 - BOLSITA CON 10 TUERCAS DE 3/4 EN POLIAMIDA LAV/B;1;1;1;23319952;110926114935892;183129730;;;;08/02/2031 00:00:00;1;13923306;11/09/2026 11:49:35;Maximiliano;Nievas;24595602;11/09/2026 08:04:28;7807;Nicolas;Perez;Maximiliano Nievas;Nicolas Perez
14251661;11/09/2026 11:49:36;3;2;0001  215338-1;05;CAMIONETA LUN 4;2440672;"GO08    ";"GOMEZ-OLIVO SRL - HG SANITARIOS                   ";ESTADO DE ISRAEL 4805;957886;"RA801          ";RA801 - BOLSITA CON 10 TUERCAS DE 1/2 EN BRONCE P/RAMAL;1;1;1;23319952;110926114935892;183128912;;;;07/31/2031 00:00:00;1;13923306;11/09/2026 11:49:35;Maximiliano;Nievas;24595602;11/09/2026 08:04:28;7807;Nicolas;Perez;Maximiliano Nievas;Nicolas Perez
14251661;11/09/2026 11:49:36;3;2;0001  215338-1;05;CAMIONETA LUN 4;2440672;"GO08    ";"GOMEZ-OLIVO SRL - HG SANITARIOS                   ";ESTADO DE ISRAEL 4805;957885;"RA799          ";RA799 - BOLSITA CON 10 TUERCAS DE 1/2 EN POLIAMIDA P/MDA;1;1;1;23319952;110926114935892;183126882;;;;12/20/2031 00:00:00;1;13923306;11/09/2026 11:49:35;Maximiliano;Nievas;24595602;11/09/2026 08:04:28;7807;Nicolas;Perez;Maximiliano Nievas;Nicolas Perez
14251661;11/09/2026 11:49:36;3;2;0001  215338-1;05;CAMIONETA LUN 4;2440672;"GO08    ";"GOMEZ-OLIVO SRL - HG SANITARIOS                   ";ESTADO DE ISRAEL 4805;957874;"RA767          ";RA767 - BOLSITA P/CONEXION BIDE BRONCE;1;1;1;23319952;110926114935892;183128846;;;;07/31/2031 00:00:00;1;13923306;11/09/2026 11:49:35;Maximiliano;Nievas;24595602;11/09/2026 08:04:28;7807;Nicolas;Perez;Maximiliano Nievas;Nicolas Perez
14251661;11/09/2026 11:49:36;3;2;0001  215338-1;05;CAMIONETA LUN 4;2440672;"GO08    ";"GOMEZ-OLIVO SRL - HG SANITARIOS                   ";ESTADO DE ISRAEL 4805;957873;"RA766          ";RA766 - BOLSITA P/CONEXION LAVATORIO BRONCE;1;1;1;23319952;110926114935892;183128759;;;;07/31/2031 00:00:00;1;13923306;11/09/2026 11:49:35;Maximiliano;Nievas;24595602;11/09/2026 08:04:28;7807;Nicolas;Perez;Maximiliano Nievas;Nicolas Perez
14251661;11/09/2026 11:49:36;3;2;0001  215338-1;05;CAMIONETA LUN 4;2440672;"GO08    ";"GOMEZ-OLIVO SRL - HG SANITARIOS                   ";ESTADO DE ISRAEL 4805;957872;"RA765          ";RA765 - BOLSITA P/CONEXION LAVATORIO LINEAS STD COMPLETO;2;2;2;23319952;110926114935892;183127426;;;;07/31/2031 00:00:00;2;13923306;11/09/2026 11:49:35;Maximiliano;Nievas;24595602;11/09/2026 08:04:28;7807;Nicolas;Perez;Maximiliano Nievas;Nicolas Perez
14251661;11/09/2026 11:49:36;3;2;0001  215338-1;05;CAMIONETA LUN 4;2440672;"GO08    ";"GOMEZ-OLIVO SRL - HG SANITARIOS                   ";ESTADO DE ISRAEL 4805;957871;"RA764          ";RA764 - BOLSITA P/CONEXION BIDET LINEAS STD COMPLETO;2;2;2;23319952;110926114935892;183127374;;;;02/01/2032 00:00:00;2;13923306;11/09/2026 11:49:35;Maximiliano;Nievas;24595602;11/09/2026 08:04:28;7807;Nicolas;Perez;Maximiliano Nievas;Nicolas Perez
14251661;11/09/2026 11:49:36;3;2;0001  215338-1;05;CAMIONETA LUN 4;2440672;"GO08    ";"GOMEZ-OLIVO SRL - HG SANITARIOS                   ";ESTADO DE ISRAEL 4805;957867;"RA757          ";RA757 - LLAVE TUBO 26 MM Y 32 MM;1;1;1;23319952;110926114935892;183128973;;;;07/31/2031 00:00:00;1;13923306;11/09/2026 11:49:35;Maximiliano;Nievas;24595602;11/09/2026 08:04:28;7807;Nicolas;Perez;Maximiliano Nievas;Nicolas Perez
14251661;11/09/2026 11:49:36;3;2;0001  215338-1;05;CAMIONETA LUN 4;2440672;"GO08    ";"GOMEZ-OLIVO SRL - HG SANITARIOS                   ";ESTADO DE ISRAEL 4805;957856;"RA727C         ";RA727C - CONJUNTO BUJE Y AIREADOR CROMO;2;2;2;23319952;110926114935892;183127820;;;;09/16/2031 00:00:00;2;13923306;11/09/2026 11:49:35;Maximiliano;Nievas;24595602;11/09/2026 08:04:28;7807;Nicolas;Perez;Maximiliano Nievas;Nicolas Perez
14251661;11/09/2026 11:49:36;3;2;0001  215338-1;05;CAMIONETA LUN 4;2440672;"GO08    ";"GOMEZ-OLIVO SRL - HG SANITARIOS                   ";ESTADO DE ISRAEL 4805;957572;"RA1205         ";RA1205 - 10 BUJES INTERIOR NYLON;2;2;2;23319952;110926114935892;183127918;;;;10/11/2031 00:00:00;2;13923306;11/09/2026 11:49:35;Maximiliano;Nievas;24595602;11/09/2026 08:04:28;7807;Nicolas;Perez;Maximiliano Nievas;Nicolas Perez
14251661;11/09/2026 11:49:36;3;2;0001  215338-1;05;CAMIONETA LUN 4;2440672;"GO08    ";"GOMEZ-OLIVO SRL - HG SANITARIOS                   ";ESTADO DE ISRAEL 4805;957551;"RA1191         ";RA1191 - 10 CONJ. PROLONGADOR CORTO (TORNILLO+TUBO) VOLANTE;1;1;1;23319952;110926114935892;183129526;;;;08/02/2031 00:00:00;1;13923306;11/09/2026 11:49:35;Maximiliano;Nievas;24595602;11/09/2026 08:04:28;7807;Nicolas;Perez;Maximiliano Nievas;Nicolas Perez
14251661;11/09/2026 11:49:36;3;2;0001  215338-1;05;CAMIONETA LUN 4;2440672;"GO08    ";"GOMEZ-OLIVO SRL - HG SANITARIOS                   ";ESTADO DE ISRAEL 4805;957550;"RA1189         ";RA1189 - SET PROLONGADOR P/VASTAGO Y CAMPANA (x3);4;4;4;23319952;110926114935892;183128009;;;;02/11/2032 00:00:00;4;13923306;11/09/2026 11:49:35;Maximiliano;Nievas;24595602;11/09/2026 08:04:28;7807;Nicolas;Perez;Maximiliano Nievas;Nicolas Perez
14251661;11/09/2026 11:49:36;3;2;0001  215338-1;05;CAMIONETA LUN 4;2440672;"GO08    ";"GOMEZ-OLIVO SRL - HG SANITARIOS                   ";ESTADO DE ISRAEL 4805;957500;"RA1110         ";RA1110 - AIREADOR P/MONOCOMANDO BETIS M16.5 x 1;2;2;2;23319952;110926114935892;183126828;;;;07/31/2031 00:00:00;2;13923306;11/09/2026 11:49:35;Maximiliano;Nievas;24595602;11/09/2026 08:04:28;7807;Nicolas;Perez;Maximiliano Nievas;Nicolas Perez
14251661;11/09/2026 11:49:36;3;2;0001  215338-1;05;CAMIONETA LUN 4;2440672;"GO08    ";"GOMEZ-OLIVO SRL - HG SANITARIOS                   ";ESTADO DE ISRAEL 4805;957499;"RA1109         ";RA1109 - (10) JUNTA P/MONOCOMANDO DIQUE;2;2;2;23319952;110926114935892;183129363;;;;09/08/2031 00:00:00;2;13923306;11/09/2026 11:49:35;Maximiliano;Nievas;24595602;11/09/2026 08:04:28;7807;Nicolas;Perez;Maximiliano Nievas;Nicolas Perez
14251661;11/09/2026 11:49:36;3;2;0001  215338-1;05;CAMIONETA LUN 4;2440672;"GO08    ";"GOMEZ-OLIVO SRL - HG SANITARIOS                   ";ESTADO DE ISRAEL 4805;957469;"RA1076         ";"10 ORING P/MONOC COCINA RENACER                                       ";2;2;2;23319952;110926114935892;183129282;;;;01/14/2032 00:00:00;2;13923306;11/09/2026 11:49:35;Maximiliano;Nievas;24595602;11/09/2026 08:04:28;7807;Nicolas;Perez;Maximiliano Nievas;Nicolas Perez
14251661;11/09/2026 11:49:36;3;2;0001  215338-1;05;CAMIONETA LUN 4;2440672;"GO08    ";"GOMEZ-OLIVO SRL - HG SANITARIOS                   ";ESTADO DE ISRAEL 4805;957457;"RA1054         ";RA1054 - CARTUCHO CERAMIMO Ø35 GRAN CAUDAL CORTO;1;1;1;23319952;110926114935892;183126556;;;;07/31/2031 00:00:00;1;13923306;11/09/2026 11:49:35;Maximiliano;Nievas;24595602;11/09/2026 08:04:28;7807;Nicolas;Perez;Maximiliano Nievas;Nicolas Perez
14251661;11/09/2026 11:49:36;3;2;0001  215338-1;05;CAMIONETA LUN 4;2440672;"GO08    ";"GOMEZ-OLIVO SRL - HG SANITARIOS                   ";ESTADO DE ISRAEL 4805;957437;"RA1016         ";RA1016 - CARTUCHO Ø35 MONOC BAÑO LUGO/COCINA;1;1;1;23319952;110926114935892;183126406;;;;08/05/2031 00:00:00;1;13923306;11/09/2026 11:49:35;Maximiliano;Nievas;24595602;11/09/2026 08:04:28;7807;Nicolas;Perez;Maximiliano Nievas;Nicolas Perez
14251662;11/09/2026 11:12:11;3;2;0001  215392-1;05;CAMIONETA LUN 4;2092809;"GS10    ";GOMEZ SILVIA P Y BARBIERI DANIEL SH -SANIT. ZABALA;ALVAREZ THOMAS 1101;957391;"RA002          ";RA002 - CABEZAL DERECHO CIERRE CERAMICO (FRIA);5;5;5;23319973;110926111208710;183123616;;;;02/01/2032 00:00:00;5;13922894;11/09/2026 11:12:08;Maximiliano;Nievas;24595670;11/09/2026 07:32:22;7152;Mirko;Hernandez;Maximiliano Nievas;Mirko Hernandez
14251662;11/09/2026 11:12:11;3;2;0001  215392-1;05;CAMIONETA LUN 4;2092809;"GS10    ";GOMEZ SILVIA P Y BARBIERI DANIEL SH -SANIT. ZABALA;ALVAREZ THOMAS 1101;957392;"RA003          ";RA003 - CABEZAL IZQUIERDO CIERRE CERAMICO (CALIENTE);5;5;5;23319973;110926111208710;183123698;;;;09/16/2031 00:00:00;5;13922894;11/09/2026 11:12:08;Maximiliano;Nievas;24595670;11/09/2026 07:32:22;7152;Mirko;Hernandez;Maximiliano Nievas;Mirko Hernandez
14251663;11/09/2026 11:02:18;3;2;0001  215394-1;05;CAMIONETA LUN 4;2092978;"IN15    ";"INTERMARBLE S.R.L.                                ";AV. WARNES 360;953110;"80-166N        ";80-166N - DUCHA EMB. C/TRANSF. BLACK C.CERAM ADRA PLUS;2;2;2;23320182;110926110217225;183129254;;;;01/07/2032 00:00:00;2;13922669;11/09/2026 11:02:17;Maximiliano;Nievas;24595841;11/09/2026 08:10:34;7636;Kevin;Arce;Maximiliano Nievas;Kevin Arce
14251664;11/09/2026 12:02:16;3;2;0001  215273-1;05;CAMIONETA LUN 4;2094462;"SG21    ";"SANITARIOS GIARDINA S.R.L.                        ";AV. ALVAREZ THOMAS 501;952713;"61-176N        ";61-176N - LAVATORIO MONOC ALTO BLACK RIO;2;2;2;23319953;110926120215825;183125361;;;;07/29/2031 00:00:00;2;13924795;11/09/2026 12:02:15;Maximiliano;Nievas;24595602;11/09/2026 08:04:28;7807;Nicolas;Perez;Maximiliano Nievas;Nicolas Perez
14251664;11/09/2026 12:02:16;3;2;0001  215273-1;05;CAMIONETA LUN 4;2094462;"SG21    ";"SANITARIOS GIARDINA S.R.L.                        ";AV. ALVAREZ THOMAS 501;955159;"D439           ";D439 - KIT DE DUCHA MANUAL;4;4;4;23320183;110926120154416;183126993;;;;12/16/2031 00:00:00;4;13924791;11/09/2026 12:01:54;Maximiliano;Nievas;24595841;11/09/2026 08:10:34;7636;Kevin;Arce;Maximiliano Nievas;Kevin Arce
14251665;11/09/2026 10:36:56;3;2;0001  215309-1;05;CAMIONETA LUN 4;2094257;"RT04    ";"REY DEL TANQUE S.R.L.                             ";AV. DE LOS INCAS 5452;952724;"61-200G        ";61-200G - LAVATORIO MONOC ALTO GOLD FABRIC;5;5;5;23320078;110926103655552;183126509;;;;07/27/2031 00:00:00;5;13921916;11/09/2026 10:36:55;Maximiliano;Nievas;24595756;11/09/2026 07:57:04;7152;Mirko;Hernandez;Maximiliano Nievas;Mirko Hernandez
14251666;11/09/2026 10:30:13;3;2;0001  215401-1;05;CAMIONETA LUN 4;2091723;"CJ34    ";CASTILLO, JESUS Y CHAWELES R.S. CAPI SECC V-RINOVO;ARENALES 2825;951262;"16030          ";16030 - PERCHA LINEA 16000;3;3;3;23320079;110926102705461;183127992;;;;07/27/2031 00:00:00;3;13921463;11/09/2026 10:27:05;Maximiliano;Nievas;24595756;11/09/2026 07:57:04;7152;Mirko;Hernandez;Maximiliano Nievas;Mirko Hernandez
14251666;11/09/2026 10:30:13;3;2;0001  215401-1;05;CAMIONETA LUN 4;2091723;"CJ34    ";CASTILLO, JESUS Y CHAWELES R.S. CAPI SECC V-RINOVO;ARENALES 2825;951294;"17010G         ";17010G - TOALLERO BARRAL LINEA FABRIC GOLD;2;2;2;23320079;110926102705461;183126757;;;;07/27/2031 00:00:00;2;13921463;11/09/2026 10:27:05;Maximiliano;Nievas;24595756;11/09/2026 07:57:04;7152;Mirko;Hernandez;Maximiliano Nievas;Mirko Hernandez
14251666;11/09/2026 10:30:13;3;2;0001  215401-1;05;CAMIONETA LUN 4;2091723;"CJ34    ";CASTILLO, JESUS Y CHAWELES R.S. CAPI SECC V-RINOVO;ARENALES 2825;951297;"17020G         ";17020G - TOALLERO DE ARO LINEA FABRIC GOLD;1;1;1;23320079;110926102705461;183126796;;;;07/29/2031 00:00:00;1;13921463;11/09/2026 10:27:05;Maximiliano;Nievas;24595756;11/09/2026 07:57:04;7152;Mirko;Hernandez;Maximiliano Nievas;Mirko Hernandez
14251666;11/09/2026 10:30:13;3;2;0001  215401-1;05;CAMIONETA LUN 4;2091723;"CJ34    ";CASTILLO, JESUS Y CHAWELES R.S. CAPI SECC V-RINOVO;ARENALES 2825;951303;"17040G         ";17040G - PORTA ROLLO LINEA FABRIC GOLD;2;2;2;23320079;110926102705461;183125576;;;;07/28/2031 00:00:00;2;13921463;11/09/2026 10:27:05;Maximiliano;Nievas;24595756;11/09/2026 07:57:04;7152;Mirko;Hernandez;Maximiliano Nievas;Mirko Hernandez
14251666;11/09/2026 10:30:13;3;2;0001  215401-1;05;CAMIONETA LUN 4;2091723;"CJ34    ";CASTILLO, JESUS Y CHAWELES R.S. CAPI SECC V-RINOVO;ARENALES 2825;954804;"AB-001         ";AB-001 - AGARRADERA ACERO INOX CROMADO 30 CM SAFE;5;5;5;23320079;110926102705461;183128387;;;;07/28/2031 00:00:00;5;13921463;11/09/2026 10:27:05;Maximiliano;Nievas;24595756;11/09/2026 07:57:04;7152;Mirko;Hernandez;Maximiliano Nievas;Mirko Hernandez
14251666;11/09/2026 10:30:13;3;2;0001  215401-1;05;CAMIONETA LUN 4;2091723;"CJ34    ";CASTILLO, JESUS Y CHAWELES R.S. CAPI SECC V-RINOVO;ARENALES 2825;954805;"AB-002         ";AB-002 - AGARRADERA ACERO INOX CROMADO 40 CM SAFE;4;4;4;23320079;110926102705461;183128613;;;;08/12/2031 00:00:00;4;13921463;11/09/2026 10:27:05;Maximiliano;Nievas;24595756;11/09/2026 07:57:04;7152;Mirko;Hernandez;Maximiliano Nievas;Mirko Hernandez
14251666;11/09/2026 10:30:13;3;2;0001  215401-1;05;CAMIONETA LUN 4;2091723;"CJ34    ";CASTILLO, JESUS Y CHAWELES R.S. CAPI SECC V-RINOVO;ARENALES 2825;953091;"80-138         ";80-138 - DUCHA EMB. C/TRANSF. CR C.CERAM VALENCIA PLUS;1;1;1;23320358;110926103012470;183126571;;;;01/14/2032 00:00:00;1;13921696;11/09/2026 10:30:12;Maximiliano;Nievas;24596032;11/09/2026 07:51:24;6867;Javier;Lescano;Maximiliano Nievas;Javier Lescano
14251667;11/09/2026 12:01:24;3;2;0001  215475-1;05;CAMIONETA LUN 4;2091541;"CC37    ";"COSTA CALCAGNO SRL                                ";AV. MOSCONI 2470;951620;"214/CR         ";214/CR - LAVATORIO CR/CR ARES;2;2;2;23320184;110926115720889;183129852;;;;01/27/2032 00:00:00;2;13924643;11/09/2026 11:57:20;Maximiliano;Nievas;24595841;11/09/2026 08:10:34;7636;Kevin;Arce;Maximiliano Nievas;Kevin Arce
14251667;11/09/2026 12:01:24;3;2;0001  215475-1;05;CAMIONETA LUN 4;2091541;"CC37    ";"COSTA CALCAGNO SRL                                ";AV. MOSCONI 2470;952610;"60-122         ";60-122 - LAVATORIO C.CERAM CR VALENCIA;1;1;1;23320184;110926115720889;183129028;;;;12/10/2031 00:00:00;1;13924643;11/09/2026 11:57:20;Maximiliano;Nievas;24595841;11/09/2026 08:10:34;7636;Kevin;Arce;Maximiliano Nievas;Kevin Arce
14251667;11/09/2026 12:01:24;3;2;0001  215475-1;05;CAMIONETA LUN 4;2091541;"CC37    ";"COSTA CALCAGNO SRL                                ";AV. MOSCONI 2470;952634;"60-162         ";60-162 - LAVATORIO CR C.CERAM LINEA ADRA;2;2;2;23320184;110926115720889;183126356;;;;07/29/2031 00:00:00;2;13924643;11/09/2026 11:57:20;Maximiliano;Nievas;24595841;11/09/2026 08:10:34;7636;Kevin;Arce;Maximiliano Nievas;Kevin Arce
14251667;11/09/2026 12:01:24;3;2;0001  215475-1;05;CAMIONETA LUN 4;2091541;"CC37    ";"COSTA CALCAGNO SRL                                ";AV. MOSCONI 2470;952677;"60-203         ";60-203 - LAVATORIO MONOCOMANDO BAJO ADRA;2;2;2;23320184;110926115720889;183128762;;;;02/16/2032 00:00:00;2;13924643;11/09/2026 11:57:20;Maximiliano;Nievas;24595841;11/09/2026 08:10:34;7636;Kevin;Arce;Maximiliano Nievas;Kevin Arce
14251667;11/09/2026 12:01:24;3;2;0001  215475-1;05;CAMIONETA LUN 4;2091541;"CC37    ";"COSTA CALCAGNO SRL                                ";AV. MOSCONI 2470;953109;"80-166         ";"DUCHA EMB. C/TRANSF. CR C.CERAM ADRA PLUS                             ";2;2;2;23320184;110926115720889;183126732;;;;01/19/2032 00:00:00;2;13924643;11/09/2026 11:57:20;Maximiliano;Nievas;24595841;11/09/2026 08:10:34;7636;Kevin;Arce;Maximiliano Nievas;Kevin Arce
14251667;11/09/2026 12:01:24;3;2;0001  215475-1;05;CAMIONETA LUN 4;2091541;"CC37    ";"COSTA CALCAGNO SRL                                ";AV. MOSCONI 2470;951100;"11020          ";"TOALLERO DE ARO LINEA 11000                                           ";3;3;3;23320574;110926120124843;183129503;;;;07/27/2031 00:00:00;3;13924696;11/09/2026 12:01:24;Maximiliano;Nievas;24596293;11/09/2026 08:17:05;6867;Javier;Lescano;Maximiliano Nievas;Javier Lescano
14251667;11/09/2026 12:01:24;3;2;0001  215475-1;05;CAMIONETA LUN 4;2091541;"CC37    ";"COSTA CALCAGNO SRL                                ";AV. MOSCONI 2470;951535;"20-160         ";20-160 - MONOCOMANDO MESADA COCINA DIQUE;3;3;3;23320574;110926120124843;183132804;;;;07/28/2031 00:00:00;3;13924696;11/09/2026 12:01:24;Maximiliano;Nievas;24596293;11/09/2026 08:17:05;6867;Javier;Lescano;Maximiliano Nievas;Javier Lescano
14251667;11/09/2026 12:01:24;3;2;0001  215475-1;05;CAMIONETA LUN 4;2091541;"CC37    ";"COSTA CALCAGNO SRL                                ";AV. MOSCONI 2470;951488;"20-102         ";"20-102 - MONOCOMANDO MESADA CROMO ""RENACER""";10;10;10;23320574;110926120124843;183133137;;;;08/20/2031 00:00:00;10;13924696;11/09/2026 12:01:24;Maximiliano;Nievas;24596293;11/09/2026 08:17:05;6867;Javier;Lescano;Maximiliano Nievas;Javier Lescano
14251667;11/09/2026 12:01:24;3;2;0001  215475-1;05;CAMIONETA LUN 4;2091541;"CC37    ";"COSTA CALCAGNO SRL                                ";AV. MOSCONI 2470;951324;"19006          ";19006 - SET DE 6 PIEZAS LINEA 19000;1;1;1;23320574;110926120124843;183133434;;;;07/28/2031 00:00:00;1;13924696;11/09/2026 12:01:24;Maximiliano;Nievas;24596293;11/09/2026 08:17:05;6867;Javier;Lescano;Maximiliano Nievas;Javier Lescano
14251667;11/09/2026 12:01:24;3;2;0001  215475-1;05;CAMIONETA LUN 4;2091541;"CC37    ";"COSTA CALCAGNO SRL                                ";AV. MOSCONI 2470;951265;"16040BL        ";16040BL - PORTA ROLLO ACCESORIOS LINEA 16000 BLACK;2;2;2;23320574;110926120124843;183129216;;;;07/31/2031 00:00:00;2;13924696;11/09/2026 12:01:24;Maximiliano;Nievas;24596293;11/09/2026 08:17:05;6867;Javier;Lescano;Maximiliano Nievas;Javier Lescano
14251667;11/09/2026 12:01:24;3;2;0001  215475-1;05;CAMIONETA LUN 4;2091541;"CC37    ";"COSTA CALCAGNO SRL                                ";AV. MOSCONI 2470;951263;"16030BL        ";16030BL - PERCHA LINEA 16000 BLACK;6;6;6;23320574;110926120124843;183129115;;;;07/28/2031 00:00:00;6;13924696;11/09/2026 12:01:24;Maximiliano;Nievas;24596293;11/09/2026 08:17:05;6867;Javier;Lescano;Maximiliano Nievas;Javier Lescano
14251667;11/09/2026 12:01:24;3;2;0001  215475-1;05;CAMIONETA LUN 4;2091541;"CC37    ";"COSTA CALCAGNO SRL                                ";AV. MOSCONI 2470;951261;"16010BL        ";16010BL - TOALLERO BARRAL LINEA 16000 BLACK;2;2;2;23320574;110926120124843;183129396;;;;07/29/2031 00:00:00;2;13924696;11/09/2026 12:01:24;Maximiliano;Nievas;24596293;11/09/2026 08:17:05;6867;Javier;Lescano;Maximiliano Nievas;Javier Lescano
14251667;11/09/2026 12:01:24;3;2;0001  215475-1;05;CAMIONETA LUN 4;2091541;"CC37    ";"COSTA CALCAGNO SRL                                ";AV. MOSCONI 2470;951259;"16006BL        ";16006BL - SET 6 PIEZAS ACCESORIOS LINEA 16000 BLACK;1;1;1;23320574;110926120124843;183131630;;;;07/27/2031 00:00:00;1;13924696;11/09/2026 12:01:24;Maximiliano;Nievas;24596293;11/09/2026 08:17:05;6867;Javier;Lescano;Maximiliano Nievas;Javier Lescano
14251667;11/09/2026 12:01:24;3;2;0001  215475-1;05;CAMIONETA LUN 4;2091541;"CC37    ";"COSTA CALCAGNO SRL                                ";AV. MOSCONI 2470;951102;"11040          ";"PORTA ROLLO LINEA 11000                                               ";1;1;1;23320574;110926120124843;183129675;;;;07/27/2031 00:00:00;1;13924696;11/09/2026 12:01:24;Maximiliano;Nievas;24596293;11/09/2026 08:17:05;6867;Javier;Lescano;Maximiliano Nievas;Javier Lescano
14251667;11/09/2026 12:01:24;3;2;0001  215475-1;05;CAMIONETA LUN 4;2091541;"CC37    ";"COSTA CALCAGNO SRL                                ";AV. MOSCONI 2470;953316;"83-176         ";83-176 - DUCHA EXT. C/TRANSF. MONOC CR RIO;2;2;2;23320574;110926120124843;183130612;;;;07/28/2031 00:00:00;2;13924696;11/09/2026 12:01:24;Maximiliano;Nievas;24596293;11/09/2026 08:17:05;6867;Javier;Lescano;Maximiliano Nievas;Javier Lescano
14251667;11/09/2026 12:01:24;3;2;0001  215475-1;05;CAMIONETA LUN 4;2091541;"CC37    ";"COSTA CALCAGNO SRL                                ";AV. MOSCONI 2470;953312;"83-133         ";83-133 - DUCHA EXT. C/TRANSF. MONOCOMANDO LUGO;2;2;2;23320574;110926120124843;183132395;;;;07/30/2031 00:00:00;2;13924696;11/09/2026 12:01:24;Maximiliano;Nievas;24596293;11/09/2026 08:17:05;6867;Javier;Lescano;Maximiliano Nievas;Javier Lescano
14251667;11/09/2026 12:01:24;3;2;0001  215475-1;05;CAMIONETA LUN 4;2091541;"CC37    ";"COSTA CALCAGNO SRL                                ";AV. MOSCONI 2470;952896;"70-133         ";70-133 - BIDE MONOCOMANDO LUGO;2;2;2;23320574;110926120124843;183131436;;;;07/30/2031 00:00:00;2;13924696;11/09/2026 12:01:24;Maximiliano;Nievas;24596293;11/09/2026 08:17:05;6867;Javier;Lescano;Maximiliano Nievas;Javier Lescano
14251667;11/09/2026 12:01:24;3;2;0001  215475-1;05;CAMIONETA LUN 4;2091541;"CC37    ";"COSTA CALCAGNO SRL                                ";AV. MOSCONI 2470;952724;"61-200G        ";61-200G - LAVATORIO MONOC ALTO GOLD FABRIC;1;1;1;23320574;110926120124843;183131174;;;;07/27/2031 00:00:00;1;13924696;11/09/2026 12:01:24;Maximiliano;Nievas;24596293;11/09/2026 08:17:05;6867;Javier;Lescano;Maximiliano Nievas;Javier Lescano
14251667;11/09/2026 12:01:24;3;2;0001  215475-1;05;CAMIONETA LUN 4;2091541;"CC37    ";"COSTA CALCAGNO SRL                                ";AV. MOSCONI 2470;952647;"60-176         ";"LAVATORIO MONOCOMANDO BAJO CR RIO                                     ";1;1;1;23320574;110926120124843;183130698;;;;10/11/2031 00:00:00;1;13924696;11/09/2026 12:01:24;Maximiliano;Nievas;24596293;11/09/2026 08:17:05;6867;Javier;Lescano;Maximiliano Nievas;Javier Lescano
14251667;11/09/2026 12:01:24;3;2;0001  215475-1;05;CAMIONETA LUN 4;2091541;"CC37    ";"COSTA CALCAGNO SRL                                ";AV. MOSCONI 2470;952618;"60-133         ";60-133 - LAVATORIO MONOCOMANDO LUGO;4;4;4;23320574;110926120124843;183132529;;;;07/29/2031 00:00:00;4;13924696;11/09/2026 12:01:24;Maximiliano;Nievas;24596293;11/09/2026 08:17:05;6867;Javier;Lescano;Maximiliano Nievas;Javier Lescano
14251667;11/09/2026 12:01:24;3;2;0001  215475-1;05;CAMIONETA LUN 4;2091541;"CC37    ";"COSTA CALCAGNO SRL                                ";AV. MOSCONI 2470;951654;"22-178N        ";22-178N - MONOCOMANDO DE COCINA P/AGUA FILTRADA VITA BLACK;1;1;1;23320574;110926120124843;183130764;;;;11/09/2031 00:00:00;1;13924696;11/09/2026 12:01:24;Maximiliano;Nievas;24596293;11/09/2026 08:17:05;6867;Javier;Lescano;Maximiliano Nievas;Javier Lescano
14251667;11/09/2026 12:01:24;3;2;0001  215475-1;05;CAMIONETA LUN 4;2091541;"CC37    ";"COSTA CALCAGNO SRL                                ";AV. MOSCONI 2470;951607;"21100N         ";21100N - ESTANTE ORGANIZADOR RECTANGULAR BLACK 25x12x7;2;2;2;23320574;110926120124843;183130860;;;;07/27/2031 00:00:00;2;13924696;11/09/2026 12:01:24;Maximiliano;Nievas;24596293;11/09/2026 08:17:05;6867;Javier;Lescano;Maximiliano Nievas;Javier Lescano
14251667;11/09/2026 12:01:24;3;2;0001  215475-1;05;CAMIONETA LUN 4;2091541;"CC37    ";"COSTA CALCAGNO SRL                                ";AV. MOSCONI 2470;951547;"20-174         ";20-174 - COCINA MESADA MONOC. COLORS BLACK;1;1;1;23320574;110926120124843;183130067;;;;07/28/2031 00:00:00;1;13924696;11/09/2026 12:01:24;Maximiliano;Nievas;24596293;11/09/2026 08:17:05;6867;Javier;Lescano;Maximiliano Nievas;Javier Lescano
14251667;11/09/2026 12:01:24;3;2;0001  215475-1;05;CAMIONETA LUN 4;2091541;"CC37    ";"COSTA CALCAGNO SRL                                ";AV. MOSCONI 2470;951539;"20-168         ";20-168 - MONOCOMANDO COCINA CR WAVE;3;3;3;23320574;110926120124843;183129959;;;;07/27/2031 00:00:00;3;13924696;11/09/2026 12:01:24;Maximiliano;Nievas;24596293;11/09/2026 08:17:05;6867;Javier;Lescano;Maximiliano Nievas;Javier Lescano
14251667;11/09/2026 12:01:24;3;2;0001  215475-1;05;CAMIONETA LUN 4;2091541;"CC37    ";"COSTA CALCAGNO SRL                                ";AV. MOSCONI 2470;951536;"20-162         ";20-162 - MONOCOMANDO COCINA ADRA;4;4;4;23320574;110926120124843;183132228;;;;07/28/2031 00:00:00;4;13924696;11/09/2026 12:01:24;Maximiliano;Nievas;24596293;11/09/2026 08:17:05;6867;Javier;Lescano;Maximiliano Nievas;Javier Lescano
14251668;11/09/2026 10:40:48;3;2;0001  215480-1;05;CAMIONETA LUN 4;2094664;"SS43    ";"SANITARIOS SIONE S.R.L.                           ";VIDAL 1783;954912;"BCH11BM        ";BCH11BM - BACHA DE APOYAR REDONDA BLANCO MATE 400x400x125;2;2;2;23321274;110926104047637;183131748;;;;08/17/2031 00:00:00;2;13922048;11/09/2026 10:40:47;Maximiliano;Nievas;24596922;11/09/2026 08:10:39;7807;Nicolas;Perez;Maximiliano Nievas;Nicolas Perez
14251669;11/09/2026 10:39:39;3;2;0001  215481-1;05;CAMIONETA LUN 4;2094559;"SM34    ";"SANITARIOS MATRECARI S.A.                         ";RODRIGUEZ PEÑA 1516;951299;"17030C         ";17030C - PERCHA LINEA FABRIC CROMO;3;3;3;23319954;110926103443076;183125858;;;;11/10/2031 00:00:00;3;13921836;11/09/2026 10:34:43;Maximiliano;Nievas;24595602;11/09/2026 08:04:28;7807;Nicolas;Perez;Maximiliano Nievas;Nicolas Perez
14251669;11/09/2026 10:39:39;3;2;0001  215481-1;05;CAMIONETA LUN 4;2094559;"SM34    ";"SANITARIOS MATRECARI S.A.                         ";RODRIGUEZ PEÑA 1516;957626;"RA1269G        ";RA1269G - BRAZO Y FLOR DE DUCHA FABRIC GOLD;4;4;4;23320185;110926103939258;183131558;;;;11/13/2031 00:00:00;4;13921992;11/09/2026 10:39:39;Maximiliano;Nievas;24595841;11/09/2026 08:10:34;7636;Kevin;Arce;Maximiliano Nievas;Kevin Arce
14251669;11/09/2026 10:39:39;3;2;0001  215481-1;05;CAMIONETA LUN 4;2094559;"SM34    ";"SANITARIOS MATRECARI S.A.                         ";RODRIGUEZ PEÑA 1516;952420;"51-002         ";51-002 - COCINA MESADA RENACER;4;4;4;23320185;110926103939258;183127888;;;;11/03/2031 00:00:00;4;13921992;11/09/2026 10:39:39;Maximiliano;Nievas;24595841;11/09/2026 08:10:34;7636;Kevin;Arce;Maximiliano Nievas;Kevin Arce
14251670;11/09/2026 11:17:56;3;2;0004     119-1;05;CAMIONETA LUN 4;2094387;"SD12    ";"DAMAN S.A. SANITARIOS DAMAN                       ";PARAGUAY 2446;952504;"55-002         ";55-002 - COCINA P/PARED EMB P.ALTO RENACER;1;1;1;23320359;110926111754611;183126756;;;;07/31/2031 00:00:00;1;13923222;11/09/2026 11:17:54;Maximiliano;Nievas;24596032;11/09/2026 07:51:24;6867;Javier;Lescano;Maximiliano Nievas;Javier Lescano
14252041;18/09/2026 12:56:47;3;2;0001  215141-1;05;CAMIONETA EXP 3;2093424;"ME39    ";"METRO CUADRADO SAN NICOLAS S.A.                   ";AV. SAVIO 2452;953131;"80-183         ";"DUCHA EMB C/TRANSF MONOCOMANDO MAT                                    ";1;1;1;23505036;180926035324008;184507649;;;;11/02/2031 00:00:00;1;14033835;18/09/2026 12:53:24;Mirko;Hernandez;24778432;18/09/2026 09:28:56;7673;Maximo;Batista;Mirko Hernandez;Maximo Batista
14252041;18/09/2026 12:56:47;3;2;0001  215141-1;05;CAMIONETA EXP 3;2093424;"ME39    ";"METRO CUADRADO SAN NICOLAS S.A.                   ";AV. SAVIO 2452;954918;"BCH16          ";BCH16 - BACHA DE APOYAR BLANCA 610x457x254 C/DESAGOTE Y REJILLA;1;1;1;23505865;180926035646989;184506400;;;;01/06/2032 00:00:00;1;14033888;18/09/2026 12:56:46;Mirko;Hernandez;24779123;18/09/2026 09:17:39;7636;Kevin;Arce;Mirko Hernandez;Kevin Arce
14252042;18/09/2026 13:01:43;3;2;0001  215144-1;05;CAMIONETA EXP 3;2091029;"AG04    ";"AGUA Y GAS SRL.                                   ";ELORDI 652;951537;"20-162N        ";"MONOCOMANDO COCINA BLACK ADRA                                         ";1;1;1;23505037;180926040142630;184505212;;;;07/28/2031 00:00:00;1;14033984;18/09/2026 13:01:42;Mirko;Hernandez;24778432;18/09/2026 09:28:56;7673;Maximo;Batista;Mirko Hernandez;Maximo Batista
14252042;18/09/2026 13:01:43;3;2;0001  215144-1;05;CAMIONETA EXP 3;2091029;"AG04    ";"AGUA Y GAS SRL.                                   ";ELORDI 652;952915;"70-168         ";70-168 - BIDE MONOC CR WAVE;2;2;2;23505037;180926040142630;184502471;;;;01/18/2032 00:00:00;2;14033984;18/09/2026 13:01:42;Mirko;Hernandez;24778432;18/09/2026 09:28:56;7673;Maximo;Batista;Mirko Hernandez;Maximo Batista
14252042;18/09/2026 13:01:43;3;2;0001  215144-1;05;CAMIONETA EXP 3;2091029;"AG04    ";"AGUA Y GAS SRL.                                   ";ELORDI 652;954914;"BCH12          ";BCH12 - BACHA DE APOYAR BLANCA 460x320x140;2;2;2;23505866;180926035206537;184504431;;;;11/10/2031 00:00:00;1;14033793;18/09/2026 12:52:06;Mirko;Hernandez;24779123;18/09/2026 09:17:39;7636;Kevin;Arce;Mirko Hernandez;Kevin Arce
14252042;18/09/2026 13:01:43;3;2;0001  215144-1;05;CAMIONETA EXP 3;2091029;"AG04    ";"AGUA Y GAS SRL.                                   ";ELORDI 652;953347;"85-168N        ";85-168N - DUCHA MONOC C/TRANSF Y DUCHADOR BLACK WAVE;2;2;2;23506086;180926034717443;184504597;;;;02/04/2032 00:00:00;2;14033686;18/09/2026 12:47:17;Mirko;Hernandez;24779367;18/09/2026 09:14:02;7839;Claudio;Juarez;Mirko Hernandez;Claudio Juarez
14252042;18/09/2026 13:01:43;3;2;0001  215144-1;05;CAMIONETA EXP 3;2091029;"AG04    ";"AGUA Y GAS SRL.                                   ";ELORDI 652;954912;"BCH11BM        ";BCH11BM - BACHA DE APOYAR REDONDA BLANCO MATE 400x400x125;1;1;1;23518038;180926035146987;184505500;;;;08/17/2031 00:00:00;1;14033797;18/09/2026 12:51:47;Mirko;Hernandez;;;;;;Mirko Hernandez;
14252042;18/09/2026 13:01:43;3;2;0001  215144-1;05;CAMIONETA EXP 3;2091029;"AG04    ";"AGUA Y GAS SRL.                                   ";ELORDI 652;954914;"BCH12          ";BCH12 - BACHA DE APOYAR BLANCA 460x320x140;2;2;2;23518041;180926035155874;184581226;;;;11/10/2031 00:00:00;1;14033800;18/09/2026 12:51:55;Mirko;Hernandez;;;;;;Mirko Hernandez;
14252042;18/09/2026 13:01:43;3;2;0001  215144-1;05;CAMIONETA EXP 3;2091029;"AG04    ";"AGUA Y GAS SRL.                                   ";ELORDI 652;952796;"63-168N        ";"LAVATORIO PARED EMB MONOC BLACK WAVE                                  ";3;3;3;23518461;180926040116474;184501366;;;;07/28/2031 00:00:00;3;14033995;18/09/2026 13:01:16;Mirko;Hernandez;;;;;;Mirko Hernandez;
14252042;18/09/2026 13:01:43;3;2;0001  215144-1;05;CAMIONETA EXP 3;2091029;"AG04    ";"AGUA Y GAS SRL.                                   ";ELORDI 652;951535;"20-160         ";20-160 - MONOCOMANDO MESADA COCINA DIQUE;1;1;1;23518461;180926040116474;184507819;;;;07/28/2031 00:00:00;1;14033995;18/09/2026 13:01:16;Mirko;Hernandez;;;;;;Mirko Hernandez;
14252043;18/09/2026 11:22:49;3;2;0001  215186-1;05;CAMIONETA EXP 3;2091029;"AG04    ";"AGUA Y GAS SRL.                                   ";ELORDI 652;951162;"1335           ";"QUEINOX MACHO MOVIL MH 1/2"" x 35                                      ";300;300;300;23506307;180926022249738;184506199;;;;02/10/2032 00:00:00;50;14031021;18/09/2026 11:22:49;Mirko;Hernandez;24779559;18/09/2026 09:28:54;7152;Mirko;Hernandez;Mirko Hernandez;Mirko Hernandez
14252043;18/09/2026 11:22:49;3;2;0001  215186-1;05;CAMIONETA EXP 3;2091029;"AG04    ";"AGUA Y GAS SRL.                                   ";ELORDI 652;951168;"1340           ";"QUEINOX MACHO MOVIL MH 1/2"" x 40                                      ";400;400;400;23513332;180926021714084;184549221;;;;02/09/2032 00:00:00;40;14031028;18/09/2026 11:17:14;Mirko;Hernandez;;;;;;Mirko Hernandez;
14252043;18/09/2026 11:22:49;3;2;0001  215186-1;05;CAMIONETA EXP 3;2091029;"AG04    ";"AGUA Y GAS SRL.                                   ";ELORDI 652;951168;"1340           ";"QUEINOX MACHO MOVIL MH 1/2"" x 40                                      ";400;400;400;23513336;180926021725335;184549297;;;;02/09/2032 00:00:00;40;14031034;18/09/2026 11:17:25;Mirko;Hernandez;;;;;;Mirko Hernandez;
14252043;18/09/2026 11:22:49;3;2;0001  215186-1;05;CAMIONETA EXP 3;2091029;"AG04    ";"AGUA Y GAS SRL.                                   ";ELORDI 652;951168;"1340           ";"QUEINOX MACHO MOVIL MH 1/2"" x 40                                      ";400;400;400;23513347;180926021736477;184549366;;;;02/09/2032 00:00:00;40;14031043;18/09/2026 11:17:36;Mirko;Hernandez;;;;;;Mirko Hernandez;
14252043;18/09/2026 11:22:49;3;2;0001  215186-1;05;CAMIONETA EXP 3;2091029;"AG04    ";"AGUA Y GAS SRL.                                   ";ELORDI 652;951168;"1340           ";"QUEINOX MACHO MOVIL MH 1/2"" x 40                                      ";400;400;400;23513357;180926021746507;184549455;;;;02/09/2032 00:00:00;40;14031048;18/09/2026 11:17:46;Mirko;Hernandez;;;;;;Mirko Hernandez;
14252043;18/09/2026 11:22:49;3;2;0001  215186-1;05;CAMIONETA EXP 3;2091029;"AG04    ";"AGUA Y GAS SRL.                                   ";ELORDI 652;951168;"1340           ";"QUEINOX MACHO MOVIL MH 1/2"" x 40                                      ";400;400;400;23513365;180926021757507;184549525;;;;02/09/2032 00:00:00;40;14031057;18/09/2026 11:17:57;Mirko;Hernandez;;;;;;Mirko Hernandez;
14252043;18/09/2026 11:22:49;3;2;0001  215186-1;05;CAMIONETA EXP 3;2091029;"AG04    ";"AGUA Y GAS SRL.                                   ";ELORDI 652;951168;"1340           ";"QUEINOX MACHO MOVIL MH 1/2"" x 40                                      ";400;400;400;23513377;180926021811781;184549635;;;;02/09/2032 00:00:00;40;14031068;18/09/2026 11:18:11;Mirko;Hernandez;;;;;;Mirko Hernandez;
14252043;18/09/2026 11:22:49;3;2;0001  215186-1;05;CAMIONETA EXP 3;2091029;"AG04    ";"AGUA Y GAS SRL.                                   ";ELORDI 652;951168;"1340           ";"QUEINOX MACHO MOVIL MH 1/2"" x 40                                      ";400;400;400;23513539;180926022045741;184550670;;;;02/09/2032 00:00:00;40;14031193;18/09/2026 11:20:45;Mirko;Hernandez;;;;;;Mirko Hernandez;
14252043;18/09/2026 11:22:49;3;2;0001  215186-1;05;CAMIONETA EXP 3;2091029;"AG04    ";"AGUA Y GAS SRL.                                   ";ELORDI 652;951168;"1340           ";"QUEINOX MACHO MOVIL MH 1/2"" x 40                                      ";400;400;400;23513553;180926022101249;184550791;;;;02/09/2032 00:00:00;40;14031202;18/09/2026 11:21:01;Mirko;Hernandez;;;;;;Mirko Hernandez;
14252043;18/09/2026 11:22:49;3;2;0001  215186-1;05;CAMIONETA EXP 3;2091029;"AG04    ";"AGUA Y GAS SRL.                                   ";ELORDI 652;951168;"1340           ";"QUEINOX MACHO MOVIL MH 1/2"" x 40                                      ";400;400;400;23513571;180926022121207;184550919;;;;02/09/2032 00:00:00;40;14031213;18/09/2026 11:21:21;Mirko;Hernandez;;;;;;Mirko Hernandez;
14252043;18/09/2026 11:22:49;3;2;0001  215186-1;05;CAMIONETA EXP 3;2091029;"AG04    ";"AGUA Y GAS SRL.                                   ";ELORDI 652;951168;"1340           ";"QUEINOX MACHO MOVIL MH 1/2"" x 40                                      ";400;400;400;23513603;180926022150827;184507517;;;;02/09/2032 00:00:00;40;14031237;18/09/2026 11:21:50;Mirko;Hernandez;;;;;;Mirko Hernandez;
14252043;18/09/2026 11:22:49;3;2;0001  215186-1;05;CAMIONETA EXP 3;2091029;"AG04    ";"AGUA Y GAS SRL.                                   ";ELORDI 652;951162;"1335           ";"QUEINOX MACHO MOVIL MH 1/2"" x 35                                      ";300;300;300;23513615;180926022202690;184551253;;;;02/10/2032 00:00:00;50;14031248;18/09/2026 11:22:02;Mirko;Hernandez;;;;;;Mirko Hernandez;
14252043;18/09/2026 11:22:49;3;2;0001  215186-1;05;CAMIONETA EXP 3;2091029;"AG04    ";"AGUA Y GAS SRL.                                   ";ELORDI 652;951162;"1335           ";"QUEINOX MACHO MOVIL MH 1/2"" x 35                                      ";300;300;300;23513622;180926022211199;184551307;;;;02/10/2032 00:00:00;50;14031254;18/09/2026 11:22:11;Mirko;Hernandez;;;;;;Mirko Hernandez;
14252043;18/09/2026 11:22:49;3;2;0001  215186-1;05;CAMIONETA EXP 3;2091029;"AG04    ";"AGUA Y GAS SRL.                                   ";ELORDI 652;951162;"1335           ";"QUEINOX MACHO MOVIL MH 1/2"" x 35                                      ";300;300;300;23513629;180926022221160;184551378;;;;02/10/2032 00:00:00;50;14031260;18/09/2026 11:22:21;Mirko;Hernandez;;;;;;Mirko Hernandez;
14252043;18/09/2026 11:22:49;3;2;0001  215186-1;05;CAMIONETA EXP 3;2091029;"AG04    ";"AGUA Y GAS SRL.                                   ";ELORDI 652;951162;"1335           ";"QUEINOX MACHO MOVIL MH 1/2"" x 35                                      ";300;300;300;23513637;180926022229859;184551442;;;;02/10/2032 00:00:00;50;14031265;18/09/2026 11:22:29;Mirko;Hernandez;;;;;;Mirko Hernandez;
14252043;18/09/2026 11:22:49;3;2;0001  215186-1;05;CAMIONETA EXP 3;2091029;"AG04    ";"AGUA Y GAS SRL.                                   ";ELORDI 652;951162;"1335           ";"QUEINOX MACHO MOVIL MH 1/2"" x 35                                      ";300;300;300;23513647;180926022237922;184551504;;;;02/10/2032 00:00:00;50;14031272;18/09/2026 11:22:37;Mirko;Hernandez;;;;;;Mirko Hernandez;
14252044;18/09/2026 14:01:50;3;2;0001  215207-1;05;CAMIONETA EXP 3;2395939;"EG09    ";"ESTUDIO GRES S.A.                                 ";AV. MAYA Y LAMADRID;1007844;"20-122S        ";"MONOCOMANDO COCINA INOX C/PICO EXTRAIBLE VALENCIA                     ";1;1;1;23505730;180926140150137;184503392;;;;01/06/2032 00:00:00;1;14035680;18/09/2026 14:01:50;Maximiliano;Nievas;24778997;18/09/2026 09:11:46;7152;Mirko;Hernandez;Maximiliano Nievas;Mirko Hernandez
14252044;18/09/2026 14:01:50;3;2;0001  215207-1;05;CAMIONETA EXP 3;2395939;"EG09    ";"ESTUDIO GRES S.A.                                 ";AV. MAYA Y LAMADRID;953171;"80-353NI       ";80-353NI - DUCHA DE EMB 3 FUNCIONES BEAT NICKEL;1;1;1;23505834;180926140046435;184508852;;;;02/01/2032 00:00:00;1;14035649;18/09/2026 14:00:46;Maximiliano;Nievas;24779081;18/09/2026 09:40:28;7827;Javier;Machado;Maximiliano Nievas;Javier Machado
14252044;18/09/2026 14:01:50;3;2;0001  215207-1;05;CAMIONETA EXP 3;2395939;"EG09    ";"ESTUDIO GRES S.A.                                 ";AV. MAYA Y LAMADRID;952953;"70-201NI       ";70-201NI - BIDE CR C.CERAM BEAT NICKEL;1;1;1;23505834;180926140046435;184509527;;;;07/29/2031 00:00:00;1;14035649;18/09/2026 14:00:46;Maximiliano;Nievas;24779081;18/09/2026 09:40:28;7827;Javier;Machado;Maximiliano Nievas;Javier Machado
14252044;18/09/2026 14:01:50;3;2;0001  215207-1;05;CAMIONETA EXP 3;2395939;"EG09    ";"ESTUDIO GRES S.A.                                 ";AV. MAYA Y LAMADRID;952786;"62-201NI       ";62-201NI - LAVATORIO DE PARED C.CERAM BEAT NICKEL;1;1;1;23505834;180926140046435;184509062;;;;11/02/2031 00:00:00;1;14035649;18/09/2026 14:00:46;Maximiliano;Nievas;24779081;18/09/2026 09:40:28;7827;Javier;Machado;Maximiliano Nievas;Javier Machado
14252044;18/09/2026 14:01:50;3;2;0001  215207-1;05;CAMIONETA EXP 3;2395939;"EG09    ";"ESTUDIO GRES S.A.                                 ";AV. MAYA Y LAMADRID;952676;"60-201NI       ";60-201NI - LAVATORIO C.CERAM BEAT NICKEL;1;1;1;23505834;180926140046435;184509678;;;;08/20/2031 00:00:00;1;14035649;18/09/2026 14:00:46;Maximiliano;Nievas;24779081;18/09/2026 09:40:28;7827;Javier;Machado;Maximiliano Nievas;Javier Machado
14252045;18/09/2026 13:59:25;3;2;0001  215246-1;05;CAMIONETA EXP 3;2091954;"CS40    ";"CORDA SANITARIOS SRL                              ";RUTA 11 KM 396;952728;"61-205         ";61-205 - LAVATORIO MONOC ALTO STEEL;7;7;7;23505038;180926135925604;184503919;;;;07/28/2031 00:00:00;7;14035556;18/09/2026 13:59:25;Maximiliano;Nievas;24778432;18/09/2026 09:28:56;7673;Maximo;Batista;Maximiliano Nievas;Maximo Batista
14252045;18/09/2026 13:59:25;3;2;0001  215246-1;05;CAMIONETA EXP 3;2091954;"CS40    ";"CORDA SANITARIOS SRL                              ";RUTA 11 KM 396;953161;"80-205         ";80-205 - DUCHA EMB. C/TRANSF. MONOC STEEL;4;4;4;23521293;180926135752992;184504998;;;;08/11/2031 00:00:00;4;14035563;18/09/2026 13:57:53;Maximiliano;Nievas;;;;;;Maximiliano Nievas;
14252045;18/09/2026 13:59:25;3;2;0001  215246-1;05;CAMIONETA EXP 3;2091954;"CS40    ";"CORDA SANITARIOS SRL                              ";RUTA 11 KM 396;953322;"83-205         ";83-205 - DUCHA EXT C/TRANSF MONOC STEEL PICO CURVO;1;1;1;23521352;180926135853080;184502269;;;;07/27/2031 00:00:00;1;14035597;18/09/2026 13:58:53;Maximiliano;Nievas;;;;;;Maximiliano Nievas;
14252045;18/09/2026 13:59:25;3;2;0001  215246-1;05;CAMIONETA EXP 3;2091954;"CS40    ";"CORDA SANITARIOS SRL                              ";RUTA 11 KM 396;952956;"70-205         ";70-205 - BIDE MONOCOMANDO STEEL;3;3;3;23521352;180926135853080;184502951;;;;11/23/2031 00:00:00;3;14035597;18/09/2026 13:58:53;Maximiliano;Nievas;;;;;;Maximiliano Nievas;
14252046;18/09/2026 14:04:16;3;2;0001  215248-1;05;CAMIONETA EXP 3;2094991;"VN02    ";"VICTOR NADIA ANTONELA -SANTIANO CONSTRUCCIONES    ";RUTA 12 KM 1028;952950;"70-200G        ";70-200G - BIDE MONOCOMANDO GOLD FABRIC;1;1;1;23505731;180926140358189;184503762;;;;07/27/2031 00:00:00;1;14035769;18/09/2026 14:03:58;Maximiliano;Nievas;24778997;18/09/2026 09:11:46;7152;Mirko;Hernandez;Maximiliano Nievas;Mirko Hernandez
14252046;18/09/2026 14:04:16;3;2;0001  215248-1;05;CAMIONETA EXP 3;2094991;"VN02    ";"VICTOR NADIA ANTONELA -SANTIANO CONSTRUCCIONES    ";RUTA 12 KM 1028;952913;"70-162N        ";70-162N - BIDE BLACK C.CERAM LINEA ADRA;2;2;2;23506087;180926140416504;184505306;;;;02/16/2032 00:00:00;2;14035796;18/09/2026 14:04:16;Maximiliano;Nievas;24779367;18/09/2026 09:14:02;7839;Claudio;Juarez;Maximiliano Nievas;Claudio Juarez
14252047;18/09/2026 14:02:42;3;2;0001  215351-1;05;CAMIONETA EXP 3;2092080;"DE18    ";"DECO S.R.L.                                       ";REMEDIO DE ESCALADA 40;957920;"RA920          ";RA920 - VOLANTE VALENCIA;2;2;2;23505732;180926140242879;184502745;;;;01/05/2032 00:00:00;2;14035713;18/09/2026 14:02:42;Maximiliano;Nievas;24778997;18/09/2026 09:11:46;7152;Mirko;Hernandez;Maximiliano Nievas;Mirko Hernandez
14252047;18/09/2026 14:02:42;3;2;0001  215351-1;05;CAMIONETA EXP 3;2092080;"DE18    ";"DECO S.R.L.                                       ";REMEDIO DE ESCALADA 40;957932;"RA958          ";RA958 - BRAZO Y FLOR DUCHA PLUS MALLORCA/VIGO 6';9;9;9;23505732;180926140242879;184502335;;;;07/31/2031 00:00:00;9;14035713;18/09/2026 14:02:42;Maximiliano;Nievas;24778997;18/09/2026 09:11:46;7152;Mirko;Hernandez;Maximiliano Nievas;Mirko Hernandez
14252047;18/09/2026 14:02:42;3;2;0001  215351-1;05;CAMIONETA EXP 3;2092080;"DE18    ";"DECO S.R.L.                                       ";REMEDIO DE ESCALADA 40;957944;"RA980          ";RA980 - 10 CONJ. PROLONGADOR LARGO (TORNILLO+TUBO) VOLANTE;1;1;1;23505732;180926140242879;184502639;;;;10/09/2031 00:00:00;1;14035713;18/09/2026 14:02:42;Maximiliano;Nievas;24778997;18/09/2026 09:11:46;7152;Mirko;Hernandez;Maximiliano Nievas;Mirko Hernandez
14252048;18/09/2026 13:17:16;3;2;0001  214374-2;05;CAMIONETA EXP 3;2091656;"CG22    ";"CEPEDA GONZALO                                    ";BURGOS NORTE 208;956411;"INO102-1       ";"INODORO BLANCO C/ASIENTO LINEA LOFT                                   ";4;4;4;23505132;180926041716430;184499180;;;;02/25/2032 00:00:00;4;14034384;18/09/2026 13:17:16;Mirko;Hernandez;24778520;18/09/2026 08:59:33;7152;Mirko;Hernandez;Mirko Hernandez;Mirko Hernandez
14252048;18/09/2026 13:17:16;3;2;0001  214374-2;05;CAMIONETA EXP 3;2091656;"CG22    ";"CEPEDA GONZALO                                    ";BURGOS NORTE 208;956412;"INO102-2       ";"DEPOSITO C/DESCARGA DUAL BLANCO LINEA LOFT                            ";6;6;6;23505132;180926041716430;184500160;;;;02/25/2032 00:00:00;6;14034384;18/09/2026 13:17:16;Mirko;Hernandez;24778520;18/09/2026 08:59:33;7152;Mirko;Hernandez;Mirko Hernandez;Mirko Hernandez
14252049;18/09/2026 12:45:31;3;2;0001  214264-2;05;CAMIONETA EXP 3;2093327;"MA42    ";"MAYOR S.A.                                        ";AV. R. JAUREGUI 2270;956412;"INO102-2       ";"DEPOSITO C/DESCARGA DUAL BLANCO LINEA LOFT                            ";2;2;2;23505867;180926034528663;184503907;;;;02/25/2032 00:00:00;1;14033634;18/09/2026 12:45:28;Mirko;Hernandez;24779123;18/09/2026 09:17:39;7636;Kevin;Arce;Mirko Hernandez;Kevin Arce
14252049;18/09/2026 12:45:31;3;2;0001  214264-2;05;CAMIONETA EXP 3;2093327;"MA42    ";"MAYOR S.A.                                        ";AV. R. JAUREGUI 2270;956412;"INO102-2       ";"DEPOSITO C/DESCARGA DUAL BLANCO LINEA LOFT                            ";2;2;2;23517752;180926034515195;184579145;;;;02/25/2032 00:00:00;1;14033644;18/09/2026 12:45:15;Mirko;Hernandez;;;;;;Mirko Hernandez;
14252050;18/09/2026 13:21:27;3;2;0001  214801-1;05;CAMIONETA EXP 3;2091954;"CS40    ";"CORDA SANITARIOS SRL                              ";RUTA 11 KM 396;951833;"30-132         ";30-132 - COCINA MESADA MONOC. C/DUCHADOR EXTENSIBLE VIGO;1;1;1;23505039;180926132124702;184502094;;;;10/07/2031 00:00:00;1;14034159;18/09/2026 13:21:24;Maximiliano;Nievas;24778432;18/09/2026 09:28:56;7673;Maximo;Batista;Maximiliano Nievas;Maximo Batista
14252050;18/09/2026 13:21:27;3;2;0001  214801-1;05;CAMIONETA EXP 3;2091954;"CS40    ";"CORDA SANITARIOS SRL                              ";RUTA 11 KM 396;953109;"80-166         ";"DUCHA EMB. C/TRANSF. CR C.CERAM ADRA PLUS                             ";5;5;5;23505835;180926120201773;184513289;;;;01/19/2032 00:00:00;5;14032554;18/09/2026 12:02:01;Maximiliano;Nievas;24779081;18/09/2026 09:40:28;7827;Javier;Machado;Maximiliano Nievas;Javier Machado
14252050;18/09/2026 13:21:27;3;2;0001  214801-1;05;CAMIONETA EXP 3;2091954;"CS40    ";"CORDA SANITARIOS SRL                              ";RUTA 11 KM 396;952634;"60-162         ";60-162 - LAVATORIO CR C.CERAM LINEA ADRA;5;5;5;23515603;180926115933025;184511656;;;;07/29/2031 00:00:00;5;14032585;18/09/2026 11:59:33;Maximiliano;Nievas;;;;;;Maximiliano Nievas;
14252050;18/09/2026 13:21:27;3;2;0001  214801-1;05;CAMIONETA EXP 3;2091954;"CS40    ";"CORDA SANITARIOS SRL                              ";RUTA 11 KM 396;952758;"62-162         ";62-162 - LAVATORIO DE PARED CR C.CERAM ADRA;1;1;1;23515603;180926115933025;184510900;;;;07/31/2031 00:00:00;1;14032585;18/09/2026 11:59:33;Maximiliano;Nievas;;;;;;Maximiliano Nievas;
14252050;18/09/2026 13:21:27;3;2;0001  214801-1;05;CAMIONETA EXP 3;2091954;"CS40    ";"CORDA SANITARIOS SRL                              ";RUTA 11 KM 396;952912;"70-162         ";70-162 - BIDE CR C.CERAM LINEA ADRA;4;4;4;23515603;180926115933025;184512009;;;;07/29/2031 00:00:00;4;14032585;18/09/2026 11:59:33;Maximiliano;Nievas;;;;;;Maximiliano Nievas;
14252050;18/09/2026 13:21:27;3;2;0001  214801-1;05;CAMIONETA EXP 3;2091954;"CS40    ";"CORDA SANITARIOS SRL                              ";RUTA 11 KM 396;952953;"70-201NI       ";70-201NI - BIDE CR C.CERAM BEAT NICKEL;2;2;2;23515630;180926120007586;184509888;;;;07/29/2031 00:00:00;2;14032598;18/09/2026 12:00:07;Maximiliano;Nievas;;;;;;Maximiliano Nievas;
14252050;18/09/2026 13:21:27;3;2;0001  214801-1;05;CAMIONETA EXP 3;2091954;"CS40    ";"CORDA SANITARIOS SRL                              ";RUTA 11 KM 396;952676;"60-201NI       ";60-201NI - LAVATORIO C.CERAM BEAT NICKEL;2;2;2;23515630;180926120007586;184510135;;;;08/20/2031 00:00:00;2;14032598;18/09/2026 12:00:07;Maximiliano;Nievas;;;;;;Maximiliano Nievas;
14252050;18/09/2026 13:21:27;3;2;0001  214801-1;05;CAMIONETA EXP 3;2091954;"CS40    ";"CORDA SANITARIOS SRL                              ";RUTA 11 KM 396;953171;"80-353NI       ";80-353NI - DUCHA DE EMB 3 FUNCIONES BEAT NICKEL;2;2;2;23515716;180926120124321;184509323;;;;02/01/2032 00:00:00;2;14032637;18/09/2026 12:01:24;Maximiliano;Nievas;;;;;;Maximiliano Nievas;
14252050;18/09/2026 13:21:27;3;2;0001  214801-1;05;CAMIONETA EXP 3;2091954;"CS40    ";"CORDA SANITARIOS SRL                              ";RUTA 11 KM 396;952453;"51-131         ";51-131 - MESADA BIMANDO CR C.CERAM MALLORCA;1;1;1;23515716;180926120124321;184506053;;;;01/31/2032 00:00:00;1;14032637;18/09/2026 12:01:24;Maximiliano;Nievas;;;;;;Maximiliano Nievas;
14252050;18/09/2026 13:21:27;3;2;0001  214801-1;05;CAMIONETA EXP 3;2091954;"CS40    ";"CORDA SANITARIOS SRL                              ";RUTA 11 KM 396;954804;"AB-001         ";AB-001 - AGARRADERA ACERO INOX CROMADO 30 CM SAFE;2;2;2;23518959;180926131137117;184498838;;;;07/28/2031 00:00:00;2;14034227;18/09/2026 13:11:37;Maximiliano;Nievas;;;;;;Maximiliano Nievas;
14252050;18/09/2026 13:21:27;3;2;0001  214801-1;05;CAMIONETA EXP 3;2091954;"CS40    ";"CORDA SANITARIOS SRL                              ";RUTA 11 KM 396;951312;"18010          ";18010 - TOALLERO BARRAL NIQUEL LINEA BEAT;2;2;2;23518959;180926131137117;184506249;;;;07/29/2031 00:00:00;2;14034227;18/09/2026 13:11:37;Maximiliano;Nievas;;;;;;Maximiliano Nievas;
14252050;18/09/2026 13:21:27;3;2;0001  214801-1;05;CAMIONETA EXP 3;2091954;"CS40    ";"CORDA SANITARIOS SRL                              ";RUTA 11 KM 396;951318;"18040          ";18040 - PORTA ROLLO NIQUEL LINEA BEAT;3;3;3;23518959;180926131137117;184505930;;;;07/28/2031 00:00:00;3;14034227;18/09/2026 13:11:37;Maximiliano;Nievas;;;;;;Maximiliano Nievas;
14252050;18/09/2026 13:21:27;3;2;0001  214801-1;05;CAMIONETA EXP 3;2091954;"CS40    ";"CORDA SANITARIOS SRL                              ";RUTA 11 KM 396;951116;"12006          ";"SET DE 6 PIEZAS LINEA 12000                                           ";10;10;10;23519049;180926131342517;184508647;;;;07/30/2031 00:00:00;10;14034308;18/09/2026 13:13:42;Maximiliano;Nievas;;;;;;Maximiliano Nievas;
14252050;18/09/2026 13:21:27;3;2;0001  214801-1;05;CAMIONETA EXP 3;2091954;"CS40    ";"CORDA SANITARIOS SRL                              ";RUTA 11 KM 396;951536;"20-162         ";20-162 - MONOCOMANDO COCINA ADRA;4;4;4;23519242;180926131728695;184509712;;;;07/28/2031 00:00:00;4;14034398;18/09/2026 13:17:28;Maximiliano;Nievas;;;;;;Maximiliano Nievas;
14252050;18/09/2026 13:21:27;3;2;0001  214801-1;05;CAMIONETA EXP 3;2091954;"CS40    ";"CORDA SANITARIOS SRL                              ";RUTA 11 KM 396;952728;"61-205         ";61-205 - LAVATORIO MONOC ALTO STEEL;1;1;1;23519242;180926131728695;184504280;;;;07/28/2031 00:00:00;1;14034398;18/09/2026 13:17:28;Maximiliano;Nievas;;;;;;Maximiliano Nievas;
14252051;18/09/2026 10:38:48;3;2;0001  214879-1;05;CAMIONETA EXP 3;2092900;"HO06    ";"HORLIT S.R.L.                                     ";N.RODRIGUEZ PEÑA Y AV.CIRCUNVALACION;954942;"BID102-1       ";"BIDE 1 AGUJERO BLANCO LINEA LOFT                                      ";10;10;10;23505641;180926013847878;184506938;;;;02/24/2032 00:00:00;10;14029293;18/09/2026 10:38:47;Mirko;Hernandez;24778942;18/09/2026 09:33:46;6414;Agustin;Scirica;Mirko Hernandez;Agustin Scirica
14252051;18/09/2026 10:38:48;3;2;0001  214879-1;05;CAMIONETA EXP 3;2092900;"HO06    ";"HORLIT S.R.L.                                     ";N.RODRIGUEZ PEÑA Y AV.CIRCUNVALACION;956411;"INO102-1       ";"INODORO BLANCO C/ASIENTO LINEA LOFT                                   ";10;10;10;23505641;180926013847878;184505682;;;;02/25/2032 00:00:00;1;14029293;18/09/2026 10:38:47;Mirko;Hernandez;24778942;18/09/2026 09:33:46;6414;Agustin;Scirica;Mirko Hernandez;Agustin Scirica
14252051;18/09/2026 10:38:48;3;2;0001  214879-1;05;CAMIONETA EXP 3;2092900;"HO06    ";"HORLIT S.R.L.                                     ";N.RODRIGUEZ PEÑA Y AV.CIRCUNVALACION;956412;"INO102-2       ";"DEPOSITO C/DESCARGA DUAL BLANCO LINEA LOFT                            ";10;10;10;23505641;180926013847878;184509163;;;;02/25/2032 00:00:00;10;14029293;18/09/2026 10:38:47;Mirko;Hernandez;24778942;18/09/2026 09:33:46;6414;Agustin;Scirica;Mirko Hernandez;Agustin Scirica
14252051;18/09/2026 10:38:48;3;2;0001  214879-1;05;CAMIONETA EXP 3;2092900;"HO06    ";"HORLIT S.R.L.                                     ";N.RODRIGUEZ PEÑA Y AV.CIRCUNVALACION;956411;"INO102-1       ";"INODORO BLANCO C/ASIENTO LINEA LOFT                                   ";10;10;10;23510318;180926012841997;184530099;;;;02/25/2032 00:00:00;9;14029329;18/09/2026 10:28:42;Mirko;Hernandez;;;;;;Mirko Hernandez;
14252052;18/09/2026 14:11:51;3;2;0001  215267-1;05;CAMIONETA EXP 3;2092262;"ED04    ";"EDIFICOR S.R.L.                                   ";AV. LOS MOLDAVOS 3131;952616;"60-131         ";60-131 - LAVATORIO C.CERAM CR MALLORCA;4;4;4;23505836;180926141150836;184506744;;;;01/03/2032 00:00:00;4;14036045;18/09/2026 14:11:50;Maximiliano;Nievas;24779081;18/09/2026 09:40:28;7827;Javier;Machado;Maximiliano Nievas;Javier Machado
14252052;18/09/2026 14:11:51;3;2;0001  215267-1;05;CAMIONETA EXP 3;2092262;"ED04    ";"EDIFICOR S.R.L.                                   ";AV. LOS MOLDAVOS 3131;952894;"70-131         ";70-131 - BIDE C.CERAM CR MALLORCA;1;1;1;23505836;180926141150836;184505635;;;;10/28/2031 00:00:00;1;14036045;18/09/2026 14:11:50;Maximiliano;Nievas;24779081;18/09/2026 09:40:28;7827;Javier;Machado;Maximiliano Nievas;Javier Machado
14252052;18/09/2026 14:11:51;3;2;0001  215267-1;05;CAMIONETA EXP 3;2092262;"ED04    ";"EDIFICOR S.R.L.                                   ";AV. LOS MOLDAVOS 3131;953086;"80-131         ";80-131 - DUCHA EMB. C/TRANSF. CR C.CERAM MALLORCA;2;2;2;23505836;180926141150836;184505375;;;;01/24/2032 00:00:00;2;14036045;18/09/2026 14:11:50;Maximiliano;Nievas;24779081;18/09/2026 09:40:28;7827;Javier;Machado;Maximiliano Nievas;Javier Machado
14252053;18/09/2026 12:03:12;3;2;0001  215274-1;05;CAMIONETA EXP 3;2091837;"CO22    ";"COPMACO LTDA.                                     ";AV. CIRCUNVALACION 4660;952725;"61-200N        ";61-200N - LAVATORIO MONOC ALTO FABRIC BLACK;8;8;8;23506638;180926120312880;184509009;;;;07/28/2031 00:00:00;8;14032324;18/09/2026 12:03:12;Maximiliano;Nievas;24779923;18/09/2026 09:40:32;7636;Kevin;Arce;Maximiliano Nievas;Kevin Arce
14252053;18/09/2026 12:03:12;3;2;0001  215274-1;05;CAMIONETA EXP 3;2091837;"CO22    ";"COPMACO LTDA.                                     ";AV. CIRCUNVALACION 4660;953154;"80-200N        ";80-200N - DUCHA EMB. MONOC. 3 FUNCIONES BLACK FABRIC;4;4;4;23507482;180926114957346;184514421;;;;01/18/2032 00:00:00;2;14030715;18/09/2026 11:49:57;Maximiliano;Nievas;24780596;18/09/2026 09:48:17;6414;Agustin;Scirica;Maximiliano Nievas;Agustin Scirica
14252053;18/09/2026 12:03:12;3;2;0001  215274-1;05;CAMIONETA EXP 3;2091837;"CO22    ";"COPMACO LTDA.                                     ";AV. CIRCUNVALACION 4660;953113;"80-168N        ";80-168N - DUCHA EMB C/TRANSF MONOC BLACK WAVE;2;2;2;23507482;180926114957346;184513383;;;;01/22/2032 00:00:00;1;14030715;18/09/2026 11:49:57;Maximiliano;Nievas;24780596;18/09/2026 09:48:17;6414;Agustin;Scirica;Maximiliano Nievas;Agustin Scirica
14252053;18/09/2026 12:03:12;3;2;0001  215274-1;05;CAMIONETA EXP 3;2091837;"CO22    ";"COPMACO LTDA.                                     ";AV. CIRCUNVALACION 4660;952453;"51-131         ";51-131 - MESADA BIMANDO CR C.CERAM MALLORCA;1;1;1;23507482;180926114957346;184516399;;;;01/31/2032 00:00:00;1;14030715;18/09/2026 11:49:57;Maximiliano;Nievas;24780596;18/09/2026 09:48:17;6414;Agustin;Scirica;Maximiliano Nievas;Agustin Scirica
14252053;18/09/2026 12:03:12;3;2;0001  215274-1;05;CAMIONETA EXP 3;2091837;"CO22    ";"COPMACO LTDA.                                     ";AV. CIRCUNVALACION 4660;953110;"80-166N        ";80-166N - DUCHA EMB. C/TRANSF. BLACK C.CERAM ADRA PLUS;5;5;5;23512871;180926110942392;184545960;;;;01/12/2032 00:00:00;2;14030717;18/09/2026 11:09:42;Maximiliano;Nievas;;;;;;Maximiliano Nievas;
14252053;18/09/2026 12:03:12;3;2;0001  215274-1;05;CAMIONETA EXP 3;2091837;"CO22    ";"COPMACO LTDA.                                     ";AV. CIRCUNVALACION 4660;952616;"60-131         ";60-131 - LAVATORIO C.CERAM CR MALLORCA;2;2;2;23512871;180926110942392;184516308;;;;01/03/2032 00:00:00;2;14030717;18/09/2026 11:09:42;Maximiliano;Nievas;;;;;;Maximiliano Nievas;
14252053;18/09/2026 12:03:12;3;2;0001  215274-1;05;CAMIONETA EXP 3;2091837;"CO22    ";"COPMACO LTDA.                                     ";AV. CIRCUNVALACION 4660;953110;"80-166N        ";80-166N - DUCHA EMB. C/TRANSF. BLACK C.CERAM ADRA PLUS;5;5;5;23514771;180926114306523;184515620;;;;01/12/2032 00:00:00;3;14032041;18/09/2026 11:43:06;Maximiliano;Nievas;;;;;;Maximiliano Nievas;
14252053;18/09/2026 12:03:12;3;2;0001  215274-1;05;CAMIONETA EXP 3;2091837;"CO22    ";"COPMACO LTDA.                                     ";AV. CIRCUNVALACION 4660;952677;"60-203         ";60-203 - LAVATORIO MONOCOMANDO BAJO ADRA;5;5;5;23514926;180926114540102;184560344;;;;03/02/2032 00:00:00;2;14032131;18/09/2026 11:45:40;Maximiliano;Nievas;;;;;;Maximiliano Nievas;
14252053;18/09/2026 12:03:12;3;2;0001  215274-1;05;CAMIONETA EXP 3;2091837;"CO22    ";"COPMACO LTDA.                                     ";AV. CIRCUNVALACION 4660;952913;"70-162N        ";70-162N - BIDE BLACK C.CERAM LINEA ADRA;5;5;5;23514926;180926114540102;184515490;;;;02/16/2032 00:00:00;5;14032131;18/09/2026 11:45:40;Maximiliano;Nievas;;;;;;Maximiliano Nievas;
14252053;18/09/2026 12:03:12;3;2;0001  215274-1;05;CAMIONETA EXP 3;2091837;"CO22    ";"COPMACO LTDA.                                     ";AV. CIRCUNVALACION 4660;952874;"70-100G        ";70-100G - BIDE GOLD C.CERAM FABRIC;3;3;3;23514926;180926114540102;184516199;;;;07/29/2031 00:00:00;3;14032131;18/09/2026 11:45:40;Maximiliano;Nievas;;;;;;Maximiliano Nievas;
14252053;18/09/2026 12:03:12;3;2;0001  215274-1;05;CAMIONETA EXP 3;2091837;"CO22    ";"COPMACO LTDA.                                     ";AV. CIRCUNVALACION 4660;952894;"70-131         ";70-131 - BIDE C.CERAM CR MALLORCA;2;2;2;23514965;180926114622733;184516504;;;;10/28/2031 00:00:00;2;14032159;18/09/2026 11:46:22;Maximiliano;Nievas;;;;;;Maximiliano Nievas;
14252053;18/09/2026 12:03:12;3;2;0001  215274-1;05;CAMIONETA EXP 3;2091837;"CO22    ";"COPMACO LTDA.                                     ";AV. CIRCUNVALACION 4660;952677;"60-203         ";60-203 - LAVATORIO MONOCOMANDO BAJO ADRA;5;5;5;23514965;180926114622733;184515227;;;;03/02/2032 00:00:00;3;14032159;18/09/2026 11:46:22;Maximiliano;Nievas;;;;;;Maximiliano Nievas;
14252053;18/09/2026 12:03:12;3;2;0001  215274-1;05;CAMIONETA EXP 3;2091837;"CO22    ";"COPMACO LTDA.                                     ";AV. CIRCUNVALACION 4660;952774;"62-190         ";62-190 - LAVATORIO PARED EMB. C.CERAM BLACK VELVET;2;2;2;23514965;180926114622733;184515934;;;;09/02/2031 00:00:00;2;14032159;18/09/2026 11:46:22;Maximiliano;Nievas;;;;;;Maximiliano Nievas;
14252053;18/09/2026 12:03:12;3;2;0001  215274-1;05;CAMIONETA EXP 3;2091837;"CO22    ";"COPMACO LTDA.                                     ";AV. CIRCUNVALACION 4660;953113;"80-168N        ";80-168N - DUCHA EMB C/TRANSF MONOC BLACK WAVE;2;2;2;23514996;180926114706890;184560863;;;;01/22/2032 00:00:00;1;14032202;18/09/2026 11:47:06;Maximiliano;Nievas;;;;;;Maximiliano Nievas;
14252053;18/09/2026 12:03:12;3;2;0001  215274-1;05;CAMIONETA EXP 3;2091837;"CO22    ";"COPMACO LTDA.                                     ";AV. CIRCUNVALACION 4660;953154;"80-200N        ";80-200N - DUCHA EMB. MONOC. 3 FUNCIONES BLACK FABRIC;4;4;4;23514996;180926114706890;184560864;;;;01/18/2032 00:00:00;2;14032202;18/09/2026 11:47:06;Maximiliano;Nievas;;;;;;Maximiliano Nievas;
14252053;18/09/2026 12:03:12;3;2;0001  215274-1;05;CAMIONETA EXP 3;2091837;"CO22    ";"COPMACO LTDA.                                     ";AV. CIRCUNVALACION 4660;952456;"51-190         ";51-190 - MESADA BIMANDO C.CERAM BLACK VELVET;3;3;3;23515082;180926114851270;184516067;;;;01/31/2032 00:00:00;3;14032263;18/09/2026 11:48:51;Maximiliano;Nievas;;;;;;Maximiliano Nievas;
14252053;18/09/2026 12:03:12;3;2;0001  215274-1;05;CAMIONETA EXP 3;2091837;"CO22    ";"COPMACO LTDA.                                     ";AV. CIRCUNVALACION 4660;952951;"70-200N        ";70-200N - BIDE MONOCOMANDO BLACK FABRIC;4;4;4;23515182;180926115105896;184509423;;;;09/06/2031 00:00:00;4;14032339;18/09/2026 11:51:05;Maximiliano;Nievas;;;;;;Maximiliano Nievas;
14252053;18/09/2026 12:03:12;3;2;0001  215274-1;05;CAMIONETA EXP 3;2091837;"CO22    ";"COPMACO LTDA.                                     ";AV. CIRCUNVALACION 4660;951304;"17040N         ";17040N - PORTA ROLLO LINEA FABRIC BLACK;6;6;6;23515221;180926115154998;184513358;;;;07/29/2031 00:00:00;6;14032362;18/09/2026 11:51:55;Maximiliano;Nievas;;;;;;Maximiliano Nievas;
14252053;18/09/2026 12:03:12;3;2;0001  215274-1;05;CAMIONETA EXP 3;2091837;"CO22    ";"COPMACO LTDA.                                     ";AV. CIRCUNVALACION 4660;952714;"61-180         ";61-180 - LAVATORIO MONOCOMANDO ALTO VERA;5;5;5;23515244;180926115234745;184510851;;;;07/28/2031 00:00:00;5;14032385;18/09/2026 11:52:34;Maximiliano;Nievas;;;;;;Maximiliano Nievas;
14252053;18/09/2026 12:03:12;3;2;0001  215274-1;05;CAMIONETA EXP 3;2091837;"CO22    ";"COPMACO LTDA.                                     ";AV. CIRCUNVALACION 4660;951310;"17060N         ";17060N - PORTA VASO Y CEPILLO  LINEA FABRIC BLACK;4;4;4;23515316;180926115402365;184512684;;;;07/29/2031 00:00:00;4;14032424;18/09/2026 11:54:02;Maximiliano;Nievas;;;;;;Maximiliano Nievas;
14252053;18/09/2026 12:03:12;3;2;0001  215274-1;05;CAMIONETA EXP 3;2091837;"CO22    ";"COPMACO LTDA.                                     ";AV. CIRCUNVALACION 4660;952916;"70-168N        ";70-168N - BIDE MONOC BLACK WAVE;2;2;2;23515324;180926115415295;184511861;;;;01/05/2032 00:00:00;2;14032431;18/09/2026 11:54:15;Maximiliano;Nievas;;;;;;Maximiliano Nievas;
14252053;18/09/2026 12:03:12;3;2;0001  215274-1;05;CAMIONETA EXP 3;2091837;"CO22    ";"COPMACO LTDA.                                     ";AV. CIRCUNVALACION 4660;952709;"61-168N        ";61-168N - LAVATORIO MONOC ALTO BLACK WAVE;2;2;2;23515324;180926115415295;184509777;;;;07/28/2031 00:00:00;2;14032431;18/09/2026 11:54:15;Maximiliano;Nievas;;;;;;Maximiliano Nievas;
14252053;18/09/2026 12:03:12;3;2;0001  215274-1;05;CAMIONETA EXP 3;2091837;"CO22    ";"COPMACO LTDA.                                     ";AV. CIRCUNVALACION 4660;951301;"17030N         ";17030N - PERCHA LINEA FABRIC BLACK;12;12;12;23515378;180926115504597;184513536;;;;07/28/2031 00:00:00;12;14032464;18/09/2026 11:55:04;Maximiliano;Nievas;;;;;;Maximiliano Nievas;
14252053;18/09/2026 12:03:12;3;2;0001  215274-1;05;CAMIONETA EXP 3;2091837;"CO22    ";"COPMACO LTDA.                                     ";AV. CIRCUNVALACION 4660;951307;"17050N         ";17050N - JABONERA  LINEA FABRIC BLACK;6;6;6;23515469;180926115631867;184512491;;;;07/30/2031 00:00:00;6;14032500;18/09/2026 11:56:32;Maximiliano;Nievas;;;;;;Maximiliano Nievas;
14252053;18/09/2026 12:03:12;3;2;0001  215274-1;05;CAMIONETA EXP 3;2091837;"CO22    ";"COPMACO LTDA.                                     ";AV. CIRCUNVALACION 4660;954805;"AB-002         ";AB-002 - AGARRADERA ACERO INOX CROMADO 40 CM SAFE;5;5;5;23515515;180926115737771;184508359;;;;08/12/2031 00:00:00;5;14032520;18/09/2026 11:57:37;Maximiliano;Nievas;;;;;;Maximiliano Nievas;
14252053;18/09/2026 12:03:12;3;2;0001  215274-1;05;CAMIONETA EXP 3;2091837;"CO22    ";"COPMACO LTDA.                                     ";AV. CIRCUNVALACION 4660;951748;"3006           ";3006 - SET DE 6 PIEZAS LINEA 3000;10;10;10;23515792;180926120240520;184511496;;;;07/29/2031 00:00:00;10;14032667;18/09/2026 12:02:40;Maximiliano;Nievas;;;;;;Maximiliano Nievas;
14252054;18/09/2026 14:27:26;3;2;0001  215303-1;05;CAMIONETA EXP 3;2093172;"LE14    ";"L.E.CER S.R.L.                                    ";LIBERTAD 10110;952596;"60-100G        ";60-100G - LAVATORIO GOLD C.CERAM FABRIC;5;5;5;23505837;180926141439638;184507590;;;;11/10/2031 00:00:00;5;14036089;18/09/2026 14:14:39;Maximiliano;Nievas;24779081;18/09/2026 09:40:28;7827;Javier;Machado;Maximiliano Nievas;Javier Machado
14252054;18/09/2026 14:27:26;3;2;0001  215303-1;05;CAMIONETA EXP 3;2093172;"LE14    ";"L.E.CER S.R.L.                                    ";LIBERTAD 10110;951132;"13006          ";"SET DE 6 PIEZAS LINEA 13000                                           ";20;20;20;23506613;180926142725342;184511194;;;;07/28/2031 00:00:00;10;14036208;18/09/2026 14:27:25;Maximiliano;Nievas;24779897;18/09/2026 09:33:40;6922;Franco;Potenza;Maximiliano Nievas;Franco Potenza
14252054;18/09/2026 14:27:26;3;2;0001  215303-1;05;CAMIONETA EXP 3;2093172;"LE14    ";"L.E.CER S.R.L.                                    ";LIBERTAD 10110;951488;"20-102         ";"20-102 - MONOCOMANDO MESADA CROMO ""RENACER""";10;10;10;23522282;180926141546266;184511511;;;;08/20/2031 00:00:00;10;14036218;18/09/2026 14:15:46;Maximiliano;Nievas;;;;;;Maximiliano Nievas;
14252054;18/09/2026 14:27:26;3;2;0001  215303-1;05;CAMIONETA EXP 3;2093172;"LE14    ";"L.E.CER S.R.L.                                    ";LIBERTAD 10110;951300;"17030G         ";17030G - PERCHA LINEA FABRIC GOLD;3;3;3;23522701;180926142231462;184612665;;;;07/29/2031 00:00:00;2;14036472;18/09/2026 14:22:31;Maximiliano;Nievas;;;;;;Maximiliano Nievas;
14252054;18/09/2026 14:27:26;3;2;0001  215303-1;05;CAMIONETA EXP 3;2093172;"LE14    ";"L.E.CER S.R.L.                                    ";LIBERTAD 10110;951303;"17040G         ";17040G - PORTA ROLLO LINEA FABRIC GOLD;4;4;4;23522701;180926142231462;184510648;;;;07/28/2031 00:00:00;4;14036472;18/09/2026 14:22:31;Maximiliano;Nievas;;;;;;Maximiliano Nievas;
14252054;18/09/2026 14:27:26;3;2;0001  215303-1;05;CAMIONETA EXP 3;2093172;"LE14    ";"L.E.CER S.R.L.                                    ";LIBERTAD 10110;951760;"3006SS         ";3006SS - SET DE 6 PIEZAS LINEA 3000 SS;2;2;2;23522701;180926142231462;184509773;;;;07/29/2031 00:00:00;2;14036472;18/09/2026 14:22:31;Maximiliano;Nievas;;;;;;Maximiliano Nievas;
14252054;18/09/2026 14:27:26;3;2;0001  215303-1;05;CAMIONETA EXP 3;2093172;"LE14    ";"L.E.CER S.R.L.                                    ";LIBERTAD 10110;951132;"13006          ";"SET DE 6 PIEZAS LINEA 13000                                           ";20;20;20;23522749;180926142322191;184612984;;;;07/28/2031 00:00:00;10;14036504;18/09/2026 14:23:22;Maximiliano;Nievas;;;;;;Maximiliano Nievas;
14252054;18/09/2026 14:27:26;3;2;0001  215303-1;05;CAMIONETA EXP 3;2093172;"LE14    ";"L.E.CER S.R.L.                                    ";LIBERTAD 10110;951508;"20-121         ";20-121 - COCINA MSDA MONOC.P. REDONDO MARBELLA;10;10;10;23522768;180926142352452;184613214;;;;07/30/2031 00:00:00;4;14036529;18/09/2026 14:23:52;Maximiliano;Nievas;;;;;;Maximiliano Nievas;
14252054;18/09/2026 14:27:26;3;2;0001  215303-1;05;CAMIONETA EXP 3;2093172;"LE14    ";"L.E.CER S.R.L.                                    ";LIBERTAD 10110;954234;"A1452N         ";A1452N - CAÑO DE DUCHA RECTO 150 MM BLACK C/BLISTER;1;1;1;23522866;180926142555773;184509268;;;;07/31/2031 00:00:00;1;14036618;18/09/2026 14:25:55;Maximiliano;Nievas;;;;;;Maximiliano Nievas;
14252054;18/09/2026 14:27:26;3;2;0001  215303-1;05;CAMIONETA EXP 3;2093172;"LE14    ";"L.E.CER S.R.L.                                    ";LIBERTAD 10110;951300;"17030G         ";17030G - PERCHA LINEA FABRIC GOLD;3;3;3;23522866;180926142555773;184511616;;;;07/29/2031 00:00:00;1;14036618;18/09/2026 14:25:55;Maximiliano;Nievas;;;;;;Maximiliano Nievas;
14252054;18/09/2026 14:27:26;3;2;0001  215303-1;05;CAMIONETA EXP 3;2093172;"LE14    ";"L.E.CER S.R.L.                                    ";LIBERTAD 10110;951508;"20-121         ";20-121 - COCINA MSDA MONOC.P. REDONDO MARBELLA;10;10;10;23522946;180926142709005;184510291;;;;07/30/2031 00:00:00;6;14036678;18/09/2026 14:27:09;Maximiliano;Nievas;;;;;;Maximiliano Nievas;
14252055;18/09/2026 14:09:25;3;2;0001  215310-1;05;CAMIONETA EXP 3;2093272;"LR14    ";"LA AGRICOLA REGIONAL COOPERATIVA LIMITADA         ";MORENO 1404;951552;"20-183         ";"MONOCOMANDO DE COCINA MAT                                             ";4;4;4;23505040;180926140923493;184507263;;;;11/02/2031 00:00:00;4;14035978;18/09/2026 14:09:23;Maximiliano;Nievas;24778432;18/09/2026 09:28:56;7673;Maximo;Batista;Maximiliano Nievas;Maximo Batista
14252055;18/09/2026 14:09:25;3;2;0001  215310-1;05;CAMIONETA EXP 3;2093272;"LR14    ";"LA AGRICOLA REGIONAL COOPERATIVA LIMITADA         ";MORENO 1404;952655;"60-183         ";"LAVATORIO MONOCOMANDO BAJO MAT                                        ";3;3;3;23505040;180926140923493;184506785;;;;11/02/2031 00:00:00;3;14035978;18/09/2026 14:09:23;Maximiliano;Nievas;24778432;18/09/2026 09:28:56;7673;Maximo;Batista;Maximiliano Nievas;Maximo Batista
14252055;18/09/2026 14:09:25;3;2;0001  215310-1;05;CAMIONETA EXP 3;2093272;"LR14    ";"LA AGRICOLA REGIONAL COOPERATIVA LIMITADA         ";MORENO 1404;952933;"70-183         ";"BIDE MONOCOMANDO C/TRANSF MAT                                         ";2;2;2;23505040;180926140923493;184506618;;;;11/02/2031 00:00:00;2;14035978;18/09/2026 14:09:23;Maximiliano;Nievas;24778432;18/09/2026 09:28:56;7673;Maximo;Batista;Maximiliano Nievas;Maximo Batista
14252056;18/09/2026 14:08:03;3;2;0001  215322-1;05;CAMIONETA EXP 3;2094221;"RP07    ";"RIO PLOMO S.A.S                                   ";BELTRAN 346;954231;"A1452DG        ";A1452DG - CAÑO DE DUCHA RECTO 150 MM DARK GOLD C/BLISTER;2;2;2;23505041;180926140759668;184498275;;;;12/15/2031 00:00:00;2;14035816;18/09/2026 14:07:59;Maximiliano;Nievas;24778432;18/09/2026 09:28:56;7673;Maximo;Batista;Maximiliano Nievas;Maximo Batista
14252056;18/09/2026 14:08:03;3;2;0001  215322-1;05;CAMIONETA EXP 3;2094221;"RP07    ";"RIO PLOMO S.A.S                                   ";BELTRAN 346;954232;"A1452G         ";A1452G - CAÑO DE DUCHA RECTO 150 MM GOLD C/BLISTER;2;2;2;23505041;180926140759668;184498419;;;;01/27/2032 00:00:00;2;14035816;18/09/2026 14:07:59;Maximiliano;Nievas;24778432;18/09/2026 09:28:56;7673;Maximo;Batista;Maximiliano Nievas;Maximo Batista
14252056;18/09/2026 14:08:03;3;2;0001  215322-1;05;CAMIONETA EXP 3;2094221;"RP07    ";"RIO PLOMO S.A.S                                   ";BELTRAN 346;954233;"A1452GR        ";A1452GR - CAÑO DE DUCHA RECTO 150 MM GRAFITO C/BLISTER;2;2;2;23505041;180926140759668;184499541;;;;12/15/2031 00:00:00;2;14035816;18/09/2026 14:07:59;Maximiliano;Nievas;24778432;18/09/2026 09:28:56;7673;Maximo;Batista;Maximiliano Nievas;Maximo Batista
14252056;18/09/2026 14:08:03;3;2;0001  215322-1;05;CAMIONETA EXP 3;2094221;"RP07    ";"RIO PLOMO S.A.S                                   ";BELTRAN 346;954235;"A1452NI        ";A1452NI - CAÑO DE DUCHA RECTO 150 MM NICKEL C/BLISTER;2;2;2;23505041;180926140759668;184499991;;;;02/02/2032 00:00:00;2;14035816;18/09/2026 14:07:59;Maximiliano;Nievas;24778432;18/09/2026 09:28:56;7673;Maximo;Batista;Maximiliano Nievas;Maximo Batista
14252056;18/09/2026 14:08:03;3;2;0001  215322-1;05;CAMIONETA EXP 3;2094221;"RP07    ";"RIO PLOMO S.A.S                                   ";BELTRAN 346;951486;"20-100N        ";20-100N - MONOCOMANDO DE COCINA FABRIC BLACK;2;2;2;23521700;180926140540664;184499145;;;;01/10/2032 00:00:00;2;14035856;18/09/2026 14:05:40;Maximiliano;Nievas;;;;;;Maximiliano Nievas;
14252056;18/09/2026 14:08:03;3;2;0001  215322-1;05;CAMIONETA EXP 3;2094221;"RP07    ";"RIO PLOMO S.A.S                                   ";BELTRAN 346;951484;"20-100C        ";20-100C - MONOCOMANDO DE COCINA FABRIC CROMO;3;3;3;23521700;180926140540664;184500818;;;;02/18/2032 00:00:00;3;14035856;18/09/2026 14:05:40;Maximiliano;Nievas;;;;;;Maximiliano Nievas;
14252057;18/09/2026 13:57:26;3;2;0001  215431-1;05;CAMIONETA EXP 3;2091682;"CI03    ";"CARLOS ISLA Y CIA. S.A.                           ";TUCUMAN 224;952886;"70-121         ";70-121 - BIDE C.CERAM CR MARBELLA;2;2;2;23505838;180926135717610;184504420;;;;01/17/2032 00:00:00;2;14035430;18/09/2026 13:57:17;Maximiliano;Nievas;24779081;18/09/2026 09:40:28;7827;Javier;Machado;Maximiliano Nievas;Javier Machado
14252057;18/09/2026 13:57:26;3;2;0001  215431-1;05;CAMIONETA EXP 3;2091682;"CI03    ";"CARLOS ISLA Y CIA. S.A.                           ";TUCUMAN 224;952888;"70-122         ";70-122 - BIDE C.CERAM CR VALENCIA;4;4;4;23505838;180926135717610;184508089;;;;10/26/2031 00:00:00;4;14035430;18/09/2026 13:57:17;Maximiliano;Nievas;24779081;18/09/2026 09:40:28;7827;Javier;Machado;Maximiliano Nievas;Javier Machado
14252057;18/09/2026 13:57:26;3;2;0001  215431-1;05;CAMIONETA EXP 3;2091682;"CI03    ";"CARLOS ISLA Y CIA. S.A.                           ";TUCUMAN 224;952945;"70-199         ";70-199 - BIDE CR C.CERAM LIVE;2;2;2;23505838;180926135717610;184510495;;;;12/16/2031 00:00:00;2;14035430;18/09/2026 13:57:17;Maximiliano;Nievas;24779081;18/09/2026 09:40:28;7827;Javier;Machado;Maximiliano Nievas;Javier Machado
14252057;18/09/2026 13:57:26;3;2;0001  215431-1;05;CAMIONETA EXP 3;2091682;"CI03    ";"CARLOS ISLA Y CIA. S.A.                           ";TUCUMAN 224;951300;"17030G         ";17030G - PERCHA LINEA FABRIC GOLD;10;10;10;23507331;180926132651988;184512375;;;;07/29/2031 00:00:00;10;14034491;18/09/2026 13:26:51;Maximiliano;Nievas;24780463;18/09/2026 09:49:15;7839;Claudio;Juarez;Maximiliano Nievas;Claudio Juarez
14252057;18/09/2026 13:57:26;3;2;0001  215431-1;05;CAMIONETA EXP 3;2091682;"CI03    ";"CARLOS ISLA Y CIA. S.A.                           ";TUCUMAN 224;951554;"20-190         ";20-190 - COCINA MESADA MONOC BLACK VELVET;2;2;2;23519485;180926132352467;184513716;;;;07/28/2031 00:00:00;2;14034544;18/09/2026 13:23:52;Maximiliano;Nievas;;;;;;Maximiliano Nievas;
14252057;18/09/2026 13:57:26;3;2;0001  215431-1;05;CAMIONETA EXP 3;2091682;"CI03    ";"CARLOS ISLA Y CIA. S.A.                           ";TUCUMAN 224;951562;"20-202N        ";20-202N - MONOCOMANDO COCINA BLACK HOOP;2;2;2;23519485;180926132352467;184514869;;;;07/27/2031 00:00:00;2;14034544;18/09/2026 13:23:52;Maximiliano;Nievas;;;;;;Maximiliano Nievas;
14252057;18/09/2026 13:57:26;3;2;0001  215431-1;05;CAMIONETA EXP 3;2091682;"CI03    ";"CARLOS ISLA Y CIA. S.A.                           ";TUCUMAN 224;953138;"80-192         ";80-192 - DUCHA EMB. C/TRANSF. SORIA BLACK;2;2;2;23519541;180926132501029;184515459;;;;07/28/2031 00:00:00;2;14034575;18/09/2026 13:25:01;Maximiliano;Nievas;;;;;;Maximiliano Nievas;
14252057;18/09/2026 13:57:26;3;2;0001  215431-1;05;CAMIONETA EXP 3;2091682;"CI03    ";"CARLOS ISLA Y CIA. S.A.                           ";TUCUMAN 224;952660;"60-192         ";60-192 - LAVATORIO BAJO SORIA BLACK;2;2;2;23519541;180926132501029;184515695;;;;07/27/2031 00:00:00;2;14034575;18/09/2026 13:25:01;Maximiliano;Nievas;;;;;;Maximiliano Nievas;
14252057;18/09/2026 13:57:26;3;2;0001  215431-1;05;CAMIONETA EXP 3;2091682;"CI03    ";"CARLOS ISLA Y CIA. S.A.                           ";TUCUMAN 224;951535;"20-160         ";20-160 - MONOCOMANDO MESADA COCINA DIQUE;2;2;2;23519541;180926132501029;184516644;;;;07/28/2031 00:00:00;2;14034575;18/09/2026 13:25:01;Maximiliano;Nievas;;;;;;Maximiliano Nievas;
14252057;18/09/2026 13:57:26;3;2;0001  215431-1;05;CAMIONETA EXP 3;2091682;"CI03    ";"CARLOS ISLA Y CIA. S.A.                           ";TUCUMAN 224;951294;"17010G         ";17010G - TOALLERO BARRAL LINEA FABRIC GOLD;5;5;5;23519608;180926132614920;184514333;;;;07/27/2031 00:00:00;5;14034612;18/09/2026 13:26:14;Maximiliano;Nievas;;;;;;Maximiliano Nievas;
14252057;18/09/2026 13:57:26;3;2;0001  215431-1;05;CAMIONETA EXP 3;2091682;"CI03    ";"CARLOS ISLA Y CIA. S.A.                           ";TUCUMAN 224;951301;"17030N         ";17030N - PERCHA LINEA FABRIC BLACK;10;10;10;23519621;180926132637835;184513046;;;;07/28/2031 00:00:00;10;14034622;18/09/2026 13:26:37;Maximiliano;Nievas;;;;;;Maximiliano Nievas;
14252057;18/09/2026 13:57:26;3;2;0001  215431-1;05;CAMIONETA EXP 3;2091682;"CI03    ";"CARLOS ISLA Y CIA. S.A.                           ";TUCUMAN 224;953071;"80-100G        ";80-100G - DUCHA EMB. C/TRANSF. GOLD C.CERAM FABRIC;2;2;2;23521205;180926135606902;184507088;;;;12/07/2031 00:00:00;2;14035484;18/09/2026 13:56:06;Maximiliano;Nievas;;;;;;Maximiliano Nievas;
14252057;18/09/2026 13:57:26;3;2;0001  215431-1;05;CAMIONETA EXP 3;2091682;"CI03    ";"CARLOS ISLA Y CIA. S.A.                           ";TUCUMAN 224;952453;"51-131         ";51-131 - MESADA BIMANDO CR C.CERAM MALLORCA;2;2;2;23521205;180926135606902;184506330;;;;01/31/2032 00:00:00;2;14035484;18/09/2026 13:56:06;Maximiliano;Nievas;;;;;;Maximiliano Nievas;
14252058;18/09/2026 11:07:15;3;2;0001  215434-1;05;CAMIONETA EXP 3;2091682;"CI03    ";"CARLOS ISLA Y CIA. S.A.                           ";TEODORO PLANAS 5055;952741;"62-100N        ";62-100N - LAVATORIO DE PARED BLACK C.CERAM FABRIC;3;3;3;23506567;180926105650980;184508822;;;;11/05/2031 00:00:00;3;14029972;18/09/2026 10:56:50;Maximiliano;Nievas;24779871;18/09/2026 09:30:49;7839;Claudio;Juarez;Maximiliano Nievas;Claudio Juarez
14252058;18/09/2026 11:07:15;3;2;0001  215434-1;05;CAMIONETA EXP 3;2091682;"CI03    ";"CARLOS ISLA Y CIA. S.A.                           ";TEODORO PLANAS 5055;952765;"62-175DG       ";62-175DG - LAVATORIO DE PARED PULSE DARK GOLD C.CERAM;2;2;2;23506567;180926105650980;184510060;;;;07/31/2031 00:00:00;2;14029972;18/09/2026 10:56:50;Maximiliano;Nievas;24779871;18/09/2026 09:30:49;7839;Claudio;Juarez;Maximiliano Nievas;Claudio Juarez
14252058;18/09/2026 11:07:15;3;2;0001  215434-1;05;CAMIONETA EXP 3;2091682;"CI03    ";"CARLOS ISLA Y CIA. S.A.                           ";TEODORO PLANAS 5055;952874;"70-100G        ";70-100G - BIDE GOLD C.CERAM FABRIC;3;3;3;23506567;180926105650980;184509407;;;;07/29/2031 00:00:00;3;14029972;18/09/2026 10:56:50;Maximiliano;Nievas;24779871;18/09/2026 09:30:49;7839;Claudio;Juarez;Maximiliano Nievas;Claudio Juarez
14252058;18/09/2026 11:07:15;3;2;0001  215434-1;05;CAMIONETA EXP 3;2091682;"CI03    ";"CARLOS ISLA Y CIA. S.A.                           ";TEODORO PLANAS 5055;952894;"70-131         ";70-131 - BIDE C.CERAM CR MALLORCA;2;2;2;23506567;180926105650980;184508543;;;;10/28/2031 00:00:00;1;14029972;18/09/2026 10:56:50;Maximiliano;Nievas;24779871;18/09/2026 09:30:49;7839;Claudio;Juarez;Maximiliano Nievas;Claudio Juarez
14252058;18/09/2026 11:07:15;3;2;0001  215434-1;05;CAMIONETA EXP 3;2091682;"CI03    ";"CARLOS ISLA Y CIA. S.A.                           ";TEODORO PLANAS 5055;952950;"70-200G        ";70-200G - BIDE MONOCOMANDO GOLD FABRIC;2;2;2;23507280;180926110713352;184514439;;;;07/27/2031 00:00:00;2;14030289;18/09/2026 11:07:13;Maximiliano;Nievas;24780433;18/09/2026 09:46:40;7152;Mirko;Hernandez;Maximiliano Nievas;Mirko Hernandez
14252058;18/09/2026 11:07:15;3;2;0001  215434-1;05;CAMIONETA EXP 3;2091682;"CI03    ";"CARLOS ISLA Y CIA. S.A.                           ";TEODORO PLANAS 5055;953161;"80-205         ";80-205 - DUCHA EMB. C/TRANSF. MONOC STEEL;4;4;4;23507280;180926110713352;184515293;;;;08/11/2031 00:00:00;4;14030289;18/09/2026 11:07:13;Maximiliano;Nievas;24780433;18/09/2026 09:46:40;7152;Mirko;Hernandez;Maximiliano Nievas;Mirko Hernandez
14252058;18/09/2026 11:07:15;3;2;0001  215434-1;05;CAMIONETA EXP 3;2091682;"CI03    ";"CARLOS ISLA Y CIA. S.A.                           ";TEODORO PLANAS 5055;953153;"80-200G        ";80-200G - DUCHA EMB. MONOC. 3 FUNCIONES GOLD FABRIC;3;3;3;23511528;180926104930186;184537799;;;;12/03/2031 00:00:00;2;14029989;18/09/2026 10:49:30;Maximiliano;Nievas;;;;;;Maximiliano Nievas;
14252058;18/09/2026 11:07:15;3;2;0001  215434-1;05;CAMIONETA EXP 3;2091682;"CI03    ";"CARLOS ISLA Y CIA. S.A.                           ";TEODORO PLANAS 5055;953152;"80-200C        ";80-200C - DUCHA EMB. MONOC. 3 FUNCIONES CR FABRIC;2;2;2;23511528;180926104930186;184537798;;;;12/14/2031 00:00:00;1;14029989;18/09/2026 10:49:30;Maximiliano;Nievas;;;;;;Maximiliano Nievas;
14252058;18/09/2026 11:07:15;3;2;0001  215434-1;05;CAMIONETA EXP 3;2091682;"CI03    ";"CARLOS ISLA Y CIA. S.A.                           ";TEODORO PLANAS 5055;953154;"80-200N        ";80-200N - DUCHA EMB. MONOC. 3 FUNCIONES BLACK FABRIC;3;3;3;23511634;180926105102139;184538350;;;;01/18/2032 00:00:00;2;14030039;18/09/2026 10:51:02;Maximiliano;Nievas;;;;;;Maximiliano Nievas;
14252058;18/09/2026 11:07:15;3;2;0001  215434-1;05;CAMIONETA EXP 3;2091682;"CI03    ";"CARLOS ISLA Y CIA. S.A.                           ";TEODORO PLANAS 5055;953153;"80-200G        ";80-200G - DUCHA EMB. MONOC. 3 FUNCIONES GOLD FABRIC;3;3;3;23511634;180926105102139;184508031;;;;12/03/2031 00:00:00;1;14030039;18/09/2026 10:51:02;Maximiliano;Nievas;;;;;;Maximiliano Nievas;
14252058;18/09/2026 11:07:15;3;2;0001  215434-1;05;CAMIONETA EXP 3;2091682;"CI03    ";"CARLOS ISLA Y CIA. S.A.                           ";TEODORO PLANAS 5055;953154;"80-200N        ";80-200N - DUCHA EMB. MONOC. 3 FUNCIONES BLACK FABRIC;3;3;3;23511673;180926105133522;184510477;;;;01/18/2032 00:00:00;1;14030060;18/09/2026 10:51:33;Maximiliano;Nievas;;;;;;Maximiliano Nievas;
14252058;18/09/2026 11:07:15;3;2;0001  215434-1;05;CAMIONETA EXP 3;2091682;"CI03    ";"CARLOS ISLA Y CIA. S.A.                           ";TEODORO PLANAS 5055;953071;"80-100G        ";80-100G - DUCHA EMB. C/TRANSF. GOLD C.CERAM FABRIC;2;2;2;23511673;180926105133522;184509086;;;;12/07/2031 00:00:00;2;14030060;18/09/2026 10:51:33;Maximiliano;Nievas;;;;;;Maximiliano Nievas;
14252058;18/09/2026 11:07:15;3;2;0001  215434-1;05;CAMIONETA EXP 3;2091682;"CI03    ";"CARLOS ISLA Y CIA. S.A.                           ";TEODORO PLANAS 5055;953152;"80-200C        ";80-200C - DUCHA EMB. MONOC. 3 FUNCIONES CR FABRIC;2;2;2;23511673;180926105133522;184510659;;;;12/14/2031 00:00:00;1;14030060;18/09/2026 10:51:33;Maximiliano;Nievas;;;;;;Maximiliano Nievas;
14252058;18/09/2026 11:07:15;3;2;0001  215434-1;05;CAMIONETA EXP 3;2091682;"CI03    ";"CARLOS ISLA Y CIA. S.A.                           ";TEODORO PLANAS 5055;952923;"70-175GR       ";70-175GR - BIDE PULSE GRAFITO C.CERAM;2;2;2;23511725;180926105237377;184509907;;;;07/31/2031 00:00:00;2;14030093;18/09/2026 10:52:37;Maximiliano;Nievas;;;;;;Maximiliano Nievas;
14252058;18/09/2026 11:07:15;3;2;0001  215434-1;05;CAMIONETA EXP 3;2091682;"CI03    ";"CARLOS ISLA Y CIA. S.A.                           ";TEODORO PLANAS 5055;952894;"70-131         ";70-131 - BIDE C.CERAM CR MALLORCA;2;2;2;23511725;180926105237377;184538967;;;;10/28/2031 00:00:00;1;14030093;18/09/2026 10:52:37;Maximiliano;Nievas;;;;;;Maximiliano Nievas;
14252058;18/09/2026 11:07:15;3;2;0001  215434-1;05;CAMIONETA EXP 3;2091682;"CI03    ";"CARLOS ISLA Y CIA. S.A.                           ";TEODORO PLANAS 5055;952740;"62-100G        ";62-100G - LAVATORIO DE PARED GOLD C.CERAM FABRIC;2;2;2;23511725;180926105237377;184508961;;;;12/20/2031 00:00:00;2;14030093;18/09/2026 10:52:37;Maximiliano;Nievas;;;;;;Maximiliano Nievas;
14252058;18/09/2026 11:07:15;3;2;0001  215434-1;05;CAMIONETA EXP 3;2091682;"CI03    ";"CARLOS ISLA Y CIA. S.A.                           ";TEODORO PLANAS 5055;953086;"80-131         ";80-131 - DUCHA EMB. C/TRANSF. CR C.CERAM MALLORCA;2;2;2;23511725;180926105237377;184508445;;;;01/24/2032 00:00:00;2;14030093;18/09/2026 10:52:37;Maximiliano;Nievas;;;;;;Maximiliano Nievas;
14252058;18/09/2026 11:07:15;3;2;0001  215434-1;05;CAMIONETA EXP 3;2091682;"CI03    ";"CARLOS ISLA Y CIA. S.A.                           ";TEODORO PLANAS 5055;952631;"60-153         ";60-153 - LAVATORIO CR C.CERAMICO CASTILLA;2;2;2;23511725;180926105237377;184509593;;;;11/23/2031 00:00:00;2;14030093;18/09/2026 10:52:37;Maximiliano;Nievas;;;;;;Maximiliano Nievas;
14252058;18/09/2026 11:07:15;3;2;0001  215434-1;05;CAMIONETA EXP 3;2091682;"CI03    ";"CARLOS ISLA Y CIA. S.A.                           ";TEODORO PLANAS 5055;952637;"60-168         ";60-168 - LAVATORIO MONOC BAJO CR WAVE;2;2;2;23512186;180926105930448;184513736;;;;07/27/2031 00:00:00;2;14030355;18/09/2026 10:59:30;Maximiliano;Nievas;;;;;;Maximiliano Nievas;
14252058;18/09/2026 11:07:15;3;2;0001  215434-1;05;CAMIONETA EXP 3;2091682;"CI03    ";"CARLOS ISLA Y CIA. S.A.                           ";TEODORO PLANAS 5055;952660;"60-192         ";60-192 - LAVATORIO BAJO SORIA BLACK;3;3;3;23512186;180926105930448;184513228;;;;07/27/2031 00:00:00;3;14030355;18/09/2026 10:59:30;Maximiliano;Nievas;;;;;;Maximiliano Nievas;
14252058;18/09/2026 11:07:15;3;2;0001  215434-1;05;CAMIONETA EXP 3;2091682;"CI03    ";"CARLOS ISLA Y CIA. S.A.                           ";TEODORO PLANAS 5055;952915;"70-168         ";70-168 - BIDE MONOC CR WAVE;2;2;2;23512186;180926105930448;184513602;;;;01/18/2032 00:00:00;2;14030355;18/09/2026 10:59:30;Maximiliano;Nievas;;;;;;Maximiliano Nievas;
14252058;18/09/2026 11:07:15;3;2;0001  215434-1;05;CAMIONETA EXP 3;2091682;"CI03    ";"CARLOS ISLA Y CIA. S.A.                           ";TEODORO PLANAS 5055;951300;"17030G         ";17030G - PERCHA LINEA FABRIC GOLD;10;10;10;23512240;180926110021061;184511573;;;;07/29/2031 00:00:00;10;14030391;18/09/2026 11:00:21;Maximiliano;Nievas;;;;;;Maximiliano Nievas;
14252058;18/09/2026 11:07:15;3;2;0001  215434-1;05;CAMIONETA EXP 3;2091682;"CI03    ";"CARLOS ISLA Y CIA. S.A.                           ";TEODORO PLANAS 5055;951263;"16030BL        ";16030BL - PERCHA LINEA 16000 BLACK;2;2;2;23512240;180926110021061;184516129;;;;07/28/2031 00:00:00;2;14030391;18/09/2026 11:00:21;Maximiliano;Nievas;;;;;;Maximiliano Nievas;
14252058;18/09/2026 11:07:15;3;2;0001  215434-1;05;CAMIONETA EXP 3;2091682;"CI03    ";"CARLOS ISLA Y CIA. S.A.                           ";TEODORO PLANAS 5055;951132;"13006          ";"SET DE 6 PIEZAS LINEA 13000                                           ";5;5;5;23512506;180926110418968;184512619;;;;07/28/2031 00:00:00;5;14030527;18/09/2026 11:04:18;Maximiliano;Nievas;;;;;;Maximiliano Nievas;
14252058;18/09/2026 11:07:15;3;2;0001  215434-1;05;CAMIONETA EXP 3;2091682;"CI03    ";"CARLOS ISLA Y CIA. S.A.                           ";TEODORO PLANAS 5055;951820;"30-121         ";30-121 - COCINA MSDA MONOC.P. CUADRADO MARBELLA;2;2;2;23512506;180926110418968;184515539;;;;11/08/2031 00:00:00;2;14030527;18/09/2026 11:04:18;Maximiliano;Nievas;;;;;;Maximiliano Nievas;
14252058;18/09/2026 11:07:15;3;2;0001  215434-1;05;CAMIONETA EXP 3;2091682;"CI03    ";"CARLOS ISLA Y CIA. S.A.                           ";TEODORO PLANAS 5055;952956;"70-205         ";70-205 - BIDE MONOCOMANDO STEEL;3;3;3;23512650;180926110626319;184514021;;;;11/23/2031 00:00:00;3;14030603;18/09/2026 11:06:26;Maximiliano;Nievas;;;;;;Maximiliano Nievas;
14252058;18/09/2026 11:07:15;3;2;0001  215434-1;05;CAMIONETA EXP 3;2091682;"CI03    ";"CARLOS ISLA Y CIA. S.A.                           ";TEODORO PLANAS 5055;952673;"60-200G        ";60-200G - LAVATORIO MONOC BAJO GOLD FABRIC;3;3;3;23512650;180926110626319;184514313;;;;07/28/2031 00:00:00;3;14030603;18/09/2026 11:06:26;Maximiliano;Nievas;;;;;;Maximiliano Nievas;
14252059;18/09/2026 11:07:58;3;2;0001  214733-2;05;CAMIONETA EXP 3;2092925;"HU03    ";"HURA S.A.S.                                       ";ALVEAR 671;956411;"INO102-1       ";"INODORO BLANCO C/ASIENTO LINEA LOFT                                   ";3;3;3;23505255;180926020756815;184501384;;;;02/25/2032 00:00:00;1;14030613;18/09/2026 11:07:56;Mirko;Hernandez;24778612;18/09/2026 09:14:54;6922;Franco;Potenza;Mirko Hernandez;Franco Potenza
14252059;18/09/2026 11:07:58;3;2;0001  214733-2;05;CAMIONETA EXP 3;2092925;"HU03    ";"HURA S.A.S.                                       ";ALVEAR 671;956418;"INO104N-2      ";"DEPOSITO C/DESCARGA DUAL BLACK LINEA STONE                            ";4;4;4;23512672;180926020655574;184544886;;;;10/18/2031 00:00:00;1;14030622;18/09/2026 11:06:55;Mirko;Hernandez;;;;;;Mirko Hernandez;
14252059;18/09/2026 11:07:58;3;2;0001  214733-2;05;CAMIONETA EXP 3;2092925;"HU03    ";"HURA S.A.S.                                       ";ALVEAR 671;956418;"INO104N-2      ";"DEPOSITO C/DESCARGA DUAL BLACK LINEA STONE                            ";4;4;4;23512680;180926020703610;184544939;;;;10/18/2031 00:00:00;1;14030632;18/09/2026 11:07:03;Mirko;Hernandez;;;;;;Mirko Hernandez;
14252059;18/09/2026 11:07:58;3;2;0001  214733-2;05;CAMIONETA EXP 3;2092925;"HU03    ";"HURA S.A.S.                                       ";ALVEAR 671;954946;"BID104-1       ";"BIDE 1 AGUJERO BLANCO LINEA STONE                                     ";1;1;1;23512698;180926020711513;184500368;;;;10/26/2031 00:00:00;1;14030636;18/09/2026 11:07:11;Mirko;Hernandez;;;;;;Mirko Hernandez;
14252059;18/09/2026 11:07:58;3;2;0001  214733-2;05;CAMIONETA EXP 3;2092925;"HU03    ";"HURA S.A.S.                                       ";ALVEAR 671;956418;"INO104N-2      ";"DEPOSITO C/DESCARGA DUAL BLACK LINEA STONE                            ";4;4;4;23512715;180926020725288;184545117;;;;10/18/2031 00:00:00;1;14030644;18/09/2026 11:07:25;Mirko;Hernandez;;;;;;Mirko Hernandez;
14252059;18/09/2026 11:07:58;3;2;0001  214733-2;05;CAMIONETA EXP 3;2092925;"HU03    ";"HURA S.A.S.                                       ";ALVEAR 671;956418;"INO104N-2      ";"DEPOSITO C/DESCARGA DUAL BLACK LINEA STONE                            ";4;4;4;23512721;180926020732830;184500739;;;;10/18/2031 00:00:00;1;14030649;18/09/2026 11:07:32;Mirko;Hernandez;;;;;;Mirko Hernandez;
14252059;18/09/2026 11:07:58;3;2;0001  214733-2;05;CAMIONETA EXP 3;2092925;"HU03    ";"HURA S.A.S.                                       ";ALVEAR 671;956411;"INO102-1       ";"INODORO BLANCO C/ASIENTO LINEA LOFT                                   ";3;3;3;23512726;180926020739777;184545200;;;;02/25/2032 00:00:00;1;14030652;18/09/2026 11:07:39;Mirko;Hernandez;;;;;;Mirko Hernandez;
14252059;18/09/2026 11:07:58;3;2;0001  214733-2;05;CAMIONETA EXP 3;2092925;"HU03    ";"HURA S.A.S.                                       ";ALVEAR 671;956411;"INO102-1       ";"INODORO BLANCO C/ASIENTO LINEA LOFT                                   ";3;3;3;23512737;180926020748797;184545256;;;;02/25/2032 00:00:00;1;14030659;18/09/2026 11:07:48;Mirko;Hernandez;;;;;;Mirko Hernandez;
14252061;18/09/2026 10:47:59;3;2;0001  215397-1;05;CAMIONETA EXP 3;2092925;"HU03    ";"HURA S.A.S.                                       ";ALVEAR 671;953383;"90-010         ";90-010 - PACK GRIF.BL/CR LORCA (Lavatorio-Bide-Ducha c/t);3;3;3;23505839;180926102845500;184503809;;;;07/28/2031 00:00:00;3;14029299;18/09/2026 10:28:45;Maximiliano;Nievas;24779081;18/09/2026 09:40:28;7827;Javier;Machado;Maximiliano Nievas;Javier Machado
14252061;18/09/2026 10:47:59;3;2;0001  215397-1;05;CAMIONETA EXP 3;2092925;"HU03    ";"HURA S.A.S.                                       ";ALVEAR 671;954921;"BCH18          ";BCH18 - BACHA DE APOYAR SIMIL MARMOL 460x320x140;2;2;2;23505868;180926104759212;184504751;;;;10/04/2031 00:00:00;1;14029767;18/09/2026 10:47:59;Maximiliano;Nievas;24779123;18/09/2026 09:17:39;7636;Kevin;Arce;Maximiliano Nievas;Kevin Arce
14252061;18/09/2026 10:47:59;3;2;0001  215397-1;05;CAMIONETA EXP 3;2092925;"HU03    ";"HURA S.A.S.                                       ";ALVEAR 671;951113;"12004N         ";"SET DE 4 PIEZAS LINEA 12000 BLACK                                     ";10;10;10;23507291;180926103719235;184514408;;;;09/01/2031 00:00:00;10;14029355;18/09/2026 10:37:19;Maximiliano;Nievas;24780447;18/09/2026 09:45:00;7673;Maximo;Batista;Maximiliano Nievas;Maximo Batista
14252061;18/09/2026 10:47:59;3;2;0001  215397-1;05;CAMIONETA EXP 3;2092925;"HU03    ";"HURA S.A.S.                                       ";ALVEAR 671;953437;"914/CR         ";914/CR - JGO.MDA.P.CAÑO CR ARES;1;1;1;23510275;180926102802517;184504989;;;;02/29/2032 00:00:00;1;14029312;18/09/2026 10:28:02;Maximiliano;Nievas;;;;;;Maximiliano Nievas;
14252061;18/09/2026 10:47:59;3;2;0001  215397-1;05;CAMIONETA EXP 3;2092925;"HU03    ";"HURA S.A.S.                                       ";ALVEAR 671;952759;"62-162N        ";62-162N - LAVATORIO DE PARED BLACK C.CERAM ADRA;1;1;1;23510275;180926102802517;184508355;;;;12/08/2031 00:00:00;1;14029312;18/09/2026 10:28:02;Maximiliano;Nievas;;;;;;Maximiliano Nievas;
14252061;18/09/2026 10:47:59;3;2;0001  215397-1;05;CAMIONETA EXP 3;2092925;"HU03    ";"HURA S.A.S.                                       ";ALVEAR 671;952767;"62-175GR       ";62-175GR - LAVATORIO DE PARED PULSE GRAFITO C.CERAM;5;5;5;23510275;180926102802517;184503246;;;;09/03/2031 00:00:00;5;14029312;18/09/2026 10:28:02;Maximiliano;Nievas;;;;;;Maximiliano Nievas;
14252061;18/09/2026 10:47:59;3;2;0001  215397-1;05;CAMIONETA EXP 3;2092925;"HU03    ";"HURA S.A.S.                                       ";ALVEAR 671;953320;"83-203         ";83-203 - DUCHA EXT C/TRANSF. MONOCOMANDO ADRA;1;1;1;23510459;180926103057121;184514910;;;;07/29/2031 00:00:00;1;14029393;18/09/2026 10:30:57;Maximiliano;Nievas;;;;;;Maximiliano Nievas;
14252061;18/09/2026 10:47:59;3;2;0001  215397-1;05;CAMIONETA EXP 3;2092925;"HU03    ";"HURA S.A.S.                                       ";ALVEAR 671;952648;"60-176N        ";"LAVATORIO MONOCOMANDO BAJO BLACK RIO                                  ";2;2;2;23510459;180926103057121;184513161;;;;07/29/2031 00:00:00;2;14029393;18/09/2026 10:30:57;Maximiliano;Nievas;;;;;;Maximiliano Nievas;
14252061;18/09/2026 10:47:59;3;2;0001  215397-1;05;CAMIONETA EXP 3;2092925;"HU03    ";"HURA S.A.S.                                       ";ALVEAR 671;952647;"60-176         ";"LAVATORIO MONOCOMANDO BAJO CR RIO                                     ";2;2;2;23510459;180926103057121;184513733;;;;10/11/2031 00:00:00;2;14029393;18/09/2026 10:30:57;Maximiliano;Nievas;;;;;;Maximiliano Nievas;
14252061;18/09/2026 10:47:59;3;2;0001  215397-1;05;CAMIONETA EXP 3;2092925;"HU03    ";"HURA S.A.S.                                       ";ALVEAR 671;952713;"61-176N        ";61-176N - LAVATORIO MONOC ALTO BLACK RIO;2;2;2;23510580;180926103302520;184513478;;;;07/29/2031 00:00:00;2;14029451;18/09/2026 10:33:02;Maximiliano;Nievas;;;;;;Maximiliano Nievas;
14252061;18/09/2026 10:47:59;3;2;0001  215397-1;05;CAMIONETA EXP 3;2092925;"HU03    ";"HURA S.A.S.                                       ";ALVEAR 671;951266;"16050          ";16050 - JABONERA ACCESORIOS LINEA 16000;3;3;3;23510580;180926103302520;184512785;;;;07/31/2031 00:00:00;3;14029451;18/09/2026 10:33:02;Maximiliano;Nievas;;;;;;Maximiliano Nievas;
14252061;18/09/2026 10:47:59;3;2;0001  215397-1;05;CAMIONETA EXP 3;2092925;"HU03    ";"HURA S.A.S.                                       ";ALVEAR 671;951258;"16006          ";16006 - SET 6 PIEZAS ACCESORIOS LINEA 16000;10;10;10;23510790;180926103702718;184515442;;;;07/29/2031 00:00:00;10;14029592;18/09/2026 10:37:02;Maximiliano;Nievas;;;;;;Maximiliano Nievas;
14252061;18/09/2026 10:47:59;3;2;0001  215397-1;05;CAMIONETA EXP 3;2092925;"HU03    ";"HURA S.A.S.                                       ";ALVEAR 671;954921;"BCH18          ";BCH18 - BACHA DE APOYAR SIMIL MARMOL 460x320x140;2;2;2;23511430;180926104750646;184537125;;;;10/04/2031 00:00:00;1;14029920;18/09/2026 10:47:50;Maximiliano;Nievas;;;;;;Maximiliano Nievas;
14252112;17/09/2026 16:22:01;3;2;0001  215112-1;05;CAMIONETA EXP 4;2091960;"CS46    ";"CERAMICA Y SANITARIOS ARENALES S.A                ";TERRADA 7722;954922;"BCH19          ";"BACHA DE APOYAR BLANCA 365x235x120                                    ";5;5;5;23484699;170926161701149;184341319;;;;07/28/2031 00:00:00;5;14020235;17/09/2026 16:17:01;Gustavo;Soderquvist;24758451;17/09/2026 13:40:08;7839;Claudio;Juarez;Gustavo Soderquvist;Claudio Juarez
14252112;17/09/2026 16:22:01;3;2;0001  215112-1;05;CAMIONETA EXP 4;2091960;"CS46    ";"CERAMICA Y SANITARIOS ARENALES S.A                ";TERRADA 7722;952713;"61-176N        ";61-176N - LAVATORIO MONOC ALTO BLACK RIO;5;5;5;23485030;170926162201533;184345454;;;;07/29/2031 00:00:00;5;14020373;17/09/2026 16:22:01;Gustavo;Soderquvist;24758747;17/09/2026 13:47:01;7827;Javier;Machado;Gustavo Soderquvist;Javier Machado
14252112;17/09/2026 16:22:01;3;2;0001  215112-1;05;CAMIONETA EXP 4;2091960;"CS46    ";"CERAMICA Y SANITARIOS ARENALES S.A                ";TERRADA 7722;952712;"61-176         ";61-176 - LAVATORIO MONOC ALTO CR RIO;20;20;20;23485030;170926162201533;184344727;;;;10/11/2031 00:00:00;20;14020373;17/09/2026 16:22:01;Gustavo;Soderquvist;24758747;17/09/2026 13:47:01;7827;Javier;Machado;Gustavo Soderquvist;Javier Machado
14252112;17/09/2026 16:22:01;3;2;0001  215112-1;05;CAMIONETA EXP 4;2091960;"CS46    ";"CERAMICA Y SANITARIOS ARENALES S.A                ";TERRADA 7722;954901;"BCH01          ";BCH01 - BACHA DE APOYAR CIRCULAR 320x145;20;20;20;23494013;170926161642791;184341918;;;;07/28/2031 00:00:00;20;14020258;17/09/2026 16:16:42;Gustavo;Soderquvist;;;;;;Gustavo Soderquvist;
14252113;17/09/2026 15:51:48;3;2;0008    2895-1;05;CAMIONETA EXP 4;2091960;"CS46    ";"CERAMICA Y SANITARIOS ARENALES S.A                ";TERRADA 7722;953159;"80-203P        ";80-203P - DUCHA EMB C/TRANSF. MONOCOMANDO ADRA PLUS;4;4;4;23485394;170926154808394;184347019;;;;07/28/2031 00:00:00;4;14019073;17/09/2026 15:48:08;Tiago;Rodriguez;24759082;17/09/2026 13:53:00;7839;Claudio;Juarez;Tiago Rodriguez;Claudio Juarez
14252113;17/09/2026 15:51:48;3;2;0008    2895-1;05;CAMIONETA EXP 4;2091960;"CS46    ";"CERAMICA Y SANITARIOS ARENALES S.A                ";TERRADA 7722;953109;"80-166         ";"DUCHA EMB. C/TRANSF. CR C.CERAM ADRA PLUS                             ";4;4;4;23486161;170926155146512;184353222;;;;01/19/2032 00:00:00;4;14019223;17/09/2026 15:51:46;Tiago;Rodriguez;24759866;17/09/2026 14:23:54;7827;Javier;Machado;Tiago Rodriguez;Javier Machado
14252113;17/09/2026 15:51:48;3;2;0008    2895-1;05;CAMIONETA EXP 4;2091960;"CS46    ";"CERAMICA Y SANITARIOS ARENALES S.A                ";TERRADA 7722;953321;"83-203N        ";83-203N - DUCHA EXT C/TRANSF. MONOCOMANDO ADRA BLACK;2;2;2;23492627;170926154752884;184348160;;;;07/31/2031 00:00:00;2;14019200;17/09/2026 15:47:52;Tiago;Rodriguez;;;;;;Tiago Rodriguez;
14252113;17/09/2026 15:51:48;3;2;0008    2895-1;05;CAMIONETA EXP 4;2091960;"CS46    ";"CERAMICA Y SANITARIOS ARENALES S.A                ";TERRADA 7722;952954;"70-203         ";70-203 - BIDE MONOCOMANDO ADRA;4;4;4;23492627;170926154752884;184347622;;;;07/30/2031 00:00:00;4;14019200;17/09/2026 15:47:52;Tiago;Rodriguez;;;;;;Tiago Rodriguez;
14252113;17/09/2026 15:51:48;3;2;0008    2895-1;05;CAMIONETA EXP 4;2091960;"CS46    ";"CERAMICA Y SANITARIOS ARENALES S.A                ";TERRADA 7722;952955;"70-203N        ";"BIDE MONOCOMANDO ADRA BLACK                                           ";4;4;4;23492627;170926154752884;184348781;;;;07/27/2031 00:00:00;4;14019200;17/09/2026 15:47:52;Tiago;Rodriguez;;;;;;Tiago Rodriguez;
14252113;17/09/2026 15:51:48;3;2;0008    2895-1;05;CAMIONETA EXP 4;2091960;"CS46    ";"CERAMICA Y SANITARIOS ARENALES S.A                ";TERRADA 7722;952913;"70-162N        ";70-162N - BIDE BLACK C.CERAM LINEA ADRA;3;3;3;23492695;170926154854013;184355542;;;;02/16/2032 00:00:00;3;14019242;17/09/2026 15:48:54;Tiago;Rodriguez;;;;;;Tiago Rodriguez;
14252113;17/09/2026 15:51:48;3;2;0008    2895-1;05;CAMIONETA EXP 4;2091960;"CS46    ";"CERAMICA Y SANITARIOS ARENALES S.A                ";TERRADA 7722;952634;"60-162         ";60-162 - LAVATORIO CR C.CERAM LINEA ADRA;7;7;7;23492695;170926154854013;184353757;;;;07/29/2031 00:00:00;7;14019242;17/09/2026 15:48:54;Tiago;Rodriguez;;;;;;Tiago Rodriguez;
14252113;17/09/2026 15:51:48;3;2;0008    2895-1;05;CAMIONETA EXP 4;2091960;"CS46    ";"CERAMICA Y SANITARIOS ARENALES S.A                ";TERRADA 7722;952912;"70-162         ";70-162 - BIDE CR C.CERAM LINEA ADRA;8;8;8;23492727;170926154920732;184352717;;;;07/29/2031 00:00:00;8;14019264;17/09/2026 15:49:20;Tiago;Rodriguez;;;;;;Tiago Rodriguez;
14252113;17/09/2026 15:51:48;3;2;0008    2895-1;05;CAMIONETA EXP 4;2091960;"CS46    ";"CERAMICA Y SANITARIOS ARENALES S.A                ";TERRADA 7722;952921;"70-175DG       ";70-175DG - BIDE PULSE DARK GOLD C.CERAM;3;3;3;23492748;170926154947467;184358536;;;;07/31/2031 00:00:00;3;14019274;17/09/2026 15:49:47;Tiago;Rodriguez;;;;;;Tiago Rodriguez;
14252113;17/09/2026 15:51:48;3;2;0008    2895-1;05;CAMIONETA EXP 4;2091960;"CS46    ";"CERAMICA Y SANITARIOS ARENALES S.A                ";TERRADA 7722;952873;"70-100C        ";70-100C - BIDE CR C.CERAM FABRIC;1;1;1;23492748;170926154947467;184356068;;;;07/31/2031 00:00:00;1;14019274;17/09/2026 15:49:47;Tiago;Rodriguez;;;;;;Tiago Rodriguez;
14252113;17/09/2026 15:51:48;3;2;0008    2895-1;05;CAMIONETA EXP 4;2091960;"CS46    ";"CERAMICA Y SANITARIOS ARENALES S.A                ";TERRADA 7722;952635;"60-162N        ";60-162N - LAVATORIO BLACK C.CERAM LINEA ADRA;4;4;4;23492748;170926154947467;184354486;;;;11/03/2031 00:00:00;4;14019274;17/09/2026 15:49:47;Tiago;Rodriguez;;;;;;Tiago Rodriguez;
14252113;17/09/2026 15:51:48;3;2;0008    2895-1;05;CAMIONETA EXP 4;2091960;"CS46    ";"CERAMICA Y SANITARIOS ARENALES S.A                ";TERRADA 7722;952453;"51-131         ";51-131 - MESADA BIMANDO CR C.CERAM MALLORCA;4;4;4;23492768;170926155010857;184403862;;;;01/31/2032 00:00:00;3;14019290;17/09/2026 15:50:10;Tiago;Rodriguez;;;;;;Tiago Rodriguez;
14252113;17/09/2026 15:51:48;3;2;0008    2895-1;05;CAMIONETA EXP 4;2091960;"CS46    ";"CERAMICA Y SANITARIOS ARENALES S.A                ";TERRADA 7722;953118;"80-175DG       ";80-175DG - DUCHA EMB C/TRANSF. PULSE DARK GOLD C.CERAM;1;1;1;23492788;170926155029572;184357958;;;;10/19/2031 00:00:00;1;14019305;17/09/2026 15:50:29;Tiago;Rodriguez;;;;;;Tiago Rodriguez;
14252113;17/09/2026 15:51:48;3;2;0008    2895-1;05;CAMIONETA EXP 4;2091960;"CS46    ";"CERAMICA Y SANITARIOS ARENALES S.A                ";TERRADA 7722;953070;"80-100C        ";80-100C - DUCHA EMB. C/TRANSF. CR C.CERAM FABRIC;1;1;1;23492788;170926155029572;184355962;;;;07/30/2031 00:00:00;1;14019305;17/09/2026 15:50:29;Tiago;Rodriguez;;;;;;Tiago Rodriguez;
14252113;17/09/2026 15:51:48;3;2;0008    2895-1;05;CAMIONETA EXP 4;2091960;"CS46    ";"CERAMICA Y SANITARIOS ARENALES S.A                ";TERRADA 7722;952453;"51-131         ";51-131 - MESADA BIMANDO CR C.CERAM MALLORCA;4;4;4;23492788;170926155029572;184357104;;;;01/31/2032 00:00:00;1;14019305;17/09/2026 15:50:29;Tiago;Rodriguez;;;;;;Tiago Rodriguez;
14252113;17/09/2026 15:51:48;3;2;0008    2895-1;05;CAMIONETA EXP 4;2091960;"CS46    ";"CERAMICA Y SANITARIOS ARENALES S.A                ";TERRADA 7722;952595;"60-100C        ";60-100C - LAVATORIO CR C.CERAM FABRIC;1;1;1;23492813;170926155055666;184356171;;;;08/17/2031 00:00:00;1;14019328;17/09/2026 15:50:55;Tiago;Rodriguez;;;;;;Tiago Rodriguez;
14252113;17/09/2026 15:51:48;3;2;0008    2895-1;05;CAMIONETA EXP 4;2091960;"CS46    ";"CERAMICA Y SANITARIOS ARENALES S.A                ";TERRADA 7722;952597;"60-100N        ";60-100N - LAVATORIO BLACK C.CERAM FABRIC;1;1;1;23492813;170926155055666;184356532;;;;12/01/2031 00:00:00;1;14019328;17/09/2026 15:50:55;Tiago;Rodriguez;;;;;;Tiago Rodriguez;
14252113;17/09/2026 15:51:48;3;2;0008    2895-1;05;CAMIONETA EXP 4;2091960;"CS46    ";"CERAMICA Y SANITARIOS ARENALES S.A                ";TERRADA 7722;952643;"60-175DG       ";60-175DG - LAVATORIO PULSE DARK GOLD C.CERAM;1;1;1;23492813;170926155055666;184358237;;;;07/31/2031 00:00:00;1;14019328;17/09/2026 15:50:55;Tiago;Rodriguez;;;;;;Tiago Rodriguez;
14252113;17/09/2026 15:51:48;3;2;0008    2895-1;05;CAMIONETA EXP 4;2091960;"CS46    ";"CERAMICA Y SANITARIOS ARENALES S.A                ";TERRADA 7722;952726;"61-203         ";61-203 - LAVATORIO MONOCOMANDO ALTO ADRA;2;2;2;23492813;170926155055666;184354631;;;;02/22/2032 00:00:00;2;14019328;17/09/2026 15:50:55;Tiago;Rodriguez;;;;;;Tiago Rodriguez;
14252113;17/09/2026 15:51:48;3;2;0008    2895-1;05;CAMIONETA EXP 4;2091960;"CS46    ";"CERAMICA Y SANITARIOS ARENALES S.A                ";TERRADA 7722;953110;"80-166N        ";80-166N - DUCHA EMB. C/TRANSF. BLACK C.CERAM ADRA PLUS;4;4;4;23492829;170926155120036;184354813;;;;01/07/2032 00:00:00;4;14019343;17/09/2026 15:51:20;Tiago;Rodriguez;;;;;;Tiago Rodriguez;
14252114;18/09/2026 06:39:59;3;2;0001  215214-1;05;CAMIONETA EXP 4;2094131;"RF06    ";"ROMANO FABIAN ANDRES -COMAR DESIGN                ";BROWN 1565;951101;"11030          ";"PERCHA LINEA 11000                                                    ";3;3;3;23491570;180926063954933;184396745;;;;07/28/2031 00:00:00;3;14024461;18/09/2026 06:39:54;Maximiliano;Nievas;24765171;17/09/2026 15:35:18;6409;Gaston Alejandro;Kiriczuk;Maximiliano Nievas;Gaston Alejandro Kiriczuk
14252114;18/09/2026 06:39:59;3;2;0001  215214-1;05;CAMIONETA EXP 4;2094131;"RF06    ";"ROMANO FABIAN ANDRES -COMAR DESIGN                ";BROWN 1565;951102;"11040          ";"PORTA ROLLO LINEA 11000                                               ";1;1;1;23491570;180926063954933;184396819;;;;07/27/2031 00:00:00;1;14024461;18/09/2026 06:39:54;Maximiliano;Nievas;24765171;17/09/2026 15:35:18;6409;Gaston Alejandro;Kiriczuk;Maximiliano Nievas;Gaston Alejandro Kiriczuk
14252114;18/09/2026 06:39:59;3;2;0001  215214-1;05;CAMIONETA EXP 4;2094131;"RF06    ";"ROMANO FABIAN ANDRES -COMAR DESIGN                ";BROWN 1565;951103;"11050          ";"JABONERA LINEA 11000                                                  ";1;1;1;23491570;180926063954933;184396956;;;;07/28/2031 00:00:00;1;14024461;18/09/2026 06:39:54;Maximiliano;Nievas;24765171;17/09/2026 15:35:18;6409;Gaston Alejandro;Kiriczuk;Maximiliano Nievas;Gaston Alejandro Kiriczuk
14252114;18/09/2026 06:39:59;3;2;0001  215214-1;05;CAMIONETA EXP 4;2094131;"RF06    ";"ROMANO FABIAN ANDRES -COMAR DESIGN                ";BROWN 1565;951561;"20-201NI       ";20-201NI - COCINA MONOCOMANDO JOYSTICK BEAT NICKEL;1;1;1;23491570;180926063954933;184396348;;;;07/28/2031 00:00:00;1;14024461;18/09/2026 06:39:54;Maximiliano;Nievas;24765171;17/09/2026 15:35:18;6409;Gaston Alejandro;Kiriczuk;Maximiliano Nievas;Gaston Alejandro Kiriczuk
14252115;17/09/2026 16:14:08;3;2;0001  215236-1;05;CAMIONETA EXP 4;2091137;"AP09    ";"ABATEDAGA PABLO D.J.-CONECTANDO INST. SANIT.      ";FRANCISCO VIANO ESQ. LAPRIDA 993;957920;"RA920          ";RA920 - VOLANTE VALENCIA;1;1;1;23487850;170926161408678;184379421;;;;01/05/2032 00:00:00;1;14020092;17/09/2026 16:14:08;Maximiliano;Nievas;24761435;17/09/2026 15:00:45;7827;Javier;Machado;Maximiliano Nievas;Javier Machado
14252115;17/09/2026 16:14:08;3;2;0001  215236-1;05;CAMIONETA EXP 4;2091137;"AP09    ";"ABATEDAGA PABLO D.J.-CONECTANDO INST. SANIT.      ";FRANCISCO VIANO ESQ. LAPRIDA 993;951262;"16030          ";16030 - PERCHA LINEA 16000;2;2;2;23487850;170926161408678;184366269;;;;12/28/2031 00:00:00;2;14020092;17/09/2026 16:14:08;Maximiliano;Nievas;24761435;17/09/2026 15:00:45;7827;Javier;Machado;Maximiliano Nievas;Javier Machado
14252115;17/09/2026 16:14:08;3;2;0001  215236-1;05;CAMIONETA EXP 4;2091137;"AP09    ";"ABATEDAGA PABLO D.J.-CONECTANDO INST. SANIT.      ";FRANCISCO VIANO ESQ. LAPRIDA 993;951264;"16040          ";16040 - PORTA ROLLO ACCESORIOS LINEA 16000;2;2;2;23487850;170926161408678;184366768;;;;07/27/2031 00:00:00;2;14020092;17/09/2026 16:14:08;Maximiliano;Nievas;24761435;17/09/2026 15:00:45;7827;Javier;Machado;Maximiliano Nievas;Javier Machado
14252115;17/09/2026 16:14:08;3;2;0001  215236-1;05;CAMIONETA EXP 4;2091137;"AP09    ";"ABATEDAGA PABLO D.J.-CONECTANDO INST. SANIT.      ";FRANCISCO VIANO ESQ. LAPRIDA 993;952928;"70-180         ";70-180 - BIDE MONOCOMANDO C/TRANSF. VERA;2;2;2;23487850;170926161408678;184373985;;;;07/27/2031 00:00:00;2;14020092;17/09/2026 16:14:08;Maximiliano;Nievas;24761435;17/09/2026 15:00:45;7827;Javier;Machado;Maximiliano Nievas;Javier Machado
14252115;17/09/2026 16:14:08;3;2;0001  215236-1;05;CAMIONETA EXP 4;2091137;"AP09    ";"ABATEDAGA PABLO D.J.-CONECTANDO INST. SANIT.      ";FRANCISCO VIANO ESQ. LAPRIDA 993;953125;"80-180         ";80-180 - DUCHA EMB. C/TRANSF. MONOCOMANDO VERA;1;1;1;23493867;170926161312975;184378931;;;;11/23/2031 00:00:00;1;14020145;17/09/2026 16:13:12;Maximiliano;Nievas;;;;;;Maximiliano Nievas;
14252115;17/09/2026 16:14:08;3;2;0001  215236-1;05;CAMIONETA EXP 4;2091137;"AP09    ";"ABATEDAGA PABLO D.J.-CONECTANDO INST. SANIT.      ";FRANCISCO VIANO ESQ. LAPRIDA 993;951820;"30-121         ";30-121 - COCINA MSDA MONOC.P. CUADRADO MARBELLA;2;2;2;23493867;170926161312975;184370005;;;;11/08/2031 00:00:00;2;14020145;17/09/2026 16:13:12;Maximiliano;Nievas;;;;;;Maximiliano Nievas;
14252116;18/09/2026 06:47:56;3;2;0001  215237-1;05;CAMIONETA EXP 4;2091137;"AP09    ";"ABATEDAGA PABLO D.J.-CONECTANDO INST. SANIT.      ";FRANCISCO VIANO ESQ. LAPRIDA 993;952705;"61-130         ";61-130 - LAVATORIO MONOCOMANDO ALTO BILBAO;4;4;4;23494235;180926064752769;184418799;;;;07/28/2031 00:00:00;4;14024500;18/09/2026 06:47:52;Maximiliano;Nievas;24767946;17/09/2026 16:38:21;6409;Gaston Alejandro;Kiriczuk;Maximiliano Nievas;Gaston Alejandro Kiriczuk
14252116;18/09/2026 06:47:56;3;2;0001  215237-1;05;CAMIONETA EXP 4;2091137;"AP09    ";"ABATEDAGA PABLO D.J.-CONECTANDO INST. SANIT.      ";FRANCISCO VIANO ESQ. LAPRIDA 993;952892;"70-130         ";70-130 - BIDE MONOCOMANDO C/ TRANSF BILBAO;1;1;1;23494235;180926064752769;184418867;;;;07/28/2031 00:00:00;1;14024500;18/09/2026 06:47:52;Maximiliano;Nievas;24767946;17/09/2026 16:38:21;6409;Gaston Alejandro;Kiriczuk;Maximiliano Nievas;Gaston Alejandro Kiriczuk
14252116;18/09/2026 06:47:56;3;2;0001  215237-1;05;CAMIONETA EXP 4;2091137;"AP09    ";"ABATEDAGA PABLO D.J.-CONECTANDO INST. SANIT.      ";FRANCISCO VIANO ESQ. LAPRIDA 993;952614;"60-130         ";60-130 - LAVATORIO MONOCOMANDO BAJO BILBAO;6;6;6;23500970;180926064736159;184418210;;;;07/28/2031 00:00:00;6;14024504;18/09/2026 06:47:36;Maximiliano;Nievas;;;;;;Maximiliano Nievas;
14252117;18/09/2026 07:35:22;3;2;0001  215341-1;05;CAMIONETA EXP 4;2091512;"CB14    ";"CASA BIANCO S. A. S.                              ";AVENIDA CARBALLO 1415;952956;"70-205         ";70-205 - BIDE MONOCOMANDO STEEL;6;6;6;23487238;170926223520679;184375066;;;;11/23/2031 00:00:00;6;14024935;18/09/2026 07:35:20;Mirko;Hernandez;24760852;17/09/2026 15:05:06;7839;Claudio;Juarez;Mirko Hernandez;Claudio Juarez
14252117;18/09/2026 07:35:22;3;2;0001  215341-1;05;CAMIONETA EXP 4;2091512;"CB14    ";"CASA BIANCO S. A. S.                              ";AVENIDA CARBALLO 1415;953161;"80-205         ";80-205 - DUCHA EMB. C/TRANSF. MONOC STEEL;5;5;5;23502152;170926223357801;184369995;;;;08/11/2031 00:00:00;5;14024946;18/09/2026 07:33:57;Mirko;Hernandez;;;;;;Mirko Hernandez;
14252117;18/09/2026 07:35:22;3;2;0001  215341-1;05;CAMIONETA EXP 4;2091512;"CB14    ";"CASA BIANCO S. A. S.                              ";AVENIDA CARBALLO 1415;952679;"60-205         ";60-205 - LAVATORIO MONOC BAJO STEEL;5;5;5;23502175;170926223443586;184376304;;;;07/28/2031 00:00:00;5;14024956;18/09/2026 07:34:43;Mirko;Hernandez;;;;;;Mirko Hernandez;
14252118;18/09/2026 06:32:44;3;2;0001  215353-1;05;CAMIONETA EXP 4;2092579;"FU05    ";"FUTURO S.A.                                       ";AV. ESPAÑA SUR 1899;951531;"20-146N        ";20-146N - MONOCOMANDO DE COCINA BLACK LINEA MOVE;12;12;12;23487239;170926212511491;184364604;;;;07/30/2031 00:00:00;6;14024385;18/09/2026 06:25:11;Mirko;Hernandez;24760852;17/09/2026 15:05:06;7839;Claudio;Juarez;Mirko Hernandez;Claudio Juarez
14252118;18/09/2026 06:32:44;3;2;0001  215353-1;05;CAMIONETA EXP 4;2092579;"FU05    ";"FUTURO S.A.                                       ";AV. ESPAÑA SUR 1899;953055;"80-045         ";80-045 - DUCHA EMB.C/TRANSF CR  C.STD CRUZ;12;12;12;23500433;170926213244293;184469074;;;;01/04/2032 00:00:00;1;14024401;18/09/2026 06:32:44;Mirko;Hernandez;24773978;18/09/2026 06:18:12;7827;Javier;Machado;Mirko Hernandez;Javier Machado
14252118;18/09/2026 06:32:44;3;2;0001  215353-1;05;CAMIONETA EXP 4;2092579;"FU05    ";"FUTURO S.A.                                       ";AV. ESPAÑA SUR 1899;952856;"70-045         ";70-045 - BIDE CROMO C.STD CRUZ;12;12;12;23500433;170926213244293;184469154;;;;02/01/2032 00:00:00;7;14024401;18/09/2026 06:32:44;Mirko;Hernandez;24773978;18/09/2026 06:18:12;7827;Javier;Machado;Mirko Hernandez;Javier Machado
14252118;18/09/2026 06:32:44;3;2;0001  215353-1;05;CAMIONETA EXP 4;2092579;"FU05    ";"FUTURO S.A.                                       ";AV. ESPAÑA SUR 1899;951553;"20-184         ";"MONOCOMANDO DE COCINA CR SUV                                          ";10;10;10;23500665;170926212445599;184372541;;;;10/04/2031 00:00:00;10;14024389;18/09/2026 06:24:45;Mirko;Hernandez;;;;;;Mirko Hernandez;
14252118;18/09/2026 06:32:44;3;2;0001  215353-1;05;CAMIONETA EXP 4;2092579;"FU05    ";"FUTURO S.A.                                       ";AV. ESPAÑA SUR 1899;951531;"20-146N        ";20-146N - MONOCOMANDO DE COCINA BLACK LINEA MOVE;12;12;12;23500670;170926212458344;184469802;;;;07/30/2031 00:00:00;6;14024391;18/09/2026 06:24:58;Mirko;Hernandez;;;;;;Mirko Hernandez;
14252118;18/09/2026 06:32:44;3;2;0001  215353-1;05;CAMIONETA EXP 4;2092579;"FU05    ";"FUTURO S.A.                                       ";AV. ESPAÑA SUR 1899;952577;"60-045         ";60-045 - LAVATORIO CR/CR C.STD CRUZ;12;12;12;23500695;170926212701852;184469947;;;;01/24/2032 00:00:00;10;14024403;18/09/2026 06:27:01;Mirko;Hernandez;;;;;;Mirko Hernandez;
14252118;18/09/2026 06:32:44;3;2;0001  215353-1;05;CAMIONETA EXP 4;2092579;"FU05    ";"FUTURO S.A.                                       ";AV. ESPAÑA SUR 1899;952577;"60-045         ";60-045 - LAVATORIO CR/CR C.STD CRUZ;12;12;12;23500702;170926212807058;184468922;;;;01/24/2032 00:00:00;2;14024410;18/09/2026 06:28:07;Mirko;Hernandez;;;;;;Mirko Hernandez;
14252118;18/09/2026 06:32:44;3;2;0001  215353-1;05;CAMIONETA EXP 4;2092579;"FU05    ";"FUTURO S.A.                                       ";AV. ESPAÑA SUR 1899;952582;"60-057         ";60-057 - LAVATORIO C.STD VERIN PLUS;6;6;6;23500702;170926212807058;184470004;;;;01/31/2032 00:00:00;1;14024410;18/09/2026 06:28:07;Mirko;Hernandez;;;;;;Mirko Hernandez;
14252118;18/09/2026 06:32:44;3;2;0001  215353-1;05;CAMIONETA EXP 4;2092579;"FU05    ";"FUTURO S.A.                                       ";AV. ESPAÑA SUR 1899;952912;"70-162         ";70-162 - BIDE CR C.CERAM LINEA ADRA;6;6;6;23500702;170926212807058;184469352;;;;07/29/2031 00:00:00;6;14024410;18/09/2026 06:28:07;Mirko;Hernandez;;;;;;Mirko Hernandez;
14252118;18/09/2026 06:32:44;3;2;0001  215353-1;05;CAMIONETA EXP 4;2092579;"FU05    ";"FUTURO S.A.                                       ";AV. ESPAÑA SUR 1899;953055;"80-045         ";80-045 - DUCHA EMB.C/TRANSF CR  C.STD CRUZ;12;12;12;23500702;170926212807058;184470005;;;;01/04/2032 00:00:00;1;14024410;18/09/2026 06:28:07;Mirko;Hernandez;;;;;;Mirko Hernandez;
14252118;18/09/2026 06:32:44;3;2;0001  215353-1;05;CAMIONETA EXP 4;2092579;"FU05    ";"FUTURO S.A.                                       ";AV. ESPAÑA SUR 1899;953055;"80-045         ";80-045 - DUCHA EMB.C/TRANSF CR  C.STD CRUZ;12;12;12;23500712;170926212910578;184470084;;;;01/04/2032 00:00:00;5;14024416;18/09/2026 06:29:10;Mirko;Hernandez;;;;;;Mirko Hernandez;
14252118;18/09/2026 06:32:44;3;2;0001  215353-1;05;CAMIONETA EXP 4;2092579;"FU05    ";"FUTURO S.A.                                       ";AV. ESPAÑA SUR 1899;952582;"60-057         ";60-057 - LAVATORIO C.STD VERIN PLUS;6;6;6;23500712;170926212910578;184469287;;;;01/31/2032 00:00:00;5;14024416;18/09/2026 06:29:10;Mirko;Hernandez;;;;;;Mirko Hernandez;
14252118;18/09/2026 06:32:44;3;2;0001  215353-1;05;CAMIONETA EXP 4;2092579;"FU05    ";"FUTURO S.A.                                       ";AV. ESPAÑA SUR 1899;952856;"70-045         ";70-045 - BIDE CROMO C.STD CRUZ;12;12;12;23500729;170926213118011;184470224;;;;02/01/2032 00:00:00;5;14024428;18/09/2026 06:31:18;Mirko;Hernandez;;;;;;Mirko Hernandez;
14252118;18/09/2026 06:32:44;3;2;0001  215353-1;05;CAMIONETA EXP 4;2092579;"FU05    ";"FUTURO S.A.                                       ";AV. ESPAÑA SUR 1899;953055;"80-045         ";80-045 - DUCHA EMB.C/TRANSF CR  C.STD CRUZ;12;12;12;23500729;170926213118011;184470225;;;;01/04/2032 00:00:00;5;14024428;18/09/2026 06:31:18;Mirko;Hernandez;;;;;;Mirko Hernandez;
14252119;18/09/2026 07:25:05;3;2;0001  215354-1;05;CAMIONETA EXP 4;2094862;"TS10    ";"TOTAL 25 SANITARIOS S.A.                          ";CALLE 27 1700;951545;"20-172         ";20-172 - COCINA MESADA MONOC. COLORS NEGRO;3;3;3;23489875;180926072315315;184384123;;;;07/28/2031 00:00:00;3;14024815;18/09/2026 07:23:15;Gustavo;Soderquvist;24763550;17/09/2026 15:17:12;6419;Tiago;Rodriguez;Gustavo Soderquvist;Tiago Rodriguez
14252119;18/09/2026 07:25:05;3;2;0001  215354-1;05;CAMIONETA EXP 4;2094862;"TS10    ";"TOTAL 25 SANITARIOS S.A.                          ";CALLE 27 1700;954921;"BCH18          ";BCH18 - BACHA DE APOYAR SIMIL MARMOL 460x320x140;1;1;1;23490913;180926070718064;184392535;;;;10/04/2031 00:00:00;1;14024625;18/09/2026 07:07:18;Gustavo;Soderquvist;24764568;17/09/2026 15:38:54;7839;Claudio;Juarez;Gustavo Soderquvist;Claudio Juarez
14252120;18/09/2026 06:36:52;3;2;0001  215355-1;05;CAMIONETA EXP 4;2091478;"CA54    ";"MIMAT MATERIALES SA - CASA ALEKSY WASIUK          ";AV. BEATO ROQUE GONZALEZ 136;952949;"70-200C        ";70-200C - BIDE MONOCOMANDO CR FABRIC;14;14;14;23500432;180926063651153;184468871;;;;10/28/2031 00:00:00;12;14024449;18/09/2026 06:36:51;Maximiliano;Nievas;24773975;18/09/2026 06:09:17;7839;Claudio;Juarez;Maximiliano Nievas;Claudio Juarez
14252120;18/09/2026 06:36:52;3;2;0001  215355-1;05;CAMIONETA EXP 4;2091478;"CA54    ";"MIMAT MATERIALES SA - CASA ALEKSY WASIUK          ";AV. BEATO ROQUE GONZALEZ 136;952949;"70-200C        ";70-200C - BIDE MONOCOMANDO CR FABRIC;14;14;14;23500803;180926063547463;184470549;;;;10/28/2031 00:00:00;2;14024454;18/09/2026 06:35:47;Maximiliano;Nievas;;;;;;Maximiliano Nievas;
14252120;18/09/2026 06:36:52;3;2;0001  215355-1;05;CAMIONETA EXP 4;2091478;"CA54    ";"MIMAT MATERIALES SA - CASA ALEKSY WASIUK          ";AV. BEATO ROQUE GONZALEZ 136;952950;"70-200G        ";70-200G - BIDE MONOCOMANDO GOLD FABRIC;4;4;4;23500803;180926063547463;184468810;;;;07/27/2031 00:00:00;4;14024454;18/09/2026 06:35:47;Maximiliano;Nievas;;;;;;Maximiliano Nievas;
14252121;17/09/2026 15:51:09;3;2;0001  215383-1;05;CAMIONETA EXP 4;2092543;"FP04    ";"FLUIDOS PATAGONIA S.A.                            ";SARMIENTO 850;953104;"80-153         ";80-153 - DUCHA EMB. C/TRANSF. CR C.CERAM CASTILLA;1;1;1;23488388;170926155108651;184371345;;;;01/20/2032 00:00:00;1;14019330;17/09/2026 15:51:08;Maximiliano;Nievas;24761930;17/09/2026 14:43:18;6922;Franco;Potenza;Maximiliano Nievas;Franco Potenza
14252121;17/09/2026 15:51:09;3;2;0001  215383-1;05;CAMIONETA EXP 4;2092543;"FP04    ";"FLUIDOS PATAGONIA S.A.                            ";SARMIENTO 850;952909;"70-153         ";70-153 - BIDE CR C.CERAM CASTILLA;2;2;2;23488388;170926155108651;184371488;;;;10/20/2031 00:00:00;2;14019330;17/09/2026 15:51:08;Maximiliano;Nievas;24761930;17/09/2026 14:43:18;6922;Franco;Potenza;Maximiliano Nievas;Franco Potenza
14252121;17/09/2026 15:51:09;3;2;0001  215383-1;05;CAMIONETA EXP 4;2092543;"FP04    ";"FLUIDOS PATAGONIA S.A.                            ";SARMIENTO 850;952620;"60-135         ";60-135 - LAVATORIO C.CERAM SANTANDER;1;1;1;23488388;170926155108651;184371926;;;;01/14/2032 00:00:00;1;14019330;17/09/2026 15:51:08;Maximiliano;Nievas;24761930;17/09/2026 14:43:18;6922;Franco;Potenza;Maximiliano Nievas;Franco Potenza
14252122;18/09/2026 07:11:44;3;2;0001  215263-1;05;CAMIONETA EXP 4;2095082;"ZJ02    ";"ZORZON JOANA M -SANTIANO CONSTRUCCIONES           ";AV, TIERRA DEL FUEGO 2163/9;952888;"70-122         ";70-122 - BIDE C.CERAM CR VALENCIA;10;10;10;23486260;170926221143761;184362430;;;;10/26/2031 00:00:00;10;14024629;18/09/2026 07:11:43;Mirko;Hernandez;24759927;17/09/2026 14:33:12;6922;Franco;Potenza;Mirko Hernandez;Franco Potenza
14252122;18/09/2026 07:11:44;3;2;0001  215263-1;05;CAMIONETA EXP 4;2095082;"ZJ02    ";"ZORZON JOANA M -SANTIANO CONSTRUCCIONES           ";AV, TIERRA DEL FUEGO 2163/9;951259;"16006BL        ";16006BL - SET 6 PIEZAS ACCESORIOS LINEA 16000 BLACK;5;5;5;23487851;170926220732423;184372698;;;;07/27/2031 00:00:00;5;14024621;18/09/2026 07:07:32;Mirko;Hernandez;24761435;17/09/2026 15:00:45;7827;Javier;Machado;Mirko Hernandez;Javier Machado
14252122;18/09/2026 07:11:44;3;2;0001  215263-1;05;CAMIONETA EXP 4;2095082;"ZJ02    ";"ZORZON JOANA M -SANTIANO CONSTRUCCIONES           ";AV, TIERRA DEL FUEGO 2163/9;953091;"80-138         ";80-138 - DUCHA EMB. C/TRANSF. CR C.CERAM VALENCIA PLUS;10;10;10;23501459;170926220829969;184473669;;;;01/14/2032 00:00:00;4;14024641;18/09/2026 07:08:30;Mirko;Hernandez;;;;;;Mirko Hernandez;
14252122;18/09/2026 07:11:44;3;2;0001  215263-1;05;CAMIONETA EXP 4;2095082;"ZJ02    ";"ZORZON JOANA M -SANTIANO CONSTRUCCIONES           ";AV, TIERRA DEL FUEGO 2163/9;953091;"80-138         ";80-138 - DUCHA EMB. C/TRANSF. CR C.CERAM VALENCIA PLUS;10;10;10;23501469;170926220908729;184473806;;;;01/14/2032 00:00:00;4;14024648;18/09/2026 07:09:08;Mirko;Hernandez;;;;;;Mirko Hernandez;
14252122;18/09/2026 07:11:44;3;2;0001  215263-1;05;CAMIONETA EXP 4;2095082;"ZJ02    ";"ZORZON JOANA M -SANTIANO CONSTRUCCIONES           ";AV, TIERRA DEL FUEGO 2163/9;953091;"80-138         ";80-138 - DUCHA EMB. C/TRANSF. CR C.CERAM VALENCIA PLUS;10;10;10;23501510;170926220940404;184353760;;;;01/14/2032 00:00:00;2;14024655;18/09/2026 07:09:40;Mirko;Hernandez;;;;;;Mirko Hernandez;
14252122;18/09/2026 07:11:44;3;2;0001  215263-1;05;CAMIONETA EXP 4;2095082;"ZJ02    ";"ZORZON JOANA M -SANTIANO CONSTRUCCIONES           ";AV, TIERRA DEL FUEGO 2163/9;952610;"60-122         ";60-122 - LAVATORIO C.CERAM CR VALENCIA;10;10;10;23501536;170926221039900;184361472;;;;12/10/2031 00:00:00;10;14024659;18/09/2026 07:10:39;Mirko;Hernandez;;;;;;Mirko Hernandez;
14252123;17/09/2026 16:05:14;3;2;0001  215272-1;05;CAMIONETA EXP 4;2094249;"RS15    ";"ROSSI SANTIAGO                                    ";25 DE MAYO 1226;952634;"60-162         ";60-162 - LAVATORIO CR C.CERAM LINEA ADRA;16;16;16;23484223;170926160513633;184340527;;;;07/29/2031 00:00:00;6;14019586;17/09/2026 16:05:13;Maximiliano;Nievas;24757938;17/09/2026 13:37:48;7827;Javier;Machado;Maximiliano Nievas;Javier Machado
14252123;17/09/2026 16:05:14;3;2;0001  215272-1;05;CAMIONETA EXP 4;2094249;"RS15    ";"ROSSI SANTIAGO                                    ";25 DE MAYO 1226;952912;"70-162         ";70-162 - BIDE CR C.CERAM LINEA ADRA;16;16;16;23484223;170926160513633;184339717;;;;07/29/2031 00:00:00;1;14019586;17/09/2026 16:05:13;Maximiliano;Nievas;24757938;17/09/2026 13:37:48;7827;Javier;Machado;Maximiliano Nievas;Javier Machado
14252123;17/09/2026 16:05:14;3;2;0001  215272-1;05;CAMIONETA EXP 4;2094249;"RS15    ";"ROSSI SANTIAGO                                    ";25 DE MAYO 1226;952438;"51-058         ";51-058 - COCINA MESADA CR C.STD MALBA;10;10;10;23493221;170926155904256;184338225;;;;10/19/2031 00:00:00;10;14019596;17/09/2026 15:59:04;Maximiliano;Nievas;;;;;;Maximiliano Nievas;
14252123;17/09/2026 16:05:14;3;2;0001  215272-1;05;CAMIONETA EXP 4;2094249;"RS15    ";"ROSSI SANTIAGO                                    ";25 DE MAYO 1226;953210;"81-058         ";81-058 - DUCHA EMB. S/TRANSF. CR STD MALBA;10;10;10;23493270;170926155946173;184341352;;;;11/25/2031 00:00:00;10;14019621;17/09/2026 15:59:46;Maximiliano;Nievas;;;;;;Maximiliano Nievas;
14252123;17/09/2026 16:05:14;3;2;0001  215272-1;05;CAMIONETA EXP 4;2094249;"RS15    ";"ROSSI SANTIAGO                                    ";25 DE MAYO 1226;952912;"70-162         ";70-162 - BIDE CR C.CERAM LINEA ADRA;16;16;16;23493336;170926160137384;184408739;;;;07/29/2031 00:00:00;10;14019677;17/09/2026 16:01:37;Maximiliano;Nievas;;;;;;Maximiliano Nievas;
14252123;17/09/2026 16:05:14;3;2;0001  215272-1;05;CAMIONETA EXP 4;2094249;"RS15    ";"ROSSI SANTIAGO                                    ";25 DE MAYO 1226;953060;"80-058         ";80-058 - DUCHA EMB. C/TRANSF. CR C.STD MALBA;10;10;10;23493354;170926160214782;184342061;;;;01/06/2032 00:00:00;10;14019689;17/09/2026 16:02:14;Maximiliano;Nievas;;;;;;Maximiliano Nievas;
14252123;17/09/2026 16:05:14;3;2;0001  215272-1;05;CAMIONETA EXP 4;2094249;"RS15    ";"ROSSI SANTIAGO                                    ";25 DE MAYO 1226;952634;"60-162         ";60-162 - LAVATORIO CR C.CERAM LINEA ADRA;16;16;16;23493436;170926160400100;184409740;;;;07/29/2031 00:00:00;10;14019761;17/09/2026 16:04:00;Maximiliano;Nievas;;;;;;Maximiliano Nievas;
14252123;17/09/2026 16:05:14;3;2;0001  215272-1;05;CAMIONETA EXP 4;2094249;"RS15    ";"ROSSI SANTIAGO                                    ";25 DE MAYO 1226;952912;"70-162         ";70-162 - BIDE CR C.CERAM LINEA ADRA;16;16;16;23493510;170926160454939;184410093;;;;07/29/2031 00:00:00;5;14019790;17/09/2026 16:04:54;Maximiliano;Nievas;;;;;;Maximiliano Nievas;
14252123;17/09/2026 16:05:14;3;2;0001  215272-1;05;CAMIONETA EXP 4;2094249;"RS15    ";"ROSSI SANTIAGO                                    ";25 DE MAYO 1226;953107;"80-162         ";80-162 - DUCHA EMB. C/TRANSF. CR C.CERAM ADRA;5;5;5;23493510;170926160454939;184338636;;;;07/29/2031 00:00:00;5;14019790;17/09/2026 16:04:54;Maximiliano;Nievas;;;;;;Maximiliano Nievas;
14252124;18/09/2026 07:25:04;3;2;0001  215276-1;05;CAMIONETA EXP 4;2093934;"PM20    ";"PORTAL MATERIALES S.A.S.                          ";BROWN 280;952618;"60-133         ";60-133 - LAVATORIO MONOCOMANDO LUGO;4;4;4;23487240;180926072311480;184362613;;;;07/29/2031 00:00:00;4;14024425;18/09/2026 07:23:11;Maximiliano;Nievas;24760852;17/09/2026 15:05:06;7839;Claudio;Juarez;Maximiliano Nievas;Claudio Juarez
14252124;18/09/2026 07:25:04;3;2;0001  215276-1;05;CAMIONETA EXP 4;2093934;"PM20    ";"PORTAL MATERIALES S.A.S.                          ";BROWN 280;952728;"61-205         ";61-205 - LAVATORIO MONOC ALTO STEEL;1;1;1;23487240;180926072311480;184375323;;;;07/28/2031 00:00:00;1;14024425;18/09/2026 07:23:11;Maximiliano;Nievas;24760852;17/09/2026 15:05:06;7839;Claudio;Juarez;Maximiliano Nievas;Claudio Juarez
14252124;18/09/2026 07:25:04;3;2;0001  215276-1;05;CAMIONETA EXP 4;2093934;"PM20    ";"PORTAL MATERIALES S.A.S.                          ";BROWN 280;957390;"RA001          ";RA001 - CABEZAL STD NO ASCENDENTE;4;4;4;23487240;180926072311480;184382661;;;;02/11/2032 00:00:00;4;14024425;18/09/2026 07:23:11;Maximiliano;Nievas;24760852;17/09/2026 15:05:06;7839;Claudio;Juarez;Maximiliano Nievas;Claudio Juarez
14252124;18/09/2026 07:25:04;3;2;0001  215276-1;05;CAMIONETA EXP 4;2093934;"PM20    ";"PORTAL MATERIALES S.A.S.                          ";BROWN 280;952439;"51-059         ";51-059 - COCINA MESADA BL/CR C.STD MALBA;6;6;6;23489965;180926072414341;184384148;;;;12/13/2031 00:00:00;6;14024651;18/09/2026 07:24:14;Maximiliano;Nievas;24763630;17/09/2026 15:11:28;6409;Gaston Alejandro;Kiriczuk;Maximiliano Nievas;Gaston Alejandro Kiriczuk
14252124;18/09/2026 07:25:04;3;2;0001  215276-1;05;CAMIONETA EXP 4;2093934;"PM20    ";"PORTAL MATERIALES S.A.S.                          ";BROWN 280;951568;"203            ";"203 - LAVATORIO CROMO ""DIQUE""";3;3;3;23489965;180926072414341;184384552;;;;01/11/2032 00:00:00;3;14024651;18/09/2026 07:24:14;Maximiliano;Nievas;24763630;17/09/2026 15:11:28;6409;Gaston Alejandro;Kiriczuk;Maximiliano Nievas;Gaston Alejandro Kiriczuk
14252124;18/09/2026 07:25:04;3;2;0001  215276-1;05;CAMIONETA EXP 4;2093934;"PM20    ";"PORTAL MATERIALES S.A.S.                          ";BROWN 280;952679;"60-205         ";60-205 - LAVATORIO MONOC BAJO STEEL;2;2;2;23501548;180926071104300;184376524;;;;07/28/2031 00:00:00;2;14024663;18/09/2026 07:11:04;Maximiliano;Nievas;;;;;;Maximiliano Nievas;
14252124;18/09/2026 07:25:04;3;2;0001  215276-1;05;CAMIONETA EXP 4;2093934;"PM20    ";"PORTAL MATERIALES S.A.S.                          ";BROWN 280;953322;"83-205         ";83-205 - DUCHA EXT C/TRANSF MONOC STEEL PICO CURVO;2;2;2;23501548;180926071104300;184374370;;;;07/27/2031 00:00:00;2;14024663;18/09/2026 07:11:04;Maximiliano;Nievas;;;;;;Maximiliano Nievas;
14252124;18/09/2026 07:25:04;3;2;0001  215276-1;05;CAMIONETA EXP 4;2093934;"PM20    ";"PORTAL MATERIALES S.A.S.                          ";BROWN 280;953312;"83-133         ";83-133 - DUCHA EXT. C/TRANSF. MONOCOMANDO LUGO;6;6;6;23501612;180926071305989;184366275;;;;09/03/2031 00:00:00;6;14024689;18/09/2026 07:13:05;Maximiliano;Nievas;;;;;;Maximiliano Nievas;
14252124;18/09/2026 07:25:04;3;2;0001  215276-1;05;CAMIONETA EXP 4;2093934;"PM20    ";"PORTAL MATERIALES S.A.S.                          ";BROWN 280;951565;"20-205         ";20-205 - MONOCOMANDO DE COCINA STEEL;4;4;4;23501821;180926072036147;184368077;;;;07/28/2031 00:00:00;4;14024786;18/09/2026 07:20:36;Maximiliano;Nievas;;;;;;Maximiliano Nievas;
14252125;18/09/2026 06:34:52;3;2;0001  215286-1;05;CAMIONETA EXP 4;2094862;"TS10    ";"TOTAL 25 SANITARIOS S.A.                          ";CALLE 27 1700;957652;"RA1314N        ";RA1314N - CONJ. BRAZO Y FLOR DE DUCHA BLACK VELVET PLUS;1;1;1;23490502;180926063449336;184387615;;;;07/31/2031 00:00:00;1;14024447;18/09/2026 06:34:49;Maximiliano;Nievas;24764159;17/09/2026 15:15:17;7839;Claudio;Juarez;Maximiliano Nievas;Claudio Juarez
14252125;18/09/2026 06:34:52;3;2;0001  215286-1;05;CAMIONETA EXP 4;2094862;"TS10    ";"TOTAL 25 SANITARIOS S.A.                          ";CALLE 27 1700;951620;"214/CR         ";214/CR - LAVATORIO CR/CR ARES;1;1;1;23490502;180926063449336;184387041;;;;01/27/2032 00:00:00;1;14024447;18/09/2026 06:34:49;Maximiliano;Nievas;24764159;17/09/2026 15:15:17;7839;Claudio;Juarez;Maximiliano Nievas;Claudio Juarez
14252125;18/09/2026 06:34:52;3;2;0001  215286-1;05;CAMIONETA EXP 4;2094862;"TS10    ";"TOTAL 25 SANITARIOS S.A.                          ";CALLE 27 1700;954921;"BCH18          ";BCH18 - BACHA DE APOYAR SIMIL MARMOL 460x320x140;1;1;1;23494929;180926063325049;184422386;;;;10/04/2031 00:00:00;1;14024442;18/09/2026 06:33:25;Maximiliano;Nievas;24768710;17/09/2026 16:42:47;6419;Tiago;Rodriguez;Maximiliano Nievas;Tiago Rodriguez
14252126;17/09/2026 16:36:53;3;2;0001  215292-1;05;CAMIONETA EXP 4;2093072;"KA05    ";KASBARIAN S. R. L.-PISOS Y REVESTIMIENTOS SAN LUIS;RUTA NACIONAL 147 KM 810 LOCAL 1;954907;"BCH06          ";BCH06 - BACHA DE APOYAR CIRCULAR 415x135;3;3;3;23485589;170926163652369;184350070;;;;10/04/2031 00:00:00;3;14020829;17/09/2026 16:36:52;Gustavo;Soderquvist;24759277;17/09/2026 13:56:15;7827;Javier;Machado;Gustavo Soderquvist;Javier Machado
14252126;17/09/2026 16:36:53;3;2;0001  215292-1;05;CAMIONETA EXP 4;2093072;"KA05    ";KASBARIAN S. R. L.-PISOS Y REVESTIMIENTOS SAN LUIS;RUTA NACIONAL 147 KM 810 LOCAL 1;954921;"BCH18          ";BCH18 - BACHA DE APOYAR SIMIL MARMOL 460x320x140;6;6;6;23485589;170926163652369;184349410;;;;10/04/2031 00:00:00;6;14020829;17/09/2026 16:36:52;Gustavo;Soderquvist;24759277;17/09/2026 13:56:15;7827;Javier;Machado;Gustavo Soderquvist;Javier Machado
14252126;17/09/2026 16:36:53;3;2;0001  215292-1;05;CAMIONETA EXP 4;2093072;"KA05    ";KASBARIAN S. R. L.-PISOS Y REVESTIMIENTOS SAN LUIS;RUTA NACIONAL 147 KM 810 LOCAL 1;953091;"80-138         ";80-138 - DUCHA EMB. C/TRANSF. CR C.CERAM VALENCIA PLUS;3;3;3;23486176;170926160644713;184352470;;;;01/14/2032 00:00:00;3;14019766;17/09/2026 16:06:44;Tiago;Rodriguez;24759879;17/09/2026 14:13:26;7839;Claudio;Juarez;Tiago Rodriguez;Claudio Juarez
14252126;17/09/2026 16:36:53;3;2;0001  215292-1;05;CAMIONETA EXP 4;2093072;"KA05    ";KASBARIAN S. R. L.-PISOS Y REVESTIMIENTOS SAN LUIS;RUTA NACIONAL 147 KM 810 LOCAL 1;952618;"60-133         ";60-133 - LAVATORIO MONOCOMANDO LUGO;2;2;2;23489876;170926160341485;184387487;;;;07/29/2031 00:00:00;2;14019725;17/09/2026 16:03:41;Tiago;Rodriguez;24763550;17/09/2026 15:17:12;6419;Tiago;Rodriguez;Tiago Rodriguez;Tiago Rodriguez
14252126;17/09/2026 16:36:53;3;2;0001  215292-1;05;CAMIONETA EXP 4;2093072;"KA05    ";KASBARIAN S. R. L.-PISOS Y REVESTIMIENTOS SAN LUIS;RUTA NACIONAL 147 KM 810 LOCAL 1;951553;"20-184         ";"MONOCOMANDO DE COCINA CR SUV                                          ";2;2;2;23489876;170926160341485;184384621;;;;10/04/2031 00:00:00;2;14019725;17/09/2026 16:03:41;Tiago;Rodriguez;24763550;17/09/2026 15:17:12;6419;Tiago;Rodriguez;Tiago Rodriguez;Tiago Rodriguez
14252126;17/09/2026 16:36:53;3;2;0001  215292-1;05;CAMIONETA EXP 4;2093072;"KA05    ";KASBARIAN S. R. L.-PISOS Y REVESTIMIENTOS SAN LUIS;RUTA NACIONAL 147 KM 810 LOCAL 1;951653;"22-178         ";22-178 - MONOCOMANDO DE COCINA P/AGUA FILTRADA VITA;2;2;2;23493404;170926160322055;184388340;;;;12/23/2031 00:00:00;2;14019726;17/09/2026 16:03:22;Tiago;Rodriguez;;;;;;Tiago Rodriguez;
14252126;17/09/2026 16:36:53;3;2;0001  215292-1;05;CAMIONETA EXP 4;2093072;"KA05    ";KASBARIAN S. R. L.-PISOS Y REVESTIMIENTOS SAN LUIS;RUTA NACIONAL 147 KM 810 LOCAL 1;952583;"60-058         ";60-058 - LAVATORIO CR C.STD MALBA;5;5;5;23493466;170926160418517;184353786;;;;12/03/2031 00:00:00;5;14019772;17/09/2026 16:04:18;Tiago;Rodriguez;;;;;;Tiago Rodriguez;
14252126;17/09/2026 16:36:53;3;2;0001  215292-1;05;CAMIONETA EXP 4;2093072;"KA05    ";KASBARIAN S. R. L.-PISOS Y REVESTIMIENTOS SAN LUIS;RUTA NACIONAL 147 KM 810 LOCAL 1;952634;"60-162         ";60-162 - LAVATORIO CR C.CERAM LINEA ADRA;5;5;5;23493466;170926160418517;184353180;;;;07/29/2031 00:00:00;5;14019772;17/09/2026 16:04:18;Tiago;Rodriguez;;;;;;Tiago Rodriguez;
14252126;17/09/2026 16:36:53;3;2;0001  215292-1;05;CAMIONETA EXP 4;2093072;"KA05    ";KASBARIAN S. R. L.-PISOS Y REVESTIMIENTOS SAN LUIS;RUTA NACIONAL 147 KM 810 LOCAL 1;952577;"60-045         ";60-045 - LAVATORIO CR/CR C.STD CRUZ;10;10;10;23493504;170926160444522;184356795;;;;01/24/2032 00:00:00;10;14019783;17/09/2026 16:04:44;Tiago;Rodriguez;;;;;;Tiago Rodriguez;
14252126;17/09/2026 16:36:53;3;2;0001  215292-1;05;CAMIONETA EXP 4;2093072;"KA05    ";KASBARIAN S. R. L.-PISOS Y REVESTIMIENTOS SAN LUIS;RUTA NACIONAL 147 KM 810 LOCAL 1;952582;"60-057         ";60-057 - LAVATORIO C.STD VERIN PLUS;2;2;2;23493535;170926160511260;184352728;;;;01/31/2032 00:00:00;2;14019801;17/09/2026 16:05:11;Tiago;Rodriguez;;;;;;Tiago Rodriguez;
14252126;17/09/2026 16:36:53;3;2;0001  215292-1;05;CAMIONETA EXP 4;2093072;"KA05    ";KASBARIAN S. R. L.-PISOS Y REVESTIMIENTOS SAN LUIS;RUTA NACIONAL 147 KM 810 LOCAL 1;952862;"70-058         ";70-058 - BIDE CR C.STD MALBA;3;3;3;23493535;170926160511260;184353506;;;;10/20/2031 00:00:00;3;14019801;17/09/2026 16:05:11;Tiago;Rodriguez;;;;;;Tiago Rodriguez;
14252126;17/09/2026 16:36:53;3;2;0001  215292-1;05;CAMIONETA EXP 4;2093072;"KA05    ";KASBARIAN S. R. L.-PISOS Y REVESTIMIENTOS SAN LUIS;RUTA NACIONAL 147 KM 810 LOCAL 1;953060;"80-058         ";80-058 - DUCHA EMB. C/TRANSF. CR C.STD MALBA;2;2;2;23493535;170926160511260;184354070;;;;01/06/2032 00:00:00;2;14019801;17/09/2026 16:05:11;Tiago;Rodriguez;;;;;;Tiago Rodriguez;
14252126;17/09/2026 16:36:53;3;2;0001  215292-1;05;CAMIONETA EXP 4;2093072;"KA05    ";KASBARIAN S. R. L.-PISOS Y REVESTIMIENTOS SAN LUIS;RUTA NACIONAL 147 KM 810 LOCAL 1;953413;"90-058         ";90-058 - PACK GRIF.MALBA CR (Lavatorio-Bide-Ducha c/t);10;10;10;23493564;170926160536367;184410343;;;;08/02/2031 00:00:00;4;14019811;17/09/2026 16:05:36;Tiago;Rodriguez;;;;;;Tiago Rodriguez;
14252126;17/09/2026 16:36:53;3;2;0001  215292-1;05;CAMIONETA EXP 4;2093072;"KA05    ";KASBARIAN S. R. L.-PISOS Y REVESTIMIENTOS SAN LUIS;RUTA NACIONAL 147 KM 810 LOCAL 1;953413;"90-058         ";90-058 - PACK GRIF.MALBA CR (Lavatorio-Bide-Ducha c/t);10;10;10;23493583;170926160558734;184410490;;;;08/02/2031 00:00:00;3;14019832;17/09/2026 16:05:58;Tiago;Rodriguez;;;;;;Tiago Rodriguez;
14252126;17/09/2026 16:36:53;3;2;0001  215292-1;05;CAMIONETA EXP 4;2093072;"KA05    ";KASBARIAN S. R. L.-PISOS Y REVESTIMIENTOS SAN LUIS;RUTA NACIONAL 147 KM 810 LOCAL 1;953413;"90-058         ";90-058 - PACK GRIF.MALBA CR (Lavatorio-Bide-Ducha c/t);10;10;10;23493602;170926160622064;184355658;;;;08/02/2031 00:00:00;3;14019853;17/09/2026 16:06:22;Tiago;Rodriguez;;;;;;Tiago Rodriguez;
14252127;18/09/2026 07:24:57;3;2;0001  215294-1;05;CAMIONETA EXP 4;2092696;"GG36    ";"G36 SOCIEDAD SIMPLE                               ";CALLE 36 entre 1 y 3 45;952726;"61-203         ";61-203 - LAVATORIO MONOCOMANDO ALTO ADRA;1;1;1;23486261;170926221445614;184359899;;;;02/22/2032 00:00:00;1;14024683;18/09/2026 07:14:45;Mirko;Hernandez;24759927;17/09/2026 14:33:12;6922;Franco;Potenza;Mirko Hernandez;Franco Potenza
14252127;18/09/2026 07:24:57;3;2;0001  215294-1;05;CAMIONETA EXP 4;2092696;"GG36    ";"G36 SOCIEDAD SIMPLE                               ";CALLE 36 entre 1 y 3 45;953136;"80-190P        ";80-190P - DUCHA EMB. C/TRANSF. C.CERAM BLACK VELVET PLUS;1;1;1;23486261;170926221445614;184363862;;;;07/30/2031 00:00:00;1;14024683;18/09/2026 07:14:45;Mirko;Hernandez;24759927;17/09/2026 14:33:12;6922;Franco;Potenza;Mirko Hernandez;Franco Potenza
14252127;18/09/2026 07:24:57;3;2;0001  215294-1;05;CAMIONETA EXP 4;2092696;"GG36    ";"G36 SOCIEDAD SIMPLE                               ";CALLE 36 entre 1 y 3 45;954651;"A816           ";"A816 - DUCHA 6"" C/BRAZO Y CAMPANA CR";3;3;3;23487241;170926222156873;184373140;;;;07/27/2031 00:00:00;3;14024728;18/09/2026 07:21:56;Mirko;Hernandez;24760852;17/09/2026 15:05:06;7839;Claudio;Juarez;Mirko Hernandez;Claudio Juarez
14252127;18/09/2026 07:24:57;3;2;0001  215294-1;05;CAMIONETA EXP 4;2092696;"GG36    ";"G36 SOCIEDAD SIMPLE                               ";CALLE 36 entre 1 y 3 45;954650;"A815           ";"A815 - DUCHA 8"" C/BRAZO Y CAMPANA CR";2;2;2;23487241;170926222156873;184373396;;;;07/28/2031 00:00:00;2;14024728;18/09/2026 07:21:56;Mirko;Hernandez;24760852;17/09/2026 15:05:06;7839;Claudio;Juarez;Mirko Hernandez;Claudio Juarez
14252127;18/09/2026 07:24:57;3;2;0001  215294-1;05;CAMIONETA EXP 4;2092696;"GG36    ";"G36 SOCIEDAD SIMPLE                               ";CALLE 36 entre 1 y 3 45;954916;"BCH14          ";BCH14 - BACHA SEMI EMBUTIDA BLANCA 430x380x155;2;2;2;23490914;180926070811367;184394674;;;;07/27/2031 00:00:00;2;14024631;18/09/2026 07:08:11;Gustavo;Soderquvist;24764568;17/09/2026 15:38:54;7839;Claudio;Juarez;Gustavo Soderquvist;Claudio Juarez
14252127;18/09/2026 07:24:57;3;2;0001  215294-1;05;CAMIONETA EXP 4;2092696;"GG36    ";"G36 SOCIEDAD SIMPLE                               ";CALLE 36 entre 1 y 3 45;952248;"414/CR         ";414/CR - DUCHA EXT.C/TRANSF.CR/CR ARES;1;1;1;23501627;170926221357993;184366756;;;;09/15/2031 00:00:00;1;14024711;18/09/2026 07:13:58;Mirko;Hernandez;;;;;;Mirko Hernandez;
14252127;18/09/2026 07:24:57;3;2;0001  215294-1;05;CAMIONETA EXP 4;2092696;"GG36    ";"G36 SOCIEDAD SIMPLE                               ";CALLE 36 entre 1 y 3 45;952470;"53-001N        ";"53-001N - COCINA PARED EXTERIOR PICO ALTO ""CROMO Y""";2;2;2;23501627;170926221357993;184365970;;;;07/31/2031 00:00:00;2;14024711;18/09/2026 07:13:58;Mirko;Hernandez;;;;;;Mirko Hernandez;
14252127;18/09/2026 07:24:57;3;2;0001  215294-1;05;CAMIONETA EXP 4;2092696;"GG36    ";"G36 SOCIEDAD SIMPLE                               ";CALLE 36 entre 1 y 3 45;952634;"60-162         ";60-162 - LAVATORIO CR C.CERAM LINEA ADRA;2;2;2;23501627;170926221357993;184356366;;;;07/29/2031 00:00:00;2;14024711;18/09/2026 07:13:58;Mirko;Hernandez;;;;;;Mirko Hernandez;
14252127;18/09/2026 07:24:57;3;2;0001  215294-1;05;CAMIONETA EXP 4;2092696;"GG36    ";"G36 SOCIEDAD SIMPLE                               ";CALLE 36 entre 1 y 3 45;952912;"70-162         ";70-162 - BIDE CR C.CERAM LINEA ADRA;2;2;2;23501627;170926221357993;184355718;;;;07/29/2031 00:00:00;2;14024711;18/09/2026 07:13:58;Mirko;Hernandez;;;;;;Mirko Hernandez;
14252127;18/09/2026 07:24:57;3;2;0001  215294-1;05;CAMIONETA EXP 4;2092696;"GG36    ";"G36 SOCIEDAD SIMPLE                               ";CALLE 36 entre 1 y 3 45;952936;"70-190         ";70-190 - BIDE C.CERAM BLACK VELVET;1;1;1;23501627;170926221357993;184364046;;;;11/08/2031 00:00:00;1;14024711;18/09/2026 07:13:58;Mirko;Hernandez;;;;;;Mirko Hernandez;
14252127;18/09/2026 07:24:57;3;2;0001  215294-1;05;CAMIONETA EXP 4;2092696;"GG36    ";"G36 SOCIEDAD SIMPLE                               ";CALLE 36 entre 1 y 3 45;953278;"83-001N        ";"83-001N - DUCHA EXT. C/TRANSF. ""CROMO Y""";1;1;1;23501627;170926221357993;184365791;;;;11/26/2031 00:00:00;1;14024711;18/09/2026 07:13:58;Mirko;Hernandez;;;;;;Mirko Hernandez;
14252127;18/09/2026 07:24:57;3;2;0001  215294-1;05;CAMIONETA EXP 4;2092696;"GG36    ";"G36 SOCIEDAD SIMPLE                               ";CALLE 36 entre 1 y 3 45;951488;"20-102         ";"20-102 - MONOCOMANDO MESADA CROMO ""RENACER""";5;5;5;23501693;170926221551679;184361832;;;;08/20/2031 00:00:00;5;14024737;18/09/2026 07:15:51;Mirko;Hernandez;;;;;;Mirko Hernandez;
14252127;18/09/2026 07:24:57;3;2;0001  215294-1;05;CAMIONETA EXP 4;2092696;"GG36    ";"G36 SOCIEDAD SIMPLE                               ";CALLE 36 entre 1 y 3 45;951737;"3005           ";3005 - SET DE 5 PIEZAS LINEA 3000;2;2;2;23501720;170926221627190;184365671;;;;07/27/2031 00:00:00;2;14024747;18/09/2026 07:16:27;Mirko;Hernandez;;;;;;Mirko Hernandez;
14252127;18/09/2026 07:24:57;3;2;0001  215294-1;05;CAMIONETA EXP 4;2092696;"GG36    ";"G36 SOCIEDAD SIMPLE                               ";CALLE 36 entre 1 y 3 45;951748;"3006           ";3006 - SET DE 6 PIEZAS LINEA 3000;2;2;2;23501720;170926221627190;184381666;;;;07/29/2031 00:00:00;2;14024747;18/09/2026 07:16:27;Mirko;Hernandez;;;;;;Mirko Hernandez;
14252127;18/09/2026 07:24:57;3;2;0001  215294-1;05;CAMIONETA EXP 4;2092696;"GG36    ";"G36 SOCIEDAD SIMPLE                               ";CALLE 36 entre 1 y 3 45;951536;"20-162         ";20-162 - MONOCOMANDO COCINA ADRA;4;4;4;23501784;170926221916750;184365213;;;;07/28/2031 00:00:00;4;14024770;18/09/2026 07:19:16;Mirko;Hernandez;;;;;;Mirko Hernandez;
14252127;18/09/2026 07:24:57;3;2;0001  215294-1;05;CAMIONETA EXP 4;2092696;"GG36    ";"G36 SOCIEDAD SIMPLE                               ";CALLE 36 entre 1 y 3 45;951611;"21-160         ";"MONOCOMANDO DUO COCINA CROMO DIQUE                                    ";2;2;2;23501784;170926221916750;184371528;;;;12/14/2031 00:00:00;2;14024770;18/09/2026 07:19:16;Mirko;Hernandez;;;;;;Mirko Hernandez;
14252128;18/09/2026 06:58:00;3;2;0001  215296-1;05;CAMIONETA EXP 4;2093376;"MC26    ";"MARMOLERIA CURTO HNOS. S.R.L.                     ";ASUNCION DEL PARAGUAY 227;952618;"60-133         ";60-133 - LAVATORIO MONOCOMANDO LUGO;1;1;1;23487852;170926215759452;184378589;;;;07/29/2031 00:00:00;1;14024507;18/09/2026 06:57:59;Mirko;Hernandez;24761435;17/09/2026 15:00:45;7827;Javier;Machado;Mirko Hernandez;Javier Machado
14252128;18/09/2026 06:58:00;3;2;0001  215296-1;05;CAMIONETA EXP 4;2093376;"MC26    ";"MARMOLERIA CURTO HNOS. S.R.L.                     ";ASUNCION DEL PARAGUAY 227;952705;"61-130         ";61-130 - LAVATORIO MONOCOMANDO ALTO BILBAO;1;1;1;23487852;170926215759452;184367390;;;;07/28/2031 00:00:00;1;14024507;18/09/2026 06:57:59;Mirko;Hernandez;24761435;17/09/2026 15:00:45;7827;Javier;Machado;Mirko Hernandez;Javier Machado
14252128;18/09/2026 06:58:00;3;2;0001  215296-1;05;CAMIONETA EXP 4;2093376;"MC26    ";"MARMOLERIA CURTO HNOS. S.R.L.                     ";ASUNCION DEL PARAGUAY 227;953325;"835/C          ";835/C - JGO.MDA.P.FUND. CR C.CERAM. MURCIA;1;1;1;23488389;170926214816592;184369819;;;;11/24/2031 00:00:00;1;14024481;18/09/2026 06:48:16;Mirko;Hernandez;24761930;17/09/2026 14:43:18;6922;Franco;Potenza;Mirko Hernandez;Franco Potenza
14252128;18/09/2026 06:58:00;3;2;0001  215296-1;05;CAMIONETA EXP 4;2093376;"MC26    ";"MARMOLERIA CURTO HNOS. S.R.L.                     ";ASUNCION DEL PARAGUAY 227;953432;"910/M          ";"910/M - JGO.MDA.P.CANO CROMO ""DIQUE""";1;1;1;23488389;170926214816592;184370040;;;;12/21/2031 00:00:00;1;14024481;18/09/2026 06:48:16;Mirko;Hernandez;24761930;17/09/2026 14:43:18;6922;Franco;Potenza;Mirko Hernandez;Franco Potenza
14252128;18/09/2026 06:58:00;3;2;0001  215296-1;05;CAMIONETA EXP 4;2093376;"MC26    ";"MARMOLERIA CURTO HNOS. S.R.L.                     ";ASUNCION DEL PARAGUAY 227;951618;"214            ";214 - LAVATORIO CRUZ BL/CR ARES;1;1;1;23488389;170926214816592;184372249;;;;07/31/2031 00:00:00;1;14024481;18/09/2026 06:48:16;Mirko;Hernandez;24761930;17/09/2026 14:43:18;6922;Franco;Potenza;Mirko Hernandez;Franco Potenza
14252128;18/09/2026 06:58:00;3;2;0001  215296-1;05;CAMIONETA EXP 4;2093376;"MC26    ";"MARMOLERIA CURTO HNOS. S.R.L.                     ";ASUNCION DEL PARAGUAY 227;952267;"423            ";"423 - DUCHA EMB. C/TRANSF.CR ""DIQUE""";1;1;1;23488389;170926214816592;184370538;;;;02/03/2032 00:00:00;1;14024481;18/09/2026 06:48:16;Mirko;Hernandez;24761930;17/09/2026 14:43:18;6922;Franco;Potenza;Mirko Hernandez;Franco Potenza
14252128;18/09/2026 06:58:00;3;2;0001  215296-1;05;CAMIONETA EXP 4;2093376;"MC26    ";"MARMOLERIA CURTO HNOS. S.R.L.                     ";ASUNCION DEL PARAGUAY 227;952387;"50-002         ";50-002 - MESADA PICO FUNDIDO RENACER CROMO;1;1;1;23488389;170926214816592;184370693;;;;07/31/2031 00:00:00;1;14024481;18/09/2026 06:48:16;Mirko;Hernandez;24761930;17/09/2026 14:43:18;6922;Franco;Potenza;Mirko Hernandez;Franco Potenza
14252128;18/09/2026 06:58:00;3;2;0001  215296-1;05;CAMIONETA EXP 4;2093376;"MC26    ";"MARMOLERIA CURTO HNOS. S.R.L.                     ";ASUNCION DEL PARAGUAY 227;952420;"51-002         ";51-002 - COCINA MESADA RENACER;1;1;1;23488389;170926214816592;184370217;;;;11/03/2031 00:00:00;1;14024481;18/09/2026 06:48:16;Mirko;Hernandez;24761930;17/09/2026 14:43:18;6922;Franco;Potenza;Mirko Hernandez;Franco Potenza
14252128;18/09/2026 06:58:00;3;2;0001  215296-1;05;CAMIONETA EXP 4;2093376;"MC26    ";"MARMOLERIA CURTO HNOS. S.R.L.                     ";ASUNCION DEL PARAGUAY 227;951620;"214/CR         ";214/CR - LAVATORIO CR/CR ARES;1;1;1;23500914;170926214400802;184372104;;;;01/27/2032 00:00:00;1;14024485;18/09/2026 06:44:00;Mirko;Hernandez;;;;;;Mirko Hernandez;
14252128;18/09/2026 06:58:00;3;2;0001  215296-1;05;CAMIONETA EXP 4;2093376;"MC26    ";"MARMOLERIA CURTO HNOS. S.R.L.                     ";ASUNCION DEL PARAGUAY 227;951568;"203            ";"203 - LAVATORIO CROMO ""DIQUE""";2;2;2;23500914;170926214400802;184370428;;;;01/11/2032 00:00:00;2;14024485;18/09/2026 06:44:00;Mirko;Hernandez;;;;;;Mirko Hernandez;
14252128;18/09/2026 06:58:00;3;2;0001  215296-1;05;CAMIONETA EXP 4;2093376;"MC26    ";"MARMOLERIA CURTO HNOS. S.R.L.                     ";ASUNCION DEL PARAGUAY 227;952582;"60-057         ";60-057 - LAVATORIO C.STD VERIN PLUS;2;2;2;23500914;170926214400802;184368885;;;;01/31/2032 00:00:00;2;14024485;18/09/2026 06:44:00;Mirko;Hernandez;;;;;;Mirko Hernandez;
14252128;18/09/2026 06:58:00;3;2;0001  215296-1;05;CAMIONETA EXP 4;2093376;"MC26    ";"MARMOLERIA CURTO HNOS. S.R.L.                     ";ASUNCION DEL PARAGUAY 227;952541;"60-001N        ";"60-001N - LAVATORIO ""CROMO Y""";1;1;1;23500914;170926214400802;184371741;;;;02/01/2032 00:00:00;1;14024485;18/09/2026 06:44:00;Mirko;Hernandez;;;;;;Mirko Hernandez;
14252128;18/09/2026 06:58:00;3;2;0001  215296-1;05;CAMIONETA EXP 4;2093376;"MC26    ";"MARMOLERIA CURTO HNOS. S.R.L.                     ";ASUNCION DEL PARAGUAY 227;954649;"A814           ";A814 - DUCHA C/BRAZO Y CAMPANA CR;3;3;3;23501062;170926215158485;184365463;;;;08/13/2031 00:00:00;3;14024538;18/09/2026 06:51:58;Mirko;Hernandez;;;;;;Mirko Hernandez;
14252128;18/09/2026 06:58:00;3;2;0001  215296-1;05;CAMIONETA EXP 4;2093376;"MC26    ";"MARMOLERIA CURTO HNOS. S.R.L.                     ";ASUNCION DEL PARAGUAY 227;957393;"RA004          ";RA004 - CABEZAL P/TRANSF. BIDET Y DUCHA EMBUTIR;4;4;4;23501062;170926215158485;184380183;;;;07/31/2031 00:00:00;4;14024538;18/09/2026 06:51:58;Mirko;Hernandez;;;;;;Mirko Hernandez;
14252128;18/09/2026 06:58:00;3;2;0001  215296-1;05;CAMIONETA EXP 4;2093376;"MC26    ";"MARMOLERIA CURTO HNOS. S.R.L.                     ";ASUNCION DEL PARAGUAY 227;957392;"RA003          ";RA003 - CABEZAL IZQUIERDO CIERRE CERAMICO (CALIENTE);4;4;4;23501062;170926215158485;184380449;;;;09/16/2031 00:00:00;4;14024538;18/09/2026 06:51:58;Mirko;Hernandez;;;;;;Mirko Hernandez;
14252128;18/09/2026 06:58:00;3;2;0001  215296-1;05;CAMIONETA EXP 4;2093376;"MC26    ";"MARMOLERIA CURTO HNOS. S.R.L.                     ";ASUNCION DEL PARAGUAY 227;957391;"RA002          ";RA002 - CABEZAL DERECHO CIERRE CERAMICO (FRIA);4;4;4;23501062;170926215158485;184380768;;;;02/03/2032 00:00:00;4;14024538;18/09/2026 06:51:58;Mirko;Hernandez;;;;;;Mirko Hernandez;
14252128;18/09/2026 06:58:00;3;2;0001  215296-1;05;CAMIONETA EXP 4;2093376;"MC26    ";"MARMOLERIA CURTO HNOS. S.R.L.                     ";ASUNCION DEL PARAGUAY 227;957872;"RA765          ";RA765 - BOLSITA P/CONEXION LAVATORIO LINEAS STD COMPLETO;3;3;3;23501062;170926215158485;184379832;;;;12/16/2031 00:00:00;3;14024538;18/09/2026 06:51:58;Mirko;Hernandez;;;;;;Mirko Hernandez;
14252128;18/09/2026 06:58:00;3;2;0001  215296-1;05;CAMIONETA EXP 4;2093376;"MC26    ";"MARMOLERIA CURTO HNOS. S.R.L.                     ";ASUNCION DEL PARAGUAY 227;957871;"RA764          ";RA764 - BOLSITA P/CONEXION BIDET LINEAS STD COMPLETO;3;3;3;23501062;170926215158485;184379631;;;;02/01/2032 00:00:00;3;14024538;18/09/2026 06:51:58;Mirko;Hernandez;;;;;;Mirko Hernandez;
14252128;18/09/2026 06:58:00;3;2;0001  215296-1;05;CAMIONETA EXP 4;2093376;"MC26    ";"MARMOLERIA CURTO HNOS. S.R.L.                     ";ASUNCION DEL PARAGUAY 227;957913;"RA876          ";RA876 - 10 BUJES ESTRIADO P/VOLANTE;1;1;1;23501062;170926215158485;184379985;;;;01/13/2032 00:00:00;1;14024538;18/09/2026 06:51:58;Mirko;Hernandez;;;;;;Mirko Hernandez;
14252128;18/09/2026 06:58:00;3;2;0001  215296-1;05;CAMIONETA EXP 4;2093376;"MC26    ";"MARMOLERIA CURTO HNOS. S.R.L.                     ";ASUNCION DEL PARAGUAY 227;954804;"AB-001         ";AB-001 - AGARRADERA ACERO INOX CROMADO 30 CM SAFE;3;3;3;23501156;170926215738083;184365828;;;;07/28/2031 00:00:00;3;14024569;18/09/2026 06:57:38;Mirko;Hernandez;;;;;;Mirko Hernandez;
14252128;18/09/2026 06:58:00;3;2;0001  215296-1;05;CAMIONETA EXP 4;2093376;"MC26    ";"MARMOLERIA CURTO HNOS. S.R.L.                     ";ASUNCION DEL PARAGUAY 227;954651;"A816           ";"A816 - DUCHA 6"" C/BRAZO Y CAMPANA CR";3;3;3;23501156;170926215738083;184365114;;;;07/27/2031 00:00:00;3;14024569;18/09/2026 06:57:38;Mirko;Hernandez;;;;;;Mirko Hernandez;
14252129;18/09/2026 07:16:03;3;2;0001  215300-1;05;CAMIONETA EXP 4;2094690;"SU09    ";"SUPERMAT CENTRAL S.A.S.                           ";ZUVIRIA 2651;952678;"60-203N        ";"LAVATORIO MONOCOMANDO BAJO ADRA BLACK                                 ";2;2;2;23490503;180926071601268;184386701;;;;01/06/2032 00:00:00;2;14024738;18/09/2026 07:16:01;Gustavo;Soderquvist;24764159;17/09/2026 15:15:17;7839;Claudio;Juarez;Gustavo Soderquvist;Claudio Juarez
14252129;18/09/2026 07:16:03;3;2;0001  215300-1;05;CAMIONETA EXP 4;2094690;"SU09    ";"SUPERMAT CENTRAL S.A.S.                           ";ZUVIRIA 2651;954914;"BCH12          ";BCH12 - BACHA DE APOYAR BLANCA 460x320x140;2;2;2;23490915;180926063228469;184391974;;;;11/10/2031 00:00:00;2;14024433;18/09/2026 06:32:28;Gustavo;Soderquvist;24764568;17/09/2026 15:38:54;7839;Claudio;Juarez;Gustavo Soderquvist;Claudio Juarez
14252130;18/09/2026 07:27:49;3;2;0001  215301-1;05;CAMIONETA EXP 4;2091310;"BH14    ";"BENETTI HUGO D -CONSTRUCCIONES DEL OESTE          ";AV. PADRE JEANNOT SUEYRO 2450;952634;"60-162         ";60-162 - LAVATORIO CR C.CERAM LINEA ADRA;4;4;4;23489966;180926072748955;184383647;;;;07/29/2031 00:00:00;4;14024845;18/09/2026 07:27:48;Gustavo;Soderquvist;24763630;17/09/2026 15:11:28;6409;Gaston Alejandro;Kiriczuk;Gustavo Soderquvist;Gaston Alejandro Kiriczuk
14252130;18/09/2026 07:27:49;3;2;0001  215301-1;05;CAMIONETA EXP 4;2091310;"BH14    ";"BENETTI HUGO D -CONSTRUCCIONES DEL OESTE          ";AV. PADRE JEANNOT SUEYRO 2450;954919;"BCH16N         ";BCH16N - BACHA DE APOYAR NEGRA 610x457x254 C/DESAGOTE Y REJILLA;1;1;1;23490916;180926063315329;184393075;;;;07/27/2031 00:00:00;1;14024440;18/09/2026 06:33:15;Gustavo;Soderquvist;24764568;17/09/2026 15:38:54;7839;Claudio;Juarez;Gustavo Soderquvist;Claudio Juarez
14252131;17/09/2026 16:30:32;3;2;0001  215316-1;05;CAMIONETA EXP 4;2093013;"JA06    ";"JACOR S.R.L. -VIALCOR                             ";JUAN PUJOL 2200;952618;"60-133         ";60-133 - LAVATORIO MONOCOMANDO LUGO;3;3;3;23487242;170926163031923;184363890;;;;07/29/2031 00:00:00;3;14020621;17/09/2026 16:30:31;Tiago;Rodriguez;24760852;17/09/2026 15:05:06;7839;Claudio;Juarez;Tiago Rodriguez;Claudio Juarez
14252131;17/09/2026 16:30:32;3;2;0001  215316-1;05;CAMIONETA EXP 4;2093013;"JA06    ";"JACOR S.R.L. -VIALCOR                             ";JUAN PUJOL 2200;952896;"70-133         ";70-133 - BIDE MONOCOMANDO LUGO;3;3;3;23487242;170926163031923;184369359;;;;07/27/2031 00:00:00;3;14020621;17/09/2026 16:30:31;Tiago;Rodriguez;24760852;17/09/2026 15:05:06;7839;Claudio;Juarez;Tiago Rodriguez;Claudio Juarez
14252131;17/09/2026 16:30:32;3;2;0001  215316-1;05;CAMIONETA EXP 4;2093013;"JA06    ";"JACOR S.R.L. -VIALCOR                             ";JUAN PUJOL 2200;953312;"83-133         ";83-133 - DUCHA EXT. C/TRANSF. MONOCOMANDO LUGO;3;3;3;23487242;170926163031923;184366677;;;;09/03/2031 00:00:00;3;14020621;17/09/2026 16:30:31;Tiago;Rodriguez;24760852;17/09/2026 15:05:06;7839;Claudio;Juarez;Tiago Rodriguez;Claudio Juarez
14252131;17/09/2026 16:30:32;3;2;0001  215316-1;05;CAMIONETA EXP 4;2093013;"JA06    ";"JACOR S.R.L. -VIALCOR                             ";JUAN PUJOL 2200;952541;"60-001N        ";"60-001N - LAVATORIO ""CROMO Y""";1;1;1;23489967;170926162931845;184385205;;;;02/01/2032 00:00:00;1;14020613;17/09/2026 16:29:31;Tiago;Rodriguez;24763630;17/09/2026 15:11:28;6409;Gaston Alejandro;Kiriczuk;Tiago Rodriguez;Gaston Alejandro Kiriczuk
14252131;17/09/2026 16:30:32;3;2;0001  215316-1;05;CAMIONETA EXP 4;2093013;"JA06    ";"JACOR S.R.L. -VIALCOR                             ";JUAN PUJOL 2200;953018;"80-001N        ";"80-001N - DUCHA EMB. C/TRANSF. ""CROMO Y""";2;2;2;23489967;170926162931845;184385415;;;;07/31/2031 00:00:00;2;14020613;17/09/2026 16:29:31;Tiago;Rodriguez;24763630;17/09/2026 15:11:28;6409;Gaston Alejandro;Kiriczuk;Tiago Rodriguez;Gaston Alejandro Kiriczuk
14252132;18/09/2026 07:27:20;3;2;0001  215333-1;05;CAMIONETA EXP 4;2092668;"GE12    ";"GERMANO S.R.L. -GERMANO MATERIALES                ";AV. CABRAL 2253;953156;"80-201NI       ";80-201NI - DUCHA EMB C/TRANSF C.CERAM BEAT NICKEL;1;1;1;23488390;180926072720195;184369455;;;;11/10/2031 00:00:00;1;14024865;18/09/2026 07:27:20;Maximiliano;Nievas;24761930;17/09/2026 14:43:18;6922;Franco;Potenza;Maximiliano Nievas;Franco Potenza
14252132;18/09/2026 07:27:20;3;2;0001  215333-1;05;CAMIONETA EXP 4;2092668;"GE12    ";"GERMANO S.R.L. -GERMANO MATERIALES                ";AV. CABRAL 2253;952953;"70-201NI       ";70-201NI - BIDE CR C.CERAM BEAT NICKEL;1;1;1;23488390;180926072720195;184369312;;;;07/29/2031 00:00:00;1;14024865;18/09/2026 07:27:20;Maximiliano;Nievas;24761930;17/09/2026 14:43:18;6922;Franco;Potenza;Maximiliano Nievas;Franco Potenza
14252132;18/09/2026 07:27:20;3;2;0001  215333-1;05;CAMIONETA EXP 4;2092668;"GE12    ";"GERMANO S.R.L. -GERMANO MATERIALES                ";AV. CABRAL 2253;952786;"62-201NI       ";62-201NI - LAVATORIO DE PARED C.CERAM BEAT NICKEL;1;1;1;23488390;180926072720195;184369596;;;;11/02/2031 00:00:00;1;14024865;18/09/2026 07:27:20;Maximiliano;Nievas;24761930;17/09/2026 14:43:18;6922;Franco;Potenza;Maximiliano Nievas;Franco Potenza
14252132;18/09/2026 07:27:20;3;2;0001  215333-1;05;CAMIONETA EXP 4;2092668;"GE12    ";"GERMANO S.R.L. -GERMANO MATERIALES                ";AV. CABRAL 2253;952726;"61-203         ";61-203 - LAVATORIO MONOCOMANDO ALTO ADRA;1;1;1;23488390;180926072720195;184371087;;;;02/22/2032 00:00:00;1;14024865;18/09/2026 07:27:20;Maximiliano;Nievas;24761930;17/09/2026 14:43:18;6922;Franco;Potenza;Maximiliano Nievas;Franco Potenza
14252132;18/09/2026 07:27:20;3;2;0001  215333-1;05;CAMIONETA EXP 4;2092668;"GE12    ";"GERMANO S.R.L. -GERMANO MATERIALES                ";AV. CABRAL 2253;951532;"20-147         ";20-147 - MONOCOMANDO DE COCINA SWIFT;1;1;1;23491571;180926072642878;184395544;;;;08/04/2031 00:00:00;1;14024429;18/09/2026 07:26:42;Maximiliano;Nievas;24765171;17/09/2026 15:35:18;6409;Gaston Alejandro;Kiriczuk;Maximiliano Nievas;Gaston Alejandro Kiriczuk
14252132;18/09/2026 07:27:20;3;2;0001  215333-1;05;CAMIONETA EXP 4;2092668;"GE12    ";"GERMANO S.R.L. -GERMANO MATERIALES                ";AV. CABRAL 2253;951565;"20-205         ";20-205 - MONOCOMANDO DE COCINA STEEL;1;1;1;23491571;180926072642878;184395788;;;;07/28/2031 00:00:00;1;14024429;18/09/2026 07:26:42;Maximiliano;Nievas;24765171;17/09/2026 15:35:18;6409;Gaston Alejandro;Kiriczuk;Maximiliano Nievas;Gaston Alejandro Kiriczuk
14252133;17/09/2026 15:42:32;3;2;0001  215410-1;05;CAMIONETA EXP 4;2492829;"DI13    ";"DISANCO SRL                                       ";RUTA NACIONAL 12 KM 1028;956490;"LG03C60        ";LG03C60 - LAVATORIO CR C.STD BERNA;40;40;40;23482090;170926154232800;184326543;;;;02/10/2032 00:00:00;10;14018729;17/09/2026 15:42:32;Tiago;Rodriguez;24755758;17/09/2026 12:51:33;6922;Franco;Potenza;Tiago Rodriguez;Franco Potenza
14252133;17/09/2026 15:42:32;3;2;0001  215410-1;05;CAMIONETA EXP 4;2492829;"DI13    ";"DISANCO SRL                                       ";RUTA NACIONAL 12 KM 1028;956492;"LG03C80        ";LG03C80 - DUCHA EMB. C/TRANSF. CR C.STD BERNA;50;50;50;23491885;170926153611022;184397620;;;;12/14/2031 00:00:00;10;14018736;17/09/2026 15:36:11;Tiago;Rodriguez;;;;;;Tiago Rodriguez;
14252133;17/09/2026 15:42:32;3;2;0001  215410-1;05;CAMIONETA EXP 4;2492829;"DI13    ";"DISANCO SRL                                       ";RUTA NACIONAL 12 KM 1028;956492;"LG03C80        ";LG03C80 - DUCHA EMB. C/TRANSF. CR C.STD BERNA;50;50;50;23491907;170926153643078;184397861;;;;12/14/2031 00:00:00;10;14018760;17/09/2026 15:36:43;Tiago;Rodriguez;;;;;;Tiago Rodriguez;
14252133;17/09/2026 15:42:32;3;2;0001  215410-1;05;CAMIONETA EXP 4;2492829;"DI13    ";"DISANCO SRL                                       ";RUTA NACIONAL 12 KM 1028;956492;"LG03C80        ";LG03C80 - DUCHA EMB. C/TRANSF. CR C.STD BERNA;50;50;50;23491960;170926153714574;184398066;;;;12/14/2031 00:00:00;10;14018779;17/09/2026 15:37:14;Tiago;Rodriguez;;;;;;Tiago Rodriguez;
14252133;17/09/2026 15:42:32;3;2;0001  215410-1;05;CAMIONETA EXP 4;2492829;"DI13    ";"DISANCO SRL                                       ";RUTA NACIONAL 12 KM 1028;956492;"LG03C80        ";LG03C80 - DUCHA EMB. C/TRANSF. CR C.STD BERNA;50;50;50;23491992;170926153743380;184398265;;;;12/14/2031 00:00:00;10;14018797;17/09/2026 15:37:43;Tiago;Rodriguez;;;;;;Tiago Rodriguez;
14252133;17/09/2026 15:42:32;3;2;0001  215410-1;05;CAMIONETA EXP 4;2492829;"DI13    ";"DISANCO SRL                                       ";RUTA NACIONAL 12 KM 1028;956492;"LG03C80        ";LG03C80 - DUCHA EMB. C/TRANSF. CR C.STD BERNA;50;50;50;23492026;170926153821648;184323348;;;;12/14/2031 00:00:00;10;14018823;17/09/2026 15:38:21;Tiago;Rodriguez;;;;;;Tiago Rodriguez;
14252133;17/09/2026 15:42:32;3;2;0001  215410-1;05;CAMIONETA EXP 4;2492829;"DI13    ";"DISANCO SRL                                       ";RUTA NACIONAL 12 KM 1028;956491;"LG03C70        ";LG03C70 - BIDE CR C.STD BERNA;40;40;40;23492069;170926153853050;184398739;;;;12/14/2031 00:00:00;10;14018851;17/09/2026 15:38:53;Tiago;Rodriguez;;;;;;Tiago Rodriguez;
14252133;17/09/2026 15:42:32;3;2;0001  215410-1;05;CAMIONETA EXP 4;2492829;"DI13    ";"DISANCO SRL                                       ";RUTA NACIONAL 12 KM 1028;956491;"LG03C70        ";LG03C70 - BIDE CR C.STD BERNA;40;40;40;23492097;170926153929839;184398993;;;;12/14/2031 00:00:00;10;14018878;17/09/2026 15:39:29;Tiago;Rodriguez;;;;;;Tiago Rodriguez;
14252133;17/09/2026 15:42:32;3;2;0001  215410-1;05;CAMIONETA EXP 4;2492829;"DI13    ";"DISANCO SRL                                       ";RUTA NACIONAL 12 KM 1028;956491;"LG03C70        ";LG03C70 - BIDE CR C.STD BERNA;40;40;40;23492118;170926154000538;184399219;;;;12/14/2031 00:00:00;10;14018894;17/09/2026 15:40:00;Tiago;Rodriguez;;;;;;Tiago Rodriguez;
14252133;17/09/2026 15:42:32;3;2;0001  215410-1;05;CAMIONETA EXP 4;2492829;"DI13    ";"DISANCO SRL                                       ";RUTA NACIONAL 12 KM 1028;956491;"LG03C70        ";LG03C70 - BIDE CR C.STD BERNA;40;40;40;23492161;170926154052987;184325251;;;;12/14/2031 00:00:00;10;14018934;17/09/2026 15:40:52;Tiago;Rodriguez;;;;;;Tiago Rodriguez;
14252133;17/09/2026 15:42:32;3;2;0001  215410-1;05;CAMIONETA EXP 4;2492829;"DI13    ";"DISANCO SRL                                       ";RUTA NACIONAL 12 KM 1028;956490;"LG03C60        ";LG03C60 - LAVATORIO CR C.STD BERNA;40;40;40;23492185;170926154117926;184399775;;;;02/10/2032 00:00:00;10;14018951;17/09/2026 15:41:17;Tiago;Rodriguez;;;;;;Tiago Rodriguez;
14252133;17/09/2026 15:42:32;3;2;0001  215410-1;05;CAMIONETA EXP 4;2492829;"DI13    ";"DISANCO SRL                                       ";RUTA NACIONAL 12 KM 1028;956490;"LG03C60        ";LG03C60 - LAVATORIO CR C.STD BERNA;40;40;40;23492214;170926154140658;184399930;;;;02/10/2032 00:00:00;10;14018963;17/09/2026 15:41:40;Tiago;Rodriguez;;;;;;Tiago Rodriguez;
14252133;17/09/2026 15:42:32;3;2;0001  215410-1;05;CAMIONETA EXP 4;2492829;"DI13    ";"DISANCO SRL                                       ";RUTA NACIONAL 12 KM 1028;956490;"LG03C60        ";LG03C60 - LAVATORIO CR C.STD BERNA;40;40;40;23492262;170926154207707;184400103;;;;02/10/2032 00:00:00;10;14018981;17/09/2026 15:42:07;Tiago;Rodriguez;;;;;;Tiago Rodriguez;
14252134;18/09/2026 06:42:23;3;2;0001  215414-1;05;CAMIONETA EXP 4;2093542;"MM29    ";"MATERIALES EL MILAGRO S.A.                        ";SALTA 595;952426;"51-010         ";51-010 - COCINA MESADA BL/CR LORCA;3;3;3;23486262;170926214218198;184354094;;;;01/14/2032 00:00:00;3;14024462;18/09/2026 06:42:18;Mirko;Hernandez;24759927;17/09/2026 14:33:12;6922;Franco;Potenza;Mirko Hernandez;Franco Potenza
14252134;18/09/2026 06:42:23;3;2;0001  215414-1;05;CAMIONETA EXP 4;2093542;"MM29    ";"MATERIALES EL MILAGRO S.A.                        ";SALTA 595;952488;"54-002         ";54-002 - COCINA PARED EXT. P.BAJO RENACER;6;6;6;23486262;170926214218198;184358825;;;;07/31/2031 00:00:00;1;14024462;18/09/2026 06:42:18;Mirko;Hernandez;24759927;17/09/2026 14:33:12;6922;Franco;Potenza;Mirko Hernandez;Franco Potenza
14252134;18/09/2026 06:42:23;3;2;0001  215414-1;05;CAMIONETA EXP 4;2093542;"MM29    ";"MATERIALES EL MILAGRO S.A.                        ";SALTA 595;952542;"60-002         ";60-002 - LAVATORIO RENACER;3;3;3;23486262;170926214218198;184359373;;;;01/20/2032 00:00:00;2;14024462;18/09/2026 06:42:18;Mirko;Hernandez;24759927;17/09/2026 14:33:12;6922;Franco;Potenza;Mirko Hernandez;Franco Potenza
14252134;18/09/2026 06:42:23;3;2;0001  215414-1;05;CAMIONETA EXP 4;2093542;"MM29    ";"MATERIALES EL MILAGRO S.A.                        ";SALTA 595;954678;"A842           ";A842 - DUCHADOR ANTICALCAREO 5 FUNCIONES C/SOPORTE Y FLEX;6;6;6;23489877;170926213817452;184382320;;;;07/28/2031 00:00:00;6;14024439;18/09/2026 06:38:17;Mirko;Hernandez;24763550;17/09/2026 15:17:12;6419;Tiago;Rodriguez;Mirko Hernandez;Tiago Rodriguez
14252134;18/09/2026 06:42:23;3;2;0001  215414-1;05;CAMIONETA EXP 4;2093542;"MM29    ";"MATERIALES EL MILAGRO S.A.                        ";SALTA 595;953312;"83-133         ";83-133 - DUCHA EXT. C/TRANSF. MONOCOMANDO LUGO;3;3;3;23500800;170926213542126;184386605;;;;09/03/2031 00:00:00;3;14024453;18/09/2026 06:35:42;Mirko;Hernandez;;;;;;Mirko Hernandez;
14252134;18/09/2026 06:42:23;3;2;0001  215414-1;05;CAMIONETA EXP 4;2093542;"MM29    ";"MATERIALES EL MILAGRO S.A.                        ";SALTA 595;952488;"54-002         ";54-002 - COCINA PARED EXT. P.BAJO RENACER;6;6;6;23500876;170926214017722;184470937;;;;07/31/2031 00:00:00;5;14024468;18/09/2026 06:40:17;Mirko;Hernandez;;;;;;Mirko Hernandez;
14252134;18/09/2026 06:42:23;3;2;0001  215414-1;05;CAMIONETA EXP 4;2093542;"MM29    ";"MATERIALES EL MILAGRO S.A.                        ";SALTA 595;951957;"303            ";"303 - BIDET CROMO ""DIQUE""";4;4;4;23500876;170926214017722;184357827;;;;11/25/2031 00:00:00;4;14024468;18/09/2026 06:40:17;Mirko;Hernandez;;;;;;Mirko Hernandez;
14252134;18/09/2026 06:42:23;3;2;0001  215414-1;05;CAMIONETA EXP 4;2093542;"MM29    ";"MATERIALES EL MILAGRO S.A.                        ";SALTA 595;952267;"423            ";"423 - DUCHA EMB. C/TRANSF.CR ""DIQUE""";1;1;1;23500876;170926214017722;184357941;;;;02/03/2032 00:00:00;1;14024468;18/09/2026 06:40:17;Mirko;Hernandez;;;;;;Mirko Hernandez;
14252134;18/09/2026 06:42:23;3;2;0001  215414-1;05;CAMIONETA EXP 4;2093542;"MM29    ";"MATERIALES EL MILAGRO S.A.                        ";SALTA 595;952551;"60-010         ";60-010 - LAVATORIO BL/CR LORCA;3;3;3;23500887;170926214131034;184354946;;;;01/14/2032 00:00:00;3;14024472;18/09/2026 06:41:31;Mirko;Hernandez;;;;;;Mirko Hernandez;
14252134;18/09/2026 06:42:23;3;2;0001  215414-1;05;CAMIONETA EXP 4;2093542;"MM29    ";"MATERIALES EL MILAGRO S.A.                        ";SALTA 595;952542;"60-002         ";60-002 - LAVATORIO RENACER;3;3;3;23500887;170926214131034;184471033;;;;01/20/2032 00:00:00;1;14024472;18/09/2026 06:41:31;Mirko;Hernandez;;;;;;Mirko Hernandez;
14252134;18/09/2026 06:42:23;3;2;0001  215414-1;05;CAMIONETA EXP 4;2093542;"MM29    ";"MATERIALES EL MILAGRO S.A.                        ";SALTA 595;952470;"53-001N        ";"53-001N - COCINA PARED EXTERIOR PICO ALTO ""CROMO Y""";6;6;6;23500887;170926214131034;184366511;;;;07/31/2031 00:00:00;6;14024472;18/09/2026 06:41:31;Mirko;Hernandez;;;;;;Mirko Hernandez;
14252135;18/09/2026 07:33:10;3;2;0001  215418-1;05;CAMIONETA EXP 4;2094200;"RM24    ";"REBOLA MATIAS -M. M. MILE                         ";MORENO 1225;952712;"61-176         ";61-176 - LAVATORIO MONOC ALTO CR RIO;3;3;3;23487243;170926223309184;184377850;;;;10/11/2031 00:00:00;1;14024814;18/09/2026 07:33:09;Mirko;Hernandez;24760852;17/09/2026 15:05:06;7839;Claudio;Juarez;Mirko Hernandez;Claudio Juarez
14252135;18/09/2026 07:33:10;3;2;0001  215418-1;05;CAMIONETA EXP 4;2094200;"RM24    ";"REBOLA MATIAS -M. M. MILE                         ";MORENO 1225;952634;"60-162         ";60-162 - LAVATORIO CR C.CERAM LINEA ADRA;1;1;1;23489968;170926222247895;184383814;;;;07/29/2031 00:00:00;1;14024804;18/09/2026 07:22:47;Mirko;Hernandez;24763630;17/09/2026 15:11:28;6409;Gaston Alejandro;Kiriczuk;Mirko Hernandez;Gaston Alejandro Kiriczuk
14252135;18/09/2026 07:33:10;3;2;0001  215418-1;05;CAMIONETA EXP 4;2094200;"RM24    ";"REBOLA MATIAS -M. M. MILE                         ";MORENO 1225;953109;"80-166         ";"DUCHA EMB. C/TRANSF. CR C.CERAM ADRA PLUS                             ";2;2;2;23489968;170926222247895;184383018;;;;01/19/2032 00:00:00;2;14024804;18/09/2026 07:22:47;Mirko;Hernandez;24763630;17/09/2026 15:11:28;6409;Gaston Alejandro;Kiriczuk;Mirko Hernandez;Gaston Alejandro Kiriczuk
14252135;18/09/2026 07:33:10;3;2;0001  215418-1;05;CAMIONETA EXP 4;2094200;"RM24    ";"REBOLA MATIAS -M. M. MILE                         ";MORENO 1225;952912;"70-162         ";70-162 - BIDE CR C.CERAM LINEA ADRA;1;1;1;23489968;170926222247895;184383231;;;;07/29/2031 00:00:00;1;14024804;18/09/2026 07:22:47;Mirko;Hernandez;24763630;17/09/2026 15:11:28;6409;Gaston Alejandro;Kiriczuk;Mirko Hernandez;Gaston Alejandro Kiriczuk
14252135;18/09/2026 07:33:10;3;2;0001  215418-1;05;CAMIONETA EXP 4;2094200;"RM24    ";"REBOLA MATIAS -M. M. MILE                         ";MORENO 1225;953122;"80-176         ";80-176 - DUCHA EMB C/TRANSF MONOC CR RIO;2;2;2;23501897;170926222411537;184378657;;;;07/29/2031 00:00:00;2;14024826;18/09/2026 07:24:11;Mirko;Hernandez;;;;;;Mirko Hernandez;
14252135;18/09/2026 07:33:10;3;2;0001  215418-1;05;CAMIONETA EXP 4;2094200;"RM24    ";"REBOLA MATIAS -M. M. MILE                         ";MORENO 1225;952650;"60-180         ";60-180 - LAVATORIO MONOCOMANDO BAJO VERA;3;3;3;23501897;170926222411537;184476495;;;;07/28/2031 00:00:00;2;14024826;18/09/2026 07:24:11;Mirko;Hernandez;;;;;;Mirko Hernandez;
14252135;18/09/2026 07:33:10;3;2;0001  215418-1;05;CAMIONETA EXP 4;2094200;"RM24    ";"REBOLA MATIAS -M. M. MILE                         ";MORENO 1225;952647;"60-176         ";"LAVATORIO MONOCOMANDO BAJO CR RIO                                     ";3;3;3;23501897;170926222411537;184379292;;;;10/11/2031 00:00:00;3;14024826;18/09/2026 07:24:11;Mirko;Hernandez;;;;;;Mirko Hernandez;
14252135;18/09/2026 07:33:10;3;2;0001  215418-1;05;CAMIONETA EXP 4;2094200;"RM24    ";"REBOLA MATIAS -M. M. MILE                         ";MORENO 1225;952679;"60-205         ";60-205 - LAVATORIO MONOC BAJO STEEL;2;2;2;23501927;170926222457353;184376651;;;;07/28/2031 00:00:00;2;14024841;18/09/2026 07:24:57;Mirko;Hernandez;;;;;;Mirko Hernandez;
14252135;18/09/2026 07:33:10;3;2;0001  215418-1;05;CAMIONETA EXP 4;2094200;"RM24    ";"REBOLA MATIAS -M. M. MILE                         ";MORENO 1225;952728;"61-205         ";61-205 - LAVATORIO MONOC ALTO STEEL;2;2;2;23501927;170926222457353;184375763;;;;07/28/2031 00:00:00;2;14024841;18/09/2026 07:24:57;Mirko;Hernandez;;;;;;Mirko Hernandez;
14252135;18/09/2026 07:33:10;3;2;0001  215418-1;05;CAMIONETA EXP 4;2094200;"RM24    ";"REBOLA MATIAS -M. M. MILE                         ";MORENO 1225;952712;"61-176         ";61-176 - LAVATORIO MONOC ALTO CR RIO;3;3;3;23501939;170926222532357;184476756;;;;10/11/2031 00:00:00;2;14024849;18/09/2026 07:25:32;Mirko;Hernandez;;;;;;Mirko Hernandez;
14252135;18/09/2026 07:33:10;3;2;0001  215418-1;05;CAMIONETA EXP 4;2094200;"RM24    ";"REBOLA MATIAS -M. M. MILE                         ";MORENO 1225;953125;"80-180         ";80-180 - DUCHA EMB. C/TRANSF. MONOCOMANDO VERA;2;2;2;23501939;170926222532357;184360013;;;;11/23/2031 00:00:00;2;14024849;18/09/2026 07:25:32;Mirko;Hernandez;;;;;;Mirko Hernandez;
14252135;18/09/2026 07:33:10;3;2;0001  215418-1;05;CAMIONETA EXP 4;2094200;"RM24    ";"REBOLA MATIAS -M. M. MILE                         ";MORENO 1225;951324;"19006          ";19006 - SET DE 6 PIEZAS LINEA 19000;3;3;3;23501993;170926222723148;184380539;;;;07/28/2031 00:00:00;3;14024870;18/09/2026 07:27:23;Mirko;Hernandez;;;;;;Mirko Hernandez;
14252135;18/09/2026 07:33:10;3;2;0001  215418-1;05;CAMIONETA EXP 4;2094200;"RM24    ";"REBOLA MATIAS -M. M. MILE                         ";MORENO 1225;952650;"60-180         ";60-180 - LAVATORIO MONOCOMANDO BAJO VERA;3;3;3;23501993;170926222723148;184379876;;;;07/28/2031 00:00:00;1;14024870;18/09/2026 07:27:23;Mirko;Hernandez;;;;;;Mirko Hernandez;
14252136;18/09/2026 06:29:25;3;2;0001  215435-1;05;CAMIONETA EXP 4;2092668;"GE12    ";"GERMANO S.R.L. -GERMANO MATERIALES                ";AV. CABRAL 2253;951565;"20-205         ";20-205 - MONOCOMANDO DE COCINA STEEL;3;3;3;23487853;180926062921022;184370773;;;;07/28/2031 00:00:00;3;14024396;18/09/2026 06:29:21;Maximiliano;Nievas;24761435;17/09/2026 15:00:45;7827;Javier;Machado;Maximiliano Nievas;Javier Machado
14252136;18/09/2026 06:29:25;3;2;0001  215435-1;05;CAMIONETA EXP 4;2092668;"GE12    ";"GERMANO S.R.L. -GERMANO MATERIALES                ";AV. CABRAL 2253;954908;"BCH07          ";BCH07 - BACHA DE APOYAR OVALADA 400x330x150;3;3;3;23490917;180926062920306;184391325;;;;07/29/2031 00:00:00;3;14024417;18/09/2026 06:29:20;Gustavo;Soderquvist;24764568;17/09/2026 15:38:54;7839;Claudio;Juarez;Gustavo Soderquvist;Claudio Juarez
14252136;18/09/2026 06:29:25;3;2;0001  215435-1;05;CAMIONETA EXP 4;2092668;"GE12    ";"GERMANO S.R.L. -GERMANO MATERIALES                ";AV. CABRAL 2253;952650;"60-180         ";60-180 - LAVATORIO MONOCOMANDO BAJO VERA;6;6;6;23500709;180926062904249;184374714;;;;07/28/2031 00:00:00;6;14024415;18/09/2026 06:29:04;Maximiliano;Nievas;;;;;;Maximiliano Nievas;
14252137;17/09/2026 16:28:27;3;2;0001  215440-1;05;CAMIONETA EXP 4;2094440;"SF12    ";"SANTA FE MATERIALES S.A.                          ";AV. BLAS PARERA 7730;1007844;"20-122S        ";"MONOCOMANDO COCINA INOX C/PICO EXTRAIBLE VALENCIA                     ";3;3;3;23487854;170926162826064;184376099;;;;01/06/2032 00:00:00;3;14020559;17/09/2026 16:28:26;Tiago;Rodriguez;24761435;17/09/2026 15:00:45;7827;Javier;Machado;Tiago Rodriguez;Javier Machado
14252137;17/09/2026 16:28:27;3;2;0001  215440-1;05;CAMIONETA EXP 4;2094440;"SF12    ";"SANTA FE MATERIALES S.A.                          ";AV. BLAS PARERA 7730;951565;"20-205         ";20-205 - MONOCOMANDO DE COCINA STEEL;3;3;3;23494475;170926162750997;184371419;;;;07/28/2031 00:00:00;3;14020563;17/09/2026 16:27:51;Tiago;Rodriguez;;;;;;Tiago Rodriguez;
14252137;17/09/2026 16:28:27;3;2;0001  215440-1;05;CAMIONETA EXP 4;2094440;"SF12    ";"SANTA FE MATERIALES S.A.                          ";AV. BLAS PARERA 7730;952637;"60-168         ";60-168 - LAVATORIO MONOC BAJO CR WAVE;4;4;4;23494475;170926162750997;184368125;;;;07/27/2031 00:00:00;4;14020563;17/09/2026 16:27:51;Tiago;Rodriguez;;;;;;Tiago Rodriguez;
14252138;18/09/2026 07:06:31;3;2;0001  215447-1;05;CAMIONETA EXP 4;2094851;"TR22    ";"TRITONIC S.A.S.                                   ";ESPAÑA 361;952860;"70-057         ";70-057 - BIDE C.STD VERIN PLUS;2;2;2;23486263;170926220630710;184354280;;;;01/31/2032 00:00:00;2;14024592;18/09/2026 07:06:30;Mirko;Hernandez;24759927;17/09/2026 14:33:12;6922;Franco;Potenza;Mirko Hernandez;Franco Potenza
14252138;18/09/2026 07:06:31;3;2;0001  215447-1;05;CAMIONETA EXP 4;2094851;"TR22    ";"TRITONIC S.A.S.                                   ";ESPAÑA 361;952912;"70-162         ";70-162 - BIDE CR C.CERAM LINEA ADRA;3;3;3;23486263;170926220630710;184356020;;;;07/29/2031 00:00:00;2;14024592;18/09/2026 07:06:30;Mirko;Hernandez;24759927;17/09/2026 14:33:12;6922;Franco;Potenza;Mirko Hernandez;Franco Potenza
14252138;18/09/2026 07:06:31;3;2;0001  215447-1;05;CAMIONETA EXP 4;2094851;"TR22    ";"TRITONIC S.A.S.                                   ";ESPAÑA 361;951553;"20-184         ";"MONOCOMANDO DE COCINA CR SUV                                          ";6;6;6;23487855;170926220225986;184369037;;;;10/04/2031 00:00:00;5;14024571;18/09/2026 07:02:25;Mirko;Hernandez;24761435;17/09/2026 15:00:45;7827;Javier;Machado;Mirko Hernandez;Javier Machado
14252138;18/09/2026 07:06:31;3;2;0001  215447-1;05;CAMIONETA EXP 4;2094851;"TR22    ";"TRITONIC S.A.S.                                   ";ESPAÑA 361;951530;"20-146         ";20-146 - MONOCOMANDO DE COCINA CR LINEA MOVE;2;2;2;23501189;170926215917714;184378089;;;;11/23/2031 00:00:00;2;14024575;18/09/2026 06:59:17;Mirko;Hernandez;;;;;;Mirko Hernandez;
14252138;18/09/2026 07:06:31;3;2;0001  215447-1;05;CAMIONETA EXP 4;2094851;"TR22    ";"TRITONIC S.A.S.                                   ";ESPAÑA 361;951531;"20-146N        ";20-146N - MONOCOMANDO DE COCINA BLACK LINEA MOVE;2;2;2;23501189;170926215917714;184377801;;;;07/30/2031 00:00:00;2;14024575;18/09/2026 06:59:17;Mirko;Hernandez;;;;;;Mirko Hernandez;
14252138;18/09/2026 07:06:31;3;2;0001  215447-1;05;CAMIONETA EXP 4;2094851;"TR22    ";"TRITONIC S.A.S.                                   ";ESPAÑA 361;951553;"20-184         ";"MONOCOMANDO DE COCINA CR SUV                                          ";6;6;6;23501189;170926215917714;184472464;;;;10/04/2031 00:00:00;1;14024575;18/09/2026 06:59:17;Mirko;Hernandez;;;;;;Mirko Hernandez;
14252138;18/09/2026 07:06:31;3;2;0001  215447-1;05;CAMIONETA EXP 4;2094851;"TR22    ";"TRITONIC S.A.S.                                   ";ESPAÑA 361;953109;"80-166         ";"DUCHA EMB. C/TRANSF. CR C.CERAM ADRA PLUS                             ";3;3;3;23501313;170926220331902;184355472;;;;01/19/2032 00:00:00;3;14024598;18/09/2026 07:03:31;Mirko;Hernandez;;;;;;Mirko Hernandez;
14252138;18/09/2026 07:06:31;3;2;0001  215447-1;05;CAMIONETA EXP 4;2094851;"TR22    ";"TRITONIC S.A.S.                                   ";ESPAÑA 361;953110;"80-166N        ";80-166N - DUCHA EMB. C/TRANSF. BLACK C.CERAM ADRA PLUS;1;1;1;23501313;170926220331902;184363348;;;;01/12/2032 00:00:00;1;14024598;18/09/2026 07:03:31;Mirko;Hernandez;;;;;;Mirko Hernandez;
14252138;18/09/2026 07:06:31;3;2;0001  215447-1;05;CAMIONETA EXP 4;2094851;"TR22    ";"TRITONIC S.A.S.                                   ";ESPAÑA 361;952913;"70-162N        ";70-162N - BIDE BLACK C.CERAM LINEA ADRA;1;1;1;23501342;170926220439849;184363192;;;;02/16/2032 00:00:00;1;14024605;18/09/2026 07:04:39;Mirko;Hernandez;;;;;;Mirko Hernandez;
14252138;18/09/2026 07:06:31;3;2;0001  215447-1;05;CAMIONETA EXP 4;2094851;"TR22    ";"TRITONIC S.A.S.                                   ";ESPAÑA 361;952912;"70-162         ";70-162 - BIDE CR C.CERAM LINEA ADRA;3;3;3;23501342;170926220439849;184473023;;;;07/29/2031 00:00:00;1;14024605;18/09/2026 07:04:39;Mirko;Hernandez;;;;;;Mirko Hernandez;
14252138;18/09/2026 07:06:31;3;2;0001  215447-1;05;CAMIONETA EXP 4;2094851;"TR22    ";"TRITONIC S.A.S.                                   ";ESPAÑA 361;952888;"70-122         ";70-122 - BIDE C.CERAM CR VALENCIA;1;1;1;23501342;170926220439849;184362561;;;;10/26/2031 00:00:00;1;14024605;18/09/2026 07:04:39;Mirko;Hernandez;;;;;;Mirko Hernandez;
14252138;18/09/2026 07:06:31;3;2;0001  215447-1;05;CAMIONETA EXP 4;2094851;"TR22    ";"TRITONIC S.A.S.                                   ";ESPAÑA 361;952635;"60-162N        ";60-162N - LAVATORIO BLACK C.CERAM LINEA ADRA;1;1;1;23501342;170926220439849;184360836;;;;11/03/2031 00:00:00;1;14024605;18/09/2026 07:04:39;Mirko;Hernandez;;;;;;Mirko Hernandez;
14252138;18/09/2026 07:06:31;3;2;0001  215447-1;05;CAMIONETA EXP 4;2094851;"TR22    ";"TRITONIC S.A.S.                                   ";ESPAÑA 361;952634;"60-162         ";60-162 - LAVATORIO CR C.CERAM LINEA ADRA;3;3;3;23501342;170926220439849;184356593;;;;07/29/2031 00:00:00;3;14024605;18/09/2026 07:04:39;Mirko;Hernandez;;;;;;Mirko Hernandez;
14252138;18/09/2026 07:06:31;3;2;0001  215447-1;05;CAMIONETA EXP 4;2094851;"TR22    ";"TRITONIC S.A.S.                                   ";ESPAÑA 361;952610;"60-122         ";60-122 - LAVATORIO C.CERAM CR VALENCIA;1;1;1;23501342;170926220439849;184361646;;;;12/10/2031 00:00:00;1;14024605;18/09/2026 07:04:39;Mirko;Hernandez;;;;;;Mirko Hernandez;
14252138;18/09/2026 07:06:31;3;2;0001  215447-1;05;CAMIONETA EXP 4;2094851;"TR22    ";"TRITONIC S.A.S.                                   ";ESPAÑA 361;952582;"60-057         ";60-057 - LAVATORIO C.STD VERIN PLUS;2;2;2;23501342;170926220439849;184354448;;;;01/31/2032 00:00:00;2;14024605;18/09/2026 07:04:39;Mirko;Hernandez;;;;;;Mirko Hernandez;
14252138;18/09/2026 07:06:31;3;2;0001  215447-1;05;CAMIONETA EXP 4;2094851;"TR22    ";"TRITONIC S.A.S.                                   ";ESPAÑA 361;953091;"80-138         ";80-138 - DUCHA EMB. C/TRANSF. CR C.CERAM VALENCIA PLUS;1;1;1;23501373;170926220532233;184353834;;;;01/14/2032 00:00:00;1;14024611;18/09/2026 07:05:32;Mirko;Hernandez;;;;;;Mirko Hernandez;
14252139;18/09/2026 07:07:33;3;2;0001  215328-1;05;CAMIONETA EXP 4;2092869;"HG08    ";"HEINZE GABRIEL ESTEBAN                            ";AV. ALEM 1915;951794;"3010           ";3010 - TOALLERO BARRAL LINEA 3000;5;5;5;23500428;180926070733328;184469400;;;;07/29/2031 00:00:00;5;14024516;18/09/2026 07:07:33;Maximiliano;Nievas;24773974;18/09/2026 06:24:55;7636;Kevin;Arce;Maximiliano Nievas;Kevin Arce
14252139;18/09/2026 07:07:33;3;2;0001  215328-1;05;CAMIONETA EXP 4;2092869;"HG08    ";"HEINZE GABRIEL ESTEBAN                            ";AV. ALEM 1915;951099;"11010          ";"TOALLERO BARRAL LINEA 11000                                           ";6;6;6;23500428;180926070733328;184469044;;;;07/27/2031 00:00:00;6;14024516;18/09/2026 07:07:33;Maximiliano;Nievas;24773974;18/09/2026 06:24:55;7636;Kevin;Arce;Maximiliano Nievas;Kevin Arce
14252139;18/09/2026 07:07:33;3;2;0001  215328-1;05;CAMIONETA EXP 4;2092869;"HG08    ";"HEINZE GABRIEL ESTEBAN                            ";AV. ALEM 1915;953056;"8005           ";8005 - SET DE 5 PIEZAS LINEA 8000;6;6;6;23501002;180926064922597;184469695;;;;07/27/2031 00:00:00;6;14024517;18/09/2026 06:49:22;Maximiliano;Nievas;;;;;;Maximiliano Nievas;
14252139;18/09/2026 07:07:33;3;2;0001  215328-1;05;CAMIONETA EXP 4;2092869;"HG08    ";"HEINZE GABRIEL ESTEBAN                            ";AV. ALEM 1915;951103;"11050          ";"JABONERA LINEA 11000                                                  ";5;5;5;23501041;180926065049181;184468860;;;;07/28/2031 00:00:00;5;14024529;18/09/2026 06:50:49;Maximiliano;Nievas;;;;;;Maximiliano Nievas;
14252139;18/09/2026 07:07:33;3;2;0001  215328-1;05;CAMIONETA EXP 4;2092869;"HG08    ";"HEINZE GABRIEL ESTEBAN                            ";AV. ALEM 1915;951102;"11040          ";"PORTA ROLLO LINEA 11000                                               ";5;5;5;23501041;180926065049181;184469004;;;;07/27/2031 00:00:00;5;14024529;18/09/2026 06:50:49;Maximiliano;Nievas;;;;;;Maximiliano Nievas;
14252139;18/09/2026 07:07:33;3;2;0001  215328-1;05;CAMIONETA EXP 4;2092869;"HG08    ";"HEINZE GABRIEL ESTEBAN                            ";AV. ALEM 1915;951748;"3006           ";3006 - SET DE 6 PIEZAS LINEA 3000;10;10;10;23501077;180926065248990;184469557;;;;07/29/2031 00:00:00;10;14024543;18/09/2026 06:52:48;Maximiliano;Nievas;;;;;;Maximiliano Nievas;
14252139;18/09/2026 07:07:33;3;2;0001  215328-1;05;CAMIONETA EXP 4;2092869;"HG08    ";"HEINZE GABRIEL ESTEBAN                            ";AV. ALEM 1915;951975;"3040           ";3040 - PORTA ROLLO LINEA 3000;6;6;6;23501146;180926065637663;184469203;;;;07/27/2031 00:00:00;6;14024565;18/09/2026 06:56:37;Maximiliano;Nievas;;;;;;Maximiliano Nievas;
14252139;18/09/2026 07:07:33;3;2;0001  215328-1;05;CAMIONETA EXP 4;2092869;"HG08    ";"HEINZE GABRIEL ESTEBAN                            ";AV. ALEM 1915;951101;"11030          ";"PERCHA LINEA 11000                                                    ";6;6;6;23501146;180926065637663;184468942;;;;07/28/2031 00:00:00;6;14024565;18/09/2026 06:56:37;Maximiliano;Nievas;;;;;;Maximiliano Nievas;
14252139;18/09/2026 07:07:33;3;2;0001  215328-1;05;CAMIONETA EXP 4;2092869;"HG08    ";"HEINZE GABRIEL ESTEBAN                            ";AV. ALEM 1915;951104;"11060          ";"PORTA VASO Y CEPILLO LINEA 11000                                      ";5;5;5;23501146;180926065637663;184468875;;;;07/28/2031 00:00:00;5;14024565;18/09/2026 06:56:37;Maximiliano;Nievas;;;;;;Maximiliano Nievas;
14252139;18/09/2026 07:07:33;3;2;0001  215328-1;05;CAMIONETA EXP 4;2092869;"HG08    ";"HEINZE GABRIEL ESTEBAN                            ";AV. ALEM 1915;951961;"3030           ";3030 - PERCHA LINEA 3000;10;10;10;23501300;180926070302143;184469316;;;;08/27/2031 00:00:00;10;14024595;18/09/2026 07:03:02;Maximiliano;Nievas;;;;;;Maximiliano Nievas;
14252139;18/09/2026 07:07:33;3;2;0001  215328-1;05;CAMIONETA EXP 4;2092869;"HG08    ";"HEINZE GABRIEL ESTEBAN                            ";AV. ALEM 1915;951983;"3050           ";3050 - JABONERA LINEA 3000;10;10;10;23501300;180926070302143;184469145;;;;07/27/2031 00:00:00;10;14024595;18/09/2026 07:03:02;Maximiliano;Nievas;;;;;;Maximiliano Nievas;
14252140;17/09/2026 16:32:11;3;2;0001  215331-1;05;CAMIONETA EXP 4;2091989;"CV16    ";"CLERICO VICTORY NANNI SILVIA S.H.                 ";CORONEL LAGOS 545;952488;"54-002         ";54-002 - COCINA PARED EXT. P.BAJO RENACER;2;2;2;23486264;170926163137184;184358965;;;;07/31/2031 00:00:00;2;14020659;17/09/2026 16:31:37;Tiago;Rodriguez;24759927;17/09/2026 14:33:12;6922;Franco;Potenza;Tiago Rodriguez;Franco Potenza
14252140;17/09/2026 16:32:11;3;2;0001  215331-1;05;CAMIONETA EXP 4;2091989;"CV16    ";"CLERICO VICTORY NANNI SILVIA S.H.                 ";CORONEL LAGOS 545;952726;"61-203         ";61-203 - LAVATORIO MONOCOMANDO ALTO ADRA;2;2;2;23486264;170926163137184;184360184;;;;02/22/2032 00:00:00;2;14020659;17/09/2026 16:31:37;Tiago;Rodriguez;24759927;17/09/2026 14:33:12;6922;Franco;Potenza;Tiago Rodriguez;Franco Potenza
14252140;17/09/2026 16:32:11;3;2;0001  215331-1;05;CAMIONETA EXP 4;2091989;"CV16    ";"CLERICO VICTORY NANNI SILVIA S.H.                 ";CORONEL LAGOS 545;952954;"70-203         ";70-203 - BIDE MONOCOMANDO ADRA;2;2;2;23489878;170926163208959;184385911;;;;07/30/2031 00:00:00;2;14020696;17/09/2026 16:32:08;Tiago;Rodriguez;24763550;17/09/2026 15:17:12;6419;Tiago;Rodriguez;Tiago Rodriguez;Tiago Rodriguez
14252140;17/09/2026 16:32:11;3;2;0001  215331-1;05;CAMIONETA EXP 4;2091989;"CV16    ";"CLERICO VICTORY NANNI SILVIA S.H.                 ";CORONEL LAGOS 545;953159;"80-203P        ";80-203P - DUCHA EMB C/TRANSF. MONOCOMANDO ADRA PLUS;1;1;1;23489878;170926163208959;184385712;;;;07/28/2031 00:00:00;1;14020696;17/09/2026 16:32:08;Tiago;Rodriguez;24763550;17/09/2026 15:17:12;6419;Tiago;Rodriguez;Tiago Rodriguez;Tiago Rodriguez
14252140;17/09/2026 16:32:11;3;2;0001  215331-1;05;CAMIONETA EXP 4;2091989;"CV16    ";"CLERICO VICTORY NANNI SILVIA S.H.                 ";CORONEL LAGOS 545;953059;"80-057         ";80-057 - DUCHA EMB. C/TRANSF. C.STD VERIN PLUS;2;2;2;23494578;170926163110173;184354636;;;;02/08/2032 00:00:00;2;14020668;17/09/2026 16:31:10;Tiago;Rodriguez;;;;;;Tiago Rodriguez;
14252140;17/09/2026 16:32:11;3;2;0001  215331-1;05;CAMIONETA EXP 4;2091989;"CV16    ";"CLERICO VICTORY NANNI SILVIA S.H.                 ";CORONEL LAGOS 545;952471;"53-002         ";53-002 - COCINA PARED EXT. P.ALTO RENACER;2;2;2;23494578;170926163110173;184357308;;;;07/29/2031 00:00:00;2;14020668;17/09/2026 16:31:10;Tiago;Rodriguez;;;;;;Tiago Rodriguez;
14252140;17/09/2026 16:32:11;3;2;0001  215331-1;05;CAMIONETA EXP 4;2091989;"CV16    ";"CLERICO VICTORY NANNI SILVIA S.H.                 ";CORONEL LAGOS 545;952504;"55-002         ";55-002 - COCINA P/PARED EMB P.ALTO RENACER;2;2;2;23494578;170926163110173;184357172;;;;07/31/2031 00:00:00;2;14020668;17/09/2026 16:31:10;Tiago;Rodriguez;;;;;;Tiago Rodriguez;
14252140;17/09/2026 16:32:11;3;2;0001  215331-1;05;CAMIONETA EXP 4;2091989;"CV16    ";"CLERICO VICTORY NANNI SILVIA S.H.                 ";CORONEL LAGOS 545;952677;"60-203         ";60-203 - LAVATORIO MONOCOMANDO BAJO ADRA;2;2;2;23494578;170926163110173;184360390;;;;03/02/2032 00:00:00;2;14020668;17/09/2026 16:31:10;Tiago;Rodriguez;;;;;;Tiago Rodriguez;
14252140;17/09/2026 16:32:11;3;2;0001  215331-1;05;CAMIONETA EXP 4;2091989;"CV16    ";"CLERICO VICTORY NANNI SILVIA S.H.                 ";CORONEL LAGOS 545;952758;"62-162         ";62-162 - LAVATORIO DE PARED CR C.CERAM ADRA;2;2;2;23494578;170926163110173;184358363;;;;07/31/2031 00:00:00;2;14020668;17/09/2026 16:31:10;Tiago;Rodriguez;;;;;;Tiago Rodriguez;
14252141;17/09/2026 16:28:58;3;2;0001  215406-1;05;CAMIONETA EXP 4;2092884;"HI10    ";"HIPERCAÑO S.A.S.                                  ";BV. COLON 155;952577;"60-045         ";60-045 - LAVATORIO CR/CR C.STD CRUZ;1;1;1;23489969;170926162855799;184385049;;;;01/24/2032 00:00:00;1;14020597;17/09/2026 16:28:55;Tiago;Rodriguez;24763630;17/09/2026 15:11:28;6409;Gaston Alejandro;Kiriczuk;Tiago Rodriguez;Gaston Alejandro Kiriczuk
14252141;17/09/2026 16:28:58;3;2;0001  215406-1;05;CAMIONETA EXP 4;2092884;"HI10    ";"HIPERCAÑO S.A.S.                                  ";BV. COLON 155;952634;"60-162         ";60-162 - LAVATORIO CR C.CERAM LINEA ADRA;2;2;2;23489969;170926162855799;184383879;;;;07/29/2031 00:00:00;2;14020597;17/09/2026 16:28:55;Tiago;Rodriguez;24763630;17/09/2026 15:11:28;6409;Gaston Alejandro;Kiriczuk;Tiago Rodriguez;Gaston Alejandro Kiriczuk
14252141;17/09/2026 16:28:58;3;2;0001  215406-1;05;CAMIONETA EXP 4;2092884;"HI10    ";"HIPERCAÑO S.A.S.                                  ";BV. COLON 155;952677;"60-203         ";60-203 - LAVATORIO MONOCOMANDO BAJO ADRA;1;1;1;23489969;170926162855799;184384811;;;;03/02/2032 00:00:00;1;14020597;17/09/2026 16:28:55;Tiago;Rodriguez;24763630;17/09/2026 15:11:28;6409;Gaston Alejandro;Kiriczuk;Tiago Rodriguez;Gaston Alejandro Kiriczuk
14252141;17/09/2026 16:28:58;3;2;0001  215406-1;05;CAMIONETA EXP 4;2092884;"HI10    ";"HIPERCAÑO S.A.S.                                  ";BV. COLON 155;952912;"70-162         ";70-162 - BIDE CR C.CERAM LINEA ADRA;1;1;1;23489969;170926162855799;184383365;;;;07/29/2031 00:00:00;1;14020597;17/09/2026 16:28:55;Tiago;Rodriguez;24763630;17/09/2026 15:11:28;6409;Gaston Alejandro;Kiriczuk;Tiago Rodriguez;Gaston Alejandro Kiriczuk
14252142;18/09/2026 06:46:20;3;2;0001  215457-1;05;CAMIONETA EXP 4;2093013;"JA06    ";"JACOR S.R.L. -VIALCOR                             ";JUAN PUJOL 2200;952714;"61-180         ";61-180 - LAVATORIO MONOCOMANDO ALTO VERA;1;1;1;23494236;180926064617538;184417196;;;;07/28/2031 00:00:00;1;14024490;18/09/2026 06:46:17;Maximiliano;Nievas;24767946;17/09/2026 16:38:21;6409;Gaston Alejandro;Kiriczuk;Maximiliano Nievas;Gaston Alejandro Kiriczuk
14252142;18/09/2026 06:46:20;3;2;0001  215457-1;05;CAMIONETA EXP 4;2093013;"JA06    ";"JACOR S.R.L. -VIALCOR                             ";JUAN PUJOL 2200;953318;"83-180         ";83-180 - DUCHA EXT. C/TRANSF. MONOCOMANDO VERA;1;1;1;23494236;180926064617538;184417006;;;;07/27/2031 00:00:00;1;14024490;18/09/2026 06:46:17;Maximiliano;Nievas;24767946;17/09/2026 16:38:21;6409;Gaston Alejandro;Kiriczuk;Maximiliano Nievas;Gaston Alejandro Kiriczuk
14252142;18/09/2026 06:46:20;3;2;0001  215457-1;05;CAMIONETA EXP 4;2093013;"JA06    ";"JACOR S.R.L. -VIALCOR                             ";JUAN PUJOL 2200;952650;"60-180         ";60-180 - LAVATORIO MONOCOMANDO BAJO VERA;1;1;1;23494236;180926064617538;184417265;;;;07/28/2031 00:00:00;1;14024490;18/09/2026 06:46:17;Maximiliano;Nievas;24767946;17/09/2026 16:38:21;6409;Gaston Alejandro;Kiriczuk;Maximiliano Nievas;Gaston Alejandro Kiriczuk
14252143;17/09/2026 15:50:29;3;2;0001  215458-1;05;CAMIONETA EXP 4;2094249;"RS15    ";"ROSSI SANTIAGO                                    ";25 DE MAYO 1226;952438;"51-058         ";51-058 - COCINA MESADA CR C.STD MALBA;10;10;10;23489970;170926155028414;184382834;;;;10/19/2031 00:00:00;10;14019300;17/09/2026 15:50:28;Maximiliano;Nievas;24763630;17/09/2026 15:11:28;6409;Gaston Alejandro;Kiriczuk;Maximiliano Nievas;Gaston Alejandro Kiriczuk
14252144;18/09/2026 07:33:55;3;2;0001  215460-1;05;CAMIONETA EXP 4;2094532;"SM02    ";"SEVILLANO MATERIALES Y SERVICIOS                  ";ROSALES 461;952647;"60-176         ";"LAVATORIO MONOCOMANDO BAJO CR RIO                                     ";2;2;2;23489879;180926073354269;184385400;;;;10/11/2031 00:00:00;2;14024940;18/09/2026 07:33:54;Gustavo;Soderquvist;24763550;17/09/2026 15:17:12;6419;Tiago;Rodriguez;Gustavo Soderquvist;Tiago Rodriguez
14252144;18/09/2026 07:33:55;3;2;0001  215460-1;05;CAMIONETA EXP 4;2094532;"SM02    ";"SEVILLANO MATERIALES Y SERVICIOS                  ";ROSALES 461;952712;"61-176         ";61-176 - LAVATORIO MONOC ALTO CR RIO;2;2;2;23489879;180926073354269;184385056;;;;10/11/2031 00:00:00;2;14024940;18/09/2026 07:33:54;Gustavo;Soderquvist;24763550;17/09/2026 15:17:12;6419;Tiago;Rodriguez;Gustavo Soderquvist;Tiago Rodriguez
14252144;18/09/2026 07:33:55;3;2;0001  215460-1;05;CAMIONETA EXP 4;2094532;"SM02    ";"SEVILLANO MATERIALES Y SERVICIOS                  ";ROSALES 461;954902;"BCH02          ";BCH02 - BACHA DE APOYAR CIRCULAR 1 AG. 415x145;2;2;2;23490918;180926070930341;184390387;;;;07/27/2031 00:00:00;2;14024645;18/09/2026 07:09:30;Gustavo;Soderquvist;24764568;17/09/2026 15:38:54;7839;Claudio;Juarez;Gustavo Soderquvist;Claudio Juarez
14252144;18/09/2026 07:33:55;3;2;0001  215460-1;05;CAMIONETA EXP 4;2094532;"SM02    ";"SEVILLANO MATERIALES Y SERVICIOS                  ";ROSALES 461;954901;"BCH01          ";BCH01 - BACHA DE APOYAR CIRCULAR 320x145;2;2;2;23490918;180926070930341;184392296;;;;07/28/2031 00:00:00;2;14024645;18/09/2026 07:09:30;Gustavo;Soderquvist;24764568;17/09/2026 15:38:54;7839;Claudio;Juarez;Gustavo Soderquvist;Claudio Juarez
14252145;18/09/2026 07:36:12;3;2;0001  215489-1;05;CAMIONETA EXP 4;2093321;"MA35    ";"MAYJO S.R.L. -SANITARIOS LITORAL                  ";PELLEGRINI 928;952541;"60-001N        ";"60-001N - LAVATORIO ""CROMO Y""";2;2;2;23486265;180926073036395;184365623;;;;02/01/2032 00:00:00;1;14024882;18/09/2026 07:30:36;Maximiliano;Nievas;24759927;17/09/2026 14:33:12;6922;Franco;Potenza;Maximiliano Nievas;Franco Potenza
14252145;18/09/2026 07:36:12;3;2;0001  215489-1;05;CAMIONETA EXP 4;2093321;"MA35    ";"MAYJO S.R.L. -SANITARIOS LITORAL                  ";PELLEGRINI 928;952610;"60-122         ";60-122 - LAVATORIO C.CERAM CR VALENCIA;2;2;2;23486265;180926073036395;184361865;;;;12/10/2031 00:00:00;1;14024882;18/09/2026 07:30:36;Maximiliano;Nievas;24759927;17/09/2026 14:33:12;6922;Franco;Potenza;Maximiliano Nievas;Franco Potenza
14252145;18/09/2026 07:36:12;3;2;0001  215489-1;05;CAMIONETA EXP 4;2093321;"MA35    ";"MAYJO S.R.L. -SANITARIOS LITORAL                  ";PELLEGRINI 928;952634;"60-162         ";60-162 - LAVATORIO CR C.CERAM LINEA ADRA;1;1;1;23486265;180926073036395;184356722;;;;07/29/2031 00:00:00;1;14024882;18/09/2026 07:30:36;Maximiliano;Nievas;24759927;17/09/2026 14:33:12;6922;Franco;Potenza;Maximiliano Nievas;Franco Potenza
14252145;18/09/2026 07:36:12;3;2;0001  215489-1;05;CAMIONETA EXP 4;2093321;"MA35    ";"MAYJO S.R.L. -SANITARIOS LITORAL                  ";PELLEGRINI 928;952739;"62-100C        ";62-100C - LAVATORIO DE PARED CR C.CERAM FABRIC;1;1;1;23486265;180926073036395;184365358;;;;07/31/2031 00:00:00;1;14024882;18/09/2026 07:30:36;Maximiliano;Nievas;24759927;17/09/2026 14:33:12;6922;Franco;Potenza;Maximiliano Nievas;Franco Potenza
14252145;18/09/2026 07:36:12;3;2;0001  215489-1;05;CAMIONETA EXP 4;2093321;"MA35    ";"MAYJO S.R.L. -SANITARIOS LITORAL                  ";PELLEGRINI 928;952912;"70-162         ";70-162 - BIDE CR C.CERAM LINEA ADRA;1;1;1;23486265;180926073036395;184356123;;;;07/29/2031 00:00:00;1;14024882;18/09/2026 07:30:36;Maximiliano;Nievas;24759927;17/09/2026 14:33:12;6922;Franco;Potenza;Maximiliano Nievas;Franco Potenza
14252145;18/09/2026 07:36:12;3;2;0001  215489-1;05;CAMIONETA EXP 4;2093321;"MA35    ";"MAYJO S.R.L. -SANITARIOS LITORAL                  ";PELLEGRINI 928;951032;"10060CR        ";"PORTA VASO Y CEPILLOS LINEA 10000 MINIMALISTA                         ";5;5;5;23489880;180926073611559;184383246;;;;07/31/2031 00:00:00;5;14024920;18/09/2026 07:36:11;Maximiliano;Nievas;24763550;17/09/2026 15:17:12;6419;Tiago;Rodriguez;Maximiliano Nievas;Tiago Rodriguez
14252145;18/09/2026 07:36:12;3;2;0001  215489-1;05;CAMIONETA EXP 4;2093321;"MA35    ";"MAYJO S.R.L. -SANITARIOS LITORAL                  ";PELLEGRINI 928;951018;"10040CR        ";"PORTA ROLLO LINEA 10000 MINIMALISTA                                   ";5;5;5;23489880;180926073611559;184382735;;;;12/28/2031 00:00:00;5;14024920;18/09/2026 07:36:11;Maximiliano;Nievas;24763550;17/09/2026 15:17:12;6419;Tiago;Rodriguez;Maximiliano Nievas;Tiago Rodriguez
14252145;18/09/2026 07:36:12;3;2;0001  215489-1;05;CAMIONETA EXP 4;2093321;"MA35    ";"MAYJO S.R.L. -SANITARIOS LITORAL                  ";PELLEGRINI 928;953312;"83-133         ";83-133 - DUCHA EXT. C/TRANSF. MONOCOMANDO LUGO;3;3;3;23489880;180926073611559;184386993;;;;09/03/2031 00:00:00;3;14024920;18/09/2026 07:36:11;Maximiliano;Nievas;24763550;17/09/2026 15:17:12;6419;Tiago;Rodriguez;Maximiliano Nievas;Tiago Rodriguez
14252145;18/09/2026 07:36:12;3;2;0001  215489-1;05;CAMIONETA EXP 4;2093321;"MA35    ";"MAYJO S.R.L. -SANITARIOS LITORAL                  ";PELLEGRINI 928;952888;"70-122         ";70-122 - BIDE C.CERAM CR VALENCIA;1;1;1;23502045;180926073010698;184362723;;;;10/26/2031 00:00:00;1;14024902;18/09/2026 07:30:10;Maximiliano;Nievas;;;;;;Maximiliano Nievas;
14252145;18/09/2026 07:36:12;3;2;0001  215489-1;05;CAMIONETA EXP 4;2093321;"MA35    ";"MAYJO S.R.L. -SANITARIOS LITORAL                  ";PELLEGRINI 928;952873;"70-100C        ";70-100C - BIDE CR C.CERAM FABRIC;1;1;1;23502045;180926073010698;184364898;;;;07/31/2031 00:00:00;1;14024902;18/09/2026 07:30:10;Maximiliano;Nievas;;;;;;Maximiliano Nievas;
14252145;18/09/2026 07:36:12;3;2;0001  215489-1;05;CAMIONETA EXP 4;2093321;"MA35    ";"MAYJO S.R.L. -SANITARIOS LITORAL                  ";PELLEGRINI 928;953083;"80-122         ";80-122 - DUCHA EMB.C/TRANSF. C.CERAM CR VALENCIA;1;1;1;23502045;180926073010698;184362905;;;;07/31/2031 00:00:00;1;14024902;18/09/2026 07:30:10;Maximiliano;Nievas;;;;;;Maximiliano Nievas;
14252145;18/09/2026 07:36:12;3;2;0001  215489-1;05;CAMIONETA EXP 4;2093321;"MA35    ";"MAYJO S.R.L. -SANITARIOS LITORAL                  ";PELLEGRINI 928;953070;"80-100C        ";80-100C - DUCHA EMB. C/TRANSF. CR C.CERAM FABRIC;1;1;1;23502045;180926073010698;184364724;;;;07/30/2031 00:00:00;1;14024902;18/09/2026 07:30:10;Maximiliano;Nievas;;;;;;Maximiliano Nievas;
14252145;18/09/2026 07:36:12;3;2;0001  215489-1;05;CAMIONETA EXP 4;2093321;"MA35    ";"MAYJO S.R.L. -SANITARIOS LITORAL                  ";PELLEGRINI 928;952610;"60-122         ";60-122 - LAVATORIO C.CERAM CR VALENCIA;2;2;2;23502045;180926073010698;184477729;;;;12/10/2031 00:00:00;1;14024902;18/09/2026 07:30:10;Maximiliano;Nievas;;;;;;Maximiliano Nievas;
14252145;18/09/2026 07:36:12;3;2;0001  215489-1;05;CAMIONETA EXP 4;2093321;"MA35    ";"MAYJO S.R.L. -SANITARIOS LITORAL                  ";PELLEGRINI 928;952595;"60-100C        ";60-100C - LAVATORIO CR C.CERAM FABRIC;1;1;1;23502045;180926073010698;184365030;;;;08/17/2031 00:00:00;1;14024902;18/09/2026 07:30:10;Maximiliano;Nievas;;;;;;Maximiliano Nievas;
14252145;18/09/2026 07:36:12;3;2;0001  215489-1;05;CAMIONETA EXP 4;2093321;"MA35    ";"MAYJO S.R.L. -SANITARIOS LITORAL                  ";PELLEGRINI 928;952541;"60-001N        ";"60-001N - LAVATORIO ""CROMO Y""";2;2;2;23502045;180926073010698;184477728;;;;02/01/2032 00:00:00;1;14024902;18/09/2026 07:30:10;Maximiliano;Nievas;;;;;;Maximiliano Nievas;
14252150;15/09/2026 10:44:31;3;2;0001  215466-1;06;CAMIONETA MIE 2;2092358;"ET02    ";"EL TEHUELCHE S.A.C.I.C.I.                         ";AVENIDA AMEGHINO 1250;952618;"60-133         ";60-133 - LAVATORIO MONOCOMANDO LUGO;15;15;15;23374735;150926104431273;183533366;;;;07/29/2031 00:00:00;3;13967045;15/09/2026 10:44:31;Maximiliano;Nievas;24651203;14/09/2026 13:15:05;7807;Nicolas;Perez;Maximiliano Nievas;Nicolas Perez
14252150;15/09/2026 10:44:31;3;2;0001  215466-1;06;CAMIONETA MIE 2;2092358;"ET02    ";"EL TEHUELCHE S.A.C.I.C.I.                         ";AVENIDA AMEGHINO 1250;956484;"LG02C20        ";"MONOCOMANDO COCINA CR GINEBRA                                         ";4;4;4;23374735;150926104431273;183555554;;;;07/29/2031 00:00:00;4;13967045;15/09/2026 10:44:31;Maximiliano;Nievas;24651203;14/09/2026 13:15:05;7807;Nicolas;Perez;Maximiliano Nievas;Nicolas Perez
14252150;15/09/2026 10:44:31;3;2;0001  215466-1;06;CAMIONETA MIE 2;2092358;"ET02    ";"EL TEHUELCHE S.A.C.I.C.I.                         ";AVENIDA AMEGHINO 1250;952551;"60-010         ";60-010 - LAVATORIO BL/CR LORCA;6;6;6;23379139;150926102124869;183565844;;;;12/07/2031 00:00:00;6;13966649;15/09/2026 10:21:24;Maximiliano;Nievas;24655916;14/09/2026 14:24:45;7807;Nicolas;Perez;Maximiliano Nievas;Nicolas Perez
14252150;15/09/2026 10:44:31;3;2;0001  215466-1;06;CAMIONETA MIE 2;2092358;"ET02    ";"EL TEHUELCHE S.A.C.I.C.I.                         ";AVENIDA AMEGHINO 1250;953028;"80-010         ";80-010 - DUCHA EMB. C/TRANSF. BL/CR LORCA;18;18;18;23403600;150926101149100;183752694;;;;10/12/2031 00:00:00;10;13966678;15/09/2026 10:11:49;Maximiliano;Nievas;;;;;;Maximiliano Nievas;
14252150;15/09/2026 10:44:31;3;2;0001  215466-1;06;CAMIONETA MIE 2;2092358;"ET02    ";"EL TEHUELCHE S.A.C.I.C.I.                         ";AVENIDA AMEGHINO 1250;953028;"80-010         ";80-010 - DUCHA EMB. C/TRANSF. BL/CR LORCA;18;18;18;23403728;150926101355589;183570630;;;;10/12/2031 00:00:00;8;13966749;15/09/2026 10:13:55;Maximiliano;Nievas;;;;;;Maximiliano Nievas;
14252150;15/09/2026 10:44:31;3;2;0001  215466-1;06;CAMIONETA MIE 2;2092358;"ET02    ";"EL TEHUELCHE S.A.C.I.C.I.                         ";AVENIDA AMEGHINO 1250;952577;"60-045         ";60-045 - LAVATORIO CR/CR C.STD CRUZ;2;2;2;23403728;150926101355589;183576905;;;;01/24/2032 00:00:00;2;13966749;15/09/2026 10:13:55;Maximiliano;Nievas;;;;;;Maximiliano Nievas;
14252150;15/09/2026 10:44:31;3;2;0001  215466-1;06;CAMIONETA MIE 2;2092358;"ET02    ";"EL TEHUELCHE S.A.C.I.C.I.                         ";AVENIDA AMEGHINO 1250;952426;"51-010         ";51-010 - COCINA MESADA BL/CR LORCA;10;10;10;23403811;150926101521520;183573158;;;;01/14/2032 00:00:00;10;13966794;15/09/2026 10:15:21;Maximiliano;Nievas;;;;;;Maximiliano Nievas;
14252150;15/09/2026 10:44:31;3;2;0001  215466-1;06;CAMIONETA MIE 2;2092358;"ET02    ";"EL TEHUELCHE S.A.C.I.C.I.                         ";AVENIDA AMEGHINO 1250;952583;"60-058         ";60-058 - LAVATORIO CR C.STD MALBA;4;4;4;23403989;150926101755279;183581328;;;;12/03/2031 00:00:00;4;13966884;15/09/2026 10:17:55;Maximiliano;Nievas;;;;;;Maximiliano Nievas;
14252150;15/09/2026 10:44:31;3;2;0001  215466-1;06;CAMIONETA MIE 2;2092358;"ET02    ";"EL TEHUELCHE S.A.C.I.C.I.                         ";AVENIDA AMEGHINO 1250;952831;"70-010         ";70-010 - BIDE BL/CR LORCA;14;14;14;23403989;150926101755279;183755172;;;;12/08/2031 00:00:00;4;13966884;15/09/2026 10:17:55;Maximiliano;Nievas;;;;;;Maximiliano Nievas;
14252150;15/09/2026 10:44:31;3;2;0001  215466-1;06;CAMIONETA MIE 2;2092358;"ET02    ";"EL TEHUELCHE S.A.C.I.C.I.                         ";AVENIDA AMEGHINO 1250;953032;"80-014         ";80-014 - DUCHA EMB. C/TRANSF. CR MORA STD;1;1;1;23403989;150926101755279;183572502;;;;07/29/2031 00:00:00;1;13966884;15/09/2026 10:17:55;Maximiliano;Nievas;;;;;;Maximiliano Nievas;
14252150;15/09/2026 10:44:31;3;2;0001  215466-1;06;CAMIONETA MIE 2;2092358;"ET02    ";"EL TEHUELCHE S.A.C.I.C.I.                         ";AVENIDA AMEGHINO 1250;952831;"70-010         ";70-010 - BIDE BL/CR LORCA;14;14;14;23404166;150926102110550;183569845;;;;12/08/2031 00:00:00;10;13966981;15/09/2026 10:21:10;Maximiliano;Nievas;;;;;;Maximiliano Nievas;
14252150;15/09/2026 10:44:31;3;2;0001  215466-1;06;CAMIONETA MIE 2;2092358;"ET02    ";"EL TEHUELCHE S.A.C.I.C.I.                         ";AVENIDA AMEGHINO 1250;954649;"A814           ";A814 - DUCHA C/BRAZO Y CAMPANA CR;2;2;2;23404603;150926102843817;183558854;;;;08/13/2031 00:00:00;2;13967237;15/09/2026 10:28:43;Maximiliano;Nievas;;;;;;Maximiliano Nievas;
14252150;15/09/2026 10:44:31;3;2;0001  215466-1;06;CAMIONETA MIE 2;2092358;"ET02    ";"EL TEHUELCHE S.A.C.I.C.I.                         ";AVENIDA AMEGHINO 1250;954651;"A816           ";"A816 - DUCHA 6"" C/BRAZO Y CAMPANA CR";4;4;4;23404603;150926102843817;183561441;;;;07/27/2031 00:00:00;4;13967237;15/09/2026 10:28:43;Maximiliano;Nievas;;;;;;Maximiliano Nievas;
14252150;15/09/2026 10:44:31;3;2;0001  215466-1;06;CAMIONETA MIE 2;2092358;"ET02    ";"EL TEHUELCHE S.A.C.I.C.I.                         ";AVENIDA AMEGHINO 1250;954648;"A813           ";A813 - DUCHA C/BRAZO Y CAMPANA CR 3 FUNCIONES;2;2;2;23404784;150926103138276;183558650;;;;07/27/2031 00:00:00;2;13967335;15/09/2026 10:31:38;Maximiliano;Nievas;;;;;;Maximiliano Nievas;
14252150;15/09/2026 10:44:31;3;2;0001  215466-1;06;CAMIONETA MIE 2;2092358;"ET02    ";"EL TEHUELCHE S.A.C.I.C.I.                         ";AVENIDA AMEGHINO 1250;953151;"8020           ";8020 - TOALLERO DE ARO LINEA 8000;2;2;2;23404784;150926103138276;183559663;;;;07/31/2031 00:00:00;2;13967335;15/09/2026 10:31:38;Maximiliano;Nievas;;;;;;Maximiliano Nievas;
14252150;15/09/2026 10:44:31;3;2;0001  215466-1;06;CAMIONETA MIE 2;2092358;"ET02    ";"EL TEHUELCHE S.A.C.I.C.I.                         ";AVENIDA AMEGHINO 1250;953167;"8030           ";8030 - PERCHA LINEA 8000;6;6;6;23404784;150926103138276;183560477;;;;07/29/2031 00:00:00;6;13967335;15/09/2026 10:31:38;Maximiliano;Nievas;;;;;;Maximiliano Nievas;
14252150;15/09/2026 10:44:31;3;2;0001  215466-1;06;CAMIONETA MIE 2;2092358;"ET02    ";"EL TEHUELCHE S.A.C.I.C.I.                         ";AVENIDA AMEGHINO 1250;951112;"12003          ";"SET DE 3 PIEZAS LINEA 12000                                           ";4;4;4;23404784;150926103138276;183559170;;;;08/12/2031 00:00:00;4;13967335;15/09/2026 10:31:38;Maximiliano;Nievas;;;;;;Maximiliano Nievas;
14252150;15/09/2026 10:44:31;3;2;0001  215466-1;06;CAMIONETA MIE 2;2092358;"ET02    ";"EL TEHUELCHE S.A.C.I.C.I.                         ";AVENIDA AMEGHINO 1250;951352;"1950           ";"1950 - QUEINOX MH 3/4"" x 50";10;10;10;23405057;150926103613314;183556276;;;;07/27/2031 00:00:00;10;13967488;15/09/2026 10:36:13;Maximiliano;Nievas;;;;;;Maximiliano Nievas;
14252150;15/09/2026 10:44:31;3;2;0001  215466-1;06;CAMIONETA MIE 2;2092358;"ET02    ";"EL TEHUELCHE S.A.C.I.C.I.                         ";AVENIDA AMEGHINO 1250;951193;"1370G          ";"QUEINOX GAS MH 1/2""x70 APROBADO POR IGA                               ";6;6;6;23405057;150926103613314;183555883;;;;07/31/2031 00:00:00;6;13967488;15/09/2026 10:36:13;Maximiliano;Nievas;;;;;;Maximiliano Nievas;
14252150;15/09/2026 10:44:31;3;2;0001  215466-1;06;CAMIONETA MIE 2;2092358;"ET02    ";"EL TEHUELCHE S.A.C.I.C.I.                         ";AVENIDA AMEGHINO 1250;951190;"1360G          ";"QUEINOX GAS MH 1/2""x60 APROBADO POR IGA                               ";6;6;6;23405057;150926103613314;183556392;;;;07/27/2031 00:00:00;6;13967488;15/09/2026 10:36:13;Maximiliano;Nievas;;;;;;Maximiliano Nievas;
14252150;15/09/2026 10:44:31;3;2;0001  215466-1;06;CAMIONETA MIE 2;2092358;"ET02    ";"EL TEHUELCHE S.A.C.I.C.I.                         ";AVENIDA AMEGHINO 1250;951146;"1320           ";"QUEINOX MACHO MOVIL MH 1/2"" x 20                                      ";6;6;6;23405057;150926103613314;183556582;;;;11/19/2031 00:00:00;6;13967488;15/09/2026 10:36:13;Maximiliano;Nievas;;;;;;Maximiliano Nievas;
14252150;15/09/2026 10:44:31;3;2;0001  215466-1;06;CAMIONETA MIE 2;2092358;"ET02    ";"EL TEHUELCHE S.A.C.I.C.I.                         ";AVENIDA AMEGHINO 1250;951145;"13150G         ";"QUEINOX GAS MH 1/2""x150 APROBADO POR IGA                              ";2;2;2;23405057;150926103613314;183556826;;;;07/31/2031 00:00:00;2;13967488;15/09/2026 10:36:13;Maximiliano;Nievas;;;;;;Maximiliano Nievas;
14252150;15/09/2026 10:44:31;3;2;0001  215466-1;06;CAMIONETA MIE 2;2092358;"ET02    ";"EL TEHUELCHE S.A.C.I.C.I.                         ";AVENIDA AMEGHINO 1250;953182;"8040           ";8040 - PORTA ROLLO LINEA 8000;10;10;10;23405133;150926103723075;183560073;;;;08/12/2031 00:00:00;10;13967532;15/09/2026 10:37:23;Maximiliano;Nievas;;;;;;Maximiliano Nievas;
14252150;15/09/2026 10:44:31;3;2;0001  215466-1;06;CAMIONETA MIE 2;2092358;"ET02    ";"EL TEHUELCHE S.A.C.I.C.I.                         ";AVENIDA AMEGHINO 1250;953312;"83-133         ";83-133 - DUCHA EXT. C/TRANSF. MONOCOMANDO LUGO;10;10;10;23405251;150926103955013;183534080;;;;09/03/2031 00:00:00;10;13967618;15/09/2026 10:39:55;Maximiliano;Nievas;;;;;;Maximiliano Nievas;
14252150;15/09/2026 10:44:31;3;2;0001  215466-1;06;CAMIONETA MIE 2;2092358;"ET02    ";"EL TEHUELCHE S.A.C.I.C.I.                         ";AVENIDA AMEGHINO 1250;951535;"20-160         ";20-160 - MONOCOMANDO MESADA COCINA DIQUE;12;12;12;23405296;150926104054351;183536332;;;;07/28/2031 00:00:00;12;13967652;15/09/2026 10:40:54;Maximiliano;Nievas;;;;;;Maximiliano Nievas;
14252150;15/09/2026 10:44:31;3;2;0001  215466-1;06;CAMIONETA MIE 2;2092358;"ET02    ";"EL TEHUELCHE S.A.C.I.C.I.                         ";AVENIDA AMEGHINO 1250;952618;"60-133         ";60-133 - LAVATORIO MONOCOMANDO LUGO;15;15;15;23405341;150926104144364;183764444;;;;07/29/2031 00:00:00;12;13967675;15/09/2026 10:41:44;Maximiliano;Nievas;;;;;;Maximiliano Nievas;
14252150;15/09/2026 10:44:31;3;2;0001  215466-1;06;CAMIONETA MIE 2;2092358;"ET02    ";"EL TEHUELCHE S.A.C.I.C.I.                         ";AVENIDA AMEGHINO 1250;951116;"12006          ";"SET DE 6 PIEZAS LINEA 12000                                           ";4;4;4;23405373;150926104233406;183532576;;;;07/30/2031 00:00:00;4;13967695;15/09/2026 10:42:33;Maximiliano;Nievas;;;;;;Maximiliano Nievas;
14252150;15/09/2026 10:44:31;3;2;0001  215466-1;06;CAMIONETA MIE 2;2092358;"ET02    ";"EL TEHUELCHE S.A.C.I.C.I.                         ";AVENIDA AMEGHINO 1250;956487;"LG02N20        ";"MONOCOMANDO COCINA BLACK GINEBRA                                      ";4;4;4;23405422;150926104326730;183555058;;;;07/30/2031 00:00:00;4;13967726;15/09/2026 10:43:26;Maximiliano;Nievas;;;;;;Maximiliano Nievas;
14252150;15/09/2026 10:44:31;3;2;0001  215466-1;06;CAMIONETA MIE 2;2092358;"ET02    ";"EL TEHUELCHE S.A.C.I.C.I.                         ";AVENIDA AMEGHINO 1250;956482;"LG01C20        ";LG01C20 - MONOCOMANDO COCINA CR LUCERNA;4;4;4;23405422;150926104326730;183554403;;;;07/29/2031 00:00:00;4;13967726;15/09/2026 10:43:26;Maximiliano;Nievas;;;;;;Maximiliano Nievas;
14252151;15/09/2026 13:19:50;3;2;0001  215471-1;06;CAMIONETA MIE 2;2092358;"ET02    ";"EL TEHUELCHE S.A.C.I.C.I.                         ";AV. GUEMES 252;951548;"20-179         ";20-179 - MONOCOMANDO DE COCINA LARA;4;4;4;23377725;150926131949302;183567907;;;;07/27/2031 00:00:00;4;13965107;15/09/2026 13:19:49;Gustavo;Soderquvist;24654350;14/09/2026 13:36:45;6922;Franco;Potenza;Gustavo Soderquvist;Franco Potenza
14252151;15/09/2026 13:19:50;3;2;0001  215471-1;06;CAMIONETA MIE 2;2092358;"ET02    ";"EL TEHUELCHE S.A.C.I.C.I.                         ";AV. GUEMES 252;952618;"60-133         ";60-133 - LAVATORIO MONOCOMANDO LUGO;2;2;2;23377725;150926131949302;183555007;;;;07/29/2031 00:00:00;2;13965107;15/09/2026 13:19:49;Gustavo;Soderquvist;24654350;14/09/2026 13:36:45;6922;Franco;Potenza;Gustavo Soderquvist;Franco Potenza
14252151;15/09/2026 13:19:50;3;2;0001  215471-1;06;CAMIONETA MIE 2;2092358;"ET02    ";"EL TEHUELCHE S.A.C.I.C.I.                         ";AV. GUEMES 252;953167;"8030           ";8030 - PERCHA LINEA 8000;6;6;6;23377725;150926131949302;183566888;;;;07/29/2031 00:00:00;6;13965107;15/09/2026 13:19:49;Gustavo;Soderquvist;24654350;14/09/2026 13:36:45;6922;Franco;Potenza;Gustavo Soderquvist;Franco Potenza
14252151;15/09/2026 13:19:50;3;2;0001  215471-1;06;CAMIONETA MIE 2;2092358;"ET02    ";"EL TEHUELCHE S.A.C.I.C.I.                         ";AV. GUEMES 252;953182;"8040           ";8040 - PORTA ROLLO LINEA 8000;6;6;6;23377725;150926131949302;183566282;;;;08/12/2031 00:00:00;6;13965107;15/09/2026 13:19:49;Gustavo;Soderquvist;24654350;14/09/2026 13:36:45;6922;Franco;Potenza;Gustavo Soderquvist;Franco Potenza
14252151;15/09/2026 13:19:50;3;2;0001  215471-1;06;CAMIONETA MIE 2;2092358;"ET02    ";"EL TEHUELCHE S.A.C.I.C.I.                         ";AV. GUEMES 252;953312;"83-133         ";83-133 - DUCHA EXT. C/TRANSF. MONOCOMANDO LUGO;4;4;4;23377725;150926131949302;183555521;;;;09/03/2031 00:00:00;4;13965107;15/09/2026 13:19:49;Gustavo;Soderquvist;24654350;14/09/2026 13:36:45;6922;Franco;Potenza;Gustavo Soderquvist;Franco Potenza
14252151;15/09/2026 13:19:50;3;2;0001  215471-1;06;CAMIONETA MIE 2;2092358;"ET02    ";"EL TEHUELCHE S.A.C.I.C.I.                         ";AV. GUEMES 252;953595;"A017           ";A017 - DUCHADOR CROMO C/BLISTER;2;2;2;23377725;150926131949302;183565557;;;;07/29/2031 00:00:00;2;13965107;15/09/2026 13:19:49;Gustavo;Soderquvist;24654350;14/09/2026 13:36:45;6922;Franco;Potenza;Gustavo Soderquvist;Franco Potenza
14252151;15/09/2026 13:19:50;3;2;0001  215471-1;06;CAMIONETA MIE 2;2092358;"ET02    ";"EL TEHUELCHE S.A.C.I.C.I.                         ";AV. GUEMES 252;954649;"A814           ";A814 - DUCHA C/BRAZO Y CAMPANA CR;2;2;2;23377725;150926131949302;183565376;;;;08/13/2031 00:00:00;2;13965107;15/09/2026 13:19:49;Gustavo;Soderquvist;24654350;14/09/2026 13:36:45;6922;Franco;Potenza;Gustavo Soderquvist;Franco Potenza
14252151;15/09/2026 13:19:50;3;2;0001  215471-1;06;CAMIONETA MIE 2;2092358;"ET02    ";"EL TEHUELCHE S.A.C.I.C.I.                         ";AV. GUEMES 252;956484;"LG02C20        ";"MONOCOMANDO COCINA CR GINEBRA                                         ";8;8;8;23377725;150926131949302;183558575;;;;07/29/2031 00:00:00;8;13965107;15/09/2026 13:19:49;Gustavo;Soderquvist;24654350;14/09/2026 13:36:45;6922;Franco;Potenza;Gustavo Soderquvist;Franco Potenza
14252151;15/09/2026 13:19:50;3;2;0001  215471-1;06;CAMIONETA MIE 2;2092358;"ET02    ";"EL TEHUELCHE S.A.C.I.C.I.                         ";AV. GUEMES 252;952634;"60-162         ";60-162 - LAVATORIO CR C.CERAM LINEA ADRA;2;2;2;23379798;150926131647267;183573832;;;;07/29/2031 00:00:00;2;13972178;15/09/2026 13:16:47;Maximiliano;Nievas;24656501;14/09/2026 14:03:23;7827;Javier;Machado;Maximiliano Nievas;Javier Machado
14252151;15/09/2026 13:19:50;3;2;0001  215471-1;06;CAMIONETA MIE 2;2092358;"ET02    ";"EL TEHUELCHE S.A.C.I.C.I.                         ";AV. GUEMES 252;956494;"LG03N70        ";LG03N70 - BIDE BLACK C.STD BERNA;1;1;1;23379798;150926131647267;183575683;;;;11/18/2031 00:00:00;1;13972178;15/09/2026 13:16:47;Maximiliano;Nievas;24656501;14/09/2026 14:03:23;7827;Javier;Machado;Maximiliano Nievas;Javier Machado
14252151;15/09/2026 13:19:50;3;2;0001  215471-1;06;CAMIONETA MIE 2;2092358;"ET02    ";"EL TEHUELCHE S.A.C.I.C.I.                         ";AV. GUEMES 252;956495;"LG03N80        ";LG03N80 - DUCHA C/TRANSF BLACK C.STD BERNA;2;2;2;23379798;150926131647267;183575972;;;;07/29/2031 00:00:00;2;13972178;15/09/2026 13:16:47;Maximiliano;Nievas;24656501;14/09/2026 14:03:23;7827;Javier;Machado;Maximiliano Nievas;Javier Machado
14252151;15/09/2026 13:19:50;3;2;0001  215471-1;06;CAMIONETA MIE 2;2092358;"ET02    ";"EL TEHUELCHE S.A.C.I.C.I.                         ";AV. GUEMES 252;954901;"BCH01          ";BCH01 - BACHA DE APOYAR CIRCULAR 320x145;1;1;1;23380108;150926093058950;183573715;;;;07/28/2031 00:00:00;1;13965345;15/09/2026 09:30:58;Gustavo;Soderquvist;24656753;14/09/2026 13:58:09;6922;Franco;Potenza;Gustavo Soderquvist;Franco Potenza
14252151;15/09/2026 13:19:50;3;2;0001  215471-1;06;CAMIONETA MIE 2;2092358;"ET02    ";"EL TEHUELCHE S.A.C.I.C.I.                         ";AV. GUEMES 252;954905;"BCH04/3        ";BCH04/3 - BACHA DE APOYAR CUADRADA 3 AG 420x420x125;1;1;1;23380108;150926093058950;183574744;;;;07/28/2031 00:00:00;1;13965345;15/09/2026 09:30:58;Gustavo;Soderquvist;24656753;14/09/2026 13:58:09;6922;Franco;Potenza;Gustavo Soderquvist;Franco Potenza
14252151;15/09/2026 13:19:50;3;2;0001  215471-1;06;CAMIONETA MIE 2;2092358;"ET02    ";"EL TEHUELCHE S.A.C.I.C.I.                         ";AV. GUEMES 252;952509;"55-010         ";55-010 - COCINA PARED EMB. P.ALTO BL/CR LORCA;2;2;2;23413070;150926131046230;183571972;;;;01/10/2032 00:00:00;2;13972246;15/09/2026 13:10:46;Maximiliano;Nievas;;;;;;Maximiliano Nievas;
14252151;15/09/2026 13:19:50;3;2;0001  215471-1;06;CAMIONETA MIE 2;2092358;"ET02    ";"EL TEHUELCHE S.A.C.I.C.I.                         ";AV. GUEMES 252;952426;"51-010         ";51-010 - COCINA MESADA BL/CR LORCA;8;8;8;23413070;150926131046230;183570246;;;;01/14/2032 00:00:00;8;13972246;15/09/2026 13:10:46;Maximiliano;Nievas;;;;;;Maximiliano Nievas;
14252151;15/09/2026 13:19:50;3;2;0001  215471-1;06;CAMIONETA MIE 2;2092358;"ET02    ";"EL TEHUELCHE S.A.C.I.C.I.                         ";AV. GUEMES 252;952551;"60-010         ";60-010 - LAVATORIO BL/CR LORCA;8;8;8;23413145;150926131208465;183572794;;;;01/14/2032 00:00:00;8;13972287;15/09/2026 13:12:08;Maximiliano;Nievas;;;;;;Maximiliano Nievas;
14252151;15/09/2026 13:19:50;3;2;0001  215471-1;06;CAMIONETA MIE 2;2092358;"ET02    ";"EL TEHUELCHE S.A.C.I.C.I.                         ";AV. GUEMES 252;952831;"70-010         ";70-010 - BIDE BL/CR LORCA;2;2;2;23413145;150926131208465;183572347;;;;12/08/2031 00:00:00;2;13972287;15/09/2026 13:12:08;Maximiliano;Nievas;;;;;;Maximiliano Nievas;
14252151;15/09/2026 13:19:50;3;2;0001  215471-1;06;CAMIONETA MIE 2;2092358;"ET02    ";"EL TEHUELCHE S.A.C.I.C.I.                         ";AV. GUEMES 252;956493;"LG03N60        ";LG03N60 - LAVATORIO BLACK C.STD BERNA;10;10;10;23413348;150926131546971;183574780;;;;12/10/2031 00:00:00;10;13972390;15/09/2026 13:15:46;Maximiliano;Nievas;;;;;;Maximiliano Nievas;
14252152;15/09/2026 08:53:58;3;2;0001  215490-1;06;CAMIONETA MIE 2;2092358;"ET02    ";"EL TEHUELCHE S.A.C.I.C.I.                         ";JOSE ROSAS 308;952420;"51-002         ";51-002 - COCINA MESADA RENACER;4;4;4;23379140;150926085205581;183576298;;;;11/03/2031 00:00:00;4;13964183;15/09/2026 08:52:05;Maximiliano;Nievas;24655916;14/09/2026 14:24:45;7807;Nicolas;Perez;Maximiliano Nievas;Nicolas Perez
14252152;15/09/2026 08:53:58;3;2;0001  215490-1;06;CAMIONETA MIE 2;2092358;"ET02    ";"EL TEHUELCHE S.A.C.I.C.I.                         ";JOSE ROSAS 308;952551;"60-010         ";60-010 - LAVATORIO BL/CR LORCA;12;12;12;23379140;150926085205581;183567112;;;;12/07/2031 00:00:00;2;13964183;15/09/2026 08:52:05;Maximiliano;Nievas;24655916;14/09/2026 14:24:45;7807;Nicolas;Perez;Maximiliano Nievas;Nicolas Perez
14252152;15/09/2026 08:53:58;3;2;0001  215490-1;06;CAMIONETA MIE 2;2092358;"ET02    ";"EL TEHUELCHE S.A.C.I.C.I.                         ";JOSE ROSAS 308;952577;"60-045         ";60-045 - LAVATORIO CR/CR C.STD CRUZ;2;2;2;23379140;150926085205581;183577064;;;;01/24/2032 00:00:00;2;13964183;15/09/2026 08:52:05;Maximiliano;Nievas;24655916;14/09/2026 14:24:45;7807;Nicolas;Perez;Maximiliano Nievas;Nicolas Perez
14252152;15/09/2026 08:53:58;3;2;0001  215490-1;06;CAMIONETA MIE 2;2092358;"ET02    ";"EL TEHUELCHE S.A.C.I.C.I.                         ";JOSE ROSAS 308;954903;"BCH03/3        ";BCH03/3 - BACHA DE APOYAR RECTANGULAR 3 AG 500x420x130;1;1;1;23380109;150926085355425;183574435;;;;07/29/2031 00:00:00;1;13964480;15/09/2026 08:53:55;Gustavo;Soderquvist;24656753;14/09/2026 13:58:09;6922;Franco;Potenza;Gustavo Soderquvist;Franco Potenza
14252152;15/09/2026 08:53:58;3;2;0001  215490-1;06;CAMIONETA MIE 2;2092358;"ET02    ";"EL TEHUELCHE S.A.C.I.C.I.                         ";JOSE ROSAS 308;954908;"BCH07          ";BCH07 - BACHA DE APOYAR OVALADA 400x330x150;1;1;1;23380109;150926085355425;183572995;;;;07/29/2031 00:00:00;1;13964480;15/09/2026 08:53:55;Gustavo;Soderquvist;24656753;14/09/2026 13:58:09;6922;Franco;Potenza;Gustavo Soderquvist;Franco Potenza
14252152;15/09/2026 08:53:58;3;2;0001  215490-1;06;CAMIONETA MIE 2;2092358;"ET02    ";"EL TEHUELCHE S.A.C.I.C.I.                         ";JOSE ROSAS 308;954922;"BCH19          ";"BACHA DE APOYAR BLANCA 365x235x120                                    ";2;2;2;23380109;150926085355425;183572228;;;;07/28/2031 00:00:00;2;13964480;15/09/2026 08:53:55;Gustavo;Soderquvist;24656753;14/09/2026 13:58:09;6922;Franco;Potenza;Gustavo Soderquvist;Franco Potenza
14252152;15/09/2026 08:53:58;3;2;0001  215490-1;06;CAMIONETA MIE 2;2092358;"ET02    ";"EL TEHUELCHE S.A.C.I.C.I.                         ";JOSE ROSAS 308;951651;"22006          ";"SET DE 6 PIEZAS LINEA 22000                                           ";4;4;4;23380336;150926071516341;183577968;;;;09/01/2031 00:00:00;4;13962558;15/09/2026 07:15:16;Maximiliano;Nievas;24657030;14/09/2026 14:34:11;7636;Kevin;Arce;Maximiliano Nievas;Kevin Arce
14252152;15/09/2026 08:53:58;3;2;0001  215490-1;06;CAMIONETA MIE 2;2092358;"ET02    ";"EL TEHUELCHE S.A.C.I.C.I.                         ";JOSE ROSAS 308;954651;"A816           ";"A816 - DUCHA 6"" C/BRAZO Y CAMPANA CR";2;2;2;23395324;150926064828296;183590848;;;;07/27/2031 00:00:00;2;13962586;15/09/2026 06:48:28;Maximiliano;Nievas;;;;;;Maximiliano Nievas;
14252152;15/09/2026 08:53:58;3;2;0001  215490-1;06;CAMIONETA MIE 2;2092358;"ET02    ";"EL TEHUELCHE S.A.C.I.C.I.                         ";JOSE ROSAS 308;953069;"8010           ";8010 - TOALLERO BARRAL LINEA 8000;6;6;6;23395324;150926064828296;183591669;;;;07/27/2031 00:00:00;6;13962586;15/09/2026 06:48:28;Maximiliano;Nievas;;;;;;Maximiliano Nievas;
14252152;15/09/2026 08:53:58;3;2;0001  215490-1;06;CAMIONETA MIE 2;2092358;"ET02    ";"EL TEHUELCHE S.A.C.I.C.I.                         ";JOSE ROSAS 308;951548;"20-179         ";20-179 - MONOCOMANDO DE COCINA LARA;10;10;10;23395332;150926064927659;183697933;;;;07/27/2031 00:00:00;8;13962592;15/09/2026 06:49:27;Maximiliano;Nievas;;;;;;Maximiliano Nievas;
14252152;15/09/2026 08:53:58;3;2;0001  215490-1;06;CAMIONETA MIE 2;2092358;"ET02    ";"EL TEHUELCHE S.A.C.I.C.I.                         ";JOSE ROSAS 308;951113;"12004N         ";"SET DE 4 PIEZAS LINEA 12000 BLACK                                     ";4;4;4;23395411;150926065443876;183585111;;;;09/01/2031 00:00:00;4;13962615;15/09/2026 06:54:43;Maximiliano;Nievas;;;;;;Maximiliano Nievas;
14252152;15/09/2026 08:53:58;3;2;0001  215490-1;06;CAMIONETA MIE 2;2092358;"ET02    ";"EL TEHUELCHE S.A.C.I.C.I.                         ";JOSE ROSAS 308;951177;"1350           ";"QUEINOX MACHO MOVIL MH 1/2"" x 50                                      ";20;20;20;23395411;150926065443876;183590091;;;;07/27/2031 00:00:00;20;13962615;15/09/2026 06:54:43;Maximiliano;Nievas;;;;;;Maximiliano Nievas;
14252152;15/09/2026 08:53:58;3;2;0001  215490-1;06;CAMIONETA MIE 2;2092358;"ET02    ";"EL TEHUELCHE S.A.C.I.C.I.                         ";JOSE ROSAS 308;956483;"LG01C60        ";LG01C60 - LAVATORIO MONOC CR LUCERNA;4;4;4;23395434;150926065546177;183582341;;;;07/28/2031 00:00:00;4;13962620;15/09/2026 06:55:46;Maximiliano;Nievas;;;;;;Maximiliano Nievas;
14252152;15/09/2026 08:53:58;3;2;0001  215490-1;06;CAMIONETA MIE 2;2092358;"ET02    ";"EL TEHUELCHE S.A.C.I.C.I.                         ";JOSE ROSAS 308;951334;"1920           ";"1920 - QUEINOX MH 3/4"" x 20";10;10;10;23395559;150926070141101;183589093;;;;07/31/2031 00:00:00;10;13962644;15/09/2026 07:01:41;Maximiliano;Nievas;;;;;;Maximiliano Nievas;
14252152;15/09/2026 08:53:58;3;2;0001  215490-1;06;CAMIONETA MIE 2;2092358;"ET02    ";"EL TEHUELCHE S.A.C.I.C.I.                         ";JOSE ROSAS 308;951172;"1340G          ";"QUEINOX GAS MH. 1/2""x40 APROBADO POR IGA                              ";6;6;6;23395559;150926070141101;183588303;;;;01/05/2032 00:00:00;6;13962644;15/09/2026 07:01:41;Maximiliano;Nievas;;;;;;Maximiliano Nievas;
14252152;15/09/2026 08:53:58;3;2;0001  215490-1;06;CAMIONETA MIE 2;2092358;"ET02    ";"EL TEHUELCHE S.A.C.I.C.I.                         ";JOSE ROSAS 308;956484;"LG02C20        ";"MONOCOMANDO COCINA CR GINEBRA                                         ";20;20;20;23395589;150926070247556;183699071;;;;07/29/2031 00:00:00;5;13962652;15/09/2026 07:02:47;Maximiliano;Nievas;;;;;;Maximiliano Nievas;
14252152;15/09/2026 08:53:58;3;2;0001  215490-1;06;CAMIONETA MIE 2;2092358;"ET02    ";"EL TEHUELCHE S.A.C.I.C.I.                         ";JOSE ROSAS 308;956484;"LG02C20        ";"MONOCOMANDO COCINA CR GINEBRA                                         ";20;20;20;23395611;150926070349980;183699138;;;;07/29/2031 00:00:00;5;13962665;15/09/2026 07:03:49;Maximiliano;Nievas;;;;;;Maximiliano Nievas;
14252152;15/09/2026 08:53:58;3;2;0001  215490-1;06;CAMIONETA MIE 2;2092358;"ET02    ";"EL TEHUELCHE S.A.C.I.C.I.                         ";JOSE ROSAS 308;956484;"LG02C20        ";"MONOCOMANDO COCINA CR GINEBRA                                         ";20;20;20;23395625;150926070426263;183699187;;;;07/29/2031 00:00:00;5;13962670;15/09/2026 07:04:26;Maximiliano;Nievas;;;;;;Maximiliano Nievas;
14252152;15/09/2026 08:53:58;3;2;0001  215490-1;06;CAMIONETA MIE 2;2092358;"ET02    ";"EL TEHUELCHE S.A.C.I.C.I.                         ";JOSE ROSAS 308;956505;"LG07C20        ";"MONOCOMANDO DE COCINA CR ZURICH                                       ";4;4;4;23395727;150926070829669;183580518;;;;12/20/2031 00:00:00;4;13962699;15/09/2026 07:08:29;Maximiliano;Nievas;;;;;;Maximiliano Nievas;
14252152;15/09/2026 08:53:58;3;2;0001  215490-1;06;CAMIONETA MIE 2;2092358;"ET02    ";"EL TEHUELCHE S.A.C.I.C.I.                         ";JOSE ROSAS 308;951535;"20-160         ";20-160 - MONOCOMANDO MESADA COCINA DIQUE;8;8;8;23395761;150926070929543;183578622;;;;07/28/2031 00:00:00;8;13962712;15/09/2026 07:09:29;Maximiliano;Nievas;;;;;;Maximiliano Nievas;
14252152;15/09/2026 08:53:58;3;2;0001  215490-1;06;CAMIONETA MIE 2;2092358;"ET02    ";"EL TEHUELCHE S.A.C.I.C.I.                         ";JOSE ROSAS 308;951145;"13150G         ";"QUEINOX GAS MH 1/2""x150 APROBADO POR IGA                              ";6;6;6;23395778;150926071008474;183586466;;;;07/31/2031 00:00:00;6;13962717;15/09/2026 07:10:08;Maximiliano;Nievas;;;;;;Maximiliano Nievas;
14252152;15/09/2026 08:53:58;3;2;0001  215490-1;06;CAMIONETA MIE 2;2092358;"ET02    ";"EL TEHUELCHE S.A.C.I.C.I.                         ";JOSE ROSAS 308;956484;"LG02C20        ";"MONOCOMANDO COCINA CR GINEBRA                                         ";20;20;20;23395826;150926071123023;183584070;;;;07/29/2031 00:00:00;5;13962737;15/09/2026 07:11:23;Maximiliano;Nievas;;;;;;Maximiliano Nievas;
14252152;15/09/2026 08:53:58;3;2;0001  215490-1;06;CAMIONETA MIE 2;2092358;"ET02    ";"EL TEHUELCHE S.A.C.I.C.I.                         ";JOSE ROSAS 308;1007844;"20-122S        ";"MONOCOMANDO COCINA INOX C/PICO EXTRAIBLE VALENCIA                     ";4;4;4;23395864;150926071304904;183576860;;;;01/06/2032 00:00:00;4;13962746;15/09/2026 07:13:04;Maximiliano;Nievas;;;;;;Maximiliano Nievas;
14252152;15/09/2026 08:53:58;3;2;0001  215490-1;06;CAMIONETA MIE 2;2092358;"ET02    ";"EL TEHUELCHE S.A.C.I.C.I.                         ";JOSE ROSAS 308;951652;"22006N         ";"SET DE 6 PIEZAS LINEA 22000 BLACK                                     ";4;4;4;23395921;150926071445883;183577515;;;;09/01/2031 00:00:00;4;13962759;15/09/2026 07:14:45;Maximiliano;Nievas;;;;;;Maximiliano Nievas;
14252152;15/09/2026 08:53:58;3;2;0001  215490-1;06;CAMIONETA MIE 2;2092358;"ET02    ";"EL TEHUELCHE S.A.C.I.C.I.                         ";JOSE ROSAS 308;951548;"20-179         ";20-179 - MONOCOMANDO DE COCINA LARA;10;10;10;23395921;150926071445883;183575499;;;;07/27/2031 00:00:00;2;13962759;15/09/2026 07:14:45;Maximiliano;Nievas;;;;;;Maximiliano Nievas;
14252152;15/09/2026 08:53:58;3;2;0001  215490-1;06;CAMIONETA MIE 2;2092358;"ET02    ";"EL TEHUELCHE S.A.C.I.C.I.                         ";JOSE ROSAS 308;952551;"60-010         ";60-010 - LAVATORIO BL/CR LORCA;12;12;12;23398989;150926084051053;183721993;;;;12/07/2031 00:00:00;10;13964187;15/09/2026 08:40:51;Maximiliano;Nievas;;;;;;Maximiliano Nievas;
14252152;15/09/2026 08:53:58;3;2;0001  215490-1;06;CAMIONETA MIE 2;2092358;"ET02    ";"EL TEHUELCHE S.A.C.I.C.I.                         ";JOSE ROSAS 308;953032;"80-014         ";80-014 - DUCHA EMB. C/TRANSF. CR MORA STD;1;1;1;23399334;150926084817569;183572636;;;;07/29/2031 00:00:00;1;13964372;15/09/2026 08:48:17;Maximiliano;Nievas;;;;;;Maximiliano Nievas;
14252152;15/09/2026 08:53:58;3;2;0001  215490-1;06;CAMIONETA MIE 2;2092358;"ET02    ";"EL TEHUELCHE S.A.C.I.C.I.                         ";JOSE ROSAS 308;952835;"70-014         ";70-014 - BIDE CR MORA STD;2;2;2;23399334;150926084817569;183575576;;;;01/17/2032 00:00:00;2;13964372;15/09/2026 08:48:17;Maximiliano;Nievas;;;;;;Maximiliano Nievas;
14252152;15/09/2026 08:53:58;3;2;0001  215490-1;06;CAMIONETA MIE 2;2092358;"ET02    ";"EL TEHUELCHE S.A.C.I.C.I.                         ";JOSE ROSAS 308;952555;"60-014         ";60-014 - LAVATORIO CR MORA STD;3;3;3;23399334;150926084817569;183575195;;;;01/13/2032 00:00:00;3;13964372;15/09/2026 08:48:17;Maximiliano;Nievas;;;;;;Maximiliano Nievas;
14252152;15/09/2026 08:53:58;3;2;0001  215490-1;06;CAMIONETA MIE 2;2092358;"ET02    ";"EL TEHUELCHE S.A.C.I.C.I.                         ";JOSE ROSAS 308;952426;"51-010         ";51-010 - COCINA MESADA BL/CR LORCA;4;4;4;23399334;150926084817569;183573504;;;;01/14/2032 00:00:00;4;13964372;15/09/2026 08:48:17;Maximiliano;Nievas;;;;;;Maximiliano Nievas;
14252152;15/09/2026 08:53:58;3;2;0001  215490-1;06;CAMIONETA MIE 2;2092358;"ET02    ";"EL TEHUELCHE S.A.C.I.C.I.                         ";JOSE ROSAS 308;953244;"814/CRC        ";814/CRC - MESADA P.FUNDIDO CR/CR C.CERAM. ARES;2;2;2;23399455;150926085050514;183579442;;;;02/16/2032 00:00:00;2;13964419;15/09/2026 08:50:50;Maximiliano;Nievas;;;;;;Maximiliano Nievas;
14252152;15/09/2026 08:53:58;3;2;0001  215490-1;06;CAMIONETA MIE 2;2092358;"ET02    ";"EL TEHUELCHE S.A.C.I.C.I.                         ";JOSE ROSAS 308;956495;"LG03N80        ";LG03N80 - DUCHA C/TRANSF BLACK C.STD BERNA;2;2;2;23399455;150926085050514;183584290;;;;07/29/2031 00:00:00;2;13964419;15/09/2026 08:50:50;Maximiliano;Nievas;;;;;;Maximiliano Nievas;
14252152;15/09/2026 08:53:58;3;2;0001  215490-1;06;CAMIONETA MIE 2;2092358;"ET02    ";"EL TEHUELCHE S.A.C.I.C.I.                         ";JOSE ROSAS 308;956493;"LG03N60        ";LG03N60 - LAVATORIO BLACK C.STD BERNA;6;6;6;23399455;150926085050514;183584764;;;;12/10/2031 00:00:00;6;13964419;15/09/2026 08:50:50;Maximiliano;Nievas;;;;;;Maximiliano Nievas;
14252153;15/09/2026 12:49:49;3;2;0001  215491-1;06;CAMIONETA MIE 2;2092358;"ET02    ";"EL TEHUELCHE S.A.C.I.C.I.                         ";PASAJE GUTIERREZ 3443;953312;"83-133         ";83-133 - DUCHA EXT. C/TRANSF. MONOCOMANDO LUGO;6;6;6;23377935;150926033730272;183568494;;;;09/03/2031 00:00:00;6;13970971;15/09/2026 12:37:30;Mirko;Hernandez;24654666;14/09/2026 13:44:30;7636;Kevin;Arce;Mirko Hernandez;Kevin Arce
14252153;15/09/2026 12:49:49;3;2;0001  215491-1;06;CAMIONETA MIE 2;2092358;"ET02    ";"EL TEHUELCHE S.A.C.I.C.I.                         ";PASAJE GUTIERREZ 3443;952420;"51-002         ";51-002 - COCINA MESADA RENACER;2;2;2;23379799;150926034948560;183576531;;;;11/03/2031 00:00:00;2;13971520;15/09/2026 12:49:48;Mirko;Hernandez;24656501;14/09/2026 14:03:23;7827;Javier;Machado;Mirko Hernandez;Javier Machado
14252153;15/09/2026 12:49:49;3;2;0001  215491-1;06;CAMIONETA MIE 2;2092358;"ET02    ";"EL TEHUELCHE S.A.C.I.C.I.                         ";PASAJE GUTIERREZ 3443;956493;"LG03N60        ";LG03N60 - LAVATORIO BLACK C.STD BERNA;4;4;4;23379799;150926034948560;183575167;;;;12/10/2031 00:00:00;4;13971520;15/09/2026 12:49:48;Mirko;Hernandez;24656501;14/09/2026 14:03:23;7827;Javier;Machado;Mirko Hernandez;Javier Machado
14252153;15/09/2026 12:49:49;3;2;0001  215491-1;06;CAMIONETA MIE 2;2092358;"ET02    ";"EL TEHUELCHE S.A.C.I.C.I.                         ";PASAJE GUTIERREZ 3443;954902;"BCH02          ";BCH02 - BACHA DE APOYAR CIRCULAR 1 AG. 415x145;1;1;1;23380110;150926093125536;183571437;;;;07/27/2031 00:00:00;1;13965357;15/09/2026 09:31:25;Gustavo;Soderquvist;24656753;14/09/2026 13:58:09;6922;Franco;Potenza;Gustavo Soderquvist;Franco Potenza
14252153;15/09/2026 12:49:49;3;2;0001  215491-1;06;CAMIONETA MIE 2;2092358;"ET02    ";"EL TEHUELCHE S.A.C.I.C.I.                         ";PASAJE GUTIERREZ 3443;1007844;"20-122S        ";"MONOCOMANDO COCINA INOX C/PICO EXTRAIBLE VALENCIA                     ";3;3;3;23410837;150926032030414;183566735;;;;01/06/2032 00:00:00;3;13970990;15/09/2026 12:20:30;Mirko;Hernandez;;;;;;Mirko Hernandez;
14252153;15/09/2026 12:49:49;3;2;0001  215491-1;06;CAMIONETA MIE 2;2092358;"ET02    ";"EL TEHUELCHE S.A.C.I.C.I.                         ";PASAJE GUTIERREZ 3443;951132;"13006          ";"SET DE 6 PIEZAS LINEA 13000                                           ";2;2;2;23410837;150926032030414;183567908;;;;07/28/2031 00:00:00;2;13970990;15/09/2026 12:20:30;Mirko;Hernandez;;;;;;Mirko Hernandez;
14252153;15/09/2026 12:49:49;3;2;0001  215491-1;06;CAMIONETA MIE 2;2092358;"ET02    ";"EL TEHUELCHE S.A.C.I.C.I.                         ";PASAJE GUTIERREZ 3443;956483;"LG01C60        ";LG01C60 - LAVATORIO MONOC CR LUCERNA;6;6;6;23410972;150926032232530;183564144;;;;07/28/2031 00:00:00;6;13971036;15/09/2026 12:22:32;Mirko;Hernandez;;;;;;Mirko Hernandez;
14252153;15/09/2026 12:49:49;3;2;0001  215491-1;06;CAMIONETA MIE 2;2092358;"ET02    ";"EL TEHUELCHE S.A.C.I.C.I.                         ";PASAJE GUTIERREZ 3443;956485;"LG02C60        ";LG02C60 - LAVATORIO MONOC CR GINEBRA;4;4;4;23410972;150926032232530;183565043;;;;07/29/2031 00:00:00;4;13971036;15/09/2026 12:22:32;Mirko;Hernandez;;;;;;Mirko Hernandez;
14252153;15/09/2026 12:49:49;3;2;0001  215491-1;06;CAMIONETA MIE 2;2092358;"ET02    ";"EL TEHUELCHE S.A.C.I.C.I.                         ";PASAJE GUTIERREZ 3443;951652;"22006N         ";"SET DE 6 PIEZAS LINEA 22000 BLACK                                     ";4;4;4;23411048;150926032421044;183570478;;;;09/01/2031 00:00:00;4;13971090;15/09/2026 12:24:21;Mirko;Hernandez;;;;;;Mirko Hernandez;
14252153;15/09/2026 12:49:49;3;2;0001  215491-1;06;CAMIONETA MIE 2;2092358;"ET02    ";"EL TEHUELCHE S.A.C.I.C.I.                         ";PASAJE GUTIERREZ 3443;951651;"22006          ";"SET DE 6 PIEZAS LINEA 22000                                           ";4;4;4;23411060;150926032452267;183569521;;;;09/01/2031 00:00:00;4;13971104;15/09/2026 12:24:52;Mirko;Hernandez;;;;;;Mirko Hernandez;
14252153;15/09/2026 12:49:49;3;2;0001  215491-1;06;CAMIONETA MIE 2;2092358;"ET02    ";"EL TEHUELCHE S.A.C.I.C.I.                         ";PASAJE GUTIERREZ 3443;951611;"21-160         ";"MONOCOMANDO DUO COCINA CROMO DIQUE                                    ";3;3;3;23411081;150926032518593;183561377;;;;12/14/2031 00:00:00;3;13971113;15/09/2026 12:25:18;Mirko;Hernandez;;;;;;Mirko Hernandez;
14252153;15/09/2026 12:49:49;3;2;0001  215491-1;06;CAMIONETA MIE 2;2092358;"ET02    ";"EL TEHUELCHE S.A.C.I.C.I.                         ";PASAJE GUTIERREZ 3443;951113;"12004N         ";"SET DE 4 PIEZAS LINEA 12000 BLACK                                     ";4;4;4;23411115;150926032543780;183562021;;;;09/01/2031 00:00:00;4;13971128;15/09/2026 12:25:43;Mirko;Hernandez;;;;;;Mirko Hernandez;
14252153;15/09/2026 12:49:49;3;2;0001  215491-1;06;CAMIONETA MIE 2;2092358;"ET02    ";"EL TEHUELCHE S.A.C.I.C.I.                         ";PASAJE GUTIERREZ 3443;952896;"70-133         ";70-133 - BIDE MONOCOMANDO LUGO;2;2;2;23411132;150926032630095;183565426;;;;07/27/2031 00:00:00;2;13971156;15/09/2026 12:26:30;Mirko;Hernandez;;;;;;Mirko Hernandez;
14252153;15/09/2026 12:49:49;3;2;0001  215491-1;06;CAMIONETA MIE 2;2092358;"ET02    ";"EL TEHUELCHE S.A.C.I.C.I.                         ";PASAJE GUTIERREZ 3443;956484;"LG02C20        ";"MONOCOMANDO COCINA CR GINEBRA                                         ";6;6;6;23411132;150926032630095;183806324;;;;07/29/2031 00:00:00;1;13971156;15/09/2026 12:26:30;Mirko;Hernandez;;;;;;Mirko Hernandez;
14252153;15/09/2026 12:49:49;3;2;0001  215491-1;06;CAMIONETA MIE 2;2092358;"ET02    ";"EL TEHUELCHE S.A.C.I.C.I.                         ";PASAJE GUTIERREZ 3443;954678;"A842           ";A842 - DUCHADOR ANTICALCAREO 5 FUNCIONES C/SOPORTE Y FLEX;3;3;3;23411208;150926032906149;183557158;;;;07/28/2031 00:00:00;3;13971220;15/09/2026 12:29:06;Mirko;Hernandez;;;;;;Mirko Hernandez;
14252153;15/09/2026 12:49:49;3;2;0001  215491-1;06;CAMIONETA MIE 2;2092358;"ET02    ";"EL TEHUELCHE S.A.C.I.C.I.                         ";PASAJE GUTIERREZ 3443;953184;"8060           ";8060 - PORTA CEPILLO LINEA 8000;4;4;4;23411208;150926032906149;183558247;;;;07/27/2031 00:00:00;4;13971220;15/09/2026 12:29:06;Mirko;Hernandez;;;;;;Mirko Hernandez;
14252153;15/09/2026 12:49:49;3;2;0001  215491-1;06;CAMIONETA MIE 2;2092358;"ET02    ";"EL TEHUELCHE S.A.C.I.C.I.                         ";PASAJE GUTIERREZ 3443;953182;"8040           ";8040 - PORTA ROLLO LINEA 8000;6;6;6;23411208;150926032906149;183558702;;;;08/12/2031 00:00:00;6;13971220;15/09/2026 12:29:06;Mirko;Hernandez;;;;;;Mirko Hernandez;
14252153;15/09/2026 12:49:49;3;2;0001  215491-1;06;CAMIONETA MIE 2;2092358;"ET02    ";"EL TEHUELCHE S.A.C.I.C.I.                         ";PASAJE GUTIERREZ 3443;951343;"1930-70GN      ";1930-70GN - FLEXIBLE P/GAS NATURAL C/PILAR H 1 1/4-M 3/4 30-70;4;4;4;23411208;150926032906149;183557578;;;;07/31/2031 00:00:00;4;13971220;15/09/2026 12:29:06;Mirko;Hernandez;;;;;;Mirko Hernandez;
14252153;15/09/2026 12:49:49;3;2;0001  215491-1;06;CAMIONETA MIE 2;2092358;"ET02    ";"EL TEHUELCHE S.A.C.I.C.I.                         ";PASAJE GUTIERREZ 3443;951334;"1920           ";"1920 - QUEINOX MH 3/4"" x 20";10;10;10;23411311;150926033131492;183560084;;;;07/31/2031 00:00:00;10;13971284;15/09/2026 12:31:31;Mirko;Hernandez;;;;;;Mirko Hernandez;
14252153;15/09/2026 12:49:49;3;2;0001  215491-1;06;CAMIONETA MIE 2;2092358;"ET02    ";"EL TEHUELCHE S.A.C.I.C.I.                         ";PASAJE GUTIERREZ 3443;951190;"1360G          ";"QUEINOX GAS MH 1/2""x60 APROBADO POR IGA                               ";4;4;4;23411311;150926033131492;183560543;;;;07/27/2031 00:00:00;4;13971284;15/09/2026 12:31:31;Mirko;Hernandez;;;;;;Mirko Hernandez;
14252153;15/09/2026 12:49:49;3;2;0001  215491-1;06;CAMIONETA MIE 2;2092358;"ET02    ";"EL TEHUELCHE S.A.C.I.C.I.                         ";PASAJE GUTIERREZ 3443;956487;"LG02N20        ";"MONOCOMANDO COCINA BLACK GINEBRA                                      ";10;10;10;23411384;150926033333338;183808477;;;;07/30/2031 00:00:00;5;13971336;15/09/2026 12:33:33;Mirko;Hernandez;;;;;;Mirko Hernandez;
14252153;15/09/2026 12:49:49;3;2;0001  215491-1;06;CAMIONETA MIE 2;2092358;"ET02    ";"EL TEHUELCHE S.A.C.I.C.I.                         ";PASAJE GUTIERREZ 3443;956487;"LG02N20        ";"MONOCOMANDO COCINA BLACK GINEBRA                                      ";10;10;10;23411395;150926033402339;183564858;;;;07/30/2031 00:00:00;5;13971344;15/09/2026 12:34:02;Mirko;Hernandez;;;;;;Mirko Hernandez;
14252153;15/09/2026 12:49:49;3;2;0001  215491-1;06;CAMIONETA MIE 2;2092358;"ET02    ";"EL TEHUELCHE S.A.C.I.C.I.                         ";PASAJE GUTIERREZ 3443;956486;"LG02C61        ";LG02C61 - LAVATORIO MONOC ALTO CROMO GINEBRA;4;4;4;23411417;150926033449326;183562755;;;;07/28/2031 00:00:00;4;13971362;15/09/2026 12:34:49;Mirko;Hernandez;;;;;;Mirko Hernandez;
14252153;15/09/2026 12:49:49;3;2;0001  215491-1;06;CAMIONETA MIE 2;2092358;"ET02    ";"EL TEHUELCHE S.A.C.I.C.I.                         ";PASAJE GUTIERREZ 3443;956484;"LG02C20        ";"MONOCOMANDO COCINA CR GINEBRA                                         ";6;6;6;23411461;150926033546720;183563273;;;;07/29/2031 00:00:00;5;13971387;15/09/2026 12:35:46;Mirko;Hernandez;;;;;;Mirko Hernandez;
14252153;15/09/2026 12:49:49;3;2;0001  215491-1;06;CAMIONETA MIE 2;2092358;"ET02    ";"EL TEHUELCHE S.A.C.I.C.I.                         ";PASAJE GUTIERREZ 3443;952426;"51-010         ";51-010 - COCINA MESADA BL/CR LORCA;15;15;15;23411715;150926034200606;183810999;;;;01/14/2032 00:00:00;10;13971527;15/09/2026 12:42:00;Mirko;Hernandez;;;;;;Mirko Hernandez;
14252153;15/09/2026 12:49:49;3;2;0001  215491-1;06;CAMIONETA MIE 2;2092358;"ET02    ";"EL TEHUELCHE S.A.C.I.C.I.                         ";PASAJE GUTIERREZ 3443;952426;"51-010         ";51-010 - COCINA MESADA BL/CR LORCA;15;15;15;23411799;150926034339647;183571285;;;;01/14/2032 00:00:00;5;13971566;15/09/2026 12:43:39;Mirko;Hernandez;;;;;;Mirko Hernandez;
14252153;15/09/2026 12:49:49;3;2;0001  215491-1;06;CAMIONETA MIE 2;2092358;"ET02    ";"EL TEHUELCHE S.A.C.I.C.I.                         ";PASAJE GUTIERREZ 3443;952551;"60-010         ";60-010 - LAVATORIO BL/CR LORCA;6;6;6;23411799;150926034339647;183811493;;;;01/14/2032 00:00:00;5;13971566;15/09/2026 12:43:39;Mirko;Hernandez;;;;;;Mirko Hernandez;
14252153;15/09/2026 12:49:49;3;2;0001  215491-1;06;CAMIONETA MIE 2;2092358;"ET02    ";"EL TEHUELCHE S.A.C.I.C.I.                         ";PASAJE GUTIERREZ 3443;952551;"60-010         ";60-010 - LAVATORIO BL/CR LORCA;6;6;6;23412051;150926034853893;183573210;;;;01/14/2032 00:00:00;1;13971705;15/09/2026 12:48:53;Mirko;Hernandez;;;;;;Mirko Hernandez;
14252153;15/09/2026 12:49:49;3;2;0001  215491-1;06;CAMIONETA MIE 2;2092358;"ET02    ";"EL TEHUELCHE S.A.C.I.C.I.                         ";PASAJE GUTIERREZ 3443;953244;"814/CRC        ";814/CRC - MESADA P.FUNDIDO CR/CR C.CERAM. ARES;4;4;4;23412051;150926034853893;183577390;;;;02/16/2032 00:00:00;4;13971705;15/09/2026 12:48:53;Mirko;Hernandez;;;;;;Mirko Hernandez;
14252154;15/09/2026 10:03:45;3;2;0001  215492-1;06;CAMIONETA MIE 2;2092358;"ET02    ";"EL TEHUELCHE S.A.C.I.C.I.                         ";COLON 1480;956493;"LG03N60        ";LG03N60 - LAVATORIO BLACK C.STD BERNA;16;16;16;23379141;150926091905232;183585883;;;;12/10/2031 00:00:00;4;13964847;15/09/2026 09:19:05;Maximiliano;Nievas;24655916;14/09/2026 14:24:45;7807;Nicolas;Perez;Maximiliano Nievas;Nicolas Perez
14252154;15/09/2026 10:03:45;3;2;0001  215492-1;06;CAMIONETA MIE 2;2092358;"ET02    ";"EL TEHUELCHE S.A.C.I.C.I.                         ";COLON 1480;954942;"BID102-1       ";"BIDE 1 AGUJERO BLANCO LINEA LOFT                                      ";1;1;1;23380111;150926092139542;183575994;;;;02/24/2032 00:00:00;1;13965108;15/09/2026 09:21:39;Gustavo;Soderquvist;24656753;14/09/2026 13:58:09;6922;Franco;Potenza;Gustavo Soderquvist;Franco Potenza
14252154;15/09/2026 10:03:45;3;2;0001  215492-1;06;CAMIONETA MIE 2;2092358;"ET02    ";"EL TEHUELCHE S.A.C.I.C.I.                         ";COLON 1480;951651;"22006          ";"SET DE 6 PIEZAS LINEA 22000                                           ";4;4;4;23381639;150926100242875;183615589;;;;09/01/2031 00:00:00;4;13965181;15/09/2026 10:02:42;Maximiliano;Nievas;24657836;14/09/2026 15:38:06;6922;Franco;Potenza;Maximiliano Nievas;Franco Potenza
14252154;15/09/2026 10:03:45;3;2;0001  215492-1;06;CAMIONETA MIE 2;2092358;"ET02    ";"EL TEHUELCHE S.A.C.I.C.I.                         ";COLON 1480;952583;"60-058         ";60-058 - LAVATORIO CR C.STD MALBA;2;2;2;23400680;150926091549204;183581558;;;;12/03/2031 00:00:00;2;13964972;15/09/2026 09:15:49;Maximiliano;Nievas;;;;;;Maximiliano Nievas;
14252154;15/09/2026 10:03:45;3;2;0001  215492-1;06;CAMIONETA MIE 2;2092358;"ET02    ";"EL TEHUELCHE S.A.C.I.C.I.                         ";COLON 1480;952551;"60-010         ";60-010 - LAVATORIO BL/CR LORCA;4;4;4;23400680;150926091549204;183567316;;;;12/07/2031 00:00:00;4;13964972;15/09/2026 09:15:49;Maximiliano;Nievas;;;;;;Maximiliano Nievas;
14252154;15/09/2026 10:03:45;3;2;0001  215492-1;06;CAMIONETA MIE 2;2092358;"ET02    ";"EL TEHUELCHE S.A.C.I.C.I.                         ";COLON 1480;952426;"51-010         ";51-010 - COCINA MESADA BL/CR LORCA;8;8;8;23400680;150926091549204;183573819;;;;01/14/2032 00:00:00;8;13964972;15/09/2026 09:15:49;Maximiliano;Nievas;;;;;;Maximiliano Nievas;
14252154;15/09/2026 10:03:45;3;2;0001  215492-1;06;CAMIONETA MIE 2;2092358;"ET02    ";"EL TEHUELCHE S.A.C.I.C.I.                         ";COLON 1480;956494;"LG03N70        ";LG03N70 - BIDE BLACK C.STD BERNA;4;4;4;23400680;150926091549204;183583109;;;;11/18/2031 00:00:00;4;13964972;15/09/2026 09:15:49;Maximiliano;Nievas;;;;;;Maximiliano Nievas;
14252154;15/09/2026 10:03:45;3;2;0001  215492-1;06;CAMIONETA MIE 2;2092358;"ET02    ";"EL TEHUELCHE S.A.C.I.C.I.                         ";COLON 1480;952862;"70-058         ";70-058 - BIDE CR C.STD MALBA;2;2;2;23400680;150926091549204;183582576;;;;10/20/2031 00:00:00;2;13964972;15/09/2026 09:15:49;Maximiliano;Nievas;;;;;;Maximiliano Nievas;
14252154;15/09/2026 10:03:45;3;2;0001  215492-1;06;CAMIONETA MIE 2;2092358;"ET02    ";"EL TEHUELCHE S.A.C.I.C.I.                         ";COLON 1480;956493;"LG03N60        ";LG03N60 - LAVATORIO BLACK C.STD BERNA;16;16;16;23400763;150926091753287;183734177;;;;12/10/2031 00:00:00;2;13965020;15/09/2026 09:17:53;Maximiliano;Nievas;;;;;;Maximiliano Nievas;
14252154;15/09/2026 10:03:45;3;2;0001  215492-1;06;CAMIONETA MIE 2;2092358;"ET02    ";"EL TEHUELCHE S.A.C.I.C.I.                         ";COLON 1480;953244;"814/CRC        ";814/CRC - MESADA P.FUNDIDO CR/CR C.CERAM. ARES;3;3;3;23400763;150926091753287;183579655;;;;02/16/2032 00:00:00;3;13965020;15/09/2026 09:17:53;Maximiliano;Nievas;;;;;;Maximiliano Nievas;
14252154;15/09/2026 10:03:45;3;2;0001  215492-1;06;CAMIONETA MIE 2;2092358;"ET02    ";"EL TEHUELCHE S.A.C.I.C.I.                         ";COLON 1480;953028;"80-010         ";80-010 - DUCHA EMB. C/TRANSF. BL/CR LORCA;4;4;4;23400763;150926091753287;183570953;;;;10/12/2031 00:00:00;4;13965020;15/09/2026 09:17:53;Maximiliano;Nievas;;;;;;Maximiliano Nievas;
14252154;15/09/2026 10:03:45;3;2;0001  215492-1;06;CAMIONETA MIE 2;2092358;"ET02    ";"EL TEHUELCHE S.A.C.I.C.I.                         ";COLON 1480;952856;"70-045         ";70-045 - BIDE CROMO C.STD CRUZ;1;1;1;23400763;150926091753287;183578785;;;;02/01/2032 00:00:00;1;13965020;15/09/2026 09:17:53;Maximiliano;Nievas;;;;;;Maximiliano Nievas;
14252154;15/09/2026 10:03:45;3;2;0001  215492-1;06;CAMIONETA MIE 2;2092358;"ET02    ";"EL TEHUELCHE S.A.C.I.C.I.                         ";COLON 1480;956493;"LG03N60        ";LG03N60 - LAVATORIO BLACK C.STD BERNA;16;16;16;23400808;150926091852941;183734478;;;;12/10/2031 00:00:00;10;13965043;15/09/2026 09:18:52;Maximiliano;Nievas;;;;;;Maximiliano Nievas;
14252154;15/09/2026 10:03:45;3;2;0001  215492-1;06;CAMIONETA MIE 2;2092358;"ET02    ";"EL TEHUELCHE S.A.C.I.C.I.                         ";COLON 1480;951348;"1940           ";"1940 - QUEINOX MH 3/4"" x 40";10;10;10;23401386;150926093040559;183600966;;;;07/27/2031 00:00:00;10;13965338;15/09/2026 09:30:40;Maximiliano;Nievas;;;;;;Maximiliano Nievas;
14252154;15/09/2026 10:03:45;3;2;0001  215492-1;06;CAMIONETA MIE 2;2092358;"ET02    ";"EL TEHUELCHE S.A.C.I.C.I.                         ";COLON 1480;951112;"12003          ";"SET DE 3 PIEZAS LINEA 12000                                           ";2;2;2;23401386;150926093040559;183590729;;;;08/12/2031 00:00:00;2;13965338;15/09/2026 09:30:40;Maximiliano;Nievas;;;;;;Maximiliano Nievas;
14252154;15/09/2026 10:03:45;3;2;0001  215492-1;06;CAMIONETA MIE 2;2092358;"ET02    ";"EL TEHUELCHE S.A.C.I.C.I.                         ";COLON 1480;951153;"1325           ";"QUEINOX MACHO MOVIL MH 1/2"" x 25                                      ";20;20;20;23401386;150926093040559;183596913;;;;02/21/2032 00:00:00;20;13965338;15/09/2026 09:30:40;Maximiliano;Nievas;;;;;;Maximiliano Nievas;
14252154;15/09/2026 10:03:45;3;2;0001  215492-1;06;CAMIONETA MIE 2;2092358;"ET02    ";"EL TEHUELCHE S.A.C.I.C.I.                         ";COLON 1480;951343;"1930-70GN      ";1930-70GN - FLEXIBLE P/GAS NATURAL C/PILAR H 1 1/4-M 3/4 30-70;2;2;2;23401386;150926093040559;183589562;;;;07/31/2031 00:00:00;2;13965338;15/09/2026 09:30:40;Maximiliano;Nievas;;;;;;Maximiliano Nievas;
14252154;15/09/2026 10:03:45;3;2;0001  215492-1;06;CAMIONETA MIE 2;2092358;"ET02    ";"EL TEHUELCHE S.A.C.I.C.I.                         ";COLON 1480;951113;"12004N         ";"SET DE 4 PIEZAS LINEA 12000 BLACK                                     ";4;4;4;23401945;150926094204503;183611657;;;;09/01/2031 00:00:00;4;13965666;15/09/2026 09:42:04;Maximiliano;Nievas;;;;;;Maximiliano Nievas;
14252154;15/09/2026 10:03:45;3;2;0001  215492-1;06;CAMIONETA MIE 2;2092358;"ET02    ";"EL TEHUELCHE S.A.C.I.C.I.                         ";COLON 1480;951548;"20-179         ";20-179 - MONOCOMANDO DE COCINA LARA;3;3;3;23401945;150926094204503;183582070;;;;07/27/2031 00:00:00;3;13965666;15/09/2026 09:42:04;Maximiliano;Nievas;;;;;;Maximiliano Nievas;
14252154;15/09/2026 10:03:45;3;2;0001  215492-1;06;CAMIONETA MIE 2;2092358;"ET02    ";"EL TEHUELCHE S.A.C.I.C.I.                         ";COLON 1480;956484;"LG02C20        ";"MONOCOMANDO COCINA CR GINEBRA                                         ";2;2;2;23401945;150926094204503;183608324;;;;07/29/2031 00:00:00;2;13965666;15/09/2026 09:42:04;Maximiliano;Nievas;;;;;;Maximiliano Nievas;
14252154;15/09/2026 10:03:45;3;2;0001  215492-1;06;CAMIONETA MIE 2;2092358;"ET02    ";"EL TEHUELCHE S.A.C.I.C.I.                         ";COLON 1480;954649;"A814           ";A814 - DUCHA C/BRAZO Y CAMPANA CR;4;4;4;23401945;150926094204503;183586323;;;;08/13/2031 00:00:00;4;13965666;15/09/2026 09:42:04;Maximiliano;Nievas;;;;;;Maximiliano Nievas;
14252154;15/09/2026 10:03:45;3;2;0001  215492-1;06;CAMIONETA MIE 2;2092358;"ET02    ";"EL TEHUELCHE S.A.C.I.C.I.                         ";COLON 1480;954648;"A813           ";A813 - DUCHA C/BRAZO Y CAMPANA CR 3 FUNCIONES;4;4;4;23401945;150926094204503;183587266;;;;07/27/2031 00:00:00;4;13965666;15/09/2026 09:42:04;Maximiliano;Nievas;;;;;;Maximiliano Nievas;
14252154;15/09/2026 10:03:45;3;2;0001  215492-1;06;CAMIONETA MIE 2;2092358;"ET02    ";"EL TEHUELCHE S.A.C.I.C.I.                         ";COLON 1480;953182;"8040           ";8040 - PORTA ROLLO LINEA 8000;8;8;8;23401945;150926094204503;183584821;;;;08/12/2031 00:00:00;8;13965666;15/09/2026 09:42:04;Maximiliano;Nievas;;;;;;Maximiliano Nievas;
14252154;15/09/2026 10:03:45;3;2;0001  215492-1;06;CAMIONETA MIE 2;2092358;"ET02    ";"EL TEHUELCHE S.A.C.I.C.I.                         ";COLON 1480;953167;"8030           ";8030 - PERCHA LINEA 8000;10;10;10;23401945;150926094204503;183584106;;;;07/29/2031 00:00:00;10;13965666;15/09/2026 09:42:04;Maximiliano;Nievas;;;;;;Maximiliano Nievas;
14252154;15/09/2026 10:03:45;3;2;0001  215492-1;06;CAMIONETA MIE 2;2092358;"ET02    ";"EL TEHUELCHE S.A.C.I.C.I.                         ";COLON 1480;953151;"8020           ";8020 - TOALLERO DE ARO LINEA 8000;3;3;3;23401945;150926094204503;183585369;;;;07/31/2031 00:00:00;3;13965666;15/09/2026 09:42:04;Maximiliano;Nievas;;;;;;Maximiliano Nievas;
14252154;15/09/2026 10:03:45;3;2;0001  215492-1;06;CAMIONETA MIE 2;2092358;"ET02    ";"EL TEHUELCHE S.A.C.I.C.I.                         ";COLON 1480;951535;"20-160         ";20-160 - MONOCOMANDO MESADA COCINA DIQUE;4;4;4;23402983;150926100128238;183618405;;;;07/28/2031 00:00:00;4;13966331;15/09/2026 10:01:28;Maximiliano;Nievas;;;;;;Maximiliano Nievas;
14252154;15/09/2026 10:03:45;3;2;0001  215492-1;06;CAMIONETA MIE 2;2092358;"ET02    ";"EL TEHUELCHE S.A.C.I.C.I.                         ";COLON 1480;953312;"83-133         ";83-133 - DUCHA EXT. C/TRANSF. MONOCOMANDO LUGO;3;3;3;23402983;150926100128238;183620361;;;;09/03/2031 00:00:00;3;13966331;15/09/2026 10:01:28;Maximiliano;Nievas;;;;;;Maximiliano Nievas;
14252154;15/09/2026 10:03:45;3;2;0001  215492-1;06;CAMIONETA MIE 2;2092358;"ET02    ";"EL TEHUELCHE S.A.C.I.C.I.                         ";COLON 1480;952896;"70-133         ";70-133 - BIDE MONOCOMANDO LUGO;1;1;1;23402983;150926100128238;183605860;;;;07/27/2031 00:00:00;1;13966331;15/09/2026 10:01:28;Maximiliano;Nievas;;;;;;Maximiliano Nievas;
14252154;15/09/2026 10:03:45;3;2;0001  215492-1;06;CAMIONETA MIE 2;2092358;"ET02    ";"EL TEHUELCHE S.A.C.I.C.I.                         ";COLON 1480;951652;"22006N         ";"SET DE 6 PIEZAS LINEA 22000 BLACK                                     ";4;4;4;23403022;150926100207271;183613883;;;;09/01/2031 00:00:00;4;13966350;15/09/2026 10:02:07;Maximiliano;Nievas;;;;;;Maximiliano Nievas;
14252155;15/09/2026 13:05:30;3;2;0001  215493-1;06;CAMIONETA MIE 2;2092358;"ET02    ";"EL TEHUELCHE S.A.C.I.C.I.                         ";SAN MARTIN E/BROWN Y FINOCCHIO;951113;"12004N         ";"SET DE 4 PIEZAS LINEA 12000 BLACK                                     ";3;3;3;23377726;150926130530300;183557924;;;;09/01/2031 00:00:00;3;13971958;15/09/2026 13:05:30;Maximiliano;Nievas;24654350;14/09/2026 13:36:45;6922;Franco;Potenza;Maximiliano Nievas;Franco Potenza
14252155;15/09/2026 13:05:30;3;2;0001  215493-1;06;CAMIONETA MIE 2;2092358;"ET02    ";"EL TEHUELCHE S.A.C.I.C.I.                         ";SAN MARTIN E/BROWN Y FINOCCHIO;953312;"83-133         ";83-133 - DUCHA EXT. C/TRANSF. MONOCOMANDO LUGO;2;2;2;23377726;150926130530300;183556133;;;;09/03/2031 00:00:00;2;13971958;15/09/2026 13:05:30;Maximiliano;Nievas;24654350;14/09/2026 13:36:45;6922;Franco;Potenza;Maximiliano Nievas;Franco Potenza
14252155;15/09/2026 13:05:30;3;2;0001  215493-1;06;CAMIONETA MIE 2;2092358;"ET02    ";"EL TEHUELCHE S.A.C.I.C.I.                         ";SAN MARTIN E/BROWN Y FINOCCHIO;952426;"51-010         ";51-010 - COCINA MESADA BL/CR LORCA;6;6;6;23379800;150926125856540;183571662;;;;01/14/2032 00:00:00;6;13971869;15/09/2026 12:58:56;Maximiliano;Nievas;24656501;14/09/2026 14:03:23;7827;Javier;Machado;Maximiliano Nievas;Javier Machado
14252155;15/09/2026 13:05:30;3;2;0001  215493-1;06;CAMIONETA MIE 2;2092358;"ET02    ";"EL TEHUELCHE S.A.C.I.C.I.                         ";SAN MARTIN E/BROWN Y FINOCCHIO;952551;"60-010         ";60-010 - LAVATORIO BL/CR LORCA;4;4;4;23379800;150926125856540;183573521;;;;01/14/2032 00:00:00;2;13971869;15/09/2026 12:58:56;Maximiliano;Nievas;24656501;14/09/2026 14:03:23;7827;Javier;Machado;Maximiliano Nievas;Javier Machado
14252155;15/09/2026 13:05:30;3;2;0001  215493-1;06;CAMIONETA MIE 2;2092358;"ET02    ";"EL TEHUELCHE S.A.C.I.C.I.                         ";SAN MARTIN E/BROWN Y FINOCCHIO;952577;"60-045         ";60-045 - LAVATORIO CR/CR C.STD CRUZ;1;1;1;23379800;150926125856540;183578106;;;;01/24/2032 00:00:00;1;13971869;15/09/2026 12:58:56;Maximiliano;Nievas;24656501;14/09/2026 14:03:23;7827;Javier;Machado;Maximiliano Nievas;Javier Machado
14252155;15/09/2026 13:05:30;3;2;0001  215493-1;06;CAMIONETA MIE 2;2092358;"ET02    ";"EL TEHUELCHE S.A.C.I.C.I.                         ";SAN MARTIN E/BROWN Y FINOCCHIO;956493;"LG03N60        ";LG03N60 - LAVATORIO BLACK C.STD BERNA;6;6;6;23412505;150926125725984;183575529;;;;12/10/2031 00:00:00;6;13971909;15/09/2026 12:57:26;Maximiliano;Nievas;;;;;;Maximiliano Nievas;
14252155;15/09/2026 13:05:30;3;2;0001  215493-1;06;CAMIONETA MIE 2;2092358;"ET02    ";"EL TEHUELCHE S.A.C.I.C.I.                         ";SAN MARTIN E/BROWN Y FINOCCHIO;952420;"51-002         ";51-002 - COCINA MESADA RENACER;2;2;2;23412505;150926125725984;183576664;;;;11/03/2031 00:00:00;2;13971909;15/09/2026 12:57:26;Maximiliano;Nievas;;;;;;Maximiliano Nievas;
14252155;15/09/2026 13:05:30;3;2;0001  215493-1;06;CAMIONETA MIE 2;2092358;"ET02    ";"EL TEHUELCHE S.A.C.I.C.I.                         ";SAN MARTIN E/BROWN Y FINOCCHIO;952551;"60-010         ";60-010 - LAVATORIO BL/CR LORCA;4;4;4;23412505;150926125725984;183815939;;;;01/14/2032 00:00:00;2;13971909;15/09/2026 12:57:26;Maximiliano;Nievas;;;;;;Maximiliano Nievas;
14252155;15/09/2026 13:05:30;3;2;0001  215493-1;06;CAMIONETA MIE 2;2092358;"ET02    ";"EL TEHUELCHE S.A.C.I.C.I.                         ";SAN MARTIN E/BROWN Y FINOCCHIO;951652;"22006N         ";"SET DE 6 PIEZAS LINEA 22000 BLACK                                     ";3;3;3;23412651;150926130028586;183556838;;;;09/01/2031 00:00:00;3;13971996;15/09/2026 13:00:28;Maximiliano;Nievas;;;;;;Maximiliano Nievas;
14252155;15/09/2026 13:05:30;3;2;0001  215493-1;06;CAMIONETA MIE 2;2092358;"ET02    ";"EL TEHUELCHE S.A.C.I.C.I.                         ";SAN MARTIN E/BROWN Y FINOCCHIO;951651;"22006          ";"SET DE 6 PIEZAS LINEA 22000                                           ";3;3;3;23412651;150926130028586;183557295;;;;09/01/2031 00:00:00;3;13971996;15/09/2026 13:00:28;Maximiliano;Nievas;;;;;;Maximiliano Nievas;
14252155;15/09/2026 13:05:30;3;2;0001  215493-1;06;CAMIONETA MIE 2;2092358;"ET02    ";"EL TEHUELCHE S.A.C.I.C.I.                         ";SAN MARTIN E/BROWN Y FINOCCHIO;951611;"21-160         ";"MONOCOMANDO DUO COCINA CROMO DIQUE                                    ";4;4;4;23412729;150926130233037;183564917;;;;12/14/2031 00:00:00;4;13972044;15/09/2026 13:02:33;Maximiliano;Nievas;;;;;;Maximiliano Nievas;
14252155;15/09/2026 13:05:30;3;2;0001  215493-1;06;CAMIONETA MIE 2;2092358;"ET02    ";"EL TEHUELCHE S.A.C.I.C.I.                         ";SAN MARTIN E/BROWN Y FINOCCHIO;951535;"20-160         ";20-160 - MONOCOMANDO MESADA COCINA DIQUE;2;2;2;23412729;150926130233037;183556453;;;;07/28/2031 00:00:00;2;13972044;15/09/2026 13:02:33;Maximiliano;Nievas;;;;;;Maximiliano Nievas;
14252155;15/09/2026 13:05:30;3;2;0001  215493-1;06;CAMIONETA MIE 2;2092358;"ET02    ";"EL TEHUELCHE S.A.C.I.C.I.                         ";SAN MARTIN E/BROWN Y FINOCCHIO;956505;"LG07C20        ";"MONOCOMANDO DE COCINA CR ZURICH                                       ";3;3;3;23412753;150926130306142;183559351;;;;12/20/2031 00:00:00;3;13972058;15/09/2026 13:03:06;Maximiliano;Nievas;;;;;;Maximiliano Nievas;
14252155;15/09/2026 13:05:30;3;2;0001  215493-1;06;CAMIONETA MIE 2;2092358;"ET02    ";"EL TEHUELCHE S.A.C.I.C.I.                         ";SAN MARTIN E/BROWN Y FINOCCHIO;951153;"1325           ";"QUEINOX MACHO MOVIL MH 1/2"" x 25                                      ";20;20;20;23412792;150926130412240;183560862;;;;02/21/2032 00:00:00;20;13972077;15/09/2026 13:04:12;Maximiliano;Nievas;;;;;;Maximiliano Nievas;
14252156;15/09/2026 09:06:09;3;2;0001  215494-1;06;CAMIONETA MIE 2;2092358;"ET02    ";"EL TEHUELCHE S.A.C.I.C.I.                         ";SARMIENTO 4114;951611;"21-160         ";"MONOCOMANDO DUO COCINA CROMO DIQUE                                    ";6;6;6;23374991;150926083951620;183558683;;;;12/14/2031 00:00:00;6;13962838;15/09/2026 08:39:51;Maximiliano;Nievas;24651528;14/09/2026 13:31:43;7827;Javier;Machado;Maximiliano Nievas;Javier Machado
14252156;15/09/2026 09:06:09;3;2;0001  215494-1;06;CAMIONETA MIE 2;2092358;"ET02    ";"EL TEHUELCHE S.A.C.I.C.I.                         ";SARMIENTO 4114;953107;"80-162         ";80-162 - DUCHA EMB. C/TRANSF. CR C.CERAM ADRA;2;2;2;23379142;150926090607006;183568673;;;;07/29/2031 00:00:00;2;13964538;15/09/2026 09:06:07;Maximiliano;Nievas;24655916;14/09/2026 14:24:45;7807;Nicolas;Perez;Maximiliano Nievas;Nicolas Perez
14252156;15/09/2026 09:06:09;3;2;0001  215494-1;06;CAMIONETA MIE 2;2092358;"ET02    ";"EL TEHUELCHE S.A.C.I.C.I.                         ";SARMIENTO 4114;953493;"943/E          ";943/E - COCINA PARED EMB. CR VERIN;1;1;1;23379142;150926090607006;183580631;;;;08/03/2031 00:00:00;1;13964538;15/09/2026 09:06:07;Maximiliano;Nievas;24655916;14/09/2026 14:24:45;7807;Nicolas;Perez;Maximiliano Nievas;Nicolas Perez
14252156;15/09/2026 09:06:09;3;2;0001  215494-1;06;CAMIONETA MIE 2;2092358;"ET02    ";"EL TEHUELCHE S.A.C.I.C.I.                         ";SARMIENTO 4114;951348;"1940           ";"1940 - QUEINOX MH 3/4"" x 40";10;10;10;23396380;150926073200038;183565054;;;;07/27/2031 00:00:00;10;13962931;15/09/2026 07:32:00;Maximiliano;Nievas;;;;;;Maximiliano Nievas;
14252156;15/09/2026 09:06:09;3;2;0001  215494-1;06;CAMIONETA MIE 2;2092358;"ET02    ";"EL TEHUELCHE S.A.C.I.C.I.                         ";SARMIENTO 4114;951153;"1325           ";"QUEINOX MACHO MOVIL MH 1/2"" x 25                                      ";20;20;20;23396380;150926073200038;183566593;;;;02/21/2032 00:00:00;20;13962931;15/09/2026 07:32:00;Maximiliano;Nievas;;;;;;Maximiliano Nievas;
14252156;15/09/2026 09:06:09;3;2;0001  215494-1;06;CAMIONETA MIE 2;2092358;"ET02    ";"EL TEHUELCHE S.A.C.I.C.I.                         ";SARMIENTO 4114;951151;"1320-40GN      ";"FLEXIBLE P/GAS NATURAL EXTENSIBLE 1/2 20-40 CM                        ";3;3;3;23396380;150926073200038;183564211;;;;07/31/2031 00:00:00;3;13962931;15/09/2026 07:32:00;Maximiliano;Nievas;;;;;;Maximiliano Nievas;
14252156;15/09/2026 09:06:09;3;2;0001  215494-1;06;CAMIONETA MIE 2;2092358;"ET02    ";"EL TEHUELCHE S.A.C.I.C.I.                         ";SARMIENTO 4114;954678;"A842           ";A842 - DUCHADOR ANTICALCAREO 5 FUNCIONES C/SOPORTE Y FLEX;2;2;2;23396488;150926073546495;183562561;;;;07/28/2031 00:00:00;2;13962979;15/09/2026 07:35:46;Maximiliano;Nievas;;;;;;Maximiliano Nievas;
14252156;15/09/2026 09:06:09;3;2;0001  215494-1;06;CAMIONETA MIE 2;2092358;"ET02    ";"EL TEHUELCHE S.A.C.I.C.I.                         ";SARMIENTO 4114;954656;"A819           ";A819 - DUCHADOR ANTICALCAREO C/FLEXIBLE Y SOPORTE;2;2;2;23396488;150926073546495;183562430;;;;07/27/2031 00:00:00;2;13962979;15/09/2026 07:35:46;Maximiliano;Nievas;;;;;;Maximiliano Nievas;
14252156;15/09/2026 09:06:09;3;2;0001  215494-1;06;CAMIONETA MIE 2;2092358;"ET02    ";"EL TEHUELCHE S.A.C.I.C.I.                         ";SARMIENTO 4114;951156;"1330           ";"QUEINOX MACHO MOVIL MH 1/2"" x 30                                      ";20;20;20;23396488;150926073546495;183566036;;;;02/16/2032 00:00:00;20;13962979;15/09/2026 07:35:46;Maximiliano;Nievas;;;;;;Maximiliano Nievas;
14252156;15/09/2026 09:06:09;3;2;0001  215494-1;06;CAMIONETA MIE 2;2092358;"ET02    ";"EL TEHUELCHE S.A.C.I.C.I.                         ";SARMIENTO 4114;954650;"A815           ";"A815 - DUCHA 8"" C/BRAZO Y CAMPANA CR";2;2;2;23396720;150926074408570;183562163;;;;07/28/2031 00:00:00;2;13963076;15/09/2026 07:44:08;Maximiliano;Nievas;;;;;;Maximiliano Nievas;
14252156;15/09/2026 09:06:09;3;2;0001  215494-1;06;CAMIONETA MIE 2;2092358;"ET02    ";"EL TEHUELCHE S.A.C.I.C.I.                         ";SARMIENTO 4114;954679;"A843           ";A843 - DUCHADOR ANTICALCAREO 5F C/BARRAL,SOP,FLEX,JABONER;2;2;2;23396720;150926074408570;183563252;;;;07/28/2031 00:00:00;2;13963076;15/09/2026 07:44:08;Maximiliano;Nievas;;;;;;Maximiliano Nievas;
14252156;15/09/2026 09:06:09;3;2;0001  215494-1;06;CAMIONETA MIE 2;2092358;"ET02    ";"EL TEHUELCHE S.A.C.I.C.I.                         ";SARMIENTO 4114;953069;"8010           ";8010 - TOALLERO BARRAL LINEA 8000;2;2;2;23396720;150926074408570;183560976;;;;07/27/2031 00:00:00;2;13963076;15/09/2026 07:44:08;Maximiliano;Nievas;;;;;;Maximiliano Nievas;
14252156;15/09/2026 09:06:09;3;2;0001  215494-1;06;CAMIONETA MIE 2;2092358;"ET02    ";"EL TEHUELCHE S.A.C.I.C.I.                         ";SARMIENTO 4114;954791;"A996           ";A996 - DUCHA 8' CUADRADA CR C/BRAZO Y CAMPANA;2;2;2;23396763;150926074526380;183563395;;;;07/29/2031 00:00:00;2;13963096;15/09/2026 07:45:26;Maximiliano;Nievas;;;;;;Maximiliano Nievas;
14252156;15/09/2026 09:06:09;3;2;0001  215494-1;06;CAMIONETA MIE 2;2092358;"ET02    ";"EL TEHUELCHE S.A.C.I.C.I.                         ";SARMIENTO 4114;954651;"A816           ";"A816 - DUCHA 6"" C/BRAZO Y CAMPANA CR";6;6;6;23396763;150926074526380;183561987;;;;07/27/2031 00:00:00;6;13963096;15/09/2026 07:45:26;Maximiliano;Nievas;;;;;;Maximiliano Nievas;
14252156;15/09/2026 09:06:09;3;2;0001  215494-1;06;CAMIONETA MIE 2;2092358;"ET02    ";"EL TEHUELCHE S.A.C.I.C.I.                         ";SARMIENTO 4114;954649;"A814           ";A814 - DUCHA C/BRAZO Y CAMPANA CR;4;4;4;23396916;150926075013695;183561585;;;;08/13/2031 00:00:00;4;13963147;15/09/2026 07:50:13;Maximiliano;Nievas;;;;;;Maximiliano Nievas;
14252156;15/09/2026 09:06:09;3;2;0001  215494-1;06;CAMIONETA MIE 2;2092358;"ET02    ";"EL TEHUELCHE S.A.C.I.C.I.                         ";SARMIENTO 4114;953151;"8020           ";8020 - TOALLERO DE ARO LINEA 8000;2;2;2;23396916;150926075013695;183560341;;;;07/31/2031 00:00:00;2;13963147;15/09/2026 07:50:13;Maximiliano;Nievas;;;;;;Maximiliano Nievas;
14252156;15/09/2026 09:06:09;3;2;0001  215494-1;06;CAMIONETA MIE 2;2092358;"ET02    ";"EL TEHUELCHE S.A.C.I.C.I.                         ";SARMIENTO 4114;953182;"8040           ";8040 - PORTA ROLLO LINEA 8000;10;10;10;23396916;150926075013695;183559921;;;;08/12/2031 00:00:00;10;13963147;15/09/2026 07:50:13;Maximiliano;Nievas;;;;;;Maximiliano Nievas;
14252156;15/09/2026 09:06:09;3;2;0001  215494-1;06;CAMIONETA MIE 2;2092358;"ET02    ";"EL TEHUELCHE S.A.C.I.C.I.                         ";SARMIENTO 4114;951168;"1340           ";"QUEINOX MACHO MOVIL MH 1/2"" x 40                                      ";20;20;20;23397044;150926075349008;183536190;;;;02/09/2032 00:00:00;20;13963195;15/09/2026 07:53:49;Maximiliano;Nievas;;;;;;Maximiliano Nievas;
14252156;15/09/2026 09:06:09;3;2;0001  215494-1;06;CAMIONETA MIE 2;2092358;"ET02    ";"EL TEHUELCHE S.A.C.I.C.I.                         ";SARMIENTO 4114;951177;"1350           ";"QUEINOX MACHO MOVIL MH 1/2"" x 50                                      ";20;20;20;23397114;150926075517481;183535016;;;;07/27/2031 00:00:00;20;13963212;15/09/2026 07:55:17;Maximiliano;Nievas;;;;;;Maximiliano Nievas;
14252156;15/09/2026 09:06:09;3;2;0001  215494-1;06;CAMIONETA MIE 2;2092358;"ET02    ";"EL TEHUELCHE S.A.C.I.C.I.                         ";SARMIENTO 4114;953063;"8006           ";8006 - SET DE 6 PIEZAS LINEA 8000;4;4;4;23397149;150926075647901;183557845;;;;07/29/2031 00:00:00;4;13963232;15/09/2026 07:56:47;Maximiliano;Nievas;;;;;;Maximiliano Nievas;
14252156;15/09/2026 09:06:09;3;2;0001  215494-1;06;CAMIONETA MIE 2;2092358;"ET02    ";"EL TEHUELCHE S.A.C.I.C.I.                         ";SARMIENTO 4114;951116;"12006          ";"SET DE 6 PIEZAS LINEA 12000                                           ";4;4;4;23397160;150926075703783;183554054;;;;07/30/2031 00:00:00;4;13963235;15/09/2026 07:57:03;Maximiliano;Nievas;;;;;;Maximiliano Nievas;
14252156;15/09/2026 09:06:09;3;2;0001  215494-1;06;CAMIONETA MIE 2;2092358;"ET02    ";"EL TEHUELCHE S.A.C.I.C.I.                         ";SARMIENTO 4114;951652;"22006N         ";"SET DE 6 PIEZAS LINEA 22000 BLACK                                     ";4;4;4;23397197;150926075820035;183537729;;;;09/01/2031 00:00:00;4;13963256;15/09/2026 07:58:20;Maximiliano;Nievas;;;;;;Maximiliano Nievas;
14252156;15/09/2026 09:06:09;3;2;0001  215494-1;06;CAMIONETA MIE 2;2092358;"ET02    ";"EL TEHUELCHE S.A.C.I.C.I.                         ";SARMIENTO 4114;951651;"22006          ";"SET DE 6 PIEZAS LINEA 22000                                           ";4;4;4;23397201;150926075829949;183537334;;;;09/01/2031 00:00:00;4;13963257;15/09/2026 07:58:29;Maximiliano;Nievas;;;;;;Maximiliano Nievas;
14252156;15/09/2026 09:06:09;3;2;0001  215494-1;06;CAMIONETA MIE 2;2092358;"ET02    ";"EL TEHUELCHE S.A.C.I.C.I.                         ";SARMIENTO 4114;956484;"LG02C20        ";"MONOCOMANDO COCINA CR GINEBRA                                         ";10;10;10;23397247;150926075939828;183709107;;;;07/29/2031 00:00:00;5;13963271;15/09/2026 07:59:39;Maximiliano;Nievas;;;;;;Maximiliano Nievas;
14252156;15/09/2026 09:06:09;3;2;0001  215494-1;06;CAMIONETA MIE 2;2092358;"ET02    ";"EL TEHUELCHE S.A.C.I.C.I.                         ";SARMIENTO 4114;956487;"LG02N20        ";"MONOCOMANDO COCINA BLACK GINEBRA                                      ";5;5;5;23397289;150926080035247;183556583;;;;07/30/2031 00:00:00;5;13963288;15/09/2026 08:00:35;Maximiliano;Nievas;;;;;;Maximiliano Nievas;
14252156;15/09/2026 09:06:09;3;2;0001  215494-1;06;CAMIONETA MIE 2;2092358;"ET02    ";"EL TEHUELCHE S.A.C.I.C.I.                         ";SARMIENTO 4114;953312;"83-133         ";83-133 - DUCHA EXT. C/TRANSF. MONOCOMANDO LUGO;3;3;3;23398619;150926083136338;183552511;;;;09/03/2031 00:00:00;3;13963953;15/09/2026 08:31:36;Maximiliano;Nievas;;;;;;Maximiliano Nievas;
14252156;15/09/2026 09:06:09;3;2;0001  215494-1;06;CAMIONETA MIE 2;2092358;"ET02    ";"EL TEHUELCHE S.A.C.I.C.I.                         ";SARMIENTO 4114;952896;"70-133         ";70-133 - BIDE MONOCOMANDO LUGO;1;1;1;23398619;150926083136338;183557959;;;;07/27/2031 00:00:00;1;13963953;15/09/2026 08:31:36;Maximiliano;Nievas;;;;;;Maximiliano Nievas;
14252156;15/09/2026 09:06:09;3;2;0001  215494-1;06;CAMIONETA MIE 2;2092358;"ET02    ";"EL TEHUELCHE S.A.C.I.C.I.                         ";SARMIENTO 4114;952618;"60-133         ";60-133 - LAVATORIO MONOCOMANDO LUGO;3;3;3;23398619;150926083136338;183538459;;;;07/29/2031 00:00:00;3;13963953;15/09/2026 08:31:36;Maximiliano;Nievas;;;;;;Maximiliano Nievas;
14252156;15/09/2026 09:06:09;3;2;0001  215494-1;06;CAMIONETA MIE 2;2092358;"ET02    ";"EL TEHUELCHE S.A.C.I.C.I.                         ";SARMIENTO 4114;956483;"LG01C60        ";LG01C60 - LAVATORIO MONOC CR LUCERNA;15;15;15;23398619;150926083136338;183718772;;;;07/28/2031 00:00:00;5;13963953;15/09/2026 08:31:36;Maximiliano;Nievas;;;;;;Maximiliano Nievas;
14252156;15/09/2026 09:06:09;3;2;0001  215494-1;06;CAMIONETA MIE 2;2092358;"ET02    ";"EL TEHUELCHE S.A.C.I.C.I.                         ";SARMIENTO 4114;951535;"20-160         ";20-160 - MONOCOMANDO MESADA COCINA DIQUE;4;4;4;23398636;150926083152494;183553015;;;;07/28/2031 00:00:00;4;13963960;15/09/2026 08:31:52;Maximiliano;Nievas;;;;;;Maximiliano Nievas;
14252156;15/09/2026 09:06:09;3;2;0001  215494-1;06;CAMIONETA MIE 2;2092358;"ET02    ";"EL TEHUELCHE S.A.C.I.C.I.                         ";SARMIENTO 4114;951113;"12004N         ";"SET DE 4 PIEZAS LINEA 12000 BLACK                                     ";4;4;4;23398757;150926083535986;183554966;;;;09/01/2031 00:00:00;4;13964062;15/09/2026 08:35:36;Maximiliano;Nievas;;;;;;Maximiliano Nievas;
14252156;15/09/2026 09:06:09;3;2;0001  215494-1;06;CAMIONETA MIE 2;2092358;"ET02    ";"EL TEHUELCHE S.A.C.I.C.I.                         ";SARMIENTO 4114;956483;"LG01C60        ";LG01C60 - LAVATORIO MONOC CR LUCERNA;15;15;15;23398825;150926083649737;183557361;;;;07/28/2031 00:00:00;10;13964094;15/09/2026 08:36:49;Maximiliano;Nievas;;;;;;Maximiliano Nievas;
14252156;15/09/2026 09:06:09;3;2;0001  215494-1;06;CAMIONETA MIE 2;2092358;"ET02    ";"EL TEHUELCHE S.A.C.I.C.I.                         ";SARMIENTO 4114;956484;"LG02C20        ";"MONOCOMANDO COCINA CR GINEBRA                                         ";10;10;10;23398875;150926083754707;183556120;;;;07/29/2031 00:00:00;5;13964123;15/09/2026 08:37:54;Maximiliano;Nievas;;;;;;Maximiliano Nievas;
14252156;15/09/2026 09:06:09;3;2;0001  215494-1;06;CAMIONETA MIE 2;2092358;"ET02    ";"EL TEHUELCHE S.A.C.I.C.I.                         ";SARMIENTO 4114;952912;"70-162         ";70-162 - BIDE CR C.CERAM LINEA ADRA;2;2;2;23399831;150926090001573;183568466;;;;07/29/2031 00:00:00;2;13964603;15/09/2026 09:00:01;Maximiliano;Nievas;;;;;;Maximiliano Nievas;
14252156;15/09/2026 09:06:09;3;2;0001  215494-1;06;CAMIONETA MIE 2;2092358;"ET02    ";"EL TEHUELCHE S.A.C.I.C.I.                         ";SARMIENTO 4114;952856;"70-045         ";70-045 - BIDE CROMO C.STD CRUZ;1;1;1;23399831;150926090001573;183578890;;;;02/01/2032 00:00:00;1;13964603;15/09/2026 09:00:01;Maximiliano;Nievas;;;;;;Maximiliano Nievas;
14252156;15/09/2026 09:06:09;3;2;0001  215494-1;06;CAMIONETA MIE 2;2092358;"ET02    ";"EL TEHUELCHE S.A.C.I.C.I.                         ";SARMIENTO 4114;952831;"70-010         ";70-010 - BIDE BL/CR LORCA;3;3;3;23399831;150926090001573;183571981;;;;12/08/2031 00:00:00;3;13964603;15/09/2026 09:00:01;Maximiliano;Nievas;;;;;;Maximiliano Nievas;
14252156;15/09/2026 09:06:09;3;2;0001  215494-1;06;CAMIONETA MIE 2;2092358;"ET02    ";"EL TEHUELCHE S.A.C.I.C.I.                         ";SARMIENTO 4114;952583;"60-058         ";60-058 - LAVATORIO CR C.STD MALBA;4;4;4;23399831;150926090001573;183581850;;;;12/03/2031 00:00:00;4;13964603;15/09/2026 09:00:01;Maximiliano;Nievas;;;;;;Maximiliano Nievas;
14252156;15/09/2026 09:06:09;3;2;0001  215494-1;06;CAMIONETA MIE 2;2092358;"ET02    ";"EL TEHUELCHE S.A.C.I.C.I.                         ";SARMIENTO 4114;952509;"55-010         ";55-010 - COCINA PARED EMB. P.ALTO BL/CR LORCA;4;4;4;23399947;150926090158256;183572309;;;;01/10/2032 00:00:00;4;13964649;15/09/2026 09:01:58;Maximiliano;Nievas;;;;;;Maximiliano Nievas;
14252156;15/09/2026 09:06:09;3;2;0001  215494-1;06;CAMIONETA MIE 2;2092358;"ET02    ";"EL TEHUELCHE S.A.C.I.C.I.                         ";SARMIENTO 4114;952551;"60-010         ";60-010 - LAVATORIO BL/CR LORCA;4;4;4;23399947;150926090158256;183567529;;;;12/07/2031 00:00:00;4;13964649;15/09/2026 09:01:58;Maximiliano;Nievas;;;;;;Maximiliano Nievas;
14252156;15/09/2026 09:06:09;3;2;0001  215494-1;06;CAMIONETA MIE 2;2092358;"ET02    ";"EL TEHUELCHE S.A.C.I.C.I.                         ";SARMIENTO 4114;952577;"60-045         ";60-045 - LAVATORIO CR/CR C.STD CRUZ;1;1;1;23399947;150926090158256;183577168;;;;01/24/2032 00:00:00;1;13964649;15/09/2026 09:01:58;Maximiliano;Nievas;;;;;;Maximiliano Nievas;
14252156;15/09/2026 09:06:09;3;2;0001  215494-1;06;CAMIONETA MIE 2;2092358;"ET02    ";"EL TEHUELCHE S.A.C.I.C.I.                         ";SARMIENTO 4114;953055;"80-045         ";80-045 - DUCHA EMB.C/TRANSF CR  C.STD CRUZ;1;1;1;23399947;150926090158256;183578083;;;;01/04/2032 00:00:00;1;13964649;15/09/2026 09:01:58;Maximiliano;Nievas;;;;;;Maximiliano Nievas;
14252156;15/09/2026 09:06:09;3;2;0001  215494-1;06;CAMIONETA MIE 2;2092358;"ET02    ";"EL TEHUELCHE S.A.C.I.C.I.                         ";SARMIENTO 4114;956493;"LG03N60        ";LG03N60 - LAVATORIO BLACK C.STD BERNA;10;10;10;23400002;150926090252467;183586496;;;;12/10/2031 00:00:00;10;13964673;15/09/2026 09:02:52;Maximiliano;Nievas;;;;;;Maximiliano Nievas;
14252156;15/09/2026 09:06:09;3;2;0001  215494-1;06;CAMIONETA MIE 2;2092358;"ET02    ";"EL TEHUELCHE S.A.C.I.C.I.                         ";SARMIENTO 4114;952634;"60-162         ";60-162 - LAVATORIO CR C.CERAM LINEA ADRA;6;6;6;23400132;150926090548911;183565269;;;;07/29/2031 00:00:00;6;13964747;15/09/2026 09:05:48;Maximiliano;Nievas;;;;;;Maximiliano Nievas;
14252156;15/09/2026 09:06:09;3;2;0001  215494-1;06;CAMIONETA MIE 2;2092358;"ET02    ";"EL TEHUELCHE S.A.C.I.C.I.                         ";SARMIENTO 4114;956494;"LG03N70        ";LG03N70 - BIDE BLACK C.STD BERNA;4;4;4;23400132;150926090548911;183583411;;;;11/18/2031 00:00:00;4;13964747;15/09/2026 09:05:48;Maximiliano;Nievas;;;;;;Maximiliano Nievas;
14252157;15/09/2026 12:00:51;3;2;0001  215496-1;06;CAMIONETA MIE 2;2092358;"ET02    ";"EL TEHUELCHE S.A.C.I.C.I.                         ";AV. TEHUELCHES 775;952583;"60-058         ";60-058 - LAVATORIO CR C.STD MALBA;4;4;4;23379143;150926114352250;183582111;;;;12/03/2031 00:00:00;4;13969196;15/09/2026 11:43:52;Maximiliano;Nievas;24655916;14/09/2026 14:24:45;7807;Nicolas;Perez;Maximiliano Nievas;Nicolas Perez
14252157;15/09/2026 12:00:51;3;2;0001  215496-1;06;CAMIONETA MIE 2;2092358;"ET02    ";"EL TEHUELCHE S.A.C.I.C.I.                         ";AV. TEHUELCHES 775;953055;"80-045         ";80-045 - DUCHA EMB.C/TRANSF CR  C.STD CRUZ;1;1;1;23379143;150926114352250;183578286;;;;01/04/2032 00:00:00;1;13969196;15/09/2026 11:43:52;Maximiliano;Nievas;24655916;14/09/2026 14:24:45;7807;Nicolas;Perez;Maximiliano Nievas;Nicolas Perez
14252157;15/09/2026 12:00:51;3;2;0001  215496-1;06;CAMIONETA MIE 2;2092358;"ET02    ";"EL TEHUELCHE S.A.C.I.C.I.                         ";AV. TEHUELCHES 775;953244;"814/CRC        ";814/CRC - MESADA P.FUNDIDO CR/CR C.CERAM. ARES;3;3;3;23379143;150926114352250;183579920;;;;02/16/2032 00:00:00;3;13969196;15/09/2026 11:43:52;Maximiliano;Nievas;24655916;14/09/2026 14:24:45;7807;Nicolas;Perez;Maximiliano Nievas;Nicolas Perez
14252157;15/09/2026 12:00:51;3;2;0001  215496-1;06;CAMIONETA MIE 2;2092358;"ET02    ";"EL TEHUELCHE S.A.C.I.C.I.                         ";AV. TEHUELCHES 775;954902;"BCH02          ";BCH02 - BACHA DE APOYAR CIRCULAR 1 AG. 415x145;2;2;2;23380112;150926093148383;183571872;;;;07/27/2031 00:00:00;2;13965365;15/09/2026 09:31:48;Gustavo;Soderquvist;24656753;14/09/2026 13:58:09;6922;Franco;Potenza;Gustavo Soderquvist;Franco Potenza
14252157;15/09/2026 12:00:51;3;2;0001  215496-1;06;CAMIONETA MIE 2;2092358;"ET02    ";"EL TEHUELCHE S.A.C.I.C.I.                         ";AV. TEHUELCHES 775;954907;"BCH06          ";BCH06 - BACHA DE APOYAR CIRCULAR 415x135;1;1;1;23380112;150926093148383;183574182;;;;10/04/2031 00:00:00;1;13965365;15/09/2026 09:31:48;Gustavo;Soderquvist;24656753;14/09/2026 13:58:09;6922;Franco;Potenza;Gustavo Soderquvist;Franco Potenza
14252157;15/09/2026 12:00:51;3;2;0001  215496-1;06;CAMIONETA MIE 2;2092358;"ET02    ";"EL TEHUELCHE S.A.C.I.C.I.                         ";AV. TEHUELCHES 775;954908;"BCH07          ";BCH07 - BACHA DE APOYAR OVALADA 400x330x150;2;2;2;23380112;150926093148383;183573282;;;;07/29/2031 00:00:00;2;13965365;15/09/2026 09:31:48;Gustavo;Soderquvist;24656753;14/09/2026 13:58:09;6922;Franco;Potenza;Gustavo Soderquvist;Franco Potenza
14252157;15/09/2026 12:00:51;3;2;0001  215496-1;06;CAMIONETA MIE 2;2092358;"ET02    ";"EL TEHUELCHE S.A.C.I.C.I.                         ";AV. TEHUELCHES 775;954922;"BCH19          ";"BACHA DE APOYAR BLANCA 365x235x120                                    ";2;2;2;23380112;150926093148383;183572547;;;;07/28/2031 00:00:00;2;13965365;15/09/2026 09:31:48;Gustavo;Soderquvist;24656753;14/09/2026 13:58:09;6922;Franco;Potenza;Gustavo Soderquvist;Franco Potenza
14252157;15/09/2026 12:00:51;3;2;0001  215496-1;06;CAMIONETA MIE 2;2092358;"ET02    ";"EL TEHUELCHE S.A.C.I.C.I.                         ";AV. TEHUELCHES 775;954678;"A842           ";A842 - DUCHADOR ANTICALCAREO 5 FUNCIONES C/SOPORTE Y FLEX;6;6;6;23381640;150926120050830;183588597;;;;07/28/2031 00:00:00;6;13969915;15/09/2026 12:00:50;Maximiliano;Nievas;24657836;14/09/2026 15:38:06;6922;Franco;Potenza;Maximiliano Nievas;Franco Potenza
14252157;15/09/2026 12:00:51;3;2;0001  215496-1;06;CAMIONETA MIE 2;2092358;"ET02    ";"EL TEHUELCHE S.A.C.I.C.I.                         ";AV. TEHUELCHES 775;953595;"A017           ";A017 - DUCHADOR CROMO C/BLISTER;3;3;3;23381640;150926120050830;183588833;;;;07/29/2031 00:00:00;3;13969915;15/09/2026 12:00:50;Maximiliano;Nievas;24657836;14/09/2026 15:38:06;6922;Franco;Potenza;Maximiliano Nievas;Franco Potenza
14252157;15/09/2026 12:00:51;3;2;0001  215496-1;06;CAMIONETA MIE 2;2092358;"ET02    ";"EL TEHUELCHE S.A.C.I.C.I.                         ";AV. TEHUELCHES 775;952426;"51-010         ";51-010 - COCINA MESADA BL/CR LORCA;12;12;12;23407822;150926112629323;183783065;;;;01/14/2032 00:00:00;10;13969230;15/09/2026 11:26:29;Maximiliano;Nievas;;;;;;Maximiliano Nievas;
14252157;15/09/2026 12:00:51;3;2;0001  215496-1;06;CAMIONETA MIE 2;2092358;"ET02    ";"EL TEHUELCHE S.A.C.I.C.I.                         ";AV. TEHUELCHES 775;952426;"51-010         ";51-010 - COCINA MESADA BL/CR LORCA;12;12;12;23407940;150926112811831;183574517;;;;01/14/2032 00:00:00;2;13969305;15/09/2026 11:28:11;Maximiliano;Nievas;;;;;;Maximiliano Nievas;
14252157;15/09/2026 12:00:51;3;2;0001  215496-1;06;CAMIONETA MIE 2;2092358;"ET02    ";"EL TEHUELCHE S.A.C.I.C.I.                         ";AV. TEHUELCHES 775;952856;"70-045         ";70-045 - BIDE CROMO C.STD CRUZ;1;1;1;23407940;150926112811831;183578999;;;;02/01/2032 00:00:00;1;13969305;15/09/2026 11:28:11;Maximiliano;Nievas;;;;;;Maximiliano Nievas;
14252157;15/09/2026 12:00:51;3;2;0001  215496-1;06;CAMIONETA MIE 2;2092358;"ET02    ";"EL TEHUELCHE S.A.C.I.C.I.                         ";AV. TEHUELCHES 775;956493;"LG03N60        ";LG03N60 - LAVATORIO BLACK C.STD BERNA;2;2;2;23407940;150926112811831;183586854;;;;12/10/2031 00:00:00;2;13969305;15/09/2026 11:28:11;Maximiliano;Nievas;;;;;;Maximiliano Nievas;
14252157;15/09/2026 12:00:51;3;2;0001  215496-1;06;CAMIONETA MIE 2;2092358;"ET02    ";"EL TEHUELCHE S.A.C.I.C.I.                         ";AV. TEHUELCHES 775;956494;"LG03N70        ";LG03N70 - BIDE BLACK C.STD BERNA;3;3;3;23407940;150926112811831;183583941;;;;11/18/2031 00:00:00;3;13969305;15/09/2026 11:28:11;Maximiliano;Nievas;;;;;;Maximiliano Nievas;
14252157;15/09/2026 12:00:51;3;2;0001  215496-1;06;CAMIONETA MIE 2;2092358;"ET02    ";"EL TEHUELCHE S.A.C.I.C.I.                         ";AV. TEHUELCHES 775;952551;"60-010         ";60-010 - LAVATORIO BL/CR LORCA;6;6;6;23408771;150926114229005;183568092;;;;12/07/2031 00:00:00;6;13969826;15/09/2026 11:42:29;Maximiliano;Nievas;;;;;;Maximiliano Nievas;
14252157;15/09/2026 12:00:51;3;2;0001  215496-1;06;CAMIONETA MIE 2;2092358;"ET02    ";"EL TEHUELCHE S.A.C.I.C.I.                         ";AV. TEHUELCHES 775;952577;"60-045         ";60-045 - LAVATORIO CR/CR C.STD CRUZ;2;2;2;23408771;150926114229005;183577306;;;;01/24/2032 00:00:00;2;13969826;15/09/2026 11:42:29;Maximiliano;Nievas;;;;;;Maximiliano Nievas;
14252157;15/09/2026 12:00:51;3;2;0001  215496-1;06;CAMIONETA MIE 2;2092358;"ET02    ";"EL TEHUELCHE S.A.C.I.C.I.                         ";AV. TEHUELCHES 775;953107;"80-162         ";80-162 - DUCHA EMB. C/TRANSF. CR C.CERAM ADRA;2;2;2;23408771;150926114229005;183568947;;;;07/29/2031 00:00:00;2;13969826;15/09/2026 11:42:29;Maximiliano;Nievas;;;;;;Maximiliano Nievas;
14252157;15/09/2026 12:00:51;3;2;0001  215496-1;06;CAMIONETA MIE 2;2092358;"ET02    ";"EL TEHUELCHE S.A.C.I.C.I.                         ";AV. TEHUELCHES 775;951652;"22006N         ";"SET DE 6 PIEZAS LINEA 22000 BLACK                                     ";4;4;4;23408980;150926114611268;183614467;;;;09/01/2031 00:00:00;4;13969938;15/09/2026 11:46:11;Maximiliano;Nievas;;;;;;Maximiliano Nievas;
14252157;15/09/2026 12:00:51;3;2;0001  215496-1;06;CAMIONETA MIE 2;2092358;"ET02    ";"EL TEHUELCHE S.A.C.I.C.I.                         ";AV. TEHUELCHES 775;951651;"22006          ";"SET DE 6 PIEZAS LINEA 22000                                           ";4;4;4;23408992;150926114623690;183616073;;;;09/01/2031 00:00:00;4;13969948;15/09/2026 11:46:23;Maximiliano;Nievas;;;;;;Maximiliano Nievas;
14252157;15/09/2026 12:00:51;3;2;0001  215496-1;06;CAMIONETA MIE 2;2092358;"ET02    ";"EL TEHUELCHE S.A.C.I.C.I.                         ";AV. TEHUELCHES 775;956483;"LG01C60        ";LG01C60 - LAVATORIO MONOC CR LUCERNA;10;10;10;23409073;150926114746933;183607071;;;;07/28/2031 00:00:00;10;13970005;15/09/2026 11:47:46;Maximiliano;Nievas;;;;;;Maximiliano Nievas;
14252157;15/09/2026 12:00:51;3;2;0001  215496-1;06;CAMIONETA MIE 2;2092358;"ET02    ";"EL TEHUELCHE S.A.C.I.C.I.                         ";AV. TEHUELCHES 775;956484;"LG02C20        ";"MONOCOMANDO COCINA CR GINEBRA                                         ";10;10;10;23409100;150926114818014;183792030;;;;07/29/2031 00:00:00;5;13970018;15/09/2026 11:48:18;Maximiliano;Nievas;;;;;;Maximiliano Nievas;
14252157;15/09/2026 12:00:51;3;2;0001  215496-1;06;CAMIONETA MIE 2;2092358;"ET02    ";"EL TEHUELCHE S.A.C.I.C.I.                         ";AV. TEHUELCHES 775;956484;"LG02C20        ";"MONOCOMANDO COCINA CR GINEBRA                                         ";10;10;10;23409201;150926115008517;183608588;;;;07/29/2031 00:00:00;5;13970089;15/09/2026 11:50:08;Maximiliano;Nievas;;;;;;Maximiliano Nievas;
14252157;15/09/2026 12:00:51;3;2;0001  215496-1;06;CAMIONETA MIE 2;2092358;"ET02    ";"EL TEHUELCHE S.A.C.I.C.I.                         ";AV. TEHUELCHES 775;951611;"21-160         ";"MONOCOMANDO DUO COCINA CROMO DIQUE                                    ";3;3;3;23409238;150926115045851;183604427;;;;12/14/2031 00:00:00;3;13970109;15/09/2026 11:50:45;Maximiliano;Nievas;;;;;;Maximiliano Nievas;
14252157;15/09/2026 12:00:51;3;2;0001  215496-1;06;CAMIONETA MIE 2;2092358;"ET02    ";"EL TEHUELCHE S.A.C.I.C.I.                         ";AV. TEHUELCHES 775;951113;"12004N         ";"SET DE 4 PIEZAS LINEA 12000 BLACK                                     ";4;4;4;23409238;150926115045851;183612592;;;;09/01/2031 00:00:00;4;13970109;15/09/2026 11:50:45;Maximiliano;Nievas;;;;;;Maximiliano Nievas;
14252157;15/09/2026 12:00:51;3;2;0001  215496-1;06;CAMIONETA MIE 2;2092358;"ET02    ";"EL TEHUELCHE S.A.C.I.C.I.                         ";AV. TEHUELCHES 775;951535;"20-160         ";20-160 - MONOCOMANDO MESADA COCINA DIQUE;6;6;6;23409316;150926115159757;183619385;;;;07/28/2031 00:00:00;6;13970162;15/09/2026 11:51:59;Maximiliano;Nievas;;;;;;Maximiliano Nievas;
14252157;15/09/2026 12:00:51;3;2;0001  215496-1;06;CAMIONETA MIE 2;2092358;"ET02    ";"EL TEHUELCHE S.A.C.I.C.I.                         ";AV. TEHUELCHES 775;951548;"20-179         ";20-179 - MONOCOMANDO DE COCINA LARA;2;2;2;23409346;150926115242015;183582849;;;;07/27/2031 00:00:00;2;13970194;15/09/2026 11:52:42;Maximiliano;Nievas;;;;;;Maximiliano Nievas;
14252157;15/09/2026 12:00:51;3;2;0001  215496-1;06;CAMIONETA MIE 2;2092358;"ET02    ";"EL TEHUELCHE S.A.C.I.C.I.                         ";AV. TEHUELCHES 775;956485;"LG02C60        ";LG02C60 - LAVATORIO MONOC CR GINEBRA;2;2;2;23409346;150926115242015;183606138;;;;07/29/2031 00:00:00;2;13970194;15/09/2026 11:52:42;Maximiliano;Nievas;;;;;;Maximiliano Nievas;
14252157;15/09/2026 12:00:51;3;2;0001  215496-1;06;CAMIONETA MIE 2;2092358;"ET02    ";"EL TEHUELCHE S.A.C.I.C.I.                         ";AV. TEHUELCHES 775;951168;"1340           ";"QUEINOX MACHO MOVIL MH 1/2"" x 40                                      ";20;20;20;23409453;150926115506994;183598219;;;;02/09/2032 00:00:00;20;13970291;15/09/2026 11:55:07;Maximiliano;Nievas;;;;;;Maximiliano Nievas;
14252157;15/09/2026 12:00:51;3;2;0001  215496-1;06;CAMIONETA MIE 2;2092358;"ET02    ";"EL TEHUELCHE S.A.C.I.C.I.                         ";AV. TEHUELCHES 775;951177;"1350           ";"QUEINOX MACHO MOVIL MH 1/2"" x 50                                      ";20;20;20;23409453;150926115506994;183599939;;;;07/27/2031 00:00:00;20;13970291;15/09/2026 11:55:07;Maximiliano;Nievas;;;;;;Maximiliano Nievas;
14252157;15/09/2026 12:00:51;3;2;0001  215496-1;06;CAMIONETA MIE 2;2092358;"ET02    ";"EL TEHUELCHE S.A.C.I.C.I.                         ";AV. TEHUELCHES 775;954649;"A814           ";A814 - DUCHA C/BRAZO Y CAMPANA CR;4;4;4;23409786;150926120027368;183586507;;;;08/13/2031 00:00:00;4;13970429;15/09/2026 12:00:27;Maximiliano;Nievas;;;;;;Maximiliano Nievas;
14252157;15/09/2026 12:00:51;3;2;0001  215496-1;06;CAMIONETA MIE 2;2092358;"ET02    ";"EL TEHUELCHE S.A.C.I.C.I.                         ";AV. TEHUELCHES 775;954648;"A813           ";A813 - DUCHA C/BRAZO Y CAMPANA CR 3 FUNCIONES;3;3;3;23409786;150926120027368;183587429;;;;07/27/2031 00:00:00;3;13970429;15/09/2026 12:00:27;Maximiliano;Nievas;;;;;;Maximiliano Nievas;
14252158;15/09/2026 11:20:56;3;2;0001  215499-1;06;CAMIONETA MIE 2;2092358;"ET02    ";"EL TEHUELCHE S.A.C.I.C.I.                         ";JOSE INGENIEROS 695;952551;"60-010         ";60-010 - LAVATORIO BL/CR LORCA;15;15;15;23379144;150926105126754;183568318;;;;12/07/2031 00:00:00;9;13967797;15/09/2026 10:51:26;Maximiliano;Nievas;24655916;14/09/2026 14:24:45;7807;Nicolas;Perez;Maximiliano Nievas;Nicolas Perez
14252158;15/09/2026 11:20:56;3;2;0001  215499-1;06;CAMIONETA MIE 2;2092358;"ET02    ";"EL TEHUELCHE S.A.C.I.C.I.                         ";JOSE INGENIEROS 695;953151;"8020           ";8020 - TOALLERO DE ARO LINEA 8000;2;2;2;23381641;150926112049356;183585538;;;;07/31/2031 00:00:00;2;13968019;15/09/2026 11:20:49;Maximiliano;Nievas;24657836;14/09/2026 15:38:06;6922;Franco;Potenza;Maximiliano Nievas;Franco Potenza
14252158;15/09/2026 11:20:56;3;2;0001  215499-1;06;CAMIONETA MIE 2;2092358;"ET02    ";"EL TEHUELCHE S.A.C.I.C.I.                         ";JOSE INGENIEROS 695;954649;"A814           ";A814 - DUCHA C/BRAZO Y CAMPANA CR;2;2;2;23381641;150926112049356;183586727;;;;08/13/2031 00:00:00;2;13968019;15/09/2026 11:20:49;Maximiliano;Nievas;24657836;14/09/2026 15:38:06;6922;Franco;Potenza;Maximiliano Nievas;Franco Potenza
14252158;15/09/2026 11:20:56;3;2;0001  215499-1;06;CAMIONETA MIE 2;2092358;"ET02    ";"EL TEHUELCHE S.A.C.I.C.I.                         ";JOSE INGENIEROS 695;954656;"A819           ";A819 - DUCHADOR ANTICALCAREO C/FLEXIBLE Y SOPORTE;2;2;2;23381641;150926112049356;183587997;;;;07/27/2031 00:00:00;2;13968019;15/09/2026 11:20:49;Maximiliano;Nievas;24657836;14/09/2026 15:38:06;6922;Franco;Potenza;Maximiliano Nievas;Franco Potenza
14252158;15/09/2026 11:20:56;3;2;0001  215499-1;06;CAMIONETA MIE 2;2092358;"ET02    ";"EL TEHUELCHE S.A.C.I.C.I.                         ";JOSE INGENIEROS 695;951151;"1320-40GN      ";"FLEXIBLE P/GAS NATURAL EXTENSIBLE 1/2 20-40 CM                        ";2;2;2;23381641;150926112049356;183591761;;;;07/31/2031 00:00:00;2;13968019;15/09/2026 11:20:49;Maximiliano;Nievas;24657836;14/09/2026 15:38:06;6922;Franco;Potenza;Maximiliano Nievas;Franco Potenza
14252158;15/09/2026 11:20:56;3;2;0001  215499-1;06;CAMIONETA MIE 2;2092358;"ET02    ";"EL TEHUELCHE S.A.C.I.C.I.                         ";JOSE INGENIEROS 695;956493;"LG03N60        ";LG03N60 - LAVATORIO BLACK C.STD BERNA;10;10;10;23405635;150926104741368;183587590;;;;12/10/2031 00:00:00;10;13967861;15/09/2026 10:47:41;Maximiliano;Nievas;;;;;;Maximiliano Nievas;
14252158;15/09/2026 11:20:56;3;2;0001  215499-1;06;CAMIONETA MIE 2;2092358;"ET02    ";"EL TEHUELCHE S.A.C.I.C.I.                         ";JOSE INGENIEROS 695;952426;"51-010         ";51-010 - COCINA MESADA BL/CR LORCA;8;8;8;23405717;150926104910195;183767360;;;;01/14/2032 00:00:00;4;13967912;15/09/2026 10:49:10;Maximiliano;Nievas;;;;;;Maximiliano Nievas;
14252158;15/09/2026 11:20:56;3;2;0001  215499-1;06;CAMIONETA MIE 2;2092358;"ET02    ";"EL TEHUELCHE S.A.C.I.C.I.                         ";JOSE INGENIEROS 695;953244;"814/CRC        ";814/CRC - MESADA P.FUNDIDO CR/CR C.CERAM. ARES;3;3;3;23405717;150926104910195;183580195;;;;02/16/2032 00:00:00;3;13967912;15/09/2026 10:49:10;Maximiliano;Nievas;;;;;;Maximiliano Nievas;
14252158;15/09/2026 11:20:56;3;2;0001  215499-1;06;CAMIONETA MIE 2;2092358;"ET02    ";"EL TEHUELCHE S.A.C.I.C.I.                         ";JOSE INGENIEROS 695;952555;"60-014         ";60-014 - LAVATORIO CR MORA STD;3;3;3;23405717;150926104910195;183575399;;;;01/13/2032 00:00:00;3;13967912;15/09/2026 10:49:10;Maximiliano;Nievas;;;;;;Maximiliano Nievas;
14252158;15/09/2026 11:20:56;3;2;0001  215499-1;06;CAMIONETA MIE 2;2092358;"ET02    ";"EL TEHUELCHE S.A.C.I.C.I.                         ";JOSE INGENIEROS 695;952551;"60-010         ";60-010 - LAVATORIO BL/CR LORCA;15;15;15;23405774;150926105023927;183767861;;;;12/07/2031 00:00:00;6;13967954;15/09/2026 10:50:23;Maximiliano;Nievas;;;;;;Maximiliano Nievas;
14252158;15/09/2026 11:20:56;3;2;0001  215499-1;06;CAMIONETA MIE 2;2092358;"ET02    ";"EL TEHUELCHE S.A.C.I.C.I.                         ";JOSE INGENIEROS 695;952426;"51-010         ";51-010 - COCINA MESADA BL/CR LORCA;8;8;8;23405774;150926105023927;183574919;;;;01/14/2032 00:00:00;4;13967954;15/09/2026 10:50:23;Maximiliano;Nievas;;;;;;Maximiliano Nievas;
14252158;15/09/2026 11:20:56;3;2;0001  215499-1;06;CAMIONETA MIE 2;2092358;"ET02    ";"EL TEHUELCHE S.A.C.I.C.I.                         ";JOSE INGENIEROS 695;951651;"22006          ";"SET DE 6 PIEZAS LINEA 22000                                           ";3;3;3;23406041;150926105505913;183616837;;;;09/01/2031 00:00:00;3;13968109;15/09/2026 10:55:05;Maximiliano;Nievas;;;;;;Maximiliano Nievas;
14252158;15/09/2026 11:20:56;3;2;0001  215499-1;06;CAMIONETA MIE 2;2092358;"ET02    ";"EL TEHUELCHE S.A.C.I.C.I.                         ";JOSE INGENIEROS 695;951652;"22006N         ";"SET DE 6 PIEZAS LINEA 22000 BLACK                                     ";3;3;3;23406041;150926105505913;183614785;;;;09/01/2031 00:00:00;3;13968109;15/09/2026 10:55:05;Maximiliano;Nievas;;;;;;Maximiliano Nievas;
14252158;15/09/2026 11:20:56;3;2;0001  215499-1;06;CAMIONETA MIE 2;2092358;"ET02    ";"EL TEHUELCHE S.A.C.I.C.I.                         ";JOSE INGENIEROS 695;951113;"12004N         ";"SET DE 4 PIEZAS LINEA 12000 BLACK                                     ";3;3;3;23406115;150926105648531;183613159;;;;09/01/2031 00:00:00;3;13968166;15/09/2026 10:56:48;Maximiliano;Nievas;;;;;;Maximiliano Nievas;
14252158;15/09/2026 11:20:56;3;2;0001  215499-1;06;CAMIONETA MIE 2;2092358;"ET02    ";"EL TEHUELCHE S.A.C.I.C.I.                         ";JOSE INGENIEROS 695;951535;"20-160         ";20-160 - MONOCOMANDO MESADA COCINA DIQUE;3;3;3;23406115;150926105648531;183619688;;;;07/28/2031 00:00:00;3;13968166;15/09/2026 10:56:48;Maximiliano;Nievas;;;;;;Maximiliano Nievas;
14252158;15/09/2026 11:20:56;3;2;0001  215499-1;06;CAMIONETA MIE 2;2092358;"ET02    ";"EL TEHUELCHE S.A.C.I.C.I.                         ";JOSE INGENIEROS 695;951146;"1320           ";"QUEINOX MACHO MOVIL MH 1/2"" x 20                                      ";20;20;20;23406421;150926110214574;183595635;;;;11/19/2031 00:00:00;20;13968369;15/09/2026 11:02:14;Maximiliano;Nievas;;;;;;Maximiliano Nievas;
14252158;15/09/2026 11:20:56;3;2;0001  215499-1;06;CAMIONETA MIE 2;2092358;"ET02    ";"EL TEHUELCHE S.A.C.I.C.I.                         ";JOSE INGENIEROS 695;951145;"13150G         ";"QUEINOX GAS MH 1/2""x150 APROBADO POR IGA                              ";2;2;2;23406421;150926110214574;183603511;;;;07/31/2031 00:00:00;2;13968369;15/09/2026 11:02:14;Maximiliano;Nievas;;;;;;Maximiliano Nievas;
14252158;15/09/2026 11:20:56;3;2;0001  215499-1;06;CAMIONETA MIE 2;2092358;"ET02    ";"EL TEHUELCHE S.A.C.I.C.I.                         ";JOSE INGENIEROS 695;951142;"13100G         ";"QUEINOX GAS MH 1/2""x100 APROBADO POR IGA                              ";4;4;4;23406421;150926110214574;183602136;;;;08/04/2031 00:00:00;4;13968369;15/09/2026 11:02:14;Maximiliano;Nievas;;;;;;Maximiliano Nievas;
14252158;15/09/2026 11:20:56;3;2;0001  215499-1;06;CAMIONETA MIE 2;2092358;"ET02    ";"EL TEHUELCHE S.A.C.I.C.I.                         ";JOSE INGENIEROS 695;951352;"1950           ";"1950 - QUEINOX MH 3/4"" x 50";10;10;10;23406421;150926110214574;183601648;;;;07/27/2031 00:00:00;10;13968369;15/09/2026 11:02:14;Maximiliano;Nievas;;;;;;Maximiliano Nievas;
14252158;15/09/2026 11:20:56;3;2;0001  215499-1;06;CAMIONETA MIE 2;2092358;"ET02    ";"EL TEHUELCHE S.A.C.I.C.I.                         ";JOSE INGENIEROS 695;951168;"1340           ";"QUEINOX MACHO MOVIL MH 1/2"" x 40                                      ";20;20;20;23406421;150926110214574;183598844;;;;02/09/2032 00:00:00;20;13968369;15/09/2026 11:02:14;Maximiliano;Nievas;;;;;;Maximiliano Nievas;
14252158;15/09/2026 11:20:56;3;2;0001  215499-1;06;CAMIONETA MIE 2;2092358;"ET02    ";"EL TEHUELCHE S.A.C.I.C.I.                         ";JOSE INGENIEROS 695;956483;"LG01C60        ";LG01C60 - LAVATORIO MONOC CR LUCERNA;10;10;10;23406421;150926110214574;183607470;;;;07/28/2031 00:00:00;10;13968369;15/09/2026 11:02:14;Maximiliano;Nievas;;;;;;Maximiliano Nievas;
14252158;15/09/2026 11:20:56;3;2;0001  215499-1;06;CAMIONETA MIE 2;2092358;"ET02    ";"EL TEHUELCHE S.A.C.I.C.I.                         ";JOSE INGENIEROS 695;956505;"LG07C20        ";"MONOCOMANDO DE COCINA CR ZURICH                                       ";4;4;4;23406499;150926110341615;183605405;;;;12/20/2031 00:00:00;4;13968424;15/09/2026 11:03:41;Maximiliano;Nievas;;;;;;Maximiliano Nievas;
14252158;15/09/2026 11:20:56;3;2;0001  215499-1;06;CAMIONETA MIE 2;2092358;"ET02    ";"EL TEHUELCHE S.A.C.I.C.I.                         ";JOSE INGENIEROS 695;956488;"LG02N60        ";LG02N60 - LAVATORIO MONOC BLACK GINEBRA;4;4;4;23406499;150926110341615;183773072;;;;07/29/2031 00:00:00;2;13968424;15/09/2026 11:03:41;Maximiliano;Nievas;;;;;;Maximiliano Nievas;
14252158;15/09/2026 11:20:56;3;2;0001  215499-1;06;CAMIONETA MIE 2;2092358;"ET02    ";"EL TEHUELCHE S.A.C.I.C.I.                         ";JOSE INGENIEROS 695;956485;"LG02C60        ";LG02C60 - LAVATORIO MONOC CR GINEBRA;4;4;4;23406499;150926110341615;183773071;;;;07/29/2031 00:00:00;2;13968424;15/09/2026 11:03:41;Maximiliano;Nievas;;;;;;Maximiliano Nievas;
14252158;15/09/2026 11:20:56;3;2;0001  215499-1;06;CAMIONETA MIE 2;2092358;"ET02    ";"EL TEHUELCHE S.A.C.I.C.I.                         ";JOSE INGENIEROS 695;956486;"LG02C61        ";LG02C61 - LAVATORIO MONOC ALTO CROMO GINEBRA;4;4;4;23406565;150926110441304;183609118;;;;07/28/2031 00:00:00;4;13968461;15/09/2026 11:04:41;Maximiliano;Nievas;;;;;;Maximiliano Nievas;
14252158;15/09/2026 11:20:56;3;2;0001  215499-1;06;CAMIONETA MIE 2;2092358;"ET02    ";"EL TEHUELCHE S.A.C.I.C.I.                         ";JOSE INGENIEROS 695;951611;"21-160         ";"MONOCOMANDO DUO COCINA CROMO DIQUE                                    ";3;3;3;23406609;150926110531939;183604755;;;;12/14/2031 00:00:00;3;13968500;15/09/2026 11:05:31;Maximiliano;Nievas;;;;;;Maximiliano Nievas;
14252158;15/09/2026 11:20:56;3;2;0001  215499-1;06;CAMIONETA MIE 2;2092358;"ET02    ";"EL TEHUELCHE S.A.C.I.C.I.                         ";JOSE INGENIEROS 695;956488;"LG02N60        ";LG02N60 - LAVATORIO MONOC BLACK GINEBRA;4;4;4;23406609;150926110531939;183607819;;;;07/29/2031 00:00:00;2;13968500;15/09/2026 11:05:31;Maximiliano;Nievas;;;;;;Maximiliano Nievas;
14252158;15/09/2026 11:20:56;3;2;0001  215499-1;06;CAMIONETA MIE 2;2092358;"ET02    ";"EL TEHUELCHE S.A.C.I.C.I.                         ";JOSE INGENIEROS 695;956485;"LG02C60        ";LG02C60 - LAVATORIO MONOC CR GINEBRA;4;4;4;23406609;150926110531939;183606708;;;;07/29/2031 00:00:00;2;13968500;15/09/2026 11:05:31;Maximiliano;Nievas;;;;;;Maximiliano Nievas;
14252158;15/09/2026 11:20:56;3;2;0001  215499-1;06;CAMIONETA MIE 2;2092358;"ET02    ";"EL TEHUELCHE S.A.C.I.C.I.                         ";JOSE INGENIEROS 695;953312;"83-133         ";83-133 - DUCHA EXT. C/TRANSF. MONOCOMANDO LUGO;6;6;6;23407332;150926111804821;183620703;;;;09/03/2031 00:00:00;6;13968937;15/09/2026 11:18:04;Maximiliano;Nievas;;;;;;Maximiliano Nievas;
14252160;10/09/2026 13:23:23;3;2;0001  215488-1;14;RETIRA;2091829;"CO09    ";"COINGAS S.A.                                      ";CAMINO DE CINTURA 671;953312;"83-133         ";83-133 - DUCHA EXT. C/TRANSF. MONOCOMANDO LUGO;10;10;10;23292837;100926132015433;182914152;;;;07/30/2031 00:00:00;4;13906283;10/09/2026 13:20:15;Tiago;Rodriguez;24569439;10/09/2026 10:52:21;7152;Mirko;Hernandez;Tiago Rodriguez;Mirko Hernandez
14252160;10/09/2026 13:23:23;3;2;0001  215488-1;14;RETIRA;2091829;"CO09    ";"COINGAS S.A.                                      ";CAMINO DE CINTURA 671;953109;"80-166         ";"DUCHA EMB. C/TRANSF. CR C.CERAM ADRA PLUS                             ";1;1;1;23294496;100926132323386;182921899;;;;01/18/2032 00:00:00;1;13906556;10/09/2026 13:23:23;Tiago;Rodriguez;24570924;10/09/2026 11:33:14;7636;Kevin;Arce;Tiago Rodriguez;Kevin Arce
14252160;10/09/2026 13:23:23;3;2;0001  215488-1;14;RETIRA;2091829;"CO09    ";"COINGAS S.A.                                      ";CAMINO DE CINTURA 671;952726;"61-203         ";61-203 - LAVATORIO MONOCOMANDO ALTO ADRA;2;2;2;23294496;100926132323386;182929769;;;;01/20/2032 00:00:00;2;13906556;10/09/2026 13:23:23;Tiago;Rodriguez;24570924;10/09/2026 11:33:14;7636;Kevin;Arce;Tiago Rodriguez;Kevin Arce
14252160;10/09/2026 13:23:23;3;2;0001  215488-1;14;RETIRA;2091829;"CO09    ";"COINGAS S.A.                                      ";CAMINO DE CINTURA 671;952583;"60-058         ";60-058 - LAVATORIO CR C.STD MALBA;3;3;3;23294496;100926132323386;182927383;;;;12/03/2031 00:00:00;3;13906556;10/09/2026 13:23:23;Tiago;Rodriguez;24570924;10/09/2026 11:33:14;7636;Kevin;Arce;Tiago Rodriguez;Kevin Arce
14252160;10/09/2026 13:23:23;3;2;0001  215488-1;14;RETIRA;2091829;"CO09    ";"COINGAS S.A.                                      ";CAMINO DE CINTURA 671;954650;"A815           ";"A815 - DUCHA 8"" C/BRAZO Y CAMPANA CR";15;15;15;23301517;100926131320438;182917524;;;;07/28/2031 00:00:00;15;13906342;10/09/2026 13:13:20;Tiago;Rodriguez;;;;;;Tiago Rodriguez;
14252160;10/09/2026 13:23:23;3;2;0001  215488-1;14;RETIRA;2091829;"CO09    ";"COINGAS S.A.                                      ";CAMINO DE CINTURA 671;954651;"A816           ";"A816 - DUCHA 6"" C/BRAZO Y CAMPANA CR";20;20;20;23301563;100926131425034;182918033;;;;07/27/2031 00:00:00;20;13906375;10/09/2026 13:14:25;Tiago;Rodriguez;;;;;;Tiago Rodriguez;
14252160;10/09/2026 13:23:23;3;2;0001  215488-1;14;RETIRA;2091829;"CO09    ";"COINGAS S.A.                                      ";CAMINO DE CINTURA 671;951530;"20-146         ";20-146 - MONOCOMANDO DE COCINA CR LINEA MOVE;24;24;24;23301585;100926131457576;182971688;;;;10/09/2031 00:00:00;6;13906398;10/09/2026 13:14:57;Tiago;Rodriguez;;;;;;Tiago Rodriguez;
14252160;10/09/2026 13:23:23;3;2;0001  215488-1;14;RETIRA;2091829;"CO09    ";"COINGAS S.A.                                      ";CAMINO DE CINTURA 671;951530;"20-146         ";20-146 - MONOCOMANDO DE COCINA CR LINEA MOVE;24;24;24;23301589;100926131506375;182971726;;;;10/09/2031 00:00:00;6;13906402;10/09/2026 13:15:06;Tiago;Rodriguez;;;;;;Tiago Rodriguez;
14252160;10/09/2026 13:23:23;3;2;0001  215488-1;14;RETIRA;2091829;"CO09    ";"COINGAS S.A.                                      ";CAMINO DE CINTURA 671;951530;"20-146         ";20-146 - MONOCOMANDO DE COCINA CR LINEA MOVE;24;24;24;23301606;100926131527252;182971840;;;;10/09/2031 00:00:00;6;13906418;10/09/2026 13:15:27;Tiago;Rodriguez;;;;;;Tiago Rodriguez;
14252160;10/09/2026 13:23:23;3;2;0001  215488-1;14;RETIRA;2091829;"CO09    ";"COINGAS S.A.                                      ";CAMINO DE CINTURA 671;951530;"20-146         ";20-146 - MONOCOMANDO DE COCINA CR LINEA MOVE;24;24;24;23301615;100926131535702;182913710;;;;10/09/2031 00:00:00;6;13906422;10/09/2026 13:15:35;Tiago;Rodriguez;;;;;;Tiago Rodriguez;
14252160;10/09/2026 13:23:23;3;2;0001  215488-1;14;RETIRA;2091829;"CO09    ";"COINGAS S.A.                                      ";CAMINO DE CINTURA 671;953312;"83-133         ";83-133 - DUCHA EXT. C/TRANSF. MONOCOMANDO LUGO;10;10;10;23301631;100926131557823;182972007;;;;07/30/2031 00:00:00;6;13906428;10/09/2026 13:15:57;Tiago;Rodriguez;;;;;;Tiago Rodriguez;
14252160;10/09/2026 13:23:23;3;2;0001  215488-1;14;RETIRA;2091829;"CO09    ";"COINGAS S.A.                                      ";CAMINO DE CINTURA 671;952499;"54-203         ";"COCINA PARED EXT C.CERAM ADRA MONOCOMANDO                             ";30;30;30;23301663;100926131613496;182972099;;;;02/18/2032 00:00:00;6;13906436;10/09/2026 13:16:13;Tiago;Rodriguez;;;;;;Tiago Rodriguez;
14252160;10/09/2026 13:23:23;3;2;0001  215488-1;14;RETIRA;2091829;"CO09    ";"COINGAS S.A.                                      ";CAMINO DE CINTURA 671;952499;"54-203         ";"COCINA PARED EXT C.CERAM ADRA MONOCOMANDO                             ";30;30;30;23301675;100926131627126;182972161;;;;02/18/2032 00:00:00;6;13906443;10/09/2026 13:16:27;Tiago;Rodriguez;;;;;;Tiago Rodriguez;
14252160;10/09/2026 13:23:23;3;2;0001  215488-1;14;RETIRA;2091829;"CO09    ";"COINGAS S.A.                                      ";CAMINO DE CINTURA 671;952499;"54-203         ";"COCINA PARED EXT C.CERAM ADRA MONOCOMANDO                             ";30;30;30;23301681;100926131634522;182972210;;;;02/18/2032 00:00:00;6;13906447;10/09/2026 13:16:34;Tiago;Rodriguez;;;;;;Tiago Rodriguez;
14252160;10/09/2026 13:23:23;3;2;0001  215488-1;14;RETIRA;2091829;"CO09    ";"COINGAS S.A.                                      ";CAMINO DE CINTURA 671;951548;"20-179         ";20-179 - MONOCOMANDO DE COCINA LARA;30;30;30;23301700;100926131655270;182972306;;;;07/27/2031 00:00:00;8;13906466;10/09/2026 13:16:55;Tiago;Rodriguez;;;;;;Tiago Rodriguez;
14252160;10/09/2026 13:23:23;3;2;0001  215488-1;14;RETIRA;2091829;"CO09    ";"COINGAS S.A.                                      ";CAMINO DE CINTURA 671;951548;"20-179         ";20-179 - MONOCOMANDO DE COCINA LARA;30;30;30;23301718;100926131710416;182972391;;;;07/27/2031 00:00:00;8;13906473;10/09/2026 13:17:10;Tiago;Rodriguez;;;;;;Tiago Rodriguez;
14252160;10/09/2026 13:23:23;3;2;0001  215488-1;14;RETIRA;2091829;"CO09    ";"COINGAS S.A.                                      ";CAMINO DE CINTURA 671;951548;"20-179         ";20-179 - MONOCOMANDO DE COCINA LARA;30;30;30;23301733;100926131723108;182972454;;;;07/27/2031 00:00:00;8;13906478;10/09/2026 13:17:23;Tiago;Rodriguez;;;;;;Tiago Rodriguez;
14252160;10/09/2026 13:23:23;3;2;0001  215488-1;14;RETIRA;2091829;"CO09    ";"COINGAS S.A.                                      ";CAMINO DE CINTURA 671;952499;"54-203         ";"COCINA PARED EXT C.CERAM ADRA MONOCOMANDO                             ";30;30;30;23301742;100926131741305;182972569;;;;02/18/2032 00:00:00;6;13906488;10/09/2026 13:17:41;Tiago;Rodriguez;;;;;;Tiago Rodriguez;
14252160;10/09/2026 13:23:23;3;2;0001  215488-1;14;RETIRA;2091829;"CO09    ";"COINGAS S.A.                                      ";CAMINO DE CINTURA 671;952499;"54-203         ";"COCINA PARED EXT C.CERAM ADRA MONOCOMANDO                             ";30;30;30;23301746;100926131750560;182911886;;;;02/18/2032 00:00:00;6;13906490;10/09/2026 13:17:50;Tiago;Rodriguez;;;;;;Tiago Rodriguez;
14252160;10/09/2026 13:23:23;3;2;0001  215488-1;14;RETIRA;2091829;"CO09    ";"COINGAS S.A.                                      ";CAMINO DE CINTURA 671;951548;"20-179         ";20-179 - MONOCOMANDO DE COCINA LARA;30;30;30;23301765;100926131824061;182915300;;;;07/27/2031 00:00:00;6;13906500;10/09/2026 13:18:24;Tiago;Rodriguez;;;;;;Tiago Rodriguez;
14252160;10/09/2026 13:23:23;3;2;0001  215488-1;14;RETIRA;2091829;"CO09    ";"COINGAS S.A.                                      ";CAMINO DE CINTURA 671;951098;"11006          ";"SET DE 6 PIEZAS LINEA 11000                                           ";1;1;1;23301812;100926131929111;182915406;;;;07/29/2031 00:00:00;1;13906528;10/09/2026 13:19:29;Tiago;Rodriguez;;;;;;Tiago Rodriguez;
14252160;10/09/2026 13:23:23;3;2;0001  215488-1;14;RETIRA;2091829;"CO09    ";"COINGAS S.A.                                      ";CAMINO DE CINTURA 671;951258;"16006          ";16006 - SET 6 PIEZAS ACCESORIOS LINEA 16000;2;2;2;23301812;100926131929111;182912149;;;;07/29/2031 00:00:00;2;13906528;10/09/2026 13:19:29;Tiago;Rodriguez;;;;;;Tiago Rodriguez;
14252160;10/09/2026 13:23:23;3;2;0001  215488-1;14;RETIRA;2091829;"CO09    ";"COINGAS S.A.                                      ";CAMINO DE CINTURA 671;951737;"3005           ";3005 - SET DE 5 PIEZAS LINEA 3000;5;5;5;23301827;100926131951989;182913096;;;;07/27/2031 00:00:00;5;13906537;10/09/2026 13:19:52;Tiago;Rodriguez;;;;;;Tiago Rodriguez;
14252160;10/09/2026 13:23:23;3;2;0001  215488-1;14;RETIRA;2091829;"CO09    ";"COINGAS S.A.                                      ";CAMINO DE CINTURA 671;953056;"8005           ";8005 - SET DE 5 PIEZAS LINEA 8000;5;5;5;23301827;100926131951989;182916506;;;;07/27/2031 00:00:00;5;13906537;10/09/2026 13:19:52;Tiago;Rodriguez;;;;;;Tiago Rodriguez;
14252160;10/09/2026 13:23:23;3;2;0001  215488-1;14;RETIRA;2091829;"CO09    ";"COINGAS S.A.                                      ";CAMINO DE CINTURA 671;953487;"939            ";939 - JGO.COCINA C/EXTENSIBLE CR LAZA;3;3;3;23301896;100926132136167;182932014;;;;12/29/2031 00:00:00;3;13906586;10/09/2026 13:21:36;Tiago;Rodriguez;;;;;;Tiago Rodriguez;
14252160;10/09/2026 13:23:23;3;2;0001  215488-1;14;RETIRA;2091829;"CO09    ";"COINGAS S.A.                                      ";CAMINO DE CINTURA 671;953283;"83-010         ";83-010 - DUCHA EXT. C/TRANSF. BL/CR LORCA;3;3;3;23301896;100926132136167;182935709;;;;01/24/2032 00:00:00;3;13906586;10/09/2026 13:21:36;Tiago;Rodriguez;;;;;;Tiago Rodriguez;
14252160;10/09/2026 13:23:23;3;2;0001  215488-1;14;RETIRA;2091829;"CO09    ";"COINGAS S.A.                                      ";CAMINO DE CINTURA 671;952351;"469            ";"469 - DUCHA EMB. S/TRANSF.CR ""LAZA""";3;3;3;23301896;100926132136167;182930412;;;;01/20/2032 00:00:00;3;13906586;10/09/2026 13:21:36;Tiago;Rodriguez;;;;;;Tiago Rodriguez;
14252160;10/09/2026 13:23:23;3;2;0001  215488-1;14;RETIRA;2091829;"CO09    ";"COINGAS S.A.                                      ";CAMINO DE CINTURA 671;952608;"60-121         ";60-121 - LAVATORIO C.CERAM CR MARBELLA;2;2;2;23301896;100926132136167;182934076;;;;01/25/2032 00:00:00;2;13906586;10/09/2026 13:21:36;Tiago;Rodriguez;;;;;;Tiago Rodriguez;
14252161;10/09/2026 13:09:10;3;2;0008    2922-1;14;RETIRA;2091829;"CO09    ";"COINGAS S.A.                                      ";CAMINO DE CINTURA 671;952583;"60-058         ";60-058 - LAVATORIO CR C.STD MALBA;7;7;7;23292152;100926130910081;182911080;;;;12/03/2031 00:00:00;7;13906107;10/09/2026 13:09:10;Tiago;Rodriguez;24568720;10/09/2026 10:52:56;7636;Kevin;Arce;Tiago Rodriguez;Kevin Arce
14252161;10/09/2026 13:09:10;3;2;0008    2922-1;14;RETIRA;2091829;"CO09    ";"COINGAS S.A.                                      ";CAMINO DE CINTURA 671;952726;"61-203         ";61-203 - LAVATORIO MONOCOMANDO ALTO ADRA;3;3;3;23301050;100926130508842;182908934;;;;01/20/2032 00:00:00;3;13906124;10/09/2026 13:05:08;Tiago;Rodriguez;;;;;;Tiago Rodriguez;
14252161;10/09/2026 13:09:10;3;2;0008    2922-1;14;RETIRA;2091829;"CO09    ";"COINGAS S.A.                                      ";CAMINO DE CINTURA 671;953432;"910/M          ";"910/M - JGO.MDA.P.CANO CROMO ""DIQUE""";14;14;14;23301126;100926130610145;182968842;;;;12/21/2031 00:00:00;10;13906147;10/09/2026 13:06:10;Tiago;Rodriguez;;;;;;Tiago Rodriguez;
14252161;10/09/2026 13:09:10;3;2;0008    2922-1;14;RETIRA;2091829;"CO09    ";"COINGAS S.A.                                      ";CAMINO DE CINTURA 671;953432;"910/M          ";"910/M - JGO.MDA.P.CANO CROMO ""DIQUE""";14;14;14;23301173;100926130658146;182910158;;;;12/21/2031 00:00:00;4;13906170;10/09/2026 13:06:58;Tiago;Rodriguez;;;;;;Tiago Rodriguez;
14252161;10/09/2026 13:09:10;3;2;0008    2922-1;14;RETIRA;2091829;"CO09    ";"COINGAS S.A.                                      ";CAMINO DE CINTURA 671;953487;"939            ";939 - JGO.COCINA C/EXTENSIBLE CR LAZA;7;7;7;23301173;100926130658146;182907400;;;;12/29/2031 00:00:00;7;13906170;10/09/2026 13:06:58;Tiago;Rodriguez;;;;;;Tiago Rodriguez;
14252161;10/09/2026 13:09:10;3;2;0008    2922-1;14;RETIRA;2091829;"CO09    ";"COINGAS S.A.                                      ";CAMINO DE CINTURA 671;953283;"83-010         ";83-010 - DUCHA EXT. C/TRANSF. BL/CR LORCA;7;7;7;23301242;100926130810065;182912162;;;;01/24/2032 00:00:00;7;13906192;10/09/2026 13:08:10;Tiago;Rodriguez;;;;;;Tiago Rodriguez;
14252161;10/09/2026 13:09:10;3;2;0008    2922-1;14;RETIRA;2091829;"CO09    ";"COINGAS S.A.                                      ";CAMINO DE CINTURA 671;952351;"469            ";"469 - DUCHA EMB. S/TRANSF.CR ""LAZA""";7;7;7;23301263;100926130831614;182906455;;;;01/20/2032 00:00:00;7;13906207;10/09/2026 13:08:31;Tiago;Rodriguez;;;;;;Tiago Rodriguez;
14252215;10/09/2026 14:52:10;3;2;0001  215215-1;01;CAMIONETA LUN 1;2091837;"CO22    ";"COPMACO LTDA.                                     ";BUENOS AIRES 2285;952650;"60-180         ";60-180 - LAVATORIO MONOCOMANDO BAJO VERA;2;2;2;23298770;100926145125586;182956682;;;;07/28/2031 00:00:00;2;13909592;10/09/2026 14:51:25;Tiago;Rodriguez;24575254;10/09/2026 12:44:12;7152;Mirko;Hernandez;Tiago Rodriguez;Mirko Hernandez
14252215;10/09/2026 14:52:10;3;2;0001  215215-1;01;CAMIONETA LUN 1;2091837;"CO22    ";"COPMACO LTDA.                                     ";BUENOS AIRES 2285;952928;"70-180         ";70-180 - BIDE MONOCOMANDO C/TRANSF. VERA;1;1;1;23298770;100926145125586;182956834;;;;07/27/2031 00:00:00;1;13909592;10/09/2026 14:51:25;Tiago;Rodriguez;24575254;10/09/2026 12:44:12;7152;Mirko;Hernandez;Tiago Rodriguez;Mirko Hernandez
14252215;10/09/2026 14:52:10;3;2;0001  215215-1;01;CAMIONETA LUN 1;2091837;"CO22    ";"COPMACO LTDA.                                     ";BUENOS AIRES 2285;953109;"80-166         ";"DUCHA EMB. C/TRANSF. CR C.CERAM ADRA PLUS                             ";2;2;2;23300388;100926145209420;182966722;;;;01/18/2032 00:00:00;2;13909597;10/09/2026 14:52:09;Tiago;Rodriguez;24576819;10/09/2026 13:10:27;7152;Mirko;Hernandez;Tiago Rodriguez;Mirko Hernandez
14252215;10/09/2026 14:52:10;3;2;0001  215215-1;01;CAMIONETA LUN 1;2091837;"CO22    ";"COPMACO LTDA.                                     ";BUENOS AIRES 2285;953083;"80-122         ";80-122 - DUCHA EMB.C/TRANSF. C.CERAM CR VALENCIA;1;1;1;23300388;100926145209420;182968544;;;;07/31/2031 00:00:00;1;13909597;10/09/2026 14:52:09;Tiago;Rodriguez;24576819;10/09/2026 13:10:27;7152;Mirko;Hernandez;Tiago Rodriguez;Mirko Hernandez
14252215;10/09/2026 14:52:10;3;2;0001  215215-1;01;CAMIONETA LUN 1;2091837;"CO22    ";"COPMACO LTDA.                                     ";BUENOS AIRES 2285;953028;"80-010         ";80-010 - DUCHA EMB. C/TRANSF. BL/CR LORCA;1;1;1;23300388;100926145209420;182966191;;;;09/16/2031 00:00:00;1;13909597;10/09/2026 14:52:09;Tiago;Rodriguez;24576819;10/09/2026 13:10:27;7152;Mirko;Hernandez;Tiago Rodriguez;Mirko Hernandez
14252215;10/09/2026 14:52:10;3;2;0001  215215-1;01;CAMIONETA LUN 1;2091837;"CO22    ";"COPMACO LTDA.                                     ";BUENOS AIRES 2285;952610;"60-122         ";60-122 - LAVATORIO C.CERAM CR VALENCIA;1;1;1;23300388;100926145209420;182968681;;;;12/10/2031 00:00:00;1;13909597;10/09/2026 14:52:09;Tiago;Rodriguez;24576819;10/09/2026 13:10:27;7152;Mirko;Hernandez;Tiago Rodriguez;Mirko Hernandez
14252215;10/09/2026 14:52:10;3;2;0001  215215-1;01;CAMIONETA LUN 1;2091837;"CO22    ";"COPMACO LTDA.                                     ";BUENOS AIRES 2285;953421;"90-166         ";90-166 - PACK GRIF. ADRA PLUS (Lav-Bide-Ducha c/t Plus);2;2;2;23306805;100926145153258;182966951;;;;01/04/2032 00:00:00;2;13909602;10/09/2026 14:51:53;Tiago;Rodriguez;;;;;;Tiago Rodriguez;
14252216;10/09/2026 15:49:22;3;2;0001  215222-1;01;CAMIONETA LUN 1;2091837;"CO22    ";"COPMACO LTDA.                                     ";INDEPENDENDENCIA 214;952610;"60-122         ";60-122 - LAVATORIO C.CERAM CR VALENCIA;1;1;1;23300405;100926154214350;182966649;;;;12/10/2031 00:00:00;1;13911273;10/09/2026 15:42:14;Tiago;Rodriguez;24576859;10/09/2026 13:04:36;7636;Kevin;Arce;Tiago Rodriguez;Kevin Arce
14252216;10/09/2026 15:49:22;3;2;0001  215222-1;01;CAMIONETA LUN 1;2091837;"CO22    ";"COPMACO LTDA.                                     ";INDEPENDENDENCIA 214;952620;"60-135         ";60-135 - LAVATORIO C.CERAM SANTANDER;1;1;1;23300405;100926154214350;182967184;;;;01/14/2032 00:00:00;1;13911273;10/09/2026 15:42:14;Tiago;Rodriguez;24576859;10/09/2026 13:04:36;7636;Kevin;Arce;Tiago Rodriguez;Kevin Arce
14252216;10/09/2026 15:49:22;3;2;0001  215222-1;01;CAMIONETA LUN 1;2091837;"CO22    ";"COPMACO LTDA.                                     ";INDEPENDENDENCIA 214;952677;"60-203         ";60-203 - LAVATORIO MONOCOMANDO BAJO ADRA;2;2;2;23300405;100926154214350;182966461;;;;02/16/2032 00:00:00;2;13911273;10/09/2026 15:42:14;Tiago;Rodriguez;24576859;10/09/2026 13:04:36;7636;Kevin;Arce;Tiago Rodriguez;Kevin Arce
14252216;10/09/2026 15:49:22;3;2;0001  215222-1;01;CAMIONETA LUN 1;2091837;"CO22    ";"COPMACO LTDA.                                     ";INDEPENDENDENCIA 214;951530;"20-146         ";20-146 - MONOCOMANDO DE COCINA CR LINEA MOVE;4;4;4;23303275;100926154921058;182987969;;;;10/09/2031 00:00:00;4;13911375;10/09/2026 15:49:21;Tiago;Rodriguez;24579488;10/09/2026 14:06:06;7152;Mirko;Hernandez;Tiago Rodriguez;Mirko Hernandez
14252216;10/09/2026 15:49:22;3;2;0001  215222-1;01;CAMIONETA LUN 1;2091837;"CO22    ";"COPMACO LTDA.                                     ";INDEPENDENDENCIA 214;951523;"20-134         ";20-134 - MONOCOMANDO COCINA BETIS;8;8;8;23309670;100926154530335;182985713;;;;08/11/2031 00:00:00;8;13911410;10/09/2026 15:45:30;Tiago;Rodriguez;;;;;;Tiago Rodriguez;
14252216;10/09/2026 15:49:22;3;2;0001  215222-1;01;CAMIONETA LUN 1;2091837;"CO22    ";"COPMACO LTDA.                                     ";INDEPENDENDENCIA 214;951535;"20-160         ";20-160 - MONOCOMANDO MESADA COCINA DIQUE;6;6;6;23309713;100926154608210;182988663;;;;07/28/2031 00:00:00;6;13911431;10/09/2026 15:46:08;Tiago;Rodriguez;;;;;;Tiago Rodriguez;
14252216;10/09/2026 15:49:22;3;2;0001  215222-1;01;CAMIONETA LUN 1;2091837;"CO22    ";"COPMACO LTDA.                                     ";INDEPENDENDENCIA 214;951195;"1380G          ";"QUEINOX GAS MH 1/2""x80 APROBADO POR IGA                               ";5;5;5;23309713;100926154608210;182992458;;;;09/10/2031 00:00:00;5;13911431;10/09/2026 15:46:08;Tiago;Rodriguez;;;;;;Tiago Rodriguez;
14252216;10/09/2026 15:49:22;3;2;0001  215222-1;01;CAMIONETA LUN 1;2091837;"CO22    ";"COPMACO LTDA.                                     ";INDEPENDENDENCIA 214;951508;"20-121         ";20-121 - COCINA MSDA MONOC.P. REDONDO MARBELLA;1;1;1;23309769;100926154725188;182990655;;;;07/30/2031 00:00:00;1;13911482;10/09/2026 15:47:25;Tiago;Rodriguez;;;;;;Tiago Rodriguez;
14252216;10/09/2026 15:49:22;3;2;0001  215222-1;01;CAMIONETA LUN 1;2091837;"CO22    ";"COPMACO LTDA.                                     ";INDEPENDENDENCIA 214;951552;"20-183         ";"MONOCOMANDO DE COCINA MAT                                             ";1;1;1;23309769;100926154725188;182987241;;;;11/02/2031 00:00:00;1;13911482;10/09/2026 15:47:25;Tiago;Rodriguez;;;;;;Tiago Rodriguez;
14252216;10/09/2026 15:49:22;3;2;0001  215222-1;01;CAMIONETA LUN 1;2091837;"CO22    ";"COPMACO LTDA.                                     ";INDEPENDENDENCIA 214;952679;"60-205         ";60-205 - LAVATORIO MONOC BAJO STEEL;2;2;2;23309769;100926154725188;182992037;;;;07/28/2031 00:00:00;2;13911482;10/09/2026 15:47:25;Tiago;Rodriguez;;;;;;Tiago Rodriguez;
14252216;10/09/2026 15:49:22;3;2;0001  215222-1;01;CAMIONETA LUN 1;2091837;"CO22    ";"COPMACO LTDA.                                     ";INDEPENDENDENCIA 214;952707;"61-152         ";61-152 - LAVATORIO MONOCOMANDO CROMO ALTO SORIA;1;1;1;23309769;100926154725188;182991577;;;;07/27/2031 00:00:00;1;13911482;10/09/2026 15:47:25;Tiago;Rodriguez;;;;;;Tiago Rodriguez;
14252216;10/09/2026 15:49:22;3;2;0001  215222-1;01;CAMIONETA LUN 1;2091837;"CO22    ";"COPMACO LTDA.                                     ";INDEPENDENDENCIA 214;951565;"20-205         ";20-205 - MONOCOMANDO DE COCINA STEEL;5;5;5;23309820;100926154824601;182989824;;;;07/28/2031 00:00:00;5;13911516;10/09/2026 15:48:24;Tiago;Rodriguez;;;;;;Tiago Rodriguez;
14252216;10/09/2026 15:49:22;3;2;0001  215222-1;01;CAMIONETA LUN 1;2091837;"CO22    ";"COPMACO LTDA.                                     ";INDEPENDENDENCIA 214;951531;"20-146N        ";20-146N - MONOCOMANDO DE COCINA BLACK LINEA MOVE;1;1;1;23309820;100926154824601;182987563;;;;07/30/2031 00:00:00;1;13911516;10/09/2026 15:48:24;Tiago;Rodriguez;;;;;;Tiago Rodriguez;
14252216;10/09/2026 15:49:22;3;2;0001  215222-1;01;CAMIONETA LUN 1;2091837;"CO22    ";"COPMACO LTDA.                                     ";INDEPENDENDENCIA 214;953312;"83-133         ";83-133 - DUCHA EXT. C/TRANSF. MONOCOMANDO LUGO;2;2;2;23309841;100926154854235;182986458;;;;07/30/2031 00:00:00;2;13911533;10/09/2026 15:48:54;Tiago;Rodriguez;;;;;;Tiago Rodriguez;
14252216;10/09/2026 15:49:22;3;2;0001  215222-1;01;CAMIONETA LUN 1;2091837;"CO22    ";"COPMACO LTDA.                                     ";INDEPENDENDENCIA 214;953320;"83-203         ";83-203 - DUCHA EXT C/TRANSF. MONOCOMANDO ADRA;2;2;2;23309841;100926154854235;182986839;;;;07/29/2031 00:00:00;2;13911533;10/09/2026 15:48:54;Tiago;Rodriguez;;;;;;Tiago Rodriguez;
14252217;10/09/2026 14:32:14;3;2;0001  215448-1;01;CAMIONETA LUN 1;2091837;"CO22    ";"COPMACO LTDA.                                     ";BV. LAS MALVINAS 635;951488;"20-102         ";"20-102 - MONOCOMANDO MESADA CROMO ""RENACER""";6;6;6;23298771;100926143212761;182953196;;;;08/20/2031 00:00:00;6;13908885;10/09/2026 14:32:12;Tiago;Rodriguez;24575254;10/09/2026 12:44:12;7152;Mirko;Hernandez;Tiago Rodriguez;Mirko Hernandez
14252413;21/09/2026 16:33:37;3;2;0001  214991-1;05;CAMIONETA EXP 5;2092670;"GF01    ";"GUIDOLI FLORIO S.R.L.                             ";RUTA N.16 KM 10,1;952860;"70-057         ";70-057 - BIDE C.STD VERIN PLUS;10;10;10;23538553;210926163337517;184728718;;;;01/31/2032 00:00:00;10;14065346;21/09/2026 16:33:37;Maximiliano;Nievas;24811393;19/09/2026 10:35:29;6585;Mathias;Montenegro;Maximiliano Nievas;Mathias Montenegro
14252413;21/09/2026 16:33:37;3;2;0001  214991-1;05;CAMIONETA EXP 5;2092670;"GF01    ";"GUIDOLI FLORIO S.R.L.                             ";RUTA N.16 KM 10,1;957390;"RA001          ";RA001 - CABEZAL STD NO ASCENDENTE;50;50;50;23543475;210926162838146;184767031;;;;02/11/2032 00:00:00;50;14065146;21/09/2026 16:28:38;Maximiliano;Nievas;24816421;21/09/2026 06:49:13;7636;Kevin;Arce;Maximiliano Nievas;Kevin Arce
14252413;21/09/2026 16:33:37;3;2;0001  214991-1;05;CAMIONETA EXP 5;2092670;"GF01    ";"GUIDOLI FLORIO S.R.L.                             ";RUTA N.16 KM 10,1;952582;"60-057         ";60-057 - LAVATORIO C.STD VERIN PLUS;5;5;5;23571507;210926163106216;184728640;;;;01/31/2032 00:00:00;5;14065358;21/09/2026 16:31:06;Maximiliano;Nievas;;;;;;Maximiliano Nievas;
14252413;21/09/2026 16:33:37;3;2;0001  214991-1;05;CAMIONETA EXP 5;2092670;"GF01    ";"GUIDOLI FLORIO S.R.L.                             ";RUTA N.16 KM 10,1;952437;"51-057         ";51-057 - COCINA MESADA CR C.STD VERIN PLUS;5;5;5;23571507;210926163106216;184728951;;;;01/27/2032 00:00:00;5;14065358;21/09/2026 16:31:06;Maximiliano;Nievas;;;;;;Maximiliano Nievas;
14252413;21/09/2026 16:33:37;3;2;0001  214991-1;05;CAMIONETA EXP 5;2092670;"GF01    ";"GUIDOLI FLORIO S.R.L.                             ";RUTA N.16 KM 10,1;953059;"80-057         ";80-057 - DUCHA EMB. C/TRANSF. C.STD VERIN PLUS;25;25;25;23571532;210926163155126;184963104;;;;02/08/2032 00:00:00;10;14065378;21/09/2026 16:31:55;Maximiliano;Nievas;;;;;;Maximiliano Nievas;
14252413;21/09/2026 16:33:37;3;2;0001  214991-1;05;CAMIONETA EXP 5;2092670;"GF01    ";"GUIDOLI FLORIO S.R.L.                             ";RUTA N.16 KM 10,1;953059;"80-057         ";80-057 - DUCHA EMB. C/TRANSF. C.STD VERIN PLUS;25;25;25;23571555;210926163234315;184963311;;;;02/08/2032 00:00:00;10;14065406;21/09/2026 16:32:34;Maximiliano;Nievas;;;;;;Maximiliano Nievas;
14252413;21/09/2026 16:33:37;3;2;0001  214991-1;05;CAMIONETA EXP 5;2092670;"GF01    ";"GUIDOLI FLORIO S.R.L.                             ";RUTA N.16 KM 10,1;953059;"80-057         ";80-057 - DUCHA EMB. C/TRANSF. C.STD VERIN PLUS;25;25;25;23571582;210926163309572;184728570;;;;02/08/2032 00:00:00;5;14065422;21/09/2026 16:33:09;Maximiliano;Nievas;;;;;;Maximiliano Nievas;
14252414;22/09/2026 09:33:11;3;2;0001  214992-1;05;CAMIONETA EXP 5;2092670;"GF01    ";"GUIDOLI FLORIO S.R.L.                             ";RUTA N.16 KM 10,1;956490;"LG03C60        ";LG03C60 - LAVATORIO CR C.STD BERNA;10;10;10;23543787;220926093307365;184768936;;;;02/10/2032 00:00:00;10;14071556;22/09/2026 09:33:07;Maximiliano;Nievas;24816632;21/09/2026 06:55:11;6419;Tiago;Rodriguez;Maximiliano Nievas;Tiago Rodriguez
14252415;22/09/2026 09:09:59;3;2;0001  215011-1;05;CAMIONETA EXP 5;2091953;"CS39    ";"CSBP S.R.L -NUEVA ITALIA MATERIALES               ";ITALIA 380;952591;"601            ";601 - CANILLA COCINA MESADA CROMO DIQUE;3;3;3;23539106;220926090811418;184740135;;;;12/20/2031 00:00:00;3;14070856;22/09/2026 09:08:11;Maximiliano;Nievas;24811915;19/09/2026 11:55:06;7839;Claudio;Juarez;Maximiliano Nievas;Claudio Juarez
14252415;22/09/2026 09:09:59;3;2;0001  215011-1;05;CAMIONETA EXP 5;2091953;"CS39    ";"CSBP S.R.L -NUEVA ITALIA MATERIALES               ";ITALIA 380;951523;"20-134         ";20-134 - MONOCOMANDO COCINA BETIS;2;2;2;23543476;220926090845190;184766472;;;;08/11/2031 00:00:00;2;14070910;22/09/2026 09:08:45;Maximiliano;Nievas;24816421;21/09/2026 06:49:13;7636;Kevin;Arce;Maximiliano Nievas;Kevin Arce
14252415;22/09/2026 09:09:59;3;2;0001  215011-1;05;CAMIONETA EXP 5;2091953;"CS39    ";"CSBP S.R.L -NUEVA ITALIA MATERIALES               ";ITALIA 380;954917;"BCH15          ";BCH15 - BACHA SEMI EMBUTIDA  BLANCA 530x370x155;2;2;2;23543763;220926090956381;184768446;;;;07/28/2031 00:00:00;1;14070933;22/09/2026 09:09:56;Maximiliano;Nievas;24816635;21/09/2026 06:47:05;7310;Maximiliano;Nievas;Maximiliano Nievas;Maximiliano Nievas
14252415;22/09/2026 09:09:59;3;2;0001  215011-1;05;CAMIONETA EXP 5;2091953;"CS39    ";"CSBP S.R.L -NUEVA ITALIA MATERIALES               ";ITALIA 380;953086;"80-131         ";80-131 - DUCHA EMB. C/TRANSF. CR C.CERAM MALLORCA;1;1;1;23582766;220926090715758;184739893;;;;01/24/2032 00:00:00;1;14070870;22/09/2026 09:07:15;Maximiliano;Nievas;;;;;;Maximiliano Nievas;
14252415;22/09/2026 09:09:59;3;2;0001  215011-1;05;CAMIONETA EXP 5;2091953;"CS39    ";"CSBP S.R.L -NUEVA ITALIA MATERIALES               ";ITALIA 380;952888;"70-122         ";70-122 - BIDE C.CERAM CR VALENCIA;1;1;1;23582766;220926090715758;184737765;;;;10/26/2031 00:00:00;1;14070870;22/09/2026 09:07:15;Maximiliano;Nievas;;;;;;Maximiliano Nievas;
14252415;22/09/2026 09:09:59;3;2;0001  215011-1;05;CAMIONETA EXP 5;2091953;"CS39    ";"CSBP S.R.L -NUEVA ITALIA MATERIALES               ";ITALIA 380;952610;"60-122         ";60-122 - LAVATORIO C.CERAM CR VALENCIA;2;2;2;23582766;220926090715758;184737800;;;;01/19/2032 00:00:00;2;14070870;22/09/2026 09:07:15;Maximiliano;Nievas;;;;;;Maximiliano Nievas;
14252415;22/09/2026 09:09:59;3;2;0001  215011-1;05;CAMIONETA EXP 5;2091953;"CS39    ";"CSBP S.R.L -NUEVA ITALIA MATERIALES               ";ITALIA 380;952608;"60-121         ";60-121 - LAVATORIO C.CERAM CR MARBELLA;2;2;2;23582766;220926090715758;184739423;;;;01/25/2032 00:00:00;2;14070870;22/09/2026 09:07:15;Maximiliano;Nievas;;;;;;Maximiliano Nievas;
14252415;22/09/2026 09:09:59;3;2;0001  215011-1;05;CAMIONETA EXP 5;2091953;"CS39    ";"CSBP S.R.L -NUEVA ITALIA MATERIALES               ";ITALIA 380;953413;"90-058         ";90-058 - PACK GRIF.MALBA CR (Lavatorio-Bide-Ducha c/t);2;2;2;23582766;220926090715758;184736749;;;;08/02/2031 00:00:00;2;14070870;22/09/2026 09:07:15;Maximiliano;Nievas;;;;;;Maximiliano Nievas;
14252415;22/09/2026 09:09:59;3;2;0001  215011-1;05;CAMIONETA EXP 5;2091953;"CS39    ";"CSBP S.R.L -NUEVA ITALIA MATERIALES               ";ITALIA 380;953090;"80-136         ";80-136 - DUCHA EMB. C/TRANSF. CR C.C. MARBELLA PLUS;1;1;1;23582766;220926090715758;184732454;;;;10/29/2031 00:00:00;1;14070870;22/09/2026 09:07:15;Maximiliano;Nievas;;;;;;Maximiliano Nievas;
14252415;22/09/2026 09:09:59;3;2;0001  215011-1;05;CAMIONETA EXP 5;2091953;"CS39    ";"CSBP S.R.L -NUEVA ITALIA MATERIALES               ";ITALIA 380;954901;"BCH01          ";BCH01 - BACHA DE APOYAR CIRCULAR 320x145;2;2;2;23582869;220926090925859;185041318;;;;07/28/2031 00:00:00;1;14070936;22/09/2026 09:09:25;Maximiliano;Nievas;;;;;;Maximiliano Nievas;
14252415;22/09/2026 09:09:59;3;2;0001  215011-1;05;CAMIONETA EXP 5;2091953;"CS39    ";"CSBP S.R.L -NUEVA ITALIA MATERIALES               ";ITALIA 380;954908;"BCH07          ";BCH07 - BACHA DE APOYAR OVALADA 400x330x150;1;1;1;23582878;220926090932730;184768106;;;;07/29/2031 00:00:00;1;14070940;22/09/2026 09:09:32;Maximiliano;Nievas;;;;;;Maximiliano Nievas;
14252415;22/09/2026 09:09:59;3;2;0001  215011-1;05;CAMIONETA EXP 5;2091953;"CS39    ";"CSBP S.R.L -NUEVA ITALIA MATERIALES               ";ITALIA 380;954901;"BCH01          ";BCH01 - BACHA DE APOYAR CIRCULAR 320x145;2;2;2;23582883;220926090941545;184768185;;;;07/28/2031 00:00:00;1;14070943;22/09/2026 09:09:41;Maximiliano;Nievas;;;;;;Maximiliano Nievas;
14252415;22/09/2026 09:09:59;3;2;0001  215011-1;05;CAMIONETA EXP 5;2091953;"CS39    ";"CSBP S.R.L -NUEVA ITALIA MATERIALES               ";ITALIA 380;954917;"BCH15          ";BCH15 - BACHA SEMI EMBUTIDA  BLANCA 530x370x155;2;2;2;23582890;220926090949245;185041444;;;;07/28/2031 00:00:00;1;14070948;22/09/2026 09:09:49;Maximiliano;Nievas;;;;;;Maximiliano Nievas;
14252416;21/09/2026 16:46:45;3;2;0001  215016-1;05;CAMIONETA EXP 5;2091513;"CB15    ";"CASA BOUCIGUEZ S.A.                               ";INDEPENDENCIA 2350;952583;"60-058         ";60-058 - LAVATORIO CR C.STD MALBA;3;3;3;23537382;210926164326477;184720864;;;;12/03/2031 00:00:00;3;14065557;21/09/2026 16:43:26;Maximiliano;Nievas;24810111;19/09/2026 09:46:21;6585;Mathias;Montenegro;Maximiliano Nievas;Mathias Montenegro
14252416;21/09/2026 16:46:45;3;2;0001  215016-1;05;CAMIONETA EXP 5;2091513;"CB15    ";"CASA BOUCIGUEZ S.A.                               ";INDEPENDENCIA 2350;952862;"70-058         ";70-058 - BIDE CR C.STD MALBA;6;6;6;23537382;210926164326477;184721069;;;;10/20/2031 00:00:00;6;14065557;21/09/2026 16:43:26;Maximiliano;Nievas;24810111;19/09/2026 09:46:21;6585;Mathias;Montenegro;Maximiliano Nievas;Mathias Montenegro
14252416;21/09/2026 16:46:45;3;2;0001  215016-1;05;CAMIONETA EXP 5;2091513;"CB15    ";"CASA BOUCIGUEZ S.A.                               ";INDEPENDENCIA 2350;953059;"80-057         ";80-057 - DUCHA EMB. C/TRANSF. C.STD VERIN PLUS;3;3;3;23537382;210926164326477;184720737;;;;02/08/2032 00:00:00;3;14065557;21/09/2026 16:43:26;Maximiliano;Nievas;24810111;19/09/2026 09:46:21;6585;Mathias;Montenegro;Maximiliano Nievas;Mathias Montenegro
14252416;21/09/2026 16:46:45;3;2;0001  215016-1;05;CAMIONETA EXP 5;2091513;"CB15    ";"CASA BOUCIGUEZ S.A.                               ";INDEPENDENCIA 2350;951565;"20-205         ";20-205 - MONOCOMANDO DE COCINA STEEL;6;6;6;23538858;210926164645029;184735375;;;;07/28/2031 00:00:00;6;14065794;21/09/2026 16:46:45;Maximiliano;Nievas;24811655;19/09/2026 11:42:49;6585;Mathias;Montenegro;Maximiliano Nievas;Mathias Montenegro
14252416;21/09/2026 16:46:45;3;2;0001  215016-1;05;CAMIONETA EXP 5;2091513;"CB15    ";"CASA BOUCIGUEZ S.A.                               ";INDEPENDENCIA 2350;952582;"60-057         ";60-057 - LAVATORIO C.STD VERIN PLUS;10;10;10;23571712;210926163717331;184720670;;;;01/31/2032 00:00:00;10;14065564;21/09/2026 16:37:17;Maximiliano;Nievas;;;;;;Maximiliano Nievas;
14252416;21/09/2026 16:46:45;3;2;0001  215016-1;05;CAMIONETA EXP 5;2091513;"CB15    ";"CASA BOUCIGUEZ S.A.                               ";INDEPENDENCIA 2350;952541;"60-001N        ";"60-001N - LAVATORIO ""CROMO Y""";8;8;8;23571758;210926163846531;184721909;;;;02/01/2032 00:00:00;8;14065607;21/09/2026 16:38:46;Maximiliano;Nievas;;;;;;Maximiliano Nievas;
14252416;21/09/2026 16:46:45;3;2;0001  215016-1;05;CAMIONETA EXP 5;2091513;"CB15    ";"CASA BOUCIGUEZ S.A.                               ";INDEPENDENCIA 2350;952821;"70-001N        ";"70-001N - BIDE ""CROMO Y""";2;2;2;23571758;210926163846531;184721983;;;;07/31/2031 00:00:00;2;14065607;21/09/2026 16:38:46;Maximiliano;Nievas;;;;;;Maximiliano Nievas;
14252416;21/09/2026 16:46:45;3;2;0001  215016-1;05;CAMIONETA EXP 5;2091513;"CB15    ";"CASA BOUCIGUEZ S.A.                               ";INDEPENDENCIA 2350;953055;"80-045         ";80-045 - DUCHA EMB.C/TRANSF CR  C.STD CRUZ;8;8;8;23571849;210926164115377;184721727;;;;02/18/2032 00:00:00;8;14065681;21/09/2026 16:41:15;Maximiliano;Nievas;;;;;;Maximiliano Nievas;
14252416;21/09/2026 16:46:45;3;2;0001  215016-1;05;CAMIONETA EXP 5;2091513;"CB15    ";"CASA BOUCIGUEZ S.A.                               ";INDEPENDENCIA 2350;952420;"51-002         ";51-002 - COCINA MESADA RENACER;3;3;3;23571849;210926164115377;184966069;;;;11/03/2031 00:00:00;2;14065681;21/09/2026 16:41:15;Maximiliano;Nievas;;;;;;Maximiliano Nievas;
14252416;21/09/2026 16:46:45;3;2;0001  215016-1;05;CAMIONETA EXP 5;2091513;"CB15    ";"CASA BOUCIGUEZ S.A.                               ";INDEPENDENCIA 2350;952420;"51-002         ";51-002 - COCINA MESADA RENACER;3;3;3;23571911;210926164223521;184721237;;;;11/03/2031 00:00:00;1;14065713;21/09/2026 16:42:23;Maximiliano;Nievas;;;;;;Maximiliano Nievas;
14252416;21/09/2026 16:46:45;3;2;0001  215016-1;05;CAMIONETA EXP 5;2091513;"CB15    ";"CASA BOUCIGUEZ S.A.                               ";INDEPENDENCIA 2350;953210;"81-058         ";81-058 - DUCHA EMB. S/TRANSF. CR STD MALBA;2;2;2;23571911;210926164223521;184721128;;;;11/25/2031 00:00:00;2;14065713;21/09/2026 16:42:23;Maximiliano;Nievas;;;;;;Maximiliano Nievas;
14252416;21/09/2026 16:46:45;3;2;0001  215016-1;05;CAMIONETA EXP 5;2091513;"CB15    ";"CASA BOUCIGUEZ S.A.                               ";INDEPENDENCIA 2350;952677;"60-203         ";60-203 - LAVATORIO MONOCOMANDO BAJO ADRA;3;3;3;23571911;210926164223521;184721370;;;;03/02/2032 00:00:00;3;14065713;21/09/2026 16:42:23;Maximiliano;Nievas;;;;;;Maximiliano Nievas;
14252416;21/09/2026 16:46:45;3;2;0001  215016-1;05;CAMIONETA EXP 5;2091513;"CB15    ";"CASA BOUCIGUEZ S.A.                               ";INDEPENDENCIA 2350;952856;"70-045         ";70-045 - BIDE CROMO C.STD CRUZ;4;4;4;23571911;210926164223521;184721570;;;;02/01/2032 00:00:00;4;14065713;21/09/2026 16:42:23;Maximiliano;Nievas;;;;;;Maximiliano Nievas;
14252416;21/09/2026 16:46:45;3;2;0001  215016-1;05;CAMIONETA EXP 5;2091513;"CB15    ";"CASA BOUCIGUEZ S.A.                               ";INDEPENDENCIA 2350;952954;"70-203         ";70-203 - BIDE MONOCOMANDO ADRA;5;5;5;23572017;210926164520266;184737675;;;;07/30/2031 00:00:00;5;14065832;21/09/2026 16:45:20;Maximiliano;Nievas;;;;;;Maximiliano Nievas;
14252416;21/09/2026 16:46:45;3;2;0001  215016-1;05;CAMIONETA EXP 5;2091513;"CB15    ";"CASA BOUCIGUEZ S.A.                               ";INDEPENDENCIA 2350;952712;"61-176         ";61-176 - LAVATORIO MONOC ALTO CR RIO;2;2;2;23572030;210926164542766;184734770;;;;10/11/2031 00:00:00;2;14065842;21/09/2026 16:45:42;Maximiliano;Nievas;;;;;;Maximiliano Nievas;
14252416;21/09/2026 16:46:45;3;2;0001  215016-1;05;CAMIONETA EXP 5;2091513;"CB15    ";"CASA BOUCIGUEZ S.A.                               ";INDEPENDENCIA 2350;952618;"60-133         ";60-133 - LAVATORIO MONOCOMANDO LUGO;1;1;1;23572030;210926164542766;184736002;;;;07/29/2031 00:00:00;1;14065842;21/09/2026 16:45:42;Maximiliano;Nievas;;;;;;Maximiliano Nievas;
14252416;21/09/2026 16:46:45;3;2;0001  215016-1;05;CAMIONETA EXP 5;2091513;"CB15    ";"CASA BOUCIGUEZ S.A.                               ";INDEPENDENCIA 2350;951539;"20-168         ";20-168 - MONOCOMANDO COCINA CR WAVE;1;1;1;23572030;210926164542766;184730842;;;;07/27/2031 00:00:00;1;14065842;21/09/2026 16:45:42;Maximiliano;Nievas;;;;;;Maximiliano Nievas;
14252416;21/09/2026 16:46:45;3;2;0001  215016-1;05;CAMIONETA EXP 5;2091513;"CB15    ";"CASA BOUCIGUEZ S.A.                               ";INDEPENDENCIA 2350;951523;"20-134         ";20-134 - MONOCOMANDO COCINA BETIS;3;3;3;23572030;210926164542766;184738309;;;;08/11/2031 00:00:00;3;14065842;21/09/2026 16:45:42;Maximiliano;Nievas;;;;;;Maximiliano Nievas;
14252417;22/09/2026 10:37:49;3;2;0001  215019-1;05;CAMIONETA EXP 5;2314000;"IA05    ";"IZAGUIRRE AMOROSO SA - TODO CASA                  ";RIVADAVIA 3201;953055;"80-045         ";80-045 - DUCHA EMB.C/TRANSF CR  C.STD CRUZ;6;6;6;23539107;220926103748065;184738650;;;;02/18/2032 00:00:00;3;14073473;22/09/2026 10:37:48;Maximiliano;Nievas;24811915;19/09/2026 11:55:06;7839;Claudio;Juarez;Maximiliano Nievas;Claudio Juarez
14252417;22/09/2026 10:37:49;3;2;0001  215019-1;05;CAMIONETA EXP 5;2314000;"IA05    ";"IZAGUIRRE AMOROSO SA - TODO CASA                  ";RIVADAVIA 3201;953477;"934/CR         ";934/CR - J.PARED C/EXT CRUZ CR/CR ARES;2;2;2;23539107;220926103748065;184740069;;;;02/09/2032 00:00:00;1;14073473;22/09/2026 10:37:48;Maximiliano;Nievas;24811915;19/09/2026 11:55:06;7839;Claudio;Juarez;Maximiliano Nievas;Claudio Juarez
14252417;22/09/2026 10:37:49;3;2;0001  215019-1;05;CAMIONETA EXP 5;2314000;"IA05    ";"IZAGUIRRE AMOROSO SA - TODO CASA                  ";RIVADAVIA 3201;952577;"60-045         ";60-045 - LAVATORIO CR/CR C.STD CRUZ;6;6;6;23539107;220926103748065;184738119;;;;01/24/2032 00:00:00;4;14073473;22/09/2026 10:37:48;Maximiliano;Nievas;24811915;19/09/2026 11:55:06;7839;Claudio;Juarez;Maximiliano Nievas;Claudio Juarez
14252417;22/09/2026 10:37:49;3;2;0001  215019-1;05;CAMIONETA EXP 5;2314000;"IA05    ";"IZAGUIRRE AMOROSO SA - TODO CASA                  ";RIVADAVIA 3201;952437;"51-057         ";51-057 - COCINA MESADA CR C.STD VERIN PLUS;6;6;6;23539107;220926103748065;184739270;;;;01/27/2032 00:00:00;2;14073473;22/09/2026 10:37:48;Maximiliano;Nievas;24811915;19/09/2026 11:55:06;7839;Claudio;Juarez;Maximiliano Nievas;Claudio Juarez
14252417;22/09/2026 10:37:49;3;2;0001  215019-1;05;CAMIONETA EXP 5;2314000;"IA05    ";"IZAGUIRRE AMOROSO SA - TODO CASA                  ";RIVADAVIA 3201;954922;"BCH19          ";"BACHA DE APOYAR BLANCA 365x235x120                                    ";1;1;1;23543506;220926102656435;184766529;;;;07/28/2031 00:00:00;1;14072663;22/09/2026 10:26:56;Maximiliano;Nievas;24816453;21/09/2026 06:22:11;6419;Tiago;Rodriguez;Maximiliano Nievas;Tiago Rodriguez
14252417;22/09/2026 10:37:49;3;2;0001  215019-1;05;CAMIONETA EXP 5;2314000;"IA05    ";"IZAGUIRRE AMOROSO SA - TODO CASA                  ";RIVADAVIA 3201;953312;"83-133         ";83-133 - DUCHA EXT. C/TRANSF. MONOCOMANDO LUGO;2;2;2;23543583;220926103556378;184767523;;;;09/03/2031 00:00:00;2;14073185;22/09/2026 10:35:56;Maximiliano;Nievas;24816508;21/09/2026 06:51:12;7807;Nicolas;Perez;Maximiliano Nievas;Nicolas Perez
14252417;22/09/2026 10:37:49;3;2;0001  215019-1;05;CAMIONETA EXP 5;2314000;"IA05    ";"IZAGUIRRE AMOROSO SA - TODO CASA                  ";RIVADAVIA 3201;950892;"01-010         ";"VALVULA P/MINGITORIO TEMPORIZADA TECNO                                ";2;2;2;23543583;220926103556378;184768183;;;;07/28/2031 00:00:00;2;14073185;22/09/2026 10:35:56;Maximiliano;Nievas;24816508;21/09/2026 06:51:12;7807;Nicolas;Perez;Maximiliano Nievas;Nicolas Perez
14252417;22/09/2026 10:37:49;3;2;0001  215019-1;05;CAMIONETA EXP 5;2314000;"IA05    ";"IZAGUIRRE AMOROSO SA - TODO CASA                  ";RIVADAVIA 3201;951116;"12006          ";"SET DE 6 PIEZAS LINEA 12000                                           ";3;3;3;23543583;220926103556378;184767114;;;;07/30/2031 00:00:00;3;14073185;22/09/2026 10:35:56;Maximiliano;Nievas;24816508;21/09/2026 06:51:12;7807;Nicolas;Perez;Maximiliano Nievas;Nicolas Perez
14252417;22/09/2026 10:37:49;3;2;0001  215019-1;05;CAMIONETA EXP 5;2314000;"IA05    ";"IZAGUIRRE AMOROSO SA - TODO CASA                  ";RIVADAVIA 3201;954908;"BCH07          ";BCH07 - BACHA DE APOYAR OVALADA 400x330x150;2;2;2;23586132;220926101014625;185062091;;;;07/29/2031 00:00:00;1;14072664;22/09/2026 10:10:14;Maximiliano;Nievas;;;;;;Maximiliano Nievas;
14252417;22/09/2026 10:37:49;3;2;0001  215019-1;05;CAMIONETA EXP 5;2314000;"IA05    ";"IZAGUIRRE AMOROSO SA - TODO CASA                  ";RIVADAVIA 3201;954908;"BCH07          ";BCH07 - BACHA DE APOYAR OVALADA 400x330x150;2;2;2;23587054;220926102640404;184766282;;;;07/29/2031 00:00:00;1;14073158;22/09/2026 10:26:40;Maximiliano;Nievas;;;;;;Maximiliano Nievas;
14252417;22/09/2026 10:37:49;3;2;0001  215019-1;05;CAMIONETA EXP 5;2314000;"IA05    ";"IZAGUIRRE AMOROSO SA - TODO CASA                  ";RIVADAVIA 3201;952728;"61-205         ";61-205 - LAVATORIO MONOC ALTO STEEL;1;1;1;23587414;220926103356263;184768503;;;;07/28/2031 00:00:00;1;14073398;22/09/2026 10:33:56;Maximiliano;Nievas;;;;;;Maximiliano Nievas;
14252417;22/09/2026 10:37:49;3;2;0001  215019-1;05;CAMIONETA EXP 5;2314000;"IA05    ";"IZAGUIRRE AMOROSO SA - TODO CASA                  ";RIVADAVIA 3201;952712;"61-176         ";61-176 - LAVATORIO MONOC ALTO CR RIO;2;2;2;23587414;220926103356263;184768267;;;;10/11/2031 00:00:00;2;14073398;22/09/2026 10:33:56;Maximiliano;Nievas;;;;;;Maximiliano Nievas;
14252417;22/09/2026 10:37:49;3;2;0001  215019-1;05;CAMIONETA EXP 5;2314000;"IA05    ";"IZAGUIRRE AMOROSO SA - TODO CASA                  ";RIVADAVIA 3201;951523;"20-134         ";20-134 - MONOCOMANDO COCINA BETIS;2;2;2;23587414;220926103356263;184767714;;;;08/11/2031 00:00:00;2;14073398;22/09/2026 10:33:56;Maximiliano;Nievas;;;;;;Maximiliano Nievas;
14252417;22/09/2026 10:37:49;3;2;0001  215019-1;05;CAMIONETA EXP 5;2314000;"IA05    ";"IZAGUIRRE AMOROSO SA - TODO CASA                  ";RIVADAVIA 3201;951535;"20-160         ";20-160 - MONOCOMANDO MESADA COCINA DIQUE;5;5;5;23587433;220926103424657;184767332;;;;07/28/2031 00:00:00;5;14073418;22/09/2026 10:34:24;Maximiliano;Nievas;;;;;;Maximiliano Nievas;
14252417;22/09/2026 10:37:49;3;2;0001  215019-1;05;CAMIONETA EXP 5;2314000;"IA05    ";"IZAGUIRRE AMOROSO SA - TODO CASA                  ";RIVADAVIA 3201;953477;"934/CR         ";934/CR - J.PARED C/EXT CRUZ CR/CR ARES;2;2;2;23587596;220926103658237;185072118;;;;02/09/2032 00:00:00;1;14073488;22/09/2026 10:36:58;Maximiliano;Nievas;;;;;;Maximiliano Nievas;
14252417;22/09/2026 10:37:49;3;2;0001  215019-1;05;CAMIONETA EXP 5;2314000;"IA05    ";"IZAGUIRRE AMOROSO SA - TODO CASA                  ";RIVADAVIA 3201;953055;"80-045         ";80-045 - DUCHA EMB.C/TRANSF CR  C.STD CRUZ;6;6;6;23587596;220926103658237;185072117;;;;02/18/2032 00:00:00;3;14073488;22/09/2026 10:36:58;Maximiliano;Nievas;;;;;;Maximiliano Nievas;
14252417;22/09/2026 10:37:49;3;2;0001  215019-1;05;CAMIONETA EXP 5;2314000;"IA05    ";"IZAGUIRRE AMOROSO SA - TODO CASA                  ";RIVADAVIA 3201;952577;"60-045         ";60-045 - LAVATORIO CR/CR C.STD CRUZ;6;6;6;23587596;220926103658237;185072116;;;;01/24/2032 00:00:00;2;14073488;22/09/2026 10:36:58;Maximiliano;Nievas;;;;;;Maximiliano Nievas;
14252417;22/09/2026 10:37:49;3;2;0001  215019-1;05;CAMIONETA EXP 5;2314000;"IA05    ";"IZAGUIRRE AMOROSO SA - TODO CASA                  ";RIVADAVIA 3201;952437;"51-057         ";51-057 - COCINA MESADA CR C.STD VERIN PLUS;6;6;6;23587596;220926103658237;185072115;;;;01/27/2032 00:00:00;4;14073488;22/09/2026 10:36:58;Maximiliano;Nievas;;;;;;Maximiliano Nievas;
14252418;22/09/2026 07:17:54;3;2;0001  215041-1;05;CAMIONETA EXP 5;2091632;"CF15    ";"COMPAGNUCCI FEDERICO -FERRET. LA OBRA             ";FELIX PAZ 1332 3;951737;"3005           ";3005 - SET DE 5 PIEZAS LINEA 3000;1;1;1;23538859;220926071754047;184737763;;;;07/27/2031 00:00:00;1;14068704;22/09/2026 07:17:54;Maximiliano;Nievas;24811655;19/09/2026 11:42:49;6585;Mathias;Montenegro;Maximiliano Nievas;Mathias Montenegro
14252418;22/09/2026 07:17:54;3;2;0001  215041-1;05;CAMIONETA EXP 5;2091632;"CF15    ";"COMPAGNUCCI FEDERICO -FERRET. LA OBRA             ";FELIX PAZ 1332 3;952712;"61-176         ";61-176 - LAVATORIO MONOC ALTO CR RIO;1;1;1;23538859;220926071754047;184734866;;;;10/11/2031 00:00:00;1;14068704;22/09/2026 07:17:54;Maximiliano;Nievas;24811655;19/09/2026 11:42:49;6585;Mathias;Montenegro;Maximiliano Nievas;Mathias Montenegro
14252418;22/09/2026 07:17:54;3;2;0001  215041-1;05;CAMIONETA EXP 5;2091632;"CF15    ";"COMPAGNUCCI FEDERICO -FERRET. LA OBRA             ";FELIX PAZ 1332 3;952925;"70-176         ";70-176 - BIDE MONOC C/TRANSF CR RIO;1;1;1;23538859;220926071754047;184734910;;;;12/14/2031 00:00:00;1;14068704;22/09/2026 07:17:54;Maximiliano;Nievas;24811655;19/09/2026 11:42:49;6585;Mathias;Montenegro;Maximiliano Nievas;Mathias Montenegro
14252418;22/09/2026 07:17:54;3;2;0001  215041-1;05;CAMIONETA EXP 5;2091632;"CF15    ";"COMPAGNUCCI FEDERICO -FERRET. LA OBRA             ";FELIX PAZ 1332 3;953122;"80-176         ";80-176 - DUCHA EMB C/TRANSF MONOC CR RIO;1;1;1;23538859;220926071754047;184734192;;;;07/29/2031 00:00:00;1;14068704;22/09/2026 07:17:54;Maximiliano;Nievas;24811655;19/09/2026 11:42:49;6585;Mathias;Montenegro;Maximiliano Nievas;Mathias Montenegro
14252418;22/09/2026 07:17:54;3;2;0001  215041-1;05;CAMIONETA EXP 5;2091632;"CF15    ";"COMPAGNUCCI FEDERICO -FERRET. LA OBRA             ";FELIX PAZ 1332 3;952634;"60-162         ";60-162 - LAVATORIO CR C.CERAM LINEA ADRA;2;2;2;23539108;220926071125408;184735462;;;;07/29/2031 00:00:00;2;14068650;22/09/2026 07:11:25;Maximiliano;Nievas;24811915;19/09/2026 11:55:06;7839;Claudio;Juarez;Maximiliano Nievas;Claudio Juarez
14252418;22/09/2026 07:17:54;3;2;0001  215041-1;05;CAMIONETA EXP 5;2091632;"CF15    ";"COMPAGNUCCI FEDERICO -FERRET. LA OBRA             ";FELIX PAZ 1332 3;952913;"70-162N        ";70-162N - BIDE BLACK C.CERAM LINEA ADRA;1;1;1;23539108;220926071125408;184737668;;;;02/16/2032 00:00:00;1;14068650;22/09/2026 07:11:25;Maximiliano;Nievas;24811915;19/09/2026 11:55:06;7839;Claudio;Juarez;Maximiliano Nievas;Claudio Juarez
14252418;22/09/2026 07:17:54;3;2;0001  215041-1;05;CAMIONETA EXP 5;2091632;"CF15    ";"COMPAGNUCCI FEDERICO -FERRET. LA OBRA             ";FELIX PAZ 1332 3;953059;"80-057         ";80-057 - DUCHA EMB. C/TRANSF. C.STD VERIN PLUS;3;3;3;23539108;220926071125408;184733220;;;;02/08/2032 00:00:00;3;14068650;22/09/2026 07:11:25;Maximiliano;Nievas;24811915;19/09/2026 11:55:06;7839;Claudio;Juarez;Maximiliano Nievas;Claudio Juarez
14252418;22/09/2026 07:17:54;3;2;0001  215041-1;05;CAMIONETA EXP 5;2091632;"CF15    ";"COMPAGNUCCI FEDERICO -FERRET. LA OBRA             ";FELIX PAZ 1332 3;953110;"80-166N        ";80-166N - DUCHA EMB. C/TRANSF. BLACK C.CERAM ADRA PLUS;1;1;1;23539108;220926071125408;184737717;;;;01/12/2032 00:00:00;1;14068650;22/09/2026 07:11:25;Maximiliano;Nievas;24811915;19/09/2026 11:55:06;7839;Claudio;Juarez;Maximiliano Nievas;Claudio Juarez
14252418;22/09/2026 07:17:54;3;2;0001  215041-1;05;CAMIONETA EXP 5;2091632;"CF15    ";"COMPAGNUCCI FEDERICO -FERRET. LA OBRA             ";FELIX PAZ 1332 3;953107;"80-162         ";80-162 - DUCHA EMB. C/TRANSF. CR C.CERAM ADRA;2;2;2;23578281;220926070944971;185010880;;;;07/29/2031 00:00:00;1;14068653;22/09/2026 07:09:45;Maximiliano;Nievas;;;;;;Maximiliano Nievas;
14252418;22/09/2026 07:17:54;3;2;0001  215041-1;05;CAMIONETA EXP 5;2091632;"CF15    ";"COMPAGNUCCI FEDERICO -FERRET. LA OBRA             ";FELIX PAZ 1332 3;953060;"80-058         ";80-058 - DUCHA EMB. C/TRANSF. CR C.STD MALBA;3;3;3;23578281;220926070944971;184736483;;;;01/06/2032 00:00:00;3;14068653;22/09/2026 07:09:45;Maximiliano;Nievas;;;;;;Maximiliano Nievas;
14252418;22/09/2026 07:17:54;3;2;0001  215041-1;05;CAMIONETA EXP 5;2091632;"CF15    ";"COMPAGNUCCI FEDERICO -FERRET. LA OBRA             ";FELIX PAZ 1332 3;952862;"70-058         ";70-058 - BIDE CR C.STD MALBA;3;3;3;23578281;220926070944971;184736376;;;;10/20/2031 00:00:00;3;14068653;22/09/2026 07:09:45;Maximiliano;Nievas;;;;;;Maximiliano Nievas;
14252418;22/09/2026 07:17:54;3;2;0001  215041-1;05;CAMIONETA EXP 5;2091632;"CF15    ";"COMPAGNUCCI FEDERICO -FERRET. LA OBRA             ";FELIX PAZ 1332 3;952583;"60-058         ";60-058 - LAVATORIO CR C.STD MALBA;3;3;3;23578281;220926070944971;184736159;;;;12/03/2031 00:00:00;3;14068653;22/09/2026 07:09:45;Maximiliano;Nievas;;;;;;Maximiliano Nievas;
14252418;22/09/2026 07:17:54;3;2;0001  215041-1;05;CAMIONETA EXP 5;2091632;"CF15    ";"COMPAGNUCCI FEDERICO -FERRET. LA OBRA             ";FELIX PAZ 1332 3;952582;"60-057         ";60-057 - LAVATORIO C.STD VERIN PLUS;3;3;3;23578294;220926071033544;184732988;;;;01/31/2032 00:00:00;3;14068661;22/09/2026 07:10:33;Maximiliano;Nievas;;;;;;Maximiliano Nievas;
14252418;22/09/2026 07:17:54;3;2;0001  215041-1;05;CAMIONETA EXP 5;2091632;"CF15    ";"COMPAGNUCCI FEDERICO -FERRET. LA OBRA             ";FELIX PAZ 1332 3;952635;"60-162N        ";60-162N - LAVATORIO BLACK C.CERAM LINEA ADRA;1;1;1;23578294;220926071033544;184737254;;;;11/03/2031 00:00:00;1;14068661;22/09/2026 07:10:33;Maximiliano;Nievas;;;;;;Maximiliano Nievas;
14252418;22/09/2026 07:17:54;3;2;0001  215041-1;05;CAMIONETA EXP 5;2091632;"CF15    ";"COMPAGNUCCI FEDERICO -FERRET. LA OBRA             ";FELIX PAZ 1332 3;952860;"70-057         ";70-057 - BIDE C.STD VERIN PLUS;3;3;3;23578294;220926071033544;184732604;;;;01/31/2032 00:00:00;3;14068661;22/09/2026 07:10:33;Maximiliano;Nievas;;;;;;Maximiliano Nievas;
14252418;22/09/2026 07:17:54;3;2;0001  215041-1;05;CAMIONETA EXP 5;2091632;"CF15    ";"COMPAGNUCCI FEDERICO -FERRET. LA OBRA             ";FELIX PAZ 1332 3;952912;"70-162         ";70-162 - BIDE CR C.CERAM LINEA ADRA;2;2;2;23578294;220926071033544;184734728;;;;07/29/2031 00:00:00;2;14068661;22/09/2026 07:10:33;Maximiliano;Nievas;;;;;;Maximiliano Nievas;
14252418;22/09/2026 07:17:54;3;2;0001  215041-1;05;CAMIONETA EXP 5;2091632;"CF15    ";"COMPAGNUCCI FEDERICO -FERRET. LA OBRA             ";FELIX PAZ 1332 3;953107;"80-162         ";80-162 - DUCHA EMB. C/TRANSF. CR C.CERAM ADRA;2;2;2;23578294;220926071033544;184733445;;;;07/29/2031 00:00:00;1;14068661;22/09/2026 07:10:33;Maximiliano;Nievas;;;;;;Maximiliano Nievas;
14252418;22/09/2026 07:17:54;3;2;0001  215041-1;05;CAMIONETA EXP 5;2091632;"CF15    ";"COMPAGNUCCI FEDERICO -FERRET. LA OBRA             ";FELIX PAZ 1332 3;957392;"RA003          ";RA003 - CABEZAL IZQUIERDO CIERRE CERAMICO (CALIENTE);2;2;2;23578426;220926071631925;184735905;;;;09/16/2031 00:00:00;2;14068717;22/09/2026 07:16:31;Maximiliano;Nievas;;;;;;Maximiliano Nievas;
14252418;22/09/2026 07:17:54;3;2;0001  215041-1;05;CAMIONETA EXP 5;2091632;"CF15    ";"COMPAGNUCCI FEDERICO -FERRET. LA OBRA             ";FELIX PAZ 1332 3;957391;"RA002          ";RA002 - CABEZAL DERECHO CIERRE CERAMICO (FRIA);2;2;2;23578426;220926071631925;184736145;;;;02/03/2032 00:00:00;2;14068717;22/09/2026 07:16:31;Maximiliano;Nievas;;;;;;Maximiliano Nievas;
14252418;22/09/2026 07:17:54;3;2;0001  215041-1;05;CAMIONETA EXP 5;2091632;"CF15    ";"COMPAGNUCCI FEDERICO -FERRET. LA OBRA             ";FELIX PAZ 1332 3;957393;"RA004          ";RA004 - CABEZAL P/TRANSF. BIDET Y DUCHA EMBUTIR;2;2;2;23578426;220926071631925;184735788;;;;07/31/2031 00:00:00;2;14068717;22/09/2026 07:16:31;Maximiliano;Nievas;;;;;;Maximiliano Nievas;
14252418;22/09/2026 07:17:54;3;2;0001  215041-1;05;CAMIONETA EXP 5;2091632;"CF15    ";"COMPAGNUCCI FEDERICO -FERRET. LA OBRA             ";FELIX PAZ 1332 3;957390;"RA001          ";RA001 - CABEZAL STD NO ASCENDENTE;4;4;4;23578426;220926071631925;184736205;;;;02/11/2032 00:00:00;4;14068717;22/09/2026 07:16:31;Maximiliano;Nievas;;;;;;Maximiliano Nievas;
14252419;22/09/2026 07:21:32;3;2;0001  215017-1;05;CAMIONETA EXP 5;2092283;"EF09    ";ETCHEVERS Y FARIAS S. CAP I SECC IV-BLANCO Y CASTR;25 DE MAYO 867;953312;"83-133         ";83-133 - DUCHA EXT. C/TRANSF. MONOCOMANDO LUGO;2;2;2;23538860;220926072129269;184736316;;;;09/03/2031 00:00:00;2;14068776;22/09/2026 07:21:29;Maximiliano;Nievas;24811655;19/09/2026 11:42:49;6585;Mathias;Montenegro;Maximiliano Nievas;Mathias Montenegro
14252419;22/09/2026 07:21:32;3;2;0001  215017-1;05;CAMIONETA EXP 5;2092283;"EF09    ";ETCHEVERS Y FARIAS S. CAP I SECC IV-BLANCO Y CASTR;25 DE MAYO 867;952582;"60-057         ";60-057 - LAVATORIO C.STD VERIN PLUS;1;1;1;23539109;220926072003100;184733057;;;;01/31/2032 00:00:00;1;14068747;22/09/2026 07:20:03;Maximiliano;Nievas;24811915;19/09/2026 11:55:06;7839;Claudio;Juarez;Maximiliano Nievas;Claudio Juarez
14252419;22/09/2026 07:21:32;3;2;0001  215017-1;05;CAMIONETA EXP 5;2092283;"EF09    ";ETCHEVERS Y FARIAS S. CAP I SECC IV-BLANCO Y CASTR;25 DE MAYO 867;952634;"60-162         ";60-162 - LAVATORIO CR C.CERAM LINEA ADRA;3;3;3;23539109;220926072003100;184735596;;;;07/29/2031 00:00:00;3;14068747;22/09/2026 07:20:03;Maximiliano;Nievas;24811915;19/09/2026 11:55:06;7839;Claudio;Juarez;Maximiliano Nievas;Claudio Juarez
14252419;22/09/2026 07:21:32;3;2;0001  215017-1;05;CAMIONETA EXP 5;2092283;"EF09    ";ETCHEVERS Y FARIAS S. CAP I SECC IV-BLANCO Y CASTR;25 DE MAYO 867;952860;"70-057         ";70-057 - BIDE C.STD VERIN PLUS;1;1;1;23539109;220926072003100;184732667;;;;01/31/2032 00:00:00;1;14068747;22/09/2026 07:20:03;Maximiliano;Nievas;24811915;19/09/2026 11:55:06;7839;Claudio;Juarez;Maximiliano Nievas;Claudio Juarez
14252419;22/09/2026 07:21:32;3;2;0001  215017-1;05;CAMIONETA EXP 5;2092283;"EF09    ";ETCHEVERS Y FARIAS S. CAP I SECC IV-BLANCO Y CASTR;25 DE MAYO 867;952912;"70-162         ";70-162 - BIDE CR C.CERAM LINEA ADRA;3;3;3;23539109;220926072003100;184734902;;;;07/29/2031 00:00:00;3;14068747;22/09/2026 07:20:03;Maximiliano;Nievas;24811915;19/09/2026 11:55:06;7839;Claudio;Juarez;Maximiliano Nievas;Claudio Juarez
14252419;22/09/2026 07:21:32;3;2;0001  215017-1;05;CAMIONETA EXP 5;2092283;"EF09    ";ETCHEVERS Y FARIAS S. CAP I SECC IV-BLANCO Y CASTR;25 DE MAYO 867;952541;"60-001N        ";"60-001N - LAVATORIO ""CROMO Y""";2;2;2;23539109;220926072003100;184739840;;;;02/01/2032 00:00:00;2;14068747;22/09/2026 07:20:03;Maximiliano;Nievas;24811915;19/09/2026 11:55:06;7839;Claudio;Juarez;Maximiliano Nievas;Claudio Juarez
14252419;22/09/2026 07:21:32;3;2;0001  215017-1;05;CAMIONETA EXP 5;2092283;"EF09    ";ETCHEVERS Y FARIAS S. CAP I SECC IV-BLANCO Y CASTR;25 DE MAYO 867;954905;"BCH04/3        ";BCH04/3 - BACHA DE APOYAR CUADRADA 3 AG 420x420x125;1;1;1;23543507;220926072032534;184766426;;;;07/28/2031 00:00:00;1;14068764;22/09/2026 07:20:32;Maximiliano;Nievas;24816453;21/09/2026 06:22:11;6419;Tiago;Rodriguez;Maximiliano Nievas;Tiago Rodriguez
14252419;22/09/2026 07:21:32;3;2;0001  215017-1;05;CAMIONETA EXP 5;2092283;"EF09    ";ETCHEVERS Y FARIAS S. CAP I SECC IV-BLANCO Y CASTR;25 DE MAYO 867;953109;"80-166         ";"DUCHA EMB. C/TRANSF. CR C.CERAM ADRA PLUS                             ";3;3;3;23578483;220926071904451;184733821;;;;01/19/2032 00:00:00;3;14068749;22/09/2026 07:19:04;Maximiliano;Nievas;;;;;;Maximiliano Nievas;
14252421;22/09/2026 08:07:57;3;2;0001  215024-1;05;CAMIONETA EXP 5;2093850;"PE18    ";"P E H - SOCIEDAD ART. 21 LEY 19.550               ";LEANDRO N ALEM 468;950892;"01-010         ";"VALVULA P/MINGITORIO TEMPORIZADA TECNO                                ";3;3;3;23538861;220926080755666;184731604;;;;07/28/2031 00:00:00;3;14069289;22/09/2026 08:07:55;Maximiliano;Nievas;24811655;19/09/2026 11:42:49;6585;Mathias;Montenegro;Maximiliano Nievas;Mathias Montenegro
14252421;22/09/2026 08:07:57;3;2;0001  215024-1;05;CAMIONETA EXP 5;2093850;"PE18    ";"P E H - SOCIEDAD ART. 21 LEY 19.550               ";LEANDRO N ALEM 468;950895;"02-010         ";"VALVULA P/INODORO TEMPORIZADA TECNO                                   ";1;1;1;23538861;220926080755666;184731926;;;;07/28/2031 00:00:00;1;14069289;22/09/2026 08:07:55;Maximiliano;Nievas;24811655;19/09/2026 11:42:49;6585;Mathias;Montenegro;Maximiliano Nievas;Mathias Montenegro
14252421;22/09/2026 08:07:57;3;2;0001  215024-1;05;CAMIONETA EXP 5;2093850;"PE18    ";"P E H - SOCIEDAD ART. 21 LEY 19.550               ";LEANDRO N ALEM 468;951614;"21200          ";21200 - ESQUINERO ORGANIZADOR 19x19x7;1;1;1;23538861;220926080755666;184731005;;;;07/27/2031 00:00:00;1;14069289;22/09/2026 08:07:55;Maximiliano;Nievas;24811655;19/09/2026 11:42:49;6585;Mathias;Montenegro;Maximiliano Nievas;Mathias Montenegro
14252421;22/09/2026 08:07:57;3;2;0001  215024-1;05;CAMIONETA EXP 5;2093850;"PE18    ";"P E H - SOCIEDAD ART. 21 LEY 19.550               ";LEANDRO N ALEM 468;952618;"60-133         ";60-133 - LAVATORIO MONOCOMANDO LUGO;1;1;1;23538861;220926080755666;184736055;;;;07/29/2031 00:00:00;1;14069289;22/09/2026 08:07:55;Maximiliano;Nievas;24811655;19/09/2026 11:42:49;6585;Mathias;Montenegro;Maximiliano Nievas;Mathias Montenegro
14252421;22/09/2026 08:07:57;3;2;0001  215024-1;05;CAMIONETA EXP 5;2093850;"PE18    ";"P E H - SOCIEDAD ART. 21 LEY 19.550               ";LEANDRO N ALEM 468;952647;"60-176         ";"LAVATORIO MONOCOMANDO BAJO CR RIO                                     ";1;1;1;23538861;220926080755666;184734542;;;;10/11/2031 00:00:00;1;14069289;22/09/2026 08:07:55;Maximiliano;Nievas;24811655;19/09/2026 11:42:49;6585;Mathias;Montenegro;Maximiliano Nievas;Mathias Montenegro
14252421;22/09/2026 08:07:57;3;2;0001  215024-1;05;CAMIONETA EXP 5;2093850;"PE18    ";"P E H - SOCIEDAD ART. 21 LEY 19.550               ";LEANDRO N ALEM 468;952650;"60-180         ";60-180 - LAVATORIO MONOCOMANDO BAJO VERA;1;1;1;23538861;220926080755666;184733781;;;;07/28/2031 00:00:00;1;14069289;22/09/2026 08:07:55;Maximiliano;Nievas;24811655;19/09/2026 11:42:49;6585;Mathias;Montenegro;Maximiliano Nievas;Mathias Montenegro
14252421;22/09/2026 08:07:57;3;2;0001  215024-1;05;CAMIONETA EXP 5;2093850;"PE18    ";"P E H - SOCIEDAD ART. 21 LEY 19.550               ";LEANDRO N ALEM 468;953312;"83-133         ";83-133 - DUCHA EXT. C/TRANSF. MONOCOMANDO LUGO;2;2;2;23538861;220926080755666;184736384;;;;09/03/2031 00:00:00;2;14069289;22/09/2026 08:07:55;Maximiliano;Nievas;24811655;19/09/2026 11:42:49;6585;Mathias;Montenegro;Maximiliano Nievas;Mathias Montenegro
14252421;22/09/2026 08:07:57;3;2;0001  215024-1;05;CAMIONETA EXP 5;2093850;"PE18    ";"P E H - SOCIEDAD ART. 21 LEY 19.550               ";LEANDRO N ALEM 468;954649;"A814           ";A814 - DUCHA C/BRAZO Y CAMPANA CR;1;1;1;23538861;220926080755666;184730467;;;;08/13/2031 00:00:00;1;14069289;22/09/2026 08:07:55;Maximiliano;Nievas;24811655;19/09/2026 11:42:49;6585;Mathias;Montenegro;Maximiliano Nievas;Mathias Montenegro
14252421;22/09/2026 08:07:57;3;2;0001  215024-1;05;CAMIONETA EXP 5;2093850;"PE18    ";"P E H - SOCIEDAD ART. 21 LEY 19.550               ";LEANDRO N ALEM 468;953090;"80-136         ";80-136 - DUCHA EMB. C/TRANSF. CR C.C. MARBELLA PLUS;1;1;1;23539222;220926075433239;184732926;;;;10/29/2031 00:00:00;1;14069271;22/09/2026 07:54:33;Maximiliano;Nievas;24812010;19/09/2026 11:34:49;6922;Franco;Potenza;Maximiliano Nievas;Franco Potenza
14252421;22/09/2026 08:07:57;3;2;0001  215024-1;05;CAMIONETA EXP 5;2093850;"PE18    ";"P E H - SOCIEDAD ART. 21 LEY 19.550               ";LEANDRO N ALEM 468;953109;"80-166         ";"DUCHA EMB. C/TRANSF. CR C.CERAM ADRA PLUS                             ";2;2;2;23539222;220926075433239;184734381;;;;01/19/2032 00:00:00;2;14069271;22/09/2026 07:54:33;Maximiliano;Nievas;24812010;19/09/2026 11:34:49;6922;Franco;Potenza;Maximiliano Nievas;Franco Potenza
14252421;22/09/2026 08:07:57;3;2;0001  215024-1;05;CAMIONETA EXP 5;2093850;"PE18    ";"P E H - SOCIEDAD ART. 21 LEY 19.550               ";LEANDRO N ALEM 468;952886;"70-121         ";70-121 - BIDE C.CERAM CR MARBELLA;1;1;1;23579570;220926075420817;184737611;;;;01/17/2032 00:00:00;1;14069272;22/09/2026 07:54:20;Maximiliano;Nievas;;;;;;Maximiliano Nievas;
14252421;22/09/2026 08:07:57;3;2;0001  215024-1;05;CAMIONETA EXP 5;2093850;"PE18    ";"P E H - SOCIEDAD ART. 21 LEY 19.550               ";LEANDRO N ALEM 468;952912;"70-162         ";70-162 - BIDE CR C.CERAM LINEA ADRA;3;3;3;23579570;220926075420817;184734993;;;;07/29/2031 00:00:00;3;14069272;22/09/2026 07:54:20;Maximiliano;Nievas;;;;;;Maximiliano Nievas;
14252421;22/09/2026 08:07:57;3;2;0001  215024-1;05;CAMIONETA EXP 5;2093850;"PE18    ";"P E H - SOCIEDAD ART. 21 LEY 19.550               ";LEANDRO N ALEM 468;952449;"51-107         ";51-107 - JGO. MESADA CR C.CERAM BEDIA;1;1;1;23579570;220926075420817;184735980;;;;11/10/2031 00:00:00;1;14069272;22/09/2026 07:54:20;Maximiliano;Nievas;;;;;;Maximiliano Nievas;
14252421;22/09/2026 08:07:57;3;2;0001  215024-1;05;CAMIONETA EXP 5;2093850;"PE18    ";"P E H - SOCIEDAD ART. 21 LEY 19.550               ";LEANDRO N ALEM 468;952634;"60-162         ";60-162 - LAVATORIO CR C.CERAM LINEA ADRA;3;3;3;23579570;220926075420817;184735311;;;;07/29/2031 00:00:00;3;14069272;22/09/2026 07:54:20;Maximiliano;Nievas;;;;;;Maximiliano Nievas;
14252421;22/09/2026 08:07:57;3;2;0001  215024-1;05;CAMIONETA EXP 5;2093850;"PE18    ";"P E H - SOCIEDAD ART. 21 LEY 19.550               ";LEANDRO N ALEM 468;950903;"03-010         ";"LAVATORIO ALTO TEMPORIZADO TECNO                                      ";4;4;4;23579901;220926080353613;184731525;;;;09/16/2031 00:00:00;4;14069414;22/09/2026 08:03:53;Maximiliano;Nievas;;;;;;Maximiliano Nievas;
14252421;22/09/2026 08:07:57;3;2;0001  215024-1;05;CAMIONETA EXP 5;2093850;"PE18    ";"P E H - SOCIEDAD ART. 21 LEY 19.550               ";LEANDRO N ALEM 468;950907;"05-010         ";"LAVATORIO BAJO TEMPORIZADO TECNO                                      ";2;2;2;23579901;220926080353613;184735536;;;;07/28/2031 00:00:00;2;14069414;22/09/2026 08:03:53;Maximiliano;Nievas;;;;;;Maximiliano Nievas;
14252421;22/09/2026 08:07:57;3;2;0001  215024-1;05;CAMIONETA EXP 5;2093850;"PE18    ";"P E H - SOCIEDAD ART. 21 LEY 19.550               ";LEANDRO N ALEM 468;951508;"20-121         ";20-121 - COCINA MSDA MONOC.P. REDONDO MARBELLA;1;1;1;23579901;220926080353613;184732968;;;;07/30/2031 00:00:00;1;14069414;22/09/2026 08:03:53;Maximiliano;Nievas;;;;;;Maximiliano Nievas;
14252421;22/09/2026 08:07:57;3;2;0001  215024-1;05;CAMIONETA EXP 5;2093850;"PE18    ";"P E H - SOCIEDAD ART. 21 LEY 19.550               ";LEANDRO N ALEM 468;951536;"20-162         ";20-162 - MONOCOMANDO COCINA ADRA;1;1;1;23579901;220926080353613;184736569;;;;07/28/2031 00:00:00;1;14069414;22/09/2026 08:03:53;Maximiliano;Nievas;;;;;;Maximiliano Nievas;
14252421;22/09/2026 08:07:57;3;2;0001  215024-1;05;CAMIONETA EXP 5;2093850;"PE18    ";"P E H - SOCIEDAD ART. 21 LEY 19.550               ";LEANDRO N ALEM 468;952714;"61-180         ";61-180 - LAVATORIO MONOCOMANDO ALTO VERA;1;1;1;23579901;220926080353613;184733648;;;;07/28/2031 00:00:00;1;14069414;22/09/2026 08:03:53;Maximiliano;Nievas;;;;;;Maximiliano Nievas;
14252422;22/09/2026 11:18:40;3;2;0001  215171-1;05;CAMIONETA EXP 5;2134342;"MG26    ";"MADERERA GONZALEZ HNOS DE NECOCHEA SRL            ";CALLE 74 1575;951536;"20-162         ";20-162 - MONOCOMANDO COCINA ADRA;2;2;2;23538862;220926111707290;184736921;;;;07/28/2031 00:00:00;2;14074740;22/09/2026 11:17:07;Maximiliano;Nievas;24811655;19/09/2026 11:42:49;6585;Mathias;Montenegro;Maximiliano Nievas;Mathias Montenegro
14252422;22/09/2026 11:18:40;3;2;0001  215171-1;05;CAMIONETA EXP 5;2134342;"MG26    ";"MADERERA GONZALEZ HNOS DE NECOCHEA SRL            ";CALLE 74 1575;951537;"20-162N        ";"MONOCOMANDO COCINA BLACK ADRA                                         ";3;3;3;23538862;220926111707290;184732475;;;;07/28/2031 00:00:00;3;14074740;22/09/2026 11:17:07;Maximiliano;Nievas;24811655;19/09/2026 11:42:49;6585;Mathias;Montenegro;Maximiliano Nievas;Mathias Montenegro
14252422;22/09/2026 11:18:40;3;2;0001  215171-1;05;CAMIONETA EXP 5;2134342;"MG26    ";"MADERERA GONZALEZ HNOS DE NECOCHEA SRL            ";CALLE 74 1575;952714;"61-180         ";61-180 - LAVATORIO MONOCOMANDO ALTO VERA;1;1;1;23538862;220926111707290;184733824;;;;07/28/2031 00:00:00;1;14074740;22/09/2026 11:17:07;Maximiliano;Nievas;24811655;19/09/2026 11:42:49;6585;Mathias;Montenegro;Maximiliano Nievas;Mathias Montenegro
14252422;22/09/2026 11:18:40;3;2;0001  215171-1;05;CAMIONETA EXP 5;2134342;"MG26    ";"MADERERA GONZALEZ HNOS DE NECOCHEA SRL            ";CALLE 74 1575;952631;"60-153         ";60-153 - LAVATORIO CR C.CERAMICO CASTILLA;1;1;1;23539223;220926111839450;184736935;;;;11/23/2031 00:00:00;1;14074878;22/09/2026 11:18:39;Maximiliano;Nievas;24812010;19/09/2026 11:34:49;6922;Franco;Potenza;Maximiliano Nievas;Franco Potenza
14252422;22/09/2026 11:18:40;3;2;0001  215171-1;05;CAMIONETA EXP 5;2134342;"MG26    ";"MADERERA GONZALEZ HNOS DE NECOCHEA SRL            ";CALLE 74 1575;952739;"62-100C        ";62-100C - LAVATORIO DE PARED CR C.CERAM FABRIC;2;2;2;23539223;220926111839450;184737201;;;;07/31/2031 00:00:00;2;14074878;22/09/2026 11:18:39;Maximiliano;Nievas;24812010;19/09/2026 11:34:49;6922;Franco;Potenza;Maximiliano Nievas;Franco Potenza
14252422;22/09/2026 11:18:40;3;2;0001  215171-1;05;CAMIONETA EXP 5;2134342;"MG26    ";"MADERERA GONZALEZ HNOS DE NECOCHEA SRL            ";CALLE 74 1575;952756;"62-153         ";62-153 - LAVATORIO PARED EMB. C.CERAM CASTILLA;2;2;2;23539223;220926111839450;184737121;;;;01/21/2032 00:00:00;2;14074878;22/09/2026 11:18:39;Maximiliano;Nievas;24812010;19/09/2026 11:34:49;6922;Franco;Potenza;Maximiliano Nievas;Franco Potenza
14252422;22/09/2026 11:18:40;3;2;0001  215171-1;05;CAMIONETA EXP 5;2134342;"MG26    ";"MADERERA GONZALEZ HNOS DE NECOCHEA SRL            ";CALLE 74 1575;952909;"70-153         ";70-153 - BIDE CR C.CERAM CASTILLA;1;1;1;23539223;220926111839450;184736965;;;;10/20/2031 00:00:00;1;14074878;22/09/2026 11:18:39;Maximiliano;Nievas;24812010;19/09/2026 11:34:49;6922;Franco;Potenza;Maximiliano Nievas;Franco Potenza
14252422;22/09/2026 11:18:40;3;2;0001  215171-1;05;CAMIONETA EXP 5;2134342;"MG26    ";"MADERERA GONZALEZ HNOS DE NECOCHEA SRL            ";CALLE 74 1575;953104;"80-153         ";80-153 - DUCHA EMB. C/TRANSF. CR C.CERAM CASTILLA;1;1;1;23539223;220926111839450;184737032;;;;01/20/2032 00:00:00;1;14074878;22/09/2026 11:18:39;Maximiliano;Nievas;24812010;19/09/2026 11:34:49;6922;Franco;Potenza;Maximiliano Nievas;Franco Potenza
14252422;22/09/2026 11:18:40;3;2;0001  215171-1;05;CAMIONETA EXP 5;2134342;"MG26    ";"MADERERA GONZALEZ HNOS DE NECOCHEA SRL            ";CALLE 74 1575;951833;"30-132         ";30-132 - COCINA MESADA MONOC. C/DUCHADOR EXTENSIBLE VIGO;1;1;1;23589728;220926111539134;184730604;;;;10/07/2031 00:00:00;1;14074777;22/09/2026 11:15:39;Maximiliano;Nievas;;;;;;Maximiliano Nievas;
14252422;22/09/2026 11:18:40;3;2;0001  215171-1;05;CAMIONETA EXP 5;2134342;"MG26    ";"MADERERA GONZALEZ HNOS DE NECOCHEA SRL            ";CALLE 74 1575;951508;"20-121         ";20-121 - COCINA MSDA MONOC.P. REDONDO MARBELLA;3;3;3;23589728;220926111539134;184733161;;;;07/30/2031 00:00:00;3;14074777;22/09/2026 11:15:39;Maximiliano;Nievas;;;;;;Maximiliano Nievas;
14252423;22/09/2026 07:53:30;3;2;0001  215172-1;05;CAMIONETA EXP 5;2091343;"BL06    ";"BAILEYANA LOBERIA -ARENAS                         ";AV. SARMIENTO 211;953107;"80-162         ";80-162 - DUCHA EMB. C/TRANSF. CR C.CERAM ADRA;1;1;1;23539224;220926075049532;184734474;;;;07/29/2031 00:00:00;1;14069204;22/09/2026 07:50:49;Maximiliano;Nievas;24812010;19/09/2026 11:34:49;6922;Franco;Potenza;Maximiliano Nievas;Franco Potenza
14252423;22/09/2026 07:53:30;3;2;0001  215172-1;05;CAMIONETA EXP 5;2091343;"BL06    ";"BAILEYANA LOBERIA -ARENAS                         ";AV. SARMIENTO 211;953083;"80-122         ";80-122 - DUCHA EMB.C/TRANSF. C.CERAM CR VALENCIA;1;1;1;23539224;220926075049532;184736386;;;;07/31/2031 00:00:00;1;14069204;22/09/2026 07:50:49;Maximiliano;Nievas;24812010;19/09/2026 11:34:49;6922;Franco;Potenza;Maximiliano Nievas;Franco Potenza
14252423;22/09/2026 07:53:30;3;2;0001  215172-1;05;CAMIONETA EXP 5;2091343;"BL06    ";"BAILEYANA LOBERIA -ARENAS                         ";AV. SARMIENTO 211;953059;"80-057         ";80-057 - DUCHA EMB. C/TRANSF. C.STD VERIN PLUS;2;2;2;23539224;220926075049532;184733408;;;;02/08/2032 00:00:00;2;14069204;22/09/2026 07:50:49;Maximiliano;Nievas;24812010;19/09/2026 11:34:49;6922;Franco;Potenza;Maximiliano Nievas;Franco Potenza
14252423;22/09/2026 07:53:30;3;2;0001  215172-1;05;CAMIONETA EXP 5;2091343;"BL06    ";"BAILEYANA LOBERIA -ARENAS                         ";AV. SARMIENTO 211;952888;"70-122         ";70-122 - BIDE C.CERAM CR VALENCIA;1;1;1;23539224;220926075049532;184736332;;;;10/26/2031 00:00:00;1;14069204;22/09/2026 07:50:49;Maximiliano;Nievas;24812010;19/09/2026 11:34:49;6922;Franco;Potenza;Maximiliano Nievas;Franco Potenza
14252423;22/09/2026 07:53:30;3;2;0001  215172-1;05;CAMIONETA EXP 5;2091343;"BL06    ";"BAILEYANA LOBERIA -ARENAS                         ";AV. SARMIENTO 211;954901;"BCH01          ";BCH01 - BACHA DE APOYAR CIRCULAR 320x145;1;1;1;23543508;220926074842313;184766347;;;;07/28/2031 00:00:00;1;14069174;22/09/2026 07:48:42;Maximiliano;Nievas;24816453;21/09/2026 06:22:11;6419;Tiago;Rodriguez;Maximiliano Nievas;Tiago Rodriguez
14252423;22/09/2026 07:53:30;3;2;0001  215172-1;05;CAMIONETA EXP 5;2091343;"BL06    ";"BAILEYANA LOBERIA -ARENAS                         ";AV. SARMIENTO 211;951114;"12005          ";"SET DE 5 PIEZAS LINEA 12000                                           ";2;2;2;23543612;220926075330230;184767412;;;;07/30/2031 00:00:00;2;14069116;22/09/2026 07:53:30;Maximiliano;Nievas;24816527;21/09/2026 06:35:28;6419;Tiago;Rodriguez;Maximiliano Nievas;Tiago Rodriguez
14252423;22/09/2026 07:53:30;3;2;0001  215172-1;05;CAMIONETA EXP 5;2091343;"BL06    ";"BAILEYANA LOBERIA -ARENAS                         ";AV. SARMIENTO 211;951116;"12006          ";"SET DE 6 PIEZAS LINEA 12000                                           ";2;2;2;23543612;220926075330230;184767359;;;;07/30/2031 00:00:00;2;14069116;22/09/2026 07:53:30;Maximiliano;Nievas;24816527;21/09/2026 06:35:28;6419;Tiago;Rodriguez;Maximiliano Nievas;Tiago Rodriguez
14252423;22/09/2026 07:53:30;3;2;0001  215172-1;05;CAMIONETA EXP 5;2091343;"BL06    ";"BAILEYANA LOBERIA -ARENAS                         ";AV. SARMIENTO 211;951535;"20-160         ";20-160 - MONOCOMANDO MESADA COCINA DIQUE;1;1;1;23543612;220926075330230;184767305;;;;07/28/2031 00:00:00;1;14069116;22/09/2026 07:53:30;Maximiliano;Nievas;24816527;21/09/2026 06:35:28;6419;Tiago;Rodriguez;Maximiliano Nievas;Tiago Rodriguez
14252423;22/09/2026 07:53:30;3;2;0001  215172-1;05;CAMIONETA EXP 5;2091343;"BL06    ";"BAILEYANA LOBERIA -ARENAS                         ";AV. SARMIENTO 211;952618;"60-133         ";60-133 - LAVATORIO MONOCOMANDO LUGO;1;1;1;23543612;220926075330230;184767478;;;;07/29/2031 00:00:00;1;14069116;22/09/2026 07:53:30;Maximiliano;Nievas;24816527;21/09/2026 06:35:28;6419;Tiago;Rodriguez;Maximiliano Nievas;Tiago Rodriguez
14252423;22/09/2026 07:53:30;3;2;0001  215172-1;05;CAMIONETA EXP 5;2091343;"BL06    ";"BAILEYANA LOBERIA -ARENAS                         ";AV. SARMIENTO 211;953151;"8020           ";8020 - TOALLERO DE ARO LINEA 8000;2;2;2;23579387;220926074759597;184767120;;;;07/31/2031 00:00:00;2;14069166;22/09/2026 07:47:59;Maximiliano;Nievas;;;;;;Maximiliano Nievas;
14252423;22/09/2026 07:53:30;3;2;0001  215172-1;05;CAMIONETA EXP 5;2091343;"BL06    ";"BAILEYANA LOBERIA -ARENAS                         ";AV. SARMIENTO 211;953184;"8060           ";8060 - PORTA CEPILLO LINEA 8000;3;3;3;23579387;220926074759597;184767066;;;;07/27/2031 00:00:00;3;14069166;22/09/2026 07:47:59;Maximiliano;Nievas;;;;;;Maximiliano Nievas;
14252423;22/09/2026 07:53:30;3;2;0001  215172-1;05;CAMIONETA EXP 5;2091343;"BL06    ";"BAILEYANA LOBERIA -ARENAS                         ";AV. SARMIENTO 211;953182;"8040           ";8040 - PORTA ROLLO LINEA 8000;4;4;4;23579387;220926074759597;184767098;;;;08/12/2031 00:00:00;4;14069166;22/09/2026 07:47:59;Maximiliano;Nievas;;;;;;Maximiliano Nievas;
14252424;22/09/2026 09:20:30;3;2;0001  215184-1;05;CAMIONETA EXP 5;2093630;"MS24    ";"MARMOLES SUQUIA S.R.L.                            ";AV. RECTA MARTINOLLI 8568;951512;"20-122         ";"MONOCOMANDO COCINA CR C/PICO EXTRAIBLE VALENCIA                       ";2;2;2;23538863;220926092030577;184735050;;;;08/06/2031 00:00:00;2;14071180;22/09/2026 09:20:30;Maximiliano;Nievas;24811655;19/09/2026 11:42:49;6585;Mathias;Montenegro;Maximiliano Nievas;Mathias Montenegro
14252424;22/09/2026 09:20:30;3;2;0001  215184-1;05;CAMIONETA EXP 5;2093630;"MS24    ";"MARMOLES SUQUIA S.R.L.                            ";AV. RECTA MARTINOLLI 8568;951523;"20-134         ";20-134 - MONOCOMANDO COCINA BETIS;2;2;2;23538863;220926092030577;184738393;;;;08/11/2031 00:00:00;2;14071180;22/09/2026 09:20:30;Maximiliano;Nievas;24811655;19/09/2026 11:42:49;6585;Mathias;Montenegro;Maximiliano Nievas;Mathias Montenegro
14252424;22/09/2026 09:20:30;3;2;0001  215184-1;05;CAMIONETA EXP 5;2093630;"MS24    ";"MARMOLES SUQUIA S.R.L.                            ";AV. RECTA MARTINOLLI 8568;951536;"20-162         ";20-162 - MONOCOMANDO COCINA ADRA;1;1;1;23538863;220926092030577;184736993;;;;07/28/2031 00:00:00;1;14071180;22/09/2026 09:20:30;Maximiliano;Nievas;24811655;19/09/2026 11:42:49;6585;Mathias;Montenegro;Maximiliano Nievas;Mathias Montenegro
14252424;22/09/2026 09:20:30;3;2;0001  215184-1;05;CAMIONETA EXP 5;2093630;"MS24    ";"MARMOLES SUQUIA S.R.L.                            ";AV. RECTA MARTINOLLI 8568;951508;"20-121         ";20-121 - COCINA MSDA MONOC.P. REDONDO MARBELLA;2;2;2;23583388;220926091925997;184733311;;;;07/30/2031 00:00:00;2;14071193;22/09/2026 09:19:26;Maximiliano;Nievas;;;;;;Maximiliano Nievas;
14252424;22/09/2026 09:20:30;3;2;0001  215184-1;05;CAMIONETA EXP 5;2093630;"MS24    ";"MARMOLES SUQUIA S.R.L.                            ";AV. RECTA MARTINOLLI 8568;951554;"20-190         ";20-190 - COCINA MESADA MONOC BLACK VELVET;3;3;3;23583388;220926091925997;184732183;;;;07/28/2031 00:00:00;3;14071193;22/09/2026 09:19:26;Maximiliano;Nievas;;;;;;Maximiliano Nievas;
14252424;22/09/2026 09:20:30;3;2;0001  215184-1;05;CAMIONETA EXP 5;2093630;"MS24    ";"MARMOLES SUQUIA S.R.L.                            ";AV. RECTA MARTINOLLI 8568;951530;"20-146         ";20-146 - MONOCOMANDO DE COCINA CR LINEA MOVE;1;1;1;23583388;220926091925997;184735649;;;;11/23/2031 00:00:00;1;14071193;22/09/2026 09:19:26;Maximiliano;Nievas;;;;;;Maximiliano Nievas;
14252425;22/09/2026 07:03:51;3;2;0001  215261-1;05;CAMIONETA EXP 5;2093502;"MJ18    ";"SUCESION DE MARCHAL JUAN HECTOR                   ";AV. INDEPENDENCIA 3324;951523;"20-134         ";20-134 - MONOCOMANDO COCINA BETIS;2;2;2;23537800;220926070350588;184726431;;;;08/11/2031 00:00:00;2;14068476;22/09/2026 07:03:50;Maximiliano;Nievas;24810478;19/09/2026 10:21:45;6585;Mathias;Montenegro;Maximiliano Nievas;Mathias Montenegro
14252425;22/09/2026 07:03:51;3;2;0001  215261-1;05;CAMIONETA EXP 5;2093502;"MJ18    ";"SUCESION DE MARCHAL JUAN HECTOR                   ";AV. INDEPENDENCIA 3324;951533;"20-150         ";20-150 - MONOCOMANDO MESADA COCINA TOLEDO;1;1;1;23537800;220926070350588;184725354;;;;07/27/2031 00:00:00;1;14068476;22/09/2026 07:03:50;Maximiliano;Nievas;24810478;19/09/2026 10:21:45;6585;Mathias;Montenegro;Maximiliano Nievas;Mathias Montenegro
14252425;22/09/2026 07:03:51;3;2;0001  215261-1;05;CAMIONETA EXP 5;2093502;"MJ18    ";"SUCESION DE MARCHAL JUAN HECTOR                   ";AV. INDEPENDENCIA 3324;951562;"20-202N        ";20-202N - MONOCOMANDO COCINA BLACK HOOP;1;1;1;23537800;220926070350588;184724254;;;;07/27/2031 00:00:00;1;14068476;22/09/2026 07:03:50;Maximiliano;Nievas;24810478;19/09/2026 10:21:45;6585;Mathias;Montenegro;Maximiliano Nievas;Mathias Montenegro
14252425;22/09/2026 07:03:51;3;2;0001  215261-1;05;CAMIONETA EXP 5;2093502;"MJ18    ";"SUCESION DE MARCHAL JUAN HECTOR                   ";AV. INDEPENDENCIA 3324;951563;"20-202NI       ";20-202NI - MONOCOMANDO COCINA NICKEL HOOP;3;3;3;23537800;220926070350588;184724124;;;;07/29/2031 00:00:00;3;14068476;22/09/2026 07:03:50;Maximiliano;Nievas;24810478;19/09/2026 10:21:45;6585;Mathias;Montenegro;Maximiliano Nievas;Mathias Montenegro
14252425;22/09/2026 07:03:51;3;2;0001  215261-1;05;CAMIONETA EXP 5;2093502;"MJ18    ";"SUCESION DE MARCHAL JUAN HECTOR                   ";AV. INDEPENDENCIA 3324;952725;"61-200N        ";61-200N - LAVATORIO MONOC ALTO FABRIC BLACK;1;1;1;23537800;220926070350588;184724209;;;;07/28/2031 00:00:00;1;14068476;22/09/2026 07:03:50;Maximiliano;Nievas;24810478;19/09/2026 10:21:45;6585;Mathias;Montenegro;Maximiliano Nievas;Mathias Montenegro
14252425;22/09/2026 07:03:51;3;2;0001  215261-1;05;CAMIONETA EXP 5;2093502;"MJ18    ";"SUCESION DE MARCHAL JUAN HECTOR                   ";AV. INDEPENDENCIA 3324;953159;"80-203P        ";80-203P - DUCHA EMB C/TRANSF. MONOCOMANDO ADRA PLUS;1;1;1;23537800;220926070350588;184726296;;;;07/28/2031 00:00:00;1;14068476;22/09/2026 07:03:50;Maximiliano;Nievas;24810478;19/09/2026 10:21:45;6585;Mathias;Montenegro;Maximiliano Nievas;Mathias Montenegro
14252425;22/09/2026 07:03:51;3;2;0001  215261-1;05;CAMIONETA EXP 5;2093502;"MJ18    ";"SUCESION DE MARCHAL JUAN HECTOR                   ";AV. INDEPENDENCIA 3324;953152;"80-200C        ";80-200C - DUCHA EMB. MONOC. 3 FUNCIONES CR FABRIC;4;4;4;23539110;220926064106481;184739570;;;;12/14/2031 00:00:00;4;14068454;22/09/2026 06:41:06;Maximiliano;Nievas;24811915;19/09/2026 11:55:06;7839;Claudio;Juarez;Maximiliano Nievas;Claudio Juarez
14252425;22/09/2026 07:03:51;3;2;0001  215261-1;05;CAMIONETA EXP 5;2093502;"MJ18    ";"SUCESION DE MARCHAL JUAN HECTOR                   ";AV. INDEPENDENCIA 3324;954914;"BCH12          ";BCH12 - BACHA DE APOYAR BLANCA 460x320x140;2;2;2;23543509;220926064145000;184766330;;;;11/10/2031 00:00:00;1;14068466;22/09/2026 06:41:45;Maximiliano;Nievas;24816453;21/09/2026 06:22:11;6419;Tiago;Rodriguez;Maximiliano Nievas;Tiago Rodriguez
14252425;22/09/2026 07:03:51;3;2;0001  215261-1;05;CAMIONETA EXP 5;2093502;"MJ18    ";"SUCESION DE MARCHAL JUAN HECTOR                   ";AV. INDEPENDENCIA 3324;953109;"80-166         ";"DUCHA EMB. C/TRANSF. CR C.CERAM ADRA PLUS                             ";2;2;2;23577708;220926063938482;184734484;;;;01/19/2032 00:00:00;2;14068456;22/09/2026 06:39:38;Maximiliano;Nievas;;;;;;Maximiliano Nievas;
14252425;22/09/2026 07:03:51;3;2;0001  215261-1;05;CAMIONETA EXP 5;2093502;"MJ18    ";"SUCESION DE MARCHAL JUAN HECTOR                   ";AV. INDEPENDENCIA 3324;952676;"60-201NI       ";60-201NI - LAVATORIO C.CERAM BEAT NICKEL;1;1;1;23577708;220926063938482;184737126;;;;08/20/2031 00:00:00;1;14068456;22/09/2026 06:39:38;Maximiliano;Nievas;;;;;;Maximiliano Nievas;
14252425;22/09/2026 07:03:51;3;2;0001  215261-1;05;CAMIONETA EXP 5;2093502;"MJ18    ";"SUCESION DE MARCHAL JUAN HECTOR                   ";AV. INDEPENDENCIA 3324;952634;"60-162         ";60-162 - LAVATORIO CR C.CERAM LINEA ADRA;3;3;3;23577719;220926064021547;184735689;;;;07/29/2031 00:00:00;3;14068458;22/09/2026 06:40:21;Maximiliano;Nievas;;;;;;Maximiliano Nievas;
14252425;22/09/2026 07:03:51;3;2;0001  215261-1;05;CAMIONETA EXP 5;2093502;"MJ18    ";"SUCESION DE MARCHAL JUAN HECTOR                   ";AV. INDEPENDENCIA 3324;952758;"62-162         ";62-162 - LAVATORIO DE PARED CR C.CERAM ADRA;2;2;2;23577719;220926064021547;184736850;;;;07/31/2031 00:00:00;2;14068458;22/09/2026 06:40:21;Maximiliano;Nievas;;;;;;Maximiliano Nievas;
14252425;22/09/2026 07:03:51;3;2;0001  215261-1;05;CAMIONETA EXP 5;2093502;"MJ18    ";"SUCESION DE MARCHAL JUAN HECTOR                   ";AV. INDEPENDENCIA 3324;952912;"70-162         ";70-162 - BIDE CR C.CERAM LINEA ADRA;3;3;3;23577719;220926064021547;184734982;;;;07/29/2031 00:00:00;3;14068458;22/09/2026 06:40:21;Maximiliano;Nievas;;;;;;Maximiliano Nievas;
14252425;22/09/2026 07:03:51;3;2;0001  215261-1;05;CAMIONETA EXP 5;2093502;"MJ18    ";"SUCESION DE MARCHAL JUAN HECTOR                   ";AV. INDEPENDENCIA 3324;952953;"70-201NI       ";70-201NI - BIDE CR C.CERAM BEAT NICKEL;1;1;1;23577719;220926064021547;184737059;;;;07/29/2031 00:00:00;1;14068458;22/09/2026 06:40:21;Maximiliano;Nievas;;;;;;Maximiliano Nievas;
14252425;22/09/2026 07:03:51;3;2;0001  215261-1;05;CAMIONETA EXP 5;2093502;"MJ18    ";"SUCESION DE MARCHAL JUAN HECTOR                   ";AV. INDEPENDENCIA 3324;954914;"BCH12          ";BCH12 - BACHA DE APOYAR BLANCA 460x320x140;2;2;2;23577748;220926064136258;185008408;;;;11/10/2031 00:00:00;1;14068467;22/09/2026 06:41:36;Maximiliano;Nievas;;;;;;Maximiliano Nievas;
14252425;22/09/2026 07:03:51;3;2;0001  215261-1;05;CAMIONETA EXP 5;2093502;"MJ18    ";"SUCESION DE MARCHAL JUAN HECTOR                   ";AV. INDEPENDENCIA 3324;951565;"20-205         ";20-205 - MONOCOMANDO DE COCINA STEEL;17;17;17;23577853;220926064652273;185008791;;;;07/28/2031 00:00:00;7;14068495;22/09/2026 06:46:52;Maximiliano;Nievas;;;;;;Maximiliano Nievas;
14252425;22/09/2026 07:03:51;3;2;0001  215261-1;05;CAMIONETA EXP 5;2093502;"MJ18    ";"SUCESION DE MARCHAL JUAN HECTOR                   ";AV. INDEPENDENCIA 3324;951565;"20-205         ";20-205 - MONOCOMANDO DE COCINA STEEL;17;17;17;23577861;220926064717738;184725976;;;;07/28/2031 00:00:00;10;14068497;22/09/2026 06:47:17;Maximiliano;Nievas;;;;;;Maximiliano Nievas;
14252425;22/09/2026 07:03:51;3;2;0001  215261-1;05;CAMIONETA EXP 5;2093502;"MJ18    ";"SUCESION DE MARCHAL JUAN HECTOR                   ";AV. INDEPENDENCIA 3324;952949;"70-200C        ";70-200C - BIDE MONOCOMANDO CR FABRIC;2;2;2;23577870;220926064804634;184724047;;;;10/28/2031 00:00:00;2;14068503;22/09/2026 06:48:04;Maximiliano;Nievas;;;;;;Maximiliano Nievas;
14252425;22/09/2026 07:03:51;3;2;0001  215261-1;05;CAMIONETA EXP 5;2093502;"MJ18    ";"SUCESION DE MARCHAL JUAN HECTOR                   ";AV. INDEPENDENCIA 3324;952723;"61-200C        ";61-200C - LAVATORIO MONOC ALTO CR FABRIC;4;4;4;23577870;220926064804634;184723971;;;;07/27/2031 00:00:00;4;14068503;22/09/2026 06:48:04;Maximiliano;Nievas;;;;;;Maximiliano Nievas;
14252425;22/09/2026 07:03:51;3;2;0001  215261-1;05;CAMIONETA EXP 5;2093502;"MJ18    ";"SUCESION DE MARCHAL JUAN HECTOR                   ";AV. INDEPENDENCIA 3324;953161;"80-205         ";80-205 - DUCHA EMB. C/TRANSF. MONOC STEEL;15;15;15;23577896;220926064957181;185009028;;;;08/11/2031 00:00:00;6;14068518;22/09/2026 06:49:57;Maximiliano;Nievas;;;;;;Maximiliano Nievas;
14252425;22/09/2026 07:03:51;3;2;0001  215261-1;05;CAMIONETA EXP 5;2093502;"MJ18    ";"SUCESION DE MARCHAL JUAN HECTOR                   ";AV. INDEPENDENCIA 3324;953161;"80-205         ";80-205 - DUCHA EMB. C/TRANSF. MONOC STEEL;15;15;15;23577905;220926065033134;185009064;;;;08/11/2031 00:00:00;6;14068521;22/09/2026 06:50:33;Maximiliano;Nievas;;;;;;Maximiliano Nievas;
14252425;22/09/2026 07:03:51;3;2;0001  215261-1;05;CAMIONETA EXP 5;2093502;"MJ18    ";"SUCESION DE MARCHAL JUAN HECTOR                   ";AV. INDEPENDENCIA 3324;951424;"20040DG        ";20040DG - PORTA ROLLO DARK GOLD LINEA PULSE;1;1;1;23577996;220926065727585;184723710;;;;07/29/2031 00:00:00;1;14068564;22/09/2026 06:57:27;Maximiliano;Nievas;;;;;;Maximiliano Nievas;
14252425;22/09/2026 07:03:51;3;2;0001  215261-1;05;CAMIONETA EXP 5;2093502;"MJ18    ";"SUCESION DE MARCHAL JUAN HECTOR                   ";AV. INDEPENDENCIA 3324;951410;"20030DG        ";20030DG - PERCHA DARK GOLD LINEA PULSE;2;2;2;23577996;220926065727585;184723754;;;;07/31/2031 00:00:00;2;14068564;22/09/2026 06:57:27;Maximiliano;Nievas;;;;;;Maximiliano Nievas;
14252425;22/09/2026 07:03:51;3;2;0001  215261-1;05;CAMIONETA EXP 5;2093502;"MJ18    ";"SUCESION DE MARCHAL JUAN HECTOR                   ";AV. INDEPENDENCIA 3324;951975;"3040           ";3040 - PORTA ROLLO LINEA 3000;7;7;7;23577996;220926065727585;184723383;;;;07/27/2031 00:00:00;7;14068564;22/09/2026 06:57:27;Maximiliano;Nievas;;;;;;Maximiliano Nievas;
14252425;22/09/2026 07:03:51;3;2;0001  215261-1;05;CAMIONETA EXP 5;2093502;"MJ18    ";"SUCESION DE MARCHAL JUAN HECTOR                   ";AV. INDEPENDENCIA 3324;951961;"3030           ";3030 - PERCHA LINEA 3000;12;12;12;23577996;220926065727585;184723229;;;;08/27/2031 00:00:00;12;14068564;22/09/2026 06:57:27;Maximiliano;Nievas;;;;;;Maximiliano Nievas;
14252425;22/09/2026 07:03:51;3;2;0001  215261-1;05;CAMIONETA EXP 5;2093502;"MJ18    ";"SUCESION DE MARCHAL JUAN HECTOR                   ";AV. INDEPENDENCIA 3324;951528;"20-140         ";20-140 - MONOCOMANDO DE COCINA LINEA CUINA;2;2;2;23578029;220926070017117;184724313;;;;10/07/2031 00:00:00;2;14068585;22/09/2026 07:00:17;Maximiliano;Nievas;;;;;;Maximiliano Nievas;
14252425;22/09/2026 07:03:51;3;2;0001  215261-1;05;CAMIONETA EXP 5;2093502;"MJ18    ";"SUCESION DE MARCHAL JUAN HECTOR                   ";AV. INDEPENDENCIA 3324;951314;"18020          ";18020 - TOALLERO DE ARO NIQUEL LINEA BEAT;1;1;1;23578029;220926070017117;184725195;;;;07/29/2031 00:00:00;1;14068585;22/09/2026 07:00:17;Maximiliano;Nievas;;;;;;Maximiliano Nievas;
14252425;22/09/2026 07:03:51;3;2;0001  215261-1;05;CAMIONETA EXP 5;2093502;"MJ18    ";"SUCESION DE MARCHAL JUAN HECTOR                   ";AV. INDEPENDENCIA 3324;953161;"80-205         ";80-205 - DUCHA EMB. C/TRANSF. MONOC STEEL;15;15;15;23578029;220926070017117;184724942;;;;08/11/2031 00:00:00;3;14068585;22/09/2026 07:00:17;Maximiliano;Nievas;;;;;;Maximiliano Nievas;
14252425;22/09/2026 07:03:51;3;2;0001  215261-1;05;CAMIONETA EXP 5;2093502;"MJ18    ";"SUCESION DE MARCHAL JUAN HECTOR                   ";AV. INDEPENDENCIA 3324;952724;"61-200G        ";61-200G - LAVATORIO MONOC ALTO GOLD FABRIC;3;3;3;23578048;220926070103548;184724998;;;;07/27/2031 00:00:00;3;14068590;22/09/2026 07:01:03;Maximiliano;Nievas;;;;;;Maximiliano Nievas;
14252425;22/09/2026 07:03:51;3;2;0001  215261-1;05;CAMIONETA EXP 5;2093502;"MJ18    ";"SUCESION DE MARCHAL JUAN HECTOR                   ";AV. INDEPENDENCIA 3324;951833;"30-132         ";30-132 - COCINA MESADA MONOC. C/DUCHADOR EXTENSIBLE VIGO;1;1;1;23578048;220926070103548;184723864;;;;10/07/2031 00:00:00;1;14068590;22/09/2026 07:01:03;Maximiliano;Nievas;;;;;;Maximiliano Nievas;
14252426;22/09/2026 09:17:43;3;2;0001  215271-1;05;CAMIONETA EXP 5;2090999;"AC02    ";"ACCESANIGA S.A.                                   ";PARAGUAY 1332;957409;"RA023N         ";RA023N - SOPAPA LAVATORIO / BIDE FABRIC BLACK;5;5;3;23543477;220926091739592;184767707;;;;12/20/2031 00:00:00;3;14071133;22/09/2026 09:17:39;Maximiliano;Nievas;24816421;21/09/2026 06:49:13;7636;Kevin;Arce;Maximiliano Nievas;Kevin Arce
14252427;22/09/2026 09:54:41;3;2;0001  215282-1;05;CAMIONETA EXP 5;2092682;"GG11    ";"GONDEAN GUSTAVO RUBEN                             ";INDIOS PAMPAS 1482;951536;"20-162         ";20-162 - MONOCOMANDO COCINA ADRA;2;2;2;23538864;220926095439609;184737078;;;;07/28/2031 00:00:00;2;14072174;22/09/2026 09:54:39;Maximiliano;Nievas;24811655;19/09/2026 11:42:49;6585;Mathias;Montenegro;Maximiliano Nievas;Mathias Montenegro
14252427;22/09/2026 09:54:41;3;2;0001  215282-1;05;CAMIONETA EXP 5;2092682;"GG11    ";"GONDEAN GUSTAVO RUBEN                             ";INDIOS PAMPAS 1482;952637;"60-168         ";60-168 - LAVATORIO MONOC BAJO CR WAVE;2;2;2;23538864;220926095439609;184731167;;;;07/27/2031 00:00:00;2;14072174;22/09/2026 09:54:39;Maximiliano;Nievas;24811655;19/09/2026 11:42:49;6585;Mathias;Montenegro;Maximiliano Nievas;Mathias Montenegro
14252427;22/09/2026 09:54:41;3;2;0001  215282-1;05;CAMIONETA EXP 5;2092682;"GG11    ";"GONDEAN GUSTAVO RUBEN                             ";INDIOS PAMPAS 1482;952650;"60-180         ";60-180 - LAVATORIO MONOCOMANDO BAJO VERA;2;2;2;23538864;220926095439609;184733937;;;;07/28/2031 00:00:00;2;14072174;22/09/2026 09:54:39;Maximiliano;Nievas;24811655;19/09/2026 11:42:49;6585;Mathias;Montenegro;Maximiliano Nievas;Mathias Montenegro
14252427;22/09/2026 09:54:41;3;2;0001  215282-1;05;CAMIONETA EXP 5;2092682;"GG11    ";"GONDEAN GUSTAVO RUBEN                             ";INDIOS PAMPAS 1482;952673;"60-200G        ";60-200G - LAVATORIO MONOC BAJO GOLD FABRIC;1;1;1;23538864;220926095439609;184732889;;;;07/28/2031 00:00:00;1;14072174;22/09/2026 09:54:39;Maximiliano;Nievas;24811655;19/09/2026 11:42:49;6585;Mathias;Montenegro;Maximiliano Nievas;Mathias Montenegro
14252427;22/09/2026 09:54:41;3;2;0001  215282-1;05;CAMIONETA EXP 5;2092682;"GG11    ";"GONDEAN GUSTAVO RUBEN                             ";INDIOS PAMPAS 1482;952679;"60-205         ";60-205 - LAVATORIO MONOC BAJO STEEL;2;2;2;23538864;220926095439609;184731297;;;;07/28/2031 00:00:00;2;14072174;22/09/2026 09:54:39;Maximiliano;Nievas;24811655;19/09/2026 11:42:49;6585;Mathias;Montenegro;Maximiliano Nievas;Mathias Montenegro
14252427;22/09/2026 09:54:41;3;2;0001  215282-1;05;CAMIONETA EXP 5;2092682;"GG11    ";"GONDEAN GUSTAVO RUBEN                             ";INDIOS PAMPAS 1482;953055;"80-045         ";80-045 - DUCHA EMB.C/TRANSF CR  C.STD CRUZ;2;2;2;23543788;220926095257269;184768657;;;;02/18/2032 00:00:00;2;14072154;22/09/2026 09:52:57;Maximiliano;Nievas;24816632;21/09/2026 06:55:11;6419;Tiago;Rodriguez;Maximiliano Nievas;Tiago Rodriguez
14252428;22/09/2026 10:06:53;3;2;0001  215284-1;05;CAMIONETA EXP 5;2091513;"CB15    ";"CASA BOUCIGUEZ S.A.                               ";INDEPENDENCIA 2350;951833;"30-132         ";30-132 - COCINA MESADA MONOC. C/DUCHADOR EXTENSIBLE VIGO;2;2;2;23538865;220926100649513;184730706;;;;10/07/2031 00:00:00;2;14072293;22/09/2026 10:06:49;Maximiliano;Nievas;24811655;19/09/2026 11:42:49;6585;Mathias;Montenegro;Maximiliano Nievas;Mathias Montenegro
14252428;22/09/2026 10:06:53;3;2;0001  215284-1;05;CAMIONETA EXP 5;2091513;"CB15    ";"CASA BOUCIGUEZ S.A.                               ";INDEPENDENCIA 2350;953161;"80-205         ";80-205 - DUCHA EMB. C/TRANSF. MONOC STEEL;2;2;2;23538865;220926100649513;184732746;;;;08/11/2031 00:00:00;2;14072293;22/09/2026 10:06:49;Maximiliano;Nievas;24811655;19/09/2026 11:42:49;6585;Mathias;Montenegro;Maximiliano Nievas;Mathias Montenegro
14252428;22/09/2026 10:06:53;3;2;0001  215284-1;05;CAMIONETA EXP 5;2091513;"CB15    ";"CASA BOUCIGUEZ S.A.                               ";INDEPENDENCIA 2350;952676;"60-201NI       ";60-201NI - LAVATORIO C.CERAM BEAT NICKEL;1;1;1;23543789;220926095620893;184768762;;;;08/20/2031 00:00:00;1;14072227;22/09/2026 09:56:20;Maximiliano;Nievas;24816632;21/09/2026 06:55:11;6419;Tiago;Rodriguez;Maximiliano Nievas;Tiago Rodriguez
14252428;22/09/2026 10:06:53;3;2;0001  215284-1;05;CAMIONETA EXP 5;2091513;"CB15    ";"CASA BOUCIGUEZ S.A.                               ";INDEPENDENCIA 2350;954380;"A1539NI        ";"TAPA Y TECLA PARA VALVULA DE DESCARGA CUADRADA MINIMALISTA NICKEL     ";1;1;1;23585272;220926095542809;184768463;;;;07/31/2031 00:00:00;1;14072240;22/09/2026 09:55:42;Maximiliano;Nievas;;;;;;Maximiliano Nievas;
14252428;22/09/2026 10:06:53;3;2;0001  215284-1;05;CAMIONETA EXP 5;2091513;"CB15    ";"CASA BOUCIGUEZ S.A.                               ";INDEPENDENCIA 2350;952953;"70-201NI       ";70-201NI - BIDE CR C.CERAM BEAT NICKEL;2;2;2;23585302;220926095608224;184768736;;;;07/29/2031 00:00:00;2;14072251;22/09/2026 09:56:08;Maximiliano;Nievas;;;;;;Maximiliano Nievas;
14252429;22/09/2026 07:40:21;3;2;0001  215285-1;05;CAMIONETA EXP 5;2314000;"IA05    ";"IZAGUIRRE AMOROSO SA - TODO CASA                  ";RIVADAVIA 3201;952705;"61-130         ";61-130 - LAVATORIO MONOCOMANDO ALTO BILBAO;5;5;5;23543613;220926074019879;184767246;;;;07/28/2031 00:00:00;5;14069020;22/09/2026 07:40:19;Maximiliano;Nievas;24816527;21/09/2026 06:35:28;6419;Tiago;Rodriguez;Maximiliano Nievas;Tiago Rodriguez
14252430;22/09/2026 09:44:08;3;2;0001  215299-1;05;CAMIONETA EXP 5;2092251;"EC13    ";"EL CAÑADON  S.R.L.                                ";AV. ALTE. BROWN 325;952894;"70-131         ";70-131 - BIDE C.CERAM CR MALLORCA;3;3;3;23539225;220926094405807;184737348;;;;10/28/2031 00:00:00;3;14071880;22/09/2026 09:44:05;Maximiliano;Nievas;24812010;19/09/2026 11:34:49;6922;Franco;Potenza;Maximiliano Nievas;Franco Potenza
14252430;22/09/2026 09:44:08;3;2;0001  215299-1;05;CAMIONETA EXP 5;2092251;"EC13    ";"EL CAÑADON  S.R.L.                                ";AV. ALTE. BROWN 325;952634;"60-162         ";60-162 - LAVATORIO CR C.CERAM LINEA ADRA;4;4;4;23539225;220926094405807;184735504;;;;07/29/2031 00:00:00;4;14071880;22/09/2026 09:44:05;Maximiliano;Nievas;24812010;19/09/2026 11:34:49;6922;Franco;Potenza;Maximiliano Nievas;Franco Potenza
14252430;22/09/2026 09:44:08;3;2;0001  215299-1;05;CAMIONETA EXP 5;2092251;"EC13    ";"EL CAÑADON  S.R.L.                                ";AV. ALTE. BROWN 325;953131;"80-183         ";"DUCHA EMB C/TRANSF MONOCOMANDO MAT                                    ";5;5;5;23543581;220926094138106;184766967;;;;11/02/2031 00:00:00;3;14071678;22/09/2026 09:41:38;Maximiliano;Nievas;24816509;21/09/2026 06:35:41;7310;Maximiliano;Nievas;Maximiliano Nievas;Maximiliano Nievas
14252430;22/09/2026 09:44:08;3;2;0001  215299-1;05;CAMIONETA EXP 5;2092251;"EC13    ";"EL CAÑADON  S.R.L.                                ";AV. ALTE. BROWN 325;954902;"BCH02          ";BCH02 - BACHA DE APOYAR CIRCULAR 1 AG. 415x145;2;2;2;23543764;220926094248921;184768000;;;;07/27/2031 00:00:00;1;14071836;22/09/2026 09:42:48;Maximiliano;Nievas;24816635;21/09/2026 06:47:05;7310;Maximiliano;Nievas;Maximiliano Nievas;Maximiliano Nievas
14252430;22/09/2026 09:44:08;3;2;0001  215299-1;05;CAMIONETA EXP 5;2092251;"EC13    ";"EL CAÑADON  S.R.L.                                ";AV. ALTE. BROWN 325;951536;"20-162         ";20-162 - MONOCOMANDO COCINA ADRA;2;2;2;23584263;220926093713310;184767497;;;;07/28/2031 00:00:00;2;14071683;22/09/2026 09:37:13;Maximiliano;Nievas;;;;;;Maximiliano Nievas;
14252430;22/09/2026 09:44:08;3;2;0001  215299-1;05;CAMIONETA EXP 5;2092251;"EC13    ";"EL CAÑADON  S.R.L.                                ";AV. ALTE. BROWN 325;952719;"61-183         ";"LAVATORIO MONOCOMANDO ALTO MAT                                        ";3;3;3;23584263;220926093713310;184767194;;;;11/02/2031 00:00:00;3;14071683;22/09/2026 09:37:13;Maximiliano;Nievas;;;;;;Maximiliano Nievas;
14252430;22/09/2026 09:44:08;3;2;0001  215299-1;05;CAMIONETA EXP 5;2092251;"EC13    ";"EL CAÑADON  S.R.L.                                ";AV. ALTE. BROWN 325;953131;"80-183         ";"DUCHA EMB C/TRANSF MONOCOMANDO MAT                                    ";5;5;5;23584306;220926093802598;185050649;;;;11/02/2031 00:00:00;2;14071704;22/09/2026 09:38:02;Maximiliano;Nievas;;;;;;Maximiliano Nievas;
14252430;22/09/2026 09:44:08;3;2;0001  215299-1;05;CAMIONETA EXP 5;2092251;"EC13    ";"EL CAÑADON  S.R.L.                                ";AV. ALTE. BROWN 325;951545;"20-172         ";20-172 - COCINA MESADA MONOC. COLORS NEGRO;2;2;2;23584306;220926093802598;184767337;;;;07/28/2031 00:00:00;2;14071704;22/09/2026 09:38:02;Maximiliano;Nievas;;;;;;Maximiliano Nievas;
14252430;22/09/2026 09:44:08;3;2;0001  215299-1;05;CAMIONETA EXP 5;2092251;"EC13    ";"EL CAÑADON  S.R.L.                                ";AV. ALTE. BROWN 325;952933;"70-183         ";"BIDE MONOCOMANDO C/TRANSF MAT                                         ";5;5;5;23584357;220926093854480;184767135;;;;11/02/2031 00:00:00;5;14071746;22/09/2026 09:38:54;Maximiliano;Nievas;;;;;;Maximiliano Nievas;
14252430;22/09/2026 09:44:08;3;2;0001  215299-1;05;CAMIONETA EXP 5;2092251;"EC13    ";"EL CAÑADON  S.R.L.                                ";AV. ALTE. BROWN 325;951554;"20-190         ";20-190 - COCINA MESADA MONOC BLACK VELVET;2;2;2;23584357;220926093854480;184767249;;;;07/28/2031 00:00:00;2;14071746;22/09/2026 09:38:54;Maximiliano;Nievas;;;;;;Maximiliano Nievas;
14252430;22/09/2026 09:44:08;3;2;0001  215299-1;05;CAMIONETA EXP 5;2092251;"EC13    ";"EL CAÑADON  S.R.L.                                ";AV. ALTE. BROWN 325;951552;"20-183         ";"MONOCOMANDO DE COCINA MAT                                             ";5;5;5;23584447;220926094124349;184767044;;;;11/02/2031 00:00:00;5;14071820;22/09/2026 09:41:24;Maximiliano;Nievas;;;;;;Maximiliano Nievas;
14252430;22/09/2026 09:44:08;3;2;0001  215299-1;05;CAMIONETA EXP 5;2092251;"EC13    ";"EL CAÑADON  S.R.L.                                ";AV. ALTE. BROWN 325;952655;"60-183         ";"LAVATORIO MONOCOMANDO BAJO MAT                                        ";2;2;2;23584447;220926094124349;184767119;;;;11/02/2031 00:00:00;2;14071820;22/09/2026 09:41:24;Maximiliano;Nievas;;;;;;Maximiliano Nievas;
14252430;22/09/2026 09:44:08;3;2;0001  215299-1;05;CAMIONETA EXP 5;2092251;"EC13    ";"EL CAÑADON  S.R.L.                                ";AV. ALTE. BROWN 325;954907;"BCH06          ";BCH06 - BACHA DE APOYAR CIRCULAR 415x135;3;3;3;23584481;220926094216340;185052040;;;;10/04/2031 00:00:00;1;14071840;22/09/2026 09:42:16;Maximiliano;Nievas;;;;;;Maximiliano Nievas;
14252430;22/09/2026 09:44:08;3;2;0001  215299-1;05;CAMIONETA EXP 5;2092251;"EC13    ";"EL CAÑADON  S.R.L.                                ";AV. ALTE. BROWN 325;954907;"BCH06          ";BCH06 - BACHA DE APOYAR CIRCULAR 415x135;3;3;3;23584488;220926094225115;185052088;;;;10/04/2031 00:00:00;1;14071844;22/09/2026 09:42:25;Maximiliano;Nievas;;;;;;Maximiliano Nievas;
14252430;22/09/2026 09:44:08;3;2;0001  215299-1;05;CAMIONETA EXP 5;2092251;"EC13    ";"EL CAÑADON  S.R.L.                                ";AV. ALTE. BROWN 325;954907;"BCH06          ";BCH06 - BACHA DE APOYAR CIRCULAR 415x135;3;3;3;23584493;220926094232299;184768285;;;;10/04/2031 00:00:00;1;14071846;22/09/2026 09:42:32;Maximiliano;Nievas;;;;;;Maximiliano Nievas;
14252430;22/09/2026 09:44:08;3;2;0001  215299-1;05;CAMIONETA EXP 5;2092251;"EC13    ";"EL CAÑADON  S.R.L.                                ";AV. ALTE. BROWN 325;954902;"BCH02          ";BCH02 - BACHA DE APOYAR CIRCULAR 1 AG. 415x145;2;2;2;23584501;220926094241961;185052183;;;;07/27/2031 00:00:00;1;14071855;22/09/2026 09:42:41;Maximiliano;Nievas;;;;;;Maximiliano Nievas;
14252432;22/09/2026 09:36:30;3;2;0001  215311-1;05;CAMIONETA EXP 5;2093858;"PG07    ";"POCHETTINO GRACIELA F -ESTILO SANITARIOS          ";MAIPU 226;952913;"70-162N        ";70-162N - BIDE BLACK C.CERAM LINEA ADRA;10;10;10;23539226;220926093628843;184736819;;;;02/16/2032 00:00:00;10;14071655;22/09/2026 09:36:28;Maximiliano;Nievas;24812010;19/09/2026 11:34:49;6922;Franco;Potenza;Maximiliano Nievas;Franco Potenza
14252433;22/09/2026 11:13:52;3;2;0001  215314-1;05;CAMIONETA EXP 5;2320387;"KA07    ";"KASA S.R.L. -KASA SANITARIOS                      ";AV 25 DE MAYO 782;952726;"61-203         ";61-203 - LAVATORIO MONOCOMANDO ALTO ADRA;2;2;2;23539227;220926110739127;184736215;;;;02/22/2032 00:00:00;2;14074499;22/09/2026 11:07:39;Maximiliano;Nievas;24812010;19/09/2026 11:34:49;6922;Franco;Potenza;Maximiliano Nievas;Franco Potenza
14252433;22/09/2026 11:13:52;3;2;0001  215314-1;05;CAMIONETA EXP 5;2320387;"KA07    ";"KASA S.R.L. -KASA SANITARIOS                      ";AV 25 DE MAYO 782;951568;"203            ";"203 - LAVATORIO CROMO ""DIQUE""";3;3;3;23539227;220926110739127;184735726;;;;01/11/2032 00:00:00;3;14074499;22/09/2026 11:07:39;Maximiliano;Nievas;24812010;19/09/2026 11:34:49;6922;Franco;Potenza;Maximiliano Nievas;Franco Potenza
14252433;22/09/2026 11:13:52;3;2;0001  215314-1;05;CAMIONETA EXP 5;2320387;"KA07    ";"KASA S.R.L. -KASA SANITARIOS                      ";AV 25 DE MAYO 782;952712;"61-176         ";61-176 - LAVATORIO MONOC ALTO CR RIO;4;4;4;23543584;220926111351829;184768468;;;;10/11/2031 00:00:00;4;14074543;22/09/2026 11:13:51;Maximiliano;Nievas;24816508;21/09/2026 06:51:12;7807;Nicolas;Perez;Maximiliano Nievas;Nicolas Perez
14252433;22/09/2026 11:13:52;3;2;0001  215314-1;05;CAMIONETA EXP 5;2320387;"KA07    ";"KASA S.R.L. -KASA SANITARIOS                      ";AV 25 DE MAYO 782;951975;"3040           ";3040 - PORTA ROLLO LINEA 3000;3;3;3;23543584;220926111351829;184768655;;;;07/27/2031 00:00:00;3;14074543;22/09/2026 11:13:51;Maximiliano;Nievas;24816508;21/09/2026 06:51:12;7807;Nicolas;Perez;Maximiliano Nievas;Nicolas Perez
14252433;22/09/2026 11:13:52;3;2;0001  215314-1;05;CAMIONETA EXP 5;2320387;"KA07    ";"KASA S.R.L. -KASA SANITARIOS                      ";AV 25 DE MAYO 782;952618;"60-133         ";60-133 - LAVATORIO MONOCOMANDO LUGO;3;3;3;23589505;220926111041635;184766892;;;;07/29/2031 00:00:00;3;14074606;22/09/2026 11:10:41;Maximiliano;Nievas;;;;;;Maximiliano Nievas;
14252433;22/09/2026 11:13:52;3;2;0001  215314-1;05;CAMIONETA EXP 5;2320387;"KA07    ";"KASA S.R.L. -KASA SANITARIOS                      ";AV 25 DE MAYO 782;953312;"83-133         ";83-133 - DUCHA EXT. C/TRANSF. MONOCOMANDO LUGO;2;2;2;23589505;220926111041635;184767633;;;;09/03/2031 00:00:00;2;14074606;22/09/2026 11:10:41;Maximiliano;Nievas;;;;;;Maximiliano Nievas;
14252433;22/09/2026 11:13:52;3;2;0001  215314-1;05;CAMIONETA EXP 5;2320387;"KA07    ";"KASA S.R.L. -KASA SANITARIOS                      ";AV 25 DE MAYO 782;951116;"12006          ";"SET DE 6 PIEZAS LINEA 12000                                           ";1;1;1;23589505;220926111041635;184767184;;;;07/30/2031 00:00:00;1;14074606;22/09/2026 11:10:41;Maximiliano;Nievas;;;;;;Maximiliano Nievas;
14252433;22/09/2026 11:13:52;3;2;0001  215314-1;05;CAMIONETA EXP 5;2320387;"KA07    ";"KASA S.R.L. -KASA SANITARIOS                      ";AV 25 DE MAYO 782;951523;"20-134         ";20-134 - MONOCOMANDO COCINA BETIS;2;2;2;23589505;220926111041635;184767877;;;;08/11/2031 00:00:00;2;14074606;22/09/2026 11:10:41;Maximiliano;Nievas;;;;;;Maximiliano Nievas;
14252433;22/09/2026 11:13:52;3;2;0001  215314-1;05;CAMIONETA EXP 5;2320387;"KA07    ";"KASA S.R.L. -KASA SANITARIOS                      ";AV 25 DE MAYO 782;951748;"3006           ";3006 - SET DE 6 PIEZAS LINEA 3000;1;1;1;23589505;220926111041635;184766939;;;;07/29/2031 00:00:00;1;14074606;22/09/2026 11:10:41;Maximiliano;Nievas;;;;;;Maximiliano Nievas;
14252433;22/09/2026 11:13:52;3;2;0001  215314-1;05;CAMIONETA EXP 5;2320387;"KA07    ";"KASA S.R.L. -KASA SANITARIOS                      ";AV 25 DE MAYO 782;951983;"3050           ";3050 - JABONERA LINEA 3000;6;6;6;23589583;220926111235760;184768622;;;;07/27/2031 00:00:00;6;14074667;22/09/2026 11:12:35;Maximiliano;Nievas;;;;;;Maximiliano Nievas;
14252434;22/09/2026 09:16:38;3;2;0001  215415-1;05;CAMIONETA EXP 5;2094145;"RH04    ";"EL AGUILA SANITARIOS S.A.                         ";AV. JARA 866;952661;"60-193         ";60-193 - LAVATORIO MONOCOMANDO BAJO MORA;1;1;1;23543478;220926091604836;184766574;;;;07/28/2031 00:00:00;1;14071096;22/09/2026 09:16:04;Maximiliano;Nievas;24816421;21/09/2026 06:49:13;7636;Kevin;Arce;Maximiliano Nievas;Kevin Arce
14252434;22/09/2026 09:16:38;3;2;0001  215415-1;05;CAMIONETA EXP 5;2094145;"RH04    ";"EL AGUILA SANITARIOS S.A.                         ";AV. JARA 866;952939;"70-193         ";70-193 - BIDE MONOCOMANDO MORA;1;1;1;23543478;220926091604836;184766306;;;;07/28/2031 00:00:00;1;14071096;22/09/2026 09:16:04;Maximiliano;Nievas;24816421;21/09/2026 06:49:13;7636;Kevin;Arce;Maximiliano Nievas;Kevin Arce
14252434;22/09/2026 09:16:38;3;2;0001  215415-1;05;CAMIONETA EXP 5;2094145;"RH04    ";"EL AGUILA SANITARIOS S.A.                         ";AV. JARA 866;952456;"51-190         ";51-190 - MESADA BIMANDO C.CERAM BLACK VELVET;1;1;1;23543790;220926091635521;184768559;;;;01/31/2032 00:00:00;1;14071109;22/09/2026 09:16:35;Maximiliano;Nievas;24816632;21/09/2026 06:55:11;6419;Tiago;Rodriguez;Maximiliano Nievas;Tiago Rodriguez
14252435;22/09/2026 09:34:04;3;2;0001  215416-1;05;CAMIONETA EXP 5;2320387;"KA07    ";"KASA S.R.L. -KASA SANITARIOS                      ";AV 25 DE MAYO 782;952684;"603            ";603 - CANILLA COC.PARED P.BAJO CROMO DIQUE;5;5;5;23543791;220926093403431;184768248;;;;01/04/2032 00:00:00;5;14071584;22/09/2026 09:34:03;Maximiliano;Nievas;24816632;21/09/2026 06:55:11;6419;Tiago;Rodriguez;Maximiliano Nievas;Tiago Rodriguez
14252436;22/09/2026 06:38:57;3;2;0001  215419-1;05;CAMIONETA EXP 5;2093552;"MM39    ";"MIGUEL MUKDISE HNOS SRL  -CORRALON MUKDISE        ";25 DE MAYO 76;952582;"60-057         ";60-057 - LAVATORIO C.STD VERIN PLUS;15;15;15;23538813;220926062645808;184730607;;;;01/31/2032 00:00:00;2;14068324;22/09/2026 06:26:45;Maximiliano;Nievas;24811638;19/09/2026 10:53:21;6922;Franco;Potenza;Maximiliano Nievas;Franco Potenza
14252436;22/09/2026 06:38:57;3;2;0001  215419-1;05;CAMIONETA EXP 5;2093552;"MM39    ";"MIGUEL MUKDISE HNOS SRL  -CORRALON MUKDISE        ";25 DE MAYO 76;953104;"80-153         ";80-153 - DUCHA EMB. C/TRANSF. CR C.CERAM CASTILLA;1;1;1;23538813;220926062645808;184731617;;;;01/20/2032 00:00:00;1;14068324;22/09/2026 06:26:45;Maximiliano;Nievas;24811638;19/09/2026 10:53:21;6922;Franco;Potenza;Maximiliano Nievas;Franco Potenza
14252436;22/09/2026 06:38:57;3;2;0001  215419-1;05;CAMIONETA EXP 5;2093552;"MM39    ";"MIGUEL MUKDISE HNOS SRL  -CORRALON MUKDISE        ";25 DE MAYO 76;954805;"AB-002         ";AB-002 - AGARRADERA ACERO INOX CROMADO 40 CM SAFE;5;5;5;23539699;220926063856606;184737333;;;;08/12/2031 00:00:00;5;14068375;22/09/2026 06:38:56;Maximiliano;Nievas;24812580;19/09/2026 11:51:30;6584;Luis Alberto;Villareal;Maximiliano Nievas;Luis Alberto Villareal
14252436;22/09/2026 06:38:57;3;2;0001  215419-1;05;CAMIONETA EXP 5;2093552;"MM39    ";"MIGUEL MUKDISE HNOS SRL  -CORRALON MUKDISE        ";25 DE MAYO 76;952449;"51-107         ";51-107 - JGO. MESADA CR C.CERAM BEDIA;10;10;10;23577274;220926061515723;184731389;;;;11/10/2031 00:00:00;10;14068325;22/09/2026 06:15:15;Maximiliano;Nievas;;;;;;Maximiliano Nievas;
14252436;22/09/2026 06:38:57;3;2;0001  215419-1;05;CAMIONETA EXP 5;2093552;"MM39    ";"MIGUEL MUKDISE HNOS SRL  -CORRALON MUKDISE        ";25 DE MAYO 76;952631;"60-153         ";60-153 - LAVATORIO CR C.CERAMICO CASTILLA;2;2;2;23577292;220926061623766;184731560;;;;11/23/2031 00:00:00;2;14068328;22/09/2026 06:16:23;Maximiliano;Nievas;;;;;;Maximiliano Nievas;
14252436;22/09/2026 06:38:57;3;2;0001  215419-1;05;CAMIONETA EXP 5;2093552;"MM39    ";"MIGUEL MUKDISE HNOS SRL  -CORRALON MUKDISE        ";25 DE MAYO 76;953059;"80-057         ";80-057 - DUCHA EMB. C/TRANSF. C.STD VERIN PLUS;12;12;12;23577394;220926062344879;185007220;;;;02/08/2032 00:00:00;10;14068354;22/09/2026 06:23:44;Maximiliano;Nievas;;;;;;Maximiliano Nievas;
14252436;22/09/2026 06:38:57;3;2;0001  215419-1;05;CAMIONETA EXP 5;2093552;"MM39    ";"MIGUEL MUKDISE HNOS SRL  -CORRALON MUKDISE        ";25 DE MAYO 76;952860;"70-057         ";70-057 - BIDE C.STD VERIN PLUS;5;5;5;23577408;220926062448339;184730760;;;;01/31/2032 00:00:00;5;14068358;22/09/2026 06:24:48;Maximiliano;Nievas;;;;;;Maximiliano Nievas;
14252436;22/09/2026 06:38:57;3;2;0001  215419-1;05;CAMIONETA EXP 5;2093552;"MM39    ";"MIGUEL MUKDISE HNOS SRL  -CORRALON MUKDISE        ";25 DE MAYO 76;952582;"60-057         ";60-057 - LAVATORIO C.STD VERIN PLUS;15;15;15;23577408;220926062448339;185007350;;;;01/31/2032 00:00:00;3;14068358;22/09/2026 06:24:48;Maximiliano;Nievas;;;;;;Maximiliano Nievas;
14252436;22/09/2026 06:38:57;3;2;0001  215419-1;05;CAMIONETA EXP 5;2093552;"MM39    ";"MIGUEL MUKDISE HNOS SRL  -CORRALON MUKDISE        ";25 DE MAYO 76;953059;"80-057         ";80-057 - DUCHA EMB. C/TRANSF. C.STD VERIN PLUS;12;12;12;23577408;220926062448339;184731031;;;;02/08/2032 00:00:00;2;14068358;22/09/2026 06:24:48;Maximiliano;Nievas;;;;;;Maximiliano Nievas;
14252436;22/09/2026 06:38:57;3;2;0001  215419-1;05;CAMIONETA EXP 5;2093552;"MM39    ";"MIGUEL MUKDISE HNOS SRL  -CORRALON MUKDISE        ";25 DE MAYO 76;952582;"60-057         ";60-057 - LAVATORIO C.STD VERIN PLUS;15;15;15;23577420;220926062537962;185007402;;;;01/31/2032 00:00:00;10;14068365;22/09/2026 06:25:37;Maximiliano;Nievas;;;;;;Maximiliano Nievas;
14252436;22/09/2026 06:38:57;3;2;0001  215419-1;05;CAMIONETA EXP 5;2093552;"MM39    ";"MIGUEL MUKDISE HNOS SRL  -CORRALON MUKDISE        ";25 DE MAYO 76;954651;"A816           ";"A816 - DUCHA 6"" C/BRAZO Y CAMPANA CR";6;6;6;23577517;220926063053520;184737221;;;;07/27/2031 00:00:00;6;14068396;22/09/2026 06:30:53;Maximiliano;Nievas;;;;;;Maximiliano Nievas;
14252436;22/09/2026 06:38:57;3;2;0001  215419-1;05;CAMIONETA EXP 5;2093552;"MM39    ";"MIGUEL MUKDISE HNOS SRL  -CORRALON MUKDISE        ";25 DE MAYO 76;957404;"RA018G         ";RA018G - FLEXIBLE DUCHA;10;10;10;23577517;220926063053520;184739930;;;;08/02/2031 00:00:00;10;14068396;22/09/2026 06:30:53;Maximiliano;Nievas;;;;;;Maximiliano Nievas;
14252436;22/09/2026 06:38:57;3;2;0001  215419-1;05;CAMIONETA EXP 5;2093552;"MM39    ";"MIGUEL MUKDISE HNOS SRL  -CORRALON MUKDISE        ";25 DE MAYO 76;954804;"AB-001         ";AB-001 - AGARRADERA ACERO INOX CROMADO 30 CM SAFE;5;5;5;23577578;220926063323928;184737470;;;;07/28/2031 00:00:00;5;14068416;22/09/2026 06:33:23;Maximiliano;Nievas;;;;;;Maximiliano Nievas;
14252436;22/09/2026 06:38:57;3;2;0001  215419-1;05;CAMIONETA EXP 5;2093552;"MM39    ";"MIGUEL MUKDISE HNOS SRL  -CORRALON MUKDISE        ";25 DE MAYO 76;954227;"A1449C         ";A1449C - DUCHADOR MULTIFUNCION CROMO C/BLISTER;5;5;5;23577578;220926063323928;184737601;;;;07/27/2031 00:00:00;5;14068416;22/09/2026 06:33:23;Maximiliano;Nievas;;;;;;Maximiliano Nievas;
14252436;22/09/2026 06:38:57;3;2;0001  215419-1;05;CAMIONETA EXP 5;2093552;"MM39    ";"MIGUEL MUKDISE HNOS SRL  -CORRALON MUKDISE        ";25 DE MAYO 76;952499;"54-203         ";"COCINA PARED EXT C.CERAM ADRA MONOCOMANDO                             ";5;5;5;23577642;220926063635815;184739622;;;;02/18/2032 00:00:00;5;14068436;22/09/2026 06:36:35;Maximiliano;Nievas;;;;;;Maximiliano Nievas;
14252436;22/09/2026 06:38:57;3;2;0001  215419-1;05;CAMIONETA EXP 5;2093552;"MM39    ";"MIGUEL MUKDISE HNOS SRL  -CORRALON MUKDISE        ";25 DE MAYO 76;951550;"20-182         ";20-182 - MONOCOMANDO DE COCINA MULTIFUNCION CR ZENITH;3;3;3;23577660;220926063720901;184738044;;;;07/30/2031 00:00:00;3;14068445;22/09/2026 06:37:20;Maximiliano;Nievas;;;;;;Maximiliano Nievas;
14252436;22/09/2026 06:38:57;3;2;0001  215419-1;05;CAMIONETA EXP 5;2093552;"MM39    ";"MIGUEL MUKDISE HNOS SRL  -CORRALON MUKDISE        ";25 DE MAYO 76;951528;"20-140         ";20-140 - MONOCOMANDO DE COCINA LINEA CUINA;2;2;2;23577660;220926063720901;184738277;;;;10/07/2031 00:00:00;2;14068445;22/09/2026 06:37:20;Maximiliano;Nievas;;;;;;Maximiliano Nievas;
14252437;22/09/2026 09:45:14;3;2;0001  215420-1;05;CAMIONETA EXP 5;2093552;"MM39    ";"MIGUEL MUKDISE HNOS SRL  -CORRALON MUKDISE        ";25 DE MAYO 76;956490;"LG03C60        ";LG03C60 - LAVATORIO CR C.STD BERNA;3;3;3;23543792;220926094513952;184768968;;;;02/10/2032 00:00:00;3;14071921;22/09/2026 09:45:13;Maximiliano;Nievas;24816632;21/09/2026 06:55:11;6419;Tiago;Rodriguez;Maximiliano Nievas;Tiago Rodriguez
14252437;22/09/2026 09:45:14;3;2;0001  215420-1;05;CAMIONETA EXP 5;2093552;"MM39    ";"MIGUEL MUKDISE HNOS SRL  -CORRALON MUKDISE        ";25 DE MAYO 76;956491;"LG03C70        ";LG03C70 - BIDE CR C.STD BERNA;3;3;3;23543792;220926094513952;184769048;;;;12/14/2031 00:00:00;3;14071921;22/09/2026 09:45:13;Maximiliano;Nievas;24816632;21/09/2026 06:55:11;6419;Tiago;Rodriguez;Maximiliano Nievas;Tiago Rodriguez
14252437;22/09/2026 09:45:14;3;2;0001  215420-1;05;CAMIONETA EXP 5;2093552;"MM39    ";"MIGUEL MUKDISE HNOS SRL  -CORRALON MUKDISE        ";25 DE MAYO 76;956492;"LG03C80        ";LG03C80 - DUCHA EMB. C/TRANSF. CR C.STD BERNA;3;3;3;23543792;220926094513952;184769067;;;;12/14/2031 00:00:00;3;14071921;22/09/2026 09:45:13;Maximiliano;Nievas;24816632;21/09/2026 06:55:11;6419;Tiago;Rodriguez;Maximiliano Nievas;Tiago Rodriguez
14252438;22/09/2026 08:57:17;3;2;0001  215426-1;05;CAMIONETA EXP 5;2093907;"PL16    ";"PLASTISUR S.R.L.                                  ";HIPOLITO YRIGOYEN 5135;950895;"02-010         ";"VALVULA P/INODORO TEMPORIZADA TECNO                                   ";3;3;3;23539700;220926085712345;184737773;;;;07/28/2031 00:00:00;3;14070425;22/09/2026 08:57:12;Maximiliano;Nievas;24812580;19/09/2026 11:51:30;6584;Luis Alberto;Villareal;Maximiliano Nievas;Luis Alberto Villareal
14252438;22/09/2026 08:57:17;3;2;0001  215426-1;05;CAMIONETA EXP 5;2093907;"PL16    ";"PLASTISUR S.R.L.                                  ";HIPOLITO YRIGOYEN 5135;953312;"83-133         ";83-133 - DUCHA EXT. C/TRANSF. MONOCOMANDO LUGO;3;3;3;23539700;220926085712345;184739538;;;;09/03/2031 00:00:00;3;14070425;22/09/2026 08:57:12;Maximiliano;Nievas;24812580;19/09/2026 11:51:30;6584;Luis Alberto;Villareal;Maximiliano Nievas;Luis Alberto Villareal
14252438;22/09/2026 08:57:17;3;2;0001  215426-1;05;CAMIONETA EXP 5;2093907;"PL16    ";"PLASTISUR S.R.L.                                  ";HIPOLITO YRIGOYEN 5135;952758;"62-162         ";62-162 - LAVATORIO DE PARED CR C.CERAM ADRA;1;1;1;23543793;220926084742669;184768821;;;;07/31/2031 00:00:00;1;14070412;22/09/2026 08:47:42;Maximiliano;Nievas;24816632;21/09/2026 06:55:11;6419;Tiago;Rodriguez;Maximiliano Nievas;Tiago Rodriguez
14252438;22/09/2026 08:57:17;3;2;0001  215426-1;05;CAMIONETA EXP 5;2093907;"PL16    ";"PLASTISUR S.R.L.                                  ";HIPOLITO YRIGOYEN 5135;951535;"20-160         ";20-160 - MONOCOMANDO MESADA COCINA DIQUE;8;8;8;23581977;220926084831416;184739391;;;;07/28/2031 00:00:00;8;14070434;22/09/2026 08:48:31;Maximiliano;Nievas;;;;;;Maximiliano Nievas;
14252438;22/09/2026 08:57:17;3;2;0001  215426-1;05;CAMIONETA EXP 5;2093907;"PL16    ";"PLASTISUR S.R.L.                                  ";HIPOLITO YRIGOYEN 5135;950892;"01-010         ";"VALVULA P/MINGITORIO TEMPORIZADA TECNO                                ";3;3;3;23582275;220926085636797;184737916;;;;07/28/2031 00:00:00;3;14070607;22/09/2026 08:56:36;Maximiliano;Nievas;;;;;;Maximiliano Nievas;
14252438;22/09/2026 08:57:17;3;2;0001  215426-1;05;CAMIONETA EXP 5;2093907;"PL16    ";"PLASTISUR S.R.L.                                  ";HIPOLITO YRIGOYEN 5135;952896;"70-133         ";70-133 - BIDE MONOCOMANDO LUGO;3;3;3;23582275;220926085636797;184739009;;;;07/27/2031 00:00:00;3;14070607;22/09/2026 08:56:36;Maximiliano;Nievas;;;;;;Maximiliano Nievas;
14252438;22/09/2026 08:57:17;3;2;0001  215426-1;05;CAMIONETA EXP 5;2093907;"PL16    ";"PLASTISUR S.R.L.                                  ";HIPOLITO YRIGOYEN 5135;952618;"60-133         ";60-133 - LAVATORIO MONOCOMANDO LUGO;3;3;3;23582275;220926085636797;184739485;;;;07/29/2031 00:00:00;3;14070607;22/09/2026 08:56:36;Maximiliano;Nievas;;;;;;Maximiliano Nievas;
14252439;22/09/2026 09:31:22;3;2;0001  215449-1;05;CAMIONETA EXP 5;2090999;"AC02    ";"ACCESANIGA S.A.                                   ";PARAGUAY 1332;952292;"434/CR         ";434/CR - DUCHA EMB.C/TRANSF CR ARES;5;5;5;23539228;220926093119030;184737516;;;;01/12/2032 00:00:00;5;14071525;22/09/2026 09:31:19;Maximiliano;Nievas;24812010;19/09/2026 11:34:49;6922;Franco;Potenza;Maximiliano Nievas;Franco Potenza
14252440;22/09/2026 07:37:49;3;2;0001  214860-1;05;CAMIONETA EXP 5;2091860;"CO45    ";"COMPRALIADO S. A.                                 ";AV. COLON 6050;953159;"80-203P        ";80-203P - DUCHA EMB C/TRANSF. MONOCOMANDO ADRA PLUS;10;10;10;23538866;220926073748620;184737569;;;;07/28/2031 00:00:00;6;14068911;22/09/2026 07:37:48;Maximiliano;Nievas;24811655;19/09/2026 11:42:49;6585;Mathias;Montenegro;Maximiliano Nievas;Mathias Montenegro
14252440;22/09/2026 07:37:49;3;2;0001  214860-1;05;CAMIONETA EXP 5;2091860;"CO45    ";"COMPRALIADO S. A.                                 ";AV. COLON 6050;952912;"70-162         ";70-162 - BIDE CR C.CERAM LINEA ADRA;5;5;5;23539111;220926073245276;184735159;;;;07/29/2031 00:00:00;5;14068791;22/09/2026 07:32:45;Maximiliano;Nievas;24811915;19/09/2026 11:55:06;7839;Claudio;Juarez;Maximiliano Nievas;Claudio Juarez
14252440;22/09/2026 07:37:49;3;2;0001  214860-1;05;CAMIONETA EXP 5;2091860;"CO45    ";"COMPRALIADO S. A.                                 ";AV. COLON 6050;953109;"80-166         ";"DUCHA EMB. C/TRANSF. CR C.CERAM ADRA PLUS                             ";5;5;5;23578620;220926072312930;184734522;;;;01/19/2032 00:00:00;5;14068796;22/09/2026 07:23:12;Maximiliano;Nievas;;;;;;Maximiliano Nievas;
14252440;22/09/2026 07:37:49;3;2;0001  214860-1;05;CAMIONETA EXP 5;2091860;"CO45    ";"COMPRALIADO S. A.                                 ";AV. COLON 6050;952634;"60-162         ";60-162 - LAVATORIO CR C.CERAM LINEA ADRA;5;5;5;23578660;220926072430826;184735891;;;;07/29/2031 00:00:00;5;14068809;22/09/2026 07:24:30;Maximiliano;Nievas;;;;;;Maximiliano Nievas;
14252440;22/09/2026 07:37:49;3;2;0001  214860-1;05;CAMIONETA EXP 5;2091860;"CO45    ";"COMPRALIADO S. A.                                 ";AV. COLON 6050;952677;"60-203         ";60-203 - LAVATORIO MONOCOMANDO BAJO ADRA;10;10;10;23578660;220926072430826;185013265;;;;03/02/2032 00:00:00;5;14068809;22/09/2026 07:24:30;Maximiliano;Nievas;;;;;;Maximiliano Nievas;
14252440;22/09/2026 07:37:49;3;2;0001  214860-1;05;CAMIONETA EXP 5;2091860;"CO45    ";"COMPRALIADO S. A.                                 ";AV. COLON 6050;952677;"60-203         ";60-203 - LAVATORIO MONOCOMANDO BAJO ADRA;10;10;10;23578690;220926072533290;184737427;;;;03/02/2032 00:00:00;5;14068821;22/09/2026 07:25:33;Maximiliano;Nievas;;;;;;Maximiliano Nievas;
14252440;22/09/2026 07:37:49;3;2;0001  214860-1;05;CAMIONETA EXP 5;2091860;"CO45    ";"COMPRALIADO S. A.                                 ";AV. COLON 6050;953159;"80-203P        ";80-203P - DUCHA EMB C/TRANSF. MONOCOMANDO ADRA PLUS;10;10;10;23578920;220926073356489;185014951;;;;07/28/2031 00:00:00;4;14068930;22/09/2026 07:33:56;Maximiliano;Nievas;;;;;;Maximiliano Nievas;
14252440;22/09/2026 07:37:49;3;2;0001  214860-1;05;CAMIONETA EXP 5;2091860;"CO45    ";"COMPRALIADO S. A.                                 ";AV. COLON 6050;952954;"70-203         ";70-203 - BIDE MONOCOMANDO ADRA;10;10;10;23579000;220926073702063;185015573;;;;07/30/2031 00:00:00;4;14068970;22/09/2026 07:37:02;Maximiliano;Nievas;;;;;;Maximiliano Nievas;
14252440;22/09/2026 07:37:49;3;2;0001  214860-1;05;CAMIONETA EXP 5;2091860;"CO45    ";"COMPRALIADO S. A.                                 ";AV. COLON 6050;950892;"01-010         ";"VALVULA P/MINGITORIO TEMPORIZADA TECNO                                ";5;5;5;23579000;220926073702063;184731793;;;;07/28/2031 00:00:00;5;14068970;22/09/2026 07:37:02;Maximiliano;Nievas;;;;;;Maximiliano Nievas;
14252440;22/09/2026 07:37:49;3;2;0001  214860-1;05;CAMIONETA EXP 5;2091860;"CO45    ";"COMPRALIADO S. A.                                 ";AV. COLON 6050;952954;"70-203         ";70-203 - BIDE MONOCOMANDO ADRA;10;10;10;23579013;220926073737395;184737988;;;;07/30/2031 00:00:00;6;14068977;22/09/2026 07:37:37;Maximiliano;Nievas;;;;;;Maximiliano Nievas;
14252442;22/09/2026 09:29:42;3;2;0001  215178-1;05;CAMIONETA EXP 5;2091810;"CM53    ";"COCOZZA MARISA I.-SANITARIOS AVENIDA              ";AV. SARMIENTO 578;953060;"80-058         ";80-058 - DUCHA EMB. C/TRANSF. CR C.STD MALBA;2;2;2;23539112;220926092615873;184736553;;;;01/06/2032 00:00:00;1;14071300;22/09/2026 09:26:15;Maximiliano;Nievas;24811915;19/09/2026 11:55:06;7839;Claudio;Juarez;Maximiliano Nievas;Claudio Juarez
14252442;22/09/2026 09:29:42;3;2;0001  215178-1;05;CAMIONETA EXP 5;2091810;"CM53    ";"COCOZZA MARISA I.-SANITARIOS AVENIDA              ";AV. SARMIENTO 578;953055;"80-045         ";80-045 - DUCHA EMB.C/TRANSF CR  C.STD CRUZ;2;2;2;23539112;220926092615873;184738951;;;;02/18/2032 00:00:00;1;14071300;22/09/2026 09:26:15;Maximiliano;Nievas;24811915;19/09/2026 11:55:06;7839;Claudio;Juarez;Maximiliano Nievas;Claudio Juarez
14252442;22/09/2026 09:29:42;3;2;0001  215178-1;05;CAMIONETA EXP 5;2091810;"CM53    ";"COCOZZA MARISA I.-SANITARIOS AVENIDA              ";AV. SARMIENTO 578;952862;"70-058         ";70-058 - BIDE CR C.STD MALBA;2;2;2;23539112;220926092615873;184736427;;;;10/20/2031 00:00:00;2;14071300;22/09/2026 09:26:15;Maximiliano;Nievas;24811915;19/09/2026 11:55:06;7839;Claudio;Juarez;Maximiliano Nievas;Claudio Juarez
14252442;22/09/2026 09:29:42;3;2;0001  215178-1;05;CAMIONETA EXP 5;2091810;"CM53    ";"COCOZZA MARISA I.-SANITARIOS AVENIDA              ";AV. SARMIENTO 578;952583;"60-058         ";60-058 - LAVATORIO CR C.STD MALBA;4;4;4;23539112;220926092615873;184736257;;;;12/03/2031 00:00:00;2;14071300;22/09/2026 09:26:15;Maximiliano;Nievas;24811915;19/09/2026 11:55:06;7839;Claudio;Juarez;Maximiliano Nievas;Claudio Juarez
14252442;22/09/2026 09:29:42;3;2;0001  215178-1;05;CAMIONETA EXP 5;2091810;"CM53    ";"COCOZZA MARISA I.-SANITARIOS AVENIDA              ";AV. SARMIENTO 578;952438;"51-058         ";51-058 - COCINA MESADA CR C.STD MALBA;2;2;2;23539112;220926092615873;184733327;;;;10/19/2031 00:00:00;2;14071300;22/09/2026 09:26:15;Maximiliano;Nievas;24811915;19/09/2026 11:55:06;7839;Claudio;Juarez;Maximiliano Nievas;Claudio Juarez
14252442;22/09/2026 09:29:42;3;2;0001  215178-1;05;CAMIONETA EXP 5;2091810;"CM53    ";"COCOZZA MARISA I.-SANITARIOS AVENIDA              ";AV. SARMIENTO 578;951565;"20-205         ";20-205 - MONOCOMANDO DE COCINA STEEL;1;1;1;23543585;220926092942511;184768076;;;;07/28/2031 00:00:00;1;14071400;22/09/2026 09:29:42;Maximiliano;Nievas;24816508;21/09/2026 06:51:12;7807;Nicolas;Perez;Maximiliano Nievas;Nicolas Perez
14252442;22/09/2026 09:29:42;3;2;0001  215178-1;05;CAMIONETA EXP 5;2091810;"CM53    ";"COCOZZA MARISA I.-SANITARIOS AVENIDA              ";AV. SARMIENTO 578;951532;"20-147         ";20-147 - MONOCOMANDO DE COCINA SWIFT;2;2;2;23543585;220926092942511;184768015;;;;08/04/2031 00:00:00;2;14071400;22/09/2026 09:29:42;Maximiliano;Nievas;24816508;21/09/2026 06:51:12;7807;Nicolas;Perez;Maximiliano Nievas;Nicolas Perez
14252442;22/09/2026 09:29:42;3;2;0001  215178-1;05;CAMIONETA EXP 5;2091810;"CM53    ";"COCOZZA MARISA I.-SANITARIOS AVENIDA              ";AV. SARMIENTO 578;951530;"20-146         ";20-146 - MONOCOMANDO DE COCINA CR LINEA MOVE;1;1;1;23543585;220926092942511;184767449;;;;11/23/2031 00:00:00;1;14071400;22/09/2026 09:29:42;Maximiliano;Nievas;24816508;21/09/2026 06:51:12;7807;Nicolas;Perez;Maximiliano Nievas;Nicolas Perez
14252442;22/09/2026 09:29:42;3;2;0001  215178-1;05;CAMIONETA EXP 5;2091810;"CM53    ";"COCOZZA MARISA I.-SANITARIOS AVENIDA              ";AV. SARMIENTO 578;951523;"20-134         ";20-134 - MONOCOMANDO COCINA BETIS;2;2;2;23543585;220926092942511;184767932;;;;08/11/2031 00:00:00;2;14071400;22/09/2026 09:29:42;Maximiliano;Nievas;24816508;21/09/2026 06:51:12;7807;Nicolas;Perez;Maximiliano Nievas;Nicolas Perez
14252442;22/09/2026 09:29:42;3;2;0001  215178-1;05;CAMIONETA EXP 5;2091810;"CM53    ";"COCOZZA MARISA I.-SANITARIOS AVENIDA              ";AV. SARMIENTO 578;952577;"60-045         ";60-045 - LAVATORIO CR/CR C.STD CRUZ;6;6;6;23583634;220926092345997;185046228;;;;01/24/2032 00:00:00;4;14071315;22/09/2026 09:23:46;Maximiliano;Nievas;;;;;;Maximiliano Nievas;
14252442;22/09/2026 09:29:42;3;2;0001  215178-1;05;CAMIONETA EXP 5;2091810;"CM53    ";"COCOZZA MARISA I.-SANITARIOS AVENIDA              ";AV. SARMIENTO 578;953445;"919/M          ";919/M - JGO.MDA.P.CANO CROMO LAZA;4;4;4;23583634;220926092345997;184736971;;;;01/31/2032 00:00:00;4;14071315;22/09/2026 09:23:46;Maximiliano;Nievas;;;;;;Maximiliano Nievas;
14252442;22/09/2026 09:29:42;3;2;0001  215178-1;05;CAMIONETA EXP 5;2091810;"CM53    ";"COCOZZA MARISA I.-SANITARIOS AVENIDA              ";AV. SARMIENTO 578;953476;"934            ";934 - JGO.PARED PICO U C/EXT CRUZ BL/CR ARES;2;2;2;23583634;220926092345997;184739961;;;;07/31/2031 00:00:00;2;14071315;22/09/2026 09:23:46;Maximiliano;Nievas;;;;;;Maximiliano Nievas;
14252442;22/09/2026 09:29:42;3;2;0001  215178-1;05;CAMIONETA EXP 5;2091810;"CM53    ";"COCOZZA MARISA I.-SANITARIOS AVENIDA              ";AV. SARMIENTO 578;953060;"80-058         ";80-058 - DUCHA EMB. C/TRANSF. CR C.STD MALBA;2;2;2;23583725;220926092525781;185046781;;;;01/06/2032 00:00:00;1;14071361;22/09/2026 09:25:25;Maximiliano;Nievas;;;;;;Maximiliano Nievas;
14252442;22/09/2026 09:29:42;3;2;0001  215178-1;05;CAMIONETA EXP 5;2091810;"CM53    ";"COCOZZA MARISA I.-SANITARIOS AVENIDA              ";AV. SARMIENTO 578;953055;"80-045         ";80-045 - DUCHA EMB.C/TRANSF CR  C.STD CRUZ;2;2;2;23583725;220926092525781;185046780;;;;02/18/2032 00:00:00;1;14071361;22/09/2026 09:25:25;Maximiliano;Nievas;;;;;;Maximiliano Nievas;
14252442;22/09/2026 09:29:42;3;2;0001  215178-1;05;CAMIONETA EXP 5;2091810;"CM53    ";"COCOZZA MARISA I.-SANITARIOS AVENIDA              ";AV. SARMIENTO 578;952856;"70-045         ";70-045 - BIDE CROMO C.STD CRUZ;2;2;2;23583725;220926092525781;184738766;;;;02/01/2032 00:00:00;2;14071361;22/09/2026 09:25:25;Maximiliano;Nievas;;;;;;Maximiliano Nievas;
14252442;22/09/2026 09:29:42;3;2;0001  215178-1;05;CAMIONETA EXP 5;2091810;"CM53    ";"COCOZZA MARISA I.-SANITARIOS AVENIDA              ";AV. SARMIENTO 578;952583;"60-058         ";60-058 - LAVATORIO CR C.STD MALBA;4;4;4;23583725;220926092525781;185046779;;;;12/03/2031 00:00:00;2;14071361;22/09/2026 09:25:25;Maximiliano;Nievas;;;;;;Maximiliano Nievas;
14252442;22/09/2026 09:29:42;3;2;0001  215178-1;05;CAMIONETA EXP 5;2091810;"CM53    ";"COCOZZA MARISA I.-SANITARIOS AVENIDA              ";AV. SARMIENTO 578;952577;"60-045         ";60-045 - LAVATORIO CR/CR C.STD CRUZ;6;6;6;23583725;220926092525781;184738334;;;;01/24/2032 00:00:00;2;14071361;22/09/2026 09:25:25;Maximiliano;Nievas;;;;;;Maximiliano Nievas;
14252442;22/09/2026 09:29:42;3;2;0001  215178-1;05;CAMIONETA EXP 5;2091810;"CM53    ";"COCOZZA MARISA I.-SANITARIOS AVENIDA              ";AV. SARMIENTO 578;951620;"214/CR         ";214/CR - LAVATORIO CR/CR ARES;2;2;2;23583725;220926092525781;184740005;;;;01/27/2032 00:00:00;2;14071361;22/09/2026 09:25:25;Maximiliano;Nievas;;;;;;Maximiliano Nievas;
14252442;22/09/2026 09:29:42;3;2;0001  215178-1;05;CAMIONETA EXP 5;2091810;"CM53    ";"COCOZZA MARISA I.-SANITARIOS AVENIDA              ";AV. SARMIENTO 578;951535;"20-160         ";20-160 - MONOCOMANDO MESADA COCINA DIQUE;4;4;4;23583882;220926092922610;184767430;;;;07/28/2031 00:00:00;4;14071480;22/09/2026 09:29:22;Maximiliano;Nievas;;;;;;Maximiliano Nievas;
14252442;22/09/2026 09:29:42;3;2;0001  215178-1;05;CAMIONETA EXP 5;2091810;"CM53    ";"COCOZZA MARISA I.-SANITARIOS AVENIDA              ";AV. SARMIENTO 578;951548;"20-179         ";20-179 - MONOCOMANDO DE COCINA LARA;4;4;4;23583882;220926092922610;184767020;;;;07/27/2031 00:00:00;4;14071480;22/09/2026 09:29:22;Maximiliano;Nievas;;;;;;Maximiliano Nievas;
14252443;22/09/2026 09:51:54;3;2;0001  215068-1;05;CAMIONETA EXP 5;2093344;"MA59    ";"MAJOBA S.A.                                       ";SARMIENTO 162;953059;"80-057         ";80-057 - DUCHA EMB. C/TRANSF. C.STD VERIN PLUS;2;2;2;23539113;220926095152297;184735341;;;;02/08/2032 00:00:00;2;14072064;22/09/2026 09:51:52;Maximiliano;Nievas;24811915;19/09/2026 11:55:06;7839;Claudio;Juarez;Maximiliano Nievas;Claudio Juarez
14252443;22/09/2026 09:51:54;3;2;0001  215068-1;05;CAMIONETA EXP 5;2093344;"MA59    ";"MAJOBA S.A.                                       ";SARMIENTO 162;953055;"80-045         ";80-045 - DUCHA EMB.C/TRANSF CR  C.STD CRUZ;1;1;1;23539113;220926095152297;184739054;;;;02/18/2032 00:00:00;1;14072064;22/09/2026 09:51:52;Maximiliano;Nievas;24811915;19/09/2026 11:55:06;7839;Claudio;Juarez;Maximiliano Nievas;Claudio Juarez
14252443;22/09/2026 09:51:54;3;2;0001  215068-1;05;CAMIONETA EXP 5;2093344;"MA59    ";"MAJOBA S.A.                                       ";SARMIENTO 162;952860;"70-057         ";70-057 - BIDE C.STD VERIN PLUS;1;1;1;23539113;220926095152297;184732720;;;;01/31/2032 00:00:00;1;14072064;22/09/2026 09:51:52;Maximiliano;Nievas;24811915;19/09/2026 11:55:06;7839;Claudio;Juarez;Maximiliano Nievas;Claudio Juarez
14252443;22/09/2026 09:51:54;3;2;0001  215068-1;05;CAMIONETA EXP 5;2093344;"MA59    ";"MAJOBA S.A.                                       ";SARMIENTO 162;952856;"70-045         ";70-045 - BIDE CROMO C.STD CRUZ;1;1;1;23539113;220926095152297;184738822;;;;02/01/2032 00:00:00;1;14072064;22/09/2026 09:51:52;Maximiliano;Nievas;24811915;19/09/2026 11:55:06;7839;Claudio;Juarez;Maximiliano Nievas;Claudio Juarez
14252443;22/09/2026 09:51:54;3;2;0001  215068-1;05;CAMIONETA EXP 5;2093344;"MA59    ";"MAJOBA S.A.                                       ";SARMIENTO 162;952634;"60-162         ";60-162 - LAVATORIO CR C.CERAM LINEA ADRA;1;1;1;23539113;220926095152297;184736003;;;;07/29/2031 00:00:00;1;14072064;22/09/2026 09:51:52;Maximiliano;Nievas;24811915;19/09/2026 11:55:06;7839;Claudio;Juarez;Maximiliano Nievas;Claudio Juarez
14252443;22/09/2026 09:51:54;3;2;0001  215068-1;05;CAMIONETA EXP 5;2093344;"MA59    ";"MAJOBA S.A.                                       ";SARMIENTO 162;952582;"60-057         ";60-057 - LAVATORIO C.STD VERIN PLUS;2;2;2;23539113;220926095152297;184733117;;;;01/31/2032 00:00:00;2;14072064;22/09/2026 09:51:52;Maximiliano;Nievas;24811915;19/09/2026 11:55:06;7839;Claudio;Juarez;Maximiliano Nievas;Claudio Juarez
14252443;22/09/2026 09:51:54;3;2;0001  215068-1;05;CAMIONETA EXP 5;2093344;"MA59    ";"MAJOBA S.A.                                       ";SARMIENTO 162;951535;"20-160         ";20-160 - MONOCOMANDO MESADA COCINA DIQUE;2;2;2;23543479;220926094606125;184766378;;;;07/28/2031 00:00:00;2;14071953;22/09/2026 09:46:06;Maximiliano;Nievas;24816421;21/09/2026 06:49:13;7636;Kevin;Arce;Maximiliano Nievas;Kevin Arce
14252443;22/09/2026 09:51:54;3;2;0001  215068-1;05;CAMIONETA EXP 5;2093344;"MA59    ";"MAJOBA S.A.                                       ";SARMIENTO 162;952437;"51-057         ";51-057 - COCINA MESADA CR C.STD VERIN PLUS;6;6;6;23585000;220926095111931;184739352;;;;01/27/2032 00:00:00;6;14072097;22/09/2026 09:51:11;Maximiliano;Nievas;;;;;;Maximiliano Nievas;
14252443;22/09/2026 09:51:54;3;2;0001  215068-1;05;CAMIONETA EXP 5;2093344;"MA59    ";"MAJOBA S.A.                                       ";SARMIENTO 162;952577;"60-045         ";60-045 - LAVATORIO CR/CR C.STD CRUZ;4;4;4;23585000;220926095111931;184738460;;;;01/24/2032 00:00:00;4;14072097;22/09/2026 09:51:11;Maximiliano;Nievas;;;;;;Maximiliano Nievas;
14252444;22/09/2026 07:44:05;3;2;0001  215455-1;05;CAMIONETA EXP 5;2092670;"GF01    ";"GUIDOLI FLORIO S.R.L.                             ";RUTA N.16 KM 10,1;953059;"80-057         ";80-057 - DUCHA EMB. C/TRANSF. C.STD VERIN PLUS;6;6;6;23539229;220926074401221;184734814;;;;02/08/2032 00:00:00;6;14069090;22/09/2026 07:44:01;Maximiliano;Nievas;24812010;19/09/2026 11:34:49;6922;Franco;Potenza;Maximiliano Nievas;Franco Potenza
14252445;22/09/2026 07:41:46;3;2;0001  215456-1;05;CAMIONETA EXP 5;2092670;"GF01    ";"GUIDOLI FLORIO S.R.L.                             ";RUTA N.16 KM 10,1;956490;"LG03C60        ";LG03C60 - LAVATORIO CR C.STD BERNA;6;6;6;23543794;220926074145054;184769017;;;;02/10/2032 00:00:00;6;14069052;22/09/2026 07:41:45;Maximiliano;Nievas;24816632;21/09/2026 06:55:11;6419;Tiago;Rodriguez;Maximiliano Nievas;Tiago Rodriguez
14252448;22/09/2026 11:07:01;3;2;0001  215465-1;05;CAMIONETA EXP 5;2091562;"CC59    ";"CLACE CDC S. A.-CLACE REVESTIMIENTOS              ";BELGRANO 2545;952610;"60-122         ";60-122 - LAVATORIO C.CERAM CR VALENCIA;4;4;4;23539230;220926104603037;184736447;;;;01/19/2032 00:00:00;4;14073536;22/09/2026 10:46:03;Maximiliano;Nievas;24812010;19/09/2026 11:34:49;6922;Franco;Potenza;Maximiliano Nievas;Franco Potenza
14252448;22/09/2026 11:07:01;3;2;0001  215465-1;05;CAMIONETA EXP 5;2091562;"CC59    ";"CLACE CDC S. A.-CLACE REVESTIMIENTOS              ";BELGRANO 2545;952888;"70-122         ";70-122 - BIDE C.CERAM CR VALENCIA;3;3;3;23539230;220926104603037;184736529;;;;10/26/2031 00:00:00;3;14073536;22/09/2026 10:46:03;Maximiliano;Nievas;24812010;19/09/2026 11:34:49;6922;Franco;Potenza;Maximiliano Nievas;Franco Potenza
14252448;22/09/2026 11:07:01;3;2;0001  215465-1;05;CAMIONETA EXP 5;2091562;"CC59    ";"CLACE CDC S. A.-CLACE REVESTIMIENTOS              ";BELGRANO 2545;953091;"80-138         ";80-138 - DUCHA EMB. C/TRANSF. CR C.CERAM VALENCIA PLUS;3;3;3;23539230;220926104603037;184733157;;;;01/14/2032 00:00:00;3;14073536;22/09/2026 10:46:03;Maximiliano;Nievas;24812010;19/09/2026 11:34:49;6922;Franco;Potenza;Maximiliano Nievas;Franco Potenza
14252448;22/09/2026 11:07:01;3;2;0001  215465-1;05;CAMIONETA EXP 5;2091562;"CC59    ";"CLACE CDC S. A.-CLACE REVESTIMIENTOS              ";BELGRANO 2545;951523;"20-134         ";20-134 - MONOCOMANDO COCINA BETIS;3;3;3;23539701;220926110700666;184739824;;;;08/11/2031 00:00:00;3;14074282;22/09/2026 11:07:00;Maximiliano;Nievas;24812580;19/09/2026 11:51:30;6584;Luis Alberto;Villareal;Maximiliano Nievas;Luis Alberto Villareal
14252448;22/09/2026 11:07:01;3;2;0001  215465-1;05;CAMIONETA EXP 5;2091562;"CC59    ";"CLACE CDC S. A.-CLACE REVESTIMIENTOS              ";BELGRANO 2545;950895;"02-010         ";"VALVULA P/INODORO TEMPORIZADA TECNO                                   ";3;3;3;23539701;220926110700666;184737851;;;;07/28/2031 00:00:00;3;14074282;22/09/2026 11:07:00;Maximiliano;Nievas;24812580;19/09/2026 11:51:30;6584;Luis Alberto;Villareal;Maximiliano Nievas;Luis Alberto Villareal
14252448;22/09/2026 11:07:01;3;2;0001  215465-1;05;CAMIONETA EXP 5;2091562;"CC59    ";"CLACE CDC S. A.-CLACE REVESTIMIENTOS              ";BELGRANO 2545;953334;"84-203         ";"DUCHA EXT C/COLUMNA Y TRANSF CR ADRA                                  ";1;1;1;23589023;220926110200063;184738849;;;;02/03/2032 00:00:00;1;14074313;22/09/2026 11:02:00;Maximiliano;Nievas;;;;;;Maximiliano Nievas;
14252448;22/09/2026 11:07:01;3;2;0001  215465-1;05;CAMIONETA EXP 5;2091562;"CC59    ";"CLACE CDC S. A.-CLACE REVESTIMIENTOS              ";BELGRANO 2545;952499;"54-203         ";"COCINA PARED EXT C.CERAM ADRA MONOCOMANDO                             ";4;4;4;23589038;220926110213873;184739706;;;;02/18/2032 00:00:00;4;14074323;22/09/2026 11:02:13;Maximiliano;Nievas;;;;;;Maximiliano Nievas;
14252448;22/09/2026 11:07:01;3;2;0001  215465-1;05;CAMIONETA EXP 5;2091562;"CC59    ";"CLACE CDC S. A.-CLACE REVESTIMIENTOS              ";BELGRANO 2545;953122;"80-176         ";80-176 - DUCHA EMB C/TRANSF MONOC CR RIO;2;2;2;23589038;220926110213873;184739314;;;;07/29/2031 00:00:00;2;14074323;22/09/2026 11:02:13;Maximiliano;Nievas;;;;;;Maximiliano Nievas;
14252448;22/09/2026 11:07:01;3;2;0001  215465-1;05;CAMIONETA EXP 5;2091562;"CC59    ";"CLACE CDC S. A.-CLACE REVESTIMIENTOS              ";BELGRANO 2545;952647;"60-176         ";"LAVATORIO MONOCOMANDO BAJO CR RIO                                     ";3;3;3;23589124;220926110352926;184739215;;;;10/11/2031 00:00:00;3;14074378;22/09/2026 11:03:52;Maximiliano;Nievas;;;;;;Maximiliano Nievas;
14252448;22/09/2026 11:07:01;3;2;0001  215465-1;05;CAMIONETA EXP 5;2091562;"CC59    ";"CLACE CDC S. A.-CLACE REVESTIMIENTOS              ";BELGRANO 2545;952712;"61-176         ";61-176 - LAVATORIO MONOC ALTO CR RIO;2;2;2;23589124;220926110352926;184739148;;;;10/11/2031 00:00:00;2;14074378;22/09/2026 11:03:52;Maximiliano;Nievas;;;;;;Maximiliano Nievas;
14252448;22/09/2026 11:07:01;3;2;0001  215465-1;05;CAMIONETA EXP 5;2091562;"CC59    ";"CLACE CDC S. A.-CLACE REVESTIMIENTOS              ";BELGRANO 2545;952925;"70-176         ";70-176 - BIDE MONOC C/TRANSF CR RIO;2;2;2;23589124;220926110352926;184739102;;;;12/14/2031 00:00:00;2;14074378;22/09/2026 11:03:52;Maximiliano;Nievas;;;;;;Maximiliano Nievas;
14252449;22/09/2026 09:05:39;3;2;0001  215498-1;05;CAMIONETA EXP 5;2093759;"ON04    ";"ODETTI NATALIA -CASA PAVIA                        ";20 DE JUNIO 842;953136;"80-190P        ";80-190P - DUCHA EMB. C/TRANSF. C.CERAM BLACK VELVET PLUS;2;2;2;23539114;220926090342587;184737911;;;;07/30/2031 00:00:00;2;14070688;22/09/2026 09:03:42;Maximiliano;Nievas;24811915;19/09/2026 11:55:06;7839;Claudio;Juarez;Maximiliano Nievas;Claudio Juarez
14252449;22/09/2026 09:05:39;3;2;0001  215498-1;05;CAMIONETA EXP 5;2093759;"ON04    ";"ODETTI NATALIA -CASA PAVIA                        ";20 DE JUNIO 842;954907;"BCH06          ";BCH06 - BACHA DE APOYAR CIRCULAR 415x135;1;1;1;23543510;220926090536537;184766396;;;;10/04/2031 00:00:00;1;14070809;22/09/2026 09:05:36;Maximiliano;Nievas;24816453;21/09/2026 06:22:11;6419;Tiago;Rodriguez;Maximiliano Nievas;Tiago Rodriguez
14252449;22/09/2026 09:05:39;3;2;0001  215498-1;05;CAMIONETA EXP 5;2093759;"ON04    ";"ODETTI NATALIA -CASA PAVIA                        ";20 DE JUNIO 842;952909;"70-153         ";70-153 - BIDE CR C.CERAM CASTILLA;1;1;1;23582565;220926090216468;184738024;;;;10/20/2031 00:00:00;1;14070745;22/09/2026 09:02:16;Maximiliano;Nievas;;;;;;Maximiliano Nievas;
14252449;22/09/2026 09:05:39;3;2;0001  215498-1;05;CAMIONETA EXP 5;2093759;"ON04    ";"ODETTI NATALIA -CASA PAVIA                        ";20 DE JUNIO 842;952936;"70-190         ";70-190 - BIDE C.CERAM BLACK VELVET;2;2;2;23582565;220926090216468;184737957;;;;11/08/2031 00:00:00;2;14070745;22/09/2026 09:02:16;Maximiliano;Nievas;;;;;;Maximiliano Nievas;
14252449;22/09/2026 09:05:39;3;2;0001  215498-1;05;CAMIONETA EXP 5;2093759;"ON04    ";"ODETTI NATALIA -CASA PAVIA                        ";20 DE JUNIO 842;953107;"80-162         ";80-162 - DUCHA EMB. C/TRANSF. CR C.CERAM ADRA;3;3;3;23582565;220926090216468;184733616;;;;07/29/2031 00:00:00;3;14070745;22/09/2026 09:02:16;Maximiliano;Nievas;;;;;;Maximiliano Nievas;
14252449;22/09/2026 09:05:39;3;2;0001  215498-1;05;CAMIONETA EXP 5;2093759;"ON04    ";"ODETTI NATALIA -CASA PAVIA                        ";20 DE JUNIO 842;952658;"60-190         ";60-190 - LAVATORIO C.CERAM BLACK VELVET;2;2;2;23582605;220926090324446;184737627;;;;08/12/2031 00:00:00;2;14070773;22/09/2026 09:03:24;Maximiliano;Nievas;;;;;;Maximiliano Nievas;
14252449;22/09/2026 09:05:39;3;2;0001  215498-1;05;CAMIONETA EXP 5;2093759;"ON04    ";"ODETTI NATALIA -CASA PAVIA                        ";20 DE JUNIO 842;952726;"61-203         ";61-203 - LAVATORIO MONOCOMANDO ALTO ADRA;1;1;1;23582605;220926090324446;184737497;;;;02/22/2032 00:00:00;1;14070773;22/09/2026 09:03:24;Maximiliano;Nievas;;;;;;Maximiliano Nievas;
14252449;22/09/2026 09:05:39;3;2;0001  215498-1;05;CAMIONETA EXP 5;2093759;"ON04    ";"ODETTI NATALIA -CASA PAVIA                        ";20 DE JUNIO 842;952453;"51-131         ";51-131 - MESADA BIMANDO CR C.CERAM MALLORCA;3;3;3;23582610;220926090334623;184738557;;;;01/31/2032 00:00:00;3;14070777;22/09/2026 09:03:34;Maximiliano;Nievas;;;;;;Maximiliano Nievas;
14252449;22/09/2026 09:05:39;3;2;0001  215498-1;05;CAMIONETA EXP 5;2093759;"ON04    ";"ODETTI NATALIA -CASA PAVIA                        ";20 DE JUNIO 842;954901;"BCH01          ";BCH01 - BACHA DE APOYAR CIRCULAR 320x145;2;2;2;23582674;220926090512191;185039909;;;;07/28/2031 00:00:00;1;14070812;22/09/2026 09:05:12;Maximiliano;Nievas;;;;;;Maximiliano Nievas;
14252449;22/09/2026 09:05:39;3;2;0001  215498-1;05;CAMIONETA EXP 5;2093759;"ON04    ";"ODETTI NATALIA -CASA PAVIA                        ";20 DE JUNIO 842;954901;"BCH01          ";BCH01 - BACHA DE APOYAR CIRCULAR 320x145;2;2;2;23582677;220926090520422;184766372;;;;07/28/2031 00:00:00;1;14070817;22/09/2026 09:05:20;Maximiliano;Nievas;;;;;;Maximiliano Nievas;
14252449;22/09/2026 09:05:39;3;2;0001  215498-1;05;CAMIONETA EXP 5;2093759;"ON04    ";"ODETTI NATALIA -CASA PAVIA                        ";20 DE JUNIO 842;954910;"BCH09          ";BCH09 - BACHA DE APOYAR RECTANGULAR 610x410x115;1;1;1;23582681;220926090529493;184766462;;;;07/27/2031 00:00:00;1;14070822;22/09/2026 09:05:29;Maximiliano;Nievas;;;;;;Maximiliano Nievas;
14252492;22/09/2026 08:46:32;3;2;0001  215439-1;05;CAMIONETA EXP 5;2092280;"EF06    ";"ESCUDERO FRANCISCO G. -PICO CERAMICOS             ";24 1135;954915;"BCH13          ";BCH13 - BACHA DE APOYAR BLANCA RECTANGULAR 465x260x125;3;3;3;23543511;220926084621043;184766510;;;;07/27/2031 00:00:00;1;14070354;22/09/2026 08:46:21;Maximiliano;Nievas;24816453;21/09/2026 06:22:11;6419;Tiago;Rodriguez;Maximiliano Nievas;Tiago Rodriguez
14252492;22/09/2026 08:46:32;3;2;0001  215439-1;05;CAMIONETA EXP 5;2092280;"EF06    ";"ESCUDERO FRANCISCO G. -PICO CERAMICOS             ";24 1135;952677;"60-203         ";60-203 - LAVATORIO MONOCOMANDO BAJO ADRA;3;3;3;23543795;220926084631415;184768608;;;;03/02/2032 00:00:00;3;14070374;22/09/2026 08:46:31;Maximiliano;Nievas;24816632;21/09/2026 06:55:11;6419;Tiago;Rodriguez;Maximiliano Nievas;Tiago Rodriguez
14252492;22/09/2026 08:46:32;3;2;0001  215439-1;05;CAMIONETA EXP 5;2092280;"EF06    ";"ESCUDERO FRANCISCO G. -PICO CERAMICOS             ";24 1135;954915;"BCH13          ";BCH13 - BACHA DE APOYAR BLANCA RECTANGULAR 465x260x125;3;3;3;23581840;220926084603764;185033590;;;;07/27/2031 00:00:00;1;14070359;22/09/2026 08:46:03;Maximiliano;Nievas;;;;;;Maximiliano Nievas;
14252492;22/09/2026 08:46:32;3;2;0001  215439-1;05;CAMIONETA EXP 5;2092280;"EF06    ";"ESCUDERO FRANCISCO G. -PICO CERAMICOS             ";24 1135;954915;"BCH13          ";BCH13 - BACHA DE APOYAR BLANCA RECTANGULAR 465x260x125;3;3;3;23581850;220926084611750;185033626;;;;07/27/2031 00:00:00;1;14070365;22/09/2026 08:46:11;Maximiliano;Nievas;;;;;;Maximiliano Nievas;
14252495;18/09/2026 13:26:46;3;2;0001  215305-1;05;CAMIONETA DIARIOS 2;2093099;"KN01    ";"KALFAIAN HNOS. S.R.L                              ";ALBARIÑO 2676;956490;"LG03C60        ";LG03C60 - LAVATORIO CR C.STD BERNA;30;30;30;23517226;180926132644983;184577475;;;;02/10/2032 00:00:00;10;14034540;18/09/2026 13:26:44;Gustavo;Soderquvist;24790377;18/09/2026 12:46:39;6922;Franco;Potenza;Gustavo Soderquvist;Franco Potenza
14252495;18/09/2026 13:26:46;3;2;0001  215305-1;05;CAMIONETA DIARIOS 2;2093099;"KN01    ";"KALFAIAN HNOS. S.R.L                              ";ALBARIÑO 2676;956492;"LG03C80        ";LG03C80 - DUCHA EMB. C/TRANSF. CR C.STD BERNA;40;40;40;23519504;180926132421830;184590782;;;;12/14/2031 00:00:00;10;14034560;18/09/2026 13:24:21;Gustavo;Soderquvist;;;;;;Gustavo Soderquvist;
14252495;18/09/2026 13:26:46;3;2;0001  215305-1;05;CAMIONETA DIARIOS 2;2093099;"KN01    ";"KALFAIAN HNOS. S.R.L                              ";ALBARIÑO 2676;956492;"LG03C80        ";LG03C80 - DUCHA EMB. C/TRANSF. CR C.STD BERNA;40;40;40;23519536;180926132454723;184590959;;;;12/14/2031 00:00:00;10;14034572;18/09/2026 13:24:54;Gustavo;Soderquvist;;;;;;Gustavo Soderquvist;
14252495;18/09/2026 13:26:46;3;2;0001  215305-1;05;CAMIONETA DIARIOS 2;2093099;"KN01    ";"KALFAIAN HNOS. S.R.L                              ";ALBARIÑO 2676;956492;"LG03C80        ";LG03C80 - DUCHA EMB. C/TRANSF. CR C.STD BERNA;40;40;40;23519550;180926132511238;184591046;;;;12/14/2031 00:00:00;10;14034582;18/09/2026 13:25:11;Gustavo;Soderquvist;;;;;;Gustavo Soderquvist;
14252495;18/09/2026 13:26:46;3;2;0001  215305-1;05;CAMIONETA DIARIOS 2;2093099;"KN01    ";"KALFAIAN HNOS. S.R.L                              ";ALBARIÑO 2676;956492;"LG03C80        ";LG03C80 - DUCHA EMB. C/TRANSF. CR C.STD BERNA;40;40;40;23519587;180926132547639;184579318;;;;12/14/2031 00:00:00;10;14034600;18/09/2026 13:25:47;Gustavo;Soderquvist;;;;;;Gustavo Soderquvist;
14252495;18/09/2026 13:26:46;3;2;0001  215305-1;05;CAMIONETA DIARIOS 2;2093099;"KN01    ";"KALFAIAN HNOS. S.R.L                              ";ALBARIÑO 2676;956490;"LG03C60        ";LG03C60 - LAVATORIO CR C.STD BERNA;30;30;30;23519600;180926132602386;184591275;;;;02/10/2032 00:00:00;10;14034607;18/09/2026 13:26:02;Gustavo;Soderquvist;;;;;;Gustavo Soderquvist;
14252495;18/09/2026 13:26:46;3;2;0001  215305-1;05;CAMIONETA DIARIOS 2;2093099;"KN01    ";"KALFAIAN HNOS. S.R.L                              ";ALBARIÑO 2676;956490;"LG03C60        ";LG03C60 - LAVATORIO CR C.STD BERNA;30;30;30;23519618;180926132629317;184591423;;;;02/10/2032 00:00:00;10;14034619;18/09/2026 13:26:29;Gustavo;Soderquvist;;;;;;Gustavo Soderquvist;
14252496;19/09/2026 06:38:59;3;2;0001  215306-1;05;CAMIONETA DIARIOS 2;2093099;"KN01    ";"KALFAIAN HNOS. S.R.L                              ";ALBARIÑO 2676;952707;"61-152         ";61-152 - LAVATORIO MONOCOMANDO CROMO ALTO SORIA;1;1;1;23510573;180926213115248;184549253;;;;07/27/2031 00:00:00;1;14043974;19/09/2026 06:31:15;Mirko;Hernandez;24783625;18/09/2026 11:47:14;7636;Kevin;Arce;Mirko Hernandez;Kevin Arce
14252496;19/09/2026 06:38:59;3;2;0001  215306-1;05;CAMIONETA DIARIOS 2;2093099;"KN01    ";"KALFAIAN HNOS. S.R.L                              ";ALBARIÑO 2676;952908;"70-152         ";70-152 - BIDE MONOCOMANDO CR C/TRANSFERENCIA SORIA;2;2;2;23510573;180926213115248;184550852;;;;07/28/2031 00:00:00;2;14043974;19/09/2026 06:31:15;Mirko;Hernandez;24783625;18/09/2026 11:47:14;7636;Kevin;Arce;Mirko Hernandez;Kevin Arce
14252496;19/09/2026 06:38:59;3;2;0001  215306-1;05;CAMIONETA DIARIOS 2;2093099;"KN01    ";"KALFAIAN HNOS. S.R.L                              ";ALBARIÑO 2676;953060;"80-058         ";80-058 - DUCHA EMB. C/TRANSF. CR C.STD MALBA;40;40;40;23515611;180926213854223;184570078;;;;01/06/2032 00:00:00;10;14043985;19/09/2026 06:38:54;Mirko;Hernandez;24788709;18/09/2026 12:17:37;6922;Franco;Potenza;Mirko Hernandez;Franco Potenza
14252496;19/09/2026 06:38:59;3;2;0001  215306-1;05;CAMIONETA DIARIOS 2;2093099;"KN01    ";"KALFAIAN HNOS. S.R.L                              ";ALBARIÑO 2676;953102;"80-152         ";80-152 - DUCHA EMB. CR C/TRANSF. MONOCOMANDO SORIA;3;3;3;23534050;180926213045543;184551499;;;;10/26/2031 00:00:00;3;14043976;19/09/2026 06:30:45;Mirko;Hernandez;;;;;;Mirko Hernandez;
14252496;19/09/2026 06:38:59;3;2;0001  215306-1;05;CAMIONETA DIARIOS 2;2093099;"KN01    ";"KALFAIAN HNOS. S.R.L                              ";ALBARIÑO 2676;952028;"314/CR         ";314/CR - BIDE CROMO ARES;1;1;1;23534073;180926213247755;184570375;;;;01/11/2032 00:00:00;1;14043986;19/09/2026 06:32:47;Mirko;Hernandez;;;;;;Mirko Hernandez;
14252496;19/09/2026 06:38:59;3;2;0001  215306-1;05;CAMIONETA DIARIOS 2;2093099;"KN01    ";"KALFAIAN HNOS. S.R.L                              ";ALBARIÑO 2676;953243;"814/CR         ";814/CR - MESADA P.FUNDIDO CR/CR ARES;1;1;1;23534073;180926213247755;184570443;;;;01/13/2032 00:00:00;1;14043986;19/09/2026 06:32:47;Mirko;Hernandez;;;;;;Mirko Hernandez;
14252496;19/09/2026 06:38:59;3;2;0001  215306-1;05;CAMIONETA DIARIOS 2;2093099;"KN01    ";"KALFAIAN HNOS. S.R.L                              ";ALBARIÑO 2676;952862;"70-058         ";70-058 - BIDE CR C.STD MALBA;6;6;6;23534073;180926213247755;184567629;;;;10/20/2031 00:00:00;6;14043986;19/09/2026 06:32:47;Mirko;Hernandez;;;;;;Mirko Hernandez;
14252496;19/09/2026 06:38:59;3;2;0001  215306-1;05;CAMIONETA DIARIOS 2;2093099;"KN01    ";"KALFAIAN HNOS. S.R.L                              ";ALBARIÑO 2676;952677;"60-203         ";60-203 - LAVATORIO MONOCOMANDO BAJO ADRA;2;2;2;23534073;180926213247755;184570657;;;;03/02/2032 00:00:00;2;14043986;19/09/2026 06:32:47;Mirko;Hernandez;;;;;;Mirko Hernandez;
14252496;19/09/2026 06:38:59;3;2;0001  215306-1;05;CAMIONETA DIARIOS 2;2093099;"KN01    ";"KALFAIAN HNOS. S.R.L                              ";ALBARIÑO 2676;952426;"51-010         ";51-010 - COCINA MESADA BL/CR LORCA;10;10;10;23534081;180926213337024;184567158;;;;01/14/2032 00:00:00;10;14043991;19/09/2026 06:33:37;Mirko;Hernandez;;;;;;Mirko Hernandez;
14252496;19/09/2026 06:38:59;3;2;0001  215306-1;05;CAMIONETA DIARIOS 2;2093099;"KN01    ";"KALFAIAN HNOS. S.R.L                              ";ALBARIÑO 2676;952634;"60-162         ";60-162 - LAVATORIO CR C.CERAM LINEA ADRA;20;20;20;23534094;180926213442564;184698328;;;;07/29/2031 00:00:00;10;14043995;19/09/2026 06:34:42;Mirko;Hernandez;;;;;;Mirko Hernandez;
14252496;19/09/2026 06:38:59;3;2;0001  215306-1;05;CAMIONETA DIARIOS 2;2093099;"KN01    ";"KALFAIAN HNOS. S.R.L                              ";ALBARIÑO 2676;952634;"60-162         ";60-162 - LAVATORIO CR C.CERAM LINEA ADRA;20;20;20;23534097;180926213522345;184566333;;;;07/29/2031 00:00:00;10;14043998;19/09/2026 06:35:22;Mirko;Hernandez;;;;;;Mirko Hernandez;
14252496;19/09/2026 06:38:59;3;2;0001  215306-1;05;CAMIONETA DIARIOS 2;2093099;"KN01    ";"KALFAIAN HNOS. S.R.L                              ";ALBARIÑO 2676;953060;"80-058         ";80-058 - DUCHA EMB. C/TRANSF. CR C.STD MALBA;40;40;40;23534109;180926213632777;184698439;;;;01/06/2032 00:00:00;10;14044002;19/09/2026 06:36:32;Mirko;Hernandez;;;;;;Mirko Hernandez;
14252496;19/09/2026 06:38:59;3;2;0001  215306-1;05;CAMIONETA DIARIOS 2;2093099;"KN01    ";"KALFAIAN HNOS. S.R.L                              ";ALBARIÑO 2676;953060;"80-058         ";80-058 - DUCHA EMB. C/TRANSF. CR C.STD MALBA;40;40;40;23534126;180926213710813;184698478;;;;01/06/2032 00:00:00;10;14044005;19/09/2026 06:37:10;Mirko;Hernandez;;;;;;Mirko Hernandez;
14252496;19/09/2026 06:38:59;3;2;0001  215306-1;05;CAMIONETA DIARIOS 2;2093099;"KN01    ";"KALFAIAN HNOS. S.R.L                              ";ALBARIÑO 2676;953060;"80-058         ";80-058 - DUCHA EMB. C/TRANSF. CR C.STD MALBA;40;40;40;23534136;180926213801846;184698530;;;;01/06/2032 00:00:00;10;14044009;19/09/2026 06:38:01;Mirko;Hernandez;;;;;;Mirko Hernandez;
14252497;18/09/2026 14:23:16;3;2;0001  215476-1;05;CAMIONETA DIARIOS 2;2092491;"FI07    ";"FILHOS S.R.L.                                     ";AV. GRAL PAZ 11863;951508;"20-121         ";20-121 - COCINA MSDA MONOC.P. REDONDO MARBELLA;2;2;2;23510574;180926142316144;184545166;;;;07/30/2031 00:00:00;2;14036491;18/09/2026 14:23:16;Gustavo;Soderquvist;24783625;18/09/2026 11:47:14;7636;Kevin;Arce;Gustavo Soderquvist;Kevin Arce
14252497;18/09/2026 14:23:16;3;2;0001  215476-1;05;CAMIONETA DIARIOS 2;2092491;"FI07    ";"FILHOS S.R.L.                                     ";AV. GRAL PAZ 11863;953243;"814/CR         ";814/CR - MESADA P.FUNDIDO CR/CR ARES;2;2;2;23512455;180926142300814;184547933;;;;01/13/2032 00:00:00;2;14036480;18/09/2026 14:23:00;Gustavo;Soderquvist;24785435;18/09/2026 11:58:52;6922;Franco;Potenza;Gustavo Soderquvist;Franco Potenza
14252498;19/09/2026 07:14:12;3;2;0008    2920-1;05;CAMIONETA DIARIOS 2;2092097;"DF07    ";"DISTR. DE SANITARIOS FRANCO FIA S.R.L.            ";AV. GRAL PAZ 11863;951508;"20-121         ";20-121 - COCINA MSDA MONOC.P. REDONDO MARBELLA;8;8;8;23510575;190926071410567;184545641;;;;07/30/2031 00:00:00;6;14036515;19/09/2026 07:14:10;Gustavo;Soderquvist;24783625;18/09/2026 11:47:14;7636;Kevin;Arce;Gustavo Soderquvist;Kevin Arce
14252498;19/09/2026 07:14:12;3;2;0008    2920-1;05;CAMIONETA DIARIOS 2;2092097;"DF07    ";"DISTR. DE SANITARIOS FRANCO FIA S.R.L.            ";AV. GRAL PAZ 11863;953243;"814/CR         ";814/CR - MESADA P.FUNDIDO CR/CR ARES;6;6;6;23512456;180926142338309;184548260;;;;01/13/2032 00:00:00;6;14036511;18/09/2026 14:23:38;Gustavo;Soderquvist;24785435;18/09/2026 11:58:52;6922;Franco;Potenza;Gustavo Soderquvist;Franco Potenza
14252498;19/09/2026 07:14:12;3;2;0008    2920-1;05;CAMIONETA DIARIOS 2;2092097;"DF07    ";"DISTR. DE SANITARIOS FRANCO FIA S.R.L.            ";AV. GRAL PAZ 11863;951508;"20-121         ";20-121 - COCINA MSDA MONOC.P. REDONDO MARBELLA;8;8;8;23522781;180926142406831;184613310;;;;07/30/2031 00:00:00;2;14036539;18/09/2026 14:24:06;Gustavo;Soderquvist;;;;;;Gustavo Soderquvist;
14252499;15/09/2026 15:48:30;3;2;0001  215469-1;02;CAMIONETA DIARIOS 1;2092194;"DR14    ";"DREC SAS                                          ";TILCARA 2731 PORTON 4 2731;951833;"30-132         ";30-132 - COCINA MESADA MONOC. C/DUCHADOR EXTENSIBLE VIGO;1;1;1;23382827;150926154829271;183600392;;;;07/28/2031 00:00:00;1;13977749;15/09/2026 15:48:29;Maximiliano;Nievas;24659744;14/09/2026 14:51:30;7636;Kevin;Arce;Maximiliano Nievas;Kevin Arce
14252500;19/09/2026 06:25:22;3;2;0001  215251-1;05;CAMIONETA DIARIOS 2;2093578;"MO24    ";"MOENCA SRL -JAQUE MATE                            ";AV. JUAN B. ALBERDI 3880;951300;"17030G         ";17030G - PERCHA LINEA FABRIC GOLD;10;10;10;23510576;180926212520386;184560182;;;;07/29/2031 00:00:00;10;14043925;19/09/2026 06:25:20;Mirko;Hernandez;24783625;18/09/2026 11:47:14;7636;Kevin;Arce;Mirko Hernandez;Kevin Arce
14252500;19/09/2026 06:25:22;3;2;0001  215251-1;05;CAMIONETA DIARIOS 2;2093578;"MO24    ";"MOENCA SRL -JAQUE MATE                            ";AV. JUAN B. ALBERDI 3880;951301;"17030N         ";17030N - PERCHA LINEA FABRIC BLACK;4;4;4;23533976;180926212243812;184559361;;;;07/28/2031 00:00:00;4;14043933;19/09/2026 06:22:43;Mirko;Hernandez;;;;;;Mirko Hernandez;
14252500;19/09/2026 06:25:22;3;2;0001  215251-1;05;CAMIONETA DIARIOS 2;2093578;"MO24    ";"MOENCA SRL -JAQUE MATE                            ";AV. JUAN B. ALBERDI 3880;951294;"17010G         ";17010G - TOALLERO BARRAL LINEA FABRIC GOLD;2;2;2;23533976;180926212243812;184547665;;;;07/27/2031 00:00:00;2;14043933;19/09/2026 06:22:43;Mirko;Hernandez;;;;;;Mirko Hernandez;
14252500;19/09/2026 06:25:22;3;2;0001  215251-1;05;CAMIONETA DIARIOS 2;2093578;"MO24    ";"MOENCA SRL -JAQUE MATE                            ";AV. JUAN B. ALBERDI 3880;951303;"17040G         ";17040G - PORTA ROLLO LINEA FABRIC GOLD;4;4;4;23533991;180926212412185;184556265;;;;07/28/2031 00:00:00;4;14043943;19/09/2026 06:24:12;Mirko;Hernandez;;;;;;Mirko Hernandez;
14252500;19/09/2026 06:25:22;3;2;0001  215251-1;05;CAMIONETA DIARIOS 2;2093578;"MO24    ";"MOENCA SRL -JAQUE MATE                            ";AV. JUAN B. ALBERDI 3880;951304;"17040N         ";17040N - PORTA ROLLO LINEA FABRIC BLACK;2;2;2;23533991;180926212412185;184558443;;;;07/29/2031 00:00:00;2;14043943;19/09/2026 06:24:12;Mirko;Hernandez;;;;;;Mirko Hernandez;
14252501;18/09/2026 14:30:02;3;2;0001  215349-1;05;CAMIONETA DIARIOS 2;2092478;"FH07    ";"FICO HORACIO JAVIER                               ";AV. EVA PERON 5368;951168;"1340           ";"QUEINOX MACHO MOVIL MH 1/2"" x 40                                      ";20;20;20;23510577;180926053000672;184536348;;;;03/03/2032 00:00:00;20;14036427;18/09/2026 14:30:00;Mirko;Hernandez;24783625;18/09/2026 11:47:14;7636;Kevin;Arce;Mirko Hernandez;Kevin Arce
14252501;18/09/2026 14:30:02;3;2;0001  215349-1;05;CAMIONETA DIARIOS 2;2092478;"FH07    ";"FICO HORACIO JAVIER                               ";AV. EVA PERON 5368;951177;"1350           ";"QUEINOX MACHO MOVIL MH 1/2"" x 50                                      ";20;20;20;23510577;180926053000672;184534970;;;;07/27/2031 00:00:00;20;14036427;18/09/2026 14:30:00;Mirko;Hernandez;24783625;18/09/2026 11:47:14;7636;Kevin;Arce;Mirko Hernandez;Kevin Arce
14252501;18/09/2026 14:30:02;3;2;0001  215349-1;05;CAMIONETA DIARIOS 2;2092478;"FH07    ";"FICO HORACIO JAVIER                               ";AV. EVA PERON 5368;951156;"1330           ";"QUEINOX MACHO MOVIL MH 1/2"" x 30                                      ";30;30;30;23522616;180926052128339;184538353;;;;02/16/2032 00:00:00;30;14036440;18/09/2026 14:21:28;Mirko;Hernandez;;;;;;Mirko Hernandez;
14252501;18/09/2026 14:30:02;3;2;0001  215349-1;05;CAMIONETA DIARIOS 2;2092478;"FH07    ";"FICO HORACIO JAVIER                               ";AV. EVA PERON 5368;951153;"1325           ";"QUEINOX MACHO MOVIL MH 1/2"" x 25                                      ";30;30;30;23522737;180926052310795;184541213;;;;02/21/2032 00:00:00;30;14036495;18/09/2026 14:23:10;Mirko;Hernandez;;;;;;Mirko Hernandez;
14252501;18/09/2026 14:30:02;3;2;0001  215349-1;05;CAMIONETA DIARIOS 2;2092478;"FH07    ";"FICO HORACIO JAVIER                               ";AV. EVA PERON 5368;951146;"1320           ";"QUEINOX MACHO MOVIL MH 1/2"" x 20                                      ";20;20;20;23522838;180926052518526;184542568;;;;11/19/2031 00:00:00;20;14036593;18/09/2026 14:25:18;Mirko;Hernandez;;;;;;Mirko Hernandez;
14252502;18/09/2026 14:27:22;3;2;0001  215329-1;05;CAMIONETA DIARIOS 2;2093575;"MO21    ";"MATERIALES OS-CAR S.R.L.                          ";BEAZLEY 3930;952570;"60-034         ";60-034 - LAVATORIO CR BETIS;10;10;10;23512457;180926142721352;184546117;;;;07/31/2031 00:00:00;10;14036642;18/09/2026 14:27:21;Gustavo;Soderquvist;24785435;18/09/2026 11:58:52;6922;Franco;Potenza;Gustavo Soderquvist;Franco Potenza
14252502;18/09/2026 14:27:22;3;2;0001  215329-1;05;CAMIONETA DIARIOS 2;2093575;"MO21    ";"MATERIALES OS-CAR S.R.L.                          ";BEAZLEY 3930;953047;"80-034         ";80-034 - DUCHA EMB. C/TRANSF. CR BETIS;5;5;5;23522911;180926142635926;184546378;;;;07/31/2031 00:00:00;5;14036651;18/09/2026 14:26:35;Gustavo;Soderquvist;;;;;;Gustavo Soderquvist;
14252503;18/09/2026 14:41:00;3;2;0001  215472-1;05;CAMIONETA DIARIOS 2;2091805;"CM48    ";"CONSTRUCTORA MARIO HUGO SURACI S.R.L.             ";CAÑADA DE GOMEZ 4851;952896;"70-133         ";70-133 - BIDE MONOCOMANDO LUGO;3;3;3;23510578;180926144016529;184546597;;;;07/27/2031 00:00:00;3;14037111;18/09/2026 14:40:16;Maximiliano;Nievas;24783625;18/09/2026 11:47:14;7636;Kevin;Arce;Maximiliano Nievas;Kevin Arce
14252503;18/09/2026 14:41:00;3;2;0001  215472-1;05;CAMIONETA DIARIOS 2;2091805;"CM48    ";"CONSTRUCTORA MARIO HUGO SURACI S.R.L.             ";CAÑADA DE GOMEZ 4851;951532;"20-147         ";20-147 - MONOCOMANDO DE COCINA SWIFT;1;1;1;23510578;180926144016529;184546035;;;;08/04/2031 00:00:00;1;14037111;18/09/2026 14:40:16;Maximiliano;Nievas;24783625;18/09/2026 11:47:14;7636;Kevin;Arce;Maximiliano Nievas;Kevin Arce
14252503;18/09/2026 14:41:00;3;2;0001  215472-1;05;CAMIONETA DIARIOS 2;2091805;"CM48    ";"CONSTRUCTORA MARIO HUGO SURACI S.R.L.             ";CAÑADA DE GOMEZ 4851;952438;"51-058         ";51-058 - COCINA MESADA CR C.STD MALBA;3;3;3;23512458;180926144055394;184544373;;;;10/19/2031 00:00:00;3;14037177;18/09/2026 14:40:55;Maximiliano;Nievas;24785435;18/09/2026 11:58:52;6922;Franco;Potenza;Maximiliano Nievas;Franco Potenza
14252503;18/09/2026 14:41:00;3;2;0001  215472-1;05;CAMIONETA DIARIOS 2;2091805;"CM48    ";"CONSTRUCTORA MARIO HUGO SURACI S.R.L.             ";CAÑADA DE GOMEZ 4851;952634;"60-162         ";60-162 - LAVATORIO CR C.CERAM LINEA ADRA;1;1;1;23512458;180926144055394;184543609;;;;07/29/2031 00:00:00;1;14037177;18/09/2026 14:40:55;Maximiliano;Nievas;24785435;18/09/2026 11:58:52;6922;Franco;Potenza;Maximiliano Nievas;Franco Potenza
14252503;18/09/2026 14:41:00;3;2;0001  215472-1;05;CAMIONETA DIARIOS 2;2091805;"CM48    ";"CONSTRUCTORA MARIO HUGO SURACI S.R.L.             ";CAÑADA DE GOMEZ 4851;952583;"60-058         ";60-058 - LAVATORIO CR C.STD MALBA;3;3;3;23512458;180926144055394;184547465;;;;12/03/2031 00:00:00;3;14037177;18/09/2026 14:40:55;Maximiliano;Nievas;24785435;18/09/2026 11:58:52;6922;Franco;Potenza;Maximiliano Nievas;Franco Potenza
14252503;18/09/2026 14:41:00;3;2;0001  215472-1;05;CAMIONETA DIARIOS 2;2091805;"CM48    ";"CONSTRUCTORA MARIO HUGO SURACI S.R.L.             ";CAÑADA DE GOMEZ 4851;952912;"70-162         ";70-162 - BIDE CR C.CERAM LINEA ADRA;1;1;1;23512458;180926144055394;184543783;;;;07/29/2031 00:00:00;1;14037177;18/09/2026 14:40:55;Maximiliano;Nievas;24785435;18/09/2026 11:58:52;6922;Franco;Potenza;Maximiliano Nievas;Franco Potenza
14252503;18/09/2026 14:41:00;3;2;0001  215472-1;05;CAMIONETA DIARIOS 2;2091805;"CM48    ";"CONSTRUCTORA MARIO HUGO SURACI S.R.L.             ";CAÑADA DE GOMEZ 4851;952618;"60-133         ";60-133 - LAVATORIO MONOCOMANDO LUGO;5;5;5;23523698;180926143934241;184555053;;;;07/29/2031 00:00:00;5;14037148;18/09/2026 14:39:34;Maximiliano;Nievas;;;;;;Maximiliano Nievas;
14252503;18/09/2026 14:41:00;3;2;0001  215472-1;05;CAMIONETA DIARIOS 2;2091805;"CM48    ";"CONSTRUCTORA MARIO HUGO SURACI S.R.L.             ";CAÑADA DE GOMEZ 4851;953312;"83-133         ";83-133 - DUCHA EXT. C/TRANSF. MONOCOMANDO LUGO;3;3;3;23523698;180926143934241;184555690;;;;09/03/2031 00:00:00;3;14037148;18/09/2026 14:39:34;Maximiliano;Nievas;;;;;;Maximiliano Nievas;
14252507;10/09/2026 12:30:23;3;2;0001  214601-1;10;URGENTES;2094403;"SD29    ";"SANTIANO DANIEL GUSTAVO                           ";SAN MARTIN KM 595.90 1898;952006;"31-010         ";31-010 - CANILLA DE PARED P.ALTO BL/CR LORCA;6;6;6;23293502;100926121702593;182925628;;;;07/31/2031 00:00:00;6;13904582;10/09/2026 12:17:02;Agustin;Scirica;24569965;10/09/2026 11:28:11;7807;Nicolas;Perez;Agustin Scirica;Nicolas Perez
14252507;10/09/2026 12:30:23;3;2;0001  214601-1;10;URGENTES;2094403;"SD29    ";"SANTIANO DANIEL GUSTAVO                           ";SAN MARTIN KM 595.90 1898;953089;"80-135         ";80-135 - DUCHA EMB. C/TRANSF. C.CERAM SANTANDER;1;1;1;23293502;100926121702593;182922663;;;;10/04/2031 00:00:00;1;13904582;10/09/2026 12:17:02;Agustin;Scirica;24569965;10/09/2026 11:28:11;7807;Nicolas;Perez;Agustin Scirica;Nicolas Perez
14252507;10/09/2026 12:30:23;3;2;0001  214601-1;10;URGENTES;2094403;"SD29    ";"SANTIANO DANIEL GUSTAVO                           ";SAN MARTIN KM 595.90 1898;953099;"80-150         ";80-150 - DUCHA EMB. C/TRANSF. CR C.CERAM TOLEDO;1;1;1;23293502;100926121702593;182922016;;;;11/19/2031 00:00:00;1;13904582;10/09/2026 12:17:02;Agustin;Scirica;24569965;10/09/2026 11:28:11;7807;Nicolas;Perez;Agustin Scirica;Nicolas Perez
14252507;10/09/2026 12:30:23;3;2;0001  214601-1;10;URGENTES;2094403;"SD29    ";"SANTIANO DANIEL GUSTAVO                           ";SAN MARTIN KM 595.90 1898;953122;"80-176         ";80-176 - DUCHA EMB C/TRANSF MONOC CR RIO;1;1;1;23296899;100926123022974;182942434;;;;07/29/2031 00:00:00;1;13904954;10/09/2026 12:30:22;Agustin;Scirica;24573360;10/09/2026 12:01:20;7636;Kevin;Arce;Agustin Scirica;Kevin Arce
14252507;10/09/2026 12:30:23;3;2;0001  214601-1;10;URGENTES;2094403;"SD29    ";"SANTIANO DANIEL GUSTAVO                           ";SAN MARTIN KM 595.90 1898;951983;"3050           ";3050 - JABONERA LINEA 3000;6;6;6;23296899;100926123022974;182939426;;;;07/27/2031 00:00:00;6;13904954;10/09/2026 12:30:22;Agustin;Scirica;24573360;10/09/2026 12:01:20;7636;Kevin;Arce;Agustin Scirica;Kevin Arce
14252507;10/09/2026 12:30:23;3;2;0001  214601-1;10;URGENTES;2094403;"SD29    ";"SANTIANO DANIEL GUSTAVO                           ";SAN MARTIN KM 595.90 1898;951975;"3040           ";3040 - PORTA ROLLO LINEA 3000;3;3;3;23296899;100926123022974;182939629;;;;07/27/2031 00:00:00;3;13904954;10/09/2026 12:30:22;Agustin;Scirica;24573360;10/09/2026 12:01:20;7636;Kevin;Arce;Agustin Scirica;Kevin Arce
14252507;10/09/2026 12:30:23;3;2;0001  214601-1;10;URGENTES;2094403;"SD29    ";"SANTIANO DANIEL GUSTAVO                           ";SAN MARTIN KM 595.90 1898;951961;"3030           ";3030 - PERCHA LINEA 3000;6;6;6;23296899;100926123022974;182940854;;;;08/27/2031 00:00:00;6;13904954;10/09/2026 12:30:22;Agustin;Scirica;24573360;10/09/2026 12:01:20;7636;Kevin;Arce;Agustin Scirica;Kevin Arce
14252507;10/09/2026 12:30:23;3;2;0001  214601-1;10;URGENTES;2094403;"SD29    ";"SANTIANO DANIEL GUSTAVO                           ";SAN MARTIN KM 595.90 1898;951906;"3020           ";3020 - TOALLERO DE ARO LINEA 3000;3;3;3;23296899;100926123022974;182941339;;;;07/29/2031 00:00:00;3;13904954;10/09/2026 12:30:22;Agustin;Scirica;24573360;10/09/2026 12:01:20;7636;Kevin;Arce;Agustin Scirica;Kevin Arce
14252507;10/09/2026 12:30:23;3;2;0001  214601-1;10;URGENTES;2094403;"SD29    ";"SANTIANO DANIEL GUSTAVO                           ";SAN MARTIN KM 595.90 1898;954921;"BCH18          ";BCH18 - BACHA DE APOYAR SIMIL MARMOL 460x320x140;1;1;1;23297816;100926121731014;182945932;;;;10/04/2031 00:00:00;1;13904823;10/09/2026 12:17:31;Agustin;Scirica;24574440;10/09/2026 11:57:27;7807;Nicolas;Perez;Agustin Scirica;Nicolas Perez
14252507;10/09/2026 12:30:23;3;2;0001  214601-1;10;URGENTES;2094403;"SD29    ";"SANTIANO DANIEL GUSTAVO                           ";SAN MARTIN KM 595.90 1898;953059;"80-057         ";80-057 - DUCHA EMB. C/TRANSF. C.STD VERIN PLUS;3;3;3;23298590;100926120859043;182950646;;;;01/04/2032 00:00:00;2;13904607;10/09/2026 12:08:59;Agustin;Scirica;;;;;;Agustin Scirica;
14252507;10/09/2026 12:30:23;3;2;0001  214601-1;10;URGENTES;2094403;"SD29    ";"SANTIANO DANIEL GUSTAVO                           ";SAN MARTIN KM 595.90 1898;952906;"70-150         ";70-150 - BIDE CR C.CERAM TOLEDO;1;1;1;23298590;100926120859043;182920973;;;;07/31/2031 00:00:00;1;13904607;10/09/2026 12:08:59;Agustin;Scirica;;;;;;Agustin Scirica;
14252507;10/09/2026 12:30:23;3;2;0001  214601-1;10;URGENTES;2094403;"SD29    ";"SANTIANO DANIEL GUSTAVO                           ";SAN MARTIN KM 595.90 1898;952863;"70-059         ";70-059 - BIDE BL/CR C.STD MALBA;4;4;4;23298590;100926120859043;182950645;;;;08/23/2031 00:00:00;1;13904607;10/09/2026 12:08:59;Agustin;Scirica;;;;;;Agustin Scirica;
14252507;10/09/2026 12:30:23;3;2;0001  214601-1;10;URGENTES;2094403;"SD29    ";"SANTIANO DANIEL GUSTAVO                           ";SAN MARTIN KM 595.90 1898;952862;"70-058         ";70-058 - BIDE CR C.STD MALBA;2;2;2;23298590;100926120859043;182918404;;;;10/20/2031 00:00:00;2;13904607;10/09/2026 12:08:59;Agustin;Scirica;;;;;;Agustin Scirica;
14252507;10/09/2026 12:30:23;3;2;0001  214601-1;10;URGENTES;2094403;"SD29    ";"SANTIANO DANIEL GUSTAVO                           ";SAN MARTIN KM 595.90 1898;952634;"60-162         ";60-162 - LAVATORIO CR C.CERAM LINEA ADRA;1;1;1;23298590;100926120859043;182913960;;;;07/29/2031 00:00:00;1;13904607;10/09/2026 12:08:59;Agustin;Scirica;;;;;;Agustin Scirica;
14252507;10/09/2026 12:30:23;3;2;0001  214601-1;10;URGENTES;2094403;"SD29    ";"SANTIANO DANIEL GUSTAVO                           ";SAN MARTIN KM 595.90 1898;952628;"60-150         ";60-150 - LAVATORIO CR C.CERAM TOLEDO;1;1;1;23298590;100926120859043;182922208;;;;07/28/2031 00:00:00;1;13904607;10/09/2026 12:08:59;Agustin;Scirica;;;;;;Agustin Scirica;
14252507;10/09/2026 12:30:23;3;2;0001  214601-1;10;URGENTES;2094403;"SD29    ";"SANTIANO DANIEL GUSTAVO                           ";SAN MARTIN KM 595.90 1898;952471;"53-002         ";53-002 - COCINA PARED EXT. P.ALTO RENACER;4;4;4;23298590;100926120859043;182950644;;;;07/29/2031 00:00:00;1;13904607;10/09/2026 12:08:59;Agustin;Scirica;;;;;;Agustin Scirica;
14252507;10/09/2026 12:30:23;3;2;0001  214601-1;10;URGENTES;2094403;"SD29    ";"SANTIANO DANIEL GUSTAVO                           ";SAN MARTIN KM 595.90 1898;951620;"214/CR         ";214/CR - LAVATORIO CR/CR ARES;1;1;1;23298590;100926120859043;182923987;;;;01/27/2032 00:00:00;1;13904607;10/09/2026 12:08:59;Agustin;Scirica;;;;;;Agustin Scirica;
14252507;10/09/2026 12:30:23;3;2;0001  214601-1;10;URGENTES;2094403;"SD29    ";"SANTIANO DANIEL GUSTAVO                           ";SAN MARTIN KM 595.90 1898;952292;"434/CR         ";434/CR - DUCHA EMB.C/TRANSF CR ARES;6;6;6;23298686;100926121037215;182951247;;;;01/12/2032 00:00:00;4;13904661;10/09/2026 12:10:37;Agustin;Scirica;;;;;;Agustin Scirica;
14252507;10/09/2026 12:30:23;3;2;0001  214601-1;10;URGENTES;2094403;"SD29    ";"SANTIANO DANIEL GUSTAVO                           ";SAN MARTIN KM 595.90 1898;952504;"55-002         ";55-002 - COCINA P/PARED EMB P.ALTO RENACER;2;2;2;23298686;100926121037215;182919293;;;;07/31/2031 00:00:00;2;13904661;10/09/2026 12:10:37;Agustin;Scirica;;;;;;Agustin Scirica;
14252507;10/09/2026 12:30:23;3;2;0001  214601-1;10;URGENTES;2094403;"SD29    ";"SANTIANO DANIEL GUSTAVO                           ";SAN MARTIN KM 595.90 1898;952610;"60-122         ";60-122 - LAVATORIO C.CERAM CR VALENCIA;2;2;2;23298686;100926121037215;182920532;;;;12/10/2031 00:00:00;2;13904661;10/09/2026 12:10:37;Agustin;Scirica;;;;;;Agustin Scirica;
14252507;10/09/2026 12:30:23;3;2;0001  214601-1;10;URGENTES;2094403;"SD29    ";"SANTIANO DANIEL GUSTAVO                           ";SAN MARTIN KM 595.90 1898;953060;"80-058         ";80-058 - DUCHA EMB. C/TRANSF. CR C.STD MALBA;3;3;3;23298686;100926121037215;182951248;;;;01/06/2032 00:00:00;2;13904661;10/09/2026 12:10:37;Agustin;Scirica;;;;;;Agustin Scirica;
14252507;10/09/2026 12:30:23;3;2;0001  214601-1;10;URGENTES;2094403;"SD29    ";"SANTIANO DANIEL GUSTAVO                           ";SAN MARTIN KM 595.90 1898;953059;"80-057         ";80-057 - DUCHA EMB. C/TRANSF. C.STD VERIN PLUS;3;3;3;23298728;100926121155624;182915548;;;;01/04/2032 00:00:00;1;13904696;10/09/2026 12:11:55;Agustin;Scirica;;;;;;Agustin Scirica;
14252507;10/09/2026 12:30:23;3;2;0001  214601-1;10;URGENTES;2094403;"SD29    ";"SANTIANO DANIEL GUSTAVO                           ";SAN MARTIN KM 595.90 1898;952863;"70-059         ";70-059 - BIDE BL/CR C.STD MALBA;4;4;4;23298728;100926121155624;182951733;;;;08/23/2031 00:00:00;1;13904696;10/09/2026 12:11:55;Agustin;Scirica;;;;;;Agustin Scirica;
14252507;10/09/2026 12:30:23;3;2;0001  214601-1;10;URGENTES;2094403;"SD29    ";"SANTIANO DANIEL GUSTAVO                           ";SAN MARTIN KM 595.90 1898;952551;"60-010         ";60-010 - LAVATORIO BL/CR LORCA;1;1;1;23298728;100926121155624;182914309;;;;12/07/2031 00:00:00;1;13904696;10/09/2026 12:11:55;Agustin;Scirica;;;;;;Agustin Scirica;
14252507;10/09/2026 12:30:23;3;2;0001  214601-1;10;URGENTES;2094403;"SD29    ";"SANTIANO DANIEL GUSTAVO                           ";SAN MARTIN KM 595.90 1898;952503;"55-001N        ";"55-001N - COCINA PARED EMBUTIR PICO ALTO ""CROMO Y""";2;2;2;23298728;100926121155624;182923657;;;;07/31/2031 00:00:00;2;13904696;10/09/2026 12:11:55;Agustin;Scirica;;;;;;Agustin Scirica;
14252507;10/09/2026 12:30:23;3;2;0001  214601-1;10;URGENTES;2094403;"SD29    ";"SANTIANO DANIEL GUSTAVO                           ";SAN MARTIN KM 595.90 1898;952471;"53-002         ";53-002 - COCINA PARED EXT. P.ALTO RENACER;4;4;4;23298728;100926121155624;182919739;;;;07/29/2031 00:00:00;3;13904696;10/09/2026 12:11:55;Agustin;Scirica;;;;;;Agustin Scirica;
14252507;10/09/2026 12:30:23;3;2;0001  214601-1;10;URGENTES;2094403;"SD29    ";"SANTIANO DANIEL GUSTAVO                           ";SAN MARTIN KM 595.90 1898;952292;"434/CR         ";434/CR - DUCHA EMB.C/TRANSF CR ARES;6;6;6;23298728;100926121155624;182924510;;;;01/12/2032 00:00:00;2;13904696;10/09/2026 12:11:55;Agustin;Scirica;;;;;;Agustin Scirica;
14252507;10/09/2026 12:30:23;3;2;0001  214601-1;10;URGENTES;2094403;"SD29    ";"SANTIANO DANIEL GUSTAVO                           ";SAN MARTIN KM 595.90 1898;952583;"60-058         ";60-058 - LAVATORIO CR C.STD MALBA;4;4;4;23298800;100926121322801;182918996;;;;12/03/2031 00:00:00;4;13904730;10/09/2026 12:13:22;Agustin;Scirica;;;;;;Agustin Scirica;
14252507;10/09/2026 12:30:23;3;2;0001  214601-1;10;URGENTES;2094403;"SD29    ";"SANTIANO DANIEL GUSTAVO                           ";SAN MARTIN KM 595.90 1898;952584;"60-059         ";60-059 - LAVATORIO BL/CR C.STD MALBA;4;4;4;23298800;100926121322801;182917197;;;;09/21/2031 00:00:00;4;13904730;10/09/2026 12:13:22;Agustin;Scirica;;;;;;Agustin Scirica;
14252507;10/09/2026 12:30:23;3;2;0001  214601-1;10;URGENTES;2094403;"SD29    ";"SANTIANO DANIEL GUSTAVO                           ";SAN MARTIN KM 595.90 1898;952863;"70-059         ";70-059 - BIDE BL/CR C.STD MALBA;4;4;4;23298800;100926121322801;182917693;;;;08/23/2031 00:00:00;2;13904730;10/09/2026 12:13:22;Agustin;Scirica;;;;;;Agustin Scirica;
14252507;10/09/2026 12:30:23;3;2;0001  214601-1;10;URGENTES;2094403;"SD29    ";"SANTIANO DANIEL GUSTAVO                           ";SAN MARTIN KM 595.90 1898;953107;"80-162         ";80-162 - DUCHA EMB. C/TRANSF. CR C.CERAM ADRA;1;1;1;23298871;100926121441902;182914433;;;;07/29/2031 00:00:00;1;13904763;10/09/2026 12:14:41;Agustin;Scirica;;;;;;Agustin Scirica;
14252507;10/09/2026 12:30:23;3;2;0001  214601-1;10;URGENTES;2094403;"SD29    ";"SANTIANO DANIEL GUSTAVO                           ";SAN MARTIN KM 595.90 1898;953060;"80-058         ";80-058 - DUCHA EMB. C/TRANSF. CR C.STD MALBA;3;3;3;23298871;100926121441902;182918141;;;;01/06/2032 00:00:00;1;13904763;10/09/2026 12:14:41;Agustin;Scirica;;;;;;Agustin Scirica;
14252507;10/09/2026 12:30:23;3;2;0001  214601-1;10;URGENTES;2094403;"SD29    ";"SANTIANO DANIEL GUSTAVO                           ";SAN MARTIN KM 595.90 1898;952888;"70-122         ";70-122 - BIDE C.CERAM CR VALENCIA;2;2;2;23298871;100926121441902;182920339;;;;10/26/2031 00:00:00;2;13904763;10/09/2026 12:14:41;Agustin;Scirica;;;;;;Agustin Scirica;
14252507;10/09/2026 12:30:23;3;2;0001  214601-1;10;URGENTES;2094403;"SD29    ";"SANTIANO DANIEL GUSTAVO                           ";SAN MARTIN KM 595.90 1898;952831;"70-010         ";70-010 - BIDE BL/CR LORCA;2;2;2;23298871;100926121441902;182914644;;;;12/08/2031 00:00:00;2;13904763;10/09/2026 12:14:41;Agustin;Scirica;;;;;;Agustin Scirica;
14252507;10/09/2026 12:30:23;3;2;0001  214601-1;10;URGENTES;2094403;"SD29    ";"SANTIANO DANIEL GUSTAVO                           ";SAN MARTIN KM 595.90 1898;952001;"31-002         ";"31-002 - CANILLA DE PARED PICO ALTO ""RENACER""";10;10;10;23298927;100926121559993;182926126;;;;01/25/2032 00:00:00;10;13904790;10/09/2026 12:16:00;Agustin;Scirica;;;;;;Agustin Scirica;
14252507;10/09/2026 12:30:23;3;2;0001  214601-1;10;URGENTES;2094403;"SD29    ";"SANTIANO DANIEL GUSTAVO                           ";SAN MARTIN KM 595.90 1898;953109;"80-166         ";"DUCHA EMB. C/TRANSF. CR C.CERAM ADRA PLUS                             ";1;1;1;23298953;100926121615843;182914160;;;;01/18/2032 00:00:00;1;13904795;10/09/2026 12:16:15;Agustin;Scirica;;;;;;Agustin Scirica;
14252507;10/09/2026 12:30:23;3;2;0001  214601-1;10;URGENTES;2094403;"SD29    ";"SANTIANO DANIEL GUSTAVO                           ";SAN MARTIN KM 595.90 1898;953091;"80-138         ";80-138 - DUCHA EMB. C/TRANSF. CR C.CERAM VALENCIA PLUS;1;1;1;23298953;100926121615843;182915915;;;;01/14/2032 00:00:00;1;13904795;10/09/2026 12:16:15;Agustin;Scirica;;;;;;Agustin Scirica;
14252507;10/09/2026 12:30:23;3;2;0001  214601-1;10;URGENTES;2094403;"SD29    ";"SANTIANO DANIEL GUSTAVO                           ";SAN MARTIN KM 595.90 1898;952620;"60-135         ";60-135 - LAVATORIO C.CERAM SANTANDER;1;1;1;23298953;100926121615843;182922875;;;;01/14/2032 00:00:00;1;13904795;10/09/2026 12:16:15;Agustin;Scirica;;;;;;Agustin Scirica;
14252507;10/09/2026 12:30:23;3;2;0001  214601-1;10;URGENTES;2094403;"SD29    ";"SANTIANO DANIEL GUSTAVO                           ";SAN MARTIN KM 595.90 1898;951527;"20-135G        ";20-135G - MONOCOMANDO COCINA GOLD SANTANDER;1;1;1;23299251;100926122310946;182945813;;;;07/27/2031 00:00:00;1;13904973;10/09/2026 12:23:10;Agustin;Scirica;;;;;;Agustin Scirica;
14252507;10/09/2026 12:30:23;3;2;0001  214601-1;10;URGENTES;2094403;"SD29    ";"SANTIANO DANIEL GUSTAVO                           ";SAN MARTIN KM 595.90 1898;951552;"20-183         ";"MONOCOMANDO DE COCINA MAT                                             ";2;2;2;23299251;100926122310946;182944415;;;;11/02/2031 00:00:00;2;13904973;10/09/2026 12:23:10;Agustin;Scirica;;;;;;Agustin Scirica;
14252507;10/09/2026 12:30:23;3;2;0001  214601-1;10;URGENTES;2094403;"SD29    ";"SANTIANO DANIEL GUSTAVO                           ";SAN MARTIN KM 595.90 1898;952719;"61-183         ";"LAVATORIO MONOCOMANDO ALTO MAT                                        ";2;2;2;23299251;100926122310946;182944780;;;;11/02/2031 00:00:00;2;13904973;10/09/2026 12:23:10;Agustin;Scirica;;;;;;Agustin Scirica;
14252507;10/09/2026 12:30:23;3;2;0001  214601-1;10;URGENTES;2094403;"SD29    ";"SANTIANO DANIEL GUSTAVO                           ";SAN MARTIN KM 595.90 1898;952896;"70-133         ";70-133 - BIDE MONOCOMANDO LUGO;3;3;3;23299299;100926122408717;182943047;;;;07/30/2031 00:00:00;3;13904994;10/09/2026 12:24:08;Agustin;Scirica;;;;;;Agustin Scirica;
14252507;10/09/2026 12:30:23;3;2;0001  214601-1;10;URGENTES;2094403;"SD29    ";"SANTIANO DANIEL GUSTAVO                           ";SAN MARTIN KM 595.90 1898;952618;"60-133         ";60-133 - LAVATORIO MONOCOMANDO LUGO;4;4;4;23299299;100926122408717;182943586;;;;07/29/2031 00:00:00;4;13904994;10/09/2026 12:24:08;Agustin;Scirica;;;;;;Agustin Scirica;
14252507;10/09/2026 12:30:23;3;2;0001  214601-1;10;URGENTES;2094403;"SD29    ";"SANTIANO DANIEL GUSTAVO                           ";SAN MARTIN KM 595.90 1898;951488;"20-102         ";"20-102 - MONOCOMANDO MESADA CROMO ""RENACER""";2;2;2;23299362;100926122547776;182946365;;;;08/20/2031 00:00:00;2;13905038;10/09/2026 12:25:47;Agustin;Scirica;;;;;;Agustin Scirica;
14252507;10/09/2026 12:30:23;3;2;0001  214601-1;10;URGENTES;2094403;"SD29    ";"SANTIANO DANIEL GUSTAVO                           ";SAN MARTIN KM 595.90 1898;951535;"20-160         ";20-160 - MONOCOMANDO MESADA COCINA DIQUE;1;1;1;23299362;100926122547776;182944077;;;;07/28/2031 00:00:00;1;13905038;10/09/2026 12:25:47;Agustin;Scirica;;;;;;Agustin Scirica;
14252507;10/09/2026 12:30:23;3;2;0001  214601-1;10;URGENTES;2094403;"SD29    ";"SANTIANO DANIEL GUSTAVO                           ";SAN MARTIN KM 595.90 1898;952797;"63-176         ";"LAVATORIO PARED EMB MONOC CR RIO                                      ";1;1;1;23299362;100926122547776;182946783;;;;12/14/2031 00:00:00;1;13905038;10/09/2026 12:25:47;Agustin;Scirica;;;;;;Agustin Scirica;
14252507;10/09/2026 12:30:23;3;2;0001  214601-1;10;URGENTES;2094403;"SD29    ";"SANTIANO DANIEL GUSTAVO                           ";SAN MARTIN KM 595.90 1898;952712;"61-176         ";61-176 - LAVATORIO MONOC ALTO CR RIO;1;1;1;23299392;100926122633258;182942554;;;;10/09/2031 00:00:00;1;13905055;10/09/2026 12:26:33;Agustin;Scirica;;;;;;Agustin Scirica;
14252507;10/09/2026 12:30:23;3;2;0001  214601-1;10;URGENTES;2094403;"SD29    ";"SANTIANO DANIEL GUSTAVO                           ";SAN MARTIN KM 595.90 1898;951114;"12005          ";"SET DE 5 PIEZAS LINEA 12000                                           ";3;3;3;23299392;100926122633258;182943940;;;;07/30/2031 00:00:00;3;13905055;10/09/2026 12:26:33;Agustin;Scirica;;;;;;Agustin Scirica;
14252507;10/09/2026 12:30:23;3;2;0001  214601-1;10;URGENTES;2094403;"SD29    ";"SANTIANO DANIEL GUSTAVO                           ";SAN MARTIN KM 595.90 1898;951098;"11006          ";"SET DE 6 PIEZAS LINEA 11000                                           ";3;3;3;23299412;100926122713797;182945479;;;;07/29/2031 00:00:00;3;13905074;10/09/2026 12:27:13;Agustin;Scirica;;;;;;Agustin Scirica;
14255022;10/09/2026 13:02:30;3;2;0001  215423-1;14;RETIRA;2093945;"PO01    ";"PORAL S.A.C.I.                                    ";AV. HONORIO PUEYRREDON R25 6020;951318;"18040          ";18040 - PORTA ROLLO NIQUEL LINEA BEAT;2;2;2;23292284;100926104146555;182909321;;;;07/28/2031 00:00:00;2;13901521;10/09/2026 10:41:46;Gaston Alejandro;Kiriczuk;24568824;10/09/2026 10:36:44;6409;Gaston Alejandro;Kiriczuk;Gaston Alejandro Kiriczuk;Gaston Alejandro Kiriczuk
14255022;10/09/2026 13:02:30;3;2;0001  215423-1;14;RETIRA;2093945;"PO01    ";"PORAL S.A.C.I.                                    ";AV. HONORIO PUEYRREDON R25 6020;951547;"20-174         ";20-174 - COCINA MESADA MONOC. COLORS BLACK;1;1;1;23292284;100926104146555;182910030;;;;07/28/2031 00:00:00;1;13901521;10/09/2026 10:41:46;Gaston Alejandro;Kiriczuk;24568824;10/09/2026 10:36:44;6409;Gaston Alejandro;Kiriczuk;Gaston Alejandro Kiriczuk;Gaston Alejandro Kiriczuk
14255022;10/09/2026 13:02:30;3;2;0001  215423-1;14;RETIRA;2093945;"PO01    ";"PORAL S.A.C.I.                                    ";AV. HONORIO PUEYRREDON R25 6020;953156;"80-201NI       ";80-201NI - DUCHA EMB C/TRANSF C.CERAM BEAT NICKEL;1;1;1;23294497;100926130227898;182928752;;;;11/10/2031 00:00:00;1;13906029;10/09/2026 13:02:27;Tiago;Rodriguez;24570924;10/09/2026 11:33:14;7636;Kevin;Arce;Tiago Rodriguez;Kevin Arce
14255022;10/09/2026 13:02:30;3;2;0001  215423-1;14;RETIRA;2093945;"PO01    ";"PORAL S.A.C.I.                                    ";AV. HONORIO PUEYRREDON R25 6020;953216;"81-100NI       ";81-100NI - DUCHA EMB. S/TRANSF. NICKEL C.CERAM FABRIC;1;1;1;23294497;100926130227898;182927950;;;;10/18/2031 00:00:00;1;13906029;10/09/2026 13:02:27;Tiago;Rodriguez;24570924;10/09/2026 11:33:14;7636;Kevin;Arce;Tiago Rodriguez;Kevin Arce
14255022;10/09/2026 13:02:30;3;2;0001  215423-1;14;RETIRA;2093945;"PO01    ";"PORAL S.A.C.I.                                    ";AV. HONORIO PUEYRREDON R25 6020;952598;"60-100NI       ";60-100NI - LAVATORIO NICKEL C.CERAM FABRIC;1;1;1;23300905;100926130208972;182928065;;;;10/08/2031 00:00:00;1;13906035;10/09/2026 13:02:08;Tiago;Rodriguez;;;;;;Tiago Rodriguez;
14255022;10/09/2026 13:02:30;3;2;0001  215423-1;14;RETIRA;2093945;"PO01    ";"PORAL S.A.C.I.                                    ";AV. HONORIO PUEYRREDON R25 6020;952676;"60-201NI       ";60-201NI - LAVATORIO C.CERAM BEAT NICKEL;1;1;1;23300905;100926130208972;182929073;;;;08/20/2031 00:00:00;1;13906035;10/09/2026 13:02:08;Tiago;Rodriguez;;;;;;Tiago Rodriguez;
14255022;10/09/2026 13:02:30;3;2;0001  215423-1;14;RETIRA;2093945;"PO01    ";"PORAL S.A.C.I.                                    ";AV. HONORIO PUEYRREDON R25 6020;952876;"70-100NI       ";70-100NI - BIDE NICKEL C.CERAM FABRIC;1;1;1;23300905;100926130208972;182928156;;;;12/01/2031 00:00:00;1;13906035;10/09/2026 13:02:08;Tiago;Rodriguez;;;;;;Tiago Rodriguez;
14255022;10/09/2026 13:02:30;3;2;0001  215423-1;14;RETIRA;2093945;"PO01    ";"PORAL S.A.C.I.                                    ";AV. HONORIO PUEYRREDON R25 6020;952953;"70-201NI       ";70-201NI - BIDE CR C.CERAM BEAT NICKEL;1;1;1;23300905;100926130208972;182928933;;;;07/29/2031 00:00:00;1;13906035;10/09/2026 13:02:08;Tiago;Rodriguez;;;;;;Tiago Rodriguez;
14257835;11/09/2026 09:41:02;3;2;0001  215161-1;02;CAMIONETA LUN 5;2092048;"DC16    ";"DISEÑO Y CONSTRUCCION LEO SRL -CASA LEO           ";YERBAL 932;957102;"PDU120         ";"DESAGUE P/PISO DE DUCHA                                               ";1;1;1;23318894;110926094100143;183116696;;;;12/07/2031 00:00:00;1;13920394;11/09/2026 09:41:00;Tiago;Rodriguez;24594617;11/09/2026 06:38:40;6404;Ivan;Goyena;Tiago Rodriguez;Ivan Goyena
14257836;11/09/2026 12:17:09;3;2;0001  215387-1;02;CAMIONETA LUN 5;2092387;"FA20    ";"FALABELLA S.A.                                    ";AV LIBERTADOR 77;953125;"80-180         ";80-180 - DUCHA EMB. C/TRANSF. MONOCOMANDO VERA;6;6;6;23309856;110926121709114;183043731;;;;11/23/2031 00:00:00;6;13921979;11/09/2026 12:17:09;Tiago;Rodriguez;24586400;10/09/2026 16:26:27;7152;Mirko;Hernandez;Tiago Rodriguez;Mirko Hernandez
14257836;11/09/2026 12:17:09;3;2;0001  215387-1;02;CAMIONETA LUN 5;2092387;"FA20    ";"FALABELLA S.A.                                    ";AV LIBERTADOR 77;953136;"80-190P        ";80-190P - DUCHA EMB. C/TRANSF. C.CERAM BLACK VELVET PLUS;6;6;6;23318763;110926121415238;183116978;;;;07/30/2031 00:00:00;2;13922392;11/09/2026 12:14:15;Tiago;Rodriguez;24594459;11/09/2026 07:12:02;7807;Nicolas;Perez;Tiago Rodriguez;Nicolas Perez
14257836;11/09/2026 12:17:09;3;2;0001  215387-1;02;CAMIONETA LUN 5;2092387;"FA20    ";"FALABELLA S.A.                                    ";AV LIBERTADOR 77;953109;"80-166         ";"DUCHA EMB. C/TRANSF. CR C.CERAM ADRA PLUS                             ";14;14;14;23318763;110926121415238;183116071;;;;01/18/2032 00:00:00;2;13922392;11/09/2026 12:14:15;Tiago;Rodriguez;24594459;11/09/2026 07:12:02;7807;Nicolas;Perez;Tiago Rodriguez;Nicolas Perez
14257836;11/09/2026 12:17:09;3;2;0001  215387-1;02;CAMIONETA LUN 5;2092387;"FA20    ";"FALABELLA S.A.                                    ";AV LIBERTADOR 77;951554;"20-190         ";20-190 - COCINA MESADA MONOC BLACK VELVET;2;2;2;23328644;110926103833530;183056502;;;;07/28/2031 00:00:00;2;13921984;11/09/2026 10:38:33;Tiago;Rodriguez;;;;;;Tiago Rodriguez;
14257836;11/09/2026 12:17:09;3;2;0001  215387-1;02;CAMIONETA LUN 5;2092387;"FA20    ";"FALABELLA S.A.                                    ";AV LIBERTADOR 77;952714;"61-180         ";61-180 - LAVATORIO MONOCOMANDO ALTO VERA;6;6;6;23328644;110926103833530;183181595;;;;07/28/2031 00:00:00;3;13921984;11/09/2026 10:38:33;Tiago;Rodriguez;;;;;;Tiago Rodriguez;
14257836;11/09/2026 12:17:09;3;2;0001  215387-1;02;CAMIONETA LUN 5;2092387;"FA20    ";"FALABELLA S.A.                                    ";AV LIBERTADOR 77;952939;"70-193         ";70-193 - BIDE MONOCOMANDO MORA;2;2;2;23328683;110926103915268;183050015;;;;07/28/2031 00:00:00;2;13922012;11/09/2026 10:39:15;Tiago;Rodriguez;;;;;;Tiago Rodriguez;
14257836;11/09/2026 12:17:09;3;2;0001  215387-1;02;CAMIONETA LUN 5;2092387;"FA20    ";"FALABELLA S.A.                                    ";AV LIBERTADOR 77;952714;"61-180         ";61-180 - LAVATORIO MONOCOMANDO ALTO VERA;6;6;6;23328683;110926103915268;183047260;;;;07/28/2031 00:00:00;3;13922012;11/09/2026 10:39:15;Tiago;Rodriguez;;;;;;Tiago Rodriguez;
14257836;11/09/2026 12:17:09;3;2;0001  215387-1;02;CAMIONETA LUN 5;2092387;"FA20    ";"FALABELLA S.A.                                    ";AV LIBERTADOR 77;951545;"20-172         ";20-172 - COCINA MESADA MONOC. COLORS NEGRO;4;4;4;23328716;110926104007366;183048461;;;;07/28/2031 00:00:00;4;13922035;11/09/2026 10:40:07;Tiago;Rodriguez;;;;;;Tiago Rodriguez;
14257836;11/09/2026 12:17:09;3;2;0001  215387-1;02;CAMIONETA LUN 5;2092387;"FA20    ";"FALABELLA S.A.                                    ";AV LIBERTADOR 77;951523;"20-134         ";20-134 - MONOCOMANDO COCINA BETIS;4;4;4;23328923;110926104433231;183044242;;;;08/11/2031 00:00:00;4;13922159;11/09/2026 10:44:33;Tiago;Rodriguez;;;;;;Tiago Rodriguez;
14257836;11/09/2026 12:17:09;3;2;0001  215387-1;02;CAMIONETA LUN 5;2092387;"FA20    ";"FALABELLA S.A.                                    ";AV LIBERTADOR 77;951512;"20-122         ";"MONOCOMANDO COCINA CR C/PICO EXTRAIBLE VALENCIA                       ";4;4;4;23328965;110926104520273;183050708;;;;08/06/2031 00:00:00;4;13922182;11/09/2026 10:45:20;Tiago;Rodriguez;;;;;;Tiago Rodriguez;
14257836;11/09/2026 12:17:09;3;2;0001  215387-1;02;CAMIONETA LUN 5;2092387;"FA20    ";"FALABELLA S.A.                                    ";AV LIBERTADOR 77;952721;"61-193         ";61-193 - LAVATORIO MONOCOMANDO ALTO MORA;3;3;3;23329018;110926104613465;183045762;;;;07/27/2031 00:00:00;3;13922202;11/09/2026 10:46:13;Tiago;Rodriguez;;;;;;Tiago Rodriguez;
14257836;11/09/2026 12:17:09;3;2;0001  215387-1;02;CAMIONETA LUN 5;2092387;"FA20    ";"FALABELLA S.A.                                    ";AV LIBERTADOR 77;953140;"80-193         ";80-193 - DUCHA EMB. C/TRANSF. MONOCOMANDO MORA;7;7;7;23329018;110926104613465;183184498;;;;07/27/2031 00:00:00;1;13922202;11/09/2026 10:46:13;Tiago;Rodriguez;;;;;;Tiago Rodriguez;
14257836;11/09/2026 12:17:09;3;2;0001  215387-1;02;CAMIONETA LUN 5;2092387;"FA20    ";"FALABELLA S.A.                                    ";AV LIBERTADOR 77;951513;"20-122N        ";20-122N - MONOCOMANDO COCINA C/PICO EXTRAIBLE VALENCIA BLACK;3;3;3;23329055;110926104633151;183045054;;;;08/06/2031 00:00:00;3;13922209;11/09/2026 10:46:33;Tiago;Rodriguez;;;;;;Tiago Rodriguez;
14257836;11/09/2026 12:17:09;3;2;0001  215387-1;02;CAMIONETA LUN 5;2092387;"FA20    ";"FALABELLA S.A.                                    ";AV LIBERTADOR 77;954679;"A843           ";A843 - DUCHADOR ANTICALCAREO 5F C/BARRAL,SOP,FLEX,JABONER;3;3;3;23329134;110926104751167;183049752;;;;07/28/2031 00:00:00;3;13922244;11/09/2026 10:47:51;Tiago;Rodriguez;;;;;;Tiago Rodriguez;
14257836;11/09/2026 12:17:09;3;2;0001  215387-1;02;CAMIONETA LUN 5;2092387;"FA20    ";"FALABELLA S.A.                                    ";AV LIBERTADOR 77;952650;"60-180         ";60-180 - LAVATORIO MONOCOMANDO BAJO VERA;7;7;7;23329196;110926104838376;183047668;;;;07/28/2031 00:00:00;7;13922265;11/09/2026 10:48:38;Tiago;Rodriguez;;;;;;Tiago Rodriguez;
14257836;11/09/2026 12:17:09;3;2;0001  215387-1;02;CAMIONETA LUN 5;2092387;"FA20    ";"FALABELLA S.A.                                    ";AV LIBERTADOR 77;951524;"20-135         ";20-135 - MONOCOMANDO COCINA SANTANDER;3;3;3;23329309;110926105024608;183046482;;;;07/28/2031 00:00:00;3;13922312;11/09/2026 10:50:24;Tiago;Rodriguez;;;;;;Tiago Rodriguez;
14257836;11/09/2026 12:17:09;3;2;0001  215387-1;02;CAMIONETA LUN 5;2092387;"FA20    ";"FALABELLA S.A.                                    ";AV LIBERTADOR 77;953157;"80-203         ";80-203 - DUCHA EMB C/TRANSF. MONOCOMANDO ADRA;5;5;5;23329338;110926105105481;183058902;;;;07/27/2031 00:00:00;5;13922336;11/09/2026 10:51:05;Tiago;Rodriguez;;;;;;Tiago Rodriguez;
14257836;11/09/2026 12:17:09;3;2;0001  215387-1;02;CAMIONETA LUN 5;2092387;"FA20    ";"FALABELLA S.A.                                    ";AV LIBERTADOR 77;953144;"80-196         ";80-196 - DUCHA EMB. C/TRANSF. CR C.CERAM LOOP;4;4;4;23329536;110926105357386;183187766;;;;01/10/2032 00:00:00;3;13922422;11/09/2026 10:53:57;Tiago;Rodriguez;;;;;;Tiago Rodriguez;
14257836;11/09/2026 12:17:09;3;2;0001  215387-1;02;CAMIONETA LUN 5;2092387;"FA20    ";"FALABELLA S.A.                                    ";AV LIBERTADOR 77;953144;"80-196         ";80-196 - DUCHA EMB. C/TRANSF. CR C.CERAM LOOP;4;4;4;23329588;110926105457806;183119205;;;;01/10/2032 00:00:00;1;13922448;11/09/2026 10:54:57;Tiago;Rodriguez;;;;;;Tiago Rodriguez;
14257836;11/09/2026 12:17:09;3;2;0001  215387-1;02;CAMIONETA LUN 5;2092387;"FA20    ";"FALABELLA S.A.                                    ";AV LIBERTADOR 77;952453;"51-131         ";51-131 - MESADA BIMANDO CR C.CERAM MALLORCA;3;3;3;23329588;110926105457806;183117292;;;;01/12/2032 00:00:00;3;13922448;11/09/2026 10:54:57;Tiago;Rodriguez;;;;;;Tiago Rodriguez;
14257836;11/09/2026 12:17:09;3;2;0001  215387-1;02;CAMIONETA LUN 5;2092387;"FA20    ";"FALABELLA S.A.                                    ";AV LIBERTADOR 77;953136;"80-190P        ";80-190P - DUCHA EMB. C/TRANSF. C.CERAM BLACK VELVET PLUS;6;6;6;23329644;110926105600784;183188598;;;;07/30/2031 00:00:00;4;13922472;11/09/2026 10:56:00;Tiago;Rodriguez;;;;;;Tiago Rodriguez;
14257836;11/09/2026 12:17:09;3;2;0001  215387-1;02;CAMIONETA LUN 5;2092387;"FA20    ";"FALABELLA S.A.                                    ";AV LIBERTADOR 77;952664;"60-196         ";60-196 - LAVATORIO CR C.CERAM LOOP;15;15;15;23329764;110926105821002;183189496;;;;07/31/2031 00:00:00;10;13922549;11/09/2026 10:58:21;Tiago;Rodriguez;;;;;;Tiago Rodriguez;
14257836;11/09/2026 12:17:09;3;2;0001  215387-1;02;CAMIONETA LUN 5;2092387;"FA20    ";"FALABELLA S.A.                                    ";AV LIBERTADOR 77;952942;"70-196         ";70-196 - BIDE CR C.CERAM LOOP;12;12;12;23329920;110926110057044;183190556;;;;07/31/2031 00:00:00;10;13922633;11/09/2026 11:00:57;Tiago;Rodriguez;;;;;;Tiago Rodriguez;
14257836;11/09/2026 12:17:09;3;2;0001  215387-1;02;CAMIONETA LUN 5;2092387;"FA20    ";"FALABELLA S.A.                                    ";AV LIBERTADOR 77;952634;"60-162         ";60-162 - LAVATORIO CR C.CERAM LINEA ADRA;12;12;12;23330103;110926110347238;183191827;;;;07/29/2031 00:00:00;10;13922714;11/09/2026 11:03:47;Tiago;Rodriguez;;;;;;Tiago Rodriguez;
14257836;11/09/2026 12:17:09;3;2;0001  215387-1;02;CAMIONETA LUN 5;2092387;"FA20    ";"FALABELLA S.A.                                    ";AV LIBERTADOR 77;952912;"70-162         ";70-162 - BIDE CR C.CERAM LINEA ADRA;13;13;13;23330150;110926110425285;183192134;;;;07/29/2031 00:00:00;10;13922738;11/09/2026 11:04:25;Tiago;Rodriguez;;;;;;Tiago Rodriguez;
14257836;11/09/2026 12:17:09;3;2;0001  215387-1;02;CAMIONETA LUN 5;2092387;"FA20    ";"FALABELLA S.A.                                    ";AV LIBERTADOR 77;953068;"80-064         ";80-064 - DUCHA EMB.C/TRANSF CR  C.STD FRAGA;6;6;6;23333337;110926120329501;183117819;;;;03/01/2032 00:00:00;6;13924839;11/09/2026 12:03:29;Tiago;Rodriguez;;;;;;Tiago Rodriguez;
14257836;11/09/2026 12:17:09;3;2;0001  215387-1;02;CAMIONETA LUN 5;2092387;"FA20    ";"FALABELLA S.A.                                    ";AV LIBERTADOR 77;952868;"70-061         ";70-061 - BIDE CR C.STD PUEBLA;4;4;4;23333337;110926120329501;183118151;;;;07/31/2031 00:00:00;4;13924839;11/09/2026 12:03:29;Tiago;Rodriguez;;;;;;Tiago Rodriguez;
14257836;11/09/2026 12:17:09;3;2;0001  215387-1;02;CAMIONETA LUN 5;2092387;"FA20    ";"FALABELLA S.A.                                    ";AV LIBERTADOR 77;952912;"70-162         ";70-162 - BIDE CR C.CERAM LINEA ADRA;13;13;13;23333362;110926120411585;183115831;;;;07/29/2031 00:00:00;3;13924856;11/09/2026 12:04:11;Tiago;Rodriguez;;;;;;Tiago Rodriguez;
14257836;11/09/2026 12:17:09;3;2;0001  215387-1;02;CAMIONETA LUN 5;2092387;"FA20    ";"FALABELLA S.A.                                    ";AV LIBERTADOR 77;952871;"70-064         ";70-064 - BIDE CROMO C.STD FRAGA;6;6;6;23333362;110926120411585;183117744;;;;07/31/2031 00:00:00;6;13924856;11/09/2026 12:04:11;Tiago;Rodriguez;;;;;;Tiago Rodriguez;
14257836;11/09/2026 12:17:09;3;2;0001  215387-1;02;CAMIONETA LUN 5;2092387;"FA20    ";"FALABELLA S.A.                                    ";AV LIBERTADOR 77;952677;"60-203         ";60-203 - LAVATORIO MONOCOMANDO BAJO ADRA;1;1;1;23333362;110926120411585;183116457;;;;02/16/2032 00:00:00;1;13924856;11/09/2026 12:04:11;Tiago;Rodriguez;;;;;;Tiago Rodriguez;
14257836;11/09/2026 12:17:09;3;2;0001  215387-1;02;CAMIONETA LUN 5;2092387;"FA20    ";"FALABELLA S.A.                                    ";AV LIBERTADOR 77;953474;"933            ";933 - JGO PARED C/EXT CR DIQUE;5;5;5;23333437;110926120508886;183118000;;;;01/07/2032 00:00:00;5;13924889;11/09/2026 12:05:08;Tiago;Rodriguez;;;;;;Tiago Rodriguez;
14257836;11/09/2026 12:17:09;3;2;0001  215387-1;02;CAMIONETA LUN 5;2092387;"FA20    ";"FALABELLA S.A.                                    ";AV LIBERTADOR 77;952441;"51-061         ";51-061 - COCINA MESADA CR C.STD PUEBLA;4;4;4;23333437;110926120508886;183118353;;;;01/04/2032 00:00:00;4;13924889;11/09/2026 12:05:08;Tiago;Rodriguez;;;;;;Tiago Rodriguez;
14257836;11/09/2026 12:17:09;3;2;0001  215387-1;02;CAMIONETA LUN 5;2092387;"FA20    ";"FALABELLA S.A.                                    ";AV LIBERTADOR 77;952945;"70-199         ";70-199 - BIDE CR C.CERAM LIVE;1;1;1;23333437;110926120508886;183120013;;;;12/16/2031 00:00:00;1;13924889;11/09/2026 12:05:08;Tiago;Rodriguez;;;;;;Tiago Rodriguez;
14257836;11/09/2026 12:17:09;3;2;0001  215387-1;02;CAMIONETA LUN 5;2092387;"FA20    ";"FALABELLA S.A.                                    ";AV LIBERTADOR 77;952590;"60-064         ";60-064 - LAVATORIO CR/CR C.STD FRAGA;10;10;10;23333518;110926120639133;183117637;;;;07/31/2031 00:00:00;10;13924926;11/09/2026 12:06:39;Tiago;Rodriguez;;;;;;Tiago Rodriguez;
14257836;11/09/2026 12:17:09;3;2;0001  215387-1;02;CAMIONETA LUN 5;2092387;"FA20    ";"FALABELLA S.A.                                    ";AV LIBERTADOR 77;952587;"60-061         ";60-061 - LAVATORIO CR C.STD PUEBLA;4;4;4;23333599;110926120758916;183118225;;;;10/08/2031 00:00:00;4;13924950;11/09/2026 12:07:58;Tiago;Rodriguez;;;;;;Tiago Rodriguez;
14257836;11/09/2026 12:17:09;3;2;0001  215387-1;02;CAMIONETA LUN 5;2092387;"FA20    ";"FALABELLA S.A.                                    ";AV LIBERTADOR 77;952936;"70-190         ";70-190 - BIDE C.CERAM BLACK VELVET;6;6;6;23333599;110926120758916;183117092;;;;11/08/2031 00:00:00;6;13924950;11/09/2026 12:07:58;Tiago;Rodriguez;;;;;;Tiago Rodriguez;
14257836;11/09/2026 12:17:09;3;2;0001  215387-1;02;CAMIONETA LUN 5;2092387;"FA20    ";"FALABELLA S.A.                                    ";AV LIBERTADOR 77;953065;"80-061         ";80-061 - DUCHA EMB C/TRANSF CR PUEBLA;3;3;3;23333649;110926120930178;183118417;;;;07/31/2031 00:00:00;3;13924982;11/09/2026 12:09:30;Tiago;Rodriguez;;;;;;Tiago Rodriguez;
14257836;11/09/2026 12:17:09;3;2;0001  215387-1;02;CAMIONETA LUN 5;2092387;"FA20    ";"FALABELLA S.A.                                    ";AV LIBERTADOR 77;952942;"70-196         ";70-196 - BIDE CR C.CERAM LOOP;12;12;12;23333649;110926120930178;183118649;;;;07/31/2031 00:00:00;2;13924982;11/09/2026 12:09:30;Tiago;Rodriguez;;;;;;Tiago Rodriguez;
14257836;11/09/2026 12:17:09;3;2;0001  215387-1;02;CAMIONETA LUN 5;2092387;"FA20    ";"FALABELLA S.A.                                    ";AV LIBERTADOR 77;952664;"60-196         ";60-196 - LAVATORIO CR C.CERAM LOOP;15;15;15;23333649;110926120930178;183118960;;;;07/31/2031 00:00:00;5;13924982;11/09/2026 12:09:30;Tiago;Rodriguez;;;;;;Tiago Rodriguez;
14257836;11/09/2026 12:17:09;3;2;0001  215387-1;02;CAMIONETA LUN 5;2092387;"FA20    ";"FALABELLA S.A.                                    ";AV LIBERTADOR 77;952634;"60-162         ";60-162 - LAVATORIO CR C.CERAM LINEA ADRA;12;12;12;23333649;110926120930178;183116266;;;;07/29/2031 00:00:00;2;13924982;11/09/2026 12:09:30;Tiago;Rodriguez;;;;;;Tiago Rodriguez;
14257836;11/09/2026 12:17:09;3;2;0001  215387-1;02;CAMIONETA LUN 5;2092387;"FA20    ";"FALABELLA S.A.                                    ";AV LIBERTADOR 77;953109;"80-166         ";"DUCHA EMB. C/TRANSF. CR C.CERAM ADRA PLUS                             ";14;14;14;23333673;110926120957850;183217112;;;;01/18/2032 00:00:00;4;13924992;11/09/2026 12:09:57;Tiago;Rodriguez;;;;;;Tiago Rodriguez;
14257836;11/09/2026 12:17:09;3;2;0001  215387-1;02;CAMIONETA LUN 5;2092387;"FA20    ";"FALABELLA S.A.                                    ";AV LIBERTADOR 77;953109;"80-166         ";"DUCHA EMB. C/TRANSF. CR C.CERAM ADRA PLUS                             ";14;14;14;23333723;110926121114657;183217521;;;;01/18/2032 00:00:00;4;13925026;11/09/2026 12:11:14;Tiago;Rodriguez;;;;;;Tiago Rodriguez;
14257836;11/09/2026 12:17:09;3;2;0001  215387-1;02;CAMIONETA LUN 5;2092387;"FA20    ";"FALABELLA S.A.                                    ";AV LIBERTADOR 77;952658;"60-190         ";60-190 - LAVATORIO C.CERAM BLACK VELVET;2;2;2;23333745;110926121147424;183117162;;;;08/12/2031 00:00:00;2;13925043;11/09/2026 12:11:47;Tiago;Rodriguez;;;;;;Tiago Rodriguez;
14257836;11/09/2026 12:17:09;3;2;0001  215387-1;02;CAMIONETA LUN 5;2092387;"FA20    ";"FALABELLA S.A.                                    ";AV LIBERTADOR 77;952726;"61-203         ";61-203 - LAVATORIO MONOCOMANDO ALTO ADRA;3;3;3;23333745;110926121147424;183116510;;;;01/20/2032 00:00:00;3;13925043;11/09/2026 12:11:47;Tiago;Rodriguez;;;;;;Tiago Rodriguez;
14257836;11/09/2026 12:17:09;3;2;0001  215387-1;02;CAMIONETA LUN 5;2092387;"FA20    ";"FALABELLA S.A.                                    ";AV LIBERTADOR 77;953109;"80-166         ";"DUCHA EMB. C/TRANSF. CR C.CERAM ADRA PLUS                             ";14;14;14;23333788;110926121236202;183217984;;;;01/18/2032 00:00:00;4;13925058;11/09/2026 12:12:36;Tiago;Rodriguez;;;;;;Tiago Rodriguez;
14257836;11/09/2026 12:17:09;3;2;0001  215387-1;02;CAMIONETA LUN 5;2092387;"FA20    ";"FALABELLA S.A.                                    ";AV LIBERTADOR 77;953148;"80-199         ";80-199 - DUCHA EMB. C/TRANSF. CR C.CERAM LIVE;3;3;3;23333842;110926121334594;183117412;;;;11/04/2031 00:00:00;3;13925081;11/09/2026 12:13:34;Tiago;Rodriguez;;;;;;Tiago Rodriguez;
14257836;11/09/2026 12:17:09;3;2;0001  215387-1;02;CAMIONETA LUN 5;2092387;"FA20    ";"FALABELLA S.A.                                    ";AV LIBERTADOR 77;952452;"51-122         ";51-122 - MESADA BIMANDO CR C.CERAM VALENCIA;3;3;3;23333861;110926121351020;183116727;;;;01/31/2032 00:00:00;3;13925088;11/09/2026 12:13:51;Tiago;Rodriguez;;;;;;Tiago Rodriguez;
14257836;11/09/2026 12:17:09;3;2;0001  215387-1;02;CAMIONETA LUN 5;2092387;"FA20    ";"FALABELLA S.A.                                    ";AV LIBERTADOR 77;951547;"20-174         ";20-174 - COCINA MESADA MONOC. COLORS BLACK;6;6;6;23333929;110926121531181;183048114;;;;07/28/2031 00:00:00;6;13925139;11/09/2026 12:15:31;Tiago;Rodriguez;;;;;;Tiago Rodriguez;
14257836;11/09/2026 12:17:09;3;2;0001  215387-1;02;CAMIONETA LUN 5;2092387;"FA20    ";"FALABELLA S.A.                                    ";AV LIBERTADOR 77;953140;"80-193         ";80-193 - DUCHA EMB. C/TRANSF. MONOCOMANDO MORA;7;7;7;23333952;110926121605333;183048826;;;;07/27/2031 00:00:00;6;13925152;11/09/2026 12:16:05;Tiago;Rodriguez;;;;;;Tiago Rodriguez;
14257836;11/09/2026 12:17:09;3;2;0001  215387-1;02;CAMIONETA LUN 5;2092387;"FA20    ";"FALABELLA S.A.                                    ";AV LIBERTADOR 77;952928;"70-180         ";70-180 - BIDE MONOCOMANDO C/TRANSF. VERA;6;6;6;23333986;110926121638911;183046735;;;;07/27/2031 00:00:00;6;13925166;11/09/2026 12:16:38;Tiago;Rodriguez;;;;;;Tiago Rodriguez;
14257836;11/09/2026 12:17:09;3;2;0001  215387-1;02;CAMIONETA LUN 5;2092387;"FA20    ";"FALABELLA S.A.                                    ";AV LIBERTADOR 77;952661;"60-193         ";60-193 - LAVATORIO MONOCOMANDO BAJO MORA;6;6;6;23334002;110926121651281;183045961;;;;07/28/2031 00:00:00;6;13925171;11/09/2026 12:16:51;Tiago;Rodriguez;;;;;;Tiago Rodriguez;
14257849;11/09/2026 13:05:36;3;2;0001  214823-2;02;CAMIONETA LUN 5;2092901;"HO07    ";"HOKAMAT SRL                                       ";AV. PTE. PERON 2787;956412;"INO102-2       ";"DEPOSITO C/DESCARGA DUAL BLANCO LINEA LOFT                            ";3;3;3;23318550;110926130536242;183114673;;;;02/24/2032 00:00:00;3;13926385;11/09/2026 13:05:36;Agustin;Scirica;24594172;11/09/2026 06:11:47;7807;Nicolas;Perez;Agustin Scirica;Nicolas Perez
14257849;11/09/2026 13:05:36;3;2;0001  214823-2;02;CAMIONETA LUN 5;2092901;"HO07    ";"HOKAMAT SRL                                       ";AV. PTE. PERON 2787;956411;"INO102-1       ";"INODORO BLANCO C/ASIENTO LINEA LOFT                                   ";10;10;10;23318550;110926130536242;183114491;;;;02/24/2032 00:00:00;3;13926385;11/09/2026 13:05:36;Agustin;Scirica;24594172;11/09/2026 06:11:47;7807;Nicolas;Perez;Agustin Scirica;Nicolas Perez
14257849;11/09/2026 13:05:36;3;2;0001  214823-2;02;CAMIONETA LUN 5;2092901;"HO07    ";"HOKAMAT SRL                                       ";AV. PTE. PERON 2787;956411;"INO102-1       ";"INODORO BLANCO C/ASIENTO LINEA LOFT                                   ";10;10;10;23335942;110926130332713;183234431;;;;02/24/2032 00:00:00;7;13926396;11/09/2026 13:03:32;Agustin;Scirica;;;;;;Agustin Scirica;
14257851;11/09/2026 10:06:38;3;2;0001  215389-1;02;CAMIONETA LUN 5;2092387;"FA20    ";"FALABELLA S.A.                                    ";AV. DE LOS CONSTITUYENTES 3002;951512;"20-122         ";"MONOCOMANDO COCINA CR C/PICO EXTRAIBLE VALENCIA                       ";6;6;6;23318585;110926100638441;183115305;;;;08/06/2031 00:00:00;6;13920653;11/09/2026 10:06:38;Maximiliano;Nievas;24594223;11/09/2026 06:29:37;6419;Tiago;Rodriguez;Maximiliano Nievas;Tiago Rodriguez
14257851;11/09/2026 10:06:38;3;2;0001  215389-1;02;CAMIONETA LUN 5;2092387;"FA20    ";"FALABELLA S.A.                                    ";AV. DE LOS CONSTITUYENTES 3002;951513;"20-122N        ";20-122N - MONOCOMANDO COCINA C/PICO EXTRAIBLE VALENCIA BLACK;4;4;4;23318585;110926100638441;183115703;;;;08/06/2031 00:00:00;4;13920653;11/09/2026 10:06:38;Maximiliano;Nievas;24594223;11/09/2026 06:29:37;6419;Tiago;Rodriguez;Maximiliano Nievas;Tiago Rodriguez
14257851;11/09/2026 10:06:38;3;2;0001  215389-1;02;CAMIONETA LUN 5;2092387;"FA20    ";"FALABELLA S.A.                                    ";AV. DE LOS CONSTITUYENTES 3002;951524;"20-135         ";20-135 - MONOCOMANDO COCINA SANTANDER;5;5;5;23318585;110926100638441;183115872;;;;07/28/2031 00:00:00;5;13920653;11/09/2026 10:06:38;Maximiliano;Nievas;24594223;11/09/2026 06:29:37;6419;Tiago;Rodriguez;Maximiliano Nievas;Tiago Rodriguez
14257851;11/09/2026 10:06:38;3;2;0001  215389-1;02;CAMIONETA LUN 5;2092387;"FA20    ";"FALABELLA S.A.                                    ";AV. DE LOS CONSTITUYENTES 3002;951545;"20-172         ";20-172 - COCINA MESADA MONOC. COLORS NEGRO;4;4;4;23318585;110926100638441;183114944;;;;07/28/2031 00:00:00;4;13920653;11/09/2026 10:06:38;Maximiliano;Nievas;24594223;11/09/2026 06:29:37;6419;Tiago;Rodriguez;Maximiliano Nievas;Tiago Rodriguez
14257851;11/09/2026 10:06:38;3;2;0001  215389-1;02;CAMIONETA LUN 5;2092387;"FA20    ";"FALABELLA S.A.                                    ";AV. DE LOS CONSTITUYENTES 3002;951547;"20-174         ";20-174 - COCINA MESADA MONOC. COLORS BLACK;4;4;4;23318585;110926100638441;183115006;;;;07/28/2031 00:00:00;4;13920653;11/09/2026 10:06:38;Maximiliano;Nievas;24594223;11/09/2026 06:29:37;6419;Tiago;Rodriguez;Maximiliano Nievas;Tiago Rodriguez
14257851;11/09/2026 10:06:38;3;2;0001  215389-1;02;CAMIONETA LUN 5;2092387;"FA20    ";"FALABELLA S.A.                                    ";AV. DE LOS CONSTITUYENTES 3002;951554;"20-190         ";20-190 - COCINA MESADA MONOC BLACK VELVET;4;4;4;23318585;110926100638441;183115566;;;;07/28/2031 00:00:00;4;13920653;11/09/2026 10:06:38;Maximiliano;Nievas;24594223;11/09/2026 06:29:37;6419;Tiago;Rodriguez;Maximiliano Nievas;Tiago Rodriguez
14257851;11/09/2026 10:06:38;3;2;0001  215389-1;02;CAMIONETA LUN 5;2092387;"FA20    ";"FALABELLA S.A.                                    ";AV. DE LOS CONSTITUYENTES 3002;952650;"60-180         ";60-180 - LAVATORIO MONOCOMANDO BAJO VERA;6;6;6;23318585;110926100638441;183115247;;;;07/28/2031 00:00:00;6;13920653;11/09/2026 10:06:38;Maximiliano;Nievas;24594223;11/09/2026 06:29:37;6419;Tiago;Rodriguez;Maximiliano Nievas;Tiago Rodriguez
14257851;11/09/2026 10:06:38;3;2;0001  215389-1;02;CAMIONETA LUN 5;2092387;"FA20    ";"FALABELLA S.A.                                    ";AV. DE LOS CONSTITUYENTES 3002;952661;"60-193         ";60-193 - LAVATORIO MONOCOMANDO BAJO MORA;3;3;3;23318585;110926100638441;183115845;;;;07/28/2031 00:00:00;3;13920653;11/09/2026 10:06:38;Maximiliano;Nievas;24594223;11/09/2026 06:29:37;6419;Tiago;Rodriguez;Maximiliano Nievas;Tiago Rodriguez
14257851;11/09/2026 10:06:38;3;2;0001  215389-1;02;CAMIONETA LUN 5;2092387;"FA20    ";"FALABELLA S.A.                                    ";AV. DE LOS CONSTITUYENTES 3002;952714;"61-180         ";61-180 - LAVATORIO MONOCOMANDO ALTO VERA;4;4;4;23318585;110926100638441;183115251;;;;07/28/2031 00:00:00;4;13920653;11/09/2026 10:06:38;Maximiliano;Nievas;24594223;11/09/2026 06:29:37;6419;Tiago;Rodriguez;Maximiliano Nievas;Tiago Rodriguez
14257851;11/09/2026 10:06:38;3;2;0001  215389-1;02;CAMIONETA LUN 5;2092387;"FA20    ";"FALABELLA S.A.                                    ";AV. DE LOS CONSTITUYENTES 3002;953125;"80-180         ";80-180 - DUCHA EMB. C/TRANSF. MONOCOMANDO VERA;4;4;4;23318585;110926100638441;183115961;;;;11/23/2031 00:00:00;4;13920653;11/09/2026 10:06:38;Maximiliano;Nievas;24594223;11/09/2026 06:29:37;6419;Tiago;Rodriguez;Maximiliano Nievas;Tiago Rodriguez
14257851;11/09/2026 10:06:38;3;2;0001  215389-1;02;CAMIONETA LUN 5;2092387;"FA20    ";"FALABELLA S.A.                                    ";AV. DE LOS CONSTITUYENTES 3002;953140;"80-193         ";80-193 - DUCHA EMB. C/TRANSF. MONOCOMANDO MORA;5;5;5;23318585;110926100638441;183114789;;;;07/27/2031 00:00:00;5;13920653;11/09/2026 10:06:38;Maximiliano;Nievas;24594223;11/09/2026 06:29:37;6419;Tiago;Rodriguez;Maximiliano Nievas;Tiago Rodriguez
14257851;11/09/2026 10:06:38;3;2;0001  215389-1;02;CAMIONETA LUN 5;2092387;"FA20    ";"FALABELLA S.A.                                    ";AV. DE LOS CONSTITUYENTES 3002;953157;"80-203         ";80-203 - DUCHA EMB C/TRANSF. MONOCOMANDO ADRA;2;2;2;23318585;110926100638441;183115431;;;;07/27/2031 00:00:00;2;13920653;11/09/2026 10:06:38;Maximiliano;Nievas;24594223;11/09/2026 06:29:37;6419;Tiago;Rodriguez;Maximiliano Nievas;Tiago Rodriguez
14257851;11/09/2026 10:06:38;3;2;0001  215389-1;02;CAMIONETA LUN 5;2092387;"FA20    ";"FALABELLA S.A.                                    ";AV. DE LOS CONSTITUYENTES 3002;954679;"A843           ";A843 - DUCHADOR ANTICALCAREO 5F C/BARRAL,SOP,FLEX,JABONER;4;4;4;23318585;110926100638441;183114648;;;;07/28/2031 00:00:00;4;13920653;11/09/2026 10:06:38;Maximiliano;Nievas;24594223;11/09/2026 06:29:37;6419;Tiago;Rodriguez;Maximiliano Nievas;Tiago Rodriguez
14257851;11/09/2026 10:06:38;3;2;0001  215389-1;02;CAMIONETA LUN 5;2092387;"FA20    ";"FALABELLA S.A.                                    ";AV. DE LOS CONSTITUYENTES 3002;953109;"80-166         ";"DUCHA EMB. C/TRANSF. CR C.CERAM ADRA PLUS                             ";16;16;16;23318613;110926094543003;183115089;;;;01/18/2032 00:00:00;3;13919426;11/09/2026 09:45:43;Maximiliano;Nievas;24594262;11/09/2026 07:15:20;7152;Mirko;Hernandez;Maximiliano Nievas;Mirko Hernandez
14257851;11/09/2026 10:06:38;3;2;0001  215389-1;02;CAMIONETA LUN 5;2092387;"FA20    ";"FALABELLA S.A.                                    ";AV. DE LOS CONSTITUYENTES 3002;952726;"61-203         ";61-203 - LAVATORIO MONOCOMANDO ALTO ADRA;9;9;9;23318613;110926094543003;183118572;;;;01/20/2032 00:00:00;1;13919426;11/09/2026 09:45:43;Maximiliano;Nievas;24594262;11/09/2026 07:15:20;7152;Mirko;Hernandez;Maximiliano Nievas;Mirko Hernandez
14257851;11/09/2026 10:06:38;3;2;0001  215389-1;02;CAMIONETA LUN 5;2092387;"FA20    ";"FALABELLA S.A.                                    ";AV. DE LOS CONSTITUYENTES 3002;953136;"80-190P        ";80-190P - DUCHA EMB. C/TRANSF. C.CERAM BLACK VELVET PLUS;8;8;8;23323880;110926090403110;183148432;;;;07/30/2031 00:00:00;3;13919435;11/09/2026 09:04:03;Maximiliano;Nievas;;;;;;Maximiliano Nievas;
14257851;11/09/2026 10:06:38;3;2;0001  215389-1;02;CAMIONETA LUN 5;2092387;"FA20    ";"FALABELLA S.A.                                    ";AV. DE LOS CONSTITUYENTES 3002;952453;"51-131         ";51-131 - MESADA BIMANDO CR C.CERAM MALLORCA;3;3;3;23324067;110926090827789;183149808;;;;01/12/2032 00:00:00;2;13919537;11/09/2026 09:08:27;Maximiliano;Nievas;;;;;;Maximiliano Nievas;
14257851;11/09/2026 10:06:38;3;2;0001  215389-1;02;CAMIONETA LUN 5;2092387;"FA20    ";"FALABELLA S.A.                                    ";AV. DE LOS CONSTITUYENTES 3002;952452;"51-122         ";51-122 - MESADA BIMANDO CR C.CERAM VALENCIA;5;5;5;23324067;110926090827789;183149807;;;;01/31/2032 00:00:00;1;13919537;11/09/2026 09:08:27;Maximiliano;Nievas;;;;;;Maximiliano Nievas;
14257851;11/09/2026 10:06:38;3;2;0001  215389-1;02;CAMIONETA LUN 5;2092387;"FA20    ";"FALABELLA S.A.                                    ";AV. DE LOS CONSTITUYENTES 3002;952452;"51-122         ";51-122 - MESADA BIMANDO CR C.CERAM VALENCIA;5;5;5;23324101;110926090856785;183150028;;;;01/31/2032 00:00:00;2;13919547;11/09/2026 09:08:56;Maximiliano;Nievas;;;;;;Maximiliano Nievas;
14257851;11/09/2026 10:06:38;3;2;0001  215389-1;02;CAMIONETA LUN 5;2092387;"FA20    ";"FALABELLA S.A.                                    ";AV. DE LOS CONSTITUYENTES 3002;952453;"51-131         ";51-131 - MESADA BIMANDO CR C.CERAM MALLORCA;3;3;3;23324101;110926090856785;183118282;;;;01/12/2032 00:00:00;1;13919547;11/09/2026 09:08:56;Maximiliano;Nievas;;;;;;Maximiliano Nievas;
14257851;11/09/2026 10:06:38;3;2;0001  215389-1;02;CAMIONETA LUN 5;2092387;"FA20    ";"FALABELLA S.A.                                    ";AV. DE LOS CONSTITUYENTES 3002;953148;"80-199         ";80-199 - DUCHA EMB. C/TRANSF. CR C.CERAM LIVE;2;2;2;23324145;110926091004735;183117861;;;;11/04/2031 00:00:00;2;13919575;11/09/2026 09:10:04;Maximiliano;Nievas;;;;;;Maximiliano Nievas;
14257851;11/09/2026 10:06:38;3;2;0001  215389-1;02;CAMIONETA LUN 5;2092387;"FA20    ";"FALABELLA S.A.                                    ";AV. DE LOS CONSTITUYENTES 3002;953136;"80-190P        ";80-190P - DUCHA EMB. C/TRANSF. C.CERAM BLACK VELVET PLUS;8;8;8;23324145;110926091004735;183150395;;;;07/30/2031 00:00:00;1;13919575;11/09/2026 09:10:04;Maximiliano;Nievas;;;;;;Maximiliano Nievas;
14257851;11/09/2026 10:06:38;3;2;0001  215389-1;02;CAMIONETA LUN 5;2092387;"FA20    ";"FALABELLA S.A.                                    ";AV. DE LOS CONSTITUYENTES 3002;953136;"80-190P        ";80-190P - DUCHA EMB. C/TRANSF. C.CERAM BLACK VELVET PLUS;8;8;8;23324160;110926091025774;183150502;;;;07/30/2031 00:00:00;3;13919585;11/09/2026 09:10:25;Maximiliano;Nievas;;;;;;Maximiliano Nievas;
14257851;11/09/2026 10:06:38;3;2;0001  215389-1;02;CAMIONETA LUN 5;2092387;"FA20    ";"FALABELLA S.A.                                    ";AV. DE LOS CONSTITUYENTES 3002;952452;"51-122         ";51-122 - MESADA BIMANDO CR C.CERAM VALENCIA;5;5;5;23324187;110926091101260;183118054;;;;01/31/2032 00:00:00;2;13919594;11/09/2026 09:11:01;Maximiliano;Nievas;;;;;;Maximiliano Nievas;
14257851;11/09/2026 10:06:38;3;2;0001  215389-1;02;CAMIONETA LUN 5;2092387;"FA20    ";"FALABELLA S.A.                                    ";AV. DE LOS CONSTITUYENTES 3002;953136;"80-190P        ";80-190P - DUCHA EMB. C/TRANSF. C.CERAM BLACK VELVET PLUS;8;8;8;23324187;110926091101260;183118212;;;;07/30/2031 00:00:00;1;13919594;11/09/2026 09:11:01;Maximiliano;Nievas;;;;;;Maximiliano Nievas;
14257851;11/09/2026 10:06:38;3;2;0001  215389-1;02;CAMIONETA LUN 5;2092387;"FA20    ";"FALABELLA S.A.                                    ";AV. DE LOS CONSTITUYENTES 3002;953144;"80-196         ";80-196 - DUCHA EMB. C/TRANSF. CR C.CERAM LOOP;11;11;11;23324206;110926091123096;183150766;;;;01/10/2032 00:00:00;3;13919604;11/09/2026 09:11:23;Maximiliano;Nievas;;;;;;Maximiliano Nievas;
14257851;11/09/2026 10:06:38;3;2;0001  215389-1;02;CAMIONETA LUN 5;2092387;"FA20    ";"FALABELLA S.A.                                    ";AV. DE LOS CONSTITUYENTES 3002;953144;"80-196         ";80-196 - DUCHA EMB. C/TRANSF. CR C.CERAM LOOP;11;11;11;23324234;110926091155569;183150953;;;;01/10/2032 00:00:00;3;13919620;11/09/2026 09:11:55;Maximiliano;Nievas;;;;;;Maximiliano Nievas;
14257851;11/09/2026 10:06:38;3;2;0001  215389-1;02;CAMIONETA LUN 5;2092387;"FA20    ";"FALABELLA S.A.                                    ";AV. DE LOS CONSTITUYENTES 3002;953144;"80-196         ";80-196 - DUCHA EMB. C/TRANSF. CR C.CERAM LOOP;11;11;11;23324246;110926091212332;183151040;;;;01/10/2032 00:00:00;3;13919627;11/09/2026 09:12:12;Maximiliano;Nievas;;;;;;Maximiliano Nievas;
14257851;11/09/2026 10:06:38;3;2;0001  215389-1;02;CAMIONETA LUN 5;2092387;"FA20    ";"FALABELLA S.A.                                    ";AV. DE LOS CONSTITUYENTES 3002;952667;"60-199         ";60-199 - LAVATORIO CR C.CERAM LIVE;3;3;3;23324275;110926091250828;183116458;;;;11/16/2031 00:00:00;3;13919640;11/09/2026 09:12:50;Maximiliano;Nievas;;;;;;Maximiliano Nievas;
14257851;11/09/2026 10:06:38;3;2;0001  215389-1;02;CAMIONETA LUN 5;2092387;"FA20    ";"FALABELLA S.A.                                    ";AV. DE LOS CONSTITUYENTES 3002;953109;"80-166         ";"DUCHA EMB. C/TRANSF. CR C.CERAM ADRA PLUS                             ";16;16;16;23324275;110926091250828;183151237;;;;01/18/2032 00:00:00;1;13919640;11/09/2026 09:12:50;Maximiliano;Nievas;;;;;;Maximiliano Nievas;
14257851;11/09/2026 10:06:38;3;2;0001  215389-1;02;CAMIONETA LUN 5;2092387;"FA20    ";"FALABELLA S.A.                                    ";AV. DE LOS CONSTITUYENTES 3002;952726;"61-203         ";61-203 - LAVATORIO MONOCOMANDO ALTO ADRA;9;9;9;23324382;110926091512664;183152063;;;;01/20/2032 00:00:00;4;13919694;11/09/2026 09:15:12;Maximiliano;Nievas;;;;;;Maximiliano Nievas;
14257851;11/09/2026 10:06:38;3;2;0001  215389-1;02;CAMIONETA LUN 5;2092387;"FA20    ";"FALABELLA S.A.                                    ";AV. DE LOS CONSTITUYENTES 3002;952726;"61-203         ";61-203 - LAVATORIO MONOCOMANDO ALTO ADRA;9;9;9;23324607;110926092054337;183153751;;;;01/20/2032 00:00:00;4;13919852;11/09/2026 09:20:54;Maximiliano;Nievas;;;;;;Maximiliano Nievas;
14257851;11/09/2026 10:06:38;3;2;0001  215389-1;02;CAMIONETA LUN 5;2092387;"FA20    ";"FALABELLA S.A.                                    ";AV. DE LOS CONSTITUYENTES 3002;952912;"70-162         ";70-162 - BIDE CR C.CERAM LINEA ADRA;18;18;18;23324746;110926092348626;183154717;;;;07/29/2031 00:00:00;10;13919923;11/09/2026 09:23:48;Maximiliano;Nievas;;;;;;Maximiliano Nievas;
14257851;11/09/2026 10:06:38;3;2;0001  215389-1;02;CAMIONETA LUN 5;2092387;"FA20    ";"FALABELLA S.A.                                    ";AV. DE LOS CONSTITUYENTES 3002;952441;"51-061         ";51-061 - COCINA MESADA CR C.STD PUEBLA;13;13;13;23324833;110926092543611;183155356;;;;01/04/2032 00:00:00;2;13919966;11/09/2026 09:25:43;Maximiliano;Nievas;;;;;;Maximiliano Nievas;
14257851;11/09/2026 10:06:38;3;2;0001  215389-1;02;CAMIONETA LUN 5;2092387;"FA20    ";"FALABELLA S.A.                                    ";AV. DE LOS CONSTITUYENTES 3002;952912;"70-162         ";70-162 - BIDE CR C.CERAM LINEA ADRA;18;18;18;23324833;110926092543611;183115524;;;;07/29/2031 00:00:00;8;13919966;11/09/2026 09:25:43;Maximiliano;Nievas;;;;;;Maximiliano Nievas;
14257851;11/09/2026 10:06:38;3;2;0001  215389-1;02;CAMIONETA LUN 5;2092387;"FA20    ";"FALABELLA S.A.                                    ";AV. DE LOS CONSTITUYENTES 3002;952634;"60-162         ";60-162 - LAVATORIO CR C.CERAM LINEA ADRA;7;7;7;23324870;110926092627751;183115381;;;;07/29/2031 00:00:00;7;13919983;11/09/2026 09:26:27;Maximiliano;Nievas;;;;;;Maximiliano Nievas;
14257851;11/09/2026 10:06:38;3;2;0001  215389-1;02;CAMIONETA LUN 5;2092387;"FA20    ";"FALABELLA S.A.                                    ";AV. DE LOS CONSTITUYENTES 3002;952774;"62-190         ";62-190 - LAVATORIO PARED EMB. C.CERAM BLACK VELVET;3;3;3;23324870;110926092627751;183116901;;;;09/02/2031 00:00:00;3;13919983;11/09/2026 09:26:27;Maximiliano;Nievas;;;;;;Maximiliano Nievas;
14257851;11/09/2026 10:06:38;3;2;0001  215389-1;02;CAMIONETA LUN 5;2092387;"FA20    ";"FALABELLA S.A.                                    ";AV. DE LOS CONSTITUYENTES 3002;953474;"933            ";933 - JGO PARED C/EXT CR DIQUE;8;8;8;23324896;110926092702622;183117241;;;;01/07/2032 00:00:00;8;13919995;11/09/2026 09:27:02;Maximiliano;Nievas;;;;;;Maximiliano Nievas;
14257851;11/09/2026 10:06:38;3;2;0001  215389-1;02;CAMIONETA LUN 5;2092387;"FA20    ";"FALABELLA S.A.                                    ";AV. DE LOS CONSTITUYENTES 3002;952936;"70-190         ";70-190 - BIDE C.CERAM BLACK VELVET;2;2;2;23324896;110926092702622;183116961;;;;11/08/2031 00:00:00;2;13919995;11/09/2026 09:27:02;Maximiliano;Nievas;;;;;;Maximiliano Nievas;
14257851;11/09/2026 10:06:38;3;2;0001  215389-1;02;CAMIONETA LUN 5;2092387;"FA20    ";"FALABELLA S.A.                                    ";AV. DE LOS CONSTITUYENTES 3002;952441;"51-061         ";51-061 - COCINA MESADA CR C.STD PUEBLA;13;13;13;23325336;110926093542679;183158446;;;;01/04/2032 00:00:00;1;13920277;11/09/2026 09:35:42;Maximiliano;Nievas;;;;;;Maximiliano Nievas;
14257851;11/09/2026 10:06:38;3;2;0001  215389-1;02;CAMIONETA LUN 5;2092387;"FA20    ";"FALABELLA S.A.                                    ";AV. DE LOS CONSTITUYENTES 3002;952590;"60-064         ";60-064 - LAVATORIO CR/CR C.STD FRAGA;7;7;7;23325336;110926093542679;183158447;;;;07/31/2031 00:00:00;5;13920277;11/09/2026 09:35:42;Maximiliano;Nievas;;;;;;Maximiliano Nievas;
14257851;11/09/2026 10:06:38;3;2;0001  215389-1;02;CAMIONETA LUN 5;2092387;"FA20    ";"FALABELLA S.A.                                    ";AV. DE LOS CONSTITUYENTES 3002;952781;"62-199         ";62-199 - LAVATORIO DE PARED CR C.CERAM LIVE;1;1;1;23325336;110926093542679;183117029;;;;08/03/2031 00:00:00;1;13920277;11/09/2026 09:35:42;Maximiliano;Nievas;;;;;;Maximiliano Nievas;
14257851;11/09/2026 10:06:38;3;2;0001  215389-1;02;CAMIONETA LUN 5;2092387;"FA20    ";"FALABELLA S.A.                                    ";AV. DE LOS CONSTITUYENTES 3002;952942;"70-196         ";70-196 - BIDE CR C.CERAM LOOP;3;3;3;23325336;110926093542679;183115903;;;;07/31/2031 00:00:00;3;13920277;11/09/2026 09:35:42;Maximiliano;Nievas;;;;;;Maximiliano Nievas;
14257851;11/09/2026 10:06:38;3;2;0001  215389-1;02;CAMIONETA LUN 5;2092387;"FA20    ";"FALABELLA S.A.                                    ";AV. DE LOS CONSTITUYENTES 3002;952441;"51-061         ";51-061 - COCINA MESADA CR C.STD PUEBLA;13;13;13;23325385;110926093631556;183115870;;;;01/04/2032 00:00:00;10;13920295;11/09/2026 09:36:31;Maximiliano;Nievas;;;;;;Maximiliano Nievas;
14257851;11/09/2026 10:06:38;3;2;0001  215389-1;02;CAMIONETA LUN 5;2092387;"FA20    ";"FALABELLA S.A.                                    ";AV. DE LOS CONSTITUYENTES 3002;952945;"70-199         ";70-199 - BIDE CR C.CERAM LIVE;4;4;4;23325421;110926093724454;183158988;;;;12/16/2031 00:00:00;2;13920312;11/09/2026 09:37:24;Maximiliano;Nievas;;;;;;Maximiliano Nievas;
14257851;11/09/2026 10:06:38;3;2;0001  215389-1;02;CAMIONETA LUN 5;2092387;"FA20    ";"FALABELLA S.A.                                    ";AV. DE LOS CONSTITUYENTES 3002;953068;"80-064         ";80-064 - DUCHA EMB.C/TRANSF CR  C.STD FRAGA;8;8;8;23325421;110926093724454;183116350;;;;07/31/2031 00:00:00;8;13920312;11/09/2026 09:37:24;Maximiliano;Nievas;;;;;;Maximiliano Nievas;
14257851;11/09/2026 10:06:38;3;2;0001  215389-1;02;CAMIONETA LUN 5;2092387;"FA20    ";"FALABELLA S.A.                                    ";AV. DE LOS CONSTITUYENTES 3002;952587;"60-061         ";60-061 - LAVATORIO CR C.STD PUEBLA;8;8;8;23325482;110926093819764;183115639;;;;10/08/2031 00:00:00;8;13920335;11/09/2026 09:38:19;Maximiliano;Nievas;;;;;;Maximiliano Nievas;
14257851;11/09/2026 10:06:38;3;2;0001  215389-1;02;CAMIONETA LUN 5;2092387;"FA20    ";"FALABELLA S.A.                                    ";AV. DE LOS CONSTITUYENTES 3002;952945;"70-199         ";70-199 - BIDE CR C.CERAM LIVE;4;4;4;23325482;110926093819764;183115271;;;;12/16/2031 00:00:00;2;13920335;11/09/2026 09:38:19;Maximiliano;Nievas;;;;;;Maximiliano Nievas;
14257851;11/09/2026 10:06:38;3;2;0001  215389-1;02;CAMIONETA LUN 5;2092387;"FA20    ";"FALABELLA S.A.                                    ";AV. DE LOS CONSTITUYENTES 3002;952590;"60-064         ";60-064 - LAVATORIO CR/CR C.STD FRAGA;7;7;7;23325542;110926093923134;183116172;;;;07/31/2031 00:00:00;2;13920361;11/09/2026 09:39:23;Maximiliano;Nievas;;;;;;Maximiliano Nievas;
14257851;11/09/2026 10:06:38;3;2;0001  215389-1;02;CAMIONETA LUN 5;2092387;"FA20    ";"FALABELLA S.A.                                    ";AV. DE LOS CONSTITUYENTES 3002;952664;"60-196         ";60-196 - LAVATORIO CR C.CERAM LOOP;7;7;7;23325542;110926093923134;183159683;;;;07/31/2031 00:00:00;2;13920361;11/09/2026 09:39:23;Maximiliano;Nievas;;;;;;Maximiliano Nievas;
14257851;11/09/2026 10:06:38;3;2;0001  215389-1;02;CAMIONETA LUN 5;2092387;"FA20    ";"FALABELLA S.A.                                    ";AV. DE LOS CONSTITUYENTES 3002;952871;"70-064         ";70-064 - BIDE CROMO C.STD FRAGA;5;5;5;23325542;110926093923134;183116399;;;;07/31/2031 00:00:00;5;13920361;11/09/2026 09:39:23;Maximiliano;Nievas;;;;;;Maximiliano Nievas;
14257851;11/09/2026 10:06:38;3;2;0001  215389-1;02;CAMIONETA LUN 5;2092387;"FA20    ";"FALABELLA S.A.                                    ";AV. DE LOS CONSTITUYENTES 3002;952677;"60-203         ";60-203 - LAVATORIO MONOCOMANDO BAJO ADRA;9;9;9;23325579;110926094005090;183116820;;;;02/16/2032 00:00:00;9;13920374;11/09/2026 09:40:05;Maximiliano;Nievas;;;;;;Maximiliano Nievas;
14257851;11/09/2026 10:06:38;3;2;0001  215389-1;02;CAMIONETA LUN 5;2092387;"FA20    ";"FALABELLA S.A.                                    ";AV. DE LOS CONSTITUYENTES 3002;953065;"80-061         ";80-061 - DUCHA EMB C/TRANSF CR PUEBLA;7;7;7;23325643;110926094111078;183115776;;;;07/31/2031 00:00:00;7;13920409;11/09/2026 09:41:11;Maximiliano;Nievas;;;;;;Maximiliano Nievas;
14257851;11/09/2026 10:06:38;3;2;0001  215389-1;02;CAMIONETA LUN 5;2092387;"FA20    ";"FALABELLA S.A.                                    ";AV. DE LOS CONSTITUYENTES 3002;952868;"70-061         ";70-061 - BIDE CR C.STD PUEBLA;6;6;6;23325674;110926094154009;183115674;;;;07/31/2031 00:00:00;6;13920446;11/09/2026 09:41:54;Maximiliano;Nievas;;;;;;Maximiliano Nievas;
14257851;11/09/2026 10:06:38;3;2;0001  215389-1;02;CAMIONETA LUN 5;2092387;"FA20    ";"FALABELLA S.A.                                    ";AV. DE LOS CONSTITUYENTES 3002;952664;"60-196         ";60-196 - LAVATORIO CR C.CERAM LOOP;7;7;7;23325710;110926094254999;183115949;;;;07/31/2031 00:00:00;5;13920468;11/09/2026 09:42:55;Maximiliano;Nievas;;;;;;Maximiliano Nievas;
14257851;11/09/2026 10:06:38;3;2;0001  215389-1;02;CAMIONETA LUN 5;2092387;"FA20    ";"FALABELLA S.A.                                    ";AV. DE LOS CONSTITUYENTES 3002;953144;"80-196         ";80-196 - DUCHA EMB. C/TRANSF. CR C.CERAM LOOP;11;11;11;23325710;110926094254999;183118843;;;;01/10/2032 00:00:00;2;13920468;11/09/2026 09:42:55;Maximiliano;Nievas;;;;;;Maximiliano Nievas;
14257851;11/09/2026 10:06:38;3;2;0001  215389-1;02;CAMIONETA LUN 5;2092387;"FA20    ";"FALABELLA S.A.                                    ";AV. DE LOS CONSTITUYENTES 3002;953109;"80-166         ";"DUCHA EMB. C/TRANSF. CR C.CERAM ADRA PLUS                             ";16;16;16;23325742;110926094339557;183161070;;;;01/18/2032 00:00:00;4;13920487;11/09/2026 09:43:39;Maximiliano;Nievas;;;;;;Maximiliano Nievas;
14257851;11/09/2026 10:06:38;3;2;0001  215389-1;02;CAMIONETA LUN 5;2092387;"FA20    ";"FALABELLA S.A.                                    ";AV. DE LOS CONSTITUYENTES 3002;953109;"80-166         ";"DUCHA EMB. C/TRANSF. CR C.CERAM ADRA PLUS                             ";16;16;16;23325779;110926094413110;183161248;;;;01/18/2032 00:00:00;4;13920502;11/09/2026 09:44:13;Maximiliano;Nievas;;;;;;Maximiliano Nievas;
14257851;11/09/2026 10:06:38;3;2;0001  215389-1;02;CAMIONETA LUN 5;2092387;"FA20    ";"FALABELLA S.A.                                    ";AV. DE LOS CONSTITUYENTES 3002;953109;"80-166         ";"DUCHA EMB. C/TRANSF. CR C.CERAM ADRA PLUS                             ";16;16;16;23325826;110926094510815;183161539;;;;01/18/2032 00:00:00;4;13920529;11/09/2026 09:45:10;Maximiliano;Nievas;;;;;;Maximiliano Nievas;
14257853;11/09/2026 12:58:15;3;2;0001  215391-1;02;CAMIONETA LUN 5;2092387;"FA20    ";"FALABELLA S.A.                                    ";AV. DE LOS CONSTITUYENTES 515;952868;"70-061         ";70-061 - BIDE CR C.STD PUEBLA;1;1;1;23318622;110926125811743;183117552;;;;07/31/2031 00:00:00;1;13925377;11/09/2026 12:58:11;Tiago;Rodriguez;24594281;11/09/2026 07:04:57;6414;Agustin;Scirica;Tiago Rodriguez;Agustin Scirica
14257853;11/09/2026 12:58:15;3;2;0001  215391-1;02;CAMIONETA LUN 5;2092387;"FA20    ";"FALABELLA S.A.                                    ";AV. DE LOS CONSTITUYENTES 515;952942;"70-196         ";70-196 - BIDE CR C.CERAM LOOP;13;13;13;23318622;110926125811743;183117299;;;;07/31/2031 00:00:00;3;13925377;11/09/2026 12:58:11;Tiago;Rodriguez;24594281;11/09/2026 07:04:57;6414;Agustin;Scirica;Tiago Rodriguez;Agustin Scirica
14257853;11/09/2026 12:58:15;3;2;0001  215391-1;02;CAMIONETA LUN 5;2092387;"FA20    ";"FALABELLA S.A.                                    ";AV. DE LOS CONSTITUYENTES 515;952945;"70-199         ";70-199 - BIDE CR C.CERAM LIVE;3;3;3;23318622;110926125811743;183119062;;;;12/16/2031 00:00:00;3;13925377;11/09/2026 12:58:11;Tiago;Rodriguez;24594281;11/09/2026 07:04:57;6414;Agustin;Scirica;Tiago Rodriguez;Agustin Scirica
14257853;11/09/2026 12:58:15;3;2;0001  215391-1;02;CAMIONETA LUN 5;2092387;"FA20    ";"FALABELLA S.A.                                    ";AV. DE LOS CONSTITUYENTES 515;951545;"20-172         ";20-172 - COCINA MESADA MONOC. COLORS NEGRO;8;8;8;23318880;110926122520082;183116579;;;;07/28/2031 00:00:00;6;13925242;11/09/2026 12:25:20;Tiago;Rodriguez;24594590;11/09/2026 06:46:27;6867;Javier;Lescano;Tiago Rodriguez;Javier Lescano
14257853;11/09/2026 12:58:15;3;2;0001  215391-1;02;CAMIONETA LUN 5;2092387;"FA20    ";"FALABELLA S.A.                                    ";AV. DE LOS CONSTITUYENTES 515;952714;"61-180         ";61-180 - LAVATORIO MONOCOMANDO ALTO VERA;5;5;5;23334185;110926122026820;183116953;;;;07/28/2031 00:00:00;5;13925255;11/09/2026 12:20:26;Tiago;Rodriguez;;;;;;Tiago Rodriguez;
14257853;11/09/2026 12:58:15;3;2;0001  215391-1;02;CAMIONETA LUN 5;2092387;"FA20    ";"FALABELLA S.A.                                    ";AV. DE LOS CONSTITUYENTES 515;951554;"20-190         ";20-190 - COCINA MESADA MONOC BLACK VELVET;2;2;2;23334232;110926122147569;183117046;;;;07/28/2031 00:00:00;2;13925290;11/09/2026 12:21:47;Tiago;Rodriguez;;;;;;Tiago Rodriguez;
14257853;11/09/2026 12:58:15;3;2;0001  215391-1;02;CAMIONETA LUN 5;2092387;"FA20    ";"FALABELLA S.A.                                    ";AV. DE LOS CONSTITUYENTES 515;951545;"20-172         ";20-172 - COCINA MESADA MONOC. COLORS NEGRO;8;8;8;23334232;110926122147569;183221321;;;;07/28/2031 00:00:00;2;13925290;11/09/2026 12:21:47;Tiago;Rodriguez;;;;;;Tiago Rodriguez;
14257853;11/09/2026 12:58:15;3;2;0001  215391-1;02;CAMIONETA LUN 5;2092387;"FA20    ";"FALABELLA S.A.                                    ";AV. DE LOS CONSTITUYENTES 515;952721;"61-193         ";61-193 - LAVATORIO MONOCOMANDO ALTO MORA;1;1;1;23334232;110926122147569;183117199;;;;07/27/2031 00:00:00;1;13925290;11/09/2026 12:21:47;Tiago;Rodriguez;;;;;;Tiago Rodriguez;
14257853;11/09/2026 12:58:15;3;2;0001  215391-1;02;CAMIONETA LUN 5;2092387;"FA20    ";"FALABELLA S.A.                                    ";AV. DE LOS CONSTITUYENTES 515;952650;"60-180         ";60-180 - LAVATORIO MONOCOMANDO BAJO VERA;4;4;4;23334262;110926122219512;183116878;;;;07/28/2031 00:00:00;4;13925302;11/09/2026 12:22:20;Tiago;Rodriguez;;;;;;Tiago Rodriguez;
14257853;11/09/2026 12:58:15;3;2;0001  215391-1;02;CAMIONETA LUN 5;2092387;"FA20    ";"FALABELLA S.A.                                    ";AV. DE LOS CONSTITUYENTES 515;952928;"70-180         ";70-180 - BIDE MONOCOMANDO C/TRANSF. VERA;3;3;3;23334262;110926122219512;183116811;;;;07/27/2031 00:00:00;3;13925302;11/09/2026 12:22:20;Tiago;Rodriguez;;;;;;Tiago Rodriguez;
14257853;11/09/2026 12:58:15;3;2;0001  215391-1;02;CAMIONETA LUN 5;2092387;"FA20    ";"FALABELLA S.A.                                    ";AV. DE LOS CONSTITUYENTES 515;953125;"80-180         ";80-180 - DUCHA EMB. C/TRANSF. MONOCOMANDO VERA;4;4;4;23334305;110926122311773;183117310;;;;11/23/2031 00:00:00;4;13925317;11/09/2026 12:23:11;Tiago;Rodriguez;;;;;;Tiago Rodriguez;
14257853;11/09/2026 12:58:15;3;2;0001  215391-1;02;CAMIONETA LUN 5;2092387;"FA20    ";"FALABELLA S.A.                                    ";AV. DE LOS CONSTITUYENTES 515;951513;"20-122N        ";20-122N - MONOCOMANDO COCINA C/PICO EXTRAIBLE VALENCIA BLACK;4;4;4;23334345;110926122337442;183117130;;;;08/06/2031 00:00:00;4;13925325;11/09/2026 12:23:37;Tiago;Rodriguez;;;;;;Tiago Rodriguez;
14257853;11/09/2026 12:58:15;3;2;0001  215391-1;02;CAMIONETA LUN 5;2092387;"FA20    ";"FALABELLA S.A.                                    ";AV. DE LOS CONSTITUYENTES 515;951547;"20-174         ";20-174 - COCINA MESADA MONOC. COLORS BLACK;5;5;5;23334360;110926122405724;183116688;;;;07/28/2031 00:00:00;5;13925340;11/09/2026 12:24:05;Tiago;Rodriguez;;;;;;Tiago Rodriguez;
14257853;11/09/2026 12:58:15;3;2;0001  215391-1;02;CAMIONETA LUN 5;2092387;"FA20    ";"FALABELLA S.A.                                    ";AV. DE LOS CONSTITUYENTES 515;952452;"51-122         ";51-122 - MESADA BIMANDO CR C.CERAM VALENCIA;5;5;5;23334450;110926122555946;183222668;;;;01/17/2032 00:00:00;3;13925383;11/09/2026 12:25:55;Tiago;Rodriguez;;;;;;Tiago Rodriguez;
14257853;11/09/2026 12:58:15;3;2;0001  215391-1;02;CAMIONETA LUN 5;2092387;"FA20    ";"FALABELLA S.A.                                    ";AV. DE LOS CONSTITUYENTES 515;952452;"51-122         ";51-122 - MESADA BIMANDO CR C.CERAM VALENCIA;5;5;5;23334464;110926122621919;183115441;;;;01/17/2032 00:00:00;2;13925395;11/09/2026 12:26:22;Tiago;Rodriguez;;;;;;Tiago Rodriguez;
14257853;11/09/2026 12:58:15;3;2;0001  215391-1;02;CAMIONETA LUN 5;2092387;"FA20    ";"FALABELLA S.A.                                    ";AV. DE LOS CONSTITUYENTES 515;952453;"51-131         ";51-131 - MESADA BIMANDO CR C.CERAM MALLORCA;3;3;3;23334464;110926122621919;183222820;;;;01/12/2032 00:00:00;1;13925395;11/09/2026 12:26:22;Tiago;Rodriguez;;;;;;Tiago Rodriguez;
14257853;11/09/2026 12:58:15;3;2;0001  215391-1;02;CAMIONETA LUN 5;2092387;"FA20    ";"FALABELLA S.A.                                    ";AV. DE LOS CONSTITUYENTES 515;952456;"51-190         ";51-190 - MESADA BIMANDO C.CERAM BLACK VELVET;9;9;9;23334486;110926122645533;183222944;;;;10/20/2031 00:00:00;2;13925411;11/09/2026 12:26:45;Tiago;Rodriguez;;;;;;Tiago Rodriguez;
14257853;11/09/2026 12:58:15;3;2;0001  215391-1;02;CAMIONETA LUN 5;2092387;"FA20    ";"FALABELLA S.A.                                    ";AV. DE LOS CONSTITUYENTES 515;952453;"51-131         ";51-131 - MESADA BIMANDO CR C.CERAM MALLORCA;3;3;3;23334486;110926122645533;183222943;;;;01/12/2032 00:00:00;1;13925411;11/09/2026 12:26:45;Tiago;Rodriguez;;;;;;Tiago Rodriguez;
14257853;11/09/2026 12:58:15;3;2;0001  215391-1;02;CAMIONETA LUN 5;2092387;"FA20    ";"FALABELLA S.A.                                    ";AV. DE LOS CONSTITUYENTES 515;952453;"51-131         ";51-131 - MESADA BIMANDO CR C.CERAM MALLORCA;3;3;3;23334501;110926122704773;183114994;;;;01/12/2032 00:00:00;1;13925422;11/09/2026 12:27:04;Tiago;Rodriguez;;;;;;Tiago Rodriguez;
14257853;11/09/2026 12:58:15;3;2;0001  215391-1;02;CAMIONETA LUN 5;2092387;"FA20    ";"FALABELLA S.A.                                    ";AV. DE LOS CONSTITUYENTES 515;952456;"51-190         ";51-190 - MESADA BIMANDO C.CERAM BLACK VELVET;9;9;9;23334501;110926122704773;183223035;;;;10/20/2031 00:00:00;2;13925422;11/09/2026 12:27:04;Tiago;Rodriguez;;;;;;Tiago Rodriguez;
14257853;11/09/2026 12:58:15;3;2;0001  215391-1;02;CAMIONETA LUN 5;2092387;"FA20    ";"FALABELLA S.A.                                    ";AV. DE LOS CONSTITUYENTES 515;953144;"80-196         ";80-196 - DUCHA EMB. C/TRANSF. CR C.CERAM LOOP;5;5;5;23334523;110926122734187;183223210;;;;01/10/2032 00:00:00;2;13925435;11/09/2026 12:27:34;Tiago;Rodriguez;;;;;;Tiago Rodriguez;
14257853;11/09/2026 12:58:15;3;2;0001  215391-1;02;CAMIONETA LUN 5;2092387;"FA20    ";"FALABELLA S.A.                                    ";AV. DE LOS CONSTITUYENTES 515;953136;"80-190P        ";80-190P - DUCHA EMB. C/TRANSF. C.CERAM BLACK VELVET PLUS;4;4;4;23334523;110926122734187;183223209;;;;07/30/2031 00:00:00;1;13925435;11/09/2026 12:27:34;Tiago;Rodriguez;;;;;;Tiago Rodriguez;
14257853;11/09/2026 12:58:15;3;2;0001  215391-1;02;CAMIONETA LUN 5;2092387;"FA20    ";"FALABELLA S.A.                                    ";AV. DE LOS CONSTITUYENTES 515;953136;"80-190P        ";80-190P - DUCHA EMB. C/TRANSF. C.CERAM BLACK VELVET PLUS;4;4;4;23334546;110926122817382;183115324;;;;07/30/2031 00:00:00;3;13925449;11/09/2026 12:28:17;Tiago;Rodriguez;;;;;;Tiago Rodriguez;
14257853;11/09/2026 12:58:15;3;2;0001  215391-1;02;CAMIONETA LUN 5;2092387;"FA20    ";"FALABELLA S.A.                                    ";AV. DE LOS CONSTITUYENTES 515;953148;"80-199         ";80-199 - DUCHA EMB. C/TRANSF. CR C.CERAM LIVE;4;4;4;23334571;110926122837278;183223590;;;;11/04/2031 00:00:00;3;13925459;11/09/2026 12:28:37;Tiago;Rodriguez;;;;;;Tiago Rodriguez;
14257853;11/09/2026 12:58:15;3;2;0001  215391-1;02;CAMIONETA LUN 5;2092387;"FA20    ";"FALABELLA S.A.                                    ";AV. DE LOS CONSTITUYENTES 515;953144;"80-196         ";80-196 - DUCHA EMB. C/TRANSF. CR C.CERAM LOOP;5;5;5;23334574;110926122852363;183116924;;;;01/10/2032 00:00:00;3;13925469;11/09/2026 12:28:52;Tiago;Rodriguez;;;;;;Tiago Rodriguez;
14257853;11/09/2026 12:58:15;3;2;0001  215391-1;02;CAMIONETA LUN 5;2092387;"FA20    ";"FALABELLA S.A.                                    ";AV. DE LOS CONSTITUYENTES 515;952456;"51-190         ";51-190 - MESADA BIMANDO C.CERAM BLACK VELVET;9;9;9;23334595;110926122914947;183223816;;;;10/20/2031 00:00:00;2;13925482;11/09/2026 12:29:14;Tiago;Rodriguez;;;;;;Tiago Rodriguez;
14257853;11/09/2026 12:58:15;3;2;0001  215391-1;02;CAMIONETA LUN 5;2092387;"FA20    ";"FALABELLA S.A.                                    ";AV. DE LOS CONSTITUYENTES 515;953148;"80-199         ";80-199 - DUCHA EMB. C/TRANSF. CR C.CERAM LIVE;4;4;4;23334595;110926122914947;183116212;;;;11/04/2031 00:00:00;1;13925482;11/09/2026 12:29:14;Tiago;Rodriguez;;;;;;Tiago Rodriguez;
14257853;11/09/2026 12:58:15;3;2;0001  215391-1;02;CAMIONETA LUN 5;2092387;"FA20    ";"FALABELLA S.A.                                    ";AV. DE LOS CONSTITUYENTES 515;952456;"51-190         ";51-190 - MESADA BIMANDO C.CERAM BLACK VELVET;9;9;9;23334608;110926122935820;183115240;;;;10/20/2031 00:00:00;3;13925496;11/09/2026 12:29:35;Tiago;Rodriguez;;;;;;Tiago Rodriguez;
14257853;11/09/2026 12:58:15;3;2;0001  215391-1;02;CAMIONETA LUN 5;2092387;"FA20    ";"FALABELLA S.A.                                    ";AV. DE LOS CONSTITUYENTES 515;953109;"80-166         ";"DUCHA EMB. C/TRANSF. CR C.CERAM ADRA PLUS                             ";11;11;11;23334627;110926122959267;183224028;;;;01/18/2032 00:00:00;4;13925507;11/09/2026 12:29:59;Tiago;Rodriguez;;;;;;Tiago Rodriguez;
14257853;11/09/2026 12:58:15;3;2;0001  215391-1;02;CAMIONETA LUN 5;2092387;"FA20    ";"FALABELLA S.A.                                    ";AV. DE LOS CONSTITUYENTES 515;953109;"80-166         ";"DUCHA EMB. C/TRANSF. CR C.CERAM ADRA PLUS                             ";11;11;11;23335127;110926124049394;183227446;;;;01/18/2032 00:00:00;4;13925773;11/09/2026 12:40:49;Tiago;Rodriguez;;;;;;Tiago Rodriguez;
14257853;11/09/2026 12:58:15;3;2;0001  215391-1;02;CAMIONETA LUN 5;2092387;"FA20    ";"FALABELLA S.A.                                    ";AV. DE LOS CONSTITUYENTES 515;952726;"61-203         ";61-203 - LAVATORIO MONOCOMANDO ALTO ADRA;4;4;4;23335138;110926124106524;183227552;;;;01/20/2032 00:00:00;1;13925781;11/09/2026 12:41:06;Tiago;Rodriguez;;;;;;Tiago Rodriguez;
14257853;11/09/2026 12:58:15;3;2;0001  215391-1;02;CAMIONETA LUN 5;2092387;"FA20    ";"FALABELLA S.A.                                    ";AV. DE LOS CONSTITUYENTES 515;953109;"80-166         ";"DUCHA EMB. C/TRANSF. CR C.CERAM ADRA PLUS                             ";11;11;11;23335138;110926124106524;183117723;;;;01/18/2032 00:00:00;3;13925781;11/09/2026 12:41:06;Tiago;Rodriguez;;;;;;Tiago Rodriguez;
14257853;11/09/2026 12:58:15;3;2;0001  215391-1;02;CAMIONETA LUN 5;2092387;"FA20    ";"FALABELLA S.A.                                    ";AV. DE LOS CONSTITUYENTES 515;952726;"61-203         ";61-203 - LAVATORIO MONOCOMANDO ALTO ADRA;4;4;4;23335152;110926124149352;183116030;;;;01/20/2032 00:00:00;3;13925798;11/09/2026 12:41:49;Tiago;Rodriguez;;;;;;Tiago Rodriguez;
14257853;11/09/2026 12:58:15;3;2;0001  215391-1;02;CAMIONETA LUN 5;2092387;"FA20    ";"FALABELLA S.A.                                    ";AV. DE LOS CONSTITUYENTES 515;952667;"60-199         ";60-199 - LAVATORIO CR C.CERAM LIVE;1;1;1;23335152;110926124149352;183116218;;;;11/16/2031 00:00:00;1;13925798;11/09/2026 12:41:49;Tiago;Rodriguez;;;;;;Tiago Rodriguez;
14257853;11/09/2026 12:58:15;3;2;0001  215391-1;02;CAMIONETA LUN 5;2092387;"FA20    ";"FALABELLA S.A.                                    ";AV. DE LOS CONSTITUYENTES 515;952664;"60-196         ";60-196 - LAVATORIO CR C.CERAM LOOP;15;15;15;23335200;110926124310301;183228213;;;;07/31/2031 00:00:00;10;13925829;11/09/2026 12:43:10;Tiago;Rodriguez;;;;;;Tiago Rodriguez;
14257853;11/09/2026 12:58:15;3;2;0001  215391-1;02;CAMIONETA LUN 5;2092387;"FA20    ";"FALABELLA S.A.                                    ";AV. DE LOS CONSTITUYENTES 515;952912;"70-162         ";70-162 - BIDE CR C.CERAM LINEA ADRA;14;14;14;23335260;110926124444723;183228755;;;;07/29/2031 00:00:00;10;13925863;11/09/2026 12:44:44;Tiago;Rodriguez;;;;;;Tiago Rodriguez;
14257853;11/09/2026 12:58:15;3;2;0001  215391-1;02;CAMIONETA LUN 5;2092387;"FA20    ";"FALABELLA S.A.                                    ";AV. DE LOS CONSTITUYENTES 515;952942;"70-196         ";70-196 - BIDE CR C.CERAM LOOP;13;13;13;23335314;110926124620037;183229319;;;;07/31/2031 00:00:00;10;13925915;11/09/2026 12:46:20;Tiago;Rodriguez;;;;;;Tiago Rodriguez;
14257853;11/09/2026 12:58:15;3;2;0001  215391-1;02;CAMIONETA LUN 5;2092387;"FA20    ";"FALABELLA S.A.                                    ";AV. DE LOS CONSTITUYENTES 515;953474;"933            ";933 - JGO PARED C/EXT CR DIQUE;10;10;10;23335350;110926124727083;183114911;;;;01/07/2032 00:00:00;10;13925946;11/09/2026 12:47:27;Tiago;Rodriguez;;;;;;Tiago Rodriguez;
14257853;11/09/2026 12:58:15;3;2;0001  215391-1;02;CAMIONETA LUN 5;2092387;"FA20    ";"FALABELLA S.A.                                    ";AV. DE LOS CONSTITUYENTES 515;952634;"60-162         ";60-162 - LAVATORIO CR C.CERAM LINEA ADRA;9;9;9;23335394;110926124845652;183118384;;;;07/29/2031 00:00:00;9;13925976;11/09/2026 12:48:45;Tiago;Rodriguez;;;;;;Tiago Rodriguez;
14257853;11/09/2026 12:58:15;3;2;0001  215391-1;02;CAMIONETA LUN 5;2092387;"FA20    ";"FALABELLA S.A.                                    ";AV. DE LOS CONSTITUYENTES 515;952590;"60-064         ";60-064 - LAVATORIO CR/CR C.STD FRAGA;1;1;1;23335394;110926124845652;183116390;;;;07/31/2031 00:00:00;1;13925976;11/09/2026 12:48:45;Tiago;Rodriguez;;;;;;Tiago Rodriguez;
14257853;11/09/2026 12:58:15;3;2;0001  215391-1;02;CAMIONETA LUN 5;2092387;"FA20    ";"FALABELLA S.A.                                    ";AV. DE LOS CONSTITUYENTES 515;952664;"60-196         ";60-196 - LAVATORIO CR C.CERAM LOOP;15;15;15;23335460;110926125024392;183117173;;;;07/31/2031 00:00:00;5;13926022;11/09/2026 12:50:24;Tiago;Rodriguez;;;;;;Tiago Rodriguez;
14257853;11/09/2026 12:58:15;3;2;0001  215391-1;02;CAMIONETA LUN 5;2092387;"FA20    ";"FALABELLA S.A.                                    ";AV. DE LOS CONSTITUYENTES 515;952677;"60-203         ";60-203 - LAVATORIO MONOCOMANDO BAJO ADRA;5;5;5;23335460;110926125024392;183115992;;;;02/16/2032 00:00:00;5;13926022;11/09/2026 12:50:24;Tiago;Rodriguez;;;;;;Tiago Rodriguez;
14257853;11/09/2026 12:58:15;3;2;0001  215391-1;02;CAMIONETA LUN 5;2092387;"FA20    ";"FALABELLA S.A.                                    ";AV. DE LOS CONSTITUYENTES 515;952912;"70-162         ";70-162 - BIDE CR C.CERAM LINEA ADRA;14;14;14;23335507;110926125138951;183118128;;;;07/29/2031 00:00:00;4;13926068;11/09/2026 12:51:38;Tiago;Rodriguez;;;;;;Tiago Rodriguez;
14257853;11/09/2026 12:58:15;3;2;0001  215391-1;02;CAMIONETA LUN 5;2092387;"FA20    ";"FALABELLA S.A.                                    ";AV. DE LOS CONSTITUYENTES 515;952441;"51-061         ";51-061 - COCINA MESADA CR C.STD PUEBLA;6;6;6;23335507;110926125138951;183117381;;;;01/04/2032 00:00:00;6;13926068;11/09/2026 12:51:38;Tiago;Rodriguez;;;;;;Tiago Rodriguez;
14257853;11/09/2026 12:58:15;3;2;0001  215391-1;02;CAMIONETA LUN 5;2092387;"FA20    ";"FALABELLA S.A.                                    ";AV. DE LOS CONSTITUYENTES 515;952936;"70-190         ";70-190 - BIDE C.CERAM BLACK VELVET;4;4;4;23335543;110926125254403;183115424;;;;11/08/2031 00:00:00;4;13926104;11/09/2026 12:52:54;Tiago;Rodriguez;;;;;;Tiago Rodriguez;
14257853;11/09/2026 12:58:15;3;2;0001  215391-1;02;CAMIONETA LUN 5;2092387;"FA20    ";"FALABELLA S.A.                                    ";AV. DE LOS CONSTITUYENTES 515;952871;"70-064         ";70-064 - BIDE CROMO C.STD FRAGA;5;5;5;23335543;110926125254403;183116432;;;;07/31/2031 00:00:00;5;13926104;11/09/2026 12:52:54;Tiago;Rodriguez;;;;;;Tiago Rodriguez;
14257853;11/09/2026 12:58:15;3;2;0001  215391-1;02;CAMIONETA LUN 5;2092387;"FA20    ";"FALABELLA S.A.                                    ";AV. DE LOS CONSTITUYENTES 515;952781;"62-199         ";62-199 - LAVATORIO DE PARED CR C.CERAM LIVE;1;1;1;23335543;110926125254403;183115010;;;;08/03/2031 00:00:00;1;13926104;11/09/2026 12:52:54;Tiago;Rodriguez;;;;;;Tiago Rodriguez;
14257853;11/09/2026 12:58:15;3;2;0001  215391-1;02;CAMIONETA LUN 5;2092387;"FA20    ";"FALABELLA S.A.                                    ";AV. DE LOS CONSTITUYENTES 515;952587;"60-061         ";60-061 - LAVATORIO CR C.STD PUEBLA;8;8;8;23335707;110926125637178;183117544;;;;10/08/2031 00:00:00;8;13926207;11/09/2026 12:56:37;Tiago;Rodriguez;;;;;;Tiago Rodriguez;
14257853;11/09/2026 12:58:15;3;2;0001  215391-1;02;CAMIONETA LUN 5;2092387;"FA20    ";"FALABELLA S.A.                                    ";AV. DE LOS CONSTITUYENTES 515;953068;"80-064         ";80-064 - DUCHA EMB.C/TRANSF CR  C.STD FRAGA;4;4;4;23335736;110926125726319;183116462;;;;07/31/2031 00:00:00;4;13926229;11/09/2026 12:57:26;Tiago;Rodriguez;;;;;;Tiago Rodriguez;
14257853;11/09/2026 12:58:15;3;2;0001  215391-1;02;CAMIONETA LUN 5;2092387;"FA20    ";"FALABELLA S.A.                                    ";AV. DE LOS CONSTITUYENTES 515;953065;"80-061         ";80-061 - DUCHA EMB C/TRANSF CR PUEBLA;4;4;4;23335736;110926125726319;183117411;;;;07/31/2031 00:00:00;4;13926229;11/09/2026 12:57:26;Tiago;Rodriguez;;;;;;Tiago Rodriguez;
14257855;11/09/2026 10:31:45;3;2;0001  215444-1;02;CAMIONETA LUN 5;2103189;"DB16    ";"DANIEL A. BASGALL S.R.L. -GRUPO UNIVERSO          ";AV. JUAN D. PERON 8660;951182;"1350G          ";"QUEINOX GAS MH. 1/2""x50 APROBADO POR IGA                              ";10;10;10;23318854;110926101925353;183116744;;;;07/31/2031 00:00:00;10;13921195;11/09/2026 10:19:25;Tiago;Rodriguez;24594570;11/09/2026 06:48:53;6419;Tiago;Rodriguez;Tiago Rodriguez;Tiago Rodriguez
14257855;11/09/2026 10:31:45;3;2;0001  215444-1;02;CAMIONETA LUN 5;2103189;"DB16    ";"DANIEL A. BASGALL S.R.L. -GRUPO UNIVERSO          ";AV. JUAN D. PERON 8660;951190;"1360G          ";"QUEINOX GAS MH 1/2""x60 APROBADO POR IGA                               ";10;10;10;23318854;110926101925353;183116804;;;;07/27/2031 00:00:00;10;13921195;11/09/2026 10:19:25;Tiago;Rodriguez;24594570;11/09/2026 06:48:53;6419;Tiago;Rodriguez;Tiago Rodriguez;Tiago Rodriguez
14257855;11/09/2026 10:31:45;3;2;0001  215444-1;02;CAMIONETA LUN 5;2103189;"DB16    ";"DANIEL A. BASGALL S.R.L. -GRUPO UNIVERSO          ";AV. JUAN D. PERON 8660;951195;"1380G          ";"QUEINOX GAS MH 1/2""x80 APROBADO POR IGA                               ";10;10;10;23318854;110926101925353;183116902;;;;09/10/2031 00:00:00;10;13921195;11/09/2026 10:19:25;Tiago;Rodriguez;24594570;11/09/2026 06:48:53;6419;Tiago;Rodriguez;Tiago Rodriguez;Tiago Rodriguez
14257855;11/09/2026 10:31:45;3;2;0001  215444-1;02;CAMIONETA LUN 5;2103189;"DB16    ";"DANIEL A. BASGALL S.R.L. -GRUPO UNIVERSO          ";AV. JUAN D. PERON 8660;952886;"70-121         ";70-121 - BIDE C.CERAM CR MARBELLA;2;2;2;23319305;110926103145346;183120579;;;;01/17/2032 00:00:00;2;13921531;11/09/2026 10:31:45;Tiago;Rodriguez;24595090;11/09/2026 07:15:35;6867;Javier;Lescano;Tiago Rodriguez;Javier Lescano
14257855;11/09/2026 10:31:45;3;2;0001  215444-1;02;CAMIONETA LUN 5;2103189;"DB16    ";"DANIEL A. BASGALL S.R.L. -GRUPO UNIVERSO          ";AV. JUAN D. PERON 8660;952726;"61-203         ";61-203 - LAVATORIO MONOCOMANDO ALTO ADRA;1;1;1;23319305;110926103145346;183120334;;;;01/20/2032 00:00:00;1;13921531;11/09/2026 10:31:45;Tiago;Rodriguez;24595090;11/09/2026 07:15:35;6867;Javier;Lescano;Tiago Rodriguez;Javier Lescano
14257855;11/09/2026 10:31:45;3;2;0001  215444-1;02;CAMIONETA LUN 5;2103189;"DB16    ";"DANIEL A. BASGALL S.R.L. -GRUPO UNIVERSO          ";AV. JUAN D. PERON 8660;951524;"20-135         ";20-135 - MONOCOMANDO COCINA SANTANDER;4;4;4;23327228;110926101338053;183117362;;;;07/28/2031 00:00:00;4;13921233;11/09/2026 10:13:38;Tiago;Rodriguez;;;;;;Tiago Rodriguez;
14257855;11/09/2026 10:31:45;3;2;0001  215444-1;02;CAMIONETA LUN 5;2103189;"DB16    ";"DANIEL A. BASGALL S.R.L. -GRUPO UNIVERSO          ";AV. JUAN D. PERON 8660;951535;"20-160         ";20-160 - MONOCOMANDO MESADA COCINA DIQUE;3;3;3;23327228;110926101338053;183117492;;;;07/28/2031 00:00:00;3;13921233;11/09/2026 10:13:38;Tiago;Rodriguez;;;;;;Tiago Rodriguez;
14257855;11/09/2026 10:31:45;3;2;0001  215444-1;02;CAMIONETA LUN 5;2103189;"DB16    ";"DANIEL A. BASGALL S.R.L. -GRUPO UNIVERSO          ";AV. JUAN D. PERON 8660;951488;"20-102         ";"20-102 - MONOCOMANDO MESADA CROMO ""RENACER""";10;10;10;23327284;110926101430788;183171991;;;;08/20/2031 00:00:00;2;13921264;11/09/2026 10:14:30;Tiago;Rodriguez;;;;;;Tiago Rodriguez;
14257855;11/09/2026 10:31:45;3;2;0001  215444-1;02;CAMIONETA LUN 5;2103189;"DB16    ";"DANIEL A. BASGALL S.R.L. -GRUPO UNIVERSO          ";AV. JUAN D. PERON 8660;951098;"11006          ";"SET DE 6 PIEZAS LINEA 11000                                           ";2;2;2;23327284;110926101430788;183117434;;;;07/29/2031 00:00:00;2;13921264;11/09/2026 10:14:30;Tiago;Rodriguez;;;;;;Tiago Rodriguez;
14257855;11/09/2026 10:31:45;3;2;0001  215444-1;02;CAMIONETA LUN 5;2103189;"DB16    ";"DANIEL A. BASGALL S.R.L. -GRUPO UNIVERSO          ";AV. JUAN D. PERON 8660;952928;"70-180         ";70-180 - BIDE MONOCOMANDO C/TRANSF. VERA;3;3;3;23327284;110926101430788;183117239;;;;07/27/2031 00:00:00;3;13921264;11/09/2026 10:14:30;Tiago;Rodriguez;;;;;;Tiago Rodriguez;
14257855;11/09/2026 10:31:45;3;2;0001  215444-1;02;CAMIONETA LUN 5;2103189;"DB16    ";"DANIEL A. BASGALL S.R.L. -GRUPO UNIVERSO          ";AV. JUAN D. PERON 8660;951156;"1330           ";"QUEINOX MACHO MOVIL MH 1/2"" x 30                                      ";30;30;30;23327350;110926101541475;183116477;;;;02/16/2032 00:00:00;30;13921298;11/09/2026 10:15:41;Tiago;Rodriguez;;;;;;Tiago Rodriguez;
14257855;11/09/2026 10:31:45;3;2;0001  215444-1;02;CAMIONETA LUN 5;2103189;"DB16    ";"DANIEL A. BASGALL S.R.L. -GRUPO UNIVERSO          ";AV. JUAN D. PERON 8660;951177;"1350           ";"QUEINOX MACHO MOVIL MH 1/2"" x 50                                      ";40;40;40;23327350;110926101541475;183172516;;;;07/27/2031 00:00:00;10;13921298;11/09/2026 10:15:41;Tiago;Rodriguez;;;;;;Tiago Rodriguez;
14257855;11/09/2026 10:31:45;3;2;0001  215444-1;02;CAMIONETA LUN 5;2103189;"DB16    ";"DANIEL A. BASGALL S.R.L. -GRUPO UNIVERSO          ";AV. JUAN D. PERON 8660;951153;"1325           ";"QUEINOX MACHO MOVIL MH 1/2"" x 25                                      ";40;40;40;23327390;110926101639865;183116323;;;;02/21/2032 00:00:00;40;13921326;11/09/2026 10:16:39;Tiago;Rodriguez;;;;;;Tiago Rodriguez;
14257855;11/09/2026 10:31:45;3;2;0001  215444-1;02;CAMIONETA LUN 5;2103189;"DB16    ";"DANIEL A. BASGALL S.R.L. -GRUPO UNIVERSO          ";AV. JUAN D. PERON 8660;951168;"1340           ";"QUEINOX MACHO MOVIL MH 1/2"" x 40                                      ";7;7;7;23327390;110926101639865;183116664;;;;02/09/2032 00:00:00;7;13921326;11/09/2026 10:16:39;Tiago;Rodriguez;;;;;;Tiago Rodriguez;
14257855;11/09/2026 10:31:45;3;2;0001  215444-1;02;CAMIONETA LUN 5;2103189;"DB16    ";"DANIEL A. BASGALL S.R.L. -GRUPO UNIVERSO          ";AV. JUAN D. PERON 8660;951142;"13100G         ";"QUEINOX GAS MH 1/2""x100 APROBADO POR IGA                              ";10;10;10;23327424;110926101722930;183116984;;;;08/04/2031 00:00:00;10;13921345;11/09/2026 10:17:22;Tiago;Rodriguez;;;;;;Tiago Rodriguez;
14257855;11/09/2026 10:31:45;3;2;0001  215444-1;02;CAMIONETA LUN 5;2103189;"DB16    ";"DANIEL A. BASGALL S.R.L. -GRUPO UNIVERSO          ";AV. JUAN D. PERON 8660;951177;"1350           ";"QUEINOX MACHO MOVIL MH 1/2"" x 50                                      ";40;40;40;23327465;110926101756073;183116658;;;;07/27/2031 00:00:00;30;13921363;11/09/2026 10:17:56;Tiago;Rodriguez;;;;;;Tiago Rodriguez;
14257855;11/09/2026 10:31:45;3;2;0001  215444-1;02;CAMIONETA LUN 5;2103189;"DB16    ";"DANIEL A. BASGALL S.R.L. -GRUPO UNIVERSO          ";AV. JUAN D. PERON 8660;951488;"20-102         ";"20-102 - MONOCOMANDO MESADA CROMO ""RENACER""";10;10;10;23327490;110926101830191;183117607;;;;08/20/2031 00:00:00;8;13921373;11/09/2026 10:18:30;Tiago;Rodriguez;;;;;;Tiago Rodriguez;
14257855;11/09/2026 10:31:45;3;2;0001  215444-1;02;CAMIONETA LUN 5;2103189;"DB16    ";"DANIEL A. BASGALL S.R.L. -GRUPO UNIVERSO          ";AV. JUAN D. PERON 8660;952426;"51-010         ";51-010 - COCINA MESADA BL/CR LORCA;15;15;15;23327794;110926102414393;183175867;;;;01/14/2032 00:00:00;10;13921537;11/09/2026 10:24:14;Tiago;Rodriguez;;;;;;Tiago Rodriguez;
14257855;11/09/2026 10:31:45;3;2;0001  215444-1;02;CAMIONETA LUN 5;2103189;"DB16    ";"DANIEL A. BASGALL S.R.L. -GRUPO UNIVERSO          ";AV. JUAN D. PERON 8660;952831;"70-010         ";70-010 - BIDE BL/CR LORCA;10;10;10;23327886;110926102534970;183119671;;;;12/08/2031 00:00:00;10;13921565;11/09/2026 10:25:34;Tiago;Rodriguez;;;;;;Tiago Rodriguez;
14257855;11/09/2026 10:31:45;3;2;0001  215444-1;02;CAMIONETA LUN 5;2103189;"DB16    ";"DANIEL A. BASGALL S.R.L. -GRUPO UNIVERSO          ";AV. JUAN D. PERON 8660;952426;"51-010         ";51-010 - COCINA MESADA BL/CR LORCA;15;15;15;23327980;110926102648711;183119935;;;;01/14/2032 00:00:00;5;13921597;11/09/2026 10:26:48;Tiago;Rodriguez;;;;;;Tiago Rodriguez;
14257855;11/09/2026 10:31:45;3;2;0001  215444-1;02;CAMIONETA LUN 5;2103189;"DB16    ";"DANIEL A. BASGALL S.R.L. -GRUPO UNIVERSO          ";AV. JUAN D. PERON 8660;952634;"60-162         ";60-162 - LAVATORIO CR C.CERAM LINEA ADRA;5;5;5;23327980;110926102648711;183119395;;;;07/29/2031 00:00:00;5;13921597;11/09/2026 10:26:48;Tiago;Rodriguez;;;;;;Tiago Rodriguez;
14257855;11/09/2026 10:31:45;3;2;0001  215444-1;02;CAMIONETA LUN 5;2103189;"DB16    ";"DANIEL A. BASGALL S.R.L. -GRUPO UNIVERSO          ";AV. JUAN D. PERON 8660;953107;"80-162         ";80-162 - DUCHA EMB. C/TRANSF. CR C.CERAM ADRA;15;15;15;23328028;110926102731461;183177137;;;;07/29/2031 00:00:00;10;13921620;11/09/2026 10:27:31;Tiago;Rodriguez;;;;;;Tiago Rodriguez;
14257855;11/09/2026 10:31:45;3;2;0001  215444-1;02;CAMIONETA LUN 5;2103189;"DB16    ";"DANIEL A. BASGALL S.R.L. -GRUPO UNIVERSO          ";AV. JUAN D. PERON 8660;952551;"60-010         ";60-010 - LAVATORIO BL/CR LORCA;6;6;6;23328152;110926102928586;183119570;;;;12/07/2031 00:00:00;6;13921679;11/09/2026 10:29:28;Tiago;Rodriguez;;;;;;Tiago Rodriguez;
14257855;11/09/2026 10:31:45;3;2;0001  215444-1;02;CAMIONETA LUN 5;2103189;"DB16    ";"DANIEL A. BASGALL S.R.L. -GRUPO UNIVERSO          ";AV. JUAN D. PERON 8660;952420;"51-002         ";51-002 - COCINA MESADA RENACER;1;1;1;23328152;110926102928586;183120111;;;;11/03/2031 00:00:00;1;13921679;11/09/2026 10:29:28;Tiago;Rodriguez;;;;;;Tiago Rodriguez;
14257855;11/09/2026 10:31:45;3;2;0001  215444-1;02;CAMIONETA LUN 5;2103189;"DB16    ";"DANIEL A. BASGALL S.R.L. -GRUPO UNIVERSO          ";AV. JUAN D. PERON 8660;952608;"60-121         ";60-121 - LAVATORIO C.CERAM CR MARBELLA;3;3;3;23328152;110926102928586;183120632;;;;01/25/2032 00:00:00;3;13921679;11/09/2026 10:29:28;Tiago;Rodriguez;;;;;;Tiago Rodriguez;
14257855;11/09/2026 10:31:45;3;2;0001  215444-1;02;CAMIONETA LUN 5;2103189;"DB16    ";"DANIEL A. BASGALL S.R.L. -GRUPO UNIVERSO          ";AV. JUAN D. PERON 8660;953028;"80-010         ";80-010 - DUCHA EMB. C/TRANSF. BL/CR LORCA;15;15;15;23328176;110926102954811;183178135;;;;09/16/2031 00:00:00;10;13921694;11/09/2026 10:29:54;Tiago;Rodriguez;;;;;;Tiago Rodriguez;
14257855;11/09/2026 10:31:45;3;2;0001  215444-1;02;CAMIONETA LUN 5;2103189;"DB16    ";"DANIEL A. BASGALL S.R.L. -GRUPO UNIVERSO          ";AV. JUAN D. PERON 8660;953028;"80-010         ";80-010 - DUCHA EMB. C/TRANSF. BL/CR LORCA;15;15;15;23328216;110926103031660;183119827;;;;09/16/2031 00:00:00;5;13921718;11/09/2026 10:30:31;Tiago;Rodriguez;;;;;;Tiago Rodriguez;
14257855;11/09/2026 10:31:45;3;2;0001  215444-1;02;CAMIONETA LUN 5;2103189;"DB16    ";"DANIEL A. BASGALL S.R.L. -GRUPO UNIVERSO          ";AV. JUAN D. PERON 8660;953107;"80-162         ";80-162 - DUCHA EMB. C/TRANSF. CR C.CERAM ADRA;15;15;15;23328216;110926103031660;183119500;;;;07/29/2031 00:00:00;5;13921718;11/09/2026 10:30:31;Tiago;Rodriguez;;;;;;Tiago Rodriguez;
14257855;11/09/2026 10:31:45;3;2;0001  215444-1;02;CAMIONETA LUN 5;2103189;"DB16    ";"DANIEL A. BASGALL S.R.L. -GRUPO UNIVERSO          ";AV. JUAN D. PERON 8660;953019;"80-002         ";80-002 - DUCHA EMB C/TRANSF. RENACER;3;3;3;23328264;110926103115930;183120070;;;;07/29/2031 00:00:00;3;13921744;11/09/2026 10:31:15;Tiago;Rodriguez;;;;;;Tiago Rodriguez;
14257855;11/09/2026 10:31:45;3;2;0001  215444-1;02;CAMIONETA LUN 5;2103189;"DB16    ";"DANIEL A. BASGALL S.R.L. -GRUPO UNIVERSO          ";AV. JUAN D. PERON 8660;952028;"314/CR         ";314/CR - BIDE CROMO ARES;2;2;2;23328264;110926103115930;183120491;;;;01/11/2032 00:00:00;2;13921744;11/09/2026 10:31:15;Tiago;Rodriguez;;;;;;Tiago Rodriguez;
14257855;11/09/2026 10:31:45;3;2;0001  215444-1;02;CAMIONETA LUN 5;2103189;"DB16    ";"DANIEL A. BASGALL S.R.L. -GRUPO UNIVERSO          ";AV. JUAN D. PERON 8660;953432;"910/M          ";"910/M - JGO.MDA.P.CANO CROMO ""DIQUE""";4;4;4;23328264;110926103115930;183120170;;;;12/21/2031 00:00:00;4;13921744;11/09/2026 10:31:15;Tiago;Rodriguez;;;;;;Tiago Rodriguez;
14257855;11/09/2026 10:31:45;3;2;0001  215444-1;02;CAMIONETA LUN 5;2103189;"DB16    ";"DANIEL A. BASGALL S.R.L. -GRUPO UNIVERSO          ";AV. JUAN D. PERON 8660;953445;"919/M          ";919/M - JGO.MDA.P.CANO CROMO LAZA;1;1;1;23328264;110926103115930;183120150;;;;01/31/2032 00:00:00;1;13921744;11/09/2026 10:31:15;Tiago;Rodriguez;;;;;;Tiago Rodriguez;
14257856;11/09/2026 09:39:32;3;2;0008    2818-3;02;CAMIONETA LUN 5;2091843;"CO28    ";"CONSTRUDISENO S.A.                                ";RUTA 197 Y PANAMERICANA;956412;"INO102-2       ";"DEPOSITO C/DESCARGA DUAL BLANCO LINEA LOFT                            ";2;2;2;23318895;110926093932278;183116552;;;;02/24/2032 00:00:00;1;13920345;11/09/2026 09:39:32;Tiago;Rodriguez;24594617;11/09/2026 06:38:40;6404;Ivan;Goyena;Tiago Rodriguez;Ivan Goyena
14257856;11/09/2026 09:39:32;3;2;0008    2818-3;02;CAMIONETA LUN 5;2091843;"CO28    ";"CONSTRUDISENO S.A.                                ";RUTA 197 Y PANAMERICANA;956412;"INO102-2       ";"DEPOSITO C/DESCARGA DUAL BLANCO LINEA LOFT                            ";2;2;2;23325546;110926093926355;183159698;;;;02/24/2032 00:00:00;1;13920364;11/09/2026 09:39:26;Tiago;Rodriguez;;;;;;Tiago Rodriguez;
14257857;11/09/2026 13:21:27;3;2;0008    2918-1;02;CAMIONETA LUN 5;2091843;"CO28    ";"CONSTRUDISENO S.A.                                ";RUTA 197 Y PANAMERICANA;953113;"80-168N        ";80-168N - DUCHA EMB C/TRANSF MONOC BLACK WAVE;1;1;1;23310038;110926094627633;183047747;;;;01/22/2032 00:00:00;1;13920419;11/09/2026 09:46:27;Tiago;Rodriguez;24586552;10/09/2026 16:00:25;6404;Ivan;Goyena;Tiago Rodriguez;Ivan Goyena
14257857;11/09/2026 13:21:27;3;2;0008    2918-1;02;CAMIONETA LUN 5;2091843;"CO28    ";"CONSTRUDISENO S.A.                                ";RUTA 197 Y PANAMERICANA;953153;"80-200G        ";80-200G - DUCHA EMB. MONOC. 3 FUNCIONES GOLD FABRIC;1;1;1;23310038;110926094627633;183047563;;;;12/03/2031 00:00:00;1;13920419;11/09/2026 09:46:27;Tiago;Rodriguez;24586552;10/09/2026 16:00:25;6404;Ivan;Goyena;Tiago Rodriguez;Ivan Goyena
14257857;11/09/2026 13:21:27;3;2;0008    2918-1;02;CAMIONETA LUN 5;2091843;"CO28    ";"CONSTRUDISENO S.A.                                ";RUTA 197 Y PANAMERICANA;956407;"INO101-1       ";INO101-1 - INODORO BLANCO C/ASIENTO LINEA ACQUA;4;4;4;23318593;110926132126220;183117841;;;;10/19/2031 00:00:00;4;13926633;11/09/2026 13:21:26;Agustin;Scirica;24594237;11/09/2026 07:12:18;7636;Kevin;Arce;Agustin Scirica;Kevin Arce
14257857;11/09/2026 13:21:27;3;2;0008    2918-1;02;CAMIONETA LUN 5;2091843;"CO28    ";"CONSTRUDISENO S.A.                                ";RUTA 197 Y PANAMERICANA;954921;"BCH18          ";BCH18 - BACHA DE APOYAR SIMIL MARMOL 460x320x140;2;2;2;23318593;110926132126220;183118090;;;;10/04/2031 00:00:00;2;13926633;11/09/2026 13:21:26;Agustin;Scirica;24594237;11/09/2026 07:12:18;7636;Kevin;Arce;Agustin Scirica;Kevin Arce
14257857;11/09/2026 13:21:27;3;2;0008    2918-1;02;CAMIONETA LUN 5;2091843;"CO28    ";"CONSTRUDISENO S.A.                                ";RUTA 197 Y PANAMERICANA;954918;"BCH16          ";BCH16 - BACHA DE APOYAR BLANCA 610x457x254 C/DESAGOTE Y REJILLA;1;1;1;23318593;110926132126220;183118610;;;;01/06/2032 00:00:00;1;13926633;11/09/2026 13:21:26;Agustin;Scirica;24594237;11/09/2026 07:12:18;7636;Kevin;Arce;Agustin Scirica;Kevin Arce
14257857;11/09/2026 13:21:27;3;2;0008    2918-1;02;CAMIONETA LUN 5;2091843;"CO28    ";"CONSTRUDISENO S.A.                                ";RUTA 197 Y PANAMERICANA;954911;"BCH10          ";BCH10 - BACHA DE APOYAR NEGRO MATE 460x320x140;2;2;2;23318593;110926132126220;183118153;;;;07/28/2031 00:00:00;2;13926633;11/09/2026 13:21:26;Agustin;Scirica;24594237;11/09/2026 07:12:18;7636;Kevin;Arce;Agustin Scirica;Kevin Arce
14257857;11/09/2026 13:21:27;3;2;0008    2918-1;02;CAMIONETA LUN 5;2091843;"CO28    ";"CONSTRUDISENO S.A.                                ";RUTA 197 Y PANAMERICANA;954908;"BCH07          ";BCH07 - BACHA DE APOYAR OVALADA 400x330x150;2;2;2;23318593;110926132126220;183118017;;;;07/29/2031 00:00:00;2;13926633;11/09/2026 13:21:26;Agustin;Scirica;24594237;11/09/2026 07:12:18;7636;Kevin;Arce;Agustin Scirica;Kevin Arce
14257857;11/09/2026 13:21:27;3;2;0008    2918-1;02;CAMIONETA LUN 5;2091843;"CO28    ";"CONSTRUDISENO S.A.                                ";RUTA 197 Y PANAMERICANA;954905;"BCH04/3        ";BCH04/3 - BACHA DE APOYAR CUADRADA 3 AG 420x420x125;1;1;1;23318593;110926132126220;183118198;;;;07/28/2031 00:00:00;1;13926633;11/09/2026 13:21:26;Agustin;Scirica;24594237;11/09/2026 07:12:18;7636;Kevin;Arce;Agustin Scirica;Kevin Arce
14257857;11/09/2026 13:21:27;3;2;0008    2918-1;02;CAMIONETA LUN 5;2091843;"CO28    ";"CONSTRUDISENO S.A.                                ";RUTA 197 Y PANAMERICANA;954902;"BCH02          ";BCH02 - BACHA DE APOYAR CIRCULAR 1 AG. 415x145;2;2;2;23318593;110926132126220;183118729;;;;07/27/2031 00:00:00;2;13926633;11/09/2026 13:21:26;Agustin;Scirica;24594237;11/09/2026 07:12:18;7636;Kevin;Arce;Agustin Scirica;Kevin Arce
14257857;11/09/2026 13:21:27;3;2;0008    2918-1;02;CAMIONETA LUN 5;2091843;"CO28    ";"CONSTRUDISENO S.A.                                ";RUTA 197 Y PANAMERICANA;954885;"BAI01NI        ";BAI01NI - BACHA EMB COCINA C/ACCESORIOS 750x450x220 NICKEL BRUSHED;1;1;1;23318593;110926132126220;183118662;;;;09/28/2031 00:00:00;1;13926633;11/09/2026 13:21:26;Agustin;Scirica;24594237;11/09/2026 07:12:18;7636;Kevin;Arce;Agustin Scirica;Kevin Arce
14257857;11/09/2026 13:21:27;3;2;0008    2918-1;02;CAMIONETA LUN 5;2091843;"CO28    ";"CONSTRUDISENO S.A.                                ";RUTA 197 Y PANAMERICANA;953159;"80-203P        ";80-203P - DUCHA EMB C/TRANSF. MONOCOMANDO ADRA PLUS;1;1;1;23319026;110926095108007;183118444;;;;07/28/2031 00:00:00;1;13920584;11/09/2026 09:51:08;Tiago;Rodriguez;24594837;11/09/2026 07:02:23;6867;Javier;Lescano;Tiago Rodriguez;Javier Lescano
14257857;11/09/2026 13:21:27;3;2;0008    2918-1;02;CAMIONETA LUN 5;2091843;"CO28    ";"CONSTRUDISENO S.A.                                ";RUTA 197 Y PANAMERICANA;951530;"20-146         ";20-146 - MONOCOMANDO DE COCINA CR LINEA MOVE;2;2;2;23319026;110926095108007;183118259;;;;10/09/2031 00:00:00;2;13920584;11/09/2026 09:51:08;Tiago;Rodriguez;24594837;11/09/2026 07:02:23;6867;Javier;Lescano;Tiago Rodriguez;Javier Lescano
14257857;11/09/2026 13:21:27;3;2;0008    2918-1;02;CAMIONETA LUN 5;2091843;"CO28    ";"CONSTRUDISENO S.A.                                ";RUTA 197 Y PANAMERICANA;952635;"60-162N        ";60-162N - LAVATORIO BLACK C.CERAM LINEA ADRA;1;1;1;23325666;110926094144108;183045634;;;;11/03/2031 00:00:00;1;13920436;11/09/2026 09:41:44;Tiago;Rodriguez;;;;;;Tiago Rodriguez;
14257857;11/09/2026 13:21:27;3;2;0008    2918-1;02;CAMIONETA LUN 5;2091843;"CO28    ";"CONSTRUDISENO S.A.                                ";RUTA 197 Y PANAMERICANA;952740;"62-100G        ";62-100G - LAVATORIO DE PARED GOLD C.CERAM FABRIC;2;2;2;23325666;110926094144108;183046642;;;;12/20/2031 00:00:00;2;13920436;11/09/2026 09:41:44;Tiago;Rodriguez;;;;;;Tiago Rodriguez;
14257857;11/09/2026 13:21:27;3;2;0008    2918-1;02;CAMIONETA LUN 5;2091843;"CO28    ";"CONSTRUDISENO S.A.                                ";RUTA 197 Y PANAMERICANA;952765;"62-175DG       ";62-175DG - LAVATORIO DE PARED PULSE DARK GOLD C.CERAM;1;1;1;23325666;110926094144108;183047144;;;;07/31/2031 00:00:00;1;13920436;11/09/2026 09:41:44;Tiago;Rodriguez;;;;;;Tiago Rodriguez;
14257857;11/09/2026 13:21:27;3;2;0008    2918-1;02;CAMIONETA LUN 5;2091843;"CO28    ";"CONSTRUDISENO S.A.                                ";RUTA 197 Y PANAMERICANA;952909;"70-153         ";70-153 - BIDE CR C.CERAM CASTILLA;2;2;2;23325666;110926094144108;183046320;;;;10/20/2031 00:00:00;2;13920436;11/09/2026 09:41:44;Tiago;Rodriguez;;;;;;Tiago Rodriguez;
14257857;11/09/2026 13:21:27;3;2;0008    2918-1;02;CAMIONETA LUN 5;2091843;"CO28    ";"CONSTRUDISENO S.A.                                ";RUTA 197 Y PANAMERICANA;952913;"70-162N        ";70-162N - BIDE BLACK C.CERAM LINEA ADRA;1;1;1;23325666;110926094144108;183045843;;;;12/08/2031 00:00:00;1;13920436;11/09/2026 09:41:44;Tiago;Rodriguez;;;;;;Tiago Rodriguez;
14257857;11/09/2026 13:21:27;3;2;0008    2918-1;02;CAMIONETA LUN 5;2091843;"CO28    ";"CONSTRUDISENO S.A.                                ";RUTA 197 Y PANAMERICANA;952921;"70-175DG       ";70-175DG - BIDE PULSE DARK GOLD C.CERAM;1;1;1;23325666;110926094144108;183046931;;;;07/31/2031 00:00:00;1;13920436;11/09/2026 09:41:44;Tiago;Rodriguez;;;;;;Tiago Rodriguez;
14257857;11/09/2026 13:21:27;3;2;0008    2918-1;02;CAMIONETA LUN 5;2091843;"CO28    ";"CONSTRUDISENO S.A.                                ";RUTA 197 Y PANAMERICANA;952643;"60-175DG       ";60-175DG - LAVATORIO PULSE DARK GOLD C.CERAM;1;1;1;23325711;110926094255690;183046996;;;;07/31/2031 00:00:00;1;13920469;11/09/2026 09:42:55;Tiago;Rodriguez;;;;;;Tiago Rodriguez;
14257857;11/09/2026 13:21:27;3;2;0008    2918-1;02;CAMIONETA LUN 5;2091843;"CO28    ";"CONSTRUDISENO S.A.                                ";RUTA 197 Y PANAMERICANA;952631;"60-153         ";60-153 - LAVATORIO CR C.CERAMICO CASTILLA;3;3;3;23325711;110926094255690;183046176;;;;11/23/2031 00:00:00;3;13920469;11/09/2026 09:42:55;Tiago;Rodriguez;;;;;;Tiago Rodriguez;
14257857;11/09/2026 13:21:27;3;2;0008    2918-1;02;CAMIONETA LUN 5;2091843;"CO28    ";"CONSTRUDISENO S.A.                                ";RUTA 197 Y PANAMERICANA;952636;"60-163         ";60-163 - LAVATORIO CR C.CERAM SENA;1;1;1;23325773;110926094405010;183045085;;;;07/29/2031 00:00:00;1;13920496;11/09/2026 09:44:05;Tiago;Rodriguez;;;;;;Tiago Rodriguez;
14257857;11/09/2026 13:21:27;3;2;0008    2918-1;02;CAMIONETA LUN 5;2091843;"CO28    ";"CONSTRUDISENO S.A.                                ";RUTA 197 Y PANAMERICANA;953110;"80-166N        ";80-166N - DUCHA EMB. C/TRANSF. BLACK C.CERAM ADRA PLUS;3;3;3;23325773;110926094405010;183045950;;;;01/07/2032 00:00:00;3;13920496;11/09/2026 09:44:05;Tiago;Rodriguez;;;;;;Tiago Rodriguez;
14257857;11/09/2026 13:21:27;3;2;0008    2918-1;02;CAMIONETA LUN 5;2091843;"CO28    ";"CONSTRUDISENO S.A.                                ";RUTA 197 Y PANAMERICANA;953104;"80-153         ";80-153 - DUCHA EMB. C/TRANSF. CR C.CERAM CASTILLA;2;2;2;23325827;110926094517886;183046361;;;;11/04/2031 00:00:00;2;13920533;11/09/2026 09:45:17;Tiago;Rodriguez;;;;;;Tiago Rodriguez;
14257857;11/09/2026 13:21:27;3;2;0008    2918-1;02;CAMIONETA LUN 5;2091843;"CO28    ";"CONSTRUDISENO S.A.                                ";RUTA 197 Y PANAMERICANA;953156;"80-201NI       ";80-201NI - DUCHA EMB C/TRANSF C.CERAM BEAT NICKEL;1;1;1;23325827;110926094517886;183045286;;;;11/10/2031 00:00:00;1;13920533;11/09/2026 09:45:17;Tiago;Rodriguez;;;;;;Tiago Rodriguez;
14257857;11/09/2026 13:21:27;3;2;0008    2918-1;02;CAMIONETA LUN 5;2091843;"CO28    ";"CONSTRUDISENO S.A.                                ";RUTA 197 Y PANAMERICANA;953118;"80-175DG       ";80-175DG - DUCHA EMB C/TRANSF. PULSE DARK GOLD C.CERAM;2;2;2;23325865;110926094609449;183047271;;;;10/19/2031 00:00:00;2;13920555;11/09/2026 09:46:09;Tiago;Rodriguez;;;;;;Tiago Rodriguez;
14257857;11/09/2026 13:21:27;3;2;0008    2918-1;02;CAMIONETA LUN 5;2091843;"CO28    ";"CONSTRUDISENO S.A.                                ";RUTA 197 Y PANAMERICANA;953071;"80-100G        ";80-100G - DUCHA EMB. C/TRANSF. GOLD C.CERAM FABRIC;1;1;1;23325865;110926094609449;183046674;;;;12/03/2031 00:00:00;1;13920555;11/09/2026 09:46:09;Tiago;Rodriguez;;;;;;Tiago Rodriguez;
14257857;11/09/2026 13:21:27;3;2;0008    2918-1;02;CAMIONETA LUN 5;2091843;"CO28    ";"CONSTRUDISENO S.A.                                ";RUTA 197 Y PANAMERICANA;952630;"60-152         ";60-152 - LAVATORIO CR MONOCOMANDO BAJO SORIA;2;2;2;23325957;110926094809002;183117887;;;;07/27/2031 00:00:00;2;13920611;11/09/2026 09:48:09;Tiago;Rodriguez;;;;;;Tiago Rodriguez;
14257857;11/09/2026 13:21:27;3;2;0008    2918-1;02;CAMIONETA LUN 5;2091843;"CO28    ";"CONSTRUDISENO S.A.                                ";RUTA 197 Y PANAMERICANA;952638;"60-168N        ";60-168N - LAVATORIO MONOC BAJO BLACK WAVE;1;1;1;23325957;110926094809002;183117734;;;;07/27/2031 00:00:00;1;13920611;11/09/2026 09:48:09;Tiago;Rodriguez;;;;;;Tiago Rodriguez;
14257857;11/09/2026 13:21:27;3;2;0008    2918-1;02;CAMIONETA LUN 5;2091843;"CO28    ";"CONSTRUDISENO S.A.                                ";RUTA 197 Y PANAMERICANA;952720;"61-192         ";61-192 - LAVATORIO ALTO SORIA BLACK;2;2;2;23325957;110926094809002;183118055;;;;07/27/2031 00:00:00;2;13920611;11/09/2026 09:48:09;Tiago;Rodriguez;;;;;;Tiago Rodriguez;
14257857;11/09/2026 13:21:27;3;2;0008    2918-1;02;CAMIONETA LUN 5;2091843;"CO28    ";"CONSTRUDISENO S.A.                                ";RUTA 197 Y PANAMERICANA;952721;"61-193         ";61-193 - LAVATORIO MONOCOMANDO ALTO MORA;1;1;1;23325957;110926094809002;183118186;;;;07/27/2031 00:00:00;1;13920611;11/09/2026 09:48:09;Tiago;Rodriguez;;;;;;Tiago Rodriguez;
14257857;11/09/2026 13:21:27;3;2;0008    2918-1;02;CAMIONETA LUN 5;2091843;"CO28    ";"CONSTRUDISENO S.A.                                ";RUTA 197 Y PANAMERICANA;952908;"70-152         ";70-152 - BIDE MONOCOMANDO CR C/TRANSFERENCIA SORIA;3;3;3;23325957;110926094809002;183117937;;;;07/28/2031 00:00:00;3;13920611;11/09/2026 09:48:09;Tiago;Rodriguez;;;;;;Tiago Rodriguez;
14257857;11/09/2026 13:21:27;3;2;0008    2918-1;02;CAMIONETA LUN 5;2091843;"CO28    ";"CONSTRUDISENO S.A.                                ";RUTA 197 Y PANAMERICANA;951537;"20-162N        ";"MONOCOMANDO COCINA BLACK ADRA                                         ";2;2;2;23325982;110926094849483;183117787;;;;07/28/2031 00:00:00;2;13920627;11/09/2026 09:48:49;Tiago;Rodriguez;;;;;;Tiago Rodriguez;
14257857;11/09/2026 13:21:27;3;2;0008    2918-1;02;CAMIONETA LUN 5;2091843;"CO28    ";"CONSTRUDISENO S.A.                                ";RUTA 197 Y PANAMERICANA;951536;"20-162         ";20-162 - MONOCOMANDO COCINA ADRA;2;2;2;23325982;110926094849483;183118358;;;;07/28/2031 00:00:00;2;13920627;11/09/2026 09:48:49;Tiago;Rodriguez;;;;;;Tiago Rodriguez;
14257857;11/09/2026 13:21:27;3;2;0008    2918-1;02;CAMIONETA LUN 5;2091843;"CO28    ";"CONSTRUDISENO S.A.                                ";RUTA 197 Y PANAMERICANA;953319;"83-193         ";83-193 - DUCHA EXT. C/TRANSF. MONOCOMANDO MORA;1;1;1;23325982;110926094849483;183117751;;;;07/27/2031 00:00:00;1;13920627;11/09/2026 09:48:49;Tiago;Rodriguez;;;;;;Tiago Rodriguez;
14257857;11/09/2026 13:21:27;3;2;0008    2918-1;02;CAMIONETA LUN 5;2091843;"CO28    ";"CONSTRUDISENO S.A.                                ";RUTA 197 Y PANAMERICANA;952938;"70-192         ";70-192 - BIDE SORIA BLACK;2;2;2;23325982;110926094849483;183118093;;;;07/27/2031 00:00:00;2;13920627;11/09/2026 09:48:49;Tiago;Rodriguez;;;;;;Tiago Rodriguez;
14257857;11/09/2026 13:21:27;3;2;0008    2918-1;02;CAMIONETA LUN 5;2091843;"CO28    ";"CONSTRUDISENO S.A.                                ";RUTA 197 Y PANAMERICANA;952799;"63-180         ";63-180 - LAVATORIO MONOC. DE PARED VERA;1;1;1;23326072;110926095027829;183118107;;;;07/27/2031 00:00:00;1;13920661;11/09/2026 09:50:27;Tiago;Rodriguez;;;;;;Tiago Rodriguez;
14257857;11/09/2026 13:21:27;3;2;0008    2918-1;02;CAMIONETA LUN 5;2091843;"CO28    ";"CONSTRUDISENO S.A.                                ";RUTA 197 Y PANAMERICANA;951396;"20020DG        ";20020DG - TOALLERO DE ARO DARK GOLD LINEA PULSE;1;1;1;23326072;110926095027829;183117640;;;;07/27/2031 00:00:00;1;13920661;11/09/2026 09:50:27;Tiago;Rodriguez;;;;;;Tiago Rodriguez;
14257857;11/09/2026 13:21:27;3;2;0008    2918-1;02;CAMIONETA LUN 5;2091843;"CO28    ";"CONSTRUDISENO S.A.                                ";RUTA 197 Y PANAMERICANA;951424;"20040DG        ";20040DG - PORTA ROLLO DARK GOLD LINEA PULSE;1;1;1;23326072;110926095027829;183117610;;;;07/29/2031 00:00:00;1;13920661;11/09/2026 09:50:27;Tiago;Rodriguez;;;;;;Tiago Rodriguez;
14257857;11/09/2026 13:21:27;3;2;0008    2918-1;02;CAMIONETA LUN 5;2091843;"CO28    ";"CONSTRUDISENO S.A.                                ";RUTA 197 Y PANAMERICANA;951512;"20-122         ";"MONOCOMANDO COCINA CR C/PICO EXTRAIBLE VALENCIA                       ";1;1;1;23326072;110926095027829;183117844;;;;08/06/2031 00:00:00;1;13920661;11/09/2026 09:50:27;Tiago;Rodriguez;;;;;;Tiago Rodriguez;
14257857;11/09/2026 13:21:27;3;2;0008    2918-1;02;CAMIONETA LUN 5;2091843;"CO28    ";"CONSTRUDISENO S.A.                                ";RUTA 197 Y PANAMERICANA;951513;"20-122N        ";20-122N - MONOCOMANDO COCINA C/PICO EXTRAIBLE VALENCIA BLACK;1;1;1;23326072;110926095027829;183118880;;;;08/06/2031 00:00:00;1;13920661;11/09/2026 09:50:27;Tiago;Rodriguez;;;;;;Tiago Rodriguez;
14257857;11/09/2026 13:21:27;3;2;0008    2918-1;02;CAMIONETA LUN 5;2091843;"CO28    ";"CONSTRUDISENO S.A.                                ";RUTA 197 Y PANAMERICANA;951833;"30-132         ";30-132 - COCINA MESADA MONOC. C/DUCHADOR EXTENSIBLE VIGO;1;1;1;23326072;110926095027829;183117713;;;;07/28/2031 00:00:00;1;13920661;11/09/2026 09:50:27;Tiago;Rodriguez;;;;;;Tiago Rodriguez;
14257857;11/09/2026 13:21:27;3;2;0008    2918-1;02;CAMIONETA LUN 5;2091843;"CO28    ";"CONSTRUDISENO S.A.                                ";RUTA 197 Y PANAMERICANA;951318;"18040          ";18040 - PORTA ROLLO NIQUEL LINEA BEAT;2;2;2;23326072;110926095027829;183117961;;;;07/28/2031 00:00:00;2;13920661;11/09/2026 09:50:27;Tiago;Rodriguez;;;;;;Tiago Rodriguez;
14257857;11/09/2026 13:21:27;3;2;0008    2918-1;02;CAMIONETA LUN 5;2091843;"CO28    ";"CONSTRUDISENO S.A.                                ";RUTA 197 Y PANAMERICANA;953102;"80-152         ";80-152 - DUCHA EMB. CR C/TRANSF. MONOCOMANDO SORIA;3;3;3;23326094;110926095053393;183118019;;;;10/26/2031 00:00:00;3;13920672;11/09/2026 09:50:53;Tiago;Rodriguez;;;;;;Tiago Rodriguez;
14257857;11/09/2026 13:21:27;3;2;0008    2918-1;02;CAMIONETA LUN 5;2091843;"CO28    ";"CONSTRUDISENO S.A.                                ";RUTA 197 Y PANAMERICANA;956411;"INO102-1       ";"INODORO BLANCO C/ASIENTO LINEA LOFT                                   ";2;2;2;23336470;110926131502557;183116186;;;;02/24/2032 00:00:00;2;13926672;11/09/2026 13:15:02;Agustin;Scirica;;;;;;Agustin Scirica;
14257857;11/09/2026 13:21:27;3;2;0008    2918-1;02;CAMIONETA LUN 5;2091843;"CO28    ";"CONSTRUDISENO S.A.                                ";RUTA 197 Y PANAMERICANA;956415;"INO104-1       ";"INODORO BLANCO C/ASIENTO LINEA STONE                                  ";4;4;4;23336470;110926131502557;183115930;;;;01/20/2032 00:00:00;4;13926672;11/09/2026 13:15:02;Agustin;Scirica;;;;;;Agustin Scirica;
14257857;11/09/2026 13:21:27;3;2;0008    2918-1;02;CAMIONETA LUN 5;2091843;"CO28    ";"CONSTRUDISENO S.A.                                ";RUTA 197 Y PANAMERICANA;954947;"BID104-3       ";"BIDE 3 AGUJEROS BLANCO LINEA STONE                                    ";2;2;2;23336619;110926131803623;183115166;;;;07/30/2031 00:00:00;2;13926754;11/09/2026 13:18:03;Agustin;Scirica;;;;;;Agustin Scirica;
14257857;11/09/2026 13:21:27;3;2;0008    2918-1;02;CAMIONETA LUN 5;2091843;"CO28    ";"CONSTRUDISENO S.A.                                ";RUTA 197 Y PANAMERICANA;954946;"BID104-1       ";"BIDE 1 AGUJERO BLANCO LINEA STONE                                     ";2;2;2;23336619;110926131803623;183115400;;;;10/26/2031 00:00:00;2;13926754;11/09/2026 13:18:03;Agustin;Scirica;;;;;;Agustin Scirica;
14257857;11/09/2026 13:21:27;3;2;0008    2918-1;02;CAMIONETA LUN 5;2091843;"CO28    ";"CONSTRUDISENO S.A.                                ";RUTA 197 Y PANAMERICANA;954943;"BID102-3       ";"BIDE 3 AGUJEROS BLANCO LINEA LOFT                                     ";3;3;3;23336619;110926131803623;183117287;;;;08/13/2031 00:00:00;3;13926754;11/09/2026 13:18:03;Agustin;Scirica;;;;;;Agustin Scirica;
14257857;11/09/2026 13:21:27;3;2;0008    2918-1;02;CAMIONETA LUN 5;2091843;"CO28    ";"CONSTRUDISENO S.A.                                ";RUTA 197 Y PANAMERICANA;954942;"BID102-1       ";"BIDE 1 AGUJERO BLANCO LINEA LOFT                                      ";1;1;1;23336619;110926131803623;183117068;;;;02/24/2032 00:00:00;1;13926754;11/09/2026 13:18:03;Agustin;Scirica;;;;;;Agustin Scirica;
14257857;11/09/2026 13:21:27;3;2;0008    2918-1;02;CAMIONETA LUN 5;2091843;"CO28    ";"CONSTRUDISENO S.A.                                ";RUTA 197 Y PANAMERICANA;956416;"INO104-2       ";"DEPOSITO C/DESCARGA DUAL BLANCO LINEA STONE                           ";4;4;4;23336619;110926131803623;183117611;;;;10/18/2031 00:00:00;4;13926754;11/09/2026 13:18:03;Agustin;Scirica;;;;;;Agustin Scirica;
14266162;11/09/2026 11:21:31;3;2;0001  215275-1;14;RETIRA;2094388;"SD13    ";"SANITARIOS DERECHO S.A.                           ";AV JUAN B ALBERDI 3870;951116;"12006          ";"SET DE 6 PIEZAS LINEA 12000                                           ";10;10;10;23328665;110926110618997;183186812;;;;07/30/2031 00:00:00;10;13922788;11/09/2026 11:06:18;Tiago;Rodriguez;24604001;11/09/2026 10:55:52;6406;Lucas;Vega;Tiago Rodriguez;Lucas Vega
14266162;11/09/2026 11:21:31;3;2;0001  215275-1;14;RETIRA;2094388;"SD13    ";"SANITARIOS DERECHO S.A.                           ";AV JUAN B ALBERDI 3870;953474;"933            ";933 - JGO PARED C/EXT CR DIQUE;10;10;10;23329215;110926112053654;183196354;;;;01/07/2032 00:00:00;10;13923309;11/09/2026 11:20:53;Tiago;Rodriguez;24604486;11/09/2026 11:20:11;7807;Nicolas;Perez;Tiago Rodriguez;Nicolas Perez
14266162;11/09/2026 11:21:31;3;2;0001  215275-1;14;RETIRA;2094388;"SD13    ";"SANITARIOS DERECHO S.A.                           ";AV JUAN B ALBERDI 3870;953432;"910/M          ";"910/M - JGO.MDA.P.CANO CROMO ""DIQUE""";10;10;10;23329215;110926112053654;183189722;;;;12/21/2031 00:00:00;10;13923309;11/09/2026 11:20:53;Tiago;Rodriguez;24604486;11/09/2026 11:20:11;7807;Nicolas;Perez;Tiago Rodriguez;Nicolas Perez
14266163;11/09/2026 11:05:39;3;2;0001  215479-1;14;RETIRA;2094388;"SD13    ";"SANITARIOS DERECHO S.A.                           ";AV JUAN B ALBERDI 3870;951547;"20-174         ";20-174 - COCINA MESADA MONOC. COLORS BLACK;1;1;1;23328666;110926110511739;183182640;;;;07/28/2031 00:00:00;1;13922753;11/09/2026 11:05:11;Tiago;Rodriguez;24604001;11/09/2026 10:55:52;6406;Lucas;Vega;Tiago Rodriguez;Lucas Vega
14266163;11/09/2026 11:05:39;3;2;0001  215479-1;14;RETIRA;2094388;"SD13    ";"SANITARIOS DERECHO S.A.                           ";AV JUAN B ALBERDI 3870;951833;"30-132         ";30-132 - COCINA MESADA MONOC. C/DUCHADOR EXTENSIBLE VIGO;1;1;1;23328666;110926110511739;183182338;;;;07/28/2031 00:00:00;1;13922753;11/09/2026 11:05:11;Tiago;Rodriguez;24604001;11/09/2026 10:55:52;6406;Lucas;Vega;Tiago Rodriguez;Lucas Vega
14266163;11/09/2026 11:05:39;3;2;0001  215479-1;14;RETIRA;2094388;"SD13    ";"SANITARIOS DERECHO S.A.                           ";AV JUAN B ALBERDI 3870;953138;"80-192         ";80-192 - DUCHA EMB. C/TRANSF. SORIA BLACK;1;1;1;23328666;110926110511739;183183491;;;;07/28/2031 00:00:00;1;13922753;11/09/2026 11:05:11;Tiago;Rodriguez;24604001;11/09/2026 10:55:52;6406;Lucas;Vega;Tiago Rodriguez;Lucas Vega
14266163;11/09/2026 11:05:39;3;2;0001  215479-1;14;RETIRA;2094388;"SD13    ";"SANITARIOS DERECHO S.A.                           ";AV JUAN B ALBERDI 3870;952727;"61-203N        ";"LAVATORIO MONOCOMANDO ALTO ADRA BLACK                                 ";1;1;1;23329659;110926110539494;183189414;;;;01/06/2032 00:00:00;1;13922757;11/09/2026 11:05:39;Tiago;Rodriguez;24605016;11/09/2026 11:00:50;6406;Lucas;Vega;Tiago Rodriguez;Lucas Vega
14266163;11/09/2026 11:05:39;3;2;0001  215479-1;14;RETIRA;2094388;"SD13    ";"SANITARIOS DERECHO S.A.                           ";AV JUAN B ALBERDI 3870;953347;"85-168N        ";85-168N - DUCHA MONOC C/TRANSF Y DUCHADOR BLACK WAVE;1;1;1;23329659;110926110539494;183190396;;;;02/04/2032 00:00:00;1;13922757;11/09/2026 11:05:39;Tiago;Rodriguez;24605016;11/09/2026 11:00:50;6406;Lucas;Vega;Tiago Rodriguez;Lucas Vega
14266163;11/09/2026 11:05:39;3;2;0001  215479-1;14;RETIRA;2094388;"SD13    ";"SANITARIOS DERECHO S.A.                           ";AV JUAN B ALBERDI 3870;952774;"62-190         ";62-190 - LAVATORIO PARED EMB. C.CERAM BLACK VELVET;1;1;1;23329659;110926110539494;183189503;;;;09/02/2031 00:00:00;1;13922757;11/09/2026 11:05:39;Tiago;Rodriguez;24605016;11/09/2026 11:00:50;6406;Lucas;Vega;Tiago Rodriguez;Lucas Vega
14266163;11/09/2026 11:05:39;3;2;0001  215479-1;14;RETIRA;2094388;"SD13    ";"SANITARIOS DERECHO S.A.                           ";AV JUAN B ALBERDI 3870;952759;"62-162N        ";62-162N - LAVATORIO DE PARED BLACK C.CERAM ADRA;1;1;1;23329659;110926110539494;183189585;;;;12/08/2031 00:00:00;1;13922757;11/09/2026 11:05:39;Tiago;Rodriguez;24605016;11/09/2026 11:00:50;6406;Lucas;Vega;Tiago Rodriguez;Lucas Vega
14272527;16/09/2026 14:31:22;3;2;0001  215507-1;03;CAMION MAR 2;2093194;"LG10    ";"LOPEZ GAS ONLINE S.A                              ";AV. REMEDIOS DE ESCALADA 2375;956416;"INO104-2       ";"DEPOSITO C/DESCARGA DUAL BLANCO LINEA STONE                           ";12;12;12;23433499;160926143122777;183986755;;;;10/18/2031 00:00:00;12;13994405;16/09/2026 14:31:22;Gaston Alejandro;Kiriczuk;24709262;16/09/2026 10:17:50;6867;Javier;Lescano;Gaston Alejandro Kiriczuk;Javier Lescano
14272527;16/09/2026 14:31:22;3;2;0001  215507-1;03;CAMION MAR 2;2093194;"LG10    ";"LOPEZ GAS ONLINE S.A                              ";AV. REMEDIOS DE ESCALADA 2375;956415;"INO104-1       ";"INODORO BLANCO C/ASIENTO LINEA STONE                                  ";12;12;12;23433499;160926143122777;183984376;;;;01/20/2032 00:00:00;3;13994405;16/09/2026 14:31:22;Gaston Alejandro;Kiriczuk;24709262;16/09/2026 10:17:50;6867;Javier;Lescano;Gaston Alejandro Kiriczuk;Javier Lescano
14272527;16/09/2026 14:31:22;3;2;0001  215507-1;03;CAMION MAR 2;2093194;"LG10    ";"LOPEZ GAS ONLINE S.A                              ";AV. REMEDIOS DE ESCALADA 2375;956413;"INO103-1       ";"INODORO BLANCO C/ASIENTO LINEA URBAN                                  ";24;24;24;23450853;160926140826754;184098598;;;;08/16/2031 00:00:00;9;13994453;16/09/2026 14:08:26;Gaston Alejandro;Kiriczuk;;;;;;Gaston Alejandro Kiriczuk;
14272527;16/09/2026 14:31:22;3;2;0001  215507-1;03;CAMION MAR 2;2093194;"LG10    ";"LOPEZ GAS ONLINE S.A                              ";AV. REMEDIOS DE ESCALADA 2375;956413;"INO103-1       ";"INODORO BLANCO C/ASIENTO LINEA URBAN                                  ";24;24;24;23450911;160926140943641;184099225;;;;08/16/2031 00:00:00;9;13994499;16/09/2026 14:09:43;Gaston Alejandro;Kiriczuk;;;;;;Gaston Alejandro Kiriczuk;
14272527;16/09/2026 14:31:22;3;2;0001  215507-1;03;CAMION MAR 2;2093194;"LG10    ";"LOPEZ GAS ONLINE S.A                              ";AV. REMEDIOS DE ESCALADA 2375;956414;"INO103-2       ";"DEPOSITO C/DESCARGA DUAL BLANCO LINEA URBAN                           ";24;24;24;23451323;160926141717365;184102687;;;;09/03/2031 00:00:00;14;13994772;16/09/2026 14:17:17;Gaston Alejandro;Kiriczuk;;;;;;Gaston Alejandro Kiriczuk;
14272527;16/09/2026 14:31:22;3;2;0001  215507-1;03;CAMION MAR 2;2093194;"LG10    ";"LOPEZ GAS ONLINE S.A                              ";AV. REMEDIOS DE ESCALADA 2375;956413;"INO103-1       ";"INODORO BLANCO C/ASIENTO LINEA URBAN                                  ";24;24;24;23451323;160926141717365;183978044;;;;08/16/2031 00:00:00;6;13994772;16/09/2026 14:17:17;Gaston Alejandro;Kiriczuk;;;;;;Gaston Alejandro Kiriczuk;
14272527;16/09/2026 14:31:22;3;2;0001  215507-1;03;CAMION MAR 2;2093194;"LG10    ";"LOPEZ GAS ONLINE S.A                              ";AV. REMEDIOS DE ESCALADA 2375;954944;"BID103-1       ";"BIDE 1 AGUJERO BLANCO LINEA URBAN                                     ";12;12;12;23451471;160926142031120;183981992;;;;10/16/2031 00:00:00;12;13994906;16/09/2026 14:20:31;Gaston Alejandro;Kiriczuk;;;;;;Gaston Alejandro Kiriczuk;
14272527;16/09/2026 14:31:22;3;2;0001  215507-1;03;CAMION MAR 2;2093194;"LG10    ";"LOPEZ GAS ONLINE S.A                              ";AV. REMEDIOS DE ESCALADA 2375;956414;"INO103-2       ";"DEPOSITO C/DESCARGA DUAL BLANCO LINEA URBAN                           ";24;24;24;23451471;160926142031120;184005034;;;;09/03/2031 00:00:00;10;13994906;16/09/2026 14:20:31;Gaston Alejandro;Kiriczuk;;;;;;Gaston Alejandro Kiriczuk;
14272527;16/09/2026 14:31:22;3;2;0001  215507-1;03;CAMION MAR 2;2093194;"LG10    ";"LOPEZ GAS ONLINE S.A                              ";AV. REMEDIOS DE ESCALADA 2375;954945;"BID103-3       ";"BIDE 3 AGUJEROS BLANCO LINEA URBAN                                    ";12;12;12;23451604;160926142237585;183980453;;;;07/30/2031 00:00:00;12;13994990;16/09/2026 14:22:37;Gaston Alejandro;Kiriczuk;;;;;;Gaston Alejandro Kiriczuk;
14272527;16/09/2026 14:31:22;3;2;0001  215507-1;03;CAMION MAR 2;2093194;"LG10    ";"LOPEZ GAS ONLINE S.A                              ";AV. REMEDIOS DE ESCALADA 2375;954946;"BID104-1       ";"BIDE 1 AGUJERO BLANCO LINEA STONE                                     ";12;12;12;23451850;160926142616085;183983176;;;;10/26/2031 00:00:00;12;13995130;16/09/2026 14:26:16;Gaston Alejandro;Kiriczuk;;;;;;Gaston Alejandro Kiriczuk;
14272527;16/09/2026 14:31:22;3;2;0001  215507-1;03;CAMION MAR 2;2093194;"LG10    ";"LOPEZ GAS ONLINE S.A                              ";AV. REMEDIOS DE ESCALADA 2375;956415;"INO104-1       ";"INODORO BLANCO C/ASIENTO LINEA STONE                                  ";12;12;12;23452007;160926142843154;184107843;;;;01/20/2032 00:00:00;9;13995246;16/09/2026 14:28:43;Gaston Alejandro;Kiriczuk;;;;;;Gaston Alejandro Kiriczuk;
14272541;12/09/2026 07:18:19;3;2;0001  214922-2;05;CAMIONETA MAR 2;2092019;"DA28    ";"DAPESOL S.A. -MATERIALES ACON                     ";VIAMONTE 1803;956415;"INO104-1       ";"INODORO BLANCO C/ASIENTO LINEA STONE                                  ";1;1;1;23326017;120926071819170;183164228;;;;01/20/2032 00:00:00;1;13935943;12/09/2026 07:18:19;Agustin;Scirica;24601370;11/09/2026 10:09:27;7636;Kevin;Arce;Agustin Scirica;Kevin Arce
14272542;12/09/2026 10:48:45;3;2;0001  214947-2;05;CAMIONETA MAR 2;2091760;"CL40    ";"CLICK-ON S.A. -TIOSO HOGAR                        ";AU A CAÑUELAS KM 41 PUENTE DEL INCA 2450;951611;"21-160         ";"MONOCOMANDO DUO COCINA CROMO DIQUE                                    ";5;5;5;23328024;120926104843517;183178304;;;;12/14/2031 00:00:00;5;13938551;12/09/2026 10:48:43;Maximiliano;Nievas;24603387;11/09/2026 10:32:15;7807;Nicolas;Perez;Maximiliano Nievas;Nicolas Perez
14272543;12/09/2026 08:53:20;3;2;0001  215147-1;05;CAMIONETA MAR 2;2186317;"FS13    ";"FAMACON SA                                        ";IRIARTE 1445;954948;"BID104N-1      ";"BIDE 1 AGUJERO BLACK LINEA STONE                                      ";1;1;1;23325300;120926085320189;183160487;;;;01/18/2032 00:00:00;1;13936906;12/09/2026 08:53:20;Agustin;Scirica;24600672;11/09/2026 09:46:03;7636;Kevin;Arce;Agustin Scirica;Kevin Arce
14272543;12/09/2026 08:53:20;3;2;0001  215147-1;05;CAMIONETA MAR 2;2186317;"FS13    ";"FAMACON SA                                        ";IRIARTE 1445;954949;"BID104N-3      ";"BIDE 3 AGUJEROS BLACK LINEA STONE                                     ";1;1;1;23325300;120926085320189;183160162;;;;07/30/2031 00:00:00;1;13936906;12/09/2026 08:53:20;Agustin;Scirica;24600672;11/09/2026 09:46:03;7636;Kevin;Arce;Agustin Scirica;Kevin Arce
14272543;12/09/2026 08:53:20;3;2;0001  215147-1;05;CAMIONETA MAR 2;2186317;"FS13    ";"FAMACON SA                                        ";IRIARTE 1445;956417;"INO104N-1      ";"INODORO BLACK C/ASIENTO LINEA STONE                                   ";5;5;5;23325300;120926085320189;183159686;;;;01/18/2032 00:00:00;5;13936906;12/09/2026 08:53:20;Agustin;Scirica;24600672;11/09/2026 09:46:03;7636;Kevin;Arce;Agustin Scirica;Kevin Arce
14272543;12/09/2026 08:53:20;3;2;0001  215147-1;05;CAMIONETA MAR 2;2186317;"FS13    ";"FAMACON SA                                        ";IRIARTE 1445;956418;"INO104N-2      ";"DEPOSITO C/DESCARGA DUAL BLACK LINEA STONE                            ";2;2;2;23325300;120926085320189;183160675;;;;10/18/2031 00:00:00;2;13936906;12/09/2026 08:53:20;Agustin;Scirica;24600672;11/09/2026 09:46:03;7636;Kevin;Arce;Agustin Scirica;Kevin Arce
14272544;12/09/2026 09:39:13;3;2;0001  215220-1;05;CAMIONETA MAR 2;2093813;"PC07    ";"PEDACI CARLOS HERMINIO - SANITARIOS COLOMBIA      ";COLOMBIA 1471;953157;"80-203         ";80-203 - DUCHA EMB C/TRANSF. MONOCOMANDO ADRA;1;1;1;23325905;120926093913840;183168867;;;;07/27/2031 00:00:00;1;13937526;12/09/2026 09:39:13;Maximiliano;Nievas;24601242;11/09/2026 10:24:18;7807;Nicolas;Perez;Maximiliano Nievas;Nicolas Perez
14272544;12/09/2026 09:39:13;3;2;0001  215220-1;05;CAMIONETA MAR 2;2093813;"PC07    ";"PEDACI CARLOS HERMINIO - SANITARIOS COLOMBIA      ";COLOMBIA 1471;952874;"70-100G        ";70-100G - BIDE GOLD C.CERAM FABRIC;1;1;1;23331177;120926093559946;183200802;;;;07/29/2031 00:00:00;1;13937466;12/09/2026 09:35:59;Maximiliano;Nievas;24606528;11/09/2026 11:27:40;6867;Javier;Lescano;Maximiliano Nievas;Javier Lescano
14272544;12/09/2026 09:39:13;3;2;0001  215220-1;05;CAMIONETA MAR 2;2093813;"PC07    ";"PEDACI CARLOS HERMINIO - SANITARIOS COLOMBIA      ";COLOMBIA 1471;952740;"62-100G        ";62-100G - LAVATORIO DE PARED GOLD C.CERAM FABRIC;2;2;2;23331177;120926093559946;183200649;;;;12/20/2031 00:00:00;2;13937466;12/09/2026 09:35:59;Maximiliano;Nievas;24606528;11/09/2026 11:27:40;6867;Javier;Lescano;Maximiliano Nievas;Javier Lescano
14272544;12/09/2026 09:39:13;3;2;0001  215220-1;05;CAMIONETA MAR 2;2093813;"PC07    ";"PEDACI CARLOS HERMINIO - SANITARIOS COLOMBIA      ";COLOMBIA 1471;952726;"61-203         ";61-203 - LAVATORIO MONOCOMANDO ALTO ADRA;1;1;1;23331177;120926093559946;183201212;;;;01/20/2032 00:00:00;1;13937466;12/09/2026 09:35:59;Maximiliano;Nievas;24606528;11/09/2026 11:27:40;6867;Javier;Lescano;Maximiliano Nievas;Javier Lescano
14272544;12/09/2026 09:39:13;3;2;0001  215220-1;05;CAMIONETA MAR 2;2093813;"PC07    ";"PEDACI CARLOS HERMINIO - SANITARIOS COLOMBIA      ";COLOMBIA 1471;953071;"80-100G        ";80-100G - DUCHA EMB. C/TRANSF. GOLD C.CERAM FABRIC;1;1;1;23331177;120926093559946;183200515;;;;12/03/2031 00:00:00;1;13937466;12/09/2026 09:35:59;Maximiliano;Nievas;24606528;11/09/2026 11:27:40;6867;Javier;Lescano;Maximiliano Nievas;Javier Lescano
14272545;12/09/2026 09:38:32;3;2;0001  215189-1;05;CAMIONETA MAR 2;2092019;"DA28    ";"DAPESOL S.A. -MATERIALES ACON                     ";VIAMONTE 1803;951320;"18050          ";18050 - JABONERA NIQUEL LINEA BEAT;1;1;1;23325906;120926093830620;183165897;;;;07/28/2031 00:00:00;1;13937508;12/09/2026 09:38:30;Maximiliano;Nievas;24601242;11/09/2026 10:24:18;7807;Nicolas;Perez;Maximiliano Nievas;Nicolas Perez
14272545;12/09/2026 09:38:32;3;2;0001  215189-1;05;CAMIONETA MAR 2;2092019;"DA28    ";"DAPESOL S.A. -MATERIALES ACON                     ";VIAMONTE 1803;956415;"INO104-1       ";"INODORO BLANCO C/ASIENTO LINEA STONE                                  ";1;1;1;23326018;120926071916031;183164321;;;;01/20/2032 00:00:00;1;13935950;12/09/2026 07:19:16;Agustin;Scirica;24601370;11/09/2026 10:09:27;7636;Kevin;Arce;Agustin Scirica;Kevin Arce
14272546;12/09/2026 11:01:29;3;2;0001  215336-1;05;CAMIONETA MAR 2;2093912;"PL21    ";"PINTO LEONEL E. -SANIT. BRONCESUR                 ";MIGUEL CANE 1042;957500;"RA1110         ";RA1110 - AIREADOR P/MONOCOMANDO BETIS M16.5 x 1;4;4;4;23328025;120926110128106;183178867;;;;07/31/2031 00:00:00;4;13938740;12/09/2026 11:01:28;Maximiliano;Nievas;24603387;11/09/2026 10:32:15;7807;Nicolas;Perez;Maximiliano Nievas;Nicolas Perez
14272547;12/09/2026 07:17:05;3;2;0001  213912-2;05;CAMIONETA MAR 2;2094682;"ST17    ";"STM LOMAS DE CONCRETO SA - STM HOME               ";PERITO MORENO (ETAPA II NAVE 37 ) 845;956412;"INO102-2       ";"DEPOSITO C/DESCARGA DUAL BLANCO LINEA LOFT                            ";3;3;3;23326019;120926071705393;183165078;;;;02/24/2032 00:00:00;3;13935934;12/09/2026 07:17:05;Agustin;Scirica;24601370;11/09/2026 10:09:27;7636;Kevin;Arce;Agustin Scirica;Kevin Arce
14272548;12/09/2026 08:50:23;3;2;0001  214186-2;05;CAMIONETA MAR 2;2094663;"SS42    ";"SINCENCO SILVIO D -CASA SILVIO                    ";RIVADAVIA 2152;956411;"INO102-1       ";"INODORO BLANCO C/ASIENTO LINEA LOFT                                   ";3;3;3;23331591;120926085022793;183203408;;;;02/24/2032 00:00:00;3;13936874;12/09/2026 08:50:22;Agustin;Scirica;24607023;11/09/2026 11:35:37;6867;Javier;Lescano;Agustin Scirica;Javier Lescano
14272548;12/09/2026 08:50:23;3;2;0001  214186-2;05;CAMIONETA MAR 2;2094663;"SS42    ";"SINCENCO SILVIO D -CASA SILVIO                    ";RIVADAVIA 2152;956412;"INO102-2       ";"DEPOSITO C/DESCARGA DUAL BLANCO LINEA LOFT                            ";3;3;3;23331591;120926085022793;183204670;;;;02/24/2032 00:00:00;3;13936874;12/09/2026 08:50:22;Agustin;Scirica;24607023;11/09/2026 11:35:37;6867;Javier;Lescano;Agustin Scirica;Javier Lescano
14272549;12/09/2026 11:28:11;3;2;0001  214826-2;05;CAMIONETA MAR 2;2093421;"ME36    ";"MERMOZ S.A.                                       ";AV. ALSINA 1234;956411;"INO102-1       ";"INODORO BLANCO C/ASIENTO LINEA LOFT                                   ";6;6;6;23325164;120926112808765;183159012;;;;02/24/2032 00:00:00;6;13939140;12/09/2026 11:28:08;Maximiliano;Nievas;24600565;11/09/2026 09:40:16;7807;Nicolas;Perez;Maximiliano Nievas;Nicolas Perez
14272549;12/09/2026 11:28:11;3;2;0001  214826-2;05;CAMIONETA MAR 2;2093421;"ME36    ";"MERMOZ S.A.                                       ";AV. ALSINA 1234;956412;"INO102-2       ";"DEPOSITO C/DESCARGA DUAL BLANCO LINEA LOFT                            ";6;6;6;23325164;120926112808765;183158881;;;;02/24/2032 00:00:00;6;13939140;12/09/2026 11:28:08;Maximiliano;Nievas;24600565;11/09/2026 09:40:16;7807;Nicolas;Perez;Maximiliano Nievas;Nicolas Perez
14272550;12/09/2026 08:48:15;3;2;0008    2878-2;05;CAMIONETA MAR 2;2093421;"ME36    ";"MERMOZ S.A.                                       ";AV. ALSINA 1234;956411;"INO102-1       ";"INODORO BLANCO C/ASIENTO LINEA LOFT                                   ";14;14;14;23325048;120926084815332;183159523;;;;02/24/2032 00:00:00;7;13936827;12/09/2026 08:48:15;Agustin;Scirica;24600450;11/09/2026 10:19:10;6867;Javier;Lescano;Agustin Scirica;Javier Lescano
14272550;12/09/2026 08:48:15;3;2;0008    2878-2;05;CAMIONETA MAR 2;2093421;"ME36    ";"MERMOZ S.A.                                       ";AV. ALSINA 1234;956412;"INO102-2       ";"DEPOSITO C/DESCARGA DUAL BLANCO LINEA LOFT                            ";14;14;14;23325048;120926084815332;183159241;;;;02/24/2032 00:00:00;7;13936827;12/09/2026 08:48:15;Agustin;Scirica;24600450;11/09/2026 10:19:10;6867;Javier;Lescano;Agustin Scirica;Javier Lescano
14272550;12/09/2026 08:48:15;3;2;0008    2878-2;05;CAMIONETA MAR 2;2093421;"ME36    ";"MERMOZ S.A.                                       ";AV. ALSINA 1234;956412;"INO102-2       ";"DEPOSITO C/DESCARGA DUAL BLANCO LINEA LOFT                            ";14;14;14;23352809;120926084707314;183373323;;;;02/24/2032 00:00:00;7;13936832;12/09/2026 08:47:07;Agustin;Scirica;;;;;;Agustin Scirica;
14272550;12/09/2026 08:48:15;3;2;0008    2878-2;05;CAMIONETA MAR 2;2093421;"ME36    ";"MERMOZ S.A.                                       ";AV. ALSINA 1234;956411;"INO102-1       ";"INODORO BLANCO C/ASIENTO LINEA LOFT                                   ";14;14;14;23352809;120926084707314;183373321;;;;02/24/2032 00:00:00;7;13936832;12/09/2026 08:47:07;Agustin;Scirica;;;;;;Agustin Scirica;
14272551;12/09/2026 09:40:35;3;2;0001  215366-1;05;CAMIONETA MAR 2;2093421;"ME36    ";"MERMOZ S.A.                                       ";AV. ALSINA 1234;952725;"61-200N        ";61-200N - LAVATORIO MONOC ALTO FABRIC BLACK;1;1;1;23325907;120926094034693;183169754;;;;07/28/2031 00:00:00;1;13937544;12/09/2026 09:40:34;Maximiliano;Nievas;24601242;11/09/2026 10:24:18;7807;Nicolas;Perez;Maximiliano Nievas;Nicolas Perez
14272551;12/09/2026 09:40:35;3;2;0001  215366-1;05;CAMIONETA MAR 2;2093421;"ME36    ";"MERMOZ S.A.                                       ";AV. ALSINA 1234;952951;"70-200N        ";70-200N - BIDE MONOCOMANDO BLACK FABRIC;1;1;1;23325907;120926094034693;183169972;;;;09/06/2031 00:00:00;1;13937544;12/09/2026 09:40:34;Maximiliano;Nievas;24601242;11/09/2026 10:24:18;7807;Nicolas;Perez;Maximiliano Nievas;Nicolas Perez
14272551;12/09/2026 09:40:35;3;2;0001  215366-1;05;CAMIONETA MAR 2;2093421;"ME36    ";"MERMOZ S.A.                                       ";AV. ALSINA 1234;953154;"80-200N        ";80-200N - DUCHA EMB. MONOC. 3 FUNCIONES BLACK FABRIC;1;1;1;23331178;120926093657376;183200179;;;;01/04/2032 00:00:00;1;13937488;12/09/2026 09:36:57;Maximiliano;Nievas;24606528;11/09/2026 11:27:40;6867;Javier;Lescano;Maximiliano Nievas;Javier Lescano
14272552;12/09/2026 09:54:37;3;2;0001  215382-1;05;CAMIONETA MAR 2;2093421;"ME36    ";"MERMOZ S.A.                                       ";AV. ALSINA 1234;951263;"16030BL        ";16030BL - PERCHA LINEA 16000 BLACK;6;6;6;23325908;120926095432382;183164188;;;;07/28/2031 00:00:00;6;13937760;12/09/2026 09:54:32;Maximiliano;Nievas;24601242;11/09/2026 10:24:18;7807;Nicolas;Perez;Maximiliano Nievas;Nicolas Perez
14272552;12/09/2026 09:54:37;3;2;0001  215382-1;05;CAMIONETA MAR 2;2093421;"ME36    ";"MERMOZ S.A.                                       ";AV. ALSINA 1234;951265;"16040BL        ";16040BL - PORTA ROLLO ACCESORIOS LINEA 16000 BLACK;6;6;6;23325908;120926095432382;183163500;;;;07/31/2031 00:00:00;6;13937760;12/09/2026 09:54:32;Maximiliano;Nievas;24601242;11/09/2026 10:24:18;7807;Nicolas;Perez;Maximiliano Nievas;Nicolas Perez
14272553;12/09/2026 09:58:00;3;2;0008    2913-1;05;CAMIONETA MAR 2;2093421;"ME36    ";"MERMOZ S.A.                                       ";AV. ALSINA 1234;951263;"16030BL        ";16030BL - PERCHA LINEA 16000 BLACK;14;14;14;23328844;120926095759472;183184658;;;;07/28/2031 00:00:00;14;13937799;12/09/2026 09:57:59;Maximiliano;Nievas;24604224;11/09/2026 10:50:17;7636;Kevin;Arce;Maximiliano Nievas;Kevin Arce
14272553;12/09/2026 09:58:00;3;2;0008    2913-1;05;CAMIONETA MAR 2;2093421;"ME36    ";"MERMOZ S.A.                                       ";AV. ALSINA 1234;951265;"16040BL        ";16040BL - PORTA ROLLO ACCESORIOS LINEA 16000 BLACK;14;14;14;23328844;120926095759472;183185355;;;;07/31/2031 00:00:00;14;13937799;12/09/2026 09:57:59;Maximiliano;Nievas;24604224;11/09/2026 10:50:17;7636;Kevin;Arce;Maximiliano Nievas;Kevin Arce
14272554;12/09/2026 11:00:20;3;2;0001  215484-1;05;CAMIONETA MAR 2;2092019;"DA28    ";"DAPESOL S.A. -MATERIALES ACON                     ";VIAMONTE 1803;952798;"63-176N        ";"LAVATORIO PARED EMB MONOC BLACK RIO                                   ";1;1;1;23328026;120926110015890;183177636;;;;12/14/2031 00:00:00;1;13938722;12/09/2026 11:00:15;Maximiliano;Nievas;24603387;11/09/2026 10:32:15;7807;Nicolas;Perez;Maximiliano Nievas;Nicolas Perez
14272554;12/09/2026 11:00:20;3;2;0001  215484-1;05;CAMIONETA MAR 2;2092019;"DA28    ";"DAPESOL S.A. -MATERIALES ACON                     ";VIAMONTE 1803;952610;"60-122         ";60-122 - LAVATORIO C.CERAM CR VALENCIA;1;1;1;23331179;120926093955154;183200969;;;;12/10/2031 00:00:00;1;13937533;12/09/2026 09:39:55;Maximiliano;Nievas;24606528;11/09/2026 11:27:40;6867;Javier;Lescano;Maximiliano Nievas;Javier Lescano
14272554;12/09/2026 11:00:20;3;2;0001  215484-1;05;CAMIONETA MAR 2;2092019;"DA28    ";"DAPESOL S.A. -MATERIALES ACON                     ";VIAMONTE 1803;952774;"62-190         ";62-190 - LAVATORIO PARED EMB. C.CERAM BLACK VELVET;1;1;1;23331179;120926093955154;183201070;;;;09/02/2031 00:00:00;1;13937533;12/09/2026 09:39:55;Maximiliano;Nievas;24606528;11/09/2026 11:27:40;6867;Javier;Lescano;Maximiliano Nievas;Javier Lescano
14272555;12/09/2026 09:37:44;3;2;0001  215528-1;05;CAMIONETA MAR 2;2094940;"VG04    ";"VELAZQUEZ NORBERTO Y GRANELLA JORGE               ";BELGRANO 1450;951508;"20-121         ";20-121 - COCINA MSDA MONOC.P. REDONDO MARBELLA;1;1;1;23325909;120926093744169;183166454;;;;07/30/2031 00:00:00;1;13937496;12/09/2026 09:37:44;Maximiliano;Nievas;24601242;11/09/2026 10:24:18;7807;Nicolas;Perez;Maximiliano Nievas;Nicolas Perez
14272555;12/09/2026 09:37:44;3;2;0001  215528-1;05;CAMIONETA MAR 2;2094940;"VG04    ";"VELAZQUEZ NORBERTO Y GRANELLA JORGE               ";BELGRANO 1450;951530;"20-146         ";20-146 - MONOCOMANDO DE COCINA CR LINEA MOVE;1;1;1;23325909;120926093744169;183170875;;;;10/09/2031 00:00:00;1;13937496;12/09/2026 09:37:44;Maximiliano;Nievas;24601242;11/09/2026 10:24:18;7807;Nicolas;Perez;Maximiliano Nievas;Nicolas Perez
14272555;12/09/2026 09:37:44;3;2;0001  215528-1;05;CAMIONETA MAR 2;2094940;"VG04    ";"VELAZQUEZ NORBERTO Y GRANELLA JORGE               ";BELGRANO 1450;951536;"20-162         ";20-162 - MONOCOMANDO COCINA ADRA;2;2;2;23325909;120926093744169;183171426;;;;07/28/2031 00:00:00;2;13937496;12/09/2026 09:37:44;Maximiliano;Nievas;24601242;11/09/2026 10:24:18;7807;Nicolas;Perez;Maximiliano Nievas;Nicolas Perez
14272555;12/09/2026 09:37:44;3;2;0001  215528-1;05;CAMIONETA MAR 2;2094940;"VG04    ";"VELAZQUEZ NORBERTO Y GRANELLA JORGE               ";BELGRANO 1450;951553;"20-184         ";"MONOCOMANDO DE COCINA CR SUV                                          ";1;1;1;23325909;120926093744169;183170301;;;;10/04/2031 00:00:00;1;13937496;12/09/2026 09:37:44;Maximiliano;Nievas;24601242;11/09/2026 10:24:18;7807;Nicolas;Perez;Maximiliano Nievas;Nicolas Perez
14272555;12/09/2026 09:37:44;3;2;0001  215528-1;05;CAMIONETA MAR 2;2094940;"VG04    ";"VELAZQUEZ NORBERTO Y GRANELLA JORGE               ";BELGRANO 1450;951565;"20-205         ";20-205 - MONOCOMANDO DE COCINA STEEL;1;1;1;23325909;120926093744169;183167356;;;;07/28/2031 00:00:00;1;13937496;12/09/2026 09:37:44;Maximiliano;Nievas;24601242;11/09/2026 10:24:18;7807;Nicolas;Perez;Maximiliano Nievas;Nicolas Perez
14272557;12/09/2026 07:00:53;3;2;0008    2928-1;05;CAMIONETA MAR 2;2093421;"ME36    ";"MERMOZ S.A.                                       ";AV. ALSINA 1234;954948;"BID104N-1      ";"BIDE 1 AGUJERO BLACK LINEA STONE                                      ";1;1;1;23331613;120926070051436;183205245;;;;01/18/2032 00:00:00;1;13935816;12/09/2026 07:00:51;Agustin;Scirica;24607026;11/09/2026 11:41:44;7636;Kevin;Arce;Agustin Scirica;Kevin Arce
14272557;12/09/2026 07:00:53;3;2;0008    2928-1;05;CAMIONETA MAR 2;2093421;"ME36    ";"MERMOZ S.A.                                       ";AV. ALSINA 1234;954949;"BID104N-3      ";"BIDE 3 AGUJEROS BLACK LINEA STONE                                     ";1;1;1;23331613;120926070051436;183205445;;;;07/30/2031 00:00:00;1;13935816;12/09/2026 07:00:51;Agustin;Scirica;24607026;11/09/2026 11:41:44;7636;Kevin;Arce;Agustin Scirica;Kevin Arce
14272557;12/09/2026 07:00:53;3;2;0008    2928-1;05;CAMIONETA MAR 2;2093421;"ME36    ";"MERMOZ S.A.                                       ";AV. ALSINA 1234;956417;"INO104N-1      ";"INODORO BLACK C/ASIENTO LINEA STONE                                   ";1;1;1;23331613;120926070051436;183205987;;;;01/18/2032 00:00:00;1;13935816;12/09/2026 07:00:51;Agustin;Scirica;24607026;11/09/2026 11:41:44;7636;Kevin;Arce;Agustin Scirica;Kevin Arce
14272557;12/09/2026 07:00:53;3;2;0008    2928-1;05;CAMIONETA MAR 2;2093421;"ME36    ";"MERMOZ S.A.                                       ";AV. ALSINA 1234;956418;"INO104N-2      ";"DEPOSITO C/DESCARGA DUAL BLACK LINEA STONE                            ";2;2;2;23331613;120926070051436;183206281;;;;10/18/2031 00:00:00;2;13935816;12/09/2026 07:00:51;Agustin;Scirica;24607026;11/09/2026 11:41:44;7636;Kevin;Arce;Agustin Scirica;Kevin Arce
14272558;12/09/2026 07:02:07;3;2;0001  215552-1;05;CAMIONETA MAR 2;2093421;"ME36    ";"MERMOZ S.A.                                       ";AV. ALSINA 1234;954948;"BID104N-1      ";"BIDE 1 AGUJERO BLACK LINEA STONE                                      ";1;1;1;23333829;120926070206542;183219361;;;;01/18/2032 00:00:00;1;13935827;12/09/2026 07:02:06;Agustin;Scirica;24609261;11/09/2026 12:17:28;6867;Javier;Lescano;Agustin Scirica;Javier Lescano
14272558;12/09/2026 07:02:07;3;2;0001  215552-1;05;CAMIONETA MAR 2;2093421;"ME36    ";"MERMOZ S.A.                                       ";AV. ALSINA 1234;954949;"BID104N-3      ";"BIDE 3 AGUJEROS BLACK LINEA STONE                                     ";1;1;1;23333829;120926070206542;183219282;;;;07/30/2031 00:00:00;1;13935827;12/09/2026 07:02:06;Agustin;Scirica;24609261;11/09/2026 12:17:28;6867;Javier;Lescano;Agustin Scirica;Javier Lescano
14272558;12/09/2026 07:02:07;3;2;0001  215552-1;05;CAMIONETA MAR 2;2093421;"ME36    ";"MERMOZ S.A.                                       ";AV. ALSINA 1234;956417;"INO104N-1      ";"INODORO BLACK C/ASIENTO LINEA STONE                                   ";1;1;1;23333829;120926070206542;183219564;;;;01/18/2032 00:00:00;1;13935827;12/09/2026 07:02:06;Agustin;Scirica;24609261;11/09/2026 12:17:28;6867;Javier;Lescano;Agustin Scirica;Javier Lescano
14272558;12/09/2026 07:02:07;3;2;0001  215552-1;05;CAMIONETA MAR 2;2093421;"ME36    ";"MERMOZ S.A.                                       ";AV. ALSINA 1234;956418;"INO104N-2      ";"DEPOSITO C/DESCARGA DUAL BLACK LINEA STONE                            ";1;1;1;23333829;120926070206542;183219625;;;;10/18/2031 00:00:00;1;13935827;12/09/2026 07:02:06;Agustin;Scirica;24609261;11/09/2026 12:17:28;6867;Javier;Lescano;Agustin Scirica;Javier Lescano
14272707;11/09/2026 08:59:05;3;2;9999      93-1;10;URGENTES;2109166;"CLIEVEN ";"CLIENTE EVENTUAL                                  ";RIVADAVIA 3428;951314;"18020          ";18020 - TOALLERO DE ARO NIQUEL LINEA BEAT;1;1;1;23319562;110926085018320;183121431;;;;07/29/2031 00:00:00;1;13919045;11/09/2026 08:50:18;Maximiliano;Nievas;24595291;11/09/2026 07:24:53;7807;Nicolas;Perez;Maximiliano Nievas;Nicolas Perez
14272707;11/09/2026 08:59:05;3;2;9999      93-1;10;URGENTES;2109166;"CLIEVEN ";"CLIENTE EVENTUAL                                  ";RIVADAVIA 3428;951318;"18040          ";18040 - PORTA ROLLO NIQUEL LINEA BEAT;1;1;1;23319562;110926085018320;183121502;;;;07/28/2031 00:00:00;1;13919045;11/09/2026 08:50:18;Maximiliano;Nievas;24595291;11/09/2026 07:24:53;7807;Nicolas;Perez;Maximiliano Nievas;Nicolas Perez
14272707;11/09/2026 08:59:05;3;2;9999      93-1;10;URGENTES;2109166;"CLIEVEN ";"CLIENTE EVENTUAL                                  ";RIVADAVIA 3428;951653;"22-178         ";22-178 - MONOCOMANDO DE COCINA P/AGUA FILTRADA VITA;1;1;1;23319562;110926085018320;183121254;;;;12/23/2031 00:00:00;1;13919045;11/09/2026 08:50:18;Maximiliano;Nievas;24595291;11/09/2026 07:24:53;7807;Nicolas;Perez;Maximiliano Nievas;Nicolas Perez
14272707;11/09/2026 08:59:05;3;2;9999      93-1;10;URGENTES;2109166;"CLIEVEN ";"CLIENTE EVENTUAL                                  ";RIVADAVIA 3428;952953;"70-201NI       ";70-201NI - BIDE CR C.CERAM BEAT NICKEL;1;1;1;23319572;110926085735951;183121316;;;;07/29/2031 00:00:00;1;13919272;11/09/2026 08:57:35;Maximiliano;Nievas;24595309;11/09/2026 07:21:04;7636;Kevin;Arce;Maximiliano Nievas;Kevin Arce
14272707;11/09/2026 08:59:05;3;2;9999      93-1;10;URGENTES;2109166;"CLIEVEN ";"CLIENTE EVENTUAL                                  ";RIVADAVIA 3428;952676;"60-201NI       ";60-201NI - LAVATORIO C.CERAM BEAT NICKEL;1;1;1;23319572;110926085735951;183121361;;;;08/20/2031 00:00:00;1;13919272;11/09/2026 08:57:35;Maximiliano;Nievas;24595309;11/09/2026 07:21:04;7636;Kevin;Arce;Maximiliano Nievas;Kevin Arce
14272707;11/09/2026 08:59:05;3;2;9999      93-1;10;URGENTES;2109166;"CLIEVEN ";"CLIENTE EVENTUAL                                  ";RIVADAVIA 3428;954885;"BAI01NI        ";BAI01NI - BACHA EMB COCINA C/ACCESORIOS 750x450x220 NICKEL BRUSHED;1;1;1;23319697;110926085905163;183122196;;;;09/28/2031 00:00:00;1;13919308;11/09/2026 08:59:05;Maximiliano;Nievas;24595422;11/09/2026 07:26:27;7152;Mirko;Hernandez;Maximiliano Nievas;Mirko Hernandez
14272707;11/09/2026 08:59:05;3;2;9999      93-1;10;URGENTES;2109166;"CLIEVEN ";"CLIENTE EVENTUAL                                  ";RIVADAVIA 3428;954945;"BID103-3       ";"BIDE 3 AGUJEROS BLANCO LINEA URBAN                                    ";1;1;1;23323653;110926085847591;183122625;;;;07/30/2031 00:00:00;1;13919310;11/09/2026 08:58:47;Maximiliano;Nievas;;;;;;Maximiliano Nievas;
14272707;11/09/2026 08:59:05;3;2;9999      93-1;10;URGENTES;2109166;"CLIEVEN ";"CLIENTE EVENTUAL                                  ";RIVADAVIA 3428;954905;"BCH04/3        ";BCH04/3 - BACHA DE APOYAR CUADRADA 3 AG 420x420x125;1;1;1;23323662;110926085856111;183122416;;;;07/28/2031 00:00:00;1;13919312;11/09/2026 08:58:56;Maximiliano;Nievas;;;;;;Maximiliano Nievas;
14272708;11/09/2026 08:51:37;3;2;4444    2462-1;10;URGENTES;2109166;"CLIEVEN ";"CLIENTE EVENTUAL                                  ";RIVADAVIA 3428;952713;"61-176N        ";61-176N - LAVATORIO MONOC ALTO BLACK RIO;1;1;1;23319563;110926085134913;183121977;;;;07/29/2031 00:00:00;1;13919095;11/09/2026 08:51:34;Maximiliano;Nievas;24595291;11/09/2026 07:24:53;7807;Nicolas;Perez;Maximiliano Nievas;Nicolas Perez
14272709;11/09/2026 08:52:18;3;2;9999      95-1;10;URGENTES;2109166;"CLIEVEN ";"CLIENTE EVENTUAL                                  ";RIVADAVIA 3428;952926;"70-176N        ";70-176N - BIDE MONOC C/TRANSF BLACK RIO;1;1;1;23319564;110926085216684;183121772;;;;11/23/2031 00:00:00;1;13919115;11/09/2026 08:52:16;Maximiliano;Nievas;24595291;11/09/2026 07:24:53;7807;Nicolas;Perez;Maximiliano Nievas;Nicolas Perez
14272713;11/09/2026 08:49:28;3;2;4444    2468-1;10;URGENTES;2109166;"CLIEVEN ";"CLIENTE EVENTUAL                                  ";RIVADAVIA 3428;1124924;"INO104V-2      ";"DEPOSITO C/DESCARGA DUAL BLANCO LINEA STONE L-2024                    ";2;2;2;23319770;110926084815818;183124511;;;;02/18/2032 00:00:00;1;13918982;11/09/2026 08:48:15;Maximiliano;Nievas;24595478;11/09/2026 07:36:24;7636;Kevin;Arce;Maximiliano Nievas;Kevin Arce
14272713;11/09/2026 08:49:28;3;2;4444    2468-1;10;URGENTES;2109166;"CLIEVEN ";"CLIENTE EVENTUAL                                  ";RIVADAVIA 3428;1124921;"INO104V-1      ";"INODORO BLANCO C/ASIENTO LINEA STONE L-2024                           ";1;1;1;23320017;110926084927773;183125513;;;;01/18/2032 00:00:00;1;13919027;11/09/2026 08:49:27;Maximiliano;Nievas;24595722;11/09/2026 07:40:54;6867;Javier;Lescano;Maximiliano Nievas;Javier Lescano
14272713;11/09/2026 08:49:28;3;2;4444    2468-1;10;URGENTES;2109166;"CLIEVEN ";"CLIENTE EVENTUAL                                  ";RIVADAVIA 3428;1124924;"INO104V-2      ";"DEPOSITO C/DESCARGA DUAL BLANCO LINEA STONE L-2024                    ";2;2;2;23323176;110926084805832;183143174;;;;02/18/2032 00:00:00;1;13918990;11/09/2026 08:48:05;Maximiliano;Nievas;;;;;;Maximiliano Nievas;
14272714;11/09/2026 08:54:33;3;2;4444    2370-1;10;URGENTES;2109166;"CLIEVEN ";"CLIENTE EVENTUAL                                  ";RIVADAVIA 3428;1048134;"RA1220S        ";"BRAZO DE DUCHA LARGO 400 CON CAMPANA STEEL                            ";1;1;1;23319573;110926085433066;183121038;;;;01/12/2032 00:00:00;1;13919207;11/09/2026 08:54:33;Maximiliano;Nievas;24595309;11/09/2026 07:21:04;7636;Kevin;Arce;Maximiliano Nievas;Kevin Arce
14272715;11/09/2026 08:53:43;3;2;4444    2471-1;10;URGENTES;2109166;"CLIEVEN ";"CLIENTE EVENTUAL                                  ";RIVADAVIA 3428;952468;"52-121N        ";52-121N - GRIFERIA REBATIBLE LLENADO DE OLLAS MARBELLA BLACK;1;1;1;23319565;110926085342134;183122183;;;;07/28/2031 00:00:00;1;13919180;11/09/2026 08:53:42;Maximiliano;Nievas;24595291;11/09/2026 07:24:53;7807;Nicolas;Perez;Maximiliano Nievas;Nicolas Perez
14272716;11/09/2026 08:52:49;3;2;4444    2473-1;10;URGENTES;2109166;"CLIEVEN ";"CLIENTE EVENTUAL                                  ";RIVADAVIA 3428;952468;"52-121N        ";52-121N - GRIFERIA REBATIBLE LLENADO DE OLLAS MARBELLA BLACK;1;1;1;23319566;110926085248507;183122237;;;;07/28/2031 00:00:00;1;13919143;11/09/2026 08:52:48;Maximiliano;Nievas;24595291;11/09/2026 07:24:53;7807;Nicolas;Perez;Maximiliano Nievas;Nicolas Perez
14274899;12/09/2026 07:54:03;3;2;0008    2927-1;10;URGENTES;2093779;"PA01    ";"VARIOS                                            ";rivadavia 3428;952598;"60-100NI       ";60-100NI - LAVATORIO NICKEL C.CERAM FABRIC;1;1;1;23338949;120926075403348;183256899;;;;10/08/2031 00:00:00;1;13936242;12/09/2026 07:54:03;Gustavo;Soderquvist;24614395;11/09/2026 14:05:31;7807;Nicolas;Perez;Gustavo Soderquvist;Nicolas Perez
14274899;12/09/2026 07:54:03;3;2;0008    2927-1;10;URGENTES;2093779;"PA01    ";"VARIOS                                            ";rivadavia 3428;957721;"RA1427         ";RA1427 - SISTEMA DESARTICULADO PARA REUBICACION DE VOLANTES;2;2;2;23339211;110926144606337;183258492;;;;07/31/2031 00:00:00;2;13929530;11/09/2026 14:46:06;Lucas;Vega;24614702;11/09/2026 14:08:27;6867;Javier;Lescano;Lucas Vega;Javier Lescano
14274899;12/09/2026 07:54:03;3;2;0008    2927-1;10;URGENTES;2093779;"PA01    ";"VARIOS                                            ";rivadavia 3428;957673;"RA1365NI       ";RA1365NI - VOLANTE COMPLETO BEAT NICKEL;2;2;2;23339211;110926144606337;183258721;;;;08/02/2031 00:00:00;2;13929530;11/09/2026 14:46:06;Lucas;Vega;24614702;11/09/2026 14:08:27;6867;Javier;Lescano;Lucas Vega;Javier Lescano
14274899;12/09/2026 07:54:03;3;2;0008    2927-1;10;URGENTES;2093779;"PA01    ";"VARIOS                                            ";rivadavia 3428;957660;"RA1348NI       ";RA1348NI - CAMPANA BEAT LAV / DUCHA NICKEL;2;2;2;23339211;110926144606337;183259221;;;;08/02/2031 00:00:00;2;13929530;11/09/2026 14:46:06;Lucas;Vega;24614702;11/09/2026 14:08:27;6867;Javier;Lescano;Lucas Vega;Javier Lescano
14274899;12/09/2026 07:54:03;3;2;0008    2927-1;10;URGENTES;2093779;"PA01    ";"VARIOS                                            ";rivadavia 3428;957655;"RA1323         ";RA1323 - LATERAL LAV / BIDE C.CERAM IZQUIERDO;1;1;1;23339211;110926144606337;183258634;;;;08/02/2031 00:00:00;1;13929530;11/09/2026 14:46:06;Lucas;Vega;24614702;11/09/2026 14:08:27;6867;Javier;Lescano;Lucas Vega;Javier Lescano
14274899;12/09/2026 07:54:03;3;2;0008    2927-1;10;URGENTES;2093779;"PA01    ";"VARIOS                                            ";rivadavia 3428;957654;"RA1322         ";RA1322 - LATERAL LAV / BIDE C.CERAM DERECHO;1;1;1;23339211;110926144606337;183258862;;;;08/02/2031 00:00:00;1;13929530;11/09/2026 14:46:06;Lucas;Vega;24614702;11/09/2026 14:08:27;6867;Javier;Lescano;Lucas Vega;Javier Lescano
14274903;11/09/2026 12:27:40;3;2;0004     115-1;14;RETIRA;2094713;"T1      ";"TRIPOLI ARNALDO                                   ";ALVAREZ PRADO Y MORENO;956496;"LG04C60        ";LG04C60 - LAVATORIO CR C.CERAM DAVOS;1;1;1;23329660;110926122738952;183190048;;;;07/29/2031 00:00:00;1;13925434;11/09/2026 12:27:38;Lucas;Vega;24605016;11/09/2026 11:00:50;6406;Lucas;Vega;Lucas Vega;Lucas Vega
14274903;11/09/2026 12:27:40;3;2;0004     115-1;14;RETIRA;2094713;"T1      ";"TRIPOLI ARNALDO                                   ";ALVAREZ PRADO Y MORENO;952426;"51-010         ";51-010 - COCINA MESADA BL/CR LORCA;1;1;1;23329660;110926122738952;183189774;;;;01/14/2032 00:00:00;1;13925434;11/09/2026 12:27:38;Lucas;Vega;24605016;11/09/2026 11:00:50;6406;Lucas;Vega;Lucas Vega;Lucas Vega
14274903;11/09/2026 12:27:40;3;2;0004     115-1;14;RETIRA;2094713;"T1      ";"TRIPOLI ARNALDO                                   ";ALVAREZ PRADO Y MORENO;951112;"12003          ";"SET DE 3 PIEZAS LINEA 12000                                           ";1;1;1;23329976;110926122452656;183191930;;;;08/12/2031 00:00:00;1;13925335;11/09/2026 12:24:52;Lucas;Vega;24605341;11/09/2026 11:08:03;7636;Kevin;Arce;Lucas Vega;Kevin Arce
14274904;11/09/2026 12:18:18;3;2;0008    2925-1;14;RETIRA;2094713;"T1      ";"TRIPOLI ARNALDO                                   ";ALVAREZ PRADO Y MORENO;953432;"910/M          ";"910/M - JGO.MDA.P.CANO CROMO ""DIQUE""";25;25;25;23329216;110926121817894;183191432;;;;12/21/2031 00:00:00;5;13925148;11/09/2026 12:18:17;Lucas;Vega;24604486;11/09/2026 11:20:11;7807;Nicolas;Perez;Lucas Vega;Nicolas Perez
14274904;11/09/2026 12:18:18;3;2;0008    2925-1;14;RETIRA;2094713;"T1      ";"TRIPOLI ARNALDO                                   ";ALVAREZ PRADO Y MORENO;953432;"910/M          ";"910/M - JGO.MDA.P.CANO CROMO ""DIQUE""";25;25;25;23333957;110926121610620;183219259;;;;12/21/2031 00:00:00;10;13925154;11/09/2026 12:16:10;Lucas;Vega;;;;;;Lucas Vega;
14274904;11/09/2026 12:18:18;3;2;0008    2925-1;14;RETIRA;2094713;"T1      ";"TRIPOLI ARNALDO                                   ";ALVAREZ PRADO Y MORENO;953432;"910/M          ";"910/M - JGO.MDA.P.CANO CROMO ""DIQUE""";25;25;25;23334023;110926121721368;183219671;;;;12/21/2031 00:00:00;10;13925186;11/09/2026 12:17:21;Lucas;Vega;;;;;;Lucas Vega;
14275174;12/09/2026 09:42:58;3;2;0001  215388-1;05;CAMIONETA MAR 2;2092387;"FA20    ";"FALABELLA S.A.                                    ";AV HIPOLITO YRIGOYEN 13298;953157;"80-203         ";80-203 - DUCHA EMB C/TRANSF. MONOCOMANDO ADRA;1;1;1;23325910;120926094257591;183169168;;;;07/27/2031 00:00:00;1;13937564;12/09/2026 09:42:57;Maximiliano;Nievas;24601242;11/09/2026 10:24:18;7807;Nicolas;Perez;Maximiliano Nievas;Nicolas Perez
14275174;12/09/2026 09:42:58;3;2;0001  215388-1;05;CAMIONETA MAR 2;2092387;"FA20    ";"FALABELLA S.A.                                    ";AV HIPOLITO YRIGOYEN 13298;951512;"20-122         ";"MONOCOMANDO COCINA CR C/PICO EXTRAIBLE VALENCIA                       ";3;3;3;23325910;120926094257591;183168321;;;;08/06/2031 00:00:00;3;13937564;12/09/2026 09:42:57;Maximiliano;Nievas;24601242;11/09/2026 10:24:18;7807;Nicolas;Perez;Maximiliano Nievas;Nicolas Perez
14275174;12/09/2026 09:42:58;3;2;0001  215388-1;05;CAMIONETA MAR 2;2092387;"FA20    ";"FALABELLA S.A.                                    ";AV HIPOLITO YRIGOYEN 13298;951513;"20-122N        ";20-122N - MONOCOMANDO COCINA C/PICO EXTRAIBLE VALENCIA BLACK;1;1;1;23325910;120926094257591;183173378;;;;08/06/2031 00:00:00;1;13937564;12/09/2026 09:42:57;Maximiliano;Nievas;24601242;11/09/2026 10:24:18;7807;Nicolas;Perez;Maximiliano Nievas;Nicolas Perez
14275174;12/09/2026 09:42:58;3;2;0001  215388-1;05;CAMIONETA MAR 2;2092387;"FA20    ";"FALABELLA S.A.                                    ";AV HIPOLITO YRIGOYEN 13298;951523;"20-134         ";20-134 - MONOCOMANDO COCINA BETIS;4;4;4;23325910;120926094257591;183172976;;;;08/11/2031 00:00:00;4;13937564;12/09/2026 09:42:57;Maximiliano;Nievas;24601242;11/09/2026 10:24:18;7807;Nicolas;Perez;Maximiliano Nievas;Nicolas Perez
14275174;12/09/2026 09:42:58;3;2;0001  215388-1;05;CAMIONETA MAR 2;2092387;"FA20    ";"FALABELLA S.A.                                    ";AV HIPOLITO YRIGOYEN 13298;951547;"20-174         ";20-174 - COCINA MESADA MONOC. COLORS BLACK;1;1;1;23325910;120926094257591;183174929;;;;07/28/2031 00:00:00;1;13937564;12/09/2026 09:42:57;Maximiliano;Nievas;24601242;11/09/2026 10:24:18;7807;Nicolas;Perez;Maximiliano Nievas;Nicolas Perez
14275174;12/09/2026 09:42:58;3;2;0001  215388-1;05;CAMIONETA MAR 2;2092387;"FA20    ";"FALABELLA S.A.                                    ";AV HIPOLITO YRIGOYEN 13298;952650;"60-180         ";60-180 - LAVATORIO MONOCOMANDO BAJO VERA;10;10;10;23325910;120926094257591;183164927;;;;07/28/2031 00:00:00;10;13937564;12/09/2026 09:42:57;Maximiliano;Nievas;24601242;11/09/2026 10:24:18;7807;Nicolas;Perez;Maximiliano Nievas;Nicolas Perez
14275174;12/09/2026 09:42:58;3;2;0001  215388-1;05;CAMIONETA MAR 2;2092387;"FA20    ";"FALABELLA S.A.                                    ";AV HIPOLITO YRIGOYEN 13298;952714;"61-180         ";61-180 - LAVATORIO MONOCOMANDO ALTO VERA;2;2;2;23325910;120926094257591;183165246;;;;07/28/2031 00:00:00;2;13937564;12/09/2026 09:42:57;Maximiliano;Nievas;24601242;11/09/2026 10:24:18;7807;Nicolas;Perez;Maximiliano Nievas;Nicolas Perez
14275174;12/09/2026 09:42:58;3;2;0001  215388-1;05;CAMIONETA MAR 2;2092387;"FA20    ";"FALABELLA S.A.                                    ";AV HIPOLITO YRIGOYEN 13298;953148;"80-199         ";80-199 - DUCHA EMB. C/TRANSF. CR C.CERAM LIVE;1;1;1;23331166;120926071055655;183205413;;;;11/04/2031 00:00:00;1;13935768;12/09/2026 07:10:55;Maximiliano;Nievas;24606526;11/09/2026 11:59:02;7807;Nicolas;Perez;Maximiliano Nievas;Nicolas Perez
14275174;12/09/2026 09:42:58;3;2;0001  215388-1;05;CAMIONETA MAR 2;2092387;"FA20    ";"FALABELLA S.A.                                    ";AV HIPOLITO YRIGOYEN 13298;953144;"80-196         ";80-196 - DUCHA EMB. C/TRANSF. CR C.CERAM LOOP;8;8;8;23331166;120926071055655;183212990;;;;01/10/2032 00:00:00;8;13935768;12/09/2026 07:10:55;Maximiliano;Nievas;24606526;11/09/2026 11:59:02;7807;Nicolas;Perez;Maximiliano Nievas;Nicolas Perez
14275174;12/09/2026 09:42:58;3;2;0001  215388-1;05;CAMIONETA MAR 2;2092387;"FA20    ";"FALABELLA S.A.                                    ";AV HIPOLITO YRIGOYEN 13298;953136;"80-190P        ";80-190P - DUCHA EMB. C/TRANSF. C.CERAM BLACK VELVET PLUS;3;3;3;23331166;120926071055655;183207250;;;;07/30/2031 00:00:00;3;13935768;12/09/2026 07:10:55;Maximiliano;Nievas;24606526;11/09/2026 11:59:02;7807;Nicolas;Perez;Maximiliano Nievas;Nicolas Perez
14275174;12/09/2026 09:42:58;3;2;0001  215388-1;05;CAMIONETA MAR 2;2092387;"FA20    ";"FALABELLA S.A.                                    ";AV HIPOLITO YRIGOYEN 13298;953109;"80-166         ";"DUCHA EMB. C/TRANSF. CR C.CERAM ADRA PLUS                             ";10;10;10;23331166;120926071055655;183201306;;;;01/19/2032 00:00:00;10;13935768;12/09/2026 07:10:55;Maximiliano;Nievas;24606526;11/09/2026 11:59:02;7807;Nicolas;Perez;Maximiliano Nievas;Nicolas Perez
14275174;12/09/2026 09:42:58;3;2;0001  215388-1;05;CAMIONETA MAR 2;2092387;"FA20    ";"FALABELLA S.A.                                    ";AV HIPOLITO YRIGOYEN 13298;953068;"80-064         ";80-064 - DUCHA EMB.C/TRANSF CR  C.STD FRAGA;5;5;5;23331166;120926071055655;183203852;;;;03/01/2032 00:00:00;5;13935768;12/09/2026 07:10:55;Maximiliano;Nievas;24606526;11/09/2026 11:59:02;7807;Nicolas;Perez;Maximiliano Nievas;Nicolas Perez
14275174;12/09/2026 09:42:58;3;2;0001  215388-1;05;CAMIONETA MAR 2;2092387;"FA20    ";"FALABELLA S.A.                                    ";AV HIPOLITO YRIGOYEN 13298;952667;"60-199         ";60-199 - LAVATORIO CR C.CERAM LIVE;2;2;2;23331166;120926071055655;183205691;;;;11/16/2031 00:00:00;2;13935768;12/09/2026 07:10:55;Maximiliano;Nievas;24606526;11/09/2026 11:59:02;7807;Nicolas;Perez;Maximiliano Nievas;Nicolas Perez
14275174;12/09/2026 09:42:58;3;2;0001  215388-1;05;CAMIONETA MAR 2;2092387;"FA20    ";"FALABELLA S.A.                                    ";AV HIPOLITO YRIGOYEN 13298;952664;"60-196         ";60-196 - LAVATORIO CR C.CERAM LOOP;12;12;12;23331166;120926071055655;183212122;;;;07/31/2031 00:00:00;12;13935768;12/09/2026 07:10:55;Maximiliano;Nievas;24606526;11/09/2026 11:59:02;7807;Nicolas;Perez;Maximiliano Nievas;Nicolas Perez
14275174;12/09/2026 09:42:58;3;2;0001  215388-1;05;CAMIONETA MAR 2;2092387;"FA20    ";"FALABELLA S.A.                                    ";AV HIPOLITO YRIGOYEN 13298;952634;"60-162         ";60-162 - LAVATORIO CR C.CERAM LINEA ADRA;11;11;11;23331166;120926071055655;183203037;;;;07/29/2031 00:00:00;11;13935768;12/09/2026 07:10:55;Maximiliano;Nievas;24606526;11/09/2026 11:59:02;7807;Nicolas;Perez;Maximiliano Nievas;Nicolas Perez
14275174;12/09/2026 09:42:58;3;2;0001  215388-1;05;CAMIONETA MAR 2;2092387;"FA20    ";"FALABELLA S.A.                                    ";AV HIPOLITO YRIGOYEN 13298;952590;"60-064         ";60-064 - LAVATORIO CR/CR C.STD FRAGA;10;10;10;23331166;120926071055655;183205007;;;;07/31/2031 00:00:00;10;13935768;12/09/2026 07:10:55;Maximiliano;Nievas;24606526;11/09/2026 11:59:02;7807;Nicolas;Perez;Maximiliano Nievas;Nicolas Perez
14275174;12/09/2026 09:42:58;3;2;0001  215388-1;05;CAMIONETA MAR 2;2092387;"FA20    ";"FALABELLA S.A.                                    ";AV HIPOLITO YRIGOYEN 13298;952453;"51-131         ";51-131 - MESADA BIMANDO CR C.CERAM MALLORCA;4;4;4;23331166;120926071055655;183208838;;;;01/31/2032 00:00:00;4;13935768;12/09/2026 07:10:55;Maximiliano;Nievas;24606526;11/09/2026 11:59:02;7807;Nicolas;Perez;Maximiliano Nievas;Nicolas Perez
14275174;12/09/2026 09:42:58;3;2;0001  215388-1;05;CAMIONETA MAR 2;2092387;"FA20    ";"FALABELLA S.A.                                    ";AV HIPOLITO YRIGOYEN 13298;952452;"51-122         ";51-122 - MESADA BIMANDO CR C.CERAM VALENCIA;6;6;6;23331166;120926071055655;183208089;;;;01/31/2032 00:00:00;6;13935768;12/09/2026 07:10:55;Maximiliano;Nievas;24606526;11/09/2026 11:59:02;7807;Nicolas;Perez;Maximiliano Nievas;Nicolas Perez
14275174;12/09/2026 09:42:58;3;2;0001  215388-1;05;CAMIONETA MAR 2;2092387;"FA20    ";"FALABELLA S.A.                                    ";AV HIPOLITO YRIGOYEN 13298;952441;"51-061         ";51-061 - COCINA MESADA CR C.STD PUEBLA;7;7;7;23331166;120926071055655;183209864;;;;01/04/2032 00:00:00;7;13935768;12/09/2026 07:10:55;Maximiliano;Nievas;24606526;11/09/2026 11:59:02;7807;Nicolas;Perez;Maximiliano Nievas;Nicolas Perez
14275174;12/09/2026 09:42:58;3;2;0001  215388-1;05;CAMIONETA MAR 2;2092387;"FA20    ";"FALABELLA S.A.                                    ";AV HIPOLITO YRIGOYEN 13298;953474;"933            ";933 - JGO PARED C/EXT CR DIQUE;3;3;3;23331166;120926071055655;183209342;;;;01/07/2032 00:00:00;3;13935768;12/09/2026 07:10:55;Maximiliano;Nievas;24606526;11/09/2026 11:59:02;7807;Nicolas;Perez;Maximiliano Nievas;Nicolas Perez
14275174;12/09/2026 09:42:58;3;2;0001  215388-1;05;CAMIONETA MAR 2;2092387;"FA20    ";"FALABELLA S.A.                                    ";AV HIPOLITO YRIGOYEN 13298;953065;"80-061         ";80-061 - DUCHA EMB C/TRANSF CR PUEBLA;6;6;6;23331166;120926071055655;183210552;;;;07/31/2031 00:00:00;6;13935768;12/09/2026 07:10:55;Maximiliano;Nievas;24606526;11/09/2026 11:59:02;7807;Nicolas;Perez;Maximiliano Nievas;Nicolas Perez
14275174;12/09/2026 09:42:58;3;2;0001  215388-1;05;CAMIONETA MAR 2;2092387;"FA20    ";"FALABELLA S.A.                                    ";AV HIPOLITO YRIGOYEN 13298;952945;"70-199         ";70-199 - BIDE CR C.CERAM LIVE;1;1;1;23331166;120926071055655;183213255;;;;12/16/2031 00:00:00;1;13935768;12/09/2026 07:10:55;Maximiliano;Nievas;24606526;11/09/2026 11:59:02;7807;Nicolas;Perez;Maximiliano Nievas;Nicolas Perez
14275174;12/09/2026 09:42:58;3;2;0001  215388-1;05;CAMIONETA MAR 2;2092387;"FA20    ";"FALABELLA S.A.                                    ";AV HIPOLITO YRIGOYEN 13298;952942;"70-196         ";70-196 - BIDE CR C.CERAM LOOP;4;4;4;23331166;120926071055655;183210969;;;;07/31/2031 00:00:00;4;13935768;12/09/2026 07:10:55;Maximiliano;Nievas;24606526;11/09/2026 11:59:02;7807;Nicolas;Perez;Maximiliano Nievas;Nicolas Perez
14275174;12/09/2026 09:42:58;3;2;0001  215388-1;05;CAMIONETA MAR 2;2092387;"FA20    ";"FALABELLA S.A.                                    ";AV HIPOLITO YRIGOYEN 13298;952936;"70-190         ";70-190 - BIDE C.CERAM BLACK VELVET;3;3;3;23331166;120926071055655;183206982;;;;11/08/2031 00:00:00;3;13935768;12/09/2026 07:10:55;Maximiliano;Nievas;24606526;11/09/2026 11:59:02;7807;Nicolas;Perez;Maximiliano Nievas;Nicolas Perez
14275174;12/09/2026 09:42:58;3;2;0001  215388-1;05;CAMIONETA MAR 2;2092387;"FA20    ";"FALABELLA S.A.                                    ";AV HIPOLITO YRIGOYEN 13298;952912;"70-162         ";70-162 - BIDE CR C.CERAM LINEA ADRA;7;7;7;23331166;120926071055655;183202323;;;;07/29/2031 00:00:00;7;13935768;12/09/2026 07:10:55;Maximiliano;Nievas;24606526;11/09/2026 11:59:02;7807;Nicolas;Perez;Maximiliano Nievas;Nicolas Perez
14275174;12/09/2026 09:42:58;3;2;0001  215388-1;05;CAMIONETA MAR 2;2092387;"FA20    ";"FALABELLA S.A.                                    ";AV HIPOLITO YRIGOYEN 13298;952871;"70-064         ";70-064 - BIDE CROMO C.STD FRAGA;4;4;4;23331166;120926071055655;183204474;;;;07/31/2031 00:00:00;4;13935768;12/09/2026 07:10:55;Maximiliano;Nievas;24606526;11/09/2026 11:59:02;7807;Nicolas;Perez;Maximiliano Nievas;Nicolas Perez
14275174;12/09/2026 09:42:58;3;2;0001  215388-1;05;CAMIONETA MAR 2;2092387;"FA20    ";"FALABELLA S.A.                                    ";AV HIPOLITO YRIGOYEN 13298;952677;"60-203         ";60-203 - LAVATORIO MONOCOMANDO BAJO ADRA;9;9;9;23331166;120926071055655;183206565;;;;02/16/2032 00:00:00;9;13935768;12/09/2026 07:10:55;Maximiliano;Nievas;24606526;11/09/2026 11:59:02;7807;Nicolas;Perez;Maximiliano Nievas;Nicolas Perez
14275179;15/09/2026 07:13:15;3;2;0001  215386-1;03;CAMIONETA MIE 1;2092387;"FA20    ";"FALABELLA S.A.                                    ";AV DON BOSCO 2680;952650;"60-180         ";60-180 - LAVATORIO MONOCOMANDO BAJO VERA;6;6;6;23371061;150926071313943;183509740;;;;07/28/2031 00:00:00;6;13962656;15/09/2026 07:13:13;Tiago;Rodriguez;24647405;14/09/2026 11:11:15;7827;Javier;Machado;Tiago Rodriguez;Javier Machado
14275179;15/09/2026 07:13:15;3;2;0001  215386-1;03;CAMIONETA MIE 1;2092387;"FA20    ";"FALABELLA S.A.                                    ";AV DON BOSCO 2680;952939;"70-193         ";70-193 - BIDE MONOCOMANDO MORA;3;3;3;23371061;150926071313943;183507602;;;;07/28/2031 00:00:00;3;13962656;15/09/2026 07:13:13;Tiago;Rodriguez;24647405;14/09/2026 11:11:15;7827;Javier;Machado;Tiago Rodriguez;Javier Machado
14275179;15/09/2026 07:13:15;3;2;0001  215386-1;03;CAMIONETA MIE 1;2092387;"FA20    ";"FALABELLA S.A.                                    ";AV DON BOSCO 2680;952954;"70-203         ";70-203 - BIDE MONOCOMANDO ADRA;3;3;3;23371061;150926071313943;183513426;;;;07/29/2031 00:00:00;3;13962656;15/09/2026 07:13:13;Tiago;Rodriguez;24647405;14/09/2026 11:11:15;7827;Javier;Machado;Tiago Rodriguez;Javier Machado
14275179;15/09/2026 07:13:15;3;2;0001  215386-1;03;CAMIONETA MIE 1;2092387;"FA20    ";"FALABELLA S.A.                                    ";AV DON BOSCO 2680;953065;"80-061         ";80-061 - DUCHA EMB C/TRANSF CR PUEBLA;4;4;4;23371666;150926065937609;183519116;;;;07/31/2031 00:00:00;4;13962536;15/09/2026 06:59:37;Tiago;Rodriguez;24647912;14/09/2026 12:52:36;7636;Kevin;Arce;Tiago Rodriguez;Kevin Arce
14275179;15/09/2026 07:13:15;3;2;0001  215386-1;03;CAMIONETA MIE 1;2092387;"FA20    ";"FALABELLA S.A.                                    ";AV DON BOSCO 2680;952871;"70-064         ";70-064 - BIDE CROMO C.STD FRAGA;6;6;6;23371666;150926065937609;183532053;;;;07/31/2031 00:00:00;6;13962536;15/09/2026 06:59:37;Tiago;Rodriguez;24647912;14/09/2026 12:52:36;7636;Kevin;Arce;Tiago Rodriguez;Kevin Arce
14275179;15/09/2026 07:13:15;3;2;0001  215386-1;03;CAMIONETA MIE 1;2092387;"FA20    ";"FALABELLA S.A.                                    ";AV DON BOSCO 2680;952453;"51-131         ";51-131 - MESADA BIMANDO CR C.CERAM MALLORCA;4;4;4;23395215;150926063947848;183697102;;;;01/31/2032 00:00:00;3;13962539;15/09/2026 06:39:47;Tiago;Rodriguez;;;;;;Tiago Rodriguez;
14275179;15/09/2026 07:13:15;3;2;0001  215386-1;03;CAMIONETA MIE 1;2092387;"FA20    ";"FALABELLA S.A.                                    ";AV DON BOSCO 2680;952452;"51-122         ";51-122 - MESADA BIMANDO CR C.CERAM VALENCIA;5;5;5;23395225;150926064026083;183697175;;;;02/01/2032 00:00:00;3;13962542;15/09/2026 06:40:26;Tiago;Rodriguez;;;;;;Tiago Rodriguez;
14275179;15/09/2026 07:13:15;3;2;0001  215386-1;03;CAMIONETA MIE 1;2092387;"FA20    ";"FALABELLA S.A.                                    ";AV DON BOSCO 2680;952452;"51-122         ";51-122 - MESADA BIMANDO CR C.CERAM VALENCIA;5;5;5;23395236;150926064101856;183535019;;;;02/01/2032 00:00:00;2;13962547;15/09/2026 06:41:01;Tiago;Rodriguez;;;;;;Tiago Rodriguez;
14275179;15/09/2026 07:13:15;3;2;0001  215386-1;03;CAMIONETA MIE 1;2092387;"FA20    ";"FALABELLA S.A.                                    ";AV DON BOSCO 2680;952453;"51-131         ";51-131 - MESADA BIMANDO CR C.CERAM MALLORCA;4;4;4;23395236;150926064101856;183537489;;;;01/31/2032 00:00:00;1;13962547;15/09/2026 06:41:01;Tiago;Rodriguez;;;;;;Tiago Rodriguez;
14275179;15/09/2026 07:13:15;3;2;0001  215386-1;03;CAMIONETA MIE 1;2092387;"FA20    ";"FALABELLA S.A.                                    ";AV DON BOSCO 2680;953144;"80-196         ";80-196 - DUCHA EMB. C/TRANSF. CR C.CERAM LOOP;11;11;11;23395242;150926064142237;183697326;;;;01/10/2032 00:00:00;3;13962550;15/09/2026 06:41:42;Tiago;Rodriguez;;;;;;Tiago Rodriguez;
14275179;15/09/2026 07:13:15;3;2;0001  215386-1;03;CAMIONETA MIE 1;2092387;"FA20    ";"FALABELLA S.A.                                    ";AV DON BOSCO 2680;953144;"80-196         ";80-196 - DUCHA EMB. C/TRANSF. CR C.CERAM LOOP;11;11;11;23395250;150926064217682;183697380;;;;01/10/2032 00:00:00;3;13962553;15/09/2026 06:42:17;Tiago;Rodriguez;;;;;;Tiago Rodriguez;
14275179;15/09/2026 07:13:15;3;2;0001  215386-1;03;CAMIONETA MIE 1;2092387;"FA20    ";"FALABELLA S.A.                                    ";AV DON BOSCO 2680;953144;"80-196         ";80-196 - DUCHA EMB. C/TRANSF. CR C.CERAM LOOP;11;11;11;23395254;150926064248258;183697418;;;;01/10/2032 00:00:00;3;13962557;15/09/2026 06:42:48;Tiago;Rodriguez;;;;;;Tiago Rodriguez;
14275179;15/09/2026 07:13:15;3;2;0001  215386-1;03;CAMIONETA MIE 1;2092387;"FA20    ";"FALABELLA S.A.                                    ";AV DON BOSCO 2680;952456;"51-190         ";51-190 - MESADA BIMANDO C.CERAM BLACK VELVET;6;6;6;23395257;150926064310891;183697446;;;;10/20/2031 00:00:00;3;13962559;15/09/2026 06:43:10;Tiago;Rodriguez;;;;;;Tiago Rodriguez;
14275179;15/09/2026 07:13:15;3;2;0001  215386-1;03;CAMIONETA MIE 1;2092387;"FA20    ";"FALABELLA S.A.                                    ";AV DON BOSCO 2680;952456;"51-190         ";51-190 - MESADA BIMANDO C.CERAM BLACK VELVET;6;6;6;23395261;150926064334335;183536697;;;;10/20/2031 00:00:00;3;13962562;15/09/2026 06:43:34;Tiago;Rodriguez;;;;;;Tiago Rodriguez;
14275179;15/09/2026 07:13:15;3;2;0001  215386-1;03;CAMIONETA MIE 1;2092387;"FA20    ";"FALABELLA S.A.                                    ";AV DON BOSCO 2680;953144;"80-196         ";80-196 - DUCHA EMB. C/TRANSF. CR C.CERAM LOOP;11;11;11;23395268;150926064405071;183526011;;;;01/10/2032 00:00:00;2;13962565;15/09/2026 06:44:05;Tiago;Rodriguez;;;;;;Tiago Rodriguez;
14275179;15/09/2026 07:13:15;3;2;0001  215386-1;03;CAMIONETA MIE 1;2092387;"FA20    ";"FALABELLA S.A.                                    ";AV DON BOSCO 2680;953148;"80-199         ";80-199 - DUCHA EMB. C/TRANSF. CR C.CERAM LIVE;1;1;1;23395268;150926064405071;183532676;;;;11/04/2031 00:00:00;1;13962565;15/09/2026 06:44:05;Tiago;Rodriguez;;;;;;Tiago Rodriguez;
14275179;15/09/2026 07:13:15;3;2;0001  215386-1;03;CAMIONETA MIE 1;2092387;"FA20    ";"FALABELLA S.A.                                    ";AV DON BOSCO 2680;953136;"80-190P        ";80-190P - DUCHA EMB. C/TRANSF. C.CERAM BLACK VELVET PLUS;4;4;4;23395274;150926064440623;183535746;;;;07/30/2031 00:00:00;4;13962568;15/09/2026 06:44:40;Tiago;Rodriguez;;;;;;Tiago Rodriguez;
14275179;15/09/2026 07:13:15;3;2;0001  215386-1;03;CAMIONETA MIE 1;2092387;"FA20    ";"FALABELLA S.A.                                    ";AV DON BOSCO 2680;953109;"80-166         ";"DUCHA EMB. C/TRANSF. CR C.CERAM ADRA PLUS                             ";6;6;6;23395303;150926064659026;183697751;;;;01/19/2032 00:00:00;4;13962577;15/09/2026 06:46:59;Tiago;Rodriguez;;;;;;Tiago Rodriguez;
14275179;15/09/2026 07:13:15;3;2;0001  215386-1;03;CAMIONETA MIE 1;2092387;"FA20    ";"FALABELLA S.A.                                    ";AV DON BOSCO 2680;953109;"80-166         ";"DUCHA EMB. C/TRANSF. CR C.CERAM ADRA PLUS                             ";6;6;6;23395311;150926064732224;183513281;;;;01/19/2032 00:00:00;2;13962582;15/09/2026 06:47:32;Tiago;Rodriguez;;;;;;Tiago Rodriguez;
14275179;15/09/2026 07:13:15;3;2;0001  215386-1;03;CAMIONETA MIE 1;2092387;"FA20    ";"FALABELLA S.A.                                    ";AV DON BOSCO 2680;952726;"61-203         ";61-203 - LAVATORIO MONOCOMANDO ALTO ADRA;3;3;3;23395311;150926064732224;183533432;;;;01/20/2032 00:00:00;3;13962582;15/09/2026 06:47:32;Tiago;Rodriguez;;;;;;Tiago Rodriguez;
14275179;15/09/2026 07:13:15;3;2;0001  215386-1;03;CAMIONETA MIE 1;2092387;"FA20    ";"FALABELLA S.A.                                    ";AV DON BOSCO 2680;952441;"51-061         ";51-061 - COCINA MESADA CR C.STD PUEBLA;11;11;11;23395331;150926064927331;183697932;;;;01/04/2032 00:00:00;10;13962591;15/09/2026 06:49:27;Tiago;Rodriguez;;;;;;Tiago Rodriguez;
14275179;15/09/2026 07:13:15;3;2;0001  215386-1;03;CAMIONETA MIE 1;2092387;"FA20    ";"FALABELLA S.A.                                    ";AV DON BOSCO 2680;952634;"60-162         ";60-162 - LAVATORIO CR C.CERAM LINEA ADRA;10;10;10;23395347;150926065030448;183514725;;;;07/29/2031 00:00:00;10;13962598;15/09/2026 06:50:30;Tiago;Rodriguez;;;;;;Tiago Rodriguez;
14275179;15/09/2026 07:13:15;3;2;0001  215386-1;03;CAMIONETA MIE 1;2092387;"FA20    ";"FALABELLA S.A.                                    ";AV DON BOSCO 2680;952942;"70-196         ";70-196 - BIDE CR C.CERAM LOOP;8;8;8;23395372;150926065219206;183529507;;;;07/31/2031 00:00:00;8;13962602;15/09/2026 06:52:19;Tiago;Rodriguez;;;;;;Tiago Rodriguez;
14275179;15/09/2026 07:13:15;3;2;0001  215386-1;03;CAMIONETA MIE 1;2092387;"FA20    ";"FALABELLA S.A.                                    ";AV DON BOSCO 2680;953068;"80-064         ";80-064 - DUCHA EMB.C/TRANSF CR  C.STD FRAGA;8;8;8;23395388;150926065310954;183531412;;;;03/01/2032 00:00:00;8;13962607;15/09/2026 06:53:10;Tiago;Rodriguez;;;;;;Tiago Rodriguez;
14275179;15/09/2026 07:13:15;3;2;0001  215386-1;03;CAMIONETA MIE 1;2092387;"FA20    ";"FALABELLA S.A.                                    ";AV DON BOSCO 2680;952441;"51-061         ";51-061 - COCINA MESADA CR C.STD PUEBLA;11;11;11;23395405;150926065410932;183516147;;;;01/04/2032 00:00:00;1;13962611;15/09/2026 06:54:10;Tiago;Rodriguez;;;;;;Tiago Rodriguez;
14275179;15/09/2026 07:13:15;3;2;0001  215386-1;03;CAMIONETA MIE 1;2092387;"FA20    ";"FALABELLA S.A.                                    ";AV DON BOSCO 2680;952590;"60-064         ";60-064 - LAVATORIO CR/CR C.STD FRAGA;7;7;7;23395405;150926065410932;183532505;;;;07/31/2031 00:00:00;7;13962611;15/09/2026 06:54:10;Tiago;Rodriguez;;;;;;Tiago Rodriguez;
14275179;15/09/2026 07:13:15;3;2;0001  215386-1;03;CAMIONETA MIE 1;2092387;"FA20    ";"FALABELLA S.A.                                    ";AV DON BOSCO 2680;952912;"70-162         ";70-162 - BIDE CR C.CERAM LINEA ADRA;8;8;8;23395435;150926065547510;183512489;;;;07/29/2031 00:00:00;8;13962621;15/09/2026 06:55:47;Tiago;Rodriguez;;;;;;Tiago Rodriguez;
14275179;15/09/2026 07:13:15;3;2;0001  215386-1;03;CAMIONETA MIE 1;2092387;"FA20    ";"FALABELLA S.A.                                    ";AV DON BOSCO 2680;952587;"60-061         ";60-061 - LAVATORIO CR C.STD PUEBLA;4;4;4;23395464;150926065705177;183522811;;;;10/08/2031 00:00:00;4;13962626;15/09/2026 06:57:05;Tiago;Rodriguez;;;;;;Tiago Rodriguez;
14275179;15/09/2026 07:13:15;3;2;0001  215386-1;03;CAMIONETA MIE 1;2092387;"FA20    ";"FALABELLA S.A.                                    ";AV DON BOSCO 2680;952664;"60-196         ";60-196 - LAVATORIO CR C.CERAM LOOP;6;6;6;23395464;150926065705177;183528573;;;;07/31/2031 00:00:00;6;13962626;15/09/2026 06:57:05;Tiago;Rodriguez;;;;;;Tiago Rodriguez;
14275179;15/09/2026 07:13:15;3;2;0001  215386-1;03;CAMIONETA MIE 1;2092387;"FA20    ";"FALABELLA S.A.                                    ";AV DON BOSCO 2680;952677;"60-203         ";60-203 - LAVATORIO MONOCOMANDO BAJO ADRA;5;5;5;23395481;150926065801758;183533782;;;;02/16/2032 00:00:00;5;13962628;15/09/2026 06:58:01;Tiago;Rodriguez;;;;;;Tiago Rodriguez;
14275179;15/09/2026 07:13:15;3;2;0001  215386-1;03;CAMIONETA MIE 1;2092387;"FA20    ";"FALABELLA S.A.                                    ";AV DON BOSCO 2680;952868;"70-061         ";70-061 - BIDE CR C.STD PUEBLA;7;7;7;23395494;150926065830875;183522208;;;;07/31/2031 00:00:00;7;13962629;15/09/2026 06:58:30;Tiago;Rodriguez;;;;;;Tiago Rodriguez;
14275179;15/09/2026 07:13:15;3;2;0001  215386-1;03;CAMIONETA MIE 1;2092387;"FA20    ";"FALABELLA S.A.                                    ";AV DON BOSCO 2680;952774;"62-190         ";62-190 - LAVATORIO PARED EMB. C.CERAM BLACK VELVET;1;1;1;23395494;150926065830875;183535174;;;;09/02/2031 00:00:00;1;13962629;15/09/2026 06:58:30;Tiago;Rodriguez;;;;;;Tiago Rodriguez;
14275179;15/09/2026 07:13:15;3;2;0001  215386-1;03;CAMIONETA MIE 1;2092387;"FA20    ";"FALABELLA S.A.                                    ";AV DON BOSCO 2680;954679;"A843           ";A843 - DUCHADOR ANTICALCAREO 5F C/BARRAL,SOP,FLEX,JABONER;2;2;2;23395597;150926070321954;183504440;;;;07/28/2031 00:00:00;2;13962660;15/09/2026 07:03:21;Tiago;Rodriguez;;;;;;Tiago Rodriguez;
14275179;15/09/2026 07:13:15;3;2;0001  215386-1;03;CAMIONETA MIE 1;2092387;"FA20    ";"FALABELLA S.A.                                    ";AV DON BOSCO 2680;951547;"20-174         ";20-174 - COCINA MESADA MONOC. COLORS BLACK;3;3;3;23395683;150926070700799;183505660;;;;07/28/2031 00:00:00;3;13962687;15/09/2026 07:07:00;Tiago;Rodriguez;;;;;;Tiago Rodriguez;
14275179;15/09/2026 07:13:15;3;2;0001  215386-1;03;CAMIONETA MIE 1;2092387;"FA20    ";"FALABELLA S.A.                                    ";AV DON BOSCO 2680;951545;"20-172         ";20-172 - COCINA MESADA MONOC. COLORS NEGRO;2;2;2;23395683;150926070700799;183506884;;;;07/28/2031 00:00:00;2;13962687;15/09/2026 07:07:00;Tiago;Rodriguez;;;;;;Tiago Rodriguez;
14275179;15/09/2026 07:13:15;3;2;0001  215386-1;03;CAMIONETA MIE 1;2092387;"FA20    ";"FALABELLA S.A.                                    ";AV DON BOSCO 2680;953125;"80-180         ";80-180 - DUCHA EMB. C/TRANSF. MONOCOMANDO VERA;4;4;4;23395703;150926070740306;183515860;;;;11/23/2031 00:00:00;4;13962693;15/09/2026 07:07:40;Tiago;Rodriguez;;;;;;Tiago Rodriguez;
14275179;15/09/2026 07:13:15;3;2;0001  215386-1;03;CAMIONETA MIE 1;2092387;"FA20    ";"FALABELLA S.A.                                    ";AV DON BOSCO 2680;951512;"20-122         ";"MONOCOMANDO COCINA CR C/PICO EXTRAIBLE VALENCIA                       ";1;1;1;23395749;150926070917859;183516544;;;;08/06/2031 00:00:00;1;13962710;15/09/2026 07:09:17;Tiago;Rodriguez;;;;;;Tiago Rodriguez;
14275179;15/09/2026 07:13:15;3;2;0001  215386-1;03;CAMIONETA MIE 1;2092387;"FA20    ";"FALABELLA S.A.                                    ";AV DON BOSCO 2680;952661;"60-193         ";60-193 - LAVATORIO MONOCOMANDO BAJO MORA;6;6;6;23395749;150926070917859;183512629;;;;07/28/2031 00:00:00;6;13962710;15/09/2026 07:09:17;Tiago;Rodriguez;;;;;;Tiago Rodriguez;
14275179;15/09/2026 07:13:15;3;2;0001  215386-1;03;CAMIONETA MIE 1;2092387;"FA20    ";"FALABELLA S.A.                                    ";AV DON BOSCO 2680;952928;"70-180         ";70-180 - BIDE MONOCOMANDO C/TRANSF. VERA;2;2;2;23395749;150926070917859;183510291;;;;07/27/2031 00:00:00;2;13962710;15/09/2026 07:09:17;Tiago;Rodriguez;;;;;;Tiago Rodriguez;
14275179;15/09/2026 07:13:15;3;2;0001  215386-1;03;CAMIONETA MIE 1;2092387;"FA20    ";"FALABELLA S.A.                                    ";AV DON BOSCO 2680;951524;"20-135         ";20-135 - MONOCOMANDO COCINA SANTANDER;2;2;2;23395783;150926071025809;183511488;;;;07/28/2031 00:00:00;2;13962720;15/09/2026 07:10:25;Tiago;Rodriguez;;;;;;Tiago Rodriguez;
14275179;15/09/2026 07:13:15;3;2;0001  215386-1;03;CAMIONETA MIE 1;2092387;"FA20    ";"FALABELLA S.A.                                    ";AV DON BOSCO 2680;952714;"61-180         ";61-180 - LAVATORIO MONOCOMANDO ALTO VERA;3;3;3;23395783;150926071025809;183508649;;;;07/28/2031 00:00:00;3;13962720;15/09/2026 07:10:25;Tiago;Rodriguez;;;;;;Tiago Rodriguez;
14275179;15/09/2026 07:13:15;3;2;0001  215386-1;03;CAMIONETA MIE 1;2092387;"FA20    ";"FALABELLA S.A.                                    ";AV DON BOSCO 2680;951523;"20-134         ";20-134 - MONOCOMANDO COCINA BETIS;1;1;1;23395823;150926071116694;183514663;;;;08/11/2031 00:00:00;1;13962733;15/09/2026 07:11:16;Tiago;Rodriguez;;;;;;Tiago Rodriguez;
14275179;15/09/2026 07:13:15;3;2;0001  215386-1;03;CAMIONETA MIE 1;2092387;"FA20    ";"FALABELLA S.A.                                    ";AV DON BOSCO 2680;953157;"80-203         ";80-203 - DUCHA EMB C/TRANSF. MONOCOMANDO ADRA;3;3;3;23395823;150926071116694;183517450;;;;07/27/2031 00:00:00;3;13962733;15/09/2026 07:11:16;Tiago;Rodriguez;;;;;;Tiago Rodriguez;
14276136;12/09/2026 07:10:03;3;2;0001  212596-2;05;CAMIONETA MAR 2;2093912;"PL21    ";"PINTO LEONEL E. -SANIT. BRONCESUR                 ";MIGUEL CANE 1042;957096;"PDU102         ";"PISO DUCHA RESINA POLIESTER BLANCA 1200x700x25                        ";10;10;10;23327082;120926071002710;183177358;;;;03/01/2032 00:00:00;10;13935862;12/09/2026 07:10:02;Agustin;Scirica;24602475;11/09/2026 10:35:33;7636;Kevin;Arce;Agustin Scirica;Kevin Arce
14276136;12/09/2026 07:10:03;3;2;0001  212596-2;05;CAMIONETA MAR 2;2093912;"PL21    ";"PINTO LEONEL E. -SANIT. BRONCESUR                 ";MIGUEL CANE 1042;957094;"PDU101         ";"PISO DUCHA RESINA POLIESTER BLANCA 900x700x25                         ";10;10;10;23351160;120926070750272;183180374;;;;03/01/2032 00:00:00;10;13935864;12/09/2026 07:07:50;Agustin;Scirica;;;;;;Agustin Scirica;
14276327;12/09/2026 10:59:09;3;2;0001  214931-1;05;CAMIONETA MAR 3;2134341;"GA34    ";"GRILLI ADRIAN E. Y GRILLI IVAN A. -BRUMAR         ";BRASIL 515;952437;"51-057         ";51-057 - COCINA MESADA CR C.STD VERIN PLUS;4;4;4;23333305;120926093205368;183239487;;;;01/27/2032 00:00:00;4;13937372;12/09/2026 09:32:05;Maximiliano;Nievas;24608780;11/09/2026 13:39:00;7807;Nicolas;Perez;Maximiliano Nievas;Nicolas Perez
14276327;12/09/2026 10:59:09;3;2;0001  214931-1;05;CAMIONETA MAR 3;2134341;"GA34    ";"GRILLI ADRIAN E. Y GRILLI IVAN A. -BRUMAR         ";BRASIL 515;952577;"60-045         ";60-045 - LAVATORIO CR/CR C.STD CRUZ;3;3;3;23333305;120926093205368;183236572;;;;01/24/2032 00:00:00;3;13937372;12/09/2026 09:32:05;Maximiliano;Nievas;24608780;11/09/2026 13:39:00;7807;Nicolas;Perez;Maximiliano Nievas;Nicolas Perez
14276327;12/09/2026 10:59:09;3;2;0001  214931-1;05;CAMIONETA MAR 3;2134341;"GA34    ";"GRILLI ADRIAN E. Y GRILLI IVAN A. -BRUMAR         ";BRASIL 515;952634;"60-162         ";60-162 - LAVATORIO CR C.CERAM LINEA ADRA;1;1;1;23333305;120926093205368;183216636;;;;07/29/2031 00:00:00;1;13937372;12/09/2026 09:32:05;Maximiliano;Nievas;24608780;11/09/2026 13:39:00;7807;Nicolas;Perez;Maximiliano Nievas;Nicolas Perez
14276327;12/09/2026 10:59:09;3;2;0001  214931-1;05;CAMIONETA MAR 3;2134341;"GA34    ";"GRILLI ADRIAN E. Y GRILLI IVAN A. -BRUMAR         ";BRASIL 515;952740;"62-100G        ";62-100G - LAVATORIO DE PARED GOLD C.CERAM FABRIC;1;1;1;23333305;120926093205368;183236808;;;;12/20/2031 00:00:00;1;13937372;12/09/2026 09:32:05;Maximiliano;Nievas;24608780;11/09/2026 13:39:00;7807;Nicolas;Perez;Maximiliano Nievas;Nicolas Perez
14276327;12/09/2026 10:59:09;3;2;0001  214931-1;05;CAMIONETA MAR 3;2134341;"GA34    ";"GRILLI ADRIAN E. Y GRILLI IVAN A. -BRUMAR         ";BRASIL 515;952856;"70-045         ";70-045 - BIDE CROMO C.STD CRUZ;3;3;3;23333305;120926093205368;183237765;;;;02/01/2032 00:00:00;3;13937372;12/09/2026 09:32:05;Maximiliano;Nievas;24608780;11/09/2026 13:39:00;7807;Nicolas;Perez;Maximiliano Nievas;Nicolas Perez
14276327;12/09/2026 10:59:09;3;2;0001  214931-1;05;CAMIONETA MAR 3;2134341;"GA34    ";"GRILLI ADRIAN E. Y GRILLI IVAN A. -BRUMAR         ";BRASIL 515;952912;"70-162         ";70-162 - BIDE CR C.CERAM LINEA ADRA;1;1;1;23333305;120926093205368;183216519;;;;07/29/2031 00:00:00;1;13937372;12/09/2026 09:32:05;Maximiliano;Nievas;24608780;11/09/2026 13:39:00;7807;Nicolas;Perez;Maximiliano Nievas;Nicolas Perez
14276327;12/09/2026 10:59:09;3;2;0001  214931-1;05;CAMIONETA MAR 3;2134341;"GA34    ";"GRILLI ADRIAN E. Y GRILLI IVAN A. -BRUMAR         ";BRASIL 515;953055;"80-045         ";80-045 - DUCHA EMB.C/TRANSF CR  C.STD CRUZ;3;3;3;23333305;120926093205368;183237476;;;;01/04/2032 00:00:00;3;13937372;12/09/2026 09:32:05;Maximiliano;Nievas;24608780;11/09/2026 13:39:00;7807;Nicolas;Perez;Maximiliano Nievas;Nicolas Perez
14276327;12/09/2026 10:59:09;3;2;0001  214931-1;05;CAMIONETA MAR 3;2134341;"GA34    ";"GRILLI ADRIAN E. Y GRILLI IVAN A. -BRUMAR         ";BRASIL 515;953109;"80-166         ";"DUCHA EMB. C/TRANSF. CR C.CERAM ADRA PLUS                             ";1;1;1;23333305;120926093205368;183216382;;;;01/19/2032 00:00:00;1;13937372;12/09/2026 09:32:05;Maximiliano;Nievas;24608780;11/09/2026 13:39:00;7807;Nicolas;Perez;Maximiliano Nievas;Nicolas Perez
14276327;12/09/2026 10:59:09;3;2;0001  214931-1;05;CAMIONETA MAR 3;2134341;"GA34    ";"GRILLI ADRIAN E. Y GRILLI IVAN A. -BRUMAR         ";BRASIL 515;953153;"80-200G        ";80-200G - DUCHA EMB. MONOC. 3 FUNCIONES GOLD FABRIC;1;1;1;23333305;120926093205368;183240151;;;;12/03/2031 00:00:00;1;13937372;12/09/2026 09:32:05;Maximiliano;Nievas;24608780;11/09/2026 13:39:00;7807;Nicolas;Perez;Maximiliano Nievas;Nicolas Perez
14276327;12/09/2026 10:59:09;3;2;0001  214931-1;05;CAMIONETA MAR 3;2134341;"GA34    ";"GRILLI ADRIAN E. Y GRILLI IVAN A. -BRUMAR         ";BRASIL 515;957572;"RA1205         ";RA1205 - 10 BUJES INTERIOR NYLON;10;10;10;23335168;120926105909396;183231975;;;;10/11/2031 00:00:00;10;13938564;12/09/2026 10:59:09;Maximiliano;Nievas;24610517;11/09/2026 12:55:19;6867;Javier;Lescano;Maximiliano Nievas;Javier Lescano
14276327;12/09/2026 10:59:09;3;2;0001  214931-1;05;CAMIONETA MAR 3;2134341;"GA34    ";"GRILLI ADRIAN E. Y GRILLI IVAN A. -BRUMAR         ";BRASIL 515;957447;"RA1030         ";RA1030 - PICO ROCIADOR P/ MONOC COCINA CUINA;1;1;1;23335168;120926105909396;183232036;;;;02/21/2032 00:00:00;1;13938564;12/09/2026 10:59:09;Maximiliano;Nievas;24610517;11/09/2026 12:55:19;6867;Javier;Lescano;Maximiliano Nievas;Javier Lescano
14276327;12/09/2026 10:59:09;3;2;0001  214931-1;05;CAMIONETA MAR 3;2134341;"GA34    ";"GRILLI ADRIAN E. Y GRILLI IVAN A. -BRUMAR         ";BRASIL 515;953335;"84-203ST       ";"DUCHA EXT C/COLUMNA CR ADRA                                           ";2;2;2;23335168;120926105909396;183230042;;;;12/15/2031 00:00:00;2;13938564;12/09/2026 10:59:09;Maximiliano;Nievas;24610517;11/09/2026 12:55:19;6867;Javier;Lescano;Maximiliano Nievas;Javier Lescano
14276327;12/09/2026 10:59:09;3;2;0001  214931-1;05;CAMIONETA MAR 3;2134341;"GA34    ";"GRILLI ADRIAN E. Y GRILLI IVAN A. -BRUMAR         ";BRASIL 515;953312;"83-133         ";83-133 - DUCHA EXT. C/TRANSF. MONOCOMANDO LUGO;2;2;2;23335168;120926105909396;183230509;;;;07/30/2031 00:00:00;2;13938564;12/09/2026 10:59:09;Maximiliano;Nievas;24610517;11/09/2026 12:55:19;6867;Javier;Lescano;Maximiliano Nievas;Javier Lescano
14276327;12/09/2026 10:59:09;3;2;0001  214931-1;05;CAMIONETA MAR 3;2134341;"GA34    ";"GRILLI ADRIAN E. Y GRILLI IVAN A. -BRUMAR         ";BRASIL 515;952950;"70-200G        ";70-200G - BIDE MONOCOMANDO GOLD FABRIC;1;1;1;23335168;120926105909396;183230152;;;;07/27/2031 00:00:00;1;13938564;12/09/2026 10:59:09;Maximiliano;Nievas;24610517;11/09/2026 12:55:19;6867;Javier;Lescano;Maximiliano Nievas;Javier Lescano
14276327;12/09/2026 10:59:09;3;2;0001  214931-1;05;CAMIONETA MAR 3;2134341;"GA34    ";"GRILLI ADRIAN E. Y GRILLI IVAN A. -BRUMAR         ";BRASIL 515;952728;"61-205         ";61-205 - LAVATORIO MONOC ALTO STEEL;1;1;1;23335168;120926105909396;183229264;;;;07/28/2031 00:00:00;1;13938564;12/09/2026 10:59:09;Maximiliano;Nievas;24610517;11/09/2026 12:55:19;6867;Javier;Lescano;Maximiliano Nievas;Javier Lescano
14276327;12/09/2026 10:59:09;3;2;0001  214931-1;05;CAMIONETA MAR 3;2134341;"GA34    ";"GRILLI ADRIAN E. Y GRILLI IVAN A. -BRUMAR         ";BRASIL 515;952499;"54-203         ";"COCINA PARED EXT C.CERAM ADRA MONOCOMANDO                             ";2;2;2;23335168;120926105909396;183231137;;;;02/18/2032 00:00:00;2;13938564;12/09/2026 10:59:09;Maximiliano;Nievas;24610517;11/09/2026 12:55:19;6867;Javier;Lescano;Maximiliano Nievas;Javier Lescano
14276327;12/09/2026 10:59:09;3;2;0001  214931-1;05;CAMIONETA MAR 3;2134341;"GA34    ";"GRILLI ADRIAN E. Y GRILLI IVAN A. -BRUMAR         ";BRASIL 515;951528;"20-140         ";20-140 - MONOCOMANDO DE COCINA LINEA CUINA;2;2;2;23335168;120926105909396;183229527;;;;10/07/2031 00:00:00;2;13938564;12/09/2026 10:59:09;Maximiliano;Nievas;24610517;11/09/2026 12:55:19;6867;Javier;Lescano;Maximiliano Nievas;Javier Lescano
14276327;12/09/2026 10:59:09;3;2;0001  214931-1;05;CAMIONETA MAR 3;2134341;"GA34    ";"GRILLI ADRIAN E. Y GRILLI IVAN A. -BRUMAR         ";BRASIL 515;951303;"17040G         ";17040G - PORTA ROLLO LINEA FABRIC GOLD;1;1;1;23335168;120926105909396;183230767;;;;07/28/2031 00:00:00;1;13938564;12/09/2026 10:59:09;Maximiliano;Nievas;24610517;11/09/2026 12:55:19;6867;Javier;Lescano;Maximiliano Nievas;Javier Lescano
14276327;12/09/2026 10:59:09;3;2;0001  214931-1;05;CAMIONETA MAR 3;2134341;"GA34    ";"GRILLI ADRIAN E. Y GRILLI IVAN A. -BRUMAR         ";BRASIL 515;951294;"17010G         ";17010G - TOALLERO BARRAL LINEA FABRIC GOLD;1;1;1;23335168;120926105909396;183229842;;;;07/27/2031 00:00:00;1;13938564;12/09/2026 10:59:09;Maximiliano;Nievas;24610517;11/09/2026 12:55:19;6867;Javier;Lescano;Maximiliano Nievas;Javier Lescano
14276328;12/09/2026 11:20:08;3;2;0001  215053-1;05;CAMIONETA MAR 3;2093531;"MM16    ";"MORENO MIGUEL ANGEL- SANIT. ALTA ITALIA           ";AV. SAN JUAN 3451;951146;"1320           ";"QUEINOX MACHO MOVIL MH 1/2"" x 20                                      ";20;20;20;23333381;120926112007455;183220056;;;;11/19/2031 00:00:00;20;13938767;12/09/2026 11:20:07;Maximiliano;Nievas;24608858;11/09/2026 12:24:41;7152;Mirko;Hernandez;Maximiliano Nievas;Mirko Hernandez
14276328;12/09/2026 11:20:08;3;2;0001  215053-1;05;CAMIONETA MAR 3;2093531;"MM16    ";"MORENO MIGUEL ANGEL- SANIT. ALTA ITALIA           ";AV. SAN JUAN 3451;951153;"1325           ";"QUEINOX MACHO MOVIL MH 1/2"" x 25                                      ";20;20;20;23333381;120926112007455;183219567;;;;02/21/2032 00:00:00;20;13938767;12/09/2026 11:20:07;Maximiliano;Nievas;24608858;11/09/2026 12:24:41;7152;Mirko;Hernandez;Maximiliano Nievas;Mirko Hernandez
14276328;12/09/2026 11:20:08;3;2;0001  215053-1;05;CAMIONETA MAR 3;2093531;"MM16    ";"MORENO MIGUEL ANGEL- SANIT. ALTA ITALIA           ";AV. SAN JUAN 3451;951156;"1330           ";"QUEINOX MACHO MOVIL MH 1/2"" x 30                                      ";20;20;20;23333381;120926112007455;183220502;;;;02/16/2032 00:00:00;20;13938767;12/09/2026 11:20:07;Maximiliano;Nievas;24608858;11/09/2026 12:24:41;7152;Mirko;Hernandez;Maximiliano Nievas;Mirko Hernandez
14276328;12/09/2026 11:20:08;3;2;0001  215053-1;05;CAMIONETA MAR 3;2093531;"MM16    ";"MORENO MIGUEL ANGEL- SANIT. ALTA ITALIA           ";AV. SAN JUAN 3451;951168;"1340           ";"QUEINOX MACHO MOVIL MH 1/2"" x 40                                      ";20;20;20;23333381;120926112007455;183221507;;;;02/09/2032 00:00:00;20;13938767;12/09/2026 11:20:07;Maximiliano;Nievas;24608858;11/09/2026 12:24:41;7152;Mirko;Hernandez;Maximiliano Nievas;Mirko Hernandez
14276328;12/09/2026 11:20:08;3;2;0001  215053-1;05;CAMIONETA MAR 3;2093531;"MM16    ";"MORENO MIGUEL ANGEL- SANIT. ALTA ITALIA           ";AV. SAN JUAN 3451;951177;"1350           ";"QUEINOX MACHO MOVIL MH 1/2"" x 50                                      ";20;20;20;23333381;120926112007455;183220956;;;;07/27/2031 00:00:00;20;13938767;12/09/2026 11:20:07;Maximiliano;Nievas;24608858;11/09/2026 12:24:41;7152;Mirko;Hernandez;Maximiliano Nievas;Mirko Hernandez
14276329;12/09/2026 11:23:32;3;2;0001  215280-1;05;CAMIONETA MAR 3;2094319;"SA60    ";"SANTAGAL S.R.L.                                   ";AV. INDEPENDENCIA 2218;952740;"62-100G        ";62-100G - LAVATORIO DE PARED GOLD C.CERAM FABRIC;4;4;4;23333306;120926091850469;183237115;;;;12/20/2031 00:00:00;4;13937171;12/09/2026 09:18:50;Maximiliano;Nievas;24608780;11/09/2026 13:39:00;7807;Nicolas;Perez;Maximiliano Nievas;Nicolas Perez
14276329;12/09/2026 11:23:32;3;2;0001  215280-1;05;CAMIONETA MAR 3;2094319;"SA60    ";"SANTAGAL S.R.L.                                   ";AV. INDEPENDENCIA 2218;952874;"70-100G        ";70-100G - BIDE GOLD C.CERAM FABRIC;4;4;4;23333306;120926091850469;183235980;;;;07/29/2031 00:00:00;4;13937171;12/09/2026 09:18:50;Maximiliano;Nievas;24608780;11/09/2026 13:39:00;7807;Nicolas;Perez;Maximiliano Nievas;Nicolas Perez
14276329;12/09/2026 11:23:32;3;2;0001  215280-1;05;CAMIONETA MAR 3;2094319;"SA60    ";"SANTAGAL S.R.L.                                   ";AV. INDEPENDENCIA 2218;954377;"A1539G         ";"TAPA Y TECLA PARA VALVULA DE DESCARGA CUADRADA MINIMALISTA GOLD       ";4;4;4;23333306;120926091850469;183245215;;;;07/31/2031 00:00:00;4;13937171;12/09/2026 09:18:50;Maximiliano;Nievas;24608780;11/09/2026 13:39:00;7807;Nicolas;Perez;Maximiliano Nievas;Nicolas Perez
14276329;12/09/2026 11:23:32;3;2;0001  215280-1;05;CAMIONETA MAR 3;2094319;"SA60    ";"SANTAGAL S.R.L.                                   ";AV. INDEPENDENCIA 2218;951300;"17030G         ";17030G - PERCHA LINEA FABRIC GOLD;12;12;12;23333382;120926112332456;183216735;;;;07/29/2031 00:00:00;12;13939077;12/09/2026 11:23:32;Maximiliano;Nievas;24608858;11/09/2026 12:24:41;7152;Mirko;Hernandez;Maximiliano Nievas;Mirko Hernandez
14276329;12/09/2026 11:23:32;3;2;0001  215280-1;05;CAMIONETA MAR 3;2094319;"SA60    ";"SANTAGAL S.R.L.                                   ";AV. INDEPENDENCIA 2218;952933;"70-183         ";"BIDE MONOCOMANDO C/TRANSF MAT                                         ";4;4;4;23333382;120926112332456;183217857;;;;11/02/2031 00:00:00;4;13939077;12/09/2026 11:23:32;Maximiliano;Nievas;24608858;11/09/2026 12:24:41;7152;Mirko;Hernandez;Maximiliano Nievas;Mirko Hernandez
14276330;12/09/2026 08:35:23;3;2;0001  215281-1;05;CAMIONETA MAR 3;2094319;"SA60    ";"SANTAGAL S.R.L.                                   ";AV. INDEPENDENCIA 2218;958146;"RINO102-3      ";"ASIENTO INODORO LINEA LOFT                                            ";10;10;10;23334387;120926083518169;183224382;;;;01/24/2032 00:00:00;10;13936681;12/09/2026 08:35:18;Gustavo;Soderquvist;24609911;11/09/2026 12:31:18;6867;Javier;Lescano;Gustavo Soderquvist;Javier Lescano
14276330;12/09/2026 08:35:23;3;2;0001  215281-1;05;CAMIONETA MAR 3;2094319;"SA60    ";"SANTAGAL S.R.L.                                   ";AV. INDEPENDENCIA 2218;958150;"RINO103-3      ";"ASIENTO INODORO LINEA URBAN                                           ";10;10;10;23334387;120926083518169;183223281;;;;02/16/2032 00:00:00;10;13936681;12/09/2026 08:35:18;Gustavo;Soderquvist;24609911;11/09/2026 12:31:18;6867;Javier;Lescano;Gustavo Soderquvist;Javier Lescano
14276330;12/09/2026 08:35:23;3;2;0001  215281-1;05;CAMIONETA MAR 3;2094319;"SA60    ";"SANTAGAL S.R.L.                                   ";AV. INDEPENDENCIA 2218;958156;"RINO104N-3     ";"ASIENTO INODORO BLACK LINEA STONE                                     ";6;6;6;23334387;120926083518169;183223811;;;;01/20/2032 00:00:00;6;13936681;12/09/2026 08:35:18;Gustavo;Soderquvist;24609911;11/09/2026 12:31:18;6867;Javier;Lescano;Gustavo Soderquvist;Javier Lescano
14276331;12/09/2026 10:13:20;3;2;0001  215403-1;05;CAMIONETA MAR 3;2093222;"LJ15    ";"LEIRO JOAQUIN C. - EL GASIFICADOR                 ";AV. B. DE IRIGOYEN 1366;952039;"315/C          ";315/C - BIDE CR C.CERAM MURCIA;4;4;4;23333307;120926092506576;183241450;;;;08/12/2031 00:00:00;4;13937235;12/09/2026 09:25:06;Maximiliano;Nievas;24608780;11/09/2026 13:39:00;7807;Nicolas;Perez;Maximiliano Nievas;Nicolas Perez
14276331;12/09/2026 10:13:20;3;2;0001  215403-1;05;CAMIONETA MAR 3;2093222;"LJ15    ";"LEIRO JOAQUIN C. - EL GASIFICADOR                 ";AV. B. DE IRIGOYEN 1366;952300;"435/C          ";435/C - DUCHA EMB.C/TRANSF CR C.CERAM MURCIA;4;4;4;23333307;120926092506576;183243921;;;;08/12/2031 00:00:00;4;13937235;12/09/2026 09:25:06;Maximiliano;Nievas;24608780;11/09/2026 13:39:00;7807;Nicolas;Perez;Maximiliano Nievas;Nicolas Perez
14276331;12/09/2026 10:13:20;3;2;0001  215403-1;05;CAMIONETA MAR 3;2093222;"LJ15    ";"LEIRO JOAQUIN C. - EL GASIFICADOR                 ";AV. B. DE IRIGOYEN 1366;952605;"60-118         ";60-118 - LAVATORIO CR C.CERAM RODA;3;3;3;23333307;120926092506576;183242838;;;;07/31/2031 00:00:00;3;13937235;12/09/2026 09:25:06;Maximiliano;Nievas;24608780;11/09/2026 13:39:00;7807;Nicolas;Perez;Maximiliano Nievas;Nicolas Perez
14276331;12/09/2026 10:13:20;3;2;0001  215403-1;05;CAMIONETA MAR 3;2093222;"LJ15    ";"LEIRO JOAQUIN C. - EL GASIFICADOR                 ";AV. B. DE IRIGOYEN 1366;953077;"80-107         ";80-107 - DUCHA EMB. C/TRANSF. CR C.CERAM BEDIA;4;4;4;23333307;120926092506576;183221761;;;;07/31/2031 00:00:00;4;13937235;12/09/2026 09:25:06;Maximiliano;Nievas;24608780;11/09/2026 13:39:00;7807;Nicolas;Perez;Maximiliano Nievas;Nicolas Perez
14276331;12/09/2026 10:13:20;3;2;0001  215403-1;05;CAMIONETA MAR 3;2093222;"LJ15    ";"LEIRO JOAQUIN C. - EL GASIFICADOR                 ";AV. B. DE IRIGOYEN 1366;952705;"61-130         ";61-130 - LAVATORIO MONOCOMANDO ALTO BILBAO;5;5;5;23335169;120926101319660;183228779;;;;07/28/2031 00:00:00;5;13937913;12/09/2026 10:13:19;Maximiliano;Nievas;24610517;11/09/2026 12:55:19;6867;Javier;Lescano;Maximiliano Nievas;Javier Lescano
14276331;12/09/2026 10:13:20;3;2;0001  215403-1;05;CAMIONETA MAR 3;2093222;"LJ15    ";"LEIRO JOAQUIN C. - EL GASIFICADOR                 ";AV. B. DE IRIGOYEN 1366;952614;"60-130         ";60-130 - LAVATORIO MONOCOMANDO BAJO BILBAO;5;5;5;23335169;120926101319660;183229046;;;;07/28/2031 00:00:00;5;13937913;12/09/2026 10:13:19;Maximiliano;Nievas;24610517;11/09/2026 12:55:19;6867;Javier;Lescano;Maximiliano Nievas;Javier Lescano
14276332;12/09/2026 11:20:39;3;2;0001  215504-1;05;CAMIONETA MAR 3;2093744;"OL01    ";"ORQUEDA LUIS ALBERTO                              ";JEAN JAURES 57/59;951568;"203            ";"203 - LAVATORIO CROMO ""DIQUE""";2;2;2;23333308;120926092718934;183217612;;;;01/11/2032 00:00:00;2;13937345;12/09/2026 09:27:18;Maximiliano;Nievas;24608780;11/09/2026 13:39:00;7807;Nicolas;Perez;Maximiliano Nievas;Nicolas Perez
14276332;12/09/2026 11:20:39;3;2;0001  215504-1;05;CAMIONETA MAR 3;2093744;"OL01    ";"ORQUEDA LUIS ALBERTO                              ";JEAN JAURES 57/59;952420;"51-002         ";51-002 - COCINA MESADA RENACER;1;1;1;23333308;120926092718934;183219321;;;;11/03/2031 00:00:00;1;13937345;12/09/2026 09:27:18;Maximiliano;Nievas;24608780;11/09/2026 13:39:00;7807;Nicolas;Perez;Maximiliano Nievas;Nicolas Perez
14276332;12/09/2026 11:20:39;3;2;0001  215504-1;05;CAMIONETA MAR 3;2093744;"OL01    ";"ORQUEDA LUIS ALBERTO                              ";JEAN JAURES 57/59;952542;"60-002         ";60-002 - LAVATORIO RENACER;1;1;1;23333308;120926092718934;183217408;;;;01/20/2032 00:00:00;1;13937345;12/09/2026 09:27:18;Maximiliano;Nievas;24608780;11/09/2026 13:39:00;7807;Nicolas;Perez;Maximiliano Nievas;Nicolas Perez
14276332;12/09/2026 11:20:39;3;2;0001  215504-1;05;CAMIONETA MAR 3;2093744;"OL01    ";"ORQUEDA LUIS ALBERTO                              ";JEAN JAURES 57/59;953432;"910/M          ";"910/M - JGO.MDA.P.CANO CROMO ""DIQUE""";3;3;3;23333308;120926092718934;183217252;;;;12/21/2031 00:00:00;3;13937345;12/09/2026 09:27:18;Maximiliano;Nievas;24608780;11/09/2026 13:39:00;7807;Nicolas;Perez;Maximiliano Nievas;Nicolas Perez
14276332;12/09/2026 11:20:39;3;2;0001  215504-1;05;CAMIONETA MAR 3;2093744;"OL01    ";"ORQUEDA LUIS ALBERTO                              ";JEAN JAURES 57/59;951352;"1950           ";"1950 - QUEINOX MH 3/4"" x 50";10;10;10;23333383;120926112035661;183222058;;;;07/27/2031 00:00:00;10;13939033;12/09/2026 11:20:35;Maximiliano;Nievas;24608858;11/09/2026 12:24:41;7152;Mirko;Hernandez;Maximiliano Nievas;Mirko Hernandez
14276332;12/09/2026 11:20:39;3;2;0001  215504-1;05;CAMIONETA MAR 3;2093744;"OL01    ";"ORQUEDA LUIS ALBERTO                              ";JEAN JAURES 57/59;951348;"1940           ";"1940 - QUEINOX MH 3/4"" x 40";10;10;10;23333383;120926112035661;183221772;;;;07/27/2031 00:00:00;10;13939033;12/09/2026 11:20:35;Maximiliano;Nievas;24608858;11/09/2026 12:24:41;7152;Mirko;Hernandez;Maximiliano Nievas;Mirko Hernandez
14276333;12/09/2026 10:43:24;3;2;0001  215530-1;05;CAMIONETA MAR 3;2093262;"LP11    ";"SANITARIOS LA PRIMERA S.R.L.                      ";AV. MEDRANO 666;952452;"51-122         ";51-122 - MESADA BIMANDO CR C.CERAM VALENCIA;2;2;2;23333309;120926093424692;183220049;;;;01/31/2032 00:00:00;2;13937431;12/09/2026 09:34:24;Maximiliano;Nievas;24608780;11/09/2026 13:39:00;7807;Nicolas;Perez;Maximiliano Nievas;Nicolas Perez
14276333;12/09/2026 10:43:24;3;2;0001  215530-1;05;CAMIONETA MAR 3;2093262;"LP11    ";"SANITARIOS LA PRIMERA S.R.L.                      ";AV. MEDRANO 666;952453;"51-131         ";51-131 - MESADA BIMANDO CR C.CERAM MALLORCA;2;2;2;23333309;120926093424692;183238075;;;;01/31/2032 00:00:00;2;13937431;12/09/2026 09:34:24;Maximiliano;Nievas;24608780;11/09/2026 13:39:00;7807;Nicolas;Perez;Maximiliano Nievas;Nicolas Perez
14276333;12/09/2026 10:43:24;3;2;0001  215530-1;05;CAMIONETA MAR 3;2093262;"LP11    ";"SANITARIOS LA PRIMERA S.R.L.                      ";AV. MEDRANO 666;952582;"60-057         ";60-057 - LAVATORIO C.STD VERIN PLUS;3;3;3;23333309;120926093424692;183216149;;;;01/31/2032 00:00:00;3;13937431;12/09/2026 09:34:24;Maximiliano;Nievas;24608780;11/09/2026 13:39:00;7807;Nicolas;Perez;Maximiliano Nievas;Nicolas Perez
14276333;12/09/2026 10:43:24;3;2;0001  215530-1;05;CAMIONETA MAR 3;2093262;"LP11    ";"SANITARIOS LA PRIMERA S.R.L.                      ";AV. MEDRANO 666;952595;"60-100C        ";60-100C - LAVATORIO CR C.CERAM FABRIC;2;2;2;23333309;120926093424692;183222002;;;;08/17/2031 00:00:00;2;13937431;12/09/2026 09:34:24;Maximiliano;Nievas;24608780;11/09/2026 13:39:00;7807;Nicolas;Perez;Maximiliano Nievas;Nicolas Perez
14276333;12/09/2026 10:43:24;3;2;0001  215530-1;05;CAMIONETA MAR 3;2093262;"LP11    ";"SANITARIOS LA PRIMERA S.R.L.                      ";AV. MEDRANO 666;952610;"60-122         ";60-122 - LAVATORIO C.CERAM CR VALENCIA;3;3;3;23333309;120926093424692;183220456;;;;12/10/2031 00:00:00;3;13937431;12/09/2026 09:34:24;Maximiliano;Nievas;24608780;11/09/2026 13:39:00;7807;Nicolas;Perez;Maximiliano Nievas;Nicolas Perez
14276333;12/09/2026 10:43:24;3;2;0001  215530-1;05;CAMIONETA MAR 3;2093262;"LP11    ";"SANITARIOS LA PRIMERA S.R.L.                      ";AV. MEDRANO 666;952631;"60-153         ";60-153 - LAVATORIO CR C.CERAMICO CASTILLA;1;1;1;23333309;120926093424692;183220777;;;;11/23/2031 00:00:00;1;13937431;12/09/2026 09:34:24;Maximiliano;Nievas;24608780;11/09/2026 13:39:00;7807;Nicolas;Perez;Maximiliano Nievas;Nicolas Perez
14276333;12/09/2026 10:43:24;3;2;0001  215530-1;05;CAMIONETA MAR 3;2093262;"LP11    ";"SANITARIOS LA PRIMERA S.R.L.                      ";AV. MEDRANO 666;952786;"62-201NI       ";62-201NI - LAVATORIO DE PARED C.CERAM BEAT NICKEL;1;1;1;23333309;120926093424692;183218668;;;;11/02/2031 00:00:00;1;13937431;12/09/2026 09:34:24;Maximiliano;Nievas;24608780;11/09/2026 13:39:00;7807;Nicolas;Perez;Maximiliano Nievas;Nicolas Perez
14276333;12/09/2026 10:43:24;3;2;0001  215530-1;05;CAMIONETA MAR 3;2093262;"LP11    ";"SANITARIOS LA PRIMERA S.R.L.                      ";AV. MEDRANO 666;952874;"70-100G        ";70-100G - BIDE GOLD C.CERAM FABRIC;2;2;2;23333309;120926093424692;183236097;;;;07/29/2031 00:00:00;2;13937431;12/09/2026 09:34:24;Maximiliano;Nievas;24608780;11/09/2026 13:39:00;7807;Nicolas;Perez;Maximiliano Nievas;Nicolas Perez
14276333;12/09/2026 10:43:24;3;2;0001  215530-1;05;CAMIONETA MAR 3;2093262;"LP11    ";"SANITARIOS LA PRIMERA S.R.L.                      ";AV. MEDRANO 666;952875;"70-100N        ";70-100N - BIDE BLACK C.CERAM FABRIC;2;2;2;23333309;120926093424692;183236318;;;;07/29/2031 00:00:00;2;13937431;12/09/2026 09:34:24;Maximiliano;Nievas;24608780;11/09/2026 13:39:00;7807;Nicolas;Perez;Maximiliano Nievas;Nicolas Perez
14276333;12/09/2026 10:43:24;3;2;0001  215530-1;05;CAMIONETA MAR 3;2093262;"LP11    ";"SANITARIOS LA PRIMERA S.R.L.                      ";AV. MEDRANO 666;952909;"70-153         ";70-153 - BIDE CR C.CERAM CASTILLA;1;1;1;23333309;120926093424692;183220930;;;;10/20/2031 00:00:00;1;13937431;12/09/2026 09:34:24;Maximiliano;Nievas;24608780;11/09/2026 13:39:00;7807;Nicolas;Perez;Maximiliano Nievas;Nicolas Perez
14276333;12/09/2026 10:43:24;3;2;0001  215530-1;05;CAMIONETA MAR 3;2093262;"LP11    ";"SANITARIOS LA PRIMERA S.R.L.                      ";AV. MEDRANO 666;952953;"70-201NI       ";70-201NI - BIDE CR C.CERAM BEAT NICKEL;2;2;2;23333309;120926093424692;183218398;;;;07/29/2031 00:00:00;2;13937431;12/09/2026 09:34:24;Maximiliano;Nievas;24608780;11/09/2026 13:39:00;7807;Nicolas;Perez;Maximiliano Nievas;Nicolas Perez
14276333;12/09/2026 10:43:24;3;2;0001  215530-1;05;CAMIONETA MAR 3;2093262;"LP11    ";"SANITARIOS LA PRIMERA S.R.L.                      ";AV. MEDRANO 666;953090;"80-136         ";80-136 - DUCHA EMB. C/TRANSF. CR C.C. MARBELLA PLUS;2;2;2;23333309;120926093424692;183215773;;;;10/29/2031 00:00:00;2;13937431;12/09/2026 09:34:24;Maximiliano;Nievas;24608780;11/09/2026 13:39:00;7807;Nicolas;Perez;Maximiliano Nievas;Nicolas Perez
14276333;12/09/2026 10:43:24;3;2;0001  215530-1;05;CAMIONETA MAR 3;2093262;"LP11    ";"SANITARIOS LA PRIMERA S.R.L.                      ";AV. MEDRANO 666;953148;"80-199         ";80-199 - DUCHA EMB. C/TRANSF. CR C.CERAM LIVE;1;1;1;23333309;120926093424692;183218077;;;;11/04/2031 00:00:00;1;13937431;12/09/2026 09:34:24;Maximiliano;Nievas;24608780;11/09/2026 13:39:00;7807;Nicolas;Perez;Maximiliano Nievas;Nicolas Perez
14276333;12/09/2026 10:43:24;3;2;0001  215530-1;05;CAMIONETA MAR 3;2093262;"LP11    ";"SANITARIOS LA PRIMERA S.R.L.                      ";AV. MEDRANO 666;953152;"80-200C        ";80-200C - DUCHA EMB. MONOC. 3 FUNCIONES CR FABRIC;3;3;3;23333309;120926093424692;183238819;;;;12/14/2031 00:00:00;3;13937431;12/09/2026 09:34:24;Maximiliano;Nievas;24608780;11/09/2026 13:39:00;7807;Nicolas;Perez;Maximiliano Nievas;Nicolas Perez
14276333;12/09/2026 10:43:24;3;2;0001  215530-1;05;CAMIONETA MAR 3;2093262;"LP11    ";"SANITARIOS LA PRIMERA S.R.L.                      ";AV. MEDRANO 666;953171;"80-353NI       ";80-353NI - DUCHA DE EMB 3 FUNCIONES BEAT NICKEL;1;1;1;23333309;120926093424692;183219001;;;;01/11/2032 00:00:00;1;13937431;12/09/2026 09:34:24;Maximiliano;Nievas;24608780;11/09/2026 13:39:00;7807;Nicolas;Perez;Maximiliano Nievas;Nicolas Perez
14276333;12/09/2026 10:43:24;3;2;0001  215530-1;05;CAMIONETA MAR 3;2093262;"LP11    ";"SANITARIOS LA PRIMERA S.R.L.                      ";AV. MEDRANO 666;952709;"61-168N        ";61-168N - LAVATORIO MONOC ALTO BLACK WAVE;1;1;1;23334534;120926104324199;183232037;;;;07/28/2031 00:00:00;1;13938086;12/09/2026 10:43:24;Maximiliano;Nievas;24610034;11/09/2026 13:04:54;7152;Mirko;Hernandez;Maximiliano Nievas;Mirko Hernandez
14276333;12/09/2026 10:43:24;3;2;0001  215530-1;05;CAMIONETA MAR 3;2093262;"LP11    ";"SANITARIOS LA PRIMERA S.R.L.                      ";AV. MEDRANO 666;952708;"61-168         ";61-168 - LAVATORIO MONOC ALTO CR WAVE;1;1;1;23334534;120926104324199;183234097;;;;07/27/2031 00:00:00;1;13938086;12/09/2026 10:43:24;Maximiliano;Nievas;24610034;11/09/2026 13:04:54;7152;Mirko;Hernandez;Maximiliano Nievas;Mirko Hernandez
14276333;12/09/2026 10:43:24;3;2;0001  215530-1;05;CAMIONETA MAR 3;2093262;"LP11    ";"SANITARIOS LA PRIMERA S.R.L.                      ";AV. MEDRANO 666;952660;"60-192         ";60-192 - LAVATORIO BAJO SORIA BLACK;1;1;1;23334534;120926104324199;183229373;;;;07/27/2031 00:00:00;1;13938086;12/09/2026 10:43:24;Maximiliano;Nievas;24610034;11/09/2026 13:04:54;7152;Mirko;Hernandez;Maximiliano Nievas;Mirko Hernandez
14276333;12/09/2026 10:43:24;3;2;0001  215530-1;05;CAMIONETA MAR 3;2093262;"LP11    ";"SANITARIOS LA PRIMERA S.R.L.                      ";AV. MEDRANO 666;951565;"20-205         ";20-205 - MONOCOMANDO DE COCINA STEEL;2;2;2;23334534;120926104324199;183230557;;;;07/28/2031 00:00:00;2;13938086;12/09/2026 10:43:24;Maximiliano;Nievas;24610034;11/09/2026 13:04:54;7152;Mirko;Hernandez;Maximiliano Nievas;Mirko Hernandez
14276333;12/09/2026 10:43:24;3;2;0001  215530-1;05;CAMIONETA MAR 3;2093262;"LP11    ";"SANITARIOS LA PRIMERA S.R.L.                      ";AV. MEDRANO 666;951553;"20-184         ";"MONOCOMANDO DE COCINA CR SUV                                          ";10;10;10;23334534;120926104324199;183231887;;;;10/04/2031 00:00:00;10;13938086;12/09/2026 10:43:24;Maximiliano;Nievas;24610034;11/09/2026 13:04:54;7152;Mirko;Hernandez;Maximiliano Nievas;Mirko Hernandez
14276333;12/09/2026 10:43:24;3;2;0001  215530-1;05;CAMIONETA MAR 3;2093262;"LP11    ";"SANITARIOS LA PRIMERA S.R.L.                      ";AV. MEDRANO 666;951548;"20-179         ";20-179 - MONOCOMANDO DE COCINA LARA;10;10;10;23334534;120926104324199;183228158;;;;07/27/2031 00:00:00;10;13938086;12/09/2026 10:43:24;Maximiliano;Nievas;24610034;11/09/2026 13:04:54;7152;Mirko;Hernandez;Maximiliano Nievas;Mirko Hernandez
14276333;12/09/2026 10:43:24;3;2;0001  215530-1;05;CAMIONETA MAR 3;2093262;"LP11    ";"SANITARIOS LA PRIMERA S.R.L.                      ";AV. MEDRANO 666;951536;"20-162         ";20-162 - MONOCOMANDO COCINA ADRA;10;10;10;23334534;120926104324199;183226444;;;;07/28/2031 00:00:00;10;13938086;12/09/2026 10:43:24;Maximiliano;Nievas;24610034;11/09/2026 13:04:54;7152;Mirko;Hernandez;Maximiliano Nievas;Mirko Hernandez
14276333;12/09/2026 10:43:24;3;2;0001  215530-1;05;CAMIONETA MAR 3;2093262;"LP11    ";"SANITARIOS LA PRIMERA S.R.L.                      ";AV. MEDRANO 666;951530;"20-146         ";20-146 - MONOCOMANDO DE COCINA CR LINEA MOVE;6;6;6;23334534;120926104324199;183226073;;;;10/09/2031 00:00:00;6;13938086;12/09/2026 10:43:24;Maximiliano;Nievas;24610034;11/09/2026 13:04:54;7152;Mirko;Hernandez;Maximiliano Nievas;Mirko Hernandez
14276333;12/09/2026 10:43:24;3;2;0001  215530-1;05;CAMIONETA MAR 3;2093262;"LP11    ";"SANITARIOS LA PRIMERA S.R.L.                      ";AV. MEDRANO 666;951324;"19006          ";19006 - SET DE 6 PIEZAS LINEA 19000;4;4;4;23334534;120926104324199;183228977;;;;07/28/2031 00:00:00;4;13938086;12/09/2026 10:43:24;Maximiliano;Nievas;24610034;11/09/2026 13:04:54;7152;Mirko;Hernandez;Maximiliano Nievas;Mirko Hernandez
14276333;12/09/2026 10:43:24;3;2;0001  215530-1;05;CAMIONETA MAR 3;2093262;"LP11    ";"SANITARIOS LA PRIMERA S.R.L.                      ";AV. MEDRANO 666;951301;"17030N         ";17030N - PERCHA LINEA FABRIC BLACK;3;3;3;23334534;120926104324199;183227660;;;;07/28/2031 00:00:00;3;13938086;12/09/2026 10:43:24;Maximiliano;Nievas;24610034;11/09/2026 13:04:54;7152;Mirko;Hernandez;Maximiliano Nievas;Mirko Hernandez
14276333;12/09/2026 10:43:24;3;2;0001  215530-1;05;CAMIONETA MAR 3;2093262;"LP11    ";"SANITARIOS LA PRIMERA S.R.L.                      ";AV. MEDRANO 666;951300;"17030G         ";17030G - PERCHA LINEA FABRIC GOLD;3;3;3;23334534;120926104324199;183227085;;;;07/29/2031 00:00:00;3;13938086;12/09/2026 10:43:24;Maximiliano;Nievas;24610034;11/09/2026 13:04:54;7152;Mirko;Hernandez;Maximiliano Nievas;Mirko Hernandez
14276333;12/09/2026 10:43:24;3;2;0001  215530-1;05;CAMIONETA MAR 3;2093262;"LP11    ";"SANITARIOS LA PRIMERA S.R.L.                      ";AV. MEDRANO 666;1007844;"20-122S        ";"MONOCOMANDO COCINA INOX C/PICO EXTRAIBLE VALENCIA                     ";18;18;18;23334534;120926104324199;183225309;;;;01/06/2032 00:00:00;18;13938086;12/09/2026 10:43:24;Maximiliano;Nievas;24610034;11/09/2026 13:04:54;7152;Mirko;Hernandez;Maximiliano Nievas;Mirko Hernandez
14276333;12/09/2026 10:43:24;3;2;0001  215530-1;05;CAMIONETA MAR 3;2093262;"LP11    ";"SANITARIOS LA PRIMERA S.R.L.                      ";AV. MEDRANO 666;952955;"70-203N        ";"BIDE MONOCOMANDO ADRA BLACK                                           ";3;3;3;23334534;120926104324199;183232442;;;;07/27/2031 00:00:00;3;13938086;12/09/2026 10:43:24;Maximiliano;Nievas;24610034;11/09/2026 13:04:54;7152;Mirko;Hernandez;Maximiliano Nievas;Mirko Hernandez
14276333;12/09/2026 10:43:24;3;2;0001  215530-1;05;CAMIONETA MAR 3;2093262;"LP11    ";"SANITARIOS LA PRIMERA S.R.L.                      ";AV. MEDRANO 666;953123;"80-176N        ";80-176N - DUCHA EMB C/TRANSF MONOC BLACK RIO;3;3;3;23334534;120926104324199;183229932;;;;07/27/2031 00:00:00;3;13938086;12/09/2026 10:43:24;Maximiliano;Nievas;24610034;11/09/2026 13:04:54;7152;Mirko;Hernandez;Maximiliano Nievas;Mirko Hernandez
14276333;12/09/2026 10:43:24;3;2;0001  215530-1;05;CAMIONETA MAR 3;2093262;"LP11    ";"SANITARIOS LA PRIMERA S.R.L.                      ";AV. MEDRANO 666;953158;"80-203N        ";"DUCHA EMB C/TRANSF. MONOCOMANDO ADRA BLACK PLUS                       ";4;4;4;23334534;120926104324199;183233792;;;;07/28/2031 00:00:00;4;13938086;12/09/2026 10:43:24;Maximiliano;Nievas;24610034;11/09/2026 13:04:54;7152;Mirko;Hernandez;Maximiliano Nievas;Mirko Hernandez
14276333;12/09/2026 10:43:24;3;2;0001  215530-1;05;CAMIONETA MAR 3;2093262;"LP11    ";"SANITARIOS LA PRIMERA S.R.L.                      ";AV. MEDRANO 666;953161;"80-205         ";80-205 - DUCHA EMB. C/TRANSF. MONOC STEEL;2;2;2;23334534;120926104324199;183230702;;;;08/11/2031 00:00:00;2;13938086;12/09/2026 10:43:24;Maximiliano;Nievas;24610034;11/09/2026 13:04:54;7152;Mirko;Hernandez;Maximiliano Nievas;Mirko Hernandez
14276333;12/09/2026 10:43:24;3;2;0001  215530-1;05;CAMIONETA MAR 3;2093262;"LP11    ";"SANITARIOS LA PRIMERA S.R.L.                      ";AV. MEDRANO 666;953320;"83-203         ";83-203 - DUCHA EXT C/TRANSF. MONOCOMANDO ADRA;3;3;3;23334534;120926104324199;183226780;;;;07/29/2031 00:00:00;3;13938086;12/09/2026 10:43:24;Maximiliano;Nievas;24610034;11/09/2026 13:04:54;7152;Mirko;Hernandez;Maximiliano Nievas;Mirko Hernandez
14276333;12/09/2026 10:43:24;3;2;0001  215530-1;05;CAMIONETA MAR 3;2093262;"LP11    ";"SANITARIOS LA PRIMERA S.R.L.                      ";AV. MEDRANO 666;953331;"84-190         ";84-190 - DUCHA EXTERIOR CON COLUMNA BLACK VELVET;1;1;1;23334534;120926104324199;183233998;;;;10/06/2031 00:00:00;1;13938086;12/09/2026 10:43:24;Maximiliano;Nievas;24610034;11/09/2026 13:04:54;7152;Mirko;Hernandez;Maximiliano Nievas;Mirko Hernandez
14276333;12/09/2026 10:43:24;3;2;0001  215530-1;05;CAMIONETA MAR 3;2093262;"LP11    ";"SANITARIOS LA PRIMERA S.R.L.                      ";AV. MEDRANO 666;951116;"12006          ";"SET DE 6 PIEZAS LINEA 12000                                           ";10;10;10;23334534;120926104324199;183224088;;;;07/30/2031 00:00:00;10;13938086;12/09/2026 10:43:24;Maximiliano;Nievas;24610034;11/09/2026 13:04:54;7152;Mirko;Hernandez;Maximiliano Nievas;Mirko Hernandez
14276333;12/09/2026 10:43:24;3;2;0001  215530-1;05;CAMIONETA MAR 3;2093262;"LP11    ";"SANITARIOS LA PRIMERA S.R.L.                      ";AV. MEDRANO 666;953967;"A1250          ";A1250 - COLUMNA DE DUCHA CROMO;2;2;2;23334534;120926104324199;183232266;;;;07/27/2031 00:00:00;2;13938086;12/09/2026 10:43:24;Maximiliano;Nievas;24610034;11/09/2026 13:04:54;7152;Mirko;Hernandez;Maximiliano Nievas;Mirko Hernandez
14276333;12/09/2026 10:43:24;3;2;0001  215530-1;05;CAMIONETA MAR 3;2093262;"LP11    ";"SANITARIOS LA PRIMERA S.R.L.                      ";AV. MEDRANO 666;953334;"84-203         ";"DUCHA EXT C/COLUMNA Y TRANSF CR ADRA                                  ";2;2;2;23334534;120926104324199;183231041;;;;12/02/2031 00:00:00;2;13938086;12/09/2026 10:43:24;Maximiliano;Nievas;24610034;11/09/2026 13:04:54;7152;Mirko;Hernandez;Maximiliano Nievas;Mirko Hernandez
14276334;12/09/2026 09:26:15;3;2;0001  215533-1;05;CAMIONETA MAR 3;2093262;"LP11    ";"SANITARIOS LA PRIMERA S.R.L.                      ";AV. MEDRANO 666;952677;"60-203         ";60-203 - LAVATORIO MONOCOMANDO BAJO ADRA;2;2;2;23333310;120926092605799;183221246;;;;02/16/2032 00:00:00;2;13937329;12/09/2026 09:26:05;Maximiliano;Nievas;24608780;11/09/2026 13:39:00;7807;Nicolas;Perez;Maximiliano Nievas;Nicolas Perez
14276334;12/09/2026 09:26:15;3;2;0001  215533-1;05;CAMIONETA MAR 3;2093262;"LP11    ";"SANITARIOS LA PRIMERA S.R.L.                      ";AV. MEDRANO 666;954915;"BCH13          ";BCH13 - BACHA DE APOYAR BLANCA RECTANGULAR 465x260x125;2;2;2;23334281;120926083824356;183222073;;;;07/27/2031 00:00:00;2;13936727;12/09/2026 08:38:24;Gustavo;Soderquvist;24609510;11/09/2026 12:24:19;6867;Javier;Lescano;Gustavo Soderquvist;Javier Lescano
14276335;11/09/2026 14:32:08;3;2;0001  214358-6;05;CAMIONETA MAR 3;2094319;"SA60    ";"SANTAGAL S.R.L.                                   ";CHILE 2375;954946;"BID104-1       ";"BIDE 1 AGUJERO BLANCO LINEA STONE                                     ";5;5;5;23334636;110926143208231;183234551;;;;10/26/2031 00:00:00;5;13928346;11/09/2026 14:32:08;Maximiliano;Nievas;24610113;11/09/2026 13:48:42;7827;Javier;Machado;Maximiliano Nievas;Javier Machado
14276335;11/09/2026 14:32:08;3;2;0001  214358-6;05;CAMIONETA MAR 3;2094319;"SA60    ";"SANTAGAL S.R.L.                                   ";CHILE 2375;956411;"INO102-1       ";"INODORO BLANCO C/ASIENTO LINEA LOFT                                   ";6;6;6;23334636;110926143208231;183229938;;;;02/24/2032 00:00:00;6;13928346;11/09/2026 14:32:08;Maximiliano;Nievas;24610113;11/09/2026 13:48:42;7827;Javier;Machado;Maximiliano Nievas;Javier Machado
14276335;11/09/2026 14:32:08;3;2;0001  214358-6;05;CAMIONETA MAR 3;2094319;"SA60    ";"SANTAGAL S.R.L.                                   ";CHILE 2375;956412;"INO102-2       ";"DEPOSITO C/DESCARGA DUAL BLANCO LINEA LOFT                            ";6;6;6;23334636;110926143208231;183231021;;;;02/24/2032 00:00:00;6;13928346;11/09/2026 14:32:08;Maximiliano;Nievas;24610113;11/09/2026 13:48:42;7827;Javier;Machado;Maximiliano Nievas;Javier Machado
14276335;11/09/2026 14:32:08;3;2;0001  214358-6;05;CAMIONETA MAR 3;2094319;"SA60    ";"SANTAGAL S.R.L.                                   ";CHILE 2375;956415;"INO104-1       ";"INODORO BLANCO C/ASIENTO LINEA STONE                                  ";20;20;20;23334636;110926143208231;183225143;;;;01/20/2032 00:00:00;20;13928346;11/09/2026 14:32:08;Maximiliano;Nievas;24610113;11/09/2026 13:48:42;7827;Javier;Machado;Maximiliano Nievas;Javier Machado
14276336;12/09/2026 08:56:56;3;2;0008    2696-4;05;CAMIONETA MAR 3;2094319;"SA60    ";"SANTAGAL S.R.L.                                   ";AV. INDEPENDENCIA 2218;957094;"PDU101         ";"PISO DUCHA RESINA POLIESTER BLANCA 900x700x25                         ";4;4;4;23333255;120926085653371;183217701;;;;03/01/2032 00:00:00;4;13936977;12/09/2026 08:56:53;Agustin;Scirica;24608752;11/09/2026 12:13:10;6867;Javier;Lescano;Agustin Scirica;Javier Lescano
14276336;12/09/2026 08:56:56;3;2;0008    2696-4;05;CAMIONETA MAR 3;2094319;"SA60    ";"SANTAGAL S.R.L.                                   ";AV. INDEPENDENCIA 2218;957096;"PDU102         ";"PISO DUCHA RESINA POLIESTER BLANCA 1200x700x25                        ";6;6;6;23333255;120926085653371;183217320;;;;03/01/2032 00:00:00;6;13936977;12/09/2026 08:56:53;Agustin;Scirica;24608752;11/09/2026 12:13:10;6867;Javier;Lescano;Agustin Scirica;Javier Lescano
14276337;12/09/2026 07:11:10;3;2;0008    2744-3;05;CAMIONETA MAR 3;2094319;"SA60    ";"SANTAGAL S.R.L.                                   ";AV. INDEPENDENCIA 2218;957094;"PDU101         ";"PISO DUCHA RESINA POLIESTER BLANCA 900x700x25                         ";6;6;6;23331901;120926071109152;183208566;;;;03/01/2032 00:00:00;6;13935895;12/09/2026 07:11:09;Agustin;Scirica;24607377;11/09/2026 11:59:04;6867;Javier;Lescano;Agustin Scirica;Javier Lescano
14276337;12/09/2026 07:11:10;3;2;0008    2744-3;05;CAMIONETA MAR 3;2094319;"SA60    ";"SANTAGAL S.R.L.                                   ";AV. INDEPENDENCIA 2218;957096;"PDU102         ";"PISO DUCHA RESINA POLIESTER BLANCA 1200x700x25                        ";6;6;6;23331901;120926071109152;183207463;;;;03/01/2032 00:00:00;6;13935895;12/09/2026 07:11:09;Agustin;Scirica;24607377;11/09/2026 11:59:04;6867;Javier;Lescano;Agustin Scirica;Javier Lescano
14276338;12/09/2026 08:58:00;3;2;0008    2851-2;05;CAMIONETA MAR 3;2094319;"SA60    ";"SANTAGAL S.R.L.                                   ";AV. INDEPENDENCIA 2218;957094;"PDU101         ";"PISO DUCHA RESINA POLIESTER BLANCA 900x700x25                         ";6;6;6;23332399;120926085758497;183211440;;;;03/01/2032 00:00:00;6;13936994;12/09/2026 08:57:58;Agustin;Scirica;24607922;11/09/2026 12:04:47;7636;Kevin;Arce;Agustin Scirica;Kevin Arce
14276338;12/09/2026 08:58:00;3;2;0008    2851-2;05;CAMIONETA MAR 3;2094319;"SA60    ";"SANTAGAL S.R.L.                                   ";AV. INDEPENDENCIA 2218;957096;"PDU102         ";"PISO DUCHA RESINA POLIESTER BLANCA 1200x700x25                        ";6;6;6;23332399;120926085758497;183214398;;;;03/01/2032 00:00:00;6;13936994;12/09/2026 08:57:58;Agustin;Scirica;24607922;11/09/2026 12:04:47;7636;Kevin;Arce;Agustin Scirica;Kevin Arce
14277086;11/09/2026 13:06:18;3;2;0001  215412-1;14;RETIRA;2094948;"VH03    ";"VALDEZ HUGO A -DEL SUR MATERIALES                 ";AV. BELGRANO 1002;951996;"309            ";"309 - BIDE CROMO ""LAZA""";14;14;14;23329217;110926130618394;183193807;;;;01/11/2032 00:00:00;14;13926462;11/09/2026 13:06:18;Maximiliano;Nievas;24604486;11/09/2026 11:20:11;7807;Nicolas;Perez;Maximiliano Nievas;Nicolas Perez
14277087;11/09/2026 11:50:24;3;2;0001  215400-1;14;RETIRA;2093681;"NH01    ";"NICUESA E HIJOS S.R.L. -SANIT. NICUESA E HIJOS    ";ITALIA 1562;951485;"20-100G        ";20-100G - MONOCOMANDO DE COCINA FABRIC GOLD;1;1;1;23328667;110926115023965;183183724;;;;07/28/2031 00:00:00;1;13924419;11/09/2026 11:50:23;Maximiliano;Nievas;24604001;11/09/2026 10:55:52;6406;Lucas;Vega;Maximiliano Nievas;Lucas Vega
14277088;11/09/2026 13:11:38;3;2;0008    2871-3;14;RETIRA;2092690;"GG21    ";"GUIBAUDO GUSTAVO F.-FERRETERIA GUIBAUDO           ";AV. CONSTITUYENTES 830;951611;"21-160         ";"MONOCOMANDO DUO COCINA CROMO DIQUE                                    ";2;2;2;23329977;110926130216186;183193008;;;;12/14/2031 00:00:00;2;13926358;11/09/2026 13:02:16;Maximiliano;Nievas;24605341;11/09/2026 11:08:03;7636;Kevin;Arce;Maximiliano Nievas;Kevin Arce
14277088;11/09/2026 13:11:38;3;2;0008    2871-3;14;RETIRA;2092690;"GG21    ";"GUIBAUDO GUSTAVO F.-FERRETERIA GUIBAUDO           ";AV. CONSTITUYENTES 830;956411;"INO102-1       ";"INODORO BLANCO C/ASIENTO LINEA LOFT                                   ";10;10;10;23330395;110926131137975;183197750;;;;02/24/2032 00:00:00;10;13926575;11/09/2026 13:11:37;Gustavo;Soderquvist;24605724;11/09/2026 11:22:26;7636;Kevin;Arce;Gustavo Soderquvist;Kevin Arce
14277089;11/09/2026 13:00:38;3;2;0001  215512-1;14;RETIRA;2091298;"BG15    ";"BULFON GUILLERMO JESUS - SANIT. MATISA -          ";LUIS MARIA CAMPOS 515;953071;"80-100G        ";80-100G - DUCHA EMB. C/TRANSF. GOLD C.CERAM FABRIC;1;1;1;23329661;110926130038651;183189125;;;;12/03/2031 00:00:00;1;13926250;11/09/2026 13:00:38;Maximiliano;Nievas;24605016;11/09/2026 11:00:50;6406;Lucas;Vega;Maximiliano Nievas;Lucas Vega
14277089;11/09/2026 13:00:38;3;2;0001  215512-1;14;RETIRA;2091298;"BG15    ";"BULFON GUILLERMO JESUS - SANIT. MATISA -          ";LUIS MARIA CAMPOS 515;952874;"70-100G        ";70-100G - BIDE GOLD C.CERAM FABRIC;1;1;1;23329661;110926130038651;183189264;;;;07/29/2031 00:00:00;1;13926250;11/09/2026 13:00:38;Maximiliano;Nievas;24605016;11/09/2026 11:00:50;6406;Lucas;Vega;Maximiliano Nievas;Lucas Vega
14277089;11/09/2026 13:00:38;3;2;0001  215512-1;14;RETIRA;2091298;"BG15    ";"BULFON GUILLERMO JESUS - SANIT. MATISA -          ";LUIS MARIA CAMPOS 515;952740;"62-100G        ";62-100G - LAVATORIO DE PARED GOLD C.CERAM FABRIC;1;1;1;23329661;110926130038651;183189159;;;;12/20/2031 00:00:00;1;13926250;11/09/2026 13:00:38;Maximiliano;Nievas;24605016;11/09/2026 11:00:50;6406;Lucas;Vega;Maximiliano Nievas;Lucas Vega
14277090;11/09/2026 13:05:03;3;2;0001  215521-2;14;RETIRA;2093656;"NA09    ";"NAVARRO ACHE S.A.                                 ";PANAMERICANA KM 47 COLECTORA ESTE RAMAL ESCOBAR 2390;951300;"17030G         ";17030G - PERCHA LINEA FABRIC GOLD;4;4;4;23328668;110926125041269;183187186;;;;07/29/2031 00:00:00;4;13925990;11/09/2026 12:50:41;Maximiliano;Nievas;24604001;11/09/2026 10:55:52;6406;Lucas;Vega;Maximiliano Nievas;Lucas Vega
14277090;11/09/2026 13:05:03;3;2;0001  215521-2;14;RETIRA;2093656;"NA09    ";"NAVARRO ACHE S.A.                                 ";PANAMERICANA KM 47 COLECTORA ESTE RAMAL ESCOBAR 2390;951303;"17040G         ";17040G - PORTA ROLLO LINEA FABRIC GOLD;1;1;1;23328668;110926125041269;183186134;;;;07/28/2031 00:00:00;1;13925990;11/09/2026 12:50:41;Maximiliano;Nievas;24604001;11/09/2026 10:55:52;6406;Lucas;Vega;Maximiliano Nievas;Lucas Vega
14277090;11/09/2026 13:05:03;3;2;0001  215521-2;14;RETIRA;2093656;"NA09    ";"NAVARRO ACHE S.A.                                 ";PANAMERICANA KM 47 COLECTORA ESTE RAMAL ESCOBAR 2390;951294;"17010G         ";17010G - TOALLERO BARRAL LINEA FABRIC GOLD;2;2;2;23328668;110926125041269;183185228;;;;07/27/2031 00:00:00;2;13925990;11/09/2026 12:50:41;Maximiliano;Nievas;24604001;11/09/2026 10:55:52;6406;Lucas;Vega;Maximiliano Nievas;Lucas Vega
14277090;11/09/2026 13:05:03;3;2;0001  215521-2;14;RETIRA;2093656;"NA09    ";"NAVARRO ACHE S.A.                                 ";PANAMERICANA KM 47 COLECTORA ESTE RAMAL ESCOBAR 2390;952676;"60-201NI       ";60-201NI - LAVATORIO C.CERAM BEAT NICKEL;4;4;4;23329218;110926130503194;183188578;;;;08/20/2031 00:00:00;4;13926403;11/09/2026 13:05:03;Maximiliano;Nievas;24604486;11/09/2026 11:20:11;7807;Nicolas;Perez;Maximiliano Nievas;Nicolas Perez
14277090;11/09/2026 13:05:03;3;2;0001  215521-2;14;RETIRA;2093656;"NA09    ";"NAVARRO ACHE S.A.                                 ";PANAMERICANA KM 47 COLECTORA ESTE RAMAL ESCOBAR 2390;953156;"80-201NI       ";80-201NI - DUCHA EMB C/TRANSF C.CERAM BEAT NICKEL;4;4;4;23329218;110926130503194;183187000;;;;11/10/2031 00:00:00;4;13926403;11/09/2026 13:05:03;Maximiliano;Nievas;24604486;11/09/2026 11:20:11;7807;Nicolas;Perez;Maximiliano Nievas;Nicolas Perez
14277090;11/09/2026 13:05:03;3;2;0001  215521-2;14;RETIRA;2093656;"NA09    ";"NAVARRO ACHE S.A.                                 ";PANAMERICANA KM 47 COLECTORA ESTE RAMAL ESCOBAR 2390;952953;"70-201NI       ";70-201NI - BIDE CR C.CERAM BEAT NICKEL;4;4;4;23329218;110926130503194;183187829;;;;07/29/2031 00:00:00;4;13926403;11/09/2026 13:05:03;Maximiliano;Nievas;24604486;11/09/2026 11:20:11;7807;Nicolas;Perez;Maximiliano Nievas;Nicolas Perez
14277090;11/09/2026 13:05:03;3;2;0001  215521-2;14;RETIRA;2093656;"NA09    ";"NAVARRO ACHE S.A.                                 ";PANAMERICANA KM 47 COLECTORA ESTE RAMAL ESCOBAR 2390;953071;"80-100G        ";80-100G - DUCHA EMB. C/TRANSF. GOLD C.CERAM FABRIC;1;1;1;23329218;110926130503194;183194911;;;;12/03/2031 00:00:00;1;13926403;11/09/2026 13:05:03;Maximiliano;Nievas;24604486;11/09/2026 11:20:11;7807;Nicolas;Perez;Maximiliano Nievas;Nicolas Perez
14277091;11/09/2026 13:03:27;3;2;0001  215526-1;14;RETIRA;2092963;"IM05    ";"IMEPHO S.A.                                       ";INDEPENDENCIA 3692;951485;"20-100G        ";20-100G - MONOCOMANDO DE COCINA FABRIC GOLD;2;2;2;23328669;110926122242200;183184363;;;;07/28/2031 00:00:00;2;13925307;11/09/2026 12:22:42;Lucas;Vega;24604001;11/09/2026 10:55:52;6406;Lucas;Vega;Lucas Vega;Lucas Vega
14277091;11/09/2026 13:03:27;3;2;0001  215526-1;14;RETIRA;2092963;"IM05    ";"IMEPHO S.A.                                       ";INDEPENDENCIA 3692;952740;"62-100G        ";62-100G - LAVATORIO DE PARED GOLD C.CERAM FABRIC;4;4;4;23329219;110926130327169;183194661;;;;12/20/2031 00:00:00;4;13926376;11/09/2026 13:03:27;Maximiliano;Nievas;24604486;11/09/2026 11:20:11;7807;Nicolas;Perez;Maximiliano Nievas;Nicolas Perez
14277091;11/09/2026 13:03:27;3;2;0001  215526-1;14;RETIRA;2092963;"IM05    ";"IMEPHO S.A.                                       ";INDEPENDENCIA 3692;952874;"70-100G        ";70-100G - BIDE GOLD C.CERAM FABRIC;2;2;2;23329219;110926130327169;183194234;;;;07/29/2031 00:00:00;2;13926376;11/09/2026 13:03:27;Maximiliano;Nievas;24604486;11/09/2026 11:20:11;7807;Nicolas;Perez;Maximiliano Nievas;Nicolas Perez
14277092;11/09/2026 13:55:20;3;2;0001  215544-1;14;RETIRA;2184572;"PM25    ";"PARDO MATERIALES SA                               ";ACCESO GUEMES 469;953161;"80-205         ";80-205 - DUCHA EMB. C/TRANSF. MONOC STEEL;1;1;1;23328670;110926124100623;183184805;;;;08/11/2031 00:00:00;1;13925580;11/09/2026 12:41:00;Lucas;Vega;24604001;11/09/2026 10:55:52;6406;Lucas;Vega;Lucas Vega;Lucas Vega
14277092;11/09/2026 13:55:20;3;2;0001  215544-1;14;RETIRA;2184572;"PM25    ";"PARDO MATERIALES SA                               ";ACCESO GUEMES 469;951318;"18040          ";18040 - PORTA ROLLO NIQUEL LINEA BEAT;1;1;1;23328670;110926124100623;183183081;;;;07/28/2031 00:00:00;1;13925580;11/09/2026 12:41:00;Lucas;Vega;24604001;11/09/2026 10:55:52;6406;Lucas;Vega;Lucas Vega;Lucas Vega
14277092;11/09/2026 13:55:20;3;2;0001  215544-1;14;RETIRA;2184572;"PM25    ";"PARDO MATERIALES SA                               ";ACCESO GUEMES 469;952740;"62-100G        ";62-100G - LAVATORIO DE PARED GOLD C.CERAM FABRIC;1;1;1;23329220;110926130915834;183195062;;;;12/20/2031 00:00:00;1;13926521;11/09/2026 13:09:15;Maximiliano;Nievas;24604486;11/09/2026 11:20:11;7807;Nicolas;Perez;Maximiliano Nievas;Nicolas Perez
14277092;11/09/2026 13:55:20;3;2;0001  215544-1;14;RETIRA;2184572;"PM25    ";"PARDO MATERIALES SA                               ";ACCESO GUEMES 469;952786;"62-201NI       ";62-201NI - LAVATORIO DE PARED C.CERAM BEAT NICKEL;2;2;2;23329220;110926130915834;183192442;;;;11/02/2031 00:00:00;2;13926521;11/09/2026 13:09:15;Maximiliano;Nievas;24604486;11/09/2026 11:20:11;7807;Nicolas;Perez;Maximiliano Nievas;Nicolas Perez
14277092;11/09/2026 13:55:20;3;2;0001  215544-1;14;RETIRA;2184572;"PM25    ";"PARDO MATERIALES SA                               ";ACCESO GUEMES 469;952953;"70-201NI       ";70-201NI - BIDE CR C.CERAM BEAT NICKEL;1;1;1;23329220;110926130915834;183188866;;;;07/29/2031 00:00:00;1;13926521;11/09/2026 13:09:15;Maximiliano;Nievas;24604486;11/09/2026 11:20:11;7807;Nicolas;Perez;Maximiliano Nievas;Nicolas Perez
14277092;11/09/2026 13:55:20;3;2;0001  215544-1;14;RETIRA;2184572;"PM25    ";"PARDO MATERIALES SA                               ";ACCESO GUEMES 469;953153;"80-200G        ";80-200G - DUCHA EMB. MONOC. 3 FUNCIONES GOLD FABRIC;1;1;1;23329220;110926130915834;183196755;;;;12/03/2031 00:00:00;1;13926521;11/09/2026 13:09:15;Maximiliano;Nievas;24604486;11/09/2026 11:20:11;7807;Nicolas;Perez;Maximiliano Nievas;Nicolas Perez
14277092;11/09/2026 13:55:20;3;2;0001  215544-1;14;RETIRA;2184572;"PM25    ";"PARDO MATERIALES SA                               ";ACCESO GUEMES 469;954912;"BCH11BM        ";BCH11BM - BACHA DE APOYAR REDONDA BLANCO MATE 400x400x125;2;2;2;23330065;110926135519609;183196025;;;;08/17/2031 00:00:00;2;13927911;11/09/2026 13:55:19;Maximiliano;Nievas;24605398;11/09/2026 11:13:59;6867;Javier;Lescano;Maximiliano Nievas;Javier Lescano
14277092;11/09/2026 13:55:20;3;2;0001  215544-1;14;RETIRA;2184572;"PM25    ";"PARDO MATERIALES SA                               ";ACCESO GUEMES 469;951312;"18010          ";18010 - TOALLERO BARRAL NIQUEL LINEA BEAT;1;1;1;23334741;110926123258830;183182969;;;;07/29/2031 00:00:00;1;13925589;11/09/2026 12:32:58;Lucas;Vega;;;;;;Lucas Vega;
14277092;11/09/2026 13:55:20;3;2;0001  215544-1;14;RETIRA;2184572;"PM25    ";"PARDO MATERIALES SA                               ";ACCESO GUEMES 469;951383;"20010G         ";20010G - TOALLERO BARRAL GOLD LINEA PULSE;1;1;1;23334741;110926123258830;183185560;;;;07/27/2031 00:00:00;1;13925589;11/09/2026 12:32:58;Lucas;Vega;;;;;;Lucas Vega;
14277093;11/09/2026 14:33:39;3;2;0001  212437-4;14;RETIRA;2092572;"FS09    ";"FANTINI SERGIO DANIEL - DIST.GUALEGUAY            ";B. ROLDAN 2183;957096;"PDU102         ";"PISO DUCHA RESINA POLIESTER BLANCA 1200x700x25                        ";1;1;1;23330066;110926143338851;183193968;;;;03/01/2032 00:00:00;1;13929128;11/09/2026 14:33:38;Lucas;Vega;24605398;11/09/2026 11:13:59;6867;Javier;Lescano;Lucas Vega;Javier Lescano
14277111;11/09/2026 14:44:20;3;2;4444    2479-1;10;URGENTES;2109166;"CLIEVEN ";"CLIENTE EVENTUAL                                  ";RIVADAVIA 3428;951135;"13030          ";"PERCHA LINEA 13000                                                    ";1;1;1;23339001;110926144419458;183257532;;;;07/31/2031 00:00:00;1;13929467;11/09/2026 14:44:19;Lucas;Vega;24614486;11/09/2026 14:05:48;6867;Javier;Lescano;Lucas Vega;Javier Lescano
14277112;12/09/2026 07:58:15;3;2;9999      96-1;10;URGENTES;2094039;"QU01    ";"QUEIJA S.A                                        ";HERRERA 725;954885;"BAI01NI        ";BAI01NI - BACHA EMB COCINA C/ACCESORIOS 750x450x220 NICKEL BRUSHED;1;1;1;23336581;120926075738463;183239229;;;;09/28/2031 00:00:00;1;13936275;12/09/2026 07:57:38;Ivan;Goyena;24612205;11/09/2026 13:19:51;7152;Mirko;Hernandez;Ivan Goyena;Mirko Hernandez
14277112;12/09/2026 07:58:15;3;2;9999      96-1;10;URGENTES;2094039;"QU01    ";"QUEIJA S.A                                        ";HERRERA 725;951653;"22-178         ";22-178 - MONOCOMANDO DE COCINA P/AGUA FILTRADA VITA;1;1;1;23339260;120926075813844;183259343;;;;12/23/2031 00:00:00;1;13936279;12/09/2026 07:58:13;Ivan;Goyena;24614774;11/09/2026 14:08:40;7827;Javier;Machado;Ivan Goyena;Javier Machado
14278382;12/09/2026 07:28:37;3;2;TR 0000  126049;01;CARPINTERIA;2090863;DEP_108;EXIBICION MONTES DE OCA;.;951398;"20020GR        ";20020GR - TOALLERO DE ARO GRAFITO LINEA PULSE;1;1;1;23337919;120926072137719;183358129;;;;07/29/2031 00:00:00;1;13935820;12/09/2026 07:21:37;Ivan;Goyena;24613441;12/09/2026 06:52:10;7636;Kevin;Arce;Ivan Goyena;Kevin Arce
14278382;12/09/2026 07:28:37;3;2;TR 0000  126049;01;CARPINTERIA;2090863;DEP_108;EXIBICION MONTES DE OCA;.;951396;"20020DG        ";20020DG - TOALLERO DE ARO DARK GOLD LINEA PULSE;1;1;1;23337919;120926072137719;183250979;;;;07/27/2031 00:00:00;1;13935820;12/09/2026 07:21:37;Ivan;Goyena;24613441;12/09/2026 06:52:10;7636;Kevin;Arce;Ivan Goyena;Kevin Arce
14278382;12/09/2026 07:28:37;3;2;TR 0000  126049;01;CARPINTERIA;2090863;DEP_108;EXIBICION MONTES DE OCA;.;951384;"20010GR        ";20010GR - TOALLERO BARRAL GRAFITO LINEA PULSE  ;1;1;1;23337919;120926072137719;183358775;;;;07/27/2031 00:00:00;1;13935820;12/09/2026 07:21:37;Ivan;Goyena;24613441;12/09/2026 06:52:10;7636;Kevin;Arce;Ivan Goyena;Kevin Arce
14278382;12/09/2026 07:28:37;3;2;TR 0000  126049;01;CARPINTERIA;2090863;DEP_108;EXIBICION MONTES DE OCA;.;950892;"01-010         ";"VALVULA P/MINGITORIO TEMPORIZADA TECNO                                ";1;1;1;23337919;120926072137719;183251468;;;;07/28/2031 00:00:00;1;13935820;12/09/2026 07:21:37;Ivan;Goyena;24613441;12/09/2026 06:52:10;7636;Kevin;Arce;Ivan Goyena;Kevin Arce
14278382;12/09/2026 07:28:37;3;2;TR 0000  126049;01;CARPINTERIA;2090863;DEP_108;EXIBICION MONTES DE OCA;.;950906;"04-010         ";"LAVATORIO DE PARED TEMPORIZADO TECNO                                  ";1;1;1;23337919;120926072137719;183251394;;;;07/31/2031 00:00:00;1;13935820;12/09/2026 07:21:37;Ivan;Goyena;24613441;12/09/2026 06:52:10;7636;Kevin;Arce;Ivan Goyena;Kevin Arce
14278382;12/09/2026 07:28:37;3;2;TR 0000  126049;01;CARPINTERIA;2090863;DEP_108;EXIBICION MONTES DE OCA;.;950903;"03-010         ";"LAVATORIO ALTO TEMPORIZADO TECNO                                      ";1;1;1;23337919;120926072137719;183251888;;;;09/16/2031 00:00:00;1;13935820;12/09/2026 07:21:37;Ivan;Goyena;24613441;12/09/2026 06:52:10;7636;Kevin;Arce;Ivan Goyena;Kevin Arce
14278382;12/09/2026 07:28:37;3;2;TR 0000  126049;01;CARPINTERIA;2090863;DEP_108;EXIBICION MONTES DE OCA;.;951132;"13006          ";"SET DE 6 PIEZAS LINEA 13000                                           ";1;1;1;23337919;120926072137719;183358817;;;;07/28/2031 00:00:00;1;13935820;12/09/2026 07:21:37;Ivan;Goyena;24613441;12/09/2026 06:52:10;7636;Kevin;Arce;Ivan Goyena;Kevin Arce
14278382;12/09/2026 07:28:37;3;2;TR 0000  126049;01;CARPINTERIA;2090863;DEP_108;EXIBICION MONTES DE OCA;.;951116;"12006          ";"SET DE 6 PIEZAS LINEA 12000                                           ";2;2;2;23337919;120926072137719;183359057;;;;07/30/2031 00:00:00;2;13935820;12/09/2026 07:21:37;Ivan;Goyena;24613441;12/09/2026 06:52:10;7636;Kevin;Arce;Ivan Goyena;Kevin Arce
14278382;12/09/2026 07:28:37;3;2;TR 0000  126049;01;CARPINTERIA;2090863;DEP_108;EXIBICION MONTES DE OCA;.;950974;"10005BL        ";"SET DE 5 PIEZAS LINEA 10000 BLACK                                     ";1;1;1;23337919;120926072137719;183359172;;;;07/28/2031 00:00:00;1;13935820;12/09/2026 07:21:37;Ivan;Goyena;24613441;12/09/2026 06:52:10;7636;Kevin;Arce;Ivan Goyena;Kevin Arce
14278382;12/09/2026 07:28:37;3;2;TR 0000  126049;01;CARPINTERIA;2090863;DEP_108;EXIBICION MONTES DE OCA;.;950907;"05-010         ";"LAVATORIO BAJO TEMPORIZADO TECNO                                      ";1;1;1;23337919;120926072137719;183358259;;;;07/28/2031 00:00:00;1;13935820;12/09/2026 07:21:37;Ivan;Goyena;24613441;12/09/2026 06:52:10;7636;Kevin;Arce;Ivan Goyena;Kevin Arce
14278382;12/09/2026 07:28:37;3;2;TR 0000  126049;01;CARPINTERIA;2090863;DEP_108;EXIBICION MONTES DE OCA;.;951382;"20010DG        ";20010DG - TOALLERO BARRAL DARK GOLD LINEA PULSE;1;1;1;23337919;120926072137719;183358715;;;;07/27/2031 00:00:00;1;13935820;12/09/2026 07:21:37;Ivan;Goyena;24613441;12/09/2026 06:52:10;7636;Kevin;Arce;Ivan Goyena;Kevin Arce
14278382;12/09/2026 07:28:37;3;2;TR 0000  126049;01;CARPINTERIA;2090863;DEP_108;EXIBICION MONTES DE OCA;.;951324;"19006          ";19006 - SET DE 6 PIEZAS LINEA 19000;4;4;4;23337919;120926072137719;183359199;;;;07/28/2031 00:00:00;4;13935820;12/09/2026 07:21:37;Ivan;Goyena;24613441;12/09/2026 06:52:10;7636;Kevin;Arce;Ivan Goyena;Kevin Arce
14278382;12/09/2026 07:28:37;3;2;TR 0000  126049;01;CARPINTERIA;2090863;DEP_108;EXIBICION MONTES DE OCA;.;951322;"18060          ";18060 - PORTA VASO Y CEPILLO NIQUEL LINEA BEAT;1;1;1;23337919;120926072137719;183272680;;;;07/27/2031 00:00:00;1;13935820;12/09/2026 07:21:37;Ivan;Goyena;24613441;12/09/2026 06:52:10;7636;Kevin;Arce;Ivan Goyena;Kevin Arce
14278382;12/09/2026 07:28:37;3;2;TR 0000  126049;01;CARPINTERIA;2090863;DEP_108;EXIBICION MONTES DE OCA;.;951320;"18050          ";18050 - JABONERA NIQUEL LINEA BEAT;1;1;1;23337919;120926072137719;183272719;;;;07/28/2031 00:00:00;1;13935820;12/09/2026 07:21:37;Ivan;Goyena;24613441;12/09/2026 06:52:10;7636;Kevin;Arce;Ivan Goyena;Kevin Arce
14278382;12/09/2026 07:28:37;3;2;TR 0000  126049;01;CARPINTERIA;2090863;DEP_108;EXIBICION MONTES DE OCA;.;951318;"18040          ";18040 - PORTA ROLLO NIQUEL LINEA BEAT;1;1;1;23337919;120926072137719;183272537;;;;07/28/2031 00:00:00;1;13935820;12/09/2026 07:21:37;Ivan;Goyena;24613441;12/09/2026 06:52:10;7636;Kevin;Arce;Ivan Goyena;Kevin Arce
14278382;12/09/2026 07:28:37;3;2;TR 0000  126049;01;CARPINTERIA;2090863;DEP_108;EXIBICION MONTES DE OCA;.;951314;"18020          ";18020 - TOALLERO DE ARO NIQUEL LINEA BEAT;1;1;1;23337919;120926072137719;183272158;;;;07/29/2031 00:00:00;1;13935820;12/09/2026 07:21:37;Ivan;Goyena;24613441;12/09/2026 06:52:10;7636;Kevin;Arce;Ivan Goyena;Kevin Arce
14278382;12/09/2026 07:28:37;3;2;TR 0000  126049;01;CARPINTERIA;2090863;DEP_108;EXIBICION MONTES DE OCA;.;951312;"18010          ";18010 - TOALLERO BARRAL NIQUEL LINEA BEAT;1;1;1;23337919;120926072137719;183272213;;;;07/29/2031 00:00:00;1;13935820;12/09/2026 07:21:37;Ivan;Goyena;24613441;12/09/2026 06:52:10;7636;Kevin;Arce;Ivan Goyena;Kevin Arce
14278382;12/09/2026 07:28:37;3;2;TR 0000  126049;01;CARPINTERIA;2090863;DEP_108;EXIBICION MONTES DE OCA;.;951258;"16006          ";16006 - SET 6 PIEZAS ACCESORIOS LINEA 16000;2;2;2;23337919;120926072137719;183358902;;;;07/29/2031 00:00:00;2;13935820;12/09/2026 07:21:37;Ivan;Goyena;24613441;12/09/2026 06:52:10;7636;Kevin;Arce;Ivan Goyena;Kevin Arce
14278382;12/09/2026 07:28:37;3;2;TR 0000  126049;01;CARPINTERIA;2090863;DEP_108;EXIBICION MONTES DE OCA;.;952708;"61-168         ";61-168 - LAVATORIO MONOC ALTO CR WAVE;3;3;3;23337919;120926072137719;183268435;;;;07/27/2031 00:00:00;3;13935820;12/09/2026 07:21:37;Ivan;Goyena;24613441;12/09/2026 06:52:10;7636;Kevin;Arce;Ivan Goyena;Kevin Arce
14278382;12/09/2026 07:28:37;3;2;TR 0000  126049;01;CARPINTERIA;2090863;DEP_108;EXIBICION MONTES DE OCA;.;952709;"61-168N        ";61-168N - LAVATORIO MONOC ALTO BLACK WAVE;1;1;1;23337919;120926072137719;183254229;;;;07/28/2031 00:00:00;1;13935820;12/09/2026 07:21:37;Ivan;Goyena;24613441;12/09/2026 06:52:10;7636;Kevin;Arce;Ivan Goyena;Kevin Arce
14278382;12/09/2026 07:28:37;3;2;TR 0000  126049;01;CARPINTERIA;2090863;DEP_108;EXIBICION MONTES DE OCA;.;952712;"61-176         ";61-176 - LAVATORIO MONOC ALTO CR RIO;3;3;3;23337919;120926072137719;183274480;;;;10/09/2031 00:00:00;3;13935820;12/09/2026 07:21:37;Ivan;Goyena;24613441;12/09/2026 06:52:10;7636;Kevin;Arce;Ivan Goyena;Kevin Arce
14278382;12/09/2026 07:28:37;3;2;TR 0000  126049;01;CARPINTERIA;2090863;DEP_108;EXIBICION MONTES DE OCA;.;952713;"61-176N        ";61-176N - LAVATORIO MONOC ALTO BLACK RIO;1;1;1;23337919;120926072137719;183273109;;;;07/29/2031 00:00:00;1;13935820;12/09/2026 07:21:37;Ivan;Goyena;24613441;12/09/2026 06:52:10;7636;Kevin;Arce;Ivan Goyena;Kevin Arce
14278382;12/09/2026 07:28:37;3;2;TR 0000  126049;01;CARPINTERIA;2090863;DEP_108;EXIBICION MONTES DE OCA;.;952714;"61-180         ";61-180 - LAVATORIO MONOCOMANDO ALTO VERA;1;1;1;23337919;120926072137719;183271816;;;;07/28/2031 00:00:00;1;13935820;12/09/2026 07:21:37;Ivan;Goyena;24613441;12/09/2026 06:52:10;7636;Kevin;Arce;Ivan Goyena;Kevin Arce
14278382;12/09/2026 07:28:37;3;2;TR 0000  126049;01;CARPINTERIA;2090863;DEP_108;EXIBICION MONTES DE OCA;.;952719;"61-183         ";"LAVATORIO MONOCOMANDO ALTO MAT                                        ";5;5;5;23337919;120926072137719;183358383;;;;11/02/2031 00:00:00;5;13935820;12/09/2026 07:21:37;Ivan;Goyena;24613441;12/09/2026 06:52:10;7636;Kevin;Arce;Ivan Goyena;Kevin Arce
14278382;12/09/2026 07:28:37;3;2;TR 0000  126049;01;CARPINTERIA;2090863;DEP_108;EXIBICION MONTES DE OCA;.;952720;"61-192         ";61-192 - LAVATORIO ALTO SORIA BLACK;2;2;2;23337919;120926072137719;183271663;;;;07/27/2031 00:00:00;2;13935820;12/09/2026 07:21:37;Ivan;Goyena;24613441;12/09/2026 06:52:10;7636;Kevin;Arce;Ivan Goyena;Kevin Arce
14278382;12/09/2026 07:28:37;3;2;TR 0000  126049;01;CARPINTERIA;2090863;DEP_108;EXIBICION MONTES DE OCA;.;952721;"61-193         ";61-193 - LAVATORIO MONOCOMANDO ALTO MORA;2;2;2;23337919;120926072137719;183359155;;;;07/27/2031 00:00:00;2;13935820;12/09/2026 07:21:37;Ivan;Goyena;24613441;12/09/2026 06:52:10;7636;Kevin;Arce;Ivan Goyena;Kevin Arce
14278382;12/09/2026 07:28:37;3;2;TR 0000  126049;01;CARPINTERIA;2090863;DEP_108;EXIBICION MONTES DE OCA;.;952724;"61-200G        ";61-200G - LAVATORIO MONOC ALTO GOLD FABRIC;3;3;3;23337919;120926072137719;183277188;;;;07/27/2031 00:00:00;3;13935820;12/09/2026 07:21:37;Ivan;Goyena;24613441;12/09/2026 06:52:10;7636;Kevin;Arce;Ivan Goyena;Kevin Arce
14278382;12/09/2026 07:28:37;3;2;TR 0000  126049;01;CARPINTERIA;2090863;DEP_108;EXIBICION MONTES DE OCA;.;952725;"61-200N        ";61-200N - LAVATORIO MONOC ALTO FABRIC BLACK;1;1;1;23337919;120926072137719;183254385;;;;07/28/2031 00:00:00;1;13935820;12/09/2026 07:21:37;Ivan;Goyena;24613441;12/09/2026 06:52:10;7636;Kevin;Arce;Ivan Goyena;Kevin Arce
14278382;12/09/2026 07:28:37;3;2;TR 0000  126049;01;CARPINTERIA;2090863;DEP_108;EXIBICION MONTES DE OCA;.;952728;"61-205         ";61-205 - LAVATORIO MONOC ALTO STEEL;3;3;3;23337919;120926072137719;183256455;;;;07/28/2031 00:00:00;3;13935820;12/09/2026 07:21:37;Ivan;Goyena;24613441;12/09/2026 06:52:10;7636;Kevin;Arce;Ivan Goyena;Kevin Arce
14278382;12/09/2026 07:28:37;3;2;TR 0000  126049;01;CARPINTERIA;2090863;DEP_108;EXIBICION MONTES DE OCA;.;953063;"8006           ";8006 - SET DE 6 PIEZAS LINEA 8000;2;2;2;23337919;120926072137719;183358240;;;;07/29/2031 00:00:00;2;13935820;12/09/2026 07:21:37;Ivan;Goyena;24613441;12/09/2026 06:52:10;7636;Kevin;Arce;Ivan Goyena;Kevin Arce
14278382;12/09/2026 07:28:37;3;2;TR 0000  126049;01;CARPINTERIA;2090863;DEP_108;EXIBICION MONTES DE OCA;.;953122;"80-176         ";80-176 - DUCHA EMB C/TRANSF MONOC CR RIO;3;3;3;23337919;120926072137719;183273488;;;;07/29/2031 00:00:00;3;13935820;12/09/2026 07:21:37;Ivan;Goyena;24613441;12/09/2026 06:52:10;7636;Kevin;Arce;Ivan Goyena;Kevin Arce
14278382;12/09/2026 07:28:37;3;2;TR 0000  126049;01;CARPINTERIA;2090863;DEP_108;EXIBICION MONTES DE OCA;.;952499;"54-203         ";"COCINA PARED EXT C.CERAM ADRA MONOCOMANDO                             ";2;2;2;23337919;120926072137719;183358864;;;;02/18/2032 00:00:00;2;13935820;12/09/2026 07:21:37;Ivan;Goyena;24613441;12/09/2026 06:52:10;7636;Kevin;Arce;Ivan Goyena;Kevin Arce
14278382;12/09/2026 07:28:37;3;2;TR 0000  126049;01;CARPINTERIA;2090863;DEP_108;EXIBICION MONTES DE OCA;.;952618;"60-133         ";60-133 - LAVATORIO MONOCOMANDO LUGO;3;3;3;23337919;120926072137719;183358608;;;;07/29/2031 00:00:00;3;13935820;12/09/2026 07:21:37;Ivan;Goyena;24613441;12/09/2026 06:52:10;7636;Kevin;Arce;Ivan Goyena;Kevin Arce
14278382;12/09/2026 07:28:37;3;2;TR 0000  126049;01;CARPINTERIA;2090863;DEP_108;EXIBICION MONTES DE OCA;.;952637;"60-168         ";60-168 - LAVATORIO MONOC BAJO CR WAVE;1;1;1;23337919;120926072137719;183257857;;;;07/27/2031 00:00:00;1;13935820;12/09/2026 07:21:37;Ivan;Goyena;24613441;12/09/2026 06:52:10;7636;Kevin;Arce;Ivan Goyena;Kevin Arce
14278382;12/09/2026 07:28:37;3;2;TR 0000  126049;01;CARPINTERIA;2090863;DEP_108;EXIBICION MONTES DE OCA;.;952638;"60-168N        ";60-168N - LAVATORIO MONOC BAJO BLACK WAVE;2;2;2;23337919;120926072137719;183257144;;;;07/27/2031 00:00:00;2;13935820;12/09/2026 07:21:37;Ivan;Goyena;24613441;12/09/2026 06:52:10;7636;Kevin;Arce;Ivan Goyena;Kevin Arce
14278382;12/09/2026 07:28:37;3;2;TR 0000  126049;01;CARPINTERIA;2090863;DEP_108;EXIBICION MONTES DE OCA;.;952647;"60-176         ";"LAVATORIO MONOCOMANDO BAJO CR RIO                                     ";3;3;3;23337919;120926072137719;183273889;;;;10/11/2031 00:00:00;3;13935820;12/09/2026 07:21:37;Ivan;Goyena;24613441;12/09/2026 06:52:10;7636;Kevin;Arce;Ivan Goyena;Kevin Arce
14278382;12/09/2026 07:28:37;3;2;TR 0000  126049;01;CARPINTERIA;2090863;DEP_108;EXIBICION MONTES DE OCA;.;952648;"60-176N        ";"LAVATORIO MONOCOMANDO BAJO BLACK RIO                                  ";1;1;1;23337919;120926072137719;183273208;;;;07/29/2031 00:00:00;1;13935820;12/09/2026 07:21:37;Ivan;Goyena;24613441;12/09/2026 06:52:10;7636;Kevin;Arce;Ivan Goyena;Kevin Arce
14278382;12/09/2026 07:28:37;3;2;TR 0000  126049;01;CARPINTERIA;2090863;DEP_108;EXIBICION MONTES DE OCA;.;952650;"60-180         ";60-180 - LAVATORIO MONOCOMANDO BAJO VERA;1;1;1;23337919;120926072137719;183271748;;;;07/28/2031 00:00:00;1;13935820;12/09/2026 07:21:37;Ivan;Goyena;24613441;12/09/2026 06:52:10;7636;Kevin;Arce;Ivan Goyena;Kevin Arce
14278382;12/09/2026 07:28:37;3;2;TR 0000  126049;01;CARPINTERIA;2090863;DEP_108;EXIBICION MONTES DE OCA;.;952655;"60-183         ";"LAVATORIO MONOCOMANDO BAJO MAT                                        ";4;4;4;23337919;120926072137719;183358408;;;;11/02/2031 00:00:00;4;13935820;12/09/2026 07:21:37;Ivan;Goyena;24613441;12/09/2026 06:52:10;7636;Kevin;Arce;Ivan Goyena;Kevin Arce
14278382;12/09/2026 07:28:37;3;2;TR 0000  126049;01;CARPINTERIA;2090863;DEP_108;EXIBICION MONTES DE OCA;.;952660;"60-192         ";60-192 - LAVATORIO BAJO SORIA BLACK;1;1;1;23337919;120926072137719;183272054;;;;07/27/2031 00:00:00;1;13935820;12/09/2026 07:21:37;Ivan;Goyena;24613441;12/09/2026 06:52:10;7636;Kevin;Arce;Ivan Goyena;Kevin Arce
14278382;12/09/2026 07:28:37;3;2;TR 0000  126049;01;CARPINTERIA;2090863;DEP_108;EXIBICION MONTES DE OCA;.;952661;"60-193         ";60-193 - LAVATORIO MONOCOMANDO BAJO MORA;2;2;2;23337919;120926072137719;183359135;;;;07/28/2031 00:00:00;2;13935820;12/09/2026 07:21:37;Ivan;Goyena;24613441;12/09/2026 06:52:10;7636;Kevin;Arce;Ivan Goyena;Kevin Arce
14278382;12/09/2026 07:28:37;3;2;TR 0000  126049;01;CARPINTERIA;2090863;DEP_108;EXIBICION MONTES DE OCA;.;952674;"60-200N        ";60-200N - LAVATORIO MONOC BAJO BLACK FABRIC;1;1;1;23337919;120926072137719;183254572;;;;07/28/2031 00:00:00;1;13935820;12/09/2026 07:21:37;Ivan;Goyena;24613441;12/09/2026 06:52:10;7636;Kevin;Arce;Ivan Goyena;Kevin Arce
14278382;12/09/2026 07:28:37;3;2;TR 0000  126049;01;CARPINTERIA;2090863;DEP_108;EXIBICION MONTES DE OCA;.;952679;"60-205         ";60-205 - LAVATORIO MONOC BAJO STEEL;3;3;3;23337919;120926072137719;183256118;;;;07/28/2031 00:00:00;3;13935820;12/09/2026 07:21:37;Ivan;Goyena;24613441;12/09/2026 06:52:10;7636;Kevin;Arce;Ivan Goyena;Kevin Arce
14278382;12/09/2026 07:28:37;3;2;TR 0000  126049;01;CARPINTERIA;2090863;DEP_108;EXIBICION MONTES DE OCA;.;951531;"20-146N        ";20-146N - MONOCOMANDO DE COCINA BLACK LINEA MOVE;2;2;2;23337919;120926072137719;183358534;;;;07/30/2031 00:00:00;2;13935820;12/09/2026 07:21:37;Ivan;Goyena;24613441;12/09/2026 06:52:10;7636;Kevin;Arce;Ivan Goyena;Kevin Arce
14278382;12/09/2026 07:28:37;3;2;TR 0000  126049;01;CARPINTERIA;2090863;DEP_108;EXIBICION MONTES DE OCA;.;951530;"20-146         ";20-146 - MONOCOMANDO DE COCINA CR LINEA MOVE;3;3;3;23337919;120926072137719;183358557;;;;10/09/2031 00:00:00;3;13935820;12/09/2026 07:21:37;Ivan;Goyena;24613441;12/09/2026 06:52:10;7636;Kevin;Arce;Ivan Goyena;Kevin Arce
14278382;12/09/2026 07:28:37;3;2;TR 0000  126049;01;CARPINTERIA;2090863;DEP_108;EXIBICION MONTES DE OCA;.;951528;"20-140         ";20-140 - MONOCOMANDO DE COCINA LINEA CUINA;1;1;1;23337919;120926072137719;183252241;;;;10/07/2031 00:00:00;1;13935820;12/09/2026 07:21:37;Ivan;Goyena;24613441;12/09/2026 06:52:10;7636;Kevin;Arce;Ivan Goyena;Kevin Arce
14278382;12/09/2026 07:28:37;3;2;TR 0000  126049;01;CARPINTERIA;2090863;DEP_108;EXIBICION MONTES DE OCA;.;951527;"20-135G        ";20-135G - MONOCOMANDO COCINA GOLD SANTANDER;2;2;2;23337919;120926072137719;183359219;;;;07/27/2031 00:00:00;2;13935820;12/09/2026 07:21:37;Ivan;Goyena;24613441;12/09/2026 06:52:10;7636;Kevin;Arce;Ivan Goyena;Kevin Arce
14278382;12/09/2026 07:28:37;3;2;TR 0000  126049;01;CARPINTERIA;2090863;DEP_108;EXIBICION MONTES DE OCA;.;951523;"20-134         ";20-134 - MONOCOMANDO COCINA BETIS;3;3;3;23337919;120926072137719;183358920;;;;08/11/2031 00:00:00;3;13935820;12/09/2026 07:21:37;Ivan;Goyena;24613441;12/09/2026 06:52:10;7636;Kevin;Arce;Ivan Goyena;Kevin Arce
14278382;12/09/2026 07:28:37;3;2;TR 0000  126049;01;CARPINTERIA;2090863;DEP_108;EXIBICION MONTES DE OCA;.;951513;"20-122N        ";20-122N - MONOCOMANDO COCINA C/PICO EXTRAIBLE VALENCIA BLACK;1;1;1;23337919;120926072137719;183359109;;;;08/06/2031 00:00:00;1;13935820;12/09/2026 07:21:37;Ivan;Goyena;24613441;12/09/2026 06:52:10;7636;Kevin;Arce;Ivan Goyena;Kevin Arce
14278382;12/09/2026 07:28:37;3;2;TR 0000  126049;01;CARPINTERIA;2090863;DEP_108;EXIBICION MONTES DE OCA;.;951512;"20-122         ";"MONOCOMANDO COCINA CR C/PICO EXTRAIBLE VALENCIA                       ";1;1;1;23337919;120926072137719;183276067;;;;08/06/2031 00:00:00;1;13935820;12/09/2026 07:21:37;Ivan;Goyena;24613441;12/09/2026 06:52:10;7636;Kevin;Arce;Ivan Goyena;Kevin Arce
14278382;12/09/2026 07:28:37;3;2;TR 0000  126049;01;CARPINTERIA;2090863;DEP_108;EXIBICION MONTES DE OCA;.;951488;"20-102         ";"20-102 - MONOCOMANDO MESADA CROMO ""RENACER""";1;1;1;23337919;120926072137719;183358960;;;;08/20/2031 00:00:00;1;13935820;12/09/2026 07:21:37;Ivan;Goyena;24613441;12/09/2026 06:52:10;7636;Kevin;Arce;Ivan Goyena;Kevin Arce
14278382;12/09/2026 07:28:37;3;2;TR 0000  126049;01;CARPINTERIA;2090863;DEP_108;EXIBICION MONTES DE OCA;.;951486;"20-100N        ";20-100N - MONOCOMANDO DE COCINA FABRIC BLACK;1;1;1;23337919;120926072137719;183250289;;;;01/10/2032 00:00:00;1;13935820;12/09/2026 07:21:37;Ivan;Goyena;24613441;12/09/2026 06:52:10;7636;Kevin;Arce;Ivan Goyena;Kevin Arce
14278382;12/09/2026 07:28:37;3;2;TR 0000  126049;01;CARPINTERIA;2090863;DEP_108;EXIBICION MONTES DE OCA;.;951485;"20-100G        ";20-100G - MONOCOMANDO DE COCINA FABRIC GOLD;2;2;2;23337919;120926072137719;183271194;;;;07/28/2031 00:00:00;2;13935820;12/09/2026 07:21:37;Ivan;Goyena;24613441;12/09/2026 06:52:10;7636;Kevin;Arce;Ivan Goyena;Kevin Arce
14278382;12/09/2026 07:28:37;3;2;TR 0000  126049;01;CARPINTERIA;2090863;DEP_108;EXIBICION MONTES DE OCA;.;951453;"20060GR        ";20060GR - PORTA VASO Y CEPILLO GRAFITO LINEA PULSE;1;1;1;23337919;120926072137719;183261302;;;;07/31/2031 00:00:00;1;13935820;12/09/2026 07:21:37;Ivan;Goyena;24613441;12/09/2026 06:52:10;7636;Kevin;Arce;Ivan Goyena;Kevin Arce
14278382;12/09/2026 07:28:37;3;2;TR 0000  126049;01;CARPINTERIA;2090863;DEP_108;EXIBICION MONTES DE OCA;.;951451;"20060DG        ";20060DG - PORTA VASO Y CEPILLO DARK GOLD LINEA PULSE;1;1;1;23337919;120926072137719;183358784;;;;07/29/2031 00:00:00;1;13935820;12/09/2026 07:21:37;Ivan;Goyena;24613441;12/09/2026 06:52:10;7636;Kevin;Arce;Ivan Goyena;Kevin Arce
14278382;12/09/2026 07:28:37;3;2;TR 0000  126049;01;CARPINTERIA;2090863;DEP_108;EXIBICION MONTES DE OCA;.;951439;"20050GR        ";20050GR - JABONERA GRAFITO LINEA PULSE   ;1;1;1;23337919;120926072137719;183261210;;;;07/31/2031 00:00:00;1;13935820;12/09/2026 07:21:37;Ivan;Goyena;24613441;12/09/2026 06:52:10;7636;Kevin;Arce;Ivan Goyena;Kevin Arce
14278382;12/09/2026 07:28:37;3;2;TR 0000  126049;01;CARPINTERIA;2090863;DEP_108;EXIBICION MONTES DE OCA;.;951437;"20050DG        ";20050DG - JABONERA DARK GOLD LINEA PULSE;1;1;1;23337919;120926072137719;183250814;;;;07/31/2031 00:00:00;1;13935820;12/09/2026 07:21:37;Ivan;Goyena;24613441;12/09/2026 06:52:10;7636;Kevin;Arce;Ivan Goyena;Kevin Arce
14278382;12/09/2026 07:28:37;3;2;TR 0000  126049;01;CARPINTERIA;2090863;DEP_108;EXIBICION MONTES DE OCA;.;951426;"20040GR        ";20040GR - PORTA ROLLO GRAFITO LINEA PULSE;1;1;1;23337919;120926072137719;183260982;;;;07/31/2031 00:00:00;1;13935820;12/09/2026 07:21:37;Ivan;Goyena;24613441;12/09/2026 06:52:10;7636;Kevin;Arce;Ivan Goyena;Kevin Arce
14278382;12/09/2026 07:28:37;3;2;TR 0000  126049;01;CARPINTERIA;2090863;DEP_108;EXIBICION MONTES DE OCA;.;951424;"20040DG        ";20040DG - PORTA ROLLO DARK GOLD LINEA PULSE;1;1;1;23337919;120926072137719;183250768;;;;07/29/2031 00:00:00;1;13935820;12/09/2026 07:21:37;Ivan;Goyena;24613441;12/09/2026 06:52:10;7636;Kevin;Arce;Ivan Goyena;Kevin Arce
14278382;12/09/2026 07:28:37;3;2;TR 0000  126049;01;CARPINTERIA;2090863;DEP_108;EXIBICION MONTES DE OCA;.;951412;"20030GR        ";20030GR - PERCHA GRAFITO LINEA PULSE  ;1;1;1;23337919;120926072137719;183261057;;;;07/31/2031 00:00:00;1;13935820;12/09/2026 07:21:37;Ivan;Goyena;24613441;12/09/2026 06:52:10;7636;Kevin;Arce;Ivan Goyena;Kevin Arce
14278382;12/09/2026 07:28:37;3;2;TR 0000  126049;01;CARPINTERIA;2090863;DEP_108;EXIBICION MONTES DE OCA;.;951410;"20030DG        ";20030DG - PERCHA DARK GOLD LINEA PULSE;1;1;1;23337919;120926072137719;183250957;;;;07/31/2031 00:00:00;1;13935820;12/09/2026 07:21:37;Ivan;Goyena;24613441;12/09/2026 06:52:10;7636;Kevin;Arce;Ivan Goyena;Kevin Arce
14278382;12/09/2026 07:28:37;3;2;TR 0000  126049;01;CARPINTERIA;2090863;DEP_108;EXIBICION MONTES DE OCA;.;953123;"80-176N        ";80-176N - DUCHA EMB C/TRANSF MONOC BLACK RIO;1;1;1;23337919;120926072137719;183272857;;;;07/27/2031 00:00:00;1;13935820;12/09/2026 07:21:37;Ivan;Goyena;24613441;12/09/2026 06:52:10;7636;Kevin;Arce;Ivan Goyena;Kevin Arce
14278382;12/09/2026 07:28:37;3;2;TR 0000  126049;01;CARPINTERIA;2090863;DEP_108;EXIBICION MONTES DE OCA;.;953125;"80-180         ";80-180 - DUCHA EMB. C/TRANSF. MONOCOMANDO VERA;1;1;1;23337919;120926072137719;183358963;;;;11/23/2031 00:00:00;1;13935820;12/09/2026 07:21:37;Ivan;Goyena;24613441;12/09/2026 06:52:10;7636;Kevin;Arce;Ivan Goyena;Kevin Arce
14278382;12/09/2026 07:28:37;3;2;TR 0000  126049;01;CARPINTERIA;2090863;DEP_108;EXIBICION MONTES DE OCA;.;953131;"80-183         ";"DUCHA EMB C/TRANSF MONOCOMANDO MAT                                    ";2;2;2;23337919;120926072137719;183358517;;;;11/02/2031 00:00:00;2;13935820;12/09/2026 07:21:37;Ivan;Goyena;24613441;12/09/2026 06:52:10;7636;Kevin;Arce;Ivan Goyena;Kevin Arce
14278382;12/09/2026 07:28:37;3;2;TR 0000  126049;01;CARPINTERIA;2090863;DEP_108;EXIBICION MONTES DE OCA;.;953140;"80-193         ";80-193 - DUCHA EMB. C/TRANSF. MONOCOMANDO MORA;2;2;2;23337919;120926072137719;183256944;;;;07/27/2031 00:00:00;2;13935820;12/09/2026 07:21:37;Ivan;Goyena;24613441;12/09/2026 06:52:10;7636;Kevin;Arce;Ivan Goyena;Kevin Arce
14278382;12/09/2026 07:28:37;3;2;TR 0000  126049;01;CARPINTERIA;2090863;DEP_108;EXIBICION MONTES DE OCA;.;953161;"80-205         ";80-205 - DUCHA EMB. C/TRANSF. MONOC STEEL;3;3;3;23337919;120926072137719;183278713;;;;08/11/2031 00:00:00;3;13935820;12/09/2026 07:21:37;Ivan;Goyena;24613441;12/09/2026 06:52:10;7636;Kevin;Arce;Ivan Goyena;Kevin Arce
14278382;12/09/2026 07:28:37;3;2;TR 0000  126049;01;CARPINTERIA;2090863;DEP_108;EXIBICION MONTES DE OCA;.;953312;"83-133         ";83-133 - DUCHA EXT. C/TRANSF. MONOCOMANDO LUGO;3;3;3;23337919;120926072137719;183358654;;;;07/30/2031 00:00:00;3;13935820;12/09/2026 07:21:37;Ivan;Goyena;24613441;12/09/2026 06:52:10;7636;Kevin;Arce;Ivan Goyena;Kevin Arce
14278382;12/09/2026 07:28:37;3;2;TR 0000  126049;01;CARPINTERIA;2090863;DEP_108;EXIBICION MONTES DE OCA;.;953320;"83-203         ";83-203 - DUCHA EXT C/TRANSF. MONOCOMANDO ADRA;1;1;1;23337919;120926072137719;183358699;;;;07/29/2031 00:00:00;1;13935820;12/09/2026 07:21:37;Ivan;Goyena;24613441;12/09/2026 06:52:10;7636;Kevin;Arce;Ivan Goyena;Kevin Arce
14278382;12/09/2026 07:28:37;3;2;TR 0000  126049;01;CARPINTERIA;2090863;DEP_108;EXIBICION MONTES DE OCA;.;953321;"83-203N        ";83-203N - DUCHA EXT C/TRANSF. MONOCOMANDO ADRA BLACK;2;2;2;23337919;120926072137719;183358323;;;;07/31/2031 00:00:00;2;13935820;12/09/2026 07:21:37;Ivan;Goyena;24613441;12/09/2026 06:52:10;7636;Kevin;Arce;Ivan Goyena;Kevin Arce
14278382;12/09/2026 07:28:37;3;2;TR 0000  126049;01;CARPINTERIA;2090863;DEP_108;EXIBICION MONTES DE OCA;.;953330;"84-180         ";84-180 - GRIFERIA DE PIE P/BAÑERA EXENTA VERA;1;1;1;23337919;120926072137719;183253528;;;;07/28/2031 00:00:00;1;13935820;12/09/2026 07:21:37;Ivan;Goyena;24613441;12/09/2026 06:52:10;7636;Kevin;Arce;Ivan Goyena;Kevin Arce
14278382;12/09/2026 07:28:37;3;2;TR 0000  126049;01;CARPINTERIA;2090863;DEP_108;EXIBICION MONTES DE OCA;.;953334;"84-203         ";"DUCHA EXT C/COLUMNA Y TRANSF CR ADRA                                  ";2;2;2;23337919;120926072137719;183358194;;;;12/02/2031 00:00:00;2;13935820;12/09/2026 07:21:37;Ivan;Goyena;24613441;12/09/2026 06:52:10;7636;Kevin;Arce;Ivan Goyena;Kevin Arce
14278382;12/09/2026 07:28:37;3;2;TR 0000  126049;01;CARPINTERIA;2090863;DEP_108;EXIBICION MONTES DE OCA;.;1007844;"20-122S        ";"MONOCOMANDO COCINA INOX C/PICO EXTRAIBLE VALENCIA                     ";1;1;1;23337919;120926072137719;183359078;;;;01/06/2032 00:00:00;1;13935820;12/09/2026 07:21:37;Ivan;Goyena;24613441;12/09/2026 06:52:10;7636;Kevin;Arce;Ivan Goyena;Kevin Arce
14278382;12/09/2026 07:28:37;3;2;TR 0000  126049;01;CARPINTERIA;2090863;DEP_108;EXIBICION MONTES DE OCA;.;951532;"20-147         ";20-147 - MONOCOMANDO DE COCINA SWIFT;2;2;2;23337919;120926072137719;183275776;;;;07/29/2031 00:00:00;2;13935820;12/09/2026 07:21:37;Ivan;Goyena;24613441;12/09/2026 06:52:10;7636;Kevin;Arce;Ivan Goyena;Kevin Arce
14278382;12/09/2026 07:28:37;3;2;TR 0000  126049;01;CARPINTERIA;2090863;DEP_108;EXIBICION MONTES DE OCA;.;951533;"20-150         ";20-150 - MONOCOMANDO MESADA COCINA TOLEDO;2;2;2;23337919;120926072137719;183269495;;;;07/27/2031 00:00:00;2;13935820;12/09/2026 07:21:37;Ivan;Goyena;24613441;12/09/2026 06:52:10;7636;Kevin;Arce;Ivan Goyena;Kevin Arce
14278382;12/09/2026 07:28:37;3;2;TR 0000  126049;01;CARPINTERIA;2090863;DEP_108;EXIBICION MONTES DE OCA;.;951535;"20-160         ";20-160 - MONOCOMANDO MESADA COCINA DIQUE;3;3;3;23337919;120926072137719;183358590;;;;07/28/2031 00:00:00;3;13935820;12/09/2026 07:21:37;Ivan;Goyena;24613441;12/09/2026 06:52:10;7636;Kevin;Arce;Ivan Goyena;Kevin Arce
14278382;12/09/2026 07:28:37;3;2;TR 0000  126049;01;CARPINTERIA;2090863;DEP_108;EXIBICION MONTES DE OCA;.;951536;"20-162         ";20-162 - MONOCOMANDO COCINA ADRA;2;2;2;23337919;120926072137719;183358679;;;;07/28/2031 00:00:00;2;13935820;12/09/2026 07:21:37;Ivan;Goyena;24613441;12/09/2026 06:52:10;7636;Kevin;Arce;Ivan Goyena;Kevin Arce
14278382;12/09/2026 07:28:37;3;2;TR 0000  126049;01;CARPINTERIA;2090863;DEP_108;EXIBICION MONTES DE OCA;.;951539;"20-168         ";20-168 - MONOCOMANDO COCINA CR WAVE;1;1;1;23337919;120926072137719;183258474;;;;07/27/2031 00:00:00;1;13935820;12/09/2026 07:21:37;Ivan;Goyena;24613441;12/09/2026 06:52:10;7636;Kevin;Arce;Ivan Goyena;Kevin Arce
14278382;12/09/2026 07:28:37;3;2;TR 0000  126049;01;CARPINTERIA;2090863;DEP_108;EXIBICION MONTES DE OCA;.;951545;"20-172         ";20-172 - COCINA MESADA MONOC. COLORS NEGRO;1;1;1;23337919;120926072137719;183260028;;;;07/28/2031 00:00:00;1;13935820;12/09/2026 07:21:37;Ivan;Goyena;24613441;12/09/2026 06:52:10;7636;Kevin;Arce;Ivan Goyena;Kevin Arce
14278382;12/09/2026 07:28:37;3;2;TR 0000  126049;01;CARPINTERIA;2090863;DEP_108;EXIBICION MONTES DE OCA;.;951547;"20-174         ";20-174 - COCINA MESADA MONOC. COLORS BLACK;2;2;2;23337919;120926072137719;183267514;;;;07/28/2031 00:00:00;2;13935820;12/09/2026 07:21:37;Ivan;Goyena;24613441;12/09/2026 06:52:10;7636;Kevin;Arce;Ivan Goyena;Kevin Arce
14278382;12/09/2026 07:28:37;3;2;TR 0000  126049;01;CARPINTERIA;2090863;DEP_108;EXIBICION MONTES DE OCA;.;951551;"20-182N        ";20-182N - MONOCOMANDO DE COCINA MULTIFUNCION BLACK ZENITH;3;3;3;23337919;120926072137719;183358298;;;;07/30/2031 00:00:00;3;13935820;12/09/2026 07:21:37;Ivan;Goyena;24613441;12/09/2026 06:52:10;7636;Kevin;Arce;Ivan Goyena;Kevin Arce
14278382;12/09/2026 07:28:37;3;2;TR 0000  126049;01;CARPINTERIA;2090863;DEP_108;EXIBICION MONTES DE OCA;.;951552;"20-183         ";"MONOCOMANDO DE COCINA MAT                                             ";6;6;6;23337919;120926072137719;183358475;;;;11/02/2031 00:00:00;6;13935820;12/09/2026 07:21:37;Ivan;Goyena;24613441;12/09/2026 06:52:10;7636;Kevin;Arce;Ivan Goyena;Kevin Arce
14278382;12/09/2026 07:28:37;3;2;TR 0000  126049;01;CARPINTERIA;2090863;DEP_108;EXIBICION MONTES DE OCA;.;951553;"20-184         ";"MONOCOMANDO DE COCINA CR SUV                                          ";10;10;10;23337919;120926072137719;183255029;;;;10/04/2031 00:00:00;10;13935820;12/09/2026 07:21:37;Ivan;Goyena;24613441;12/09/2026 06:52:10;7636;Kevin;Arce;Ivan Goyena;Kevin Arce
14278382;12/09/2026 07:28:37;3;2;TR 0000  126049;01;CARPINTERIA;2090863;DEP_108;EXIBICION MONTES DE OCA;.;951561;"20-201NI       ";20-201NI - COCINA MONOCOMANDO JOYSTICK BEAT NICKEL;1;1;1;23337919;120926072137719;183260703;;;;07/28/2031 00:00:00;1;13935820;12/09/2026 07:21:37;Ivan;Goyena;24613441;12/09/2026 06:52:10;7636;Kevin;Arce;Ivan Goyena;Kevin Arce
14278382;12/09/2026 07:28:37;3;2;TR 0000  126049;01;CARPINTERIA;2090863;DEP_108;EXIBICION MONTES DE OCA;.;951563;"20-202NI       ";20-202NI - MONOCOMANDO COCINA NICKEL HOOP;3;3;3;23337919;120926072137719;183259752;;;;07/29/2031 00:00:00;3;13935820;12/09/2026 07:21:37;Ivan;Goyena;24613441;12/09/2026 06:52:10;7636;Kevin;Arce;Ivan Goyena;Kevin Arce
14278382;12/09/2026 07:28:37;3;2;TR 0000  126049;01;CARPINTERIA;2090863;DEP_108;EXIBICION MONTES DE OCA;.;951565;"20-205         ";20-205 - MONOCOMANDO DE COCINA STEEL;4;4;4;23337919;120926072137719;183278108;;;;07/28/2031 00:00:00;4;13935820;12/09/2026 07:21:37;Ivan;Goyena;24613441;12/09/2026 06:52:10;7636;Kevin;Arce;Ivan Goyena;Kevin Arce
14278382;12/09/2026 07:28:37;3;2;TR 0000  126049;01;CARPINTERIA;2090863;DEP_108;EXIBICION MONTES DE OCA;.;951607;"21100N         ";21100N - ESTANTE ORGANIZADOR RECTANGULAR BLACK 25x12x7;2;2;2;23337919;120926072137719;183275447;;;;07/27/2031 00:00:00;2;13935820;12/09/2026 07:21:37;Ivan;Goyena;24613441;12/09/2026 06:52:10;7636;Kevin;Arce;Ivan Goyena;Kevin Arce
14278382;12/09/2026 07:28:37;3;2;TR 0000  126049;01;CARPINTERIA;2090863;DEP_108;EXIBICION MONTES DE OCA;.;951611;"21-160         ";"MONOCOMANDO DUO COCINA CROMO DIQUE                                    ";3;3;3;23337919;120926072137719;183251243;;;;12/14/2031 00:00:00;3;13935820;12/09/2026 07:21:37;Ivan;Goyena;24613441;12/09/2026 06:52:10;7636;Kevin;Arce;Ivan Goyena;Kevin Arce
14278382;12/09/2026 07:28:37;3;2;TR 0000  126049;01;CARPINTERIA;2090863;DEP_108;EXIBICION MONTES DE OCA;.;951614;"21200          ";21200 - ESQUINERO ORGANIZADOR 19x19x7;2;2;2;23337919;120926072137719;183260419;;;;07/27/2031 00:00:00;2;13935820;12/09/2026 07:21:37;Ivan;Goyena;24613441;12/09/2026 06:52:10;7636;Kevin;Arce;Ivan Goyena;Kevin Arce
14278382;12/09/2026 07:28:37;3;2;TR 0000  126049;01;CARPINTERIA;2090863;DEP_108;EXIBICION MONTES DE OCA;.;951833;"30-132         ";30-132 - COCINA MESADA MONOC. C/DUCHADOR EXTENSIBLE VIGO;1;1;1;23337919;120926072137719;183255868;;;;07/28/2031 00:00:00;1;13935820;12/09/2026 07:21:37;Ivan;Goyena;24613441;12/09/2026 06:52:10;7636;Kevin;Arce;Ivan Goyena;Kevin Arce
14278382;12/09/2026 07:28:37;3;2;TR 0000  126049;01;CARPINTERIA;2090863;DEP_108;EXIBICION MONTES DE OCA;.;952467;"52-121         ";52-121 - GRIFERIA REBATIBLE P/LLENADO DE OLLAS MARBELLA;1;1;1;23337919;120926072137719;183258248;;;;07/29/2031 00:00:00;1;13935820;12/09/2026 07:21:37;Ivan;Goyena;24613441;12/09/2026 06:52:10;7636;Kevin;Arce;Ivan Goyena;Kevin Arce
14278382;12/09/2026 07:28:37;3;2;TR 0000  126049;01;CARPINTERIA;2090863;DEP_108;EXIBICION MONTES DE OCA;.;953113;"80-168N        ";80-168N - DUCHA EMB C/TRANSF MONOC BLACK WAVE;1;1;1;23338040;120926072833026;183251865;;;;01/22/2032 00:00:00;1;13936026;12/09/2026 07:28:33;Ivan;Goyena;24613527;11/09/2026 13:54:02;7807;Nicolas;Perez;Ivan Goyena;Nicolas Perez
14278382;12/09/2026 07:28:37;3;2;TR 0000  126049;01;CARPINTERIA;2090863;DEP_108;EXIBICION MONTES DE OCA;.;953112;"80-168         ";80-168 - DUCHA EMB C/TRANSF MONOC CR WAVE;1;1;1;23338040;120926072833026;183250987;;;;02/04/2032 00:00:00;1;13936026;12/09/2026 07:28:33;Ivan;Goyena;24613527;11/09/2026 13:54:02;7807;Nicolas;Perez;Ivan Goyena;Nicolas Perez
14278382;12/09/2026 07:28:37;3;2;TR 0000  126049;01;CARPINTERIA;2090863;DEP_108;EXIBICION MONTES DE OCA;.;952727;"61-203N        ";"LAVATORIO MONOCOMANDO ALTO ADRA BLACK                                 ";2;2;2;23338040;120926072833026;183250548;;;;01/06/2032 00:00:00;2;13936026;12/09/2026 07:28:33;Ivan;Goyena;24613527;11/09/2026 13:54:02;7807;Nicolas;Perez;Ivan Goyena;Nicolas Perez
14278382;12/09/2026 07:28:37;3;2;TR 0000  126049;01;CARPINTERIA;2090863;DEP_108;EXIBICION MONTES DE OCA;.;952726;"61-203         ";61-203 - LAVATORIO MONOCOMANDO ALTO ADRA;1;1;1;23338040;120926072833026;183249832;;;;01/20/2032 00:00:00;1;13936026;12/09/2026 07:28:33;Ivan;Goyena;24613527;11/09/2026 13:54:02;7807;Nicolas;Perez;Ivan Goyena;Nicolas Perez
14278382;12/09/2026 07:28:37;3;2;TR 0000  126049;01;CARPINTERIA;2090863;DEP_108;EXIBICION MONTES DE OCA;.;952678;"60-203N        ";"LAVATORIO MONOCOMANDO BAJO ADRA BLACK                                 ";2;2;2;23338040;120926072833026;183250274;;;;01/06/2032 00:00:00;2;13936026;12/09/2026 07:28:33;Ivan;Goyena;24613527;11/09/2026 13:54:02;7807;Nicolas;Perez;Ivan Goyena;Nicolas Perez
14278382;12/09/2026 07:28:37;3;2;TR 0000  126049;01;CARPINTERIA;2090863;DEP_108;EXIBICION MONTES DE OCA;.;952677;"60-203         ";60-203 - LAVATORIO MONOCOMANDO BAJO ADRA;1;1;1;23338040;120926072833026;183249749;;;;02/16/2032 00:00:00;1;13936026;12/09/2026 07:28:33;Ivan;Goyena;24613527;11/09/2026 13:54:02;7807;Nicolas;Perez;Ivan Goyena;Nicolas Perez
14278382;12/09/2026 07:28:37;3;2;TR 0000  126049;01;CARPINTERIA;2090863;DEP_108;EXIBICION MONTES DE OCA;.;953154;"80-200N        ";80-200N - DUCHA EMB. MONOC. 3 FUNCIONES BLACK FABRIC;1;1;1;23338040;120926072833026;183251282;;;;01/04/2032 00:00:00;1;13936026;12/09/2026 07:28:33;Ivan;Goyena;24613527;11/09/2026 13:54:02;7807;Nicolas;Perez;Ivan Goyena;Nicolas Perez
14278382;12/09/2026 07:28:37;3;2;TR 0000  126049;01;CARPINTERIA;2090863;DEP_108;EXIBICION MONTES DE OCA;.;953153;"80-200G        ";80-200G - DUCHA EMB. MONOC. 3 FUNCIONES GOLD FABRIC;3;3;3;23338040;120926072833026;183252665;;;;12/03/2031 00:00:00;3;13936026;12/09/2026 07:28:33;Ivan;Goyena;24613527;11/09/2026 13:54:02;7807;Nicolas;Perez;Ivan Goyena;Nicolas Perez
14278382;12/09/2026 07:28:37;3;2;TR 0000  126049;01;CARPINTERIA;2090863;DEP_108;EXIBICION MONTES DE OCA;.;954885;"BAI01NI        ";BAI01NI - BACHA EMB COCINA C/ACCESORIOS 750x450x220 NICKEL BRUSHED;1;1;1;23338333;120926070025960;183253382;;;;09/28/2031 00:00:00;1;13935814;12/09/2026 07:00:25;Ivan;Goyena;24613835;11/09/2026 14:04:55;7827;Javier;Machado;Ivan Goyena;Javier Machado
14278382;12/09/2026 07:28:37;3;2;TR 0000  126049;01;CARPINTERIA;2090863;DEP_108;EXIBICION MONTES DE OCA;.;957094;"PDU101         ";"PISO DUCHA RESINA POLIESTER BLANCA 900x700x25                         ";1;1;1;23338333;120926070025960;183257534;;;;03/01/2032 00:00:00;1;13935814;12/09/2026 07:00:25;Ivan;Goyena;24613835;11/09/2026 14:04:55;7827;Javier;Machado;Ivan Goyena;Javier Machado
14281734;12/09/2026 07:59:52;3;2;0001  215610-1;10;URGENTES;2092387;"FA20    ";"FALABELLA S.A.                                    ";AV. DE LOS CONSTITUYENTES 515;952742;"62-100NI       ";62-100NI - LAVATORIO DE PARED NICKEL C.CERAM FABRIC;1;1;1;23338950;120926075952063;183257566;;;;09/02/2031 00:00:00;1;13936288;12/09/2026 07:59:52;Ivan;Goyena;24614395;11/09/2026 14:05:31;7807;Nicolas;Perez;Ivan Goyena;Nicolas Perez
14281734;12/09/2026 07:59:52;3;2;0001  215610-1;10;URGENTES;2092387;"FA20    ";"FALABELLA S.A.                                    ";AV. DE LOS CONSTITUYENTES 515;953216;"81-100NI       ";81-100NI - DUCHA EMB. S/TRANSF. NICKEL C.CERAM FABRIC;1;1;1;23338950;120926075952063;183256687;;;;10/18/2031 00:00:00;1;13936288;12/09/2026 07:59:52;Ivan;Goyena;24614395;11/09/2026 14:05:31;7807;Nicolas;Perez;Ivan Goyena;Nicolas Perez
14281735;12/09/2026 07:58:51;3;2;0001  215611-1;10;URGENTES;2092387;"FA20    ";"FALABELLA S.A.                                    ";AV. DE LOS CONSTITUYENTES 515;952742;"62-100NI       ";62-100NI - LAVATORIO DE PARED NICKEL C.CERAM FABRIC;1;1;1;23338951;120926075850384;183257734;;;;09/02/2031 00:00:00;1;13936283;12/09/2026 07:58:50;Ivan;Goyena;24614395;11/09/2026 14:05:31;7807;Nicolas;Perez;Ivan Goyena;Nicolas Perez
14282913;11/09/2026 13:37:36;3;2;0001  215620-1;05;URGENTE 2;2093681;"NH01    ";"NICUESA E HIJOS S.R.L. -SANIT. NICUESA E HIJOS    ";ITALIA 1562;957627;"RA1269N        ";RA1269N - BRAZO Y FLOR DE DUCHA FABRIC BLACK;1;1;1;23337400;110926133736595;183245060;;;;07/31/2031 00:00:00;1;13927330;11/09/2026 13:37:36;Tiago;Rodriguez;24613026;11/09/2026 13:35:57;7636;Kevin;Arce;Tiago Rodriguez;Kevin Arce
14283004;12/09/2026 07:54:26;3;2;RM 0016   30299;10;URGENTES;2090911;DEP_52;PROMOCION / PUBLCIDAD;.;952862;"70-058         ";70-058 - BIDE CR C.STD MALBA;2;2;2;23338789;120926075421803;183255276;;;;10/20/2031 00:00:00;2;13936244;12/09/2026 07:54:21;Gustavo;Soderquvist;24614307;11/09/2026 13:59:49;7807;Nicolas;Perez;Gustavo Soderquvist;Nicolas Perez
14294944;14/09/2026 14:40:53;3;2;0001  215487-1;03;CAMIONETA MIE 1;2381214;"CC66    ";"CASA CASMMA SRL                                   ";CARLOS CASARES 1749;953110;"80-166N        ";80-166N - DUCHA EMB. C/TRANSF. BLACK C.CERAM ADRA PLUS;2;2;2;23366638;140926144052500;183477653;;;;01/07/2032 00:00:00;2;13954784;14/09/2026 14:40:52;Tiago;Rodriguez;24643147;14/09/2026 09:59:18;6922;Franco;Potenza;Tiago Rodriguez;Franco Potenza
14294944;14/09/2026 14:40:53;3;2;0001  215487-1;03;CAMIONETA MIE 1;2381214;"CC66    ";"CASA CASMMA SRL                                   ";CARLOS CASARES 1749;952860;"70-057         ";70-057 - BIDE C.STD VERIN PLUS;1;1;1;23366638;140926144052500;183476234;;;;01/31/2032 00:00:00;1;13954784;14/09/2026 14:40:52;Tiago;Rodriguez;24643147;14/09/2026 09:59:18;6922;Franco;Potenza;Tiago Rodriguez;Franco Potenza
14294944;14/09/2026 14:40:53;3;2;0001  215487-1;03;CAMIONETA MIE 1;2381214;"CC66    ";"CASA CASMMA SRL                                   ";CARLOS CASARES 1749;952912;"70-162         ";70-162 - BIDE CR C.CERAM LINEA ADRA;1;1;1;23366638;140926144052500;183474384;;;;07/29/2031 00:00:00;1;13954784;14/09/2026 14:40:52;Tiago;Rodriguez;24643147;14/09/2026 09:59:18;6922;Franco;Potenza;Tiago Rodriguez;Franco Potenza
14294944;14/09/2026 14:40:53;3;2;0001  215487-1;03;CAMIONETA MIE 1;2381214;"CC66    ";"CASA CASMMA SRL                                   ";CARLOS CASARES 1749;952913;"70-162N        ";70-162N - BIDE BLACK C.CERAM LINEA ADRA;1;1;1;23366638;140926144052500;183477503;;;;12/08/2031 00:00:00;1;13954784;14/09/2026 14:40:52;Tiago;Rodriguez;24643147;14/09/2026 09:59:18;6922;Franco;Potenza;Tiago Rodriguez;Franco Potenza
14294944;14/09/2026 14:40:53;3;2;0001  215487-1;03;CAMIONETA MIE 1;2381214;"CC66    ";"CASA CASMMA SRL                                   ";CARLOS CASARES 1749;953109;"80-166         ";"DUCHA EMB. C/TRANSF. CR C.CERAM ADRA PLUS                             ";2;2;2;23366638;140926144052500;183475052;;;;01/19/2032 00:00:00;2;13954784;14/09/2026 14:40:52;Tiago;Rodriguez;24643147;14/09/2026 09:59:18;6922;Franco;Potenza;Tiago Rodriguez;Franco Potenza
14294944;14/09/2026 14:40:53;3;2;0001  215487-1;03;CAMIONETA MIE 1;2381214;"CC66    ";"CASA CASMMA SRL                                   ";CARLOS CASARES 1749;951530;"20-146         ";20-146 - MONOCOMANDO DE COCINA CR LINEA MOVE;5;5;5;23369275;140926143220639;183492328;;;;10/09/2031 00:00:00;5;13954543;14/09/2026 14:32:20;Tiago;Rodriguez;24645653;14/09/2026 10:18:14;7827;Javier;Machado;Tiago Rodriguez;Javier Machado
14294944;14/09/2026 14:40:53;3;2;0001  215487-1;03;CAMIONETA MIE 1;2381214;"CC66    ";"CASA CASMMA SRL                                   ";CARLOS CASARES 1749;953059;"80-057         ";80-057 - DUCHA EMB. C/TRANSF. C.STD VERIN PLUS;5;5;5;23382999;140926143938155;183477003;;;;02/08/2032 00:00:00;5;13954827;14/09/2026 14:39:38;Tiago;Rodriguez;;;;;;Tiago Rodriguez;
14294944;14/09/2026 14:40:53;3;2;0001  215487-1;03;CAMIONETA MIE 1;2381214;"CC66    ";"CASA CASMMA SRL                                   ";CARLOS CASARES 1749;952582;"60-057         ";60-057 - LAVATORIO C.STD VERIN PLUS;5;5;5;23382999;140926143938155;183476693;;;;01/31/2032 00:00:00;5;13954827;14/09/2026 14:39:38;Tiago;Rodriguez;;;;;;Tiago Rodriguez;
14294945;14/09/2026 16:02:20;3;2;0001  215532-1;03;CAMIONETA MIE 1;2093731;"OD04    ";"ORTIZ DARIO A.- CERAMITODO                        ";SENGUEL 6447;952499;"54-203         ";"COCINA PARED EXT C.CERAM ADRA MONOCOMANDO                             ";3;3;3;23366617;140926160104039;183498993;;;;02/18/2032 00:00:00;3;13957448;14/09/2026 16:01:04;Tiago;Rodriguez;24643145;14/09/2026 10:43:33;7636;Kevin;Arce;Tiago Rodriguez;Kevin Arce
14294945;14/09/2026 16:02:20;3;2;0001  215532-1;03;CAMIONETA MIE 1;2093731;"OD04    ";"ORTIZ DARIO A.- CERAMITODO                        ";SENGUEL 6447;952647;"60-176         ";"LAVATORIO MONOCOMANDO BAJO CR RIO                                     ";2;2;2;23366617;140926160104039;183486946;;;;10/11/2031 00:00:00;2;13957448;14/09/2026 16:01:04;Tiago;Rodriguez;24643145;14/09/2026 10:43:33;7636;Kevin;Arce;Tiago Rodriguez;Kevin Arce
14294945;14/09/2026 16:02:20;3;2;0001  215532-1;03;CAMIONETA MIE 1;2093731;"OD04    ";"ORTIZ DARIO A.- CERAMITODO                        ";SENGUEL 6447;953161;"80-205         ";80-205 - DUCHA EMB. C/TRANSF. MONOC STEEL;1;1;1;23366617;140926160104039;183481567;;;;08/11/2031 00:00:00;1;13957448;14/09/2026 16:01:04;Tiago;Rodriguez;24643145;14/09/2026 10:43:33;7636;Kevin;Arce;Tiago Rodriguez;Kevin Arce
14294945;14/09/2026 16:02:20;3;2;0001  215532-1;03;CAMIONETA MIE 1;2093731;"OD04    ";"ORTIZ DARIO A.- CERAMITODO                        ";SENGUEL 6447;952503;"55-001N        ";"55-001N - COCINA PARED EMBUTIR PICO ALTO ""CROMO Y""";3;3;3;23366639;140926160219230;183484576;;;;07/31/2031 00:00:00;3;13957691;14/09/2026 16:02:19;Tiago;Rodriguez;24643147;14/09/2026 09:59:18;6922;Franco;Potenza;Tiago Rodriguez;Franco Potenza
14294945;14/09/2026 16:02:20;3;2;0001  215532-1;03;CAMIONETA MIE 1;2093731;"OD04    ";"ORTIZ DARIO A.- CERAMITODO                        ";SENGUEL 6447;953071;"80-100G        ";80-100G - DUCHA EMB. C/TRANSF. GOLD C.CERAM FABRIC;1;1;1;23366639;140926160219230;183479761;;;;12/07/2031 00:00:00;1;13957691;14/09/2026 16:02:19;Tiago;Rodriguez;24643147;14/09/2026 09:59:18;6922;Franco;Potenza;Tiago Rodriguez;Franco Potenza
14294945;14/09/2026 16:02:20;3;2;0001  215532-1;03;CAMIONETA MIE 1;2093731;"OD04    ";"ORTIZ DARIO A.- CERAMITODO                        ";SENGUEL 6447;952541;"60-001N        ";"60-001N - LAVATORIO ""CROMO Y""";3;3;3;23366639;140926160219230;183486110;;;;02/01/2032 00:00:00;3;13957691;14/09/2026 16:02:19;Tiago;Rodriguez;24643147;14/09/2026 09:59:18;6922;Franco;Potenza;Tiago Rodriguez;Franco Potenza
14294945;14/09/2026 16:02:20;3;2;0001  215532-1;03;CAMIONETA MIE 1;2093731;"OD04    ";"ORTIZ DARIO A.- CERAMITODO                        ";SENGUEL 6447;954804;"AB-001         ";AB-001 - AGARRADERA ACERO INOX CROMADO 30 CM SAFE;2;2;2;23387081;140926155439822;183474650;;;;07/28/2031 00:00:00;2;13957459;14/09/2026 15:54:39;Tiago;Rodriguez;;;;;;Tiago Rodriguez;
14294945;14/09/2026 16:02:20;3;2;0001  215532-1;03;CAMIONETA MIE 1;2093731;"OD04    ";"ORTIZ DARIO A.- CERAMITODO                        ";SENGUEL 6447;951513;"20-122N        ";20-122N - MONOCOMANDO COCINA C/PICO EXTRAIBLE VALENCIA BLACK;6;6;6;23387223;140926155729738;183492360;;;;08/06/2031 00:00:00;6;13957552;14/09/2026 15:57:29;Tiago;Rodriguez;;;;;;Tiago Rodriguez;
14294945;14/09/2026 16:02:20;3;2;0001  215532-1;03;CAMIONETA MIE 1;2093731;"OD04    ";"ORTIZ DARIO A.- CERAMITODO                        ";SENGUEL 6447;951532;"20-147         ";20-147 - MONOCOMANDO DE COCINA SWIFT;10;10;10;23387244;140926155742096;183483032;;;;07/29/2031 00:00:00;10;13957562;14/09/2026 15:57:42;Tiago;Rodriguez;;;;;;Tiago Rodriguez;
14294946;15/09/2026 06:20:26;3;2;0008    2924-1;03;CAMIONETA MIE 1;2093731;"OD04    ";"ORTIZ DARIO A.- CERAMITODO                        ";SENGUEL 6447;954804;"AB-001         ";AB-001 - AGARRADERA ACERO INOX CROMADO 30 CM SAFE;4;4;4;23366618;150926062025645;183475030;;;;07/28/2031 00:00:00;4;13962408;15/09/2026 06:20:25;Tiago;Rodriguez;24643145;14/09/2026 10:43:33;7636;Kevin;Arce;Tiago Rodriguez;Kevin Arce
14294946;15/09/2026 06:20:26;3;2;0008    2924-1;03;CAMIONETA MIE 1;2093731;"OD04    ";"ORTIZ DARIO A.- CERAMITODO                        ";SENGUEL 6447;952503;"55-001N        ";"55-001N - COCINA PARED EMBUTIR PICO ALTO ""CROMO Y""";7;7;7;23366640;150926061510888;183484913;;;;07/31/2031 00:00:00;7;13962388;15/09/2026 06:15:10;Tiago;Rodriguez;24643147;14/09/2026 09:59:18;6922;Franco;Potenza;Tiago Rodriguez;Franco Potenza
14294946;15/09/2026 06:20:26;3;2;0008    2924-1;03;CAMIONETA MIE 1;2093731;"OD04    ";"ORTIZ DARIO A.- CERAMITODO                        ";SENGUEL 6447;953071;"80-100G        ";80-100G - DUCHA EMB. C/TRANSF. GOLD C.CERAM FABRIC;2;2;2;23394792;150926061145479;183480232;;;;12/07/2031 00:00:00;2;13962389;15/09/2026 06:11:45;Tiago;Rodriguez;;;;;;Tiago Rodriguez;
14294946;15/09/2026 06:20:26;3;2;0008    2924-1;03;CAMIONETA MIE 1;2093731;"OD04    ";"ORTIZ DARIO A.- CERAMITODO                        ";SENGUEL 6447;952541;"60-001N        ";"60-001N - LAVATORIO ""CROMO Y""";7;7;7;23394829;150926061434019;183486404;;;;02/01/2032 00:00:00;7;13962403;15/09/2026 06:14:34;Tiago;Rodriguez;;;;;;Tiago Rodriguez;
14294946;15/09/2026 06:20:26;3;2;0008    2924-1;03;CAMIONETA MIE 1;2093731;"OD04    ";"ORTIZ DARIO A.- CERAMITODO                        ";SENGUEL 6447;951546;"20-173         ";20-173 - COCINA MESADA MONOC. COLORS ROJO;12;12;12;23394859;150926061602640;183695284;;;;07/28/2031 00:00:00;6;13962410;15/09/2026 06:16:02;Tiago;Rodriguez;;;;;;Tiago Rodriguez;
14294946;15/09/2026 06:20:26;3;2;0008    2924-1;03;CAMIONETA MIE 1;2093731;"OD04    ";"ORTIZ DARIO A.- CERAMITODO                        ";SENGUEL 6447;951546;"20-173         ";20-173 - COCINA MESADA MONOC. COLORS ROJO;12;12;12;23394864;150926061627784;183479055;;;;07/28/2031 00:00:00;6;13962414;15/09/2026 06:16:27;Tiago;Rodriguez;;;;;;Tiago Rodriguez;
14294946;15/09/2026 06:20:26;3;2;0008    2924-1;03;CAMIONETA MIE 1;2093731;"OD04    ";"ORTIZ DARIO A.- CERAMITODO                        ";SENGUEL 6447;952499;"54-203         ";"COCINA PARED EXT C.CERAM ADRA MONOCOMANDO                             ";7;7;7;23394884;150926061857397;183500287;;;;02/18/2032 00:00:00;7;13962419;15/09/2026 06:18:57;Tiago;Rodriguez;;;;;;Tiago Rodriguez;
14294946;15/09/2026 06:20:26;3;2;0008    2924-1;03;CAMIONETA MIE 1;2093731;"OD04    ";"ORTIZ DARIO A.- CERAMITODO                        ";SENGUEL 6447;952647;"60-176         ";"LAVATORIO MONOCOMANDO BAJO CR RIO                                     ";4;4;4;23394904;150926062004564;183487496;;;;10/11/2031 00:00:00;4;13962426;15/09/2026 06:20:04;Tiago;Rodriguez;;;;;;Tiago Rodriguez;
14294946;15/09/2026 06:20:26;3;2;0008    2924-1;03;CAMIONETA MIE 1;2093731;"OD04    ";"ORTIZ DARIO A.- CERAMITODO                        ";SENGUEL 6447;953161;"80-205         ";80-205 - DUCHA EMB. C/TRANSF. MONOC STEEL;2;2;2;23394904;150926062004564;183482206;;;;08/11/2031 00:00:00;2;13962426;15/09/2026 06:20:04;Tiago;Rodriguez;;;;;;Tiago Rodriguez;
14294947;15/09/2026 07:48:31;3;2;0001  215546-1;03;CAMIONETA MIE 1;2094325;"SA66    ";"SANITARIOS CAÑUELAS SRL                           ";RUTA 205 Y RIVADAVIA;953334;"84-203         ";"DUCHA EXT C/COLUMNA Y TRANSF CR ADRA                                  ";1;1;1;23366619;140926142929330;183481049;;;;12/02/2031 00:00:00;1;13953982;14/09/2026 14:29:29;Tiago;Rodriguez;24643145;14/09/2026 10:43:33;7636;Kevin;Arce;Tiago Rodriguez;Kevin Arce
14294947;15/09/2026 07:48:31;3;2;0001  215546-1;03;CAMIONETA MIE 1;2094325;"SA66    ";"SANITARIOS CAÑUELAS SRL                           ";RUTA 205 Y RIVADAVIA;953109;"80-166         ";"DUCHA EMB. C/TRANSF. CR C.CERAM ADRA PLUS                             ";1;1;1;23368540;140926143018366;183487932;;;;01/19/2032 00:00:00;1;13954493;14/09/2026 14:30:18;Tiago;Rodriguez;24644964;14/09/2026 10:02:07;7827;Javier;Machado;Tiago Rodriguez;Javier Machado
14294947;15/09/2026 07:48:31;3;2;0001  215546-1;03;CAMIONETA MIE 1;2094325;"SA66    ";"SANITARIOS CAÑUELAS SRL                           ";RUTA 205 Y RIVADAVIA;952912;"70-162         ";70-162 - BIDE CR C.CERAM LINEA ADRA;1;1;1;23368540;140926143018366;183487613;;;;07/29/2031 00:00:00;1;13954493;14/09/2026 14:30:18;Tiago;Rodriguez;24644964;14/09/2026 10:02:07;7827;Javier;Machado;Tiago Rodriguez;Javier Machado
14294947;15/09/2026 07:48:31;3;2;0001  215546-1;03;CAMIONETA MIE 1;2094325;"SA66    ";"SANITARIOS CAÑUELAS SRL                           ";RUTA 205 Y RIVADAVIA;952634;"60-162         ";60-162 - LAVATORIO CR C.CERAM LINEA ADRA;2;2;2;23368540;140926143018366;183486778;;;;07/29/2031 00:00:00;2;13954493;14/09/2026 14:30:18;Tiago;Rodriguez;24644964;14/09/2026 10:02:07;7827;Javier;Machado;Tiago Rodriguez;Javier Machado
14294947;15/09/2026 07:48:31;3;2;0001  215546-1;03;CAMIONETA MIE 1;2094325;"SA66    ";"SANITARIOS CAÑUELAS SRL                           ";RUTA 205 Y RIVADAVIA;954921;"BCH18          ";BCH18 - BACHA DE APOYAR SIMIL MARMOL 460x320x140;1;1;1;23374499;150926074830301;183529590;;;;10/04/2031 00:00:00;1;13963123;15/09/2026 07:48:30;Tiago;Rodriguez;24650930;14/09/2026 11:40:17;7807;Nicolas;Perez;Tiago Rodriguez;Nicolas Perez
14294947;15/09/2026 07:48:31;3;2;0001  215546-1;03;CAMIONETA MIE 1;2094325;"SA66    ";"SANITARIOS CAÑUELAS SRL                           ";RUTA 205 Y RIVADAVIA;952720;"61-192         ";61-192 - LAVATORIO ALTO SORIA BLACK;1;1;1;23382478;140926142810649;183489876;;;;07/27/2031 00:00:00;1;13954426;14/09/2026 14:28:10;Tiago;Rodriguez;;;;;;Tiago Rodriguez;
14294947;15/09/2026 07:48:31;3;2;0001  215546-1;03;CAMIONETA MIE 1;2094325;"SA66    ";"SANITARIOS CAÑUELAS SRL                           ";RUTA 205 Y RIVADAVIA;952796;"63-168N        ";"LAVATORIO PARED EMB MONOC BLACK WAVE                                  ";1;1;1;23382478;140926142810649;183480231;;;;07/28/2031 00:00:00;1;13954426;14/09/2026 14:28:10;Tiago;Rodriguez;;;;;;Tiago Rodriguez;
14294947;15/09/2026 07:48:31;3;2;0001  215546-1;03;CAMIONETA MIE 1;2094325;"SA66    ";"SANITARIOS CAÑUELAS SRL                           ";RUTA 205 Y RIVADAVIA;951533;"20-150         ";20-150 - MONOCOMANDO MESADA COCINA TOLEDO;1;1;1;23382478;140926142810649;183490975;;;;07/27/2031 00:00:00;1;13954426;14/09/2026 14:28:10;Tiago;Rodriguez;;;;;;Tiago Rodriguez;
14294947;15/09/2026 07:48:31;3;2;0001  215546-1;03;CAMIONETA MIE 1;2094325;"SA66    ";"SANITARIOS CAÑUELAS SRL                           ";RUTA 205 Y RIVADAVIA;953131;"80-183         ";"DUCHA EMB C/TRANSF MONOCOMANDO MAT                                    ";1;1;1;23382478;140926142810649;183496825;;;;11/02/2031 00:00:00;1;13954426;14/09/2026 14:28:10;Tiago;Rodriguez;;;;;;Tiago Rodriguez;
14294947;15/09/2026 07:48:31;3;2;0001  215546-1;03;CAMIONETA MIE 1;2094325;"SA66    ";"SANITARIOS CAÑUELAS SRL                           ";RUTA 205 Y RIVADAVIA;951488;"20-102         ";"20-102 - MONOCOMANDO MESADA CROMO ""RENACER""";2;2;2;23382503;140926142900788;183502017;;;;08/20/2031 00:00:00;2;13954457;14/09/2026 14:29:00;Tiago;Rodriguez;;;;;;Tiago Rodriguez;
14294947;15/09/2026 07:48:31;3;2;0001  215546-1;03;CAMIONETA MIE 1;2094325;"SA66    ";"SANITARIOS CAÑUELAS SRL                           ";RUTA 205 Y RIVADAVIA;952630;"60-152         ";60-152 - LAVATORIO CR MONOCOMANDO BAJO SORIA;1;1;1;23382503;140926142900788;183489294;;;;07/27/2031 00:00:00;1;13954457;14/09/2026 14:29:00;Tiago;Rodriguez;;;;;;Tiago Rodriguez;
14294947;15/09/2026 07:48:31;3;2;0001  215546-1;03;CAMIONETA MIE 1;2094325;"SA66    ";"SANITARIOS CAÑUELAS SRL                           ";RUTA 205 Y RIVADAVIA;952933;"70-183         ";"BIDE MONOCOMANDO C/TRANSF MAT                                         ";1;1;1;23382503;140926142900788;183497590;;;;11/02/2031 00:00:00;1;13954457;14/09/2026 14:29:00;Tiago;Rodriguez;;;;;;Tiago Rodriguez;
14294947;15/09/2026 07:48:31;3;2;0001  215546-1;03;CAMIONETA MIE 1;2094325;"SA66    ";"SANITARIOS CAÑUELAS SRL                           ";RUTA 205 Y RIVADAVIA;952800;"63-183         ";"LAVATORIO PARED EMB MONOCOMANDO MAT                                   ";1;1;1;23382503;140926142900788;183497306;;;;01/12/2032 00:00:00;1;13954457;14/09/2026 14:29:00;Tiago;Rodriguez;;;;;;Tiago Rodriguez;
14294947;15/09/2026 07:48:31;3;2;0001  215546-1;03;CAMIONETA MIE 1;2094325;"SA66    ";"SANITARIOS CAÑUELAS SRL                           ";RUTA 205 Y RIVADAVIA;952712;"61-176         ";61-176 - LAVATORIO MONOC ALTO CR RIO;1;1;1;23382503;140926142900788;183485000;;;;10/09/2031 00:00:00;1;13954457;14/09/2026 14:29:00;Tiago;Rodriguez;;;;;;Tiago Rodriguez;
14294947;15/09/2026 07:48:31;3;2;0001  215546-1;03;CAMIONETA MIE 1;2094325;"SA66    ";"SANITARIOS CAÑUELAS SRL                           ";RUTA 205 Y RIVADAVIA;954911;"BCH10          ";BCH10 - BACHA DE APOYAR NEGRO MATE 460x320x140;1;1;1;23396851;150926074817821;183529890;;;;07/28/2031 00:00:00;1;13963131;15/09/2026 07:48:17;Tiago;Rodriguez;;;;;;Tiago Rodriguez;
14294948;14/09/2026 14:57:12;3;2;0001  215551-1;03;CAMIONETA MIE 1;2092204;"DS15    ";"DI STABILE E HIJOS S.A.                           ";JUAN M. DE ROSAS 8378;951532;"20-147         ";20-147 - MONOCOMANDO DE COCINA SWIFT;10;10;10;23366620;140926145711315;183483370;;;;07/29/2031 00:00:00;10;13955474;14/09/2026 14:57:11;Tiago;Rodriguez;24643145;14/09/2026 10:43:33;7636;Kevin;Arce;Tiago Rodriguez;Kevin Arce
14294948;14/09/2026 14:57:12;3;2;0001  215551-1;03;CAMIONETA MIE 1;2092204;"DS15    ";"DI STABILE E HIJOS S.A.                           ";JUAN M. DE ROSAS 8378;952634;"60-162         ";60-162 - LAVATORIO CR C.CERAM LINEA ADRA;5;5;5;23368541;140926145643879;183487296;;;;07/29/2031 00:00:00;5;13955453;14/09/2026 14:56:43;Tiago;Rodriguez;24644964;14/09/2026 10:02:07;7827;Javier;Machado;Tiago Rodriguez;Javier Machado
14294949;14/09/2026 15:01:00;3;2;0001  215558-1;03;CAMIONETA MIE 1;2093731;"OD04    ";"ORTIZ DARIO A.- CERAMITODO                        ";SENGUEL 6447;952438;"51-058         ";51-058 - COCINA MESADA CR C.STD MALBA;2;2;2;23366641;140926145959984;183475523;;;;10/19/2031 00:00:00;2;13955532;14/09/2026 14:59:59;Tiago;Rodriguez;24643147;14/09/2026 09:59:18;6922;Franco;Potenza;Tiago Rodriguez;Franco Potenza
14294949;14/09/2026 15:01:00;3;2;0001  215558-1;03;CAMIONETA MIE 1;2093731;"OD04    ";"ORTIZ DARIO A.- CERAMITODO                        ";SENGUEL 6447;953060;"80-058         ";80-058 - DUCHA EMB. C/TRANSF. CR C.STD MALBA;3;3;3;23366641;140926145959984;183482401;;;;01/06/2032 00:00:00;3;13955532;14/09/2026 14:59:59;Tiago;Rodriguez;24643147;14/09/2026 09:59:18;6922;Franco;Potenza;Tiago Rodriguez;Franco Potenza
14294949;14/09/2026 15:01:00;3;2;0001  215558-1;03;CAMIONETA MIE 1;2093731;"OD04    ";"ORTIZ DARIO A.- CERAMITODO                        ";SENGUEL 6447;953104;"80-153         ";80-153 - DUCHA EMB. C/TRANSF. CR C.CERAM CASTILLA;2;2;2;23366641;140926145959984;183478356;;;;01/20/2032 00:00:00;2;13955532;14/09/2026 14:59:59;Tiago;Rodriguez;24643147;14/09/2026 09:59:18;6922;Franco;Potenza;Tiago Rodriguez;Franco Potenza
14294949;14/09/2026 15:01:00;3;2;0001  215558-1;03;CAMIONETA MIE 1;2093731;"OD04    ";"ORTIZ DARIO A.- CERAMITODO                        ";SENGUEL 6447;951530;"20-146         ";20-146 - MONOCOMANDO DE COCINA CR LINEA MOVE;3;3;3;23369276;140926150058156;183493084;;;;10/09/2031 00:00:00;3;13955580;14/09/2026 15:00:58;Tiago;Rodriguez;24645653;14/09/2026 10:18:14;7827;Javier;Machado;Tiago Rodriguez;Javier Machado
14294949;14/09/2026 15:01:00;3;2;0001  215558-1;03;CAMIONETA MIE 1;2093731;"OD04    ";"ORTIZ DARIO A.- CERAMITODO                        ";SENGUEL 6447;951531;"20-146N        ";20-146N - MONOCOMANDO DE COCINA BLACK LINEA MOVE;3;3;3;23369276;140926150058156;183493703;;;;07/30/2031 00:00:00;3;13955580;14/09/2026 15:00:58;Tiago;Rodriguez;24645653;14/09/2026 10:18:14;7827;Javier;Machado;Tiago Rodriguez;Javier Machado
14294950;15/09/2026 06:37:20;3;2;0008    2929-1;03;CAMIONETA MIE 1;2093731;"OD04    ";"ORTIZ DARIO A.- CERAMITODO                        ";SENGUEL 6447;951531;"20-146N        ";20-146N - MONOCOMANDO DE COCINA BLACK LINEA MOVE;9;9;9;23366621;150926063400000;183503685;;;;07/30/2031 00:00:00;6;13962478;15/09/2026 06:34:00;Tiago;Rodriguez;24643145;14/09/2026 10:43:33;7636;Kevin;Arce;Tiago Rodriguez;Kevin Arce
14294950;15/09/2026 06:37:20;3;2;0008    2929-1;03;CAMIONETA MIE 1;2093731;"OD04    ";"ORTIZ DARIO A.- CERAMITODO                        ";SENGUEL 6447;953104;"80-153         ";80-153 - DUCHA EMB. C/TRANSF. CR C.CERAM CASTILLA;4;4;4;23366642;150926063718051;183479014;;;;01/20/2032 00:00:00;4;13962513;15/09/2026 06:37:18;Tiago;Rodriguez;24643147;14/09/2026 09:59:18;6922;Franco;Potenza;Tiago Rodriguez;Franco Potenza
14294950;15/09/2026 06:37:20;3;2;0008    2929-1;03;CAMIONETA MIE 1;2093731;"OD04    ";"ORTIZ DARIO A.- CERAMITODO                        ";SENGUEL 6447;951530;"20-146         ";20-146 - MONOCOMANDO DE COCINA CR LINEA MOVE;9;9;9;23395118;150926063246554;183696509;;;;10/09/2031 00:00:00;3;13962494;15/09/2026 06:32:46;Tiago;Rodriguez;;;;;;Tiago Rodriguez;
14294950;15/09/2026 06:37:20;3;2;0008    2929-1;03;CAMIONETA MIE 1;2093731;"OD04    ";"ORTIZ DARIO A.- CERAMITODO                        ";SENGUEL 6447;951531;"20-146N        ";20-146N - MONOCOMANDO DE COCINA BLACK LINEA MOVE;9;9;9;23395118;150926063246554;183696510;;;;07/30/2031 00:00:00;3;13962494;15/09/2026 06:32:46;Tiago;Rodriguez;;;;;;Tiago Rodriguez;
14294950;15/09/2026 06:37:20;3;2;0008    2929-1;03;CAMIONETA MIE 1;2093731;"OD04    ";"ORTIZ DARIO A.- CERAMITODO                        ";SENGUEL 6447;951530;"20-146         ";20-146 - MONOCOMANDO DE COCINA CR LINEA MOVE;9;9;9;23395140;150926063344688;183493040;;;;10/09/2031 00:00:00;6;13962503;15/09/2026 06:33:44;Tiago;Rodriguez;;;;;;Tiago Rodriguez;
14294950;15/09/2026 06:37:20;3;2;0008    2929-1;03;CAMIONETA MIE 1;2093731;"OD04    ";"ORTIZ DARIO A.- CERAMITODO                        ";SENGUEL 6447;953060;"80-058         ";80-058 - DUCHA EMB. C/TRANSF. CR C.STD MALBA;9;9;9;23395164;150926063551752;183483156;;;;01/06/2032 00:00:00;9;13962518;15/09/2026 06:35:51;Tiago;Rodriguez;;;;;;Tiago Rodriguez;
14294950;15/09/2026 06:37:20;3;2;0008    2929-1;03;CAMIONETA MIE 1;2093731;"OD04    ";"ORTIZ DARIO A.- CERAMITODO                        ";SENGUEL 6447;952438;"51-058         ";51-058 - COCINA MESADA CR C.STD MALBA;7;7;7;23395174;150926063626150;183475899;;;;10/19/2031 00:00:00;7;13962524;15/09/2026 06:36:26;Tiago;Rodriguez;;;;;;Tiago Rodriguez;
14294951;14/09/2026 14:05:40;3;2;0001  215604-1;03;CAMIONETA MIE 1;2094325;"SA66    ";"SANITARIOS CAÑUELAS SRL                           ";RUTA 205 Y RIVADAVIA;952634;"60-162         ";60-162 - LAVATORIO CR C.CERAM LINEA ADRA;2;2;2;23366643;140926140538440;183474134;;;;07/29/2031 00:00:00;2;13953631;14/09/2026 14:05:38;Tiago;Rodriguez;24643147;14/09/2026 09:59:18;6922;Franco;Potenza;Tiago Rodriguez;Franco Potenza
14294951;14/09/2026 14:05:40;3;2;0001  215604-1;03;CAMIONETA MIE 1;2094325;"SA66    ";"SANITARIOS CAÑUELAS SRL                           ";RUTA 205 Y RIVADAVIA;952912;"70-162         ";70-162 - BIDE CR C.CERAM LINEA ADRA;2;2;2;23366643;140926140538440;183474680;;;;07/29/2031 00:00:00;2;13953631;14/09/2026 14:05:38;Tiago;Rodriguez;24643147;14/09/2026 09:59:18;6922;Franco;Potenza;Tiago Rodriguez;Franco Potenza
14294951;14/09/2026 14:05:40;3;2;0001  215604-1;03;CAMIONETA MIE 1;2094325;"SA66    ";"SANITARIOS CAÑUELAS SRL                           ";RUTA 205 Y RIVADAVIA;953109;"80-166         ";"DUCHA EMB. C/TRANSF. CR C.CERAM ADRA PLUS                             ";2;2;2;23366643;140926140538440;183475185;;;;01/19/2032 00:00:00;2;13953631;14/09/2026 14:05:38;Tiago;Rodriguez;24643147;14/09/2026 09:59:18;6922;Franco;Potenza;Tiago Rodriguez;Franco Potenza
14294952;14/09/2026 14:15:50;3;2;0001  215606-1;03;CAMIONETA MIE 1;2094325;"SA66    ";"SANITARIOS CAÑUELAS SRL                           ";RUTA 205 Y RIVADAVIA;951536;"20-162         ";20-162 - MONOCOMANDO COCINA ADRA;2;2;2;23366622;140926141549970;183493661;;;;07/28/2031 00:00:00;2;13953802;14/09/2026 14:15:49;Tiago;Rodriguez;24643145;14/09/2026 10:43:33;7636;Kevin;Arce;Tiago Rodriguez;Kevin Arce
14294952;14/09/2026 14:15:50;3;2;0001  215606-1;03;CAMIONETA MIE 1;2094325;"SA66    ";"SANITARIOS CAÑUELAS SRL                           ";RUTA 205 Y RIVADAVIA;952647;"60-176         ";"LAVATORIO MONOCOMANDO BAJO CR RIO                                     ";2;2;2;23366622;140926141549970;183488438;;;;10/11/2031 00:00:00;2;13953802;14/09/2026 14:15:49;Tiago;Rodriguez;24643145;14/09/2026 10:43:33;7636;Kevin;Arce;Tiago Rodriguez;Kevin Arce
14294952;14/09/2026 14:15:50;3;2;0001  215606-1;03;CAMIONETA MIE 1;2094325;"SA66    ";"SANITARIOS CAÑUELAS SRL                           ";RUTA 205 Y RIVADAVIA;952925;"70-176         ";70-176 - BIDE MONOC C/TRANSF CR RIO;2;2;2;23366622;140926141549970;183484458;;;;11/17/2031 00:00:00;2;13953802;14/09/2026 14:15:49;Tiago;Rodriguez;24643145;14/09/2026 10:43:33;7636;Kevin;Arce;Tiago Rodriguez;Kevin Arce
14294952;14/09/2026 14:15:50;3;2;0001  215606-1;03;CAMIONETA MIE 1;2094325;"SA66    ";"SANITARIOS CAÑUELAS SRL                           ";RUTA 205 Y RIVADAVIA;953122;"80-176         ";80-176 - DUCHA EMB C/TRANSF MONOC CR RIO;2;2;2;23366622;140926141549970;183486264;;;;07/29/2031 00:00:00;2;13953802;14/09/2026 14:15:49;Tiago;Rodriguez;24643145;14/09/2026 10:43:33;7636;Kevin;Arce;Tiago Rodriguez;Kevin Arce
14294952;14/09/2026 14:15:50;3;2;0001  215606-1;03;CAMIONETA MIE 1;2094325;"SA66    ";"SANITARIOS CAÑUELAS SRL                           ";RUTA 205 Y RIVADAVIA;951135;"13030          ";"PERCHA LINEA 13000                                                    ";4;4;4;23381828;140926141358094;183476818;;;;07/31/2031 00:00:00;4;13953896;14/09/2026 14:13:58;Tiago;Rodriguez;;;;;;Tiago Rodriguez;
14294952;14/09/2026 14:15:50;3;2;0001  215606-1;03;CAMIONETA MIE 1;2094325;"SA66    ";"SANITARIOS CAÑUELAS SRL                           ";RUTA 205 Y RIVADAVIA;951136;"13040          ";"PORTA ROLLO LINEA 13000                                               ";2;2;2;23381828;140926141358094;183476156;;;;07/31/2031 00:00:00;2;13953896;14/09/2026 14:13:58;Tiago;Rodriguez;;;;;;Tiago Rodriguez;
14294952;14/09/2026 14:15:50;3;2;0001  215606-1;03;CAMIONETA MIE 1;2094325;"SA66    ";"SANITARIOS CAÑUELAS SRL                           ";RUTA 205 Y RIVADAVIA;951134;"13020          ";"TOALLERO DE ARO LINEA 13000                                           ";2;2;2;23381828;140926141358094;183475867;;;;07/31/2031 00:00:00;2;13953896;14/09/2026 14:13:58;Tiago;Rodriguez;;;;;;Tiago Rodriguez;
14294953;14/09/2026 14:55:18;3;2;0001  215638-1;03;CAMIONETA MIE 1;2166692;"ML16    ";"MORINICO LEONEL E-MARKET FULL                     ";AV BRIGADIER JUAN M. DE ROSAS 4430;952912;"70-162         ";70-162 - BIDE CR C.CERAM LINEA ADRA;1;1;1;23368542;140926145459148;183487722;;;;07/29/2031 00:00:00;1;13955409;14/09/2026 14:54:59;Tiago;Rodriguez;24644964;14/09/2026 10:02:07;7827;Javier;Machado;Tiago Rodriguez;Javier Machado
14294953;14/09/2026 14:55:18;3;2;0001  215638-1;03;CAMIONETA MIE 1;2166692;"ML16    ";"MORINICO LEONEL E-MARKET FULL                     ";AV BRIGADIER JUAN M. DE ROSAS 4430;952637;"60-168         ";60-168 - LAVATORIO MONOC BAJO CR WAVE;2;2;2;23369277;140926145517827;183495464;;;;07/27/2031 00:00:00;2;13955415;14/09/2026 14:55:17;Tiago;Rodriguez;24645653;14/09/2026 10:18:14;7827;Javier;Machado;Tiago Rodriguez;Javier Machado
14294953;14/09/2026 14:55:18;3;2;0001  215638-1;03;CAMIONETA MIE 1;2166692;"ML16    ";"MORINICO LEONEL E-MARKET FULL                     ";AV BRIGADIER JUAN M. DE ROSAS 4430;951116;"12006          ";"SET DE 6 PIEZAS LINEA 12000                                           ";1;1;1;23369277;140926145517827;183494217;;;;07/30/2031 00:00:00;1;13955415;14/09/2026 14:55:17;Tiago;Rodriguez;24645653;14/09/2026 10:18:14;7827;Javier;Machado;Tiago Rodriguez;Javier Machado
14294954;14/09/2026 14:51:51;3;2;0001  215656-1;03;CAMIONETA MIE 1;2094328;"SA69    ";"SANIBON S.R.L.                                    ";RIVADAVIA 161;952595;"60-100C        ";60-100C - LAVATORIO CR C.CERAM FABRIC;1;1;1;23368543;140926143123211;183489422;;;;08/17/2031 00:00:00;1;13954530;14/09/2026 14:31:23;Tiago;Rodriguez;24644964;14/09/2026 10:02:07;7827;Javier;Machado;Tiago Rodriguez;Javier Machado
14294954;14/09/2026 14:51:51;3;2;0001  215656-1;03;CAMIONETA MIE 1;2094328;"SA69    ";"SANIBON S.R.L.                                    ";RIVADAVIA 161;952739;"62-100C        ";62-100C - LAVATORIO DE PARED CR C.CERAM FABRIC;1;1;1;23368543;140926143123211;183489616;;;;07/31/2031 00:00:00;1;13954530;14/09/2026 14:31:23;Tiago;Rodriguez;24644964;14/09/2026 10:02:07;7827;Javier;Machado;Tiago Rodriguez;Javier Machado
14294954;14/09/2026 14:51:51;3;2;0001  215656-1;03;CAMIONETA MIE 1;2094328;"SA69    ";"SANIBON S.R.L.                                    ";RIVADAVIA 161;952759;"62-162N        ";62-162N - LAVATORIO DE PARED BLACK C.CERAM ADRA;1;1;1;23368543;140926143123211;183488624;;;;12/08/2031 00:00:00;1;13954530;14/09/2026 14:31:23;Tiago;Rodriguez;24644964;14/09/2026 10:02:07;7827;Javier;Machado;Tiago Rodriguez;Javier Machado
14294954;14/09/2026 14:51:51;3;2;0001  215656-1;03;CAMIONETA MIE 1;2094328;"SA69    ";"SANIBON S.R.L.                                    ";RIVADAVIA 161;952913;"70-162N        ";70-162N - BIDE BLACK C.CERAM LINEA ADRA;1;1;1;23368543;140926143123211;183489120;;;;12/08/2031 00:00:00;1;13954530;14/09/2026 14:31:23;Tiago;Rodriguez;24644964;14/09/2026 10:02:07;7827;Javier;Machado;Tiago Rodriguez;Javier Machado
14294954;14/09/2026 14:51:51;3;2;0001  215656-1;03;CAMIONETA MIE 1;2094328;"SA69    ";"SANIBON S.R.L.                                    ";RIVADAVIA 161;953182;"8040           ";8040 - PORTA ROLLO LINEA 8000;2;2;2;23371714;140926145150736;183509457;;;;08/12/2031 00:00:00;2;13954937;14/09/2026 14:51:50;Tiago;Rodriguez;24648033;14/09/2026 11:19:15;7807;Nicolas;Perez;Tiago Rodriguez;Nicolas Perez
14294954;14/09/2026 14:51:51;3;2;0001  215656-1;03;CAMIONETA MIE 1;2094328;"SA69    ";"SANIBON S.R.L.                                    ";RIVADAVIA 161;953167;"8030           ";8030 - PERCHA LINEA 8000;2;2;2;23371714;140926145150736;183509308;;;;07/29/2031 00:00:00;2;13954937;14/09/2026 14:51:50;Tiago;Rodriguez;24648033;14/09/2026 11:19:15;7807;Nicolas;Perez;Tiago Rodriguez;Nicolas Perez
14294954;14/09/2026 14:51:51;3;2;0001  215656-1;03;CAMIONETA MIE 1;2094328;"SA69    ";"SANIBON S.R.L.                                    ";RIVADAVIA 161;953151;"8020           ";8020 - TOALLERO DE ARO LINEA 8000;2;2;2;23371714;140926145150736;183509202;;;;07/31/2031 00:00:00;2;13954937;14/09/2026 14:51:50;Tiago;Rodriguez;24648033;14/09/2026 11:19:15;7807;Nicolas;Perez;Tiago Rodriguez;Nicolas Perez
14294954;14/09/2026 14:51:51;3;2;0001  215656-1;03;CAMIONETA MIE 1;2094328;"SA69    ";"SANIBON S.R.L.                                    ";RIVADAVIA 161;953069;"8010           ";8010 - TOALLERO BARRAL LINEA 8000;2;2;2;23371714;140926145150736;183509088;;;;07/27/2031 00:00:00;2;13954937;14/09/2026 14:51:50;Tiago;Rodriguez;24648033;14/09/2026 11:19:15;7807;Nicolas;Perez;Tiago Rodriguez;Nicolas Perez
14294954;14/09/2026 14:51:51;3;2;0001  215656-1;03;CAMIONETA MIE 1;2094328;"SA69    ";"SANIBON S.R.L.                                    ";RIVADAVIA 161;951299;"17030C         ";17030C - PERCHA LINEA FABRIC CROMO;2;2;2;23383145;140926144239333;183519443;;;;11/10/2031 00:00:00;2;13954974;14/09/2026 14:42:39;Tiago;Rodriguez;;;;;;Tiago Rodriguez;
14294954;14/09/2026 14:51:51;3;2;0001  215656-1;03;CAMIONETA MIE 1;2094328;"SA69    ";"SANIBON S.R.L.                                    ";RIVADAVIA 161;951293;"17010C         ";17010C - TOALLERO BARRAL LINEA FABRIC CROMO;2;2;2;23383145;140926144239333;183519085;;;;07/27/2031 00:00:00;2;13954974;14/09/2026 14:42:39;Tiago;Rodriguez;;;;;;Tiago Rodriguez;
14294954;14/09/2026 14:51:51;3;2;0001  215656-1;03;CAMIONETA MIE 1;2094328;"SA69    ";"SANIBON S.R.L.                                    ";RIVADAVIA 161;951296;"17020C         ";17020C - TOALLERO DE ARO LINEA FABRIC CROMO;2;2;2;23383225;140926144443576;183518548;;;;07/30/2031 00:00:00;2;13955059;14/09/2026 14:44:43;Tiago;Rodriguez;;;;;;Tiago Rodriguez;
14294954;14/09/2026 14:51:51;3;2;0001  215656-1;03;CAMIONETA MIE 1;2094328;"SA69    ";"SANIBON S.R.L.                                    ";RIVADAVIA 161;951302;"17040C         ";17040C - PORTA ROLLO LINEA FABRIC CROMO;2;2;2;23383225;140926144443576;183519694;;;;07/29/2031 00:00:00;2;13955059;14/09/2026 14:44:43;Tiago;Rodriguez;;;;;;Tiago Rodriguez;
14294954;14/09/2026 14:51:51;3;2;0001  215656-1;03;CAMIONETA MIE 1;2094328;"SA69    ";"SANIBON S.R.L.                                    ";RIVADAVIA 161;951485;"20-100G        ";20-100G - MONOCOMANDO DE COCINA FABRIC GOLD;1;1;1;23383225;140926144443576;183515920;;;;07/28/2031 00:00:00;1;13955059;14/09/2026 14:44:43;Tiago;Rodriguez;;;;;;Tiago Rodriguez;
14294954;14/09/2026 14:51:51;3;2;0001  215656-1;03;CAMIONETA MIE 1;2094328;"SA69    ";"SANIBON S.R.L.                                    ";RIVADAVIA 161;951513;"20-122N        ";20-122N - MONOCOMANDO COCINA C/PICO EXTRAIBLE VALENCIA BLACK;1;1;1;23383225;140926144443576;183516752;;;;08/06/2031 00:00:00;1;13955059;14/09/2026 14:44:43;Tiago;Rodriguez;;;;;;Tiago Rodriguez;
14294954;14/09/2026 14:51:51;3;2;0001  215656-1;03;CAMIONETA MIE 1;2094328;"SA69    ";"SANIBON S.R.L.                                    ";RIVADAVIA 161;951833;"30-132         ";30-132 - COCINA MESADA MONOC. C/DUCHADOR EXTENSIBLE VIGO;2;2;2;23383225;140926144443576;183509808;;;;07/28/2031 00:00:00;2;13955059;14/09/2026 14:44:43;Tiago;Rodriguez;;;;;;Tiago Rodriguez;
14294954;14/09/2026 14:51:51;3;2;0001  215656-1;03;CAMIONETA MIE 1;2094328;"SA69    ";"SANIBON S.R.L.                                    ";RIVADAVIA 161;951532;"20-147         ";20-147 - MONOCOMANDO DE COCINA SWIFT;1;1;1;23383312;140926144625225;183517260;;;;07/29/2031 00:00:00;1;13955128;14/09/2026 14:46:25;Tiago;Rodriguez;;;;;;Tiago Rodriguez;
14294954;14/09/2026 14:51:51;3;2;0001  215656-1;03;CAMIONETA MIE 1;2094328;"SA69    ";"SANIBON S.R.L.                                    ";RIVADAVIA 161;951524;"20-135         ";20-135 - MONOCOMANDO COCINA SANTANDER;1;1;1;23383312;140926144625225;183516268;;;;07/28/2031 00:00:00;1;13955128;14/09/2026 14:46:25;Tiago;Rodriguez;;;;;;Tiago Rodriguez;
14294954;14/09/2026 14:51:51;3;2;0001  215656-1;03;CAMIONETA MIE 1;2094328;"SA69    ";"SANIBON S.R.L.                                    ";RIVADAVIA 161;951512;"20-122         ";"MONOCOMANDO COCINA CR C/PICO EXTRAIBLE VALENCIA                       ";1;1;1;23383312;140926144625225;183517522;;;;08/06/2031 00:00:00;1;13955128;14/09/2026 14:46:25;Tiago;Rodriguez;;;;;;Tiago Rodriguez;
14294954;14/09/2026 14:51:51;3;2;0001  215656-1;03;CAMIONETA MIE 1;2094328;"SA69    ";"SANIBON S.R.L.                                    ";RIVADAVIA 161;951508;"20-121         ";20-121 - COCINA MSDA MONOC.P. REDONDO MARBELLA;3;3;3;23383312;140926144625225;183513871;;;;07/30/2031 00:00:00;3;13955128;14/09/2026 14:46:25;Tiago;Rodriguez;;;;;;Tiago Rodriguez;
14294954;14/09/2026 14:51:51;3;2;0001  215656-1;03;CAMIONETA MIE 1;2094328;"SA69    ";"SANIBON S.R.L.                                    ";RIVADAVIA 161;951305;"17050C         ";17050C - JABONERA  LINEA FABRIC CROMO;2;2;2;23383428;140926144828191;183513222;;;;07/31/2031 00:00:00;2;13955211;14/09/2026 14:48:28;Tiago;Rodriguez;;;;;;Tiago Rodriguez;
14294954;14/09/2026 14:51:51;3;2;0001  215656-1;03;CAMIONETA MIE 1;2094328;"SA69    ";"SANIBON S.R.L.                                    ";RIVADAVIA 161;951308;"17060C         ";17060C - PORTA VASO Y CEPILLO  LINEA FABRIC CROMO;2;2;2;23383428;140926144828191;183511455;;;;07/31/2031 00:00:00;2;13955211;14/09/2026 14:48:28;Tiago;Rodriguez;;;;;;Tiago Rodriguez;
14294954;14/09/2026 14:51:51;3;2;0001  215656-1;03;CAMIONETA MIE 1;2094328;"SA69    ";"SANIBON S.R.L.                                    ";RIVADAVIA 161;951547;"20-174         ";20-174 - COCINA MESADA MONOC. COLORS BLACK;3;3;3;23383428;140926144828191;183510648;;;;07/28/2031 00:00:00;3;13955211;14/09/2026 14:48:28;Tiago;Rodriguez;;;;;;Tiago Rodriguez;
14294954;14/09/2026 14:51:51;3;2;0001  215656-1;03;CAMIONETA MIE 1;2094328;"SA69    ";"SANIBON S.R.L.                                    ";RIVADAVIA 161;951554;"20-190         ";20-190 - COCINA MESADA MONOC BLACK VELVET;2;2;2;23383428;140926144828191;183599157;;;;07/28/2031 00:00:00;1;13955211;14/09/2026 14:48:28;Tiago;Rodriguez;;;;;;Tiago Rodriguez;
14294954;14/09/2026 14:51:51;3;2;0001  215656-1;03;CAMIONETA MIE 1;2094328;"SA69    ";"SANIBON S.R.L.                                    ";RIVADAVIA 161;951533;"20-150         ";20-150 - MONOCOMANDO MESADA COCINA TOLEDO;1;1;1;23383437;140926144840734;183515602;;;;07/27/2031 00:00:00;1;13955215;14/09/2026 14:48:40;Tiago;Rodriguez;;;;;;Tiago Rodriguez;
14294954;14/09/2026 14:51:51;3;2;0001  215656-1;03;CAMIONETA MIE 1;2094328;"SA69    ";"SANIBON S.R.L.                                    ";RIVADAVIA 161;951554;"20-190         ";20-190 - COCINA MESADA MONOC BLACK VELVET;2;2;2;23383437;140926144840734;183515066;;;;07/28/2031 00:00:00;1;13955215;14/09/2026 14:48:40;Tiago;Rodriguez;;;;;;Tiago Rodriguez;
14294954;14/09/2026 14:51:51;3;2;0001  215656-1;03;CAMIONETA MIE 1;2094328;"SA69    ";"SANIBON S.R.L.                                    ";RIVADAVIA 161;951523;"20-134         ";20-134 - MONOCOMANDO COCINA BETIS;2;2;2;23383437;140926144840734;183518094;;;;08/11/2031 00:00:00;2;13955215;14/09/2026 14:48:40;Tiago;Rodriguez;;;;;;Tiago Rodriguez;
14295162;15/09/2026 14:51:26;3;2;0001  214946-1;05;CAMIONETA MIE 3;2094976;"VL05    ";"VENTURA LEANDRO ARIEL                             ";AV LA PLATA 213;951156;"1330           ";"QUEINOX MACHO MOVIL MH 1/2"" x 30                                      ";20;20;20;23400404;150926145125134;183740638;;;;02/16/2032 00:00:00;20;13975386;15/09/2026 14:51:25;Gustavo;Soderquvist;24676904;15/09/2026 09:47:04;7839;Claudio;Juarez;Gustavo Soderquvist;Claudio Juarez
14295162;15/09/2026 14:51:26;3;2;0001  214946-1;05;CAMIONETA MIE 3;2094976;"VL05    ";"VENTURA LEANDRO ARIEL                             ";AV LA PLATA 213;951168;"1340           ";"QUEINOX MACHO MOVIL MH 1/2"" x 40                                      ";10;10;10;23400404;150926145125134;183741719;;;;02/09/2032 00:00:00;10;13975386;15/09/2026 14:51:25;Gustavo;Soderquvist;24676904;15/09/2026 09:47:04;7839;Claudio;Juarez;Gustavo Soderquvist;Claudio Juarez
14295163;15/09/2026 14:51:59;3;2;0001  215088-1;05;CAMIONETA MIE 3;2093427;"ME42    ";"MARTINEZ ELIZABET P. -SANITARIOS DIEGO            ";AV. RIVADAVIA 8336;953107;"80-162         ";80-162 - DUCHA EMB. C/TRANSF. CR C.CERAM ADRA;1;1;1;23396595;150926055158528;183706336;;;;07/29/2031 00:00:00;1;13975583;15/09/2026 14:51:58;Mirko;Hernandez;24673411;15/09/2026 08:14:24;7839;Claudio;Juarez;Mirko Hernandez;Claudio Juarez
14295163;15/09/2026 14:51:59;3;2;0001  215088-1;05;CAMIONETA MIE 3;2093427;"ME42    ";"MARTINEZ ELIZABET P. -SANITARIOS DIEGO            ";AV. RIVADAVIA 8336;952860;"70-057         ";70-057 - BIDE C.STD VERIN PLUS;1;1;1;23396595;150926055158528;183707115;;;;01/31/2032 00:00:00;1;13975583;15/09/2026 14:51:58;Mirko;Hernandez;24673411;15/09/2026 08:14:24;7839;Claudio;Juarez;Mirko Hernandez;Claudio Juarez
14295163;15/09/2026 14:51:59;3;2;0001  215088-1;05;CAMIONETA MIE 3;2093427;"ME42    ";"MARTINEZ ELIZABET P. -SANITARIOS DIEGO            ";AV. RIVADAVIA 8336;952634;"60-162         ";60-162 - LAVATORIO CR C.CERAM LINEA ADRA;2;2;2;23396595;150926055158528;183705771;;;;07/29/2031 00:00:00;2;13975583;15/09/2026 14:51:58;Mirko;Hernandez;24673411;15/09/2026 08:14:24;7839;Claudio;Juarez;Mirko Hernandez;Claudio Juarez
14295163;15/09/2026 14:51:59;3;2;0001  215088-1;05;CAMIONETA MIE 3;2093427;"ME42    ";"MARTINEZ ELIZABET P. -SANITARIOS DIEGO            ";AV. RIVADAVIA 8336;951530;"20-146         ";20-146 - MONOCOMANDO DE COCINA CR LINEA MOVE;2;2;2;23399033;150926054638326;183734227;;;;10/09/2031 00:00:00;2;13975476;15/09/2026 14:46:38;Mirko;Hernandez;24675733;15/09/2026 09:23:21;7636;Kevin;Arce;Mirko Hernandez;Kevin Arce
14295163;15/09/2026 14:51:59;3;2;0001  215088-1;05;CAMIONETA MIE 3;2093427;"ME42    ";"MARTINEZ ELIZABET P. -SANITARIOS DIEGO            ";AV. RIVADAVIA 8336;952647;"60-176         ";"LAVATORIO MONOCOMANDO BAJO CR RIO                                     ";2;2;2;23399033;150926054638326;183732630;;;;10/11/2031 00:00:00;2;13975476;15/09/2026 14:46:38;Mirko;Hernandez;24675733;15/09/2026 09:23:21;7636;Kevin;Arce;Mirko Hernandez;Kevin Arce
14295163;15/09/2026 14:51:59;3;2;0001  215088-1;05;CAMIONETA MIE 3;2093427;"ME42    ";"MARTINEZ ELIZABET P. -SANITARIOS DIEGO            ";AV. RIVADAVIA 8336;951611;"21-160         ";"MONOCOMANDO DUO COCINA CROMO DIQUE                                    ";2;2;2;23418245;150926054620431;183730167;;;;12/14/2031 00:00:00;2;13975501;15/09/2026 14:46:20;Mirko;Hernandez;;;;;;Mirko Hernandez;
14295163;15/09/2026 14:51:59;3;2;0001  215088-1;05;CAMIONETA MIE 3;2093427;"ME42    ";"MARTINEZ ELIZABET P. -SANITARIOS DIEGO            ";AV. RIVADAVIA 8336;952712;"61-176         ";61-176 - LAVATORIO MONOC ALTO CR RIO;1;1;1;23418245;150926054620431;183733454;;;;10/09/2031 00:00:00;1;13975501;15/09/2026 14:46:20;Mirko;Hernandez;;;;;;Mirko Hernandez;
14295163;15/09/2026 14:51:59;3;2;0001  215088-1;05;CAMIONETA MIE 3;2093427;"ME42    ";"MARTINEZ ELIZABET P. -SANITARIOS DIEGO            ";AV. RIVADAVIA 8336;951553;"20-184         ";"MONOCOMANDO DE COCINA CR SUV                                          ";2;2;2;23418245;150926054620431;183729153;;;;10/04/2031 00:00:00;2;13975501;15/09/2026 14:46:20;Mirko;Hernandez;;;;;;Mirko Hernandez;
14295163;15/09/2026 14:51:59;3;2;0001  215088-1;05;CAMIONETA MIE 3;2093427;"ME42    ";"MARTINEZ ELIZABET P. -SANITARIOS DIEGO            ";AV. RIVADAVIA 8336;953059;"80-057         ";80-057 - DUCHA EMB. C/TRANSF. C.STD VERIN PLUS;2;2;2;23418505;150926055028554;183707060;;;;02/08/2032 00:00:00;2;13975636;15/09/2026 14:50:28;Mirko;Hernandez;;;;;;Mirko Hernandez;
14295163;15/09/2026 14:51:59;3;2;0001  215088-1;05;CAMIONETA MIE 3;2093427;"ME42    ";"MARTINEZ ELIZABET P. -SANITARIOS DIEGO            ";AV. RIVADAVIA 8336;952582;"60-057         ";60-057 - LAVATORIO C.STD VERIN PLUS;3;3;3;23418505;150926055028554;183707183;;;;01/31/2032 00:00:00;3;13975636;15/09/2026 14:50:28;Mirko;Hernandez;;;;;;Mirko Hernandez;
14295163;15/09/2026 14:51:59;3;2;0001  215088-1;05;CAMIONETA MIE 3;2093427;"ME42    ";"MARTINEZ ELIZABET P. -SANITARIOS DIEGO            ";AV. RIVADAVIA 8336;952541;"60-001N        ";"60-001N - LAVATORIO ""CROMO Y""";2;2;2;23418505;150926055028554;183862062;;;;02/01/2032 00:00:00;1;13975636;15/09/2026 14:50:28;Mirko;Hernandez;;;;;;Mirko Hernandez;
14295163;15/09/2026 14:51:59;3;2;0001  215088-1;05;CAMIONETA MIE 3;2093427;"ME42    ";"MARTINEZ ELIZABET P. -SANITARIOS DIEGO            ";AV. RIVADAVIA 8336;953432;"910/M          ";"910/M - JGO.MDA.P.CANO CROMO ""DIQUE""";4;4;4;23418505;150926055028554;183708057;;;;12/21/2031 00:00:00;4;13975636;15/09/2026 14:50:28;Mirko;Hernandez;;;;;;Mirko Hernandez;
14295163;15/09/2026 14:51:59;3;2;0001  215088-1;05;CAMIONETA MIE 3;2093427;"ME42    ";"MARTINEZ ELIZABET P. -SANITARIOS DIEGO            ";AV. RIVADAVIA 8336;953109;"80-166         ";"DUCHA EMB. C/TRANSF. CR C.CERAM ADRA PLUS                             ";1;1;1;23418564;150926055116167;183706707;;;;01/19/2032 00:00:00;1;13975667;15/09/2026 14:51:16;Mirko;Hernandez;;;;;;Mirko Hernandez;
14295163;15/09/2026 14:51:59;3;2;0001  215088-1;05;CAMIONETA MIE 3;2093427;"ME42    ";"MARTINEZ ELIZABET P. -SANITARIOS DIEGO            ";AV. RIVADAVIA 8336;952541;"60-001N        ";"60-001N - LAVATORIO ""CROMO Y""";2;2;2;23418564;150926055116167;183712386;;;;02/01/2032 00:00:00;1;13975667;15/09/2026 14:51:16;Mirko;Hernandez;;;;;;Mirko Hernandez;
14295163;15/09/2026 14:51:59;3;2;0001  215088-1;05;CAMIONETA MIE 3;2093427;"ME42    ";"MARTINEZ ELIZABET P. -SANITARIOS DIEGO            ";AV. RIVADAVIA 8336;952449;"51-107         ";51-107 - JGO. MESADA CR C.CERAM BEDIA;2;2;2;23418564;150926055116167;183709971;;;;11/10/2031 00:00:00;2;13975667;15/09/2026 14:51:16;Mirko;Hernandez;;;;;;Mirko Hernandez;
14295164;15/09/2026 14:11:03;3;2;0001  215166-1;05;CAMIONETA MIE 3;2094976;"VL05    ";"VENTURA LEANDRO ARIEL                             ";AV LA PLATA 213;957550;"RA1189         ";RA1189 - SET PROLONGADOR P/VASTAGO Y CAMPANA (x3);20;20;20;23402028;150926141103022;183743804;;;;02/11/2032 00:00:00;20;13974164;15/09/2026 14:11:03;Maximiliano;Nievas;24678426;15/09/2026 10:07:36;7827;Javier;Machado;Maximiliano Nievas;Javier Machado
14295165;15/09/2026 10:31:10;3;2;0001  215151-1;05;CAMIONETA MIE 3;2091122;"AN18    ";"ANSBOR S.R.L.                                     ";AV. ALBERDI 3907;954942;"BID102-1       ";"BIDE 1 AGUJERO BLANCO LINEA LOFT                                      ";1;1;1;23401090;150926013109554;183738708;;;;02/24/2032 00:00:00;1;13967308;15/09/2026 10:31:09;Mirko;Hernandez;24677576;15/09/2026 09:41:57;7636;Kevin;Arce;Mirko Hernandez;Kevin Arce
14295165;15/09/2026 10:31:10;3;2;0001  215151-1;05;CAMIONETA MIE 3;2091122;"AN18    ";"ANSBOR S.R.L.                                     ";AV. ALBERDI 3907;954943;"BID102-3       ";"BIDE 3 AGUJEROS BLANCO LINEA LOFT                                     ";1;1;1;23401090;150926013109554;183738962;;;;08/13/2031 00:00:00;1;13967308;15/09/2026 10:31:09;Mirko;Hernandez;24677576;15/09/2026 09:41:57;7636;Kevin;Arce;Mirko Hernandez;Kevin Arce
14295166;15/09/2026 13:57:25;3;2;0001  215092-1;05;CAMIONETA MIE 3;2091270;"BE13    ";"BETOMAT S.R.L.                                    ";AV. JUAN B. ALBERDI 3661;951607;"21100N         ";21100N - ESTANTE ORGANIZADOR RECTANGULAR BLACK 25x12x7;5;5;5;23395715;150926045724628;183712169;;;;07/27/2031 00:00:00;5;13973652;15/09/2026 13:57:24;Mirko;Hernandez;24672583;15/09/2026 09:27:51;7827;Javier;Machado;Mirko Hernandez;Javier Machado
14295166;15/09/2026 13:57:25;3;2;0001  215092-1;05;CAMIONETA MIE 3;2091270;"BE13    ";"BETOMAT S.R.L.                                    ";AV. JUAN B. ALBERDI 3661;951606;"21100          ";21100 - ESTANTE ORGANIZADOR RECTANGULAR 25x12x7;5;5;5;23395715;150926045724628;183727992;;;;07/29/2031 00:00:00;5;13973652;15/09/2026 13:57:24;Mirko;Hernandez;24672583;15/09/2026 09:27:51;7827;Javier;Machado;Mirko Hernandez;Javier Machado
14295166;15/09/2026 13:57:25;3;2;0001  215092-1;05;CAMIONETA MIE 3;2091270;"BE13    ";"BETOMAT S.R.L.                                    ";AV. JUAN B. ALBERDI 3661;952631;"60-153         ";60-153 - LAVATORIO CR C.CERAMICO CASTILLA;1;1;1;23396596;150926045355699;183711058;;;;11/23/2031 00:00:00;1;13973610;15/09/2026 13:53:55;Mirko;Hernandez;24673411;15/09/2026 08:14:24;7839;Claudio;Juarez;Mirko Hernandez;Claudio Juarez
14295166;15/09/2026 13:57:25;3;2;0001  215092-1;05;CAMIONETA MIE 3;2091270;"BE13    ";"BETOMAT S.R.L.                                    ";AV. JUAN B. ALBERDI 3661;952909;"70-153         ";70-153 - BIDE CR C.CERAM CASTILLA;2;2;2;23396596;150926045355699;183711365;;;;10/20/2031 00:00:00;2;13973610;15/09/2026 13:53:55;Mirko;Hernandez;24673411;15/09/2026 08:14:24;7839;Claudio;Juarez;Mirko Hernandez;Claudio Juarez
14295166;15/09/2026 13:57:25;3;2;0001  215092-1;05;CAMIONETA MIE 3;2091270;"BE13    ";"BETOMAT S.R.L.                                    ";AV. JUAN B. ALBERDI 3661;952913;"70-162N        ";70-162N - BIDE BLACK C.CERAM LINEA ADRA;2;2;2;23396596;150926045355699;183710524;;;;12/08/2031 00:00:00;2;13973610;15/09/2026 13:53:55;Mirko;Hernandez;24673411;15/09/2026 08:14:24;7839;Claudio;Juarez;Mirko Hernandez;Claudio Juarez
14295166;15/09/2026 13:57:25;3;2;0001  215092-1;05;CAMIONETA MIE 3;2091270;"BE13    ";"BETOMAT S.R.L.                                    ";AV. JUAN B. ALBERDI 3661;953110;"80-166N        ";80-166N - DUCHA EMB. C/TRANSF. BLACK C.CERAM ADRA PLUS;2;2;2;23396596;150926045355699;183710878;;;;01/07/2032 00:00:00;2;13973610;15/09/2026 13:53:55;Mirko;Hernandez;24673411;15/09/2026 08:14:24;7839;Claudio;Juarez;Mirko Hernandez;Claudio Juarez
14295166;15/09/2026 13:57:25;3;2;0001  215092-1;05;CAMIONETA MIE 3;2091270;"BE13    ";"BETOMAT S.R.L.                                    ";AV. JUAN B. ALBERDI 3661;951269;"16060BL        ";16060BL - PORTA VASO Y CEPILLO LINEA 16000 BLACK;1;1;1;23415318;150926045509551;183729253;;;;07/31/2031 00:00:00;1;13973681;15/09/2026 13:55:09;Mirko;Hernandez;;;;;;Mirko Hernandez;
14295166;15/09/2026 13:57:25;3;2;0001  215092-1;05;CAMIONETA MIE 3;2091270;"BE13    ";"BETOMAT S.R.L.                                    ";AV. JUAN B. ALBERDI 3661;951327;"19030          ";19030 - PERCHA LINEA 19000;3;3;3;23415318;150926045509551;183700164;;;;07/29/2031 00:00:00;3;13973681;15/09/2026 13:55:09;Mirko;Hernandez;;;;;;Mirko Hernandez;
14295166;15/09/2026 13:57:25;3;2;0001  215092-1;05;CAMIONETA MIE 3;2091270;"BE13    ";"BETOMAT S.R.L.                                    ";AV. JUAN B. ALBERDI 3661;951265;"16040BL        ";16040BL - PORTA ROLLO ACCESORIOS LINEA 16000 BLACK;8;8;8;23415387;150926045601525;183700619;;;;07/31/2031 00:00:00;8;13973711;15/09/2026 13:56:01;Mirko;Hernandez;;;;;;Mirko Hernandez;
14295167;15/09/2026 14:32:59;3;2;0001  215230-1;05;CAMIONETA MIE 3;2091228;"BA45    ";"BRUNETTI ADRIANA NOEMI                            ";JUAN B. ALBERDI 3783;952875;"70-100N        ";70-100N - BIDE BLACK C.CERAM FABRIC;2;2;2;23396597;150926143205106;183711848;;;;07/29/2031 00:00:00;2;13974969;15/09/2026 14:32:05;Maximiliano;Nievas;24673411;15/09/2026 08:14:24;7839;Claudio;Juarez;Maximiliano Nievas;Claudio Juarez
14295167;15/09/2026 14:32:59;3;2;0001  215230-1;05;CAMIONETA MIE 3;2091228;"BA45    ";"BRUNETTI ADRIANA NOEMI                            ";JUAN B. ALBERDI 3783;953154;"80-200N        ";80-200N - DUCHA EMB. MONOC. 3 FUNCIONES BLACK FABRIC;2;2;2;23396597;150926143205106;183709290;;;;01/04/2032 00:00:00;2;13974969;15/09/2026 14:32:05;Maximiliano;Nievas;24673411;15/09/2026 08:14:24;7839;Claudio;Juarez;Maximiliano Nievas;Claudio Juarez
14295167;15/09/2026 14:32:59;3;2;0001  215230-1;05;CAMIONETA MIE 3;2091228;"BA45    ";"BRUNETTI ADRIANA NOEMI                            ";JUAN B. ALBERDI 3783;952725;"61-200N        ";61-200N - LAVATORIO MONOC ALTO FABRIC BLACK;3;3;3;23399034;150926143258553;183729507;;;;07/28/2031 00:00:00;3;13975010;15/09/2026 14:32:58;Maximiliano;Nievas;24675733;15/09/2026 09:23:21;7636;Kevin;Arce;Maximiliano Nievas;Kevin Arce
14295168;15/09/2026 14:22:39;3;2;0001  215167-1;05;CAMIONETA MIE 3;2094976;"VL05    ";"VENTURA LEANDRO ARIEL                             ";AV LA PLATA 213;951156;"1330           ";"QUEINOX MACHO MOVIL MH 1/2"" x 30                                      ";20;20;20;23402029;150926142238639;183747818;;;;02/16/2032 00:00:00;20;13974573;15/09/2026 14:22:38;Maximiliano;Nievas;24678426;15/09/2026 10:07:36;7827;Javier;Machado;Maximiliano Nievas;Javier Machado
14295169;15/09/2026 15:23:08;3;2;0001  215173-1;05;CAMIONETA MIE 3;2094662;"SS41    ";"SANITARIOS SANJUAN S.R.L.                         ";SANABRIA 2978;951530;"20-146         ";20-146 - MONOCOMANDO DE COCINA CR LINEA MOVE;4;4;4;23395716;150926062307652;183703468;;;;10/09/2031 00:00:00;1;13976624;15/09/2026 15:23:07;Mirko;Hernandez;24672583;15/09/2026 09:27:51;7827;Javier;Machado;Mirko Hernandez;Javier Machado
14295169;15/09/2026 15:23:08;3;2;0001  215173-1;05;CAMIONETA MIE 3;2094662;"SS41    ";"SANITARIOS SANJUAN S.R.L.                         ";SANABRIA 2978;952953;"70-201NI       ";70-201NI - BIDE CR C.CERAM BEAT NICKEL;1;1;1;23399013;150926061628261;183727376;;;;07/29/2031 00:00:00;1;13976608;15/09/2026 15:16:28;Mirko;Hernandez;24675720;15/09/2026 09:06:16;7839;Claudio;Juarez;Mirko Hernandez;Claudio Juarez
14295169;15/09/2026 15:23:08;3;2;0001  215173-1;05;CAMIONETA MIE 3;2094662;"SS41    ";"SANITARIOS SANJUAN S.R.L.                         ";SANABRIA 2978;951611;"21-160         ";"MONOCOMANDO DUO COCINA CROMO DIQUE                                    ";8;8;8;23420027;150926061711920;183873680;;;;12/14/2031 00:00:00;4;13976640;15/09/2026 15:17:11;Mirko;Hernandez;;;;;;Mirko Hernandez;
14295169;15/09/2026 15:23:08;3;2;0001  215173-1;05;CAMIONETA MIE 3;2094662;"SS41    ";"SANITARIOS SANJUAN S.R.L.                         ";SANABRIA 2978;951531;"20-146N        ";20-146N - MONOCOMANDO DE COCINA BLACK LINEA MOVE;4;4;4;23420071;150926061741634;183703074;;;;07/30/2031 00:00:00;4;13976665;15/09/2026 15:17:41;Mirko;Hernandez;;;;;;Mirko Hernandez;
14295169;15/09/2026 15:23:08;3;2;0001  215173-1;05;CAMIONETA MIE 3;2094662;"SS41    ";"SANITARIOS SANJUAN S.R.L.                         ";SANABRIA 2978;951611;"21-160         ";"MONOCOMANDO DUO COCINA CROMO DIQUE                                    ";8;8;8;23420126;150926061839270;183731262;;;;12/14/2031 00:00:00;4;13976699;15/09/2026 15:18:39;Mirko;Hernandez;;;;;;Mirko Hernandez;
14295169;15/09/2026 15:23:08;3;2;0001  215173-1;05;CAMIONETA MIE 3;2094662;"SS41    ";"SANITARIOS SANJUAN S.R.L.                         ";SANABRIA 2978;953158;"80-203N        ";"DUCHA EMB C/TRANSF. MONOCOMANDO ADRA BLACK PLUS                       ";2;2;2;23420164;150926061918130;183723294;;;;07/28/2031 00:00:00;2;13976722;15/09/2026 15:19:18;Mirko;Hernandez;;;;;;Mirko Hernandez;
14295169;15/09/2026 15:23:08;3;2;0001  215173-1;05;CAMIONETA MIE 3;2094662;"SS41    ";"SANITARIOS SANJUAN S.R.L.                         ";SANABRIA 2978;951833;"30-132         ";30-132 - COCINA MESADA MONOC. C/DUCHADOR EXTENSIBLE VIGO;2;2;2;23420164;150926061918130;183724167;;;;07/28/2031 00:00:00;2;13976722;15/09/2026 15:19:18;Mirko;Hernandez;;;;;;Mirko Hernandez;
14295169;15/09/2026 15:23:08;3;2;0001  215173-1;05;CAMIONETA MIE 3;2094662;"SS41    ";"SANITARIOS SANJUAN S.R.L.                         ";SANABRIA 2978;951530;"20-146         ";20-146 - MONOCOMANDO DE COCINA CR LINEA MOVE;4;4;4;23420191;150926061947883;183874897;;;;10/09/2031 00:00:00;3;13976739;15/09/2026 15:19:47;Mirko;Hernandez;;;;;;Mirko Hernandez;
14295169;15/09/2026 15:23:08;3;2;0001  215173-1;05;CAMIONETA MIE 3;2094662;"SS41    ";"SANITARIOS SANJUAN S.R.L.                         ";SANABRIA 2978;1007844;"20-122S        ";"MONOCOMANDO COCINA INOX C/PICO EXTRAIBLE VALENCIA                     ";6;6;6;23420239;150926062047196;183705476;;;;01/06/2032 00:00:00;6;13976773;15/09/2026 15:20:47;Mirko;Hernandez;;;;;;Mirko Hernandez;
14295170;15/09/2026 07:47:06;3;2;0008    2906-1;05;CAMIONETA MIE 3;2094299;"SA40    ";"SANICENTRO S.A. SANITARIOS                        ";CALLE 38 y 137;952437;"51-057         ";51-057 - COCINA MESADA CR C.STD VERIN PLUS;5;5;5;23394768;150926074705955;183696126;;;;01/27/2032 00:00:00;5;13963014;15/09/2026 07:47:05;Tiago;Rodriguez;24671645;15/09/2026 06:32:59;7636;Kevin;Arce;Tiago Rodriguez;Kevin Arce
14295170;15/09/2026 07:47:06;3;2;0008    2906-1;05;CAMIONETA MIE 3;2094299;"SA40    ";"SANICENTRO S.A. SANITARIOS                        ";CALLE 38 y 137;952860;"70-057         ";70-057 - BIDE C.STD VERIN PLUS;5;5;5;23394768;150926074705955;183696371;;;;01/31/2032 00:00:00;5;13963014;15/09/2026 07:47:05;Tiago;Rodriguez;24671645;15/09/2026 06:32:59;7636;Kevin;Arce;Tiago Rodriguez;Kevin Arce
14295170;15/09/2026 07:47:06;3;2;0008    2906-1;05;CAMIONETA MIE 3;2094299;"SA40    ";"SANICENTRO S.A. SANITARIOS                        ";CALLE 38 y 137;953060;"80-058         ";80-058 - DUCHA EMB. C/TRANSF. CR C.STD MALBA;10;10;10;23396682;150926074314484;183695352;;;;01/06/2032 00:00:00;10;13963066;15/09/2026 07:43:14;Tiago;Rodriguez;;;;;;Tiago Rodriguez;
14295170;15/09/2026 07:47:06;3;2;0008    2906-1;05;CAMIONETA MIE 3;2094299;"SA40    ";"SANICENTRO S.A. SANITARIOS                        ";CALLE 38 y 137;952267;"423            ";"423 - DUCHA EMB. C/TRANSF.CR ""DIQUE""";5;5;5;23396728;150926074431497;183695476;;;;02/03/2032 00:00:00;5;13963082;15/09/2026 07:44:31;Tiago;Rodriguez;;;;;;Tiago Rodriguez;
14295170;15/09/2026 07:47:06;3;2;0008    2906-1;05;CAMIONETA MIE 3;2094299;"SA40    ";"SANICENTRO S.A. SANITARIOS                        ";CALLE 38 y 137;951957;"303            ";"303 - BIDET CROMO ""DIQUE""";5;5;5;23396728;150926074431497;183695415;;;;11/25/2031 00:00:00;5;13963082;15/09/2026 07:44:31;Tiago;Rodriguez;;;;;;Tiago Rodriguez;
14295170;15/09/2026 07:47:06;3;2;0008    2906-1;05;CAMIONETA MIE 3;2094299;"SA40    ";"SANICENTRO S.A. SANITARIOS                        ";CALLE 38 y 137;952634;"60-162         ";60-162 - LAVATORIO CR C.CERAM LINEA ADRA;5;5;5;23396761;150926074522593;183695244;;;;07/29/2031 00:00:00;5;13963094;15/09/2026 07:45:22;Tiago;Rodriguez;;;;;;Tiago Rodriguez;
14295170;15/09/2026 07:47:06;3;2;0008    2906-1;05;CAMIONETA MIE 3;2094299;"SA40    ";"SANICENTRO S.A. SANITARIOS                        ";CALLE 38 y 137;953059;"80-057         ";80-057 - DUCHA EMB. C/TRANSF. C.STD VERIN PLUS;5;5;5;23396761;150926074522593;183696311;;;;02/08/2032 00:00:00;5;13963094;15/09/2026 07:45:22;Tiago;Rodriguez;;;;;;Tiago Rodriguez;
14295170;15/09/2026 07:47:06;3;2;0008    2906-1;05;CAMIONETA MIE 3;2094299;"SA40    ";"SANICENTRO S.A. SANITARIOS                        ";CALLE 38 y 137;953055;"80-045         ";80-045 - DUCHA EMB.C/TRANSF CR  C.STD CRUZ;5;5;5;23396791;150926074624542;183695985;;;;01/04/2032 00:00:00;5;13963111;15/09/2026 07:46:24;Tiago;Rodriguez;;;;;;Tiago Rodriguez;
14295170;15/09/2026 07:47:06;3;2;0008    2906-1;05;CAMIONETA MIE 3;2094299;"SA40    ";"SANICENTRO S.A. SANITARIOS                        ";CALLE 38 y 137;952856;"70-045         ";70-045 - BIDE CROMO C.STD CRUZ;5;5;5;23396791;150926074624542;183696032;;;;02/01/2032 00:00:00;5;13963111;15/09/2026 07:46:24;Tiago;Rodriguez;;;;;;Tiago Rodriguez;
14295171;15/09/2026 11:00:18;3;2;0001  215192-1;05;CAMIONETA MIE 3;2091228;"BA45    ";"BRUNETTI ADRIANA NOEMI                            ";JUAN B. ALBERDI 3783;956418;"INO104N-2      ";"DEPOSITO C/DESCARGA DUAL BLACK LINEA STONE                            ";3;3;3;23404129;150926020015271;183757518;;;;10/18/2031 00:00:00;3;13968272;15/09/2026 11:00:15;Mirko;Hernandez;24680326;15/09/2026 10:34:23;7827;Javier;Machado;Mirko Hernandez;Javier Machado
14295171;15/09/2026 11:00:18;3;2;0001  215192-1;05;CAMIONETA MIE 3;2091228;"BA45    ";"BRUNETTI ADRIANA NOEMI                            ";JUAN B. ALBERDI 3783;956417;"INO104N-1      ";"INODORO BLACK C/ASIENTO LINEA STONE                                   ";3;3;3;23404129;150926020015271;183757240;;;;01/18/2032 00:00:00;3;13968272;15/09/2026 11:00:15;Mirko;Hernandez;24680326;15/09/2026 10:34:23;7827;Javier;Machado;Mirko Hernandez;Javier Machado
14295171;15/09/2026 11:00:18;3;2;0001  215192-1;05;CAMIONETA MIE 3;2091228;"BA45    ";"BRUNETTI ADRIANA NOEMI                            ";JUAN B. ALBERDI 3783;954949;"BID104N-3      ";"BIDE 3 AGUJEROS BLACK LINEA STONE                                     ";1;1;1;23404129;150926020015271;183759424;;;;07/30/2031 00:00:00;1;13968272;15/09/2026 11:00:15;Mirko;Hernandez;24680326;15/09/2026 10:34:23;7827;Javier;Machado;Mirko Hernandez;Javier Machado
14295171;15/09/2026 11:00:18;3;2;0001  215192-1;05;CAMIONETA MIE 3;2091228;"BA45    ";"BRUNETTI ADRIANA NOEMI                            ";JUAN B. ALBERDI 3783;954948;"BID104N-1      ";"BIDE 1 AGUJERO BLACK LINEA STONE                                      ";2;2;2;23404129;150926020015271;183758392;;;;01/18/2032 00:00:00;2;13968272;15/09/2026 11:00:15;Mirko;Hernandez;24680326;15/09/2026 10:34:23;7827;Javier;Machado;Mirko Hernandez;Javier Machado
14295172;15/09/2026 13:42:01;3;2;0001  215208-1;05;CAMIONETA MIE 3;2205163;"BA46    ";"BAIRESMAT S.R.L.                                  ";AV. RIVADAVIA 7980;953123;"80-176N        ";80-176N - DUCHA EMB C/TRANSF MONOC BLACK RIO;1;1;1;23399035;150926134159621;183733210;;;;07/27/2031 00:00:00;1;13973125;15/09/2026 13:41:59;Maximiliano;Nievas;24675733;15/09/2026 09:23:21;7636;Kevin;Arce;Maximiliano Nievas;Kevin Arce
14295172;15/09/2026 13:42:01;3;2;0001  215208-1;05;CAMIONETA MIE 3;2205163;"BA46    ";"BAIRESMAT S.R.L.                                  ";AV. RIVADAVIA 7980;953122;"80-176         ";80-176 - DUCHA EMB C/TRANSF MONOC CR RIO;1;1;1;23399035;150926134159621;183733060;;;;07/29/2031 00:00:00;1;13973125;15/09/2026 13:41:59;Maximiliano;Nievas;24675733;15/09/2026 09:23:21;7636;Kevin;Arce;Maximiliano Nievas;Kevin Arce
14295172;15/09/2026 13:42:01;3;2;0001  215208-1;05;CAMIONETA MIE 3;2205163;"BA46    ";"BAIRESMAT S.R.L.                                  ";AV. RIVADAVIA 7980;952925;"70-176         ";70-176 - BIDE MONOC C/TRANSF CR RIO;1;1;1;23399035;150926134159621;183733752;;;;11/17/2031 00:00:00;1;13973125;15/09/2026 13:41:59;Maximiliano;Nievas;24675733;15/09/2026 09:23:21;7636;Kevin;Arce;Maximiliano Nievas;Kevin Arce
14295172;15/09/2026 13:42:01;3;2;0001  215208-1;05;CAMIONETA MIE 3;2205163;"BA46    ";"BAIRESMAT S.R.L.                                  ";AV. RIVADAVIA 7980;952648;"60-176N        ";"LAVATORIO MONOCOMANDO BAJO BLACK RIO                                  ";1;1;1;23399035;150926134159621;183731400;;;;07/29/2031 00:00:00;1;13973125;15/09/2026 13:41:59;Maximiliano;Nievas;24675733;15/09/2026 09:23:21;7636;Kevin;Arce;Maximiliano Nievas;Kevin Arce
14295172;15/09/2026 13:42:01;3;2;0001  215208-1;05;CAMIONETA MIE 3;2205163;"BA46    ";"BAIRESMAT S.R.L.                                  ";AV. RIVADAVIA 7980;952647;"60-176         ";"LAVATORIO MONOCOMANDO BAJO CR RIO                                     ";1;1;1;23399035;150926134159621;183732761;;;;10/11/2031 00:00:00;1;13973125;15/09/2026 13:41:59;Maximiliano;Nievas;24675733;15/09/2026 09:23:21;7636;Kevin;Arce;Maximiliano Nievas;Kevin Arce
14295172;15/09/2026 13:42:01;3;2;0001  215208-1;05;CAMIONETA MIE 3;2205163;"BA46    ";"BAIRESMAT S.R.L.                                  ";AV. RIVADAVIA 7980;951264;"16040          ";16040 - PORTA ROLLO ACCESORIOS LINEA 16000;2;2;2;23399035;150926134159621;183728776;;;;07/27/2031 00:00:00;2;13973125;15/09/2026 13:41:59;Maximiliano;Nievas;24675733;15/09/2026 09:23:21;7636;Kevin;Arce;Maximiliano Nievas;Kevin Arce
14295173;15/09/2026 11:10:26;3;2;0001  214014-2;05;CAMIONETA MIE 3;2091228;"BA45    ";"BRUNETTI ADRIANA NOEMI                            ";JUAN B. ALBERDI 3783;956411;"INO102-1       ";"INODORO BLANCO C/ASIENTO LINEA LOFT                                   ";3;3;3;23404890;150926021026027;183762963;;;;02/24/2032 00:00:00;3;13968685;15/09/2026 11:10:26;Mirko;Hernandez;24681112;15/09/2026 10:54:32;7839;Claudio;Juarez;Mirko Hernandez;Claudio Juarez
14295173;15/09/2026 11:10:26;3;2;0001  214014-2;05;CAMIONETA MIE 3;2091228;"BA45    ";"BRUNETTI ADRIANA NOEMI                            ";JUAN B. ALBERDI 3783;956412;"INO102-2       ";"DEPOSITO C/DESCARGA DUAL BLANCO LINEA LOFT                            ";3;3;3;23404890;150926021026027;183762719;;;;02/24/2032 00:00:00;3;13968685;15/09/2026 11:10:26;Mirko;Hernandez;24681112;15/09/2026 10:54:32;7839;Claudio;Juarez;Mirko Hernandez;Claudio Juarez
14295174;15/09/2026 10:27:44;3;2;0001  214644-2;05;CAMIONETA MIE 3;2093378;"MC28    ";"MI CASA Y YO S.A.                                 ";SEGUROLA 650;956412;"INO102-2       ";"DEPOSITO C/DESCARGA DUAL BLANCO LINEA LOFT                            ";1;1;1;23401091;150926012742865;183739204;;;;02/24/2032 00:00:00;1;13967204;15/09/2026 10:27:42;Mirko;Hernandez;24677576;15/09/2026 09:41:57;7636;Kevin;Arce;Mirko Hernandez;Kevin Arce
14295175;15/09/2026 10:36:31;3;2;0001  214953-2;05;CAMIONETA MIE 3;2093378;"MC28    ";"MI CASA Y YO S.A.                                 ";SEGUROLA 650;956412;"INO102-2       ";"DEPOSITO C/DESCARGA DUAL BLANCO LINEA LOFT                            ";1;1;1;23401092;150926013629944;183739359;;;;02/24/2032 00:00:00;1;13967492;15/09/2026 10:36:29;Mirko;Hernandez;24677576;15/09/2026 09:41:57;7636;Kevin;Arce;Mirko Hernandez;Kevin Arce
14295175;15/09/2026 10:36:31;3;2;0001  214953-2;05;CAMIONETA MIE 3;2093378;"MC28    ";"MI CASA Y YO S.A.                                 ";SEGUROLA 650;956415;"INO104-1       ";"INODORO BLANCO C/ASIENTO LINEA STONE                                  ";1;1;1;23401092;150926013629944;183738207;;;;01/20/2032 00:00:00;1;13967492;15/09/2026 10:36:29;Mirko;Hernandez;24677576;15/09/2026 09:41:57;7636;Kevin;Arce;Mirko Hernandez;Kevin Arce
14295176;15/09/2026 14:44:57;3;2;0001  215321-1;05;CAMIONETA MIE 3;2093378;"MC28    ";"MI CASA Y YO S.A.                                 ";SEGUROLA 650;954232;"A1452G         ";A1452G - CAÑO DE DUCHA RECTO 150 MM GOLD C/BLISTER;10;10;10;23402030;150926054350154;183750593;;;;01/27/2032 00:00:00;10;13975248;15/09/2026 14:43:50;Mirko;Hernandez;24678426;15/09/2026 10:07:36;7827;Javier;Machado;Mirko Hernandez;Javier Machado
14295176;15/09/2026 14:44:57;3;2;0001  215321-1;05;CAMIONETA MIE 3;2093378;"MC28    ";"MI CASA Y YO S.A.                                 ";SEGUROLA 650;954233;"A1452GR        ";A1452GR - CAÑO DE DUCHA RECTO 150 MM GRAFITO C/BLISTER;10;10;10;23402030;150926054350154;183749536;;;;12/15/2031 00:00:00;10;13975248;15/09/2026 14:43:50;Mirko;Hernandez;24678426;15/09/2026 10:07:36;7827;Javier;Machado;Mirko Hernandez;Javier Machado
14295176;15/09/2026 14:44:57;3;2;0001  215321-1;05;CAMIONETA MIE 3;2093378;"MC28    ";"MI CASA Y YO S.A.                                 ";SEGUROLA 650;954235;"A1452NI        ";A1452NI - CAÑO DE DUCHA RECTO 150 MM NICKEL C/BLISTER;10;10;10;23402030;150926054350154;183747070;;;;02/02/2032 00:00:00;10;13975248;15/09/2026 14:43:50;Mirko;Hernandez;24678426;15/09/2026 10:07:36;7827;Javier;Machado;Mirko Hernandez;Javier Machado
14295176;15/09/2026 14:44:57;3;2;0001  215321-1;05;CAMIONETA MIE 3;2093378;"MC28    ";"MI CASA Y YO S.A.                                 ";SEGUROLA 650;954231;"A1452DG        ";A1452DG - CAÑO DE DUCHA RECTO 150 MM DARK GOLD C/BLISTER;10;10;10;23403990;150926054457474;183757583;;;;12/15/2031 00:00:00;10;13975425;15/09/2026 14:44:57;Mirko;Hernandez;24680195;15/09/2026 10:26:28;7636;Kevin;Arce;Mirko Hernandez;Kevin Arce
14295177;15/09/2026 13:35:27;3;2;0001  215324-1;05;CAMIONETA MIE 3;2093378;"MC28    ";"MI CASA Y YO S.A.                                 ";SEGUROLA 650;1141160;"BCH22          ";"BACHA DE APOYAR BLANCA 450x290x110                                    ";2;2;2;23401093;150926012905614;183740323;;;;02/11/2032 00:00:00;2;13967240;15/09/2026 10:29:05;Mirko;Hernandez;24677576;15/09/2026 09:41:57;7636;Kevin;Arce;Mirko Hernandez;Kevin Arce
14295177;15/09/2026 13:35:27;3;2;0001  215324-1;05;CAMIONETA MIE 3;2093378;"MC28    ";"MI CASA Y YO S.A.                                 ";SEGUROLA 650;1141161;"BCH23          ";"BACHA DE APOYAR CIRCULAR BLANCA 310x110                               ";2;2;2;23401093;150926012905614;183740645;;;;02/11/2032 00:00:00;2;13967240;15/09/2026 10:29:05;Mirko;Hernandez;24677576;15/09/2026 09:41:57;7636;Kevin;Arce;Mirko Hernandez;Kevin Arce
14295177;15/09/2026 13:35:27;3;2;0001  215324-1;05;CAMIONETA MIE 3;2093378;"MC28    ";"MI CASA Y YO S.A.                                 ";SEGUROLA 650;951484;"20-100C        ";20-100C - MONOCOMANDO DE COCINA FABRIC CROMO;5;5;5;23402402;150926133526050;183749217;;;;02/18/2032 00:00:00;5;13972895;15/09/2026 13:35:26;Maximiliano;Nievas;24678760;15/09/2026 10:05:49;7839;Claudio;Juarez;Maximiliano Nievas;Claudio Juarez
14295177;15/09/2026 13:35:27;3;2;0001  215324-1;05;CAMIONETA MIE 3;2093378;"MC28    ";"MI CASA Y YO S.A.                                 ";SEGUROLA 650;951486;"20-100N        ";20-100N - MONOCOMANDO DE COCINA FABRIC BLACK;5;5;5;23414239;150926133310413;183748644;;;;01/10/2032 00:00:00;5;13972906;15/09/2026 13:33:10;Maximiliano;Nievas;;;;;;Maximiliano Nievas;
14295178;15/09/2026 14:41:08;3;2;0001  215380-1;05;CAMIONETA MIE 3;2091228;"BA45    ";"BRUNETTI ADRIANA NOEMI                            ";JUAN B. ALBERDI 3783;952956;"70-205         ";70-205 - BIDE MONOCOMANDO STEEL;1;1;1;23395717;150926144106422;183726376;;;;11/08/2031 00:00:00;1;13975111;15/09/2026 14:41:06;Maximiliano;Nievas;24672583;15/09/2026 09:27:51;7827;Javier;Machado;Maximiliano Nievas;Javier Machado
14295178;15/09/2026 14:41:08;3;2;0001  215380-1;05;CAMIONETA MIE 3;2091228;"BA45    ";"BRUNETTI ADRIANA NOEMI                            ";JUAN B. ALBERDI 3783;952728;"61-205         ";61-205 - LAVATORIO MONOC ALTO STEEL;1;1;1;23395717;150926144106422;183725319;;;;07/28/2031 00:00:00;1;13975111;15/09/2026 14:41:06;Maximiliano;Nievas;24672583;15/09/2026 09:27:51;7827;Javier;Machado;Maximiliano Nievas;Javier Machado
14295178;15/09/2026 14:41:08;3;2;0001  215380-1;05;CAMIONETA MIE 3;2091228;"BA45    ";"BRUNETTI ADRIANA NOEMI                            ";JUAN B. ALBERDI 3783;952679;"60-205         ";60-205 - LAVATORIO MONOC BAJO STEEL;1;1;1;23395717;150926144106422;183725089;;;;07/28/2031 00:00:00;1;13975111;15/09/2026 14:41:06;Maximiliano;Nievas;24672583;15/09/2026 09:27:51;7827;Javier;Machado;Maximiliano Nievas;Javier Machado
14295178;15/09/2026 14:41:08;3;2;0001  215380-1;05;CAMIONETA MIE 3;2091228;"BA45    ";"BRUNETTI ADRIANA NOEMI                            ";JUAN B. ALBERDI 3783;951565;"20-205         ";20-205 - MONOCOMANDO DE COCINA STEEL;1;1;1;23395717;150926144106422;183709349;;;;07/28/2031 00:00:00;1;13975111;15/09/2026 14:41:06;Maximiliano;Nievas;24672583;15/09/2026 09:27:51;7827;Javier;Machado;Maximiliano Nievas;Javier Machado
14295178;15/09/2026 14:41:08;3;2;0001  215380-1;05;CAMIONETA MIE 3;2091228;"BA45    ";"BRUNETTI ADRIANA NOEMI                            ";JUAN B. ALBERDI 3783;952620;"60-135         ";60-135 - LAVATORIO C.CERAM SANTANDER;1;1;1;23396598;150926143554531;183712838;;;;01/14/2032 00:00:00;1;13975072;15/09/2026 14:35:54;Maximiliano;Nievas;24673411;15/09/2026 08:14:24;7839;Claudio;Juarez;Maximiliano Nievas;Claudio Juarez
14295178;15/09/2026 14:41:08;3;2;0001  215380-1;05;CAMIONETA MIE 3;2091228;"BA45    ";"BRUNETTI ADRIANA NOEMI                            ";JUAN B. ALBERDI 3783;953089;"80-135         ";80-135 - DUCHA EMB. C/TRANSF. C.CERAM SANTANDER;1;1;1;23396598;150926143554531;183712699;;;;10/05/2031 00:00:00;1;13975072;15/09/2026 14:35:54;Maximiliano;Nievas;24673411;15/09/2026 08:14:24;7839;Claudio;Juarez;Maximiliano Nievas;Claudio Juarez
14295178;15/09/2026 14:41:08;3;2;0001  215380-1;05;CAMIONETA MIE 3;2091228;"BA45    ";"BRUNETTI ADRIANA NOEMI                            ";JUAN B. ALBERDI 3783;952898;"70-135         ";70-135 - BIDE C.CERAM SANTANDER;1;1;1;23396598;150926143554531;183712554;;;;02/18/2032 00:00:00;1;13975072;15/09/2026 14:35:54;Maximiliano;Nievas;24673411;15/09/2026 08:14:24;7839;Claudio;Juarez;Maximiliano Nievas;Claudio Juarez
14295178;15/09/2026 14:41:08;3;2;0001  215380-1;05;CAMIONETA MIE 3;2091228;"BA45    ";"BRUNETTI ADRIANA NOEMI                            ";JUAN B. ALBERDI 3783;953422;"90-166N        ";90-166N - PACK GRIF. ADRA BLACK PLUS  (Lav-Bide-Ducha c/t Plus);1;1;1;23417627;150926143510041;183710134;;;;01/11/2032 00:00:00;1;13975097;15/09/2026 14:35:10;Maximiliano;Nievas;;;;;;Maximiliano Nievas;
14295178;15/09/2026 14:41:08;3;2;0001  215380-1;05;CAMIONETA MIE 3;2091228;"BA45    ";"BRUNETTI ADRIANA NOEMI                            ";JUAN B. ALBERDI 3783;952676;"60-201NI       ";60-201NI - LAVATORIO C.CERAM BEAT NICKEL;1;1;1;23417627;150926143510041;183707629;;;;08/20/2031 00:00:00;1;13975097;15/09/2026 14:35:10;Maximiliano;Nievas;;;;;;Maximiliano Nievas;
14295178;15/09/2026 14:41:08;3;2;0001  215380-1;05;CAMIONETA MIE 3;2091228;"BA45    ";"BRUNETTI ADRIANA NOEMI                            ";JUAN B. ALBERDI 3783;952669;"60-199N        ";60-199N - LAVATORIO BLACK C.CERAM LIVE;1;1;1;23417627;150926143510041;183707793;;;;07/27/2031 00:00:00;1;13975097;15/09/2026 14:35:10;Maximiliano;Nievas;;;;;;Maximiliano Nievas;
14295178;15/09/2026 14:41:08;3;2;0001  215380-1;05;CAMIONETA MIE 3;2091228;"BA45    ";"BRUNETTI ADRIANA NOEMI                            ";JUAN B. ALBERDI 3783;951485;"20-100G        ";20-100G - MONOCOMANDO DE COCINA FABRIC GOLD;1;1;1;23417750;150926143735149;183713517;;;;07/28/2031 00:00:00;1;13975183;15/09/2026 14:37:35;Maximiliano;Nievas;;;;;;Maximiliano Nievas;
14295178;15/09/2026 14:41:08;3;2;0001  215380-1;05;CAMIONETA MIE 3;2091228;"BA45    ";"BRUNETTI ADRIANA NOEMI                            ";JUAN B. ALBERDI 3783;953334;"84-203         ";"DUCHA EXT C/COLUMNA Y TRANSF CR ADRA                                  ";1;1;1;23417750;150926143735149;183709716;;;;12/02/2031 00:00:00;1;13975183;15/09/2026 14:37:35;Maximiliano;Nievas;;;;;;Maximiliano Nievas;
14295178;15/09/2026 14:41:08;3;2;0001  215380-1;05;CAMIONETA MIE 3;2091228;"BA45    ";"BRUNETTI ADRIANA NOEMI                            ";JUAN B. ALBERDI 3783;953161;"80-205         ";80-205 - DUCHA EMB. C/TRANSF. MONOC STEEL;1;1;1;23417952;150926144044108;183709902;;;;08/11/2031 00:00:00;1;13975292;15/09/2026 14:40:44;Maximiliano;Nievas;;;;;;Maximiliano Nievas;
14295178;15/09/2026 14:41:08;3;2;0001  215380-1;05;CAMIONETA MIE 3;2091228;"BA45    ";"BRUNETTI ADRIANA NOEMI                            ";JUAN B. ALBERDI 3783;953102;"80-152         ";80-152 - DUCHA EMB. CR C/TRANSF. MONOCOMANDO SORIA;1;1;1;23417952;150926144044108;183713918;;;;10/26/2031 00:00:00;1;13975292;15/09/2026 14:40:44;Maximiliano;Nievas;;;;;;Maximiliano Nievas;
14295179;15/09/2026 14:32:44;3;2;0001  215269-1;05;CAMIONETA MIE 3;2093713;"NS03    ";"NESGAMET S.A.                                     ";SOR JUANA DE LA CRUZ 1462;952726;"61-203         ";61-203 - LAVATORIO MONOCOMANDO ALTO ADRA;1;1;1;23399014;150926143136625;183727984;;;;01/20/2032 00:00:00;1;13974951;15/09/2026 14:31:36;Gustavo;Soderquvist;24675720;15/09/2026 09:06:16;7839;Claudio;Juarez;Gustavo Soderquvist;Claudio Juarez
14295179;15/09/2026 14:32:44;3;2;0001  215269-1;05;CAMIONETA MIE 3;2093713;"NS03    ";"NESGAMET S.A.                                     ";SOR JUANA DE LA CRUZ 1462;953159;"80-203P        ";80-203P - DUCHA EMB C/TRANSF. MONOCOMANDO ADRA PLUS;1;1;1;23400405;150926143243961;183737091;;;;07/28/2031 00:00:00;1;13975007;15/09/2026 14:32:43;Gustavo;Soderquvist;24676904;15/09/2026 09:47:04;7839;Claudio;Juarez;Gustavo Soderquvist;Claudio Juarez
14295179;15/09/2026 14:32:44;3;2;0001  215269-1;05;CAMIONETA MIE 3;2093713;"NS03    ";"NESGAMET S.A.                                     ";SOR JUANA DE LA CRUZ 1462;952954;"70-203         ";70-203 - BIDE MONOCOMANDO ADRA;1;1;1;23400405;150926143243961;183736747;;;;07/29/2031 00:00:00;1;13975007;15/09/2026 14:32:43;Gustavo;Soderquvist;24676904;15/09/2026 09:47:04;7839;Claudio;Juarez;Gustavo Soderquvist;Claudio Juarez
14295180;15/09/2026 13:53:09;3;2;0001  215283-1;05;CAMIONETA MIE 3;2091270;"BE13    ";"BETOMAT S.R.L.                                    ";AV. JUAN B. ALBERDI 3661;951611;"21-160         ";"MONOCOMANDO DUO COCINA CROMO DIQUE                                    ";2;2;2;23402031;150926045309245;183746268;;;;12/14/2031 00:00:00;2;13973588;15/09/2026 13:53:09;Mirko;Hernandez;24678426;15/09/2026 10:07:36;7827;Javier;Machado;Mirko Hernandez;Javier Machado
14295180;15/09/2026 13:53:09;3;2;0001  215283-1;05;CAMIONETA MIE 3;2091270;"BE13    ";"BETOMAT S.R.L.                                    ";AV. JUAN B. ALBERDI 3661;952499;"54-203         ";"COCINA PARED EXT C.CERAM ADRA MONOCOMANDO                             ";2;2;2;23402031;150926045309245;183745148;;;;02/18/2032 00:00:00;2;13973588;15/09/2026 13:53:09;Mirko;Hernandez;24678426;15/09/2026 10:07:36;7827;Javier;Machado;Mirko Hernandez;Javier Machado
14295181;15/09/2026 15:32:50;3;2;0001  215302-1;05;CAMIONETA MIE 3;2091270;"BE13    ";"BETOMAT S.R.L.                                    ";AV. JUAN B. ALBERDI 3661;951098;"11006          ";"SET DE 6 PIEZAS LINEA 11000                                           ";10;10;10;23394653;150926063017066;183694834;;;;07/29/2031 00:00:00;10;13976906;15/09/2026 15:30:17;Mirko;Hernandez;24671568;15/09/2026 06:24:44;7827;Javier;Machado;Mirko Hernandez;Javier Machado
14295181;15/09/2026 15:32:50;3;2;0001  215302-1;05;CAMIONETA MIE 3;2091270;"BE13    ";"BETOMAT S.R.L.                                    ";AV. JUAN B. ALBERDI 3661;952874;"70-100G        ";70-100G - BIDE GOLD C.CERAM FABRIC;2;2;2;23395438;150926063249902;183708752;;;;07/29/2031 00:00:00;2;13977121;15/09/2026 15:32:49;Mirko;Hernandez;24672369;15/09/2026 08:13:24;7636;Kevin;Arce;Mirko Hernandez;Kevin Arce
14295181;15/09/2026 15:32:50;3;2;0001  215302-1;05;CAMIONETA MIE 3;2091270;"BE13    ";"BETOMAT S.R.L.                                    ";AV. JUAN B. ALBERDI 3661;952596;"60-100G        ";60-100G - LAVATORIO GOLD C.CERAM FABRIC;2;2;2;23395438;150926063249902;183708558;;;;11/10/2031 00:00:00;2;13977121;15/09/2026 15:32:49;Mirko;Hernandez;24672369;15/09/2026 08:13:24;7636;Kevin;Arce;Mirko Hernandez;Kevin Arce
14295181;15/09/2026 15:32:50;3;2;0001  215302-1;05;CAMIONETA MIE 3;2091270;"BE13    ";"BETOMAT S.R.L.                                    ";AV. JUAN B. ALBERDI 3661;952452;"51-122         ";51-122 - MESADA BIMANDO CR C.CERAM VALENCIA;2;2;2;23395438;150926063249902;183704523;;;;02/01/2032 00:00:00;1;13977121;15/09/2026 15:32:49;Mirko;Hernandez;24672369;15/09/2026 08:13:24;7636;Kevin;Arce;Mirko Hernandez;Kevin Arce
14295181;15/09/2026 15:32:50;3;2;0001  215302-1;05;CAMIONETA MIE 3;2091270;"BE13    ";"BETOMAT S.R.L.                                    ";AV. JUAN B. ALBERDI 3661;952637;"60-168         ";60-168 - LAVATORIO MONOC BAJO CR WAVE;2;2;2;23420560;150926062700362;183695814;;;;07/27/2031 00:00:00;2;13976992;15/09/2026 15:27:00;Mirko;Hernandez;;;;;;Mirko Hernandez;
14295181;15/09/2026 15:32:50;3;2;0001  215302-1;05;CAMIONETA MIE 3;2091270;"BE13    ";"BETOMAT S.R.L.                                    ";AV. JUAN B. ALBERDI 3661;952647;"60-176         ";"LAVATORIO MONOCOMANDO BAJO CR RIO                                     ";2;2;2;23420560;150926062700362;183695410;;;;10/11/2031 00:00:00;2;13976992;15/09/2026 15:27:00;Mirko;Hernandez;;;;;;Mirko Hernandez;
14295181;15/09/2026 15:32:50;3;2;0001  215302-1;05;CAMIONETA MIE 3;2091270;"BE13    ";"BETOMAT S.R.L.                                    ";AV. JUAN B. ALBERDI 3661;952955;"70-203N        ";"BIDE MONOCOMANDO ADRA BLACK                                           ";1;1;1;23420560;150926062700362;183695607;;;;07/27/2031 00:00:00;1;13976992;15/09/2026 15:27:00;Mirko;Hernandez;;;;;;Mirko Hernandez;
14295181;15/09/2026 15:32:50;3;2;0001  215302-1;05;CAMIONETA MIE 3;2091270;"BE13    ";"BETOMAT S.R.L.                                    ";AV. JUAN B. ALBERDI 3661;952956;"70-205         ";70-205 - BIDE MONOCOMANDO STEEL;1;1;1;23420560;150926062700362;183695794;;;;11/08/2031 00:00:00;1;13976992;15/09/2026 15:27:00;Mirko;Hernandez;;;;;;Mirko Hernandez;
14295181;15/09/2026 15:32:50;3;2;0001  215302-1;05;CAMIONETA MIE 3;2091270;"BE13    ";"BETOMAT S.R.L.                                    ";AV. JUAN B. ALBERDI 3661;953161;"80-205         ";80-205 - DUCHA EMB. C/TRANSF. MONOC STEEL;1;1;1;23420613;150926062757952;183695498;;;;08/11/2031 00:00:00;1;13977023;15/09/2026 15:27:57;Mirko;Hernandez;;;;;;Mirko Hernandez;
14295181;15/09/2026 15:32:50;3;2;0001  215302-1;05;CAMIONETA MIE 3;2091270;"BE13    ";"BETOMAT S.R.L.                                    ";AV. JUAN B. ALBERDI 3661;953158;"80-203N        ";"DUCHA EMB C/TRANSF. MONOCOMANDO ADRA BLACK PLUS                       ";1;1;1;23420613;150926062757952;183695693;;;;07/28/2031 00:00:00;1;13977023;15/09/2026 15:27:57;Mirko;Hernandez;;;;;;Mirko Hernandez;
14295181;15/09/2026 15:32:50;3;2;0001  215302-1;05;CAMIONETA MIE 3;2091270;"BE13    ";"BETOMAT S.R.L.                                    ";AV. JUAN B. ALBERDI 3661;952679;"60-205         ";60-205 - LAVATORIO MONOC BAJO STEEL;1;1;1;23420613;150926062757952;183695733;;;;07/28/2031 00:00:00;1;13977023;15/09/2026 15:27:57;Mirko;Hernandez;;;;;;Mirko Hernandez;
14295181;15/09/2026 15:32:50;3;2;0001  215302-1;05;CAMIONETA MIE 3;2091270;"BE13    ";"BETOMAT S.R.L.                                    ";AV. JUAN B. ALBERDI 3661;952618;"60-133         ";60-133 - LAVATORIO MONOCOMANDO LUGO;8;8;8;23420613;150926062757952;183878594;;;;07/29/2031 00:00:00;2;13977023;15/09/2026 15:27:57;Mirko;Hernandez;;;;;;Mirko Hernandez;
14295181;15/09/2026 15:32:50;3;2;0001  215302-1;05;CAMIONETA MIE 3;2091270;"BE13    ";"BETOMAT S.R.L.                                    ";AV. JUAN B. ALBERDI 3661;952618;"60-133         ";60-133 - LAVATORIO MONOCOMANDO LUGO;8;8;8;23420681;150926062910376;183695135;;;;07/29/2031 00:00:00;6;13977067;15/09/2026 15:29:10;Mirko;Hernandez;;;;;;Mirko Hernandez;
14295181;15/09/2026 15:32:50;3;2;0001  215302-1;05;CAMIONETA MIE 3;2091270;"BE13    ";"BETOMAT S.R.L.                                    ";AV. JUAN B. ALBERDI 3661;953421;"90-166         ";90-166 - PACK GRIF. ADRA PLUS (Lav-Bide-Ducha c/t Plus);3;3;3;23420851;150926063124634;183698572;;;;01/04/2032 00:00:00;3;13977141;15/09/2026 15:31:24;Mirko;Hernandez;;;;;;Mirko Hernandez;
14295181;15/09/2026 15:32:50;3;2;0001  215302-1;05;CAMIONETA MIE 3;2091270;"BE13    ";"BETOMAT S.R.L.                                    ";AV. JUAN B. ALBERDI 3661;953176;"80-390         ";80-390 - DUCHA DE EMB 3 FUNCIONES BLACK VELVET;2;2;2;23420885;150926063155174;183707498;;;;09/16/2031 00:00:00;2;13977152;15/09/2026 15:31:55;Mirko;Hernandez;;;;;;Mirko Hernandez;
14295181;15/09/2026 15:32:50;3;2;0001  215302-1;05;CAMIONETA MIE 3;2091270;"BE13    ";"BETOMAT S.R.L.                                    ";AV. JUAN B. ALBERDI 3661;952452;"51-122         ";51-122 - MESADA BIMANDO CR C.CERAM VALENCIA;2;2;2;23420885;150926063155174;183880500;;;;02/01/2032 00:00:00;1;13977152;15/09/2026 15:31:55;Mirko;Hernandez;;;;;;Mirko Hernandez;
14295182;15/09/2026 14:53:55;3;2;0001  215325-1;05;CAMIONETA MIE 3;2091270;"BE13    ";"BETOMAT S.R.L.                                    ";AV. JUAN B. ALBERDI 3661;951262;"16030          ";16030 - PERCHA LINEA 16000;10;10;10;23400406;150926145353816;183740101;;;;07/27/2031 00:00:00;10;13975693;15/09/2026 14:53:53;Gustavo;Soderquvist;24676904;15/09/2026 09:47:04;7839;Claudio;Juarez;Gustavo Soderquvist;Claudio Juarez
14295182;15/09/2026 14:53:55;3;2;0001  215325-1;05;CAMIONETA MIE 3;2091270;"BE13    ";"BETOMAT S.R.L.                                    ";AV. JUAN B. ALBERDI 3661;951264;"16040          ";16040 - PORTA ROLLO ACCESORIOS LINEA 16000;2;2;2;23400406;150926145353816;183739393;;;;07/27/2031 00:00:00;2;13975693;15/09/2026 14:53:53;Gustavo;Soderquvist;24676904;15/09/2026 09:47:04;7839;Claudio;Juarez;Gustavo Soderquvist;Claudio Juarez
14295182;15/09/2026 14:53:55;3;2;0001  215325-1;05;CAMIONETA MIE 3;2091270;"BE13    ";"BETOMAT S.R.L.                                    ";AV. JUAN B. ALBERDI 3661;952638;"60-168N        ";60-168N - LAVATORIO MONOC BAJO BLACK WAVE;2;2;2;23400406;150926145353816;183738619;;;;07/27/2031 00:00:00;2;13975693;15/09/2026 14:53:53;Gustavo;Soderquvist;24676904;15/09/2026 09:47:04;7839;Claudio;Juarez;Gustavo Soderquvist;Claudio Juarez
14295183;15/09/2026 15:39:45;3;2;0001  215287-1;05;CAMIONETA MIE 3;2095040;"WM02    ";"WILEJTO MARCOS M. -ISA SANITARIOS                 ";CALDERON DE LA BARCA 2925;954805;"AB-002         ";AB-002 - AGARRADERA ACERO INOX CROMADO 40 CM SAFE;2;2;2;23399036;150926153943190;183728128;;;;08/12/2031 00:00:00;2;13977332;15/09/2026 15:39:43;Maximiliano;Nievas;24675733;15/09/2026 09:23:21;7636;Kevin;Arce;Maximiliano Nievas;Kevin Arce
14295183;15/09/2026 15:39:45;3;2;0001  215287-1;05;CAMIONETA MIE 3;2095040;"WM02    ";"WILEJTO MARCOS M. -ISA SANITARIOS                 ";CALDERON DE LA BARCA 2925;954804;"AB-001         ";AB-001 - AGARRADERA ACERO INOX CROMADO 30 CM SAFE;2;2;2;23399036;150926153943190;183727824;;;;07/28/2031 00:00:00;2;13977332;15/09/2026 15:39:43;Maximiliano;Nievas;24675733;15/09/2026 09:23:21;7636;Kevin;Arce;Maximiliano Nievas;Kevin Arce
14295183;15/09/2026 15:39:45;3;2;0001  215287-1;05;CAMIONETA MIE 3;2095040;"WM02    ";"WILEJTO MARCOS M. -ISA SANITARIOS                 ";CALDERON DE LA BARCA 2925;954806;"AB-003         ";AB-003 - AGARRADERA ACERO INOX CROMADO 50 CM SAFE;2;2;2;23399036;150926153943190;183728365;;;;07/27/2031 00:00:00;2;13977332;15/09/2026 15:39:43;Maximiliano;Nievas;24675733;15/09/2026 09:23:21;7636;Kevin;Arce;Maximiliano Nievas;Kevin Arce
14295183;15/09/2026 15:39:45;3;2;0001  215287-1;05;CAMIONETA MIE 3;2095040;"WM02    ";"WILEJTO MARCOS M. -ISA SANITARIOS                 ";CALDERON DE LA BARCA 2925;952499;"54-203         ";"COCINA PARED EXT C.CERAM ADRA MONOCOMANDO                             ";6;6;6;23421153;150926153721659;183735248;;;;02/18/2032 00:00:00;6;13977346;15/09/2026 15:37:21;Maximiliano;Nievas;;;;;;Maximiliano Nievas;
14295184;15/09/2026 15:03:50;3;2;0001  215288-1;05;CAMIONETA MIE 3;2094370;"SC33    ";"SANITARIOS CAMPANA S.R.L.                         ";AV. FRANCISCO BEIRO 3300;952677;"60-203         ";60-203 - LAVATORIO MONOCOMANDO BAJO ADRA;3;3;3;23395439;150926055553378;183704180;;;;02/16/2032 00:00:00;1;13975714;15/09/2026 14:55:53;Mirko;Hernandez;24672369;15/09/2026 08:13:24;7636;Kevin;Arce;Mirko Hernandez;Kevin Arce
14295184;15/09/2026 15:03:50;3;2;0001  215288-1;05;CAMIONETA MIE 3;2094370;"SC33    ";"SANITARIOS CAMPANA S.R.L.                         ";AV. FRANCISCO BEIRO 3300;953110;"80-166N        ";80-166N - DUCHA EMB. C/TRANSF. BLACK C.CERAM ADRA PLUS;2;2;2;23395439;150926055553378;183706552;;;;01/07/2032 00:00:00;1;13975714;15/09/2026 14:55:53;Mirko;Hernandez;24672369;15/09/2026 08:13:24;7636;Kevin;Arce;Mirko Hernandez;Kevin Arce
14295184;15/09/2026 15:03:50;3;2;0001  215288-1;05;CAMIONETA MIE 3;2094370;"SC33    ";"SANITARIOS CAMPANA S.R.L.                         ";AV. FRANCISCO BEIRO 3300;951536;"20-162         ";20-162 - MONOCOMANDO COCINA ADRA;3;3;3;23399037;150926150349162;183734712;;;;07/28/2031 00:00:00;3;13976083;15/09/2026 15:03:49;Gustavo;Soderquvist;24675733;15/09/2026 09:23:21;7636;Kevin;Arce;Gustavo Soderquvist;Kevin Arce
14295184;15/09/2026 15:03:50;3;2;0001  215288-1;05;CAMIONETA MIE 3;2094370;"SC33    ";"SANITARIOS CAMPANA S.R.L.                         ";AV. FRANCISCO BEIRO 3300;952712;"61-176         ";61-176 - LAVATORIO MONOC ALTO CR RIO;2;2;2;23399037;150926150349162;183733650;;;;10/09/2031 00:00:00;2;13976083;15/09/2026 15:03:49;Gustavo;Soderquvist;24675733;15/09/2026 09:23:21;7636;Kevin;Arce;Gustavo Soderquvist;Kevin Arce
14295184;15/09/2026 15:03:50;3;2;0001  215288-1;05;CAMIONETA MIE 3;2094370;"SC33    ";"SANITARIOS CAMPANA S.R.L.                         ";AV. FRANCISCO BEIRO 3300;952647;"60-176         ";"LAVATORIO MONOCOMANDO BAJO CR RIO                                     ";2;2;2;23399037;150926150349162;183732927;;;;10/11/2031 00:00:00;2;13976083;15/09/2026 15:03:49;Gustavo;Soderquvist;24675733;15/09/2026 09:23:21;7636;Kevin;Arce;Gustavo Soderquvist;Kevin Arce
14295184;15/09/2026 15:03:50;3;2;0001  215288-1;05;CAMIONETA MIE 3;2094370;"SC33    ";"SANITARIOS CAMPANA S.R.L.                         ";AV. FRANCISCO BEIRO 3300;952634;"60-162         ";60-162 - LAVATORIO CR C.CERAM LINEA ADRA;3;3;3;23418672;150926055339968;183698614;;;;07/29/2031 00:00:00;3;13975744;15/09/2026 14:53:39;Mirko;Hernandez;;;;;;Mirko Hernandez;
14295184;15/09/2026 15:03:50;3;2;0001  215288-1;05;CAMIONETA MIE 3;2094370;"SC33    ";"SANITARIOS CAMPANA S.R.L.                         ";AV. FRANCISCO BEIRO 3300;952677;"60-203         ";60-203 - LAVATORIO MONOCOMANDO BAJO ADRA;3;3;3;23418672;150926055339968;183863522;;;;02/16/2032 00:00:00;2;13975744;15/09/2026 14:53:39;Mirko;Hernandez;;;;;;Mirko Hernandez;
14295184;15/09/2026 15:03:50;3;2;0001  215288-1;05;CAMIONETA MIE 3;2094370;"SC33    ";"SANITARIOS CAMPANA S.R.L.                         ";AV. FRANCISCO BEIRO 3300;952583;"60-058         ";60-058 - LAVATORIO CR C.STD MALBA;5;5;5;23418672;150926055339968;183702471;;;;12/03/2031 00:00:00;5;13975744;15/09/2026 14:53:39;Mirko;Hernandez;;;;;;Mirko Hernandez;
14295184;15/09/2026 15:03:50;3;2;0001  215288-1;05;CAMIONETA MIE 3;2094370;"SC33    ";"SANITARIOS CAMPANA S.R.L.                         ";AV. FRANCISCO BEIRO 3300;952610;"60-122         ";60-122 - LAVATORIO C.CERAM CR VALENCIA;3;3;3;23418743;150926055457009;183705358;;;;12/10/2031 00:00:00;3;13975787;15/09/2026 14:54:57;Mirko;Hernandez;;;;;;Mirko Hernandez;
14295184;15/09/2026 15:03:50;3;2;0001  215288-1;05;CAMIONETA MIE 3;2094370;"SC33    ";"SANITARIOS CAMPANA S.R.L.                         ";AV. FRANCISCO BEIRO 3300;952551;"60-010         ";60-010 - LAVATORIO BL/CR LORCA;5;5;5;23418743;150926055457009;183699441;;;;01/14/2032 00:00:00;5;13975787;15/09/2026 14:54:57;Mirko;Hernandez;;;;;;Mirko Hernandez;
14295184;15/09/2026 15:03:50;3;2;0001  215288-1;05;CAMIONETA MIE 3;2094370;"SC33    ";"SANITARIOS CAMPANA S.R.L.                         ";AV. FRANCISCO BEIRO 3300;952913;"70-162N        ";70-162N - BIDE BLACK C.CERAM LINEA ADRA;2;2;2;23418743;150926055457009;183706455;;;;12/08/2031 00:00:00;2;13975787;15/09/2026 14:54:57;Mirko;Hernandez;;;;;;Mirko Hernandez;
14295184;15/09/2026 15:03:50;3;2;0001  215288-1;05;CAMIONETA MIE 3;2094370;"SC33    ";"SANITARIOS CAMPANA S.R.L.                         ";AV. FRANCISCO BEIRO 3300;953110;"80-166N        ";80-166N - DUCHA EMB. C/TRANSF. BLACK C.CERAM ADRA PLUS;2;2;2;23418781;150926055518641;183864254;;;;01/07/2032 00:00:00;1;13975800;15/09/2026 14:55:18;Mirko;Hernandez;;;;;;Mirko Hernandez;
14295184;15/09/2026 15:03:50;3;2;0001  215288-1;05;CAMIONETA MIE 3;2094370;"SC33    ";"SANITARIOS CAMPANA S.R.L.                         ";AV. FRANCISCO BEIRO 3300;952726;"61-203         ";61-203 - LAVATORIO MONOCOMANDO ALTO ADRA;3;3;3;23418781;150926055518641;183704055;;;;01/20/2032 00:00:00;3;13975800;15/09/2026 14:55:18;Mirko;Hernandez;;;;;;Mirko Hernandez;
14295185;15/09/2026 13:05:22;3;2;0001  215323-1;05;CAMIONETA MIE 3;2094662;"SS41    ";"SANITARIOS SANJUAN S.R.L.                         ";SANABRIA 2978;1141160;"BCH22          ";"BACHA DE APOYAR BLANCA 450x290x110                                    ";3;3;3;23402001;150926112500006;183743314;;;;02/11/2032 00:00:00;3;13969163;15/09/2026 11:25:00;Gustavo;Soderquvist;24678434;15/09/2026 10:15:24;7636;Kevin;Arce;Gustavo Soderquvist;Kevin Arce
14295185;15/09/2026 13:05:22;3;2;0001  215323-1;05;CAMIONETA MIE 3;2094662;"SS41    ";"SANITARIOS SANJUAN S.R.L.                         ";SANABRIA 2978;951486;"20-100N        ";20-100N - MONOCOMANDO DE COCINA FABRIC BLACK;2;2;2;23403506;150926130521660;183753540;;;;01/10/2032 00:00:00;2;13972105;15/09/2026 13:05:21;Gustavo;Soderquvist;24679792;15/09/2026 10:14:09;7827;Javier;Machado;Gustavo Soderquvist;Javier Machado
14295186;15/09/2026 14:34:08;3;2;0001  215326-1;05;CAMIONETA MIE 3;2093315;"MA29    ";"MULTISANITARIOS Y ACCESORIOS S.R.L.               ";AV. JUAN B. ALBERDI 3528;953153;"80-200G        ";80-200G - DUCHA EMB. MONOC. 3 FUNCIONES GOLD FABRIC;2;2;2;23399015;150926143408730;183729336;;;;12/03/2031 00:00:00;2;13975046;15/09/2026 14:34:08;Maximiliano;Nievas;24675720;15/09/2026 09:06:16;7839;Claudio;Juarez;Maximiliano Nievas;Claudio Juarez
14295187;15/09/2026 15:35:42;3;2;0001  215404-1;05;CAMIONETA MIE 3;2363969;"LL11    ";"LAGUNAS LEONCIO ARTURO - CERAMICAL                ";AV. GAONA 2581;951532;"20-147         ";20-147 - MONOCOMANDO DE COCINA SWIFT;10;10;10;23395718;150926153542202;183711289;;;;07/29/2031 00:00:00;10;13977238;15/09/2026 15:35:42;Maximiliano;Nievas;24672583;15/09/2026 09:27:51;7827;Javier;Machado;Maximiliano Nievas;Javier Machado
14295187;15/09/2026 15:35:42;3;2;0001  215404-1;05;CAMIONETA MIE 3;2363969;"LL11    ";"LAGUNAS LEONCIO ARTURO - CERAMICAL                ";AV. GAONA 2581;951611;"21-160         ";"MONOCOMANDO DUO COCINA CROMO DIQUE                                    ";3;3;3;23421049;150926153503616;183732010;;;;12/14/2031 00:00:00;3;13977264;15/09/2026 15:35:03;Maximiliano;Nievas;;;;;;Maximiliano Nievas;
14295187;15/09/2026 15:35:42;3;2;0001  215404-1;05;CAMIONETA MIE 3;2363969;"LL11    ";"LAGUNAS LEONCIO ARTURO - CERAMICAL                ";AV. GAONA 2581;951553;"20-184         ";"MONOCOMANDO DE COCINA CR SUV                                          ";2;2;2;23421049;150926153503616;183721015;;;;10/04/2031 00:00:00;2;13977264;15/09/2026 15:35:03;Maximiliano;Nievas;;;;;;Maximiliano Nievas;
14295188;15/09/2026 13:03:02;3;2;0004     117-1;05;CAMIONETA MIE 3;2091228;"BA45    ";"BRUNETTI ADRIANA NOEMI                            ";JUAN B. ALBERDI 3783;954915;"BCH13          ";BCH13 - BACHA DE APOYAR BLANCA RECTANGULAR 465x260x125;1;1;1;23401094;150926013208174;183741236;;;;07/27/2031 00:00:00;1;13967348;15/09/2026 10:32:08;Mirko;Hernandez;24677576;15/09/2026 09:41:57;7636;Kevin;Arce;Mirko Hernandez;Kevin Arce
14295188;15/09/2026 13:03:02;3;2;0004     117-1;05;CAMIONETA MIE 3;2091228;"BA45    ";"BRUNETTI ADRIANA NOEMI                            ";JUAN B. ALBERDI 3783;952709;"61-168N        ";61-168N - LAVATORIO MONOC ALTO BLACK WAVE;1;1;1;23402032;150926130259272;183745671;;;;07/28/2031 00:00:00;1;13972053;15/09/2026 13:02:59;Gustavo;Soderquvist;24678426;15/09/2026 10:07:36;7827;Javier;Machado;Gustavo Soderquvist;Javier Machado
14295189;15/09/2026 13:49:39;3;2;0001  215501-1;05;CAMIONETA MIE 3;2091122;"AN18    ";"ANSBOR S.R.L.                                     ";AV. ALBERDI 3907;952860;"70-057         ";70-057 - BIDE C.STD VERIN PLUS;2;2;2;23399016;150926044011499;183726631;;;;01/31/2032 00:00:00;2;13973130;15/09/2026 13:40:11;Mirko;Hernandez;24675720;15/09/2026 09:06:16;7839;Claudio;Juarez;Mirko Hernandez;Claudio Juarez
14295189;15/09/2026 13:49:39;3;2;0001  215501-1;05;CAMIONETA MIE 3;2091122;"AN18    ";"ANSBOR S.R.L.                                     ";AV. ALBERDI 3907;953244;"814/CRC        ";814/CRC - MESADA P.FUNDIDO CR/CR C.CERAM. ARES;1;1;1;23399016;150926044011499;183728627;;;;02/16/2032 00:00:00;1;13973130;15/09/2026 13:40:11;Mirko;Hernandez;24675720;15/09/2026 09:06:16;7839;Claudio;Juarez;Mirko Hernandez;Claudio Juarez
14295189;15/09/2026 13:49:39;3;2;0001  215501-1;05;CAMIONETA MIE 3;2091122;"AN18    ";"ANSBOR S.R.L.                                     ";AV. ALBERDI 3907;952677;"60-203         ";60-203 - LAVATORIO MONOCOMANDO BAJO ADRA;1;1;1;23399016;150926044011499;183727897;;;;02/16/2032 00:00:00;1;13973130;15/09/2026 13:40:11;Mirko;Hernandez;24675720;15/09/2026 09:06:16;7839;Claudio;Juarez;Mirko Hernandez;Claudio Juarez
14295189;15/09/2026 13:49:39;3;2;0001  215501-1;05;CAMIONETA MIE 3;2091122;"AN18    ";"ANSBOR S.R.L.                                     ";AV. ALBERDI 3907;952582;"60-057         ";60-057 - LAVATORIO C.STD VERIN PLUS;2;2;2;23399016;150926044011499;183726878;;;;01/31/2032 00:00:00;2;13973130;15/09/2026 13:40:11;Mirko;Hernandez;24675720;15/09/2026 09:06:16;7839;Claudio;Juarez;Mirko Hernandez;Claudio Juarez
14295189;15/09/2026 13:49:39;3;2;0001  215501-1;05;CAMIONETA MIE 3;2091122;"AN18    ";"ANSBOR S.R.L.                                     ";AV. ALBERDI 3907;952648;"60-176N        ";"LAVATORIO MONOCOMANDO BAJO BLACK RIO                                  ";1;1;1;23403701;150926044939712;183757608;;;;07/29/2031 00:00:00;1;13973169;15/09/2026 13:49:39;Mirko;Hernandez;24679983;15/09/2026 10:30:37;7839;Claudio;Juarez;Mirko Hernandez;Claudio Juarez
14295189;15/09/2026 13:49:39;3;2;0001  215501-1;05;CAMIONETA MIE 3;2091122;"AN18    ";"ANSBOR S.R.L.                                     ";AV. ALBERDI 3907;952928;"70-180         ";70-180 - BIDE MONOCOMANDO C/TRANSF. VERA;1;1;1;23414667;150926044247885;183758279;;;;07/27/2031 00:00:00;1;13973220;15/09/2026 13:42:47;Mirko;Hernandez;;;;;;Mirko Hernandez;
14295189;15/09/2026 13:49:39;3;2;0001  215501-1;05;CAMIONETA MIE 3;2091122;"AN18    ";"ANSBOR S.R.L.                                     ";AV. ALBERDI 3907;953123;"80-176N        ";80-176N - DUCHA EMB C/TRANSF MONOC BLACK RIO;1;1;1;23414667;150926044247885;183757969;;;;07/27/2031 00:00:00;1;13973220;15/09/2026 13:42:47;Mirko;Hernandez;;;;;;Mirko Hernandez;
14295189;15/09/2026 13:49:39;3;2;0001  215501-1;05;CAMIONETA MIE 3;2091122;"AN18    ";"ANSBOR S.R.L.                                     ";AV. ALBERDI 3907;952647;"60-176         ";"LAVATORIO MONOCOMANDO BAJO CR RIO                                     ";1;1;1;23414667;150926044247885;183757167;;;;10/11/2031 00:00:00;1;13973220;15/09/2026 13:42:47;Mirko;Hernandez;;;;;;Mirko Hernandez;
14295189;15/09/2026 13:49:39;3;2;0001  215501-1;05;CAMIONETA MIE 3;2091122;"AN18    ";"ANSBOR S.R.L.                                     ";AV. ALBERDI 3907;951530;"20-146         ";20-146 - MONOCOMANDO DE COCINA CR LINEA MOVE;2;2;2;23414667;150926044247885;183756215;;;;10/09/2031 00:00:00;2;13973220;15/09/2026 13:42:47;Mirko;Hernandez;;;;;;Mirko Hernandez;
14295189;15/09/2026 13:49:39;3;2;0001  215501-1;05;CAMIONETA MIE 3;2091122;"AN18    ";"ANSBOR S.R.L.                                     ";AV. ALBERDI 3907;952713;"61-176N        ";61-176N - LAVATORIO MONOC ALTO BLACK RIO;1;1;1;23414701;150926044331858;183757650;;;;07/29/2031 00:00:00;1;13973250;15/09/2026 13:43:31;Mirko;Hernandez;;;;;;Mirko Hernandez;
14295189;15/09/2026 13:49:39;3;2;0001  215501-1;05;CAMIONETA MIE 3;2091122;"AN18    ";"ANSBOR S.R.L.                                     ";AV. ALBERDI 3907;952650;"60-180         ";60-180 - LAVATORIO MONOCOMANDO BAJO VERA;1;1;1;23414701;150926044331858;183758184;;;;07/28/2031 00:00:00;1;13973250;15/09/2026 13:43:31;Mirko;Hernandez;;;;;;Mirko Hernandez;
14295189;15/09/2026 13:49:39;3;2;0001  215501-1;05;CAMIONETA MIE 3;2091122;"AN18    ";"ANSBOR S.R.L.                                     ";AV. ALBERDI 3907;952637;"60-168         ";60-168 - LAVATORIO MONOC BAJO CR WAVE;1;1;1;23414701;150926044331858;183758851;;;;07/27/2031 00:00:00;1;13973250;15/09/2026 13:43:31;Mirko;Hernandez;;;;;;Mirko Hernandez;
14295189;15/09/2026 13:49:39;3;2;0001  215501-1;05;CAMIONETA MIE 3;2091122;"AN18    ";"ANSBOR S.R.L.                                     ";AV. ALBERDI 3907;951116;"12006          ";"SET DE 6 PIEZAS LINEA 12000                                           ";4;4;4;23414736;150926044410979;183756707;;;;07/30/2031 00:00:00;4;13973290;15/09/2026 13:44:10;Mirko;Hernandez;;;;;;Mirko Hernandez;
14295189;15/09/2026 13:49:39;3;2;0001  215501-1;05;CAMIONETA MIE 3;2091122;"AN18    ";"ANSBOR S.R.L.                                     ";AV. ALBERDI 3907;953334;"84-203         ";"DUCHA EXT C/COLUMNA Y TRANSF CR ADRA                                  ";2;2;2;23414786;150926044452414;183759438;;;;12/02/2031 00:00:00;2;13973321;15/09/2026 13:44:52;Mirko;Hernandez;;;;;;Mirko Hernandez;
14295189;15/09/2026 13:49:39;3;2;0001  215501-1;05;CAMIONETA MIE 3;2091122;"AN18    ";"ANSBOR S.R.L.                                     ";AV. ALBERDI 3907;952954;"70-203         ";70-203 - BIDE MONOCOMANDO ADRA;1;1;1;23414828;150926044551069;183755625;;;;07/29/2031 00:00:00;1;13973356;15/09/2026 13:45:51;Mirko;Hernandez;;;;;;Mirko Hernandez;
14295189;15/09/2026 13:49:39;3;2;0001  215501-1;05;CAMIONETA MIE 3;2091122;"AN18    ";"ANSBOR S.R.L.                                     ";AV. ALBERDI 3907;952797;"63-176         ";"LAVATORIO PARED EMB MONOC CR RIO                                      ";1;1;1;23414828;150926044551069;183755204;;;;12/14/2031 00:00:00;1;13973356;15/09/2026 13:45:51;Mirko;Hernandez;;;;;;Mirko Hernandez;
14295189;15/09/2026 13:49:39;3;2;0001  215501-1;05;CAMIONETA MIE 3;2091122;"AN18    ";"ANSBOR S.R.L.                                     ";AV. ALBERDI 3907;952798;"63-176N        ";"LAVATORIO PARED EMB MONOC BLACK RIO                                   ";1;1;1;23414828;150926044551069;183755067;;;;12/14/2031 00:00:00;1;13973356;15/09/2026 13:45:51;Mirko;Hernandez;;;;;;Mirko Hernandez;
14295189;15/09/2026 13:49:39;3;2;0001  215501-1;05;CAMIONETA MIE 3;2091122;"AN18    ";"ANSBOR S.R.L.                                     ";AV. ALBERDI 3907;951523;"20-134         ";20-134 - MONOCOMANDO COCINA BETIS;2;2;2;23414828;150926044551069;183754312;;;;08/11/2031 00:00:00;2;13973356;15/09/2026 13:45:51;Mirko;Hernandez;;;;;;Mirko Hernandez;
14295189;15/09/2026 13:49:39;3;2;0001  215501-1;05;CAMIONETA MIE 3;2091122;"AN18    ";"ANSBOR S.R.L.                                     ";AV. ALBERDI 3907;952499;"54-203         ";"COCINA PARED EXT C.CERAM ADRA MONOCOMANDO                             ";2;2;2;23414828;150926044551069;183754853;;;;02/18/2032 00:00:00;2;13973356;15/09/2026 13:45:51;Mirko;Hernandez;;;;;;Mirko Hernandez;
14295189;15/09/2026 13:49:39;3;2;0001  215501-1;05;CAMIONETA MIE 3;2091122;"AN18    ";"ANSBOR S.R.L.                                     ";AV. ALBERDI 3907;951259;"16006BL        ";16006BL - SET 6 PIEZAS ACCESORIOS LINEA 16000 BLACK;4;4;4;23414899;150926044657537;183760111;;;;07/27/2031 00:00:00;4;13973394;15/09/2026 13:46:57;Mirko;Hernandez;;;;;;Mirko Hernandez;
14295189;15/09/2026 13:49:39;3;2;0001  215501-1;05;CAMIONETA MIE 3;2091122;"AN18    ";"ANSBOR S.R.L.                                     ";AV. ALBERDI 3907;951258;"16006          ";16006 - SET 6 PIEZAS ACCESORIOS LINEA 16000;4;4;4;23414899;150926044657537;183754532;;;;07/29/2031 00:00:00;4;13973394;15/09/2026 13:46:57;Mirko;Hernandez;;;;;;Mirko Hernandez;
14295190;15/09/2026 15:29:42;3;2;0001  215502-1;05;CAMIONETA MIE 3;2092358;"ET02    ";"EL TEHUELCHE S.A.C.I.C.I.                         ";AV. 20 DE JUNIO Y 9 DE JULIO;953493;"943/E          ";943/E - COCINA PARED EMB. CR VERIN;1;1;1;23395440;150926152940318;183701191;;;;08/03/2031 00:00:00;1;13976872;15/09/2026 15:29:40;Maximiliano;Nievas;24672369;15/09/2026 08:13:24;7636;Kevin;Arce;Maximiliano Nievas;Kevin Arce
14295190;15/09/2026 15:29:42;3;2;0001  215502-1;05;CAMIONETA MIE 3;2092358;"ET02    ";"EL TEHUELCHE S.A.C.I.C.I.                         ";AV. 20 DE JUNIO Y 9 DE JULIO;952583;"60-058         ";60-058 - LAVATORIO CR C.STD MALBA;4;4;4;23395440;150926152940318;183702598;;;;12/03/2031 00:00:00;4;13976872;15/09/2026 15:29:40;Maximiliano;Nievas;24672369;15/09/2026 08:13:24;7636;Kevin;Arce;Maximiliano Nievas;Kevin Arce
14295190;15/09/2026 15:29:42;3;2;0001  215502-1;05;CAMIONETA MIE 3;2092358;"ET02    ";"EL TEHUELCHE S.A.C.I.C.I.                         ";AV. 20 DE JUNIO Y 9 DE JULIO;953055;"80-045         ";80-045 - DUCHA EMB.C/TRANSF CR  C.STD CRUZ;1;1;1;23395440;150926152940318;183709969;;;;01/04/2032 00:00:00;1;13976872;15/09/2026 15:29:40;Maximiliano;Nievas;24672369;15/09/2026 08:13:24;7636;Kevin;Arce;Maximiliano Nievas;Kevin Arce
14295190;15/09/2026 15:29:42;3;2;0001  215502-1;05;CAMIONETA MIE 3;2092358;"ET02    ";"EL TEHUELCHE S.A.C.I.C.I.                         ";AV. 20 DE JUNIO Y 9 DE JULIO;951651;"22006          ";"SET DE 6 PIEZAS LINEA 22000                                           ";4;4;4;23395719;150926152244010;183702407;;;;09/01/2031 00:00:00;4;13975344;15/09/2026 15:22:44;Maximiliano;Nievas;24672583;15/09/2026 09:27:51;7827;Javier;Machado;Maximiliano Nievas;Javier Machado
14295190;15/09/2026 15:29:42;3;2;0001  215502-1;05;CAMIONETA MIE 3;2092358;"ET02    ";"EL TEHUELCHE S.A.C.I.C.I.                         ";AV. 20 DE JUNIO Y 9 DE JULIO;951113;"12004N         ";"SET DE 4 PIEZAS LINEA 12000 BLACK                                     ";4;4;4;23418064;150926144242114;183707210;;;;09/01/2031 00:00:00;4;13975358;15/09/2026 14:42:42;Maximiliano;Nievas;;;;;;Maximiliano Nievas;
14295190;15/09/2026 15:29:42;3;2;0001  215502-1;05;CAMIONETA MIE 3;2092358;"ET02    ";"EL TEHUELCHE S.A.C.I.C.I.                         ";AV. 20 DE JUNIO Y 9 DE JULIO;956485;"LG02C60        ";LG02C60 - LAVATORIO MONOC CR GINEBRA;4;4;4;23418098;150926144319787;183708888;;;;07/29/2031 00:00:00;4;13975383;15/09/2026 14:43:19;Maximiliano;Nievas;;;;;;Maximiliano Nievas;
14295190;15/09/2026 15:29:42;3;2;0001  215502-1;05;CAMIONETA MIE 3;2092358;"ET02    ";"EL TEHUELCHE S.A.C.I.C.I.                         ";AV. 20 DE JUNIO Y 9 DE JULIO;956484;"LG02C20        ";"MONOCOMANDO COCINA CR GINEBRA                                         ";6;6;6;23418392;150926144840268;183708613;;;;07/29/2031 00:00:00;6;13975571;15/09/2026 14:48:40;Maximiliano;Nievas;;;;;;Maximiliano Nievas;
14295190;15/09/2026 15:29:42;3;2;0001  215502-1;05;CAMIONETA MIE 3;2092358;"ET02    ";"EL TEHUELCHE S.A.C.I.C.I.                         ";AV. 20 DE JUNIO Y 9 DE JULIO;956505;"LG07C20        ";"MONOCOMANDO DE COCINA CR ZURICH                                       ";4;4;4;23418424;150926144914343;183712925;;;;12/20/2031 00:00:00;4;13975596;15/09/2026 14:49:14;Maximiliano;Nievas;;;;;;Maximiliano Nievas;
14295190;15/09/2026 15:29:42;3;2;0001  215502-1;05;CAMIONETA MIE 3;2092358;"ET02    ";"EL TEHUELCHE S.A.C.I.C.I.                         ";AV. 20 DE JUNIO Y 9 DE JULIO;956483;"LG01C60        ";LG01C60 - LAVATORIO MONOC CR LUCERNA;10;10;10;23418503;150926145026313;183706890;;;;07/28/2031 00:00:00;10;13975634;15/09/2026 14:50:26;Maximiliano;Nievas;;;;;;Maximiliano Nievas;
14295190;15/09/2026 15:29:42;3;2;0001  215502-1;05;CAMIONETA MIE 3;2092358;"ET02    ";"EL TEHUELCHE S.A.C.I.C.I.                         ";AV. 20 DE JUNIO Y 9 DE JULIO;1007844;"20-122S        ";"MONOCOMANDO COCINA INOX C/PICO EXTRAIBLE VALENCIA                     ";3;3;3;23418571;150926145127435;183706217;;;;01/06/2032 00:00:00;3;13975679;15/09/2026 14:51:27;Maximiliano;Nievas;;;;;;Maximiliano Nievas;
14295190;15/09/2026 15:29:42;3;2;0001  215502-1;05;CAMIONETA MIE 3;2092358;"ET02    ";"EL TEHUELCHE S.A.C.I.C.I.                         ";AV. 20 DE JUNIO Y 9 DE JULIO;951548;"20-179         ";20-179 - MONOCOMANDO DE COCINA LARA;4;4;4;23418601;150926145209191;183704276;;;;07/27/2031 00:00:00;4;13975700;15/09/2026 14:52:09;Maximiliano;Nievas;;;;;;Maximiliano Nievas;
14295190;15/09/2026 15:29:42;3;2;0001  215502-1;05;CAMIONETA MIE 3;2092358;"ET02    ";"EL TEHUELCHE S.A.C.I.C.I.                         ";AV. 20 DE JUNIO Y 9 DE JULIO;952618;"60-133         ";60-133 - LAVATORIO MONOCOMANDO LUGO;3;3;3;23418601;150926145209191;183703992;;;;07/29/2031 00:00:00;3;13975700;15/09/2026 14:52:09;Maximiliano;Nievas;;;;;;Maximiliano Nievas;
14295190;15/09/2026 15:29:42;3;2;0001  215502-1;05;CAMIONETA MIE 3;2092358;"ET02    ";"EL TEHUELCHE S.A.C.I.C.I.                         ";AV. 20 DE JUNIO Y 9 DE JULIO;953312;"83-133         ";83-133 - DUCHA EXT. C/TRANSF. MONOCOMANDO LUGO;3;3;3;23418618;150926145231954;183703845;;;;09/03/2031 00:00:00;3;13975711;15/09/2026 14:52:31;Maximiliano;Nievas;;;;;;Maximiliano Nievas;
14295190;15/09/2026 15:29:42;3;2;0001  215502-1;05;CAMIONETA MIE 3;2092358;"ET02    ";"EL TEHUELCHE S.A.C.I.C.I.                         ";AV. 20 DE JUNIO Y 9 DE JULIO;951142;"13100G         ";"QUEINOX GAS MH 1/2""x100 APROBADO POR IGA                              ";2;2;2;23419395;150926150645769;183736996;;;;08/04/2031 00:00:00;2;13976245;15/09/2026 15:06:45;Maximiliano;Nievas;;;;;;Maximiliano Nievas;
14295190;15/09/2026 15:29:42;3;2;0001  215502-1;05;CAMIONETA MIE 3;2092358;"ET02    ";"EL TEHUELCHE S.A.C.I.C.I.                         ";AV. 20 DE JUNIO Y 9 DE JULIO;951143;"13120G         ";"QUEINOX GAS MH 1/2""x120 APROBADO POR IGA                              ";2;2;2;23419395;150926150645769;183737153;;;;08/04/2031 00:00:00;2;13976245;15/09/2026 15:06:45;Maximiliano;Nievas;;;;;;Maximiliano Nievas;
14295190;15/09/2026 15:29:42;3;2;0001  215502-1;05;CAMIONETA MIE 3;2092358;"ET02    ";"EL TEHUELCHE S.A.C.I.C.I.                         ";AV. 20 DE JUNIO Y 9 DE JULIO;951145;"13150G         ";"QUEINOX GAS MH 1/2""x150 APROBADO POR IGA                              ";2;2;2;23419395;150926150645769;183737358;;;;07/31/2031 00:00:00;2;13976245;15/09/2026 15:06:45;Maximiliano;Nievas;;;;;;Maximiliano Nievas;
14295190;15/09/2026 15:29:42;3;2;0001  215502-1;05;CAMIONETA MIE 3;2092358;"ET02    ";"EL TEHUELCHE S.A.C.I.C.I.                         ";AV. 20 DE JUNIO Y 9 DE JULIO;951172;"1340G          ";"QUEINOX GAS MH. 1/2""x40 APROBADO POR IGA                              ";10;10;10;23419395;150926150645769;183735746;;;;01/05/2032 00:00:00;10;13976245;15/09/2026 15:06:45;Maximiliano;Nievas;;;;;;Maximiliano Nievas;
14295190;15/09/2026 15:29:42;3;2;0001  215502-1;05;CAMIONETA MIE 3;2092358;"ET02    ";"EL TEHUELCHE S.A.C.I.C.I.                         ";AV. 20 DE JUNIO Y 9 DE JULIO;951182;"1350G          ";"QUEINOX GAS MH. 1/2""x50 APROBADO POR IGA                              ";10;10;10;23419395;150926150645769;183736063;;;;07/31/2031 00:00:00;10;13976245;15/09/2026 15:06:45;Maximiliano;Nievas;;;;;;Maximiliano Nievas;
14295190;15/09/2026 15:29:42;3;2;0001  215502-1;05;CAMIONETA MIE 3;2092358;"ET02    ";"EL TEHUELCHE S.A.C.I.C.I.                         ";AV. 20 DE JUNIO Y 9 DE JULIO;951195;"1380G          ";"QUEINOX GAS MH 1/2""x80 APROBADO POR IGA                               ";4;4;4;23419395;150926150645769;183736831;;;;09/10/2031 00:00:00;4;13976245;15/09/2026 15:06:45;Maximiliano;Nievas;;;;;;Maximiliano Nievas;
14295190;15/09/2026 15:29:42;3;2;0001  215502-1;05;CAMIONETA MIE 3;2092358;"ET02    ";"EL TEHUELCHE S.A.C.I.C.I.                         ";AV. 20 DE JUNIO Y 9 DE JULIO;951341;"1930           ";"1930 - QUEINOX MH 3/4"" x 30";10;10;10;23419717;150926151206767;183735120;;;;07/31/2031 00:00:00;10;13976468;15/09/2026 15:12:06;Maximiliano;Nievas;;;;;;Maximiliano Nievas;
14295190;15/09/2026 15:29:42;3;2;0001  215502-1;05;CAMIONETA MIE 3;2092358;"ET02    ";"EL TEHUELCHE S.A.C.I.C.I.                         ";AV. 20 DE JUNIO Y 9 DE JULIO;954678;"A842           ";A842 - DUCHADOR ANTICALCAREO 5 FUNCIONES C/SOPORTE Y FLEX;2;2;2;23419717;150926151206767;183701047;;;;07/28/2031 00:00:00;2;13976468;15/09/2026 15:12:06;Maximiliano;Nievas;;;;;;Maximiliano Nievas;
14295190;15/09/2026 15:29:42;3;2;0001  215502-1;05;CAMIONETA MIE 3;2092358;"ET02    ";"EL TEHUELCHE S.A.C.I.C.I.                         ";AV. 20 DE JUNIO Y 9 DE JULIO;954656;"A819           ";A819 - DUCHADOR ANTICALCAREO C/FLEXIBLE Y SOPORTE;3;3;3;23419717;150926151206767;183700959;;;;07/27/2031 00:00:00;3;13976468;15/09/2026 15:12:06;Maximiliano;Nievas;;;;;;Maximiliano Nievas;
14295190;15/09/2026 15:29:42;3;2;0001  215502-1;05;CAMIONETA MIE 3;2092358;"ET02    ";"EL TEHUELCHE S.A.C.I.C.I.                         ";AV. 20 DE JUNIO Y 9 DE JULIO;954649;"A814           ";A814 - DUCHA C/BRAZO Y CAMPANA CR;4;4;4;23419717;150926151206767;183701257;;;;08/13/2031 00:00:00;4;13976468;15/09/2026 15:12:06;Maximiliano;Nievas;;;;;;Maximiliano Nievas;
14295190;15/09/2026 15:29:42;3;2;0001  215502-1;05;CAMIONETA MIE 3;2092358;"ET02    ";"EL TEHUELCHE S.A.C.I.C.I.                         ";AV. 20 DE JUNIO Y 9 DE JULIO;953595;"A017           ";A017 - DUCHADOR CROMO C/BLISTER;3;3;3;23419717;150926151206767;183700287;;;;07/29/2031 00:00:00;3;13976468;15/09/2026 15:12:06;Maximiliano;Nievas;;;;;;Maximiliano Nievas;
14295190;15/09/2026 15:29:42;3;2;0001  215502-1;05;CAMIONETA MIE 3;2092358;"ET02    ";"EL TEHUELCHE S.A.C.I.C.I.                         ";AV. 20 DE JUNIO Y 9 DE JULIO;951193;"1370G          ";"QUEINOX GAS MH 1/2""x70 APROBADO POR IGA                               ";6;6;6;23419888;150926151451408;183736563;;;;07/31/2031 00:00:00;6;13976569;15/09/2026 15:14:51;Maximiliano;Nievas;;;;;;Maximiliano Nievas;
14295190;15/09/2026 15:29:42;3;2;0001  215502-1;05;CAMIONETA MIE 3;2092358;"ET02    ";"EL TEHUELCHE S.A.C.I.C.I.                         ";AV. 20 DE JUNIO Y 9 DE JULIO;951611;"21-160         ";"MONOCOMANDO DUO COCINA CROMO DIQUE                                    ";6;6;6;23420303;150926152203955;183733401;;;;12/14/2031 00:00:00;6;13976825;15/09/2026 15:22:03;Maximiliano;Nievas;;;;;;Maximiliano Nievas;
14295190;15/09/2026 15:29:42;3;2;0001  215502-1;05;CAMIONETA MIE 3;2092358;"ET02    ";"EL TEHUELCHE S.A.C.I.C.I.                         ";AV. 20 DE JUNIO Y 9 DE JULIO;951652;"22006N         ";"SET DE 6 PIEZAS LINEA 22000 BLACK                                     ";4;4;4;23420303;150926152203955;183702101;;;;09/01/2031 00:00:00;4;13976825;15/09/2026 15:22:03;Maximiliano;Nievas;;;;;;Maximiliano Nievas;
14295190;15/09/2026 15:29:42;3;2;0001  215502-1;05;CAMIONETA MIE 3;2092358;"ET02    ";"EL TEHUELCHE S.A.C.I.C.I.                         ";AV. 20 DE JUNIO Y 9 DE JULIO;952551;"60-010         ";60-010 - LAVATORIO BL/CR LORCA;10;10;10;23420466;150926152525105;183699596;;;;01/14/2032 00:00:00;10;13976934;15/09/2026 15:25:25;Maximiliano;Nievas;;;;;;Maximiliano Nievas;
14295190;15/09/2026 15:29:42;3;2;0001  215502-1;05;CAMIONETA MIE 3;2092358;"ET02    ";"EL TEHUELCHE S.A.C.I.C.I.                         ";AV. 20 DE JUNIO Y 9 DE JULIO;953028;"80-010         ";80-010 - DUCHA EMB. C/TRANSF. BL/CR LORCA;2;2;2;23420676;150926152907343;183699986;;;;10/12/2031 00:00:00;2;13977064;15/09/2026 15:29:07;Maximiliano;Nievas;;;;;;Maximiliano Nievas;
14295190;15/09/2026 15:29:42;3;2;0001  215502-1;05;CAMIONETA MIE 3;2092358;"ET02    ";"EL TEHUELCHE S.A.C.I.C.I.                         ";AV. 20 DE JUNIO Y 9 DE JULIO;952862;"70-058         ";70-058 - BIDE CR C.STD MALBA;3;3;3;23420676;150926152907343;183702713;;;;10/20/2031 00:00:00;3;13977064;15/09/2026 15:29:07;Maximiliano;Nievas;;;;;;Maximiliano Nievas;
14295190;15/09/2026 15:29:42;3;2;0001  215502-1;05;CAMIONETA MIE 3;2092358;"ET02    ";"EL TEHUELCHE S.A.C.I.C.I.                         ";AV. 20 DE JUNIO Y 9 DE JULIO;952831;"70-010         ";70-010 - BIDE BL/CR LORCA;2;2;2;23420676;150926152907343;183699713;;;;12/08/2031 00:00:00;2;13977064;15/09/2026 15:29:07;Maximiliano;Nievas;;;;;;Maximiliano Nievas;
14295190;15/09/2026 15:29:42;3;2;0001  215502-1;05;CAMIONETA MIE 3;2092358;"ET02    ";"EL TEHUELCHE S.A.C.I.C.I.                         ";AV. 20 DE JUNIO Y 9 DE JULIO;952509;"55-010         ";55-010 - COCINA PARED EMB. P.ALTO BL/CR LORCA;3;3;3;23420676;150926152907343;183700308;;;;01/10/2032 00:00:00;3;13977064;15/09/2026 15:29:07;Maximiliano;Nievas;;;;;;Maximiliano Nievas;
14295191;15/09/2026 14:39:12;3;2;0001  215500-1;05;CAMIONETA MIE 3;2092358;"ET02    ";"EL TEHUELCHE S.A.C.I.C.I.                         ";PERITO MORENO 99;954650;"A815           ";"A815 - DUCHA 8"" C/BRAZO Y CAMPANA CR";2;2;2;23395116;150926053911898;183698224;;;;07/28/2031 00:00:00;2;13974462;15/09/2026 14:39:11;Mirko;Hernandez;24671965;15/09/2026 07:02:55;7827;Javier;Machado;Mirko Hernandez;Javier Machado
14295191;15/09/2026 14:39:12;3;2;0001  215500-1;05;CAMIONETA MIE 3;2092358;"ET02    ";"EL TEHUELCHE S.A.C.I.C.I.                         ";PERITO MORENO 99;954678;"A842           ";A842 - DUCHADOR ANTICALCAREO 5 FUNCIONES C/SOPORTE Y FLEX;2;2;2;23395116;150926053911898;183698148;;;;07/28/2031 00:00:00;2;13974462;15/09/2026 14:39:11;Mirko;Hernandez;24671965;15/09/2026 07:02:55;7827;Javier;Machado;Mirko Hernandez;Javier Machado
14295191;15/09/2026 14:39:12;3;2;0001  215500-1;05;CAMIONETA MIE 3;2092358;"ET02    ";"EL TEHUELCHE S.A.C.I.C.I.                         ";PERITO MORENO 99;954791;"A996           ";A996 - DUCHA 8' CUADRADA CR C/BRAZO Y CAMPANA;2;2;2;23395116;150926053911898;183698062;;;;07/29/2031 00:00:00;2;13974462;15/09/2026 14:39:11;Mirko;Hernandez;24671965;15/09/2026 07:02:55;7827;Javier;Machado;Mirko Hernandez;Javier Machado
14295191;15/09/2026 14:39:12;3;2;0001  215500-1;05;CAMIONETA MIE 3;2092358;"ET02    ";"EL TEHUELCHE S.A.C.I.C.I.                         ";PERITO MORENO 99;951156;"1330           ";"QUEINOX MACHO MOVIL MH 1/2"" x 30                                      ";20;20;20;23395116;150926053911898;183698886;;;;02/16/2032 00:00:00;20;13974462;15/09/2026 14:39:11;Mirko;Hernandez;24671965;15/09/2026 07:02:55;7827;Javier;Machado;Mirko Hernandez;Javier Machado
14295191;15/09/2026 14:39:12;3;2;0001  215500-1;05;CAMIONETA MIE 3;2092358;"ET02    ";"EL TEHUELCHE S.A.C.I.C.I.                         ";PERITO MORENO 99;951343;"1930-70GN      ";1930-70GN - FLEXIBLE P/GAS NATURAL C/PILAR H 1 1/4-M 3/4 30-70;4;4;4;23395116;150926053911898;183698327;;;;07/31/2031 00:00:00;4;13974462;15/09/2026 14:39:11;Mirko;Hernandez;24671965;15/09/2026 07:02:55;7827;Javier;Machado;Mirko Hernandez;Javier Machado
14295191;15/09/2026 14:39:12;3;2;0001  215500-1;05;CAMIONETA MIE 3;2092358;"ET02    ";"EL TEHUELCHE S.A.C.I.C.I.                         ";PERITO MORENO 99;953107;"80-162         ";80-162 - DUCHA EMB. C/TRANSF. CR C.CERAM ADRA;4;4;4;23396599;150926051848156;183706588;;;;07/29/2031 00:00:00;4;13974370;15/09/2026 14:18:48;Mirko;Hernandez;24673411;15/09/2026 08:14:24;7839;Claudio;Juarez;Mirko Hernandez;Claudio Juarez
14295191;15/09/2026 14:39:12;3;2;0001  215500-1;05;CAMIONETA MIE 3;2092358;"ET02    ";"EL TEHUELCHE S.A.C.I.C.I.                         ";PERITO MORENO 99;952551;"60-010         ";60-010 - LAVATORIO BL/CR LORCA;2;2;2;23396599;150926051848156;183706816;;;;01/14/2032 00:00:00;2;13974370;15/09/2026 14:18:48;Mirko;Hernandez;24673411;15/09/2026 08:14:24;7839;Claudio;Juarez;Mirko Hernandez;Claudio Juarez
14295191;15/09/2026 14:39:12;3;2;0001  215500-1;05;CAMIONETA MIE 3;2092358;"ET02    ";"EL TEHUELCHE S.A.C.I.C.I.                         ";PERITO MORENO 99;954901;"BCH01          ";BCH01 - BACHA DE APOYAR CIRCULAR 320x145;3;3;3;23401095;150926013451778;183739757;;;;07/28/2031 00:00:00;3;13967436;15/09/2026 10:34:51;Mirko;Hernandez;24677576;15/09/2026 09:41:57;7636;Kevin;Arce;Mirko Hernandez;Kevin Arce
14295191;15/09/2026 14:39:12;3;2;0001  215500-1;05;CAMIONETA MIE 3;2092358;"ET02    ";"EL TEHUELCHE S.A.C.I.C.I.                         ";PERITO MORENO 99;954946;"BID104-1       ";"BIDE 1 AGUJERO BLANCO LINEA STONE                                     ";1;1;1;23401095;150926013451778;183737814;;;;10/26/2031 00:00:00;1;13967436;15/09/2026 10:34:51;Mirko;Hernandez;24677576;15/09/2026 09:41:57;7636;Kevin;Arce;Mirko Hernandez;Kevin Arce
14295191;15/09/2026 14:39:12;3;2;0001  215500-1;05;CAMIONETA MIE 3;2092358;"ET02    ";"EL TEHUELCHE S.A.C.I.C.I.                         ";PERITO MORENO 99;952912;"70-162         ";70-162 - BIDE CR C.CERAM LINEA ADRA;2;2;2;23416713;150926051814341;183706213;;;;07/29/2031 00:00:00;2;13974429;15/09/2026 14:18:14;Mirko;Hernandez;;;;;;Mirko Hernandez;
14295191;15/09/2026 14:39:12;3;2;0001  215500-1;05;CAMIONETA MIE 3;2092358;"ET02    ";"EL TEHUELCHE S.A.C.I.C.I.                         ";PERITO MORENO 99;952634;"60-162         ";60-162 - LAVATORIO CR C.CERAM LINEA ADRA;6;6;6;23416713;150926051814341;183705954;;;;07/29/2031 00:00:00;6;13974429;15/09/2026 14:18:14;Mirko;Hernandez;;;;;;Mirko Hernandez;
14295191;15/09/2026 14:39:12;3;2;0001  215500-1;05;CAMIONETA MIE 3;2092358;"ET02    ";"EL TEHUELCHE S.A.C.I.C.I.                         ";PERITO MORENO 99;952577;"60-045         ";60-045 - LAVATORIO CR/CR C.STD CRUZ;2;2;2;23416713;150926051814341;183711654;;;;01/24/2032 00:00:00;2;13974429;15/09/2026 14:18:14;Mirko;Hernandez;;;;;;Mirko Hernandez;
14295191;15/09/2026 14:39:12;3;2;0001  215500-1;05;CAMIONETA MIE 3;2092358;"ET02    ";"EL TEHUELCHE S.A.C.I.C.I.                         ";PERITO MORENO 99;956505;"LG07C20        ";"MONOCOMANDO DE COCINA CR ZURICH                                       ";3;3;3;23416839;150926052006305;183697840;;;;12/20/2031 00:00:00;3;13974494;15/09/2026 14:20:06;Mirko;Hernandez;;;;;;Mirko Hernandez;
14295191;15/09/2026 14:39:12;3;2;0001  215500-1;05;CAMIONETA MIE 3;2092358;"ET02    ";"EL TEHUELCHE S.A.C.I.C.I.                         ";PERITO MORENO 99;1007844;"20-122S        ";"MONOCOMANDO COCINA INOX C/PICO EXTRAIBLE VALENCIA                     ";2;2;2;23416839;150926052006305;183697398;;;;01/06/2032 00:00:00;2;13974494;15/09/2026 14:20:06;Mirko;Hernandez;;;;;;Mirko Hernandez;
14295191;15/09/2026 14:39:12;3;2;0001  215500-1;05;CAMIONETA MIE 3;2092358;"ET02    ";"EL TEHUELCHE S.A.C.I.C.I.                         ";PERITO MORENO 99;951098;"11006          ";"SET DE 6 PIEZAS LINEA 11000                                           ";4;4;4;23416871;150926052049963;183697238;;;;07/29/2031 00:00:00;4;13974527;15/09/2026 14:20:49;Mirko;Hernandez;;;;;;Mirko Hernandez;
14295191;15/09/2026 14:39:12;3;2;0001  215500-1;05;CAMIONETA MIE 3;2092358;"ET02    ";"EL TEHUELCHE S.A.C.I.C.I.                         ";PERITO MORENO 99;951113;"12004N         ";"SET DE 4 PIEZAS LINEA 12000 BLACK                                     ";3;3;3;23416932;150926052153355;183697576;;;;09/01/2031 00:00:00;3;13974574;15/09/2026 14:21:53;Mirko;Hernandez;;;;;;Mirko Hernandez;
14295191;15/09/2026 14:39:12;3;2;0001  215500-1;05;CAMIONETA MIE 3;2092358;"ET02    ";"EL TEHUELCHE S.A.C.I.C.I.                         ";PERITO MORENO 99;956486;"LG02C61        ";LG02C61 - LAVATORIO MONOC ALTO CROMO GINEBRA;4;4;4;23416932;150926052153355;183697700;;;;07/28/2031 00:00:00;4;13974574;15/09/2026 14:21:53;Mirko;Hernandez;;;;;;Mirko Hernandez;
14295191;15/09/2026 14:39:12;3;2;0001  215500-1;05;CAMIONETA MIE 3;2092358;"ET02    ";"EL TEHUELCHE S.A.C.I.C.I.                         ";PERITO MORENO 99;951168;"1340           ";"QUEINOX MACHO MOVIL MH 1/2"" x 40                                      ";60;60;60;23416966;150926052238434;183849306;;;;02/09/2032 00:00:00;40;13974618;15/09/2026 14:22:38;Mirko;Hernandez;;;;;;Mirko Hernandez;
14295191;15/09/2026 14:39:12;3;2;0001  215500-1;05;CAMIONETA MIE 3;2092358;"ET02    ";"EL TEHUELCHE S.A.C.I.C.I.                         ";PERITO MORENO 99;951162;"1335           ";"QUEINOX MACHO MOVIL MH 1/2"" x 35                                      ";40;40;40;23417061;150926052439723;183698722;;;;02/10/2032 00:00:00;40;13974698;15/09/2026 14:24:39;Mirko;Hernandez;;;;;;Mirko Hernandez;
14295191;15/09/2026 14:39:12;3;2;0001  215500-1;05;CAMIONETA MIE 3;2092358;"ET02    ";"EL TEHUELCHE S.A.C.I.C.I.                         ";PERITO MORENO 99;951651;"22006          ";"SET DE 6 PIEZAS LINEA 22000                                           ";3;3;3;23417092;150926052527442;183696888;;;;09/01/2031 00:00:00;3;13974721;15/09/2026 14:25:27;Mirko;Hernandez;;;;;;Mirko Hernandez;
14295191;15/09/2026 14:39:12;3;2;0001  215500-1;05;CAMIONETA MIE 3;2092358;"ET02    ";"EL TEHUELCHE S.A.C.I.C.I.                         ";PERITO MORENO 99;951652;"22006N         ";"SET DE 6 PIEZAS LINEA 22000 BLACK                                     ";3;3;3;23417092;150926052527442;183696813;;;;09/01/2031 00:00:00;3;13974721;15/09/2026 14:25:27;Mirko;Hernandez;;;;;;Mirko Hernandez;
14295191;15/09/2026 14:39:12;3;2;0001  215500-1;05;CAMIONETA MIE 3;2092358;"ET02    ";"EL TEHUELCHE S.A.C.I.C.I.                         ";PERITO MORENO 99;951168;"1340           ";"QUEINOX MACHO MOVIL MH 1/2"" x 40                                      ";60;60;60;23417178;150926052651576;183699067;;;;02/09/2032 00:00:00;20;13974767;15/09/2026 14:26:51;Mirko;Hernandez;;;;;;Mirko Hernandez;
14295192;15/09/2026 15:07:46;3;2;0001  211379-3;05;CAMIONETA MIE 3;2093378;"MC28    ";"MI CASA Y YO S.A.                                 ";SEGUROLA 650;957096;"PDU102         ";"PISO DUCHA RESINA POLIESTER BLANCA 1200x700x25                        ";3;3;3;23405284;150926150745822;183768014;;;;03/01/2032 00:00:00;3;13976281;15/09/2026 15:07:45;Gustavo;Soderquvist;24681476;15/09/2026 10:51:03;7827;Javier;Machado;Gustavo Soderquvist;Javier Machado
14296172;14/09/2026 08:26:47;3;2;4444    2491-1;10;URGENTES;2109166;"CLIEVEN ";"CLIENTE EVENTUAL                                  ";RIVADAVIA 3428;952728;"61-205         ";61-205 - LAVATORIO MONOC ALTO STEEL;1;1;1;23362401;140926082645005;183443846;;;;07/28/2031 00:00:00;1;13943845;14/09/2026 08:26:45;Gaston Alejandro;Kiriczuk;24639657;14/09/2026 07:39:57;7827;Javier;Machado;Gaston Alejandro Kiriczuk;Javier Machado
14296313;14/09/2026 15:48:16;3;2;0001  215609-1;14;RETIRA;2093977;"PP20    ";"PRIATEL PISOS S.R.L.                              ";HAITI 2187;953136;"80-190P        ";80-190P - DUCHA EMB. C/TRANSF. C.CERAM BLACK VELVET PLUS;15;15;15;23382489;140926154812237;183598498;;;;07/30/2031 00:00:00;15;13956927;14/09/2026 15:48:12;Maximiliano;Nievas;24659216;14/09/2026 14:48:23;7807;Nicolas;Perez;Maximiliano Nievas;Nicolas Perez
14296313;14/09/2026 15:48:16;3;2;0001  215609-1;14;RETIRA;2093977;"PP20    ";"PRIATEL PISOS S.R.L.                              ";HAITI 2187;952936;"70-190         ";70-190 - BIDE C.CERAM BLACK VELVET;15;15;15;23382489;140926154812237;183597224;;;;11/08/2031 00:00:00;15;13956927;14/09/2026 15:48:12;Maximiliano;Nievas;24659216;14/09/2026 14:48:23;7807;Nicolas;Perez;Maximiliano Nievas;Nicolas Perez
14296313;14/09/2026 15:48:16;3;2;0001  215609-1;14;RETIRA;2093977;"PP20    ";"PRIATEL PISOS S.R.L.                              ";HAITI 2187;952801;"63-190         ";63-190 - LAVATORIO MONOC. DE PARED BLACK VELVET;3;3;3;23382489;140926154812237;183598970;;;;11/13/2031 00:00:00;3;13956927;14/09/2026 15:48:12;Maximiliano;Nievas;24659216;14/09/2026 14:48:23;7807;Nicolas;Perez;Maximiliano Nievas;Nicolas Perez
14296313;14/09/2026 15:48:16;3;2;0001  215609-1;14;RETIRA;2093977;"PP20    ";"PRIATEL PISOS S.R.L.                              ";HAITI 2187;952658;"60-190         ";60-190 - LAVATORIO C.CERAM BLACK VELVET;12;12;12;23382489;140926154812237;183596367;;;;08/12/2031 00:00:00;12;13956927;14/09/2026 15:48:12;Maximiliano;Nievas;24659216;14/09/2026 14:48:23;7807;Nicolas;Perez;Maximiliano Nievas;Nicolas Perez
14296314;14/09/2026 15:50:37;3;2;0001  215654-1;14;RETIRA;2093977;"PP20    ";"PRIATEL PISOS S.R.L.                              ";HAITI 2187;952774;"62-190         ";62-190 - LAVATORIO PARED EMB. C.CERAM BLACK VELVET;1;1;1;23382469;140926155032297;183590226;;;;09/02/2031 00:00:00;1;13957314;14/09/2026 15:50:32;Maximiliano;Nievas;24659207;14/09/2026 14:29:38;7827;Javier;Machado;Maximiliano Nievas;Javier Machado
14296455;14/09/2026 08:26:17;3;2;0001  215477-1;10;URGENTES;2109130;"750     ";"SOLER, Lucas                                      ";intendente Arricau 4464;952618;"60-133         ";60-133 - LAVATORIO MONOCOMANDO LUGO;1;1;1;23362402;140926082615941;183443664;;;;07/29/2031 00:00:00;1;13943836;14/09/2026 08:26:15;Gaston Alejandro;Kiriczuk;24639657;14/09/2026 07:39:57;7827;Javier;Machado;Gaston Alejandro Kiriczuk;Javier Machado
14296487;14/09/2026 08:25:37;3;2;0001  215616-1;10;URGENTES;2109057;"613     ";"MOSCA MARIANO GERMAN                              ";IRIGOYEN 165;951620;"214/CR         ";214/CR - LAVATORIO CR/CR ARES;1;1;1;23362520;140926082536258;183444170;;;;01/27/2032 00:00:00;1;13943820;14/09/2026 08:25:36;Gaston Alejandro;Kiriczuk;24639780;14/09/2026 07:41:23;7152;Mirko;Hernandez;Gaston Alejandro Kiriczuk;Mirko Hernandez
14298309;15/09/2026 14:04:25;3;2;0004     120-1;05;CAMIONETA MIE 3;2094331;"SA72    ";"SANI 3 S.R.L                                      ";AV. BOYACA 2034;953072;"80-100N        ";80-100N - DUCHA EMB. C/TRANSF. BLACK C.CERAM FABRIC;1;1;1;23399017;150926140425020;183728275;;;;02/02/2032 00:00:00;1;13973973;15/09/2026 14:04:25;Maximiliano;Nievas;24675720;15/09/2026 09:06:16;7839;Claudio;Juarez;Maximiliano Nievas;Claudio Juarez
14298309;15/09/2026 14:04:25;3;2;0004     120-1;05;CAMIONETA MIE 3;2094331;"SA72    ";"SANI 3 S.R.L                                      ";AV. BOYACA 2034;952437;"51-057         ";51-057 - COCINA MESADA CR C.STD VERIN PLUS;1;1;1;23399017;150926140425020;183728963;;;;01/27/2032 00:00:00;1;13973973;15/09/2026 14:04:25;Maximiliano;Nievas;24675720;15/09/2026 09:06:16;7839;Claudio;Juarez;Maximiliano Nievas;Claudio Juarez
14298310;15/09/2026 15:34:00;3;2;0001  215557-1;05;CAMIONETA MIE 3;2094331;"SA72    ";"SANI 3 S.R.L                                      ";AV. BOYACA 2034;951550;"20-182         ";20-182 - MONOCOMANDO DE COCINA MULTIFUNCION CR ZENITH;1;1;1;23395720;150926153359556;183708136;;;;07/30/2031 00:00:00;1;13977134;15/09/2026 15:33:59;Maximiliano;Nievas;24672583;15/09/2026 09:27:51;7827;Javier;Machado;Maximiliano Nievas;Javier Machado
14298310;15/09/2026 15:34:00;3;2;0001  215557-1;05;CAMIONETA MIE 3;2094331;"SA72    ";"SANI 3 S.R.L                                      ";AV. BOYACA 2034;951833;"30-132         ";30-132 - COCINA MESADA MONOC. C/DUCHADOR EXTENSIBLE VIGO;1;1;1;23395720;150926153359556;183724358;;;;07/28/2031 00:00:00;1;13977134;15/09/2026 15:33:59;Maximiliano;Nievas;24672583;15/09/2026 09:27:51;7827;Javier;Machado;Maximiliano Nievas;Javier Machado
14298310;15/09/2026 15:34:00;3;2;0001  215557-1;05;CAMIONETA MIE 3;2094331;"SA72    ";"SANI 3 S.R.L                                      ";AV. BOYACA 2034;952676;"60-201NI       ";60-201NI - LAVATORIO C.CERAM BEAT NICKEL;1;1;1;23399018;150926153105452;183727228;;;;08/20/2031 00:00:00;1;13977123;15/09/2026 15:31:05;Maximiliano;Nievas;24675720;15/09/2026 09:06:16;7839;Claudio;Juarez;Maximiliano Nievas;Claudio Juarez
14298310;15/09/2026 15:34:00;3;2;0001  215557-1;05;CAMIONETA MIE 3;2094331;"SA72    ";"SANI 3 S.R.L                                      ";AV. BOYACA 2034;952786;"62-201NI       ";62-201NI - LAVATORIO DE PARED C.CERAM BEAT NICKEL;2;2;2;23399018;150926153105452;183727584;;;;11/02/2031 00:00:00;2;13977123;15/09/2026 15:31:05;Maximiliano;Nievas;24675720;15/09/2026 09:06:16;7839;Claudio;Juarez;Maximiliano Nievas;Claudio Juarez
14298310;15/09/2026 15:34:00;3;2;0001  215557-1;05;CAMIONETA MIE 3;2094331;"SA72    ";"SANI 3 S.R.L                                      ";AV. BOYACA 2034;952644;"60-175G        ";60-175G - LAVATORIO GOLD C.CERAM PULSE;1;1;1;23399018;150926153105452;183729944;;;;11/16/2031 00:00:00;1;13977123;15/09/2026 15:31:05;Maximiliano;Nievas;24675720;15/09/2026 09:06:16;7839;Claudio;Juarez;Maximiliano Nievas;Claudio Juarez
14298310;15/09/2026 15:34:00;3;2;0001  215557-1;05;CAMIONETA MIE 3;2094331;"SA72    ";"SANI 3 S.R.L                                      ";AV. BOYACA 2034;951513;"20-122N        ";20-122N - MONOCOMANDO COCINA C/PICO EXTRAIBLE VALENCIA BLACK;6;6;6;23420962;150926153303817;183704696;;;;08/06/2031 00:00:00;6;13977191;15/09/2026 15:33:03;Maximiliano;Nievas;;;;;;Maximiliano Nievas;
14298311;15/09/2026 15:15:56;3;2;0001  215560-1;05;CAMIONETA MIE 3;2094700;"SV11    ";"SANITARIOS VERA S.R.L.                            ";AV. CORRIENTES 4978;955159;"D439           ";D439 - KIT DE DUCHA MANUAL;4;4;4;23395441;150926061037130;183701670;;;;12/16/2031 00:00:00;4;13976199;15/09/2026 15:10:37;Mirko;Hernandez;24672369;15/09/2026 08:13:24;7636;Kevin;Arce;Mirko Hernandez;Kevin Arce
14298311;15/09/2026 15:15:56;3;2;0001  215560-1;05;CAMIONETA MIE 3;2094700;"SV11    ";"SANITARIOS VERA S.R.L.                            ";AV. CORRIENTES 4978;951961;"3030           ";3030 - PERCHA LINEA 3000;10;10;10;23404539;150926061556378;183761112;;;;08/27/2031 00:00:00;10;13976430;15/09/2026 15:15:56;Mirko;Hernandez;24680732;15/09/2026 10:41:47;7636;Kevin;Arce;Mirko Hernandez;Kevin Arce
14298311;15/09/2026 15:15:56;3;2;0001  215560-1;05;CAMIONETA MIE 3;2094700;"SV11    ";"SANITARIOS VERA S.R.L.                            ";AV. CORRIENTES 4978;951906;"3020           ";3020 - TOALLERO DE ARO LINEA 3000;4;4;4;23404539;150926061556378;183760659;;;;07/29/2031 00:00:00;4;13976430;15/09/2026 15:15:56;Mirko;Hernandez;24680732;15/09/2026 10:41:47;7636;Kevin;Arce;Mirko Hernandez;Kevin Arce
14298311;15/09/2026 15:15:56;3;2;0001  215560-1;05;CAMIONETA MIE 3;2094700;"SV11    ";"SANITARIOS VERA S.R.L.                            ";AV. CORRIENTES 4978;953083;"80-122         ";80-122 - DUCHA EMB.C/TRANSF. C.CERAM CR VALENCIA;2;2;2;23419420;150926060713377;183705124;;;;07/31/2031 00:00:00;2;13976263;15/09/2026 15:07:13;Mirko;Hernandez;;;;;;Mirko Hernandez;
14298311;15/09/2026 15:15:56;3;2;0001  215560-1;05;CAMIONETA MIE 3;2094700;"SV11    ";"SANITARIOS VERA S.R.L.                            ";AV. CORRIENTES 4978;953244;"814/CRC        ";814/CRC - MESADA P.FUNDIDO CR/CR C.CERAM. ARES;2;2;2;23419420;150926060713377;183710742;;;;02/16/2032 00:00:00;2;13976263;15/09/2026 15:07:13;Mirko;Hernandez;;;;;;Mirko Hernandez;
14298311;15/09/2026 15:15:56;3;2;0001  215560-1;05;CAMIONETA MIE 3;2094700;"SV11    ";"SANITARIOS VERA S.R.L.                            ";AV. CORRIENTES 4978;953474;"933            ";933 - JGO PARED C/EXT CR DIQUE;2;2;2;23419420;150926060713377;183711140;;;;01/07/2032 00:00:00;2;13976263;15/09/2026 15:07:13;Mirko;Hernandez;;;;;;Mirko Hernandez;
14298311;15/09/2026 15:15:56;3;2;0001  215560-1;05;CAMIONETA MIE 3;2094700;"SV11    ";"SANITARIOS VERA S.R.L.                            ";AV. CORRIENTES 4978;952437;"51-057         ";51-057 - COCINA MESADA CR C.STD VERIN PLUS;2;2;2;23419420;150926060713377;183711490;;;;01/27/2032 00:00:00;2;13976263;15/09/2026 15:07:13;Mirko;Hernandez;;;;;;Mirko Hernandez;
14298311;15/09/2026 15:15:56;3;2;0001  215560-1;05;CAMIONETA MIE 3;2094700;"SV11    ";"SANITARIOS VERA S.R.L.                            ";AV. CORRIENTES 4978;952888;"70-122         ";70-122 - BIDE C.CERAM CR VALENCIA;2;2;2;23419420;150926060713377;183705703;;;;10/26/2031 00:00:00;2;13976263;15/09/2026 15:07:13;Mirko;Hernandez;;;;;;Mirko Hernandez;
14298311;15/09/2026 15:15:56;3;2;0001  215560-1;05;CAMIONETA MIE 3;2094700;"SV11    ";"SANITARIOS VERA S.R.L.                            ";AV. CORRIENTES 4978;953107;"80-162         ";80-162 - DUCHA EMB. C/TRANSF. CR C.CERAM ADRA;2;2;2;23419476;150926060837771;183699035;;;;07/29/2031 00:00:00;2;13976319;15/09/2026 15:08:37;Mirko;Hernandez;;;;;;Mirko Hernandez;
14298311;15/09/2026 15:15:56;3;2;0001  215560-1;05;CAMIONETA MIE 3;2094700;"SV11    ";"SANITARIOS VERA S.R.L.                            ";AV. CORRIENTES 4978;952582;"60-057         ";60-057 - LAVATORIO C.STD VERIN PLUS;2;2;2;23419476;150926060837771;183700168;;;;01/31/2032 00:00:00;2;13976319;15/09/2026 15:08:37;Mirko;Hernandez;;;;;;Mirko Hernandez;
14298311;15/09/2026 15:15:56;3;2;0001  215560-1;05;CAMIONETA MIE 3;2094700;"SV11    ";"SANITARIOS VERA S.R.L.                            ";AV. CORRIENTES 4978;952541;"60-001N        ";"60-001N - LAVATORIO ""CROMO Y""";4;4;4;23419476;150926060837771;183870101;;;;02/01/2032 00:00:00;2;13976319;15/09/2026 15:08:37;Mirko;Hernandez;;;;;;Mirko Hernandez;
14298311;15/09/2026 15:15:56;3;2;0001  215560-1;05;CAMIONETA MIE 3;2094700;"SV11    ";"SANITARIOS VERA S.R.L.                            ";AV. CORRIENTES 4978;952912;"70-162         ";70-162 - BIDE CR C.CERAM LINEA ADRA;2;2;2;23419476;150926060837771;183699066;;;;07/29/2031 00:00:00;2;13976319;15/09/2026 15:08:37;Mirko;Hernandez;;;;;;Mirko Hernandez;
14298311;15/09/2026 15:15:56;3;2;0001  215560-1;05;CAMIONETA MIE 3;2094700;"SV11    ";"SANITARIOS VERA S.R.L.                            ";AV. CORRIENTES 4978;952634;"60-162         ";60-162 - LAVATORIO CR C.CERAM LINEA ADRA;2;2;2;23419476;150926060837771;183698649;;;;07/29/2031 00:00:00;2;13976319;15/09/2026 15:08:37;Mirko;Hernandez;;;;;;Mirko Hernandez;
14298311;15/09/2026 15:15:56;3;2;0001  215560-1;05;CAMIONETA MIE 3;2094700;"SV11    ";"SANITARIOS VERA S.R.L.                            ";AV. CORRIENTES 4978;952541;"60-001N        ";"60-001N - LAVATORIO ""CROMO Y""";4;4;4;23419559;150926060953058;183710428;;;;02/01/2032 00:00:00;2;13976366;15/09/2026 15:09:53;Mirko;Hernandez;;;;;;Mirko Hernandez;
14298311;15/09/2026 15:15:56;3;2;0001  215560-1;05;CAMIONETA MIE 3;2094700;"SV11    ";"SANITARIOS VERA S.R.L.                            ";AV. CORRIENTES 4978;952542;"60-002         ";60-002 - LAVATORIO RENACER;4;4;4;23419559;150926060953058;183703258;;;;01/20/2032 00:00:00;4;13976366;15/09/2026 15:09:53;Mirko;Hernandez;;;;;;Mirko Hernandez;
14298311;15/09/2026 15:15:56;3;2;0001  215560-1;05;CAMIONETA MIE 3;2094700;"SV11    ";"SANITARIOS VERA S.R.L.                            ";AV. CORRIENTES 4978;952610;"60-122         ";60-122 - LAVATORIO C.CERAM CR VALENCIA;4;4;4;23419559;150926060953058;183705561;;;;12/10/2031 00:00:00;4;13976366;15/09/2026 15:09:53;Mirko;Hernandez;;;;;;Mirko Hernandez;
14298311;15/09/2026 15:15:56;3;2;0001  215560-1;05;CAMIONETA MIE 3;2094700;"SV11    ";"SANITARIOS VERA S.R.L.                            ";AV. CORRIENTES 4978;952650;"60-180         ";60-180 - LAVATORIO MONOCOMANDO BAJO VERA;4;4;4;23419697;150926061147546;183761672;;;;07/28/2031 00:00:00;4;13976451;15/09/2026 15:11:47;Mirko;Hernandez;;;;;;Mirko Hernandez;
14298311;15/09/2026 15:15:56;3;2;0001  215560-1;05;CAMIONETA MIE 3;2094700;"SV11    ";"SANITARIOS VERA S.R.L.                            ";AV. CORRIENTES 4978;952618;"60-133         ";60-133 - LAVATORIO MONOCOMANDO LUGO;4;4;4;23419697;150926061147546;183762655;;;;07/29/2031 00:00:00;4;13976451;15/09/2026 15:11:47;Mirko;Hernandez;;;;;;Mirko Hernandez;
14298311;15/09/2026 15:15:56;3;2;0001  215560-1;05;CAMIONETA MIE 3;2094700;"SV11    ";"SANITARIOS VERA S.R.L.                            ";AV. CORRIENTES 4978;953312;"83-133         ";83-133 - DUCHA EXT. C/TRANSF. MONOCOMANDO LUGO;4;4;4;23419745;150926061235571;183763091;;;;09/03/2031 00:00:00;4;13976492;15/09/2026 15:12:35;Mirko;Hernandez;;;;;;Mirko Hernandez;
14298311;15/09/2026 15:15:56;3;2;0001  215560-1;05;CAMIONETA MIE 3;2094700;"SV11    ";"SANITARIOS VERA S.R.L.                            ";AV. CORRIENTES 4978;951523;"20-134         ";20-134 - MONOCOMANDO COCINA BETIS;4;4;4;23419808;150926061347974;183764021;;;;08/11/2031 00:00:00;4;13976532;15/09/2026 15:13:47;Mirko;Hernandez;;;;;;Mirko Hernandez;
14298311;15/09/2026 15:15:56;3;2;0001  215560-1;05;CAMIONETA MIE 3;2094700;"SV11    ";"SANITARIOS VERA S.R.L.                            ";AV. CORRIENTES 4978;951535;"20-160         ";20-160 - MONOCOMANDO MESADA COCINA DIQUE;8;8;8;23419882;150926061445269;183762807;;;;07/28/2031 00:00:00;8;13976568;15/09/2026 15:14:45;Mirko;Hernandez;;;;;;Mirko Hernandez;
14298312;15/09/2026 13:25:17;3;2;0001  215622-1;05;CAMIONETA MIE 3;2489659;"GI09    ";"GRUPO INNOVARE SRL                                ";DOLORES 224;951523;"20-134         ";20-134 - MONOCOMANDO COCINA BETIS;2;2;2;23395150;150926113229841;183698252;;;;08/11/2031 00:00:00;2;13969403;15/09/2026 11:32:29;Gustavo;Soderquvist;24671990;15/09/2026 06:54:30;7636;Kevin;Arce;Gustavo Soderquvist;Kevin Arce
14298312;15/09/2026 13:25:17;3;2;0001  215622-1;05;CAMIONETA MIE 3;2489659;"GI09    ";"GRUPO INNOVARE SRL                                ";DOLORES 224;951530;"20-146         ";20-146 - MONOCOMANDO DE COCINA CR LINEA MOVE;2;2;2;23395150;150926113229841;183698051;;;;10/09/2031 00:00:00;2;13969403;15/09/2026 11:32:29;Gustavo;Soderquvist;24671990;15/09/2026 06:54:30;7636;Kevin;Arce;Gustavo Soderquvist;Kevin Arce
14298312;15/09/2026 13:25:17;3;2;0001  215622-1;05;CAMIONETA MIE 3;2489659;"GI09    ";"GRUPO INNOVARE SRL                                ";DOLORES 224;951531;"20-146N        ";20-146N - MONOCOMANDO DE COCINA BLACK LINEA MOVE;2;2;2;23395150;150926113229841;183698166;;;;07/30/2031 00:00:00;2;13969403;15/09/2026 11:32:29;Gustavo;Soderquvist;24671990;15/09/2026 06:54:30;7636;Kevin;Arce;Gustavo Soderquvist;Kevin Arce
14298312;15/09/2026 13:25:17;3;2;0001  215622-1;05;CAMIONETA MIE 3;2489659;"GI09    ";"GRUPO INNOVARE SRL                                ";DOLORES 224;951532;"20-147         ";20-147 - MONOCOMANDO DE COCINA SWIFT;10;10;10;23395150;150926113229841;183697896;;;;07/29/2031 00:00:00;10;13969403;15/09/2026 11:32:29;Gustavo;Soderquvist;24671990;15/09/2026 06:54:30;7636;Kevin;Arce;Gustavo Soderquvist;Kevin Arce
14298312;15/09/2026 13:25:17;3;2;0001  215622-1;05;CAMIONETA MIE 3;2489659;"GI09    ";"GRUPO INNOVARE SRL                                ";DOLORES 224;951533;"20-150         ";20-150 - MONOCOMANDO MESADA COCINA TOLEDO;2;2;2;23395150;150926113229841;183697029;;;;07/27/2031 00:00:00;2;13969403;15/09/2026 11:32:29;Gustavo;Soderquvist;24671990;15/09/2026 06:54:30;7636;Kevin;Arce;Gustavo Soderquvist;Kevin Arce
14298312;15/09/2026 13:25:17;3;2;0001  215622-1;05;CAMIONETA MIE 3;2489659;"GI09    ";"GRUPO INNOVARE SRL                                ";DOLORES 224;951535;"20-160         ";20-160 - MONOCOMANDO MESADA COCINA DIQUE;8;8;8;23395150;150926113229841;183697973;;;;07/28/2031 00:00:00;8;13969403;15/09/2026 11:32:29;Gustavo;Soderquvist;24671990;15/09/2026 06:54:30;7636;Kevin;Arce;Gustavo Soderquvist;Kevin Arce
14298312;15/09/2026 13:25:17;3;2;0001  215622-1;05;CAMIONETA MIE 3;2489659;"GI09    ";"GRUPO INNOVARE SRL                                ";DOLORES 224;951536;"20-162         ";20-162 - MONOCOMANDO COCINA ADRA;10;10;10;23395150;150926113229841;183698107;;;;07/28/2031 00:00:00;10;13969403;15/09/2026 11:32:29;Gustavo;Soderquvist;24671990;15/09/2026 06:54:30;7636;Kevin;Arce;Gustavo Soderquvist;Kevin Arce
14298312;15/09/2026 13:25:17;3;2;0001  215622-1;05;CAMIONETA MIE 3;2489659;"GI09    ";"GRUPO INNOVARE SRL                                ";DOLORES 224;952647;"60-176         ";"LAVATORIO MONOCOMANDO BAJO CR RIO                                     ";2;2;2;23395150;150926113229841;183697787;;;;10/11/2031 00:00:00;2;13969403;15/09/2026 11:32:29;Gustavo;Soderquvist;24671990;15/09/2026 06:54:30;7636;Kevin;Arce;Gustavo Soderquvist;Kevin Arce
14298312;15/09/2026 13:25:17;3;2;0001  215622-1;05;CAMIONETA MIE 3;2489659;"GI09    ";"GRUPO INNOVARE SRL                                ";DOLORES 224;952714;"61-180         ";61-180 - LAVATORIO MONOCOMANDO ALTO VERA;2;2;2;23395150;150926113229841;183696964;;;;07/28/2031 00:00:00;2;13969403;15/09/2026 11:32:29;Gustavo;Soderquvist;24671990;15/09/2026 06:54:30;7636;Kevin;Arce;Gustavo Soderquvist;Kevin Arce
14298312;15/09/2026 13:25:17;3;2;0001  215622-1;05;CAMIONETA MIE 3;2489659;"GI09    ";"GRUPO INNOVARE SRL                                ";DOLORES 224;953383;"90-010         ";90-010 - PACK GRIF.BL/CR LORCA (Lavatorio-Bide-Ducha c/t);2;2;2;23395442;150926132517118;183711919;;;;07/28/2031 00:00:00;2;13972446;15/09/2026 13:25:17;Maximiliano;Nievas;24672369;15/09/2026 08:13:24;7636;Kevin;Arce;Maximiliano Nievas;Kevin Arce
14298312;15/09/2026 13:25:17;3;2;0001  215622-1;05;CAMIONETA MIE 3;2489659;"GI09    ";"GRUPO INNOVARE SRL                                ";DOLORES 224;953197;"81-010         ";81-010 - DUCHA EMB. S/TRANSF. BL/CR LORCA;2;2;2;23395442;150926132517118;183700387;;;;11/24/2031 00:00:00;2;13972446;15/09/2026 13:25:17;Maximiliano;Nievas;24672369;15/09/2026 08:13:24;7636;Kevin;Arce;Maximiliano Nievas;Kevin Arce
14298312;15/09/2026 13:25:17;3;2;0001  215622-1;05;CAMIONETA MIE 3;2489659;"GI09    ";"GRUPO INNOVARE SRL                                ";DOLORES 224;953060;"80-058         ";80-058 - DUCHA EMB. C/TRANSF. CR C.STD MALBA;2;2;2;23395442;150926132517118;183702853;;;;01/06/2032 00:00:00;2;13972446;15/09/2026 13:25:17;Maximiliano;Nievas;24672369;15/09/2026 08:13:24;7636;Kevin;Arce;Maximiliano Nievas;Kevin Arce
14298312;15/09/2026 13:25:17;3;2;0001  215622-1;05;CAMIONETA MIE 3;2489659;"GI09    ";"GRUPO INNOVARE SRL                                ";DOLORES 224;952912;"70-162         ";70-162 - BIDE CR C.CERAM LINEA ADRA;2;2;2;23395442;150926132517118;183699094;;;;07/29/2031 00:00:00;2;13972446;15/09/2026 13:25:17;Maximiliano;Nievas;24672369;15/09/2026 08:13:24;7636;Kevin;Arce;Maximiliano Nievas;Kevin Arce
14298312;15/09/2026 13:25:17;3;2;0001  215622-1;05;CAMIONETA MIE 3;2489659;"GI09    ";"GRUPO INNOVARE SRL                                ";DOLORES 224;952831;"70-010         ";70-010 - BIDE BL/CR LORCA;2;2;2;23395442;150926132517118;183699787;;;;12/08/2031 00:00:00;2;13972446;15/09/2026 13:25:17;Maximiliano;Nievas;24672369;15/09/2026 08:13:24;7636;Kevin;Arce;Maximiliano Nievas;Kevin Arce
14298312;15/09/2026 13:25:17;3;2;0001  215622-1;05;CAMIONETA MIE 3;2489659;"GI09    ";"GRUPO INNOVARE SRL                                ";DOLORES 224;952774;"62-190         ";62-190 - LAVATORIO PARED EMB. C.CERAM BLACK VELVET;2;2;2;23395442;150926132517118;183706071;;;;09/02/2031 00:00:00;2;13972446;15/09/2026 13:25:17;Maximiliano;Nievas;24672369;15/09/2026 08:13:24;7636;Kevin;Arce;Maximiliano Nievas;Kevin Arce
14298312;15/09/2026 13:25:17;3;2;0001  215622-1;05;CAMIONETA MIE 3;2489659;"GI09    ";"GRUPO INNOVARE SRL                                ";DOLORES 224;952740;"62-100G        ";62-100G - LAVATORIO DE PARED GOLD C.CERAM FABRIC;2;2;2;23395442;150926132517118;183709147;;;;12/20/2031 00:00:00;2;13972446;15/09/2026 13:25:17;Maximiliano;Nievas;24672369;15/09/2026 08:13:24;7636;Kevin;Arce;Maximiliano Nievas;Kevin Arce
14298312;15/09/2026 13:25:17;3;2;0001  215622-1;05;CAMIONETA MIE 3;2489659;"GI09    ";"GRUPO INNOVARE SRL                                ";DOLORES 224;952658;"60-190         ";60-190 - LAVATORIO C.CERAM BLACK VELVET;2;2;2;23395442;150926132517118;183706202;;;;08/12/2031 00:00:00;2;13972446;15/09/2026 13:25:17;Maximiliano;Nievas;24672369;15/09/2026 08:13:24;7636;Kevin;Arce;Maximiliano Nievas;Kevin Arce
14298312;15/09/2026 13:25:17;3;2;0001  215622-1;05;CAMIONETA MIE 3;2489659;"GI09    ";"GRUPO INNOVARE SRL                                ";DOLORES 224;952634;"60-162         ";60-162 - LAVATORIO CR C.CERAM LINEA ADRA;2;2;2;23395442;150926132517118;183698679;;;;07/29/2031 00:00:00;2;13972446;15/09/2026 13:25:17;Maximiliano;Nievas;24672369;15/09/2026 08:13:24;7636;Kevin;Arce;Maximiliano Nievas;Kevin Arce
14298312;15/09/2026 13:25:17;3;2;0001  215622-1;05;CAMIONETA MIE 3;2489659;"GI09    ";"GRUPO INNOVARE SRL                                ";DOLORES 224;952551;"60-010         ";60-010 - LAVATORIO BL/CR LORCA;2;2;2;23395442;150926132517118;183699644;;;;01/14/2032 00:00:00;2;13972446;15/09/2026 13:25:17;Maximiliano;Nievas;24672369;15/09/2026 08:13:24;7636;Kevin;Arce;Maximiliano Nievas;Kevin Arce
14298312;15/09/2026 13:25:17;3;2;0001  215622-1;05;CAMIONETA MIE 3;2489659;"GI09    ";"GRUPO INNOVARE SRL                                ";DOLORES 224;952438;"51-058         ";51-058 - COCINA MESADA CR C.STD MALBA;2;2;2;23395442;150926132517118;183700069;;;;10/19/2031 00:00:00;2;13972446;15/09/2026 13:25:17;Maximiliano;Nievas;24672369;15/09/2026 08:13:24;7636;Kevin;Arce;Maximiliano Nievas;Kevin Arce
14298312;15/09/2026 13:25:17;3;2;0001  215622-1;05;CAMIONETA MIE 3;2489659;"GI09    ";"GRUPO INNOVARE SRL                                ";DOLORES 224;953432;"910/M          ";"910/M - JGO.MDA.P.CANO CROMO ""DIQUE""";2;2;2;23395442;150926132517118;183703446;;;;12/21/2031 00:00:00;2;13972446;15/09/2026 13:25:17;Maximiliano;Nievas;24672369;15/09/2026 08:13:24;7636;Kevin;Arce;Maximiliano Nievas;Kevin Arce
14298312;15/09/2026 13:25:17;3;2;0001  215622-1;05;CAMIONETA MIE 3;2489659;"GI09    ";"GRUPO INNOVARE SRL                                ";DOLORES 224;952452;"51-122         ";51-122 - MESADA BIMANDO CR C.CERAM VALENCIA;2;2;2;23413507;150926131841095;183704686;;;;02/01/2032 00:00:00;2;13972484;15/09/2026 13:18:41;Maximiliano;Nievas;;;;;;Maximiliano Nievas;
14298312;15/09/2026 13:25:17;3;2;0001  215622-1;05;CAMIONETA MIE 3;2489659;"GI09    ";"GRUPO INNOVARE SRL                                ";DOLORES 224;952456;"51-190         ";51-190 - MESADA BIMANDO C.CERAM BLACK VELVET;2;2;2;23413507;150926131841095;183707791;;;;10/20/2031 00:00:00;2;13972484;15/09/2026 13:18:41;Maximiliano;Nievas;;;;;;Maximiliano Nievas;
14298313;15/09/2026 14:55:26;3;2;0001  215629-1;05;CAMIONETA MIE 3;2093315;"MA29    ";"MULTISANITARIOS Y ACCESORIOS S.R.L.               ";AV. JUAN B. ALBERDI 3528;951536;"20-162         ";20-162 - MONOCOMANDO COCINA ADRA;2;2;2;23400407;150926145524988;183737378;;;;07/28/2031 00:00:00;2;13975780;15/09/2026 14:55:24;Gustavo;Soderquvist;24676904;15/09/2026 09:47:04;7839;Claudio;Juarez;Gustavo Soderquvist;Claudio Juarez
14298313;15/09/2026 14:55:26;3;2;0001  215629-1;05;CAMIONETA MIE 3;2093315;"MA29    ";"MULTISANITARIOS Y ACCESORIOS S.R.L.               ";AV. JUAN B. ALBERDI 3528;957438;"RA1018         ";RA1018 - PICO DUCHA CASTILLA/SENA/LAGO;1;1;1;23400407;150926145524988;183733162;;;;08/02/2031 00:00:00;1;13975780;15/09/2026 14:55:24;Gustavo;Soderquvist;24676904;15/09/2026 09:47:04;7839;Claudio;Juarez;Gustavo Soderquvist;Claudio Juarez
14298314;15/09/2026 14:16:32;3;2;0001  215630-1;05;CAMIONETA MIE 3;2091270;"BE13    ";"BETOMAT S.R.L.                                    ";AV. JUAN B. ALBERDI 3661;952741;"62-100N        ";62-100N - LAVATORIO DE PARED BLACK C.CERAM FABRIC;1;1;1;23395443;150926050647323;183709258;;;;11/05/2031 00:00:00;1;13973942;15/09/2026 14:06:47;Mirko;Hernandez;24672369;15/09/2026 08:13:24;7636;Kevin;Arce;Mirko Hernandez;Kevin Arce
14298314;15/09/2026 14:16:32;3;2;0001  215630-1;05;CAMIONETA MIE 3;2091270;"BE13    ";"BETOMAT S.R.L.                                    ";AV. JUAN B. ALBERDI 3661;952875;"70-100N        ";70-100N - BIDE BLACK C.CERAM FABRIC;1;1;1;23395443;150926050647323;183708019;;;;07/29/2031 00:00:00;1;13973942;15/09/2026 14:06:47;Mirko;Hernandez;24672369;15/09/2026 08:13:24;7636;Kevin;Arce;Mirko Hernandez;Kevin Arce
14298314;15/09/2026 14:16:32;3;2;0001  215630-1;05;CAMIONETA MIE 3;2091270;"BE13    ";"BETOMAT S.R.L.                                    ";AV. JUAN B. ALBERDI 3661;952909;"70-153         ";70-153 - BIDE CR C.CERAM CASTILLA;2;2;2;23395443;150926050647323;183707234;;;;10/20/2031 00:00:00;2;13973942;15/09/2026 14:06:47;Mirko;Hernandez;24672369;15/09/2026 08:13:24;7636;Kevin;Arce;Mirko Hernandez;Kevin Arce
14298314;15/09/2026 14:16:32;3;2;0001  215630-1;05;CAMIONETA MIE 3;2091270;"BE13    ";"BETOMAT S.R.L.                                    ";AV. JUAN B. ALBERDI 3661;953072;"80-100N        ";80-100N - DUCHA EMB. C/TRANSF. BLACK C.CERAM FABRIC;1;1;1;23395443;150926050647323;183709397;;;;02/02/2032 00:00:00;1;13973942;15/09/2026 14:06:47;Mirko;Hernandez;24672369;15/09/2026 08:13:24;7636;Kevin;Arce;Mirko Hernandez;Kevin Arce
14298314;15/09/2026 14:16:32;3;2;0001  215630-1;05;CAMIONETA MIE 3;2091270;"BE13    ";"BETOMAT S.R.L.                                    ";AV. JUAN B. ALBERDI 3661;953168;"80-329         ";80-329 - DUCHA DE EMB 3 FUNCIONES CASTILLA;1;1;1;23395443;150926050647323;183706879;;;;12/21/2031 00:00:00;1;13973942;15/09/2026 14:06:47;Mirko;Hernandez;24672369;15/09/2026 08:13:24;7636;Kevin;Arce;Mirko Hernandez;Kevin Arce
14298314;15/09/2026 14:16:32;3;2;0001  215630-1;05;CAMIONETA MIE 3;2091270;"BE13    ";"BETOMAT S.R.L.                                    ";AV. JUAN B. ALBERDI 3661;951794;"3010           ";3010 - TOALLERO BARRAL LINEA 3000;2;2;2;23405459;150926051630708;183768429;;;;07/29/2031 00:00:00;2;13974080;15/09/2026 14:16:30;Mirko;Hernandez;24681643;15/09/2026 10:56:45;7636;Kevin;Arce;Mirko Hernandez;Kevin Arce
14298314;15/09/2026 14:16:32;3;2;0001  215630-1;05;CAMIONETA MIE 3;2091270;"BE13    ";"BETOMAT S.R.L.                                    ";AV. JUAN B. ALBERDI 3661;952631;"60-153         ";60-153 - LAVATORIO CR C.CERAMICO CASTILLA;2;2;2;23415830;150926050400797;183707145;;;;11/23/2031 00:00:00;2;13973968;15/09/2026 14:04:00;Mirko;Hernandez;;;;;;Mirko Hernandez;
14298314;15/09/2026 14:16:32;3;2;0001  215630-1;05;CAMIONETA MIE 3;2091270;"BE13    ";"BETOMAT S.R.L.                                    ";AV. JUAN B. ALBERDI 3661;953109;"80-166         ";"DUCHA EMB. C/TRANSF. CR C.CERAM ADRA PLUS                             ";2;2;2;23415830;150926050400797;183698961;;;;01/19/2032 00:00:00;2;13973968;15/09/2026 14:04:00;Mirko;Hernandez;;;;;;Mirko Hernandez;
14298314;15/09/2026 14:16:32;3;2;0001  215630-1;05;CAMIONETA MIE 3;2091270;"BE13    ";"BETOMAT S.R.L.                                    ";AV. JUAN B. ALBERDI 3661;952912;"70-162         ";70-162 - BIDE CR C.CERAM LINEA ADRA;5;5;5;23415961;150926050551579;183699208;;;;07/29/2031 00:00:00;5;13974024;15/09/2026 14:05:51;Mirko;Hernandez;;;;;;Mirko Hernandez;
14298314;15/09/2026 14:16:32;3;2;0001  215630-1;05;CAMIONETA MIE 3;2091270;"BE13    ";"BETOMAT S.R.L.                                    ";AV. JUAN B. ALBERDI 3661;952634;"60-162         ";60-162 - LAVATORIO CR C.CERAM LINEA ADRA;5;5;5;23415961;150926050551579;183698768;;;;07/29/2031 00:00:00;5;13974024;15/09/2026 14:05:51;Mirko;Hernandez;;;;;;Mirko Hernandez;
14298314;15/09/2026 14:16:32;3;2;0001  215630-1;05;CAMIONETA MIE 3;2091270;"BE13    ";"BETOMAT S.R.L.                                    ";AV. JUAN B. ALBERDI 3661;951833;"30-132         ";30-132 - COCINA MESADA MONOC. C/DUCHADOR EXTENSIBLE VIGO;1;1;1;23416118;150926050827700;183769893;;;;07/28/2031 00:00:00;1;13974112;15/09/2026 14:08:27;Mirko;Hernandez;;;;;;Mirko Hernandez;
14298314;15/09/2026 14:16:32;3;2;0001  215630-1;05;CAMIONETA MIE 3;2091270;"BE13    ";"BETOMAT S.R.L.                                    ";AV. JUAN B. ALBERDI 3661;952712;"61-176         ";61-176 - LAVATORIO MONOC ALTO CR RIO;4;4;4;23416118;150926050827700;183769497;;;;10/09/2031 00:00:00;4;13974112;15/09/2026 14:08:27;Mirko;Hernandez;;;;;;Mirko Hernandez;
14298314;15/09/2026 14:16:32;3;2;0001  215630-1;05;CAMIONETA MIE 3;2091270;"BE13    ";"BETOMAT S.R.L.                                    ";AV. JUAN B. ALBERDI 3661;951993;"3070           ";3070 - JABONERA PARA BAÑERA LINEA 3000;4;4;4;23416349;150926051209533;183767008;;;;07/31/2031 00:00:00;4;13974217;15/09/2026 14:12:09;Mirko;Hernandez;;;;;;Mirko Hernandez;
14298314;15/09/2026 14:16:32;3;2;0001  215630-1;05;CAMIONETA MIE 3;2091270;"BE13    ";"BETOMAT S.R.L.                                    ";AV. JUAN B. ALBERDI 3661;951975;"3040           ";3040 - PORTA ROLLO LINEA 3000;5;5;5;23416349;150926051209533;183767443;;;;07/27/2031 00:00:00;5;13974217;15/09/2026 14:12:09;Mirko;Hernandez;;;;;;Mirko Hernandez;
14298314;15/09/2026 14:16:32;3;2;0001  215630-1;05;CAMIONETA MIE 3;2091270;"BE13    ";"BETOMAT S.R.L.                                    ";AV. JUAN B. ALBERDI 3661;951961;"3030           ";3030 - PERCHA LINEA 3000;8;8;8;23416349;150926051209533;183767725;;;;08/27/2031 00:00:00;8;13974217;15/09/2026 14:12:09;Mirko;Hernandez;;;;;;Mirko Hernandez;
14298315;15/09/2026 11:24:45;3;2;0001  215631-1;05;CAMIONETA MIE 3;2091270;"BE13    ";"BETOMAT S.R.L.                                    ";AV. JUAN B. ALBERDI 3661;954885;"BAI01NI        ";BAI01NI - BACHA EMB COCINA C/ACCESORIOS 750x450x220 NICKEL BRUSHED;1;1;1;23403372;150926112438575;183752297;;;;09/28/2031 00:00:00;1;13969151;15/09/2026 11:24:38;Gustavo;Soderquvist;24679659;15/09/2026 10:11:15;7839;Claudio;Juarez;Gustavo Soderquvist;Claudio Juarez
14298315;15/09/2026 11:24:45;3;2;0001  215631-1;05;CAMIONETA MIE 3;2091270;"BE13    ";"BETOMAT S.R.L.                                    ";AV. JUAN B. ALBERDI 3661;954884;"BAI01N         ";BAI01N - BACHA EMB COCINA C/ACCESORIOS 750x450x220 BLACK GUN BRUSHED;1;1;1;23403372;150926112438575;183752123;;;;07/30/2031 00:00:00;1;13969151;15/09/2026 11:24:38;Gustavo;Soderquvist;24679659;15/09/2026 10:11:15;7839;Claudio;Juarez;Gustavo Soderquvist;Claudio Juarez
14298316;15/09/2026 13:36:57;3;2;0001  215632-1;05;CAMIONETA MIE 3;2093713;"NS03    ";"NESGAMET S.A.                                     ";SOR JUANA DE LA CRUZ 1462;952713;"61-176N        ";61-176N - LAVATORIO MONOC ALTO BLACK RIO;4;4;4;23399038;150926133657159;183732091;;;;07/29/2031 00:00:00;4;13973002;15/09/2026 13:36:57;Maximiliano;Nievas;24675733;15/09/2026 09:23:21;7636;Kevin;Arce;Maximiliano Nievas;Kevin Arce
14298316;15/09/2026 13:36:57;3;2;0001  215632-1;05;CAMIONETA MIE 3;2093713;"NS03    ";"NESGAMET S.A.                                     ";SOR JUANA DE LA CRUZ 1462;1141161;"BCH23          ";"BACHA DE APOYAR CIRCULAR BLANCA 310x110                               ";4;4;4;23401399;150926112528707;183739550;;;;02/11/2032 00:00:00;4;13969177;15/09/2026 11:25:28;Gustavo;Soderquvist;24677868;15/09/2026 09:34:21;7827;Javier;Machado;Gustavo Soderquvist;Javier Machado
14298317;15/09/2026 14:48:33;3;2;0001  215636-1;05;CAMIONETA MIE 3;2094976;"VL05    ";"VENTURA LEANDRO ARIEL                             ";AV LA PLATA 213;951146;"1320           ";"QUEINOX MACHO MOVIL MH 1/2"" x 20                                      ";10;10;10;23402033;150926054831421;183748895;;;;11/19/2031 00:00:00;10;13975521;15/09/2026 14:48:31;Mirko;Hernandez;24678426;15/09/2026 10:07:36;7827;Javier;Machado;Mirko Hernandez;Javier Machado
14298317;15/09/2026 14:48:33;3;2;0001  215636-1;05;CAMIONETA MIE 3;2094976;"VL05    ";"VENTURA LEANDRO ARIEL                             ";AV LA PLATA 213;951156;"1330           ";"QUEINOX MACHO MOVIL MH 1/2"" x 30                                      ";20;20;20;23402033;150926054831421;183748426;;;;02/16/2032 00:00:00;20;13975521;15/09/2026 14:48:31;Mirko;Hernandez;24678426;15/09/2026 10:07:36;7827;Javier;Machado;Mirko Hernandez;Javier Machado
14298318;15/09/2026 14:41:49;3;2;0001  215635-1;05;CAMIONETA MIE 3;2094976;"VL05    ";"VENTURA LEANDRO ARIEL                             ";AV LA PLATA 213;951530;"20-146         ";20-146 - MONOCOMANDO DE COCINA CR LINEA MOVE;2;2;2;23400408;150926144141667;183737863;;;;10/09/2031 00:00:00;2;13975117;15/09/2026 14:41:41;Gustavo;Soderquvist;24676904;15/09/2026 09:47:04;7839;Claudio;Juarez;Gustavo Soderquvist;Claudio Juarez
14298318;15/09/2026 14:41:49;3;2;0001  215635-1;05;CAMIONETA MIE 3;2094976;"VL05    ";"VENTURA LEANDRO ARIEL                             ";AV LA PLATA 213;957524;"RA1158         ";RA1158 - BUJE AIREADOR COMPLETO MONOC SANTANDER-MALLORCA M20x1;3;3;3;23400408;150926144141667;183733325;;;;07/31/2031 00:00:00;3;13975117;15/09/2026 14:41:41;Gustavo;Soderquvist;24676904;15/09/2026 09:47:04;7839;Claudio;Juarez;Gustavo Soderquvist;Claudio Juarez
14298318;15/09/2026 14:41:49;3;2;0001  215635-1;05;CAMIONETA MIE 3;2094976;"VL05    ";"VENTURA LEANDRO ARIEL                             ";AV LA PLATA 213;957722;"RA1436         ";RA1436 - AIREADOR PICO LAV/BAÑERA M18.5 x 1 mm;6;6;6;23400408;150926144141667;183733646;;;;02/21/2032 00:00:00;6;13975117;15/09/2026 14:41:41;Gustavo;Soderquvist;24676904;15/09/2026 09:47:04;7839;Claudio;Juarez;Gustavo Soderquvist;Claudio Juarez
14298318;15/09/2026 14:41:49;3;2;0001  215635-1;05;CAMIONETA MIE 3;2094976;"VL05    ";"VENTURA LEANDRO ARIEL                             ";AV LA PLATA 213;957856;"RA727C         ";RA727C - CONJUNTO BUJE Y AIREADOR CROMO;4;4;4;23400408;150926144141667;183734125;;;;09/16/2031 00:00:00;4;13975117;15/09/2026 14:41:41;Gustavo;Soderquvist;24676904;15/09/2026 09:47:04;7839;Claudio;Juarez;Gustavo Soderquvist;Claudio Juarez
14298318;15/09/2026 14:41:49;3;2;0001  215635-1;05;CAMIONETA MIE 3;2094976;"VL05    ";"VENTURA LEANDRO ARIEL                             ";AV LA PLATA 213;957871;"RA764          ";RA764 - BOLSITA P/CONEXION BIDET LINEAS STD COMPLETO;6;6;6;23400408;150926144141667;183734873;;;;02/01/2032 00:00:00;6;13975117;15/09/2026 14:41:41;Gustavo;Soderquvist;24676904;15/09/2026 09:47:04;7839;Claudio;Juarez;Gustavo Soderquvist;Claudio Juarez
14298318;15/09/2026 14:41:49;3;2;0001  215635-1;05;CAMIONETA MIE 3;2094976;"VL05    ";"VENTURA LEANDRO ARIEL                             ";AV LA PLATA 213;957912;"RA875          ";RA875 - 10 TUBOS CONEXION P/ BIDET;10;10;10;23400408;150926144141667;183735171;;;;08/02/2031 00:00:00;10;13975117;15/09/2026 14:41:41;Gustavo;Soderquvist;24676904;15/09/2026 09:47:04;7839;Claudio;Juarez;Gustavo Soderquvist;Claudio Juarez
14298318;15/09/2026 14:41:49;3;2;0001  215635-1;05;CAMIONETA MIE 3;2094976;"VL05    ";"VENTURA LEANDRO ARIEL                             ";AV LA PLATA 213;957944;"RA980          ";RA980 - 10 CONJ. PROLONGADOR LARGO (TORNILLO+TUBO) VOLANTE;10;10;10;23400408;150926144141667;183734390;;;;10/09/2031 00:00:00;10;13975117;15/09/2026 14:41:41;Gustavo;Soderquvist;24676904;15/09/2026 09:47:04;7839;Claudio;Juarez;Gustavo Soderquvist;Claudio Juarez
14298319;15/09/2026 14:20:16;3;2;0001  215534-1;05;CAMIONETA MIE 3;2093315;"MA29    ";"MULTISANITARIOS Y ACCESORIOS S.R.L.               ";AV. JUAN B. ALBERDI 3528;951794;"3010           ";3010 - TOALLERO BARRAL LINEA 3000;1;1;1;23402403;150926142014946;183750141;;;;07/29/2031 00:00:00;1;13974451;15/09/2026 14:20:14;Maximiliano;Nievas;24678760;15/09/2026 10:05:49;7839;Claudio;Juarez;Maximiliano Nievas;Claudio Juarez
14298319;15/09/2026 14:20:16;3;2;0001  215534-1;05;CAMIONETA MIE 3;2093315;"MA29    ";"MULTISANITARIOS Y ACCESORIOS S.R.L.               ";AV. JUAN B. ALBERDI 3528;951906;"3020           ";3020 - TOALLERO DE ARO LINEA 3000;1;1;1;23402403;150926142014946;183749866;;;;07/29/2031 00:00:00;1;13974451;15/09/2026 14:20:14;Maximiliano;Nievas;24678760;15/09/2026 10:05:49;7839;Claudio;Juarez;Maximiliano Nievas;Claudio Juarez
14298319;15/09/2026 14:20:16;3;2;0001  215534-1;05;CAMIONETA MIE 3;2093315;"MA29    ";"MULTISANITARIOS Y ACCESORIOS S.R.L.               ";AV. JUAN B. ALBERDI 3528;951961;"3030           ";3030 - PERCHA LINEA 3000;3;3;3;23402403;150926142014946;183749736;;;;08/27/2031 00:00:00;3;13974451;15/09/2026 14:20:14;Maximiliano;Nievas;24678760;15/09/2026 10:05:49;7839;Claudio;Juarez;Maximiliano Nievas;Claudio Juarez
14298319;15/09/2026 14:20:16;3;2;0001  215534-1;05;CAMIONETA MIE 3;2093315;"MA29    ";"MULTISANITARIOS Y ACCESORIOS S.R.L.               ";AV. JUAN B. ALBERDI 3528;951988;"3060           ";3060 - PORTA CEPILLO LINEA 3000;1;1;1;23402403;150926142014946;183749479;;;;07/29/2031 00:00:00;1;13974451;15/09/2026 14:20:14;Maximiliano;Nievas;24678760;15/09/2026 10:05:49;7839;Claudio;Juarez;Maximiliano Nievas;Claudio Juarez
14298320;15/09/2026 14:03:00;3;2;0001  215555-1;05;CAMIONETA MIE 3;2205163;"BA46    ";"BAIRESMAT S.R.L.                                  ";AV. RIVADAVIA 7980;951309;"17060G         ";17060G - PORTA VASO Y CEPILLO  LINEA FABRIC GOLD;5;5;5;23402404;150926050300501;183748069;;;;07/31/2031 00:00:00;5;13973763;15/09/2026 14:03:00;Mirko;Hernandez;24678760;15/09/2026 10:05:49;7839;Claudio;Juarez;Mirko Hernandez;Claudio Juarez
14298320;15/09/2026 14:03:00;3;2;0001  215555-1;05;CAMIONETA MIE 3;2205163;"BA46    ";"BAIRESMAT S.R.L.                                  ";AV. RIVADAVIA 7980;951306;"17050G         ";17050G - JABONERA  LINEA FABRIC GOLD;5;5;5;23402404;150926050300501;183747473;;;;07/29/2031 00:00:00;5;13973763;15/09/2026 14:03:00;Mirko;Hernandez;24678760;15/09/2026 10:05:49;7839;Claudio;Juarez;Mirko Hernandez;Claudio Juarez
14298320;15/09/2026 14:03:00;3;2;0001  215555-1;05;CAMIONETA MIE 3;2205163;"BA46    ";"BAIRESMAT S.R.L.                                  ";AV. RIVADAVIA 7980;951294;"17010G         ";17010G - TOALLERO BARRAL LINEA FABRIC GOLD;5;5;5;23415573;150926045932461;183746956;;;;07/27/2031 00:00:00;5;13973812;15/09/2026 13:59:32;Mirko;Hernandez;;;;;;Mirko Hernandez;
14298320;15/09/2026 14:03:00;3;2;0001  215555-1;05;CAMIONETA MIE 3;2205163;"BA46    ";"BAIRESMAT S.R.L.                                  ";AV. RIVADAVIA 7980;951300;"17030G         ";17030G - PERCHA LINEA FABRIC GOLD;5;5;5;23415573;150926045932461;183745646;;;;07/29/2031 00:00:00;5;13973812;15/09/2026 13:59:32;Mirko;Hernandez;;;;;;Mirko Hernandez;
14298320;15/09/2026 14:03:00;3;2;0001  215555-1;05;CAMIONETA MIE 3;2205163;"BA46    ";"BAIRESMAT S.R.L.                                  ";AV. RIVADAVIA 7980;951297;"17020G         ";17020G - TOALLERO DE ARO LINEA FABRIC GOLD;5;5;5;23415635;150926050038463;183746668;;;;07/29/2031 00:00:00;5;13973858;15/09/2026 14:00:38;Mirko;Hernandez;;;;;;Mirko Hernandez;
14298320;15/09/2026 14:03:00;3;2;0001  215555-1;05;CAMIONETA MIE 3;2205163;"BA46    ";"BAIRESMAT S.R.L.                                  ";AV. RIVADAVIA 7980;951303;"17040G         ";17040G - PORTA ROLLO LINEA FABRIC GOLD;5;5;5;23415635;150926050038463;183746223;;;;07/28/2031 00:00:00;5;13973858;15/09/2026 14:00:38;Mirko;Hernandez;;;;;;Mirko Hernandez;
14298321;15/09/2026 14:17:44;3;2;0001  215646-1;05;CAMIONETA MIE 3;2091886;"CP31    ";"CASAPAULINO SAS                                   ";JOAQUIN V. GONZALEZ 3366;953059;"80-057         ";80-057 - DUCHA EMB. C/TRANSF. C.STD VERIN PLUS;1;1;1;23396600;150926141741834;183707260;;;;02/08/2032 00:00:00;1;13974397;15/09/2026 14:17:41;Gustavo;Soderquvist;24673411;15/09/2026 08:14:24;7839;Claudio;Juarez;Gustavo Soderquvist;Claudio Juarez
14298321;15/09/2026 14:17:44;3;2;0001  215646-1;05;CAMIONETA MIE 3;2091886;"CP31    ";"CASAPAULINO SAS                                   ";JOAQUIN V. GONZALEZ 3366;952583;"60-058         ";60-058 - LAVATORIO CR C.STD MALBA;2;2;2;23396600;150926141741834;183708685;;;;12/03/2031 00:00:00;2;13974397;15/09/2026 14:17:41;Gustavo;Soderquvist;24673411;15/09/2026 08:14:24;7839;Claudio;Juarez;Gustavo Soderquvist;Claudio Juarez
14298321;15/09/2026 14:17:44;3;2;0001  215646-1;05;CAMIONETA MIE 3;2091886;"CP31    ";"CASAPAULINO SAS                                   ";JOAQUIN V. GONZALEZ 3366;952634;"60-162         ";60-162 - LAVATORIO CR C.CERAM LINEA ADRA;1;1;1;23396600;150926141741834;183706062;;;;07/29/2031 00:00:00;1;13974397;15/09/2026 14:17:41;Gustavo;Soderquvist;24673411;15/09/2026 08:14:24;7839;Claudio;Juarez;Gustavo Soderquvist;Claudio Juarez
14298321;15/09/2026 14:17:44;3;2;0001  215646-1;05;CAMIONETA MIE 3;2091886;"CP31    ";"CASAPAULINO SAS                                   ";JOAQUIN V. GONZALEZ 3366;953055;"80-045         ";80-045 - DUCHA EMB.C/TRANSF CR  C.STD CRUZ;1;1;1;23396600;150926141741834;183712160;;;;01/04/2032 00:00:00;1;13974397;15/09/2026 14:17:41;Gustavo;Soderquvist;24673411;15/09/2026 08:14:24;7839;Claudio;Juarez;Gustavo Soderquvist;Claudio Juarez
14298321;15/09/2026 14:17:44;3;2;0001  215646-1;05;CAMIONETA MIE 3;2091886;"CP31    ";"CASAPAULINO SAS                                   ";JOAQUIN V. GONZALEZ 3366;952437;"51-057         ";51-057 - COCINA MESADA CR C.STD VERIN PLUS;2;2;2;23396600;150926141741834;183709084;;;;01/27/2032 00:00:00;2;13974397;15/09/2026 14:17:41;Gustavo;Soderquvist;24673411;15/09/2026 08:14:24;7839;Claudio;Juarez;Gustavo Soderquvist;Claudio Juarez
14298321;15/09/2026 14:17:44;3;2;0001  215646-1;05;CAMIONETA MIE 3;2091886;"CP31    ";"CASAPAULINO SAS                                   ";JOAQUIN V. GONZALEZ 3366;951545;"20-172         ";20-172 - COCINA MESADA MONOC. COLORS NEGRO;1;1;1;23400409;150926141139486;183738368;;;;07/28/2031 00:00:00;1;13974114;15/09/2026 14:11:39;Gustavo;Soderquvist;24676904;15/09/2026 09:47:04;7839;Claudio;Juarez;Gustavo Soderquvist;Claudio Juarez
14298321;15/09/2026 14:17:44;3;2;0001  215646-1;05;CAMIONETA MIE 3;2091886;"CP31    ";"CASAPAULINO SAS                                   ";JOAQUIN V. GONZALEZ 3366;951488;"20-102         ";"20-102 - MONOCOMANDO MESADA CROMO ""RENACER""";2;2;2;23400409;150926141139486;183735987;;;;08/20/2031 00:00:00;2;13974114;15/09/2026 14:11:39;Gustavo;Soderquvist;24676904;15/09/2026 09:47:04;7839;Claudio;Juarez;Gustavo Soderquvist;Claudio Juarez
14298321;15/09/2026 14:17:44;3;2;0001  215646-1;05;CAMIONETA MIE 3;2091886;"CP31    ";"CASAPAULINO SAS                                   ";JOAQUIN V. GONZALEZ 3366;952499;"54-203         ";"COCINA PARED EXT C.CERAM ADRA MONOCOMANDO                             ";1;1;1;23400409;150926141139486;183736178;;;;02/18/2032 00:00:00;1;13974114;15/09/2026 14:11:39;Gustavo;Soderquvist;24676904;15/09/2026 09:47:04;7839;Claudio;Juarez;Gustavo Soderquvist;Claudio Juarez
14298321;15/09/2026 14:17:44;3;2;0001  215646-1;05;CAMIONETA MIE 3;2091886;"CP31    ";"CASAPAULINO SAS                                   ";JOAQUIN V. GONZALEZ 3366;957550;"RA1189         ";RA1189 - SET PROLONGADOR P/VASTAGO Y CAMPANA (x3);11;11;11;23400409;150926141139486;183743321;;;;02/11/2032 00:00:00;11;13974114;15/09/2026 14:11:39;Gustavo;Soderquvist;24676904;15/09/2026 09:47:04;7839;Claudio;Juarez;Gustavo Soderquvist;Claudio Juarez
14298351;15/09/2026 13:30:37;3;2;0001  215428-1;06;CAMIONETA MIE 2;2092358;"ET02    ";"EL TEHUELCHE S.A.C.I.C.I.                         ";PABLO NERUDA 651;951146;"1320           ";"QUEINOX MACHO MOVIL MH 1/2"" x 20                                      ";10;10;10;23377727;150926133037270;183560282;;;;11/19/2031 00:00:00;10;13972430;15/09/2026 13:30:37;Maximiliano;Nievas;24654350;14/09/2026 13:36:45;6922;Franco;Potenza;Maximiliano Nievas;Franco Potenza
14298351;15/09/2026 13:30:37;3;2;0001  215428-1;06;CAMIONETA MIE 2;2092358;"ET02    ";"EL TEHUELCHE S.A.C.I.C.I.                         ";PABLO NERUDA 651;951156;"1330           ";"QUEINOX MACHO MOVIL MH 1/2"" x 30                                      ";10;10;10;23377727;150926133037270;183561339;;;;02/16/2032 00:00:00;10;13972430;15/09/2026 13:30:37;Maximiliano;Nievas;24654350;14/09/2026 13:36:45;6922;Franco;Potenza;Maximiliano Nievas;Franco Potenza
14298351;15/09/2026 13:30:37;3;2;0001  215428-1;06;CAMIONETA MIE 2;2092358;"ET02    ";"EL TEHUELCHE S.A.C.I.C.I.                         ";PABLO NERUDA 651;951162;"1335           ";"QUEINOX MACHO MOVIL MH 1/2"" x 35                                      ";10;10;10;23377727;150926133037270;183561681;;;;02/10/2032 00:00:00;10;13972430;15/09/2026 13:30:37;Maximiliano;Nievas;24654350;14/09/2026 13:36:45;6922;Franco;Potenza;Maximiliano Nievas;Franco Potenza
14298351;15/09/2026 13:30:37;3;2;0001  215428-1;06;CAMIONETA MIE 2;2092358;"ET02    ";"EL TEHUELCHE S.A.C.I.C.I.                         ";PABLO NERUDA 651;951168;"1340           ";"QUEINOX MACHO MOVIL MH 1/2"" x 40                                      ";10;10;10;23377727;150926133037270;183563047;;;;02/09/2032 00:00:00;10;13972430;15/09/2026 13:30:37;Maximiliano;Nievas;24654350;14/09/2026 13:36:45;6922;Franco;Potenza;Maximiliano Nievas;Franco Potenza
14298351;15/09/2026 13:30:37;3;2;0001  215428-1;06;CAMIONETA MIE 2;2092358;"ET02    ";"EL TEHUELCHE S.A.C.I.C.I.                         ";PABLO NERUDA 651;951348;"1940           ";"1940 - QUEINOX MH 3/4"" x 40";10;10;10;23377727;150926133037270;183563669;;;;07/27/2031 00:00:00;10;13972430;15/09/2026 13:30:37;Maximiliano;Nievas;24654350;14/09/2026 13:36:45;6922;Franco;Potenza;Maximiliano Nievas;Franco Potenza
14298351;15/09/2026 13:30:37;3;2;0001  215428-1;06;CAMIONETA MIE 2;2092358;"ET02    ";"EL TEHUELCHE S.A.C.I.C.I.                         ";PABLO NERUDA 651;951352;"1950           ";"1950 - QUEINOX MH 3/4"" x 50";10;10;10;23377727;150926133037270;183564124;;;;07/27/2031 00:00:00;10;13972430;15/09/2026 13:30:37;Maximiliano;Nievas;24654350;14/09/2026 13:36:45;6922;Franco;Potenza;Maximiliano Nievas;Franco Potenza
14300452;14/09/2026 11:54:09;3;2;RM 0016   31055;10;URGENTES;2090911;DEP_52;PROMOCION / PUBLCIDAD;.;954232;"A1452G         ";A1452G - CAÑO DE DUCHA RECTO 150 MM GOLD C/BLISTER;1;1;1;23373808;140926115337518;183527940;;;;01/27/2032 00:00:00;1;13949870;14/09/2026 11:53:37;Gustavo;Soderquvist;24650132;14/09/2026 11:36:09;7807;Nicolas;Perez;Gustavo Soderquvist;Nicolas Perez
14300452;14/09/2026 11:54:09;3;2;RM 0016   31055;10;URGENTES;2090911;DEP_52;PROMOCION / PUBLCIDAD;.;954233;"A1452GR        ";A1452GR - CAÑO DE DUCHA RECTO 150 MM GRAFITO C/BLISTER;1;1;1;23373808;140926115337518;183527485;;;;12/15/2031 00:00:00;1;13949870;14/09/2026 11:53:37;Gustavo;Soderquvist;24650132;14/09/2026 11:36:09;7807;Nicolas;Perez;Gustavo Soderquvist;Nicolas Perez
14300452;14/09/2026 11:54:09;3;2;RM 0016   31055;10;URGENTES;2090911;DEP_52;PROMOCION / PUBLCIDAD;.;954235;"A1452NI        ";A1452NI - CAÑO DE DUCHA RECTO 150 MM NICKEL C/BLISTER;1;1;1;23373808;140926115337518;183525319;;;;02/02/2032 00:00:00;1;13949870;14/09/2026 11:53:37;Gustavo;Soderquvist;24650132;14/09/2026 11:36:09;7807;Nicolas;Perez;Gustavo Soderquvist;Nicolas Perez
14300452;14/09/2026 11:54:09;3;2;RM 0016   31055;10;URGENTES;2090911;DEP_52;PROMOCION / PUBLCIDAD;.;954231;"A1452DG        ";A1452DG - CAÑO DE DUCHA RECTO 150 MM DARK GOLD C/BLISTER;1;1;1;23374181;140926115408915;183527394;;;;12/15/2031 00:00:00;1;13949892;14/09/2026 11:54:08;Gustavo;Soderquvist;24650570;14/09/2026 11:35:34;6922;Franco;Potenza;Gustavo Soderquvist;Franco Potenza
14302397;14/09/2026 11:41:59;3;2;9999      97-1;10;URGENTES;2109166;"CLIEVEN ";"CLIENTE EVENTUAL                                  ";RIVADAVIA 3428;951294;"17010G         ";17010G - TOALLERO BARRAL LINEA FABRIC GOLD;1;1;1;23373809;140926114142829;183524251;;;;07/27/2031 00:00:00;1;13949503;14/09/2026 11:41:42;Maximiliano;Nievas;24650132;14/09/2026 11:36:09;7807;Nicolas;Perez;Maximiliano Nievas;Nicolas Perez
14302397;14/09/2026 11:41:59;3;2;9999      97-1;10;URGENTES;2109166;"CLIEVEN ";"CLIENTE EVENTUAL                                  ";RIVADAVIA 3428;951300;"17030G         ";17030G - PERCHA LINEA FABRIC GOLD;2;2;2;23373809;140926114142829;183525889;;;;07/29/2031 00:00:00;2;13949503;14/09/2026 11:41:42;Maximiliano;Nievas;24650132;14/09/2026 11:36:09;7807;Nicolas;Perez;Maximiliano Nievas;Nicolas Perez
14302397;14/09/2026 11:41:59;3;2;9999      97-1;10;URGENTES;2109166;"CLIEVEN ";"CLIENTE EVENTUAL                                  ";RIVADAVIA 3428;951303;"17040G         ";17040G - PORTA ROLLO LINEA FABRIC GOLD;1;1;1;23373809;140926114142829;183524723;;;;07/28/2031 00:00:00;1;13949503;14/09/2026 11:41:42;Maximiliano;Nievas;24650132;14/09/2026 11:36:09;7807;Nicolas;Perez;Maximiliano Nievas;Nicolas Perez
14302397;14/09/2026 11:41:59;3;2;9999      97-1;10;URGENTES;2109166;"CLIEVEN ";"CLIENTE EVENTUAL                                  ";RIVADAVIA 3428;953071;"80-100G        ";80-100G - DUCHA EMB. C/TRANSF. GOLD C.CERAM FABRIC;1;1;1;23373854;140926114158510;183524720;;;;12/07/2031 00:00:00;1;13949539;14/09/2026 11:41:58;Maximiliano;Nievas;24650194;14/09/2026 11:28:26;6922;Franco;Potenza;Maximiliano Nievas;Franco Potenza
14302397;14/09/2026 11:41:59;3;2;9999      97-1;10;URGENTES;2109166;"CLIEVEN ";"CLIENTE EVENTUAL                                  ";RIVADAVIA 3428;952740;"62-100G        ";62-100G - LAVATORIO DE PARED GOLD C.CERAM FABRIC;1;1;1;23373854;140926114158510;183524643;;;;12/20/2031 00:00:00;1;13949539;14/09/2026 11:41:58;Maximiliano;Nievas;24650194;14/09/2026 11:28:26;6922;Franco;Potenza;Maximiliano Nievas;Franco Potenza
14304862;14/09/2026 15:14:36;3;2;TR 0000  126503;01;CARPINTERIA;2090863;DEP_108;EXIBICION MONTES DE OCA;.;953102;"80-152         ";80-152 - DUCHA EMB. CR C/TRANSF. MONOCOMANDO SORIA;1;1;1;23381652;140926151435857;183586147;;;;10/26/2031 00:00:00;1;13956021;14/09/2026 15:14:35;Gaston Alejandro;Kiriczuk;24658288;14/09/2026 14:22:43;7827;Javier;Machado;Gaston Alejandro Kiriczuk;Javier Machado
14304862;14/09/2026 15:14:36;3;2;TR 0000  126503;01;CARPINTERIA;2090863;DEP_108;EXIBICION MONTES DE OCA;.;952795;"63-168         ";63-168 - LAVATORIO PARED EMB MONOC CR WAVE;1;1;1;23381652;140926151435857;183585372;;;;07/28/2031 00:00:00;1;13956021;14/09/2026 15:14:35;Gaston Alejandro;Kiriczuk;24658288;14/09/2026 14:22:43;7827;Javier;Machado;Gaston Alejandro Kiriczuk;Javier Machado
14304862;14/09/2026 15:14:36;3;2;TR 0000  126503;01;CARPINTERIA;2090863;DEP_108;EXIBICION MONTES DE OCA;.;952707;"61-152         ";61-152 - LAVATORIO MONOCOMANDO CROMO ALTO SORIA;1;1;1;23381652;140926151435857;183586359;;;;07/27/2031 00:00:00;1;13956021;14/09/2026 15:14:35;Gaston Alejandro;Kiriczuk;24658288;14/09/2026 14:22:43;7827;Javier;Machado;Gaston Alejandro Kiriczuk;Javier Machado
14304862;14/09/2026 15:14:36;3;2;TR 0000  126503;01;CARPINTERIA;2090863;DEP_108;EXIBICION MONTES DE OCA;.;952638;"60-168N        ";60-168N - LAVATORIO MONOC BAJO BLACK WAVE;1;1;1;23381652;140926151435857;183585059;;;;07/27/2031 00:00:00;1;13956021;14/09/2026 15:14:35;Gaston Alejandro;Kiriczuk;24658288;14/09/2026 14:22:43;7827;Javier;Machado;Gaston Alejandro Kiriczuk;Javier Machado
14304862;14/09/2026 15:14:36;3;2;TR 0000  126503;01;CARPINTERIA;2090863;DEP_108;EXIBICION MONTES DE OCA;.;952630;"60-152         ";60-152 - LAVATORIO CR MONOCOMANDO BAJO SORIA;1;1;1;23381652;140926151435857;183586543;;;;07/27/2031 00:00:00;1;13956021;14/09/2026 15:14:35;Gaston Alejandro;Kiriczuk;24658288;14/09/2026 14:22:43;7827;Javier;Machado;Gaston Alejandro Kiriczuk;Javier Machado
14304862;14/09/2026 15:14:36;3;2;TR 0000  126503;01;CARPINTERIA;2090863;DEP_108;EXIBICION MONTES DE OCA;.;951760;"3006SS         ";3006SS - SET DE 6 PIEZAS LINEA 3000 SS;1;1;1;23381652;140926151435857;183585556;;;;07/29/2031 00:00:00;1;13956021;14/09/2026 15:14:35;Gaston Alejandro;Kiriczuk;24658288;14/09/2026 14:22:43;7827;Javier;Machado;Gaston Alejandro Kiriczuk;Javier Machado
14315815;16/09/2026 09:07:36;3;2;0001  215293-1;02;CAMIONETA JUE 1;2094299;"SA40    ";"SANICENTRO S.A. SANITARIOS                        ";CALLE 38 y 137;956497;"LG04C70        ";LG04C70 - BIDE CR C.CERAM DAVOS;10;10;10;23412149;160926090711354;183818566;;;;07/29/2031 00:00:00;10;13985033;16/09/2026 09:07:11;Maximiliano;Nievas;24688545;15/09/2026 13:16:40;7839;Claudio;Juarez;Maximiliano Nievas;Claudio Juarez
14315815;16/09/2026 09:07:36;3;2;0001  215293-1;02;CAMIONETA JUE 1;2094299;"SA40    ";"SANICENTRO S.A. SANITARIOS                        ";CALLE 38 y 137;956503;"LG05S20        ";"MONOCOMANDO DE COCINA BRUSH BLAUEN                                    ";10;10;10;23412425;150926215227328;183818435;;;;12/20/2031 00:00:00;10;13982667;16/09/2026 06:52:27;Mirko;Hernandez;24688825;15/09/2026 13:19:48;7636;Kevin;Arce;Mirko Hernandez;Kevin Arce
14315815;16/09/2026 09:07:36;3;2;0001  215293-1;02;CAMIONETA JUE 1;2094299;"SA40    ";"SANICENTRO S.A. SANITARIOS                        ";CALLE 38 y 137;951565;"20-205         ";20-205 - MONOCOMANDO DE COCINA STEEL;6;6;6;23429709;150926214215018;183817623;;;;07/28/2031 00:00:00;6;13982697;16/09/2026 06:42:15;Mirko;Hernandez;;;;;;Mirko Hernandez;
14315815;16/09/2026 09:07:36;3;2;0001  215293-1;02;CAMIONETA JUE 1;2094299;"SA40    ";"SANICENTRO S.A. SANITARIOS                        ";CALLE 38 y 137;952712;"61-176         ";61-176 - LAVATORIO MONOC ALTO CR RIO;3;3;3;23429720;150926214246667;183817103;;;;10/09/2031 00:00:00;3;13982701;16/09/2026 06:42:46;Mirko;Hernandez;;;;;;Mirko Hernandez;
14315815;16/09/2026 09:07:36;3;2;0001  215293-1;02;CAMIONETA JUE 1;2094299;"SA40    ";"SANICENTRO S.A. SANITARIOS                        ";CALLE 38 y 137;951523;"20-134         ";20-134 - MONOCOMANDO COCINA BETIS;6;6;6;23429729;150926214323896;183952105;;;;08/11/2031 00:00:00;1;13982709;16/09/2026 06:43:23;Mirko;Hernandez;;;;;;Mirko Hernandez;
14315815;16/09/2026 09:07:36;3;2;0001  215293-1;02;CAMIONETA JUE 1;2094299;"SA40    ";"SANICENTRO S.A. SANITARIOS                        ";CALLE 38 y 137;951535;"20-160         ";20-160 - MONOCOMANDO MESADA COCINA DIQUE;10;10;10;23429729;150926214323896;183952106;;;;07/28/2031 00:00:00;2;13982709;16/09/2026 06:43:23;Mirko;Hernandez;;;;;;Mirko Hernandez;
14315815;16/09/2026 09:07:36;3;2;0001  215293-1;02;CAMIONETA JUE 1;2094299;"SA40    ";"SANICENTRO S.A. SANITARIOS                        ";CALLE 38 y 137;952647;"60-176         ";"LAVATORIO MONOCOMANDO BAJO CR RIO                                     ";5;5;5;23429740;150926214421806;183816735;;;;10/11/2031 00:00:00;5;13982713;16/09/2026 06:44:21;Mirko;Hernandez;;;;;;Mirko Hernandez;
14315815;16/09/2026 09:07:36;3;2;0001  215293-1;02;CAMIONETA JUE 1;2094299;"SA40    ";"SANICENTRO S.A. SANITARIOS                        ";CALLE 38 y 137;957391;"RA002          ";RA002 - CABEZAL DERECHO CIERRE CERAMICO (FRIA);20;20;20;23429776;150926214834646;183820908;;;;02/03/2032 00:00:00;20;13982735;16/09/2026 06:48:34;Mirko;Hernandez;;;;;;Mirko Hernandez;
14315815;16/09/2026 09:07:36;3;2;0001  215293-1;02;CAMIONETA JUE 1;2094299;"SA40    ";"SANICENTRO S.A. SANITARIOS                        ";CALLE 38 y 137;957392;"RA003          ";RA003 - CABEZAL IZQUIERDO CIERRE CERAMICO (CALIENTE);20;20;20;23429776;150926214834646;183821916;;;;09/16/2031 00:00:00;20;13982735;16/09/2026 06:48:34;Mirko;Hernandez;;;;;;Mirko Hernandez;
14315815;16/09/2026 09:07:36;3;2;0001  215293-1;02;CAMIONETA JUE 1;2094299;"SA40    ";"SANICENTRO S.A. SANITARIOS                        ";CALLE 38 y 137;951553;"20-184         ";"MONOCOMANDO DE COCINA CR SUV                                          ";10;10;10;23429780;150926214918887;183816364;;;;10/04/2031 00:00:00;10;13982743;16/09/2026 06:49:18;Mirko;Hernandez;;;;;;Mirko Hernandez;
14315815;16/09/2026 09:07:36;3;2;0001  215293-1;02;CAMIONETA JUE 1;2094299;"SA40    ";"SANICENTRO S.A. SANITARIOS                        ";CALLE 38 y 137;951532;"20-147         ";20-147 - MONOCOMANDO DE COCINA SWIFT;10;10;10;23429785;150926215005361;183817303;;;;07/29/2031 00:00:00;10;13982749;16/09/2026 06:50:05;Mirko;Hernandez;;;;;;Mirko Hernandez;
14315815;16/09/2026 09:07:36;3;2;0001  215293-1;02;CAMIONETA JUE 1;2094299;"SA40    ";"SANICENTRO S.A. SANITARIOS                        ";CALLE 38 y 137;951530;"20-146         ";20-146 - MONOCOMANDO DE COCINA CR LINEA MOVE;6;6;6;23429789;150926215041923;183819331;;;;10/09/2031 00:00:00;6;13982760;16/09/2026 06:50:41;Mirko;Hernandez;;;;;;Mirko Hernandez;
14315815;16/09/2026 09:07:36;3;2;0001  215293-1;02;CAMIONETA JUE 1;2094299;"SA40    ";"SANICENTRO S.A. SANITARIOS                        ";CALLE 38 y 137;951531;"20-146N        ";20-146N - MONOCOMANDO DE COCINA BLACK LINEA MOVE;6;6;6;23429792;150926215102788;183818797;;;;07/30/2031 00:00:00;6;13982763;16/09/2026 06:51:02;Mirko;Hernandez;;;;;;Mirko Hernandez;
14315815;16/09/2026 09:07:36;3;2;0001  215293-1;02;CAMIONETA JUE 1;2094299;"SA40    ";"SANICENTRO S.A. SANITARIOS                        ";CALLE 38 y 137;951535;"20-160         ";20-160 - MONOCOMANDO MESADA COCINA DIQUE;10;10;10;23429796;150926215120114;183817907;;;;07/28/2031 00:00:00;8;13982766;16/09/2026 06:51:20;Mirko;Hernandez;;;;;;Mirko Hernandez;
14315815;16/09/2026 09:07:36;3;2;0001  215293-1;02;CAMIONETA JUE 1;2094299;"SA40    ";"SANICENTRO S.A. SANITARIOS                        ";CALLE 38 y 137;951523;"20-134         ";20-134 - MONOCOMANDO COCINA BETIS;6;6;6;23429798;150926215136714;183819933;;;;08/11/2031 00:00:00;5;13982769;16/09/2026 06:51:36;Mirko;Hernandez;;;;;;Mirko Hernandez;
14315816;16/09/2026 06:50:21;3;2;0001  215295-1;02;CAMIONETA JUE 1;2094299;"SA40    ";"SANICENTRO S.A. SANITARIOS                        ";CALLE 122 (RUTA 11) E/59 Y 60 1286;952677;"60-203         ";60-203 - LAVATORIO MONOCOMANDO BAJO ADRA;5;5;5;23412150;160926065021219;183815844;;;;02/16/2032 00:00:00;5;13982751;16/09/2026 06:50:21;Maximiliano;Nievas;24688545;15/09/2026 13:16:40;7839;Claudio;Juarez;Maximiliano Nievas;Claudio Juarez
14315816;16/09/2026 06:50:21;3;2;0001  215295-1;02;CAMIONETA JUE 1;2094299;"SA40    ";"SANICENTRO S.A. SANITARIOS                        ";CALLE 122 (RUTA 11) E/59 Y 60 1286;951530;"20-146         ";20-146 - MONOCOMANDO DE COCINA CR LINEA MOVE;12;12;12;23417322;160926064902403;183857568;;;;10/09/2031 00:00:00;6;13982705;16/09/2026 06:49:02;Maximiliano;Nievas;24693805;15/09/2026 14:50:05;7636;Kevin;Arce;Maximiliano Nievas;Kevin Arce
14315816;16/09/2026 06:50:21;3;2;0001  215295-1;02;CAMIONETA JUE 1;2094299;"SA40    ";"SANICENTRO S.A. SANITARIOS                        ";CALLE 122 (RUTA 11) E/59 Y 60 1286;951523;"20-134         ";20-134 - MONOCOMANDO COCINA BETIS;6;6;6;23429726;160926064320325;183952102;;;;08/11/2031 00:00:00;1;13982707;16/09/2026 06:43:20;Maximiliano;Nievas;;;;;;Maximiliano Nievas;
14315816;16/09/2026 06:50:21;3;2;0001  215295-1;02;CAMIONETA JUE 1;2094299;"SA40    ";"SANICENTRO S.A. SANITARIOS                        ";CALLE 122 (RUTA 11) E/59 Y 60 1286;952679;"60-205         ";60-205 - LAVATORIO MONOC BAJO STEEL;3;3;3;23429726;160926064320325;183855034;;;;07/28/2031 00:00:00;3;13982707;16/09/2026 06:43:20;Maximiliano;Nievas;;;;;;Maximiliano Nievas;
14315816;16/09/2026 06:50:21;3;2;0001  215295-1;02;CAMIONETA JUE 1;2094299;"SA40    ";"SANICENTRO S.A. SANITARIOS                        ";CALLE 122 (RUTA 11) E/59 Y 60 1286;952499;"54-203         ";"COCINA PARED EXT C.CERAM ADRA MONOCOMANDO                             ";5;5;5;23429745;160926064437560;183861333;;;;02/18/2032 00:00:00;5;13982715;16/09/2026 06:44:37;Maximiliano;Nievas;;;;;;Maximiliano Nievas;
14315816;16/09/2026 06:50:21;3;2;0001  215295-1;02;CAMIONETA JUE 1;2094299;"SA40    ";"SANICENTRO S.A. SANITARIOS                        ";CALLE 122 (RUTA 11) E/59 Y 60 1286;951748;"3006           ";3006 - SET DE 6 PIEZAS LINEA 3000;5;5;5;23429762;160926064605742;183859129;;;;07/29/2031 00:00:00;5;13982726;16/09/2026 06:46:05;Maximiliano;Nievas;;;;;;Maximiliano Nievas;
14315816;16/09/2026 06:50:21;3;2;0001  215295-1;02;CAMIONETA JUE 1;2094299;"SA40    ";"SANICENTRO S.A. SANITARIOS                        ";CALLE 122 (RUTA 11) E/59 Y 60 1286;951116;"12006          ";"SET DE 6 PIEZAS LINEA 12000                                           ";5;5;5;23429762;160926064605742;183858343;;;;07/30/2031 00:00:00;5;13982726;16/09/2026 06:46:05;Maximiliano;Nievas;;;;;;Maximiliano Nievas;
14315816;16/09/2026 06:50:21;3;2;0001  215295-1;02;CAMIONETA JUE 1;2094299;"SA40    ";"SANICENTRO S.A. SANITARIOS                        ";CALLE 122 (RUTA 11) E/59 Y 60 1286;951611;"21-160         ";"MONOCOMANDO DUO COCINA CROMO DIQUE                                    ";3;3;3;23429772;160926064804405;183854370;;;;12/14/2031 00:00:00;3;13982733;16/09/2026 06:48:04;Maximiliano;Nievas;;;;;;Maximiliano Nievas;
14315816;16/09/2026 06:50:21;3;2;0001  215295-1;02;CAMIONETA JUE 1;2094299;"SA40    ";"SANICENTRO S.A. SANITARIOS                        ";CALLE 122 (RUTA 11) E/59 Y 60 1286;953063;"8006           ";8006 - SET DE 6 PIEZAS LINEA 8000;5;5;5;23429772;160926064804405;183856778;;;;07/29/2031 00:00:00;5;13982733;16/09/2026 06:48:04;Maximiliano;Nievas;;;;;;Maximiliano Nievas;
14315816;16/09/2026 06:50:21;3;2;0001  215295-1;02;CAMIONETA JUE 1;2094299;"SA40    ";"SANICENTRO S.A. SANITARIOS                        ";CALLE 122 (RUTA 11) E/59 Y 60 1286;951523;"20-134         ";20-134 - MONOCOMANDO COCINA BETIS;6;6;6;23429774;160926064826170;183861100;;;;08/11/2031 00:00:00;5;13982734;16/09/2026 06:48:26;Maximiliano;Nievas;;;;;;Maximiliano Nievas;
14315816;16/09/2026 06:50:21;3;2;0001  215295-1;02;CAMIONETA JUE 1;2094299;"SA40    ";"SANICENTRO S.A. SANITARIOS                        ";CALLE 122 (RUTA 11) E/59 Y 60 1286;951530;"20-146         ";20-146 - MONOCOMANDO DE COCINA CR LINEA MOVE;12;12;12;23429777;160926064851419;183952507;;;;10/09/2031 00:00:00;6;13982739;16/09/2026 06:48:51;Maximiliano;Nievas;;;;;;Maximiliano Nievas;
14315817;16/09/2026 06:38:05;3;2;0008    2907-1;02;CAMIONETA JUE 1;2094299;"SA40    ";"SANICENTRO S.A. SANITARIOS                        ";CALLE 122 (RUTA 11) E/59 Y 60 1286;953109;"80-166         ";"DUCHA EMB. C/TRANSF. CR C.CERAM ADRA PLUS                             ";5;5;5;23406458;160926063804029;183776395;;;;01/19/2032 00:00:00;1;13982615;16/09/2026 06:38:04;Maximiliano;Nievas;24682732;15/09/2026 12:52:09;7636;Kevin;Arce;Maximiliano Nievas;Kevin Arce
14315817;16/09/2026 06:38:05;3;2;0008    2907-1;02;CAMIONETA JUE 1;2094299;"SA40    ";"SANICENTRO S.A. SANITARIOS                        ";CALLE 122 (RUTA 11) E/59 Y 60 1286;952437;"51-057         ";51-057 - COCINA MESADA CR C.STD VERIN PLUS;15;15;15;23406458;160926063804029;183791399;;;;01/27/2032 00:00:00;5;13982615;16/09/2026 06:38:04;Maximiliano;Nievas;24682732;15/09/2026 12:52:09;7636;Kevin;Arce;Maximiliano Nievas;Kevin Arce
14315817;16/09/2026 06:38:05;3;2;0008    2907-1;02;CAMIONETA JUE 1;2094299;"SA40    ";"SANICENTRO S.A. SANITARIOS                        ";CALLE 122 (RUTA 11) E/59 Y 60 1286;951508;"20-121         ";20-121 - COCINA MSDA MONOC.P. REDONDO MARBELLA;3;3;3;23407842;160926062629335;183793722;;;;07/30/2031 00:00:00;3;13982604;16/09/2026 06:26:29;Maximiliano;Nievas;24684284;15/09/2026 13:00:44;7827;Javier;Machado;Maximiliano Nievas;Javier Machado
14315817;16/09/2026 06:38:05;3;2;0008    2907-1;02;CAMIONETA JUE 1;2094299;"SA40    ";"SANICENTRO S.A. SANITARIOS                        ";CALLE 122 (RUTA 11) E/59 Y 60 1286;952453;"51-131         ";51-131 - MESADA BIMANDO CR C.CERAM MALLORCA;3;3;3;23429599;160926063004359;183785946;;;;01/31/2032 00:00:00;3;13982635;16/09/2026 06:30:04;Maximiliano;Nievas;;;;;;Maximiliano Nievas;
14315817;16/09/2026 06:38:05;3;2;0008    2907-1;02;CAMIONETA JUE 1;2094299;"SA40    ";"SANICENTRO S.A. SANITARIOS                        ";CALLE 122 (RUTA 11) E/59 Y 60 1286;952634;"60-162         ";60-162 - LAVATORIO CR C.CERAM LINEA ADRA;10;10;10;23429619;160926063218242;183774337;;;;07/29/2031 00:00:00;10;13982648;16/09/2026 06:32:18;Maximiliano;Nievas;;;;;;Maximiliano Nievas;
14315817;16/09/2026 06:38:05;3;2;0008    2907-1;02;CAMIONETA JUE 1;2094299;"SA40    ";"SANICENTRO S.A. SANITARIOS                        ";CALLE 122 (RUTA 11) E/59 Y 60 1286;952437;"51-057         ";51-057 - COCINA MESADA CR C.STD VERIN PLUS;15;15;15;23429629;160926063345401;183951379;;;;01/27/2032 00:00:00;10;13982654;16/09/2026 06:33:45;Maximiliano;Nievas;;;;;;Maximiliano Nievas;
14315817;16/09/2026 06:38:05;3;2;0008    2907-1;02;CAMIONETA JUE 1;2094299;"SA40    ";"SANICENTRO S.A. SANITARIOS                        ";CALLE 122 (RUTA 11) E/59 Y 60 1286;952912;"70-162         ";70-162 - BIDE CR C.CERAM LINEA ADRA;10;10;10;23429636;160926063430005;183775101;;;;07/29/2031 00:00:00;10;13982659;16/09/2026 06:34:30;Maximiliano;Nievas;;;;;;Maximiliano Nievas;
14315817;16/09/2026 06:38:05;3;2;0008    2907-1;02;CAMIONETA JUE 1;2094299;"SA40    ";"SANICENTRO S.A. SANITARIOS                        ";CALLE 122 (RUTA 11) E/59 Y 60 1286;953109;"80-166         ";"DUCHA EMB. C/TRANSF. CR C.CERAM ADRA PLUS                             ";5;5;5;23429667;160926063748350;183951695;;;;01/19/2032 00:00:00;4;13982673;16/09/2026 06:37:48;Maximiliano;Nievas;;;;;;Maximiliano Nievas;
14315818;16/09/2026 06:24:11;3;2;0001  215384-1;02;CAMIONETA JUE 1;2094822;"TP01    ";"SAN MONTE ALMO SA - TEIXEIRA POCAS SANITARIOS     ";CALLE 7 ESQ. 523 918;953244;"814/CRC        ";814/CRC - MESADA P.FUNDIDO CR/CR C.CERAM. ARES;3;3;3;23406459;150926212410386;183786530;;;;02/16/2032 00:00:00;2;13982573;16/09/2026 06:24:10;Mirko;Hernandez;24682732;15/09/2026 12:52:09;7636;Kevin;Arce;Mirko Hernandez;Kevin Arce
14315818;16/09/2026 06:24:11;3;2;0001  215384-1;02;CAMIONETA JUE 1;2094822;"TP01    ";"SAN MONTE ALMO SA - TEIXEIRA POCAS SANITARIOS     ";CALLE 7 ESQ. 523 918;952953;"70-201NI       ";70-201NI - BIDE CR C.CERAM BEAT NICKEL;5;5;5;23406459;150926212410386;183779738;;;;07/29/2031 00:00:00;5;13982573;16/09/2026 06:24:10;Mirko;Hernandez;24682732;15/09/2026 12:52:09;7636;Kevin;Arce;Mirko Hernandez;Kevin Arce
14315818;16/09/2026 06:24:11;3;2;0001  215384-1;02;CAMIONETA JUE 1;2094822;"TP01    ";"SAN MONTE ALMO SA - TEIXEIRA POCAS SANITARIOS     ";CALLE 7 ESQ. 523 918;952909;"70-153         ";70-153 - BIDE CR C.CERAM CASTILLA;3;3;3;23406459;150926212410386;183784227;;;;10/20/2031 00:00:00;3;13982573;16/09/2026 06:24:10;Mirko;Hernandez;24682732;15/09/2026 12:52:09;7636;Kevin;Arce;Mirko Hernandez;Kevin Arce
14315818;16/09/2026 06:24:11;3;2;0001  215384-1;02;CAMIONETA JUE 1;2094822;"TP01    ";"SAN MONTE ALMO SA - TEIXEIRA POCAS SANITARIOS     ";CALLE 7 ESQ. 523 918;951611;"21-160         ";"MONOCOMANDO DUO COCINA CROMO DIQUE                                    ";4;4;4;23408008;150926212020341;183788187;;;;12/14/2031 00:00:00;2;13982548;16/09/2026 06:20:20;Mirko;Hernandez;24684483;15/09/2026 11:49:57;7839;Claudio;Juarez;Mirko Hernandez;Claudio Juarez
14315818;16/09/2026 06:24:11;3;2;0001  215384-1;02;CAMIONETA JUE 1;2094822;"TP01    ";"SAN MONTE ALMO SA - TEIXEIRA POCAS SANITARIOS     ";CALLE 7 ESQ. 523 918;952712;"61-176         ";61-176 - LAVATORIO MONOC ALTO CR RIO;2;2;2;23429450;150926211309698;183791740;;;;10/09/2031 00:00:00;2;13982550;16/09/2026 06:13:09;Mirko;Hernandez;;;;;;Mirko Hernandez;
14315818;16/09/2026 06:24:11;3;2;0001  215384-1;02;CAMIONETA JUE 1;2094822;"TP01    ";"SAN MONTE ALMO SA - TEIXEIRA POCAS SANITARIOS     ";CALLE 7 ESQ. 523 918;951611;"21-160         ";"MONOCOMANDO DUO COCINA CROMO DIQUE                                    ";4;4;4;23429450;150926211309698;183950162;;;;12/14/2031 00:00:00;2;13982550;16/09/2026 06:13:09;Mirko;Hernandez;;;;;;Mirko Hernandez;
14315818;16/09/2026 06:24:11;3;2;0001  215384-1;02;CAMIONETA JUE 1;2094822;"TP01    ";"SAN MONTE ALMO SA - TEIXEIRA POCAS SANITARIOS     ";CALLE 7 ESQ. 523 918;952647;"60-176         ";"LAVATORIO MONOCOMANDO BAJO CR RIO                                     ";2;2;2;23429450;150926211309698;183791436;;;;10/11/2031 00:00:00;2;13982550;16/09/2026 06:13:09;Mirko;Hernandez;;;;;;Mirko Hernandez;
14315818;16/09/2026 06:24:11;3;2;0001  215384-1;02;CAMIONETA JUE 1;2094822;"TP01    ";"SAN MONTE ALMO SA - TEIXEIRA POCAS SANITARIOS     ";CALLE 7 ESQ. 523 918;953354;"85-201NI       ";85-201NI - DUCHA EMB C/TRANSF Y DUCHADOR C.CERAM BEAT NICKEL;1;1;1;23429526;150926212134532;183780246;;;;02/10/2032 00:00:00;1;13982581;16/09/2026 06:21:34;Mirko;Hernandez;;;;;;Mirko Hernandez;
14315818;16/09/2026 06:24:11;3;2;0001  215384-1;02;CAMIONETA JUE 1;2094822;"TP01    ";"SAN MONTE ALMO SA - TEIXEIRA POCAS SANITARIOS     ";CALLE 7 ESQ. 523 918;953148;"80-199         ";80-199 - DUCHA EMB. C/TRANSF. CR C.CERAM LIVE;1;1;1;23429526;150926212134532;183779033;;;;11/04/2031 00:00:00;1;13982581;16/09/2026 06:21:34;Mirko;Hernandez;;;;;;Mirko Hernandez;
14315818;16/09/2026 06:24:11;3;2;0001  215384-1;02;CAMIONETA JUE 1;2094822;"TP01    ";"SAN MONTE ALMO SA - TEIXEIRA POCAS SANITARIOS     ";CALLE 7 ESQ. 523 918;952667;"60-199         ";60-199 - LAVATORIO CR C.CERAM LIVE;1;1;1;23429526;150926212134532;183779176;;;;11/16/2031 00:00:00;1;13982581;16/09/2026 06:21:34;Mirko;Hernandez;;;;;;Mirko Hernandez;
14315818;16/09/2026 06:24:11;3;2;0001  215384-1;02;CAMIONETA JUE 1;2094822;"TP01    ";"SAN MONTE ALMO SA - TEIXEIRA POCAS SANITARIOS     ";CALLE 7 ESQ. 523 918;952631;"60-153         ";60-153 - LAVATORIO CR C.CERAMICO CASTILLA;4;4;4;23429532;150926212218181;183784920;;;;11/23/2031 00:00:00;4;13982587;16/09/2026 06:22:18;Mirko;Hernandez;;;;;;Mirko Hernandez;
14315818;16/09/2026 06:24:11;3;2;0001  215384-1;02;CAMIONETA JUE 1;2094822;"TP01    ";"SAN MONTE ALMO SA - TEIXEIRA POCAS SANITARIOS     ";CALLE 7 ESQ. 523 918;953244;"814/CRC        ";814/CRC - MESADA P.FUNDIDO CR/CR C.CERAM. ARES;3;3;3;23429546;150926212319196;183950727;;;;02/16/2032 00:00:00;1;13982590;16/09/2026 06:23:19;Mirko;Hernandez;;;;;;Mirko Hernandez;
14315818;16/09/2026 06:24:11;3;2;0001  215384-1;02;CAMIONETA JUE 1;2094822;"TP01    ";"SAN MONTE ALMO SA - TEIXEIRA POCAS SANITARIOS     ";CALLE 7 ESQ. 523 918;952786;"62-201NI       ";62-201NI - LAVATORIO DE PARED C.CERAM BEAT NICKEL;3;3;3;23429546;150926212319196;183780782;;;;11/02/2031 00:00:00;3;13982590;16/09/2026 06:23:19;Mirko;Hernandez;;;;;;Mirko Hernandez;
14315819;16/09/2026 07:30:03;3;2;0001  215255-1;02;CAMIONETA JUE 1;2093008;"JA01    ";"JOSE ANACLETO E HIJOS S.A.                        ";CALLE 44 1031;951261;"16010BL        ";16010BL - TOALLERO BARRAL LINEA 16000 BLACK;1;1;1;23408009;160926073002302;183788743;;;;07/29/2031 00:00:00;1;13983119;16/09/2026 07:30:02;Gustavo;Soderquvist;24684483;15/09/2026 11:49:57;7839;Claudio;Juarez;Gustavo Soderquvist;Claudio Juarez
14315819;16/09/2026 07:30:03;3;2;0001  215255-1;02;CAMIONETA JUE 1;2093008;"JA01    ";"JOSE ANACLETO E HIJOS S.A.                        ";CALLE 44 1031;951263;"16030BL        ";16030BL - PERCHA LINEA 16000 BLACK;2;2;2;23408009;160926073002302;183789507;;;;07/28/2031 00:00:00;2;13983119;16/09/2026 07:30:02;Gustavo;Soderquvist;24684483;15/09/2026 11:49:57;7839;Claudio;Juarez;Gustavo Soderquvist;Claudio Juarez
14315819;16/09/2026 07:30:03;3;2;0001  215255-1;02;CAMIONETA JUE 1;2093008;"JA01    ";"JOSE ANACLETO E HIJOS S.A.                        ";CALLE 44 1031;951265;"16040BL        ";16040BL - PORTA ROLLO ACCESORIOS LINEA 16000 BLACK;2;2;2;23408009;160926073002302;183789209;;;;07/31/2031 00:00:00;2;13983119;16/09/2026 07:30:02;Gustavo;Soderquvist;24684483;15/09/2026 11:49:57;7839;Claudio;Juarez;Gustavo Soderquvist;Claudio Juarez
14315819;16/09/2026 07:30:03;3;2;0001  215255-1;02;CAMIONETA JUE 1;2093008;"JA01    ";"JOSE ANACLETO E HIJOS S.A.                        ";CALLE 44 1031;951294;"17010G         ";17010G - TOALLERO BARRAL LINEA FABRIC GOLD;2;2;2;23408009;160926073002302;183787570;;;;07/27/2031 00:00:00;2;13983119;16/09/2026 07:30:02;Gustavo;Soderquvist;24684483;15/09/2026 11:49:57;7839;Claudio;Juarez;Gustavo Soderquvist;Claudio Juarez
14315819;16/09/2026 07:30:03;3;2;0001  215255-1;02;CAMIONETA JUE 1;2093008;"JA01    ";"JOSE ANACLETO E HIJOS S.A.                        ";CALLE 44 1031;954377;"A1539G         ";"TAPA Y TECLA PARA VALVULA DE DESCARGA CUADRADA MINIMALISTA GOLD       ";2;2;2;23412151;160926072629865;183817377;;;;07/31/2031 00:00:00;2;13983042;16/09/2026 07:26:29;Gustavo;Soderquvist;24688545;15/09/2026 13:16:40;7839;Claudio;Juarez;Gustavo Soderquvist;Claudio Juarez
14315819;16/09/2026 07:30:03;3;2;0001  215255-1;02;CAMIONETA JUE 1;2093008;"JA01    ";"JOSE ANACLETO E HIJOS S.A.                        ";CALLE 44 1031;952727;"61-203N        ";"LAVATORIO MONOCOMANDO ALTO ADRA BLACK                                 ";1;1;1;23412151;160926072629865;183816391;;;;01/06/2032 00:00:00;1;13983042;16/09/2026 07:26:29;Gustavo;Soderquvist;24688545;15/09/2026 13:16:40;7839;Claudio;Juarez;Gustavo Soderquvist;Claudio Juarez
14315819;16/09/2026 07:30:03;3;2;0001  215255-1;02;CAMIONETA JUE 1;2093008;"JA01    ";"JOSE ANACLETO E HIJOS S.A.                        ";CALLE 44 1031;953091;"80-138         ";80-138 - DUCHA EMB. C/TRANSF. CR C.CERAM VALENCIA PLUS;1;1;1;23412151;160926072629865;183815404;;;;01/14/2032 00:00:00;1;13983042;16/09/2026 07:26:29;Gustavo;Soderquvist;24688545;15/09/2026 13:16:40;7839;Claudio;Juarez;Gustavo Soderquvist;Claudio Juarez
14315819;16/09/2026 07:30:03;3;2;0001  215255-1;02;CAMIONETA JUE 1;2093008;"JA01    ";"JOSE ANACLETO E HIJOS S.A.                        ";CALLE 44 1031;954920;"BCH17          ";BCH17 - BACHA DE APOYAR BLANCA 838x457x254 C/DESAGOTE Y REJILLA;1;1;1;23418873;160926072922940;183865842;;;;07/28/2031 00:00:00;1;13983109;16/09/2026 07:29:22;Gustavo;Soderquvist;24695497;15/09/2026 15:01:06;6419;Tiago;Rodriguez;Gustavo Soderquvist;Tiago Rodriguez
14315819;16/09/2026 07:30:03;3;2;0001  215255-1;02;CAMIONETA JUE 1;2093008;"JA01    ";"JOSE ANACLETO E HIJOS S.A.                        ";CALLE 44 1031;954918;"BCH16          ";BCH16 - BACHA DE APOYAR BLANCA 610x457x254 C/DESAGOTE Y REJILLA;1;1;1;23418873;160926072922940;183866833;;;;01/06/2032 00:00:00;1;13983109;16/09/2026 07:29:22;Gustavo;Soderquvist;24695497;15/09/2026 15:01:06;6419;Tiago;Rodriguez;Gustavo Soderquvist;Tiago Rodriguez
14315820;15/09/2026 16:31:03;3;2;0001  215291-1;02;CAMIONETA JUE 1;2093008;"JA01    ";"JOSE ANACLETO E HIJOS S.A.                        ";CALLE 44 1031;951117;"12006N         ";"SET DE 6 PIEZAS LINEA 12000 BLACK                                     ";3;3;3;23407843;150926163101186;183816673;;;;09/01/2031 00:00:00;3;13979188;15/09/2026 16:31:01;Maximiliano;Nievas;24684284;15/09/2026 13:00:44;7827;Javier;Machado;Maximiliano Nievas;Javier Machado
14315820;15/09/2026 16:31:03;3;2;0001  215291-1;02;CAMIONETA JUE 1;2093008;"JA01    ";"JOSE ANACLETO E HIJOS S.A.                        ";CALLE 44 1031;952708;"61-168         ";61-168 - LAVATORIO MONOC ALTO CR WAVE;1;1;1;23407843;150926163101186;183787233;;;;07/27/2031 00:00:00;1;13979188;15/09/2026 16:31:01;Maximiliano;Nievas;24684284;15/09/2026 13:00:44;7827;Javier;Machado;Maximiliano Nievas;Javier Machado
14315820;15/09/2026 16:31:03;3;2;0001  215291-1;02;CAMIONETA JUE 1;2093008;"JA01    ";"JOSE ANACLETO E HIJOS S.A.                        ";CALLE 44 1031;953346;"85-168         ";85-168 - DUCHA MONOC C/TRANSF Y DUCHADOR CR WAVE;2;2;2;23412152;150926163011963;183816765;;;;02/01/2032 00:00:00;2;13979173;15/09/2026 16:30:11;Maximiliano;Nievas;24688545;15/09/2026 13:16:40;7839;Claudio;Juarez;Maximiliano Nievas;Claudio Juarez
14315821;15/09/2026 16:29:39;3;2;0001  215390-1;02;CAMIONETA JUE 1;2092387;"FA20    ";"FALABELLA S.A.                                    ";CAMINO GRAL BELGRANO S/N 514 Y 517;951524;"20-135         ";20-135 - MONOCOMANDO COCINA SANTANDER;5;5;5;23407844;150926070048382;183796719;;;;07/28/2031 00:00:00;5;13977998;15/09/2026 16:00:48;Mirko;Hernandez;24684284;15/09/2026 13:00:44;7827;Javier;Machado;Mirko Hernandez;Javier Machado
14315821;15/09/2026 16:29:39;3;2;0001  215390-1;02;CAMIONETA JUE 1;2092387;"FA20    ";"FALABELLA S.A.                                    ";CAMINO GRAL BELGRANO S/N 514 Y 517;952871;"70-064         ";70-064 - BIDE CROMO C.STD FRAGA;2;2;2;23412855;150926072938092;183826667;;;;07/31/2031 00:00:00;2;13978490;15/09/2026 16:29:38;Mirko;Hernandez;24689280;15/09/2026 14:06:36;7827;Javier;Machado;Mirko Hernandez;Javier Machado
14315821;15/09/2026 16:29:39;3;2;0001  215390-1;02;CAMIONETA JUE 1;2092387;"FA20    ";"FALABELLA S.A.                                    ";CAMINO GRAL BELGRANO S/N 514 Y 517;952590;"60-064         ";60-064 - LAVATORIO CR/CR C.STD FRAGA;7;7;7;23412855;150926072938092;183826486;;;;07/31/2031 00:00:00;2;13978490;15/09/2026 16:29:38;Mirko;Hernandez;24689280;15/09/2026 14:06:36;7827;Javier;Machado;Mirko Hernandez;Javier Machado
14315821;15/09/2026 16:29:39;3;2;0001  215390-1;02;CAMIONETA JUE 1;2092387;"FA20    ";"FALABELLA S.A.                                    ";CAMINO GRAL BELGRANO S/N 514 Y 517;952441;"51-061         ";51-061 - COCINA MESADA CR C.STD PUEBLA;5;5;5;23412855;150926072938092;183821965;;;;01/04/2032 00:00:00;1;13978490;15/09/2026 16:29:38;Mirko;Hernandez;24689280;15/09/2026 14:06:36;7827;Javier;Machado;Mirko Hernandez;Javier Machado
14315821;15/09/2026 16:29:39;3;2;0001  215390-1;02;CAMIONETA JUE 1;2092387;"FA20    ";"FALABELLA S.A.                                    ";CAMINO GRAL BELGRANO S/N 514 Y 517;952942;"70-196         ";70-196 - BIDE CR C.CERAM LOOP;10;10;10;23412855;150926072938092;183822594;;;;07/31/2031 00:00:00;5;13978490;15/09/2026 16:29:38;Mirko;Hernandez;24689280;15/09/2026 14:06:36;7827;Javier;Machado;Mirko Hernandez;Javier Machado
14315821;15/09/2026 16:29:39;3;2;0001  215390-1;02;CAMIONETA JUE 1;2092387;"FA20    ";"FALABELLA S.A.                                    ";CAMINO GRAL BELGRANO S/N 514 Y 517;951523;"20-134         ";20-134 - MONOCOMANDO COCINA BETIS;1;1;1;23422104;150926065543116;183816004;;;;08/11/2031 00:00:00;1;13978012;15/09/2026 15:55:43;Mirko;Hernandez;;;;;;Mirko Hernandez;
14315821;15/09/2026 16:29:39;3;2;0001  215390-1;02;CAMIONETA JUE 1;2092387;"FA20    ";"FALABELLA S.A.                                    ";CAMINO GRAL BELGRANO S/N 514 Y 517;951545;"20-172         ";20-172 - COCINA MESADA MONOC. COLORS NEGRO;3;3;3;23422104;150926065543116;183788865;;;;07/28/2031 00:00:00;3;13978012;15/09/2026 15:55:43;Mirko;Hernandez;;;;;;Mirko Hernandez;
14315821;15/09/2026 16:29:39;3;2;0001  215390-1;02;CAMIONETA JUE 1;2092387;"FA20    ";"FALABELLA S.A.                                    ";CAMINO GRAL BELGRANO S/N 514 Y 517;951554;"20-190         ";20-190 - COCINA MESADA MONOC BLACK VELVET;5;5;5;23422178;150926065647374;183791764;;;;07/28/2031 00:00:00;5;13978058;15/09/2026 15:56:47;Mirko;Hernandez;;;;;;Mirko Hernandez;
14315821;15/09/2026 16:29:39;3;2;0001  215390-1;02;CAMIONETA JUE 1;2092387;"FA20    ";"FALABELLA S.A.                                    ";CAMINO GRAL BELGRANO S/N 514 Y 517;952661;"60-193         ";60-193 - LAVATORIO MONOCOMANDO BAJO MORA;4;4;4;23422246;150926065822830;183815534;;;;07/28/2031 00:00:00;4;13978102;15/09/2026 15:58:22;Mirko;Hernandez;;;;;;Mirko Hernandez;
14315821;15/09/2026 16:29:39;3;2;0001  215390-1;02;CAMIONETA JUE 1;2092387;"FA20    ";"FALABELLA S.A.                                    ";CAMINO GRAL BELGRANO S/N 514 Y 517;952939;"70-193         ";70-193 - BIDE MONOCOMANDO MORA;2;2;2;23422246;150926065822830;183789771;;;;07/28/2031 00:00:00;2;13978102;15/09/2026 15:58:22;Mirko;Hernandez;;;;;;Mirko Hernandez;
14315821;15/09/2026 16:29:39;3;2;0001  215390-1;02;CAMIONETA JUE 1;2092387;"FA20    ";"FALABELLA S.A.                                    ";CAMINO GRAL BELGRANO S/N 514 Y 517;952650;"60-180         ";60-180 - LAVATORIO MONOCOMANDO BAJO VERA;8;8;8;23422287;150926065909538;183795269;;;;07/28/2031 00:00:00;8;13978126;15/09/2026 15:59:09;Mirko;Hernandez;;;;;;Mirko Hernandez;
14315821;15/09/2026 16:29:39;3;2;0001  215390-1;02;CAMIONETA JUE 1;2092387;"FA20    ";"FALABELLA S.A.                                    ";CAMINO GRAL BELGRANO S/N 514 Y 517;952453;"51-131         ";51-131 - MESADA BIMANDO CR C.CERAM MALLORCA;4;4;4;23422860;150926070940369;183896460;;;;01/31/2032 00:00:00;3;13978509;15/09/2026 16:09:40;Mirko;Hernandez;;;;;;Mirko Hernandez;
14315821;15/09/2026 16:29:39;3;2;0001  215390-1;02;CAMIONETA JUE 1;2092387;"FA20    ";"FALABELLA S.A.                                    ";CAMINO GRAL BELGRANO S/N 514 Y 517;952456;"51-190         ";51-190 - MESADA BIMANDO C.CERAM BLACK VELVET;8;8;8;23422875;150926071004373;183896601;;;;10/20/2031 00:00:00;2;13978526;15/09/2026 16:10:04;Mirko;Hernandez;;;;;;Mirko Hernandez;
14315821;15/09/2026 16:29:39;3;2;0001  215390-1;02;CAMIONETA JUE 1;2092387;"FA20    ";"FALABELLA S.A.                                    ";CAMINO GRAL BELGRANO S/N 514 Y 517;952453;"51-131         ";51-131 - MESADA BIMANDO CR C.CERAM MALLORCA;4;4;4;23422875;150926071004373;183835886;;;;01/31/2032 00:00:00;1;13978526;15/09/2026 16:10:04;Mirko;Hernandez;;;;;;Mirko Hernandez;
14315821;15/09/2026 16:29:39;3;2;0001  215390-1;02;CAMIONETA JUE 1;2092387;"FA20    ";"FALABELLA S.A.                                    ";CAMINO GRAL BELGRANO S/N 514 Y 517;952452;"51-122         ";51-122 - MESADA BIMANDO CR C.CERAM VALENCIA;7;7;7;23422908;150926071056858;183896927;;;;02/01/2032 00:00:00;3;13978556;15/09/2026 16:10:56;Mirko;Hernandez;;;;;;Mirko Hernandez;
14315821;15/09/2026 16:29:39;3;2;0001  215390-1;02;CAMIONETA JUE 1;2092387;"FA20    ";"FALABELLA S.A.                                    ";CAMINO GRAL BELGRANO S/N 514 Y 517;952452;"51-122         ";51-122 - MESADA BIMANDO CR C.CERAM VALENCIA;7;7;7;23422936;150926071132797;183897146;;;;02/01/2032 00:00:00;3;13978583;15/09/2026 16:11:32;Mirko;Hernandez;;;;;;Mirko Hernandez;
14315821;15/09/2026 16:29:39;3;2;0001  215390-1;02;CAMIONETA JUE 1;2092387;"FA20    ";"FALABELLA S.A.                                    ";CAMINO GRAL BELGRANO S/N 514 Y 517;953136;"80-190P        ";80-190P - DUCHA EMB. C/TRANSF. C.CERAM BLACK VELVET PLUS;3;3;3;23423015;150926071241603;183831717;;;;07/30/2031 00:00:00;3;13978615;15/09/2026 16:12:41;Mirko;Hernandez;;;;;;Mirko Hernandez;
14315821;15/09/2026 16:29:39;3;2;0001  215390-1;02;CAMIONETA JUE 1;2092387;"FA20    ";"FALABELLA S.A.                                    ";CAMINO GRAL BELGRANO S/N 514 Y 517;952456;"51-190         ";51-190 - MESADA BIMANDO C.CERAM BLACK VELVET;8;8;8;23423048;150926071322850;183897848;;;;10/20/2031 00:00:00;3;13978633;15/09/2026 16:13:22;Mirko;Hernandez;;;;;;Mirko Hernandez;
14315821;15/09/2026 16:29:39;3;2;0001  215390-1;02;CAMIONETA JUE 1;2092387;"FA20    ";"FALABELLA S.A.                                    ";CAMINO GRAL BELGRANO S/N 514 Y 517;952456;"51-190         ";51-190 - MESADA BIMANDO C.CERAM BLACK VELVET;8;8;8;23423074;150926071355927;183834146;;;;10/20/2031 00:00:00;3;13978650;15/09/2026 16:13:55;Mirko;Hernandez;;;;;;Mirko Hernandez;
14315821;15/09/2026 16:29:39;3;2;0001  215390-1;02;CAMIONETA JUE 1;2092387;"FA20    ";"FALABELLA S.A.                                    ";CAMINO GRAL BELGRANO S/N 514 Y 517;953144;"80-196         ";80-196 - DUCHA EMB. C/TRANSF. CR C.CERAM LOOP;7;7;7;23423110;150926071434465;183898311;;;;01/10/2032 00:00:00;3;13978672;15/09/2026 16:14:34;Mirko;Hernandez;;;;;;Mirko Hernandez;
14315821;15/09/2026 16:29:39;3;2;0001  215390-1;02;CAMIONETA JUE 1;2092387;"FA20    ";"FALABELLA S.A.                                    ";CAMINO GRAL BELGRANO S/N 514 Y 517;953144;"80-196         ";80-196 - DUCHA EMB. C/TRANSF. CR C.CERAM LOOP;7;7;7;23423164;150926071606760;183898886;;;;01/10/2032 00:00:00;1;13978713;15/09/2026 16:16:06;Mirko;Hernandez;;;;;;Mirko Hernandez;
14315821;15/09/2026 16:29:39;3;2;0001  215390-1;02;CAMIONETA JUE 1;2092387;"FA20    ";"FALABELLA S.A.                                    ";CAMINO GRAL BELGRANO S/N 514 Y 517;953148;"80-199         ";80-199 - DUCHA EMB. C/TRANSF. CR C.CERAM LIVE;5;5;5;23423164;150926071606760;183898887;;;;11/04/2031 00:00:00;1;13978713;15/09/2026 16:16:06;Mirko;Hernandez;;;;;;Mirko Hernandez;
14315821;15/09/2026 16:29:39;3;2;0001  215390-1;02;CAMIONETA JUE 1;2092387;"FA20    ";"FALABELLA S.A.                                    ";CAMINO GRAL BELGRANO S/N 514 Y 517;952452;"51-122         ";51-122 - MESADA BIMANDO CR C.CERAM VALENCIA;7;7;7;23423164;150926071606760;183834791;;;;02/01/2032 00:00:00;1;13978713;15/09/2026 16:16:06;Mirko;Hernandez;;;;;;Mirko Hernandez;
14315821;15/09/2026 16:29:39;3;2;0001  215390-1;02;CAMIONETA JUE 1;2092387;"FA20    ";"FALABELLA S.A.                                    ";CAMINO GRAL BELGRANO S/N 514 Y 517;953109;"80-166         ";"DUCHA EMB. C/TRANSF. CR C.CERAM ADRA PLUS                             ";11;11;11;23423201;150926071641362;183899189;;;;01/19/2032 00:00:00;3;13978731;15/09/2026 16:16:41;Mirko;Hernandez;;;;;;Mirko Hernandez;
14315821;15/09/2026 16:29:39;3;2;0001  215390-1;02;CAMIONETA JUE 1;2092387;"FA20    ";"FALABELLA S.A.                                    ";CAMINO GRAL BELGRANO S/N 514 Y 517;952667;"60-199         ";60-199 - LAVATORIO CR C.CERAM LIVE;1;1;1;23423201;150926071641362;183828092;;;;11/16/2031 00:00:00;1;13978731;15/09/2026 16:16:41;Mirko;Hernandez;;;;;;Mirko Hernandez;
14315821;15/09/2026 16:29:39;3;2;0001  215390-1;02;CAMIONETA JUE 1;2092387;"FA20    ";"FALABELLA S.A.                                    ";CAMINO GRAL BELGRANO S/N 514 Y 517;952726;"61-203         ";61-203 - LAVATORIO MONOCOMANDO ALTO ADRA;3;3;3;23423218;150926071715632;183829741;;;;01/20/2032 00:00:00;3;13978749;15/09/2026 16:17:15;Mirko;Hernandez;;;;;;Mirko Hernandez;
14315821;15/09/2026 16:29:39;3;2;0001  215390-1;02;CAMIONETA JUE 1;2092387;"FA20    ";"FALABELLA S.A.                                    ";CAMINO GRAL BELGRANO S/N 514 Y 517;953144;"80-196         ";80-196 - DUCHA EMB. C/TRANSF. CR C.CERAM LOOP;7;7;7;23423232;150926071753999;183825033;;;;01/10/2032 00:00:00;3;13978769;15/09/2026 16:17:54;Mirko;Hernandez;;;;;;Mirko Hernandez;
14315821;15/09/2026 16:29:39;3;2;0001  215390-1;02;CAMIONETA JUE 1;2092387;"FA20    ";"FALABELLA S.A.                                    ";CAMINO GRAL BELGRANO S/N 514 Y 517;953148;"80-199         ";80-199 - DUCHA EMB. C/TRANSF. CR C.CERAM LIVE;5;5;5;23423257;150926071854173;183827915;;;;11/04/2031 00:00:00;4;13978796;15/09/2026 16:18:54;Mirko;Hernandez;;;;;;Mirko Hernandez;
14315821;15/09/2026 16:29:39;3;2;0001  215390-1;02;CAMIONETA JUE 1;2092387;"FA20    ";"FALABELLA S.A.                                    ";CAMINO GRAL BELGRANO S/N 514 Y 517;952441;"51-061         ";51-061 - COCINA MESADA CR C.STD PUEBLA;5;5;5;23423291;150926071946470;183900298;;;;01/04/2032 00:00:00;3;13978822;15/09/2026 16:19:46;Mirko;Hernandez;;;;;;Mirko Hernandez;
14315821;15/09/2026 16:29:39;3;2;0001  215390-1;02;CAMIONETA JUE 1;2092387;"FA20    ";"FALABELLA S.A.                                    ";CAMINO GRAL BELGRANO S/N 514 Y 517;952634;"60-162         ";60-162 - LAVATORIO CR C.CERAM LINEA ADRA;11;11;11;23423291;150926071946470;183900299;;;;07/29/2031 00:00:00;2;13978822;15/09/2026 16:19:46;Mirko;Hernandez;;;;;;Mirko Hernandez;
14315821;15/09/2026 16:29:39;3;2;0001  215390-1;02;CAMIONETA JUE 1;2092387;"FA20    ";"FALABELLA S.A.                                    ";CAMINO GRAL BELGRANO S/N 514 Y 517;953474;"933            ";933 - JGO PARED C/EXT CR DIQUE;8;8;8;23423291;150926071946470;183900300;;;;01/07/2032 00:00:00;5;13978822;15/09/2026 16:19:46;Mirko;Hernandez;;;;;;Mirko Hernandez;
14315821;15/09/2026 16:29:39;3;2;0001  215390-1;02;CAMIONETA JUE 1;2092387;"FA20    ";"FALABELLA S.A.                                    ";CAMINO GRAL BELGRANO S/N 514 Y 517;952936;"70-190         ";70-190 - BIDE C.CERAM BLACK VELVET;2;2;2;23423319;150926072035036;183831865;;;;11/08/2031 00:00:00;2;13978852;15/09/2026 16:20:35;Mirko;Hernandez;;;;;;Mirko Hernandez;
14315821;15/09/2026 16:29:39;3;2;0001  215390-1;02;CAMIONETA JUE 1;2092387;"FA20    ";"FALABELLA S.A.                                    ";CAMINO GRAL BELGRANO S/N 514 Y 517;953474;"933            ";933 - JGO PARED C/EXT CR DIQUE;8;8;8;23423319;150926072035036;183836947;;;;01/07/2032 00:00:00;3;13978852;15/09/2026 16:20:35;Mirko;Hernandez;;;;;;Mirko Hernandez;
14315821;15/09/2026 16:29:39;3;2;0001  215390-1;02;CAMIONETA JUE 1;2092387;"FA20    ";"FALABELLA S.A.                                    ";CAMINO GRAL BELGRANO S/N 514 Y 517;952774;"62-190         ";62-190 - LAVATORIO PARED EMB. C.CERAM BLACK VELVET;10;10;10;23423319;150926072035036;183900556;;;;09/02/2031 00:00:00;1;13978852;15/09/2026 16:20:35;Mirko;Hernandez;;;;;;Mirko Hernandez;
14315821;15/09/2026 16:29:39;3;2;0001  215390-1;02;CAMIONETA JUE 1;2092387;"FA20    ";"FALABELLA S.A.                                    ";CAMINO GRAL BELGRANO S/N 514 Y 517;952677;"60-203         ";60-203 - LAVATORIO MONOCOMANDO BAJO ADRA;4;4;4;23423319;150926072035036;183829458;;;;02/16/2032 00:00:00;4;13978852;15/09/2026 16:20:35;Mirko;Hernandez;;;;;;Mirko Hernandez;
14315821;15/09/2026 16:29:39;3;2;0001  215390-1;02;CAMIONETA JUE 1;2092387;"FA20    ";"FALABELLA S.A.                                    ";CAMINO GRAL BELGRANO S/N 514 Y 517;953109;"80-166         ";"DUCHA EMB. C/TRANSF. CR C.CERAM ADRA PLUS                             ";11;11;11;23423364;150926072138514;183900896;;;;01/19/2032 00:00:00;4;13978887;15/09/2026 16:21:38;Mirko;Hernandez;;;;;;Mirko Hernandez;
14315821;15/09/2026 16:29:39;3;2;0001  215390-1;02;CAMIONETA JUE 1;2092387;"FA20    ";"FALABELLA S.A.                                    ";CAMINO GRAL BELGRANO S/N 514 Y 517;953109;"80-166         ";"DUCHA EMB. C/TRANSF. CR C.CERAM ADRA PLUS                             ";11;11;11;23423381;150926072202469;183820394;;;;01/19/2032 00:00:00;4;13978898;15/09/2026 16:22:02;Mirko;Hernandez;;;;;;Mirko Hernandez;
14315821;15/09/2026 16:29:39;3;2;0001  215390-1;02;CAMIONETA JUE 1;2092387;"FA20    ";"FALABELLA S.A.                                    ";CAMINO GRAL BELGRANO S/N 514 Y 517;952441;"51-061         ";51-061 - COCINA MESADA CR C.STD PUEBLA;5;5;5;23423467;150926072405504;183901704;;;;01/04/2032 00:00:00;1;13978974;15/09/2026 16:24:05;Mirko;Hernandez;;;;;;Mirko Hernandez;
14315821;15/09/2026 16:29:39;3;2;0001  215390-1;02;CAMIONETA JUE 1;2092387;"FA20    ";"FALABELLA S.A.                                    ";CAMINO GRAL BELGRANO S/N 514 Y 517;952774;"62-190         ";62-190 - LAVATORIO PARED EMB. C.CERAM BLACK VELVET;10;10;10;23423467;150926072405504;183901705;;;;09/02/2031 00:00:00;4;13978974;15/09/2026 16:24:05;Mirko;Hernandez;;;;;;Mirko Hernandez;
14315821;15/09/2026 16:29:39;3;2;0001  215390-1;02;CAMIONETA JUE 1;2092387;"FA20    ";"FALABELLA S.A.                                    ";CAMINO GRAL BELGRANO S/N 514 Y 517;952912;"70-162         ";70-162 - BIDE CR C.CERAM LINEA ADRA;11;11;11;23423467;150926072405504;183901706;;;;07/29/2031 00:00:00;5;13978974;15/09/2026 16:24:05;Mirko;Hernandez;;;;;;Mirko Hernandez;
14315821;15/09/2026 16:29:39;3;2;0001  215390-1;02;CAMIONETA JUE 1;2092387;"FA20    ";"FALABELLA S.A.                                    ";CAMINO GRAL BELGRANO S/N 514 Y 517;952942;"70-196         ";70-196 - BIDE CR C.CERAM LOOP;10;10;10;23423488;150926072446820;183901920;;;;07/31/2031 00:00:00;5;13978999;15/09/2026 16:24:46;Mirko;Hernandez;;;;;;Mirko Hernandez;
14315821;15/09/2026 16:29:39;3;2;0001  215390-1;02;CAMIONETA JUE 1;2092387;"FA20    ";"FALABELLA S.A.                                    ";CAMINO GRAL BELGRANO S/N 514 Y 517;952774;"62-190         ";62-190 - LAVATORIO PARED EMB. C.CERAM BLACK VELVET;10;10;10;23423488;150926072446820;183831218;;;;09/02/2031 00:00:00;5;13978999;15/09/2026 16:24:46;Mirko;Hernandez;;;;;;Mirko Hernandez;
14315821;15/09/2026 16:29:39;3;2;0001  215390-1;02;CAMIONETA JUE 1;2092387;"FA20    ";"FALABELLA S.A.                                    ";CAMINO GRAL BELGRANO S/N 514 Y 517;952634;"60-162         ";60-162 - LAVATORIO CR C.CERAM LINEA ADRA;11;11;11;23423525;150926072558504;183902331;;;;07/29/2031 00:00:00;5;13979043;15/09/2026 16:25:58;Mirko;Hernandez;;;;;;Mirko Hernandez;
14315821;15/09/2026 16:29:39;3;2;0001  215390-1;02;CAMIONETA JUE 1;2092387;"FA20    ";"FALABELLA S.A.                                    ";CAMINO GRAL BELGRANO S/N 514 Y 517;953068;"80-064         ";80-064 - DUCHA EMB.C/TRANSF CR  C.STD FRAGA;5;5;5;23423525;150926072558504;183827065;;;;03/01/2032 00:00:00;5;13979043;15/09/2026 16:25:58;Mirko;Hernandez;;;;;;Mirko Hernandez;
14315821;15/09/2026 16:29:39;3;2;0001  215390-1;02;CAMIONETA JUE 1;2092387;"FA20    ";"FALABELLA S.A.                                    ";CAMINO GRAL BELGRANO S/N 514 Y 517;952912;"70-162         ";70-162 - BIDE CR C.CERAM LINEA ADRA;11;11;11;23423574;150926072653639;183819440;;;;07/29/2031 00:00:00;6;13979066;15/09/2026 16:26:53;Mirko;Hernandez;;;;;;Mirko Hernandez;
14315821;15/09/2026 16:29:39;3;2;0001  215390-1;02;CAMIONETA JUE 1;2092387;"FA20    ";"FALABELLA S.A.                                    ";CAMINO GRAL BELGRANO S/N 514 Y 517;952634;"60-162         ";60-162 - LAVATORIO CR C.CERAM LINEA ADRA;11;11;11;23423574;150926072653639;183821225;;;;07/29/2031 00:00:00;4;13979066;15/09/2026 16:26:53;Mirko;Hernandez;;;;;;Mirko Hernandez;
14315821;15/09/2026 16:29:39;3;2;0001  215390-1;02;CAMIONETA JUE 1;2092387;"FA20    ";"FALABELLA S.A.                                    ";CAMINO GRAL BELGRANO S/N 514 Y 517;952664;"60-196         ";60-196 - LAVATORIO CR C.CERAM LOOP;15;15;15;23423614;150926072804669;183903135;;;;07/31/2031 00:00:00;10;13979106;15/09/2026 16:28:04;Mirko;Hernandez;;;;;;Mirko Hernandez;
14315821;15/09/2026 16:29:39;3;2;0001  215390-1;02;CAMIONETA JUE 1;2092387;"FA20    ";"FALABELLA S.A.                                    ";CAMINO GRAL BELGRANO S/N 514 Y 517;952590;"60-064         ";60-064 - LAVATORIO CR/CR C.STD FRAGA;7;7;7;23423655;150926072859622;183903439;;;;07/31/2031 00:00:00;5;13979137;15/09/2026 16:28:59;Mirko;Hernandez;;;;;;Mirko Hernandez;
14315821;15/09/2026 16:29:39;3;2;0001  215390-1;02;CAMIONETA JUE 1;2092387;"FA20    ";"FALABELLA S.A.                                    ";CAMINO GRAL BELGRANO S/N 514 Y 517;952664;"60-196         ";60-196 - LAVATORIO CR C.CERAM LOOP;15;15;15;23423655;150926072859622;183823754;;;;07/31/2031 00:00:00;5;13979137;15/09/2026 16:28:59;Mirko;Hernandez;;;;;;Mirko Hernandez;
14315822;16/09/2026 06:35:27;3;2;0001  215550-1;02;CAMIONETA JUE 1;2093008;"JA01    ";"JOSE ANACLETO E HIJOS S.A.                        ";CALLE 44 1031;951264;"16040          ";16040 - PORTA ROLLO ACCESORIOS LINEA 16000;10;10;10;23413488;150926213527480;183829635;;;;07/27/2031 00:00:00;10;13982642;16/09/2026 06:35:27;Mirko;Hernandez;24689890;15/09/2026 13:43:28;7839;Claudio;Juarez;Mirko Hernandez;Claudio Juarez
14315822;16/09/2026 06:35:27;3;2;0001  215550-1;02;CAMIONETA JUE 1;2093008;"JA01    ";"JOSE ANACLETO E HIJOS S.A.                        ";CALLE 44 1031;951262;"16030          ";16030 - PERCHA LINEA 16000;10;10;10;23429617;150926213200100;183830308;;;;07/27/2031 00:00:00;10;13982647;16/09/2026 06:32:00;Mirko;Hernandez;;;;;;Mirko Hernandez;
14315822;16/09/2026 06:35:27;3;2;0001  215550-1;02;CAMIONETA JUE 1;2093008;"JA01    ";"JOSE ANACLETO E HIJOS S.A.                        ";CALLE 44 1031;951760;"3006SS         ";3006SS - SET DE 6 PIEZAS LINEA 3000 SS;1;1;1;23429622;150926213230522;183827227;;;;07/29/2031 00:00:00;1;13982649;16/09/2026 06:32:30;Mirko;Hernandez;;;;;;Mirko Hernandez;
14315822;16/09/2026 06:35:27;3;2;0001  215550-1;02;CAMIONETA JUE 1;2093008;"JA01    ";"JOSE ANACLETO E HIJOS S.A.                        ";CALLE 44 1031;952956;"70-205         ";70-205 - BIDE MONOCOMANDO STEEL;1;1;1;23429622;150926213230522;183826721;;;;11/08/2031 00:00:00;1;13982649;16/09/2026 06:32:30;Mirko;Hernandez;;;;;;Mirko Hernandez;
14315822;16/09/2026 06:35:27;3;2;0001  215550-1;02;CAMIONETA JUE 1;2093008;"JA01    ";"JOSE ANACLETO E HIJOS S.A.                        ";CALLE 44 1031;951533;"20-150         ";20-150 - MONOCOMANDO MESADA COCINA TOLEDO;5;5;5;23429626;150926213326505;183828134;;;;07/27/2031 00:00:00;5;13982651;16/09/2026 06:33:26;Mirko;Hernandez;;;;;;Mirko Hernandez;
14315822;16/09/2026 06:35:27;3;2;0001  215550-1;02;CAMIONETA JUE 1;2093008;"JA01    ";"JOSE ANACLETO E HIJOS S.A.                        ";CALLE 44 1031;951530;"20-146         ";20-146 - MONOCOMANDO DE COCINA CR LINEA MOVE;10;10;10;23429632;150926213359486;183951396;;;;10/09/2031 00:00:00;6;13982656;16/09/2026 06:33:59;Mirko;Hernandez;;;;;;Mirko Hernandez;
14315822;16/09/2026 06:35:27;3;2;0001  215550-1;02;CAMIONETA JUE 1;2093008;"JA01    ";"JOSE ANACLETO E HIJOS S.A.                        ";CALLE 44 1031;951530;"20-146         ";20-146 - MONOCOMANDO DE COCINA CR LINEA MOVE;10;10;10;23429641;150926213450374;183824106;;;;10/09/2031 00:00:00;4;13982661;16/09/2026 06:34:50;Mirko;Hernandez;;;;;;Mirko Hernandez;
14315823;16/09/2026 07:21:25;3;2;0001  215242-1;02;CAMIONETA JUE 1;2093008;"JA01    ";"JOSE ANACLETO E HIJOS S.A.                        ";CALLE 44 1031;953153;"80-200G        ";80-200G - DUCHA EMB. MONOC. 3 FUNCIONES GOLD FABRIC;1;1;1;23406460;150926222125275;183787195;;;;12/03/2031 00:00:00;1;13982993;16/09/2026 07:21:25;Mirko;Hernandez;24682732;15/09/2026 12:52:09;7636;Kevin;Arce;Mirko Hernandez;Kevin Arce
14315823;16/09/2026 07:21:25;3;2;0001  215242-1;02;CAMIONETA JUE 1;2093008;"JA01    ";"JOSE ANACLETO E HIJOS S.A.                        ";CALLE 44 1031;953152;"80-200C        ";80-200C - DUCHA EMB. MONOC. 3 FUNCIONES CR FABRIC;2;2;2;23406460;150926222125275;183789958;;;;12/14/2031 00:00:00;2;13982993;16/09/2026 07:21:25;Mirko;Hernandez;24682732;15/09/2026 12:52:09;7636;Kevin;Arce;Mirko Hernandez;Kevin Arce
14315823;16/09/2026 07:21:25;3;2;0001  215242-1;02;CAMIONETA JUE 1;2093008;"JA01    ";"JOSE ANACLETO E HIJOS S.A.                        ";CALLE 44 1031;952888;"70-122         ";70-122 - BIDE C.CERAM CR VALENCIA;1;1;1;23406460;150926222125275;183782490;;;;10/26/2031 00:00:00;1;13982993;16/09/2026 07:21:25;Mirko;Hernandez;24682732;15/09/2026 12:52:09;7636;Kevin;Arce;Mirko Hernandez;Kevin Arce
14315823;16/09/2026 07:21:25;3;2;0001  215242-1;02;CAMIONETA JUE 1;2093008;"JA01    ";"JOSE ANACLETO E HIJOS S.A.                        ";CALLE 44 1031;952950;"70-200G        ";70-200G - BIDE MONOCOMANDO GOLD FABRIC;1;1;1;23416166;150926215636567;183845788;;;;07/27/2031 00:00:00;1;13982788;16/09/2026 06:56:36;Mirko;Hernandez;24692488;15/09/2026 14:18:37;7827;Javier;Machado;Mirko Hernandez;Javier Machado
14315823;16/09/2026 07:21:25;3;2;0001  215242-1;02;CAMIONETA JUE 1;2093008;"JA01    ";"JOSE ANACLETO E HIJOS S.A.                        ";CALLE 44 1031;952949;"70-200C        ";70-200C - BIDE MONOCOMANDO CR FABRIC;2;2;2;23416166;150926215636567;183844536;;;;10/28/2031 00:00:00;2;13982788;16/09/2026 06:56:36;Mirko;Hernandez;24692488;15/09/2026 14:18:37;7827;Javier;Machado;Mirko Hernandez;Javier Machado
14315823;16/09/2026 07:21:25;3;2;0001  215242-1;02;CAMIONETA JUE 1;2093008;"JA01    ";"JOSE ANACLETO E HIJOS S.A.                        ";CALLE 44 1031;952724;"61-200G        ";61-200G - LAVATORIO MONOC ALTO GOLD FABRIC;1;1;1;23416166;150926215636567;183846384;;;;07/27/2031 00:00:00;1;13982788;16/09/2026 06:56:36;Mirko;Hernandez;24692488;15/09/2026 14:18:37;7827;Javier;Machado;Mirko Hernandez;Javier Machado
14315823;16/09/2026 07:21:25;3;2;0001  215242-1;02;CAMIONETA JUE 1;2093008;"JA01    ";"JOSE ANACLETO E HIJOS S.A.                        ";CALLE 44 1031;952672;"60-200C        ";60-200C - LAVATORIO MONOC BAJO CR FABRIC;1;1;1;23416166;150926215636567;183843832;;;;07/28/2031 00:00:00;1;13982788;16/09/2026 06:56:36;Mirko;Hernandez;24692488;15/09/2026 14:18:37;7827;Javier;Machado;Mirko Hernandez;Javier Machado
14315823;16/09/2026 07:21:25;3;2;0001  215242-1;02;CAMIONETA JUE 1;2093008;"JA01    ";"JOSE ANACLETO E HIJOS S.A.                        ";CALLE 44 1031;954914;"BCH12          ";BCH12 - BACHA DE APOYAR BLANCA 460x320x140;2;2;2;23416560;160926064256264;183847109;;;;11/10/2031 00:00:00;2;13982684;16/09/2026 06:42:56;Gustavo;Soderquvist;24692881;15/09/2026 14:31:36;7839;Claudio;Juarez;Gustavo Soderquvist;Claudio Juarez
14315823;16/09/2026 07:21:25;3;2;0001  215242-1;02;CAMIONETA JUE 1;2093008;"JA01    ";"JOSE ANACLETO E HIJOS S.A.                        ";CALLE 44 1031;954946;"BID104-1       ";"BIDE 1 AGUJERO BLANCO LINEA STONE                                     ";2;2;2;23416560;160926064256264;183849525;;;;10/26/2031 00:00:00;2;13982684;16/09/2026 06:42:56;Gustavo;Soderquvist;24692881;15/09/2026 14:31:36;7839;Claudio;Juarez;Gustavo Soderquvist;Claudio Juarez
14315823;16/09/2026 07:21:25;3;2;0001  215242-1;02;CAMIONETA JUE 1;2093008;"JA01    ";"JOSE ANACLETO E HIJOS S.A.                        ";CALLE 44 1031;956415;"INO104-1       ";"INODORO BLANCO C/ASIENTO LINEA STONE                                  ";3;3;3;23416560;160926064256264;183849012;;;;01/20/2032 00:00:00;3;13982684;16/09/2026 06:42:56;Gustavo;Soderquvist;24692881;15/09/2026 14:31:36;7839;Claudio;Juarez;Gustavo Soderquvist;Claudio Juarez
14315823;16/09/2026 07:21:25;3;2;0001  215242-1;02;CAMIONETA JUE 1;2093008;"JA01    ";"JOSE ANACLETO E HIJOS S.A.                        ";CALLE 44 1031;956416;"INO104-2       ";"DEPOSITO C/DESCARGA DUAL BLANCO LINEA STONE                           ";3;3;3;23416560;160926064256264;183848216;;;;10/18/2031 00:00:00;3;13982684;16/09/2026 06:42:56;Gustavo;Soderquvist;24692881;15/09/2026 14:31:36;7839;Claudio;Juarez;Gustavo Soderquvist;Claudio Juarez
14315823;16/09/2026 07:21:25;3;2;0001  215242-1;02;CAMIONETA JUE 1;2093008;"JA01    ";"JOSE ANACLETO E HIJOS S.A.                        ";CALLE 44 1031;957096;"PDU102         ";"PISO DUCHA RESINA POLIESTER BLANCA 1200x700x25                        ";1;1;1;23416560;160926064256264;183852332;;;;03/01/2032 00:00:00;1;13982684;16/09/2026 06:42:56;Gustavo;Soderquvist;24692881;15/09/2026 14:31:36;7839;Claudio;Juarez;Gustavo Soderquvist;Claudio Juarez
14315823;16/09/2026 07:21:25;3;2;0001  215242-1;02;CAMIONETA JUE 1;2093008;"JA01    ";"JOSE ANACLETO E HIJOS S.A.                        ";CALLE 44 1031;951512;"20-122         ";"MONOCOMANDO COCINA CR C/PICO EXTRAIBLE VALENCIA                       ";1;1;1;23429865;150926215614973;183847062;;;;08/06/2031 00:00:00;1;13982793;16/09/2026 06:56:14;Mirko;Hernandez;;;;;;Mirko Hernandez;
14315823;16/09/2026 07:21:25;3;2;0001  215242-1;02;CAMIONETA JUE 1;2093008;"JA01    ";"JOSE ANACLETO E HIJOS S.A.                        ";CALLE 44 1031;952795;"63-168         ";63-168 - LAVATORIO PARED EMB MONOC CR WAVE;1;1;1;23429865;150926215614973;183845072;;;;07/28/2031 00:00:00;1;13982793;16/09/2026 06:56:14;Mirko;Hernandez;;;;;;Mirko Hernandez;
14315823;16/09/2026 07:21:25;3;2;0001  215242-1;02;CAMIONETA JUE 1;2093008;"JA01    ";"JOSE ANACLETO E HIJOS S.A.                        ";CALLE 44 1031;952723;"61-200C        ";61-200C - LAVATORIO MONOC ALTO CR FABRIC;2;2;2;23429865;150926215614973;183843896;;;;07/27/2031 00:00:00;2;13982793;16/09/2026 06:56:14;Mirko;Hernandez;;;;;;Mirko Hernandez;
14315824;16/09/2026 07:40:53;3;2;0001  214829-2;02;CAMIONETA JUE 1;2093008;"JA01    ";"JOSE ANACLETO E HIJOS S.A.                        ";CALLE 44 1031;957096;"PDU102         ";"PISO DUCHA RESINA POLIESTER BLANCA 1200x700x25                        ";2;2;2;23417729;160926074052362;183857926;;;;03/01/2032 00:00:00;2;13983271;16/09/2026 07:40:52;Gustavo;Soderquvist;24694246;15/09/2026 14:42:15;7839;Claudio;Juarez;Gustavo Soderquvist;Claudio Juarez
14315824;16/09/2026 07:40:53;3;2;0001  214829-2;02;CAMIONETA JUE 1;2093008;"JA01    ";"JOSE ANACLETO E HIJOS S.A.                        ";CALLE 44 1031;957094;"PDU101         ";"PISO DUCHA RESINA POLIESTER BLANCA 900x700x25                         ";2;2;2;23417729;160926074052362;183858151;;;;03/01/2032 00:00:00;2;13983271;16/09/2026 07:40:52;Gustavo;Soderquvist;24694246;15/09/2026 14:42:15;7839;Claudio;Juarez;Gustavo Soderquvist;Claudio Juarez
14315825;16/09/2026 06:30:04;3;2;0001  215556-1;02;CAMIONETA JUE 1;2093008;"JA01    ";"JOSE ANACLETO E HIJOS S.A.                        ";CALLE 44 1031;968778;"RA1490G        ";"KIT DUCHADOR FABRIC GOLD (FLEX-SOPORTE-DUCHADOR)                      ";1;1;1;23413588;150926213002313;183825257;;;;08/16/2031 00:00:00;1;13982632;16/09/2026 06:30:02;Mirko;Hernandez;24689990;15/09/2026 13:32:18;7636;Kevin;Arce;Mirko Hernandez;Kevin Arce
14315826;16/09/2026 06:29:49;3;2;0001  215568-1;02;CAMIONETA JUE 1;2093978;"PR03    ";"PROMAR S.R.L.                                     ";O/HIGGINS 646;957768;"RA1490N        ";RA1490N - KIT DUCHADOR FABRIC BLACK (FLEX-SOPORTE-DUCHADOR);1;1;1;23413589;150926212944682;183824535;;;;07/29/2031 00:00:00;1;13982630;16/09/2026 06:29:44;Mirko;Hernandez;24689990;15/09/2026 13:32:18;7636;Kevin;Arce;Mirko Hernandez;Kevin Arce
14315827;16/09/2026 06:29:34;3;2;0001  215591-1;02;CAMIONETA JUE 1;2091182;"AS17    ";"AQUA SANITARIOS TANDIL S. R. L.                   ";AV. DEL VALLE 470;952650;"60-180         ";60-180 - LAVATORIO MONOCOMANDO BAJO VERA;2;2;2;23407845;150926212928500;183795358;;;;07/28/2031 00:00:00;2;13982628;16/09/2026 06:29:28;Mirko;Hernandez;24684284;15/09/2026 13:00:44;7827;Javier;Machado;Mirko Hernandez;Javier Machado
14315827;16/09/2026 06:29:34;3;2;0001  215591-1;02;CAMIONETA JUE 1;2091182;"AS17    ";"AQUA SANITARIOS TANDIL S. R. L.                   ";AV. DEL VALLE 470;952928;"70-180         ";70-180 - BIDE MONOCOMANDO C/TRANSF. VERA;2;2;2;23407845;150926212928500;183795617;;;;07/27/2031 00:00:00;2;13982628;16/09/2026 06:29:28;Mirko;Hernandez;24684284;15/09/2026 13:00:44;7827;Javier;Machado;Mirko Hernandez;Javier Machado
14317345;15/09/2026 16:28:06;3;2;0001  215669-1;02;CAMIONETA JUE 1;2094299;"SA40    ";"SANICENTRO S.A. SANITARIOS                        ";CALLE 38 y 137;952677;"60-203         ";60-203 - LAVATORIO MONOCOMANDO BAJO ADRA;2;2;2;23412153;150926162404661;183816211;;;;02/16/2032 00:00:00;2;13978961;15/09/2026 16:24:04;Maximiliano;Nievas;24688545;15/09/2026 13:16:40;7839;Claudio;Juarez;Maximiliano Nievas;Claudio Juarez
14317345;15/09/2026 16:28:06;3;2;0001  215669-1;02;CAMIONETA JUE 1;2094299;"SA40    ";"SANICENTRO S.A. SANITARIOS                        ";CALLE 38 y 137;954377;"A1539G         ";"TAPA Y TECLA PARA VALVULA DE DESCARGA CUADRADA MINIMALISTA GOLD       ";1;1;1;23412153;150926162404661;183820476;;;;07/31/2031 00:00:00;1;13978961;15/09/2026 16:24:04;Maximiliano;Nievas;24688545;15/09/2026 13:16:40;7839;Claudio;Juarez;Maximiliano Nievas;Claudio Juarez
14317345;15/09/2026 16:28:06;3;2;0001  215669-1;02;CAMIONETA JUE 1;2094299;"SA40    ";"SANICENTRO S.A. SANITARIOS                        ";CALLE 38 y 137;954382;"A1540          ";"CUERPO VALVULA DE DESAGOTE P/INODORO TECNO 02-010/011                 ";1;1;1;23412153;150926162404661;183817687;;;;07/28/2031 00:00:00;1;13978961;15/09/2026 16:24:04;Maximiliano;Nievas;24688545;15/09/2026 13:16:40;7839;Claudio;Juarez;Maximiliano Nievas;Claudio Juarez
14317345;15/09/2026 16:28:06;3;2;0001  215669-1;02;CAMIONETA JUE 1;2094299;"SA40    ";"SANICENTRO S.A. SANITARIOS                        ";CALLE 38 y 137;951530;"20-146         ";20-146 - MONOCOMANDO DE COCINA CR LINEA MOVE;30;30;30;23413489;150926162804536;183824642;;;;10/09/2031 00:00:00;6;13979013;15/09/2026 16:28:04;Maximiliano;Nievas;24689890;15/09/2026 13:43:28;7839;Claudio;Juarez;Maximiliano Nievas;Claudio Juarez
14317345;15/09/2026 16:28:06;3;2;0001  215669-1;02;CAMIONETA JUE 1;2094299;"SA40    ";"SANICENTRO S.A. SANITARIOS                        ";CALLE 38 y 137;951265;"16040BL        ";16040BL - PORTA ROLLO ACCESORIOS LINEA 16000 BLACK;15;15;15;23423512;150926162528798;183902163;;;;07/31/2031 00:00:00;5;13979024;15/09/2026 16:25:28;Maximiliano;Nievas;;;;;;Maximiliano Nievas;
14317345;15/09/2026 16:28:06;3;2;0001  215669-1;02;CAMIONETA JUE 1;2094299;"SA40    ";"SANICENTRO S.A. SANITARIOS                        ";CALLE 38 y 137;951265;"16040BL        ";16040BL - PORTA ROLLO ACCESORIOS LINEA 16000 BLACK;15;15;15;23423540;150926162621609;183830971;;;;07/31/2031 00:00:00;10;13979051;15/09/2026 16:26:21;Maximiliano;Nievas;;;;;;Maximiliano Nievas;
14317345;15/09/2026 16:28:06;3;2;0001  215669-1;02;CAMIONETA JUE 1;2094299;"SA40    ";"SANICENTRO S.A. SANITARIOS                        ";CALLE 38 y 137;951530;"20-146         ";20-146 - MONOCOMANDO DE COCINA CR LINEA MOVE;30;30;30;23423588;150926162717758;183902865;;;;10/09/2031 00:00:00;6;13979073;15/09/2026 16:27:17;Maximiliano;Nievas;;;;;;Maximiliano Nievas;
14317345;15/09/2026 16:28:06;3;2;0001  215669-1;02;CAMIONETA JUE 1;2094299;"SA40    ";"SANICENTRO S.A. SANITARIOS                        ";CALLE 38 y 137;951530;"20-146         ";20-146 - MONOCOMANDO DE COCINA CR LINEA MOVE;30;30;30;23423597;150926162732727;183902953;;;;10/09/2031 00:00:00;6;13979082;15/09/2026 16:27:32;Maximiliano;Nievas;;;;;;Maximiliano Nievas;
14317345;15/09/2026 16:28:06;3;2;0001  215669-1;02;CAMIONETA JUE 1;2094299;"SA40    ";"SANICENTRO S.A. SANITARIOS                        ";CALLE 38 y 137;951530;"20-146         ";20-146 - MONOCOMANDO DE COCINA CR LINEA MOVE;30;30;30;23423605;150926162743321;183903004;;;;10/09/2031 00:00:00;6;13979091;15/09/2026 16:27:43;Maximiliano;Nievas;;;;;;Maximiliano Nievas;
14317345;15/09/2026 16:28:06;3;2;0001  215669-1;02;CAMIONETA JUE 1;2094299;"SA40    ";"SANICENTRO S.A. SANITARIOS                        ";CALLE 38 y 137;951530;"20-146         ";20-146 - MONOCOMANDO DE COCINA CR LINEA MOVE;30;30;30;23423611;150926162754346;183903077;;;;10/09/2031 00:00:00;6;13979098;15/09/2026 16:27:54;Maximiliano;Nievas;;;;;;Maximiliano Nievas;
14317346;15/09/2026 16:37:09;3;2;0008    2931-1;02;CAMIONETA JUE 1;2094299;"SA40    ";"SANICENTRO S.A. SANITARIOS                        ";CALLE 38 y 137;952945;"70-199         ";70-199 - BIDE CR C.CERAM LIVE;4;4;4;23417694;150926073702243;183865944;;;;12/16/2031 00:00:00;4;13979199;15/09/2026 16:37:02;Mirko;Hernandez;24694214;15/09/2026 14:59:33;7827;Javier;Machado;Mirko Hernandez;Javier Machado
14317346;15/09/2026 16:37:09;3;2;0008    2931-1;02;CAMIONETA JUE 1;2094299;"SA40    ";"SANICENTRO S.A. SANITARIOS                        ";CALLE 38 y 137;952781;"62-199         ";62-199 - LAVATORIO DE PARED CR C.CERAM LIVE;2;2;2;23417694;150926073702243;183860952;;;;08/03/2031 00:00:00;2;13979199;15/09/2026 16:37:02;Mirko;Hernandez;24694214;15/09/2026 14:59:33;7827;Javier;Machado;Mirko Hernandez;Javier Machado
14317346;15/09/2026 16:37:09;3;2;0008    2931-1;02;CAMIONETA JUE 1;2094299;"SA40    ";"SANICENTRO S.A. SANITARIOS                        ";CALLE 38 y 137;953148;"80-199         ";80-199 - DUCHA EMB. C/TRANSF. CR C.CERAM LIVE;4;4;4;23423753;150926073157020;183859969;;;;11/04/2031 00:00:00;4;13979230;15/09/2026 16:31:57;Mirko;Hernandez;;;;;;Mirko Hernandez;
14317346;15/09/2026 16:37:09;3;2;0008    2931-1;02;CAMIONETA JUE 1;2094299;"SA40    ";"SANICENTRO S.A. SANITARIOS                        ";CALLE 38 y 137;952667;"60-199         ";60-199 - LAVATORIO CR C.CERAM LIVE;4;4;4;23423758;150926073206138;183860358;;;;11/16/2031 00:00:00;4;13979234;15/09/2026 16:32:06;Mirko;Hernandez;;;;;;Mirko Hernandez;
14317346;15/09/2026 16:37:09;3;2;0008    2931-1;02;CAMIONETA JUE 1;2094299;"SA40    ";"SANICENTRO S.A. SANITARIOS                        ";CALLE 38 y 137;952634;"60-162         ";60-162 - LAVATORIO CR C.CERAM LINEA ADRA;30;30;30;23423851;150926073418320;183905101;;;;07/29/2031 00:00:00;10;13979305;15/09/2026 16:34:18;Mirko;Hernandez;;;;;;Mirko Hernandez;
14317346;15/09/2026 16:37:09;3;2;0008    2931-1;02;CAMIONETA JUE 1;2094299;"SA40    ";"SANICENTRO S.A. SANITARIOS                        ";CALLE 38 y 137;952634;"60-162         ";60-162 - LAVATORIO CR C.CERAM LINEA ADRA;30;30;30;23423891;150926073536366;183905440;;;;07/29/2031 00:00:00;10;13979343;15/09/2026 16:35:36;Mirko;Hernandez;;;;;;Mirko Hernandez;
14317346;15/09/2026 16:37:09;3;2;0008    2931-1;02;CAMIONETA JUE 1;2094299;"SA40    ";"SANICENTRO S.A. SANITARIOS                        ";CALLE 38 y 137;952634;"60-162         ";60-162 - LAVATORIO CR C.CERAM LINEA ADRA;30;30;30;23423945;150926073643775;183858788;;;;07/29/2031 00:00:00;10;13979376;15/09/2026 16:36:43;Mirko;Hernandez;;;;;;Mirko Hernandez;
14317347;15/09/2026 16:23:00;3;2;0001  215691-1;02;CAMIONETA JUE 1;2094299;"SA40    ";"SANICENTRO S.A. SANITARIOS                        ";CALLE 2 E/ 48 y 49;952727;"61-203N        ";"LAVATORIO MONOCOMANDO ALTO ADRA BLACK                                 ";2;2;2;23406461;150926162257509;183783202;;;;01/06/2032 00:00:00;2;13978907;15/09/2026 16:22:57;Maximiliano;Nievas;24682732;15/09/2026 12:52:09;7636;Kevin;Arce;Maximiliano Nievas;Kevin Arce
14317347;15/09/2026 16:23:00;3;2;0001  215691-1;02;CAMIONETA JUE 1;2094299;"SA40    ";"SANICENTRO S.A. SANITARIOS                        ";CALLE 2 E/ 48 y 49;952726;"61-203         ";61-203 - LAVATORIO MONOCOMANDO ALTO ADRA;2;2;2;23406461;150926162257509;183781459;;;;01/20/2032 00:00:00;2;13978907;15/09/2026 16:22:57;Maximiliano;Nievas;24682732;15/09/2026 12:52:09;7636;Kevin;Arce;Maximiliano Nievas;Kevin Arce
14317347;15/09/2026 16:23:00;3;2;0001  215691-1;02;CAMIONETA JUE 1;2094299;"SA40    ";"SANICENTRO S.A. SANITARIOS                        ";CALLE 2 E/ 48 y 49;952678;"60-203N        ";"LAVATORIO MONOCOMANDO BAJO ADRA BLACK                                 ";2;2;2;23406461;150926162257509;183783441;;;;01/06/2032 00:00:00;2;13978907;15/09/2026 16:22:57;Maximiliano;Nievas;24682732;15/09/2026 12:52:09;7636;Kevin;Arce;Maximiliano Nievas;Kevin Arce
14317347;15/09/2026 16:23:00;3;2;0001  215691-1;02;CAMIONETA JUE 1;2094299;"SA40    ";"SANICENTRO S.A. SANITARIOS                        ";CALLE 2 E/ 48 y 49;952677;"60-203         ";60-203 - LAVATORIO MONOCOMANDO BAJO ADRA;3;3;3;23406461;150926162257509;183782141;;;;02/16/2032 00:00:00;3;13978907;15/09/2026 16:22:57;Maximiliano;Nievas;24682732;15/09/2026 12:52:09;7636;Kevin;Arce;Maximiliano Nievas;Kevin Arce
14317347;15/09/2026 16:23:00;3;2;0001  215691-1;02;CAMIONETA JUE 1;2094299;"SA40    ";"SANICENTRO S.A. SANITARIOS                        ";CALLE 2 E/ 48 y 49;951530;"20-146         ";20-146 - MONOCOMANDO DE COCINA CR LINEA MOVE;18;18;18;23414615;150926162106154;183845875;;;;10/09/2031 00:00:00;6;13978183;15/09/2026 16:21:06;Maximiliano;Nievas;24690979;15/09/2026 14:24:05;7636;Kevin;Arce;Maximiliano Nievas;Kevin Arce
14317347;15/09/2026 16:23:00;3;2;0001  215691-1;02;CAMIONETA JUE 1;2094299;"SA40    ";"SANICENTRO S.A. SANITARIOS                        ";CALLE 2 E/ 48 y 49;951258;"16006          ";16006 - SET 6 PIEZAS ACCESORIOS LINEA 16000;3;3;3;23422407;150926160048622;183849394;;;;07/29/2031 00:00:00;3;13978194;15/09/2026 16:00:48;Maximiliano;Nievas;;;;;;Maximiliano Nievas;
14317347;15/09/2026 16:23:00;3;2;0001  215691-1;02;CAMIONETA JUE 1;2094299;"SA40    ";"SANICENTRO S.A. SANITARIOS                        ";CALLE 2 E/ 48 y 49;952618;"60-133         ";60-133 - LAVATORIO MONOCOMANDO LUGO;10;10;10;23422476;150926160155544;183893431;;;;07/29/2031 00:00:00;4;13978232;15/09/2026 16:01:55;Maximiliano;Nievas;;;;;;Maximiliano Nievas;
14317347;15/09/2026 16:23:00;3;2;0001  215691-1;02;CAMIONETA JUE 1;2094299;"SA40    ";"SANICENTRO S.A. SANITARIOS                        ";CALLE 2 E/ 48 y 49;951545;"20-172         ";20-172 - COCINA MESADA MONOC. COLORS NEGRO;3;3;3;23422476;150926160155544;183839751;;;;07/28/2031 00:00:00;3;13978232;15/09/2026 16:01:55;Maximiliano;Nievas;;;;;;Maximiliano Nievas;
14317347;15/09/2026 16:23:00;3;2;0001  215691-1;02;CAMIONETA JUE 1;2094299;"SA40    ";"SANICENTRO S.A. SANITARIOS                        ";CALLE 2 E/ 48 y 49;952955;"70-203N        ";"BIDE MONOCOMANDO ADRA BLACK                                           ";2;2;2;23422527;150926160256597;183838019;;;;07/27/2031 00:00:00;2;13978275;15/09/2026 16:02:56;Maximiliano;Nievas;;;;;;Maximiliano Nievas;
14317347;15/09/2026 16:23:00;3;2;0001  215691-1;02;CAMIONETA JUE 1;2094299;"SA40    ";"SANICENTRO S.A. SANITARIOS                        ";CALLE 2 E/ 48 y 49;952618;"60-133         ";60-133 - LAVATORIO MONOCOMANDO LUGO;10;10;10;23422527;150926160256597;183846717;;;;07/29/2031 00:00:00;6;13978275;15/09/2026 16:02:56;Maximiliano;Nievas;;;;;;Maximiliano Nievas;
14317347;15/09/2026 16:23:00;3;2;0001  215691-1;02;CAMIONETA JUE 1;2094299;"SA40    ";"SANICENTRO S.A. SANITARIOS                        ";CALLE 2 E/ 48 y 49;951488;"20-102         ";"20-102 - MONOCOMANDO MESADA CROMO ""RENACER""";10;10;10;23422744;150926160716759;183848045;;;;08/20/2031 00:00:00;10;13978418;15/09/2026 16:07:16;Maximiliano;Nievas;;;;;;Maximiliano Nievas;
14317347;15/09/2026 16:23:00;3;2;0001  215691-1;02;CAMIONETA JUE 1;2094299;"SA40    ";"SANICENTRO S.A. SANITARIOS                        ";CALLE 2 E/ 48 y 49;951135;"13030          ";"PERCHA LINEA 13000                                                    ";5;5;5;23422744;150926160716759;183832952;;;;07/31/2031 00:00:00;5;13978418;15/09/2026 16:07:16;Maximiliano;Nievas;;;;;;Maximiliano Nievas;
14317347;15/09/2026 16:23:00;3;2;0001  215691-1;02;CAMIONETA JUE 1;2094299;"SA40    ";"SANICENTRO S.A. SANITARIOS                        ";CALLE 2 E/ 48 y 49;951102;"11040          ";"PORTA ROLLO LINEA 11000                                               ";5;5;5;23422744;150926160716759;183836431;;;;07/27/2031 00:00:00;5;13978418;15/09/2026 16:07:16;Maximiliano;Nievas;;;;;;Maximiliano Nievas;
14317347;15/09/2026 16:23:00;3;2;0001  215691-1;02;CAMIONETA JUE 1;2094299;"SA40    ";"SANICENTRO S.A. SANITARIOS                        ";CALLE 2 E/ 48 y 49;951007;"10030CR        ";"PERCHA LINEA 10000 MINIMALISTA                                        ";5;5;5;23422744;150926160716759;183835410;;;;07/28/2031 00:00:00;5;13978418;15/09/2026 16:07:16;Maximiliano;Nievas;;;;;;Maximiliano Nievas;
14317347;15/09/2026 16:23:00;3;2;0001  215691-1;02;CAMIONETA JUE 1;2094299;"SA40    ";"SANICENTRO S.A. SANITARIOS                        ";CALLE 2 E/ 48 y 49;951137;"13050          ";"JABONERA LINEA 13000                                                  ";5;5;5;23422836;150926160904770;183833625;;;;07/31/2031 00:00:00;5;13978483;15/09/2026 16:09:04;Maximiliano;Nievas;;;;;;Maximiliano Nievas;
14317347;15/09/2026 16:23:00;3;2;0001  215691-1;02;CAMIONETA JUE 1;2094299;"SA40    ";"SANICENTRO S.A. SANITARIOS                        ";CALLE 2 E/ 48 y 49;951138;"13060          ";"PORTA CEPILLO LINEA 13000                                             ";5;5;5;23422836;150926160904770;183834027;;;;07/31/2031 00:00:00;5;13978483;15/09/2026 16:09:04;Maximiliano;Nievas;;;;;;Maximiliano Nievas;
14317347;15/09/2026 16:23:00;3;2;0001  215691-1;02;CAMIONETA JUE 1;2094299;"SA40    ";"SANICENTRO S.A. SANITARIOS                        ";CALLE 2 E/ 48 y 49;951136;"13040          ";"PORTA ROLLO LINEA 13000                                               ";5;5;5;23422948;150926161145479;183832694;;;;07/31/2031 00:00:00;5;13978591;15/09/2026 16:11:45;Maximiliano;Nievas;;;;;;Maximiliano Nievas;
14317347;15/09/2026 16:23:00;3;2;0001  215691-1;02;CAMIONETA JUE 1;2094299;"SA40    ";"SANICENTRO S.A. SANITARIOS                        ";CALLE 2 E/ 48 y 49;951134;"13020          ";"TOALLERO DE ARO LINEA 13000                                           ";5;5;5;23422948;150926161145479;183832036;;;;07/31/2031 00:00:00;5;13978591;15/09/2026 16:11:45;Maximiliano;Nievas;;;;;;Maximiliano Nievas;
14317347;15/09/2026 16:23:00;3;2;0001  215691-1;02;CAMIONETA JUE 1;2094299;"SA40    ";"SANICENTRO S.A. SANITARIOS                        ";CALLE 2 E/ 48 y 49;951018;"10040CR        ";"PORTA ROLLO LINEA 10000 MINIMALISTA                                   ";5;5;5;23423046;150926161317851;183835087;;;;12/28/2031 00:00:00;5;13978631;15/09/2026 16:13:17;Maximiliano;Nievas;;;;;;Maximiliano Nievas;
14317347;15/09/2026 16:23:00;3;2;0001  215691-1;02;CAMIONETA JUE 1;2094299;"SA40    ";"SANICENTRO S.A. SANITARIOS                        ";CALLE 2 E/ 48 y 49;951101;"11030          ";"PERCHA LINEA 11000                                                    ";5;5;5;23423046;150926161317851;183835948;;;;07/28/2031 00:00:00;5;13978631;15/09/2026 16:13:17;Maximiliano;Nievas;;;;;;Maximiliano Nievas;
14317347;15/09/2026 16:23:00;3;2;0001  215691-1;02;CAMIONETA JUE 1;2094299;"SA40    ";"SANICENTRO S.A. SANITARIOS                        ";CALLE 2 E/ 48 y 49;951512;"20-122         ";"MONOCOMANDO COCINA CR C/PICO EXTRAIBLE VALENCIA                       ";3;3;3;23423145;150926161535782;183840789;;;;08/06/2031 00:00:00;3;13978701;15/09/2026 16:15:35;Maximiliano;Nievas;;;;;;Maximiliano Nievas;
14317347;15/09/2026 16:23:00;3;2;0001  215691-1;02;CAMIONETA JUE 1;2094299;"SA40    ";"SANICENTRO S.A. SANITARIOS                        ";CALLE 2 E/ 48 y 49;951565;"20-205         ";20-205 - MONOCOMANDO DE COCINA STEEL;6;6;6;23423171;150926161617391;183898943;;;;07/28/2031 00:00:00;3;13978718;15/09/2026 16:16:17;Maximiliano;Nievas;;;;;;Maximiliano Nievas;
14317347;15/09/2026 16:23:00;3;2;0001  215691-1;02;CAMIONETA JUE 1;2094299;"SA40    ";"SANICENTRO S.A. SANITARIOS                        ";CALLE 2 E/ 48 y 49;951565;"20-205         ";20-205 - MONOCOMANDO DE COCINA STEEL;6;6;6;23423199;150926161639793;183842149;;;;07/28/2031 00:00:00;3;13978729;15/09/2026 16:16:39;Maximiliano;Nievas;;;;;;Maximiliano Nievas;
14317347;15/09/2026 16:23:00;3;2;0001  215691-1;02;CAMIONETA JUE 1;2094299;"SA40    ";"SANICENTRO S.A. SANITARIOS                        ";CALLE 2 E/ 48 y 49;953312;"83-133         ";83-133 - DUCHA EXT. C/TRANSF. MONOCOMANDO LUGO;6;6;6;23423237;150926161807171;183844365;;;;09/03/2031 00:00:00;6;13978774;15/09/2026 16:18:07;Maximiliano;Nievas;;;;;;Maximiliano Nievas;
14317347;15/09/2026 16:23:00;3;2;0001  215691-1;02;CAMIONETA JUE 1;2094299;"SA40    ";"SANICENTRO S.A. SANITARIOS                        ";CALLE 2 E/ 48 y 49;951535;"20-160         ";20-160 - MONOCOMANDO MESADA COCINA DIQUE;8;8;8;23423262;150926161859637;183843865;;;;07/28/2031 00:00:00;8;13978800;15/09/2026 16:18:59;Maximiliano;Nievas;;;;;;Maximiliano Nievas;
14317347;15/09/2026 16:23:00;3;2;0001  215691-1;02;CAMIONETA JUE 1;2094299;"SA40    ";"SANICENTRO S.A. SANITARIOS                        ";CALLE 2 E/ 48 y 49;951611;"21-160         ";"MONOCOMANDO DUO COCINA CROMO DIQUE                                    ";5;5;5;23423290;150926161944056;183837758;;;;12/14/2031 00:00:00;5;13978821;15/09/2026 16:19:44;Maximiliano;Nievas;;;;;;Maximiliano Nievas;
14317347;15/09/2026 16:23:00;3;2;0001  215691-1;02;CAMIONETA JUE 1;2094299;"SA40    ";"SANICENTRO S.A. SANITARIOS                        ";CALLE 2 E/ 48 y 49;951530;"20-146         ";20-146 - MONOCOMANDO DE COCINA CR LINEA MOVE;18;18;18;23423321;150926162037198;183900571;;;;10/09/2031 00:00:00;6;13978855;15/09/2026 16:20:37;Maximiliano;Nievas;;;;;;Maximiliano Nievas;
14317347;15/09/2026 16:23:00;3;2;0001  215691-1;02;CAMIONETA JUE 1;2094299;"SA40    ";"SANICENTRO S.A. SANITARIOS                        ";CALLE 2 E/ 48 y 49;951530;"20-146         ";20-146 - MONOCOMANDO DE COCINA CR LINEA MOVE;18;18;18;23423339;150926162052724;183900642;;;;10/09/2031 00:00:00;6;13978864;15/09/2026 16:20:52;Maximiliano;Nievas;;;;;;Maximiliano Nievas;
14317348;16/09/2026 06:25:34;3;2;0001  215692-1;02;CAMIONETA JUE 1;2094299;"SA40    ";"SANICENTRO S.A. SANITARIOS                        ";CALLE 122 (RUTA 11) E/59 Y 60 1286;951528;"20-140         ";20-140 - MONOCOMANDO DE COCINA LINEA CUINA;3;3;3;23413490;160926062353071;183826103;;;;10/07/2031 00:00:00;3;13982572;16/09/2026 06:23:53;Maximiliano;Nievas;24689890;15/09/2026 13:43:28;7839;Claudio;Juarez;Maximiliano Nievas;Claudio Juarez
14317348;16/09/2026 06:25:34;3;2;0001  215692-1;02;CAMIONETA JUE 1;2094299;"SA40    ";"SANICENTRO S.A. SANITARIOS                        ";CALLE 122 (RUTA 11) E/59 Y 60 1286;954908;"BCH07          ";BCH07 - BACHA DE APOYAR OVALADA 400x330x150;3;3;3;23414319;160926062533195;183829398;;;;07/29/2031 00:00:00;1;13982592;16/09/2026 06:25:33;Maximiliano;Nievas;24690627;15/09/2026 13:41:18;7636;Kevin;Arce;Maximiliano Nievas;Kevin Arce
14317348;16/09/2026 06:25:34;3;2;0001  215692-1;02;CAMIONETA JUE 1;2094299;"SA40    ";"SANICENTRO S.A. SANITARIOS                        ";CALLE 122 (RUTA 11) E/59 Y 60 1286;951536;"20-162         ";20-162 - MONOCOMANDO COCINA ADRA;5;5;5;23429524;160926062114009;183823039;;;;07/28/2031 00:00:00;5;13982578;16/09/2026 06:21:14;Maximiliano;Nievas;;;;;;Maximiliano Nievas;
14317348;16/09/2026 06:25:34;3;2;0001  215692-1;02;CAMIONETA JUE 1;2094299;"SA40    ";"SANICENTRO S.A. SANITARIOS                        ";CALLE 122 (RUTA 11) E/59 Y 60 1286;951512;"20-122         ";"MONOCOMANDO COCINA CR C/PICO EXTRAIBLE VALENCIA                       ";3;3;3;23429538;160926062241001;183825298;;;;08/06/2031 00:00:00;3;13982589;16/09/2026 06:22:41;Maximiliano;Nievas;;;;;;Maximiliano Nievas;
14317348;16/09/2026 06:25:34;3;2;0001  215692-1;02;CAMIONETA JUE 1;2094299;"SA40    ";"SANICENTRO S.A. SANITARIOS                        ";CALLE 122 (RUTA 11) E/59 Y 60 1286;952661;"60-193         ";60-193 - LAVATORIO MONOCOMANDO BAJO MORA;3;3;3;23429538;160926062241001;183828848;;;;07/28/2031 00:00:00;3;13982589;16/09/2026 06:22:41;Maximiliano;Nievas;;;;;;Maximiliano Nievas;
14317348;16/09/2026 06:25:34;3;2;0001  215692-1;02;CAMIONETA JUE 1;2094299;"SA40    ";"SANICENTRO S.A. SANITARIOS                        ";CALLE 122 (RUTA 11) E/59 Y 60 1286;954908;"BCH07          ";BCH07 - BACHA DE APOYAR OVALADA 400x330x150;3;3;3;23429566;160926062503129;183950830;;;;07/29/2031 00:00:00;1;13982595;16/09/2026 06:25:03;Maximiliano;Nievas;;;;;;Maximiliano Nievas;
14317348;16/09/2026 06:25:34;3;2;0001  215692-1;02;CAMIONETA JUE 1;2094299;"SA40    ";"SANICENTRO S.A. SANITARIOS                        ";CALLE 122 (RUTA 11) E/59 Y 60 1286;954908;"BCH07          ";BCH07 - BACHA DE APOYAR OVALADA 400x330x150;3;3;3;23429567;160926062521290;183950851;;;;07/29/2031 00:00:00;1;13982597;16/09/2026 06:25:21;Maximiliano;Nievas;;;;;;Maximiliano Nievas;
14317349;15/09/2026 15:45:39;3;2;0008    2936-1;02;CAMIONETA JUE 1;2094299;"SA40    ";"SANICENTRO S.A. SANITARIOS                        ";CALLE 2 E/ 48 y 49;953060;"80-058         ";80-058 - DUCHA EMB. C/TRANSF. CR C.STD MALBA;3;3;3;23414940;150926064538648;183836622;;;;01/06/2032 00:00:00;3;13977201;15/09/2026 15:45:38;Mirko;Hernandez;24691359;15/09/2026 14:14:28;7839;Claudio;Juarez;Mirko Hernandez;Claudio Juarez
14317349;15/09/2026 15:45:39;3;2;0008    2936-1;02;CAMIONETA JUE 1;2094299;"SA40    ";"SANICENTRO S.A. SANITARIOS                        ";CALLE 2 E/ 48 y 49;953244;"814/CRC        ";814/CRC - MESADA P.FUNDIDO CR/CR C.CERAM. ARES;3;3;3;23414940;150926064538648;183840795;;;;02/16/2032 00:00:00;3;13977201;15/09/2026 15:45:38;Mirko;Hernandez;24691359;15/09/2026 14:14:28;7839;Claudio;Juarez;Mirko Hernandez;Claudio Juarez
14317349;15/09/2026 15:45:39;3;2;0008    2936-1;02;CAMIONETA JUE 1;2094299;"SA40    ";"SANICENTRO S.A. SANITARIOS                        ";CALLE 2 E/ 48 y 49;952452;"51-122         ";51-122 - MESADA BIMANDO CR C.CERAM VALENCIA;2;2;2;23421005;150926063400664;183840467;;;;02/01/2032 00:00:00;2;13977224;15/09/2026 15:34:00;Mirko;Hernandez;;;;;;Mirko Hernandez;
14317349;15/09/2026 15:45:39;3;2;0008    2936-1;02;CAMIONETA JUE 1;2094299;"SA40    ";"SANICENTRO S.A. SANITARIOS                        ";CALLE 2 E/ 48 y 49;953109;"80-166         ";"DUCHA EMB. C/TRANSF. CR C.CERAM ADRA PLUS                             ";2;2;2;23421018;150926063422486;183836076;;;;01/19/2032 00:00:00;2;13977236;15/09/2026 15:34:22;Mirko;Hernandez;;;;;;Mirko Hernandez;
14317349;15/09/2026 15:45:39;3;2;0008    2936-1;02;CAMIONETA JUE 1;2094299;"SA40    ";"SANICENTRO S.A. SANITARIOS                        ";CALLE 2 E/ 48 y 49;952437;"51-057         ";51-057 - COCINA MESADA CR C.STD VERIN PLUS;10;10;10;23421077;150926063539864;183844614;;;;01/27/2032 00:00:00;10;13977278;15/09/2026 15:35:39;Mirko;Hernandez;;;;;;Mirko Hernandez;
14317349;15/09/2026 15:45:39;3;2;0008    2936-1;02;CAMIONETA JUE 1;2094299;"SA40    ";"SANICENTRO S.A. SANITARIOS                        ";CALLE 2 E/ 48 y 49;952582;"60-057         ";60-057 - LAVATORIO C.STD VERIN PLUS;10;10;10;23421235;150926063905509;183834299;;;;01/31/2032 00:00:00;10;13977415;15/09/2026 15:39:05;Mirko;Hernandez;;;;;;Mirko Hernandez;
14317349;15/09/2026 15:45:39;3;2;0008    2936-1;02;CAMIONETA JUE 1;2094299;"SA40    ";"SANICENTRO S.A. SANITARIOS                        ";CALLE 2 E/ 48 y 49;952862;"70-058         ";70-058 - BIDE CR C.STD MALBA;5;5;5;23421280;150926064007511;183836908;;;;10/20/2031 00:00:00;5;13977454;15/09/2026 15:40:07;Mirko;Hernandez;;;;;;Mirko Hernandez;
14317349;15/09/2026 15:45:39;3;2;0008    2936-1;02;CAMIONETA JUE 1;2094299;"SA40    ";"SANICENTRO S.A. SANITARIOS                        ";CALLE 2 E/ 48 y 49;952438;"51-058         ";51-058 - COCINA MESADA CR C.STD MALBA;8;8;8;23421280;150926064007511;183884380;;;;10/19/2031 00:00:00;5;13977454;15/09/2026 15:40:07;Mirko;Hernandez;;;;;;Mirko Hernandez;
14317349;15/09/2026 15:45:39;3;2;0008    2936-1;02;CAMIONETA JUE 1;2094299;"SA40    ";"SANICENTRO S.A. SANITARIOS                        ";CALLE 2 E/ 48 y 49;952471;"53-002         ";53-002 - COCINA PARED EXT. P.ALTO RENACER;5;5;5;23421427;150926064248943;183885508;;;;07/29/2031 00:00:00;4;13977558;15/09/2026 15:42:48;Mirko;Hernandez;;;;;;Mirko Hernandez;
14317349;15/09/2026 15:45:39;3;2;0008    2936-1;02;CAMIONETA JUE 1;2094299;"SA40    ";"SANICENTRO S.A. SANITARIOS                        ";CALLE 2 E/ 48 y 49;952634;"60-162         ";60-162 - LAVATORIO CR C.CERAM LINEA ADRA;6;6;6;23421427;150926064248943;183835766;;;;07/29/2031 00:00:00;6;13977558;15/09/2026 15:42:48;Mirko;Hernandez;;;;;;Mirko Hernandez;
14317349;15/09/2026 15:45:39;3;2;0008    2936-1;02;CAMIONETA JUE 1;2094299;"SA40    ";"SANICENTRO S.A. SANITARIOS                        ";CALLE 2 E/ 48 y 49;952542;"60-002         ";60-002 - LAVATORIO RENACER;4;4;4;23421463;150926064348632;183838747;;;;01/20/2032 00:00:00;4;13977592;15/09/2026 15:43:48;Mirko;Hernandez;;;;;;Mirko Hernandez;
14317349;15/09/2026 15:45:39;3;2;0008    2936-1;02;CAMIONETA JUE 1;2094299;"SA40    ";"SANICENTRO S.A. SANITARIOS                        ";CALLE 2 E/ 48 y 49;952438;"51-058         ";51-058 - COCINA MESADA CR C.STD MALBA;8;8;8;23421463;150926064348632;183885910;;;;10/19/2031 00:00:00;2;13977592;15/09/2026 15:43:48;Mirko;Hernandez;;;;;;Mirko Hernandez;
14317349;15/09/2026 15:45:39;3;2;0008    2936-1;02;CAMIONETA JUE 1;2094299;"SA40    ";"SANICENTRO S.A. SANITARIOS                        ";CALLE 2 E/ 48 y 49;952912;"70-162         ";70-162 - BIDE CR C.CERAM LINEA ADRA;4;4;4;23421463;150926064348632;183835255;;;;07/29/2031 00:00:00;4;13977592;15/09/2026 15:43:48;Mirko;Hernandez;;;;;;Mirko Hernandez;
14317349;15/09/2026 15:45:39;3;2;0008    2936-1;02;CAMIONETA JUE 1;2094299;"SA40    ";"SANICENTRO S.A. SANITARIOS                        ";CALLE 2 E/ 48 y 49;952438;"51-058         ";51-058 - COCINA MESADA CR C.STD MALBA;8;8;8;23421511;150926064445337;183835049;;;;10/19/2031 00:00:00;1;13977633;15/09/2026 15:44:45;Mirko;Hernandez;;;;;;Mirko Hernandez;
14317349;15/09/2026 15:45:39;3;2;0008    2936-1;02;CAMIONETA JUE 1;2094299;"SA40    ";"SANICENTRO S.A. SANITARIOS                        ";CALLE 2 E/ 48 y 49;952471;"53-002         ";53-002 - COCINA PARED EXT. P.ALTO RENACER;5;5;5;23421511;150926064445337;183838361;;;;07/29/2031 00:00:00;1;13977633;15/09/2026 15:44:45;Mirko;Hernandez;;;;;;Mirko Hernandez;
14317349;15/09/2026 15:45:39;3;2;0008    2936-1;02;CAMIONETA JUE 1;2094299;"SA40    ";"SANICENTRO S.A. SANITARIOS                        ";CALLE 2 E/ 48 y 49;952583;"60-058         ";60-058 - LAVATORIO CR C.STD MALBA;8;8;8;23421511;150926064445337;183837434;;;;12/03/2031 00:00:00;8;13977633;15/09/2026 15:44:45;Mirko;Hernandez;;;;;;Mirko Hernandez;
14317350;15/09/2026 16:43:09;3;2;0008    2937-1;02;CAMIONETA JUE 1;2094299;"SA40    ";"SANICENTRO S.A. SANITARIOS                        ";CALLE 122 (RUTA 11) E/59 Y 60 1286;953209;"81-057         ";81-057 - DUCHA EMB. S/TRANSF. C.STD VERIN PLUS;20;20;20;23406462;150926164307398;183778209;;;;07/31/2031 00:00:00;10;13979478;15/09/2026 16:43:07;Maximiliano;Nievas;24682732;15/09/2026 12:52:09;7636;Kevin;Arce;Maximiliano Nievas;Kevin Arce
14317350;15/09/2026 16:43:09;3;2;0008    2937-1;02;CAMIONETA JUE 1;2094299;"SA40    ";"SANICENTRO S.A. SANITARIOS                        ";CALLE 122 (RUTA 11) E/59 Y 60 1286;952437;"51-057         ";51-057 - COCINA MESADA CR C.STD VERIN PLUS;20;20;20;23424121;150926164015451;183906742;;;;01/27/2032 00:00:00;10;13979479;15/09/2026 16:40:15;Maximiliano;Nievas;;;;;;Maximiliano Nievas;
14317350;15/09/2026 16:43:09;3;2;0008    2937-1;02;CAMIONETA JUE 1;2094299;"SA40    ";"SANICENTRO S.A. SANITARIOS                        ";CALLE 122 (RUTA 11) E/59 Y 60 1286;952437;"51-057         ";51-057 - COCINA MESADA CR C.STD VERIN PLUS;20;20;20;23424128;150926164025708;183793458;;;;01/27/2032 00:00:00;10;13979487;15/09/2026 16:40:25;Maximiliano;Nievas;;;;;;Maximiliano Nievas;
14317350;15/09/2026 16:43:09;3;2;0008    2937-1;02;CAMIONETA JUE 1;2094299;"SA40    ";"SANICENTRO S.A. SANITARIOS                        ";CALLE 122 (RUTA 11) E/59 Y 60 1286;953209;"81-057         ";81-057 - DUCHA EMB. S/TRANSF. C.STD VERIN PLUS;20;20;20;23424137;150926164041729;183906879;;;;07/31/2031 00:00:00;10;13979496;15/09/2026 16:40:41;Maximiliano;Nievas;;;;;;Maximiliano Nievas;
14317351;16/09/2026 06:27:57;3;2;0001  215706-1;02;CAMIONETA JUE 1;2093008;"JA01    ";"JOSE ANACLETO E HIJOS S.A.                        ";CALLE 44 1031;952923;"70-175GR       ";70-175GR - BIDE PULSE GRAFITO C.CERAM;3;3;3;23406463;150926212756616;183795182;;;;07/31/2031 00:00:00;3;13982600;16/09/2026 06:27:56;Mirko;Hernandez;24682732;15/09/2026 12:52:09;7636;Kevin;Arce;Mirko Hernandez;Kevin Arce
14317351;16/09/2026 06:27:57;3;2;0001  215706-1;02;CAMIONETA JUE 1;2093008;"JA01    ";"JOSE ANACLETO E HIJOS S.A.                        ";CALLE 44 1031;952767;"62-175GR       ";62-175GR - LAVATORIO DE PARED PULSE GRAFITO C.CERAM;3;3;3;23406463;150926212756616;183794330;;;;09/03/2031 00:00:00;3;13982600;16/09/2026 06:27:56;Mirko;Hernandez;24682732;15/09/2026 12:52:09;7636;Kevin;Arce;Mirko Hernandez;Kevin Arce
14317351;16/09/2026 06:27:57;3;2;0001  215706-1;02;CAMIONETA JUE 1;2093008;"JA01    ";"JOSE ANACLETO E HIJOS S.A.                        ";CALLE 44 1031;952949;"70-200C        ";70-200C - BIDE MONOCOMANDO CR FABRIC;1;1;1;23407846;150926212525698;183786355;;;;10/28/2031 00:00:00;1;13982594;16/09/2026 06:25:25;Mirko;Hernandez;24684284;15/09/2026 13:00:44;7827;Javier;Machado;Mirko Hernandez;Javier Machado
14317351;16/09/2026 06:27:57;3;2;0001  215706-1;02;CAMIONETA JUE 1;2093008;"JA01    ";"JOSE ANACLETO E HIJOS S.A.                        ";CALLE 44 1031;952796;"63-168N        ";"LAVATORIO PARED EMB MONOC BLACK WAVE                                  ";1;1;1;23407846;150926212525698;183790085;;;;07/28/2031 00:00:00;1;13982594;16/09/2026 06:25:25;Mirko;Hernandez;24684284;15/09/2026 13:00:44;7827;Javier;Machado;Mirko Hernandez;Javier Machado
14317351;16/09/2026 06:27:57;3;2;0001  215706-1;02;CAMIONETA JUE 1;2093008;"JA01    ";"JOSE ANACLETO E HIJOS S.A.                        ";CALLE 44 1031;952672;"60-200C        ";60-200C - LAVATORIO MONOC BAJO CR FABRIC;1;1;1;23407846;150926212525698;183786670;;;;07/28/2031 00:00:00;1;13982594;16/09/2026 06:25:25;Mirko;Hernandez;24684284;15/09/2026 13:00:44;7827;Javier;Machado;Mirko Hernandez;Javier Machado
14317351;16/09/2026 06:27:57;3;2;0001  215706-1;02;CAMIONETA JUE 1;2093008;"JA01    ";"JOSE ANACLETO E HIJOS S.A.                        ";CALLE 44 1031;953120;"80-175GR       ";80-175GR - DUCHA EMB C/TRANSF. PULSE GRAFITO C.CERAM;3;3;3;23429575;150926212628821;183950913;;;;10/12/2031 00:00:00;1;13982605;16/09/2026 06:26:28;Mirko;Hernandez;;;;;;Mirko Hernandez;
14317351;16/09/2026 06:27:57;3;2;0001  215706-1;02;CAMIONETA JUE 1;2093008;"JA01    ";"JOSE ANACLETO E HIJOS S.A.                        ";CALLE 44 1031;953154;"80-200N        ";80-200N - DUCHA EMB. MONOC. 3 FUNCIONES BLACK FABRIC;2;2;2;23429575;150926212628821;183950914;;;;01/04/2032 00:00:00;1;13982605;16/09/2026 06:26:28;Mirko;Hernandez;;;;;;Mirko Hernandez;
14317351;16/09/2026 06:27:57;3;2;0001  215706-1;02;CAMIONETA JUE 1;2093008;"JA01    ";"JOSE ANACLETO E HIJOS S.A.                        ";CALLE 44 1031;953347;"85-168N        ";85-168N - DUCHA MONOC C/TRANSF Y DUCHADOR BLACK WAVE;1;1;1;23429575;150926212628821;183796048;;;;02/04/2032 00:00:00;1;13982605;16/09/2026 06:26:28;Mirko;Hernandez;;;;;;Mirko Hernandez;
14317351;16/09/2026 06:27:57;3;2;0001  215706-1;02;CAMIONETA JUE 1;2093008;"JA01    ";"JOSE ANACLETO E HIJOS S.A.                        ";CALLE 44 1031;953120;"80-175GR       ";80-175GR - DUCHA EMB C/TRANSF. PULSE GRAFITO C.CERAM;3;3;3;23429580;150926212705741;183794911;;;;10/12/2031 00:00:00;2;13982611;16/09/2026 06:27:05;Mirko;Hernandez;;;;;;Mirko Hernandez;
14317351;16/09/2026 06:27:57;3;2;0001  215706-1;02;CAMIONETA JUE 1;2093008;"JA01    ";"JOSE ANACLETO E HIJOS S.A.                        ";CALLE 44 1031;953152;"80-200C        ";80-200C - DUCHA EMB. MONOC. 3 FUNCIONES CR FABRIC;1;1;1;23429580;150926212705741;183790144;;;;12/14/2031 00:00:00;1;13982611;16/09/2026 06:27:05;Mirko;Hernandez;;;;;;Mirko Hernandez;
14317351;16/09/2026 06:27:57;3;2;0001  215706-1;02;CAMIONETA JUE 1;2093008;"JA01    ";"JOSE ANACLETO E HIJOS S.A.                        ";CALLE 44 1031;953154;"80-200N        ";80-200N - DUCHA EMB. MONOC. 3 FUNCIONES BLACK FABRIC;2;2;2;23429580;150926212705741;183789521;;;;01/04/2032 00:00:00;1;13982611;16/09/2026 06:27:05;Mirko;Hernandez;;;;;;Mirko Hernandez;
14317352;15/09/2026 16:38:53;3;2;0001  215510-1;02;CAMIONETA JUE 1;2093008;"JA01    ";"JOSE ANACLETO E HIJOS S.A.                        ";CALLE 44 1031;951267;"16050BL        ";16050BL - JABONERA ACCESORIOS LINEA 16000 BLACK;1;1;1;23407847;150926163636789;183785097;;;;07/31/2031 00:00:00;1;13979304;15/09/2026 16:36:36;Maximiliano;Nievas;24684284;15/09/2026 13:00:44;7827;Javier;Machado;Maximiliano Nievas;Javier Machado
14317352;15/09/2026 16:38:53;3;2;0001  215510-1;02;CAMIONETA JUE 1;2093008;"JA01    ";"JOSE ANACLETO E HIJOS S.A.                        ";CALLE 44 1031;951269;"16060BL        ";16060BL - PORTA VASO Y CEPILLO LINEA 16000 BLACK;1;1;1;23407847;150926163636789;183785548;;;;07/31/2031 00:00:00;1;13979304;15/09/2026 16:36:36;Maximiliano;Nievas;24684284;15/09/2026 13:00:44;7827;Javier;Machado;Maximiliano Nievas;Javier Machado
14317352;15/09/2026 16:38:53;3;2;0001  215510-1;02;CAMIONETA JUE 1;2093008;"JA01    ";"JOSE ANACLETO E HIJOS S.A.                        ";CALLE 44 1031;952800;"63-183         ";"LAVATORIO PARED EMB MONOCOMANDO MAT                                   ";3;3;3;23407847;150926163636789;183814557;;;;01/12/2032 00:00:00;3;13979304;15/09/2026 16:36:36;Maximiliano;Nievas;24684284;15/09/2026 13:00:44;7827;Javier;Machado;Maximiliano Nievas;Javier Machado
14317352;15/09/2026 16:38:53;3;2;0001  215510-1;02;CAMIONETA JUE 1;2093008;"JA01    ";"JOSE ANACLETO E HIJOS S.A.                        ";CALLE 44 1031;952933;"70-183         ";"BIDE MONOCOMANDO C/TRANSF MAT                                         ";2;2;2;23407847;150926163636789;183813309;;;;11/02/2031 00:00:00;2;13979304;15/09/2026 16:36:36;Maximiliano;Nievas;24684284;15/09/2026 13:00:44;7827;Javier;Machado;Maximiliano Nievas;Javier Machado
14317352;15/09/2026 16:38:53;3;2;0001  215510-1;02;CAMIONETA JUE 1;2093008;"JA01    ";"JOSE ANACLETO E HIJOS S.A.                        ";CALLE 44 1031;952937;"70-191         ";70-191 - BIDE C.CERAM LINEA PRADO;1;1;1;23412154;150926163712551;183821105;;;;11/13/2031 00:00:00;1;13979389;15/09/2026 16:37:12;Maximiliano;Nievas;24688545;15/09/2026 13:16:40;7839;Claudio;Juarez;Maximiliano Nievas;Claudio Juarez
14317352;15/09/2026 16:38:53;3;2;0001  215510-1;02;CAMIONETA JUE 1;2093008;"JA01    ";"JOSE ANACLETO E HIJOS S.A.                        ";CALLE 44 1031;952659;"60-191         ";60-191 - LAVATORIO C.CERAM LINEA PRADO;1;1;1;23412154;150926163712551;183815085;;;;07/29/2031 00:00:00;1;13979389;15/09/2026 16:37:12;Maximiliano;Nievas;24688545;15/09/2026 13:16:40;7839;Claudio;Juarez;Maximiliano Nievas;Claudio Juarez
14317352;15/09/2026 16:38:53;3;2;0001  215510-1;02;CAMIONETA JUE 1;2093008;"JA01    ";"JOSE ANACLETO E HIJOS S.A.                        ";CALLE 44 1031;954902;"BCH02          ";BCH02 - BACHA DE APOYAR CIRCULAR 1 AG. 415x145;4;4;4;23414320;150926163852155;183829697;;;;07/27/2031 00:00:00;1;13979419;15/09/2026 16:38:52;Maximiliano;Nievas;24690627;15/09/2026 13:41:18;7636;Kevin;Arce;Maximiliano Nievas;Kevin Arce
14317352;15/09/2026 16:38:53;3;2;0001  215510-1;02;CAMIONETA JUE 1;2093008;"JA01    ";"JOSE ANACLETO E HIJOS S.A.                        ";CALLE 44 1031;954902;"BCH02          ";BCH02 - BACHA DE APOYAR CIRCULAR 1 AG. 415x145;4;4;4;23424033;150926163821965;183906218;;;;07/27/2031 00:00:00;1;13979423;15/09/2026 16:38:21;Maximiliano;Nievas;;;;;;Maximiliano Nievas;
14317352;15/09/2026 16:38:53;3;2;0001  215510-1;02;CAMIONETA JUE 1;2093008;"JA01    ";"JOSE ANACLETO E HIJOS S.A.                        ";CALLE 44 1031;954902;"BCH02          ";BCH02 - BACHA DE APOYAR CIRCULAR 1 AG. 415x145;4;4;4;23424040;150926163831700;183906278;;;;07/27/2031 00:00:00;1;13979427;15/09/2026 16:38:31;Maximiliano;Nievas;;;;;;Maximiliano Nievas;
14317352;15/09/2026 16:38:53;3;2;0001  215510-1;02;CAMIONETA JUE 1;2093008;"JA01    ";"JOSE ANACLETO E HIJOS S.A.                        ";CALLE 44 1031;954902;"BCH02          ";BCH02 - BACHA DE APOYAR CIRCULAR 1 AG. 415x145;4;4;4;23424047;150926163843165;183906329;;;;07/27/2031 00:00:00;1;13979435;15/09/2026 16:38:43;Maximiliano;Nievas;;;;;;Maximiliano Nievas;
14317353;16/09/2026 06:28:10;3;2;0001  215667-1;02;CAMIONETA JUE 1;2092948;"IC16    ";"EL IMPERIO DEL CERAMICO S.R.L                     ";CALLE 32 E/19 Y 20 1224;952719;"61-183         ";"LAVATORIO MONOCOMANDO ALTO MAT                                        ";1;1;1;23408010;150926212810245;183787045;;;;11/02/2031 00:00:00;1;13982618;16/09/2026 06:28:10;Mirko;Hernandez;24684483;15/09/2026 11:49:57;7839;Claudio;Juarez;Mirko Hernandez;Claudio Juarez
14317353;16/09/2026 06:28:10;3;2;0001  215667-1;02;CAMIONETA JUE 1;2092948;"IC16    ";"EL IMPERIO DEL CERAMICO S.R.L                     ";CALLE 32 E/19 Y 20 1224;953159;"80-203P        ";80-203P - DUCHA EMB C/TRANSF. MONOCOMANDO ADRA PLUS;1;1;1;23408010;150926212810245;183786194;;;;07/28/2031 00:00:00;1;13982618;16/09/2026 06:28:10;Mirko;Hernandez;24684483;15/09/2026 11:49:57;7839;Claudio;Juarez;Mirko Hernandez;Claudio Juarez
14317353;16/09/2026 06:28:10;3;2;0001  215667-1;02;CAMIONETA JUE 1;2092948;"IC16    ";"EL IMPERIO DEL CERAMICO S.R.L                     ";CALLE 32 E/19 Y 20 1224;1007844;"20-122S        ";"MONOCOMANDO COCINA INOX C/PICO EXTRAIBLE VALENCIA                     ";1;1;1;23408010;150926212810245;183792082;;;;01/06/2032 00:00:00;1;13982618;16/09/2026 06:28:10;Mirko;Hernandez;24684483;15/09/2026 11:49:57;7839;Claudio;Juarez;Mirko Hernandez;Claudio Juarez
14317354;15/09/2026 16:32:26;3;2;0001  215668-1;02;CAMIONETA JUE 1;2093008;"JA01    ";"JOSE ANACLETO E HIJOS S.A.                        ";CALLE 44 1031;952708;"61-168         ";61-168 - LAVATORIO MONOC ALTO CR WAVE;1;1;1;23408011;150926163148014;183790077;;;;07/27/2031 00:00:00;1;13979223;15/09/2026 16:31:48;Maximiliano;Nievas;24684483;15/09/2026 11:49:57;7839;Claudio;Juarez;Maximiliano Nievas;Claudio Juarez
14317354;15/09/2026 16:32:26;3;2;0001  215668-1;02;CAMIONETA JUE 1;2093008;"JA01    ";"JOSE ANACLETO E HIJOS S.A.                        ";CALLE 44 1031;952915;"70-168         ";70-168 - BIDE MONOC CR WAVE;1;1;1;23408011;150926163148014;183790504;;;;01/18/2032 00:00:00;1;13979223;15/09/2026 16:31:48;Maximiliano;Nievas;24684483;15/09/2026 11:49:57;7839;Claudio;Juarez;Maximiliano Nievas;Claudio Juarez
14317354;15/09/2026 16:32:26;3;2;0001  215668-1;02;CAMIONETA JUE 1;2093008;"JA01    ";"JOSE ANACLETO E HIJOS S.A.                        ";CALLE 44 1031;952742;"62-100NI       ";62-100NI - LAVATORIO DE PARED NICKEL C.CERAM FABRIC;1;1;1;23413590;150926163222006;183826318;;;;09/02/2031 00:00:00;1;13979236;15/09/2026 16:32:22;Maximiliano;Nievas;24689990;15/09/2026 13:32:18;7636;Kevin;Arce;Maximiliano Nievas;Kevin Arce
14317354;15/09/2026 16:32:26;3;2;0001  215668-1;02;CAMIONETA JUE 1;2093008;"JA01    ";"JOSE ANACLETO E HIJOS S.A.                        ";CALLE 44 1031;953073;"80-100NI       ";80-100NI - DUCHA EMB. C/TRANSF. NICKEL C.CERAM FABRIC;1;1;1;23413590;150926163222006;183826068;;;;02/08/2032 00:00:00;1;13979236;15/09/2026 16:32:22;Maximiliano;Nievas;24689990;15/09/2026 13:32:18;7636;Kevin;Arce;Maximiliano Nievas;Kevin Arce
14317438;16/09/2026 07:03:04;3;2;0001  215334-1;02;CAMIONETA JUE 2;2094691;"SV01    ";"FERLISE CARLOS Y EDUARDO -SANIT. VIEJO BUENO      ";VIEJO BUENO 299;952720;"61-192         ";61-192 - LAVATORIO ALTO SORIA BLACK;1;1;1;23429322;160926070259403;183950222;;;;07/27/2031 00:00:00;1;13982834;16/09/2026 07:02:59;Maximiliano;Nievas;24705096;16/09/2026 06:20:12;7839;Claudio;Juarez;Maximiliano Nievas;Claudio Juarez
14317438;16/09/2026 07:03:04;3;2;0001  215334-1;02;CAMIONETA JUE 2;2094691;"SV01    ";"FERLISE CARLOS Y EDUARDO -SANIT. VIEJO BUENO      ";VIEJO BUENO 299;954230;"A1452C         ";A1452C - CAÑO DE DUCHA RECTO 150 MM CROMO C/BLISTER;15;15;15;23429322;160926070259403;183950136;;;;07/31/2031 00:00:00;15;13982834;16/09/2026 07:02:59;Maximiliano;Nievas;24705096;16/09/2026 06:20:12;7839;Claudio;Juarez;Maximiliano Nievas;Claudio Juarez
14317439;16/09/2026 07:01:53;3;2;0001  214226-2;02;CAMIONETA JUE 2;2093102;"KP01    ";"KROMACOLOR PINTURERIAS S.R.L.                     ";LARRALDE 3350;956412;"INO102-2       ";"DEPOSITO C/DESCARGA DUAL BLANCO LINEA LOFT                            ";8;8;8;23429778;150926220151235;183952875;;;;02/24/2032 00:00:00;1;13982814;16/09/2026 07:01:51;Mirko;Hernandez;24705855;16/09/2026 06:53:58;7839;Claudio;Juarez;Mirko Hernandez;Claudio Juarez
14317439;16/09/2026 07:01:53;3;2;0001  214226-2;02;CAMIONETA JUE 2;2093102;"KP01    ";"KROMACOLOR PINTURERIAS S.R.L.                     ";LARRALDE 3350;956412;"INO102-2       ";"DEPOSITO C/DESCARGA DUAL BLANCO LINEA LOFT                            ";8;8;8;23429966;150926220014725;183953392;;;;02/24/2032 00:00:00;1;13982816;16/09/2026 07:00:14;Mirko;Hernandez;;;;;;Mirko Hernandez;
14317439;16/09/2026 07:01:53;3;2;0001  214226-2;02;CAMIONETA JUE 2;2093102;"KP01    ";"KROMACOLOR PINTURERIAS S.R.L.                     ";LARRALDE 3350;956412;"INO102-2       ";"DEPOSITO C/DESCARGA DUAL BLANCO LINEA LOFT                            ";8;8;8;23429968;150926220022693;183953412;;;;02/24/2032 00:00:00;1;13982819;16/09/2026 07:00:22;Mirko;Hernandez;;;;;;Mirko Hernandez;
14317439;16/09/2026 07:01:53;3;2;0001  214226-2;02;CAMIONETA JUE 2;2093102;"KP01    ";"KROMACOLOR PINTURERIAS S.R.L.                     ";LARRALDE 3350;956412;"INO102-2       ";"DEPOSITO C/DESCARGA DUAL BLANCO LINEA LOFT                            ";8;8;8;23429969;150926220030298;183953425;;;;02/24/2032 00:00:00;1;13982820;16/09/2026 07:00:30;Mirko;Hernandez;;;;;;Mirko Hernandez;
14317439;16/09/2026 07:01:53;3;2;0001  214226-2;02;CAMIONETA JUE 2;2093102;"KP01    ";"KROMACOLOR PINTURERIAS S.R.L.                     ";LARRALDE 3350;956412;"INO102-2       ";"DEPOSITO C/DESCARGA DUAL BLANCO LINEA LOFT                            ";8;8;8;23429972;150926220040228;183953438;;;;02/24/2032 00:00:00;1;13982823;16/09/2026 07:00:40;Mirko;Hernandez;;;;;;Mirko Hernandez;
14317439;16/09/2026 07:01:53;3;2;0001  214226-2;02;CAMIONETA JUE 2;2093102;"KP01    ";"KROMACOLOR PINTURERIAS S.R.L.                     ";LARRALDE 3350;956412;"INO102-2       ";"DEPOSITO C/DESCARGA DUAL BLANCO LINEA LOFT                            ";8;8;8;23429982;150926220056473;183953464;;;;02/24/2032 00:00:00;1;13982828;16/09/2026 07:00:56;Mirko;Hernandez;;;;;;Mirko Hernandez;
14317439;16/09/2026 07:01:53;3;2;0001  214226-2;02;CAMIONETA JUE 2;2093102;"KP01    ";"KROMACOLOR PINTURERIAS S.R.L.                     ";LARRALDE 3350;956412;"INO102-2       ";"DEPOSITO C/DESCARGA DUAL BLANCO LINEA LOFT                            ";8;8;8;23429996;150926220127507;183953513;;;;02/24/2032 00:00:00;1;13982831;16/09/2026 07:01:27;Mirko;Hernandez;;;;;;Mirko Hernandez;
14317439;16/09/2026 07:01:53;3;2;0001  214226-2;02;CAMIONETA JUE 2;2093102;"KP01    ";"KROMACOLOR PINTURERIAS S.R.L.                     ";LARRALDE 3350;956412;"INO102-2       ";"DEPOSITO C/DESCARGA DUAL BLANCO LINEA LOFT                            ";8;8;8;23430001;150926220140704;183953532;;;;02/24/2032 00:00:00;1;13982833;16/09/2026 07:01:40;Mirko;Hernandez;;;;;;Mirko Hernandez;
14317440;16/09/2026 07:32:26;3;2;0001  215379-1;02;CAMIONETA JUE 2;2094551;"SM26    ";"SANCHEZ M. Y NUÑEZ M. S.H. - SANITARIOS NUSAN     ";CALLE 7 2534;951488;"20-102         ";"20-102 - MONOCOMANDO MESADA CROMO ""RENACER""";10;10;10;23429323;150926222739135;183949849;;;;08/20/2031 00:00:00;10;13983080;16/09/2026 07:27:39;Mirko;Hernandez;24705096;16/09/2026 06:20:12;7839;Claudio;Juarez;Mirko Hernandez;Claudio Juarez
14317440;16/09/2026 07:32:26;3;2;0001  215379-1;02;CAMIONETA JUE 2;2094551;"SM26    ";"SANCHEZ M. Y NUÑEZ M. S.H. - SANITARIOS NUSAN     ";CALLE 7 2534;953437;"914/CR         ";914/CR - JGO.MDA.P.CAÑO CR ARES;10;10;10;23429364;150926223226122;183952704;;;;02/29/2032 00:00:00;10;13983089;16/09/2026 07:32:26;Mirko;Hernandez;24705129;16/09/2026 07:01:51;7827;Javier;Machado;Mirko Hernandez;Javier Machado
14317440;16/09/2026 07:32:26;3;2;0001  215379-1;02;CAMIONETA JUE 2;2094551;"SM26    ";"SANCHEZ M. Y NUÑEZ M. S.H. - SANITARIOS NUSAN     ";CALLE 7 2534;952453;"51-131         ";51-131 - MESADA BIMANDO CR C.CERAM MALLORCA;4;4;4;23430599;150926222823444;183957333;;;;01/31/2032 00:00:00;3;13983098;16/09/2026 07:28:23;Mirko;Hernandez;;;;;;Mirko Hernandez;
14317440;16/09/2026 07:32:26;3;2;0001  215379-1;02;CAMIONETA JUE 2;2094551;"SM26    ";"SANCHEZ M. Y NUÑEZ M. S.H. - SANITARIOS NUSAN     ";CALLE 7 2534;952452;"51-122         ";51-122 - MESADA BIMANDO CR C.CERAM VALENCIA;4;4;4;23430606;150926222844349;183957395;;;;02/01/2032 00:00:00;2;13983103;16/09/2026 07:28:44;Mirko;Hernandez;;;;;;Mirko Hernandez;
14317440;16/09/2026 07:32:26;3;2;0001  215379-1;02;CAMIONETA JUE 2;2094551;"SM26    ";"SANCHEZ M. Y NUÑEZ M. S.H. - SANITARIOS NUSAN     ";CALLE 7 2534;952453;"51-131         ";51-131 - MESADA BIMANDO CR C.CERAM MALLORCA;4;4;4;23430606;150926222844349;183952245;;;;01/31/2032 00:00:00;1;13983103;16/09/2026 07:28:44;Mirko;Hernandez;;;;;;Mirko Hernandez;
14317440;16/09/2026 07:32:26;3;2;0001  215379-1;02;CAMIONETA JUE 2;2094551;"SM26    ";"SANCHEZ M. Y NUÑEZ M. S.H. - SANITARIOS NUSAN     ";CALLE 7 2534;952452;"51-122         ";51-122 - MESADA BIMANDO CR C.CERAM VALENCIA;4;4;4;23430620;150926222914780;183951215;;;;02/01/2032 00:00:00;2;13983112;16/09/2026 07:29:14;Mirko;Hernandez;;;;;;Mirko Hernandez;
14317440;16/09/2026 07:32:26;3;2;0001  215379-1;02;CAMIONETA JUE 2;2094551;"SM26    ";"SANCHEZ M. Y NUÑEZ M. S.H. - SANITARIOS NUSAN     ";CALLE 7 2534;952438;"51-058         ";51-058 - COCINA MESADA CR C.STD MALBA;10;10;10;23430704;150926223124441;183950366;;;;10/19/2031 00:00:00;10;13983142;16/09/2026 07:31:24;Mirko;Hernandez;;;;;;Mirko Hernandez;
14317441;16/09/2026 07:23:28;3;2;0001  215367-1;02;CAMIONETA JUE 2;2091610;"CE23    ";"CEFALU S.A.                                       ";AV. CARLOS PELLEGRINI ESQ. AV LA PLATA 1901;952956;"70-205         ";70-205 - BIDE MONOCOMANDO STEEL;6;6;6;23429537;160926072125300;183951404;;;;11/08/2031 00:00:00;6;13982852;16/09/2026 07:21:25;Maximiliano;Nievas;24705355;16/09/2026 06:46:15;7839;Claudio;Juarez;Maximiliano Nievas;Claudio Juarez
14317441;16/09/2026 07:23:28;3;2;0001  215367-1;02;CAMIONETA JUE 2;2091610;"CE23    ";"CEFALU S.A.                                       ";AV. CARLOS PELLEGRINI ESQ. AV LA PLATA 1901;954914;"BCH12          ";BCH12 - BACHA DE APOYAR BLANCA 460x320x140;5;5;5;23429583;160926072325987;183951078;;;;11/10/2031 00:00:00;1;13983016;16/09/2026 07:23:25;Maximiliano;Nievas;24705420;16/09/2026 06:29:17;6419;Tiago;Rodriguez;Maximiliano Nievas;Tiago Rodriguez
14317441;16/09/2026 07:23:28;3;2;0001  215367-1;02;CAMIONETA JUE 2;2091610;"CE23    ";"CEFALU S.A.                                       ";AV. CARLOS PELLEGRINI ESQ. AV LA PLATA 1901;951259;"16006BL        ";16006BL - SET 6 PIEZAS ACCESORIOS LINEA 16000 BLACK;5;5;5;23430132;160926070842211;183951816;;;;07/27/2031 00:00:00;5;13982885;16/09/2026 07:08:42;Maximiliano;Nievas;;;;;;Maximiliano Nievas;
14317441;16/09/2026 07:23:28;3;2;0001  215367-1;02;CAMIONETA JUE 2;2091610;"CE23    ";"CEFALU S.A.                                       ";AV. CARLOS PELLEGRINI ESQ. AV LA PLATA 1901;951324;"19006          ";19006 - SET DE 6 PIEZAS LINEA 19000;5;5;5;23430132;160926070842211;183950866;;;;07/28/2031 00:00:00;5;13982885;16/09/2026 07:08:42;Maximiliano;Nievas;;;;;;Maximiliano Nievas;
14317441;16/09/2026 07:23:28;3;2;0001  215367-1;02;CAMIONETA JUE 2;2091610;"CE23    ";"CEFALU S.A.                                       ";AV. CARLOS PELLEGRINI ESQ. AV LA PLATA 1901;951318;"18040          ";18040 - PORTA ROLLO NIQUEL LINEA BEAT;3;3;3;23430382;160926071740186;183950971;;;;07/28/2031 00:00:00;3;13982960;16/09/2026 07:17:40;Maximiliano;Nievas;;;;;;Maximiliano Nievas;
14317441;16/09/2026 07:23:28;3;2;0001  215367-1;02;CAMIONETA JUE 2;2091610;"CE23    ";"CEFALU S.A.                                       ";AV. CARLOS PELLEGRINI ESQ. AV LA PLATA 1901;951312;"18010          ";18010 - TOALLERO BARRAL NIQUEL LINEA BEAT;5;5;5;23430382;160926071740186;183950930;;;;07/29/2031 00:00:00;5;13982960;16/09/2026 07:17:40;Maximiliano;Nievas;;;;;;Maximiliano Nievas;
14317441;16/09/2026 07:23:28;3;2;0001  215367-1;02;CAMIONETA JUE 2;2091610;"CE23    ";"CEFALU S.A.                                       ";AV. CARLOS PELLEGRINI ESQ. AV LA PLATA 1901;952679;"60-205         ";60-205 - LAVATORIO MONOC BAJO STEEL;5;5;5;23430391;160926071754791;183951161;;;;07/28/2031 00:00:00;5;13982963;16/09/2026 07:17:54;Maximiliano;Nievas;;;;;;Maximiliano Nievas;
14317441;16/09/2026 07:23:28;3;2;0001  215367-1;02;CAMIONETA JUE 2;2091610;"CE23    ";"CEFALU S.A.                                       ";AV. CARLOS PELLEGRINI ESQ. AV LA PLATA 1901;952725;"61-200N        ";61-200N - LAVATORIO MONOC ALTO FABRIC BLACK;6;6;6;23430415;160926071842360;183951661;;;;07/28/2031 00:00:00;6;13982976;16/09/2026 07:18:42;Maximiliano;Nievas;;;;;;Maximiliano Nievas;
14317441;16/09/2026 07:23:28;3;2;0001  215367-1;02;CAMIONETA JUE 2;2091610;"CE23    ";"CEFALU S.A.                                       ";AV. CARLOS PELLEGRINI ESQ. AV LA PLATA 1901;952728;"61-205         ";61-205 - LAVATORIO MONOC ALTO STEEL;5;5;5;23430421;160926071905678;183951320;;;;07/28/2031 00:00:00;5;13982978;16/09/2026 07:19:05;Maximiliano;Nievas;;;;;;Maximiliano Nievas;
14317441;16/09/2026 07:23:28;3;2;0001  215367-1;02;CAMIONETA JUE 2;2091610;"CE23    ";"CEFALU S.A.                                       ";AV. CARLOS PELLEGRINI ESQ. AV LA PLATA 1901;951327;"19030          ";19030 - PERCHA LINEA 19000;5;5;5;23430453;160926072039303;183951502;;;;07/29/2031 00:00:00;5;13982995;16/09/2026 07:20:39;Maximiliano;Nievas;;;;;;Maximiliano Nievas;
14317441;16/09/2026 07:23:28;3;2;0001  215367-1;02;CAMIONETA JUE 2;2091610;"CE23    ";"CEFALU S.A.                                       ";AV. CARLOS PELLEGRINI ESQ. AV LA PLATA 1901;954914;"BCH12          ";BCH12 - BACHA DE APOYAR BLANCA 460x320x140;5;5;5;23430503;160926072250190;183956427;;;;11/10/2031 00:00:00;1;13983020;16/09/2026 07:22:50;Maximiliano;Nievas;;;;;;Maximiliano Nievas;
14317441;16/09/2026 07:23:28;3;2;0001  215367-1;02;CAMIONETA JUE 2;2091610;"CE23    ";"CEFALU S.A.                                       ";AV. CARLOS PELLEGRINI ESQ. AV LA PLATA 1901;954914;"BCH12          ";BCH12 - BACHA DE APOYAR BLANCA 460x320x140;5;5;5;23430505;160926072258768;183956447;;;;11/10/2031 00:00:00;1;13983025;16/09/2026 07:22:58;Maximiliano;Nievas;;;;;;Maximiliano Nievas;
14317441;16/09/2026 07:23:28;3;2;0001  215367-1;02;CAMIONETA JUE 2;2091610;"CE23    ";"CEFALU S.A.                                       ";AV. CARLOS PELLEGRINI ESQ. AV LA PLATA 1901;954914;"BCH12          ";BCH12 - BACHA DE APOYAR BLANCA 460x320x140;5;5;5;23430508;160926072310599;183956477;;;;11/10/2031 00:00:00;1;13983031;16/09/2026 07:23:10;Maximiliano;Nievas;;;;;;Maximiliano Nievas;
14317441;16/09/2026 07:23:28;3;2;0001  215367-1;02;CAMIONETA JUE 2;2091610;"CE23    ";"CEFALU S.A.                                       ";AV. CARLOS PELLEGRINI ESQ. AV LA PLATA 1901;954914;"BCH12          ";BCH12 - BACHA DE APOYAR BLANCA 460x320x140;5;5;5;23430511;160926072318244;183956500;;;;11/10/2031 00:00:00;1;13983034;16/09/2026 07:23:18;Maximiliano;Nievas;;;;;;Maximiliano Nievas;
14317442;16/09/2026 07:26:36;3;2;0001  215290-1;02;CAMIONETA JUE 2;2132241;"DF08    ";"DE FREITA BRAIAN O- DF HOGAR                      ";SANTIAGO DEL ESTERO 2039;952582;"60-057         ";60-057 - LAVATORIO C.STD VERIN PLUS;3;3;3;23429365;150926222602123;183950219;;;;01/31/2032 00:00:00;1;13983009;16/09/2026 07:26:02;Mirko;Hernandez;24705129;16/09/2026 07:01:51;7827;Javier;Machado;Mirko Hernandez;Javier Machado
14317442;16/09/2026 07:26:36;3;2;0001  215290-1;02;CAMIONETA JUE 2;2132241;"DF08    ";"DE FREITA BRAIAN O- DF HOGAR                      ";SANTIAGO DEL ESTERO 2039;952860;"70-057         ";70-057 - BIDE C.STD VERIN PLUS;3;3;3;23429365;150926222602123;183950244;;;;01/31/2032 00:00:00;2;13983009;16/09/2026 07:26:02;Mirko;Hernandez;24705129;16/09/2026 07:01:51;7827;Javier;Machado;Mirko Hernandez;Javier Machado
14317442;16/09/2026 07:26:36;3;2;0001  215290-1;02;CAMIONETA JUE 2;2132241;"DF08    ";"DE FREITA BRAIAN O- DF HOGAR                      ";SANTIAGO DEL ESTERO 2039;952913;"70-162N        ";70-162N - BIDE BLACK C.CERAM LINEA ADRA;2;2;2;23429365;150926222602123;183951401;;;;12/08/2031 00:00:00;1;13983009;16/09/2026 07:26:02;Mirko;Hernandez;24705129;16/09/2026 07:01:51;7827;Javier;Machado;Mirko Hernandez;Javier Machado
14317442;16/09/2026 07:26:36;3;2;0001  215290-1;02;CAMIONETA JUE 2;2132241;"DF08    ";"DE FREITA BRAIAN O- DF HOGAR                      ";SANTIAGO DEL ESTERO 2039;952712;"61-176         ";61-176 - LAVATORIO MONOC ALTO CR RIO;2;2;2;23429401;150926222633488;183949974;;;;10/09/2031 00:00:00;2;13983076;16/09/2026 07:26:33;Mirko;Hernandez;24705169;16/09/2026 06:10:31;7807;Nicolas;Perez;Mirko Hernandez;Nicolas Perez
14317442;16/09/2026 07:26:36;3;2;0001  215290-1;02;CAMIONETA JUE 2;2132241;"DF08    ";"DE FREITA BRAIAN O- DF HOGAR                      ";SANTIAGO DEL ESTERO 2039;953235;"81-166         ";81-166 - DUCHA EMB. S/TRANSF. CR C.CERAM ADRA PLUS;2;2;2;23430497;150926222241577;183953489;;;;07/31/2031 00:00:00;2;13983017;16/09/2026 07:22:41;Mirko;Hernandez;;;;;;Mirko Hernandez;
14317442;16/09/2026 07:26:36;3;2;0001  215290-1;02;CAMIONETA JUE 2;2132241;"DF08    ";"DE FREITA BRAIAN O- DF HOGAR                      ";SANTIAGO DEL ESTERO 2039;953110;"80-166N        ";80-166N - DUCHA EMB. C/TRANSF. BLACK C.CERAM ADRA PLUS;2;2;2;23430497;150926222241577;183956397;;;;01/07/2032 00:00:00;1;13983017;16/09/2026 07:22:41;Mirko;Hernandez;;;;;;Mirko Hernandez;
14317442;16/09/2026 07:26:36;3;2;0001  215290-1;02;CAMIONETA JUE 2;2132241;"DF08    ";"DE FREITA BRAIAN O- DF HOGAR                      ";SANTIAGO DEL ESTERO 2039;953109;"80-166         ";"DUCHA EMB. C/TRANSF. CR C.CERAM ADRA PLUS                             ";2;2;2;23430497;150926222241577;183956396;;;;01/19/2032 00:00:00;1;13983017;16/09/2026 07:22:41;Mirko;Hernandez;;;;;;Mirko Hernandez;
14317442;16/09/2026 07:26:36;3;2;0001  215290-1;02;CAMIONETA JUE 2;2132241;"DF08    ";"DE FREITA BRAIAN O- DF HOGAR                      ";SANTIAGO DEL ESTERO 2039;953110;"80-166N        ";80-166N - DUCHA EMB. C/TRANSF. BLACK C.CERAM ADRA PLUS;2;2;2;23430506;150926222305914;183951451;;;;01/07/2032 00:00:00;1;13983029;16/09/2026 07:23:05;Mirko;Hernandez;;;;;;Mirko Hernandez;
14317442;16/09/2026 07:26:36;3;2;0001  215290-1;02;CAMIONETA JUE 2;2132241;"DF08    ";"DE FREITA BRAIAN O- DF HOGAR                      ";SANTIAGO DEL ESTERO 2039;953109;"80-166         ";"DUCHA EMB. C/TRANSF. CR C.CERAM ADRA PLUS                             ";2;2;2;23430506;150926222305914;183950421;;;;01/19/2032 00:00:00;1;13983029;16/09/2026 07:23:05;Mirko;Hernandez;;;;;;Mirko Hernandez;
14317442;16/09/2026 07:26:36;3;2;0001  215290-1;02;CAMIONETA JUE 2;2132241;"DF08    ";"DE FREITA BRAIAN O- DF HOGAR                      ";SANTIAGO DEL ESTERO 2039;952913;"70-162N        ";70-162N - BIDE BLACK C.CERAM LINEA ADRA;2;2;2;23430556;150926222536243;183956864;;;;12/08/2031 00:00:00;1;13983066;16/09/2026 07:25:36;Mirko;Hernandez;;;;;;Mirko Hernandez;
14317442;16/09/2026 07:26:36;3;2;0001  215290-1;02;CAMIONETA JUE 2;2132241;"DF08    ";"DE FREITA BRAIAN O- DF HOGAR                      ";SANTIAGO DEL ESTERO 2039;952912;"70-162         ";70-162 - BIDE CR C.CERAM LINEA ADRA;2;2;2;23430556;150926222536243;183950020;;;;07/29/2031 00:00:00;2;13983066;16/09/2026 07:25:36;Mirko;Hernandez;;;;;;Mirko Hernandez;
14317442;16/09/2026 07:26:36;3;2;0001  215290-1;02;CAMIONETA JUE 2;2132241;"DF08    ";"DE FREITA BRAIAN O- DF HOGAR                      ";SANTIAGO DEL ESTERO 2039;952860;"70-057         ";70-057 - BIDE C.STD VERIN PLUS;3;3;3;23430556;150926222536243;183956863;;;;01/31/2032 00:00:00;1;13983066;16/09/2026 07:25:36;Mirko;Hernandez;;;;;;Mirko Hernandez;
14317442;16/09/2026 07:26:36;3;2;0001  215290-1;02;CAMIONETA JUE 2;2132241;"DF08    ";"DE FREITA BRAIAN O- DF HOGAR                      ";SANTIAGO DEL ESTERO 2039;952635;"60-162N        ";60-162N - LAVATORIO BLACK C.CERAM LINEA ADRA;2;2;2;23430556;150926222536243;183950824;;;;11/03/2031 00:00:00;2;13983066;16/09/2026 07:25:36;Mirko;Hernandez;;;;;;Mirko Hernandez;
14317442;16/09/2026 07:26:36;3;2;0001  215290-1;02;CAMIONETA JUE 2;2132241;"DF08    ";"DE FREITA BRAIAN O- DF HOGAR                      ";SANTIAGO DEL ESTERO 2039;952634;"60-162         ";60-162 - LAVATORIO CR C.CERAM LINEA ADRA;2;2;2;23430556;150926222536243;183949913;;;;07/29/2031 00:00:00;2;13983066;16/09/2026 07:25:36;Mirko;Hernandez;;;;;;Mirko Hernandez;
14317442;16/09/2026 07:26:36;3;2;0001  215290-1;02;CAMIONETA JUE 2;2132241;"DF08    ";"DE FREITA BRAIAN O- DF HOGAR                      ";SANTIAGO DEL ESTERO 2039;952582;"60-057         ";60-057 - LAVATORIO C.STD VERIN PLUS;3;3;3;23430556;150926222536243;183956862;;;;01/31/2032 00:00:00;2;13983066;16/09/2026 07:25:36;Mirko;Hernandez;;;;;;Mirko Hernandez;
14317443;16/09/2026 06:59:42;3;2;0001  215497-1;02;CAMIONETA JUE 2;2094691;"SV01    ";"FERLISE CARLOS Y EDUARDO -SANIT. VIEJO BUENO      ";VIEJO BUENO 299;954232;"A1452G         ";A1452G - CAÑO DE DUCHA RECTO 150 MM GOLD C/BLISTER;1;1;1;23429402;160926065941701;183950014;;;;01/27/2032 00:00:00;1;13982808;16/09/2026 06:59:41;Maximiliano;Nievas;24705169;16/09/2026 06:10:31;7807;Nicolas;Perez;Maximiliano Nievas;Nicolas Perez
14317444;16/09/2026 07:00:22;3;2;0001  215523-1;02;CAMIONETA JUE 2;2094691;"SV01    ";"FERLISE CARLOS Y EDUARDO -SANIT. VIEJO BUENO      ";VIEJO BUENO 299;952720;"61-192         ";61-192 - LAVATORIO ALTO SORIA BLACK;1;1;1;23429403;160926070022307;183949999;;;;07/27/2031 00:00:00;1;13982817;16/09/2026 07:00:22;Maximiliano;Nievas;24705169;16/09/2026 06:10:31;7807;Nicolas;Perez;Maximiliano Nievas;Nicolas Perez
14317445;16/09/2026 06:57:05;3;2;0001  215578-1;02;CAMIONETA JUE 2;2092441;"FE15    ";"FEDAN S.A.                                        ";LAPRIDA  esq GARCIA 151;951302;"17040C         ";17040C - PORTA ROLLO LINEA FABRIC CROMO;7;7;7;23429324;160926065705542;183949962;;;;07/29/2031 00:00:00;7;13982785;16/09/2026 06:57:05;Maximiliano;Nievas;24705096;16/09/2026 06:20:12;7839;Claudio;Juarez;Maximiliano Nievas;Claudio Juarez
14317445;16/09/2026 06:57:05;3;2;0001  215578-1;02;CAMIONETA JUE 2;2092441;"FE15    ";"FEDAN S.A.                                        ";LAPRIDA  esq GARCIA 151;951299;"17030C         ";17030C - PERCHA LINEA FABRIC CROMO;18;18;18;23429324;160926065705542;183950021;;;;11/10/2031 00:00:00;6;13982785;16/09/2026 06:57:05;Maximiliano;Nievas;24705096;16/09/2026 06:20:12;7839;Claudio;Juarez;Maximiliano Nievas;Claudio Juarez
14317445;16/09/2026 06:57:05;3;2;0001  215578-1;02;CAMIONETA JUE 2;2092441;"FE15    ";"FEDAN S.A.                                        ";LAPRIDA  esq GARCIA 151;951299;"17030C         ";17030C - PERCHA LINEA FABRIC CROMO;18;18;18;23429863;160926065600283;183953051;;;;11/10/2031 00:00:00;12;13982792;16/09/2026 06:56:00;Maximiliano;Nievas;;;;;;Maximiliano Nievas;
14317446;16/09/2026 07:01:09;3;2;0001  215581-1;02;CAMIONETA JUE 2;2094551;"SM26    ";"SANCHEZ M. Y NUÑEZ M. S.H. - SANITARIOS NUSAN     ";CALLE 7 2534;953354;"85-201NI       ";85-201NI - DUCHA EMB C/TRANSF Y DUCHADOR C.CERAM BEAT NICKEL;1;1;1;23429419;160926070108947;183950270;;;;02/10/2032 00:00:00;1;13982826;16/09/2026 07:01:08;Maximiliano;Nievas;24705190;16/09/2026 06:21:41;7636;Kevin;Arce;Maximiliano Nievas;Kevin Arce
14317447;16/09/2026 07:03:57;3;2;0001  215608-1;02;CAMIONETA JUE 2;2091610;"CE23    ";"CEFALU S.A.                                       ";AV. CARLOS PELLEGRINI ESQ. AV LA PLATA 1901;951324;"19006          ";19006 - SET DE 6 PIEZAS LINEA 19000;5;5;5;23429325;160926070357174;183950435;;;;07/28/2031 00:00:00;5;13982844;16/09/2026 07:03:57;Maximiliano;Nievas;24705096;16/09/2026 06:20:12;7839;Claudio;Juarez;Maximiliano Nievas;Claudio Juarez
14317448;16/09/2026 07:20:06;3;2;0001  215597-1;02;CAMIONETA JUE 2;2091610;"CE23    ";"CEFALU S.A.                                       ";AV. CARLOS PELLEGRINI ESQ. AV LA PLATA 1901;952636;"60-163         ";60-163 - LAVATORIO CR C.CERAM SENA;1;1;1;23429366;150926221330619;183950657;;;;07/29/2031 00:00:00;1;13982912;16/09/2026 07:13:30;Mirko;Hernandez;24705129;16/09/2026 07:01:51;7827;Javier;Machado;Mirko Hernandez;Javier Machado
14317448;16/09/2026 07:20:06;3;2;0001  215597-1;02;CAMIONETA JUE 2;2091610;"CE23    ";"CEFALU S.A.                                       ";AV. CARLOS PELLEGRINI ESQ. AV LA PLATA 1901;953136;"80-190P        ";80-190P - DUCHA EMB. C/TRANSF. C.CERAM BLACK VELVET PLUS;2;2;2;23429366;150926221330619;183951710;;;;07/30/2031 00:00:00;2;13982912;16/09/2026 07:13:30;Mirko;Hernandez;24705129;16/09/2026 07:01:51;7827;Javier;Machado;Mirko Hernandez;Javier Machado
14317448;16/09/2026 07:20:06;3;2;0001  215597-1;02;CAMIONETA JUE 2;2091610;"CE23    ";"CEFALU S.A.                                       ";AV. CARLOS PELLEGRINI ESQ. AV LA PLATA 1901;952914;"70-163         ";70-163 - BIDE CR C.CERAM SENA;1;1;1;23429366;150926221330619;183950696;;;;07/27/2031 00:00:00;1;13982912;16/09/2026 07:13:30;Mirko;Hernandez;24705129;16/09/2026 07:01:51;7827;Javier;Machado;Mirko Hernandez;Javier Machado
14317448;16/09/2026 07:20:06;3;2;0001  215597-1;02;CAMIONETA JUE 2;2091610;"CE23    ";"CEFALU S.A.                                       ";AV. CARLOS PELLEGRINI ESQ. AV LA PLATA 1901;953083;"80-122         ";80-122 - DUCHA EMB.C/TRANSF. C.CERAM CR VALENCIA;1;1;1;23429366;150926221330619;183950888;;;;07/31/2031 00:00:00;1;13982912;16/09/2026 07:13:30;Mirko;Hernandez;24705129;16/09/2026 07:01:51;7827;Javier;Machado;Mirko Hernandez;Javier Machado
14317448;16/09/2026 07:20:06;3;2;0001  215597-1;02;CAMIONETA JUE 2;2091610;"CE23    ";"CEFALU S.A.                                       ";AV. CARLOS PELLEGRINI ESQ. AV LA PLATA 1901;950974;"10005BL        ";"SET DE 5 PIEZAS LINEA 10000 BLACK                                     ";22;22;22;23429535;150926222003010;183951955;;;;07/28/2031 00:00:00;10;13982941;16/09/2026 07:20:03;Mirko;Hernandez;24705354;16/09/2026 06:41:39;7636;Kevin;Arce;Mirko Hernandez;Kevin Arce
14317448;16/09/2026 07:20:06;3;2;0001  215597-1;02;CAMIONETA JUE 2;2091610;"CE23    ";"CEFALU S.A.                                       ";AV. CARLOS PELLEGRINI ESQ. AV LA PLATA 1901;952610;"60-122         ";60-122 - LAVATORIO C.CERAM CR VALENCIA;5;5;5;23430231;150926221225986;183950947;;;;12/10/2031 00:00:00;5;13982926;16/09/2026 07:12:25;Mirko;Hernandez;;;;;;Mirko Hernandez;
14317448;16/09/2026 07:20:06;3;2;0001  215597-1;02;CAMIONETA JUE 2;2091610;"CE23    ";"CEFALU S.A.                                       ";AV. CARLOS PELLEGRINI ESQ. AV LA PLATA 1901;952888;"70-122         ";70-122 - BIDE C.CERAM CR VALENCIA;5;5;5;23430231;150926221225986;183951055;;;;10/26/2031 00:00:00;5;13982926;16/09/2026 07:12:25;Mirko;Hernandez;;;;;;Mirko Hernandez;
14317448;16/09/2026 07:20:06;3;2;0001  215597-1;02;CAMIONETA JUE 2;2091610;"CE23    ";"CEFALU S.A.                                       ";AV. CARLOS PELLEGRINI ESQ. AV LA PLATA 1901;952933;"70-183         ";"BIDE MONOCOMANDO C/TRANSF MAT                                         ";5;5;5;23430347;150926221608305;183951552;;;;11/02/2031 00:00:00;5;13982948;16/09/2026 07:16:08;Mirko;Hernandez;;;;;;Mirko Hernandez;
14317448;16/09/2026 07:20:06;3;2;0001  215597-1;02;CAMIONETA JUE 2;2091610;"CE23    ";"CEFALU S.A.                                       ";AV. CARLOS PELLEGRINI ESQ. AV LA PLATA 1901;952725;"61-200N        ";61-200N - LAVATORIO MONOC ALTO FABRIC BLACK;5;5;5;23430360;150926221645430;183951306;;;;07/28/2031 00:00:00;5;13982953;16/09/2026 07:16:45;Mirko;Hernandez;;;;;;Mirko Hernandez;
14317448;16/09/2026 07:20:06;3;2;0001  215597-1;02;CAMIONETA JUE 2;2091610;"CE23    ";"CEFALU S.A.                                       ";AV. CARLOS PELLEGRINI ESQ. AV LA PLATA 1901;952719;"61-183         ";"LAVATORIO MONOCOMANDO ALTO MAT                                        ";5;5;5;23430379;150926221724957;183951648;;;;11/02/2031 00:00:00;5;13982959;16/09/2026 07:17:24;Mirko;Hernandez;;;;;;Mirko Hernandez;
14317448;16/09/2026 07:20:06;3;2;0001  215597-1;02;CAMIONETA JUE 2;2091610;"CE23    ";"CEFALU S.A.                                       ";AV. CARLOS PELLEGRINI ESQ. AV LA PLATA 1901;951327;"19030          ";19030 - PERCHA LINEA 19000;22;22;22;23430396;150926221759876;183955603;;;;07/29/2031 00:00:00;12;13982964;16/09/2026 07:17:59;Mirko;Hernandez;;;;;;Mirko Hernandez;
14317448;16/09/2026 07:20:06;3;2;0001  215597-1;02;CAMIONETA JUE 2;2091610;"CE23    ";"CEFALU S.A.                                       ";AV. CARLOS PELLEGRINI ESQ. AV LA PLATA 1901;950974;"10005BL        ";"SET DE 5 PIEZAS LINEA 10000 BLACK                                     ";22;22;22;23430410;150926221827017;183955681;;;;07/28/2031 00:00:00;2;13982972;16/09/2026 07:18:27;Mirko;Hernandez;;;;;;Mirko Hernandez;
14317448;16/09/2026 07:20:06;3;2;0001  215597-1;02;CAMIONETA JUE 2;2091610;"CE23    ";"CEFALU S.A.                                       ";AV. CARLOS PELLEGRINI ESQ. AV LA PLATA 1901;951327;"19030          ";19030 - PERCHA LINEA 19000;22;22;22;23430423;150926221918312;183950844;;;;07/29/2031 00:00:00;10;13982981;16/09/2026 07:19:18;Mirko;Hernandez;;;;;;Mirko Hernandez;
14317448;16/09/2026 07:20:06;3;2;0001  215597-1;02;CAMIONETA JUE 2;2091610;"CE23    ";"CEFALU S.A.                                       ";AV. CARLOS PELLEGRINI ESQ. AV LA PLATA 1901;950974;"10005BL        ";"SET DE 5 PIEZAS LINEA 10000 BLACK                                     ";22;22;22;23430439;150926221946166;183955919;;;;07/28/2031 00:00:00;10;13982984;16/09/2026 07:19:46;Mirko;Hernandez;;;;;;Mirko Hernandez;
14317449;16/09/2026 06:54:14;3;2;0001  215683-1;02;CAMIONETA JUE 2;2094691;"SV01    ";"FERLISE CARLOS Y EDUARDO -SANIT. VIEJO BUENO      ";VIEJO BUENO 299;952938;"70-192         ";70-192 - BIDE SORIA BLACK;1;1;1;23429326;160926065246460;183950191;;;;07/27/2031 00:00:00;1;13982761;16/09/2026 06:52:46;Maximiliano;Nievas;24705096;16/09/2026 06:20:12;7839;Claudio;Juarez;Maximiliano Nievas;Claudio Juarez
14317449;16/09/2026 06:54:14;3;2;0001  215683-1;02;CAMIONETA JUE 2;2094691;"SV01    ";"FERLISE CARLOS Y EDUARDO -SANIT. VIEJO BUENO      ";VIEJO BUENO 299;952951;"70-200N        ";70-200N - BIDE MONOCOMANDO BLACK FABRIC;1;1;1;23429326;160926065246460;183950055;;;;09/06/2031 00:00:00;1;13982761;16/09/2026 06:52:46;Maximiliano;Nievas;24705096;16/09/2026 06:20:12;7839;Claudio;Juarez;Maximiliano Nievas;Claudio Juarez
14317449;16/09/2026 06:54:14;3;2;0001  215683-1;02;CAMIONETA JUE 2;2094691;"SV01    ";"FERLISE CARLOS Y EDUARDO -SANIT. VIEJO BUENO      ";VIEJO BUENO 299;957391;"RA002          ";RA002 - CABEZAL DERECHO CIERRE CERAMICO (FRIA);2;2;2;23429326;160926065246460;183949831;;;;02/03/2032 00:00:00;2;13982761;16/09/2026 06:52:46;Maximiliano;Nievas;24705096;16/09/2026 06:20:12;7839;Claudio;Juarez;Maximiliano Nievas;Claudio Juarez
14317449;16/09/2026 06:54:14;3;2;0001  215683-1;02;CAMIONETA JUE 2;2094691;"SV01    ";"FERLISE CARLOS Y EDUARDO -SANIT. VIEJO BUENO      ";VIEJO BUENO 299;957392;"RA003          ";RA003 - CABEZAL IZQUIERDO CIERRE CERAMICO (CALIENTE);2;2;2;23429326;160926065246460;183949826;;;;09/16/2031 00:00:00;2;13982761;16/09/2026 06:52:46;Maximiliano;Nievas;24705096;16/09/2026 06:20:12;7839;Claudio;Juarez;Maximiliano Nievas;Claudio Juarez
14317449;16/09/2026 06:54:14;3;2;0001  215683-1;02;CAMIONETA JUE 2;2094691;"SV01    ";"FERLISE CARLOS Y EDUARDO -SANIT. VIEJO BUENO      ";VIEJO BUENO 299;953168;"80-329         ";80-329 - DUCHA DE EMB 3 FUNCIONES CASTILLA;1;1;1;23429420;160926065413738;183950388;;;;03/01/2032 00:00:00;1;13982775;16/09/2026 06:54:13;Maximiliano;Nievas;24705190;16/09/2026 06:21:41;7636;Kevin;Arce;Maximiliano Nievas;Kevin Arce
14317449;16/09/2026 06:54:14;3;2;0001  215683-1;02;CAMIONETA JUE 2;2094691;"SV01    ";"FERLISE CARLOS Y EDUARDO -SANIT. VIEJO BUENO      ";VIEJO BUENO 299;952909;"70-153         ";70-153 - BIDE CR C.CERAM CASTILLA;2;2;2;23429420;160926065413738;183950414;;;;10/20/2031 00:00:00;2;13982775;16/09/2026 06:54:13;Maximiliano;Nievas;24705190;16/09/2026 06:21:41;7636;Kevin;Arce;Maximiliano Nievas;Kevin Arce
14317449;16/09/2026 06:54:14;3;2;0001  215683-1;02;CAMIONETA JUE 2;2094691;"SV01    ";"FERLISE CARLOS Y EDUARDO -SANIT. VIEJO BUENO      ";VIEJO BUENO 299;952636;"60-163         ";60-163 - LAVATORIO CR C.CERAM SENA;1;1;1;23429420;160926065413738;183950179;;;;07/29/2031 00:00:00;1;13982775;16/09/2026 06:54:13;Maximiliano;Nievas;24705190;16/09/2026 06:21:41;7636;Kevin;Arce;Maximiliano Nievas;Kevin Arce
14317449;16/09/2026 06:54:14;3;2;0001  215683-1;02;CAMIONETA JUE 2;2094691;"SV01    ";"FERLISE CARLOS Y EDUARDO -SANIT. VIEJO BUENO      ";VIEJO BUENO 299;952631;"60-153         ";60-153 - LAVATORIO CR C.CERAMICO CASTILLA;1;1;1;23429420;160926065413738;183950432;;;;11/23/2031 00:00:00;1;13982775;16/09/2026 06:54:13;Maximiliano;Nievas;24705190;16/09/2026 06:21:41;7636;Kevin;Arce;Maximiliano Nievas;Kevin Arce
14317450;16/09/2026 07:37:16;3;2;0001  215684-1;02;CAMIONETA JUE 2;2094691;"SV01    ";"FERLISE CARLOS Y EDUARDO -SANIT. VIEJO BUENO      ";VIEJO BUENO 299;952634;"60-162         ";60-162 - LAVATORIO CR C.CERAM LINEA ADRA;3;3;3;23429367;150926223715516;183949933;;;;07/29/2031 00:00:00;3;13983190;16/09/2026 07:37:15;Mirko;Hernandez;24705129;16/09/2026 07:01:51;7827;Javier;Machado;Mirko Hernandez;Javier Machado
14317450;16/09/2026 07:37:16;3;2;0001  215684-1;02;CAMIONETA JUE 2;2094691;"SV01    ";"FERLISE CARLOS Y EDUARDO -SANIT. VIEJO BUENO      ";VIEJO BUENO 299;952912;"70-162         ";70-162 - BIDE CR C.CERAM LINEA ADRA;5;5;5;23429367;150926223715516;183950051;;;;07/29/2031 00:00:00;5;13983190;16/09/2026 07:37:15;Mirko;Hernandez;24705129;16/09/2026 07:01:51;7827;Javier;Machado;Mirko Hernandez;Javier Machado
14317450;16/09/2026 07:37:16;3;2;0001  215684-1;02;CAMIONETA JUE 2;2094691;"SV01    ";"FERLISE CARLOS Y EDUARDO -SANIT. VIEJO BUENO      ";VIEJO BUENO 299;953109;"80-166         ";"DUCHA EMB. C/TRANSF. CR C.CERAM ADRA PLUS                             ";3;3;3;23430817;150926223602785;183950479;;;;01/19/2032 00:00:00;3;13983192;16/09/2026 07:36:02;Mirko;Hernandez;;;;;;Mirko Hernandez;
14317451;16/09/2026 06:53:08;3;2;0001  215713-1;02;CAMIONETA JUE 2;2092441;"FE15    ";"FEDAN S.A.                                        ";LAPRIDA  esq GARCIA 151;952616;"60-131         ";60-131 - LAVATORIO C.CERAM CR MALLORCA;1;1;1;23429421;150926215259137;183950472;;;;01/03/2032 00:00:00;1;13982773;16/09/2026 06:52:59;Mirko;Hernandez;24705190;16/09/2026 06:21:41;7636;Kevin;Arce;Mirko Hernandez;Kevin Arce
14317451;16/09/2026 06:53:08;3;2;0001  215713-1;02;CAMIONETA JUE 2;2092441;"FE15    ";"FEDAN S.A.                                        ";LAPRIDA  esq GARCIA 151;952667;"60-199         ";60-199 - LAVATORIO CR C.CERAM LIVE;1;1;1;23429421;150926215259137;183950246;;;;11/16/2031 00:00:00;1;13982773;16/09/2026 06:52:59;Mirko;Hernandez;24705190;16/09/2026 06:21:41;7636;Kevin;Arce;Mirko Hernandez;Kevin Arce
14317451;16/09/2026 06:53:08;3;2;0001  215713-1;02;CAMIONETA JUE 2;2092441;"FE15    ";"FEDAN S.A.                                        ";LAPRIDA  esq GARCIA 151;952945;"70-199         ";70-199 - BIDE CR C.CERAM LIVE;1;1;1;23429421;150926215259137;183950238;;;;12/16/2031 00:00:00;1;13982773;16/09/2026 06:52:59;Mirko;Hernandez;24705190;16/09/2026 06:21:41;7636;Kevin;Arce;Mirko Hernandez;Kevin Arce
14317452;16/09/2026 07:38:29;3;2;0001  215603-1;02;CAMIONETA JUE 2;2094691;"SV01    ";"FERLISE CARLOS Y EDUARDO -SANIT. VIEJO BUENO      ";VIEJO BUENO 299;952437;"51-057         ";51-057 - COCINA MESADA CR C.STD VERIN PLUS;2;2;2;23429368;160926073828890;183953356;;;;01/27/2032 00:00:00;2;13983062;16/09/2026 07:38:28;Maximiliano;Nievas;24705129;16/09/2026 07:01:51;7827;Javier;Machado;Maximiliano Nievas;Javier Machado
14317452;16/09/2026 07:38:29;3;2;0001  215603-1;02;CAMIONETA JUE 2;2094691;"SV01    ";"FERLISE CARLOS Y EDUARDO -SANIT. VIEJO BUENO      ";VIEJO BUENO 299;952541;"60-001N        ";"60-001N - LAVATORIO ""CROMO Y""";2;2;2;23429368;160926073828890;183952401;;;;02/01/2032 00:00:00;2;13983062;16/09/2026 07:38:28;Maximiliano;Nievas;24705129;16/09/2026 07:01:51;7827;Javier;Machado;Maximiliano Nievas;Javier Machado
14317452;16/09/2026 07:38:29;3;2;0001  215603-1;02;CAMIONETA JUE 2;2094691;"SV01    ";"FERLISE CARLOS Y EDUARDO -SANIT. VIEJO BUENO      ";VIEJO BUENO 299;952677;"60-203         ";60-203 - LAVATORIO MONOCOMANDO BAJO ADRA;2;2;2;23429368;160926073828890;183950852;;;;02/16/2032 00:00:00;2;13983062;16/09/2026 07:38:28;Maximiliano;Nievas;24705129;16/09/2026 07:01:51;7827;Javier;Machado;Maximiliano Nievas;Javier Machado
14317452;16/09/2026 07:38:29;3;2;0001  215603-1;02;CAMIONETA JUE 2;2094691;"SV01    ";"FERLISE CARLOS Y EDUARDO -SANIT. VIEJO BUENO      ";VIEJO BUENO 299;952821;"70-001N        ";"70-001N - BIDE ""CROMO Y""";2;2;2;23429368;160926073828890;183952795;;;;07/31/2031 00:00:00;2;13983062;16/09/2026 07:38:28;Maximiliano;Nievas;24705129;16/09/2026 07:01:51;7827;Javier;Machado;Maximiliano Nievas;Javier Machado
14317452;16/09/2026 07:38:29;3;2;0001  215603-1;02;CAMIONETA JUE 2;2094691;"SV01    ";"FERLISE CARLOS Y EDUARDO -SANIT. VIEJO BUENO      ";VIEJO BUENO 299;953107;"80-162         ";80-162 - DUCHA EMB. C/TRANSF. CR C.CERAM ADRA;2;2;2;23429368;160926073828890;183950556;;;;07/29/2031 00:00:00;2;13983062;16/09/2026 07:38:28;Maximiliano;Nievas;24705129;16/09/2026 07:01:51;7827;Javier;Machado;Maximiliano Nievas;Javier Machado
14317452;16/09/2026 07:38:29;3;2;0001  215603-1;02;CAMIONETA JUE 2;2094691;"SV01    ";"FERLISE CARLOS Y EDUARDO -SANIT. VIEJO BUENO      ";VIEJO BUENO 299;953320;"83-203         ";83-203 - DUCHA EXT C/TRANSF. MONOCOMANDO ADRA;1;1;1;23429742;160926073541527;183954655;;;;07/29/2031 00:00:00;1;13983077;16/09/2026 07:35:41;Maximiliano;Nievas;24705673;16/09/2026 07:15:52;7636;Kevin;Arce;Maximiliano Nievas;Kevin Arce
14317452;16/09/2026 07:38:29;3;2;0001  215603-1;02;CAMIONETA JUE 2;2094691;"SV01    ";"FERLISE CARLOS Y EDUARDO -SANIT. VIEJO BUENO      ";VIEJO BUENO 299;952720;"61-192         ";61-192 - LAVATORIO ALTO SORIA BLACK;2;2;2;23429742;160926073541527;183954336;;;;07/27/2031 00:00:00;2;13983077;16/09/2026 07:35:41;Maximiliano;Nievas;24705673;16/09/2026 07:15:52;7636;Kevin;Arce;Maximiliano Nievas;Kevin Arce
14317452;16/09/2026 07:38:29;3;2;0001  215603-1;02;CAMIONETA JUE 2;2094691;"SV01    ";"FERLISE CARLOS Y EDUARDO -SANIT. VIEJO BUENO      ";VIEJO BUENO 299;954791;"A996           ";A996 - DUCHA 8' CUADRADA CR C/BRAZO Y CAMPANA;2;2;2;23430630;160926072938789;183952481;;;;07/29/2031 00:00:00;2;13983117;16/09/2026 07:29:38;Maximiliano;Nievas;;;;;;Maximiliano Nievas;
14317452;16/09/2026 07:38:29;3;2;0001  215603-1;02;CAMIONETA JUE 2;2094691;"SV01    ";"FERLISE CARLOS Y EDUARDO -SANIT. VIEJO BUENO      ";VIEJO BUENO 299;954650;"A815           ";"A815 - DUCHA 8"" C/BRAZO Y CAMPANA CR";1;1;1;23430630;160926072938789;183952353;;;;07/28/2031 00:00:00;1;13983117;16/09/2026 07:29:38;Maximiliano;Nievas;;;;;;Maximiliano Nievas;
14317452;16/09/2026 07:38:29;3;2;0001  215603-1;02;CAMIONETA JUE 2;2094691;"SV01    ";"FERLISE CARLOS Y EDUARDO -SANIT. VIEJO BUENO      ";VIEJO BUENO 299;954232;"A1452G         ";A1452G - CAÑO DE DUCHA RECTO 150 MM GOLD C/BLISTER;2;2;2;23430630;160926072938789;183952543;;;;01/27/2032 00:00:00;2;13983117;16/09/2026 07:29:38;Maximiliano;Nievas;;;;;;Maximiliano Nievas;
14317452;16/09/2026 07:38:29;3;2;0001  215603-1;02;CAMIONETA JUE 2;2094691;"SV01    ";"FERLISE CARLOS Y EDUARDO -SANIT. VIEJO BUENO      ";VIEJO BUENO 299;954230;"A1452C         ";A1452C - CAÑO DE DUCHA RECTO 150 MM CROMO C/BLISTER;10;10;10;23430630;160926072938789;183952765;;;;07/31/2031 00:00:00;10;13983117;16/09/2026 07:29:38;Maximiliano;Nievas;;;;;;Maximiliano Nievas;
14317452;16/09/2026 07:38:29;3;2;0001  215603-1;02;CAMIONETA JUE 2;2094691;"SV01    ";"FERLISE CARLOS Y EDUARDO -SANIT. VIEJO BUENO      ";VIEJO BUENO 299;951528;"20-140         ";20-140 - MONOCOMANDO DE COCINA LINEA CUINA;5;5;5;23430630;160926072938789;183953391;;;;10/07/2031 00:00:00;5;13983117;16/09/2026 07:29:38;Maximiliano;Nievas;;;;;;Maximiliano Nievas;
14317452;16/09/2026 07:38:29;3;2;0001  215603-1;02;CAMIONETA JUE 2;2094691;"SV01    ";"FERLISE CARLOS Y EDUARDO -SANIT. VIEJO BUENO      ";VIEJO BUENO 299;952708;"61-168         ";61-168 - LAVATORIO MONOC ALTO CR WAVE;1;1;1;23430705;160926073127269;183952904;;;;07/27/2031 00:00:00;1;13983144;16/09/2026 07:31:27;Maximiliano;Nievas;;;;;;Maximiliano Nievas;
14317452;16/09/2026 07:38:29;3;2;0001  215603-1;02;CAMIONETA JUE 2;2094691;"SV01    ";"FERLISE CARLOS Y EDUARDO -SANIT. VIEJO BUENO      ";VIEJO BUENO 299;952709;"61-168N        ";61-168N - LAVATORIO MONOC ALTO BLACK WAVE;1;1;1;23430705;160926073127269;183953262;;;;07/28/2031 00:00:00;1;13983144;16/09/2026 07:31:27;Maximiliano;Nievas;;;;;;Maximiliano Nievas;
14317452;16/09/2026 07:38:29;3;2;0001  215603-1;02;CAMIONETA JUE 2;2094691;"SV01    ";"FERLISE CARLOS Y EDUARDO -SANIT. VIEJO BUENO      ";VIEJO BUENO 299;952725;"61-200N        ";61-200N - LAVATORIO MONOC ALTO FABRIC BLACK;1;1;1;23430705;160926073127269;183953214;;;;07/28/2031 00:00:00;1;13983144;16/09/2026 07:31:27;Maximiliano;Nievas;;;;;;Maximiliano Nievas;
14317452;16/09/2026 07:38:29;3;2;0001  215603-1;02;CAMIONETA JUE 2;2094691;"SV01    ";"FERLISE CARLOS Y EDUARDO -SANIT. VIEJO BUENO      ";VIEJO BUENO 299;953159;"80-203P        ";80-203P - DUCHA EMB C/TRANSF. MONOCOMANDO ADRA PLUS;2;2;2;23430705;160926073127269;183954633;;;;07/28/2031 00:00:00;2;13983144;16/09/2026 07:31:27;Maximiliano;Nievas;;;;;;Maximiliano Nievas;
14317452;16/09/2026 07:38:29;3;2;0001  215603-1;02;CAMIONETA JUE 2;2094691;"SV01    ";"FERLISE CARLOS Y EDUARDO -SANIT. VIEJO BUENO      ";VIEJO BUENO 299;953335;"84-203ST       ";"DUCHA EXT C/COLUMNA CR ADRA                                           ";1;1;1;23430797;160926073523279;183954033;;;;12/15/2031 00:00:00;1;13983184;16/09/2026 07:35:23;Maximiliano;Nievas;;;;;;Maximiliano Nievas;
14317452;16/09/2026 07:38:29;3;2;0001  215603-1;02;CAMIONETA JUE 2;2094691;"SV01    ";"FERLISE CARLOS Y EDUARDO -SANIT. VIEJO BUENO      ";VIEJO BUENO 299;953125;"80-180         ";80-180 - DUCHA EMB. C/TRANSF. MONOCOMANDO VERA;2;2;2;23430797;160926073523279;183954980;;;;11/23/2031 00:00:00;2;13983184;16/09/2026 07:35:23;Maximiliano;Nievas;;;;;;Maximiliano Nievas;
14317452;16/09/2026 07:38:29;3;2;0001  215603-1;02;CAMIONETA JUE 2;2094691;"SV01    ";"FERLISE CARLOS Y EDUARDO -SANIT. VIEJO BUENO      ";VIEJO BUENO 299;952661;"60-193         ";60-193 - LAVATORIO MONOCOMANDO BAJO MORA;2;2;2;23430797;160926073523279;183954517;;;;07/28/2031 00:00:00;2;13983184;16/09/2026 07:35:23;Maximiliano;Nievas;;;;;;Maximiliano Nievas;
14317452;16/09/2026 07:38:29;3;2;0001  215603-1;02;CAMIONETA JUE 2;2094691;"SV01    ";"FERLISE CARLOS Y EDUARDO -SANIT. VIEJO BUENO      ";VIEJO BUENO 299;952453;"51-131         ";51-131 - MESADA BIMANDO CR C.CERAM MALLORCA;3;3;3;23430832;160926073646376;183952335;;;;01/31/2032 00:00:00;3;13983200;16/09/2026 07:36:46;Maximiliano;Nievas;;;;;;Maximiliano Nievas;
14317452;16/09/2026 07:38:29;3;2;0001  215603-1;02;CAMIONETA JUE 2;2094691;"SV01    ";"FERLISE CARLOS Y EDUARDO -SANIT. VIEJO BUENO      ";VIEJO BUENO 299;952452;"51-122         ";51-122 - MESADA BIMANDO CR C.CERAM VALENCIA;2;2;2;23430844;160926073713699;183951297;;;;02/01/2032 00:00:00;2;13983207;16/09/2026 07:37:13;Maximiliano;Nievas;;;;;;Maximiliano Nievas;
14317452;16/09/2026 07:38:29;3;2;0001  215603-1;02;CAMIONETA JUE 2;2094691;"SV01    ";"FERLISE CARLOS Y EDUARDO -SANIT. VIEJO BUENO      ";VIEJO BUENO 299;951521;"20-131         ";20-131 - MONOCOMANDO COCINA MALLORCA;2;2;2;23430856;160926073749392;183952504;;;;07/29/2031 00:00:00;2;13983220;16/09/2026 07:37:49;Maximiliano;Nievas;;;;;;Maximiliano Nievas;
14317452;16/09/2026 07:38:29;3;2;0001  215603-1;02;CAMIONETA JUE 2;2094691;"SV01    ";"FERLISE CARLOS Y EDUARDO -SANIT. VIEJO BUENO      ";VIEJO BUENO 299;953086;"80-131         ";80-131 - DUCHA EMB. C/TRANSF. CR C.CERAM MALLORCA;2;2;2;23430856;160926073749392;183952453;;;;01/24/2032 00:00:00;2;13983220;16/09/2026 07:37:49;Maximiliano;Nievas;;;;;;Maximiliano Nievas;
14317453;16/09/2026 07:42:03;3;2;0001  215698-1;02;CAMIONETA JUE 2;2091610;"CE23    ";"CEFALU S.A.                                       ";AV. CARLOS PELLEGRINI ESQ. AV LA PLATA 1901;951536;"20-162         ";20-162 - MONOCOMANDO COCINA ADRA;10;10;10;23429327;150926224200791;183949902;;;;07/28/2031 00:00:00;10;13983290;16/09/2026 07:42:00;Mirko;Hernandez;24705096;16/09/2026 06:20:12;7839;Claudio;Juarez;Mirko Hernandez;Claudio Juarez
14317453;16/09/2026 07:42:03;3;2;0001  215698-1;02;CAMIONETA JUE 2;2091610;"CE23    ";"CEFALU S.A.                                       ";AV. CARLOS PELLEGRINI ESQ. AV LA PLATA 1901;952912;"70-162         ";70-162 - BIDE CR C.CERAM LINEA ADRA;10;10;10;23429369;150926224139947;183950109;;;;07/29/2031 00:00:00;6;13983212;16/09/2026 07:41:39;Mirko;Hernandez;24705129;16/09/2026 07:01:51;7827;Javier;Machado;Mirko Hernandez;Javier Machado
14317453;16/09/2026 07:42:03;3;2;0001  215698-1;02;CAMIONETA JUE 2;2091610;"CE23    ";"CEFALU S.A.                                       ";AV. CARLOS PELLEGRINI ESQ. AV LA PLATA 1901;953071;"80-100G        ";80-100G - DUCHA EMB. C/TRANSF. GOLD C.CERAM FABRIC;3;3;3;23430865;150926223815509;183952127;;;;12/07/2031 00:00:00;3;13983224;16/09/2026 07:38:15;Mirko;Hernandez;;;;;;Mirko Hernandez;
14317453;16/09/2026 07:42:03;3;2;0001  215698-1;02;CAMIONETA JUE 2;2091610;"CE23    ";"CEFALU S.A.                                       ";AV. CARLOS PELLEGRINI ESQ. AV LA PLATA 1901;952874;"70-100G        ";70-100G - BIDE GOLD C.CERAM FABRIC;3;3;3;23430902;150926223950692;183951962;;;;07/29/2031 00:00:00;3;13983256;16/09/2026 07:39:50;Mirko;Hernandez;;;;;;Mirko Hernandez;
14317453;16/09/2026 07:42:03;3;2;0001  215698-1;02;CAMIONETA JUE 2;2091610;"CE23    ";"CEFALU S.A.                                       ";AV. CARLOS PELLEGRINI ESQ. AV LA PLATA 1901;952886;"70-121         ";70-121 - BIDE C.CERAM CR MARBELLA;3;3;3;23430902;150926223950692;183953252;;;;01/17/2032 00:00:00;3;13983256;16/09/2026 07:39:50;Mirko;Hernandez;;;;;;Mirko Hernandez;
14317453;16/09/2026 07:42:03;3;2;0001  215698-1;02;CAMIONETA JUE 2;2091610;"CE23    ";"CEFALU S.A.                                       ";AV. CARLOS PELLEGRINI ESQ. AV LA PLATA 1901;952912;"70-162         ";70-162 - BIDE CR C.CERAM LINEA ADRA;10;10;10;23430902;150926223950692;183959504;;;;07/29/2031 00:00:00;4;13983256;16/09/2026 07:39:50;Mirko;Hernandez;;;;;;Mirko Hernandez;
14317453;16/09/2026 07:42:03;3;2;0001  215698-1;02;CAMIONETA JUE 2;2091610;"CE23    ";"CEFALU S.A.                                       ";AV. CARLOS PELLEGRINI ESQ. AV LA PLATA 1901;952634;"60-162         ";60-162 - LAVATORIO CR C.CERAM LINEA ADRA;10;10;10;23430927;150926224051537;183949990;;;;07/29/2031 00:00:00;10;13983278;16/09/2026 07:40:51;Mirko;Hernandez;;;;;;Mirko Hernandez;
14317455;16/09/2026 07:42:12;3;2;0001  215653-1;02;CAMIONETA JUE 2;2092329;"EP08    ";"EL MUNDO DEL PLOMERO S.R.L.                       ";ALTE. BROWN 629;954910;"BCH09          ";BCH09 - BACHA DE APOYAR RECTANGULAR 610x410x115;5;5;5;23429884;160926074212836;183953374;;;;07/28/2031 00:00:00;5;13983289;16/09/2026 07:42:12;Gustavo;Soderquvist;24705990;16/09/2026 07:00:10;7839;Claudio;Juarez;Gustavo Soderquvist;Claudio Juarez
14319328;15/09/2026 10:35:44;3;2;0001  215701-1;10;URGENTES;2503874;"1169    ";"NIEVAS MAXIMILIANO JAVIER                         ";PASAJE 128 1256;951324;"19006          ";19006 - SET DE 6 PIEZAS LINEA 19000;1;1;1;23404893;150926103543750;183761621;;;;07/28/2031 00:00:00;1;13967470;15/09/2026 10:35:43;Gaston Alejandro;Kiriczuk;24681048;15/09/2026 10:35:03;6409;Gaston Alejandro;Kiriczuk;Gaston Alejandro Kiriczuk;Gaston Alejandro Kiriczuk
14320836;15/09/2026 10:48:59;3;2;0001  213973-3;10;URGENTES;2093044;"JM05    ";"JUAN H MARCHAL Y CIA S.R.L.                       ";AV. 59 1317;956412;"INO102-2       ";"DEPOSITO C/DESCARGA DUAL BLANCO LINEA LOFT                            ";10;10;10;23405237;150926104857252;183765086;;;;02/24/2032 00:00:00;10;13967899;15/09/2026 10:48:57;Gustavo;Soderquvist;24681420;15/09/2026 10:44:28;6409;Gaston Alejandro;Kiriczuk;Gustavo Soderquvist;Gaston Alejandro Kiriczuk
14321436;15/09/2026 13:45:26;3;2;0001  215584-1;10;URGENTES;2093099;"KN01    ";"KALFAIAN HNOS. S.R.L                              ";ALBARIÑO 2676;951748;"3006           ";3006 - SET DE 6 PIEZAS LINEA 3000;3;3;3;23406264;150926134526113;183773100;;;;07/29/2031 00:00:00;3;13973231;15/09/2026 13:45:26;Maximiliano;Nievas;24682420;15/09/2026 11:08:16;7839;Claudio;Juarez;Maximiliano Nievas;Claudio Juarez
14321436;15/09/2026 13:45:26;3;2;0001  215584-1;10;URGENTES;2093099;"KN01    ";"KALFAIAN HNOS. S.R.L                              ";ALBARIÑO 2676;951653;"22-178         ";22-178 - MONOCOMANDO DE COCINA P/AGUA FILTRADA VITA;1;1;1;23414705;150926134338925;183773362;;;;12/23/2031 00:00:00;1;13973256;15/09/2026 13:43:38;Maximiliano;Nievas;;;;;;Maximiliano Nievas;
14321436;15/09/2026 13:45:26;3;2;0001  215584-1;10;URGENTES;2093099;"KN01    ";"KALFAIAN HNOS. S.R.L                              ";ALBARIÑO 2676;951528;"20-140         ";20-140 - MONOCOMANDO DE COCINA LINEA CUINA;3;3;3;23414705;150926134338925;183774803;;;;10/07/2031 00:00:00;3;13973256;15/09/2026 13:43:38;Maximiliano;Nievas;;;;;;Maximiliano Nievas;
14321436;15/09/2026 13:45:26;3;2;0001  215584-1;10;URGENTES;2093099;"KN01    ";"KALFAIAN HNOS. S.R.L                              ";ALBARIÑO 2676;951116;"12006          ";"SET DE 6 PIEZAS LINEA 12000                                           ";6;6;6;23414777;150926134441673;183774118;;;;07/30/2031 00:00:00;6;13973314;15/09/2026 13:44:41;Maximiliano;Nievas;;;;;;Maximiliano Nievas;
14321437;15/09/2026 14:08:03;3;2;0001  215585-1;10;URGENTES;2093099;"KN01    ";"KALFAIAN HNOS. S.R.L                              ";ALBARIÑO 2676;956490;"LG03C60        ";LG03C60 - LAVATORIO CR C.STD BERNA;20;20;20;23405972;150926140801908;183776980;;;;11/19/2031 00:00:00;9;13973384;15/09/2026 14:08:01;Maximiliano;Nievas;24682232;15/09/2026 11:19:24;7827;Javier;Machado;Maximiliano Nievas;Javier Machado
14321437;15/09/2026 14:08:03;3;2;0001  215585-1;10;URGENTES;2093099;"KN01    ";"KALFAIAN HNOS. S.R.L                              ";ALBARIÑO 2676;956491;"LG03C70        ";LG03C70 - BIDE CR C.STD BERNA;20;20;20;23414992;150926134832053;183833303;;;;12/10/2031 00:00:00;10;13973445;15/09/2026 13:48:32;Maximiliano;Nievas;;;;;;Maximiliano Nievas;
14321437;15/09/2026 14:08:03;3;2;0001  215585-1;10;URGENTES;2093099;"KN01    ";"KALFAIAN HNOS. S.R.L                              ";ALBARIÑO 2676;956491;"LG03C70        ";LG03C70 - BIDE CR C.STD BERNA;20;20;20;23415060;150926134953256;183776562;;;;12/10/2031 00:00:00;10;13973491;15/09/2026 13:49:53;Maximiliano;Nievas;;;;;;Maximiliano Nievas;
14321437;15/09/2026 14:08:03;3;2;0001  215585-1;10;URGENTES;2093099;"KN01    ";"KALFAIAN HNOS. S.R.L                              ";ALBARIÑO 2676;956497;"LG04C70        ";LG04C70 - BIDE CR C.CERAM DAVOS;50;50;50;23415124;150926135120051;183834566;;;;07/29/2031 00:00:00;10;13973552;15/09/2026 13:51:20;Maximiliano;Nievas;;;;;;Maximiliano Nievas;
14321437;15/09/2026 14:08:03;3;2;0001  215585-1;10;URGENTES;2093099;"KN01    ";"KALFAIAN HNOS. S.R.L                              ";ALBARIÑO 2676;956497;"LG04C70        ";LG04C70 - BIDE CR C.CERAM DAVOS;50;50;50;23415170;150926135213475;183834993;;;;07/29/2031 00:00:00;10;13973578;15/09/2026 13:52:13;Maximiliano;Nievas;;;;;;Maximiliano Nievas;
14321437;15/09/2026 14:08:03;3;2;0001  215585-1;10;URGENTES;2093099;"KN01    ";"KALFAIAN HNOS. S.R.L                              ";ALBARIÑO 2676;956497;"LG04C70        ";LG04C70 - BIDE CR C.CERAM DAVOS;50;50;50;23415213;150926135312994;183835456;;;;07/29/2031 00:00:00;10;13973609;15/09/2026 13:53:13;Maximiliano;Nievas;;;;;;Maximiliano Nievas;
14321437;15/09/2026 14:08:03;3;2;0001  215585-1;10;URGENTES;2093099;"KN01    ";"KALFAIAN HNOS. S.R.L                              ";ALBARIÑO 2676;956497;"LG04C70        ";LG04C70 - BIDE CR C.CERAM DAVOS;50;50;50;23415240;150926135338266;183835654;;;;07/29/2031 00:00:00;10;13973626;15/09/2026 13:53:38;Maximiliano;Nievas;;;;;;Maximiliano Nievas;
14321437;15/09/2026 14:08:03;3;2;0001  215585-1;10;URGENTES;2093099;"KN01    ";"KALFAIAN HNOS. S.R.L                              ";ALBARIÑO 2676;956490;"LG03C60        ";LG03C60 - LAVATORIO CR C.STD BERNA;20;20;20;23415337;150926135534836;183836444;;;;11/19/2031 00:00:00;10;13973695;15/09/2026 13:55:34;Maximiliano;Nievas;;;;;;Maximiliano Nievas;
14321437;15/09/2026 14:08:03;3;2;0001  215585-1;10;URGENTES;2093099;"KN01    ";"KALFAIAN HNOS. S.R.L                              ";ALBARIÑO 2676;956498;"LG04C80        ";LG04C80 - DUCHA EMB. C/TRANSF. CR C.CERAM DAVOS;10;10;10;23415473;150926135731557;183775071;;;;07/29/2031 00:00:00;10;13973750;15/09/2026 13:57:31;Maximiliano;Nievas;;;;;;Maximiliano Nievas;
14321437;15/09/2026 14:08:03;3;2;0001  215585-1;10;URGENTES;2093099;"KN01    ";"KALFAIAN HNOS. S.R.L                              ";ALBARIÑO 2676;956497;"LG04C70        ";LG04C70 - BIDE CR C.CERAM DAVOS;50;50;50;23415574;150926135933507;183773961;;;;07/29/2031 00:00:00;10;13973813;15/09/2026 13:59:33;Maximiliano;Nievas;;;;;;Maximiliano Nievas;
14321437;15/09/2026 14:08:03;3;2;0001  215585-1;10;URGENTES;2093099;"KN01    ";"KALFAIAN HNOS. S.R.L                              ";ALBARIÑO 2676;956496;"LG04C60        ";LG04C60 - LAVATORIO CR C.CERAM DAVOS;10;10;10;23415643;150926140053104;183774519;;;;07/29/2031 00:00:00;10;13973865;15/09/2026 14:00:53;Maximiliano;Nievas;;;;;;Maximiliano Nievas;
14321437;15/09/2026 14:08:03;3;2;0001  215585-1;10;URGENTES;2093099;"KN01    ";"KALFAIAN HNOS. S.R.L                              ";ALBARIÑO 2676;956490;"LG03C60        ";LG03C60 - LAVATORIO CR C.STD BERNA;20;20;20;23415786;150926140308672;183839661;;;;11/19/2031 00:00:00;1;13973934;15/09/2026 14:03:08;Maximiliano;Nievas;;;;;;Maximiliano Nievas;
14325502;15/09/2026 13:31:32;3;2;4444    2509-1;10;URGENTES;2109166;"CLIEVEN ";"CLIENTE EVENTUAL                                  ";RIVADAVIA 3428;957492;"RA1101N        ";RA1101N - FLEXIBLE BLACK MONOC CUINA M16 x 60cm;1;1;1;23413751;150926133131742;183824950;;;;02/11/2032 00:00:00;1;13972847;15/09/2026 13:31:31;Gaston Alejandro;Kiriczuk;24690165;15/09/2026 13:27:19;6409;Gaston Alejandro;Kiriczuk;Gaston Alejandro Kiriczuk;Gaston Alejandro Kiriczuk
14325503;15/09/2026 13:32:16;3;2;4444    2510-1;10;URGENTES;2109166;"CLIEVEN ";"CLIENTE EVENTUAL                                  ";RIVADAVIA 3428;951562;"20-202N        ";20-202N - MONOCOMANDO COCINA BLACK HOOP;1;1;1;23413752;150926133216313;183824703;;;;07/27/2031 00:00:00;1;13972873;15/09/2026 13:32:16;Gaston Alejandro;Kiriczuk;24690165;15/09/2026 13:27:19;6409;Gaston Alejandro;Kiriczuk;Gaston Alejandro Kiriczuk;Gaston Alejandro Kiriczuk
14325504;15/09/2026 13:32:01;3;2;0008    2943-1;10;URGENTES;2093779;"PA01    ";"VARIOS                                            ";rivadavia 3428;951653;"22-178         ";22-178 - MONOCOMANDO DE COCINA P/AGUA FILTRADA VITA;1;1;1;23413753;150926133201322;183824436;;;;12/23/2031 00:00:00;1;13972864;15/09/2026 13:32:01;Gaston Alejandro;Kiriczuk;24690165;15/09/2026 13:27:19;6409;Gaston Alejandro;Kiriczuk;Gaston Alejandro Kiriczuk;Gaston Alejandro Kiriczuk
14332549;15/09/2026 16:36:04;3;2;4444    2515-1;10;URGENTES;2109166;"CLIEVEN ";"CLIENTE EVENTUAL                                  ";RIVADAVIA 3428;952456;"51-190         ";51-190 - MESADA BIMANDO C.CERAM BLACK VELVET;1;1;1;23423755;150926163603307;183904634;;;;10/20/2031 00:00:00;1;13979356;15/09/2026 16:36:03;Gaston Alejandro;Kiriczuk;24700224;15/09/2026 16:32:52;6409;Gaston Alejandro;Kiriczuk;Gaston Alejandro Kiriczuk;Gaston Alejandro Kiriczuk
14332550;15/09/2026 16:35:34;3;2;4444    2518-1;10;URGENTES;2109166;"CLIEVEN ";"CLIENTE EVENTUAL                                  ";RIVADAVIA 3428;953123;"80-176N        ";80-176N - DUCHA EMB C/TRANSF MONOC BLACK RIO;1;1;1;23423817;150926163532871;183905063;;;;07/27/2031 00:00:00;1;13979336;15/09/2026 16:35:32;Gaston Alejandro;Kiriczuk;24700276;15/09/2026 16:34:47;6409;Gaston Alejandro;Kiriczuk;Gaston Alejandro Kiriczuk;Gaston Alejandro Kiriczuk
14336126;16/09/2026 06:30:58;3;2;4444    2521-1;10;URGENTES;2109166;"CLIEVEN ";"CLIENTE EVENTUAL                                  ";RIVADAVIA 3428;951112;"12003          ";"SET DE 3 PIEZAS LINEA 12000                                           ";1;1;1;23429589;160926063054005;183951085;;;;08/12/2031 00:00:00;1;13982641;16/09/2026 06:30:54;Gaston Alejandro;Kiriczuk;24705426;16/09/2026 06:30:07;6409;Gaston Alejandro;Kiriczuk;Gaston Alejandro Kiriczuk;Gaston Alejandro Kiriczuk
14336169;16/09/2026 06:38:56;3;2;TR 0000  126883;01;CARPINTERIA;2090863;DEP_108;EXIBICION MONTES DE OCA;.;951098;"11006          ";"SET DE 6 PIEZAS LINEA 11000                                           ";2;2;2;23429638;160926063856040;183951567;;;;07/29/2031 00:00:00;2;13982677;16/09/2026 06:38:56;Gaston Alejandro;Kiriczuk;24705521;16/09/2026 06:37:52;6409;Gaston Alejandro;Kiriczuk;Gaston Alejandro Kiriczuk;Gaston Alejandro Kiriczuk
14336169;16/09/2026 06:38:56;3;2;TR 0000  126883;01;CARPINTERIA;2090863;DEP_108;EXIBICION MONTES DE OCA;.;951649;"22004          ";"SET DE 4 PIEZAS LINEA 22000                                           ";1;1;1;23429638;160926063856040;183951500;;;;09/01/2031 00:00:00;1;13982677;16/09/2026 06:38:56;Gaston Alejandro;Kiriczuk;24705521;16/09/2026 06:37:52;6409;Gaston Alejandro;Kiriczuk;Gaston Alejandro Kiriczuk;Gaston Alejandro Kiriczuk
14336169;16/09/2026 06:38:56;3;2;TR 0000  126883;01;CARPINTERIA;2090863;DEP_108;EXIBICION MONTES DE OCA;.;951760;"3006SS         ";3006SS - SET DE 6 PIEZAS LINEA 3000 SS;1;1;1;23429638;160926063856040;183951636;;;;07/29/2031 00:00:00;1;13982677;16/09/2026 06:38:56;Gaston Alejandro;Kiriczuk;24705521;16/09/2026 06:37:52;6409;Gaston Alejandro;Kiriczuk;Gaston Alejandro Kiriczuk;Gaston Alejandro Kiriczuk
14336193;16/09/2026 08:53:53;3;2;0001  215729-1;14;RETIRA;2092572;"FS09    ";"FANTINI SERGIO DANIEL - DIST.GUALEGUAY            ";B. ROLDAN 2183;957763;"RA1469N        ";RA1469N - AIREADOR 2 FUNCIONES M22x1 BLACK;10;10;10;23431798;160926085353597;183973183;;;;08/02/2031 00:00:00;10;13984302;16/09/2026 08:53:53;Maximiliano;Nievas;24707813;16/09/2026 08:30:47;6409;Gaston Alejandro;Kiriczuk;Maximiliano Nievas;Gaston Alejandro Kiriczuk
14336193;16/09/2026 08:53:53;3;2;0001  215729-1;14;RETIRA;2092572;"FS09    ";"FANTINI SERGIO DANIEL - DIST.GUALEGUAY            ";B. ROLDAN 2183;957390;"RA001          ";RA001 - CABEZAL STD NO ASCENDENTE;40;40;40;23431798;160926085353597;183972427;;;;02/10/2032 00:00:00;40;13984302;16/09/2026 08:53:53;Maximiliano;Nievas;24707813;16/09/2026 08:30:47;6409;Gaston Alejandro;Kiriczuk;Maximiliano Nievas;Gaston Alejandro Kiriczuk
14336193;16/09/2026 08:53:53;3;2;0001  215729-1;14;RETIRA;2092572;"FS09    ";"FANTINI SERGIO DANIEL - DIST.GUALEGUAY            ";B. ROLDAN 2183;957762;"RA1469C        ";RA1469C - AIREADOR 2 FUNCIONES M22x1 CROMO;20;20;20;23431798;160926085353597;183972893;;;;08/18/2031 00:00:00;20;13984302;16/09/2026 08:53:53;Maximiliano;Nievas;24707813;16/09/2026 08:30:47;6409;Gaston Alejandro;Kiriczuk;Maximiliano Nievas;Gaston Alejandro Kiriczuk
14336193;16/09/2026 08:53:53;3;2;0001  215729-1;14;RETIRA;2092572;"FS09    ";"FANTINI SERGIO DANIEL - DIST.GUALEGUAY            ";B. ROLDAN 2183;951488;"20-102         ";"20-102 - MONOCOMANDO MESADA CROMO ""RENACER""";10;10;10;23433415;160926083728029;183965222;;;;08/20/2031 00:00:00;10;13984313;16/09/2026 08:37:28;Maximiliano;Nievas;;;;;;Maximiliano Nievas;
14336193;16/09/2026 08:53:53;3;2;0001  215729-1;14;RETIRA;2092572;"FS09    ";"FANTINI SERGIO DANIEL - DIST.GUALEGUAY            ";B. ROLDAN 2183;951548;"20-179         ";20-179 - MONOCOMANDO DE COCINA LARA;16;16;16;23433436;160926083811574;183976085;;;;07/27/2031 00:00:00;8;13984331;16/09/2026 08:38:11;Maximiliano;Nievas;;;;;;Maximiliano Nievas;
14336193;16/09/2026 08:53:53;3;2;0001  215729-1;14;RETIRA;2092572;"FS09    ";"FANTINI SERGIO DANIEL - DIST.GUALEGUAY            ";B. ROLDAN 2183;951548;"20-179         ";20-179 - MONOCOMANDO DE COCINA LARA;16;16;16;23433511;160926083939404;183967222;;;;07/27/2031 00:00:00;8;13984369;16/09/2026 08:39:39;Maximiliano;Nievas;;;;;;Maximiliano Nievas;
14336193;16/09/2026 08:53:53;3;2;0001  215729-1;14;RETIRA;2092572;"FS09    ";"FANTINI SERGIO DANIEL - DIST.GUALEGUAY            ";B. ROLDAN 2183;951530;"20-146         ";20-146 - MONOCOMANDO DE COCINA CR LINEA MOVE;12;12;12;23433558;160926084026598;183976830;;;;10/09/2031 00:00:00;6;13984386;16/09/2026 08:40:26;Maximiliano;Nievas;;;;;;Maximiliano Nievas;
14336193;16/09/2026 08:53:53;3;2;0001  215729-1;14;RETIRA;2092572;"FS09    ";"FANTINI SERGIO DANIEL - DIST.GUALEGUAY            ";B. ROLDAN 2183;951530;"20-146         ";20-146 - MONOCOMANDO DE COCINA CR LINEA MOVE;12;12;12;23433579;160926084054766;183967582;;;;10/09/2031 00:00:00;6;13984396;16/09/2026 08:40:54;Maximiliano;Nievas;;;;;;Maximiliano Nievas;
14336194;16/09/2026 10:19:54;3;2;0008    2939-1;14;RETIRA;2092572;"FS09    ";"FANTINI SERGIO DANIEL - DIST.GUALEGUAY            ";B. ROLDAN 2183;952766;"62-175G        ";62-175G - LAVATORIO DE PARED GOLD C.CERAM PULSE;1;1;1;23433133;160926101953686;183981002;;;;12/08/2031 00:00:00;1;13987135;16/09/2026 10:19:53;Maximiliano;Nievas;24708940;16/09/2026 08:55:22;6409;Gaston Alejandro;Kiriczuk;Maximiliano Nievas;Gaston Alejandro Kiriczuk
14336194;16/09/2026 10:19:54;3;2;0008    2939-1;14;RETIRA;2092572;"FS09    ";"FANTINI SERGIO DANIEL - DIST.GUALEGUAY            ";B. ROLDAN 2183;952292;"434/CR         ";434/CR - DUCHA EMB.C/TRANSF CR ARES;2;2;2;23433133;160926101953686;183979757;;;;01/12/2032 00:00:00;2;13987135;16/09/2026 10:19:53;Maximiliano;Nievas;24708940;16/09/2026 08:55:22;6409;Gaston Alejandro;Kiriczuk;Maximiliano Nievas;Gaston Alejandro Kiriczuk
14336194;16/09/2026 10:19:54;3;2;0008    2939-1;14;RETIRA;2092572;"FS09    ";"FANTINI SERGIO DANIEL - DIST.GUALEGUAY            ";B. ROLDAN 2183;953119;"80-175G        ";80-175G - DUCHA EMB C/TRANSF. GOLD C.CERAM PULSE;1;1;1;23433133;160926101953686;183975024;;;;07/29/2031 00:00:00;1;13987135;16/09/2026 10:19:53;Maximiliano;Nievas;24708940;16/09/2026 08:55:22;6409;Gaston Alejandro;Kiriczuk;Maximiliano Nievas;Gaston Alejandro Kiriczuk
14336194;16/09/2026 10:19:54;3;2;0008    2939-1;14;RETIRA;2092572;"FS09    ";"FANTINI SERGIO DANIEL - DIST.GUALEGUAY            ";B. ROLDAN 2183;953437;"914/CR         ";914/CR - JGO.MDA.P.CAÑO CR ARES;4;4;4;23438650;160926101826646;183980170;;;;02/29/2032 00:00:00;4;13987151;16/09/2026 10:18:26;Maximiliano;Nievas;;;;;;Maximiliano Nievas;
14336194;16/09/2026 10:19:54;3;2;0008    2939-1;14;RETIRA;2092572;"FS09    ";"FANTINI SERGIO DANIEL - DIST.GUALEGUAY            ";B. ROLDAN 2183;952028;"314/CR         ";314/CR - BIDE CROMO ARES;2;2;2;23438650;160926101826646;183979585;;;;01/11/2032 00:00:00;2;13987151;16/09/2026 10:18:26;Maximiliano;Nievas;;;;;;Maximiliano Nievas;
14336194;16/09/2026 10:19:54;3;2;0008    2939-1;14;RETIRA;2092572;"FS09    ";"FANTINI SERGIO DANIEL - DIST.GUALEGUAY            ";B. ROLDAN 2183;951620;"214/CR         ";214/CR - LAVATORIO CR/CR ARES;4;4;4;23438650;160926101826646;183979358;;;;01/27/2032 00:00:00;4;13987151;16/09/2026 10:18:26;Maximiliano;Nievas;;;;;;Maximiliano Nievas;
14336194;16/09/2026 10:19:54;3;2;0008    2939-1;14;RETIRA;2092572;"FS09    ";"FANTINI SERGIO DANIEL - DIST.GUALEGUAY            ";B. ROLDAN 2183;952437;"51-057         ";51-057 - COCINA MESADA CR C.STD VERIN PLUS;6;6;6;23438705;160926101921435;183981493;;;;01/27/2032 00:00:00;6;13987180;16/09/2026 10:19:21;Maximiliano;Nievas;;;;;;Maximiliano Nievas;
14336194;16/09/2026 10:19:54;3;2;0008    2939-1;14;RETIRA;2092572;"FS09    ";"FANTINI SERGIO DANIEL - DIST.GUALEGUAY            ";B. ROLDAN 2183;953477;"934/CR         ";934/CR - J.PARED C/EXT CRUZ CR/CR ARES;4;4;4;23438705;160926101921435;183980380;;;;02/09/2032 00:00:00;4;13987180;16/09/2026 10:19:21;Maximiliano;Nievas;;;;;;Maximiliano Nievas;
14336195;16/09/2026 10:16:54;3;2;0001  215531-1;14;RETIRA;2092110;"DG16    ";"DEKKO GUALEGUAYCHU SRL                            ";PRIMERA JUNTA 1027;951265;"16040BL        ";16040BL - PORTA ROLLO ACCESORIOS LINEA 16000 BLACK;1;1;1;23431799;160926083500102;183969163;;;;07/31/2031 00:00:00;1;13984233;16/09/2026 08:35:00;Maximiliano;Nievas;24707813;16/09/2026 08:30:47;6409;Gaston Alejandro;Kiriczuk;Maximiliano Nievas;Gaston Alejandro Kiriczuk
14336195;16/09/2026 10:16:54;3;2;0001  215531-1;14;RETIRA;2092110;"DG16    ";"DEKKO GUALEGUAYCHU SRL                            ";PRIMERA JUNTA 1027;951300;"17030G         ";17030G - PERCHA LINEA FABRIC GOLD;1;1;1;23431799;160926083500102;183964997;;;;07/29/2031 00:00:00;1;13984233;16/09/2026 08:35:00;Maximiliano;Nievas;24707813;16/09/2026 08:30:47;6409;Gaston Alejandro;Kiriczuk;Maximiliano Nievas;Gaston Alejandro Kiriczuk
14336195;16/09/2026 10:16:54;3;2;0001  215531-1;14;RETIRA;2092110;"DG16    ";"DEKKO GUALEGUAYCHU SRL                            ";PRIMERA JUNTA 1027;951426;"20040GR        ";20040GR - PORTA ROLLO GRAFITO LINEA PULSE;1;1;1;23431799;160926083500102;183968532;;;;07/31/2031 00:00:00;1;13984233;16/09/2026 08:35:00;Maximiliano;Nievas;24707813;16/09/2026 08:30:47;6409;Gaston Alejandro;Kiriczuk;Maximiliano Nievas;Gaston Alejandro Kiriczuk
14336195;16/09/2026 10:16:54;3;2;0001  215531-1;14;RETIRA;2092110;"DG16    ";"DEKKO GUALEGUAYCHU SRL                            ";PRIMERA JUNTA 1027;952630;"60-152         ";60-152 - LAVATORIO CR MONOCOMANDO BAJO SORIA;2;2;2;23431799;160926083500102;183967935;;;;07/27/2031 00:00:00;2;13984233;16/09/2026 08:35:00;Maximiliano;Nievas;24707813;16/09/2026 08:30:47;6409;Gaston Alejandro;Kiriczuk;Maximiliano Nievas;Gaston Alejandro Kiriczuk
14336195;16/09/2026 10:16:54;3;2;0001  215531-1;14;RETIRA;2092110;"DG16    ";"DEKKO GUALEGUAYCHU SRL                            ";PRIMERA JUNTA 1027;952650;"60-180         ";60-180 - LAVATORIO MONOCOMANDO BAJO VERA;1;1;1;23431799;160926083500102;183968249;;;;07/28/2031 00:00:00;1;13984233;16/09/2026 08:35:00;Maximiliano;Nievas;24707813;16/09/2026 08:30:47;6409;Gaston Alejandro;Kiriczuk;Maximiliano Nievas;Gaston Alejandro Kiriczuk
14336195;16/09/2026 10:16:54;3;2;0001  215531-1;14;RETIRA;2092110;"DG16    ";"DEKKO GUALEGUAYCHU SRL                            ";PRIMERA JUNTA 1027;953102;"80-152         ";80-152 - DUCHA EMB. CR C/TRANSF. MONOCOMANDO SORIA;1;1;1;23431799;160926083500102;183968117;;;;10/26/2031 00:00:00;1;13984233;16/09/2026 08:35:00;Maximiliano;Nievas;24707813;16/09/2026 08:30:47;6409;Gaston Alejandro;Kiriczuk;Maximiliano Nievas;Gaston Alejandro Kiriczuk
14336195;16/09/2026 10:16:54;3;2;0001  215531-1;14;RETIRA;2092110;"DG16    ";"DEKKO GUALEGUAYCHU SRL                            ";PRIMERA JUNTA 1027;952452;"51-122         ";51-122 - MESADA BIMANDO CR C.CERAM VALENCIA;1;1;1;23433134;160926101653615;183977772;;;;02/01/2032 00:00:00;1;13987080;16/09/2026 10:16:53;Maximiliano;Nievas;24708940;16/09/2026 08:55:22;6409;Gaston Alejandro;Kiriczuk;Maximiliano Nievas;Gaston Alejandro Kiriczuk
14336195;16/09/2026 10:16:54;3;2;0001  215531-1;14;RETIRA;2092110;"DG16    ";"DEKKO GUALEGUAYCHU SRL                            ";PRIMERA JUNTA 1027;953083;"80-122         ";80-122 - DUCHA EMB.C/TRANSF. C.CERAM CR VALENCIA;1;1;1;23438576;160926101644647;183977662;;;;07/31/2031 00:00:00;1;13987100;16/09/2026 10:16:44;Maximiliano;Nievas;;;;;;Maximiliano Nievas;
14336195;16/09/2026 10:16:54;3;2;0001  215531-1;14;RETIRA;2092110;"DG16    ";"DEKKO GUALEGUAYCHU SRL                            ";PRIMERA JUNTA 1027;952676;"60-201NI       ";60-201NI - LAVATORIO C.CERAM BEAT NICKEL;2;2;2;23438576;160926101644647;183976988;;;;08/20/2031 00:00:00;2;13987100;16/09/2026 10:16:44;Maximiliano;Nievas;;;;;;Maximiliano Nievas;
14336195;16/09/2026 10:16:54;3;2;0001  215531-1;14;RETIRA;2092110;"DG16    ";"DEKKO GUALEGUAYCHU SRL                            ";PRIMERA JUNTA 1027;952677;"60-203         ";60-203 - LAVATORIO MONOCOMANDO BAJO ADRA;1;1;1;23438576;160926101644647;183977193;;;;02/16/2032 00:00:00;1;13987100;16/09/2026 10:16:44;Maximiliano;Nievas;;;;;;Maximiliano Nievas;
14336195;16/09/2026 10:16:54;3;2;0001  215531-1;14;RETIRA;2092110;"DG16    ";"DEKKO GUALEGUAYCHU SRL                            ";PRIMERA JUNTA 1027;952953;"70-201NI       ";70-201NI - BIDE CR C.CERAM BEAT NICKEL;1;1;1;23438576;160926101644647;183976789;;;;07/29/2031 00:00:00;1;13987100;16/09/2026 10:16:44;Maximiliano;Nievas;;;;;;Maximiliano Nievas;
14336196;16/09/2026 09:59:24;3;2;0001  215796-1;14;RETIRA;2092572;"FS09    ";"FANTINI SERGIO DANIEL - DIST.GUALEGUAY            ";B. ROLDAN 2183;954922;"BCH19          ";"BACHA DE APOYAR BLANCA 365x235x120                                    ";2;2;2;23437252;160926095923952;184003053;;;;07/28/2031 00:00:00;1;13986519;16/09/2026 09:59:23;Maximiliano;Nievas;24712810;16/09/2026 09:56:39;6419;Tiago;Rodriguez;Maximiliano Nievas;Tiago Rodriguez
14336196;16/09/2026 09:59:24;3;2;0001  215796-1;14;RETIRA;2092572;"FS09    ";"FANTINI SERGIO DANIEL - DIST.GUALEGUAY            ";B. ROLDAN 2183;954922;"BCH19          ";"BACHA DE APOYAR BLANCA 365x235x120                                    ";2;2;2;23437502;160926095914911;184004417;;;;07/28/2031 00:00:00;1;13986524;16/09/2026 09:59:14;Maximiliano;Nievas;;;;;;Maximiliano Nievas;
14336502;16/09/2026 09:23:19;3;2;0001  215754-1;10;URGENTES;2109166;"CLIEVEN ";"CLIENTE EVENTUAL                                  ";RIVADAVIA 3428;957492;"RA1101N        ";RA1101N - FLEXIBLE BLACK MONOC CUINA M16 x 60cm;1;1;1;23434566;160926092318041;183985439;;;;02/11/2032 00:00:00;1;13985428;16/09/2026 09:23:18;Maximiliano;Nievas;24710234;16/09/2026 09:05:16;6419;Tiago;Rodriguez;Maximiliano Nievas;Tiago Rodriguez
14336503;16/09/2026 09:24:12;3;2;0001  215821-1;10;URGENTES;2108820;"052     ";"GAMARRA RUBEN SABINO                              ";MALABIA 2285;957851;"RA714B         ";RA714B - VOLANTE LAZA BLANCO COMPLETO;2;2;2;23434567;160926092412208;183985302;;;;09/01/2031 00:00:00;2;13985450;16/09/2026 09:24:12;Maximiliano;Nievas;24710234;16/09/2026 09:05:16;6419;Tiago;Rodriguez;Maximiliano Nievas;Tiago Rodriguez
14336503;16/09/2026 09:24:12;3;2;0001  215821-1;10;URGENTES;2108820;"052     ";"GAMARRA RUBEN SABINO                              ";MALABIA 2285;957390;"RA001          ";RA001 - CABEZAL STD NO ASCENDENTE;2;2;2;23434567;160926092412208;183985122;;;;02/10/2032 00:00:00;2;13985450;16/09/2026 09:24:12;Maximiliano;Nievas;24710234;16/09/2026 09:05:16;6419;Tiago;Rodriguez;Maximiliano Nievas;Tiago Rodriguez
14336667;16/09/2026 10:15:22;3;2;0001  215686-1;14;RETIRA;2093847;"PE15    ";"PITA EPPER NICOLAS                                ";LADISLAO MARTINEZ 276 1 C;954804;"AB-001         ";AB-001 - AGARRADERA ACERO INOX CROMADO 30 CM SAFE;2;2;2;23431800;160926083643101;183969439;;;;07/28/2031 00:00:00;2;13984252;16/09/2026 08:36:43;Maximiliano;Nievas;24707813;16/09/2026 08:30:47;6409;Gaston Alejandro;Kiriczuk;Maximiliano Nievas;Gaston Alejandro Kiriczuk
14336667;16/09/2026 10:15:22;3;2;0001  215686-1;14;RETIRA;2093847;"PE15    ";"PITA EPPER NICOLAS                                ";LADISLAO MARTINEZ 276 1 C;952949;"70-200C        ";70-200C - BIDE MONOCOMANDO CR FABRIC;1;1;1;23431800;160926083643101;183968731;;;;10/28/2031 00:00:00;1;13984252;16/09/2026 08:36:43;Maximiliano;Nievas;24707813;16/09/2026 08:30:47;6409;Gaston Alejandro;Kiriczuk;Maximiliano Nievas;Gaston Alejandro Kiriczuk
14336667;16/09/2026 10:15:22;3;2;0001  215686-1;14;RETIRA;2093847;"PE15    ";"PITA EPPER NICOLAS                                ";LADISLAO MARTINEZ 276 1 C;951302;"17040C         ";17040C - PORTA ROLLO LINEA FABRIC CROMO;2;2;2;23431800;160926083643101;183966742;;;;07/29/2031 00:00:00;2;13984252;16/09/2026 08:36:43;Maximiliano;Nievas;24707813;16/09/2026 08:30:47;6409;Gaston Alejandro;Kiriczuk;Maximiliano Nievas;Gaston Alejandro Kiriczuk
14336667;16/09/2026 10:15:22;3;2;0001  215686-1;14;RETIRA;2093847;"PE15    ";"PITA EPPER NICOLAS                                ";LADISLAO MARTINEZ 276 1 C;951299;"17030C         ";17030C - PERCHA LINEA FABRIC CROMO;6;6;6;23431800;160926083643101;183966447;;;;11/10/2031 00:00:00;6;13984252;16/09/2026 08:36:43;Maximiliano;Nievas;24707813;16/09/2026 08:30:47;6409;Gaston Alejandro;Kiriczuk;Maximiliano Nievas;Gaston Alejandro Kiriczuk
14336667;16/09/2026 10:15:22;3;2;0001  215686-1;14;RETIRA;2093847;"PE15    ";"PITA EPPER NICOLAS                                ";LADISLAO MARTINEZ 276 1 C;951293;"17010C         ";17010C - TOALLERO BARRAL LINEA FABRIC CROMO;2;2;2;23431800;160926083643101;183966148;;;;07/27/2031 00:00:00;2;13984252;16/09/2026 08:36:43;Maximiliano;Nievas;24707813;16/09/2026 08:30:47;6409;Gaston Alejandro;Kiriczuk;Maximiliano Nievas;Gaston Alejandro Kiriczuk
14336667;16/09/2026 10:15:22;3;2;0001  215686-1;14;RETIRA;2093847;"PE15    ";"PITA EPPER NICOLAS                                ";LADISLAO MARTINEZ 276 1 C;953152;"80-200C        ";80-200C - DUCHA EMB. MONOC. 3 FUNCIONES CR FABRIC;1;1;1;23433135;160926101522764;183980745;;;;12/14/2031 00:00:00;1;13987053;16/09/2026 10:15:22;Maximiliano;Nievas;24708940;16/09/2026 08:55:22;6409;Gaston Alejandro;Kiriczuk;Maximiliano Nievas;Gaston Alejandro Kiriczuk
14336668;16/09/2026 10:14:10;3;2;0008    2935-1;14;RETIRA;2093847;"PE15    ";"PITA EPPER NICOLAS                                ";LADISLAO MARTINEZ 276 1 C;952739;"62-100C        ";62-100C - LAVATORIO DE PARED CR C.CERAM FABRIC;2;2;2;23433136;160926101410365;183978393;;;;07/31/2031 00:00:00;2;13987014;16/09/2026 10:14:10;Maximiliano;Nievas;24708940;16/09/2026 08:55:22;6409;Gaston Alejandro;Kiriczuk;Maximiliano Nievas;Gaston Alejandro Kiriczuk
14336669;16/09/2026 08:35:13;3;2;0001  215702-1;14;RETIRA;2094405;"SD31    ";"SG SANITARIOS DEL ESTE S.A                        ";COLECTORA DEL ESTE 1921;951532;"20-147         ";20-147 - MONOCOMANDO DE COCINA SWIFT;1;1;1;23431801;160926083512695;183971612;;;;08/04/2031 00:00:00;1;13984248;16/09/2026 08:35:12;Maximiliano;Nievas;24707813;16/09/2026 08:30:47;6409;Gaston Alejandro;Kiriczuk;Maximiliano Nievas;Gaston Alejandro Kiriczuk
14336670;16/09/2026 09:25:56;3;2;0001  215704-1;14;RETIRA;2094405;"SD31    ";"SG SANITARIOS DEL ESTE S.A                        ";COLECTORA DEL ESTE 1921;951760;"3006SS         ";3006SS - SET DE 6 PIEZAS LINEA 3000 SS;1;1;1;23434219;160926092554355;183982535;;;;07/29/2031 00:00:00;1;13985506;16/09/2026 09:25:54;Maximiliano;Nievas;24709928;16/09/2026 08:58:50;6419;Tiago;Rodriguez;Maximiliano Nievas;Tiago Rodriguez
14336671;16/09/2026 09:13:45;3;2;0001  215728-1;14;RETIRA;2094016;"PS13    ";"PROYECTO SANITARIO S.A.                           ";AV. LOPE DE VEGA 2931;953109;"80-166         ";"DUCHA EMB. C/TRANSF. CR C.CERAM ADRA PLUS                             ";1;1;1;23433137;160926091344767;183974592;;;;01/19/2032 00:00:00;1;13985170;16/09/2026 09:13:44;Gaston Alejandro;Kiriczuk;24708940;16/09/2026 08:55:22;6409;Gaston Alejandro;Kiriczuk;Gaston Alejandro Kiriczuk;Gaston Alejandro Kiriczuk
14336671;16/09/2026 09:13:45;3;2;0001  215728-1;14;RETIRA;2094016;"PS13    ";"PROYECTO SANITARIO S.A.                           ";AV. LOPE DE VEGA 2931;952634;"60-162         ";60-162 - LAVATORIO CR C.CERAM LINEA ADRA;1;1;1;23433137;160926091344767;183974720;;;;07/29/2031 00:00:00;1;13985170;16/09/2026 09:13:44;Gaston Alejandro;Kiriczuk;24708940;16/09/2026 08:55:22;6409;Gaston Alejandro;Kiriczuk;Gaston Alejandro Kiriczuk;Gaston Alejandro Kiriczuk
14336672;16/09/2026 08:34:08;3;2;0001  215753-1;14;RETIRA;2094319;"SA60    ";"SANTAGAL S.R.L.                                   ";AV. INDEPENDENCIA 2218;953125;"80-180         ";80-180 - DUCHA EMB. C/TRANSF. MONOCOMANDO VERA;2;2;2;23431802;160926083407302;183965740;;;;11/23/2031 00:00:00;2;13984212;16/09/2026 08:34:07;Maximiliano;Nievas;24707813;16/09/2026 08:30:47;6409;Gaston Alejandro;Kiriczuk;Maximiliano Nievas;Gaston Alejandro Kiriczuk
14336673;16/09/2026 10:09:10;3;2;0008    2942-1;14;RETIRA;2094662;"SS41    ";"SANITARIOS SANJUAN S.R.L.                         ";SANABRIA 2978;954893;"BAN103         ";BAN103 - BAÑERA DE ACERO ESMALTADA BLANCA 1500x700x360x1.5;15;15;15;23437450;160926100910570;184004897;;;;11/24/2031 00:00:00;15;13986677;16/09/2026 10:09:10;Maximiliano;Nievas;24712978;16/09/2026 10:03:24;6419;Tiago;Rodriguez;Maximiliano Nievas;Tiago Rodriguez
14336674;16/09/2026 11:52:22;3;2;0001  215762-1;14;RETIRA;2092691;"GG22    ";"GRUPO GRIFO LINC.                                 ";ALEM 170;956491;"LG03C70        ";LG03C70 - BIDE CR C.STD BERNA;180;180;180;23434757;160926115219282;183987619;;;;12/10/2031 00:00:00;10;13988010;16/09/2026 11:52:19;Maximiliano;Nievas;24710434;16/09/2026 09:49:28;6419;Tiago;Rodriguez;Maximiliano Nievas;Tiago Rodriguez
14336674;16/09/2026 11:52:22;3;2;0001  215762-1;14;RETIRA;2092691;"GG22    ";"GRUPO GRIFO LINC.                                 ";ALEM 170;956490;"LG03C60        ";LG03C60 - LAVATORIO CR C.STD BERNA;220;220;220;23440267;160926104643882;184023525;;;;12/07/2031 00:00:00;10;13988117;16/09/2026 10:46:43;Maximiliano;Nievas;;;;;;Maximiliano Nievas;
14336674;16/09/2026 11:52:22;3;2;0001  215762-1;14;RETIRA;2092691;"GG22    ";"GRUPO GRIFO LINC.                                 ";ALEM 170;956490;"LG03C60        ";LG03C60 - LAVATORIO CR C.STD BERNA;220;220;220;23440320;160926104737642;184023873;;;;12/07/2031 00:00:00;10;13988170;16/09/2026 10:47:37;Maximiliano;Nievas;;;;;;Maximiliano Nievas;
14336674;16/09/2026 11:52:22;3;2;0001  215762-1;14;RETIRA;2092691;"GG22    ";"GRUPO GRIFO LINC.                                 ";ALEM 170;956490;"LG03C60        ";LG03C60 - LAVATORIO CR C.STD BERNA;220;220;220;23440362;160926104828363;184024224;;;;12/07/2031 00:00:00;10;13988202;16/09/2026 10:48:28;Maximiliano;Nievas;;;;;;Maximiliano Nievas;
14336674;16/09/2026 11:52:22;3;2;0001  215762-1;14;RETIRA;2092691;"GG22    ";"GRUPO GRIFO LINC.                                 ";ALEM 170;956490;"LG03C60        ";LG03C60 - LAVATORIO CR C.STD BERNA;220;220;220;23440431;160926104951825;184024765;;;;12/07/2031 00:00:00;10;13988261;16/09/2026 10:49:51;Maximiliano;Nievas;;;;;;Maximiliano Nievas;
14336674;16/09/2026 11:52:22;3;2;0001  215762-1;14;RETIRA;2092691;"GG22    ";"GRUPO GRIFO LINC.                                 ";ALEM 170;956490;"LG03C60        ";LG03C60 - LAVATORIO CR C.STD BERNA;220;220;220;23440475;160926105048148;184025146;;;;12/07/2031 00:00:00;10;13988295;16/09/2026 10:50:48;Maximiliano;Nievas;;;;;;Maximiliano Nievas;
14336674;16/09/2026 11:52:22;3;2;0001  215762-1;14;RETIRA;2092691;"GG22    ";"GRUPO GRIFO LINC.                                 ";ALEM 170;956490;"LG03C60        ";LG03C60 - LAVATORIO CR C.STD BERNA;220;220;220;23440488;160926105100198;184025233;;;;12/07/2031 00:00:00;10;13988304;16/09/2026 10:51:00;Maximiliano;Nievas;;;;;;Maximiliano Nievas;
14336674;16/09/2026 11:52:22;3;2;0001  215762-1;14;RETIRA;2092691;"GG22    ";"GRUPO GRIFO LINC.                                 ";ALEM 170;956490;"LG03C60        ";LG03C60 - LAVATORIO CR C.STD BERNA;220;220;220;23440497;160926105110877;184025293;;;;12/07/2031 00:00:00;10;13988309;16/09/2026 10:51:10;Maximiliano;Nievas;;;;;;Maximiliano Nievas;
14336674;16/09/2026 11:52:22;3;2;0001  215762-1;14;RETIRA;2092691;"GG22    ";"GRUPO GRIFO LINC.                                 ";ALEM 170;956490;"LG03C60        ";LG03C60 - LAVATORIO CR C.STD BERNA;220;220;220;23440767;160926105506939;184026918;;;;12/07/2031 00:00:00;10;13988451;16/09/2026 10:55:06;Maximiliano;Nievas;;;;;;Maximiliano Nievas;
14336674;16/09/2026 11:52:22;3;2;0001  215762-1;14;RETIRA;2092691;"GG22    ";"GRUPO GRIFO LINC.                                 ";ALEM 170;956490;"LG03C60        ";LG03C60 - LAVATORIO CR C.STD BERNA;220;220;220;23440862;160926105703584;184027661;;;;12/07/2031 00:00:00;10;13988511;16/09/2026 10:57:03;Maximiliano;Nievas;;;;;;Maximiliano Nievas;
14336674;16/09/2026 11:52:22;3;2;0001  215762-1;14;RETIRA;2092691;"GG22    ";"GRUPO GRIFO LINC.                                 ";ALEM 170;956490;"LG03C60        ";LG03C60 - LAVATORIO CR C.STD BERNA;220;220;220;23440907;160926105800441;184028038;;;;12/07/2031 00:00:00;10;13988549;16/09/2026 10:58:00;Maximiliano;Nievas;;;;;;Maximiliano Nievas;
14336674;16/09/2026 11:52:22;3;2;0001  215762-1;14;RETIRA;2092691;"GG22    ";"GRUPO GRIFO LINC.                                 ";ALEM 170;956490;"LG03C60        ";LG03C60 - LAVATORIO CR C.STD BERNA;220;220;220;23440940;160926105831686;184028262;;;;12/07/2031 00:00:00;10;13988573;16/09/2026 10:58:31;Maximiliano;Nievas;;;;;;Maximiliano Nievas;
14336674;16/09/2026 11:52:22;3;2;0001  215762-1;14;RETIRA;2092691;"GG22    ";"GRUPO GRIFO LINC.                                 ";ALEM 170;956490;"LG03C60        ";LG03C60 - LAVATORIO CR C.STD BERNA;220;220;220;23440978;160926105906587;184028475;;;;12/07/2031 00:00:00;10;13988594;16/09/2026 10:59:06;Maximiliano;Nievas;;;;;;Maximiliano Nievas;
14336674;16/09/2026 11:52:22;3;2;0001  215762-1;14;RETIRA;2092691;"GG22    ";"GRUPO GRIFO LINC.                                 ";ALEM 170;956490;"LG03C60        ";LG03C60 - LAVATORIO CR C.STD BERNA;220;220;220;23440994;160926105917856;184028543;;;;12/07/2031 00:00:00;10;13988603;16/09/2026 10:59:17;Maximiliano;Nievas;;;;;;Maximiliano Nievas;
14336674;16/09/2026 11:52:22;3;2;0001  215762-1;14;RETIRA;2092691;"GG22    ";"GRUPO GRIFO LINC.                                 ";ALEM 170;956490;"LG03C60        ";LG03C60 - LAVATORIO CR C.STD BERNA;220;220;220;23441133;160926110147982;184029417;;;;12/07/2031 00:00:00;10;13988718;16/09/2026 11:01:47;Maximiliano;Nievas;;;;;;Maximiliano Nievas;
14336674;16/09/2026 11:52:22;3;2;0001  215762-1;14;RETIRA;2092691;"GG22    ";"GRUPO GRIFO LINC.                                 ";ALEM 170;956490;"LG03C60        ";LG03C60 - LAVATORIO CR C.STD BERNA;220;220;220;23441144;160926110158516;184029473;;;;12/07/2031 00:00:00;10;13988729;16/09/2026 11:01:58;Maximiliano;Nievas;;;;;;Maximiliano Nievas;
14336674;16/09/2026 11:52:22;3;2;0001  215762-1;14;RETIRA;2092691;"GG22    ";"GRUPO GRIFO LINC.                                 ";ALEM 170;956490;"LG03C60        ";LG03C60 - LAVATORIO CR C.STD BERNA;220;220;220;23441155;160926110208815;184029531;;;;12/07/2031 00:00:00;10;13988737;16/09/2026 11:02:08;Maximiliano;Nievas;;;;;;Maximiliano Nievas;
14336674;16/09/2026 11:52:22;3;2;0001  215762-1;14;RETIRA;2092691;"GG22    ";"GRUPO GRIFO LINC.                                 ";ALEM 170;956490;"LG03C60        ";LG03C60 - LAVATORIO CR C.STD BERNA;220;220;220;23441188;160926110231893;184029651;;;;12/07/2031 00:00:00;10;13988755;16/09/2026 11:02:31;Maximiliano;Nievas;;;;;;Maximiliano Nievas;
14336674;16/09/2026 11:52:22;3;2;0001  215762-1;14;RETIRA;2092691;"GG22    ";"GRUPO GRIFO LINC.                                 ";ALEM 170;956490;"LG03C60        ";LG03C60 - LAVATORIO CR C.STD BERNA;220;220;220;23441195;160926110241798;184029726;;;;12/07/2031 00:00:00;10;13988762;16/09/2026 11:02:41;Maximiliano;Nievas;;;;;;Maximiliano Nievas;
14336674;16/09/2026 11:52:22;3;2;0001  215762-1;14;RETIRA;2092691;"GG22    ";"GRUPO GRIFO LINC.                                 ";ALEM 170;956490;"LG03C60        ";LG03C60 - LAVATORIO CR C.STD BERNA;220;220;220;23441203;160926110251393;184029776;;;;12/07/2031 00:00:00;10;13988767;16/09/2026 11:02:51;Maximiliano;Nievas;;;;;;Maximiliano Nievas;
14336674;16/09/2026 11:52:22;3;2;0001  215762-1;14;RETIRA;2092691;"GG22    ";"GRUPO GRIFO LINC.                                 ";ALEM 170;956490;"LG03C60        ";LG03C60 - LAVATORIO CR C.STD BERNA;220;220;220;23441210;160926110303461;184029841;;;;12/07/2031 00:00:00;10;13988777;16/09/2026 11:03:03;Maximiliano;Nievas;;;;;;Maximiliano Nievas;
14336674;16/09/2026 11:52:22;3;2;0001  215762-1;14;RETIRA;2092691;"GG22    ";"GRUPO GRIFO LINC.                                 ";ALEM 170;956490;"LG03C60        ";LG03C60 - LAVATORIO CR C.STD BERNA;220;220;220;23441242;160926110321209;184029997;;;;12/07/2031 00:00:00;10;13988790;16/09/2026 11:03:21;Maximiliano;Nievas;;;;;;Maximiliano Nievas;
14336674;16/09/2026 11:52:22;3;2;0001  215762-1;14;RETIRA;2092691;"GG22    ";"GRUPO GRIFO LINC.                                 ";ALEM 170;956490;"LG03C60        ";LG03C60 - LAVATORIO CR C.STD BERNA;220;220;220;23442011;160926111632145;183987098;;;;12/07/2031 00:00:00;10;13989311;16/09/2026 11:16:32;Maximiliano;Nievas;;;;;;Maximiliano Nievas;
14336674;16/09/2026 11:52:22;3;2;0001  215762-1;14;RETIRA;2092691;"GG22    ";"GRUPO GRIFO LINC.                                 ";ALEM 170;956497;"LG04C70        ";LG04C70 - BIDE CR C.CERAM DAVOS;30;30;30;23442219;160926112020038;184036665;;;;07/29/2031 00:00:00;10;13989449;16/09/2026 11:20:20;Maximiliano;Nievas;;;;;;Maximiliano Nievas;
14336674;16/09/2026 11:52:22;3;2;0001  215762-1;14;RETIRA;2092691;"GG22    ";"GRUPO GRIFO LINC.                                 ";ALEM 170;956497;"LG04C70        ";LG04C70 - BIDE CR C.CERAM DAVOS;30;30;30;23442253;160926112048614;184036869;;;;07/29/2031 00:00:00;10;13989469;16/09/2026 11:20:48;Maximiliano;Nievas;;;;;;Maximiliano Nievas;
14336674;16/09/2026 11:52:22;3;2;0001  215762-1;14;RETIRA;2092691;"GG22    ";"GRUPO GRIFO LINC.                                 ";ALEM 170;956497;"LG04C70        ";LG04C70 - BIDE CR C.CERAM DAVOS;30;30;30;23442277;160926112114270;183998687;;;;07/29/2031 00:00:00;10;13989489;16/09/2026 11:21:14;Maximiliano;Nievas;;;;;;Maximiliano Nievas;
14336674;16/09/2026 11:52:22;3;2;0001  215762-1;14;RETIRA;2092691;"GG22    ";"GRUPO GRIFO LINC.                                 ";ALEM 170;956494;"LG03N70        ";LG03N70 - BIDE BLACK C.STD BERNA;70;70;70;23442705;160926112954668;184040701;;;;11/18/2031 00:00:00;10;13989790;16/09/2026 11:29:54;Maximiliano;Nievas;;;;;;Maximiliano Nievas;
14336674;16/09/2026 11:52:22;3;2;0001  215762-1;14;RETIRA;2092691;"GG22    ";"GRUPO GRIFO LINC.                                 ";ALEM 170;956494;"LG03N70        ";LG03N70 - BIDE BLACK C.STD BERNA;70;70;70;23442829;160926113216257;184041703;;;;11/18/2031 00:00:00;10;13989872;16/09/2026 11:32:16;Maximiliano;Nievas;;;;;;Maximiliano Nievas;
14336674;16/09/2026 11:52:22;3;2;0001  215762-1;14;RETIRA;2092691;"GG22    ";"GRUPO GRIFO LINC.                                 ";ALEM 170;956494;"LG03N70        ";LG03N70 - BIDE BLACK C.STD BERNA;70;70;70;23442842;160926113226701;184041779;;;;11/18/2031 00:00:00;10;13989882;16/09/2026 11:32:26;Maximiliano;Nievas;;;;;;Maximiliano Nievas;
14336674;16/09/2026 11:52:22;3;2;0001  215762-1;14;RETIRA;2092691;"GG22    ";"GRUPO GRIFO LINC.                                 ";ALEM 170;956494;"LG03N70        ";LG03N70 - BIDE BLACK C.STD BERNA;70;70;70;23442859;160926113237930;184041851;;;;11/18/2031 00:00:00;10;13989891;16/09/2026 11:32:37;Maximiliano;Nievas;;;;;;Maximiliano Nievas;
14336674;16/09/2026 11:52:22;3;2;0001  215762-1;14;RETIRA;2092691;"GG22    ";"GRUPO GRIFO LINC.                                 ";ALEM 170;956494;"LG03N70        ";LG03N70 - BIDE BLACK C.STD BERNA;70;70;70;23442874;160926113248732;184041929;;;;11/18/2031 00:00:00;10;13989896;16/09/2026 11:32:48;Maximiliano;Nievas;;;;;;Maximiliano Nievas;
14336674;16/09/2026 11:52:22;3;2;0001  215762-1;14;RETIRA;2092691;"GG22    ";"GRUPO GRIFO LINC.                                 ";ALEM 170;956494;"LG03N70        ";LG03N70 - BIDE BLACK C.STD BERNA;70;70;70;23442883;160926113258469;184042024;;;;11/18/2031 00:00:00;10;13989906;16/09/2026 11:32:58;Maximiliano;Nievas;;;;;;Maximiliano Nievas;
14336674;16/09/2026 11:52:22;3;2;0001  215762-1;14;RETIRA;2092691;"GG22    ";"GRUPO GRIFO LINC.                                 ";ALEM 170;956494;"LG03N70        ";LG03N70 - BIDE BLACK C.STD BERNA;70;70;70;23442897;160926113314782;183989580;;;;11/18/2031 00:00:00;10;13989919;16/09/2026 11:33:14;Maximiliano;Nievas;;;;;;Maximiliano Nievas;
14336674;16/09/2026 11:52:22;3;2;0001  215762-1;14;RETIRA;2092691;"GG22    ";"GRUPO GRIFO LINC.                                 ";ALEM 170;956492;"LG03C80        ";LG03C80 - DUCHA EMB. C/TRANSF. CR C.STD BERNA;20;20;20;23443011;160926113551068;184043310;;;;12/14/2031 00:00:00;10;13989995;16/09/2026 11:35:51;Maximiliano;Nievas;;;;;;Maximiliano Nievas;
14336674;16/09/2026 11:52:22;3;2;0001  215762-1;14;RETIRA;2092691;"GG22    ";"GRUPO GRIFO LINC.                                 ";ALEM 170;956492;"LG03C80        ";LG03C80 - DUCHA EMB. C/TRANSF. CR C.STD BERNA;20;20;20;23443048;160926113619746;183988516;;;;12/14/2031 00:00:00;10;13990010;16/09/2026 11:36:19;Maximiliano;Nievas;;;;;;Maximiliano Nievas;
14336674;16/09/2026 11:52:22;3;2;0001  215762-1;14;RETIRA;2092691;"GG22    ";"GRUPO GRIFO LINC.                                 ";ALEM 170;956491;"LG03C70        ";LG03C70 - BIDE CR C.STD BERNA;180;180;180;23443508;160926114438484;184047106;;;;12/10/2031 00:00:00;10;13990303;16/09/2026 11:44:38;Maximiliano;Nievas;;;;;;Maximiliano Nievas;
14336674;16/09/2026 11:52:22;3;2;0001  215762-1;14;RETIRA;2092691;"GG22    ";"GRUPO GRIFO LINC.                                 ";ALEM 170;956491;"LG03C70        ";LG03C70 - BIDE CR C.STD BERNA;180;180;180;23443522;160926114450992;184047189;;;;12/10/2031 00:00:00;10;13990310;16/09/2026 11:44:51;Maximiliano;Nievas;;;;;;Maximiliano Nievas;
14336674;16/09/2026 11:52:22;3;2;0001  215762-1;14;RETIRA;2092691;"GG22    ";"GRUPO GRIFO LINC.                                 ";ALEM 170;956491;"LG03C70        ";LG03C70 - BIDE CR C.STD BERNA;180;180;180;23443534;160926114504491;184047284;;;;12/10/2031 00:00:00;10;13990321;16/09/2026 11:45:04;Maximiliano;Nievas;;;;;;Maximiliano Nievas;
14336674;16/09/2026 11:52:22;3;2;0001  215762-1;14;RETIRA;2092691;"GG22    ";"GRUPO GRIFO LINC.                                 ";ALEM 170;956491;"LG03C70        ";LG03C70 - BIDE CR C.STD BERNA;180;180;180;23443547;160926114514179;184047346;;;;12/10/2031 00:00:00;10;13990324;16/09/2026 11:45:14;Maximiliano;Nievas;;;;;;Maximiliano Nievas;
14336674;16/09/2026 11:52:22;3;2;0001  215762-1;14;RETIRA;2092691;"GG22    ";"GRUPO GRIFO LINC.                                 ";ALEM 170;956491;"LG03C70        ";LG03C70 - BIDE CR C.STD BERNA;180;180;180;23443563;160926114524712;184047413;;;;12/10/2031 00:00:00;10;13990332;16/09/2026 11:45:24;Maximiliano;Nievas;;;;;;Maximiliano Nievas;
14336674;16/09/2026 11:52:22;3;2;0001  215762-1;14;RETIRA;2092691;"GG22    ";"GRUPO GRIFO LINC.                                 ";ALEM 170;956491;"LG03C70        ";LG03C70 - BIDE CR C.STD BERNA;180;180;180;23443572;160926114534628;184047491;;;;12/10/2031 00:00:00;10;13990341;16/09/2026 11:45:34;Maximiliano;Nievas;;;;;;Maximiliano Nievas;
14336674;16/09/2026 11:52:22;3;2;0001  215762-1;14;RETIRA;2092691;"GG22    ";"GRUPO GRIFO LINC.                                 ";ALEM 170;956491;"LG03C70        ";LG03C70 - BIDE CR C.STD BERNA;180;180;180;23443583;160926114544302;184047556;;;;12/10/2031 00:00:00;10;13990354;16/09/2026 11:45:44;Maximiliano;Nievas;;;;;;Maximiliano Nievas;
14336674;16/09/2026 11:52:22;3;2;0001  215762-1;14;RETIRA;2092691;"GG22    ";"GRUPO GRIFO LINC.                                 ";ALEM 170;956491;"LG03C70        ";LG03C70 - BIDE CR C.STD BERNA;180;180;180;23443590;160926114554026;184047623;;;;12/10/2031 00:00:00;10;13990363;16/09/2026 11:45:54;Maximiliano;Nievas;;;;;;Maximiliano Nievas;
14336674;16/09/2026 11:52:22;3;2;0001  215762-1;14;RETIRA;2092691;"GG22    ";"GRUPO GRIFO LINC.                                 ";ALEM 170;956491;"LG03C70        ";LG03C70 - BIDE CR C.STD BERNA;180;180;180;23443789;160926114949299;184049186;;;;12/10/2031 00:00:00;10;13990467;16/09/2026 11:49:49;Maximiliano;Nievas;;;;;;Maximiliano Nievas;
14336674;16/09/2026 11:52:22;3;2;0001  215762-1;14;RETIRA;2092691;"GG22    ";"GRUPO GRIFO LINC.                                 ";ALEM 170;956491;"LG03C70        ";LG03C70 - BIDE CR C.STD BERNA;180;180;180;23443796;160926115001363;184049266;;;;12/10/2031 00:00:00;10;13990474;16/09/2026 11:50:01;Maximiliano;Nievas;;;;;;Maximiliano Nievas;
14336674;16/09/2026 11:52:22;3;2;0001  215762-1;14;RETIRA;2092691;"GG22    ";"GRUPO GRIFO LINC.                                 ";ALEM 170;956491;"LG03C70        ";LG03C70 - BIDE CR C.STD BERNA;180;180;180;23443807;160926115011765;184049329;;;;12/10/2031 00:00:00;10;13990483;16/09/2026 11:50:11;Maximiliano;Nievas;;;;;;Maximiliano Nievas;
14336674;16/09/2026 11:52:22;3;2;0001  215762-1;14;RETIRA;2092691;"GG22    ";"GRUPO GRIFO LINC.                                 ";ALEM 170;956491;"LG03C70        ";LG03C70 - BIDE CR C.STD BERNA;180;180;180;23443837;160926115030797;184049432;;;;12/10/2031 00:00:00;10;13990487;16/09/2026 11:50:30;Maximiliano;Nievas;;;;;;Maximiliano Nievas;
14336674;16/09/2026 11:52:22;3;2;0001  215762-1;14;RETIRA;2092691;"GG22    ";"GRUPO GRIFO LINC.                                 ";ALEM 170;956491;"LG03C70        ";LG03C70 - BIDE CR C.STD BERNA;180;180;180;23443862;160926115106499;184049670;;;;12/10/2031 00:00:00;10;13990511;16/09/2026 11:51:06;Maximiliano;Nievas;;;;;;Maximiliano Nievas;
14336674;16/09/2026 11:52:22;3;2;0001  215762-1;14;RETIRA;2092691;"GG22    ";"GRUPO GRIFO LINC.                                 ";ALEM 170;956491;"LG03C70        ";LG03C70 - BIDE CR C.STD BERNA;180;180;180;23443871;160926115123652;184049783;;;;12/10/2031 00:00:00;10;13990521;16/09/2026 11:51:23;Maximiliano;Nievas;;;;;;Maximiliano Nievas;
14336674;16/09/2026 11:52:22;3;2;0001  215762-1;14;RETIRA;2092691;"GG22    ";"GRUPO GRIFO LINC.                                 ";ALEM 170;956491;"LG03C70        ";LG03C70 - BIDE CR C.STD BERNA;180;180;180;23443887;160926115141741;184049891;;;;12/10/2031 00:00:00;10;13990529;16/09/2026 11:51:41;Maximiliano;Nievas;;;;;;Maximiliano Nievas;
14336674;16/09/2026 11:52:22;3;2;0001  215762-1;14;RETIRA;2092691;"GG22    ";"GRUPO GRIFO LINC.                                 ";ALEM 170;956491;"LG03C70        ";LG03C70 - BIDE CR C.STD BERNA;180;180;180;23443899;160926115155646;184049971;;;;12/10/2031 00:00:00;10;13990535;16/09/2026 11:51:55;Maximiliano;Nievas;;;;;;Maximiliano Nievas;
14336674;16/09/2026 11:52:22;3;2;0001  215762-1;14;RETIRA;2092691;"GG22    ";"GRUPO GRIFO LINC.                                 ";ALEM 170;956491;"LG03C70        ";LG03C70 - BIDE CR C.STD BERNA;180;180;180;23443911;160926115208214;184050049;;;;12/10/2031 00:00:00;10;13990540;16/09/2026 11:52:08;Maximiliano;Nievas;;;;;;Maximiliano Nievas;
14336675;16/09/2026 09:58:53;3;2;0001  215809-1;14;RETIRA;2093517;"ML13    ";"MARASLIOGLU LEANDRO A.-MARASH BAÑOS Y COCINAS     ";AV. MARIANO ACOSTA 395;952796;"63-168N        ";"LAVATORIO PARED EMB MONOC BLACK WAVE                                  ";1;1;1;23431803;160926083422019;183970035;;;;07/28/2031 00:00:00;1;13984230;16/09/2026 08:34:22;Maximiliano;Nievas;24707813;16/09/2026 08:30:47;6409;Gaston Alejandro;Kiriczuk;Maximiliano Nievas;Gaston Alejandro Kiriczuk
14336675;16/09/2026 09:58:53;3;2;0001  215809-1;14;RETIRA;2093517;"ML13    ";"MARASLIOGLU LEANDRO A.-MARASH BAÑOS Y COCINAS     ";AV. MARIANO ACOSTA 395;954911;"BCH10          ";BCH10 - BACHA DE APOYAR NEGRO MATE 460x320x140;1;1;1;23437253;160926095852383;184003347;;;;07/28/2031 00:00:00;1;13986499;16/09/2026 09:58:52;Maximiliano;Nievas;24712810;16/09/2026 09:56:39;6419;Tiago;Rodriguez;Maximiliano Nievas;Tiago Rodriguez
14336678;16/09/2026 10:13:29;3;2;0001  215832-1;14;RETIRA;2094711;"SY05    ";"SANITARIOS YRIGOYEN CABRERA S. R. L.              ";DEBENEDETTI 3052;952874;"70-100G        ";70-100G - BIDE GOLD C.CERAM FABRIC;1;1;1;23433138;160926101329501;183978483;;;;07/29/2031 00:00:00;1;13986393;16/09/2026 10:13:29;Maximiliano;Nievas;24708940;16/09/2026 08:55:22;6409;Gaston Alejandro;Kiriczuk;Maximiliano Nievas;Gaston Alejandro Kiriczuk
14336678;16/09/2026 10:13:29;3;2;0001  215832-1;14;RETIRA;2094711;"SY05    ";"SANITARIOS YRIGOYEN CABRERA S. R. L.              ";DEBENEDETTI 3052;952888;"70-122         ";70-122 - BIDE C.CERAM CR VALENCIA;1;1;1;23433138;160926101329501;183977584;;;;10/26/2031 00:00:00;1;13986393;16/09/2026 10:13:29;Maximiliano;Nievas;24708940;16/09/2026 08:55:22;6409;Gaston Alejandro;Kiriczuk;Maximiliano Nievas;Gaston Alejandro Kiriczuk
14336678;16/09/2026 10:13:29;3;2;0001  215832-1;14;RETIRA;2094711;"SY05    ";"SANITARIOS YRIGOYEN CABRERA S. R. L.              ";DEBENEDETTI 3052;951620;"214/CR         ";214/CR - LAVATORIO CR/CR ARES;2;2;2;23433138;160926101329501;183979446;;;;01/27/2032 00:00:00;2;13986393;16/09/2026 10:13:29;Maximiliano;Nievas;24708940;16/09/2026 08:55:22;6409;Gaston Alejandro;Kiriczuk;Maximiliano Nievas;Gaston Alejandro Kiriczuk
14336678;16/09/2026 10:13:29;3;2;0001  215832-1;14;RETIRA;2094711;"SY05    ";"SANITARIOS YRIGOYEN CABRERA S. R. L.              ";DEBENEDETTI 3052;952577;"60-045         ";60-045 - LAVATORIO CR/CR C.STD CRUZ;3;3;3;23433138;160926101329501;183978984;;;;01/24/2032 00:00:00;2;13986393;16/09/2026 10:13:29;Maximiliano;Nievas;24708940;16/09/2026 08:55:22;6409;Gaston Alejandro;Kiriczuk;Maximiliano Nievas;Gaston Alejandro Kiriczuk
14336678;16/09/2026 10:13:29;3;2;0001  215832-1;14;RETIRA;2094711;"SY05    ";"SANITARIOS YRIGOYEN CABRERA S. R. L.              ";DEBENEDETTI 3052;952926;"70-176N        ";70-176N - BIDE MONOC C/TRANSF BLACK RIO;6;6;6;23433838;160926094527331;183980646;;;;11/23/2031 00:00:00;6;13985608;16/09/2026 09:45:27;Maximiliano;Nievas;24709590;16/09/2026 08:54:05;6419;Tiago;Rodriguez;Maximiliano Nievas;Tiago Rodriguez
14336678;16/09/2026 10:13:29;3;2;0001  215832-1;14;RETIRA;2094711;"SY05    ";"SANITARIOS YRIGOYEN CABRERA S. R. L.              ";DEBENEDETTI 3052;952648;"60-176N        ";"LAVATORIO MONOCOMANDO BAJO BLACK RIO                                  ";10;10;10;23435900;160926093007367;183993858;;;;07/29/2031 00:00:00;4;13985647;16/09/2026 09:30:07;Maximiliano;Nievas;;;;;;Maximiliano Nievas;
14336678;16/09/2026 10:13:29;3;2;0001  215832-1;14;RETIRA;2094711;"SY05    ";"SANITARIOS YRIGOYEN CABRERA S. R. L.              ";DEBENEDETTI 3052;952925;"70-176         ";70-176 - BIDE MONOC C/TRANSF CR RIO;12;12;12;23435985;160926093206559;183994517;;;;12/14/2031 00:00:00;6;13985700;16/09/2026 09:32:06;Maximiliano;Nievas;;;;;;Maximiliano Nievas;
14336678;16/09/2026 10:13:29;3;2;0001  215832-1;14;RETIRA;2094711;"SY05    ";"SANITARIOS YRIGOYEN CABRERA S. R. L.              ";DEBENEDETTI 3052;952713;"61-176N        ";61-176N - LAVATORIO MONOC ALTO BLACK RIO;6;6;6;23436111;160926093412571;183980421;;;;07/29/2031 00:00:00;6;13985786;16/09/2026 09:34:12;Maximiliano;Nievas;;;;;;Maximiliano Nievas;
14336678;16/09/2026 10:13:29;3;2;0001  215832-1;14;RETIRA;2094711;"SY05    ";"SANITARIOS YRIGOYEN CABRERA S. R. L.              ";DEBENEDETTI 3052;952648;"60-176N        ";"LAVATORIO MONOCOMANDO BAJO BLACK RIO                                  ";10;10;10;23436214;160926093540223;183980513;;;;07/29/2031 00:00:00;6;13985823;16/09/2026 09:35:40;Maximiliano;Nievas;;;;;;Maximiliano Nievas;
14336678;16/09/2026 10:13:29;3;2;0001  215832-1;14;RETIRA;2094711;"SY05    ";"SANITARIOS YRIGOYEN CABRERA S. R. L.              ";DEBENEDETTI 3052;951523;"20-134         ";20-134 - MONOCOMANDO COCINA BETIS;3;3;3;23436335;160926093801229;183981577;;;;08/11/2031 00:00:00;3;13985880;16/09/2026 09:38:01;Maximiliano;Nievas;;;;;;Maximiliano Nievas;
14336678;16/09/2026 10:13:29;3;2;0001  215832-1;14;RETIRA;2094711;"SY05    ";"SANITARIOS YRIGOYEN CABRERA S. R. L.              ";DEBENEDETTI 3052;953312;"83-133         ";83-133 - DUCHA EXT. C/TRANSF. MONOCOMANDO LUGO;7;7;7;23436335;160926093801229;183996544;;;;09/03/2031 00:00:00;1;13985880;16/09/2026 09:38:01;Maximiliano;Nievas;;;;;;Maximiliano Nievas;
14336678;16/09/2026 10:13:29;3;2;0001  215832-1;14;RETIRA;2094711;"SY05    ";"SANITARIOS YRIGOYEN CABRERA S. R. L.              ";DEBENEDETTI 3052;952679;"60-205         ";60-205 - LAVATORIO MONOC BAJO STEEL;2;2;2;23436393;160926093901300;183980127;;;;07/28/2031 00:00:00;2;13985902;16/09/2026 09:39:01;Maximiliano;Nievas;;;;;;Maximiliano Nievas;
14336678;16/09/2026 10:13:29;3;2;0001  215832-1;14;RETIRA;2094711;"SY05    ";"SANITARIOS YRIGOYEN CABRERA S. R. L.              ";DEBENEDETTI 3052;952650;"60-180         ";60-180 - LAVATORIO MONOCOMANDO BAJO VERA;2;2;2;23436393;160926093901300;183980802;;;;07/28/2031 00:00:00;2;13985902;16/09/2026 09:39:01;Maximiliano;Nievas;;;;;;Maximiliano Nievas;
14336678;16/09/2026 10:13:29;3;2;0001  215832-1;14;RETIRA;2094711;"SY05    ";"SANITARIOS YRIGOYEN CABRERA S. R. L.              ";DEBENEDETTI 3052;953312;"83-133         ";83-133 - DUCHA EXT. C/TRANSF. MONOCOMANDO LUGO;7;7;7;23436601;160926094256998;183981269;;;;09/03/2031 00:00:00;6;13986033;16/09/2026 09:42:57;Maximiliano;Nievas;;;;;;Maximiliano Nievas;
14336678;16/09/2026 10:13:29;3;2;0001  215832-1;14;RETIRA;2094711;"SY05    ";"SANITARIOS YRIGOYEN CABRERA S. R. L.              ";DEBENEDETTI 3052;952925;"70-176         ";70-176 - BIDE MONOC C/TRANSF CR RIO;12;12;12;23436653;160926094401702;183980987;;;;12/14/2031 00:00:00;6;13986062;16/09/2026 09:44:01;Maximiliano;Nievas;;;;;;Maximiliano Nievas;
14336678;16/09/2026 10:13:29;3;2;0001  215832-1;14;RETIRA;2094711;"SY05    ";"SANITARIOS YRIGOYEN CABRERA S. R. L.              ";DEBENEDETTI 3052;954885;"BAI01NI        ";BAI01NI - BACHA EMB COCINA C/ACCESORIOS 750x450x220 NICKEL BRUSHED;4;4;4;23437027;160926095827919;184002057;;;;09/28/2031 00:00:00;1;13986459;16/09/2026 09:58:27;Maximiliano;Nievas;24712625;16/09/2026 09:52:59;6419;Tiago;Rodriguez;Maximiliano Nievas;Tiago Rodriguez
14336678;16/09/2026 10:13:29;3;2;0001  215832-1;14;RETIRA;2094711;"SY05    ";"SANITARIOS YRIGOYEN CABRERA S. R. L.              ";DEBENEDETTI 3052;953154;"80-200N        ";80-200N - DUCHA EMB. MONOC. 3 FUNCIONES BLACK FABRIC;2;2;2;23437300;160926095539461;183980642;;;;01/04/2032 00:00:00;2;13986398;16/09/2026 09:55:39;Maximiliano;Nievas;;;;;;Maximiliano Nievas;
14336678;16/09/2026 10:13:29;3;2;0001  215832-1;14;RETIRA;2094711;"SY05    ";"SANITARIOS YRIGOYEN CABRERA S. R. L.              ";DEBENEDETTI 3052;953152;"80-200C        ";80-200C - DUCHA EMB. MONOC. 3 FUNCIONES CR FABRIC;1;1;1;23437300;160926095539461;183980867;;;;12/14/2031 00:00:00;1;13986398;16/09/2026 09:55:39;Maximiliano;Nievas;;;;;;Maximiliano Nievas;
14336678;16/09/2026 10:13:29;3;2;0001  215832-1;14;RETIRA;2094711;"SY05    ";"SANITARIOS YRIGOYEN CABRERA S. R. L.              ";DEBENEDETTI 3052;954885;"BAI01NI        ";BAI01NI - BACHA EMB COCINA C/ACCESORIOS 750x450x220 NICKEL BRUSHED;4;4;4;23437406;160926095736437;184003832;;;;09/28/2031 00:00:00;1;13986463;16/09/2026 09:57:36;Maximiliano;Nievas;;;;;;Maximiliano Nievas;
14336678;16/09/2026 10:13:29;3;2;0001  215832-1;14;RETIRA;2094711;"SY05    ";"SANITARIOS YRIGOYEN CABRERA S. R. L.              ";DEBENEDETTI 3052;954885;"BAI01NI        ";BAI01NI - BACHA EMB COCINA C/ACCESORIOS 750x450x220 NICKEL BRUSHED;4;4;4;23437433;160926095754300;184003929;;;;09/28/2031 00:00:00;1;13986472;16/09/2026 09:57:54;Maximiliano;Nievas;;;;;;Maximiliano Nievas;
14336678;16/09/2026 10:13:29;3;2;0001  215832-1;14;RETIRA;2094711;"SY05    ";"SANITARIOS YRIGOYEN CABRERA S. R. L.              ";DEBENEDETTI 3052;954885;"BAI01NI        ";BAI01NI - BACHA EMB COCINA C/ACCESORIOS 750x450x220 NICKEL BRUSHED;4;4;4;23437441;160926095810507;184004008;;;;09/28/2031 00:00:00;1;13986481;16/09/2026 09:58:10;Maximiliano;Nievas;;;;;;Maximiliano Nievas;
14336678;16/09/2026 10:13:29;3;2;0001  215832-1;14;RETIRA;2094711;"SY05    ";"SANITARIOS YRIGOYEN CABRERA S. R. L.              ";DEBENEDETTI 3052;953073;"80-100NI       ";80-100NI - DUCHA EMB. C/TRANSF. NICKEL C.CERAM FABRIC;4;4;4;23438148;160926101004847;183978113;;;;02/08/2032 00:00:00;4;13986858;16/09/2026 10:10:04;Maximiliano;Nievas;;;;;;Maximiliano Nievas;
14336678;16/09/2026 10:13:29;3;2;0001  215832-1;14;RETIRA;2094711;"SY05    ";"SANITARIOS YRIGOYEN CABRERA S. R. L.              ";DEBENEDETTI 3052;952597;"60-100N        ";60-100N - LAVATORIO BLACK C.CERAM FABRIC;2;2;2;23438202;160926101047911;183978624;;;;12/01/2031 00:00:00;2;13986885;16/09/2026 10:10:47;Maximiliano;Nievas;;;;;;Maximiliano Nievas;
14336678;16/09/2026 10:13:29;3;2;0001  215832-1;14;RETIRA;2094711;"SY05    ";"SANITARIOS YRIGOYEN CABRERA S. R. L.              ";DEBENEDETTI 3052;952598;"60-100NI       ";60-100NI - LAVATORIO NICKEL C.CERAM FABRIC;3;3;3;23438202;160926101047911;184008946;;;;10/08/2031 00:00:00;2;13986885;16/09/2026 10:10:47;Maximiliano;Nievas;;;;;;Maximiliano Nievas;
14336678;16/09/2026 10:13:29;3;2;0001  215832-1;14;RETIRA;2094711;"SY05    ";"SANITARIOS YRIGOYEN CABRERA S. R. L.              ";DEBENEDETTI 3052;952610;"60-122         ";60-122 - LAVATORIO C.CERAM CR VALENCIA;3;3;3;23438280;160926101205675;183977472;;;;12/10/2031 00:00:00;3;13986923;16/09/2026 10:12:05;Maximiliano;Nievas;;;;;;Maximiliano Nievas;
14336678;16/09/2026 10:13:29;3;2;0001  215832-1;14;RETIRA;2094711;"SY05    ";"SANITARIOS YRIGOYEN CABRERA S. R. L.              ";DEBENEDETTI 3052;952953;"70-201NI       ";70-201NI - BIDE CR C.CERAM BEAT NICKEL;1;1;1;23438280;160926101205675;183976894;;;;07/29/2031 00:00:00;1;13986923;16/09/2026 10:12:05;Maximiliano;Nievas;;;;;;Maximiliano Nievas;
14336678;16/09/2026 10:13:29;3;2;0001  215832-1;14;RETIRA;2094711;"SY05    ";"SANITARIOS YRIGOYEN CABRERA S. R. L.              ";DEBENEDETTI 3052;952876;"70-100NI       ";70-100NI - BIDE NICKEL C.CERAM FABRIC;3;3;3;23438280;160926101205675;183975544;;;;12/01/2031 00:00:00;3;13986923;16/09/2026 10:12:05;Maximiliano;Nievas;;;;;;Maximiliano Nievas;
14336678;16/09/2026 10:13:29;3;2;0001  215832-1;14;RETIRA;2094711;"SY05    ";"SANITARIOS YRIGOYEN CABRERA S. R. L.              ";DEBENEDETTI 3052;952831;"70-010         ";70-010 - BIDE BL/CR LORCA;3;3;3;23438280;160926101205675;183974346;;;;12/08/2031 00:00:00;3;13986923;16/09/2026 10:12:05;Maximiliano;Nievas;;;;;;Maximiliano Nievas;
14336678;16/09/2026 10:13:29;3;2;0001  215832-1;14;RETIRA;2094711;"SY05    ";"SANITARIOS YRIGOYEN CABRERA S. R. L.              ";DEBENEDETTI 3052;952577;"60-045         ";60-045 - LAVATORIO CR/CR C.STD CRUZ;3;3;3;23438346;160926101257463;184009905;;;;01/24/2032 00:00:00;1;13986962;16/09/2026 10:12:57;Maximiliano;Nievas;;;;;;Maximiliano Nievas;
14336678;16/09/2026 10:13:29;3;2;0001  215832-1;14;RETIRA;2094711;"SY05    ";"SANITARIOS YRIGOYEN CABRERA S. R. L.              ";DEBENEDETTI 3052;952598;"60-100NI       ";60-100NI - LAVATORIO NICKEL C.CERAM FABRIC;3;3;3;23438346;160926101257463;183975417;;;;10/08/2031 00:00:00;1;13986962;16/09/2026 10:12:57;Maximiliano;Nievas;;;;;;Maximiliano Nievas;
14336897;16/09/2026 12:54:16;3;2;TR 0000  126891;01;CARPINTERIA;2090864;DEP_109;MATERIAL P_CARPINTERIA;.;951341;"1930           ";"1930 - QUEINOX MH 3/4"" x 30";1;1;1;23429956;160926075922839;183954428;;;;07/31/2031 00:00:00;1;13983470;16/09/2026 07:59:22;Maximiliano;Nievas;24706050;16/09/2026 07:24:09;6404;Ivan;Goyena;Maximiliano Nievas;Ivan Goyena
14336897;16/09/2026 12:54:16;3;2;TR 0000  126891;01;CARPINTERIA;2090864;DEP_109;MATERIAL P_CARPINTERIA;.;951345;"1935           ";"1935 - QUEINOX MH 3/4"" x 35";1;1;1;23429956;160926075922839;183954299;;;;07/31/2031 00:00:00;1;13983470;16/09/2026 07:59:22;Maximiliano;Nievas;24706050;16/09/2026 07:24:09;6404;Ivan;Goyena;Maximiliano Nievas;Ivan Goyena
14336897;16/09/2026 12:54:16;3;2;TR 0000  126891;01;CARPINTERIA;2090864;DEP_109;MATERIAL P_CARPINTERIA;.;951348;"1940           ";"1940 - QUEINOX MH 3/4"" x 40";1;1;1;23429956;160926075922839;183954311;;;;07/27/2031 00:00:00;1;13983470;16/09/2026 07:59:22;Maximiliano;Nievas;24706050;16/09/2026 07:24:09;6404;Ivan;Goyena;Maximiliano Nievas;Ivan Goyena
14336897;16/09/2026 12:54:16;3;2;TR 0000  126891;01;CARPINTERIA;2090864;DEP_109;MATERIAL P_CARPINTERIA;.;951352;"1950           ";"1950 - QUEINOX MH 3/4"" x 50";1;1;1;23429956;160926075922839;183954275;;;;07/27/2031 00:00:00;1;13983470;16/09/2026 07:59:22;Maximiliano;Nievas;24706050;16/09/2026 07:24:09;6404;Ivan;Goyena;Maximiliano Nievas;Ivan Goyena
14336897;16/09/2026 12:54:16;3;2;TR 0000  126891;01;CARPINTERIA;2090864;DEP_109;MATERIAL P_CARPINTERIA;.;951383;"20010G         ";20010G - TOALLERO BARRAL GOLD LINEA PULSE;1;1;1;23429956;160926075922839;183953726;;;;07/27/2031 00:00:00;1;13983470;16/09/2026 07:59:22;Maximiliano;Nievas;24706050;16/09/2026 07:24:09;6404;Ivan;Goyena;Maximiliano Nievas;Ivan Goyena
14336897;16/09/2026 12:54:16;3;2;TR 0000  126891;01;CARPINTERIA;2090864;DEP_109;MATERIAL P_CARPINTERIA;.;951397;"20020G         ";20020G - TOALLERO DE ARO GOLD LINEA PULSE;1;1;1;23429956;160926075922839;183953735;;;;07/31/2031 00:00:00;1;13983470;16/09/2026 07:59:22;Maximiliano;Nievas;24706050;16/09/2026 07:24:09;6404;Ivan;Goyena;Maximiliano Nievas;Ivan Goyena
14336897;16/09/2026 12:54:16;3;2;TR 0000  126891;01;CARPINTERIA;2090864;DEP_109;MATERIAL P_CARPINTERIA;.;951411;"20030G         ";20030G - PERCHA GOLD LINEA PULSE;1;1;1;23429956;160926075922839;183953700;;;;07/31/2031 00:00:00;1;13983470;16/09/2026 07:59:22;Maximiliano;Nievas;24706050;16/09/2026 07:24:09;6404;Ivan;Goyena;Maximiliano Nievas;Ivan Goyena
14336897;16/09/2026 12:54:16;3;2;TR 0000  126891;01;CARPINTERIA;2090864;DEP_109;MATERIAL P_CARPINTERIA;.;951425;"20040G         ";20040G - PORTA ROLLO GOLD LINEA PULSE;1;1;1;23429956;160926075922839;183953696;;;;07/31/2031 00:00:00;1;13983470;16/09/2026 07:59:22;Maximiliano;Nievas;24706050;16/09/2026 07:24:09;6404;Ivan;Goyena;Maximiliano Nievas;Ivan Goyena
14336897;16/09/2026 12:54:16;3;2;TR 0000  126891;01;CARPINTERIA;2090864;DEP_109;MATERIAL P_CARPINTERIA;.;951438;"20050G         ";20050G - JABONERA GOLD LINEA PULSE;1;1;1;23429956;160926075922839;183953676;;;;07/31/2031 00:00:00;1;13983470;16/09/2026 07:59:22;Maximiliano;Nievas;24706050;16/09/2026 07:24:09;6404;Ivan;Goyena;Maximiliano Nievas;Ivan Goyena
14336897;16/09/2026 12:54:16;3;2;TR 0000  126891;01;CARPINTERIA;2090864;DEP_109;MATERIAL P_CARPINTERIA;.;951452;"20060G         ";20060G - PORTA VASO Y CEPILLO GOLD LINEA PULSE;1;1;1;23429956;160926075922839;183953662;;;;07/31/2031 00:00:00;1;13983470;16/09/2026 07:59:22;Maximiliano;Nievas;24706050;16/09/2026 07:24:09;6404;Ivan;Goyena;Maximiliano Nievas;Ivan Goyena
14336897;16/09/2026 12:54:16;3;2;TR 0000  126891;01;CARPINTERIA;2090864;DEP_109;MATERIAL P_CARPINTERIA;.;951484;"20-100C        ";20-100C - MONOCOMANDO DE COCINA FABRIC CROMO;1;1;1;23429956;160926075922839;183955529;;;;02/18/2032 00:00:00;1;13983470;16/09/2026 07:59:22;Maximiliano;Nievas;24706050;16/09/2026 07:24:09;6404;Ivan;Goyena;Maximiliano Nievas;Ivan Goyena
14336897;16/09/2026 12:54:16;3;2;TR 0000  126891;01;CARPINTERIA;2090864;DEP_109;MATERIAL P_CARPINTERIA;.;951486;"20-100N        ";20-100N - MONOCOMANDO DE COCINA FABRIC BLACK;1;1;1;23429956;160926075922839;183955758;;;;01/10/2032 00:00:00;1;13983470;16/09/2026 07:59:22;Maximiliano;Nievas;24706050;16/09/2026 07:24:09;6404;Ivan;Goyena;Maximiliano Nievas;Ivan Goyena
14336897;16/09/2026 12:54:16;3;2;TR 0000  126891;01;CARPINTERIA;2090864;DEP_109;MATERIAL P_CARPINTERIA;.;951548;"20-179         ";20-179 - MONOCOMANDO DE COCINA LARA;1;1;1;23429956;160926075922839;183953840;;;;07/27/2031 00:00:00;1;13983470;16/09/2026 07:59:22;Maximiliano;Nievas;24706050;16/09/2026 07:24:09;6404;Ivan;Goyena;Maximiliano Nievas;Ivan Goyena
14336897;16/09/2026 12:54:16;3;2;TR 0000  126891;01;CARPINTERIA;2090864;DEP_109;MATERIAL P_CARPINTERIA;.;951550;"20-182         ";20-182 - MONOCOMANDO DE COCINA MULTIFUNCION CR ZENITH;1;1;1;23429956;160926075922839;183956369;;;;07/30/2031 00:00:00;1;13983470;16/09/2026 07:59:22;Maximiliano;Nievas;24706050;16/09/2026 07:24:09;6404;Ivan;Goyena;Maximiliano Nievas;Ivan Goyena
14336897;16/09/2026 12:54:16;3;2;TR 0000  126891;01;CARPINTERIA;2090864;DEP_109;MATERIAL P_CARPINTERIA;.;951551;"20-182N        ";20-182N - MONOCOMANDO DE COCINA MULTIFUNCION BLACK ZENITH;1;1;1;23429956;160926075922839;183956388;;;;07/30/2031 00:00:00;1;13983470;16/09/2026 07:59:22;Maximiliano;Nievas;24706050;16/09/2026 07:24:09;6404;Ivan;Goyena;Maximiliano Nievas;Ivan Goyena
14336897;16/09/2026 12:54:16;3;2;TR 0000  126891;01;CARPINTERIA;2090864;DEP_109;MATERIAL P_CARPINTERIA;.;951611;"21-160         ";"MONOCOMANDO DUO COCINA CROMO DIQUE                                    ";1;1;1;23429956;160926075922839;183955931;;;;12/14/2031 00:00:00;1;13983470;16/09/2026 07:59:22;Maximiliano;Nievas;24706050;16/09/2026 07:24:09;6404;Ivan;Goyena;Maximiliano Nievas;Ivan Goyena
14336897;16/09/2026 12:54:16;3;2;TR 0000  126891;01;CARPINTERIA;2090864;DEP_109;MATERIAL P_CARPINTERIA;.;951649;"22004          ";"SET DE 4 PIEZAS LINEA 22000                                           ";1;1;1;23429956;160926075922839;183953492;;;;09/01/2031 00:00:00;1;13983470;16/09/2026 07:59:22;Maximiliano;Nievas;24706050;16/09/2026 07:24:09;6404;Ivan;Goyena;Maximiliano Nievas;Ivan Goyena
14336897;16/09/2026 12:54:16;3;2;TR 0000  126891;01;CARPINTERIA;2090864;DEP_109;MATERIAL P_CARPINTERIA;.;951650;"22004N         ";"SET DE 4 PIEZAS LINEA 22000 BLACK                                     ";1;1;1;23429956;160926075922839;183953589;;;;09/01/2031 00:00:00;1;13983470;16/09/2026 07:59:22;Maximiliano;Nievas;24706050;16/09/2026 07:24:09;6404;Ivan;Goyena;Maximiliano Nievas;Ivan Goyena
14336897;16/09/2026 12:54:16;3;2;TR 0000  126891;01;CARPINTERIA;2090864;DEP_109;MATERIAL P_CARPINTERIA;.;951651;"22006          ";"SET DE 6 PIEZAS LINEA 22000                                           ";1;1;1;23429956;160926075922839;183953609;;;;09/01/2031 00:00:00;1;13983470;16/09/2026 07:59:22;Maximiliano;Nievas;24706050;16/09/2026 07:24:09;6404;Ivan;Goyena;Maximiliano Nievas;Ivan Goyena
14336897;16/09/2026 12:54:16;3;2;TR 0000  126891;01;CARPINTERIA;2090864;DEP_109;MATERIAL P_CARPINTERIA;.;951652;"22006N         ";"SET DE 6 PIEZAS LINEA 22000 BLACK                                     ";1;1;1;23429956;160926075922839;183953626;;;;09/01/2031 00:00:00;1;13983470;16/09/2026 07:59:22;Maximiliano;Nievas;24706050;16/09/2026 07:24:09;6404;Ivan;Goyena;Maximiliano Nievas;Ivan Goyena
14336897;16/09/2026 12:54:16;3;2;TR 0000  126891;01;CARPINTERIA;2090864;DEP_109;MATERIAL P_CARPINTERIA;.;951654;"22-178N        ";22-178N - MONOCOMANDO DE COCINA P/AGUA FILTRADA VITA BLACK;1;1;1;23429956;160926075922839;183954039;;;;11/09/2031 00:00:00;1;13983470;16/09/2026 07:59:22;Maximiliano;Nievas;24706050;16/09/2026 07:24:09;6404;Ivan;Goyena;Maximiliano Nievas;Ivan Goyena
14336897;16/09/2026 12:54:16;3;2;TR 0000  126891;01;CARPINTERIA;2090864;DEP_109;MATERIAL P_CARPINTERIA;.;952640;"60-169N        ";60-169N - LAVATORIO MONOC BAJO BLACK PARIS;1;1;1;23429956;160926075922839;183955672;;;;01/06/2032 00:00:00;1;13983470;16/09/2026 07:59:22;Maximiliano;Nievas;24706050;16/09/2026 07:24:09;6404;Ivan;Goyena;Maximiliano Nievas;Ivan Goyena
14336897;16/09/2026 12:54:16;3;2;TR 0000  126891;01;CARPINTERIA;2090864;DEP_109;MATERIAL P_CARPINTERIA;.;952650;"60-180         ";60-180 - LAVATORIO MONOCOMANDO BAJO VERA;1;1;1;23429956;160926075922839;183953969;;;;07/28/2031 00:00:00;1;13983470;16/09/2026 07:59:22;Maximiliano;Nievas;24706050;16/09/2026 07:24:09;6404;Ivan;Goyena;Maximiliano Nievas;Ivan Goyena
14336897;16/09/2026 12:54:16;3;2;TR 0000  126891;01;CARPINTERIA;2090864;DEP_109;MATERIAL P_CARPINTERIA;.;952688;"60-381         ";60-381 - LAVATORIO MONOC SS ESENCIA;1;1;1;23429956;160926075922839;183955634;;;;02/17/2032 00:00:00;1;13983470;16/09/2026 07:59:22;Maximiliano;Nievas;24706050;16/09/2026 07:24:09;6404;Ivan;Goyena;Maximiliano Nievas;Ivan Goyena
14336897;16/09/2026 12:54:16;3;2;TR 0000  126891;01;CARPINTERIA;2090864;DEP_109;MATERIAL P_CARPINTERIA;.;952711;"61-169N        ";61-169N - LAVATORIO MONOC ALTO BLACK PARIS;1;1;1;23429956;160926075922839;183955701;;;;01/06/2032 00:00:00;1;13983470;16/09/2026 07:59:22;Maximiliano;Nievas;24706050;16/09/2026 07:24:09;6404;Ivan;Goyena;Maximiliano Nievas;Ivan Goyena
14336897;16/09/2026 12:54:16;3;2;TR 0000  126891;01;CARPINTERIA;2090864;DEP_109;MATERIAL P_CARPINTERIA;.;1007844;"20-122S        ";"MONOCOMANDO COCINA INOX C/PICO EXTRAIBLE VALENCIA                     ";1;1;1;23429956;160926075922839;183953805;;;;01/06/2032 00:00:00;1;13983470;16/09/2026 07:59:22;Maximiliano;Nievas;24706050;16/09/2026 07:24:09;6404;Ivan;Goyena;Maximiliano Nievas;Ivan Goyena
14336897;16/09/2026 12:54:16;3;2;TR 0000  126891;01;CARPINTERIA;2090864;DEP_109;MATERIAL P_CARPINTERIA;.;951113;"12004N         ";"SET DE 4 PIEZAS LINEA 12000 BLACK                                     ";1;1;1;23429956;160926075922839;183956321;;;;09/01/2031 00:00:00;1;13983470;16/09/2026 07:59:22;Maximiliano;Nievas;24706050;16/09/2026 07:24:09;6404;Ivan;Goyena;Maximiliano Nievas;Ivan Goyena
14336897;16/09/2026 12:54:16;3;2;TR 0000  126891;01;CARPINTERIA;2090864;DEP_109;MATERIAL P_CARPINTERIA;.;951142;"13100G         ";"QUEINOX GAS MH 1/2""x100 APROBADO POR IGA                              ";1;1;1;23429956;160926075922839;183954122;;;;08/04/2031 00:00:00;1;13983470;16/09/2026 07:59:22;Maximiliano;Nievas;24706050;16/09/2026 07:24:09;6404;Ivan;Goyena;Maximiliano Nievas;Ivan Goyena
14336897;16/09/2026 12:54:16;3;2;TR 0000  126891;01;CARPINTERIA;2090864;DEP_109;MATERIAL P_CARPINTERIA;.;951143;"13120G         ";"QUEINOX GAS MH 1/2""x120 APROBADO POR IGA                              ";1;1;1;23429956;160926075922839;183954112;;;;08/04/2031 00:00:00;1;13983470;16/09/2026 07:59:22;Maximiliano;Nievas;24706050;16/09/2026 07:24:09;6404;Ivan;Goyena;Maximiliano Nievas;Ivan Goyena
14336897;16/09/2026 12:54:16;3;2;TR 0000  126891;01;CARPINTERIA;2090864;DEP_109;MATERIAL P_CARPINTERIA;.;951145;"13150G         ";"QUEINOX GAS MH 1/2""x150 APROBADO POR IGA                              ";1;1;1;23429956;160926075922839;183954163;;;;07/31/2031 00:00:00;1;13983470;16/09/2026 07:59:22;Maximiliano;Nievas;24706050;16/09/2026 07:24:09;6404;Ivan;Goyena;Maximiliano Nievas;Ivan Goyena
14336897;16/09/2026 12:54:16;3;2;TR 0000  126891;01;CARPINTERIA;2090864;DEP_109;MATERIAL P_CARPINTERIA;.;951146;"1320           ";"QUEINOX MACHO MOVIL MH 1/2"" x 20                                      ";1;1;1;23429956;160926075922839;183955346;;;;11/19/2031 00:00:00;1;13983470;16/09/2026 07:59:22;Maximiliano;Nievas;24706050;16/09/2026 07:24:09;6404;Ivan;Goyena;Maximiliano Nievas;Ivan Goyena
14336897;16/09/2026 12:54:16;3;2;TR 0000  126891;01;CARPINTERIA;2090864;DEP_109;MATERIAL P_CARPINTERIA;.;951153;"1325           ";"QUEINOX MACHO MOVIL MH 1/2"" x 25                                      ";1;1;1;23429956;160926075922839;183955338;;;;02/21/2032 00:00:00;1;13983470;16/09/2026 07:59:22;Maximiliano;Nievas;24706050;16/09/2026 07:24:09;6404;Ivan;Goyena;Maximiliano Nievas;Ivan Goyena
14336897;16/09/2026 12:54:16;3;2;TR 0000  126891;01;CARPINTERIA;2090864;DEP_109;MATERIAL P_CARPINTERIA;.;951162;"1335           ";"QUEINOX MACHO MOVIL MH 1/2"" x 35                                      ";1;1;1;23429956;160926075922839;183955287;;;;02/10/2032 00:00:00;1;13983470;16/09/2026 07:59:22;Maximiliano;Nievas;24706050;16/09/2026 07:24:09;6404;Ivan;Goyena;Maximiliano Nievas;Ivan Goyena
14336897;16/09/2026 12:54:16;3;2;TR 0000  126891;01;CARPINTERIA;2090864;DEP_109;MATERIAL P_CARPINTERIA;.;951168;"1340           ";"QUEINOX MACHO MOVIL MH 1/2"" x 40                                      ";1;1;1;23429956;160926075922839;183955253;;;;02/09/2032 00:00:00;1;13983470;16/09/2026 07:59:22;Maximiliano;Nievas;24706050;16/09/2026 07:24:09;6404;Ivan;Goyena;Maximiliano Nievas;Ivan Goyena
14336897;16/09/2026 12:54:16;3;2;TR 0000  126891;01;CARPINTERIA;2090864;DEP_109;MATERIAL P_CARPINTERIA;.;951172;"1340G          ";"QUEINOX GAS MH. 1/2""x40 APROBADO POR IGA                              ";1;1;1;23429956;160926075922839;183954251;;;;01/05/2032 00:00:00;1;13983470;16/09/2026 07:59:22;Maximiliano;Nievas;24706050;16/09/2026 07:24:09;6404;Ivan;Goyena;Maximiliano Nievas;Ivan Goyena
14336897;16/09/2026 12:54:16;3;2;TR 0000  126891;01;CARPINTERIA;2090864;DEP_109;MATERIAL P_CARPINTERIA;.;951177;"1350           ";"QUEINOX MACHO MOVIL MH 1/2"" x 50                                      ";1;1;1;23429956;160926075922839;183955092;;;;07/27/2031 00:00:00;1;13983470;16/09/2026 07:59:22;Maximiliano;Nievas;24706050;16/09/2026 07:24:09;6404;Ivan;Goyena;Maximiliano Nievas;Ivan Goyena
14336897;16/09/2026 12:54:16;3;2;TR 0000  126891;01;CARPINTERIA;2090864;DEP_109;MATERIAL P_CARPINTERIA;.;951182;"1350G          ";"QUEINOX GAS MH. 1/2""x50 APROBADO POR IGA                              ";1;1;1;23429956;160926075922839;183954216;;;;07/31/2031 00:00:00;1;13983470;16/09/2026 07:59:22;Maximiliano;Nievas;24706050;16/09/2026 07:24:09;6404;Ivan;Goyena;Maximiliano Nievas;Ivan Goyena
14336897;16/09/2026 12:54:16;3;2;TR 0000  126891;01;CARPINTERIA;2090864;DEP_109;MATERIAL P_CARPINTERIA;.;951189;"1360           ";"QUEINOX MH 1/2"" x 60                                                  ";1;1;1;23429956;160926075922839;183955027;;;;07/31/2031 00:00:00;1;13983470;16/09/2026 07:59:22;Maximiliano;Nievas;24706050;16/09/2026 07:24:09;6404;Ivan;Goyena;Maximiliano Nievas;Ivan Goyena
14336897;16/09/2026 12:54:16;3;2;TR 0000  126891;01;CARPINTERIA;2090864;DEP_109;MATERIAL P_CARPINTERIA;.;951190;"1360G          ";"QUEINOX GAS MH 1/2""x60 APROBADO POR IGA                               ";1;1;1;23429956;160926075922839;183954223;;;;07/27/2031 00:00:00;1;13983470;16/09/2026 07:59:22;Maximiliano;Nievas;24706050;16/09/2026 07:24:09;6404;Ivan;Goyena;Maximiliano Nievas;Ivan Goyena
14336897;16/09/2026 12:54:16;3;2;TR 0000  126891;01;CARPINTERIA;2090864;DEP_109;MATERIAL P_CARPINTERIA;.;951193;"1370G          ";"QUEINOX GAS MH 1/2""x70 APROBADO POR IGA                               ";1;1;1;23429956;160926075922839;183954186;;;;07/31/2031 00:00:00;1;13983470;16/09/2026 07:59:22;Maximiliano;Nievas;24706050;16/09/2026 07:24:09;6404;Ivan;Goyena;Maximiliano Nievas;Ivan Goyena
14336897;16/09/2026 12:54:16;3;2;TR 0000  126891;01;CARPINTERIA;2090864;DEP_109;MATERIAL P_CARPINTERIA;.;951195;"1380G          ";"QUEINOX GAS MH 1/2""x80 APROBADO POR IGA                               ";1;1;1;23429956;160926075922839;183954180;;;;09/10/2031 00:00:00;1;13983470;16/09/2026 07:59:22;Maximiliano;Nievas;24706050;16/09/2026 07:24:09;6404;Ivan;Goyena;Maximiliano Nievas;Ivan Goyena
14336897;16/09/2026 12:54:16;3;2;TR 0000  126891;01;CARPINTERIA;2090864;DEP_109;MATERIAL P_CARPINTERIA;.;951334;"1920           ";"1920 - QUEINOX MH 3/4"" x 20";1;1;1;23429956;160926075922839;183954961;;;;07/31/2031 00:00:00;1;13983470;16/09/2026 07:59:22;Maximiliano;Nievas;24706050;16/09/2026 07:24:09;6404;Ivan;Goyena;Maximiliano Nievas;Ivan Goyena
14336897;16/09/2026 12:54:16;3;2;TR 0000  126891;01;CARPINTERIA;2090864;DEP_109;MATERIAL P_CARPINTERIA;.;951338;"1925           ";"1925 - QUEINOX MH 3/4"" x 25";1;1;1;23429956;160926075922839;183954922;;;;09/01/2031 00:00:00;1;13983470;16/09/2026 07:59:22;Maximiliano;Nievas;24706050;16/09/2026 07:24:09;6404;Ivan;Goyena;Maximiliano Nievas;Ivan Goyena
14336897;16/09/2026 12:54:16;3;2;TR 0000  126891;01;CARPINTERIA;2090864;DEP_109;MATERIAL P_CARPINTERIA;.;952492;"54-010         ";"54-010 - COCINA PARED EXT P/CAÑO ""S"" LORCA";1;1;1;23445731;160926125415413;184064027;;;;01/21/2032 00:00:00;1;13992082;16/09/2026 12:54:15;Ivan;Goyena;24721341;16/09/2026 12:37:19;6404;Ivan;Goyena;Ivan Goyena;Ivan Goyena
14336897;16/09/2026 12:54:16;3;2;TR 0000  126891;01;CARPINTERIA;2090864;DEP_109;MATERIAL P_CARPINTERIA;.;952585;"60-059LT       ";"LAVATORIO BL/CR C.STD MALBA LITE                                      ";1;1;1;23445731;160926125415413;184064363;;;;01/18/2032 00:00:00;1;13992082;16/09/2026 12:54:15;Ivan;Goyena;24721341;16/09/2026 12:37:19;6404;Ivan;Goyena;Ivan Goyena;Ivan Goyena
14336897;16/09/2026 12:54:16;3;2;TR 0000  126891;01;CARPINTERIA;2090864;DEP_109;MATERIAL P_CARPINTERIA;.;952598;"60-100NI       ";60-100NI - LAVATORIO NICKEL C.CERAM FABRIC;1;1;1;23445731;160926125415413;184064238;;;;10/08/2031 00:00:00;1;13992082;16/09/2026 12:54:15;Ivan;Goyena;24721341;16/09/2026 12:37:19;6404;Ivan;Goyena;Ivan Goyena;Ivan Goyena
14336897;16/09/2026 12:54:16;3;2;TR 0000  126891;01;CARPINTERIA;2090864;DEP_109;MATERIAL P_CARPINTERIA;.;952644;"60-175G        ";60-175G - LAVATORIO GOLD C.CERAM PULSE;1;1;1;23445731;160926125415413;184064545;;;;11/16/2031 00:00:00;1;13992082;16/09/2026 12:54:15;Ivan;Goyena;24721341;16/09/2026 12:37:19;6404;Ivan;Goyena;Ivan Goyena;Ivan Goyena
14336897;16/09/2026 12:54:16;3;2;TR 0000  126891;01;CARPINTERIA;2090864;DEP_109;MATERIAL P_CARPINTERIA;.;952682;"60-208         ";60-208 - LAVATORIO CR C.STD LITE;1;1;1;23445731;160926125415413;184063821;;;;09/27/2031 00:00:00;1;13992082;16/09/2026 12:54:15;Ivan;Goyena;24721341;16/09/2026 12:37:19;6404;Ivan;Goyena;Ivan Goyena;Ivan Goyena
14336897;16/09/2026 12:54:16;3;2;TR 0000  126891;01;CARPINTERIA;2090864;DEP_109;MATERIAL P_CARPINTERIA;.;952683;"60-209         ";60-209 - LAVATORIO CR C.CERAM CADIZ;1;1;1;23445731;160926125415413;184064715;;;;09/10/2031 00:00:00;1;13992082;16/09/2026 12:54:15;Ivan;Goyena;24721341;16/09/2026 12:37:19;6404;Ivan;Goyena;Ivan Goyena;Ivan Goyena
14336897;16/09/2026 12:54:16;3;2;TR 0000  126891;01;CARPINTERIA;2090864;DEP_109;MATERIAL P_CARPINTERIA;.;952990;"749            ";749 - JGO. PARA LAVARROPA LAZA;1;1;1;23445731;160926125415413;184065132;;;;01/27/2032 00:00:00;1;13992082;16/09/2026 12:54:15;Ivan;Goyena;24721341;16/09/2026 12:37:19;6404;Ivan;Goyena;Ivan Goyena;Ivan Goyena
14336897;16/09/2026 12:54:16;3;2;TR 0000  126891;01;CARPINTERIA;2090864;DEP_109;MATERIAL P_CARPINTERIA;.;960223;"60-122N        ";"LAVATORIO BLACK C.CERAM VALENCIA                                      ";1;1;1;23445731;160926125415413;184063916;;;;10/08/2031 00:00:00;1;13992082;16/09/2026 12:54:15;Ivan;Goyena;24721341;16/09/2026 12:37:19;6404;Ivan;Goyena;Ivan Goyena;Ivan Goyena
14336897;16/09/2026 12:54:16;3;2;TR 0000  126891;01;CARPINTERIA;2090864;DEP_109;MATERIAL P_CARPINTERIA;.;951544;"20-171         ";20-171 - COCINA MESADA MONOC. COLORS GRIS;1;1;1;23445731;160926125415413;184065102;;;;10/12/2031 00:00:00;1;13992082;16/09/2026 12:54:15;Ivan;Goyena;24721341;16/09/2026 12:37:19;6404;Ivan;Goyena;Ivan Goyena;Ivan Goyena
14337079;17/09/2026 14:26:30;3;2;TR 0000  126893;01;CARPINTERIA;2090864;DEP_109;MATERIAL P_CARPINTERIA;.;952766;"62-175G        ";62-175G - LAVATORIO DE PARED GOLD C.CERAM PULSE;1;1;1;23446109;160926125529310;184067612;;;;12/08/2031 00:00:00;1;13992104;16/09/2026 12:55:29;Ivan;Goyena;24721672;16/09/2026 12:53:02;6404;Ivan;Goyena;Ivan Goyena;Ivan Goyena
14337079;17/09/2026 14:26:30;3;2;TR 0000  126893;01;CARPINTERIA;2090864;DEP_109;MATERIAL P_CARPINTERIA;.;952854;"70-042P        ";70-042P - BIDE DIQUE GM PLUS;1;1;1;23446109;160926125529310;184068934;;;;09/20/2031 00:00:00;1;13992104;16/09/2026 12:55:29;Ivan;Goyena;24721672;16/09/2026 12:53:02;6404;Ivan;Goyena;Ivan Goyena;Ivan Goyena
14337079;17/09/2026 14:26:30;3;2;TR 0000  126893;01;CARPINTERIA;2090864;DEP_109;MATERIAL P_CARPINTERIA;.;953073;"80-100NI       ";80-100NI - DUCHA EMB. C/TRANSF. NICKEL C.CERAM FABRIC;1;1;1;23446109;160926125529310;184067959;;;;02/08/2032 00:00:00;1;13992104;16/09/2026 12:55:29;Ivan;Goyena;24721672;16/09/2026 12:53:02;6404;Ivan;Goyena;Ivan Goyena;Ivan Goyena
14337079;17/09/2026 14:26:30;3;2;TR 0000  126893;01;CARPINTERIA;2090864;DEP_109;MATERIAL P_CARPINTERIA;.;953119;"80-175G        ";80-175G - DUCHA EMB C/TRANSF. GOLD C.CERAM PULSE;1;1;1;23446109;160926125529310;184067362;;;;07/29/2031 00:00:00;1;13992104;16/09/2026 12:55:29;Ivan;Goyena;24721672;16/09/2026 12:53:02;6404;Ivan;Goyena;Ivan Goyena;Ivan Goyena
14337079;17/09/2026 14:26:30;3;2;TR 0000  126893;01;CARPINTERIA;2090864;DEP_109;MATERIAL P_CARPINTERIA;.;953164;"80-208         ";80-208 - DUCHA EMB. C/TRANSF.CR C.STD LITE;1;1;1;23446109;160926125529310;184066786;;;;10/08/2031 00:00:00;1;13992104;16/09/2026 12:55:29;Ivan;Goyena;24721672;16/09/2026 12:53:02;6404;Ivan;Goyena;Ivan Goyena;Ivan Goyena
14337079;17/09/2026 14:26:30;3;2;TR 0000  126893;01;CARPINTERIA;2090864;DEP_109;MATERIAL P_CARPINTERIA;.;953165;"80-209         ";"DUCHA EMB C/TRANSF CR C.CERAM CADIZ                                   ";1;1;1;23446109;160926125529310;184066594;;;;09/17/2031 00:00:00;1;13992104;16/09/2026 12:55:29;Ivan;Goyena;24721672;16/09/2026 12:53:02;6404;Ivan;Goyena;Ivan Goyena;Ivan Goyena
14337079;17/09/2026 14:26:30;3;2;TR 0000  126893;01;CARPINTERIA;2090864;DEP_109;MATERIAL P_CARPINTERIA;.;953166;"80-209P        ";"DUCHA EMB C/TRANSF CR C.CERAM CADIZ PLUS                              ";1;1;1;23446109;160926125529310;184066970;;;;09/20/2031 00:00:00;1;13992104;16/09/2026 12:55:29;Ivan;Goyena;24721672;16/09/2026 12:53:02;6404;Ivan;Goyena;Ivan Goyena;Ivan Goyena
14337079;17/09/2026 14:26:30;3;2;TR 0000  126893;01;CARPINTERIA;2090864;DEP_109;MATERIAL P_CARPINTERIA;.;953171;"80-353NI       ";80-353NI - DUCHA DE EMB 3 FUNCIONES BEAT NICKEL;1;1;1;23446109;160926125529310;184069066;;;;02/01/2032 00:00:00;1;13992104;16/09/2026 12:55:29;Ivan;Goyena;24721672;16/09/2026 12:53:02;6404;Ivan;Goyena;Ivan Goyena;Ivan Goyena
14337079;17/09/2026 14:26:30;3;2;TR 0000  126893;01;CARPINTERIA;2090864;DEP_109;MATERIAL P_CARPINTERIA;.;953213;"81-100C        ";81-100C - DUCHA EMB S/TRANSF CR C.CERAM FABRIC;1;1;1;23446109;160926125529310;184068228;;;;07/31/2031 00:00:00;1;13992104;16/09/2026 12:55:29;Ivan;Goyena;24721672;16/09/2026 12:53:02;6404;Ivan;Goyena;Ivan Goyena;Ivan Goyena
14337079;17/09/2026 14:26:30;3;2;TR 0000  126893;01;CARPINTERIA;2090864;DEP_109;MATERIAL P_CARPINTERIA;.;953214;"81-100G        ";81-100G - DUCHA EMB S/TRANSF GOLD C.CERAM FABRIC;1;1;1;23446109;160926125529310;184068189;;;;01/11/2032 00:00:00;1;13992104;16/09/2026 12:55:29;Ivan;Goyena;24721672;16/09/2026 12:53:02;6404;Ivan;Goyena;Ivan Goyena;Ivan Goyena
14337079;17/09/2026 14:26:30;3;2;TR 0000  126893;01;CARPINTERIA;2090864;DEP_109;MATERIAL P_CARPINTERIA;.;953216;"81-100NI       ";81-100NI - DUCHA EMB. S/TRANSF. NICKEL C.CERAM FABRIC;1;1;1;23446109;160926125529310;184068630;;;;10/18/2031 00:00:00;1;13992104;16/09/2026 12:55:29;Ivan;Goyena;24721672;16/09/2026 12:53:02;6404;Ivan;Goyena;Ivan Goyena;Ivan Goyena
14337079;17/09/2026 14:26:30;3;2;TR 0000  126893;01;CARPINTERIA;2090864;DEP_109;MATERIAL P_CARPINTERIA;.;953233;"81-161         ";81-161 - DUCHA EMB. S/TRANSF. CR C.CERAM LAGO;1;1;1;23446109;160926125529310;184069969;;;;03/06/2032 00:00:00;1;13992104;16/09/2026 12:55:29;Ivan;Goyena;24721672;16/09/2026 12:53:02;6404;Ivan;Goyena;Ivan Goyena;Ivan Goyena
14337079;17/09/2026 14:26:30;3;2;TR 0000  126893;01;CARPINTERIA;2090864;DEP_109;MATERIAL P_CARPINTERIA;.;953240;"81-201NI       ";81-201NI - DUCHA EMB S/TRANSF C.CERAM NICKEL BEAT;1;1;1;23446109;160926125529310;184067563;;;;07/29/2031 00:00:00;1;13992104;16/09/2026 12:55:29;Ivan;Goyena;24721672;16/09/2026 12:53:02;6404;Ivan;Goyena;Ivan Goyena;Ivan Goyena
14337079;17/09/2026 14:26:30;3;2;TR 0000  126893;01;CARPINTERIA;2090864;DEP_109;MATERIAL P_CARPINTERIA;.;954377;"A1539G         ";"TAPA Y TECLA PARA VALVULA DE DESCARGA CUADRADA MINIMALISTA GOLD       ";1;1;1;23446109;160926125529310;184070119;;;;07/31/2031 00:00:00;1;13992104;16/09/2026 12:55:29;Ivan;Goyena;24721672;16/09/2026 12:53:02;6404;Ivan;Goyena;Ivan Goyena;Ivan Goyena
14337079;17/09/2026 14:26:30;3;2;TR 0000  126893;01;CARPINTERIA;2090864;DEP_109;MATERIAL P_CARPINTERIA;.;954380;"A1539NI        ";"TAPA Y TECLA PARA VALVULA DE DESCARGA CUADRADA MINIMALISTA NICKEL     ";1;1;1;23446109;160926125529310;184069823;;;;07/31/2031 00:00:00;1;13992104;16/09/2026 12:55:29;Ivan;Goyena;24721672;16/09/2026 12:53:02;6404;Ivan;Goyena;Ivan Goyena;Ivan Goyena
14337079;17/09/2026 14:26:30;3;2;TR 0000  126893;01;CARPINTERIA;2090864;DEP_109;MATERIAL P_CARPINTERIA;.;954382;"A1540          ";"CUERPO VALVULA DE DESAGOTE P/INODORO TECNO 02-010/011                 ";1;1;1;23446109;160926125529310;184070104;;;;07/28/2031 00:00:00;1;13992104;16/09/2026 12:55:29;Ivan;Goyena;24721672;16/09/2026 12:53:02;6404;Ivan;Goyena;Ivan Goyena;Ivan Goyena
14337079;17/09/2026 14:26:30;3;2;TR 0000  126893;01;CARPINTERIA;2090864;DEP_109;MATERIAL P_CARPINTERIA;.;960224;"62-122N        ";"LAVATORIO DE PARED BLACK C.CERAM VALENCIA                             ";1;1;1;23446109;160926125529310;184067126;;;;10/12/2031 00:00:00;1;13992104;16/09/2026 12:55:29;Ivan;Goyena;24721672;16/09/2026 12:53:02;6404;Ivan;Goyena;Ivan Goyena;Ivan Goyena
14337079;17/09/2026 14:26:30;3;2;TR 0000  126893;01;CARPINTERIA;2090864;DEP_109;MATERIAL P_CARPINTERIA;.;960225;"70-122N        ";"BIDE BLACK C.CERAM VALENCIA                                           ";1;1;1;23446109;160926125529310;184066888;;;;01/12/2032 00:00:00;1;13992104;16/09/2026 12:55:29;Ivan;Goyena;24721672;16/09/2026 12:53:02;6404;Ivan;Goyena;Ivan Goyena;Ivan Goyena
14337079;17/09/2026 14:26:30;3;2;TR 0000  126893;01;CARPINTERIA;2090864;DEP_109;MATERIAL P_CARPINTERIA;.;960226;"80-122N        ";"DUCHA EMB. C/TRANSF. BLACK C.CERAM VALENCIA                           ";1;1;1;23446109;160926125529310;184067093;;;;02/02/2032 00:00:00;1;13992104;16/09/2026 12:55:29;Ivan;Goyena;24721672;16/09/2026 12:53:02;6404;Ivan;Goyena;Ivan Goyena;Ivan Goyena
14337079;17/09/2026 14:26:30;3;2;TR 0000  126893;01;CARPINTERIA;2090864;DEP_109;MATERIAL P_CARPINTERIA;.;1007061;"90-208         ";"PACK GRIF LITE CR (LAV - BIDE - DUCHA C/T)                            ";1;1;1;23446109;160926125529310;184069243;;;;10/18/2031 00:00:00;1;13992104;16/09/2026 12:55:29;Ivan;Goyena;24721672;16/09/2026 12:53:02;6404;Ivan;Goyena;Ivan Goyena;Ivan Goyena
14337079;17/09/2026 14:26:30;3;2;TR 0000  126893;01;CARPINTERIA;2090864;DEP_109;MATERIAL P_CARPINTERIA;.;1010646;"80-201NI-T     ";"DUCHA EMB C/TRANSF Y FLOR EN TECHO C.CERAM  BEAT NICKEL               ";1;1;1;23446109;160926125529310;184067806;;;;10/15/2031 00:00:00;1;13992104;16/09/2026 12:55:29;Ivan;Goyena;24721672;16/09/2026 12:53:02;6404;Ivan;Goyena;Ivan Goyena;Ivan Goyena
14337079;17/09/2026 14:26:30;3;2;TR 0000  126893;01;CARPINTERIA;2090864;DEP_109;MATERIAL P_CARPINTERIA;.;952864;"70-059LT       ";"BIDE BL/CR C.STD MALBA LITE                                           ";1;1;1;23446109;160926125529310;184068786;;;;01/11/2032 00:00:00;1;13992104;16/09/2026 12:55:29;Ivan;Goyena;24721672;16/09/2026 12:53:02;6404;Ivan;Goyena;Ivan Goyena;Ivan Goyena
14337079;17/09/2026 14:26:30;3;2;TR 0000  126893;01;CARPINTERIA;2090864;DEP_109;MATERIAL P_CARPINTERIA;.;952876;"70-100NI       ";70-100NI - BIDE NICKEL C.CERAM FABRIC;1;1;1;23446109;160926125529310;184068533;;;;12/01/2031 00:00:00;1;13992104;16/09/2026 12:55:29;Ivan;Goyena;24721672;16/09/2026 12:53:02;6404;Ivan;Goyena;Ivan Goyena;Ivan Goyena
14337079;17/09/2026 14:26:30;3;2;TR 0000  126893;01;CARPINTERIA;2090864;DEP_109;MATERIAL P_CARPINTERIA;.;952922;"70-175G        ";70-175G - BIDE GOLD C.CERAM PULSE;1;1;1;23446109;160926125529310;184067654;;;;11/25/2031 00:00:00;1;13992104;16/09/2026 12:55:29;Ivan;Goyena;24721672;16/09/2026 12:53:02;6404;Ivan;Goyena;Ivan Goyena;Ivan Goyena
14337079;17/09/2026 14:26:30;3;2;TR 0000  126893;01;CARPINTERIA;2090864;DEP_109;MATERIAL P_CARPINTERIA;.;952959;"70-208         ";70-208 - BIDE CR C.STD LITE;1;1;1;23446109;160926125529310;184066718;;;;10/04/2031 00:00:00;1;13992104;16/09/2026 12:55:29;Ivan;Goyena;24721672;16/09/2026 12:53:02;6404;Ivan;Goyena;Ivan Goyena;Ivan Goyena
14337079;17/09/2026 14:26:30;3;2;TR 0000  126893;01;CARPINTERIA;2090864;DEP_109;MATERIAL P_CARPINTERIA;.;952960;"70-209         ";70-209 - BIDE CR C.CERAM CADIZ;1;1;1;23446109;160926125529310;184066618;;;;02/09/2032 00:00:00;1;13992104;16/09/2026 12:55:29;Ivan;Goyena;24721672;16/09/2026 12:53:02;6404;Ivan;Goyena;Ivan Goyena;Ivan Goyena
14337079;17/09/2026 14:26:30;3;2;TR 0000  126893;01;CARPINTERIA;2090864;DEP_109;MATERIAL P_CARPINTERIA;.;956505;"LG07C20        ";"MONOCOMANDO DE COCINA CR ZURICH                                       ";1;1;1;23486282;170926141221186;184354370;;;;12/20/2031 00:00:00;1;14015515;17/09/2026 14:12:21;Ivan;Goyena;24759978;17/09/2026 14:11:01;6404;Ivan;Goyena;Ivan Goyena;Ivan Goyena
14337079;17/09/2026 14:26:30;3;2;TR 0000  126893;01;CARPINTERIA;2090864;DEP_109;MATERIAL P_CARPINTERIA;.;956503;"LG05S20        ";"MONOCOMANDO DE COCINA BRUSH BLAUEN                                    ";1;1;1;23486282;170926141221186;184355192;;;;12/20/2031 00:00:00;1;14015515;17/09/2026 14:12:21;Ivan;Goyena;24759978;17/09/2026 14:11:01;6404;Ivan;Goyena;Ivan Goyena;Ivan Goyena
14337079;17/09/2026 14:26:30;3;2;TR 0000  126893;01;CARPINTERIA;2090864;DEP_109;MATERIAL P_CARPINTERIA;.;956502;"LG05C20        ";"MONOCOMANDO DE COCINA CR BLAUEN                                       ";1;1;1;23486282;170926141221186;184355051;;;;12/20/2031 00:00:00;1;14015515;17/09/2026 14:12:21;Ivan;Goyena;24759978;17/09/2026 14:11:01;6404;Ivan;Goyena;Ivan Goyena;Ivan Goyena
14337079;17/09/2026 14:26:30;3;2;TR 0000  126893;01;CARPINTERIA;2090864;DEP_109;MATERIAL P_CARPINTERIA;.;956036;"F1342          ";"F1342 - JUEGO DE 2 FLEXIBLES 1/2"" x 40 cm AC.INOX.P/ MONOCOMANDO";1;1;1;23486282;170926141221186;184355894;;;;02/02/2032 00:00:00;1;14015515;17/09/2026 14:12:21;Ivan;Goyena;24759978;17/09/2026 14:11:01;6404;Ivan;Goyena;Ivan Goyena;Ivan Goyena
14337079;17/09/2026 14:26:30;3;2;TR 0000  126893;01;CARPINTERIA;2090864;DEP_109;MATERIAL P_CARPINTERIA;.;956031;"F1319          ";"F1319 - JUEGO DE 2 FLEXIBLES 1/2"" x 30 cm AC.INOX.P/ MONOCOMANDO";1;1;1;23486282;170926141221186;184355747;;;;09/16/2031 00:00:00;1;14015515;17/09/2026 14:12:21;Ivan;Goyena;24759978;17/09/2026 14:11:01;6404;Ivan;Goyena;Ivan Goyena;Ivan Goyena
14337079;17/09/2026 14:26:30;3;2;TR 0000  126893;01;CARPINTERIA;2090864;DEP_109;MATERIAL P_CARPINTERIA;.;954235;"A1452NI        ";A1452NI - CAÑO DE DUCHA RECTO 150 MM NICKEL C/BLISTER;1;1;1;23486282;170926141221186;184353547;;;;02/02/2032 00:00:00;1;14015515;17/09/2026 14:12:21;Ivan;Goyena;24759978;17/09/2026 14:11:01;6404;Ivan;Goyena;Ivan Goyena;Ivan Goyena
14337079;17/09/2026 14:26:30;3;2;TR 0000  126893;01;CARPINTERIA;2090864;DEP_109;MATERIAL P_CARPINTERIA;.;954233;"A1452GR        ";A1452GR - CAÑO DE DUCHA RECTO 150 MM GRAFITO C/BLISTER;1;1;1;23486282;170926141221186;184353299;;;;12/15/2031 00:00:00;1;14015515;17/09/2026 14:12:21;Ivan;Goyena;24759978;17/09/2026 14:11:01;6404;Ivan;Goyena;Ivan Goyena;Ivan Goyena
14337079;17/09/2026 14:26:30;3;2;TR 0000  126893;01;CARPINTERIA;2090864;DEP_109;MATERIAL P_CARPINTERIA;.;954232;"A1452G         ";A1452G - CAÑO DE DUCHA RECTO 150 MM GOLD C/BLISTER;1;1;1;23486282;170926141221186;184353152;;;;01/27/2032 00:00:00;1;14015515;17/09/2026 14:12:21;Ivan;Goyena;24759978;17/09/2026 14:11:01;6404;Ivan;Goyena;Ivan Goyena;Ivan Goyena
14337079;17/09/2026 14:26:30;3;2;TR 0000  126893;01;CARPINTERIA;2090864;DEP_109;MATERIAL P_CARPINTERIA;.;953595;"A017           ";A017 - DUCHADOR CROMO C/BLISTER;1;1;1;23486282;170926141221186;184353042;;;;07/29/2031 00:00:00;1;14015515;17/09/2026 14:12:21;Ivan;Goyena;24759978;17/09/2026 14:11:01;6404;Ivan;Goyena;Ivan Goyena;Ivan Goyena
14337079;17/09/2026 14:26:30;3;2;TR 0000  126893;01;CARPINTERIA;2090864;DEP_109;MATERIAL P_CARPINTERIA;.;953349;"85-181C        ";85-181C - DUCHA EMB. C/TRANSF. Y DUCHADOR MONOC CR ESENCIA;1;1;1;23486282;170926141221186;184353925;;;;02/18/2032 00:00:00;1;14015515;17/09/2026 14:12:21;Ivan;Goyena;24759978;17/09/2026 14:11:01;6404;Ivan;Goyena;Ivan Goyena;Ivan Goyena
14337079;17/09/2026 14:26:30;3;2;TR 0000  126893;01;CARPINTERIA;2090864;DEP_109;MATERIAL P_CARPINTERIA;.;953348;"85-181         ";85-181 - DUCHA EMB. C/TRANSF. Y DUCHADOR MONOC SS ESENCIA;1;1;1;23486282;170926141221186;184353860;;;;02/18/2032 00:00:00;1;14015515;17/09/2026 14:12:21;Ivan;Goyena;24759978;17/09/2026 14:11:01;6404;Ivan;Goyena;Ivan Goyena;Ivan Goyena
14337079;17/09/2026 14:26:30;3;2;TR 0000  126893;01;CARPINTERIA;2090864;DEP_109;MATERIAL P_CARPINTERIA;.;953337;"84-280         ";84-280 - DUCHA EXT. C/COLUMNA Y TRANSF CR VERA;1;1;1;23486282;170926141221186;184354506;;;;07/29/2031 00:00:00;1;14015515;17/09/2026 14:12:21;Ivan;Goyena;24759978;17/09/2026 14:11:01;6404;Ivan;Goyena;Ivan Goyena;Ivan Goyena
14337079;17/09/2026 14:26:30;3;2;TR 0000  126893;01;CARPINTERIA;2090864;DEP_109;MATERIAL P_CARPINTERIA;.;953335;"84-203ST       ";"DUCHA EXT C/COLUMNA CR ADRA                                           ";1;1;1;23486282;170926141221186;184354684;;;;12/15/2031 00:00:00;1;14015515;17/09/2026 14:12:21;Ivan;Goyena;24759978;17/09/2026 14:11:01;6404;Ivan;Goyena;Ivan Goyena;Ivan Goyena
14337079;17/09/2026 14:26:30;3;2;TR 0000  126893;01;CARPINTERIA;2090864;DEP_109;MATERIAL P_CARPINTERIA;.;953085;"80-130         ";80-130 - DUCHA EMB. C/TRANSF. MONOCOMANDO BILBAO;1;1;1;23486282;170926141221186;184354167;;;;07/28/2031 00:00:00;1;14015515;17/09/2026 14:12:21;Ivan;Goyena;24759978;17/09/2026 14:11:01;6404;Ivan;Goyena;Ivan Goyena;Ivan Goyena
14337079;17/09/2026 14:26:30;3;2;TR 0000  126893;01;CARPINTERIA;2090864;DEP_109;MATERIAL P_CARPINTERIA;.;952798;"63-176N        ";"LAVATORIO PARED EMB MONOC BLACK RIO                                   ";1;1;1;23486282;170926141221186;184355381;;;;12/14/2031 00:00:00;1;14015515;17/09/2026 14:12:21;Ivan;Goyena;24759978;17/09/2026 14:11:01;6404;Ivan;Goyena;Ivan Goyena;Ivan Goyena
14337079;17/09/2026 14:26:30;3;2;TR 0000  126893;01;CARPINTERIA;2090864;DEP_109;MATERIAL P_CARPINTERIA;.;952797;"63-176         ";"LAVATORIO PARED EMB MONOC CR RIO                                      ";1;1;1;23486282;170926141221186;184355493;;;;12/14/2031 00:00:00;1;14015515;17/09/2026 14:12:21;Ivan;Goyena;24759978;17/09/2026 14:11:01;6404;Ivan;Goyena;Ivan Goyena;Ivan Goyena
14337079;17/09/2026 14:26:30;3;2;TR 0000  126893;01;CARPINTERIA;2090864;DEP_109;MATERIAL P_CARPINTERIA;.;954376;"A1539          ";"TAPA Y TECLA PARA VALVULA DE DESCARGA CUADRADA MINIMALISTA CR         ";1;1;1;23487266;170926142605631;184360318;;;;07/31/2031 00:00:00;1;14016080;17/09/2026 14:26:05;Ivan;Goyena;24760903;17/09/2026 14:19:33;6404;Ivan;Goyena;Ivan Goyena;Ivan Goyena
14337079;17/09/2026 14:26:30;3;2;TR 0000  126893;01;CARPINTERIA;2090864;DEP_109;MATERIAL P_CARPINTERIA;.;954379;"A1539N         ";"TAPA Y TECLA PARA VALVULA DE DESCARGA CUADRADA MINIMALISTA BLACK      ";1;1;1;23487266;170926142605631;184360542;;;;01/31/2032 00:00:00;1;14016080;17/09/2026 14:26:05;Ivan;Goyena;24760903;17/09/2026 14:19:33;6404;Ivan;Goyena;Ivan Goyena;Ivan Goyena
14337079;17/09/2026 14:26:30;3;2;TR 0000  126893;01;CARPINTERIA;2090864;DEP_109;MATERIAL P_CARPINTERIA;.;954429;"A1573          ";"EXHIBIDOR DE REPUESTOS 20 POSICIONES                                  ";1;1;1;23487266;170926142605631;184361130;;;;11/04/2031 00:00:00;1;14016080;17/09/2026 14:26:05;Ivan;Goyena;24760903;17/09/2026 14:19:33;6404;Ivan;Goyena;Ivan Goyena;Ivan Goyena
14337079;17/09/2026 14:26:30;3;2;TR 0000  126893;01;CARPINTERIA;2090864;DEP_109;MATERIAL P_CARPINTERIA;.;1141161;"BCH23          ";"BACHA DE APOYAR CIRCULAR BLANCA 310x110                               ";1;1;1;23487585;170926142627596;184362603;;;;02/11/2032 00:00:00;1;14016101;17/09/2026 14:26:27;Ivan;Goyena;24761205;17/09/2026 14:25:00;6404;Ivan;Goyena;Ivan Goyena;Ivan Goyena
14337079;17/09/2026 14:26:30;3;2;TR 0000  126893;01;CARPINTERIA;2090864;DEP_109;MATERIAL P_CARPINTERIA;.;957102;"PDU120         ";"DESAGUE P/PISO DE DUCHA                                               ";1;1;1;23487585;170926142627596;184363612;;;;03/01/2032 00:00:00;1;14016101;17/09/2026 14:26:27;Ivan;Goyena;24761205;17/09/2026 14:25:00;6404;Ivan;Goyena;Ivan Goyena;Ivan Goyena
14338164;17/09/2026 08:49:53;3;2;0001  215464-1;05;CAMIONETA VIE 1;2093461;"MG25    ";"MG PINHEL S.R.L.                                  ";LOS ARRIEROS 695;957691;"RA1398         ";RA1398 - VOLANTE SELECTOR DUCHA MORA;1;1;1;23457124;170926084953193;184159329;;;;08/02/2031 00:00:00;1;14005431;17/09/2026 08:49:53;Maximiliano;Nievas;24732376;16/09/2026 16:31:22;7839;Claudio;Juarez;Maximiliano Nievas;Claudio Juarez
14338164;17/09/2026 08:49:53;3;2;0001  215464-1;05;CAMIONETA VIE 1;2093461;"MG25    ";"MG PINHEL S.R.L.                                  ";LOS ARRIEROS 695;1071871;"RU1151         ";"CAMPANA TRANSF DUCHA EMB MONOC ADRA                                   ";1;1;1;23457124;170926084953193;184157805;;;;11/25/2031 00:00:00;1;14005431;17/09/2026 08:49:53;Maximiliano;Nievas;24732376;16/09/2026 16:31:22;7839;Claudio;Juarez;Maximiliano Nievas;Claudio Juarez
14338165;17/09/2026 10:58:50;3;2;0001  215473-1;05;CAMIONETA VIE 1;2092689;"GG20    ";"GRUPO GALU S.A.  - SANITARIOS MITRE               ";BELISARIO ROLDAN 2616;951618;"214            ";214 - LAVATORIO CRUZ BL/CR ARES;1;1;1;23447337;170926015849792;184084372;;;;07/31/2031 00:00:00;1;14009484;17/09/2026 10:58:49;Mirko;Hernandez;24722602;16/09/2026 13:55:10;7839;Claudio;Juarez;Mirko Hernandez;Claudio Juarez
14338165;17/09/2026 10:58:50;3;2;0001  215473-1;05;CAMIONETA VIE 1;2092689;"GG20    ";"GRUPO GALU S.A.  - SANITARIOS MITRE               ";BELISARIO ROLDAN 2616;952862;"70-058         ";70-058 - BIDE CR C.STD MALBA;4;4;4;23447337;170926015849792;184078731;;;;10/20/2031 00:00:00;4;14009484;17/09/2026 10:58:49;Mirko;Hernandez;24722602;16/09/2026 13:55:10;7839;Claudio;Juarez;Mirko Hernandez;Claudio Juarez
14338165;17/09/2026 10:58:50;3;2;0001  215473-1;05;CAMIONETA VIE 1;2092689;"GG20    ";"GRUPO GALU S.A.  - SANITARIOS MITRE               ";BELISARIO ROLDAN 2616;952925;"70-176         ";70-176 - BIDE MONOC C/TRANSF CR RIO;2;2;2;23450719;170926015614721;184107669;;;;12/14/2031 00:00:00;2;14009436;17/09/2026 10:56:14;Mirko;Hernandez;24725722;16/09/2026 14:53:37;7827;Javier;Machado;Mirko Hernandez;Javier Machado
14338165;17/09/2026 10:58:50;3;2;0001  215473-1;05;CAMIONETA VIE 1;2092689;"GG20    ";"GRUPO GALU S.A.  - SANITARIOS MITRE               ";BELISARIO ROLDAN 2616;951548;"20-179         ";20-179 - MONOCOMANDO DE COCINA LARA;10;10;10;23476724;170926015535232;184099843;;;;07/27/2031 00:00:00;10;14009454;17/09/2026 10:55:35;Mirko;Hernandez;;;;;;Mirko Hernandez;
14338165;17/09/2026 10:58:50;3;2;0001  215473-1;05;CAMIONETA VIE 1;2092689;"GG20    ";"GRUPO GALU S.A.  - SANITARIOS MITRE               ";BELISARIO ROLDAN 2616;952631;"60-153         ";60-153 - LAVATORIO CR C.CERAMICO CASTILLA;1;1;1;23476808;170926015705704;184086917;;;;11/23/2031 00:00:00;1;14009503;17/09/2026 10:57:05;Mirko;Hernandez;;;;;;Mirko Hernandez;
14338165;17/09/2026 10:58:50;3;2;0001  215473-1;05;CAMIONETA VIE 1;2092689;"GG20    ";"GRUPO GALU S.A.  - SANITARIOS MITRE               ";BELISARIO ROLDAN 2616;952620;"60-135         ";60-135 - LAVATORIO C.CERAM SANTANDER;1;1;1;23476808;170926015705704;184085238;;;;01/14/2032 00:00:00;1;14009503;17/09/2026 10:57:05;Mirko;Hernandez;;;;;;Mirko Hernandez;
14338165;17/09/2026 10:58:50;3;2;0001  215473-1;05;CAMIONETA VIE 1;2092689;"GG20    ";"GRUPO GALU S.A.  - SANITARIOS MITRE               ";BELISARIO ROLDAN 2616;953109;"80-166         ";"DUCHA EMB. C/TRANSF. CR C.CERAM ADRA PLUS                             ";2;2;2;23476808;170926015705704;184076652;;;;01/19/2032 00:00:00;2;14009503;17/09/2026 10:57:05;Mirko;Hernandez;;;;;;Mirko Hernandez;
14338165;17/09/2026 10:58:50;3;2;0001  215473-1;05;CAMIONETA VIE 1;2092689;"GG20    ";"GRUPO GALU S.A.  - SANITARIOS MITRE               ";BELISARIO ROLDAN 2616;953107;"80-162         ";80-162 - DUCHA EMB. C/TRANSF. CR C.CERAM ADRA;3;3;3;23476858;170926015809468;184076070;;;;07/29/2031 00:00:00;3;14009547;17/09/2026 10:58:09;Mirko;Hernandez;;;;;;Mirko Hernandez;
14338165;17/09/2026 10:58:50;3;2;0001  215473-1;05;CAMIONETA VIE 1;2092689;"GG20    ";"GRUPO GALU S.A.  - SANITARIOS MITRE               ";BELISARIO ROLDAN 2616;952912;"70-162         ";70-162 - BIDE CR C.CERAM LINEA ADRA;2;2;2;23476858;170926015809468;184080439;;;;07/29/2031 00:00:00;2;14009547;17/09/2026 10:58:09;Mirko;Hernandez;;;;;;Mirko Hernandez;
14338165;17/09/2026 10:58:50;3;2;0001  215473-1;05;CAMIONETA VIE 1;2092689;"GG20    ";"GRUPO GALU S.A.  - SANITARIOS MITRE               ";BELISARIO ROLDAN 2616;953055;"80-045         ";80-045 - DUCHA EMB.C/TRANSF CR  C.STD CRUZ;1;1;1;23476858;170926015809468;184085489;;;;01/04/2032 00:00:00;1;14009547;17/09/2026 10:58:09;Mirko;Hernandez;;;;;;Mirko Hernandez;
14338165;17/09/2026 10:58:50;3;2;0001  215473-1;05;CAMIONETA VIE 1;2092689;"GG20    ";"GRUPO GALU S.A.  - SANITARIOS MITRE               ";BELISARIO ROLDAN 2616;951620;"214/CR         ";214/CR - LAVATORIO CR/CR ARES;1;1;1;23476858;170926015809468;184084620;;;;01/27/2032 00:00:00;1;14009547;17/09/2026 10:58:09;Mirko;Hernandez;;;;;;Mirko Hernandez;
14338165;17/09/2026 10:58:50;3;2;0001  215473-1;05;CAMIONETA VIE 1;2092689;"GG20    ";"GRUPO GALU S.A.  - SANITARIOS MITRE               ";BELISARIO ROLDAN 2616;952281;"429            ";"429 - DUCHA EMB.C/TRANSF.CR ""LAZA""";1;1;1;23476858;170926015809468;184086631;;;;01/12/2032 00:00:00;1;14009547;17/09/2026 10:58:09;Mirko;Hernandez;;;;;;Mirko Hernandez;
14338165;17/09/2026 10:58:50;3;2;0001  215473-1;05;CAMIONETA VIE 1;2092689;"GG20    ";"GRUPO GALU S.A.  - SANITARIOS MITRE               ";BELISARIO ROLDAN 2616;952577;"60-045         ";60-045 - LAVATORIO CR/CR C.STD CRUZ;1;1;1;23476858;170926015809468;184086476;;;;01/24/2032 00:00:00;1;14009547;17/09/2026 10:58:09;Mirko;Hernandez;;;;;;Mirko Hernandez;
14338165;17/09/2026 10:58:50;3;2;0001  215473-1;05;CAMIONETA VIE 1;2092689;"GG20    ";"GRUPO GALU S.A.  - SANITARIOS MITRE               ";BELISARIO ROLDAN 2616;952821;"70-001N        ";"70-001N - BIDE ""CROMO Y""";1;1;1;23476858;170926015809468;184084978;;;;07/31/2031 00:00:00;1;14009547;17/09/2026 10:58:09;Mirko;Hernandez;;;;;;Mirko Hernandez;
14338166;17/09/2026 11:12:55;3;2;0001  215474-1;05;CAMIONETA VIE 1;2094494;"SI12    ";"ILLIA S.R.L.                                      ";AV. PTE. ILLIA 416;951512;"20-122         ";"MONOCOMANDO COCINA CR C/PICO EXTRAIBLE VALENCIA                       ";24;24;24;23446549;170926110322315;184071293;;;;08/06/2031 00:00:00;24;14009251;17/09/2026 11:03:22;Maximiliano;Nievas;24721964;16/09/2026 12:59:53;7839;Claudio;Juarez;Maximiliano Nievas;Claudio Juarez
14338166;17/09/2026 11:12:55;3;2;0001  215474-1;05;CAMIONETA VIE 1;2094494;"SI12    ";"ILLIA S.R.L.                                      ";AV. PTE. ILLIA 416;951513;"20-122N        ";20-122N - MONOCOMANDO COCINA C/PICO EXTRAIBLE VALENCIA BLACK;24;24;24;23446549;170926110322315;184071913;;;;09/13/2031 00:00:00;24;14009251;17/09/2026 11:03:22;Maximiliano;Nievas;24721964;16/09/2026 12:59:53;7839;Claudio;Juarez;Maximiliano Nievas;Claudio Juarez
14338166;17/09/2026 11:12:55;3;2;0001  215474-1;05;CAMIONETA VIE 1;2094494;"SI12    ";"ILLIA S.R.L.                                      ";AV. PTE. ILLIA 416;951535;"20-160         ";20-160 - MONOCOMANDO MESADA COCINA DIQUE;24;24;24;23446549;170926110322315;184070747;;;;07/28/2031 00:00:00;24;14009251;17/09/2026 11:03:22;Maximiliano;Nievas;24721964;16/09/2026 12:59:53;7839;Claudio;Juarez;Maximiliano Nievas;Claudio Juarez
14338166;17/09/2026 11:12:55;3;2;0001  215474-1;05;CAMIONETA VIE 1;2094494;"SI12    ";"ILLIA S.R.L.                                      ";AV. PTE. ILLIA 416;951536;"20-162         ";20-162 - MONOCOMANDO COCINA ADRA;10;10;10;23446549;170926110322315;184070287;;;;07/28/2031 00:00:00;10;14009251;17/09/2026 11:03:22;Maximiliano;Nievas;24721964;16/09/2026 12:59:53;7839;Claudio;Juarez;Maximiliano Nievas;Claudio Juarez
14338166;17/09/2026 11:12:55;3;2;0001  215474-1;05;CAMIONETA VIE 1;2094494;"SI12    ";"ILLIA S.R.L.                                      ";AV. PTE. ILLIA 416;951653;"22-178         ";22-178 - MONOCOMANDO DE COCINA P/AGUA FILTRADA VITA;8;8;8;23446549;170926110322315;184072527;;;;12/23/2031 00:00:00;8;14009251;17/09/2026 11:03:22;Maximiliano;Nievas;24721964;16/09/2026 12:59:53;7839;Claudio;Juarez;Maximiliano Nievas;Claudio Juarez
14338166;17/09/2026 11:12:55;3;2;0001  215474-1;05;CAMIONETA VIE 1;2094494;"SI12    ";"ILLIA S.R.L.                                      ";AV. PTE. ILLIA 416;952634;"60-162         ";60-162 - LAVATORIO CR C.CERAM LINEA ADRA;6;6;6;23452817;170926111255410;184117376;;;;07/29/2031 00:00:00;6;14010023;17/09/2026 11:12:55;Maximiliano;Nievas;24727796;16/09/2026 14:54:54;7839;Claudio;Juarez;Maximiliano Nievas;Claudio Juarez
14338166;17/09/2026 11:12:55;3;2;0001  215474-1;05;CAMIONETA VIE 1;2094494;"SI12    ";"ILLIA S.R.L.                                      ";AV. PTE. ILLIA 416;951523;"20-134         ";20-134 - MONOCOMANDO COCINA BETIS;6;6;6;23476435;170926105025226;184069858;;;;08/11/2031 00:00:00;6;14009275;17/09/2026 10:50:25;Maximiliano;Nievas;;;;;;Maximiliano Nievas;
14338167;17/09/2026 11:04:52;3;2;0001  215525-1;05;CAMIONETA VIE 1;2094454;"SG13    ";"SANITARIOS GAONA S.A.                             ";AV. EVA PERON 2656;951553;"20-184         ";"MONOCOMANDO DE COCINA CR SUV                                          ";50;50;50;23450995;170926110448726;184105077;;;;10/04/2031 00:00:00;50;14009746;17/09/2026 11:04:48;Maximiliano;Nievas;24726039;16/09/2026 14:23:03;7839;Claudio;Juarez;Maximiliano Nievas;Claudio Juarez
14338168;17/09/2026 08:51:59;3;2;0004     123-1;05;CAMIONETA VIE 1;2094713;"T1      ";"TRIPOLI ARNALDO                                   ";ALVAREZ PRADO Y MORENO;951112;"12003          ";"SET DE 3 PIEZAS LINEA 12000                                           ";1;1;1;23457125;170926085157309;184160355;;;;08/12/2031 00:00:00;1;14005508;17/09/2026 08:51:57;Maximiliano;Nievas;24732376;16/09/2026 16:31:22;7839;Claudio;Juarez;Maximiliano Nievas;Claudio Juarez
14338169;17/09/2026 10:27:20;3;2;0004     124-1;05;CAMIONETA VIE 1;2094713;"T1      ";"TRIPOLI ARNALDO                                   ";ALVAREZ PRADO Y MORENO;951521;"20-131         ";20-131 - MONOCOMANDO COCINA MALLORCA;1;1;1;23452892;170926102720430;184118678;;;;07/29/2031 00:00:00;1;14008467;17/09/2026 10:27:20;Maximiliano;Nievas;24727888;16/09/2026 14:54:39;7636;Kevin;Arce;Maximiliano Nievas;Kevin Arce
14338170;17/09/2026 10:26:31;3;2;0004     125-1;05;CAMIONETA VIE 1;2094713;"T1      ";"TRIPOLI ARNALDO                                   ";ALVAREZ PRADO Y MORENO;956490;"LG03C60        ";LG03C60 - LAVATORIO CR C.STD BERNA;1;1;1;23452893;170926102630367;184115033;;;;02/10/2032 00:00:00;1;14008438;17/09/2026 10:26:30;Maximiliano;Nievas;24727888;16/09/2026 14:54:39;7636;Kevin;Arce;Maximiliano Nievas;Kevin Arce
14338171;17/09/2026 10:25:19;3;2;0004     126-1;05;CAMIONETA VIE 1;2094713;"T1      ";"TRIPOLI ARNALDO                                   ";ALVAREZ PRADO Y MORENO;951523;"20-134         ";20-134 - MONOCOMANDO COCINA BETIS;1;1;1;23456088;170926102518214;184143824;;;;08/11/2031 00:00:00;1;14008400;17/09/2026 10:25:18;Maximiliano;Nievas;24731316;16/09/2026 15:57:57;7839;Claudio;Juarez;Maximiliano Nievas;Claudio Juarez
14338172;17/09/2026 11:35:50;3;2;0001  215658-1;05;CAMIONETA VIE 1;2094454;"SG13    ";"SANITARIOS GAONA S.A.                             ";AV. EVA PERON 2656;952634;"60-162         ";60-162 - LAVATORIO CR C.CERAM LINEA ADRA;2;2;2;23452818;170926113207157;184117577;;;;07/29/2031 00:00:00;2;14010644;17/09/2026 11:32:07;Maximiliano;Nievas;24727796;16/09/2026 14:54:54;7839;Claudio;Juarez;Maximiliano Nievas;Claudio Juarez
14338172;17/09/2026 11:35:50;3;2;0001  215658-1;05;CAMIONETA VIE 1;2094454;"SG13    ";"SANITARIOS GAONA S.A.                             ";AV. EVA PERON 2656;952677;"60-203         ";60-203 - LAVATORIO MONOCOMANDO BAJO ADRA;1;1;1;23452818;170926113207157;184118676;;;;03/02/2032 00:00:00;1;14010644;17/09/2026 11:32:07;Maximiliano;Nievas;24727796;16/09/2026 14:54:54;7839;Claudio;Juarez;Maximiliano Nievas;Claudio Juarez
14338172;17/09/2026 11:35:50;3;2;0001  215658-1;05;CAMIONETA VIE 1;2094454;"SG13    ";"SANITARIOS GAONA S.A.                             ";AV. EVA PERON 2656;952912;"70-162         ";70-162 - BIDE CR C.CERAM LINEA ADRA;1;1;1;23452818;170926113207157;184116749;;;;07/29/2031 00:00:00;1;14010644;17/09/2026 11:32:07;Maximiliano;Nievas;24727796;16/09/2026 14:54:54;7839;Claudio;Juarez;Maximiliano Nievas;Claudio Juarez
14338172;17/09/2026 11:35:50;3;2;0001  215658-1;05;CAMIONETA VIE 1;2094454;"SG13    ";"SANITARIOS GAONA S.A.                             ";AV. EVA PERON 2656;953331;"84-190         ";84-190 - DUCHA EXTERIOR CON COLUMNA BLACK VELVET;1;1;1;23464600;170926113547825;184206586;;;;10/06/2031 00:00:00;1;14010685;17/09/2026 11:35:47;Maximiliano;Nievas;24739155;17/09/2026 06:39:46;7827;Javier;Machado;Maximiliano Nievas;Javier Machado
14338172;17/09/2026 11:35:50;3;2;0001  215658-1;05;CAMIONETA VIE 1;2094454;"SG13    ";"SANITARIOS GAONA S.A.                             ";AV. EVA PERON 2656;951530;"20-146         ";20-146 - MONOCOMANDO DE COCINA CR LINEA MOVE;2;2;2;23464600;170926113547825;184206986;;;;11/23/2031 00:00:00;2;14010685;17/09/2026 11:35:47;Maximiliano;Nievas;24739155;17/09/2026 06:39:46;7827;Javier;Machado;Maximiliano Nievas;Javier Machado
14338172;17/09/2026 11:35:50;3;2;0001  215658-1;05;CAMIONETA VIE 1;2094454;"SG13    ";"SANITARIOS GAONA S.A.                             ";AV. EVA PERON 2656;953322;"83-205         ";83-205 - DUCHA EXT C/TRANSF MONOC STEEL PICO CURVO;1;1;1;23478893;170926113412728;184206628;;;;07/27/2031 00:00:00;1;14010750;17/09/2026 11:34:12;Maximiliano;Nievas;;;;;;Maximiliano Nievas;
14338172;17/09/2026 11:35:50;3;2;0001  215658-1;05;CAMIONETA VIE 1;2094454;"SG13    ";"SANITARIOS GAONA S.A.                             ";AV. EVA PERON 2656;952954;"70-203         ";70-203 - BIDE MONOCOMANDO ADRA;1;1;1;23478893;170926113412728;184208912;;;;07/30/2031 00:00:00;1;14010750;17/09/2026 11:34:12;Maximiliano;Nievas;;;;;;Maximiliano Nievas;
14338172;17/09/2026 11:35:50;3;2;0001  215658-1;05;CAMIONETA VIE 1;2094454;"SG13    ";"SANITARIOS GAONA S.A.                             ";AV. EVA PERON 2656;951535;"20-160         ";20-160 - MONOCOMANDO MESADA COCINA DIQUE;8;8;8;23478893;170926113412728;184207580;;;;07/28/2031 00:00:00;8;14010750;17/09/2026 11:34:12;Maximiliano;Nievas;;;;;;Maximiliano Nievas;
14338172;17/09/2026 11:35:50;3;2;0001  215658-1;05;CAMIONETA VIE 1;2094454;"SG13    ";"SANITARIOS GAONA S.A.                             ";AV. EVA PERON 2656;953159;"80-203P        ";80-203P - DUCHA EMB C/TRANSF. MONOCOMANDO ADRA PLUS;3;3;3;23478928;170926113448799;184208858;;;;07/28/2031 00:00:00;3;14010775;17/09/2026 11:34:48;Maximiliano;Nievas;;;;;;Maximiliano Nievas;
14338173;17/09/2026 11:07:14;3;2;0001  215659-1;05;CAMIONETA VIE 1;2094454;"SG13    ";"SANITARIOS GAONA S.A.                             ";AV. EVA PERON 2656;952677;"60-203         ";60-203 - LAVATORIO MONOCOMANDO BAJO ADRA;2;2;2;23452819;170926110713268;184118879;;;;03/02/2032 00:00:00;2;14009839;17/09/2026 11:07:13;Maximiliano;Nievas;24727796;16/09/2026 14:54:54;7839;Claudio;Juarez;Maximiliano Nievas;Claudio Juarez
14338173;17/09/2026 11:07:14;3;2;0001  215659-1;05;CAMIONETA VIE 1;2094454;"SG13    ";"SANITARIOS GAONA S.A.                             ";AV. EVA PERON 2656;952678;"60-203N        ";"LAVATORIO MONOCOMANDO BAJO ADRA BLACK                                 ";2;2;2;23452819;170926110713268;184119191;;;;01/06/2032 00:00:00;2;14009839;17/09/2026 11:07:13;Maximiliano;Nievas;24727796;16/09/2026 14:54:54;7839;Claudio;Juarez;Maximiliano Nievas;Claudio Juarez
14338173;17/09/2026 11:07:14;3;2;0001  215659-1;05;CAMIONETA VIE 1;2094454;"SG13    ";"SANITARIOS GAONA S.A.                             ";AV. EVA PERON 2656;952954;"70-203         ";70-203 - BIDE MONOCOMANDO ADRA;2;2;2;23456089;170926110640688;184144551;;;;07/30/2031 00:00:00;2;14009817;17/09/2026 11:06:40;Maximiliano;Nievas;24731316;16/09/2026 15:57:57;7839;Claudio;Juarez;Maximiliano Nievas;Claudio Juarez
14338174;17/09/2026 10:23:24;3;2;0001  215676-1;05;CAMIONETA VIE 1;2094738;"TC11    ";"TRIPOLI CARLOS L.                                 ";ALVAREZ PRADO E/MENDEZ Y STORN;951535;"20-160         ";20-160 - MONOCOMANDO MESADA COCINA DIQUE;8;8;8;23464601;170926102324764;184207829;;;;07/28/2031 00:00:00;8;14006948;17/09/2026 10:23:24;Maximiliano;Nievas;24739155;17/09/2026 06:39:46;7827;Javier;Machado;Maximiliano Nievas;Javier Machado
14338174;17/09/2026 10:23:24;3;2;0001  215676-1;05;CAMIONETA VIE 1;2094738;"TC11    ";"TRIPOLI CARLOS L.                                 ";ALVAREZ PRADO E/MENDEZ Y STORN;953312;"83-133         ";83-133 - DUCHA EXT. C/TRANSF. MONOCOMANDO LUGO;6;6;6;23474743;170926102225102;184208701;;;;09/03/2031 00:00:00;6;14008299;17/09/2026 10:22:25;Maximiliano;Nievas;;;;;;Maximiliano Nievas;
14338175;17/09/2026 10:29:30;3;2;0001  215677-1;05;CAMIONETA VIE 1;2094713;"T1      ";"TRIPOLI ARNALDO                                   ";ALVAREZ PRADO Y MORENO;951530;"20-146         ";20-146 - MONOCOMANDO DE COCINA CR LINEA MOVE;6;6;6;23454623;170926102929038;184135556;;;;11/23/2031 00:00:00;6;14008503;17/09/2026 10:29:29;Maximiliano;Nievas;24728779;16/09/2026 15:40:04;7839;Claudio;Juarez;Maximiliano Nievas;Claudio Juarez
14338175;17/09/2026 10:29:30;3;2;0001  215677-1;05;CAMIONETA VIE 1;2094713;"T1      ";"TRIPOLI ARNALDO                                   ";ALVAREZ PRADO Y MORENO;954906;"BCH05          ";BCH05 - BACHA DE APOYAR CUADRADA 370x370x130;1;1;1;23464603;170926102741799;184206574;;;;07/27/2031 00:00:00;1;14008480;17/09/2026 10:27:41;Maximiliano;Nievas;24739154;17/09/2026 06:08:07;7839;Claudio;Juarez;Maximiliano Nievas;Claudio Juarez
14338175;17/09/2026 10:29:30;3;2;0001  215677-1;05;CAMIONETA VIE 1;2094713;"T1      ";"TRIPOLI ARNALDO                                   ";ALVAREZ PRADO Y MORENO;952647;"60-176         ";"LAVATORIO MONOCOMANDO BAJO CR RIO                                     ";3;3;3;23475059;170926102856470;184138560;;;;10/11/2031 00:00:00;3;14008515;17/09/2026 10:28:56;Maximiliano;Nievas;;;;;;Maximiliano Nievas;
14338175;17/09/2026 10:29:30;3;2;0001  215677-1;05;CAMIONETA VIE 1;2094713;"T1      ";"TRIPOLI ARNALDO                                   ";ALVAREZ PRADO Y MORENO;952648;"60-176N        ";"LAVATORIO MONOCOMANDO BAJO BLACK RIO                                  ";1;1;1;23475059;170926102856470;184137995;;;;07/29/2031 00:00:00;1;14008515;17/09/2026 10:28:56;Maximiliano;Nievas;;;;;;Maximiliano Nievas;
14338176;17/09/2026 10:33:02;3;2;0008    2933-1;05;CAMIONETA VIE 1;2094738;"TC11    ";"TRIPOLI CARLOS L.                                 ";ALVAREZ PRADO E/MENDEZ Y STORN;951153;"1325           ";"QUEINOX MACHO MOVIL MH 1/2"" x 25                                      ";50;50;50;23457126;170926103254779;184160927;;;;02/21/2032 00:00:00;50;14008621;17/09/2026 10:32:54;Maximiliano;Nievas;24732376;16/09/2026 16:31:22;7839;Claudio;Juarez;Maximiliano Nievas;Claudio Juarez
14338177;17/09/2026 10:51:14;3;2;0001  215712-1;05;CAMIONETA VIE 1;2094545;"SM20    ";"SANITARIOS MORENO S.R.L.                          ";AV. VICTORICA 1024;952647;"60-176         ";"LAVATORIO MONOCOMANDO BAJO CR RIO                                     ";20;20;20;23450720;170926015113957;184106857;;;;10/11/2031 00:00:00;8;14009231;17/09/2026 10:51:13;Mirko;Hernandez;24725722;16/09/2026 14:53:37;7827;Javier;Machado;Mirko Hernandez;Javier Machado
14338177;17/09/2026 10:51:14;3;2;0001  215712-1;05;CAMIONETA VIE 1;2094545;"SM20    ";"SANITARIOS MORENO S.R.L.                          ";AV. VICTORICA 1024;953148;"80-199         ";80-199 - DUCHA EMB. C/TRANSF. CR C.CERAM LIVE;1;1;1;23452894;170926014558852;184116399;;;;01/20/2032 00:00:00;1;14009101;17/09/2026 10:45:58;Mirko;Hernandez;24727888;16/09/2026 14:54:39;7636;Kevin;Arce;Mirko Hernandez;Kevin Arce
14338177;17/09/2026 10:51:14;3;2;0001  215712-1;05;CAMIONETA VIE 1;2094545;"SM20    ";"SANITARIOS MORENO S.R.L.                          ";AV. VICTORICA 1024;952647;"60-176         ";"LAVATORIO MONOCOMANDO BAJO CR RIO                                     ";20;20;20;23476398;170926014947150;184281223;;;;10/11/2031 00:00:00;6;14009250;17/09/2026 10:49:47;Mirko;Hernandez;;;;;;Mirko Hernandez;
14338177;17/09/2026 10:51:14;3;2;0001  215712-1;05;CAMIONETA VIE 1;2094545;"SM20    ";"SANITARIOS MORENO S.R.L.                          ";AV. VICTORICA 1024;952467;"52-121         ";52-121 - GRIFERIA REBATIBLE P/LLENADO DE OLLAS MARBELLA;1;1;1;23476428;170926015013631;184113307;;;;07/29/2031 00:00:00;1;14009270;17/09/2026 10:50:13;Mirko;Hernandez;;;;;;Mirko Hernandez;
14338177;17/09/2026 10:51:14;3;2;0001  215712-1;05;CAMIONETA VIE 1;2094545;"SM20    ";"SANITARIOS MORENO S.R.L.                          ";AV. VICTORICA 1024;952647;"60-176         ";"LAVATORIO MONOCOMANDO BAJO CR RIO                                     ";20;20;20;23476442;170926015036895;184281502;;;;10/11/2031 00:00:00;6;14009282;17/09/2026 10:50:36;Mirko;Hernandez;;;;;;Mirko Hernandez;
14338178;17/09/2026 09:01:08;3;2;0001  215718-1;05;CAMIONETA VIE 1;2094642;"SS21    ";"SNEUBER SANITARIOS S.A.                           ";AV. RIVADAVIA 17202;951906;"3020           ";3020 - TOALLERO DE ARO LINEA 3000;2;2;2;23465076;170926090106413;184209467;;;;07/29/2031 00:00:00;2;14005651;17/09/2026 09:01:06;Maximiliano;Nievas;24739654;17/09/2026 06:47:40;7839;Claudio;Juarez;Maximiliano Nievas;Claudio Juarez
14338178;17/09/2026 09:01:08;3;2;0001  215718-1;05;CAMIONETA VIE 1;2094642;"SS21    ";"SNEUBER SANITARIOS S.A.                           ";AV. RIVADAVIA 17202;951961;"3030           ";3030 - PERCHA LINEA 3000;4;4;4;23465076;170926090106413;184209497;;;;08/27/2031 00:00:00;4;14005651;17/09/2026 09:01:06;Maximiliano;Nievas;24739654;17/09/2026 06:47:40;7839;Claudio;Juarez;Maximiliano Nievas;Claudio Juarez
14338178;17/09/2026 09:01:08;3;2;0001  215718-1;05;CAMIONETA VIE 1;2094642;"SS21    ";"SNEUBER SANITARIOS S.A.                           ";AV. RIVADAVIA 17202;951975;"3040           ";3040 - PORTA ROLLO LINEA 3000;4;4;4;23465076;170926090106413;184209398;;;;07/27/2031 00:00:00;4;14005651;17/09/2026 09:01:06;Maximiliano;Nievas;24739654;17/09/2026 06:47:40;7839;Claudio;Juarez;Maximiliano Nievas;Claudio Juarez
14338179;17/09/2026 10:46:35;3;2;0001  215732-1;05;CAMIONETA VIE 1;2092891;"HL02    ";"HEREDIA LEONARDO A - FERRETERIA HEREDIA           ";PTE. JUAN DOMINGO PERON 1296;1007844;"20-122S        ";"MONOCOMANDO COCINA INOX C/PICO EXTRAIBLE VALENCIA                     ";6;6;6;23450721;170926104634914;184101879;;;;01/06/2032 00:00:00;6;14009128;17/09/2026 10:46:34;Maximiliano;Nievas;24725722;16/09/2026 14:53:37;7827;Javier;Machado;Maximiliano Nievas;Javier Machado
14338179;17/09/2026 10:46:35;3;2;0001  215732-1;05;CAMIONETA VIE 1;2092891;"HL02    ";"HEREDIA LEONARDO A - FERRETERIA HEREDIA           ";PTE. JUAN DOMINGO PERON 1296;951484;"20-100C        ";20-100C - MONOCOMANDO DE COCINA FABRIC CROMO;2;2;2;23476194;170926104608663;184111347;;;;02/18/2032 00:00:00;2;14009135;17/09/2026 10:46:08;Maximiliano;Nievas;;;;;;Maximiliano Nievas;
14338179;17/09/2026 10:46:35;3;2;0001  215732-1;05;CAMIONETA VIE 1;2092891;"HL02    ";"HEREDIA LEONARDO A - FERRETERIA HEREDIA           ";PTE. JUAN DOMINGO PERON 1296;951486;"20-100N        ";20-100N - MONOCOMANDO DE COCINA FABRIC BLACK;2;2;2;23476194;170926104608663;184111945;;;;01/10/2032 00:00:00;2;14009135;17/09/2026 10:46:08;Maximiliano;Nievas;;;;;;Maximiliano Nievas;
14338180;17/09/2026 10:47:50;3;2;0001  215740-1;05;CAMIONETA VIE 1;2094642;"SS21    ";"SNEUBER SANITARIOS S.A.                           ";AV. RIVADAVIA 17202;953061;"80-059         ";80-059 - DUCHA EMB. C/TRANSF.BL/CR C.STD MALBA;2;2;2;23452895;170926104749507;184115466;;;;02/23/2032 00:00:00;2;14009178;17/09/2026 10:47:49;Maximiliano;Nievas;24727888;16/09/2026 14:54:39;7636;Kevin;Arce;Maximiliano Nievas;Kevin Arce
14338181;17/09/2026 09:44:47;3;2;0001  215751-1;05;CAMIONETA VIE 1;2094494;"SI12    ";"ILLIA S.R.L.                                      ";AV. PTE. ILLIA 416;954906;"BCH05          ";BCH05 - BACHA DE APOYAR CUADRADA 370x370x130;4;4;4;23464604;170926094447195;184206587;;;;07/27/2031 00:00:00;4;14007050;17/09/2026 09:44:47;Tiago;Rodriguez;24739154;17/09/2026 06:08:07;7839;Claudio;Juarez;Tiago Rodriguez;Claudio Juarez
14338182;17/09/2026 10:26:44;3;2;0001  215775-1;05;CAMIONETA VIE 1;2094738;"TC11    ";"TRIPOLI CARLOS L.                                 ";ALVAREZ PRADO E/MENDEZ Y STORN;951532;"20-147         ";20-147 - MONOCOMANDO DE COCINA SWIFT;1;1;1;23456090;170926102643635;184145809;;;;08/04/2031 00:00:00;1;14008449;17/09/2026 10:26:43;Maximiliano;Nievas;24731316;16/09/2026 15:57:57;7839;Claudio;Juarez;Maximiliano Nievas;Claudio Juarez
14338182;17/09/2026 10:26:44;3;2;0001  215775-1;05;CAMIONETA VIE 1;2094738;"TC11    ";"TRIPOLI CARLOS L.                                 ";ALVAREZ PRADO E/MENDEZ Y STORN;951565;"20-205         ";20-205 - MONOCOMANDO DE COCINA STEEL;1;1;1;23456090;170926102643635;184146195;;;;07/28/2031 00:00:00;1;14008449;17/09/2026 10:26:43;Maximiliano;Nievas;24731316;16/09/2026 15:57:57;7839;Claudio;Juarez;Maximiliano Nievas;Claudio Juarez
14338183;17/09/2026 10:25:46;3;2;0008    2945-1;05;CAMIONETA VIE 1;2094738;"TC11    ";"TRIPOLI CARLOS L.                                 ";ALVAREZ PRADO E/MENDEZ Y STORN;952620;"60-135         ";60-135 - LAVATORIO C.CERAM SANTANDER;2;2;2;23452820;170926102546182;184119680;;;;01/14/2032 00:00:00;2;14008416;17/09/2026 10:25:46;Maximiliano;Nievas;24727796;16/09/2026 14:54:54;7839;Claudio;Juarez;Maximiliano Nievas;Claudio Juarez
14338184;17/09/2026 09:10:47;3;2;0001  215837-1;05;CAMIONETA VIE 1;2093558;"MN04    ";"MATERIALES C. NUCIARI SRL                         ";ACC OESTE KM 44 PTE GORRITI;1007844;"20-122S        ";"MONOCOMANDO COCINA INOX C/PICO EXTRAIBLE VALENCIA                     ";12;12;12;23450722;170926091047466;184103890;;;;01/06/2032 00:00:00;6;14006037;17/09/2026 09:10:47;Maximiliano;Nievas;24725722;16/09/2026 14:53:37;7827;Javier;Machado;Maximiliano Nievas;Javier Machado
14338184;17/09/2026 09:10:47;3;2;0001  215837-1;05;CAMIONETA VIE 1;2093558;"MN04    ";"MATERIALES C. NUCIARI SRL                         ";ACC OESTE KM 44 PTE GORRITI;1007844;"20-122S        ";"MONOCOMANDO COCINA INOX C/PICO EXTRAIBLE VALENCIA                     ";12;12;12;23470582;170926091022533;184245269;;;;01/06/2032 00:00:00;6;14006049;17/09/2026 09:10:22;Maximiliano;Nievas;;;;;;Maximiliano Nievas;
14338185;17/09/2026 12:09:45;3;2;0001  215681-1;05;CAMIONETA VIE 1;2091693;"CI15    ";"CISILOTTO HNOS SACIFEI                            ";AV GAONA 1101;953113;"80-168N        ";80-168N - DUCHA EMB C/TRANSF MONOC BLACK WAVE;2;2;2;23447338;170926021513833;184090888;;;;01/22/2032 00:00:00;1;14010034;17/09/2026 11:15:13;Mirko;Hernandez;24722602;16/09/2026 13:55:10;7839;Claudio;Juarez;Mirko Hernandez;Claudio Juarez
14338185;17/09/2026 12:09:45;3;2;0001  215681-1;05;CAMIONETA VIE 1;2091693;"CI15    ";"CISILOTTO HNOS SACIFEI                            ";AV GAONA 1101;953320;"83-203         ";83-203 - DUCHA EXT C/TRANSF. MONOCOMANDO ADRA;1;1;1;23458935;170926030943248;184163408;;;;07/29/2031 00:00:00;1;14010145;17/09/2026 12:09:43;Mirko;Hernandez;24733935;16/09/2026 16:51:33;7839;Claudio;Juarez;Mirko Hernandez;Claudio Juarez
14338185;17/09/2026 12:09:45;3;2;0001  215681-1;05;CAMIONETA VIE 1;2091693;"CI15    ";"CISILOTTO HNOS SACIFEI                            ";AV GAONA 1101;953131;"80-183         ";"DUCHA EMB C/TRANSF MONOCOMANDO MAT                                    ";1;1;1;23458935;170926030943248;184163686;;;;11/02/2031 00:00:00;1;14010145;17/09/2026 12:09:43;Mirko;Hernandez;24733935;16/09/2026 16:51:33;7839;Claudio;Juarez;Mirko Hernandez;Claudio Juarez
14338185;17/09/2026 12:09:45;3;2;0001  215681-1;05;CAMIONETA VIE 1;2091693;"CI15    ";"CISILOTTO HNOS SACIFEI                            ";AV GAONA 1101;952933;"70-183         ";"BIDE MONOCOMANDO C/TRANSF MAT                                         ";1;1;1;23458935;170926030943248;184164267;;;;11/02/2031 00:00:00;1;14010145;17/09/2026 12:09:43;Mirko;Hernandez;24733935;16/09/2026 16:51:33;7839;Claudio;Juarez;Mirko Hernandez;Claudio Juarez
14338185;17/09/2026 12:09:45;3;2;0001  215681-1;05;CAMIONETA VIE 1;2091693;"CI15    ";"CISILOTTO HNOS SACIFEI                            ";AV GAONA 1101;952796;"63-168N        ";"LAVATORIO PARED EMB MONOC BLACK WAVE                                  ";1;1;1;23458935;170926030943248;184166132;;;;07/28/2031 00:00:00;1;14010145;17/09/2026 12:09:43;Mirko;Hernandez;24733935;16/09/2026 16:51:33;7839;Claudio;Juarez;Mirko Hernandez;Claudio Juarez
14338185;17/09/2026 12:09:45;3;2;0001  215681-1;05;CAMIONETA VIE 1;2091693;"CI15    ";"CISILOTTO HNOS SACIFEI                            ";AV GAONA 1101;952945;"70-199         ";70-199 - BIDE CR C.CERAM LIVE;2;2;2;23477779;170926021352458;184083303;;;;12/16/2031 00:00:00;2;14010069;17/09/2026 11:13:52;Mirko;Hernandez;;;;;;Mirko Hernandez;
14338185;17/09/2026 12:09:45;3;2;0001  215681-1;05;CAMIONETA VIE 1;2091693;"CI15    ";"CISILOTTO HNOS SACIFEI                            ";AV GAONA 1101;952634;"60-162         ";60-162 - LAVATORIO CR C.CERAM LINEA ADRA;4;4;4;23477779;170926021352458;184079335;;;;07/29/2031 00:00:00;4;14010069;17/09/2026 11:13:52;Mirko;Hernandez;;;;;;Mirko Hernandez;
14338185;17/09/2026 12:09:45;3;2;0001  215681-1;05;CAMIONETA VIE 1;2091693;"CI15    ";"CISILOTTO HNOS SACIFEI                            ";AV GAONA 1101;952740;"62-100G        ";62-100G - LAVATORIO DE PARED GOLD C.CERAM FABRIC;2;2;2;23477779;170926021352458;184085737;;;;12/20/2031 00:00:00;2;14010069;17/09/2026 11:13:52;Mirko;Hernandez;;;;;;Mirko Hernandez;
14338185;17/09/2026 12:09:45;3;2;0001  215681-1;05;CAMIONETA VIE 1;2091693;"CI15    ";"CISILOTTO HNOS SACIFEI                            ";AV GAONA 1101;953113;"80-168N        ";80-168N - DUCHA EMB C/TRANSF MONOC BLACK WAVE;2;2;2;23477805;170926021417551;184290875;;;;01/22/2032 00:00:00;1;14010081;17/09/2026 11:14:17;Mirko;Hernandez;;;;;;Mirko Hernandez;
14338185;17/09/2026 12:09:45;3;2;0001  215681-1;05;CAMIONETA VIE 1;2091693;"CI15    ";"CISILOTTO HNOS SACIFEI                            ";AV GAONA 1101;953071;"80-100G        ";80-100G - DUCHA EMB. C/TRANSF. GOLD C.CERAM FABRIC;1;1;1;23477805;170926021417551;184085989;;;;12/07/2031 00:00:00;1;14010081;17/09/2026 11:14:17;Mirko;Hernandez;;;;;;Mirko Hernandez;
14338185;17/09/2026 12:09:45;3;2;0001  215681-1;05;CAMIONETA VIE 1;2091693;"CI15    ";"CISILOTTO HNOS SACIFEI                            ";AV GAONA 1101;953148;"80-199         ";80-199 - DUCHA EMB. C/TRANSF. CR C.CERAM LIVE;1;1;1;23477805;170926021417551;184083150;;;;01/20/2032 00:00:00;1;14010081;17/09/2026 11:14:17;Mirko;Hernandez;;;;;;Mirko Hernandez;
14338185;17/09/2026 12:09:45;3;2;0001  215681-1;05;CAMIONETA VIE 1;2091693;"CI15    ";"CISILOTTO HNOS SACIFEI                            ";AV GAONA 1101;952709;"61-168N        ";61-168N - LAVATORIO MONOC ALTO BLACK WAVE;2;2;2;23477949;170926021654186;184165896;;;;07/28/2031 00:00:00;2;14010163;17/09/2026 11:16:54;Mirko;Hernandez;;;;;;Mirko Hernandez;
14338185;17/09/2026 12:09:45;3;2;0001  215681-1;05;CAMIONETA VIE 1;2091693;"CI15    ";"CISILOTTO HNOS SACIFEI                            ";AV GAONA 1101;952719;"61-183         ";"LAVATORIO MONOCOMANDO ALTO MAT                                        ";1;1;1;23477949;170926021654186;184164734;;;;11/02/2031 00:00:00;1;14010163;17/09/2026 11:16:54;Mirko;Hernandez;;;;;;Mirko Hernandez;
14338185;17/09/2026 12:09:45;3;2;0001  215681-1;05;CAMIONETA VIE 1;2091693;"CI15    ";"CISILOTTO HNOS SACIFEI                            ";AV GAONA 1101;951527;"20-135G        ";20-135G - MONOCOMANDO COCINA GOLD SANTANDER;1;1;1;23477949;170926021654186;184166832;;;;07/27/2031 00:00:00;1;14010163;17/09/2026 11:16:54;Mirko;Hernandez;;;;;;Mirko Hernandez;
14338185;17/09/2026 12:09:45;3;2;0001  215681-1;05;CAMIONETA VIE 1;2091693;"CI15    ";"CISILOTTO HNOS SACIFEI                            ";AV GAONA 1101;951552;"20-183         ";"MONOCOMANDO DE COCINA MAT                                             ";1;1;1;23477949;170926021654186;184164137;;;;11/02/2031 00:00:00;1;14010163;17/09/2026 11:16:54;Mirko;Hernandez;;;;;;Mirko Hernandez;
14338185;17/09/2026 12:09:45;3;2;0001  215681-1;05;CAMIONETA VIE 1;2091693;"CI15    ";"CISILOTTO HNOS SACIFEI                            ";AV GAONA 1101;951553;"20-184         ";"MONOCOMANDO DE COCINA CR SUV                                          ";1;1;1;23477949;170926021654186;184165988;;;;10/04/2031 00:00:00;1;14010163;17/09/2026 11:16:54;Mirko;Hernandez;;;;;;Mirko Hernandez;
14338185;17/09/2026 12:09:45;3;2;0001  215681-1;05;CAMIONETA VIE 1;2091693;"CI15    ";"CISILOTTO HNOS SACIFEI                            ";AV GAONA 1101;951653;"22-178         ";22-178 - MONOCOMANDO DE COCINA P/AGUA FILTRADA VITA;2;2;2;23478008;170926021747603;184167031;;;;12/23/2031 00:00:00;2;14010198;17/09/2026 11:17:47;Mirko;Hernandez;;;;;;Mirko Hernandez;
14338185;17/09/2026 12:09:45;3;2;0001  215681-1;05;CAMIONETA VIE 1;2091693;"CI15    ";"CISILOTTO HNOS SACIFEI                            ";AV GAONA 1101;951563;"20-202NI       ";20-202NI - MONOCOMANDO COCINA NICKEL HOOP;2;2;2;23478008;170926021747603;184166406;;;;07/29/2031 00:00:00;2;14010198;17/09/2026 11:17:47;Mirko;Hernandez;;;;;;Mirko Hernandez;
14338185;17/09/2026 12:09:45;3;2;0001  215681-1;05;CAMIONETA VIE 1;2091693;"CI15    ";"CISILOTTO HNOS SACIFEI                            ";AV GAONA 1101;951294;"17010G         ";17010G - TOALLERO BARRAL LINEA FABRIC GOLD;1;1;1;23480526;170926030515332;184165052;;;;07/27/2031 00:00:00;1;14011692;17/09/2026 12:05:16;Mirko;Hernandez;;;;;;Mirko Hernandez;
14338185;17/09/2026 12:09:45;3;2;0001  215681-1;05;CAMIONETA VIE 1;2091693;"CI15    ";"CISILOTTO HNOS SACIFEI                            ";AV GAONA 1101;951299;"17030C         ";17030C - PERCHA LINEA FABRIC CROMO;4;4;4;23480526;170926030515332;184163145;;;;11/10/2031 00:00:00;4;14011692;17/09/2026 12:05:16;Mirko;Hernandez;;;;;;Mirko Hernandez;
14338185;17/09/2026 12:09:45;3;2;0001  215681-1;05;CAMIONETA VIE 1;2091693;"CI15    ";"CISILOTTO HNOS SACIFEI                            ";AV GAONA 1101;951305;"17050C         ";17050C - JABONERA  LINEA FABRIC CROMO;1;1;1;23480574;170926030616202;184165623;;;;07/31/2031 00:00:00;1;14011716;17/09/2026 12:06:16;Mirko;Hernandez;;;;;;Mirko Hernandez;
14338185;17/09/2026 12:09:45;3;2;0001  215681-1;05;CAMIONETA VIE 1;2091693;"CI15    ";"CISILOTTO HNOS SACIFEI                            ";AV GAONA 1101;951303;"17040G         ";17040G - PORTA ROLLO LINEA FABRIC GOLD;1;1;1;23480574;170926030616202;184163514;;;;07/28/2031 00:00:00;1;14011716;17/09/2026 12:06:16;Mirko;Hernandez;;;;;;Mirko Hernandez;
14338185;17/09/2026 12:09:45;3;2;0001  215681-1;05;CAMIONETA VIE 1;2091693;"CI15    ";"CISILOTTO HNOS SACIFEI                            ";AV GAONA 1101;951300;"17030G         ";17030G - PERCHA LINEA FABRIC GOLD;2;2;2;23480574;170926030616202;184162740;;;;07/29/2031 00:00:00;2;14011716;17/09/2026 12:06:16;Mirko;Hernandez;;;;;;Mirko Hernandez;
14338185;17/09/2026 12:09:45;3;2;0001  215681-1;05;CAMIONETA VIE 1;2091693;"CI15    ";"CISILOTTO HNOS SACIFEI                            ";AV GAONA 1101;952655;"60-183         ";"LAVATORIO MONOCOMANDO BAJO MAT                                        ";1;1;1;23480636;170926030756855;184164370;;;;11/02/2031 00:00:00;1;14011762;17/09/2026 12:07:56;Mirko;Hernandez;;;;;;Mirko Hernandez;
14338185;17/09/2026 12:09:45;3;2;0001  215681-1;05;CAMIONETA VIE 1;2091693;"CI15    ";"CISILOTTO HNOS SACIFEI                            ";AV GAONA 1101;950907;"05-010         ";"LAVATORIO BAJO TEMPORIZADO TECNO                                      ";3;3;3;23480636;170926030756855;184164945;;;;07/28/2031 00:00:00;3;14011762;17/09/2026 12:07:56;Mirko;Hernandez;;;;;;Mirko Hernandez;
14338185;17/09/2026 12:09:45;3;2;0001  215681-1;05;CAMIONETA VIE 1;2091693;"CI15    ";"CISILOTTO HNOS SACIFEI                            ";AV GAONA 1101;951320;"18050          ";18050 - JABONERA NIQUEL LINEA BEAT;1;1;1;23480636;170926030756855;184166696;;;;07/28/2031 00:00:00;1;14011762;17/09/2026 12:07:56;Mirko;Hernandez;;;;;;Mirko Hernandez;
14338185;17/09/2026 12:09:45;3;2;0001  215681-1;05;CAMIONETA VIE 1;2091693;"CI15    ";"CISILOTTO HNOS SACIFEI                            ";AV GAONA 1101;951529;"20-140N        ";20-140N - MONOCOMANDO DE COCINA LINEA CUINA BLACK;1;1;1;23480685;170926030843799;184165758;;;;07/29/2031 00:00:00;1;14011778;17/09/2026 12:08:43;Mirko;Hernandez;;;;;;Mirko Hernandez;
14338185;17/09/2026 12:09:45;3;2;0001  215681-1;05;CAMIONETA VIE 1;2091693;"CI15    ";"CISILOTTO HNOS SACIFEI                            ";AV GAONA 1101;951551;"20-182N        ";20-182N - MONOCOMANDO DE COCINA MULTIFUNCION BLACK ZENITH;1;1;1;23480685;170926030843799;184165360;;;;07/30/2031 00:00:00;1;14011778;17/09/2026 12:08:43;Mirko;Hernandez;;;;;;Mirko Hernandez;
14338186;17/09/2026 08:49:11;3;2;0001  215727-1;05;CAMIONETA VIE 1;2092572;"FS09    ";"FANTINI SERGIO DANIEL - DIST.GUALEGUAY            ";B. ROLDAN 2183;958173;"RS140          ";RS140 - 10 LLAVE ALLEN 2 MM;1;1;1;23457127;170926084910894;184153235;;;;08/02/2031 00:00:00;1;14005140;17/09/2026 08:49:10;Maximiliano;Nievas;24732376;16/09/2026 16:31:22;7839;Claudio;Juarez;Maximiliano Nievas;Claudio Juarez
14338186;17/09/2026 08:49:11;3;2;0001  215727-1;05;CAMIONETA VIE 1;2092572;"FS09    ";"FANTINI SERGIO DANIEL - DIST.GUALEGUAY            ";B. ROLDAN 2183;957390;"RA001          ";RA001 - CABEZAL STD NO ASCENDENTE;8;8;8;23457127;170926084910894;184155208;;;;02/11/2032 00:00:00;8;14005140;17/09/2026 08:49:10;Maximiliano;Nievas;24732376;16/09/2026 16:31:22;7839;Claudio;Juarez;Maximiliano Nievas;Claudio Juarez
14338186;17/09/2026 08:49:11;3;2;0001  215727-1;05;CAMIONETA VIE 1;2092572;"FS09    ";"FANTINI SERGIO DANIEL - DIST.GUALEGUAY            ";B. ROLDAN 2183;957391;"RA002          ";RA002 - CABEZAL DERECHO CIERRE CERAMICO (FRIA);6;6;6;23457127;170926084910894;184155367;;;;02/03/2032 00:00:00;6;14005140;17/09/2026 08:49:10;Maximiliano;Nievas;24732376;16/09/2026 16:31:22;7839;Claudio;Juarez;Maximiliano Nievas;Claudio Juarez
14338186;17/09/2026 08:49:11;3;2;0001  215727-1;05;CAMIONETA VIE 1;2092572;"FS09    ";"FANTINI SERGIO DANIEL - DIST.GUALEGUAY            ";B. ROLDAN 2183;957392;"RA003          ";RA003 - CABEZAL IZQUIERDO CIERRE CERAMICO (CALIENTE);4;4;4;23457127;170926084910894;184155597;;;;09/16/2031 00:00:00;4;14005140;17/09/2026 08:49:10;Maximiliano;Nievas;24732376;16/09/2026 16:31:22;7839;Claudio;Juarez;Maximiliano Nievas;Claudio Juarez
14338186;17/09/2026 08:49:11;3;2;0001  215727-1;05;CAMIONETA VIE 1;2092572;"FS09    ";"FANTINI SERGIO DANIEL - DIST.GUALEGUAY            ";B. ROLDAN 2183;957393;"RA004          ";RA004 - CABEZAL P/TRANSF. BIDET Y DUCHA EMBUTIR;4;4;4;23457127;170926084910894;184155900;;;;07/31/2031 00:00:00;4;14005140;17/09/2026 08:49:10;Maximiliano;Nievas;24732376;16/09/2026 16:31:22;7839;Claudio;Juarez;Maximiliano Nievas;Claudio Juarez
14338186;17/09/2026 08:49:11;3;2;0001  215727-1;05;CAMIONETA VIE 1;2092572;"FS09    ";"FANTINI SERGIO DANIEL - DIST.GUALEGUAY            ";B. ROLDAN 2183;957944;"RA980          ";RA980 - 10 CONJ. PROLONGADOR LARGO (TORNILLO+TUBO) VOLANTE;1;1;1;23457127;170926084910894;184156409;;;;10/09/2031 00:00:00;1;14005140;17/09/2026 08:49:10;Maximiliano;Nievas;24732376;16/09/2026 16:31:22;7839;Claudio;Juarez;Maximiliano Nievas;Claudio Juarez
14338186;17/09/2026 08:49:11;3;2;0001  215727-1;05;CAMIONETA VIE 1;2092572;"FS09    ";"FANTINI SERGIO DANIEL - DIST.GUALEGUAY            ";B. ROLDAN 2183;958171;"RS094          ";RS094 - 30 GUSANILLO M4x0.7x4;1;1;1;23457127;170926084910894;184152734;;;;08/02/2031 00:00:00;1;14005140;17/09/2026 08:49:10;Maximiliano;Nievas;24732376;16/09/2026 16:31:22;7839;Claudio;Juarez;Maximiliano Nievas;Claudio Juarez
14338186;17/09/2026 08:49:11;3;2;0001  215727-1;05;CAMIONETA VIE 1;2092572;"FS09    ";"FANTINI SERGIO DANIEL - DIST.GUALEGUAY            ";B. ROLDAN 2183;957911;"RA874          ";RA874 - 10 BUJES SUJETA CAMPANA DE BAÑO NEGRO;2;2;2;23457127;170926084910894;184156577;;;;11/02/2031 00:00:00;2;14005140;17/09/2026 08:49:10;Maximiliano;Nievas;24732376;16/09/2026 16:31:22;7839;Claudio;Juarez;Maximiliano Nievas;Claudio Juarez
14338186;17/09/2026 08:49:11;3;2;0001  215727-1;05;CAMIONETA VIE 1;2092572;"FS09    ";"FANTINI SERGIO DANIEL - DIST.GUALEGUAY            ";B. ROLDAN 2183;957912;"RA875          ";RA875 - 10 TUBOS CONEXION P/ BIDET;1;1;1;23457127;170926084910894;184157414;;;;08/02/2031 00:00:00;1;14005140;17/09/2026 08:49:10;Maximiliano;Nievas;24732376;16/09/2026 16:31:22;7839;Claudio;Juarez;Maximiliano Nievas;Claudio Juarez
14338186;17/09/2026 08:49:11;3;2;0001  215727-1;05;CAMIONETA VIE 1;2092572;"FS09    ";"FANTINI SERGIO DANIEL - DIST.GUALEGUAY            ";B. ROLDAN 2183;957913;"RA876          ";RA876 - 10 BUJES ESTRIADO P/VOLANTE;2;2;2;23457127;170926084910894;184156793;;;;01/13/2032 00:00:00;2;14005140;17/09/2026 08:49:10;Maximiliano;Nievas;24732376;16/09/2026 16:31:22;7839;Claudio;Juarez;Maximiliano Nievas;Claudio Juarez
14338186;17/09/2026 08:49:11;3;2;0001  215727-1;05;CAMIONETA VIE 1;2092572;"FS09    ";"FANTINI SERGIO DANIEL - DIST.GUALEGUAY            ";B. ROLDAN 2183;957914;"RA877          ";RA877 - 10 TORNILLOS P/VOLANTE GRIFERIA;1;1;1;23457127;170926084910894;184152114;;;;07/31/2031 00:00:00;1;14005140;17/09/2026 08:49:10;Maximiliano;Nievas;24732376;16/09/2026 16:31:22;7839;Claudio;Juarez;Maximiliano Nievas;Claudio Juarez
14338186;17/09/2026 08:49:11;3;2;0001  215727-1;05;CAMIONETA VIE 1;2092572;"FS09    ";"FANTINI SERGIO DANIEL - DIST.GUALEGUAY            ";B. ROLDAN 2183;957885;"RA799          ";RA799 - BOLSITA CON 10 TUERCAS DE 1/2 EN POLIAMIDA P/MDA;1;1;1;23457127;170926084910894;184157540;;;;12/20/2031 00:00:00;1;14005140;17/09/2026 08:49:10;Maximiliano;Nievas;24732376;16/09/2026 16:31:22;7839;Claudio;Juarez;Maximiliano Nievas;Claudio Juarez
14338186;17/09/2026 08:49:11;3;2;0001  215727-1;05;CAMIONETA VIE 1;2092572;"FS09    ";"FANTINI SERGIO DANIEL - DIST.GUALEGUAY            ";B. ROLDAN 2183;957886;"RA801          ";RA801 - BOLSITA CON 10 TUERCAS DE 1/2 EN BRONCE P/RAMAL;1;1;1;23457127;170926084910894;184154548;;;;07/31/2031 00:00:00;1;14005140;17/09/2026 08:49:10;Maximiliano;Nievas;24732376;16/09/2026 16:31:22;7839;Claudio;Juarez;Maximiliano Nievas;Claudio Juarez
14338186;17/09/2026 08:49:11;3;2;0001  215727-1;05;CAMIONETA VIE 1;2092572;"FS09    ";"FANTINI SERGIO DANIEL - DIST.GUALEGUAY            ";B. ROLDAN 2183;957887;"RA803          ";RA803 - BOLSITA CON 10 TUERCAS DE 3/4 EN POLIAMIDA LAV/B;1;1;1;23457127;170926084910894;184151649;;;;08/02/2031 00:00:00;1;14005140;17/09/2026 08:49:10;Maximiliano;Nievas;24732376;16/09/2026 16:31:22;7839;Claudio;Juarez;Maximiliano Nievas;Claudio Juarez
14338186;17/09/2026 08:49:11;3;2;0001  215727-1;05;CAMIONETA VIE 1;2092572;"FS09    ";"FANTINI SERGIO DANIEL - DIST.GUALEGUAY            ";B. ROLDAN 2183;957889;"RA809          ";RA809 - BOLSITA CON 10 TUERCAS DE 1/2 EN POLIAMIDA P/RAMAL;1;1;1;23457127;170926084910894;184151430;;;;08/02/2031 00:00:00;1;14005140;17/09/2026 08:49:10;Maximiliano;Nievas;24732376;16/09/2026 16:31:22;7839;Claudio;Juarez;Maximiliano Nievas;Claudio Juarez
14338186;17/09/2026 08:49:11;3;2;0001  215727-1;05;CAMIONETA VIE 1;2092572;"FS09    ";"FANTINI SERGIO DANIEL - DIST.GUALEGUAY            ";B. ROLDAN 2183;957906;"RA869          ";RA869 - 10 GOMAS CONICA P/ RAMAL DE LAVATORIO Y BIDET;2;2;2;23457127;170926084910894;184153410;;;;08/02/2031 00:00:00;2;14005140;17/09/2026 08:49:10;Maximiliano;Nievas;24732376;16/09/2026 16:31:22;7839;Claudio;Juarez;Maximiliano Nievas;Claudio Juarez
14338186;17/09/2026 08:49:11;3;2;0001  215727-1;05;CAMIONETA VIE 1;2092572;"FS09    ";"FANTINI SERGIO DANIEL - DIST.GUALEGUAY            ";B. ROLDAN 2183;957908;"RA871          ";RA871 - 10 TAPAS CHICAS CR P/VOLANTE;1;1;1;23457127;170926084910894;184150785;;;;08/02/2031 00:00:00;1;14005140;17/09/2026 08:49:10;Maximiliano;Nievas;24732376;16/09/2026 16:31:22;7839;Claudio;Juarez;Maximiliano Nievas;Claudio Juarez
14338186;17/09/2026 08:49:11;3;2;0001  215727-1;05;CAMIONETA VIE 1;2092572;"FS09    ";"FANTINI SERGIO DANIEL - DIST.GUALEGUAY            ";B. ROLDAN 2183;957909;"RA872          ";RA872 - 10 TAPAS VOLANTE LORCA-DIQUE-VERIN;1;1;1;23457127;170926084910894;184151281;;;;08/02/2031 00:00:00;1;14005140;17/09/2026 08:49:10;Maximiliano;Nievas;24732376;16/09/2026 16:31:22;7839;Claudio;Juarez;Maximiliano Nievas;Claudio Juarez
14338186;17/09/2026 08:49:11;3;2;0001  215727-1;05;CAMIONETA VIE 1;2092572;"FS09    ";"FANTINI SERGIO DANIEL - DIST.GUALEGUAY            ";B. ROLDAN 2183;957910;"RA873          ";RA873 - 10 TAPAS CR P/VOLANTE ARUBA-KEOPS 4-MURCIA;1;1;1;23457127;170926084910894;184151053;;;;08/02/2031 00:00:00;1;14005140;17/09/2026 08:49:10;Maximiliano;Nievas;24732376;16/09/2026 16:31:22;7839;Claudio;Juarez;Maximiliano Nievas;Claudio Juarez
14338186;17/09/2026 08:49:11;3;2;0001  215727-1;05;CAMIONETA VIE 1;2092572;"FS09    ";"FANTINI SERGIO DANIEL - DIST.GUALEGUAY            ";B. ROLDAN 2183;957394;"RA006          ";RA006 - CARTUCHO CERAMICO P/MONOCOMANDO Ø 40;2;2;2;23457127;170926084910894;184159106;;;;07/31/2031 00:00:00;2;14005140;17/09/2026 08:49:10;Maximiliano;Nievas;24732376;16/09/2026 16:31:22;7839;Claudio;Juarez;Maximiliano Nievas;Claudio Juarez
14338186;17/09/2026 08:49:11;3;2;0001  215727-1;05;CAMIONETA VIE 1;2092572;"FS09    ";"FANTINI SERGIO DANIEL - DIST.GUALEGUAY            ";B. ROLDAN 2183;957395;"RA007          ";RA007 - CARTUCHO CERAMICO LARGO;1;1;1;23457127;170926084910894;184158931;;;;09/16/2031 00:00:00;1;14005140;17/09/2026 08:49:10;Maximiliano;Nievas;24732376;16/09/2026 16:31:22;7839;Claudio;Juarez;Maximiliano Nievas;Claudio Juarez
14338186;17/09/2026 08:49:11;3;2;0001  215727-1;05;CAMIONETA VIE 1;2092572;"FS09    ";"FANTINI SERGIO DANIEL - DIST.GUALEGUAY            ";B. ROLDAN 2183;957400;"RA015R         ";RA015R - CORTACHORRO PLASTICO P/GRIFERIA;3;3;3;23457127;170926084910894;184158167;;;;07/31/2031 00:00:00;3;14005140;17/09/2026 08:49:10;Maximiliano;Nievas;24732376;16/09/2026 16:31:22;7839;Claudio;Juarez;Maximiliano Nievas;Claudio Juarez
14338186;17/09/2026 08:49:11;3;2;0001  215727-1;05;CAMIONETA VIE 1;2092572;"FS09    ";"FANTINI SERGIO DANIEL - DIST.GUALEGUAY            ";B. ROLDAN 2183;957437;"RA1016         ";RA1016 - CARTUCHO Ø35 MONOC BAÑO LUGO/COCINA;1;1;1;23457127;170926084910894;184158813;;;;08/05/2031 00:00:00;1;14005140;17/09/2026 08:49:10;Maximiliano;Nievas;24732376;16/09/2026 16:31:22;7839;Claudio;Juarez;Maximiliano Nievas;Claudio Juarez
14338186;17/09/2026 08:49:11;3;2;0001  215727-1;05;CAMIONETA VIE 1;2092572;"FS09    ";"FANTINI SERGIO DANIEL - DIST.GUALEGUAY            ";B. ROLDAN 2183;957457;"RA1054         ";RA1054 - CARTUCHO CERAMIMO Ø35 GRAN CAUDAL CORTO;1;1;1;23457127;170926084910894;184158522;;;;07/31/2031 00:00:00;1;14005140;17/09/2026 08:49:10;Maximiliano;Nievas;24732376;16/09/2026 16:31:22;7839;Claudio;Juarez;Maximiliano Nievas;Claudio Juarez
14338186;17/09/2026 08:49:11;3;2;0001  215727-1;05;CAMIONETA VIE 1;2092572;"FS09    ";"FANTINI SERGIO DANIEL - DIST.GUALEGUAY            ";B. ROLDAN 2183;957469;"RA1076         ";"10 ORING P/MONOC COCINA RENACER                                       ";2;2;2;23457127;170926084910894;184152447;;;;01/14/2032 00:00:00;2;14005140;17/09/2026 08:49:10;Maximiliano;Nievas;24732376;16/09/2026 16:31:22;7839;Claudio;Juarez;Maximiliano Nievas;Claudio Juarez
14338186;17/09/2026 08:49:11;3;2;0001  215727-1;05;CAMIONETA VIE 1;2092572;"FS09    ";"FANTINI SERGIO DANIEL - DIST.GUALEGUAY            ";B. ROLDAN 2183;957499;"RA1109         ";RA1109 - (10) JUNTA P/MONOCOMANDO DIQUE;2;2;2;23457127;170926084910894;184153022;;;;09/08/2031 00:00:00;2;14005140;17/09/2026 08:49:10;Maximiliano;Nievas;24732376;16/09/2026 16:31:22;7839;Claudio;Juarez;Maximiliano Nievas;Claudio Juarez
14338186;17/09/2026 08:49:11;3;2;0001  215727-1;05;CAMIONETA VIE 1;2092572;"FS09    ";"FANTINI SERGIO DANIEL - DIST.GUALEGUAY            ";B. ROLDAN 2183;957500;"RA1110         ";RA1110 - AIREADOR P/MONOCOMANDO BETIS M16.5 x 1;2;2;2;23457127;170926084910894;184157964;;;;07/31/2031 00:00:00;2;14005140;17/09/2026 08:49:10;Maximiliano;Nievas;24732376;16/09/2026 16:31:22;7839;Claudio;Juarez;Maximiliano Nievas;Claudio Juarez
14338186;17/09/2026 08:49:11;3;2;0001  215727-1;05;CAMIONETA VIE 1;2092572;"FS09    ";"FANTINI SERGIO DANIEL - DIST.GUALEGUAY            ";B. ROLDAN 2183;957551;"RA1191         ";RA1191 - 10 CONJ. PROLONGADOR CORTO (TORNILLO+TUBO) VOLANTE;1;1;1;23457127;170926084910894;184152251;;;;08/02/2031 00:00:00;1;14005140;17/09/2026 08:49:10;Maximiliano;Nievas;24732376;16/09/2026 16:31:22;7839;Claudio;Juarez;Maximiliano Nievas;Claudio Juarez
14338186;17/09/2026 08:49:11;3;2;0001  215727-1;05;CAMIONETA VIE 1;2092572;"FS09    ";"FANTINI SERGIO DANIEL - DIST.GUALEGUAY            ";B. ROLDAN 2183;957572;"RA1205         ";RA1205 - 10 BUJES INTERIOR NYLON;2;2;2;23457127;170926084910894;184156050;;;;10/11/2031 00:00:00;2;14005140;17/09/2026 08:49:10;Maximiliano;Nievas;24732376;16/09/2026 16:31:22;7839;Claudio;Juarez;Maximiliano Nievas;Claudio Juarez
14338186;17/09/2026 08:49:11;3;2;0001  215727-1;05;CAMIONETA VIE 1;2092572;"FS09    ";"FANTINI SERGIO DANIEL - DIST.GUALEGUAY            ";B. ROLDAN 2183;957856;"RA727C         ";RA727C - CONJUNTO BUJE Y AIREADOR CROMO;2;2;2;23457127;170926084910894;184156272;;;;09/16/2031 00:00:00;2;14005140;17/09/2026 08:49:10;Maximiliano;Nievas;24732376;16/09/2026 16:31:22;7839;Claudio;Juarez;Maximiliano Nievas;Claudio Juarez
14338186;17/09/2026 08:49:11;3;2;0001  215727-1;05;CAMIONETA VIE 1;2092572;"FS09    ";"FANTINI SERGIO DANIEL - DIST.GUALEGUAY            ";B. ROLDAN 2183;957867;"RA757          ";RA757 - LLAVE TUBO 26 MM Y 32 MM;1;1;1;23457127;170926084910894;184153535;;;;07/31/2031 00:00:00;1;14005140;17/09/2026 08:49:10;Maximiliano;Nievas;24732376;16/09/2026 16:31:22;7839;Claudio;Juarez;Maximiliano Nievas;Claudio Juarez
14338186;17/09/2026 08:49:11;3;2;0001  215727-1;05;CAMIONETA VIE 1;2092572;"FS09    ";"FANTINI SERGIO DANIEL - DIST.GUALEGUAY            ";B. ROLDAN 2183;957871;"RA764          ";RA764 - BOLSITA P/CONEXION BIDET LINEAS STD COMPLETO;2;2;2;23457127;170926084910894;184157267;;;;02/01/2032 00:00:00;2;14005140;17/09/2026 08:49:10;Maximiliano;Nievas;24732376;16/09/2026 16:31:22;7839;Claudio;Juarez;Maximiliano Nievas;Claudio Juarez
14338186;17/09/2026 08:49:11;3;2;0001  215727-1;05;CAMIONETA VIE 1;2092572;"FS09    ";"FANTINI SERGIO DANIEL - DIST.GUALEGUAY            ";B. ROLDAN 2183;957872;"RA765          ";RA765 - BOLSITA P/CONEXION LAVATORIO LINEAS STD COMPLETO;2;2;2;23457127;170926084910894;184157008;;;;12/16/2031 00:00:00;2;14005140;17/09/2026 08:49:10;Maximiliano;Nievas;24732376;16/09/2026 16:31:22;7839;Claudio;Juarez;Maximiliano Nievas;Claudio Juarez
14338186;17/09/2026 08:49:11;3;2;0001  215727-1;05;CAMIONETA VIE 1;2092572;"FS09    ";"FANTINI SERGIO DANIEL - DIST.GUALEGUAY            ";B. ROLDAN 2183;957873;"RA766          ";RA766 - BOLSITA P/CONEXION LAVATORIO BRONCE;1;1;1;23457127;170926084910894;184154819;;;;07/31/2031 00:00:00;1;14005140;17/09/2026 08:49:10;Maximiliano;Nievas;24732376;16/09/2026 16:31:22;7839;Claudio;Juarez;Maximiliano Nievas;Claudio Juarez
14338186;17/09/2026 08:49:11;3;2;0001  215727-1;05;CAMIONETA VIE 1;2092572;"FS09    ";"FANTINI SERGIO DANIEL - DIST.GUALEGUAY            ";B. ROLDAN 2183;957874;"RA767          ";RA767 - BOLSITA P/CONEXION BIDE BRONCE;1;1;1;23457127;170926084910894;184154664;;;;07/31/2031 00:00:00;1;14005140;17/09/2026 08:49:10;Maximiliano;Nievas;24732376;16/09/2026 16:31:22;7839;Claudio;Juarez;Maximiliano Nievas;Claudio Juarez
14338186;17/09/2026 08:49:11;3;2;0001  215727-1;05;CAMIONETA VIE 1;2092572;"FS09    ";"FANTINI SERGIO DANIEL - DIST.GUALEGUAY            ";B. ROLDAN 2183;954429;"A1573          ";"EXHIBIDOR DE REPUESTOS 20 POSICIONES                                  ";1;1;1;23465413;170926083923009;184211283;;;;11/04/2031 00:00:00;1;14005114;17/09/2026 08:39:23;Maximiliano;Nievas;24740039;17/09/2026 07:00:28;7839;Claudio;Juarez;Maximiliano Nievas;Claudio Juarez
14338187;17/09/2026 10:19:27;3;2;0008    2934-1;05;CAMIONETA VIE 1;2094738;"TC11    ";"TRIPOLI CARLOS L.                                 ";ALVAREZ PRADO E/MENDEZ Y STORN;953109;"80-166         ";"DUCHA EMB. C/TRANSF. CR C.CERAM ADRA PLUS                             ";1;1;1;23448870;170926094055765;184088436;;;;01/19/2032 00:00:00;1;14006480;17/09/2026 09:40:55;Maximiliano;Nievas;24724029;16/09/2026 14:03:18;7827;Javier;Machado;Maximiliano Nievas;Javier Machado
14338187;17/09/2026 10:19:27;3;2;0008    2934-1;05;CAMIONETA VIE 1;2094738;"TC11    ";"TRIPOLI CARLOS L.                                 ";ALVAREZ PRADO E/MENDEZ Y STORN;956493;"LG03N60        ";LG03N60 - LAVATORIO BLACK C.STD BERNA;1;1;1;23448870;170926094055765;184088834;;;;12/10/2031 00:00:00;1;14006480;17/09/2026 09:40:55;Maximiliano;Nievas;24724029;16/09/2026 14:03:18;7827;Javier;Machado;Maximiliano Nievas;Javier Machado
14338187;17/09/2026 10:19:27;3;2;0008    2934-1;05;CAMIONETA VIE 1;2094738;"TC11    ";"TRIPOLI CARLOS L.                                 ";ALVAREZ PRADO E/MENDEZ Y STORN;957937;"RA967          ";RA967 - CAMPANA VALENCIA - MALLORCA;15;15;15;23454624;170926101926134;184131877;;;;11/30/2031 00:00:00;15;14006957;17/09/2026 10:19:26;Maximiliano;Nievas;24728779;16/09/2026 15:40:04;7839;Claudio;Juarez;Maximiliano Nievas;Claudio Juarez
14338187;17/09/2026 10:19:27;3;2;0008    2934-1;05;CAMIONETA VIE 1;2094738;"TC11    ";"TRIPOLI CARLOS L.                                 ";ALVAREZ PRADO E/MENDEZ Y STORN;957913;"RA876          ";RA876 - 10 BUJES ESTRIADO P/VOLANTE;5;5;5;23454624;170926101926134;184131406;;;;01/13/2032 00:00:00;5;14006957;17/09/2026 10:19:26;Maximiliano;Nievas;24728779;16/09/2026 15:40:04;7839;Claudio;Juarez;Maximiliano Nievas;Claudio Juarez
14338187;17/09/2026 10:19:27;3;2;0008    2934-1;05;CAMIONETA VIE 1;2094738;"TC11    ";"TRIPOLI CARLOS L.                                 ";ALVAREZ PRADO E/MENDEZ Y STORN;957877;"RA785L         ";RA785L - VOLANTE  LORCA/MEDEA COMPLETO;15;15;15;23454624;170926101926134;184132510;;;;01/05/2032 00:00:00;15;14006957;17/09/2026 10:19:26;Maximiliano;Nievas;24728779;16/09/2026 15:40:04;7839;Claudio;Juarez;Maximiliano Nievas;Claudio Juarez
14338187;17/09/2026 10:19:27;3;2;0008    2934-1;05;CAMIONETA VIE 1;2094738;"TC11    ";"TRIPOLI CARLOS L.                                 ";ALVAREZ PRADO E/MENDEZ Y STORN;957391;"RA002          ";RA002 - CABEZAL DERECHO CIERRE CERAMICO (FRIA);10;10;10;23454624;170926101926134;184130087;;;;02/03/2032 00:00:00;10;14006957;17/09/2026 10:19:26;Maximiliano;Nievas;24728779;16/09/2026 15:40:04;7839;Claudio;Juarez;Maximiliano Nievas;Claudio Juarez
14338187;17/09/2026 10:19:27;3;2;0008    2934-1;05;CAMIONETA VIE 1;2094738;"TC11    ";"TRIPOLI CARLOS L.                                 ";ALVAREZ PRADO E/MENDEZ Y STORN;957390;"RA001          ";RA001 - CABEZAL STD NO ASCENDENTE;20;20;20;23454624;170926101926134;184130718;;;;02/10/2032 00:00:00;20;14006957;17/09/2026 10:19:26;Maximiliano;Nievas;24728779;16/09/2026 15:40:04;7839;Claudio;Juarez;Maximiliano Nievas;Claudio Juarez
14338187;17/09/2026 10:19:27;3;2;0008    2934-1;05;CAMIONETA VIE 1;2094738;"TC11    ";"TRIPOLI CARLOS L.                                 ";ALVAREZ PRADO E/MENDEZ Y STORN;954230;"A1452C         ";A1452C - CAÑO DE DUCHA RECTO 150 MM CROMO C/BLISTER;1;1;1;23454624;170926101926134;184137496;;;;07/31/2031 00:00:00;1;14006957;17/09/2026 10:19:26;Maximiliano;Nievas;24728779;16/09/2026 15:40:04;7839;Claudio;Juarez;Maximiliano Nievas;Claudio Juarez
14338187;17/09/2026 10:19:27;3;2;0008    2934-1;05;CAMIONETA VIE 1;2094738;"TC11    ";"TRIPOLI CARLOS L.                                 ";ALVAREZ PRADO E/MENDEZ Y STORN;952954;"70-203         ";70-203 - BIDE MONOCOMANDO ADRA;2;2;2;23454624;170926101926134;184134010;;;;07/30/2031 00:00:00;2;14006957;17/09/2026 10:19:26;Maximiliano;Nievas;24728779;16/09/2026 15:40:04;7839;Claudio;Juarez;Maximiliano Nievas;Claudio Juarez
14338187;17/09/2026 10:19:27;3;2;0008    2934-1;05;CAMIONETA VIE 1;2094738;"TC11    ";"TRIPOLI CARLOS L.                                 ";ALVAREZ PRADO E/MENDEZ Y STORN;951190;"1360G          ";"QUEINOX GAS MH 1/2""x60 APROBADO POR IGA                               ";3;3;3;23454624;170926101926134;184136560;;;;07/27/2031 00:00:00;3;14006957;17/09/2026 10:19:26;Maximiliano;Nievas;24728779;16/09/2026 15:40:04;7839;Claudio;Juarez;Maximiliano Nievas;Claudio Juarez
14338187;17/09/2026 10:19:27;3;2;0008    2934-1;05;CAMIONETA VIE 1;2094738;"TC11    ";"TRIPOLI CARLOS L.                                 ";ALVAREZ PRADO E/MENDEZ Y STORN;951182;"1350G          ";"QUEINOX GAS MH. 1/2""x50 APROBADO POR IGA                              ";3;3;3;23454624;170926101926134;184136451;;;;07/31/2031 00:00:00;3;14006957;17/09/2026 10:19:26;Maximiliano;Nievas;24728779;16/09/2026 15:40:04;7839;Claudio;Juarez;Maximiliano Nievas;Claudio Juarez
14338187;17/09/2026 10:19:27;3;2;0008    2934-1;05;CAMIONETA VIE 1;2094738;"TC11    ";"TRIPOLI CARLOS L.                                 ";ALVAREZ PRADO E/MENDEZ Y STORN;951620;"214/CR         ";214/CR - LAVATORIO CR/CR ARES;3;3;3;23471404;170926092602629;184095169;;;;01/27/2032 00:00:00;3;14006497;17/09/2026 09:26:02;Maximiliano;Nievas;;;;;;Maximiliano Nievas;
14338187;17/09/2026 10:19:27;3;2;0008    2934-1;05;CAMIONETA VIE 1;2094738;"TC11    ";"TRIPOLI CARLOS L.                                 ";ALVAREZ PRADO E/MENDEZ Y STORN;952831;"70-010         ";70-010 - BIDE BL/CR LORCA;2;2;2;23471404;170926092602629;184087980;;;;12/08/2031 00:00:00;2;14006497;17/09/2026 09:26:02;Maximiliano;Nievas;;;;;;Maximiliano Nievas;
14338187;17/09/2026 10:19:27;3;2;0008    2934-1;05;CAMIONETA VIE 1;2094738;"TC11    ";"TRIPOLI CARLOS L.                                 ";ALVAREZ PRADO E/MENDEZ Y STORN;952912;"70-162         ";70-162 - BIDE CR C.CERAM LINEA ADRA;6;6;6;23471404;170926092602629;184250423;;;;07/29/2031 00:00:00;3;14006497;17/09/2026 09:26:02;Maximiliano;Nievas;;;;;;Maximiliano Nievas;
14338187;17/09/2026 10:19:27;3;2;0008    2934-1;05;CAMIONETA VIE 1;2094738;"TC11    ";"TRIPOLI CARLOS L.                                 ";ALVAREZ PRADO E/MENDEZ Y STORN;953244;"814/CRC        ";814/CRC - MESADA P.FUNDIDO CR/CR C.CERAM. ARES;3;3;3;23471404;170926092602629;184250424;;;;02/16/2032 00:00:00;2;14006497;17/09/2026 09:26:02;Maximiliano;Nievas;;;;;;Maximiliano Nievas;
14338187;17/09/2026 10:19:27;3;2;0008    2934-1;05;CAMIONETA VIE 1;2094738;"TC11    ";"TRIPOLI CARLOS L.                                 ";ALVAREZ PRADO E/MENDEZ Y STORN;952862;"70-058         ";70-058 - BIDE CR C.STD MALBA;3;3;3;23471618;170926092924061;184090903;;;;10/20/2031 00:00:00;3;14006597;17/09/2026 09:29:24;Maximiliano;Nievas;;;;;;Maximiliano Nievas;
14338187;17/09/2026 10:19:27;3;2;0008    2934-1;05;CAMIONETA VIE 1;2094738;"TC11    ";"TRIPOLI CARLOS L.                                 ";ALVAREZ PRADO E/MENDEZ Y STORN;952292;"434/CR         ";434/CR - DUCHA EMB.C/TRANSF CR ARES;1;1;1;23471618;170926092924061;184095873;;;;01/12/2032 00:00:00;1;14006597;17/09/2026 09:29:24;Maximiliano;Nievas;;;;;;Maximiliano Nievas;
14338187;17/09/2026 10:19:27;3;2;0008    2934-1;05;CAMIONETA VIE 1;2094738;"TC11    ";"TRIPOLI CARLOS L.                                 ";ALVAREZ PRADO E/MENDEZ Y STORN;952267;"423            ";"423 - DUCHA EMB. C/TRANSF.CR ""DIQUE""";6;6;6;23471618;170926092924061;184091760;;;;02/03/2032 00:00:00;6;14006597;17/09/2026 09:29:24;Maximiliano;Nievas;;;;;;Maximiliano Nievas;
14338187;17/09/2026 10:19:27;3;2;0008    2934-1;05;CAMIONETA VIE 1;2094738;"TC11    ";"TRIPOLI CARLOS L.                                 ";ALVAREZ PRADO E/MENDEZ Y STORN;952551;"60-010         ";60-010 - LAVATORIO BL/CR LORCA;1;1;1;23471776;170926093149680;184088171;;;;01/14/2032 00:00:00;1;14006675;17/09/2026 09:31:49;Maximiliano;Nievas;;;;;;Maximiliano Nievas;
14338187;17/09/2026 10:19:27;3;2;0008    2934-1;05;CAMIONETA VIE 1;2094738;"TC11    ";"TRIPOLI CARLOS L.                                 ";ALVAREZ PRADO E/MENDEZ Y STORN;952583;"60-058         ";60-058 - LAVATORIO CR C.STD MALBA;5;5;5;23471776;170926093149680;184090375;;;;12/03/2031 00:00:00;5;14006675;17/09/2026 09:31:49;Maximiliano;Nievas;;;;;;Maximiliano Nievas;
14338187;17/09/2026 10:19:27;3;2;0008    2934-1;05;CAMIONETA VIE 1;2094738;"TC11    ";"TRIPOLI CARLOS L.                                 ";ALVAREZ PRADO E/MENDEZ Y STORN;952821;"70-001N        ";"70-001N - BIDE ""CROMO Y""";1;1;1;23471776;170926093149680;184094805;;;;07/31/2031 00:00:00;1;14006675;17/09/2026 09:31:49;Maximiliano;Nievas;;;;;;Maximiliano Nievas;
14338187;17/09/2026 10:19:27;3;2;0008    2934-1;05;CAMIONETA VIE 1;2094738;"TC11    ";"TRIPOLI CARLOS L.                                 ";ALVAREZ PRADO E/MENDEZ Y STORN;952912;"70-162         ";70-162 - BIDE CR C.CERAM LINEA ADRA;6;6;6;23471776;170926093149680;184086522;;;;07/29/2031 00:00:00;3;14006675;17/09/2026 09:31:49;Maximiliano;Nievas;;;;;;Maximiliano Nievas;
14338187;17/09/2026 10:19:27;3;2;0008    2934-1;05;CAMIONETA VIE 1;2094738;"TC11    ";"TRIPOLI CARLOS L.                                 ";ALVAREZ PRADO E/MENDEZ Y STORN;953060;"80-058         ";80-058 - DUCHA EMB. C/TRANSF. CR C.STD MALBA;3;3;3;23471904;170926093342709;184252997;;;;01/06/2032 00:00:00;2;14006736;17/09/2026 09:33:42;Maximiliano;Nievas;;;;;;Maximiliano Nievas;
14338187;17/09/2026 10:19:27;3;2;0008    2934-1;05;CAMIONETA VIE 1;2094738;"TC11    ";"TRIPOLI CARLOS L.                                 ";ALVAREZ PRADO E/MENDEZ Y STORN;953018;"80-001N        ";"80-001N - DUCHA EMB. C/TRANSF. ""CROMO Y""";1;1;1;23471904;170926093342709;184094737;;;;07/31/2031 00:00:00;1;14006736;17/09/2026 09:33:42;Maximiliano;Nievas;;;;;;Maximiliano Nievas;
14338187;17/09/2026 10:19:27;3;2;0008    2934-1;05;CAMIONETA VIE 1;2094738;"TC11    ";"TRIPOLI CARLOS L.                                 ";ALVAREZ PRADO E/MENDEZ Y STORN;952634;"60-162         ";60-162 - LAVATORIO CR C.CERAM LINEA ADRA;7;7;7;23471904;170926093342709;184085971;;;;07/29/2031 00:00:00;7;14006736;17/09/2026 09:33:42;Maximiliano;Nievas;;;;;;Maximiliano Nievas;
14338187;17/09/2026 10:19:27;3;2;0008    2934-1;05;CAMIONETA VIE 1;2094738;"TC11    ";"TRIPOLI CARLOS L.                                 ";ALVAREZ PRADO E/MENDEZ Y STORN;953055;"80-045         ";80-045 - DUCHA EMB.C/TRANSF CR  C.STD CRUZ;2;2;2;23472249;170926094025475;184094296;;;;01/04/2032 00:00:00;2;14006918;17/09/2026 09:40:25;Maximiliano;Nievas;;;;;;Maximiliano Nievas;
14338187;17/09/2026 10:19:27;3;2;0008    2934-1;05;CAMIONETA VIE 1;2094738;"TC11    ";"TRIPOLI CARLOS L.                                 ";ALVAREZ PRADO E/MENDEZ Y STORN;953059;"80-057         ";80-057 - DUCHA EMB. C/TRANSF. C.STD VERIN PLUS;2;2;2;23472249;170926094025475;184087135;;;;02/08/2032 00:00:00;2;14006918;17/09/2026 09:40:25;Maximiliano;Nievas;;;;;;Maximiliano Nievas;
14338187;17/09/2026 10:19:27;3;2;0008    2934-1;05;CAMIONETA VIE 1;2094738;"TC11    ";"TRIPOLI CARLOS L.                                 ";ALVAREZ PRADO E/MENDEZ Y STORN;953060;"80-058         ";80-058 - DUCHA EMB. C/TRANSF. CR C.STD MALBA;3;3;3;23472249;170926094025475;184090627;;;;01/06/2032 00:00:00;1;14006918;17/09/2026 09:40:25;Maximiliano;Nievas;;;;;;Maximiliano Nievas;
14338187;17/09/2026 10:19:27;3;2;0008    2934-1;05;CAMIONETA VIE 1;2094738;"TC11    ";"TRIPOLI CARLOS L.                                 ";ALVAREZ PRADO E/MENDEZ Y STORN;956497;"LG04C70        ";LG04C70 - BIDE CR C.CERAM DAVOS;1;1;1;23472249;170926094025475;184089720;;;;07/29/2031 00:00:00;1;14006918;17/09/2026 09:40:25;Maximiliano;Nievas;;;;;;Maximiliano Nievas;
14338187;17/09/2026 10:19:27;3;2;0008    2934-1;05;CAMIONETA VIE 1;2094738;"TC11    ";"TRIPOLI CARLOS L.                                 ";ALVAREZ PRADO E/MENDEZ Y STORN;956498;"LG04C80        ";LG04C80 - DUCHA EMB. C/TRANSF. CR C.CERAM DAVOS;2;2;2;23472249;170926094025475;184089268;;;;07/29/2031 00:00:00;2;14006918;17/09/2026 09:40:25;Maximiliano;Nievas;;;;;;Maximiliano Nievas;
14338187;17/09/2026 10:19:27;3;2;0008    2934-1;05;CAMIONETA VIE 1;2094738;"TC11    ";"TRIPOLI CARLOS L.                                 ";ALVAREZ PRADO E/MENDEZ Y STORN;953197;"81-010         ";81-010 - DUCHA EMB. S/TRANSF. BL/CR LORCA;3;3;3;23472249;170926094025475;184087572;;;;11/24/2031 00:00:00;3;14006918;17/09/2026 09:40:25;Maximiliano;Nievas;;;;;;Maximiliano Nievas;
14338187;17/09/2026 10:19:27;3;2;0008    2934-1;05;CAMIONETA VIE 1;2094738;"TC11    ";"TRIPOLI CARLOS L.                                 ";ALVAREZ PRADO E/MENDEZ Y STORN;953244;"814/CRC        ";814/CRC - MESADA P.FUNDIDO CR/CR C.CERAM. ARES;3;3;3;23472249;170926094025475;184095595;;;;02/16/2032 00:00:00;1;14006918;17/09/2026 09:40:25;Maximiliano;Nievas;;;;;;Maximiliano Nievas;
14338187;17/09/2026 10:19:27;3;2;0008    2934-1;05;CAMIONETA VIE 1;2094738;"TC11    ";"TRIPOLI CARLOS L.                                 ";ALVAREZ PRADO E/MENDEZ Y STORN;953324;"835            ";835 - JGO.MDA. P.FUNDIDO CR MURCIA;1;1;1;23472249;170926094025475;184093835;;;;07/29/2031 00:00:00;1;14006918;17/09/2026 09:40:25;Maximiliano;Nievas;;;;;;Maximiliano Nievas;
14338187;17/09/2026 10:19:27;3;2;0008    2934-1;05;CAMIONETA VIE 1;2094738;"TC11    ";"TRIPOLI CARLOS L.                                 ";ALVAREZ PRADO E/MENDEZ Y STORN;953474;"933            ";933 - JGO PARED C/EXT CR DIQUE;5;5;5;23472249;170926094025475;184092920;;;;01/07/2032 00:00:00;5;14006918;17/09/2026 09:40:25;Maximiliano;Nievas;;;;;;Maximiliano Nievas;
14338187;17/09/2026 10:19:27;3;2;0008    2934-1;05;CAMIONETA VIE 1;2094738;"TC11    ";"TRIPOLI CARLOS L.                                 ";ALVAREZ PRADO E/MENDEZ Y STORN;953491;"943            ";"943 - J.COCINA PARED EMB. CR ""DIQUE""";2;2;2;23472249;170926094025475;184093147;;;;07/31/2031 00:00:00;2;14006918;17/09/2026 09:40:25;Maximiliano;Nievas;;;;;;Maximiliano Nievas;
14338293;17/09/2026 11:17:27;3;2;0001  215402-1;05;CAMIONETA VIE 1;2091095;"AL24    ";"ALVARENGA VILLAR LUIS F.                          ";JOAQUIN V GONZALEZ 1175;953432;"910/M          ";"910/M - JGO.MDA.P.CANO CROMO ""DIQUE""";4;4;4;23452821;170926111727536;184118112;;;;12/21/2031 00:00:00;4;14010178;17/09/2026 11:17:27;Maximiliano;Nievas;24727796;16/09/2026 14:54:54;7839;Claudio;Juarez;Maximiliano Nievas;Claudio Juarez
14338294;17/09/2026 09:46:07;3;2;0001  215468-1;05;CAMIONETA VIE 1;2092031;"DB14    ";"DIMA BAÑOS & COCINAS S.R.L.                       ";AV. RIVADAVIA 14666;952712;"61-176         ";61-176 - LAVATORIO MONOC ALTO CR RIO;2;2;2;23456091;170926094521022;184147571;;;;10/11/2031 00:00:00;2;14007063;17/09/2026 09:45:21;Tiago;Rodriguez;24731316;16/09/2026 15:57:57;7839;Claudio;Juarez;Tiago Rodriguez;Claudio Juarez
14338294;17/09/2026 09:46:07;3;2;0001  215468-1;05;CAMIONETA VIE 1;2092031;"DB14    ";"DIMA BAÑOS & COCINAS S.R.L.                       ";AV. RIVADAVIA 14666;954901;"BCH01          ";BCH01 - BACHA DE APOYAR CIRCULAR 320x145;2;2;2;23464605;170926094607336;184206667;;;;07/28/2031 00:00:00;2;14007086;17/09/2026 09:46:07;Tiago;Rodriguez;24739154;17/09/2026 06:08:07;7839;Claudio;Juarez;Tiago Rodriguez;Claudio Juarez
14338295;17/09/2026 10:48:25;3;2;0004     122-1;05;CAMIONETA VIE 1;2091888;"CP34    ";"CATALANO PATRICIA L-SANITARIOS MRM                ";AV. GAONA 4405;953432;"910/M          ";"910/M - JGO.MDA.P.CANO CROMO ""DIQUE""";1;1;1;23452896;170926104825000;184115963;;;;12/21/2031 00:00:00;1;14009201;17/09/2026 10:48:25;Maximiliano;Nievas;24727888;16/09/2026 14:54:39;7636;Kevin;Arce;Maximiliano Nievas;Kevin Arce
14338296;17/09/2026 11:10:15;3;2;0001  215548-1;05;CAMIONETA VIE 1;2094882;"UG01    ";"UCCELI GABRIEL A.-SANITARIOS GABRIEL              ";SANTOS VEGA 8007;953347;"85-168N        ";85-168N - DUCHA MONOC C/TRANSF Y DUCHADOR BLACK WAVE;1;1;1;23447339;170926020342778;184090556;;;;02/04/2032 00:00:00;1;14009690;17/09/2026 11:03:42;Mirko;Hernandez;24722602;16/09/2026 13:55:10;7839;Claudio;Juarez;Mirko Hernandez;Claudio Juarez
14338296;17/09/2026 11:10:15;3;2;0001  215548-1;05;CAMIONETA VIE 1;2094882;"UG01    ";"UCCELI GABRIEL A.-SANITARIOS GABRIEL              ";SANTOS VEGA 8007;954234;"A1452N         ";A1452N - CAÑO DE DUCHA RECTO 150 MM BLACK C/BLISTER;2;2;2;23450723;170926021013126;184109664;;;;07/31/2031 00:00:00;2;14009762;17/09/2026 11:10:13;Mirko;Hernandez;24725722;16/09/2026 14:53:37;7827;Javier;Machado;Mirko Hernandez;Javier Machado
14338296;17/09/2026 11:10:15;3;2;0001  215548-1;05;CAMIONETA VIE 1;2094882;"UG01    ";"UCCELI GABRIEL A.-SANITARIOS GABRIEL              ";SANTOS VEGA 8007;954230;"A1452C         ";A1452C - CAÑO DE DUCHA RECTO 150 MM CROMO C/BLISTER;2;2;2;23450723;170926021013126;184112466;;;;07/31/2031 00:00:00;2;14009762;17/09/2026 11:10:13;Mirko;Hernandez;24725722;16/09/2026 14:53:37;7827;Javier;Machado;Mirko Hernandez;Javier Machado
14338296;17/09/2026 11:10:15;3;2;0001  215548-1;05;CAMIONETA VIE 1;2094882;"UG01    ";"UCCELI GABRIEL A.-SANITARIOS GABRIEL              ";SANTOS VEGA 8007;952634;"60-162         ";60-162 - LAVATORIO CR C.CERAM LINEA ADRA;3;3;3;23477129;170926020325792;184079600;;;;07/29/2031 00:00:00;3;14009726;17/09/2026 11:03:25;Mirko;Hernandez;;;;;;Mirko Hernandez;
14338296;17/09/2026 11:10:15;3;2;0001  215548-1;05;CAMIONETA VIE 1;2094882;"UG01    ";"UCCELI GABRIEL A.-SANITARIOS GABRIEL              ";SANTOS VEGA 8007;952860;"70-057         ";70-057 - BIDE C.STD VERIN PLUS;1;1;1;23477129;170926020325792;184081880;;;;01/31/2032 00:00:00;1;14009726;17/09/2026 11:03:25;Mirko;Hernandez;;;;;;Mirko Hernandez;
14338296;17/09/2026 11:10:15;3;2;0001  215548-1;05;CAMIONETA VIE 1;2094882;"UG01    ";"UCCELI GABRIEL A.-SANITARIOS GABRIEL              ";SANTOS VEGA 8007;952912;"70-162         ";70-162 - BIDE CR C.CERAM LINEA ADRA;3;3;3;23477129;170926020325792;184080631;;;;07/29/2031 00:00:00;3;14009726;17/09/2026 11:03:25;Mirko;Hernandez;;;;;;Mirko Hernandez;
14338296;17/09/2026 11:10:15;3;2;0001  215548-1;05;CAMIONETA VIE 1;2094882;"UG01    ";"UCCELI GABRIEL A.-SANITARIOS GABRIEL              ";SANTOS VEGA 8007;952913;"70-162N        ";70-162N - BIDE BLACK C.CERAM LINEA ADRA;1;1;1;23477129;170926020325792;184087189;;;;12/08/2031 00:00:00;1;14009726;17/09/2026 11:03:25;Mirko;Hernandez;;;;;;Mirko Hernandez;
14338296;17/09/2026 11:10:15;3;2;0001  215548-1;05;CAMIONETA VIE 1;2094882;"UG01    ";"UCCELI GABRIEL A.-SANITARIOS GABRIEL              ";SANTOS VEGA 8007;953059;"80-057         ";80-057 - DUCHA EMB. C/TRANSF. C.STD VERIN PLUS;1;1;1;23477129;170926020325792;184081698;;;;02/08/2032 00:00:00;1;14009726;17/09/2026 11:03:25;Mirko;Hernandez;;;;;;Mirko Hernandez;
14338296;17/09/2026 11:10:15;3;2;0001  215548-1;05;CAMIONETA VIE 1;2094882;"UG01    ";"UCCELI GABRIEL A.-SANITARIOS GABRIEL              ";SANTOS VEGA 8007;953107;"80-162         ";80-162 - DUCHA EMB. C/TRANSF. CR C.CERAM ADRA;1;1;1;23477129;170926020325792;184076281;;;;07/29/2031 00:00:00;1;14009726;17/09/2026 11:03:25;Mirko;Hernandez;;;;;;Mirko Hernandez;
14338296;17/09/2026 11:10:15;3;2;0001  215548-1;05;CAMIONETA VIE 1;2094882;"UG01    ";"UCCELI GABRIEL A.-SANITARIOS GABRIEL              ";SANTOS VEGA 8007;953967;"A1250          ";A1250 - COLUMNA DE DUCHA CROMO;1;1;1;23477361;170926020722113;184114506;;;;07/27/2031 00:00:00;1;14009849;17/09/2026 11:07:22;Mirko;Hernandez;;;;;;Mirko Hernandez;
14338296;17/09/2026 11:10:15;3;2;0001  215548-1;05;CAMIONETA VIE 1;2094882;"UG01    ";"UCCELI GABRIEL A.-SANITARIOS GABRIEL              ";SANTOS VEGA 8007;953334;"84-203         ";"DUCHA EXT C/COLUMNA Y TRANSF CR ADRA                                  ";1;1;1;23477361;170926020722113;184116217;;;;02/03/2032 00:00:00;1;14009849;17/09/2026 11:07:22;Mirko;Hernandez;;;;;;Mirko Hernandez;
14338296;17/09/2026 11:10:15;3;2;0001  215548-1;05;CAMIONETA VIE 1;2094882;"UG01    ";"UCCELI GABRIEL A.-SANITARIOS GABRIEL              ";SANTOS VEGA 8007;952933;"70-183         ";"BIDE MONOCOMANDO C/TRANSF MAT                                         ";1;1;1;23477361;170926020722113;184118885;;;;11/02/2031 00:00:00;1;14009849;17/09/2026 11:07:22;Mirko;Hernandez;;;;;;Mirko Hernandez;
14338296;17/09/2026 11:10:15;3;2;0001  215548-1;05;CAMIONETA VIE 1;2094882;"UG01    ";"UCCELI GABRIEL A.-SANITARIOS GABRIEL              ";SANTOS VEGA 8007;952916;"70-168N        ";70-168N - BIDE MONOC BLACK WAVE;1;1;1;23477361;170926020722113;184118129;;;;01/05/2032 00:00:00;1;14009849;17/09/2026 11:07:22;Mirko;Hernandez;;;;;;Mirko Hernandez;
14338296;17/09/2026 11:10:15;3;2;0001  215548-1;05;CAMIONETA VIE 1;2094882;"UG01    ";"UCCELI GABRIEL A.-SANITARIOS GABRIEL              ";SANTOS VEGA 8007;952661;"60-193         ";60-193 - LAVATORIO MONOCOMANDO BAJO MORA;1;1;1;23477361;170926020722113;184117104;;;;07/28/2031 00:00:00;1;14009849;17/09/2026 11:07:22;Mirko;Hernandez;;;;;;Mirko Hernandez;
14338296;17/09/2026 11:10:15;3;2;0001  215548-1;05;CAMIONETA VIE 1;2094882;"UG01    ";"UCCELI GABRIEL A.-SANITARIOS GABRIEL              ";SANTOS VEGA 8007;952655;"60-183         ";"LAVATORIO MONOCOMANDO BAJO MAT                                        ";1;1;1;23477361;170926020722113;184118643;;;;11/02/2031 00:00:00;1;14009849;17/09/2026 11:07:22;Mirko;Hernandez;;;;;;Mirko Hernandez;
14338296;17/09/2026 11:10:15;3;2;0001  215548-1;05;CAMIONETA VIE 1;2094882;"UG01    ";"UCCELI GABRIEL A.-SANITARIOS GABRIEL              ";SANTOS VEGA 8007;952638;"60-168N        ";60-168N - LAVATORIO MONOC BAJO BLACK WAVE;1;1;1;23477361;170926020722113;184113645;;;;07/27/2031 00:00:00;1;14009849;17/09/2026 11:07:22;Mirko;Hernandez;;;;;;Mirko Hernandez;
14338296;17/09/2026 11:10:15;3;2;0001  215548-1;05;CAMIONETA VIE 1;2094882;"UG01    ";"UCCELI GABRIEL A.-SANITARIOS GABRIEL              ";SANTOS VEGA 8007;951748;"3006           ";3006 - SET DE 6 PIEZAS LINEA 3000;3;3;3;23477361;170926020722113;184102350;;;;07/29/2031 00:00:00;3;14009849;17/09/2026 11:07:22;Mirko;Hernandez;;;;;;Mirko Hernandez;
14338297;17/09/2026 09:39:33;3;2;0008    2799-2;05;CAMIONETA VIE 1;2094666;"SS45    ";"SANITARIOS SAN MARTIN S.A.                        ";HUMBOLTD 7;957094;"PDU101         ";"PISO DUCHA RESINA POLIESTER BLANCA 900x700x25                         ";1;1;1;23451848;170926093933309;184108894;;;;03/01/2032 00:00:00;1;14006879;17/09/2026 09:39:33;Tiago;Rodriguez;24726978;16/09/2026 14:36:28;7839;Claudio;Juarez;Tiago Rodriguez;Claudio Juarez
14338297;17/09/2026 09:39:33;3;2;0008    2799-2;05;CAMIONETA VIE 1;2094666;"SS45    ";"SANITARIOS SAN MARTIN S.A.                        ";HUMBOLTD 7;957096;"PDU102         ";"PISO DUCHA RESINA POLIESTER BLANCA 1200x700x25                        ";3;3;3;23451848;170926093933309;184110350;;;;03/01/2032 00:00:00;3;14006879;17/09/2026 09:39:33;Tiago;Rodriguez;24726978;16/09/2026 14:36:28;7839;Claudio;Juarez;Tiago Rodriguez;Claudio Juarez
14338298;17/09/2026 10:31:46;3;2;0008    2887-2;05;CAMIONETA VIE 1;2092086;"DE24    ";"DECORMAT S.R.L.                                   ";AV. EVA PERON 8924;951156;"1330           ";"QUEINOX MACHO MOVIL MH 1/2"" x 30                                      ";100;100;100;23450724;170926103145304;184110625;;;;02/16/2032 00:00:00;50;14008540;17/09/2026 10:31:45;Maximiliano;Nievas;24725722;16/09/2026 14:53:37;7827;Javier;Machado;Maximiliano Nievas;Javier Machado
14338298;17/09/2026 10:31:46;3;2;0008    2887-2;05;CAMIONETA VIE 1;2092086;"DE24    ";"DECORMAT S.R.L.                                   ";AV. EVA PERON 8924;951156;"1330           ";"QUEINOX MACHO MOVIL MH 1/2"" x 30                                      ";100;100;100;23475204;170926103113929;184274365;;;;02/16/2032 00:00:00;50;14008585;17/09/2026 10:31:13;Maximiliano;Nievas;;;;;;Maximiliano Nievas;
14338299;17/09/2026 11:18:00;3;2;0001  215580-1;05;CAMIONETA VIE 1;2092031;"DB14    ";"DIMA BAÑOS & COCINAS S.R.L.                       ";AV. RIVADAVIA 14666;952765;"62-175DG       ";62-175DG - LAVATORIO DE PARED PULSE DARK GOLD C.CERAM;1;1;1;23452897;170926111800848;184117078;;;;07/31/2031 00:00:00;1;14010193;17/09/2026 11:18:00;Maximiliano;Nievas;24727888;16/09/2026 14:54:39;7636;Kevin;Arce;Maximiliano Nievas;Kevin Arce
14338300;17/09/2026 11:54:24;3;2;0001  215605-1;05;CAMIONETA VIE 1;2091589;"CE01    ";"CENCOSUD S.A.                                     ";BRANDSEN 3790;953156;"80-201NI       ";80-201NI - DUCHA EMB C/TRANSF C.CERAM BEAT NICKEL;1;1;1;23447799;170926115223497;184080264;;;;11/10/2031 00:00:00;1;14010897;17/09/2026 11:52:23;Maximiliano;Nievas;24723001;16/09/2026 13:33:04;7827;Javier;Machado;Maximiliano Nievas;Javier Machado
14338300;17/09/2026 11:54:24;3;2;0001  215605-1;05;CAMIONETA VIE 1;2091589;"CE01    ";"CENCOSUD S.A.                                     ";BRANDSEN 3790;953153;"80-200G        ";80-200G - DUCHA EMB. MONOC. 3 FUNCIONES GOLD FABRIC;1;1;1;23447799;170926115223497;184083217;;;;12/03/2031 00:00:00;1;14010897;17/09/2026 11:52:23;Maximiliano;Nievas;24723001;16/09/2026 13:33:04;7827;Javier;Machado;Maximiliano Nievas;Javier Machado
14338300;17/09/2026 11:54:24;3;2;0001  215605-1;05;CAMIONETA VIE 1;2091589;"CE01    ";"CENCOSUD S.A.                                     ";BRANDSEN 3790;952676;"60-201NI       ";60-201NI - LAVATORIO C.CERAM BEAT NICKEL;1;1;1;23447799;170926115223497;184080381;;;;08/20/2031 00:00:00;1;14010897;17/09/2026 11:52:23;Maximiliano;Nievas;24723001;16/09/2026 13:33:04;7827;Javier;Machado;Maximiliano Nievas;Javier Machado
14338300;17/09/2026 11:54:24;3;2;0001  215605-1;05;CAMIONETA VIE 1;2091589;"CE01    ";"CENCOSUD S.A.                                     ";BRANDSEN 3790;952724;"61-200G        ";61-200G - LAVATORIO MONOC ALTO GOLD FABRIC;1;1;1;23450193;170926115424020;184097375;;;;07/27/2031 00:00:00;1;14011165;17/09/2026 11:54:24;Maximiliano;Nievas;24725294;16/09/2026 14:08:47;7839;Claudio;Juarez;Maximiliano Nievas;Claudio Juarez
14338300;17/09/2026 11:54:24;3;2;0001  215605-1;05;CAMIONETA VIE 1;2091589;"CE01    ";"CENCOSUD S.A.                                     ";BRANDSEN 3790;951532;"20-147         ";20-147 - MONOCOMANDO DE COCINA SWIFT;8;8;8;23450193;170926115424020;184095840;;;;08/04/2031 00:00:00;3;14011165;17/09/2026 11:54:24;Maximiliano;Nievas;24725294;16/09/2026 14:08:47;7839;Claudio;Juarez;Maximiliano Nievas;Claudio Juarez
14338300;17/09/2026 11:54:24;3;2;0001  215605-1;05;CAMIONETA VIE 1;2091589;"CE01    ";"CENCOSUD S.A.                                     ";BRANDSEN 3790;951512;"20-122         ";"MONOCOMANDO COCINA CR C/PICO EXTRAIBLE VALENCIA                       ";1;1;1;23450193;170926115424020;184096885;;;;08/06/2031 00:00:00;1;14011165;17/09/2026 11:54:24;Maximiliano;Nievas;24725294;16/09/2026 14:08:47;7839;Claudio;Juarez;Maximiliano Nievas;Claudio Juarez
14338300;17/09/2026 11:54:24;3;2;0001  215605-1;05;CAMIONETA VIE 1;2091589;"CE01    ";"CENCOSUD S.A.                                     ";BRANDSEN 3790;953136;"80-190P        ";80-190P - DUCHA EMB. C/TRANSF. C.CERAM BLACK VELVET PLUS;3;3;3;23479383;170926114324333;184081215;;;;07/30/2031 00:00:00;3;14011023;17/09/2026 11:43:24;Maximiliano;Nievas;;;;;;Maximiliano Nievas;
14338300;17/09/2026 11:54:24;3;2;0001  215605-1;05;CAMIONETA VIE 1;2091589;"CE01    ";"CENCOSUD S.A.                                     ";BRANDSEN 3790;953071;"80-100G        ";80-100G - DUCHA EMB. C/TRANSF. GOLD C.CERAM FABRIC;6;6;6;23479455;170926114502800;184303773;;;;12/07/2031 00:00:00;3;14011060;17/09/2026 11:45:02;Maximiliano;Nievas;;;;;;Maximiliano Nievas;
14338300;17/09/2026 11:54:24;3;2;0001  215605-1;05;CAMIONETA VIE 1;2091589;"CE01    ";"CENCOSUD S.A.                                     ";BRANDSEN 3790;953108;"80-163         ";80-163 - DUCHA EMB. C/TRANSF. CR C.CERAM SENA;6;6;6;23479493;170926114540952;184303991;;;;09/09/2031 00:00:00;3;14011076;17/09/2026 11:45:40;Maximiliano;Nievas;;;;;;Maximiliano Nievas;
14338300;17/09/2026 11:54:24;3;2;0001  215605-1;05;CAMIONETA VIE 1;2091589;"CE01    ";"CENCOSUD S.A.                                     ";BRANDSEN 3790;953108;"80-163         ";80-163 - DUCHA EMB. C/TRANSF. CR C.CERAM SENA;6;6;6;23479546;170926114638571;184079760;;;;09/09/2031 00:00:00;3;14011106;17/09/2026 11:46:38;Maximiliano;Nievas;;;;;;Maximiliano Nievas;
14338300;17/09/2026 11:54:24;3;2;0001  215605-1;05;CAMIONETA VIE 1;2091589;"CE01    ";"CENCOSUD S.A.                                     ";BRANDSEN 3790;952786;"62-201NI       ";62-201NI - LAVATORIO DE PARED C.CERAM BEAT NICKEL;4;4;4;23479585;170926114736785;184080693;;;;11/02/2031 00:00:00;4;14011136;17/09/2026 11:47:36;Maximiliano;Nievas;;;;;;Maximiliano Nievas;
14338300;17/09/2026 11:54:24;3;2;0001  215605-1;05;CAMIONETA VIE 1;2091589;"CE01    ";"CENCOSUD S.A.                                     ";BRANDSEN 3790;952873;"70-100C        ";70-100C - BIDE CR C.CERAM FABRIC;5;5;5;23479585;170926114736785;184081624;;;;07/31/2031 00:00:00;5;14011136;17/09/2026 11:47:36;Maximiliano;Nievas;;;;;;Maximiliano Nievas;
14338300;17/09/2026 11:54:24;3;2;0001  215605-1;05;CAMIONETA VIE 1;2091589;"CE01    ";"CENCOSUD S.A.                                     ";BRANDSEN 3790;952953;"70-201NI       ";70-201NI - BIDE CR C.CERAM BEAT NICKEL;1;1;1;23479585;170926114736785;184080459;;;;07/29/2031 00:00:00;1;14011136;17/09/2026 11:47:36;Maximiliano;Nievas;;;;;;Maximiliano Nievas;
14338300;17/09/2026 11:54:24;3;2;0001  215605-1;05;CAMIONETA VIE 1;2091589;"CE01    ";"CENCOSUD S.A.                                     ";BRANDSEN 3790;953967;"A1250          ";A1250 - COLUMNA DE DUCHA CROMO;20;20;20;23479707;170926115003627;184098669;;;;07/27/2031 00:00:00;20;14011226;17/09/2026 11:50:03;Maximiliano;Nievas;;;;;;Maximiliano Nievas;
14338300;17/09/2026 11:54:24;3;2;0001  215605-1;05;CAMIONETA VIE 1;2091589;"CE01    ";"CENCOSUD S.A.                                     ";BRANDSEN 3790;953071;"80-100G        ";80-100G - DUCHA EMB. C/TRANSF. GOLD C.CERAM FABRIC;6;6;6;23479764;170926115103325;184082738;;;;12/07/2031 00:00:00;3;14011279;17/09/2026 11:51:03;Maximiliano;Nievas;;;;;;Maximiliano Nievas;
14338300;17/09/2026 11:54:24;3;2;0001  215605-1;05;CAMIONETA VIE 1;2091589;"CE01    ";"CENCOSUD S.A.                                     ";BRANDSEN 3790;952914;"70-163         ";70-163 - BIDE CR C.CERAM SENA;10;10;10;23479804;170926115155085;184079227;;;;07/27/2031 00:00:00;10;14011316;17/09/2026 11:51:55;Maximiliano;Nievas;;;;;;Maximiliano Nievas;
14338300;17/09/2026 11:54:24;3;2;0001  215605-1;05;CAMIONETA VIE 1;2091589;"CE01    ";"CENCOSUD S.A.                                     ";BRANDSEN 3790;951532;"20-147         ";20-147 - MONOCOMANDO DE COCINA SWIFT;8;8;8;23479899;170926115347519;184307036;;;;08/04/2031 00:00:00;5;14011377;17/09/2026 11:53:47;Maximiliano;Nievas;;;;;;Maximiliano Nievas;
14338301;17/09/2026 08:55:58;3;2;0001  215699-1;05;CAMIONETA VIE 1;2094882;"UG01    ";"UCCELI GABRIEL A.-SANITARIOS GABRIEL              ";SANTOS VEGA 8007;951260;"16010          ";16010 - TOALLERO BARRAL LINEA 16000;1;1;1;23465077;170926085557310;184209950;;;;07/31/2031 00:00:00;1;14005604;17/09/2026 08:55:57;Maximiliano;Nievas;24739654;17/09/2026 06:47:40;7839;Claudio;Juarez;Maximiliano Nievas;Claudio Juarez
14338301;17/09/2026 08:55:58;3;2;0001  215699-1;05;CAMIONETA VIE 1;2094882;"UG01    ";"UCCELI GABRIEL A.-SANITARIOS GABRIEL              ";SANTOS VEGA 8007;951261;"16010BL        ";16010BL - TOALLERO BARRAL LINEA 16000 BLACK;2;2;2;23465077;170926085557310;184209652;;;;07/29/2031 00:00:00;2;14005604;17/09/2026 08:55:57;Maximiliano;Nievas;24739654;17/09/2026 06:47:40;7839;Claudio;Juarez;Maximiliano Nievas;Claudio Juarez
14338301;17/09/2026 08:55:58;3;2;0001  215699-1;05;CAMIONETA VIE 1;2094882;"UG01    ";"UCCELI GABRIEL A.-SANITARIOS GABRIEL              ";SANTOS VEGA 8007;951262;"16030          ";16030 - PERCHA LINEA 16000;2;2;2;23465077;170926085557310;184209760;;;;12/28/2031 00:00:00;2;14005604;17/09/2026 08:55:57;Maximiliano;Nievas;24739654;17/09/2026 06:47:40;7839;Claudio;Juarez;Maximiliano Nievas;Claudio Juarez
14338301;17/09/2026 08:55:58;3;2;0001  215699-1;05;CAMIONETA VIE 1;2094882;"UG01    ";"UCCELI GABRIEL A.-SANITARIOS GABRIEL              ";SANTOS VEGA 8007;951263;"16030BL        ";16030BL - PERCHA LINEA 16000 BLACK;5;5;5;23465077;170926085557310;184209983;;;;07/28/2031 00:00:00;5;14005604;17/09/2026 08:55:57;Maximiliano;Nievas;24739654;17/09/2026 06:47:40;7839;Claudio;Juarez;Maximiliano Nievas;Claudio Juarez
14338301;17/09/2026 08:55:58;3;2;0001  215699-1;05;CAMIONETA VIE 1;2094882;"UG01    ";"UCCELI GABRIEL A.-SANITARIOS GABRIEL              ";SANTOS VEGA 8007;951264;"16040          ";16040 - PORTA ROLLO ACCESORIOS LINEA 16000;1;1;1;23465077;170926085557310;184209523;;;;07/27/2031 00:00:00;1;14005604;17/09/2026 08:55:57;Maximiliano;Nievas;24739654;17/09/2026 06:47:40;7839;Claudio;Juarez;Maximiliano Nievas;Claudio Juarez
14338301;17/09/2026 08:55:58;3;2;0001  215699-1;05;CAMIONETA VIE 1;2094882;"UG01    ";"UCCELI GABRIEL A.-SANITARIOS GABRIEL              ";SANTOS VEGA 8007;951265;"16040BL        ";16040BL - PORTA ROLLO ACCESORIOS LINEA 16000 BLACK;1;1;1;23465077;170926085557310;184209794;;;;07/31/2031 00:00:00;1;14005604;17/09/2026 08:55:57;Maximiliano;Nievas;24739654;17/09/2026 06:47:40;7839;Claudio;Juarez;Maximiliano Nievas;Claudio Juarez
14338301;17/09/2026 08:55:58;3;2;0001  215699-1;05;CAMIONETA VIE 1;2094882;"UG01    ";"UCCELI GABRIEL A.-SANITARIOS GABRIEL              ";SANTOS VEGA 8007;951266;"16050          ";16050 - JABONERA ACCESORIOS LINEA 16000;1;1;1;23465077;170926085557310;184209568;;;;07/31/2031 00:00:00;1;14005604;17/09/2026 08:55:57;Maximiliano;Nievas;24739654;17/09/2026 06:47:40;7839;Claudio;Juarez;Maximiliano Nievas;Claudio Juarez
14338301;17/09/2026 08:55:58;3;2;0001  215699-1;05;CAMIONETA VIE 1;2094882;"UG01    ";"UCCELI GABRIEL A.-SANITARIOS GABRIEL              ";SANTOS VEGA 8007;951267;"16050BL        ";16050BL - JABONERA ACCESORIOS LINEA 16000 BLACK;1;1;1;23465077;170926085557310;184209707;;;;07/31/2031 00:00:00;1;14005604;17/09/2026 08:55:57;Maximiliano;Nievas;24739654;17/09/2026 06:47:40;7839;Claudio;Juarez;Maximiliano Nievas;Claudio Juarez
14338302;17/09/2026 10:45:21;3;2;0001  215711-1;05;CAMIONETA VIE 1;2094514;"SJ21    ";"SANITARIOS JULICAM SRL                            ";AV. PRESIDENTE PERON 6763;1007844;"20-122S        ";"MONOCOMANDO COCINA INOX C/PICO EXTRAIBLE VALENCIA                     ";6;6;6;23454625;170926104520130;184139941;;;;01/06/2032 00:00:00;6;14008713;17/09/2026 10:45:20;Maximiliano;Nievas;24728779;16/09/2026 15:40:04;7839;Claudio;Juarez;Maximiliano Nievas;Claudio Juarez
14338303;17/09/2026 11:30:13;3;2;0001  215715-1;05;CAMIONETA VIE 1;2094094;"RC25    ";"RAMIREZ CHRISTIAN J.G.-SANIMAR                    ";SANTA ROSA 1002;952860;"70-057         ";70-057 - BIDE C.STD VERIN PLUS;6;6;6;23447340;170926113013344;184082329;;;;01/31/2032 00:00:00;3;14010494;17/09/2026 11:30:13;Maximiliano;Nievas;24722602;16/09/2026 13:55:10;7839;Claudio;Juarez;Maximiliano Nievas;Claudio Juarez
14338303;17/09/2026 11:30:13;3;2;0001  215715-1;05;CAMIONETA VIE 1;2094094;"RC25    ";"RAMIREZ CHRISTIAN J.G.-SANIMAR                    ";SANTA ROSA 1002;953148;"80-199         ";80-199 - DUCHA EMB. C/TRANSF. CR C.CERAM LIVE;2;2;2;23447340;170926113013344;184083642;;;;01/20/2032 00:00:00;2;14010494;17/09/2026 11:30:13;Maximiliano;Nievas;24722602;16/09/2026 13:55:10;7839;Claudio;Juarez;Maximiliano Nievas;Claudio Juarez
14338303;17/09/2026 11:30:13;3;2;0001  215715-1;05;CAMIONETA VIE 1;2094094;"RC25    ";"RAMIREZ CHRISTIAN J.G.-SANIMAR                    ";SANTA ROSA 1002;951530;"20-146         ";20-146 - MONOCOMANDO DE COCINA CR LINEA MOVE;6;6;6;23464602;170926112440638;184207180;;;;11/23/2031 00:00:00;6;14010211;17/09/2026 11:24:40;Maximiliano;Nievas;24739155;17/09/2026 06:39:46;7827;Javier;Machado;Maximiliano Nievas;Javier Machado
14338303;17/09/2026 11:30:13;3;2;0001  215715-1;05;CAMIONETA VIE 1;2094094;"RC25    ";"RAMIREZ CHRISTIAN J.G.-SANIMAR                    ";SANTA ROSA 1002;952618;"60-133         ";60-133 - LAVATORIO MONOCOMANDO LUGO;4;4;4;23478091;170926111909310;184208572;;;;07/29/2031 00:00:00;4;14010241;17/09/2026 11:19:09;Maximiliano;Nievas;;;;;;Maximiliano Nievas;
14338303;17/09/2026 11:30:13;3;2;0001  215715-1;05;CAMIONETA VIE 1;2094094;"RC25    ";"RAMIREZ CHRISTIAN J.G.-SANIMAR                    ";SANTA ROSA 1002;951523;"20-134         ";20-134 - MONOCOMANDO COCINA BETIS;3;3;3;23478091;170926111909310;184209375;;;;08/11/2031 00:00:00;3;14010241;17/09/2026 11:19:09;Maximiliano;Nievas;;;;;;Maximiliano Nievas;
14338303;17/09/2026 11:30:13;3;2;0001  215715-1;05;CAMIONETA VIE 1;2094094;"RC25    ";"RAMIREZ CHRISTIAN J.G.-SANIMAR                    ";SANTA ROSA 1002;950978;"10006CR        ";"SET DE 6 PIEZAS LINEA 10000 MINIMALISTA                               ";2;2;2;23478091;170926111909310;184208271;;;;07/28/2031 00:00:00;2;14010241;17/09/2026 11:19:09;Maximiliano;Nievas;;;;;;Maximiliano Nievas;
14338303;17/09/2026 11:30:13;3;2;0001  215715-1;05;CAMIONETA VIE 1;2094094;"RC25    ";"RAMIREZ CHRISTIAN J.G.-SANIMAR                    ";SANTA ROSA 1002;951508;"20-121         ";20-121 - COCINA MSDA MONOC.P. REDONDO MARBELLA;2;2;2;23478197;170926112053556;184206731;;;;07/30/2031 00:00:00;2;14010301;17/09/2026 11:20:53;Maximiliano;Nievas;;;;;;Maximiliano Nievas;
14338303;17/09/2026 11:30:13;3;2;0001  215715-1;05;CAMIONETA VIE 1;2094094;"RC25    ";"RAMIREZ CHRISTIAN J.G.-SANIMAR                    ";SANTA ROSA 1002;951532;"20-147         ";20-147 - MONOCOMANDO DE COCINA SWIFT;2;2;2;23478197;170926112053556;184206779;;;;08/04/2031 00:00:00;2;14010301;17/09/2026 11:20:53;Maximiliano;Nievas;;;;;;Maximiliano Nievas;
14338303;17/09/2026 11:30:13;3;2;0001  215715-1;05;CAMIONETA VIE 1;2094094;"RC25    ";"RAMIREZ CHRISTIAN J.G.-SANIMAR                    ";SANTA ROSA 1002;951565;"20-205         ";20-205 - MONOCOMANDO DE COCINA STEEL;2;2;2;23478197;170926112053556;184206886;;;;07/28/2031 00:00:00;2;14010301;17/09/2026 11:20:53;Maximiliano;Nievas;;;;;;Maximiliano Nievas;
14338303;17/09/2026 11:30:13;3;2;0001  215715-1;05;CAMIONETA VIE 1;2094094;"RC25    ";"RAMIREZ CHRISTIAN J.G.-SANIMAR                    ";SANTA ROSA 1002;952721;"61-193         ";61-193 - LAVATORIO MONOCOMANDO ALTO MORA;1;1;1;23478197;170926112053556;184208163;;;;07/27/2031 00:00:00;1;14010301;17/09/2026 11:20:53;Maximiliano;Nievas;;;;;;Maximiliano Nievas;
14338303;17/09/2026 11:30:13;3;2;0001  215715-1;05;CAMIONETA VIE 1;2094094;"RC25    ";"RAMIREZ CHRISTIAN J.G.-SANIMAR                    ";SANTA ROSA 1002;952661;"60-193         ";60-193 - LAVATORIO MONOCOMANDO BAJO MORA;1;1;1;23478217;170926112122069;184208122;;;;07/28/2031 00:00:00;1;14010316;17/09/2026 11:21:22;Maximiliano;Nievas;;;;;;Maximiliano Nievas;
14338303;17/09/2026 11:30:13;3;2;0001  215715-1;05;CAMIONETA VIE 1;2094094;"RC25    ";"RAMIREZ CHRISTIAN J.G.-SANIMAR                    ";SANTA ROSA 1002;951535;"20-160         ";20-160 - MONOCOMANDO MESADA COCINA DIQUE;4;4;4;23478217;170926112122069;184207918;;;;07/28/2031 00:00:00;4;14010316;17/09/2026 11:21:22;Maximiliano;Nievas;;;;;;Maximiliano Nievas;
14338303;17/09/2026 11:30:13;3;2;0001  215715-1;05;CAMIONETA VIE 1;2094094;"RC25    ";"RAMIREZ CHRISTIAN J.G.-SANIMAR                    ";SANTA ROSA 1002;952582;"60-057         ";60-057 - LAVATORIO C.STD VERIN PLUS;6;6;6;23478593;170926112816807;184081492;;;;01/31/2032 00:00:00;6;14010564;17/09/2026 11:28:16;Maximiliano;Nievas;;;;;;Maximiliano Nievas;
14338303;17/09/2026 11:30:13;3;2;0001  215715-1;05;CAMIONETA VIE 1;2094094;"RC25    ";"RAMIREZ CHRISTIAN J.G.-SANIMAR                    ";SANTA ROSA 1002;952634;"60-162         ";60-162 - LAVATORIO CR C.CERAM LINEA ADRA;6;6;6;23478593;170926112816807;184079962;;;;07/29/2031 00:00:00;6;14010564;17/09/2026 11:28:16;Maximiliano;Nievas;;;;;;Maximiliano Nievas;
14338303;17/09/2026 11:30:13;3;2;0001  215715-1;05;CAMIONETA VIE 1;2094094;"RC25    ";"RAMIREZ CHRISTIAN J.G.-SANIMAR                    ";SANTA ROSA 1002;952860;"70-057         ";70-057 - BIDE C.STD VERIN PLUS;6;6;6;23478593;170926112816807;184297006;;;;01/31/2032 00:00:00;3;14010564;17/09/2026 11:28:16;Maximiliano;Nievas;;;;;;Maximiliano Nievas;
14338303;17/09/2026 11:30:13;3;2;0001  215715-1;05;CAMIONETA VIE 1;2094094;"RC25    ";"RAMIREZ CHRISTIAN J.G.-SANIMAR                    ";SANTA ROSA 1002;952912;"70-162         ";70-162 - BIDE CR C.CERAM LINEA ADRA;5;5;5;23478593;170926112816807;184080985;;;;07/29/2031 00:00:00;5;14010564;17/09/2026 11:28:16;Maximiliano;Nievas;;;;;;Maximiliano Nievas;
14338304;17/09/2026 10:35:07;3;2;0001  215736-1;05;CAMIONETA VIE 1;2091359;"BN07    ";"BIANCO NICOLAS A. -CASA BIANCO                    ";POTOSI 3258;952647;"60-176         ";"LAVATORIO MONOCOMANDO BAJO CR RIO                                     ";6;6;6;23454626;170926103505882;184138699;;;;10/11/2031 00:00:00;6;14008693;17/09/2026 10:35:05;Maximiliano;Nievas;24728779;16/09/2026 15:40:04;7839;Claudio;Juarez;Maximiliano Nievas;Claudio Juarez
14338305;17/09/2026 08:06:01;3;2;0001  215784-1;05;CAMIONETA VIE 1;2091095;"AL24    ";"ALVARENGA VILLAR LUIS F.                          ";JOAQUIN V GONZALEZ 1175;952831;"70-010         ";70-010 - BIDE BL/CR LORCA;1;1;1;23452822;170926080600521;184115959;;;;12/08/2031 00:00:00;1;14004348;17/09/2026 08:06:00;Maximiliano;Nievas;24727796;16/09/2026 14:54:54;7839;Claudio;Juarez;Maximiliano Nievas;Claudio Juarez
14338305;17/09/2026 08:06:01;3;2;0001  215784-1;05;CAMIONETA VIE 1;2091095;"AL24    ";"ALVARENGA VILLAR LUIS F.                          ";JOAQUIN V GONZALEZ 1175;953028;"80-010         ";80-010 - DUCHA EMB. C/TRANSF. BL/CR LORCA;5;5;5;23452822;170926080600521;184116404;;;;10/12/2031 00:00:00;5;14004348;17/09/2026 08:06:00;Maximiliano;Nievas;24727796;16/09/2026 14:54:54;7839;Claudio;Juarez;Maximiliano Nievas;Claudio Juarez
14338305;17/09/2026 08:06:01;3;2;0001  215784-1;05;CAMIONETA VIE 1;2091095;"AL24    ";"ALVARENGA VILLAR LUIS F.                          ";JOAQUIN V GONZALEZ 1175;952426;"51-010         ";51-010 - COCINA MESADA BL/CR LORCA;3;3;3;23452822;170926080600521;184115717;;;;01/14/2032 00:00:00;3;14004348;17/09/2026 08:06:00;Maximiliano;Nievas;24727796;16/09/2026 14:54:54;7839;Claudio;Juarez;Maximiliano Nievas;Claudio Juarez
14338305;17/09/2026 08:06:01;3;2;0001  215784-1;05;CAMIONETA VIE 1;2091095;"AL24    ";"ALVARENGA VILLAR LUIS F.                          ";JOAQUIN V GONZALEZ 1175;952551;"60-010         ";60-010 - LAVATORIO BL/CR LORCA;1;1;1;23452822;170926080600521;184116112;;;;01/14/2032 00:00:00;1;14004348;17/09/2026 08:06:00;Maximiliano;Nievas;24727796;16/09/2026 14:54:54;7839;Claudio;Juarez;Maximiliano Nievas;Claudio Juarez
14338305;17/09/2026 08:06:01;3;2;0001  215784-1;05;CAMIONETA VIE 1;2091095;"AL24    ";"ALVARENGA VILLAR LUIS F.                          ";JOAQUIN V GONZALEZ 1175;951535;"20-160         ";20-160 - MONOCOMANDO MESADA COCINA DIQUE;8;8;8;23465078;170926080538294;184209221;;;;07/28/2031 00:00:00;8;14004338;17/09/2026 08:05:38;Maximiliano;Nievas;24739654;17/09/2026 06:47:40;7839;Claudio;Juarez;Maximiliano Nievas;Claudio Juarez
14338306;17/09/2026 11:01:15;3;2;0001  215785-1;05;CAMIONETA VIE 1;2091095;"AL24    ";"ALVARENGA VILLAR LUIS F.                          ";JOAQUIN V GONZALEZ 1175;952726;"61-203         ";61-203 - LAVATORIO MONOCOMANDO ALTO ADRA;12;12;12;23447341;170926020115297;184087907;;;;02/22/2032 00:00:00;4;14009619;17/09/2026 11:01:15;Mirko;Hernandez;24722602;16/09/2026 13:55:10;7839;Claudio;Juarez;Mirko Hernandez;Claudio Juarez
14338306;17/09/2026 11:01:15;3;2;0001  215785-1;05;CAMIONETA VIE 1;2091095;"AL24    ";"ALVARENGA VILLAR LUIS F.                          ";JOAQUIN V GONZALEZ 1175;952925;"70-176         ";70-176 - BIDE MONOC C/TRANSF CR RIO;6;6;6;23454627;170926015938404;184139369;;;;12/14/2031 00:00:00;6;14009594;17/09/2026 10:59:38;Mirko;Hernandez;24728779;16/09/2026 15:40:04;7839;Claudio;Juarez;Mirko Hernandez;Claudio Juarez
14338306;17/09/2026 11:01:15;3;2;0001  215785-1;05;CAMIONETA VIE 1;2091095;"AL24    ";"ALVARENGA VILLAR LUIS F.                          ";JOAQUIN V GONZALEZ 1175;952726;"61-203         ";61-203 - LAVATORIO MONOCOMANDO ALTO ADRA;12;12;12;23476939;170926020012171;184285343;;;;02/22/2032 00:00:00;4;14009624;17/09/2026 11:00:12;Mirko;Hernandez;;;;;;Mirko Hernandez;
14338306;17/09/2026 11:01:15;3;2;0001  215785-1;05;CAMIONETA VIE 1;2091095;"AL24    ";"ALVARENGA VILLAR LUIS F.                          ";JOAQUIN V GONZALEZ 1175;952726;"61-203         ";61-203 - LAVATORIO MONOCOMANDO ALTO ADRA;12;12;12;23476958;170926020041604;184285514;;;;02/22/2032 00:00:00;4;14009634;17/09/2026 11:00:41;Mirko;Hernandez;;;;;;Mirko Hernandez;
14338307;17/09/2026 09:58:20;3;2;0001  215819-1;05;CAMIONETA VIE 1;2094882;"UG01    ";"UCCELI GABRIEL A.-SANITARIOS GABRIEL              ";SANTOS VEGA 8007;951748;"3006           ";3006 - SET DE 6 PIEZAS LINEA 3000;1;1;1;23456092;170926095819301;184148446;;;;07/29/2031 00:00:00;1;14007473;17/09/2026 09:58:19;Tiago;Rodriguez;24731316;16/09/2026 15:57:57;7839;Claudio;Juarez;Tiago Rodriguez;Claudio Juarez
14338307;17/09/2026 09:58:20;3;2;0001  215819-1;05;CAMIONETA VIE 1;2094882;"UG01    ";"UCCELI GABRIEL A.-SANITARIOS GABRIEL              ";SANTOS VEGA 8007;952712;"61-176         ";61-176 - LAVATORIO MONOC ALTO CR RIO;1;1;1;23456092;170926095819301;184147837;;;;10/11/2031 00:00:00;1;14007473;17/09/2026 09:58:19;Tiago;Rodriguez;24731316;16/09/2026 15:57:57;7839;Claudio;Juarez;Tiago Rodriguez;Claudio Juarez
14338307;17/09/2026 09:58:20;3;2;0001  215819-1;05;CAMIONETA VIE 1;2094882;"UG01    ";"UCCELI GABRIEL A.-SANITARIOS GABRIEL              ";SANTOS VEGA 8007;954901;"BCH01          ";BCH01 - BACHA DE APOYAR CIRCULAR 320x145;1;1;1;23464684;170926095610784;184206926;;;;07/28/2031 00:00:00;1;14007358;17/09/2026 09:56:10;Tiago;Rodriguez;24739244;17/09/2026 06:12:49;7839;Claudio;Juarez;Tiago Rodriguez;Claudio Juarez
14338307;17/09/2026 09:58:20;3;2;0001  215819-1;05;CAMIONETA VIE 1;2094882;"UG01    ";"UCCELI GABRIEL A.-SANITARIOS GABRIEL              ";SANTOS VEGA 8007;954921;"BCH18          ";BCH18 - BACHA DE APOYAR SIMIL MARMOL 460x320x140;10;10;10;23464684;170926095610784;184207044;;;;10/04/2031 00:00:00;10;14007358;17/09/2026 09:56:10;Tiago;Rodriguez;24739244;17/09/2026 06:12:49;7839;Claudio;Juarez;Tiago Rodriguez;Claudio Juarez
14338308;17/09/2026 11:16:50;3;2;0001  215820-1;05;CAMIONETA VIE 1;2094882;"UG01    ";"UCCELI GABRIEL A.-SANITARIOS GABRIEL              ";SANTOS VEGA 8007;952582;"60-057         ";60-057 - LAVATORIO C.STD VERIN PLUS;2;2;2;23447342;170926111650382;184081618;;;;01/31/2032 00:00:00;2;14010127;17/09/2026 11:16:50;Maximiliano;Nievas;24722602;16/09/2026 13:55:10;7839;Claudio;Juarez;Maximiliano Nievas;Claudio Juarez
14338308;17/09/2026 11:16:50;3;2;0001  215820-1;05;CAMIONETA VIE 1;2094882;"UG01    ";"UCCELI GABRIEL A.-SANITARIOS GABRIEL              ";SANTOS VEGA 8007;952610;"60-122         ";60-122 - LAVATORIO C.CERAM CR VALENCIA;1;1;1;23447342;170926111650382;184089523;;;;12/10/2031 00:00:00;1;14010127;17/09/2026 11:16:50;Maximiliano;Nievas;24722602;16/09/2026 13:55:10;7839;Claudio;Juarez;Maximiliano Nievas;Claudio Juarez
14338308;17/09/2026 11:16:50;3;2;0001  215820-1;05;CAMIONETA VIE 1;2094882;"UG01    ";"UCCELI GABRIEL A.-SANITARIOS GABRIEL              ";SANTOS VEGA 8007;952634;"60-162         ";60-162 - LAVATORIO CR C.CERAM LINEA ADRA;1;1;1;23447342;170926111650382;184080107;;;;07/29/2031 00:00:00;1;14010127;17/09/2026 11:16:50;Maximiliano;Nievas;24722602;16/09/2026 13:55:10;7839;Claudio;Juarez;Maximiliano Nievas;Claudio Juarez
14338308;17/09/2026 11:16:50;3;2;0001  215820-1;05;CAMIONETA VIE 1;2094882;"UG01    ";"UCCELI GABRIEL A.-SANITARIOS GABRIEL              ";SANTOS VEGA 8007;952860;"70-057         ";70-057 - BIDE C.STD VERIN PLUS;2;2;2;23447342;170926111650382;184082451;;;;01/31/2032 00:00:00;2;14010127;17/09/2026 11:16:50;Maximiliano;Nievas;24722602;16/09/2026 13:55:10;7839;Claudio;Juarez;Maximiliano Nievas;Claudio Juarez
14338308;17/09/2026 11:16:50;3;2;0001  215820-1;05;CAMIONETA VIE 1;2094882;"UG01    ";"UCCELI GABRIEL A.-SANITARIOS GABRIEL              ";SANTOS VEGA 8007;952888;"70-122         ";70-122 - BIDE C.CERAM CR VALENCIA;1;1;1;23447342;170926111650382;184089466;;;;10/26/2031 00:00:00;1;14010127;17/09/2026 11:16:50;Maximiliano;Nievas;24722602;16/09/2026 13:55:10;7839;Claudio;Juarez;Maximiliano Nievas;Claudio Juarez
14338308;17/09/2026 11:16:50;3;2;0001  215820-1;05;CAMIONETA VIE 1;2094882;"UG01    ";"UCCELI GABRIEL A.-SANITARIOS GABRIEL              ";SANTOS VEGA 8007;952912;"70-162         ";70-162 - BIDE CR C.CERAM LINEA ADRA;1;1;1;23447342;170926111650382;184081087;;;;07/29/2031 00:00:00;1;14010127;17/09/2026 11:16:50;Maximiliano;Nievas;24722602;16/09/2026 13:55:10;7839;Claudio;Juarez;Maximiliano Nievas;Claudio Juarez
14338308;17/09/2026 11:16:50;3;2;0001  215820-1;05;CAMIONETA VIE 1;2094882;"UG01    ";"UCCELI GABRIEL A.-SANITARIOS GABRIEL              ";SANTOS VEGA 8007;953059;"80-057         ";80-057 - DUCHA EMB. C/TRANSF. C.STD VERIN PLUS;1;1;1;23447342;170926111650382;184082654;;;;02/08/2032 00:00:00;1;14010127;17/09/2026 11:16:50;Maximiliano;Nievas;24722602;16/09/2026 13:55:10;7839;Claudio;Juarez;Maximiliano Nievas;Claudio Juarez
14338308;17/09/2026 11:16:50;3;2;0001  215820-1;05;CAMIONETA VIE 1;2094882;"UG01    ";"UCCELI GABRIEL A.-SANITARIOS GABRIEL              ";SANTOS VEGA 8007;953122;"80-176         ";80-176 - DUCHA EMB C/TRANSF MONOC CR RIO;1;1;1;23456093;170926111352765;184148071;;;;07/29/2031 00:00:00;1;14010054;17/09/2026 11:13:52;Maximiliano;Nievas;24731316;16/09/2026 15:57:57;7839;Claudio;Juarez;Maximiliano Nievas;Claudio Juarez
14338309;17/09/2026 10:47:10;3;2;0001  215825-1;05;CAMIONETA VIE 1;2231955;"AX01    ";"SANITARIOS AXANTRA S.R.L.                         ";AV SAN MARTIN 3261;951651;"22006          ";"SET DE 6 PIEZAS LINEA 22000                                           ";3;3;3;23454628;170926104708627;184134965;;;;09/01/2031 00:00:00;3;14009164;17/09/2026 10:47:08;Maximiliano;Nievas;24728779;16/09/2026 15:40:04;7839;Claudio;Juarez;Maximiliano Nievas;Claudio Juarez
14339614;16/09/2026 13:34:54;3;2;0001  213117-1;10;URGENTES;2440749;"TR24    ";"TRAMEX SAS                                        ";CALLE 7 ENTRE 1 Y 3 272;952647;"60-176         ";"LAVATORIO MONOCOMANDO BAJO CR RIO                                     ";3;3;3;23435546;160926104109506;184005231;;;;10/11/2031 00:00:00;3;13987703;16/09/2026 10:41:09;Maximiliano;Nievas;24711137;16/09/2026 10:01:44;7152;Mirko;Hernandez;Maximiliano Nievas;Mirko Hernandez
14339614;16/09/2026 13:34:54;3;2;0001  213117-1;10;URGENTES;2440749;"TR24    ";"TRAMEX SAS                                        ";CALLE 7 ENTRE 1 Y 3 272;951553;"20-184         ";"MONOCOMANDO DE COCINA CR SUV                                          ";3;3;3;23435546;160926104109506;183995781;;;;10/04/2031 00:00:00;3;13987703;16/09/2026 10:41:09;Maximiliano;Nievas;24711137;16/09/2026 10:01:44;7152;Mirko;Hernandez;Maximiliano Nievas;Mirko Hernandez
14339614;16/09/2026 13:34:54;3;2;0001  213117-1;10;URGENTES;2440749;"TR24    ";"TRAMEX SAS                                        ";CALLE 7 ENTRE 1 Y 3 272;951535;"20-160         ";20-160 - MONOCOMANDO MESADA COCINA DIQUE;3;3;3;23435546;160926104109506;183992931;;;;07/28/2031 00:00:00;3;13987703;16/09/2026 10:41:09;Maximiliano;Nievas;24711137;16/09/2026 10:01:44;7152;Mirko;Hernandez;Maximiliano Nievas;Mirko Hernandez
14339614;16/09/2026 13:34:54;3;2;0001  213117-1;10;URGENTES;2440749;"TR24    ";"TRAMEX SAS                                        ";CALLE 7 ENTRE 1 Y 3 272;952577;"60-045         ";60-045 - LAVATORIO CR/CR C.STD CRUZ;1;1;1;23437779;160926133431432;184008984;;;;01/24/2032 00:00:00;1;13993105;16/09/2026 13:34:31;Maximiliano;Nievas;24713304;16/09/2026 10:13:17;7152;Mirko;Hernandez;Maximiliano Nievas;Mirko Hernandez
14339614;16/09/2026 13:34:54;3;2;0001  213117-1;10;URGENTES;2440749;"TR24    ";"TRAMEX SAS                                        ";CALLE 7 ENTRE 1 Y 3 272;953109;"80-166         ";"DUCHA EMB. C/TRANSF. CR C.CERAM ADRA PLUS                             ";3;3;3;23437779;160926133431432;184007138;;;;01/19/2032 00:00:00;3;13993105;16/09/2026 13:34:31;Maximiliano;Nievas;24713304;16/09/2026 10:13:17;7152;Mirko;Hernandez;Maximiliano Nievas;Mirko Hernandez
14339614;16/09/2026 13:34:54;3;2;0001  213117-1;10;URGENTES;2440749;"TR24    ";"TRAMEX SAS                                        ";CALLE 7 ENTRE 1 Y 3 272;952856;"70-045         ";70-045 - BIDE CROMO C.STD CRUZ;1;1;1;23437779;160926133431432;184009249;;;;02/01/2032 00:00:00;1;13993105;16/09/2026 13:34:31;Maximiliano;Nievas;24713304;16/09/2026 10:13:17;7152;Mirko;Hernandez;Maximiliano Nievas;Mirko Hernandez
14339614;16/09/2026 13:34:54;3;2;0001  213117-1;10;URGENTES;2440749;"TR24    ";"TRAMEX SAS                                        ";CALLE 7 ENTRE 1 Y 3 272;952618;"60-133         ";60-133 - LAVATORIO MONOCOMANDO LUGO;3;3;3;23439617;160926103542060;183992542;;;;07/29/2031 00:00:00;3;13987721;16/09/2026 10:35:42;Maximiliano;Nievas;;;;;;Maximiliano Nievas;
14339614;16/09/2026 13:34:54;3;2;0001  213117-1;10;URGENTES;2440749;"TR24    ";"TRAMEX SAS                                        ";CALLE 7 ENTRE 1 Y 3 272;952896;"70-133         ";70-133 - BIDE MONOCOMANDO LUGO;3;3;3;23439617;160926103542060;183994663;;;;07/27/2031 00:00:00;3;13987721;16/09/2026 10:35:42;Maximiliano;Nievas;;;;;;Maximiliano Nievas;
14339614;16/09/2026 13:34:54;3;2;0001  213117-1;10;URGENTES;2440749;"TR24    ";"TRAMEX SAS                                        ";CALLE 7 ENTRE 1 Y 3 272;952925;"70-176         ";70-176 - BIDE MONOC C/TRANSF CR RIO;3;3;3;23439617;160926103542060;183994991;;;;12/14/2031 00:00:00;3;13987721;16/09/2026 10:35:42;Maximiliano;Nievas;;;;;;Maximiliano Nievas;
14339614;16/09/2026 13:34:54;3;2;0001  213117-1;10;URGENTES;2440749;"TR24    ";"TRAMEX SAS                                        ";CALLE 7 ENTRE 1 Y 3 272;952712;"61-176         ";61-176 - LAVATORIO MONOC ALTO CR RIO;3;3;3;23439704;160926103716515;183995273;;;;10/11/2031 00:00:00;3;13987777;16/09/2026 10:37:16;Maximiliano;Nievas;;;;;;Maximiliano Nievas;
14339614;16/09/2026 13:34:54;3;2;0001  213117-1;10;URGENTES;2440749;"TR24    ";"TRAMEX SAS                                        ";CALLE 7 ENTRE 1 Y 3 272;951532;"20-147         ";20-147 - MONOCOMANDO DE COCINA SWIFT;3;3;3;23439704;160926103716515;183994853;;;;08/04/2031 00:00:00;3;13987777;16/09/2026 10:37:16;Maximiliano;Nievas;;;;;;Maximiliano Nievas;
14339614;16/09/2026 13:34:54;3;2;0001  213117-1;10;URGENTES;2440749;"TR24    ";"TRAMEX SAS                                        ";CALLE 7 ENTRE 1 Y 3 272;953316;"83-176         ";83-176 - DUCHA EXT. C/TRANSF. MONOC CR RIO;2;2;2;23439754;160926103817044;183995509;;;;07/28/2031 00:00:00;2;13987811;16/09/2026 10:38:17;Maximiliano;Nievas;;;;;;Maximiliano Nievas;
14339614;16/09/2026 13:34:54;3;2;0001  213117-1;10;URGENTES;2440749;"TR24    ";"TRAMEX SAS                                        ";CALLE 7 ENTRE 1 Y 3 272;953122;"80-176         ";80-176 - DUCHA EMB C/TRANSF MONOC CR RIO;1;1;1;23439754;160926103817044;183995410;;;;07/29/2031 00:00:00;1;13987811;16/09/2026 10:38:17;Maximiliano;Nievas;;;;;;Maximiliano Nievas;
14339614;16/09/2026 13:34:54;3;2;0001  213117-1;10;URGENTES;2440749;"TR24    ";"TRAMEX SAS                                        ";CALLE 7 ENTRE 1 Y 3 272;953312;"83-133         ";83-133 - DUCHA EXT. C/TRANSF. MONOCOMANDO LUGO;3;3;3;23439754;160926103817044;183992741;;;;09/03/2031 00:00:00;3;13987811;16/09/2026 10:38:17;Maximiliano;Nievas;;;;;;Maximiliano Nievas;
14339614;16/09/2026 13:34:54;3;2;0001  213117-1;10;URGENTES;2440749;"TR24    ";"TRAMEX SAS                                        ";CALLE 7 ENTRE 1 Y 3 272;951649;"22004          ";"SET DE 4 PIEZAS LINEA 22000                                           ";3;3;3;23439828;160926103914969;183993729;;;;09/01/2031 00:00:00;3;13987839;16/09/2026 10:39:15;Maximiliano;Nievas;;;;;;Maximiliano Nievas;
14339614;16/09/2026 13:34:54;3;2;0001  213117-1;10;URGENTES;2440749;"TR24    ";"TRAMEX SAS                                        ";CALLE 7 ENTRE 1 Y 3 272;951116;"12006          ";"SET DE 6 PIEZAS LINEA 12000                                           ";3;3;3;23439828;160926103914969;183991918;;;;07/30/2031 00:00:00;3;13987839;16/09/2026 10:39:15;Maximiliano;Nievas;;;;;;Maximiliano Nievas;
14339614;16/09/2026 13:34:54;3;2;0001  213117-1;10;URGENTES;2440749;"TR24    ";"TRAMEX SAS                                        ";CALLE 7 ENTRE 1 Y 3 272;951530;"20-146         ";20-146 - MONOCOMANDO DE COCINA CR LINEA MOVE;4;4;4;23439841;160926103937084;183993431;;;;10/09/2031 00:00:00;4;13987853;16/09/2026 10:39:37;Maximiliano;Nievas;;;;;;Maximiliano Nievas;
14339614;16/09/2026 13:34:54;3;2;0001  213117-1;10;URGENTES;2440749;"TR24    ";"TRAMEX SAS                                        ";CALLE 7 ENTRE 1 Y 3 272;953060;"80-058         ";80-058 - DUCHA EMB. C/TRANSF. CR C.STD MALBA;3;3;3;23448546;160926133000428;184008459;;;;01/06/2032 00:00:00;3;13993115;16/09/2026 13:30:00;Maximiliano;Nievas;;;;;;Maximiliano Nievas;
14339614;16/09/2026 13:34:54;3;2;0001  213117-1;10;URGENTES;2440749;"TR24    ";"TRAMEX SAS                                        ";CALLE 7 ENTRE 1 Y 3 272;952862;"70-058         ";70-058 - BIDE CR C.STD MALBA;3;3;3;23448546;160926133000428;184082181;;;;10/20/2031 00:00:00;2;13993115;16/09/2026 13:30:00;Maximiliano;Nievas;;;;;;Maximiliano Nievas;
14339614;16/09/2026 13:34:54;3;2;0001  213117-1;10;URGENTES;2440749;"TR24    ";"TRAMEX SAS                                        ";CALLE 7 ENTRE 1 Y 3 272;952583;"60-058         ";60-058 - LAVATORIO CR C.STD MALBA;3;3;3;23448546;160926133000428;184008209;;;;12/03/2031 00:00:00;3;13993115;16/09/2026 13:30:00;Maximiliano;Nievas;;;;;;Maximiliano Nievas;
14339614;16/09/2026 13:34:54;3;2;0001  213117-1;10;URGENTES;2440749;"TR24    ";"TRAMEX SAS                                        ";CALLE 7 ENTRE 1 Y 3 272;953437;"914/CR         ";914/CR - JGO.MDA.P.CAÑO CR ARES;2;2;2;23448546;160926133000428;184009667;;;;02/29/2032 00:00:00;2;13993115;16/09/2026 13:30:00;Maximiliano;Nievas;;;;;;Maximiliano Nievas;
14339614;16/09/2026 13:34:54;3;2;0001  213117-1;10;URGENTES;2440749;"TR24    ";"TRAMEX SAS                                        ";CALLE 7 ENTRE 1 Y 3 272;952438;"51-058         ";51-058 - COCINA MESADA CR C.STD MALBA;2;2;2;23448664;160926133310284;184007476;;;;10/19/2031 00:00:00;2;13993215;16/09/2026 13:33:10;Maximiliano;Nievas;;;;;;Maximiliano Nievas;
14339614;16/09/2026 13:34:54;3;2;0001  213117-1;10;URGENTES;2440749;"TR24    ";"TRAMEX SAS                                        ";CALLE 7 ENTRE 1 Y 3 272;952634;"60-162         ";60-162 - LAVATORIO CR C.CERAM LINEA ADRA;3;3;3;23448664;160926133310284;184006828;;;;07/29/2031 00:00:00;3;13993215;16/09/2026 13:33:10;Maximiliano;Nievas;;;;;;Maximiliano Nievas;
14339614;16/09/2026 13:34:54;3;2;0001  213117-1;10;URGENTES;2440749;"TR24    ";"TRAMEX SAS                                        ";CALLE 7 ENTRE 1 Y 3 272;952862;"70-058         ";70-058 - BIDE CR C.STD MALBA;3;3;3;23448664;160926133310284;184007922;;;;10/20/2031 00:00:00;1;13993215;16/09/2026 13:33:10;Maximiliano;Nievas;;;;;;Maximiliano Nievas;
14339614;16/09/2026 13:34:54;3;2;0001  213117-1;10;URGENTES;2440749;"TR24    ";"TRAMEX SAS                                        ";CALLE 7 ENTRE 1 Y 3 272;952912;"70-162         ";70-162 - BIDE CR C.CERAM LINEA ADRA;3;3;3;23448664;160926133310284;184007327;;;;07/29/2031 00:00:00;3;13993215;16/09/2026 13:33:10;Maximiliano;Nievas;;;;;;Maximiliano Nievas;
14339614;16/09/2026 13:34:54;3;2;0001  213117-1;10;URGENTES;2440749;"TR24    ";"TRAMEX SAS                                        ";CALLE 7 ENTRE 1 Y 3 272;953055;"80-045         ";80-045 - DUCHA EMB.C/TRANSF CR  C.STD CRUZ;1;1;1;23448664;160926133310284;184009390;;;;01/04/2032 00:00:00;1;13993215;16/09/2026 13:33:10;Maximiliano;Nievas;;;;;;Maximiliano Nievas;
14340553;16/09/2026 10:33:35;3;2;4444    2517-1;10;URGENTES;2109166;"CLIEVEN ";"CLIENTE EVENTUAL                                  ";RIVADAVIA 3428;1101615;"RINO102V-3     ";"ASIENTO INODORO LINEA LOFT TAPA BLANDA                                ";1;1;1;23438415;160926103331604;184011017;;;;01/20/2032 00:00:00;1;13987620;16/09/2026 10:33:31;Maximiliano;Nievas;24713837;16/09/2026 10:16:05;6419;Tiago;Rodriguez;Maximiliano Nievas;Tiago Rodriguez
14341173;16/09/2026 14:07:59;3;2;0001  215596-1;10;URGENTES;2094942;"VG06    ";"VICTOR GULLO S.R.L.                               ";LAS CAÑAS 1551;953320;"83-203         ";83-203 - DUCHA EXT C/TRANSF. MONOCOMANDO ADRA;10;10;10;23438487;160926140757348;184014397;;;;07/29/2031 00:00:00;4;13993293;16/09/2026 14:07:57;Gustavo;Soderquvist;24713907;16/09/2026 10:59:31;7152;Mirko;Hernandez;Gustavo Soderquvist;Mirko Hernandez
14341173;16/09/2026 14:07:59;3;2;0001  215596-1;10;URGENTES;2094942;"VG06    ";"VICTOR GULLO S.R.L.                               ";LAS CAÑAS 1551;953154;"80-200N        ";80-200N - DUCHA EMB. MONOC. 3 FUNCIONES BLACK FABRIC;3;3;3;23441351;160926132134403;184036262;;;;01/04/2032 00:00:00;3;13992412;16/09/2026 13:21:34;Maximiliano;Nievas;24716850;16/09/2026 12:10:05;7152;Mirko;Hernandez;Maximiliano Nievas;Mirko Hernandez
14341173;16/09/2026 14:07:59;3;2;0001  215596-1;10;URGENTES;2094942;"VG06    ";"VICTOR GULLO S.R.L.                               ";LAS CAÑAS 1551;952726;"61-203         ";61-203 - LAVATORIO MONOCOMANDO ALTO ADRA;20;20;20;23447575;160926130807523;184075010;;;;02/22/2032 00:00:00;4;13992426;16/09/2026 13:08:07;Maximiliano;Nievas;;;;;;Maximiliano Nievas;
14341173;16/09/2026 14:07:59;3;2;0001  215596-1;10;URGENTES;2094942;"VG06    ";"VICTOR GULLO S.R.L.                               ";LAS CAÑAS 1551;952726;"61-203         ";61-203 - LAVATORIO MONOCOMANDO ALTO ADRA;20;20;20;23447595;160926130835400;184075142;;;;02/22/2032 00:00:00;4;13992443;16/09/2026 13:08:35;Maximiliano;Nievas;;;;;;Maximiliano Nievas;
14341173;16/09/2026 14:07:59;3;2;0001  215596-1;10;URGENTES;2094942;"VG06    ";"VICTOR GULLO S.R.L.                               ";LAS CAÑAS 1551;952726;"61-203         ";61-203 - LAVATORIO MONOCOMANDO ALTO ADRA;20;20;20;23447622;160926130908081;184075318;;;;02/22/2032 00:00:00;4;13992461;16/09/2026 13:09:08;Maximiliano;Nievas;;;;;;Maximiliano Nievas;
14341173;16/09/2026 14:07:59;3;2;0001  215596-1;10;URGENTES;2094942;"VG06    ";"VICTOR GULLO S.R.L.                               ";LAS CAÑAS 1551;952726;"61-203         ";61-203 - LAVATORIO MONOCOMANDO ALTO ADRA;20;20;20;23447648;160926130946046;184075529;;;;02/22/2032 00:00:00;4;13992479;16/09/2026 13:09:46;Maximiliano;Nievas;;;;;;Maximiliano Nievas;
14341173;16/09/2026 14:07:59;3;2;0001  215596-1;10;URGENTES;2094942;"VG06    ";"VICTOR GULLO S.R.L.                               ";LAS CAÑAS 1551;952726;"61-203         ";61-203 - LAVATORIO MONOCOMANDO ALTO ADRA;20;20;20;23447702;160926131119958;184056750;;;;02/22/2032 00:00:00;4;13992511;16/09/2026 13:11:19;Maximiliano;Nievas;;;;;;Maximiliano Nievas;
14341173;16/09/2026 14:07:59;3;2;0001  215596-1;10;URGENTES;2094942;"VG06    ";"VICTOR GULLO S.R.L.                               ";LAS CAÑAS 1551;953109;"80-166         ";"DUCHA EMB. C/TRANSF. CR C.CERAM ADRA PLUS                             ";6;6;6;23447724;160926131153212;184076214;;;;01/19/2032 00:00:00;4;13992528;16/09/2026 13:11:53;Maximiliano;Nievas;;;;;;Maximiliano Nievas;
14341173;16/09/2026 14:07:59;3;2;0001  215596-1;10;URGENTES;2094942;"VG06    ";"VICTOR GULLO S.R.L.                               ";LAS CAÑAS 1551;953109;"80-166         ";"DUCHA EMB. C/TRANSF. CR C.CERAM ADRA PLUS                             ";6;6;6;23447804;160926131335967;184033330;;;;01/19/2032 00:00:00;2;13992584;16/09/2026 13:13:35;Maximiliano;Nievas;;;;;;Maximiliano Nievas;
14341173;16/09/2026 14:07:59;3;2;0001  215596-1;10;URGENTES;2094942;"VG06    ";"VICTOR GULLO S.R.L.                               ";LAS CAÑAS 1551;952634;"60-162         ";60-162 - LAVATORIO CR C.CERAM LINEA ADRA;8;8;8;23447873;160926131459275;184032256;;;;07/29/2031 00:00:00;8;13992622;16/09/2026 13:14:59;Maximiliano;Nievas;;;;;;Maximiliano Nievas;
14341173;16/09/2026 14:07:59;3;2;0001  215596-1;10;URGENTES;2094942;"VG06    ";"VICTOR GULLO S.R.L.                               ";LAS CAÑAS 1551;952912;"70-162         ";70-162 - BIDE CR C.CERAM LINEA ADRA;6;6;6;23447873;160926131459275;184077286;;;;07/29/2031 00:00:00;2;13992622;16/09/2026 13:14:59;Maximiliano;Nievas;;;;;;Maximiliano Nievas;
14341173;16/09/2026 14:07:59;3;2;0001  215596-1;10;URGENTES;2094942;"VG06    ";"VICTOR GULLO S.R.L.                               ";LAS CAÑAS 1551;952912;"70-162         ";70-162 - BIDE CR C.CERAM LINEA ADRA;6;6;6;23448061;160926131928163;184032722;;;;07/29/2031 00:00:00;4;13992773;16/09/2026 13:19:28;Maximiliano;Nievas;;;;;;Maximiliano Nievas;
14341173;16/09/2026 14:07:59;3;2;0001  215596-1;10;URGENTES;2094942;"VG06    ";"VICTOR GULLO S.R.L.                               ";LAS CAÑAS 1551;952677;"60-203         ";60-203 - LAVATORIO MONOCOMANDO BAJO ADRA;29;29;29;23448061;160926131928163;184078694;;;;02/16/2032 00:00:00;6;13992773;16/09/2026 13:19:28;Maximiliano;Nievas;;;;;;Maximiliano Nievas;
14341173;16/09/2026 14:07:59;3;2;0001  215596-1;10;URGENTES;2094942;"VG06    ";"VICTOR GULLO S.R.L.                               ";LAS CAÑAS 1551;952677;"60-203         ";60-203 - LAVATORIO MONOCOMANDO BAJO ADRA;29;29;29;23448083;160926132004249;184078912;;;;02/16/2032 00:00:00;10;13992792;16/09/2026 13:20:04;Maximiliano;Nievas;;;;;;Maximiliano Nievas;
14341173;16/09/2026 14:07:59;3;2;0001  215596-1;10;URGENTES;2094942;"VG06    ";"VICTOR GULLO S.R.L.                               ";LAS CAÑAS 1551;952677;"60-203         ";60-203 - LAVATORIO MONOCOMANDO BAJO ADRA;29;29;29;23448105;160926132037467;184079080;;;;02/16/2032 00:00:00;10;13992815;16/09/2026 13:20:37;Maximiliano;Nievas;;;;;;Maximiliano Nievas;
14341173;16/09/2026 14:07:59;3;2;0001  215596-1;10;URGENTES;2094942;"VG06    ";"VICTOR GULLO S.R.L.                               ";LAS CAÑAS 1551;952875;"70-100N        ";70-100N - BIDE BLACK C.CERAM FABRIC;3;3;3;23448126;160926132122173;184034273;;;;07/29/2031 00:00:00;3;13992849;16/09/2026 13:21:22;Maximiliano;Nievas;;;;;;Maximiliano Nievas;
14341173;16/09/2026 14:07:59;3;2;0001  215596-1;10;URGENTES;2094942;"VG06    ";"VICTOR GULLO S.R.L.                               ";LAS CAÑAS 1551;952741;"62-100N        ";62-100N - LAVATORIO DE PARED BLACK C.CERAM FABRIC;3;3;3;23448126;160926132122173;184034112;;;;11/05/2031 00:00:00;3;13992849;16/09/2026 13:21:22;Maximiliano;Nievas;;;;;;Maximiliano Nievas;
14341173;16/09/2026 14:07:59;3;2;0001  215596-1;10;URGENTES;2094942;"VG06    ";"VICTOR GULLO S.R.L.                               ";LAS CAÑAS 1551;952677;"60-203         ";60-203 - LAVATORIO MONOCOMANDO BAJO ADRA;29;29;29;23448126;160926132122173;184035223;;;;02/16/2032 00:00:00;3;13992849;16/09/2026 13:21:22;Maximiliano;Nievas;;;;;;Maximiliano Nievas;
14341173;16/09/2026 14:07:59;3;2;0001  215596-1;10;URGENTES;2094942;"VG06    ";"VICTOR GULLO S.R.L.                               ";LAS CAÑAS 1551;953159;"80-203P        ";80-203P - DUCHA EMB C/TRANSF. MONOCOMANDO ADRA PLUS;15;15;15;23448847;160926133610175;184084436;;;;07/28/2031 00:00:00;3;13993305;16/09/2026 13:36:10;Gustavo;Soderquvist;;;;;;Gustavo Soderquvist;
14341173;16/09/2026 14:07:59;3;2;0001  215596-1;10;URGENTES;2094942;"VG06    ";"VICTOR GULLO S.R.L.                               ";LAS CAÑAS 1551;952724;"61-200G        ";61-200G - LAVATORIO MONOC ALTO GOLD FABRIC;2;2;2;23448854;160926133624335;184016975;;;;07/27/2031 00:00:00;2;13993311;16/09/2026 13:36:24;Gustavo;Soderquvist;;;;;;Gustavo Soderquvist;
14341173;16/09/2026 14:07:59;3;2;0001  215596-1;10;URGENTES;2094942;"VG06    ";"VICTOR GULLO S.R.L.                               ";LAS CAÑAS 1551;952709;"61-168N        ";61-168N - LAVATORIO MONOC ALTO BLACK WAVE;1;1;1;23448854;160926133624335;184020802;;;;07/28/2031 00:00:00;1;13993311;16/09/2026 13:36:24;Gustavo;Soderquvist;;;;;;Gustavo Soderquvist;
14341173;16/09/2026 14:07:59;3;2;0001  215596-1;10;URGENTES;2094942;"VG06    ";"VICTOR GULLO S.R.L.                               ";LAS CAÑAS 1551;952713;"61-176N        ";61-176N - LAVATORIO MONOC ALTO BLACK RIO;4;4;4;23448865;160926133640373;184019964;;;;07/29/2031 00:00:00;4;13993318;16/09/2026 13:36:40;Gustavo;Soderquvist;;;;;;Gustavo Soderquvist;
14341173;16/09/2026 14:07:59;3;2;0001  215596-1;10;URGENTES;2094942;"VG06    ";"VICTOR GULLO S.R.L.                               ";LAS CAÑAS 1551;952712;"61-176         ";61-176 - LAVATORIO MONOC ALTO CR RIO;20;20;20;23448865;160926133640373;184084642;;;;10/11/2031 00:00:00;2;13993318;16/09/2026 13:36:40;Gustavo;Soderquvist;;;;;;Gustavo Soderquvist;
14341173;16/09/2026 14:07:59;3;2;0001  215596-1;10;URGENTES;2094942;"VG06    ";"VICTOR GULLO S.R.L.                               ";LAS CAÑAS 1551;952728;"61-205         ";61-205 - LAVATORIO MONOC ALTO STEEL;5;5;5;23448885;160926133653683;184020520;;;;07/28/2031 00:00:00;5;13993328;16/09/2026 13:36:53;Gustavo;Soderquvist;;;;;;Gustavo Soderquvist;
14341173;16/09/2026 14:07:59;3;2;0001  215596-1;10;URGENTES;2094942;"VG06    ";"VICTOR GULLO S.R.L.                               ";LAS CAÑAS 1551;953161;"80-205         ";80-205 - DUCHA EMB. C/TRANSF. MONOC STEEL;3;3;3;23448897;160926133704764;184016065;;;;08/11/2031 00:00:00;3;13993336;16/09/2026 13:37:04;Gustavo;Soderquvist;;;;;;Gustavo Soderquvist;
14341173;16/09/2026 14:07:59;3;2;0001  215596-1;10;URGENTES;2094942;"VG06    ";"VICTOR GULLO S.R.L.                               ";LAS CAÑAS 1551;953322;"83-205         ";83-205 - DUCHA EXT C/TRANSF MONOC STEEL PICO CURVO;3;3;3;23448905;160926133717613;184022849;;;;07/27/2031 00:00:00;3;13993340;16/09/2026 13:37:17;Gustavo;Soderquvist;;;;;;Gustavo Soderquvist;
14341173;16/09/2026 14:07:59;3;2;0001  215596-1;10;URGENTES;2094942;"VG06    ";"VICTOR GULLO S.R.L.                               ";LAS CAÑAS 1551;952950;"70-200G        ";70-200G - BIDE MONOCOMANDO GOLD FABRIC;2;2;2;23448905;160926133717613;184016655;;;;07/27/2031 00:00:00;2;13993340;16/09/2026 13:37:17;Gustavo;Soderquvist;;;;;;Gustavo Soderquvist;
14341173;16/09/2026 14:07:59;3;2;0001  215596-1;10;URGENTES;2094942;"VG06    ";"VICTOR GULLO S.R.L.                               ";LAS CAÑAS 1551;952925;"70-176         ";70-176 - BIDE MONOC C/TRANSF CR RIO;14;14;14;23448916;160926133742835;184085051;;;;12/14/2031 00:00:00;2;13993352;16/09/2026 13:37:42;Gustavo;Soderquvist;;;;;;Gustavo Soderquvist;
14341173;16/09/2026 14:07:59;3;2;0001  215596-1;10;URGENTES;2094942;"VG06    ";"VICTOR GULLO S.R.L.                               ";LAS CAÑAS 1551;952954;"70-203         ";70-203 - BIDE MONOCOMANDO ADRA;15;15;15;23448916;160926133742835;184085052;;;;07/29/2031 00:00:00;3;13993352;16/09/2026 13:37:42;Gustavo;Soderquvist;;;;;;Gustavo Soderquvist;
14341173;16/09/2026 14:07:59;3;2;0001  215596-1;10;URGENTES;2094942;"VG06    ";"VICTOR GULLO S.R.L.                               ";LAS CAÑAS 1551;951563;"20-202NI       ";20-202NI - MONOCOMANDO COCINA NICKEL HOOP;2;2;2;23448916;160926133742835;184022952;;;;07/29/2031 00:00:00;2;13993352;16/09/2026 13:37:42;Gustavo;Soderquvist;;;;;;Gustavo Soderquvist;
14341173;16/09/2026 14:07:59;3;2;0001  215596-1;10;URGENTES;2094942;"VG06    ";"VICTOR GULLO S.R.L.                               ";LAS CAÑAS 1551;953334;"84-203         ";"DUCHA EXT C/COLUMNA Y TRANSF CR ADRA                                  ";10;10;10;23449816;160926135143947;184091000;;;;12/02/2031 00:00:00;5;13993843;16/09/2026 13:51:43;Gustavo;Soderquvist;;;;;;Gustavo Soderquvist;
14341173;16/09/2026 14:07:59;3;2;0001  215596-1;10;URGENTES;2094942;"VG06    ";"VICTOR GULLO S.R.L.                               ";LAS CAÑAS 1551;951760;"3006SS         ";3006SS - SET DE 6 PIEZAS LINEA 3000 SS;10;10;10;23449849;160926135207252;184028005;;;;07/29/2031 00:00:00;10;13993858;16/09/2026 13:52:07;Gustavo;Soderquvist;;;;;;Gustavo Soderquvist;
14341173;16/09/2026 14:07:59;3;2;0001  215596-1;10;URGENTES;2094942;"VG06    ";"VICTOR GULLO S.R.L.                               ";LAS CAÑAS 1551;953334;"84-203         ";"DUCHA EXT C/COLUMNA Y TRANSF CR ADRA                                  ";10;10;10;23449868;160926135233889;184026757;;;;12/02/2031 00:00:00;5;13993885;16/09/2026 13:52:33;Gustavo;Soderquvist;;;;;;Gustavo Soderquvist;
14341173;16/09/2026 14:07:59;3;2;0001  215596-1;10;URGENTES;2094942;"VG06    ";"VICTOR GULLO S.R.L.                               ";LAS CAÑAS 1551;952925;"70-176         ";70-176 - BIDE MONOC C/TRANSF CR RIO;14;14;14;23449915;160926135305205;184091652;;;;12/14/2031 00:00:00;6;13993906;16/09/2026 13:53:05;Gustavo;Soderquvist;;;;;;Gustavo Soderquvist;
14341173;16/09/2026 14:07:59;3;2;0001  215596-1;10;URGENTES;2094942;"VG06    ";"VICTOR GULLO S.R.L.                               ";LAS CAÑAS 1551;952925;"70-176         ";70-176 - BIDE MONOC C/TRANSF CR RIO;14;14;14;23449927;160926135318731;184018317;;;;12/14/2031 00:00:00;6;13993918;16/09/2026 13:53:18;Gustavo;Soderquvist;;;;;;Gustavo Soderquvist;
14341173;16/09/2026 14:07:59;3;2;0001  215596-1;10;URGENTES;2094942;"VG06    ";"VICTOR GULLO S.R.L.                               ";LAS CAÑAS 1551;953159;"80-203P        ";80-203P - DUCHA EMB C/TRANSF. MONOCOMANDO ADRA PLUS;15;15;15;23449950;160926135338180;184091905;;;;07/28/2031 00:00:00;6;13993933;16/09/2026 13:53:38;Gustavo;Soderquvist;;;;;;Gustavo Soderquvist;
14341173;16/09/2026 14:07:59;3;2;0001  215596-1;10;URGENTES;2094942;"VG06    ";"VICTOR GULLO S.R.L.                               ";LAS CAÑAS 1551;952712;"61-176         ";61-176 - LAVATORIO MONOC ALTO CR RIO;20;20;20;23449985;160926135418060;184092188;;;;10/11/2031 00:00:00;6;13993957;16/09/2026 13:54:18;Gustavo;Soderquvist;;;;;;Gustavo Soderquvist;
14341173;16/09/2026 14:07:59;3;2;0001  215596-1;10;URGENTES;2094942;"VG06    ";"VICTOR GULLO S.R.L.                               ";LAS CAÑAS 1551;952712;"61-176         ";61-176 - LAVATORIO MONOC ALTO CR RIO;20;20;20;23450031;160926135457134;184092494;;;;10/11/2031 00:00:00;6;13993983;16/09/2026 13:54:57;Gustavo;Soderquvist;;;;;;Gustavo Soderquvist;
14341173;16/09/2026 14:07:59;3;2;0001  215596-1;10;URGENTES;2094942;"VG06    ";"VICTOR GULLO S.R.L.                               ";LAS CAÑAS 1551;952712;"61-176         ";61-176 - LAVATORIO MONOC ALTO CR RIO;20;20;20;23450063;160926135532333;184018047;;;;10/11/2031 00:00:00;6;13993997;16/09/2026 13:55:32;Gustavo;Soderquvist;;;;;;Gustavo Soderquvist;
14341173;16/09/2026 14:07:59;3;2;0001  215596-1;10;URGENTES;2094942;"VG06    ";"VICTOR GULLO S.R.L.                               ";LAS CAÑAS 1551;951528;"20-140         ";20-140 - MONOCOMANDO DE COCINA LINEA CUINA;5;5;5;23450076;160926135547825;184028581;;;;10/07/2031 00:00:00;5;13994004;16/09/2026 13:55:47;Gustavo;Soderquvist;;;;;;Gustavo Soderquvist;
14341173;16/09/2026 14:07:59;3;2;0001  215596-1;10;URGENTES;2094942;"VG06    ";"VICTOR GULLO S.R.L.                               ";LAS CAÑAS 1551;953122;"80-176         ";80-176 - DUCHA EMB C/TRANSF MONOC CR RIO;18;18;18;23450208;160926135752992;184093774;;;;07/29/2031 00:00:00;6;13994088;16/09/2026 13:57:53;Gustavo;Soderquvist;;;;;;Gustavo Soderquvist;
14341173;16/09/2026 14:07:59;3;2;0001  215596-1;10;URGENTES;2094942;"VG06    ";"VICTOR GULLO S.R.L.                               ";LAS CAÑAS 1551;953122;"80-176         ";80-176 - DUCHA EMB C/TRANSF MONOC CR RIO;18;18;18;23450227;160926135824029;184093979;;;;07/29/2031 00:00:00;6;13994109;16/09/2026 13:58:24;Gustavo;Soderquvist;;;;;;Gustavo Soderquvist;
14341173;16/09/2026 14:07:59;3;2;0001  215596-1;10;URGENTES;2094942;"VG06    ";"VICTOR GULLO S.R.L.                               ";LAS CAÑAS 1551;953122;"80-176         ";80-176 - DUCHA EMB C/TRANSF MONOC CR RIO;18;18;18;23450243;160926135841993;184019210;;;;07/29/2031 00:00:00;6;13994120;16/09/2026 13:58:42;Gustavo;Soderquvist;;;;;;Gustavo Soderquvist;
14341173;16/09/2026 14:07:59;3;2;0001  215596-1;10;URGENTES;2094942;"VG06    ";"VICTOR GULLO S.R.L.                               ";LAS CAÑAS 1551;952954;"70-203         ";70-203 - BIDE MONOCOMANDO ADRA;15;15;15;23450275;160926135857789;184094212;;;;07/29/2031 00:00:00;6;13994124;16/09/2026 13:58:57;Gustavo;Soderquvist;;;;;;Gustavo Soderquvist;
14341173;16/09/2026 14:07:59;3;2;0001  215596-1;10;URGENTES;2094942;"VG06    ";"VICTOR GULLO S.R.L.                               ";LAS CAÑAS 1551;952954;"70-203         ";70-203 - BIDE MONOCOMANDO ADRA;15;15;15;23450300;160926135915791;184015225;;;;07/29/2031 00:00:00;6;13994132;16/09/2026 13:59:15;Gustavo;Soderquvist;;;;;;Gustavo Soderquvist;
14341173;16/09/2026 14:07:59;3;2;0001  215596-1;10;URGENTES;2094942;"VG06    ";"VICTOR GULLO S.R.L.                               ";LAS CAÑAS 1551;953320;"83-203         ";83-203 - DUCHA EXT C/TRANSF. MONOCOMANDO ADRA;10;10;10;23450316;160926135934512;184094430;;;;07/29/2031 00:00:00;6;13994149;16/09/2026 13:59:34;Gustavo;Soderquvist;;;;;;Gustavo Soderquvist;
14341173;16/09/2026 14:07:59;3;2;0001  215596-1;10;URGENTES;2094942;"VG06    ";"VICTOR GULLO S.R.L.                               ";LAS CAÑAS 1551;953159;"80-203P        ";80-203P - DUCHA EMB C/TRANSF. MONOCOMANDO ADRA PLUS;15;15;15;23450439;160926140132648;184014086;;;;07/28/2031 00:00:00;6;13994218;16/09/2026 14:01:32;Gustavo;Soderquvist;;;;;;Gustavo Soderquvist;
14341173;16/09/2026 14:07:59;3;2;0001  215596-1;10;URGENTES;2094942;"VG06    ";"VICTOR GULLO S.R.L.                               ";LAS CAÑAS 1551;951536;"20-162         ";20-162 - MONOCOMANDO COCINA ADRA;20;20;20;23450473;160926140154298;184095418;;;;07/28/2031 00:00:00;10;13994231;16/09/2026 14:01:54;Gustavo;Soderquvist;;;;;;Gustavo Soderquvist;
14341173;16/09/2026 14:07:59;3;2;0001  215596-1;10;URGENTES;2094942;"VG06    ";"VICTOR GULLO S.R.L.                               ";LAS CAÑAS 1551;951536;"20-162         ";20-162 - MONOCOMANDO COCINA ADRA;20;20;20;23450487;160926140208660;184013201;;;;07/28/2031 00:00:00;10;13994246;16/09/2026 14:02:08;Gustavo;Soderquvist;;;;;;Gustavo Soderquvist;
14341173;16/09/2026 14:07:59;3;2;0001  215596-1;10;URGENTES;2094942;"VG06    ";"VICTOR GULLO S.R.L.                               ";LAS CAÑAS 1551;951116;"12006          ";"SET DE 6 PIEZAS LINEA 12000                                           ";10;10;10;23450528;160926140307125;184012523;;;;07/30/2031 00:00:00;10;13994273;16/09/2026 14:03:07;Gustavo;Soderquvist;;;;;;Gustavo Soderquvist;
14341173;16/09/2026 14:07:59;3;2;0001  215596-1;10;URGENTES;2094942;"VG06    ";"VICTOR GULLO S.R.L.                               ";LAS CAÑAS 1551;952956;"70-205         ";70-205 - BIDE MONOCOMANDO STEEL;5;5;5;23450643;160926140459201;184022288;;;;11/23/2031 00:00:00;5;13994336;16/09/2026 14:04:59;Gustavo;Soderquvist;;;;;;Gustavo Soderquvist;
14341173;16/09/2026 14:07:59;3;2;0001  215596-1;10;URGENTES;2094942;"VG06    ";"VICTOR GULLO S.R.L.                               ";LAS CAÑAS 1551;952916;"70-168N        ";70-168N - BIDE MONOC BLACK WAVE;1;1;1;23450643;160926140459201;184012817;;;;01/05/2032 00:00:00;1;13994336;16/09/2026 14:04:59;Gustavo;Soderquvist;;;;;;Gustavo Soderquvist;
14342699;16/09/2026 13:06:53;3;2;0001  214755-3;10;URGENTES;2093517;"ML13    ";"MARASLIOGLU LEANDRO A.-MARASH BAÑOS Y COCINAS     ";AV. MARIANO ACOSTA 395;956415;"INO104-1       ";"INODORO BLANCO C/ASIENTO LINEA STONE                                  ";10;10;10;23445265;160926130651885;184060534;;;;01/20/2032 00:00:00;4;13992356;16/09/2026 13:06:51;Gustavo;Soderquvist;24720902;16/09/2026 12:32:05;7152;Mirko;Hernandez;Gustavo Soderquvist;Mirko Hernandez
14342699;16/09/2026 13:06:53;3;2;0001  214755-3;10;URGENTES;2093517;"ML13    ";"MARASLIOGLU LEANDRO A.-MARASH BAÑOS Y COCINAS     ";AV. MARIANO ACOSTA 395;956415;"INO104-1       ";"INODORO BLANCO C/ASIENTO LINEA STONE                                  ";10;10;10;23447483;160926130637258;184074535;;;;01/20/2032 00:00:00;6;13992373;16/09/2026 13:06:37;Gustavo;Soderquvist;;;;;;Gustavo Soderquvist;
14342700;16/09/2026 13:06:28;3;2;0001  215378-1;10;URGENTES;2093517;"ML13    ";"MARASLIOGLU LEANDRO A.-MARASH BAÑOS Y COCINAS     ";AV. MARIANO ACOSTA 395;951488;"20-102         ";"20-102 - MONOCOMANDO MESADA CROMO ""RENACER""";10;10;10;23444688;160926130124140;184055948;;;;08/20/2031 00:00:00;10;13992222;16/09/2026 13:01:24;Gustavo;Soderquvist;24720236;16/09/2026 12:16:01;6414;Agustin;Scirica;Gustavo Soderquvist;Agustin Scirica
14342700;16/09/2026 13:06:28;3;2;0001  215378-1;10;URGENTES;2093517;"ML13    ";"MARASLIOGLU LEANDRO A.-MARASH BAÑOS Y COCINAS     ";AV. MARIANO ACOSTA 395;952667;"60-199         ";60-199 - LAVATORIO CR C.CERAM LIVE;3;3;3;23445219;160926130628588;184060250;;;;11/16/2031 00:00:00;3;13992302;16/09/2026 13:06:28;Maximiliano;Nievas;24720725;16/09/2026 12:45:11;6414;Agustin;Scirica;Maximiliano Nievas;Agustin Scirica
14342700;16/09/2026 13:06:28;3;2;0001  215378-1;10;URGENTES;2093517;"ML13    ";"MARASLIOGLU LEANDRO A.-MARASH BAÑOS Y COCINAS     ";AV. MARIANO ACOSTA 395;952945;"70-199         ";70-199 - BIDE CR C.CERAM LIVE;2;2;2;23445219;160926130628588;184059980;;;;12/16/2031 00:00:00;2;13992302;16/09/2026 13:06:28;Maximiliano;Nievas;24720725;16/09/2026 12:45:11;6414;Agustin;Scirica;Maximiliano Nievas;Agustin Scirica
14342700;16/09/2026 13:06:28;3;2;0001  215378-1;10;URGENTES;2093517;"ML13    ";"MARASLIOGLU LEANDRO A.-MARASH BAÑOS Y COCINAS     ";AV. MARIANO ACOSTA 395;954885;"BAI01NI        ";BAI01NI - BACHA EMB COCINA C/ACCESORIOS 750x450x220 NICKEL BRUSHED;5;5;5;23445823;160926125846957;184064759;;;;09/28/2031 00:00:00;5;13992185;16/09/2026 12:58:46;Gustavo;Soderquvist;24721449;16/09/2026 12:35:19;7152;Mirko;Hernandez;Gustavo Soderquvist;Mirko Hernandez
14342700;16/09/2026 13:06:28;3;2;0001  215378-1;10;URGENTES;2093517;"ML13    ";"MARASLIOGLU LEANDRO A.-MARASH BAÑOS Y COCINAS     ";AV. MARIANO ACOSTA 395;952800;"63-183         ";"LAVATORIO PARED EMB MONOCOMANDO MAT                                   ";3;3;3;23447151;160926130054525;184056774;;;;01/12/2032 00:00:00;3;13992227;16/09/2026 13:00:54;Gustavo;Soderquvist;;;;;;Gustavo Soderquvist;
14342700;16/09/2026 13:06:28;3;2;0001  215378-1;10;URGENTES;2093517;"ML13    ";"MARASLIOGLU LEANDRO A.-MARASH BAÑOS Y COCINAS     ";AV. MARIANO ACOSTA 395;951485;"20-100G        ";20-100G - MONOCOMANDO DE COCINA FABRIC GOLD;2;2;2;23447151;160926130054525;184057798;;;;07/28/2031 00:00:00;2;13992227;16/09/2026 13:00:54;Gustavo;Soderquvist;;;;;;Gustavo Soderquvist;
14342700;16/09/2026 13:06:28;3;2;0001  215378-1;10;URGENTES;2093517;"ML13    ";"MARASLIOGLU LEANDRO A.-MARASH BAÑOS Y COCINAS     ";AV. MARIANO ACOSTA 395;952679;"60-205         ";60-205 - LAVATORIO MONOC BAJO STEEL;3;3;3;23447163;160926130111139;184057156;;;;07/28/2031 00:00:00;3;13992235;16/09/2026 13:01:11;Gustavo;Soderquvist;;;;;;Gustavo Soderquvist;
14342700;16/09/2026 13:06:28;3;2;0001  215378-1;10;URGENTES;2093517;"ML13    ";"MARASLIOGLU LEANDRO A.-MARASH BAÑOS Y COCINAS     ";AV. MARIANO ACOSTA 395;953148;"80-199         ";80-199 - DUCHA EMB. C/TRANSF. CR C.CERAM LIVE;3;3;3;23447399;160926130535834;184059693;;;;11/04/2031 00:00:00;3;13992336;16/09/2026 13:05:35;Maximiliano;Nievas;;;;;;Maximiliano Nievas;
14342701;16/09/2026 13:03:22;3;2;0001  215579-1;10;URGENTES;2093517;"ML13    ";"MARASLIOGLU LEANDRO A.-MARASH BAÑOS Y COCINAS     ";AV. MARIANO ACOSTA 395;952467;"52-121         ";52-121 - GRIFERIA REBATIBLE P/LLENADO DE OLLAS MARBELLA;2;2;2;23444689;160926130322371;184057432;;;;07/29/2031 00:00:00;2;13992273;16/09/2026 13:03:22;Maximiliano;Nievas;24720236;16/09/2026 12:16:01;6414;Agustin;Scirica;Maximiliano Nievas;Agustin Scirica
14343950;17/09/2026 09:23:52;3;2;0001  215644-1;05;CAMIONETA VIE 1;2228313;"MJ21    ";"MELCON JUAN CARLOS - SANITARIOS CAP               ";CARLOS PELLEGRINI 1099;950892;"01-010         ";"VALVULA P/MINGITORIO TEMPORIZADA TECNO                                ";5;5;5;23464816;170926092352367;184208255;;;;07/28/2031 00:00:00;5;14005809;17/09/2026 09:23:52;Maximiliano;Nievas;24739379;17/09/2026 06:29:59;7839;Claudio;Juarez;Maximiliano Nievas;Claudio Juarez
14343950;17/09/2026 09:23:52;3;2;0001  215644-1;05;CAMIONETA VIE 1;2228313;"MJ21    ";"MELCON JUAN CARLOS - SANITARIOS CAP               ";CARLOS PELLEGRINI 1099;950907;"05-010         ";"LAVATORIO BAJO TEMPORIZADO TECNO                                      ";5;5;5;23464816;170926092352367;184208332;;;;07/28/2031 00:00:00;5;14005809;17/09/2026 09:23:52;Maximiliano;Nievas;24739379;17/09/2026 06:29:59;7839;Claudio;Juarez;Maximiliano Nievas;Claudio Juarez
14343950;17/09/2026 09:23:52;3;2;0001  215644-1;05;CAMIONETA VIE 1;2228313;"MJ21    ";"MELCON JUAN CARLOS - SANITARIOS CAP               ";CARLOS PELLEGRINI 1099;953109;"80-166         ";"DUCHA EMB. C/TRANSF. CR C.CERAM ADRA PLUS                             ";6;6;6;23465196;170926090821167;184210159;;;;01/19/2032 00:00:00;3;14005823;17/09/2026 09:08:21;Maximiliano;Nievas;24739736;17/09/2026 06:56:13;7827;Javier;Machado;Maximiliano Nievas;Javier Machado
14343950;17/09/2026 09:23:52;3;2;0001  215644-1;05;CAMIONETA VIE 1;2228313;"MJ21    ";"MELCON JUAN CARLOS - SANITARIOS CAP               ";CARLOS PELLEGRINI 1099;953437;"914/CR         ";914/CR - JGO.MDA.P.CAÑO CR ARES;6;6;6;23470302;170926090336031;184243082;;;;02/29/2032 00:00:00;4;14005841;17/09/2026 09:03:36;Maximiliano;Nievas;;;;;;Maximiliano Nievas;
14343950;17/09/2026 09:23:52;3;2;0001  215644-1;05;CAMIONETA VIE 1;2228313;"MJ21    ";"MELCON JUAN CARLOS - SANITARIOS CAP               ";CARLOS PELLEGRINI 1099;952583;"60-058         ";60-058 - LAVATORIO CR C.STD MALBA;6;6;6;23470302;170926090336031;184210528;;;;12/03/2031 00:00:00;6;14005841;17/09/2026 09:03:36;Maximiliano;Nievas;;;;;;Maximiliano Nievas;
14343950;17/09/2026 09:23:52;3;2;0001  215644-1;05;CAMIONETA VIE 1;2228313;"MJ21    ";"MELCON JUAN CARLOS - SANITARIOS CAP               ";CARLOS PELLEGRINI 1099;953055;"80-045         ";80-045 - DUCHA EMB.C/TRANSF CR  C.STD CRUZ;5;5;5;23470482;170926090754839;184210688;;;;01/04/2032 00:00:00;5;14005979;17/09/2026 09:07:54;Maximiliano;Nievas;;;;;;Maximiliano Nievas;
14343950;17/09/2026 09:23:52;3;2;0001  215644-1;05;CAMIONETA VIE 1;2228313;"MJ21    ";"MELCON JUAN CARLOS - SANITARIOS CAP               ";CARLOS PELLEGRINI 1099;953437;"914/CR         ";914/CR - JGO.MDA.P.CAÑO CR ARES;6;6;6;23470482;170926090754839;184210834;;;;02/29/2032 00:00:00;2;14005979;17/09/2026 09:07:54;Maximiliano;Nievas;;;;;;Maximiliano Nievas;
14343950;17/09/2026 09:23:52;3;2;0001  215644-1;05;CAMIONETA VIE 1;2228313;"MJ21    ";"MELCON JUAN CARLOS - SANITARIOS CAP               ";CARLOS PELLEGRINI 1099;953109;"80-166         ";"DUCHA EMB. C/TRANSF. CR C.CERAM ADRA PLUS                             ";6;6;6;23470492;170926090812432;184244575;;;;01/19/2032 00:00:00;3;14005987;17/09/2026 09:08:12;Maximiliano;Nievas;;;;;;Maximiliano Nievas;
14343950;17/09/2026 09:23:52;3;2;0001  215644-1;05;CAMIONETA VIE 1;2228313;"MJ21    ";"MELCON JUAN CARLOS - SANITARIOS CAP               ";CARLOS PELLEGRINI 1099;952499;"54-203         ";"COCINA PARED EXT C.CERAM ADRA MONOCOMANDO                             ";6;6;6;23471127;170926092123646;184207691;;;;02/18/2032 00:00:00;6;14006350;17/09/2026 09:21:23;Maximiliano;Nievas;;;;;;Maximiliano Nievas;
14343950;17/09/2026 09:23:52;3;2;0001  215644-1;05;CAMIONETA VIE 1;2228313;"MJ21    ";"MELCON JUAN CARLOS - SANITARIOS CAP               ";CARLOS PELLEGRINI 1099;951535;"20-160         ";20-160 - MONOCOMANDO MESADA COCINA DIQUE;8;8;8;23471145;170926092135800;184207923;;;;07/28/2031 00:00:00;8;14006356;17/09/2026 09:21:35;Maximiliano;Nievas;;;;;;Maximiliano Nievas;
14343950;17/09/2026 09:23:52;3;2;0001  215644-1;05;CAMIONETA VIE 1;2228313;"MJ21    ";"MELCON JUAN CARLOS - SANITARIOS CAP               ";CARLOS PELLEGRINI 1099;951530;"20-146         ";20-146 - MONOCOMANDO DE COCINA CR LINEA MOVE;6;6;6;23471231;170926092306128;184208075;;;;11/23/2031 00:00:00;6;14006403;17/09/2026 09:23:06;Maximiliano;Nievas;;;;;;Maximiliano Nievas;
14343950;17/09/2026 09:23:52;3;2;0001  215644-1;05;CAMIONETA VIE 1;2228313;"MJ21    ";"MELCON JUAN CARLOS - SANITARIOS CAP               ";CARLOS PELLEGRINI 1099;951553;"20-184         ";"MONOCOMANDO DE COCINA CR SUV                                          ";10;10;10;23471258;170926092333083;184208148;;;;10/04/2031 00:00:00;10;14006415;17/09/2026 09:23:33;Maximiliano;Nievas;;;;;;Maximiliano Nievas;
14343951;17/09/2026 09:09:35;3;2;0001  215875-1;05;CAMIONETA VIE 1;2228313;"MJ21    ";"MELCON JUAN CARLOS - SANITARIOS CAP               ";CARLOS PELLEGRINI 1099;952634;"60-162         ";60-162 - LAVATORIO CR C.CERAM LINEA ADRA;10;10;10;23465197;170926090933606;184210379;;;;07/29/2031 00:00:00;10;14006009;17/09/2026 09:09:33;Maximiliano;Nievas;24739736;17/09/2026 06:56:13;7827;Javier;Machado;Maximiliano Nievas;Javier Machado
14357304;17/09/2026 13:54:48;3;2;0001  215545-1;01;CAMIONETA LUN 1;2091214;"BA30    ";"BARUGEL AZULAY Y CIA SAIC                         ";MARCOS SASTRE 1751;952875;"70-100N        ";70-100N - BIDE BLACK C.CERAM FABRIC;1;1;1;23468025;170926135446805;184230749;;;;07/29/2031 00:00:00;1;14014784;17/09/2026 13:54:46;Maximiliano;Nievas;24742439;17/09/2026 08:38:50;7839;Claudio;Juarez;Maximiliano Nievas;Claudio Juarez
14357304;17/09/2026 13:54:48;3;2;0001  215545-1;01;CAMIONETA LUN 1;2091214;"BA30    ";"BARUGEL AZULAY Y CIA SAIC                         ";MARCOS SASTRE 1751;952873;"70-100C        ";70-100C - BIDE CR C.CERAM FABRIC;2;2;2;23468025;170926135446805;184230447;;;;07/31/2031 00:00:00;2;14014784;17/09/2026 13:54:46;Maximiliano;Nievas;24742439;17/09/2026 08:38:50;7839;Claudio;Juarez;Maximiliano Nievas;Claudio Juarez
14357304;17/09/2026 13:54:48;3;2;0001  215545-1;01;CAMIONETA LUN 1;2091214;"BA30    ";"BARUGEL AZULAY Y CIA SAIC                         ";MARCOS SASTRE 1751;952923;"70-175GR       ";70-175GR - BIDE PULSE GRAFITO C.CERAM;5;5;5;23468025;170926135446805;184233633;;;;07/31/2031 00:00:00;5;14014784;17/09/2026 13:54:46;Maximiliano;Nievas;24742439;17/09/2026 08:38:50;7839;Claudio;Juarez;Maximiliano Nievas;Claudio Juarez
14357304;17/09/2026 13:54:48;3;2;0001  215545-1;01;CAMIONETA LUN 1;2091214;"BA30    ";"BARUGEL AZULAY Y CIA SAIC                         ";MARCOS SASTRE 1751;954918;"BCH16          ";BCH16 - BACHA DE APOYAR BLANCA 610x457x254 C/DESAGOTE Y REJILLA;1;1;1;23469599;170926134543370;184242296;;;;01/06/2032 00:00:00;1;14014527;17/09/2026 13:45:43;Maximiliano;Nievas;24743712;17/09/2026 09:28:37;7827;Javier;Machado;Maximiliano Nievas;Javier Machado
14357304;17/09/2026 13:54:48;3;2;0001  215545-1;01;CAMIONETA LUN 1;2091214;"BA30    ";"BARUGEL AZULAY Y CIA SAIC                         ";MARCOS SASTRE 1751;952674;"60-200N        ";60-200N - LAVATORIO MONOC BAJO BLACK FABRIC;1;1;1;23470507;170926135100167;184245785;;;;07/28/2031 00:00:00;1;14014756;17/09/2026 13:51:00;Maximiliano;Nievas;24744642;17/09/2026 09:27:08;7839;Claudio;Juarez;Maximiliano Nievas;Claudio Juarez
14357304;17/09/2026 13:54:48;3;2;0001  215545-1;01;CAMIONETA LUN 1;2091214;"BA30    ";"BARUGEL AZULAY Y CIA SAIC                         ";MARCOS SASTRE 1751;951527;"20-135G        ";20-135G - MONOCOMANDO COCINA GOLD SANTANDER;1;1;1;23470507;170926135100167;184250474;;;;07/27/2031 00:00:00;1;14014756;17/09/2026 13:51:00;Maximiliano;Nievas;24744642;17/09/2026 09:27:08;7839;Claudio;Juarez;Maximiliano Nievas;Claudio Juarez
14357304;17/09/2026 13:54:48;3;2;0001  215545-1;01;CAMIONETA LUN 1;2091214;"BA30    ";"BARUGEL AZULAY Y CIA SAIC                         ";MARCOS SASTRE 1751;951302;"17040C         ";17040C - PORTA ROLLO LINEA FABRIC CROMO;1;1;1;23470507;170926135100167;184245371;;;;07/29/2031 00:00:00;1;14014756;17/09/2026 13:51:00;Maximiliano;Nievas;24744642;17/09/2026 09:27:08;7839;Claudio;Juarez;Maximiliano Nievas;Claudio Juarez
14357304;17/09/2026 13:54:48;3;2;0001  215545-1;01;CAMIONETA LUN 1;2091214;"BA30    ";"BARUGEL AZULAY Y CIA SAIC                         ";MARCOS SASTRE 1751;954885;"BAI01NI        ";BAI01NI - BACHA EMB COCINA C/ACCESORIOS 750x450x220 NICKEL BRUSHED;1;1;1;23485452;170926134531910;184243527;;;;09/28/2031 00:00:00;1;14014537;17/09/2026 13:45:31;Maximiliano;Nievas;;;;;;Maximiliano Nievas;
14357304;17/09/2026 13:54:48;3;2;0001  215545-1;01;CAMIONETA LUN 1;2091214;"BA30    ";"BARUGEL AZULAY Y CIA SAIC                         ";MARCOS SASTRE 1751;952645;"60-175GR       ";60-175GR - LAVATORIO PULSE GRAFITO C.CERAM;6;6;6;23485827;170926135150656;184348830;;;;07/31/2031 00:00:00;4;14014791;17/09/2026 13:51:50;Maximiliano;Nievas;;;;;;Maximiliano Nievas;
14357304;17/09/2026 13:54:48;3;2;0001  215545-1;01;CAMIONETA LUN 1;2091214;"BA30    ";"BARUGEL AZULAY Y CIA SAIC                         ";MARCOS SASTRE 1751;953120;"80-175GR       ";80-175GR - DUCHA EMB C/TRANSF. PULSE GRAFITO C.CERAM;5;5;5;23485925;170926135321789;184349497;;;;10/12/2031 00:00:00;2;14014862;17/09/2026 13:53:21;Maximiliano;Nievas;;;;;;Maximiliano Nievas;
14357304;17/09/2026 13:54:48;3;2;0001  215545-1;01;CAMIONETA LUN 1;2091214;"BA30    ";"BARUGEL AZULAY Y CIA SAIC                         ";MARCOS SASTRE 1751;952645;"60-175GR       ";60-175GR - LAVATORIO PULSE GRAFITO C.CERAM;6;6;6;23485925;170926135321789;184233022;;;;07/31/2031 00:00:00;2;14014862;17/09/2026 13:53:21;Maximiliano;Nievas;;;;;;Maximiliano Nievas;
14357304;17/09/2026 13:54:48;3;2;0001  215545-1;01;CAMIONETA LUN 1;2091214;"BA30    ";"BARUGEL AZULAY Y CIA SAIC                         ";MARCOS SASTRE 1751;953120;"80-175GR       ";80-175GR - DUCHA EMB C/TRANSF. PULSE GRAFITO C.CERAM;5;5;5;23485945;170926135347007;184234273;;;;10/12/2031 00:00:00;3;14014875;17/09/2026 13:53:47;Maximiliano;Nievas;;;;;;Maximiliano Nievas;
14357305;17/09/2026 14:23:01;3;2;0001  215223-2;01;CAMIONETA LUN 1;2092156;"DM20    ";"DECO MIRACEMA SAS                                 ";CUBA 1450;952926;"70-176N        ";70-176N - BIDE MONOC C/TRANSF BLACK RIO;2;2;2;23470508;170926052300379;184249890;;;;11/23/2031 00:00:00;2;14015922;17/09/2026 14:23:00;Mirko;Hernandez;24744642;17/09/2026 09:27:08;7839;Claudio;Juarez;Mirko Hernandez;Claudio Juarez
14357306;17/09/2026 14:15:27;3;2;0001  215574-1;01;CAMIONETA LUN 1;2094270;"SA04    ";"SANITARIOS ADELINA S.R.L.                         ";PANAMERICANA RAMAL PILAR KM 46.5 BAJADA CAAMAÑO;952860;"70-057         ";70-057 - BIDE C.STD VERIN PLUS;1;1;1;23468026;170926051525948;184227283;;;;01/31/2032 00:00:00;1;14015645;17/09/2026 14:15:25;Mirko;Hernandez;24742439;17/09/2026 08:38:50;7839;Claudio;Juarez;Mirko Hernandez;Claudio Juarez
14357306;17/09/2026 14:15:27;3;2;0001  215574-1;01;CAMIONETA LUN 1;2094270;"SA04    ";"SANITARIOS ADELINA S.R.L.                         ";PANAMERICANA RAMAL PILAR KM 46.5 BAJADA CAAMAÑO;952726;"61-203         ";61-203 - LAVATORIO MONOCOMANDO ALTO ADRA;1;1;1;23468026;170926051525948;184229291;;;;02/22/2032 00:00:00;1;14015645;17/09/2026 14:15:25;Mirko;Hernandez;24742439;17/09/2026 08:38:50;7839;Claudio;Juarez;Mirko Hernandez;Claudio Juarez
14357307;17/09/2026 14:13:16;3;2;0001  215582-1;01;CAMIONETA LUN 1;2091183;"AS18    ";"ALVEAR SANITARIOS S.R.L.                          ";ALVEAR 2154;956491;"LG03C70        ";LG03C70 - BIDE CR C.STD BERNA;1;1;1;23471262;170926051316700;184250427;;;;12/14/2031 00:00:00;1;14015568;17/09/2026 14:13:16;Mirko;Hernandez;24745356;17/09/2026 09:28:04;6922;Franco;Potenza;Mirko Hernandez;Franco Potenza
14357307;17/09/2026 14:13:16;3;2;0001  215582-1;01;CAMIONETA LUN 1;2091183;"AS18    ";"ALVEAR SANITARIOS S.R.L.                          ";ALVEAR 2154;956496;"LG04C60        ";LG04C60 - LAVATORIO CR C.CERAM DAVOS;1;1;1;23471262;170926051316700;184250539;;;;07/29/2031 00:00:00;1;14015568;17/09/2026 14:13:16;Mirko;Hernandez;24745356;17/09/2026 09:28:04;6922;Franco;Potenza;Mirko Hernandez;Franco Potenza
14357307;17/09/2026 14:13:16;3;2;0001  215582-1;01;CAMIONETA LUN 1;2091183;"AS18    ";"ALVEAR SANITARIOS S.R.L.                          ";ALVEAR 2154;956497;"LG04C70        ";LG04C70 - BIDE CR C.CERAM DAVOS;1;1;1;23471262;170926051316700;184250732;;;;07/29/2031 00:00:00;1;14015568;17/09/2026 14:13:16;Mirko;Hernandez;24745356;17/09/2026 09:28:04;6922;Franco;Potenza;Mirko Hernandez;Franco Potenza
14357308;17/09/2026 12:33:37;3;2;0001  215592-1;01;CAMIONETA LUN 1;2091884;"CP29    ";"CASA PICK S.A.                                    ";MARCOS SASTRE 1751;953146;"80-198         ";80-198 - DUCHA EMB. C/TRANSF. CR C.CERAM PURA;21;21;21;23466706;170926033337110;184220682;;;;02/25/2032 00:00:00;5;14011970;17/09/2026 12:33:37;Mirko;Hernandez;24741320;17/09/2026 08:21:18;7827;Javier;Machado;Mirko Hernandez;Javier Machado
14357308;17/09/2026 12:33:37;3;2;0001  215592-1;01;CAMIONETA LUN 1;2091884;"CP29    ";"CASA PICK S.A.                                    ";MARCOS SASTRE 1751;953147;"80-198P        ";80-198P - DUCHA DE EMBUTIR C/TRANSF PLUS PURA;18;18;18;23481152;170926031712098;184315537;;;;12/13/2031 00:00:00;3;14011993;17/09/2026 12:17:12;Mirko;Hernandez;;;;;;Mirko Hernandez;
14357308;17/09/2026 12:33:37;3;2;0001  215592-1;01;CAMIONETA LUN 1;2091884;"CP29    ";"CASA PICK S.A.                                    ";MARCOS SASTRE 1751;953147;"80-198P        ";80-198P - DUCHA DE EMBUTIR C/TRANSF PLUS PURA;18;18;18;23481208;170926031749711;184315756;;;;12/13/2031 00:00:00;3;14012009;17/09/2026 12:17:49;Mirko;Hernandez;;;;;;Mirko Hernandez;
14357308;17/09/2026 12:33:37;3;2;0001  215592-1;01;CAMIONETA LUN 1;2091884;"CP29    ";"CASA PICK S.A.                                    ";MARCOS SASTRE 1751;953147;"80-198P        ";80-198P - DUCHA DE EMBUTIR C/TRANSF PLUS PURA;18;18;18;23481249;170926031815714;184315920;;;;12/13/2031 00:00:00;3;14012023;17/09/2026 12:18:15;Mirko;Hernandez;;;;;;Mirko Hernandez;
14357308;17/09/2026 12:33:37;3;2;0001  215592-1;01;CAMIONETA LUN 1;2091884;"CP29    ";"CASA PICK S.A.                                    ";MARCOS SASTRE 1751;953147;"80-198P        ";80-198P - DUCHA DE EMBUTIR C/TRANSF PLUS PURA;18;18;18;23481266;170926031836192;184316036;;;;12/13/2031 00:00:00;3;14012038;17/09/2026 12:18:36;Mirko;Hernandez;;;;;;Mirko Hernandez;
14357308;17/09/2026 12:33:37;3;2;0001  215592-1;01;CAMIONETA LUN 1;2091884;"CP29    ";"CASA PICK S.A.                                    ";MARCOS SASTRE 1751;953147;"80-198P        ";80-198P - DUCHA DE EMBUTIR C/TRANSF PLUS PURA;18;18;18;23481276;170926031858386;184316188;;;;12/13/2031 00:00:00;3;14012049;17/09/2026 12:18:58;Mirko;Hernandez;;;;;;Mirko Hernandez;
14357308;17/09/2026 12:33:37;3;2;0001  215592-1;01;CAMIONETA LUN 1;2091884;"CP29    ";"CASA PICK S.A.                                    ";MARCOS SASTRE 1751;953147;"80-198P        ";80-198P - DUCHA DE EMBUTIR C/TRANSF PLUS PURA;18;18;18;23481314;170926031943215;184228759;;;;12/13/2031 00:00:00;3;14012061;17/09/2026 12:19:43;Mirko;Hernandez;;;;;;Mirko Hernandez;
14357308;17/09/2026 12:33:37;3;2;0001  215592-1;01;CAMIONETA LUN 1;2091884;"CP29    ";"CASA PICK S.A.                                    ";MARCOS SASTRE 1751;952666;"60-198         ";60-198 - LAVATORIO CR C.CERAM PURA;70;70;70;23481370;170926032027393;184316701;;;;11/24/2031 00:00:00;10;14012082;17/09/2026 12:20:27;Mirko;Hernandez;;;;;;Mirko Hernandez;
14357308;17/09/2026 12:33:37;3;2;0001  215592-1;01;CAMIONETA LUN 1;2091884;"CP29    ";"CASA PICK S.A.                                    ";MARCOS SASTRE 1751;952666;"60-198         ";60-198 - LAVATORIO CR C.CERAM PURA;70;70;70;23481389;170926032059748;184316888;;;;11/24/2031 00:00:00;10;14012094;17/09/2026 12:20:59;Mirko;Hernandez;;;;;;Mirko Hernandez;
14357308;17/09/2026 12:33:37;3;2;0001  215592-1;01;CAMIONETA LUN 1;2091884;"CP29    ";"CASA PICK S.A.                                    ";MARCOS SASTRE 1751;952666;"60-198         ";60-198 - LAVATORIO CR C.CERAM PURA;70;70;70;23481426;170926032144643;184317109;;;;11/24/2031 00:00:00;10;14012114;17/09/2026 12:21:44;Mirko;Hernandez;;;;;;Mirko Hernandez;
14357308;17/09/2026 12:33:37;3;2;0001  215592-1;01;CAMIONETA LUN 1;2091884;"CP29    ";"CASA PICK S.A.                                    ";MARCOS SASTRE 1751;952666;"60-198         ";60-198 - LAVATORIO CR C.CERAM PURA;70;70;70;23481456;170926032229929;184317399;;;;11/24/2031 00:00:00;10;14012127;17/09/2026 12:22:29;Mirko;Hernandez;;;;;;Mirko Hernandez;
14357308;17/09/2026 12:33:37;3;2;0001  215592-1;01;CAMIONETA LUN 1;2091884;"CP29    ";"CASA PICK S.A.                                    ";MARCOS SASTRE 1751;952666;"60-198         ";60-198 - LAVATORIO CR C.CERAM PURA;70;70;70;23481505;170926032354326;184318057;;;;11/24/2031 00:00:00;10;14012163;17/09/2026 12:23:54;Mirko;Hernandez;;;;;;Mirko Hernandez;
14357308;17/09/2026 12:33:37;3;2;0001  215592-1;01;CAMIONETA LUN 1;2091884;"CP29    ";"CASA PICK S.A.                                    ";MARCOS SASTRE 1751;952666;"60-198         ";60-198 - LAVATORIO CR C.CERAM PURA;70;70;70;23481544;170926032445164;184318406;;;;11/24/2031 00:00:00;10;14012188;17/09/2026 12:24:45;Mirko;Hernandez;;;;;;Mirko Hernandez;
14357308;17/09/2026 12:33:37;3;2;0001  215592-1;01;CAMIONETA LUN 1;2091884;"CP29    ";"CASA PICK S.A.                                    ";MARCOS SASTRE 1751;952666;"60-198         ";60-198 - LAVATORIO CR C.CERAM PURA;70;70;70;23481601;170926032555349;184223188;;;;11/24/2031 00:00:00;10;14012214;17/09/2026 12:25:55;Mirko;Hernandez;;;;;;Mirko Hernandez;
14357308;17/09/2026 12:33:37;3;2;0001  215592-1;01;CAMIONETA LUN 1;2091884;"CP29    ";"CASA PICK S.A.                                    ";MARCOS SASTRE 1751;952944;"70-198         ";70-198 - BIDE CR C.CERAM PURA;55;55;55;23481621;170926032647944;184319053;;;;11/04/2031 00:00:00;10;14012234;17/09/2026 12:26:47;Mirko;Hernandez;;;;;;Mirko Hernandez;
14357308;17/09/2026 12:33:37;3;2;0001  215592-1;01;CAMIONETA LUN 1;2091884;"CP29    ";"CASA PICK S.A.                                    ";MARCOS SASTRE 1751;952944;"70-198         ";70-198 - BIDE CR C.CERAM PURA;55;55;55;23481675;170926032745448;184319374;;;;11/04/2031 00:00:00;10;14012257;17/09/2026 12:27:45;Mirko;Hernandez;;;;;;Mirko Hernandez;
14357308;17/09/2026 12:33:37;3;2;0001  215592-1;01;CAMIONETA LUN 1;2091884;"CP29    ";"CASA PICK S.A.                                    ";MARCOS SASTRE 1751;952944;"70-198         ";70-198 - BIDE CR C.CERAM PURA;55;55;55;23481712;170926032853477;184319752;;;;11/04/2031 00:00:00;10;14012291;17/09/2026 12:28:53;Mirko;Hernandez;;;;;;Mirko Hernandez;
14357308;17/09/2026 12:33:37;3;2;0001  215592-1;01;CAMIONETA LUN 1;2091884;"CP29    ";"CASA PICK S.A.                                    ";MARCOS SASTRE 1751;952944;"70-198         ";70-198 - BIDE CR C.CERAM PURA;55;55;55;23481750;170926032943145;184320075;;;;11/04/2031 00:00:00;10;14012307;17/09/2026 12:29:43;Mirko;Hernandez;;;;;;Mirko Hernandez;
14357308;17/09/2026 12:33:37;3;2;0001  215592-1;01;CAMIONETA LUN 1;2091884;"CP29    ";"CASA PICK S.A.                                    ";MARCOS SASTRE 1751;952944;"70-198         ";70-198 - BIDE CR C.CERAM PURA;55;55;55;23481778;170926033031933;184320328;;;;11/04/2031 00:00:00;5;14012325;17/09/2026 12:30:31;Mirko;Hernandez;;;;;;Mirko Hernandez;
14357308;17/09/2026 12:33:37;3;2;0001  215592-1;01;CAMIONETA LUN 1;2091884;"CP29    ";"CASA PICK S.A.                                    ";MARCOS SASTRE 1751;952944;"70-198         ";70-198 - BIDE CR C.CERAM PURA;55;55;55;23481800;170926033105746;184222881;;;;11/04/2031 00:00:00;10;14012339;17/09/2026 12:31:05;Mirko;Hernandez;;;;;;Mirko Hernandez;
14357308;17/09/2026 12:33:37;3;2;0001  215592-1;01;CAMIONETA LUN 1;2091884;"CP29    ";"CASA PICK S.A.                                    ";MARCOS SASTRE 1751;953146;"80-198         ";80-198 - DUCHA EMB. C/TRANSF. CR C.CERAM PURA;21;21;21;23481828;170926033135496;184320682;;;;02/25/2032 00:00:00;4;14012350;17/09/2026 12:31:35;Mirko;Hernandez;;;;;;Mirko Hernandez;
14357308;17/09/2026 12:33:37;3;2;0001  215592-1;01;CAMIONETA LUN 1;2091884;"CP29    ";"CASA PICK S.A.                                    ";MARCOS SASTRE 1751;953146;"80-198         ";80-198 - DUCHA EMB. C/TRANSF. CR C.CERAM PURA;21;21;21;23481853;170926033200803;184320807;;;;02/25/2032 00:00:00;4;14012360;17/09/2026 12:32:00;Mirko;Hernandez;;;;;;Mirko Hernandez;
14357308;17/09/2026 12:33:37;3;2;0001  215592-1;01;CAMIONETA LUN 1;2091884;"CP29    ";"CASA PICK S.A.                                    ";MARCOS SASTRE 1751;953146;"80-198         ";80-198 - DUCHA EMB. C/TRANSF. CR C.CERAM PURA;21;21;21;23481875;170926033232074;184320967;;;;02/25/2032 00:00:00;4;14012375;17/09/2026 12:32:32;Mirko;Hernandez;;;;;;Mirko Hernandez;
14357308;17/09/2026 12:33:37;3;2;0001  215592-1;01;CAMIONETA LUN 1;2091884;"CP29    ";"CASA PICK S.A.                                    ";MARCOS SASTRE 1751;953146;"80-198         ";80-198 - DUCHA EMB. C/TRANSF. CR C.CERAM PURA;21;21;21;23481904;170926033300985;184321103;;;;02/25/2032 00:00:00;4;14012389;17/09/2026 12:33:00;Mirko;Hernandez;;;;;;Mirko Hernandez;
14357309;17/09/2026 14:24:27;3;2;0001  215613-1;01;CAMIONETA LUN 1;2091214;"BA30    ";"BARUGEL AZULAY Y CIA SAIC                         ";MARCOS SASTRE 1751;954918;"BCH16          ";BCH16 - BACHA DE APOYAR BLANCA 610x457x254 C/DESAGOTE Y REJILLA;1;1;1;23469600;170926051139534;184250814;;;;01/06/2032 00:00:00;1;14015527;17/09/2026 14:11:39;Mirko;Hernandez;24743712;17/09/2026 09:28:37;7827;Javier;Machado;Mirko Hernandez;Javier Machado
14357309;17/09/2026 14:24:27;3;2;0001  215613-1;01;CAMIONETA LUN 1;2091214;"BA30    ";"BARUGEL AZULAY Y CIA SAIC                         ";MARCOS SASTRE 1751;954910;"BCH09          ";BCH09 - BACHA DE APOYAR RECTANGULAR 610x410x115;2;2;2;23469600;170926051139534;184242568;;;;07/28/2031 00:00:00;2;14015527;17/09/2026 14:11:39;Mirko;Hernandez;24743712;17/09/2026 09:28:37;7827;Javier;Machado;Mirko Hernandez;Javier Machado
14357309;17/09/2026 14:24:27;3;2;0001  215613-1;01;CAMIONETA LUN 1;2091214;"BA30    ";"BARUGEL AZULAY Y CIA SAIC                         ";MARCOS SASTRE 1751;951528;"20-140         ";20-140 - MONOCOMANDO DE COCINA LINEA CUINA;2;2;2;23470150;170926052426358;184247171;;;;10/07/2031 00:00:00;2;14016022;17/09/2026 14:24:26;Mirko;Hernandez;24744297;17/09/2026 09:23:03;6922;Franco;Potenza;Mirko Hernandez;Franco Potenza
14357310;17/09/2026 14:23:51;3;2;0001  215639-1;01;CAMIONETA LUN 1;2093250;"LN02    ";"LA NORIA REVESIMIENTOS S.A.                       ";AV. J.M. CAMPOS 1531/5;950903;"03-010         ";"LAVATORIO ALTO TEMPORIZADO TECNO                                      ";2;2;2;23466233;170926052350632;184223024;;;;09/16/2031 00:00:00;2;14015979;17/09/2026 14:23:50;Mirko;Hernandez;24740775;17/09/2026 08:04:47;6866;Alejandro;Dure;Mirko Hernandez;Alejandro Dure
14357310;17/09/2026 14:23:51;3;2;0001  215639-1;01;CAMIONETA LUN 1;2093250;"LN02    ";"LA NORIA REVESIMIENTOS S.A.                       ";AV. J.M. CAMPOS 1531/5;953159;"80-203P        ";80-203P - DUCHA EMB C/TRANSF. MONOCOMANDO ADRA PLUS;3;3;3;23466233;170926052350632;184217218;;;;07/28/2031 00:00:00;3;14015979;17/09/2026 14:23:50;Mirko;Hernandez;24740775;17/09/2026 08:04:47;6866;Alejandro;Dure;Mirko Hernandez;Alejandro Dure
14357311;17/09/2026 12:13:29;3;2;0001  215657-1;01;CAMIONETA LUN 1;2091884;"CP29    ";"CASA PICK S.A.                                    ";MARCOS SASTRE 1751;952713;"61-176N        ";61-176N - LAVATORIO MONOC ALTO BLACK RIO;5;5;5;23466234;170926031327628;184218890;;;;07/29/2031 00:00:00;5;14011877;17/09/2026 12:13:27;Mirko;Hernandez;24740775;17/09/2026 08:04:47;6866;Alejandro;Dure;Mirko Hernandez;Alejandro Dure
14357312;17/09/2026 13:42:28;3;2;0001  215444-2;01;CAMIONETA LUN 1;2103189;"DB16    ";"DANIEL A. BASGALL S.R.L. -GRUPO UNIVERSO          ";AV. JUAN D. PERON 8660;951162;"1335           ";"QUEINOX MACHO MOVIL MH 1/2"" x 35                                      ";10;10;10;23470509;170926044224838;184246114;;;;02/10/2032 00:00:00;10;14014340;17/09/2026 13:42:24;Mirko;Hernandez;24744642;17/09/2026 09:27:08;7839;Claudio;Juarez;Mirko Hernandez;Claudio Juarez
14357312;17/09/2026 13:42:28;3;2;0001  215444-2;01;CAMIONETA LUN 1;2103189;"DB16    ";"DANIEL A. BASGALL S.R.L. -GRUPO UNIVERSO          ";AV. JUAN D. PERON 8660;951168;"1340           ";"QUEINOX MACHO MOVIL MH 1/2"" x 40                                      ";8;8;8;23470509;170926044224838;184246719;;;;02/09/2032 00:00:00;8;14014340;17/09/2026 13:42:24;Mirko;Hernandez;24744642;17/09/2026 09:27:08;7839;Claudio;Juarez;Mirko Hernandez;Claudio Juarez
14357313;17/09/2026 14:09:48;3;2;0001  214823-3;01;CAMIONETA LUN 1;2092901;"HO07    ";"HOKAMAT SRL                                       ";AV. PTE. PERON 2787;956412;"INO102-2       ";"DEPOSITO C/DESCARGA DUAL BLANCO LINEA LOFT                            ";7;7;7;23468876;170926050947363;184239257;;;;02/25/2032 00:00:00;7;14015442;17/09/2026 14:09:47;Mirko;Hernandez;24743194;17/09/2026 08:54:16;6866;Alejandro;Dure;Mirko Hernandez;Alejandro Dure
14357314;17/09/2026 14:10:43;3;2;0001  215714-1;01;CAMIONETA LUN 1;2094251;"RS17    ";"ROCAS DEL SUR S.A. -CORTES                        ";CALLE 79 (EX. ERASMO) 1155;957102;"PDU120         ";"DESAGUE P/PISO DE DUCHA                                               ";1;1;1;23469601;170926051041026;184249039;;;;12/07/2031 00:00:00;1;14015486;17/09/2026 14:10:41;Mirko;Hernandez;24743712;17/09/2026 09:28:37;7827;Javier;Machado;Mirko Hernandez;Javier Machado
14357314;17/09/2026 14:10:43;3;2;0001  215714-1;01;CAMIONETA LUN 1;2094251;"RS17    ";"ROCAS DEL SUR S.A. -CORTES                        ";CALLE 79 (EX. ERASMO) 1155;957096;"PDU102         ";"PISO DUCHA RESINA POLIESTER BLANCA 1200x700x25                        ";1;1;1;23469601;170926051041026;184248025;;;;03/01/2032 00:00:00;1;14015486;17/09/2026 14:10:41;Mirko;Hernandez;24743712;17/09/2026 09:28:37;7827;Javier;Machado;Mirko Hernandez;Javier Machado
14357315;17/09/2026 14:16:06;3;2;0001  215741-1;01;CAMIONETA LUN 1;2325842;"SA75    ";"SANITARIOS ARGENTINOS SRL                         ";HIPOLITO YRIGOYEN 2103;953197;"81-010         ";81-010 - DUCHA EMB. S/TRANSF. BL/CR LORCA;3;3;3;23471263;170926051604650;184250202;;;;11/24/2031 00:00:00;3;14015698;17/09/2026 14:16:04;Mirko;Hernandez;24745356;17/09/2026 09:28:04;6922;Franco;Potenza;Mirko Hernandez;Franco Potenza
14357316;17/09/2026 13:30:36;3;2;0001  215778-1;01;CAMIONETA LUN 1;2094499;"SJ04    ";"SANITARIOS JOSE C. PAZ S A E F                    ";HIPOLITO YRIGOYEN 1206;951343;"1930-70GN      ";1930-70GN - FLEXIBLE P/GAS NATURAL C/PILAR H 1 1/4-M 3/4 30-70;20;20;20;23466235;170926043035897;184221258;;;;07/31/2031 00:00:00;20;14013928;17/09/2026 13:30:35;Mirko;Hernandez;24740775;17/09/2026 08:04:47;6866;Alejandro;Dure;Mirko Hernandez;Alejandro Dure
14357317;17/09/2026 14:21:14;3;2;0001  215817-1;01;CAMIONETA LUN 1;2093656;"NA09    ";"NAVARRO ACHE S.A.                                 ";PANAMERICANA KM 47 COLECTORA ESTE RAMAL ESCOBAR 2390;954235;"A1452NI        ";A1452NI - CAÑO DE DUCHA RECTO 150 MM NICKEL C/BLISTER;1;1;1;23466236;170926052114496;184222071;;;;02/02/2032 00:00:00;1;14015844;17/09/2026 14:21:14;Mirko;Hernandez;24740775;17/09/2026 08:04:47;6866;Alejandro;Dure;Mirko Hernandez;Alejandro Dure
14357317;17/09/2026 14:21:14;3;2;0001  215817-1;01;CAMIONETA LUN 1;2093656;"NA09    ";"NAVARRO ACHE S.A.                                 ";PANAMERICANA KM 47 COLECTORA ESTE RAMAL ESCOBAR 2390;953159;"80-203P        ";80-203P - DUCHA EMB C/TRANSF. MONOCOMANDO ADRA PLUS;2;2;2;23487492;170926051938114;184217376;;;;07/28/2031 00:00:00;2;14015858;17/09/2026 14:19:38;Mirko;Hernandez;;;;;;Mirko Hernandez;
14357317;17/09/2026 14:21:14;3;2;0001  215817-1;01;CAMIONETA LUN 1;2093656;"NA09    ";"NAVARRO ACHE S.A.                                 ";PANAMERICANA KM 47 COLECTORA ESTE RAMAL ESCOBAR 2390;951294;"17010G         ";17010G - TOALLERO BARRAL LINEA FABRIC GOLD;2;2;2;23487521;170926052010772;184222396;;;;07/27/2031 00:00:00;2;14015889;17/09/2026 14:20:10;Mirko;Hernandez;;;;;;Mirko Hernandez;
14357318;17/09/2026 13:25:07;3;2;0001  215829-1;01;CAMIONETA LUN 1;2091214;"BA30    ";"BARUGEL AZULAY Y CIA SAIC                         ";MARCOS SASTRE 1751;952916;"70-168N        ";70-168N - BIDE MONOC BLACK WAVE;27;27;27;23466321;170926041439155;184217160;;;;01/05/2032 00:00:00;6;14013140;17/09/2026 13:14:39;Mirko;Hernandez;24740994;17/09/2026 07:42:31;7839;Claudio;Juarez;Mirko Hernandez;Claudio Juarez
14357318;17/09/2026 13:25:07;3;2;0001  215829-1;01;CAMIONETA LUN 1;2091214;"BA30    ";"BARUGEL AZULAY Y CIA SAIC                         ";MARCOS SASTRE 1751;953347;"85-168N        ";85-168N - DUCHA MONOC C/TRANSF Y DUCHADOR BLACK WAVE;27;27;27;23467004;170926042506097;184222079;;;;02/04/2032 00:00:00;3;14013533;17/09/2026 13:25:06;Mirko;Hernandez;24741592;17/09/2026 07:57:38;7839;Claudio;Juarez;Mirko Hernandez;Claudio Juarez
14357318;17/09/2026 13:25:07;3;2;0001  215829-1;01;CAMIONETA LUN 1;2091214;"BA30    ";"BARUGEL AZULAY Y CIA SAIC                         ";MARCOS SASTRE 1751;952916;"70-168N        ";70-168N - BIDE MONOC BLACK WAVE;27;27;27;23483280;170926040401725;184330609;;;;01/05/2032 00:00:00;3;14013163;17/09/2026 13:04:01;Mirko;Hernandez;;;;;;Mirko Hernandez;
14357318;17/09/2026 13:25:07;3;2;0001  215829-1;01;CAMIONETA LUN 1;2091214;"BA30    ";"BARUGEL AZULAY Y CIA SAIC                         ";MARCOS SASTRE 1751;951513;"20-122N        ";20-122N - MONOCOMANDO COCINA C/PICO EXTRAIBLE VALENCIA BLACK;27;27;27;23483280;170926040401725;184330608;;;;09/13/2031 00:00:00;3;14013163;17/09/2026 13:04:01;Mirko;Hernandez;;;;;;Mirko Hernandez;
14357318;17/09/2026 13:25:07;3;2;0001  215829-1;01;CAMIONETA LUN 1;2091214;"BA30    ";"BARUGEL AZULAY Y CIA SAIC                         ";MARCOS SASTRE 1751;951536;"20-162         ";20-162 - MONOCOMANDO COCINA ADRA;1;1;1;23483305;170926040435895;184216862;;;;07/28/2031 00:00:00;1;14013190;17/09/2026 13:04:35;Mirko;Hernandez;;;;;;Mirko Hernandez;
14357318;17/09/2026 13:25:07;3;2;0001  215829-1;01;CAMIONETA LUN 1;2091214;"BA30    ";"BARUGEL AZULAY Y CIA SAIC                         ";MARCOS SASTRE 1751;951554;"20-190         ";20-190 - COCINA MESADA MONOC BLACK VELVET;1;1;1;23483305;170926040435895;184217471;;;;07/28/2031 00:00:00;1;14013190;17/09/2026 13:04:35;Mirko;Hernandez;;;;;;Mirko Hernandez;
14357318;17/09/2026 13:25:07;3;2;0001  215829-1;01;CAMIONETA LUN 1;2091214;"BA30    ";"BARUGEL AZULAY Y CIA SAIC                         ";MARCOS SASTRE 1751;952499;"54-203         ";"COCINA PARED EXT C.CERAM ADRA MONOCOMANDO                             ";27;27;27;23483327;170926040503005;184330876;;;;02/18/2032 00:00:00;3;14013205;17/09/2026 13:05:03;Mirko;Hernandez;;;;;;Mirko Hernandez;
14357318;17/09/2026 13:25:07;3;2;0001  215829-1;01;CAMIONETA LUN 1;2091214;"BA30    ";"BARUGEL AZULAY Y CIA SAIC                         ";MARCOS SASTRE 1751;952674;"60-200N        ";60-200N - LAVATORIO MONOC BAJO BLACK FABRIC;1;1;1;23483327;170926040503005;184218231;;;;07/28/2031 00:00:00;1;14013205;17/09/2026 13:05:03;Mirko;Hernandez;;;;;;Mirko Hernandez;
14357318;17/09/2026 13:25:07;3;2;0001  215829-1;01;CAMIONETA LUN 1;2091214;"BA30    ";"BARUGEL AZULAY Y CIA SAIC                         ";MARCOS SASTRE 1751;952709;"61-168N        ";61-168N - LAVATORIO MONOC ALTO BLACK WAVE;19;19;19;23483378;170926040604062;184331179;;;;07/28/2031 00:00:00;9;14013228;17/09/2026 13:06:04;Mirko;Hernandez;;;;;;Mirko Hernandez;
14357318;17/09/2026 13:25:07;3;2;0001  215829-1;01;CAMIONETA LUN 1;2091214;"BA30    ";"BARUGEL AZULAY Y CIA SAIC                         ";MARCOS SASTRE 1751;951513;"20-122N        ";20-122N - MONOCOMANDO COCINA C/PICO EXTRAIBLE VALENCIA BLACK;27;27;27;23483500;170926040845434;184332063;;;;09/13/2031 00:00:00;6;14013312;17/09/2026 13:08:45;Mirko;Hernandez;;;;;;Mirko Hernandez;
14357318;17/09/2026 13:25:07;3;2;0001  215829-1;01;CAMIONETA LUN 1;2091214;"BA30    ";"BARUGEL AZULAY Y CIA SAIC                         ";MARCOS SASTRE 1751;951513;"20-122N        ";20-122N - MONOCOMANDO COCINA C/PICO EXTRAIBLE VALENCIA BLACK;27;27;27;23483524;170926040900977;184332155;;;;09/13/2031 00:00:00;6;14013320;17/09/2026 13:09:01;Mirko;Hernandez;;;;;;Mirko Hernandez;
14357318;17/09/2026 13:25:07;3;2;0001  215829-1;01;CAMIONETA LUN 1;2091214;"BA30    ";"BARUGEL AZULAY Y CIA SAIC                         ";MARCOS SASTRE 1751;951513;"20-122N        ";20-122N - MONOCOMANDO COCINA C/PICO EXTRAIBLE VALENCIA BLACK;27;27;27;23483567;170926040929177;184332316;;;;09/13/2031 00:00:00;6;14013336;17/09/2026 13:09:29;Mirko;Hernandez;;;;;;Mirko Hernandez;
14357318;17/09/2026 13:25:07;3;2;0001  215829-1;01;CAMIONETA LUN 1;2091214;"BA30    ";"BARUGEL AZULAY Y CIA SAIC                         ";MARCOS SASTRE 1751;951513;"20-122N        ";20-122N - MONOCOMANDO COCINA C/PICO EXTRAIBLE VALENCIA BLACK;27;27;27;23483593;170926040955235;184218763;;;;09/13/2031 00:00:00;6;14013351;17/09/2026 13:09:55;Mirko;Hernandez;;;;;;Mirko Hernandez;
14357318;17/09/2026 13:25:07;3;2;0001  215829-1;01;CAMIONETA LUN 1;2091214;"BA30    ";"BARUGEL AZULAY Y CIA SAIC                         ";MARCOS SASTRE 1751;952796;"63-168N        ";"LAVATORIO PARED EMB MONOC BLACK WAVE                                  ";10;10;10;23483602;170926041010637;184217755;;;;07/28/2031 00:00:00;10;14013358;17/09/2026 13:10:10;Mirko;Hernandez;;;;;;Mirko Hernandez;
14357318;17/09/2026 13:25:07;3;2;0001  215829-1;01;CAMIONETA LUN 1;2091214;"BA30    ";"BARUGEL AZULAY Y CIA SAIC                         ";MARCOS SASTRE 1751;952499;"54-203         ";"COCINA PARED EXT C.CERAM ADRA MONOCOMANDO                             ";27;27;27;23483639;170926041057075;184332825;;;;02/18/2032 00:00:00;6;14013383;17/09/2026 13:10:57;Mirko;Hernandez;;;;;;Mirko Hernandez;
14357318;17/09/2026 13:25:07;3;2;0001  215829-1;01;CAMIONETA LUN 1;2091214;"BA30    ";"BARUGEL AZULAY Y CIA SAIC                         ";MARCOS SASTRE 1751;952499;"54-203         ";"COCINA PARED EXT C.CERAM ADRA MONOCOMANDO                             ";27;27;27;23483649;170926041117689;184332953;;;;02/18/2032 00:00:00;6;14013393;17/09/2026 13:11:17;Mirko;Hernandez;;;;;;Mirko Hernandez;
14357318;17/09/2026 13:25:07;3;2;0001  215829-1;01;CAMIONETA LUN 1;2091214;"BA30    ";"BARUGEL AZULAY Y CIA SAIC                         ";MARCOS SASTRE 1751;952499;"54-203         ";"COCINA PARED EXT C.CERAM ADRA MONOCOMANDO                             ";27;27;27;23483660;170926041131462;184333064;;;;02/18/2032 00:00:00;6;14013399;17/09/2026 13:11:31;Mirko;Hernandez;;;;;;Mirko Hernandez;
14357318;17/09/2026 13:25:07;3;2;0001  215829-1;01;CAMIONETA LUN 1;2091214;"BA30    ";"BARUGEL AZULAY Y CIA SAIC                         ";MARCOS SASTRE 1751;952499;"54-203         ";"COCINA PARED EXT C.CERAM ADRA MONOCOMANDO                             ";27;27;27;23483673;170926041147962;184216603;;;;02/18/2032 00:00:00;6;14013407;17/09/2026 13:11:48;Mirko;Hernandez;;;;;;Mirko Hernandez;
14357318;17/09/2026 13:25:07;3;2;0001  215829-1;01;CAMIONETA LUN 1;2091214;"BA30    ";"BARUGEL AZULAY Y CIA SAIC                         ";MARCOS SASTRE 1751;952709;"61-168N        ";61-168N - LAVATORIO MONOC ALTO BLACK WAVE;19;19;19;23483738;170926041304282;184218154;;;;07/28/2031 00:00:00;10;14013450;17/09/2026 13:13:04;Mirko;Hernandez;;;;;;Mirko Hernandez;
14357318;17/09/2026 13:25:07;3;2;0001  215829-1;01;CAMIONETA LUN 1;2091214;"BA30    ";"BARUGEL AZULAY Y CIA SAIC                         ";MARCOS SASTRE 1751;952916;"70-168N        ";70-168N - BIDE MONOC BLACK WAVE;27;27;27;23483795;170926041405235;184333913;;;;01/05/2032 00:00:00;6;14013474;17/09/2026 13:14:05;Mirko;Hernandez;;;;;;Mirko Hernandez;
14357318;17/09/2026 13:25:07;3;2;0001  215829-1;01;CAMIONETA LUN 1;2091214;"BA30    ";"BARUGEL AZULAY Y CIA SAIC                         ";MARCOS SASTRE 1751;952916;"70-168N        ";70-168N - BIDE MONOC BLACK WAVE;27;27;27;23483802;170926041414183;184333968;;;;01/05/2032 00:00:00;6;14013481;17/09/2026 13:14:14;Mirko;Hernandez;;;;;;Mirko Hernandez;
14357318;17/09/2026 13:25:07;3;2;0001  215829-1;01;CAMIONETA LUN 1;2091214;"BA30    ";"BARUGEL AZULAY Y CIA SAIC                         ";MARCOS SASTRE 1751;952916;"70-168N        ";70-168N - BIDE MONOC BLACK WAVE;27;27;27;23483813;170926041429544;184334038;;;;01/05/2032 00:00:00;6;14013486;17/09/2026 13:14:29;Mirko;Hernandez;;;;;;Mirko Hernandez;
14357318;17/09/2026 13:25:07;3;2;0001  215829-1;01;CAMIONETA LUN 1;2091214;"BA30    ";"BARUGEL AZULAY Y CIA SAIC                         ";MARCOS SASTRE 1751;953347;"85-168N        ";85-168N - DUCHA MONOC C/TRANSF Y DUCHADOR BLACK WAVE;27;27;27;23483914;170926041621513;184334627;;;;02/04/2032 00:00:00;3;14013544;17/09/2026 13:16:21;Mirko;Hernandez;;;;;;Mirko Hernandez;
14357318;17/09/2026 13:25:07;3;2;0001  215829-1;01;CAMIONETA LUN 1;2091214;"BA30    ";"BARUGEL AZULAY Y CIA SAIC                         ";MARCOS SASTRE 1751;953347;"85-168N        ";85-168N - DUCHA MONOC C/TRANSF Y DUCHADOR BLACK WAVE;27;27;27;23484170;170926042157463;184336510;;;;02/04/2032 00:00:00;3;14013679;17/09/2026 13:21:57;Mirko;Hernandez;;;;;;Mirko Hernandez;
14357318;17/09/2026 13:25:07;3;2;0001  215829-1;01;CAMIONETA LUN 1;2091214;"BA30    ";"BARUGEL AZULAY Y CIA SAIC                         ";MARCOS SASTRE 1751;953347;"85-168N        ";85-168N - DUCHA MONOC C/TRANSF Y DUCHADOR BLACK WAVE;27;27;27;23484190;170926042217907;184336640;;;;02/04/2032 00:00:00;3;14013689;17/09/2026 13:22:17;Mirko;Hernandez;;;;;;Mirko Hernandez;
14357318;17/09/2026 13:25:07;3;2;0001  215829-1;01;CAMIONETA LUN 1;2091214;"BA30    ";"BARUGEL AZULAY Y CIA SAIC                         ";MARCOS SASTRE 1751;953347;"85-168N        ";85-168N - DUCHA MONOC C/TRANSF Y DUCHADOR BLACK WAVE;27;27;27;23484208;170926042243605;184336800;;;;02/04/2032 00:00:00;3;14013702;17/09/2026 13:22:43;Mirko;Hernandez;;;;;;Mirko Hernandez;
14357318;17/09/2026 13:25:07;3;2;0001  215829-1;01;CAMIONETA LUN 1;2091214;"BA30    ";"BARUGEL AZULAY Y CIA SAIC                         ";MARCOS SASTRE 1751;953347;"85-168N        ";85-168N - DUCHA MONOC C/TRANSF Y DUCHADOR BLACK WAVE;27;27;27;23484231;170926042307951;184336951;;;;02/04/2032 00:00:00;3;14013716;17/09/2026 13:23:07;Mirko;Hernandez;;;;;;Mirko Hernandez;
14357318;17/09/2026 13:25:07;3;2;0001  215829-1;01;CAMIONETA LUN 1;2091214;"BA30    ";"BARUGEL AZULAY Y CIA SAIC                         ";MARCOS SASTRE 1751;953347;"85-168N        ";85-168N - DUCHA MONOC C/TRANSF Y DUCHADOR BLACK WAVE;27;27;27;23484270;170926042335656;184337114;;;;02/04/2032 00:00:00;3;14013731;17/09/2026 13:23:35;Mirko;Hernandez;;;;;;Mirko Hernandez;
14357318;17/09/2026 13:25:07;3;2;0001  215829-1;01;CAMIONETA LUN 1;2091214;"BA30    ";"BARUGEL AZULAY Y CIA SAIC                         ";MARCOS SASTRE 1751;953347;"85-168N        ";85-168N - DUCHA MONOC C/TRANSF Y DUCHADOR BLACK WAVE;27;27;27;23484296;170926042404524;184337310;;;;02/04/2032 00:00:00;3;14013744;17/09/2026 13:24:04;Mirko;Hernandez;;;;;;Mirko Hernandez;
14357318;17/09/2026 13:25:07;3;2;0001  215829-1;01;CAMIONETA LUN 1;2091214;"BA30    ";"BARUGEL AZULAY Y CIA SAIC                         ";MARCOS SASTRE 1751;953347;"85-168N        ";85-168N - DUCHA MONOC C/TRANSF Y DUCHADOR BLACK WAVE;27;27;27;23484317;170926042431911;184337477;;;;02/04/2032 00:00:00;3;14013758;17/09/2026 13:24:31;Mirko;Hernandez;;;;;;Mirko Hernandez;
14357319;17/09/2026 13:40:20;3;2;0001  215855-1;01;CAMIONETA LUN 1;2092256;"EC18    ";"ECLECTICA BOIA -SOC. POR ACCIONES SIMPLIFICADA    ";ALFEREZ PACHECO 824;953086;"80-131         ";80-131 - DUCHA EMB. C/TRANSF. CR C.CERAM MALLORCA;2;2;2;23468027;170926044019776;184231686;;;;01/24/2032 00:00:00;2;14014309;17/09/2026 13:40:19;Mirko;Hernandez;24742439;17/09/2026 08:38:50;7839;Claudio;Juarez;Mirko Hernandez;Claudio Juarez
14357319;17/09/2026 13:40:20;3;2;0001  215855-1;01;CAMIONETA LUN 1;2092256;"EC18    ";"ECLECTICA BOIA -SOC. POR ACCIONES SIMPLIFICADA    ";ALFEREZ PACHECO 824;952616;"60-131         ";60-131 - LAVATORIO C.CERAM CR MALLORCA;3;3;3;23468027;170926044019776;184231198;;;;01/03/2032 00:00:00;3;14014309;17/09/2026 13:40:19;Mirko;Hernandez;24742439;17/09/2026 08:38:50;7839;Claudio;Juarez;Mirko Hernandez;Claudio Juarez
14357320;17/09/2026 13:38:43;3;2;0001  215693-1;01;CAMIONETA LUN 1;2091214;"BA30    ";"BARUGEL AZULAY Y CIA SAIC                         ";MARCOS SASTRE 1751;952659;"60-191         ";60-191 - LAVATORIO C.CERAM LINEA PRADO;1;1;1;23468028;170926043120248;184229046;;;;07/29/2031 00:00:00;1;14013997;17/09/2026 13:31:20;Mirko;Hernandez;24742439;17/09/2026 08:38:50;7839;Claudio;Juarez;Mirko Hernandez;Claudio Juarez
14357320;17/09/2026 13:38:43;3;2;0001  215693-1;01;CAMIONETA LUN 1;2091214;"BA30    ";"BARUGEL AZULAY Y CIA SAIC                         ";MARCOS SASTRE 1751;952645;"60-175GR       ";60-175GR - LAVATORIO PULSE GRAFITO C.CERAM;1;1;1;23468028;170926043120248;184233148;;;;07/31/2031 00:00:00;1;14013997;17/09/2026 13:31:20;Mirko;Hernandez;24742439;17/09/2026 08:38:50;7839;Claudio;Juarez;Mirko Hernandez;Claudio Juarez
14357320;17/09/2026 13:38:43;3;2;0001  215693-1;01;CAMIONETA LUN 1;2091214;"BA30    ";"BARUGEL AZULAY Y CIA SAIC                         ";MARCOS SASTRE 1751;952923;"70-175GR       ";70-175GR - BIDE PULSE GRAFITO C.CERAM;1;1;1;23468028;170926043120248;184233786;;;;07/31/2031 00:00:00;1;14013997;17/09/2026 13:31:20;Mirko;Hernandez;24742439;17/09/2026 08:38:50;7839;Claudio;Juarez;Mirko Hernandez;Claudio Juarez
14357320;17/09/2026 13:38:43;3;2;0001  215693-1;01;CAMIONETA LUN 1;2091214;"BA30    ";"BARUGEL AZULAY Y CIA SAIC                         ";MARCOS SASTRE 1751;953120;"80-175GR       ";80-175GR - DUCHA EMB C/TRANSF. PULSE GRAFITO C.CERAM;1;1;1;23468028;170926043120248;184234552;;;;10/12/2031 00:00:00;1;14013997;17/09/2026 13:31:20;Mirko;Hernandez;24742439;17/09/2026 08:38:50;7839;Claudio;Juarez;Mirko Hernandez;Claudio Juarez
14357320;17/09/2026 13:38:43;3;2;0001  215693-1;01;CAMIONETA LUN 1;2091214;"BA30    ";"BARUGEL AZULAY Y CIA SAIC                         ";MARCOS SASTRE 1751;954905;"BCH04/3        ";BCH04/3 - BACHA DE APOYAR CUADRADA 3 AG 420x420x125;2;2;2;23469602;170926043843514;184240373;;;;07/28/2031 00:00:00;1;14014202;17/09/2026 13:38:43;Mirko;Hernandez;24743712;17/09/2026 09:28:37;7827;Javier;Machado;Mirko Hernandez;Javier Machado
14357320;17/09/2026 13:38:43;3;2;0001  215693-1;01;CAMIONETA LUN 1;2091214;"BA30    ";"BARUGEL AZULAY Y CIA SAIC                         ";MARCOS SASTRE 1751;951265;"16040BL        ";16040BL - PORTA ROLLO ACCESORIOS LINEA 16000 BLACK;1;1;1;23470151;170926043636844;184247772;;;;07/31/2031 00:00:00;1;14014024;17/09/2026 13:36:36;Mirko;Hernandez;24744297;17/09/2026 09:23:03;6922;Franco;Potenza;Mirko Hernandez;Franco Potenza
14357320;17/09/2026 13:38:43;3;2;0001  215693-1;01;CAMIONETA LUN 1;2091214;"BA30    ";"BARUGEL AZULAY Y CIA SAIC                         ";MARCOS SASTRE 1751;951263;"16030BL        ";16030BL - PERCHA LINEA 16000 BLACK;5;5;5;23470151;170926043636844;184247653;;;;07/28/2031 00:00:00;5;14014024;17/09/2026 13:36:36;Mirko;Hernandez;24744297;17/09/2026 09:23:03;6922;Franco;Potenza;Mirko Hernandez;Franco Potenza
14357320;17/09/2026 13:38:43;3;2;0001  215693-1;01;CAMIONETA LUN 1;2091214;"BA30    ";"BARUGEL AZULAY Y CIA SAIC                         ";MARCOS SASTRE 1751;952951;"70-200N        ";70-200N - BIDE MONOCOMANDO BLACK FABRIC;1;1;1;23484726;170926043301921;184246607;;;;09/06/2031 00:00:00;1;14014052;17/09/2026 13:33:01;Mirko;Hernandez;;;;;;Mirko Hernandez;
14357320;17/09/2026 13:38:43;3;2;0001  215693-1;01;CAMIONETA LUN 1;2091214;"BA30    ";"BARUGEL AZULAY Y CIA SAIC                         ";MARCOS SASTRE 1751;952950;"70-200G        ";70-200G - BIDE MONOCOMANDO GOLD FABRIC;1;1;1;23484726;170926043301921;184243397;;;;07/27/2031 00:00:00;1;14014052;17/09/2026 13:33:01;Mirko;Hernandez;;;;;;Mirko Hernandez;
14357320;17/09/2026 13:38:43;3;2;0001  215693-1;01;CAMIONETA LUN 1;2091214;"BA30    ";"BARUGEL AZULAY Y CIA SAIC                         ";MARCOS SASTRE 1751;952674;"60-200N        ";60-200N - LAVATORIO MONOC BAJO BLACK FABRIC;1;1;1;23484726;170926043301921;184246134;;;;07/28/2031 00:00:00;1;14014052;17/09/2026 13:33:01;Mirko;Hernandez;;;;;;Mirko Hernandez;
14357320;17/09/2026 13:38:43;3;2;0001  215693-1;01;CAMIONETA LUN 1;2091214;"BA30    ";"BARUGEL AZULAY Y CIA SAIC                         ";MARCOS SASTRE 1751;952673;"60-200G        ";60-200G - LAVATORIO MONOC BAJO GOLD FABRIC;2;2;2;23484726;170926043301921;184243816;;;;07/28/2031 00:00:00;2;14014052;17/09/2026 13:33:01;Mirko;Hernandez;;;;;;Mirko Hernandez;
14357320;17/09/2026 13:38:43;3;2;0001  215693-1;01;CAMIONETA LUN 1;2091214;"BA30    ";"BARUGEL AZULAY Y CIA SAIC                         ";MARCOS SASTRE 1751;951412;"20030GR        ";20030GR - PERCHA GRAFITO LINEA PULSE  ;2;2;2;23484752;170926043335458;184245392;;;;07/31/2031 00:00:00;2;14014077;17/09/2026 13:33:35;Mirko;Hernandez;;;;;;Mirko Hernandez;
14357320;17/09/2026 13:38:43;3;2;0001  215693-1;01;CAMIONETA LUN 1;2091214;"BA30    ";"BARUGEL AZULAY Y CIA SAIC                         ";MARCOS SASTRE 1751;951426;"20040GR        ";20040GR - PORTA ROLLO GRAFITO LINEA PULSE;1;1;1;23484752;170926043335458;184245583;;;;07/31/2031 00:00:00;1;14014077;17/09/2026 13:33:35;Mirko;Hernandez;;;;;;Mirko Hernandez;
14357320;17/09/2026 13:38:43;3;2;0001  215693-1;01;CAMIONETA LUN 1;2091214;"BA30    ";"BARUGEL AZULAY Y CIA SAIC                         ";MARCOS SASTRE 1751;951508;"20-121         ";20-121 - COCINA MSDA MONOC.P. REDONDO MARBELLA;1;1;1;23484752;170926043335458;184244091;;;;07/30/2031 00:00:00;1;14014077;17/09/2026 13:33:35;Mirko;Hernandez;;;;;;Mirko Hernandez;
14357320;17/09/2026 13:38:43;3;2;0001  215693-1;01;CAMIONETA LUN 1;2091214;"BA30    ";"BARUGEL AZULAY Y CIA SAIC                         ";MARCOS SASTRE 1751;951312;"18010          ";18010 - TOALLERO BARRAL NIQUEL LINEA BEAT;3;3;3;23484820;170926043433144;184244702;;;;07/29/2031 00:00:00;3;14014116;17/09/2026 13:34:33;Mirko;Hernandez;;;;;;Mirko Hernandez;
14357320;17/09/2026 13:38:43;3;2;0001  215693-1;01;CAMIONETA LUN 1;2091214;"BA30    ";"BARUGEL AZULAY Y CIA SAIC                         ";MARCOS SASTRE 1751;954905;"BCH04/3        ";BCH04/3 - BACHA DE APOYAR CUADRADA 3 AG 420x420x125;2;2;2;23484985;170926043736892;184342660;;;;07/28/2031 00:00:00;1;14014232;17/09/2026 13:37:36;Mirko;Hernandez;;;;;;Mirko Hernandez;
14357321;17/09/2026 13:26:59;3;2;0001  215896-1;01;CAMIONETA LUN 1;2094405;"SD31    ";"SG SANITARIOS DEL ESTE S.A                        ";COLECTORA DEL ESTE 1921;952647;"60-176         ";"LAVATORIO MONOCOMANDO BAJO CR RIO                                     ";1;1;1;23470510;170926042645811;184249721;;;;10/11/2031 00:00:00;1;14013792;17/09/2026 13:26:45;Mirko;Hernandez;24744642;17/09/2026 09:27:08;7839;Claudio;Juarez;Mirko Hernandez;Claudio Juarez
14357321;17/09/2026 13:26:59;3;2;0001  215896-1;01;CAMIONETA LUN 1;2094405;"SD31    ";"SG SANITARIOS DEL ESTE S.A                        ";COLECTORA DEL ESTE 1921;952925;"70-176         ";70-176 - BIDE MONOC C/TRANSF CR RIO;1;1;1;23470510;170926042645811;184250104;;;;12/14/2031 00:00:00;1;14013792;17/09/2026 13:26:45;Mirko;Hernandez;24744642;17/09/2026 09:27:08;7839;Claudio;Juarez;Mirko Hernandez;Claudio Juarez
14357322;17/09/2026 13:42:46;3;2;0001  215761-1;01;CAMIONETA LUN 1;2093656;"NA09    ";"NAVARRO ACHE S.A.                                 ";PANAMERICANA KM 47 COLECTORA ESTE RAMAL ESCOBAR 2390;952786;"62-201NI       ";62-201NI - LAVATORIO DE PARED C.CERAM BEAT NICKEL;3;3;3;23468029;170926131646474;184229888;;;;11/02/2031 00:00:00;3;14013492;17/09/2026 13:16:46;Maximiliano;Nievas;24742439;17/09/2026 08:38:50;7839;Claudio;Juarez;Maximiliano Nievas;Claudio Juarez
14357322;17/09/2026 13:42:46;3;2;0001  215761-1;01;CAMIONETA LUN 1;2093656;"NA09    ";"NAVARRO ACHE S.A.                                 ";PANAMERICANA KM 47 COLECTORA ESTE RAMAL ESCOBAR 2390;952758;"62-162         ";62-162 - LAVATORIO DE PARED CR C.CERAM ADRA;3;3;3;23468029;170926131646474;184228405;;;;07/31/2031 00:00:00;3;14013492;17/09/2026 13:16:46;Maximiliano;Nievas;24742439;17/09/2026 08:38:50;7839;Claudio;Juarez;Maximiliano Nievas;Claudio Juarez
14357322;17/09/2026 13:42:46;3;2;0001  215761-1;01;CAMIONETA LUN 1;2093656;"NA09    ";"NAVARRO ACHE S.A.                                 ";PANAMERICANA KM 47 COLECTORA ESTE RAMAL ESCOBAR 2390;954922;"BCH19          ";"BACHA DE APOYAR BLANCA 365x235x120                                    ";2;2;2;23469603;170926131149426;184244438;;;;07/28/2031 00:00:00;2;14013402;17/09/2026 13:11:49;Maximiliano;Nievas;24743712;17/09/2026 09:28:37;7827;Javier;Machado;Maximiliano Nievas;Javier Machado
14357322;17/09/2026 13:42:46;3;2;0001  215761-1;01;CAMIONETA LUN 1;2093656;"NA09    ";"NAVARRO ACHE S.A.                                 ";PANAMERICANA KM 47 COLECTORA ESTE RAMAL ESCOBAR 2390;952956;"70-205         ";70-205 - BIDE MONOCOMANDO STEEL;1;1;1;23470152;170926134245046;184245837;;;;11/23/2031 00:00:00;1;14013565;17/09/2026 13:42:45;Maximiliano;Nievas;24744297;17/09/2026 09:23:03;6922;Franco;Potenza;Maximiliano Nievas;Franco Potenza
14357322;17/09/2026 13:42:46;3;2;0001  215761-1;01;CAMIONETA LUN 1;2093656;"NA09    ";"NAVARRO ACHE S.A.                                 ";PANAMERICANA KM 47 COLECTORA ESTE RAMAL ESCOBAR 2390;952728;"61-205         ";61-205 - LAVATORIO MONOC ALTO STEEL;1;1;1;23470152;170926134245046;184245968;;;;07/28/2031 00:00:00;1;14013565;17/09/2026 13:42:45;Maximiliano;Nievas;24744297;17/09/2026 09:23:03;6922;Franco;Potenza;Maximiliano Nievas;Franco Potenza
14357322;17/09/2026 13:42:46;3;2;0001  215761-1;01;CAMIONETA LUN 1;2093656;"NA09    ";"NAVARRO ACHE S.A.                                 ";PANAMERICANA KM 47 COLECTORA ESTE RAMAL ESCOBAR 2390;951327;"19030          ";19030 - PERCHA LINEA 19000;3;3;3;23470152;170926134245046;184248286;;;;07/29/2031 00:00:00;3;14013565;17/09/2026 13:42:45;Maximiliano;Nievas;24744297;17/09/2026 09:23:03;6922;Franco;Potenza;Maximiliano Nievas;Franco Potenza
14357322;17/09/2026 13:42:46;3;2;0001  215761-1;01;CAMIONETA LUN 1;2093656;"NA09    ";"NAVARRO ACHE S.A.                                 ";PANAMERICANA KM 47 COLECTORA ESTE RAMAL ESCOBAR 2390;951325;"19010          ";19010 - TOALLERO BARRAL LINEA 19000;3;3;3;23470152;170926134245046;184248118;;;;07/30/2031 00:00:00;3;14013565;17/09/2026 13:42:45;Maximiliano;Nievas;24744297;17/09/2026 09:23:03;6922;Franco;Potenza;Maximiliano Nievas;Franco Potenza
14357322;17/09/2026 13:42:46;3;2;0001  215761-1;01;CAMIONETA LUN 1;2093656;"NA09    ";"NAVARRO ACHE S.A.                                 ";PANAMERICANA KM 47 COLECTORA ESTE RAMAL ESCOBAR 2390;951318;"18040          ";18040 - PORTA ROLLO NIQUEL LINEA BEAT;1;1;1;23470152;170926134245046;184244480;;;;07/28/2031 00:00:00;1;14013565;17/09/2026 13:42:45;Maximiliano;Nievas;24744297;17/09/2026 09:23:03;6922;Franco;Potenza;Maximiliano Nievas;Franco Potenza
14357322;17/09/2026 13:42:46;3;2;0001  215761-1;01;CAMIONETA LUN 1;2093656;"NA09    ";"NAVARRO ACHE S.A.                                 ";PANAMERICANA KM 47 COLECTORA ESTE RAMAL ESCOBAR 2390;951312;"18010          ";18010 - TOALLERO BARRAL NIQUEL LINEA BEAT;2;2;2;23470152;170926134245046;184245004;;;;07/29/2031 00:00:00;2;14013565;17/09/2026 13:42:45;Maximiliano;Nievas;24744297;17/09/2026 09:23:03;6922;Franco;Potenza;Maximiliano Nievas;Franco Potenza
14357322;17/09/2026 13:42:46;3;2;0001  215761-1;01;CAMIONETA LUN 1;2093656;"NA09    ";"NAVARRO ACHE S.A.                                 ";PANAMERICANA KM 47 COLECTORA ESTE RAMAL ESCOBAR 2390;953109;"80-166         ";"DUCHA EMB. C/TRANSF. CR C.CERAM ADRA PLUS                             ";4;4;4;23483833;170926131452379;184226829;;;;01/19/2032 00:00:00;4;14013503;17/09/2026 13:14:52;Maximiliano;Nievas;;;;;;Maximiliano Nievas;
14357322;17/09/2026 13:42:46;3;2;0001  215761-1;01;CAMIONETA LUN 1;2093656;"NA09    ";"NAVARRO ACHE S.A.                                 ";PANAMERICANA KM 47 COLECTORA ESTE RAMAL ESCOBAR 2390;955159;"D439           ";D439 - KIT DE DUCHA MANUAL;1;1;1;23483906;170926131614565;184227924;;;;12/16/2031 00:00:00;1;14013541;17/09/2026 13:16:14;Maximiliano;Nievas;;;;;;Maximiliano Nievas;
14357322;17/09/2026 13:42:46;3;2;0001  215761-1;01;CAMIONETA LUN 1;2093656;"NA09    ";"NAVARRO ACHE S.A.                                 ";PANAMERICANA KM 47 COLECTORA ESTE RAMAL ESCOBAR 2390;953154;"80-200N        ";80-200N - DUCHA EMB. MONOC. 3 FUNCIONES BLACK FABRIC;1;1;1;23483906;170926131614565;184232120;;;;01/04/2032 00:00:00;1;14013541;17/09/2026 13:16:14;Maximiliano;Nievas;;;;;;Maximiliano Nievas;
14357322;17/09/2026 13:42:46;3;2;0001  215761-1;01;CAMIONETA LUN 1;2093656;"NA09    ";"NAVARRO ACHE S.A.                                 ";PANAMERICANA KM 47 COLECTORA ESTE RAMAL ESCOBAR 2390;953171;"80-353NI       ";80-353NI - DUCHA DE EMB 3 FUNCIONES BEAT NICKEL;1;1;1;23483906;170926131614565;184230174;;;;02/01/2032 00:00:00;1;14013541;17/09/2026 13:16:14;Maximiliano;Nievas;;;;;;Maximiliano Nievas;
14357322;17/09/2026 13:42:46;3;2;0001  215761-1;01;CAMIONETA LUN 1;2093656;"NA09    ";"NAVARRO ACHE S.A.                                 ";PANAMERICANA KM 47 COLECTORA ESTE RAMAL ESCOBAR 2390;952953;"70-201NI       ";70-201NI - BIDE CR C.CERAM BEAT NICKEL;1;1;1;23483906;170926131614565;184229581;;;;07/29/2031 00:00:00;1;14013541;17/09/2026 13:16:14;Maximiliano;Nievas;;;;;;Maximiliano Nievas;
14357322;17/09/2026 13:42:46;3;2;0001  215761-1;01;CAMIONETA LUN 1;2093656;"NA09    ";"NAVARRO ACHE S.A.                                 ";PANAMERICANA KM 47 COLECTORA ESTE RAMAL ESCOBAR 2390;953138;"80-192         ";80-192 - DUCHA EMB. C/TRANSF. SORIA BLACK;1;1;1;23484079;170926132004312;184245175;;;;07/28/2031 00:00:00;1;14013628;17/09/2026 13:20:04;Maximiliano;Nievas;;;;;;Maximiliano Nievas;
14357322;17/09/2026 13:42:46;3;2;0001  215761-1;01;CAMIONETA LUN 1;2093656;"NA09    ";"NAVARRO ACHE S.A.                                 ";PANAMERICANA KM 47 COLECTORA ESTE RAMAL ESCOBAR 2390;952951;"70-200N        ";70-200N - BIDE MONOCOMANDO BLACK FABRIC;1;1;1;23484079;170926132004312;184246688;;;;09/06/2031 00:00:00;1;14013628;17/09/2026 13:20:04;Maximiliano;Nievas;;;;;;Maximiliano Nievas;
14357322;17/09/2026 13:42:46;3;2;0001  215761-1;01;CAMIONETA LUN 1;2093656;"NA09    ";"NAVARRO ACHE S.A.                                 ";PANAMERICANA KM 47 COLECTORA ESTE RAMAL ESCOBAR 2390;952674;"60-200N        ";60-200N - LAVATORIO MONOC BAJO BLACK FABRIC;2;2;2;23484079;170926132004312;184246262;;;;07/28/2031 00:00:00;2;14013628;17/09/2026 13:20:04;Maximiliano;Nievas;;;;;;Maximiliano Nievas;
14357322;17/09/2026 13:42:46;3;2;0001  215761-1;01;CAMIONETA LUN 1;2093656;"NA09    ";"NAVARRO ACHE S.A.                                 ";PANAMERICANA KM 47 COLECTORA ESTE RAMAL ESCOBAR 2390;953161;"80-205         ";80-205 - DUCHA EMB. C/TRANSF. MONOC STEEL;1;1;1;23484079;170926132004312;184243209;;;;08/11/2031 00:00:00;1;14013628;17/09/2026 13:20:04;Maximiliano;Nievas;;;;;;Maximiliano Nievas;
14357322;17/09/2026 13:42:46;3;2;0001  215761-1;01;CAMIONETA LUN 1;2093656;"NA09    ";"NAVARRO ACHE S.A.                                 ";PANAMERICANA KM 47 COLECTORA ESTE RAMAL ESCOBAR 2390;951553;"20-184         ";"MONOCOMANDO DE COCINA CR SUV                                          ";1;1;1;23484150;170926132127195;184246437;;;;10/04/2031 00:00:00;1;14013665;17/09/2026 13:21:27;Maximiliano;Nievas;;;;;;Maximiliano Nievas;
14357322;17/09/2026 13:42:46;3;2;0001  215761-1;01;CAMIONETA LUN 1;2093656;"NA09    ";"NAVARRO ACHE S.A.                                 ";PANAMERICANA KM 47 COLECTORA ESTE RAMAL ESCOBAR 2390;951565;"20-205         ";20-205 - MONOCOMANDO DE COCINA STEEL;2;2;2;23484150;170926132127195;184242477;;;;07/28/2031 00:00:00;2;14013665;17/09/2026 13:21:27;Maximiliano;Nievas;;;;;;Maximiliano Nievas;
14357322;17/09/2026 13:42:46;3;2;0001  215761-1;01;CAMIONETA LUN 1;2093656;"NA09    ";"NAVARRO ACHE S.A.                                 ";PANAMERICANA KM 47 COLECTORA ESTE RAMAL ESCOBAR 2390;952712;"61-176         ";61-176 - LAVATORIO MONOC ALTO CR RIO;1;1;1;23484150;170926132127195;184244317;;;;10/11/2031 00:00:00;1;14013665;17/09/2026 13:21:27;Maximiliano;Nievas;;;;;;Maximiliano Nievas;
14357322;17/09/2026 13:42:46;3;2;0001  215761-1;01;CAMIONETA LUN 1;2093656;"NA09    ";"NAVARRO ACHE S.A.                                 ";PANAMERICANA KM 47 COLECTORA ESTE RAMAL ESCOBAR 2390;951532;"20-147         ";20-147 - MONOCOMANDO DE COCINA SWIFT;1;1;1;23484150;170926132127195;184243957;;;;08/04/2031 00:00:00;1;14013665;17/09/2026 13:21:27;Maximiliano;Nievas;;;;;;Maximiliano Nievas;
14357323;17/09/2026 14:00:21;3;2;0001  215795-1;01;CAMIONETA LUN 1;2091214;"BA30    ";"BARUGEL AZULAY Y CIA SAIC                         ";MARCOS SASTRE 1751;951260;"16010          ";16010 - TOALLERO BARRAL LINEA 16000;1;1;1;23466237;170926050021009;184221553;;;;07/31/2031 00:00:00;1;14014449;17/09/2026 14:00:21;Mirko;Hernandez;24740775;17/09/2026 08:04:47;6866;Alejandro;Dure;Mirko Hernandez;Alejandro Dure
14357323;17/09/2026 14:00:21;3;2;0001  215795-1;01;CAMIONETA LUN 1;2091214;"BA30    ";"BARUGEL AZULAY Y CIA SAIC                         ";MARCOS SASTRE 1751;951262;"16030          ";16030 - PERCHA LINEA 16000;1;1;1;23466237;170926050021009;184221440;;;;12/28/2031 00:00:00;1;14014449;17/09/2026 14:00:21;Mirko;Hernandez;24740775;17/09/2026 08:04:47;6866;Alejandro;Dure;Mirko Hernandez;Alejandro Dure
14357323;17/09/2026 14:00:21;3;2;0001  215795-1;01;CAMIONETA LUN 1;2091214;"BA30    ";"BARUGEL AZULAY Y CIA SAIC                         ";MARCOS SASTRE 1751;951264;"16040          ";16040 - PORTA ROLLO ACCESORIOS LINEA 16000;1;1;1;23466237;170926050021009;184220308;;;;07/27/2031 00:00:00;1;14014449;17/09/2026 14:00:21;Mirko;Hernandez;24740775;17/09/2026 08:04:47;6866;Alejandro;Dure;Mirko Hernandez;Alejandro Dure
14357323;17/09/2026 14:00:21;3;2;0001  215795-1;01;CAMIONETA LUN 1;2091214;"BA30    ";"BARUGEL AZULAY Y CIA SAIC                         ";MARCOS SASTRE 1751;951299;"17030C         ";17030C - PERCHA LINEA FABRIC CROMO;2;2;2;23466237;170926050021009;184216779;;;;11/10/2031 00:00:00;2;14014449;17/09/2026 14:00:21;Mirko;Hernandez;24740775;17/09/2026 08:04:47;6866;Alejandro;Dure;Mirko Hernandez;Alejandro Dure
14357323;17/09/2026 14:00:21;3;2;0001  215795-1;01;CAMIONETA LUN 1;2091214;"BA30    ";"BARUGEL AZULAY Y CIA SAIC                         ";MARCOS SASTRE 1751;951302;"17040C         ";17040C - PORTA ROLLO LINEA FABRIC CROMO;1;1;1;23466237;170926050021009;184217614;;;;07/29/2031 00:00:00;1;14014449;17/09/2026 14:00:21;Mirko;Hernandez;24740775;17/09/2026 08:04:47;6866;Alejandro;Dure;Mirko Hernandez;Alejandro Dure
14357323;17/09/2026 14:00:21;3;2;0001  215795-1;01;CAMIONETA LUN 1;2091214;"BA30    ";"BARUGEL AZULAY Y CIA SAIC                         ";MARCOS SASTRE 1751;951304;"17040N         ";17040N - PORTA ROLLO LINEA FABRIC BLACK;5;5;5;23485402;170926044440788;184216451;;;;07/29/2031 00:00:00;5;14014501;17/09/2026 13:44:40;Mirko;Hernandez;;;;;;Mirko Hernandez;
14357323;17/09/2026 14:00:21;3;2;0001  215795-1;01;CAMIONETA LUN 1;2091214;"BA30    ";"BARUGEL AZULAY Y CIA SAIC                         ";MARCOS SASTRE 1751;951303;"17040G         ";17040G - PORTA ROLLO LINEA FABRIC GOLD;1;1;1;23485402;170926044440788;184217706;;;;07/28/2031 00:00:00;1;14014501;17/09/2026 13:44:40;Mirko;Hernandez;;;;;;Mirko Hernandez;
14357323;17/09/2026 14:00:21;3;2;0001  215795-1;01;CAMIONETA LUN 1;2091214;"BA30    ";"BARUGEL AZULAY Y CIA SAIC                         ";MARCOS SASTRE 1751;951301;"17030N         ";17030N - PERCHA LINEA FABRIC BLACK;11;11;11;23485448;170926044528831;184216080;;;;07/28/2031 00:00:00;11;14014533;17/09/2026 13:45:28;Mirko;Hernandez;;;;;;Mirko Hernandez;
14357323;17/09/2026 14:00:21;3;2;0001  215795-1;01;CAMIONETA LUN 1;2091214;"BA30    ";"BARUGEL AZULAY Y CIA SAIC                         ";MARCOS SASTRE 1751;951294;"17010G         ";17010G - TOALLERO BARRAL LINEA FABRIC GOLD;1;1;1;23485808;170926045125203;184222487;;;;07/27/2031 00:00:00;1;14014780;17/09/2026 13:51:25;Mirko;Hernandez;;;;;;Mirko Hernandez;
14357323;17/09/2026 14:00:21;3;2;0001  215795-1;01;CAMIONETA LUN 1;2091214;"BA30    ";"BARUGEL AZULAY Y CIA SAIC                         ";MARCOS SASTRE 1751;951293;"17010C         ";17010C - TOALLERO BARRAL LINEA FABRIC CROMO;1;1;1;23485808;170926045125203;184216618;;;;12/28/2031 00:00:00;1;14014780;17/09/2026 13:51:25;Mirko;Hernandez;;;;;;Mirko Hernandez;
14357324;17/09/2026 13:02:27;3;2;0001  215804-1;01;CAMIONETA LUN 1;2092156;"DM20    ";"DECO MIRACEMA SAS                                 ";CUBA 1450;952913;"70-162N        ";70-162N - BIDE BLACK C.CERAM LINEA ADRA;10;10;10;23467325;170926040227560;184224181;;;;12/08/2031 00:00:00;1;14012620;17/09/2026 13:02:27;Mirko;Hernandez;24741889;17/09/2026 08:09:21;7839;Claudio;Juarez;Mirko Hernandez;Claudio Juarez
14357324;17/09/2026 13:02:27;3;2;0001  215804-1;01;CAMIONETA LUN 1;2092156;"DM20    ";"DECO MIRACEMA SAS                                 ";CUBA 1450;952874;"70-100G        ";70-100G - BIDE GOLD C.CERAM FABRIC;4;4;4;23467325;170926040227560;184224575;;;;07/29/2031 00:00:00;1;14012620;17/09/2026 13:02:27;Mirko;Hernandez;24741889;17/09/2026 08:09:21;7839;Claudio;Juarez;Mirko Hernandez;Claudio Juarez
14357324;17/09/2026 13:02:27;3;2;0001  215804-1;01;CAMIONETA LUN 1;2092156;"DM20    ";"DECO MIRACEMA SAS                                 ";CUBA 1450;952742;"62-100NI       ";62-100NI - LAVATORIO DE PARED NICKEL C.CERAM FABRIC;3;3;3;23467325;170926040227560;184223863;;;;09/02/2031 00:00:00;2;14012620;17/09/2026 13:02:27;Mirko;Hernandez;24741889;17/09/2026 08:09:21;7839;Claudio;Juarez;Mirko Hernandez;Claudio Juarez
14357324;17/09/2026 13:02:27;3;2;0001  215804-1;01;CAMIONETA LUN 1;2092156;"DM20    ";"DECO MIRACEMA SAS                                 ";CUBA 1450;952926;"70-176N        ";70-176N - BIDE MONOC C/TRANSF BLACK RIO;6;6;6;23467779;170926034141879;184227595;;;;11/23/2031 00:00:00;6;14012423;17/09/2026 12:41:41;Mirko;Hernandez;24742241;17/09/2026 08:27:43;6866;Alejandro;Dure;Mirko Hernandez;Alejandro Dure
14357324;17/09/2026 13:02:27;3;2;0001  215804-1;01;CAMIONETA LUN 1;2092156;"DM20    ";"DECO MIRACEMA SAS                                 ";CUBA 1450;951531;"20-146N        ";20-146N - MONOCOMANDO DE COCINA BLACK LINEA MOVE;15;15;15;23481995;170926033503734;184321771;;;;07/30/2031 00:00:00;3;14012463;17/09/2026 12:35:03;Mirko;Hernandez;;;;;;Mirko Hernandez;
14357324;17/09/2026 13:02:27;3;2;0001  215804-1;01;CAMIONETA LUN 1;2092156;"DM20    ";"DECO MIRACEMA SAS                                 ";CUBA 1450;951530;"20-146         ";20-146 - MONOCOMANDO DE COCINA CR LINEA MOVE;15;15;15;23481995;170926033503734;184321770;;;;11/23/2031 00:00:00;3;14012463;17/09/2026 12:35:03;Mirko;Hernandez;;;;;;Mirko Hernandez;
14357324;17/09/2026 13:02:27;3;2;0001  215804-1;01;CAMIONETA LUN 1;2092156;"DM20    ";"DECO MIRACEMA SAS                                 ";CUBA 1450;952679;"60-205         ";60-205 - LAVATORIO MONOC BAJO STEEL;6;6;6;23482078;170926033730852;184229648;;;;07/28/2031 00:00:00;6;14012509;17/09/2026 12:37:30;Mirko;Hernandez;;;;;;Mirko Hernandez;
14357324;17/09/2026 13:02:27;3;2;0001  215804-1;01;CAMIONETA LUN 1;2092156;"DM20    ";"DECO MIRACEMA SAS                                 ";CUBA 1450;951760;"3006SS         ";3006SS - SET DE 6 PIEZAS LINEA 3000 SS;2;2;2;23482120;170926033811137;184230372;;;;07/29/2031 00:00:00;2;14012522;17/09/2026 12:38:11;Mirko;Hernandez;;;;;;Mirko Hernandez;
14357324;17/09/2026 13:02:27;3;2;0001  215804-1;01;CAMIONETA LUN 1;2092156;"DM20    ";"DECO MIRACEMA SAS                                 ";CUBA 1450;951531;"20-146N        ";20-146N - MONOCOMANDO DE COCINA BLACK LINEA MOVE;15;15;15;23482148;170926033849727;184322997;;;;07/30/2031 00:00:00;6;14012537;17/09/2026 12:38:49;Mirko;Hernandez;;;;;;Mirko Hernandez;
14357324;17/09/2026 13:02:27;3;2;0001  215804-1;01;CAMIONETA LUN 1;2092156;"DM20    ";"DECO MIRACEMA SAS                                 ";CUBA 1450;951531;"20-146N        ";20-146N - MONOCOMANDO DE COCINA BLACK LINEA MOVE;15;15;15;23482181;170926033922395;184226973;;;;07/30/2031 00:00:00;6;14012545;17/09/2026 12:39:22;Mirko;Hernandez;;;;;;Mirko Hernandez;
14357324;17/09/2026 13:02:27;3;2;0001  215804-1;01;CAMIONETA LUN 1;2092156;"DM20    ";"DECO MIRACEMA SAS                                 ";CUBA 1450;951530;"20-146         ";20-146 - MONOCOMANDO DE COCINA CR LINEA MOVE;15;15;15;23482208;170926033951134;184323264;;;;11/23/2031 00:00:00;6;14012558;17/09/2026 12:39:51;Mirko;Hernandez;;;;;;Mirko Hernandez;
14357324;17/09/2026 13:02:27;3;2;0001  215804-1;01;CAMIONETA LUN 1;2092156;"DM20    ";"DECO MIRACEMA SAS                                 ";CUBA 1450;951530;"20-146         ";20-146 - MONOCOMANDO DE COCINA CR LINEA MOVE;15;15;15;23482236;170926034007230;184226358;;;;11/23/2031 00:00:00;6;14012564;17/09/2026 12:40:07;Mirko;Hernandez;;;;;;Mirko Hernandez;
14357324;17/09/2026 13:02:27;3;2;0001  215804-1;01;CAMIONETA LUN 1;2092156;"DM20    ";"DECO MIRACEMA SAS                                 ";CUBA 1450;951833;"30-132         ";30-132 - COCINA MESADA MONOC. C/DUCHADOR EXTENSIBLE VIGO;4;4;4;23482280;170926034107381;184228710;;;;10/07/2031 00:00:00;4;14012590;17/09/2026 12:41:07;Mirko;Hernandez;;;;;;Mirko Hernandez;
14357324;17/09/2026 13:02:27;3;2;0001  215804-1;01;CAMIONETA LUN 1;2092156;"DM20    ";"DECO MIRACEMA SAS                                 ";CUBA 1450;953109;"80-166         ";"DUCHA EMB. C/TRANSF. CR C.CERAM ADRA PLUS                             ";10;10;10;23482337;170926034221737;184324035;;;;01/19/2032 00:00:00;4;14012629;17/09/2026 12:42:21;Mirko;Hernandez;;;;;;Mirko Hernandez;
14357324;17/09/2026 13:02:27;3;2;0001  215804-1;01;CAMIONETA LUN 1;2092156;"DM20    ";"DECO MIRACEMA SAS                                 ";CUBA 1450;953109;"80-166         ";"DUCHA EMB. C/TRANSF. CR C.CERAM ADRA PLUS                             ";10;10;10;23482345;170926034240691;184324146;;;;01/19/2032 00:00:00;4;14012633;17/09/2026 12:42:40;Mirko;Hernandez;;;;;;Mirko Hernandez;
14357324;17/09/2026 13:02:27;3;2;0001  215804-1;01;CAMIONETA LUN 1;2092156;"DM20    ";"DECO MIRACEMA SAS                                 ";CUBA 1450;953071;"80-100G        ";80-100G - DUCHA EMB. C/TRANSF. GOLD C.CERAM FABRIC;5;5;5;23482385;170926034326956;184324403;;;;12/07/2031 00:00:00;3;14012648;17/09/2026 12:43:26;Mirko;Hernandez;;;;;;Mirko Hernandez;
14357324;17/09/2026 13:02:27;3;2;0001  215804-1;01;CAMIONETA LUN 1;2092156;"DM20    ";"DECO MIRACEMA SAS                                 ";CUBA 1450;953071;"80-100G        ";80-100G - DUCHA EMB. C/TRANSF. GOLD C.CERAM FABRIC;5;5;5;23482404;170926034350438;184224977;;;;12/07/2031 00:00:00;2;14012667;17/09/2026 12:43:50;Mirko;Hernandez;;;;;;Mirko Hernandez;
14357324;17/09/2026 13:02:27;3;2;0001  215804-1;01;CAMIONETA LUN 1;2092156;"DM20    ";"DECO MIRACEMA SAS                                 ";CUBA 1450;953109;"80-166         ";"DUCHA EMB. C/TRANSF. CR C.CERAM ADRA PLUS                             ";10;10;10;23482425;170926034424883;184223311;;;;01/19/2032 00:00:00;2;14012680;17/09/2026 12:44:24;Mirko;Hernandez;;;;;;Mirko Hernandez;
14357324;17/09/2026 13:02:27;3;2;0001  215804-1;01;CAMIONETA LUN 1;2092156;"DM20    ";"DECO MIRACEMA SAS                                 ";CUBA 1450;952913;"70-162N        ";70-162N - BIDE BLACK C.CERAM LINEA ADRA;10;10;10;23482492;170926034545920;184325217;;;;12/08/2031 00:00:00;5;14012723;17/09/2026 12:45:45;Mirko;Hernandez;;;;;;Mirko Hernandez;
14357324;17/09/2026 13:02:27;3;2;0001  215804-1;01;CAMIONETA LUN 1;2092156;"DM20    ";"DECO MIRACEMA SAS                                 ";CUBA 1450;952874;"70-100G        ";70-100G - BIDE GOLD C.CERAM FABRIC;4;4;4;23482492;170926034545920;184325216;;;;07/29/2031 00:00:00;3;14012723;17/09/2026 12:45:45;Mirko;Hernandez;;;;;;Mirko Hernandez;
14357324;17/09/2026 13:02:27;3;2;0001  215804-1;01;CAMIONETA LUN 1;2092156;"DM20    ";"DECO MIRACEMA SAS                                 ";CUBA 1450;952740;"62-100G        ";62-100G - LAVATORIO DE PARED GOLD C.CERAM FABRIC;2;2;2;23482492;170926034545920;184224739;;;;12/20/2031 00:00:00;2;14012723;17/09/2026 12:45:45;Mirko;Hernandez;;;;;;Mirko Hernandez;
14357324;17/09/2026 13:02:27;3;2;0001  215804-1;01;CAMIONETA LUN 1;2092156;"DM20    ";"DECO MIRACEMA SAS                                 ";CUBA 1450;952742;"62-100NI       ";62-100NI - LAVATORIO DE PARED NICKEL C.CERAM FABRIC;3;3;3;23482571;170926034641732;184325488;;;;09/02/2031 00:00:00;1;14012756;17/09/2026 12:46:41;Mirko;Hernandez;;;;;;Mirko Hernandez;
14357324;17/09/2026 13:02:27;3;2;0001  215804-1;01;CAMIONETA LUN 1;2092156;"DM20    ";"DECO MIRACEMA SAS                                 ";CUBA 1450;952913;"70-162N        ";70-162N - BIDE BLACK C.CERAM LINEA ADRA;10;10;10;23482571;170926034641732;184325489;;;;12/08/2031 00:00:00;4;14012756;17/09/2026 12:46:41;Mirko;Hernandez;;;;;;Mirko Hernandez;
14357324;17/09/2026 13:02:27;3;2;0001  215804-1;01;CAMIONETA LUN 1;2092156;"DM20    ";"DECO MIRACEMA SAS                                 ";CUBA 1450;952953;"70-201NI       ";70-201NI - BIDE CR C.CERAM BEAT NICKEL;5;5;5;23482571;170926034641732;184223671;;;;07/29/2031 00:00:00;5;14012756;17/09/2026 12:46:41;Mirko;Hernandez;;;;;;Mirko Hernandez;
14357325;17/09/2026 13:10:29;3;2;0001  215852-1;01;CAMIONETA LUN 1;2092901;"HO07    ";"HOKAMAT SRL                                       ";AV. PTE. PERON 2787;951306;"17050G         ";17050G - JABONERA  LINEA FABRIC GOLD;1;1;1;23466238;170926130042046;184222759;;;;07/29/2031 00:00:00;1;14012948;17/09/2026 13:00:42;Maximiliano;Nievas;24740775;17/09/2026 08:04:47;6866;Alejandro;Dure;Maximiliano Nievas;Alejandro Dure
14357325;17/09/2026 13:10:29;3;2;0001  215852-1;01;CAMIONETA LUN 1;2092901;"HO07    ";"HOKAMAT SRL                                       ";AV. PTE. PERON 2787;952712;"61-176         ";61-176 - LAVATORIO MONOC ALTO CR RIO;2;2;2;23466238;170926130042046;184218337;;;;10/11/2031 00:00:00;2;14012948;17/09/2026 13:00:42;Maximiliano;Nievas;24740775;17/09/2026 08:04:47;6866;Alejandro;Dure;Maximiliano Nievas;Alejandro Dure
14357325;17/09/2026 13:10:29;3;2;0001  215852-1;01;CAMIONETA LUN 1;2092901;"HO07    ";"HOKAMAT SRL                                       ";AV. PTE. PERON 2787;957572;"RA1205         ";RA1205 - 10 BUJES INTERIOR NYLON;1;1;1;23466238;170926130042046;184223539;;;;10/11/2031 00:00:00;1;14012948;17/09/2026 13:00:42;Maximiliano;Nievas;24740775;17/09/2026 08:04:47;6866;Alejandro;Dure;Maximiliano Nievas;Alejandro Dure
14357325;17/09/2026 13:10:29;3;2;0001  215852-1;01;CAMIONETA LUN 1;2092901;"HO07    ";"HOKAMAT SRL                                       ";AV. PTE. PERON 2787;957944;"RA980          ";RA980 - 10 CONJ. PROLONGADOR LARGO (TORNILLO+TUBO) VOLANTE;1;1;1;23466238;170926130042046;184223413;;;;10/09/2031 00:00:00;1;14012948;17/09/2026 13:00:42;Maximiliano;Nievas;24740775;17/09/2026 08:04:47;6866;Alejandro;Dure;Maximiliano Nievas;Alejandro Dure
14357325;17/09/2026 13:10:29;3;2;0001  215852-1;01;CAMIONETA LUN 1;2092901;"HO07    ";"HOKAMAT SRL                                       ";AV. PTE. PERON 2787;952741;"62-100N        ";62-100N - LAVATORIO DE PARED BLACK C.CERAM FABRIC;2;2;2;23468030;170926131029104;184231440;;;;11/05/2031 00:00:00;2;14013310;17/09/2026 13:10:29;Maximiliano;Nievas;24742439;17/09/2026 08:38:50;7839;Claudio;Juarez;Maximiliano Nievas;Claudio Juarez
14357325;17/09/2026 13:10:29;3;2;0001  215852-1;01;CAMIONETA LUN 1;2092901;"HO07    ";"HOKAMAT SRL                                       ";AV. PTE. PERON 2787;952875;"70-100N        ";70-100N - BIDE BLACK C.CERAM FABRIC;1;1;1;23468030;170926131029104;184230911;;;;07/29/2031 00:00:00;1;14013310;17/09/2026 13:10:29;Maximiliano;Nievas;24742439;17/09/2026 08:38:50;7839;Claudio;Juarez;Maximiliano Nievas;Claudio Juarez
14357325;17/09/2026 13:10:29;3;2;0001  215852-1;01;CAMIONETA LUN 1;2092901;"HO07    ";"HOKAMAT SRL                                       ";AV. PTE. PERON 2787;953109;"80-166         ";"DUCHA EMB. C/TRANSF. CR C.CERAM ADRA PLUS                             ";2;2;2;23468030;170926131029104;184226977;;;;01/19/2032 00:00:00;2;14013310;17/09/2026 13:10:29;Maximiliano;Nievas;24742439;17/09/2026 08:38:50;7839;Claudio;Juarez;Maximiliano Nievas;Claudio Juarez
14357325;17/09/2026 13:10:29;3;2;0001  215852-1;01;CAMIONETA LUN 1;2092901;"HO07    ";"HOKAMAT SRL                                       ";AV. PTE. PERON 2787;952438;"51-058         ";51-058 - COCINA MESADA CR C.STD MALBA;1;1;1;23468030;170926131029104;184227164;;;;10/19/2031 00:00:00;1;14013310;17/09/2026 13:10:29;Maximiliano;Nievas;24742439;17/09/2026 08:38:50;7839;Claudio;Juarez;Maximiliano Nievas;Claudio Juarez
14357325;17/09/2026 13:10:29;3;2;0001  215852-1;01;CAMIONETA LUN 1;2092901;"HO07    ";"HOKAMAT SRL                                       ";AV. PTE. PERON 2787;952582;"60-057         ";60-057 - LAVATORIO C.STD VERIN PLUS;1;1;1;23468030;170926131029104;184227563;;;;01/31/2032 00:00:00;1;14013310;17/09/2026 13:10:29;Maximiliano;Nievas;24742439;17/09/2026 08:38:50;7839;Claudio;Juarez;Maximiliano Nievas;Claudio Juarez
14357325;17/09/2026 13:10:29;3;2;0001  215852-1;01;CAMIONETA LUN 1;2092901;"HO07    ";"HOKAMAT SRL                                       ";AV. PTE. PERON 2787;952583;"60-058         ";60-058 - LAVATORIO CR C.STD MALBA;1;1;1;23468030;170926131029104;184228616;;;;12/03/2031 00:00:00;1;14013310;17/09/2026 13:10:29;Maximiliano;Nievas;24742439;17/09/2026 08:38:50;7839;Claudio;Juarez;Maximiliano Nievas;Claudio Juarez
14357325;17/09/2026 13:10:29;3;2;0001  215852-1;01;CAMIONETA LUN 1;2092901;"HO07    ";"HOKAMAT SRL                                       ";AV. PTE. PERON 2787;954915;"BCH13          ";BCH13 - BACHA DE APOYAR BLANCA RECTANGULAR 465x260x125;1;1;1;23469604;170926125307176;184244040;;;;07/27/2031 00:00:00;1;14012901;17/09/2026 12:53:07;Maximiliano;Nievas;24743712;17/09/2026 09:28:37;7827;Javier;Machado;Maximiliano Nievas;Javier Machado
14357325;17/09/2026 13:10:29;3;2;0001  215852-1;01;CAMIONETA LUN 1;2092901;"HO07    ";"HOKAMAT SRL                                       ";AV. PTE. PERON 2787;954914;"BCH12          ";BCH12 - BACHA DE APOYAR BLANCA 460x320x140;1;1;1;23469604;170926125307176;184238704;;;;11/10/2031 00:00:00;1;14012901;17/09/2026 12:53:07;Maximiliano;Nievas;24743712;17/09/2026 09:28:37;7827;Javier;Machado;Maximiliano Nievas;Javier Machado
14357325;17/09/2026 13:10:29;3;2;0001  215852-1;01;CAMIONETA LUN 1;2092901;"HO07    ";"HOKAMAT SRL                                       ";AV. PTE. PERON 2787;954901;"BCH01          ";BCH01 - BACHA DE APOYAR CIRCULAR 320x145;8;8;8;23469604;170926125307176;184239613;;;;07/28/2031 00:00:00;8;14012901;17/09/2026 12:53:07;Maximiliano;Nievas;24743712;17/09/2026 09:28:37;7827;Javier;Machado;Maximiliano Nievas;Javier Machado
14357325;17/09/2026 13:10:29;3;2;0001  215852-1;01;CAMIONETA LUN 1;2092901;"HO07    ";"HOKAMAT SRL                                       ";AV. PTE. PERON 2787;951513;"20-122N        ";20-122N - MONOCOMANDO COCINA C/PICO EXTRAIBLE VALENCIA BLACK;6;6;6;23482892;170926125422800;184218012;;;;09/13/2031 00:00:00;6;14012966;17/09/2026 12:54:22;Maximiliano;Nievas;;;;;;Maximiliano Nievas;
14357325;17/09/2026 13:10:29;3;2;0001  215852-1;01;CAMIONETA LUN 1;2092901;"HO07    ";"HOKAMAT SRL                                       ";AV. PTE. PERON 2787;951614;"21200          ";21200 - ESQUINERO ORGANIZADOR 19x19x7;2;2;2;23482965;170926125642003;184220076;;;;07/27/2031 00:00:00;2;14013005;17/09/2026 12:56:42;Maximiliano;Nievas;;;;;;Maximiliano Nievas;
14357325;17/09/2026 13:10:29;3;2;0001  215852-1;01;CAMIONETA LUN 1;2092901;"HO07    ";"HOKAMAT SRL                                       ";AV. PTE. PERON 2787;952795;"63-168         ";63-168 - LAVATORIO PARED EMB MONOC CR WAVE;2;2;2;23482965;170926125642003;184219880;;;;07/28/2031 00:00:00;2;14013005;17/09/2026 12:56:42;Maximiliano;Nievas;;;;;;Maximiliano Nievas;
14357325;17/09/2026 13:10:29;3;2;0001  215852-1;01;CAMIONETA LUN 1;2092901;"HO07    ";"HOKAMAT SRL                                       ";AV. PTE. PERON 2787;952637;"60-168         ";60-168 - LAVATORIO MONOC BAJO CR WAVE;1;1;1;23483000;170926125751083;184219321;;;;07/27/2031 00:00:00;1;14013030;17/09/2026 12:57:51;Maximiliano;Nievas;;;;;;Maximiliano Nievas;
14357325;17/09/2026 13:10:29;3;2;0001  215852-1;01;CAMIONETA LUN 1;2092901;"HO07    ";"HOKAMAT SRL                                       ";AV. PTE. PERON 2787;951606;"21100          ";21100 - ESTANTE ORGANIZADOR RECTANGULAR 25x12x7;4;4;4;23483000;170926125751083;184219561;;;;07/29/2031 00:00:00;4;14013030;17/09/2026 12:57:51;Maximiliano;Nievas;;;;;;Maximiliano Nievas;
14357325;17/09/2026 13:10:29;3;2;0001  215852-1;01;CAMIONETA LUN 1;2092901;"HO07    ";"HOKAMAT SRL                                       ";AV. PTE. PERON 2787;953346;"85-168         ";85-168 - DUCHA MONOC C/TRANSF Y DUCHADOR CR WAVE;3;3;3;23483538;170926130911225;184232492;;;;03/08/2032 00:00:00;3;14013327;17/09/2026 13:09:11;Maximiliano;Nievas;;;;;;Maximiliano Nievas;
14357326;17/09/2026 13:27:29;3;2;0001  215914-1;01;CAMIONETA LUN 1;2094405;"SD31    ";"SG SANITARIOS DEL ESTE S.A                        ";COLECTORA DEL ESTE 1921;957492;"RA1101N        ";RA1101N - FLEXIBLE BLACK MONOC CUINA M16 x 60cm;1;1;1;23470511;170926042726750;184245100;;;;02/11/2032 00:00:00;1;14013869;17/09/2026 13:27:26;Mirko;Hernandez;24744642;17/09/2026 09:27:08;7839;Claudio;Juarez;Mirko Hernandez;Claudio Juarez
14357327;17/09/2026 14:17:46;3;2;0001  215915-1;01;CAMIONETA LUN 1;2093250;"LN02    ";"LA NORIA REVESIMIENTOS S.A.                       ";AV. J.M. CAMPOS 1531/5;954804;"AB-001         ";AB-001 - AGARRADERA ACERO INOX CROMADO 30 CM SAFE;1;1;1;23470512;170926051738713;184249254;;;;07/28/2031 00:00:00;1;14015772;17/09/2026 14:17:38;Mirko;Hernandez;24744642;17/09/2026 09:27:08;7839;Claudio;Juarez;Mirko Hernandez;Claudio Juarez
14357744;17/09/2026 07:21:30;3;2;0001  215823-1;10;URGENTES;2109026;"547     ";"CASTORINA JUAN                                    ";LAFONTAINE 2251;951258;"16006          ";16006 - SET 6 PIEZAS ACCESORIOS LINEA 16000;1;1;1;23465498;170926072100258;184211967;;;;07/29/2031 00:00:00;1;14003702;17/09/2026 07:21:00;Gaston Alejandro;Kiriczuk;24740116;17/09/2026 07:06:17;7827;Javier;Machado;Gaston Alejandro Kiriczuk;Javier Machado
14357744;17/09/2026 07:21:30;3;2;0001  215823-1;10;URGENTES;2109026;"547     ";"CASTORINA JUAN                                    ";LAFONTAINE 2251;952915;"70-168         ";70-168 - BIDE MONOC CR WAVE;1;1;1;23465498;170926072100258;184211668;;;;01/18/2032 00:00:00;1;14003702;17/09/2026 07:21:00;Gaston Alejandro;Kiriczuk;24740116;17/09/2026 07:06:17;7827;Javier;Machado;Gaston Alejandro Kiriczuk;Javier Machado
14357744;17/09/2026 07:21:30;3;2;0001  215823-1;10;URGENTES;2109026;"547     ";"CASTORINA JUAN                                    ";LAFONTAINE 2251;952708;"61-168         ";61-168 - LAVATORIO MONOC ALTO CR WAVE;1;1;1;23465498;170926072100258;184211821;;;;07/27/2031 00:00:00;1;14003702;17/09/2026 07:21:00;Gaston Alejandro;Kiriczuk;24740116;17/09/2026 07:06:17;7827;Javier;Machado;Gaston Alejandro Kiriczuk;Javier Machado
14357744;17/09/2026 07:21:30;3;2;0001  215823-1;10;URGENTES;2109026;"547     ";"CASTORINA JUAN                                    ";LAFONTAINE 2251;953346;"85-168         ";85-168 - DUCHA MONOC C/TRANSF Y DUCHADOR CR WAVE;1;1;1;23465583;170926072129937;184211724;;;;03/08/2032 00:00:00;1;14003709;17/09/2026 07:21:29;Gaston Alejandro;Kiriczuk;24740195;17/09/2026 07:04:01;7839;Claudio;Juarez;Gaston Alejandro Kiriczuk;Claudio Juarez
14357745;17/09/2026 07:20:11;3;2;4444    2532-1;10;URGENTES;2109166;"CLIEVEN ";"CLIENTE EVENTUAL                                  ";RIVADAVIA 3428;951539;"20-168         ";20-168 - MONOCOMANDO COCINA CR WAVE;1;1;1;23465499;170926072010783;184211429;;;;07/27/2031 00:00:00;1;14003692;17/09/2026 07:20:10;Gaston Alejandro;Kiriczuk;24740116;17/09/2026 07:06:17;7827;Javier;Machado;Gaston Alejandro Kiriczuk;Javier Machado
14357747;17/09/2026 07:51:34;3;2;0001  215869-1;14;RETIRA;2094016;"PS13    ";"PROYECTO SANITARIO S.A.                           ";AV. LOPE DE VEGA 2931;951535;"20-160         ";20-160 - MONOCOMANDO MESADA COCINA DIQUE;8;8;8;23465766;170926075132165;184212722;;;;07/28/2031 00:00:00;8;14004076;17/09/2026 07:51:32;Maximiliano;Nievas;24740386;17/09/2026 07:13:18;7827;Javier;Machado;Maximiliano Nievas;Javier Machado
14357748;17/09/2026 07:47:13;3;2;0001  215882-1;14;RETIRA;2091541;"CC37    ";"COSTA CALCAGNO SRL                                ";AV. MOSCONI 2470;953102;"80-152         ";80-152 - DUCHA EMB. CR C/TRANSF. MONOCOMANDO SORIA;2;2;2;23465759;170926074711534;184214065;;;;10/26/2031 00:00:00;2;14004023;17/09/2026 07:47:11;Maximiliano;Nievas;24740374;17/09/2026 07:21:12;6866;Alejandro;Dure;Maximiliano Nievas;Alejandro Dure
14357749;17/09/2026 08:01:05;3;2;0001  215883-1;14;RETIRA;2094711;"SY05    ";"SANITARIOS YRIGOYEN CABRERA S. R. L.              ";DEBENEDETTI 3052;952719;"61-183         ";"LAVATORIO MONOCOMANDO ALTO MAT                                        ";1;1;1;23465760;170926074857557;184212985;;;;11/02/2031 00:00:00;1;14004026;17/09/2026 07:48:57;Maximiliano;Nievas;24740374;17/09/2026 07:21:12;6866;Alejandro;Dure;Maximiliano Nievas;Alejandro Dure
14357749;17/09/2026 08:01:05;3;2;0001  215883-1;14;RETIRA;2094711;"SY05    ";"SANITARIOS YRIGOYEN CABRERA S. R. L.              ";DEBENEDETTI 3052;952655;"60-183         ";"LAVATORIO MONOCOMANDO BAJO MAT                                        ";1;1;1;23465760;170926074857557;184212922;;;;11/02/2031 00:00:00;1;14004026;17/09/2026 07:48:57;Maximiliano;Nievas;24740374;17/09/2026 07:21:12;6866;Alejandro;Dure;Maximiliano Nievas;Alejandro Dure
14357749;17/09/2026 08:01:05;3;2;0001  215883-1;14;RETIRA;2094711;"SY05    ";"SANITARIOS YRIGOYEN CABRERA S. R. L.              ";DEBENEDETTI 3052;953131;"80-183         ";"DUCHA EMB C/TRANSF MONOCOMANDO MAT                                    ";1;1;1;23465760;170926074857557;184212797;;;;11/02/2031 00:00:00;1;14004026;17/09/2026 07:48:57;Maximiliano;Nievas;24740374;17/09/2026 07:21:12;6866;Alejandro;Dure;Maximiliano Nievas;Alejandro Dure
14357749;17/09/2026 08:01:05;3;2;0001  215883-1;14;RETIRA;2094711;"SY05    ";"SANITARIOS YRIGOYEN CABRERA S. R. L.              ";DEBENEDETTI 3052;952933;"70-183         ";"BIDE MONOCOMANDO C/TRANSF MAT                                         ";1;1;1;23465760;170926074857557;184212870;;;;11/02/2031 00:00:00;1;14004026;17/09/2026 07:48:57;Maximiliano;Nievas;24740374;17/09/2026 07:21:12;6866;Alejandro;Dure;Maximiliano Nievas;Alejandro Dure
14357749;17/09/2026 08:01:05;3;2;0001  215883-1;14;RETIRA;2094711;"SY05    ";"SANITARIOS YRIGOYEN CABRERA S. R. L.              ";DEBENEDETTI 3052;952740;"62-100G        ";62-100G - LAVATORIO DE PARED GOLD C.CERAM FABRIC;2;2;2;23465780;170926080102035;184214145;;;;12/20/2031 00:00:00;2;14004248;17/09/2026 08:01:02;Maximiliano;Nievas;24740392;17/09/2026 07:22:26;7839;Claudio;Juarez;Maximiliano Nievas;Claudio Juarez
14357749;17/09/2026 08:01:05;3;2;0001  215883-1;14;RETIRA;2094711;"SY05    ";"SANITARIOS YRIGOYEN CABRERA S. R. L.              ";DEBENEDETTI 3052;952742;"62-100NI       ";62-100NI - LAVATORIO DE PARED NICKEL C.CERAM FABRIC;2;2;2;23465780;170926080102035;184213895;;;;09/02/2031 00:00:00;2;14004248;17/09/2026 08:01:02;Maximiliano;Nievas;24740392;17/09/2026 07:22:26;7839;Claudio;Juarez;Maximiliano Nievas;Claudio Juarez
14357749;17/09/2026 08:01:05;3;2;0001  215883-1;14;RETIRA;2094711;"SY05    ";"SANITARIOS YRIGOYEN CABRERA S. R. L.              ";DEBENEDETTI 3052;951484;"20-100C        ";20-100C - MONOCOMANDO DE COCINA FABRIC CROMO;2;2;2;23466967;170926074812473;184213484;;;;02/18/2032 00:00:00;2;14004036;17/09/2026 07:48:12;Maximiliano;Nievas;;;;;;Maximiliano Nievas;
14357749;17/09/2026 08:01:05;3;2;0001  215883-1;14;RETIRA;2094711;"SY05    ";"SANITARIOS YRIGOYEN CABRERA S. R. L.              ";DEBENEDETTI 3052;951486;"20-100N        ";20-100N - MONOCOMANDO DE COCINA FABRIC BLACK;2;2;2;23466967;170926074812473;184213838;;;;01/10/2032 00:00:00;2;14004036;17/09/2026 07:48:12;Maximiliano;Nievas;;;;;;Maximiliano Nievas;
14357750;17/09/2026 09:20:52;3;2;0001  215901-1;14;RETIRA;2091829;"CO09    ";"COINGAS S.A.                                      ";CAMINO DE CINTURA 671;952426;"51-010         ";51-010 - COCINA MESADA BL/CR LORCA;3;3;3;23465781;170926080359671;184212821;;;;01/14/2032 00:00:00;3;14004294;17/09/2026 08:03:59;Maximiliano;Nievas;24740392;17/09/2026 07:22:26;7839;Claudio;Juarez;Maximiliano Nievas;Claudio Juarez
14357750;17/09/2026 09:20:52;3;2;0001  215901-1;14;RETIRA;2091829;"CO09    ";"COINGAS S.A.                                      ";CAMINO DE CINTURA 671;952292;"434/CR         ";434/CR - DUCHA EMB.C/TRANSF CR ARES;3;3;3;23465781;170926080359671;184214497;;;;01/12/2032 00:00:00;3;14004294;17/09/2026 08:03:59;Maximiliano;Nievas;24740392;17/09/2026 07:22:26;7839;Claudio;Juarez;Maximiliano Nievas;Claudio Juarez
14357750;17/09/2026 09:20:52;3;2;0001  215901-1;14;RETIRA;2091829;"CO09    ";"COINGAS S.A.                                      ";CAMINO DE CINTURA 671;951568;"203            ";"203 - LAVATORIO CROMO ""DIQUE""";3;3;3;23465781;170926080359671;184213189;;;;01/11/2032 00:00:00;3;14004294;17/09/2026 08:03:59;Maximiliano;Nievas;24740392;17/09/2026 07:22:26;7839;Claudio;Juarez;Maximiliano Nievas;Claudio Juarez
14357750;17/09/2026 09:20:52;3;2;0001  215901-1;14;RETIRA;2091829;"CO09    ";"COINGAS S.A.                                      ";CAMINO DE CINTURA 671;953445;"919/M          ";919/M - JGO.MDA.P.CANO CROMO LAZA;3;3;3;23465781;170926080359671;184213513;;;;01/31/2032 00:00:00;3;14004294;17/09/2026 08:03:59;Maximiliano;Nievas;24740392;17/09/2026 07:22:26;7839;Claudio;Juarez;Maximiliano Nievas;Claudio Juarez
14357750;17/09/2026 09:20:52;3;2;0001  215901-1;14;RETIRA;2091829;"CO09    ";"COINGAS S.A.                                      ";CAMINO DE CINTURA 671;957390;"RA001          ";RA001 - CABEZAL STD NO ASCENDENTE;100;100;100;23465948;170926092051841;184217545;;;;02/11/2032 00:00:00;100;14006107;17/09/2026 09:20:51;Tiago;Rodriguez;24740522;17/09/2026 07:38:44;7827;Javier;Machado;Tiago Rodriguez;Javier Machado
14357750;17/09/2026 09:20:52;3;2;0001  215901-1;14;RETIRA;2091829;"CO09    ";"COINGAS S.A.                                      ";CAMINO DE CINTURA 671;951565;"20-205         ";20-205 - MONOCOMANDO DE COCINA STEEL;20;20;20;23465948;170926092051841;184215888;;;;07/28/2031 00:00:00;20;14006107;17/09/2026 09:20:51;Tiago;Rodriguez;24740522;17/09/2026 07:38:44;7827;Javier;Machado;Tiago Rodriguez;Javier Machado
14357750;17/09/2026 09:20:52;3;2;0001  215901-1;14;RETIRA;2091829;"CO09    ";"COINGAS S.A.                                      ";CAMINO DE CINTURA 671;951512;"20-122         ";"MONOCOMANDO COCINA CR C/PICO EXTRAIBLE VALENCIA                       ";30;30;30;23465948;170926092051841;184215431;;;;08/06/2031 00:00:00;30;14006107;17/09/2026 09:20:51;Tiago;Rodriguez;24740522;17/09/2026 07:38:44;7827;Javier;Machado;Tiago Rodriguez;Javier Machado
14357750;17/09/2026 09:20:52;3;2;0001  215901-1;14;RETIRA;2091829;"CO09    ";"COINGAS S.A.                                      ";CAMINO DE CINTURA 671;951535;"20-160         ";20-160 - MONOCOMANDO MESADA COCINA DIQUE;4;4;4;23465948;170926092051841;184216678;;;;07/28/2031 00:00:00;4;14006107;17/09/2026 09:20:51;Tiago;Rodriguez;24740522;17/09/2026 07:38:44;7827;Javier;Machado;Tiago Rodriguez;Javier Machado
14357750;17/09/2026 09:20:52;3;2;0001  215901-1;14;RETIRA;2091829;"CO09    ";"COINGAS S.A.                                      ";CAMINO DE CINTURA 671;952453;"51-131         ";51-131 - MESADA BIMANDO CR C.CERAM MALLORCA;2;2;2;23467509;170926080316932;184214345;;;;01/31/2032 00:00:00;2;14004302;17/09/2026 08:03:16;Maximiliano;Nievas;;;;;;Maximiliano Nievas;
14357750;17/09/2026 09:20:52;3;2;0001  215901-1;14;RETIRA;2091829;"CO09    ";"COINGAS S.A.                                      ";CAMINO DE CINTURA 671;953091;"80-138         ";80-138 - DUCHA EMB. C/TRANSF. CR C.CERAM VALENCIA PLUS;2;2;2;23467509;170926080316932;184212637;;;;01/14/2032 00:00:00;2;14004302;17/09/2026 08:03:16;Maximiliano;Nievas;;;;;;Maximiliano Nievas;
14357751;17/09/2026 08:00:19;3;2;0008    2948-1;14;RETIRA;2091829;"CO09    ";"COINGAS S.A.                                      ";CAMINO DE CINTURA 671;951535;"20-160         ";20-160 - MONOCOMANDO MESADA COCINA DIQUE;11;11;11;23465767;170926075009518;184213036;;;;07/28/2031 00:00:00;11;14004056;17/09/2026 07:50:09;Maximiliano;Nievas;24740386;17/09/2026 07:13:18;7827;Javier;Machado;Maximiliano Nievas;Javier Machado
14357751;17/09/2026 08:00:19;3;2;0008    2948-1;14;RETIRA;2091829;"CO09    ";"COINGAS S.A.                                      ";CAMINO DE CINTURA 671;953445;"919/M          ";919/M - JGO.MDA.P.CANO CROMO LAZA;7;7;7;23465782;170926080018641;184213714;;;;01/31/2032 00:00:00;1;14004189;17/09/2026 08:00:18;Maximiliano;Nievas;24740392;17/09/2026 07:22:26;7839;Claudio;Juarez;Maximiliano Nievas;Claudio Juarez
14357751;17/09/2026 08:00:19;3;2;0008    2948-1;14;RETIRA;2091829;"CO09    ";"COINGAS S.A.                                      ";CAMINO DE CINTURA 671;952292;"434/CR         ";434/CR - DUCHA EMB.C/TRANSF CR ARES;7;7;7;23465782;170926080018641;184214636;;;;01/12/2032 00:00:00;7;14004189;17/09/2026 08:00:18;Maximiliano;Nievas;24740392;17/09/2026 07:22:26;7839;Claudio;Juarez;Maximiliano Nievas;Claudio Juarez
14357751;17/09/2026 08:00:19;3;2;0008    2948-1;14;RETIRA;2091829;"CO09    ";"COINGAS S.A.                                      ";CAMINO DE CINTURA 671;952426;"51-010         ";51-010 - COCINA MESADA BL/CR LORCA;7;7;7;23467304;170926075855913;184212966;;;;01/14/2032 00:00:00;7;14004207;17/09/2026 07:58:55;Maximiliano;Nievas;;;;;;Maximiliano Nievas;
14357751;17/09/2026 08:00:19;3;2;0008    2948-1;14;RETIRA;2091829;"CO09    ";"COINGAS S.A.                                      ";CAMINO DE CINTURA 671;951568;"203            ";"203 - LAVATORIO CROMO ""DIQUE""";7;7;7;23467304;170926075855913;184222360;;;;01/11/2032 00:00:00;3;14004207;17/09/2026 07:58:55;Maximiliano;Nievas;;;;;;Maximiliano Nievas;
14357751;17/09/2026 08:00:19;3;2;0008    2948-1;14;RETIRA;2091829;"CO09    ";"COINGAS S.A.                                      ";CAMINO DE CINTURA 671;951568;"203            ";"203 - LAVATORIO CROMO ""DIQUE""";7;7;7;23467323;170926075917982;184213363;;;;01/11/2032 00:00:00;4;14004213;17/09/2026 07:59:17;Maximiliano;Nievas;;;;;;Maximiliano Nievas;
14357751;17/09/2026 08:00:19;3;2;0008    2948-1;14;RETIRA;2091829;"CO09    ";"COINGAS S.A.                                      ";CAMINO DE CINTURA 671;953445;"919/M          ";919/M - JGO.MDA.P.CANO CROMO LAZA;7;7;7;23467323;170926075917982;184222440;;;;01/31/2032 00:00:00;6;14004213;17/09/2026 07:59:17;Maximiliano;Nievas;;;;;;Maximiliano Nievas;
14358249;17/09/2026 15:23:21;3;2;0001  215600-1;01;CAMIONETA LUN 2;2093663;"NC04    ";"NUEVA CASA SA                                     ";COLECTORA ESTE PANAMERICANA S/N KM 44 44;951301;"17030N         ";17030N - PERCHA LINEA FABRIC BLACK;3;3;3;23477715;170926152319388;184302119;;;;07/28/2031 00:00:00;3;14018101;17/09/2026 15:23:19;Maximiliano;Nievas;24751333;17/09/2026 11:43:11;6922;Franco;Potenza;Maximiliano Nievas;Franco Potenza
14358249;17/09/2026 15:23:21;3;2;0001  215600-1;01;CAMIONETA LUN 2;2093663;"NC04    ";"NUEVA CASA SA                                     ";COLECTORA ESTE PANAMERICANA S/N KM 44 44;951760;"3006SS         ";3006SS - SET DE 6 PIEZAS LINEA 3000 SS;3;3;3;23491152;170926152236240;184296220;;;;07/29/2031 00:00:00;3;14018192;17/09/2026 15:22:36;Maximiliano;Nievas;;;;;;Maximiliano Nievas;
14358249;17/09/2026 15:23:21;3;2;0001  215600-1;01;CAMIONETA LUN 2;2093663;"NC04    ";"NUEVA CASA SA                                     ";COLECTORA ESTE PANAMERICANA S/N KM 44 44;951304;"17040N         ";17040N - PORTA ROLLO LINEA FABRIC BLACK;4;4;4;23491152;170926152236240;184302512;;;;07/29/2031 00:00:00;4;14018192;17/09/2026 15:22:36;Maximiliano;Nievas;;;;;;Maximiliano Nievas;
14358250;17/09/2026 15:44:30;3;2;0001  215652-1;01;CAMIONETA LUN 2;2093663;"NC04    ";"NUEVA CASA SA                                     ";COLECTORA ESTE PANAMERICANA S/N KM 44 44;953107;"80-162         ";80-162 - DUCHA EMB. C/TRANSF. CR C.CERAM ADRA;2;2;2;23473592;170926154206846;184265296;;;;07/29/2031 00:00:00;2;14018965;17/09/2026 15:42:06;Maximiliano;Nievas;24747407;17/09/2026 10:45:44;6922;Franco;Potenza;Maximiliano Nievas;Franco Potenza
14358250;17/09/2026 15:44:30;3;2;0001  215652-1;01;CAMIONETA LUN 2;2093663;"NC04    ";"NUEVA CASA SA                                     ";COLECTORA ESTE PANAMERICANA S/N KM 44 44;952727;"61-203N        ";"LAVATORIO MONOCOMANDO ALTO ADRA BLACK                                 ";3;3;3;23473592;170926154206846;184273759;;;;01/06/2032 00:00:00;3;14018965;17/09/2026 15:42:06;Maximiliano;Nievas;24747407;17/09/2026 10:45:44;6922;Franco;Potenza;Maximiliano Nievas;Franco Potenza
14358250;17/09/2026 15:44:30;3;2;0001  215652-1;01;CAMIONETA LUN 2;2093663;"NC04    ";"NUEVA CASA SA                                     ";COLECTORA ESTE PANAMERICANA S/N KM 44 44;952726;"61-203         ";61-203 - LAVATORIO MONOCOMANDO ALTO ADRA;1;1;1;23473592;170926154206846;184271809;;;;02/22/2032 00:00:00;1;14018965;17/09/2026 15:42:06;Maximiliano;Nievas;24747407;17/09/2026 10:45:44;6922;Franco;Potenza;Maximiliano Nievas;Franco Potenza
14358250;17/09/2026 15:44:30;3;2;0001  215652-1;01;CAMIONETA LUN 2;2093663;"NC04    ";"NUEVA CASA SA                                     ";COLECTORA ESTE PANAMERICANA S/N KM 44 44;952635;"60-162N        ";60-162N - LAVATORIO BLACK C.CERAM LINEA ADRA;3;3;3;23473592;170926154206846;184272734;;;;11/03/2031 00:00:00;3;14018965;17/09/2026 15:42:06;Maximiliano;Nievas;24747407;17/09/2026 10:45:44;6922;Franco;Potenza;Maximiliano Nievas;Franco Potenza
14358250;17/09/2026 15:44:30;3;2;0001  215652-1;01;CAMIONETA LUN 2;2093663;"NC04    ";"NUEVA CASA SA                                     ";COLECTORA ESTE PANAMERICANA S/N KM 44 44;952954;"70-203         ";70-203 - BIDE MONOCOMANDO ADRA;3;3;3;23476263;170926154428812;184303679;;;;07/30/2031 00:00:00;3;14019022;17/09/2026 15:44:28;Maximiliano;Nievas;24749943;17/09/2026 12:03:09;7827;Javier;Machado;Maximiliano Nievas;Javier Machado
14358250;17/09/2026 15:44:30;3;2;0001  215652-1;01;CAMIONETA LUN 2;2093663;"NC04    ";"NUEVA CASA SA                                     ";COLECTORA ESTE PANAMERICANA S/N KM 44 44;951565;"20-205         ";20-205 - MONOCOMANDO DE COCINA STEEL;1;1;1;23476263;170926154428812;184296517;;;;07/28/2031 00:00:00;1;14019022;17/09/2026 15:44:28;Maximiliano;Nievas;24749943;17/09/2026 12:03:09;7827;Javier;Machado;Maximiliano Nievas;Javier Machado
14358250;17/09/2026 15:44:30;3;2;0001  215652-1;01;CAMIONETA LUN 2;2093663;"NC04    ";"NUEVA CASA SA                                     ";COLECTORA ESTE PANAMERICANA S/N KM 44 44;951533;"20-150         ";20-150 - MONOCOMANDO MESADA COCINA TOLEDO;1;1;1;23476263;170926154428812;184293481;;;;07/27/2031 00:00:00;1;14019022;17/09/2026 15:44:28;Maximiliano;Nievas;24749943;17/09/2026 12:03:09;7827;Javier;Machado;Maximiliano Nievas;Javier Machado
14358250;17/09/2026 15:44:30;3;2;0001  215652-1;01;CAMIONETA LUN 2;2093663;"NC04    ";"NUEVA CASA SA                                     ";COLECTORA ESTE PANAMERICANA S/N KM 44 44;951524;"20-135         ";20-135 - MONOCOMANDO COCINA SANTANDER;1;1;1;23476263;170926154428812;184301575;;;;07/28/2031 00:00:00;1;14019022;17/09/2026 15:44:28;Maximiliano;Nievas;24749943;17/09/2026 12:03:09;7827;Javier;Machado;Maximiliano Nievas;Javier Machado
14358250;17/09/2026 15:44:30;3;2;0001  215652-1;01;CAMIONETA LUN 2;2093663;"NC04    ";"NUEVA CASA SA                                     ";COLECTORA ESTE PANAMERICANA S/N KM 44 44;953158;"80-203N        ";"DUCHA EMB C/TRANSF. MONOCOMANDO ADRA BLACK PLUS                       ";1;1;1;23476263;170926154428812;184286683;;;;07/28/2031 00:00:00;1;14019022;17/09/2026 15:44:28;Maximiliano;Nievas;24749943;17/09/2026 12:03:09;7827;Javier;Machado;Maximiliano Nievas;Javier Machado
14358251;17/09/2026 15:36:40;3;2;0008    2940-1;01;CAMIONETA LUN 2;2091843;"CO28    ";"CONSTRUDISENO S.A.                                ";RUTA 197 Y PANAMERICANA;953119;"80-175G        ";80-175G - DUCHA EMB C/TRANSF. GOLD C.CERAM PULSE;2;2;2;23473593;170926153332424;184266421;;;;07/29/2031 00:00:00;2;14018597;17/09/2026 15:33:32;Gustavo;Soderquvist;24747407;17/09/2026 10:45:44;6922;Franco;Potenza;Gustavo Soderquvist;Franco Potenza
14358251;17/09/2026 15:36:40;3;2;0008    2940-1;01;CAMIONETA LUN 2;2091843;"CO28    ";"CONSTRUDISENO S.A.                                ";RUTA 197 Y PANAMERICANA;953352;"85-190         ";85-190 - DUCHA EMB C/TRANSF Y DUCHADOR CR C.CERAM BLACK VELVET;1;1;1;23473593;170926153332424;184274772;;;;08/04/2031 00:00:00;1;14018597;17/09/2026 15:33:32;Gustavo;Soderquvist;24747407;17/09/2026 10:45:44;6922;Franco;Potenza;Gustavo Soderquvist;Franco Potenza
14358251;17/09/2026 15:36:40;3;2;0008    2940-1;01;CAMIONETA LUN 2;2091843;"CO28    ";"CONSTRUDISENO S.A.                                ";RUTA 197 Y PANAMERICANA;953331;"84-190         ";84-190 - DUCHA EXTERIOR CON COLUMNA BLACK VELVET;1;1;1;23476264;170926153638315;184285804;;;;10/06/2031 00:00:00;1;14018663;17/09/2026 15:36:38;Gustavo;Soderquvist;24749943;17/09/2026 12:03:09;7827;Javier;Machado;Gustavo Soderquvist;Javier Machado
14358251;17/09/2026 15:36:40;3;2;0008    2940-1;01;CAMIONETA LUN 2;2091843;"CO28    ";"CONSTRUDISENO S.A.                                ";RUTA 197 Y PANAMERICANA;953161;"80-205         ";80-205 - DUCHA EMB. C/TRANSF. MONOC STEEL;1;1;1;23476264;170926153638315;184290013;;;;08/11/2031 00:00:00;1;14018663;17/09/2026 15:36:38;Gustavo;Soderquvist;24749943;17/09/2026 12:03:09;7827;Javier;Machado;Gustavo Soderquvist;Javier Machado
14358251;17/09/2026 15:36:40;3;2;0008    2940-1;01;CAMIONETA LUN 2;2091843;"CO28    ";"CONSTRUDISENO S.A.                                ";RUTA 197 Y PANAMERICANA;951607;"21100N         ";21100N - ESTANTE ORGANIZADOR RECTANGULAR BLACK 25x12x7;1;1;1;23476264;170926153638315;184295980;;;;07/27/2031 00:00:00;1;14018663;17/09/2026 15:36:38;Gustavo;Soderquvist;24749943;17/09/2026 12:03:09;7827;Javier;Machado;Gustavo Soderquvist;Javier Machado
14358251;17/09/2026 15:36:40;3;2;0008    2940-1;01;CAMIONETA LUN 2;2091843;"CO28    ";"CONSTRUDISENO S.A.                                ";RUTA 197 Y PANAMERICANA;951303;"17040G         ";17040G - PORTA ROLLO LINEA FABRIC GOLD;1;1;1;23476264;170926153638315;184302571;;;;07/28/2031 00:00:00;1;14018663;17/09/2026 15:36:38;Gustavo;Soderquvist;24749943;17/09/2026 12:03:09;7827;Javier;Machado;Gustavo Soderquvist;Javier Machado
14358251;17/09/2026 15:36:40;3;2;0008    2940-1;01;CAMIONETA LUN 2;2091843;"CO28    ";"CONSTRUDISENO S.A.                                ";RUTA 197 Y PANAMERICANA;951300;"17030G         ";17030G - PERCHA LINEA FABRIC GOLD;2;2;2;23476264;170926153638315;184308862;;;;07/29/2031 00:00:00;2;14018663;17/09/2026 15:36:38;Gustavo;Soderquvist;24749943;17/09/2026 12:03:09;7827;Javier;Machado;Gustavo Soderquvist;Javier Machado
14358251;17/09/2026 15:36:40;3;2;0008    2940-1;01;CAMIONETA LUN 2;2091843;"CO28    ";"CONSTRUDISENO S.A.                                ";RUTA 197 Y PANAMERICANA;950896;"02-010N        ";"VALVULA P/INODORO TEMPORIZADA TECNO BLACK                             ";1;1;1;23476264;170926153638315;184288145;;;;07/28/2031 00:00:00;1;14018663;17/09/2026 15:36:38;Gustavo;Soderquvist;24749943;17/09/2026 12:03:09;7827;Javier;Machado;Gustavo Soderquvist;Javier Machado
14358251;17/09/2026 15:36:40;3;2;0008    2940-1;01;CAMIONETA LUN 2;2091843;"CO28    ";"CONSTRUDISENO S.A.                                ";RUTA 197 Y PANAMERICANA;957102;"PDU120         ";"DESAGUE P/PISO DE DUCHA                                               ";2;2;2;23479216;170926150328850;184306198;;;;12/07/2031 00:00:00;2;14017400;17/09/2026 15:03:28;Gustavo;Soderquvist;24752995;17/09/2026 11:51:55;7839;Claudio;Juarez;Gustavo Soderquvist;Claudio Juarez
14358251;17/09/2026 15:36:40;3;2;0008    2940-1;01;CAMIONETA LUN 2;2091843;"CO28    ";"CONSTRUDISENO S.A.                                ";RUTA 197 Y PANAMERICANA;954922;"BCH19          ";"BACHA DE APOYAR BLANCA 365x235x120                                    ";1;1;1;23479216;170926150328850;184303133;;;;07/28/2031 00:00:00;1;14017400;17/09/2026 15:03:28;Gustavo;Soderquvist;24752995;17/09/2026 11:51:55;7839;Claudio;Juarez;Gustavo Soderquvist;Claudio Juarez
14358251;17/09/2026 15:36:40;3;2;0008    2940-1;01;CAMIONETA LUN 2;2091843;"CO28    ";"CONSTRUDISENO S.A.                                ";RUTA 197 Y PANAMERICANA;952608;"60-121         ";60-121 - LAVATORIO C.CERAM CR MARBELLA;1;1;1;23491727;170926153301060;184275838;;;;01/25/2032 00:00:00;1;14018637;17/09/2026 15:33:01;Gustavo;Soderquvist;;;;;;Gustavo Soderquvist;
14358251;17/09/2026 15:36:40;3;2;0008    2940-1;01;CAMIONETA LUN 2;2091843;"CO28    ";"CONSTRUDISENO S.A.                                ";RUTA 197 Y PANAMERICANA;952766;"62-175G        ";62-175G - LAVATORIO DE PARED GOLD C.CERAM PULSE;4;4;4;23491727;170926153301060;184276131;;;;12/08/2031 00:00:00;4;14018637;17/09/2026 15:33:01;Gustavo;Soderquvist;;;;;;Gustavo Soderquvist;
14358251;17/09/2026 15:36:40;3;2;0008    2940-1;01;CAMIONETA LUN 2;2091843;"CO28    ";"CONSTRUDISENO S.A.                                ";RUTA 197 Y PANAMERICANA;952922;"70-175G        ";70-175G - BIDE GOLD C.CERAM PULSE;2;2;2;23491727;170926153301060;184276319;;;;11/25/2031 00:00:00;2;14018637;17/09/2026 15:33:01;Gustavo;Soderquvist;;;;;;Gustavo Soderquvist;
14358251;17/09/2026 15:36:40;3;2;0008    2940-1;01;CAMIONETA LUN 2;2091843;"CO28    ";"CONSTRUDISENO S.A.                                ";RUTA 197 Y PANAMERICANA;953157;"80-203         ";80-203 - DUCHA EMB C/TRANSF. MONOCOMANDO ADRA;2;2;2;23491886;170926153613229;184297091;;;;07/27/2031 00:00:00;2;14018737;17/09/2026 15:36:13;Gustavo;Soderquvist;;;;;;Gustavo Soderquvist;
14358251;17/09/2026 15:36:40;3;2;0008    2940-1;01;CAMIONETA LUN 2;2091843;"CO28    ";"CONSTRUDISENO S.A.                                ";RUTA 197 Y PANAMERICANA;952499;"54-203         ";"COCINA PARED EXT C.CERAM ADRA MONOCOMANDO                             ";1;1;1;23491886;170926153613229;184306113;;;;02/18/2032 00:00:00;1;14018737;17/09/2026 15:36:13;Gustavo;Soderquvist;;;;;;Gustavo Soderquvist;
14358251;17/09/2026 15:36:40;3;2;0008    2940-1;01;CAMIONETA LUN 2;2091843;"CO28    ";"CONSTRUDISENO S.A.                                ";RUTA 197 Y PANAMERICANA;951523;"20-134         ";20-134 - MONOCOMANDO COCINA BETIS;1;1;1;23491886;170926153613229;184306557;;;;08/11/2031 00:00:00;1;14018737;17/09/2026 15:36:13;Gustavo;Soderquvist;;;;;;Gustavo Soderquvist;
14358252;17/09/2026 15:19:03;3;2;0001  215774-1;01;CAMIONETA LUN 2;2094442;"SF14    ";"FERNANDEZ GUILLERMO S. -SANITARIOS FAM            ";AV. CONSTITUYENTES 1076;951957;"303            ";"303 - BIDET CROMO ""DIQUE""";1;1;1;23473594;170926151641606;184269702;;;;11/25/2031 00:00:00;1;14017840;17/09/2026 15:16:41;Maximiliano;Nievas;24747407;17/09/2026 10:45:44;6922;Franco;Potenza;Maximiliano Nievas;Franco Potenza
14358252;17/09/2026 15:19:03;3;2;0001  215774-1;01;CAMIONETA LUN 2;2094442;"SF14    ";"FERNANDEZ GUILLERMO S. -SANITARIOS FAM            ";AV. CONSTITUYENTES 1076;953432;"910/M          ";"910/M - JGO.MDA.P.CANO CROMO ""DIQUE""";1;1;1;23473594;170926151641606;184269949;;;;12/21/2031 00:00:00;1;14017840;17/09/2026 15:16:41;Maximiliano;Nievas;24747407;17/09/2026 10:45:44;6922;Franco;Potenza;Maximiliano Nievas;Franco Potenza
14358252;17/09/2026 15:19:03;3;2;0001  215774-1;01;CAMIONETA LUN 2;2094442;"SF14    ";"FERNANDEZ GUILLERMO S. -SANITARIOS FAM            ";AV. CONSTITUYENTES 1076;952862;"70-058         ";70-058 - BIDE CR C.STD MALBA;2;2;2;23473594;170926151641606;184269421;;;;10/20/2031 00:00:00;2;14017840;17/09/2026 15:16:41;Maximiliano;Nievas;24747407;17/09/2026 10:45:44;6922;Franco;Potenza;Maximiliano Nievas;Franco Potenza
14358252;17/09/2026 15:19:03;3;2;0001  215774-1;01;CAMIONETA LUN 2;2094442;"SF14    ";"FERNANDEZ GUILLERMO S. -SANITARIOS FAM            ";AV. CONSTITUYENTES 1076;952583;"60-058         ";60-058 - LAVATORIO CR C.STD MALBA;2;2;2;23473594;170926151641606;184269284;;;;12/03/2031 00:00:00;2;14017840;17/09/2026 15:16:41;Maximiliano;Nievas;24747407;17/09/2026 10:45:44;6922;Franco;Potenza;Maximiliano Nievas;Franco Potenza
14358252;17/09/2026 15:19:03;3;2;0001  215774-1;01;CAMIONETA LUN 2;2094442;"SF14    ";"FERNANDEZ GUILLERMO S. -SANITARIOS FAM            ";AV. CONSTITUYENTES 1076;952449;"51-107         ";51-107 - JGO. MESADA CR C.CERAM BEDIA;1;1;1;23473594;170926151641606;184271422;;;;11/10/2031 00:00:00;1;14017840;17/09/2026 15:16:41;Maximiliano;Nievas;24747407;17/09/2026 10:45:44;6922;Franco;Potenza;Maximiliano Nievas;Franco Potenza
14358252;17/09/2026 15:19:03;3;2;0001  215774-1;01;CAMIONETA LUN 2;2094442;"SF14    ";"FERNANDEZ GUILLERMO S. -SANITARIOS FAM            ";AV. CONSTITUYENTES 1076;952438;"51-058         ";51-058 - COCINA MESADA CR C.STD MALBA;2;2;2;23473594;170926151641606;184266070;;;;10/19/2031 00:00:00;2;14017840;17/09/2026 15:16:41;Maximiliano;Nievas;24747407;17/09/2026 10:45:44;6922;Franco;Potenza;Maximiliano Nievas;Franco Potenza
14358252;17/09/2026 15:19:03;3;2;0001  215774-1;01;CAMIONETA LUN 2;2094442;"SF14    ";"FERNANDEZ GUILLERMO S. -SANITARIOS FAM            ";AV. CONSTITUYENTES 1076;952712;"61-176         ";61-176 - LAVATORIO MONOC ALTO CR RIO;1;1;1;23476265;170926151859820;184295508;;;;10/11/2031 00:00:00;1;14017957;17/09/2026 15:18:59;Maximiliano;Nievas;24749943;17/09/2026 12:03:09;7827;Javier;Machado;Maximiliano Nievas;Javier Machado
14358252;17/09/2026 15:19:03;3;2;0001  215774-1;01;CAMIONETA LUN 2;2094442;"SF14    ";"FERNANDEZ GUILLERMO S. -SANITARIOS FAM            ";AV. CONSTITUYENTES 1076;951545;"20-172         ";20-172 - COCINA MESADA MONOC. COLORS NEGRO;1;1;1;23476265;170926151859820;184286227;;;;07/28/2031 00:00:00;1;14017957;17/09/2026 15:18:59;Maximiliano;Nievas;24749943;17/09/2026 12:03:09;7827;Javier;Machado;Maximiliano Nievas;Javier Machado
14358252;17/09/2026 15:19:03;3;2;0001  215774-1;01;CAMIONETA LUN 2;2094442;"SF14    ";"FERNANDEZ GUILLERMO S. -SANITARIOS FAM            ";AV. CONSTITUYENTES 1076;951533;"20-150         ";20-150 - MONOCOMANDO MESADA COCINA TOLEDO;1;1;1;23476265;170926151859820;184294316;;;;07/27/2031 00:00:00;1;14017957;17/09/2026 15:18:59;Maximiliano;Nievas;24749943;17/09/2026 12:03:09;7827;Javier;Machado;Maximiliano Nievas;Javier Machado
14358252;17/09/2026 15:19:03;3;2;0001  215774-1;01;CAMIONETA LUN 2;2094442;"SF14    ";"FERNANDEZ GUILLERMO S. -SANITARIOS FAM            ";AV. CONSTITUYENTES 1076;951530;"20-146         ";20-146 - MONOCOMANDO DE COCINA CR LINEA MOVE;1;1;1;23476265;170926151859820;184298212;;;;11/23/2031 00:00:00;1;14017957;17/09/2026 15:18:59;Maximiliano;Nievas;24749943;17/09/2026 12:03:09;7827;Javier;Machado;Maximiliano Nievas;Javier Machado
14358252;17/09/2026 15:19:03;3;2;0001  215774-1;01;CAMIONETA LUN 2;2094442;"SF14    ";"FERNANDEZ GUILLERMO S. -SANITARIOS FAM            ";AV. CONSTITUYENTES 1076;951523;"20-134         ";20-134 - MONOCOMANDO COCINA BETIS;1;1;1;23476265;170926151859820;184306732;;;;08/11/2031 00:00:00;1;14017957;17/09/2026 15:18:59;Maximiliano;Nievas;24749943;17/09/2026 12:03:09;7827;Javier;Machado;Maximiliano Nievas;Javier Machado
14358252;17/09/2026 15:19:03;3;2;0001  215774-1;01;CAMIONETA LUN 2;2094442;"SF14    ";"FERNANDEZ GUILLERMO S. -SANITARIOS FAM            ";AV. CONSTITUYENTES 1076;954226;"A1448C         ";"A1448C - CAÑO CURVO METALICO C/FLOR DE DUCHA 4"" ABS CR C/BLISTER";2;2;2;23490941;170926151823623;184284338;;;;08/13/2031 00:00:00;2;14018025;17/09/2026 15:18:23;Maximiliano;Nievas;;;;;;Maximiliano Nievas;
14358252;17/09/2026 15:19:03;3;2;0001  215774-1;01;CAMIONETA LUN 2;2094442;"SF14    ";"FERNANDEZ GUILLERMO S. -SANITARIOS FAM            ";AV. CONSTITUYENTES 1076;951975;"3040           ";3040 - PORTA ROLLO LINEA 3000;1;1;1;23490941;170926151823623;184285070;;;;07/27/2031 00:00:00;1;14018025;17/09/2026 15:18:23;Maximiliano;Nievas;;;;;;Maximiliano Nievas;
14358252;17/09/2026 15:19:03;3;2;0001  215774-1;01;CAMIONETA LUN 2;2094442;"SF14    ";"FERNANDEZ GUILLERMO S. -SANITARIOS FAM            ";AV. CONSTITUYENTES 1076;951906;"3020           ";3020 - TOALLERO DE ARO LINEA 3000;1;1;1;23490941;170926151823623;184284826;;;;07/29/2031 00:00:00;1;14018025;17/09/2026 15:18:23;Maximiliano;Nievas;;;;;;Maximiliano Nievas;
14358253;17/09/2026 15:22:54;3;2;0001  215799-1;01;CAMIONETA LUN 2;2094376;"SC39    ";"SURVALMEDA CONSTRUCCIONES S. A.                   ";LISANDRO DE LA TORRE 296;952648;"60-176N        ";"LAVATORIO MONOCOMANDO BAJO BLACK RIO                                  ";1;1;1;23477716;170926152254350;184300793;;;;07/29/2031 00:00:00;1;14018187;17/09/2026 15:22:54;Tiago;Rodriguez;24751333;17/09/2026 11:43:11;6922;Franco;Potenza;Tiago Rodriguez;Franco Potenza
14358254;17/09/2026 15:44:59;3;2;0001  215801-1;01;CAMIONETA LUN 2;2094376;"SC39    ";"SURVALMEDA CONSTRUCCIONES S. A.                   ";LISANDRO DE LA TORRE 296;952705;"61-130         ";61-130 - LAVATORIO MONOCOMANDO ALTO BILBAO;2;2;2;23477717;170926154458009;184298078;;;;07/28/2031 00:00:00;2;14019086;17/09/2026 15:44:58;Maximiliano;Nievas;24751333;17/09/2026 11:43:11;6922;Franco;Potenza;Maximiliano Nievas;Franco Potenza
14358254;17/09/2026 15:44:59;3;2;0001  215801-1;01;CAMIONETA LUN 2;2094376;"SC39    ";"SURVALMEDA CONSTRUCCIONES S. A.                   ";LISANDRO DE LA TORRE 296;952614;"60-130         ";60-130 - LAVATORIO MONOCOMANDO BAJO BILBAO;1;1;1;23477717;170926154458009;184297240;;;;07/28/2031 00:00:00;1;14019086;17/09/2026 15:44:58;Maximiliano;Nievas;24751333;17/09/2026 11:43:11;6922;Franco;Potenza;Maximiliano Nievas;Franco Potenza
14358255;17/09/2026 15:04:46;3;2;0001  215802-1;01;CAMIONETA LUN 2;2092387;"FA20    ";"FALABELLA S.A.                                    ";AV. DE LOS CONSTITUYENTES 515;951653;"22-178         ";22-178 - MONOCOMANDO DE COCINA P/AGUA FILTRADA VITA;1;1;1;23479423;170926060446745;184303986;;;;12/23/2031 00:00:00;1;14017477;17/09/2026 15:04:46;Mirko;Hernandez;24753222;17/09/2026 11:46:43;6922;Franco;Potenza;Mirko Hernandez;Franco Potenza
14358257;17/09/2026 15:22:12;3;2;0001  215822-1;01;CAMIONETA LUN 2;2093663;"NC04    ";"NUEVA CASA SA                                     ";COLECTORA ESTE PANAMERICANA S/N KM 44 44;952634;"60-162         ";60-162 - LAVATORIO CR C.CERAM LINEA ADRA;1;1;1;23477119;170926152202784;184286866;;;;07/29/2031 00:00:00;1;14018160;17/09/2026 15:22:02;Tiago;Rodriguez;24750825;17/09/2026 11:11:05;6922;Franco;Potenza;Tiago Rodriguez;Franco Potenza
14358258;17/09/2026 15:24:03;3;2;0001  215824-1;01;CAMIONETA LUN 2;2093663;"NC04    ";"NUEVA CASA SA                                     ";COLECTORA ESTE PANAMERICANA S/N KM 44 44;953112;"80-168         ";80-168 - DUCHA EMB C/TRANSF MONOC CR WAVE;1;1;1;23477120;170926152339711;184288358;;;;02/04/2032 00:00:00;1;14018258;17/09/2026 15:23:39;Tiago;Rodriguez;24750825;17/09/2026 11:11:05;6922;Franco;Potenza;Tiago Rodriguez;Franco Potenza
14358258;17/09/2026 15:24:03;3;2;0001  215824-1;01;CAMIONETA LUN 2;2093663;"NC04    ";"NUEVA CASA SA                                     ";COLECTORA ESTE PANAMERICANA S/N KM 44 44;953113;"80-168N        ";80-168N - DUCHA EMB C/TRANSF MONOC BLACK WAVE;1;1;1;23477120;170926152339711;184289162;;;;01/22/2032 00:00:00;1;14018258;17/09/2026 15:23:39;Tiago;Rodriguez;24750825;17/09/2026 11:11:05;6922;Franco;Potenza;Tiago Rodriguez;Franco Potenza
14358258;17/09/2026 15:24:03;3;2;0001  215824-1;01;CAMIONETA LUN 2;2093663;"NC04    ";"NUEVA CASA SA                                     ";COLECTORA ESTE PANAMERICANA S/N KM 44 44;952724;"61-200G        ";61-200G - LAVATORIO MONOC ALTO GOLD FABRIC;1;1;1;23478066;170926152403548;184296526;;;;07/27/2031 00:00:00;1;14018271;17/09/2026 15:24:03;Tiago;Rodriguez;24751837;17/09/2026 11:39:17;7839;Claudio;Juarez;Tiago Rodriguez;Claudio Juarez
14358258;17/09/2026 15:24:03;3;2;0001  215824-1;01;CAMIONETA LUN 2;2093663;"NC04    ";"NUEVA CASA SA                                     ";COLECTORA ESTE PANAMERICANA S/N KM 44 44;952709;"61-168N        ";61-168N - LAVATORIO MONOC ALTO BLACK WAVE;1;1;1;23478066;170926152403548;184297762;;;;07/28/2031 00:00:00;1;14018271;17/09/2026 15:24:03;Tiago;Rodriguez;24751837;17/09/2026 11:39:17;7839;Claudio;Juarez;Tiago Rodriguez;Claudio Juarez
14358258;17/09/2026 15:24:03;3;2;0001  215824-1;01;CAMIONETA LUN 2;2093663;"NC04    ";"NUEVA CASA SA                                     ";COLECTORA ESTE PANAMERICANA S/N KM 44 44;952708;"61-168         ";61-168 - LAVATORIO MONOC ALTO CR WAVE;1;1;1;23478066;170926152403548;184299160;;;;07/27/2031 00:00:00;1;14018271;17/09/2026 15:24:03;Tiago;Rodriguez;24751837;17/09/2026 11:39:17;7839;Claudio;Juarez;Tiago Rodriguez;Claudio Juarez
14358258;17/09/2026 15:24:03;3;2;0001  215824-1;01;CAMIONETA LUN 2;2093663;"NC04    ";"NUEVA CASA SA                                     ";COLECTORA ESTE PANAMERICANA S/N KM 44 44;951539;"20-168         ";20-168 - MONOCOMANDO COCINA CR WAVE;1;1;1;23478066;170926152403548;184298346;;;;07/27/2031 00:00:00;1;14018271;17/09/2026 15:24:03;Tiago;Rodriguez;24751837;17/09/2026 11:39:17;7839;Claudio;Juarez;Tiago Rodriguez;Claudio Juarez
14358258;17/09/2026 15:24:03;3;2;0001  215824-1;01;CAMIONETA LUN 2;2093663;"NC04    ";"NUEVA CASA SA                                     ";COLECTORA ESTE PANAMERICANA S/N KM 44 44;951301;"17030N         ";17030N - PERCHA LINEA FABRIC BLACK;1;1;1;23478066;170926152403548;184295407;;;;07/28/2031 00:00:00;1;14018271;17/09/2026 15:24:03;Tiago;Rodriguez;24751837;17/09/2026 11:39:17;7839;Claudio;Juarez;Tiago Rodriguez;Claudio Juarez
14358259;17/09/2026 15:11:53;3;2;0001  215857-1;01;CAMIONETA LUN 2;2092387;"FA20    ";"FALABELLA S.A.                                    ";AV. DE LOS CONSTITUYENTES 515;952634;"60-162         ";60-162 - LAVATORIO CR C.CERAM LINEA ADRA;10;10;10;23473595;170926061152934;184264120;;;;07/29/2031 00:00:00;10;14017614;17/09/2026 15:11:52;Mirko;Hernandez;24747407;17/09/2026 10:45:44;6922;Franco;Potenza;Mirko Hernandez;Franco Potenza
14358259;17/09/2026 15:11:53;3;2;0001  215857-1;01;CAMIONETA LUN 2;2092387;"FA20    ";"FALABELLA S.A.                                    ";AV. DE LOS CONSTITUYENTES 515;952721;"61-193         ";61-193 - LAVATORIO MONOCOMANDO ALTO MORA;3;3;3;23478067;170926060757805;184300069;;;;07/27/2031 00:00:00;3;14017504;17/09/2026 15:07:57;Mirko;Hernandez;24751837;17/09/2026 11:39:17;7839;Claudio;Juarez;Mirko Hernandez;Claudio Juarez
14358259;17/09/2026 15:11:53;3;2;0001  215857-1;01;CAMIONETA LUN 2;2092387;"FA20    ";"FALABELLA S.A.                                    ";AV. DE LOS CONSTITUYENTES 515;953140;"80-193         ";80-193 - DUCHA EMB. C/TRANSF. MONOCOMANDO MORA;3;3;3;23478067;170926060757805;184298782;;;;07/27/2031 00:00:00;3;14017504;17/09/2026 15:07:57;Mirko;Hernandez;24751837;17/09/2026 11:39:17;7839;Claudio;Juarez;Mirko Hernandez;Claudio Juarez
14358259;17/09/2026 15:11:53;3;2;0001  215857-1;01;CAMIONETA LUN 2;2092387;"FA20    ";"FALABELLA S.A.                                    ";AV. DE LOS CONSTITUYENTES 515;952661;"60-193         ";60-193 - LAVATORIO MONOCOMANDO BAJO MORA;3;3;3;23490227;170926060702482;184300655;;;;07/28/2031 00:00:00;3;14017582;17/09/2026 15:07:02;Mirko;Hernandez;;;;;;Mirko Hernandez;
14358259;17/09/2026 15:11:53;3;2;0001  215857-1;01;CAMIONETA LUN 2;2092387;"FA20    ";"FALABELLA S.A.                                    ";AV. DE LOS CONSTITUYENTES 515;952650;"60-180         ";60-180 - LAVATORIO MONOCOMANDO BAJO VERA;2;2;2;23490227;170926060702482;184299573;;;;07/28/2031 00:00:00;2;14017582;17/09/2026 15:07:02;Mirko;Hernandez;;;;;;Mirko Hernandez;
14358259;17/09/2026 15:11:53;3;2;0001  215857-1;01;CAMIONETA LUN 2;2092387;"FA20    ";"FALABELLA S.A.                                    ";AV. DE LOS CONSTITUYENTES 515;951512;"20-122         ";"MONOCOMANDO COCINA CR C/PICO EXTRAIBLE VALENCIA                       ";3;3;3;23490227;170926060702482;184296191;;;;08/06/2031 00:00:00;3;14017582;17/09/2026 15:07:02;Mirko;Hernandez;;;;;;Mirko Hernandez;
14358259;17/09/2026 15:11:53;3;2;0001  215857-1;01;CAMIONETA LUN 2;2092387;"FA20    ";"FALABELLA S.A.                                    ";AV. DE LOS CONSTITUYENTES 515;952939;"70-193         ";70-193 - BIDE MONOCOMANDO MORA;2;2;2;23490227;170926060702482;184297122;;;;07/28/2031 00:00:00;2;14017582;17/09/2026 15:07:02;Mirko;Hernandez;;;;;;Mirko Hernandez;
14358259;17/09/2026 15:11:53;3;2;0001  215857-1;01;CAMIONETA LUN 2;2092387;"FA20    ";"FALABELLA S.A.                                    ";AV. DE LOS CONSTITUYENTES 515;953109;"80-166         ";"DUCHA EMB. C/TRANSF. CR C.CERAM ADRA PLUS                             ";6;6;6;23490324;170926060822048;184384820;;;;01/19/2032 00:00:00;4;14017624;17/09/2026 15:08:22;Mirko;Hernandez;;;;;;Mirko Hernandez;
14358259;17/09/2026 15:11:53;3;2;0001  215857-1;01;CAMIONETA LUN 2;2092387;"FA20    ";"FALABELLA S.A.                                    ";AV. DE LOS CONSTITUYENTES 515;952658;"60-190         ";60-190 - LAVATORIO C.CERAM BLACK VELVET;1;1;1;23490382;170926060908620;184273369;;;;08/12/2031 00:00:00;1;14017657;17/09/2026 15:09:08;Mirko;Hernandez;;;;;;Mirko Hernandez;
14358259;17/09/2026 15:11:53;3;2;0001  215857-1;01;CAMIONETA LUN 2;2092387;"FA20    ";"FALABELLA S.A.                                    ";AV. DE LOS CONSTITUYENTES 515;953109;"80-166         ";"DUCHA EMB. C/TRANSF. CR C.CERAM ADRA PLUS                             ";6;6;6;23490382;170926060908620;184265657;;;;01/19/2032 00:00:00;2;14017657;17/09/2026 15:09:08;Mirko;Hernandez;;;;;;Mirko Hernandez;
14358259;17/09/2026 15:11:53;3;2;0001  215857-1;01;CAMIONETA LUN 2;2092387;"FA20    ";"FALABELLA S.A.                                    ";AV. DE LOS CONSTITUYENTES 515;952726;"61-203         ";61-203 - LAVATORIO MONOCOMANDO ALTO ADRA;2;2;2;23490382;170926060908620;184272069;;;;02/22/2032 00:00:00;2;14017657;17/09/2026 15:09:08;Mirko;Hernandez;;;;;;Mirko Hernandez;
14358259;17/09/2026 15:11:53;3;2;0001  215857-1;01;CAMIONETA LUN 2;2092387;"FA20    ";"FALABELLA S.A.                                    ";AV. DE LOS CONSTITUYENTES 515;952871;"70-064         ";70-064 - BIDE CROMO C.STD FRAGA;3;3;3;23490412;170926060942435;184385429;;;;07/31/2031 00:00:00;1;14017678;17/09/2026 15:09:42;Mirko;Hernandez;;;;;;Mirko Hernandez;
14358259;17/09/2026 15:11:53;3;2;0001  215857-1;01;CAMIONETA LUN 2;2092387;"FA20    ";"FALABELLA S.A.                                    ";AV. DE LOS CONSTITUYENTES 515;952587;"60-061         ";60-061 - LAVATORIO CR C.STD PUEBLA;6;6;6;23490412;170926060942435;184266860;;;;10/08/2031 00:00:00;6;14017678;17/09/2026 15:09:42;Mirko;Hernandez;;;;;;Mirko Hernandez;
14358259;17/09/2026 15:11:53;3;2;0001  215857-1;01;CAMIONETA LUN 2;2092387;"FA20    ";"FALABELLA S.A.                                    ";AV. DE LOS CONSTITUYENTES 515;952677;"60-203         ";60-203 - LAVATORIO MONOCOMANDO BAJO ADRA;3;3;3;23490412;170926060942435;184272936;;;;03/02/2032 00:00:00;3;14017678;17/09/2026 15:09:42;Mirko;Hernandez;;;;;;Mirko Hernandez;
14358259;17/09/2026 15:11:53;3;2;0001  215857-1;01;CAMIONETA LUN 2;2092387;"FA20    ";"FALABELLA S.A.                                    ";AV. DE LOS CONSTITUYENTES 515;952871;"70-064         ";70-064 - BIDE CROMO C.STD FRAGA;3;3;3;23490480;170926061103085;184270434;;;;07/31/2031 00:00:00;2;14017733;17/09/2026 15:11:03;Mirko;Hernandez;;;;;;Mirko Hernandez;
14358259;17/09/2026 15:11:53;3;2;0001  215857-1;01;CAMIONETA LUN 2;2092387;"FA20    ";"FALABELLA S.A.                                    ";AV. DE LOS CONSTITUYENTES 515;952912;"70-162         ";70-162 - BIDE CR C.CERAM LINEA ADRA;4;4;4;23490480;170926061103085;184264933;;;;07/29/2031 00:00:00;4;14017733;17/09/2026 15:11:03;Mirko;Hernandez;;;;;;Mirko Hernandez;
14358259;17/09/2026 15:11:53;3;2;0001  215857-1;01;CAMIONETA LUN 2;2092387;"FA20    ";"FALABELLA S.A.                                    ";AV. DE LOS CONSTITUYENTES 515;952936;"70-190         ";70-190 - BIDE C.CERAM BLACK VELVET;4;4;4;23490480;170926061103085;184274595;;;;11/08/2031 00:00:00;4;14017733;17/09/2026 15:11:03;Mirko;Hernandez;;;;;;Mirko Hernandez;
14358260;17/09/2026 15:02:52;3;2;0008    2918-2;01;CAMIONETA LUN 2;2091843;"CO28    ";"CONSTRUDISENO S.A.                                ";RUTA 197 Y PANAMERICANA;956408;"INO101-2       ";INO101-2 - DEPOSITO C/DESCARGA DUAL BLANCO LINEA ACQUA;1;1;1;23479217;170926150248214;184304324;;;;03/06/2032 00:00:00;1;14017329;17/09/2026 15:02:48;Gustavo;Soderquvist;24752995;17/09/2026 11:51:55;7839;Claudio;Juarez;Gustavo Soderquvist;Claudio Juarez
14358261;17/09/2026 15:30:44;3;2;0008    2930-1;01;CAMIONETA LUN 2;2091843;"CO28    ";"CONSTRUDISENO S.A.                                ";RUTA 197 Y PANAMERICANA;951294;"17010G         ";17010G - TOALLERO BARRAL LINEA FABRIC GOLD;1;1;1;23476266;170926153043104;184288865;;;;07/27/2031 00:00:00;1;14018485;17/09/2026 15:30:43;Tiago;Rodriguez;24749943;17/09/2026 12:03:09;7827;Javier;Machado;Tiago Rodriguez;Javier Machado
14358261;17/09/2026 15:30:44;3;2;0008    2930-1;01;CAMIONETA LUN 2;2091843;"CO28    ";"CONSTRUDISENO S.A.                                ";RUTA 197 Y PANAMERICANA;1007844;"20-122S        ";"MONOCOMANDO COCINA INOX C/PICO EXTRAIBLE VALENCIA                     ";1;1;1;23476266;170926153043104;184298982;;;;01/06/2032 00:00:00;1;14018485;17/09/2026 15:30:43;Tiago;Rodriguez;24749943;17/09/2026 12:03:09;7827;Javier;Machado;Tiago Rodriguez;Javier Machado
14358261;17/09/2026 15:30:44;3;2;0008    2930-1;01;CAMIONETA LUN 2;2091843;"CO28    ";"CONSTRUDISENO S.A.                                ";RUTA 197 Y PANAMERICANA;951304;"17040N         ";17040N - PORTA ROLLO LINEA FABRIC BLACK;3;3;3;23476266;170926153043104;184304724;;;;07/29/2031 00:00:00;3;14018485;17/09/2026 15:30:43;Tiago;Rodriguez;24749943;17/09/2026 12:03:09;7827;Javier;Machado;Tiago Rodriguez;Javier Machado
14358261;17/09/2026 15:30:44;3;2;0008    2930-1;01;CAMIONETA LUN 2;2091843;"CO28    ";"CONSTRUDISENO S.A.                                ";RUTA 197 Y PANAMERICANA;951303;"17040G         ";17040G - PORTA ROLLO LINEA FABRIC GOLD;3;3;3;23476266;170926153043104;184302955;;;;07/28/2031 00:00:00;3;14018485;17/09/2026 15:30:43;Tiago;Rodriguez;24749943;17/09/2026 12:03:09;7827;Javier;Machado;Tiago Rodriguez;Javier Machado
14358261;17/09/2026 15:30:44;3;2;0008    2930-1;01;CAMIONETA LUN 2;2091843;"CO28    ";"CONSTRUDISENO S.A.                                ";RUTA 197 Y PANAMERICANA;951302;"17040C         ";17040C - PORTA ROLLO LINEA FABRIC CROMO;1;1;1;23476266;170926153043104;184302287;;;;07/29/2031 00:00:00;1;14018485;17/09/2026 15:30:43;Tiago;Rodriguez;24749943;17/09/2026 12:03:09;7827;Javier;Machado;Tiago Rodriguez;Javier Machado
14358261;17/09/2026 15:30:44;3;2;0008    2930-1;01;CAMIONETA LUN 2;2091843;"CO28    ";"CONSTRUDISENO S.A.                                ";RUTA 197 Y PANAMERICANA;951301;"17030N         ";17030N - PERCHA LINEA FABRIC BLACK;5;5;5;23476266;170926153043104;184305188;;;;07/28/2031 00:00:00;5;14018485;17/09/2026 15:30:43;Tiago;Rodriguez;24749943;17/09/2026 12:03:09;7827;Javier;Machado;Tiago Rodriguez;Javier Machado
14358261;17/09/2026 15:30:44;3;2;0008    2930-1;01;CAMIONETA LUN 2;2091843;"CO28    ";"CONSTRUDISENO S.A.                                ";RUTA 197 Y PANAMERICANA;951300;"17030G         ";17030G - PERCHA LINEA FABRIC GOLD;1;1;1;23476266;170926153043104;184308966;;;;07/29/2031 00:00:00;1;14018485;17/09/2026 15:30:43;Tiago;Rodriguez;24749943;17/09/2026 12:03:09;7827;Javier;Machado;Tiago Rodriguez;Javier Machado
14358261;17/09/2026 15:30:44;3;2;0008    2930-1;01;CAMIONETA LUN 2;2091843;"CO28    ";"CONSTRUDISENO S.A.                                ";RUTA 197 Y PANAMERICANA;951299;"17030C         ";17030C - PERCHA LINEA FABRIC CROMO;1;1;1;23476266;170926153043104;184304060;;;;11/10/2031 00:00:00;1;14018485;17/09/2026 15:30:43;Tiago;Rodriguez;24749943;17/09/2026 12:03:09;7827;Javier;Machado;Tiago Rodriguez;Javier Machado
14358261;17/09/2026 15:30:44;3;2;0008    2930-1;01;CAMIONETA LUN 2;2091843;"CO28    ";"CONSTRUDISENO S.A.                                ";RUTA 197 Y PANAMERICANA;951297;"17020G         ";17020G - TOALLERO DE ARO LINEA FABRIC GOLD;1;1;1;23476266;170926153043104;184289330;;;;07/29/2031 00:00:00;1;14018485;17/09/2026 15:30:43;Tiago;Rodriguez;24749943;17/09/2026 12:03:09;7827;Javier;Machado;Tiago Rodriguez;Javier Machado
14358261;17/09/2026 15:30:44;3;2;0008    2930-1;01;CAMIONETA LUN 2;2091843;"CO28    ";"CONSTRUDISENO S.A.                                ";RUTA 197 Y PANAMERICANA;952933;"70-183         ";"BIDE MONOCOMANDO C/TRANSF MAT                                         ";1;1;1;23476266;170926153043104;184297551;;;;11/02/2031 00:00:00;1;14018485;17/09/2026 15:30:43;Tiago;Rodriguez;24749943;17/09/2026 12:03:09;7827;Javier;Machado;Tiago Rodriguez;Javier Machado
14358261;17/09/2026 15:30:44;3;2;0008    2930-1;01;CAMIONETA LUN 2;2091843;"CO28    ";"CONSTRUDISENO S.A.                                ";RUTA 197 Y PANAMERICANA;952800;"63-183         ";"LAVATORIO PARED EMB MONOCOMANDO MAT                                   ";2;2;2;23476266;170926153043104;184297830;;;;01/12/2032 00:00:00;2;14018485;17/09/2026 15:30:43;Tiago;Rodriguez;24749943;17/09/2026 12:03:09;7827;Javier;Machado;Tiago Rodriguez;Javier Machado
14358261;17/09/2026 15:30:44;3;2;0008    2930-1;01;CAMIONETA LUN 2;2091843;"CO28    ";"CONSTRUDISENO S.A.                                ";RUTA 197 Y PANAMERICANA;953343;"85-153         ";85-153 - DUCHA EMB C/TRANSF Y DUCHADOR CR C.CERAM CASTILLA;1;1;1;23477121;170926152829548;184287971;;;;11/16/2031 00:00:00;1;14018368;17/09/2026 15:28:29;Tiago;Rodriguez;24750825;17/09/2026 11:11:05;6922;Franco;Potenza;Tiago Rodriguez;Franco Potenza
14358261;17/09/2026 15:30:44;3;2;0008    2930-1;01;CAMIONETA LUN 2;2091843;"CO28    ";"CONSTRUDISENO S.A.                                ";RUTA 197 Y PANAMERICANA;952886;"70-121         ";70-121 - BIDE C.CERAM CR MARBELLA;1;1;1;23477121;170926152829548;184288746;;;;01/17/2032 00:00:00;1;14018368;17/09/2026 15:28:29;Tiago;Rodriguez;24750825;17/09/2026 11:11:05;6922;Franco;Potenza;Tiago Rodriguez;Franco Potenza
14358261;17/09/2026 15:30:44;3;2;0008    2930-1;01;CAMIONETA LUN 2;2091843;"CO28    ";"CONSTRUDISENO S.A.                                ";RUTA 197 Y PANAMERICANA;952608;"60-121         ";60-121 - LAVATORIO C.CERAM CR MARBELLA;1;1;1;23477121;170926152829548;184288572;;;;01/25/2032 00:00:00;1;14018368;17/09/2026 15:28:29;Tiago;Rodriguez;24750825;17/09/2026 11:11:05;6922;Franco;Potenza;Tiago Rodriguez;Franco Potenza
14358262;17/09/2026 14:41:52;3;2;0008    2941-1;01;CAMIONETA LUN 2;2091843;"CO28    ";"CONSTRUDISENO S.A.                                ";RUTA 197 Y PANAMERICANA;954883;"BAI01G         ";BAI01G - BACHA EMB COCINA C/ACCESORIOS 750x450x220 GOLD BRUSHED;1;1;1;23471909;170926142024638;184259485;;;;07/30/2031 00:00:00;1;14015775;17/09/2026 14:20:24;Maximiliano;Nievas;24745862;17/09/2026 09:58:14;6922;Franco;Potenza;Maximiliano Nievas;Franco Potenza
14358262;17/09/2026 14:41:52;3;2;0008    2941-1;01;CAMIONETA LUN 2;2091843;"CO28    ";"CONSTRUDISENO S.A.                                ";RUTA 197 Y PANAMERICANA;954903;"BCH03/3        ";BCH03/3 - BACHA DE APOYAR RECTANGULAR 3 AG 500x420x130;1;1;1;23471909;170926142024638;184258892;;;;07/29/2031 00:00:00;1;14015775;17/09/2026 14:20:24;Maximiliano;Nievas;24745862;17/09/2026 09:58:14;6922;Franco;Potenza;Maximiliano Nievas;Franco Potenza
14358262;17/09/2026 14:41:52;3;2;0008    2941-1;01;CAMIONETA LUN 2;2091843;"CO28    ";"CONSTRUDISENO S.A.                                ";RUTA 197 Y PANAMERICANA;954905;"BCH04/3        ";BCH04/3 - BACHA DE APOYAR CUADRADA 3 AG 420x420x125;3;3;3;23471909;170926142024638;184259186;;;;07/28/2031 00:00:00;3;14015775;17/09/2026 14:20:24;Maximiliano;Nievas;24745862;17/09/2026 09:58:14;6922;Franco;Potenza;Maximiliano Nievas;Franco Potenza
14358262;17/09/2026 14:41:52;3;2;0008    2941-1;01;CAMIONETA LUN 2;2091843;"CO28    ";"CONSTRUDISENO S.A.                                ";RUTA 197 Y PANAMERICANA;954911;"BCH10          ";BCH10 - BACHA DE APOYAR NEGRO MATE 460x320x140;1;1;1;23471909;170926142024638;184258171;;;;07/28/2031 00:00:00;1;14015775;17/09/2026 14:20:24;Maximiliano;Nievas;24745862;17/09/2026 09:58:14;6922;Franco;Potenza;Maximiliano Nievas;Franco Potenza
14358262;17/09/2026 14:41:52;3;2;0008    2941-1;01;CAMIONETA LUN 2;2091843;"CO28    ";"CONSTRUDISENO S.A.                                ";RUTA 197 Y PANAMERICANA;954912;"BCH11BM        ";BCH11BM - BACHA DE APOYAR REDONDA BLANCO MATE 400x400x125;1;1;1;23471909;170926142024638;184259626;;;;08/17/2031 00:00:00;1;14015775;17/09/2026 14:20:24;Maximiliano;Nievas;24745862;17/09/2026 09:58:14;6922;Franco;Potenza;Maximiliano Nievas;Franco Potenza
14358262;17/09/2026 14:41:52;3;2;0008    2941-1;01;CAMIONETA LUN 2;2091843;"CO28    ";"CONSTRUDISENO S.A.                                ";RUTA 197 Y PANAMERICANA;954918;"BCH16          ";BCH16 - BACHA DE APOYAR BLANCA 610x457x254 C/DESAGOTE Y REJILLA;1;1;1;23471909;170926142024638;184260138;;;;01/06/2032 00:00:00;1;14015775;17/09/2026 14:20:24;Maximiliano;Nievas;24745862;17/09/2026 09:58:14;6922;Franco;Potenza;Maximiliano Nievas;Franco Potenza
14358262;17/09/2026 14:41:52;3;2;0008    2941-1;01;CAMIONETA LUN 2;2091843;"CO28    ";"CONSTRUDISENO S.A.                                ";RUTA 197 Y PANAMERICANA;954921;"BCH18          ";BCH18 - BACHA DE APOYAR SIMIL MARMOL 460x320x140;1;1;1;23471909;170926142024638;184257921;;;;10/04/2031 00:00:00;1;14015775;17/09/2026 14:20:24;Maximiliano;Nievas;24745862;17/09/2026 09:58:14;6922;Franco;Potenza;Maximiliano Nievas;Franco Potenza
14358262;17/09/2026 14:41:52;3;2;0008    2941-1;01;CAMIONETA LUN 2;2091843;"CO28    ";"CONSTRUDISENO S.A.                                ";RUTA 197 Y PANAMERICANA;952953;"70-201NI       ";70-201NI - BIDE CR C.CERAM BEAT NICKEL;2;2;2;23474582;170926143437833;184271423;;;;07/29/2031 00:00:00;2;14016178;17/09/2026 14:34:37;Maximiliano;Nievas;24748250;17/09/2026 10:57:28;7839;Claudio;Juarez;Maximiliano Nievas;Claudio Juarez
14358262;17/09/2026 14:41:52;3;2;0008    2941-1;01;CAMIONETA LUN 2;2091843;"CO28    ";"CONSTRUDISENO S.A.                                ";RUTA 197 Y PANAMERICANA;952936;"70-190         ";70-190 - BIDE C.CERAM BLACK VELVET;1;1;1;23474582;170926143437833;184273242;;;;11/08/2031 00:00:00;1;14016178;17/09/2026 14:34:37;Maximiliano;Nievas;24748250;17/09/2026 10:57:28;7839;Claudio;Juarez;Maximiliano Nievas;Claudio Juarez
14358262;17/09/2026 14:41:52;3;2;0008    2941-1;01;CAMIONETA LUN 2;2091843;"CO28    ";"CONSTRUDISENO S.A.                                ";RUTA 197 Y PANAMERICANA;952923;"70-175GR       ";70-175GR - BIDE PULSE GRAFITO C.CERAM;1;1;1;23474582;170926143437833;184275537;;;;07/31/2031 00:00:00;1;14016178;17/09/2026 14:34:37;Maximiliano;Nievas;24748250;17/09/2026 10:57:28;7839;Claudio;Juarez;Maximiliano Nievas;Claudio Juarez
14358262;17/09/2026 14:41:52;3;2;0008    2941-1;01;CAMIONETA LUN 2;2091843;"CO28    ";"CONSTRUDISENO S.A.                                ";RUTA 197 Y PANAMERICANA;952913;"70-162N        ";70-162N - BIDE BLACK C.CERAM LINEA ADRA;1;1;1;23474582;170926143437833;184283565;;;;02/16/2032 00:00:00;1;14016178;17/09/2026 14:34:37;Maximiliano;Nievas;24748250;17/09/2026 10:57:28;7839;Claudio;Juarez;Maximiliano Nievas;Claudio Juarez
14358262;17/09/2026 14:41:52;3;2;0008    2941-1;01;CAMIONETA LUN 2;2091843;"CO28    ";"CONSTRUDISENO S.A.                                ";RUTA 197 Y PANAMERICANA;952786;"62-201NI       ";62-201NI - LAVATORIO DE PARED C.CERAM BEAT NICKEL;1;1;1;23474582;170926143437833;184271745;;;;11/02/2031 00:00:00;1;14016178;17/09/2026 14:34:37;Maximiliano;Nievas;24748250;17/09/2026 10:57:28;7839;Claudio;Juarez;Maximiliano Nievas;Claudio Juarez
14358262;17/09/2026 14:41:52;3;2;0008    2941-1;01;CAMIONETA LUN 2;2091843;"CO28    ";"CONSTRUDISENO S.A.                                ";RUTA 197 Y PANAMERICANA;952774;"62-190         ";62-190 - LAVATORIO PARED EMB. C.CERAM BLACK VELVET;1;1;1;23474582;170926143437833;184274567;;;;09/02/2031 00:00:00;1;14016178;17/09/2026 14:34:37;Maximiliano;Nievas;24748250;17/09/2026 10:57:28;7839;Claudio;Juarez;Maximiliano Nievas;Claudio Juarez
14358262;17/09/2026 14:41:52;3;2;0008    2941-1;01;CAMIONETA LUN 2;2091843;"CO28    ";"CONSTRUDISENO S.A.                                ";RUTA 197 Y PANAMERICANA;952767;"62-175GR       ";62-175GR - LAVATORIO DE PARED PULSE GRAFITO C.CERAM;1;1;1;23474582;170926143437833;184275377;;;;09/03/2031 00:00:00;1;14016178;17/09/2026 14:34:37;Maximiliano;Nievas;24748250;17/09/2026 10:57:28;7839;Claudio;Juarez;Maximiliano Nievas;Claudio Juarez
14358262;17/09/2026 14:41:52;3;2;0008    2941-1;01;CAMIONETA LUN 2;2091843;"CO28    ";"CONSTRUDISENO S.A.                                ";RUTA 197 Y PANAMERICANA;952677;"60-203         ";60-203 - LAVATORIO MONOCOMANDO BAJO ADRA;2;2;2;23474582;170926143437833;184274390;;;;03/02/2032 00:00:00;2;14016178;17/09/2026 14:34:37;Maximiliano;Nievas;24748250;17/09/2026 10:57:28;7839;Claudio;Juarez;Maximiliano Nievas;Claudio Juarez
14358262;17/09/2026 14:41:52;3;2;0008    2941-1;01;CAMIONETA LUN 2;2091843;"CO28    ";"CONSTRUDISENO S.A.                                ";RUTA 197 Y PANAMERICANA;952709;"61-168N        ";61-168N - LAVATORIO MONOC ALTO BLACK WAVE;1;1;1;23476866;170926144152227;184286707;;;;07/28/2031 00:00:00;1;14016454;17/09/2026 14:41:52;Maximiliano;Nievas;24750563;17/09/2026 11:16:40;7839;Claudio;Juarez;Maximiliano Nievas;Claudio Juarez
14358262;17/09/2026 14:41:52;3;2;0008    2941-1;01;CAMIONETA LUN 2;2091843;"CO28    ";"CONSTRUDISENO S.A.                                ";RUTA 197 Y PANAMERICANA;953159;"80-203P        ";80-203P - DUCHA EMB C/TRANSF. MONOCOMANDO ADRA PLUS;1;1;1;23476866;170926144152227;184285583;;;;07/28/2031 00:00:00;1;14016454;17/09/2026 14:41:52;Maximiliano;Nievas;24750563;17/09/2026 11:16:40;7839;Claudio;Juarez;Maximiliano Nievas;Claudio Juarez
14358262;17/09/2026 14:41:52;3;2;0008    2941-1;01;CAMIONETA LUN 2;2091843;"CO28    ";"CONSTRUDISENO S.A.                                ";RUTA 197 Y PANAMERICANA;951512;"20-122         ";"MONOCOMANDO COCINA CR C/PICO EXTRAIBLE VALENCIA                       ";1;1;1;23476866;170926144152227;184291238;;;;08/06/2031 00:00:00;1;14016454;17/09/2026 14:41:52;Maximiliano;Nievas;24750563;17/09/2026 11:16:40;7839;Claudio;Juarez;Maximiliano Nievas;Claudio Juarez
14358262;17/09/2026 14:41:52;3;2;0008    2941-1;01;CAMIONETA LUN 2;2091843;"CO28    ";"CONSTRUDISENO S.A.                                ";RUTA 197 Y PANAMERICANA;951513;"20-122N        ";20-122N - MONOCOMANDO COCINA C/PICO EXTRAIBLE VALENCIA BLACK;1;1;1;23476866;170926144152227;184290584;;;;09/13/2031 00:00:00;1;14016454;17/09/2026 14:41:52;Maximiliano;Nievas;24750563;17/09/2026 11:16:40;7839;Claudio;Juarez;Maximiliano Nievas;Claudio Juarez
14358262;17/09/2026 14:41:52;3;2;0008    2941-1;01;CAMIONETA LUN 2;2091843;"CO28    ";"CONSTRUDISENO S.A.                                ";RUTA 197 Y PANAMERICANA;951536;"20-162         ";20-162 - MONOCOMANDO COCINA ADRA;1;1;1;23476866;170926144152227;184285469;;;;07/28/2031 00:00:00;1;14016454;17/09/2026 14:41:52;Maximiliano;Nievas;24750563;17/09/2026 11:16:40;7839;Claudio;Juarez;Maximiliano Nievas;Claudio Juarez
14358262;17/09/2026 14:41:52;3;2;0008    2941-1;01;CAMIONETA LUN 2;2091843;"CO28    ";"CONSTRUDISENO S.A.                                ";RUTA 197 Y PANAMERICANA;956415;"INO104-1       ";"INODORO BLANCO C/ASIENTO LINEA STONE                                  ";6;6;6;23487367;170926141758163;184255469;;;;01/20/2032 00:00:00;6;14015790;17/09/2026 14:17:58;Maximiliano;Nievas;;;;;;Maximiliano Nievas;
14358262;17/09/2026 14:41:52;3;2;0008    2941-1;01;CAMIONETA LUN 2;2091843;"CO28    ";"CONSTRUDISENO S.A.                                ";RUTA 197 Y PANAMERICANA;954946;"BID104-1       ";"BIDE 1 AGUJERO BLANCO LINEA STONE                                     ";2;2;2;23487479;170926141923574;184256216;;;;10/26/2031 00:00:00;2;14015845;17/09/2026 14:19:23;Maximiliano;Nievas;;;;;;Maximiliano Nievas;
14358262;17/09/2026 14:41:52;3;2;0008    2941-1;01;CAMIONETA LUN 2;2091843;"CO28    ";"CONSTRUDISENO S.A.                                ";RUTA 197 Y PANAMERICANA;956416;"INO104-2       ";"DEPOSITO C/DESCARGA DUAL BLANCO LINEA STONE                           ";6;6;6;23487479;170926141923574;184256995;;;;01/28/2032 00:00:00;6;14015845;17/09/2026 14:19:23;Maximiliano;Nievas;;;;;;Maximiliano Nievas;
14358262;17/09/2026 14:41:52;3;2;0008    2941-1;01;CAMIONETA LUN 2;2091843;"CO28    ";"CONSTRUDISENO S.A.                                ";RUTA 197 Y PANAMERICANA;953346;"85-168         ";85-168 - DUCHA MONOC C/TRANSF Y DUCHADOR CR WAVE;3;3;3;23488039;170926142857119;184276026;;;;03/08/2032 00:00:00;3;14016201;17/09/2026 14:28:57;Maximiliano;Nievas;;;;;;Maximiliano Nievas;
14358262;17/09/2026 14:41:52;3;2;0008    2941-1;01;CAMIONETA LUN 2;2091843;"CO28    ";"CONSTRUDISENO S.A.                                ";RUTA 197 Y PANAMERICANA;953113;"80-168N        ";80-168N - DUCHA EMB C/TRANSF MONOC BLACK WAVE;1;1;1;23488066;170926142908674;184276689;;;;01/22/2032 00:00:00;1;14016212;17/09/2026 14:29:08;Maximiliano;Nievas;;;;;;Maximiliano Nievas;
14358262;17/09/2026 14:41:52;3;2;0008    2941-1;01;CAMIONETA LUN 2;2091843;"CO28    ";"CONSTRUDISENO S.A.                                ";RUTA 197 Y PANAMERICANA;953120;"80-175GR       ";80-175GR - DUCHA EMB C/TRANSF. PULSE GRAFITO C.CERAM;1;1;1;23488066;170926142908674;184275473;;;;10/12/2031 00:00:00;1;14016212;17/09/2026 14:29:08;Maximiliano;Nievas;;;;;;Maximiliano Nievas;
14358262;17/09/2026 14:41:52;3;2;0008    2941-1;01;CAMIONETA LUN 2;2091843;"CO28    ";"CONSTRUDISENO S.A.                                ";RUTA 197 Y PANAMERICANA;953347;"85-168N        ";85-168N - DUCHA MONOC C/TRANSF Y DUCHADOR BLACK WAVE;1;1;1;23488066;170926142908674;184272289;;;;02/04/2032 00:00:00;1;14016212;17/09/2026 14:29:08;Maximiliano;Nievas;;;;;;Maximiliano Nievas;
14358262;17/09/2026 14:41:52;3;2;0008    2941-1;01;CAMIONETA LUN 2;2091843;"CO28    ";"CONSTRUDISENO S.A.                                ";RUTA 197 Y PANAMERICANA;953156;"80-201NI       ";80-201NI - DUCHA EMB C/TRANSF C.CERAM BEAT NICKEL;2;2;2;23488105;170926142946047;184271586;;;;11/10/2031 00:00:00;2;14016236;17/09/2026 14:29:46;Maximiliano;Nievas;;;;;;Maximiliano Nievas;
14358262;17/09/2026 14:41:52;3;2;0008    2941-1;01;CAMIONETA LUN 2;2091843;"CO28    ";"CONSTRUDISENO S.A.                                ";RUTA 197 Y PANAMERICANA;953071;"80-100G        ";80-100G - DUCHA EMB. C/TRANSF. GOLD C.CERAM FABRIC;2;2;2;23488105;170926142946047;184272806;;;;12/07/2031 00:00:00;2;14016236;17/09/2026 14:29:46;Maximiliano;Nievas;;;;;;Maximiliano Nievas;
14358262;17/09/2026 14:41:52;3;2;0008    2941-1;01;CAMIONETA LUN 2;2091843;"CO28    ";"CONSTRUDISENO S.A.                                ";RUTA 197 Y PANAMERICANA;952726;"61-203         ";61-203 - LAVATORIO MONOCOMANDO ALTO ADRA;3;3;3;23488292;170926143251466;184367650;;;;02/22/2032 00:00:00;2;14016361;17/09/2026 14:32:51;Maximiliano;Nievas;;;;;;Maximiliano Nievas;
14358262;17/09/2026 14:41:52;3;2;0008    2941-1;01;CAMIONETA LUN 2;2091843;"CO28    ";"CONSTRUDISENO S.A.                                ";RUTA 197 Y PANAMERICANA;952596;"60-100G        ";60-100G - LAVATORIO GOLD C.CERAM FABRIC;2;2;2;23488292;170926143251466;184273050;;;;11/10/2031 00:00:00;2;14016361;17/09/2026 14:32:51;Maximiliano;Nievas;;;;;;Maximiliano Nievas;
14358262;17/09/2026 14:41:52;3;2;0008    2941-1;01;CAMIONETA LUN 2;2091843;"CO28    ";"CONSTRUDISENO S.A.                                ";RUTA 197 Y PANAMERICANA;953110;"80-166N        ";80-166N - DUCHA EMB. C/TRANSF. BLACK C.CERAM ADRA PLUS;1;1;1;23488341;170926143339013;184274786;;;;01/07/2032 00:00:00;1;14016395;17/09/2026 14:33:39;Maximiliano;Nievas;;;;;;Maximiliano Nievas;
14358262;17/09/2026 14:41:52;3;2;0008    2941-1;01;CAMIONETA LUN 2;2091843;"CO28    ";"CONSTRUDISENO S.A.                                ";RUTA 197 Y PANAMERICANA;952726;"61-203         ";61-203 - LAVATORIO MONOCOMANDO ALTO ADRA;3;3;3;23488341;170926143339013;184274062;;;;02/22/2032 00:00:00;1;14016395;17/09/2026 14:33:39;Maximiliano;Nievas;;;;;;Maximiliano Nievas;
14358262;17/09/2026 14:41:52;3;2;0008    2941-1;01;CAMIONETA LUN 2;2091843;"CO28    ";"CONSTRUDISENO S.A.                                ";RUTA 197 Y PANAMERICANA;952658;"60-190         ";60-190 - LAVATORIO C.CERAM BLACK VELVET;2;2;2;23488341;170926143339013;184273530;;;;08/12/2031 00:00:00;2;14016395;17/09/2026 14:33:39;Maximiliano;Nievas;;;;;;Maximiliano Nievas;
14358262;17/09/2026 14:41:52;3;2;0008    2941-1;01;CAMIONETA LUN 2;2091843;"CO28    ";"CONSTRUDISENO S.A.                                ";RUTA 197 Y PANAMERICANA;951318;"18040          ";18040 - PORTA ROLLO NIQUEL LINEA BEAT;2;2;2;23488589;170926143733479;184289993;;;;07/28/2031 00:00:00;2;14016526;17/09/2026 14:37:33;Maximiliano;Nievas;;;;;;Maximiliano Nievas;
14358262;17/09/2026 14:41:52;3;2;0008    2941-1;01;CAMIONETA LUN 2;2091843;"CO28    ";"CONSTRUDISENO S.A.                                ";RUTA 197 Y PANAMERICANA;951320;"18050          ";18050 - JABONERA NIQUEL LINEA BEAT;2;2;2;23488589;170926143733479;184290287;;;;07/28/2031 00:00:00;2;14016526;17/09/2026 14:37:33;Maximiliano;Nievas;;;;;;Maximiliano Nievas;
14358262;17/09/2026 14:41:52;3;2;0008    2941-1;01;CAMIONETA LUN 2;2091843;"CO28    ";"CONSTRUDISENO S.A.                                ";RUTA 197 Y PANAMERICANA;951314;"18020          ";18020 - TOALLERO DE ARO NIQUEL LINEA BEAT;6;6;6;23488589;170926143733479;184289854;;;;07/29/2031 00:00:00;6;14016526;17/09/2026 14:37:33;Maximiliano;Nievas;;;;;;Maximiliano Nievas;
14358262;17/09/2026 14:41:52;3;2;0008    2941-1;01;CAMIONETA LUN 2;2091843;"CO28    ";"CONSTRUDISENO S.A.                                ";RUTA 197 Y PANAMERICANA;951423;"20040C         ";20040C - PORTA ROLLO CR LINEA PULSE;1;1;1;23488589;170926143733479;184286340;;;;07/31/2031 00:00:00;1;14016526;17/09/2026 14:37:33;Maximiliano;Nievas;;;;;;Maximiliano Nievas;
14358262;17/09/2026 14:41:52;3;2;0008    2941-1;01;CAMIONETA LUN 2;2091843;"CO28    ";"CONSTRUDISENO S.A.                                ";RUTA 197 Y PANAMERICANA;952954;"70-203         ";70-203 - BIDE MONOCOMANDO ADRA;1;1;1;23488631;170926143825125;184285707;;;;07/30/2031 00:00:00;1;14016553;17/09/2026 14:38:25;Maximiliano;Nievas;;;;;;Maximiliano Nievas;
14358262;17/09/2026 14:41:52;3;2;0008    2941-1;01;CAMIONETA LUN 2;2091843;"CO28    ";"CONSTRUDISENO S.A.                                ";RUTA 197 Y PANAMERICANA;952799;"63-180         ";63-180 - LAVATORIO MONOC. DE PARED VERA;1;1;1;23488631;170926143825125;184289338;;;;07/27/2031 00:00:00;1;14016553;17/09/2026 14:38:25;Maximiliano;Nievas;;;;;;Maximiliano Nievas;
14358262;17/09/2026 14:41:52;3;2;0008    2941-1;01;CAMIONETA LUN 2;2091843;"CO28    ";"CONSTRUDISENO S.A.                                ";RUTA 197 Y PANAMERICANA;951485;"20-100G        ";20-100G - MONOCOMANDO DE COCINA FABRIC GOLD;1;1;1;23488631;170926143825125;184289139;;;;07/28/2031 00:00:00;1;14016553;17/09/2026 14:38:25;Maximiliano;Nievas;;;;;;Maximiliano Nievas;
14358262;17/09/2026 14:41:52;3;2;0008    2941-1;01;CAMIONETA LUN 2;2091843;"CO28    ";"CONSTRUDISENO S.A.                                ";RUTA 197 Y PANAMERICANA;951410;"20030DG        ";20030DG - PERCHA DARK GOLD LINEA PULSE;1;1;1;23488631;170926143825125;184286164;;;;07/31/2031 00:00:00;1;14016553;17/09/2026 14:38:25;Maximiliano;Nievas;;;;;;Maximiliano Nievas;
14358262;17/09/2026 14:41:52;3;2;0008    2941-1;01;CAMIONETA LUN 2;2091843;"CO28    ";"CONSTRUDISENO S.A.                                ";RUTA 197 Y PANAMERICANA;952637;"60-168         ";60-168 - LAVATORIO MONOC BAJO CR WAVE;1;1;1;23488631;170926143825125;184288491;;;;07/27/2031 00:00:00;1;14016553;17/09/2026 14:38:25;Maximiliano;Nievas;;;;;;Maximiliano Nievas;
14358262;17/09/2026 14:41:52;3;2;0008    2941-1;01;CAMIONETA LUN 2;2091843;"CO28    ";"CONSTRUDISENO S.A.                                ";RUTA 197 Y PANAMERICANA;951561;"20-201NI       ";20-201NI - COCINA MONOCOMANDO JOYSTICK BEAT NICKEL;1;1;1;23488631;170926143825125;184288136;;;;07/28/2031 00:00:00;1;14016553;17/09/2026 14:38:25;Maximiliano;Nievas;;;;;;Maximiliano Nievas;
14358262;17/09/2026 14:41:52;3;2;0008    2941-1;01;CAMIONETA LUN 2;2091843;"CO28    ";"CONSTRUDISENO S.A.                                ";RUTA 197 Y PANAMERICANA;952638;"60-168N        ";60-168N - LAVATORIO MONOC BAJO BLACK WAVE;3;3;3;23488711;170926143945966;184288702;;;;07/27/2031 00:00:00;3;14016602;17/09/2026 14:39:45;Maximiliano;Nievas;;;;;;Maximiliano Nievas;
14358262;17/09/2026 14:41:52;3;2;0008    2941-1;01;CAMIONETA LUN 2;2091843;"CO28    ";"CONSTRUDISENO S.A.                                ";RUTA 197 Y PANAMERICANA;952661;"60-193         ";60-193 - LAVATORIO MONOCOMANDO BAJO MORA;1;1;1;23488711;170926143945966;184290780;;;;07/28/2031 00:00:00;1;14016602;17/09/2026 14:39:45;Maximiliano;Nievas;;;;;;Maximiliano Nievas;
14358262;17/09/2026 14:41:52;3;2;0008    2941-1;01;CAMIONETA LUN 2;2091843;"CO28    ";"CONSTRUDISENO S.A.                                ";RUTA 197 Y PANAMERICANA;952916;"70-168N        ";70-168N - BIDE MONOC BLACK WAVE;1;1;1;23488711;170926143945966;184285326;;;;01/05/2032 00:00:00;1;14016602;17/09/2026 14:39:45;Maximiliano;Nievas;;;;;;Maximiliano Nievas;
14358262;17/09/2026 14:41:52;3;2;0008    2941-1;01;CAMIONETA LUN 2;2091843;"CO28    ";"CONSTRUDISENO S.A.                                ";RUTA 197 Y PANAMERICANA;952950;"70-200G        ";70-200G - BIDE MONOCOMANDO GOLD FABRIC;1;1;1;23488711;170926143945966;184287004;;;;07/27/2031 00:00:00;1;14016602;17/09/2026 14:39:45;Maximiliano;Nievas;;;;;;Maximiliano Nievas;
14358262;17/09/2026 14:41:52;3;2;0008    2941-1;01;CAMIONETA LUN 2;2091843;"CO28    ";"CONSTRUDISENO S.A.                                ";RUTA 197 Y PANAMERICANA;951326;"19020          ";19020 - TOALLERO DE ARO LINEA 19000;2;2;2;23488755;170926144038948;184287695;;;;07/29/2031 00:00:00;2;14016634;17/09/2026 14:40:38;Maximiliano;Nievas;;;;;;Maximiliano Nievas;
14358263;17/09/2026 16:07:47;3;2;0001  215750-1;01;CAMIONETA LUN 2;2093090;"KI01    ";"KONECTA INSUMOS SANITARIOS S.R.L.                 ";AV. BENAVIDEZ 3591;954805;"AB-002         ";AB-002 - AGARRADERA ACERO INOX CROMADO 40 CM SAFE;3;3;3;23476267;170926160603411;184281310;;;;08/12/2031 00:00:00;3;14019287;17/09/2026 16:06:03;Gustavo;Soderquvist;24749943;17/09/2026 12:03:09;7827;Javier;Machado;Gustavo Soderquvist;Javier Machado
14358263;17/09/2026 16:07:47;3;2;0001  215750-1;01;CAMIONETA LUN 2;2093090;"KI01    ";"KONECTA INSUMOS SANITARIOS S.R.L.                 ";AV. BENAVIDEZ 3591;954804;"AB-001         ";AB-001 - AGARRADERA ACERO INOX CROMADO 30 CM SAFE;3;3;3;23476267;170926160603411;184282487;;;;07/28/2031 00:00:00;3;14019287;17/09/2026 16:06:03;Gustavo;Soderquvist;24749943;17/09/2026 12:03:09;7827;Javier;Machado;Gustavo Soderquvist;Javier Machado
14358263;17/09/2026 16:07:47;3;2;0001  215750-1;01;CAMIONETA LUN 2;2093090;"KI01    ";"KONECTA INSUMOS SANITARIOS S.R.L.                 ";AV. BENAVIDEZ 3591;954227;"A1449C         ";A1449C - DUCHADOR MULTIFUNCION CROMO C/BLISTER;10;10;10;23476267;170926160603411;184283521;;;;07/27/2031 00:00:00;10;14019287;17/09/2026 16:06:03;Gustavo;Soderquvist;24749943;17/09/2026 12:03:09;7827;Javier;Machado;Gustavo Soderquvist;Javier Machado
14358263;17/09/2026 16:07:47;3;2;0001  215750-1;01;CAMIONETA LUN 2;2093090;"KI01    ";"KONECTA INSUMOS SANITARIOS S.R.L.                 ";AV. BENAVIDEZ 3591;952720;"61-192         ";61-192 - LAVATORIO ALTO SORIA BLACK;1;1;1;23476267;170926160603411;184294779;;;;07/27/2031 00:00:00;1;14019287;17/09/2026 16:06:03;Gustavo;Soderquvist;24749943;17/09/2026 12:03:09;7827;Javier;Machado;Gustavo Soderquvist;Javier Machado
14358263;17/09/2026 16:07:47;3;2;0001  215750-1;01;CAMIONETA LUN 2;2093090;"KI01    ";"KONECTA INSUMOS SANITARIOS S.R.L.                 ";AV. BENAVIDEZ 3591;951523;"20-134         ";20-134 - MONOCOMANDO COCINA BETIS;10;10;10;23476267;170926160603411;184307731;;;;08/11/2031 00:00:00;10;14019287;17/09/2026 16:06:03;Gustavo;Soderquvist;24749943;17/09/2026 12:03:09;7827;Javier;Machado;Gustavo Soderquvist;Javier Machado
14358263;17/09/2026 16:07:47;3;2;0001  215750-1;01;CAMIONETA LUN 2;2093090;"KI01    ";"KONECTA INSUMOS SANITARIOS S.R.L.                 ";AV. BENAVIDEZ 3591;957409;"RA023N         ";RA023N - SOPAPA LAVATORIO / BIDE FABRIC BLACK;19;19;19;23476267;170926160603411;184309791;;;;12/20/2031 00:00:00;19;14019287;17/09/2026 16:06:03;Gustavo;Soderquvist;24749943;17/09/2026 12:03:09;7827;Javier;Machado;Gustavo Soderquvist;Javier Machado
14358263;17/09/2026 16:07:47;3;2;0001  215750-1;01;CAMIONETA LUN 2;2093090;"KI01    ";"KONECTA INSUMOS SANITARIOS S.R.L.                 ";AV. BENAVIDEZ 3591;954885;"BAI01NI        ";BAI01NI - BACHA EMB COCINA C/ACCESORIOS 750x450x220 NICKEL BRUSHED;3;3;3;23479888;170926160745029;184307707;;;;09/28/2031 00:00:00;3;14019916;17/09/2026 16:07:45;Gustavo;Soderquvist;24753714;17/09/2026 11:56:19;6922;Franco;Potenza;Gustavo Soderquvist;Franco Potenza
14358264;17/09/2026 15:23:09;3;2;0001  215905-1;01;CAMIONETA LUN 2;2091843;"CO28    ";"CONSTRUDISENO S.A.                                ";RUTA 197 Y PANAMERICANA;952742;"62-100NI       ";62-100NI - LAVATORIO DE PARED NICKEL C.CERAM FABRIC;1;1;1;23477122;170926152308761;184287542;;;;09/02/2031 00:00:00;1;14018225;17/09/2026 15:23:08;Tiago;Rodriguez;24750825;17/09/2026 11:11:05;6922;Franco;Potenza;Tiago Rodriguez;Franco Potenza
14358264;17/09/2026 15:23:09;3;2;0001  215905-1;01;CAMIONETA LUN 2;2091843;"CO28    ";"CONSTRUDISENO S.A.                                ";RUTA 197 Y PANAMERICANA;952876;"70-100NI       ";70-100NI - BIDE NICKEL C.CERAM FABRIC;1;1;1;23477122;170926152308761;184287280;;;;12/01/2031 00:00:00;1;14018225;17/09/2026 15:23:08;Tiago;Rodriguez;24750825;17/09/2026 11:11:05;6922;Franco;Potenza;Tiago Rodriguez;Franco Potenza
14358264;17/09/2026 15:23:09;3;2;0001  215905-1;01;CAMIONETA LUN 2;2091843;"CO28    ";"CONSTRUDISENO S.A.                                ";RUTA 197 Y PANAMERICANA;953073;"80-100NI       ";80-100NI - DUCHA EMB. C/TRANSF. NICKEL C.CERAM FABRIC;1;1;1;23477122;170926152308761;184287753;;;;02/08/2032 00:00:00;1;14018225;17/09/2026 15:23:08;Tiago;Rodriguez;24750825;17/09/2026 11:11:05;6922;Franco;Potenza;Tiago Rodriguez;Franco Potenza
14358265;17/09/2026 15:47:48;3;2;0001  215907-1;01;CAMIONETA LUN 2;2094376;"SC39    ";"SURVALMEDA CONSTRUCCIONES S. A.                   ";LISANDRO DE LA TORRE 296;951512;"20-122         ";"MONOCOMANDO COCINA CR C/PICO EXTRAIBLE VALENCIA                       ";1;1;1;23477718;170926154747974;184300413;;;;08/06/2031 00:00:00;1;14019178;17/09/2026 15:47:47;Maximiliano;Nievas;24751333;17/09/2026 11:43:11;6922;Franco;Potenza;Maximiliano Nievas;Franco Potenza
14358266;17/09/2026 15:20:56;3;2;0001  215916-1;01;CAMIONETA LUN 2;2094461;"SG20    ";"SANCHEZ OSVALDO D. Y GIANNINI GUILLERMO SH        ";AV. AVELLANEDA 2756;953154;"80-200N        ";80-200N - DUCHA EMB. MONOC. 3 FUNCIONES BLACK FABRIC;2;2;2;23473596;170926152056428;184276724;;;;01/18/2032 00:00:00;2;14018120;17/09/2026 15:20:56;Tiago;Rodriguez;24747407;17/09/2026 10:45:44;6922;Franco;Potenza;Tiago Rodriguez;Franco Potenza
14358266;17/09/2026 15:20:56;3;2;0001  215916-1;01;CAMIONETA LUN 2;2094461;"SG20    ";"SANCHEZ OSVALDO D. Y GIANNINI GUILLERMO SH        ";AV. AVELLANEDA 2756;952674;"60-200N        ";60-200N - LAVATORIO MONOC BAJO BLACK FABRIC;1;1;1;23477719;170926152042044;184297436;;;;07/28/2031 00:00:00;1;14018112;17/09/2026 15:20:42;Tiago;Rodriguez;24751333;17/09/2026 11:43:11;6922;Franco;Potenza;Tiago Rodriguez;Franco Potenza
14358278;17/09/2026 15:13:04;3;2;0001  215858-1;01;CAMIONETA LUN 2;2092387;"FA20    ";"FALABELLA S.A.                                    ";AV SAN MARTIN 420;952912;"70-162         ";70-162 - BIDE CR C.CERAM LINEA ADRA;2;2;2;23473597;170926145955660;184265084;;;;07/29/2031 00:00:00;2;14016750;17/09/2026 14:59:55;Maximiliano;Nievas;24747407;17/09/2026 10:45:44;6922;Franco;Potenza;Maximiliano Nievas;Franco Potenza
14358278;17/09/2026 15:13:04;3;2;0001  215858-1;01;CAMIONETA LUN 2;2092387;"FA20    ";"FALABELLA S.A.                                    ";AV SAN MARTIN 420;952942;"70-196         ";70-196 - BIDE CR C.CERAM LOOP;1;1;1;23473597;170926145955660;184268344;;;;07/31/2031 00:00:00;1;14016750;17/09/2026 14:59:55;Maximiliano;Nievas;24747407;17/09/2026 10:45:44;6922;Franco;Potenza;Maximiliano Nievas;Franco Potenza
14358278;17/09/2026 15:13:04;3;2;0001  215858-1;01;CAMIONETA LUN 2;2092387;"FA20    ";"FALABELLA S.A.                                    ";AV SAN MARTIN 420;952945;"70-199         ";70-199 - BIDE CR C.CERAM LIVE;1;1;1;23473597;170926145955660;184270998;;;;12/16/2031 00:00:00;1;14016750;17/09/2026 14:59:55;Maximiliano;Nievas;24747407;17/09/2026 10:45:44;6922;Franco;Potenza;Maximiliano Nievas;Franco Potenza
14358278;17/09/2026 15:13:04;3;2;0001  215858-1;01;CAMIONETA LUN 2;2092387;"FA20    ";"FALABELLA S.A.                                    ";AV SAN MARTIN 420;953068;"80-064         ";80-064 - DUCHA EMB.C/TRANSF CR  C.STD FRAGA;2;2;2;23473597;170926145955660;184270792;;;;03/01/2032 00:00:00;2;14016750;17/09/2026 14:59:55;Maximiliano;Nievas;24747407;17/09/2026 10:45:44;6922;Franco;Potenza;Maximiliano Nievas;Franco Potenza
14358278;17/09/2026 15:13:04;3;2;0001  215858-1;01;CAMIONETA LUN 2;2092387;"FA20    ";"FALABELLA S.A.                                    ";AV SAN MARTIN 420;952590;"60-064         ";60-064 - LAVATORIO CR/CR C.STD FRAGA;1;1;1;23473597;170926145955660;184270626;;;;07/31/2031 00:00:00;1;14016750;17/09/2026 14:59:55;Maximiliano;Nievas;24747407;17/09/2026 10:45:44;6922;Franco;Potenza;Maximiliano Nievas;Franco Potenza
14358278;17/09/2026 15:13:04;3;2;0001  215858-1;01;CAMIONETA LUN 2;2092387;"FA20    ";"FALABELLA S.A.                                    ";AV SAN MARTIN 420;952868;"70-061         ";70-061 - BIDE CR C.STD PUEBLA;2;2;2;23473597;170926145955660;184267290;;;;07/31/2031 00:00:00;2;14016750;17/09/2026 14:59:55;Maximiliano;Nievas;24747407;17/09/2026 10:45:44;6922;Franco;Potenza;Maximiliano Nievas;Franco Potenza
14358278;17/09/2026 15:13:04;3;2;0001  215858-1;01;CAMIONETA LUN 2;2092387;"FA20    ";"FALABELLA S.A.                                    ";AV SAN MARTIN 420;952650;"60-180         ";60-180 - LAVATORIO MONOCOMANDO BAJO VERA;12;12;12;23476268;170926151304029;184292865;;;;07/28/2031 00:00:00;2;14017307;17/09/2026 15:13:04;Maximiliano;Nievas;24749943;17/09/2026 12:03:09;7827;Javier;Machado;Maximiliano Nievas;Javier Machado
14358278;17/09/2026 15:13:04;3;2;0001  215858-1;01;CAMIONETA LUN 2;2092387;"FA20    ";"FALABELLA S.A.                                    ";AV SAN MARTIN 420;951132;"13006          ";"SET DE 6 PIEZAS LINEA 13000                                           ";3;3;3;23476268;170926151304029;184305875;;;;07/28/2031 00:00:00;3;14017307;17/09/2026 15:13:04;Maximiliano;Nievas;24749943;17/09/2026 12:03:09;7827;Javier;Machado;Maximiliano Nievas;Javier Machado
14358278;17/09/2026 15:13:04;3;2;0001  215858-1;01;CAMIONETA LUN 2;2092387;"FA20    ";"FALABELLA S.A.                                    ";AV SAN MARTIN 420;953136;"80-190P        ";80-190P - DUCHA EMB. C/TRANSF. C.CERAM BLACK VELVET PLUS;1;1;1;23488991;170926144438318;184274351;;;;07/30/2031 00:00:00;1;14016760;17/09/2026 14:44:38;Maximiliano;Nievas;;;;;;Maximiliano Nievas;
14358278;17/09/2026 15:13:04;3;2;0001  215858-1;01;CAMIONETA LUN 2;2092387;"FA20    ";"FALABELLA S.A.                                    ";AV SAN MARTIN 420;953144;"80-196         ";80-196 - DUCHA EMB. C/TRANSF. CR C.CERAM LOOP;2;2;2;23488991;170926144438318;184268852;;;;01/11/2032 00:00:00;2;14016760;17/09/2026 14:44:38;Maximiliano;Nievas;;;;;;Maximiliano Nievas;
14358278;17/09/2026 15:13:04;3;2;0001  215858-1;01;CAMIONETA LUN 2;2092387;"FA20    ";"FALABELLA S.A.                                    ";AV SAN MARTIN 420;953109;"80-166         ";"DUCHA EMB. C/TRANSF. CR C.CERAM ADRA PLUS                             ";1;1;1;23489141;170926144650756;184265772;;;;01/19/2032 00:00:00;1;14016830;17/09/2026 14:46:50;Maximiliano;Nievas;;;;;;Maximiliano Nievas;
14358278;17/09/2026 15:13:04;3;2;0001  215858-1;01;CAMIONETA LUN 2;2092387;"FA20    ";"FALABELLA S.A.                                    ";AV SAN MARTIN 420;952726;"61-203         ";61-203 - LAVATORIO MONOCOMANDO ALTO ADRA;1;1;1;23489141;170926144650756;184272351;;;;02/22/2032 00:00:00;1;14016830;17/09/2026 14:46:50;Maximiliano;Nievas;;;;;;Maximiliano Nievas;
14358278;17/09/2026 15:13:04;3;2;0001  215858-1;01;CAMIONETA LUN 2;2092387;"FA20    ";"FALABELLA S.A.                                    ";AV SAN MARTIN 420;952634;"60-162         ";60-162 - LAVATORIO CR C.CERAM LINEA ADRA;9;9;9;23489356;170926145050664;184264539;;;;07/29/2031 00:00:00;9;14016955;17/09/2026 14:50:50;Maximiliano;Nievas;;;;;;Maximiliano Nievas;
14358278;17/09/2026 15:13:04;3;2;0001  215858-1;01;CAMIONETA LUN 2;2092387;"FA20    ";"FALABELLA S.A.                                    ";AV SAN MARTIN 420;952677;"60-203         ";60-203 - LAVATORIO MONOCOMANDO BAJO ADRA;1;1;1;23489356;170926145050664;184273104;;;;03/02/2032 00:00:00;1;14016955;17/09/2026 14:50:50;Maximiliano;Nievas;;;;;;Maximiliano Nievas;
14358278;17/09/2026 15:13:04;3;2;0001  215858-1;01;CAMIONETA LUN 2;2092387;"FA20    ";"FALABELLA S.A.                                    ";AV SAN MARTIN 420;952587;"60-061         ";60-061 - LAVATORIO CR C.STD PUEBLA;5;5;5;23489715;170926145742312;184266984;;;;10/08/2031 00:00:00;5;14017191;17/09/2026 14:57:42;Maximiliano;Nievas;;;;;;Maximiliano Nievas;
14358278;17/09/2026 15:13:04;3;2;0001  215858-1;01;CAMIONETA LUN 2;2092387;"FA20    ";"FALABELLA S.A.                                    ";AV SAN MARTIN 420;952774;"62-190         ";62-190 - LAVATORIO PARED EMB. C.CERAM BLACK VELVET;1;1;1;23489715;170926145742312;184274045;;;;09/02/2031 00:00:00;1;14017191;17/09/2026 14:57:42;Maximiliano;Nievas;;;;;;Maximiliano Nievas;
14358278;17/09/2026 15:13:04;3;2;0001  215858-1;01;CAMIONETA LUN 2;2092387;"FA20    ";"FALABELLA S.A.                                    ";AV SAN MARTIN 420;953474;"933            ";933 - JGO PARED C/EXT CR DIQUE;4;4;4;23489715;170926145742312;184275545;;;;01/07/2032 00:00:00;4;14017191;17/09/2026 14:57:42;Maximiliano;Nievas;;;;;;Maximiliano Nievas;
14358278;17/09/2026 15:13:04;3;2;0001  215858-1;01;CAMIONETA LUN 2;2092387;"FA20    ";"FALABELLA S.A.                                    ";AV SAN MARTIN 420;952664;"60-196         ";60-196 - LAVATORIO CR C.CERAM LOOP;10;10;10;23489785;170926145912546;184268193;;;;07/31/2031 00:00:00;10;14017260;17/09/2026 14:59:12;Maximiliano;Nievas;;;;;;Maximiliano Nievas;
14358278;17/09/2026 15:13:04;3;2;0001  215858-1;01;CAMIONETA LUN 2;2092387;"FA20    ";"FALABELLA S.A.                                    ";AV SAN MARTIN 420;951513;"20-122N        ";20-122N - MONOCOMANDO COCINA C/PICO EXTRAIBLE VALENCIA BLACK;5;5;5;23489941;170926150158547;184300350;;;;09/13/2031 00:00:00;5;14017353;17/09/2026 15:01:58;Maximiliano;Nievas;;;;;;Maximiliano Nievas;
14358278;17/09/2026 15:13:04;3;2;0001  215858-1;01;CAMIONETA LUN 2;2092387;"FA20    ";"FALABELLA S.A.                                    ";AV SAN MARTIN 420;953125;"80-180         ";80-180 - DUCHA EMB. C/TRANSF. MONOCOMANDO VERA;1;1;1;23490578;170926151219121;184308376;;;;11/23/2031 00:00:00;1;14017786;17/09/2026 15:12:19;Maximiliano;Nievas;;;;;;Maximiliano Nievas;
14358278;17/09/2026 15:13:04;3;2;0001  215858-1;01;CAMIONETA LUN 2;2092387;"FA20    ";"FALABELLA S.A.                                    ";AV SAN MARTIN 420;952661;"60-193         ";60-193 - LAVATORIO MONOCOMANDO BAJO MORA;3;3;3;23490578;170926151219121;184301024;;;;07/28/2031 00:00:00;3;14017786;17/09/2026 15:12:19;Maximiliano;Nievas;;;;;;Maximiliano Nievas;
14358278;17/09/2026 15:13:04;3;2;0001  215858-1;01;CAMIONETA LUN 2;2092387;"FA20    ";"FALABELLA S.A.                                    ";AV SAN MARTIN 420;952714;"61-180         ";61-180 - LAVATORIO MONOCOMANDO ALTO VERA;1;1;1;23490578;170926151219121;184293146;;;;07/28/2031 00:00:00;1;14017786;17/09/2026 15:12:19;Maximiliano;Nievas;;;;;;Maximiliano Nievas;
14358278;17/09/2026 15:13:04;3;2;0001  215858-1;01;CAMIONETA LUN 2;2092387;"FA20    ";"FALABELLA S.A.                                    ";AV SAN MARTIN 420;952650;"60-180         ";60-180 - LAVATORIO MONOCOMANDO BAJO VERA;12;12;12;23490602;170926151250190;184386892;;;;07/28/2031 00:00:00;10;14017803;17/09/2026 15:12:50;Maximiliano;Nievas;;;;;;Maximiliano Nievas;
14358287;17/09/2026 15:04:19;3;2;0001  215863-1;01;CAMIONETA LUN 2;2092387;"FA20    ";"FALABELLA S.A.                                    ";AV. DE LOS CONSTITUYENTES 3002;952590;"60-064         ";60-064 - LAVATORIO CR/CR C.STD FRAGA;3;3;3;23471908;170926060419550;184254857;;;;07/31/2031 00:00:00;3;14017095;17/09/2026 15:04:19;Mirko;Hernandez;24745881;17/09/2026 10:11:58;7839;Claudio;Juarez;Mirko Hernandez;Claudio Juarez
14358287;17/09/2026 15:04:19;3;2;0001  215863-1;01;CAMIONETA LUN 2;2092387;"FA20    ";"FALABELLA S.A.                                    ";AV. DE LOS CONSTITUYENTES 3002;952871;"70-064         ";70-064 - BIDE CROMO C.STD FRAGA;2;2;2;23471908;170926060419550;184254660;;;;07/31/2031 00:00:00;2;14017095;17/09/2026 15:04:19;Mirko;Hernandez;24745881;17/09/2026 10:11:58;7839;Claudio;Juarez;Mirko Hernandez;Claudio Juarez
14358287;17/09/2026 15:04:19;3;2;0001  215863-1;01;CAMIONETA LUN 2;2092387;"FA20    ";"FALABELLA S.A.                                    ";AV. DE LOS CONSTITUYENTES 3002;953144;"80-196         ";80-196 - DUCHA EMB. C/TRANSF. CR C.CERAM LOOP;6;6;6;23489599;170926055527216;184378481;;;;01/10/2032 00:00:00;3;14017112;17/09/2026 14:55:27;Mirko;Hernandez;;;;;;Mirko Hernandez;
14358287;17/09/2026 15:04:19;3;2;0001  215863-1;01;CAMIONETA LUN 2;2092387;"FA20    ";"FALABELLA S.A.                                    ";AV. DE LOS CONSTITUYENTES 3002;953144;"80-196         ";80-196 - DUCHA EMB. C/TRANSF. CR C.CERAM LOOP;6;6;6;23489621;170926055556679;184255808;;;;01/10/2032 00:00:00;3;14017134;17/09/2026 14:55:56;Mirko;Hernandez;;;;;;Mirko Hernandez;
14358287;17/09/2026 15:04:19;3;2;0001  215863-1;01;CAMIONETA LUN 2;2092387;"FA20    ";"FALABELLA S.A.                                    ";AV. DE LOS CONSTITUYENTES 3002;953136;"80-190P        ";80-190P - DUCHA EMB. C/TRANSF. C.CERAM BLACK VELVET PLUS;2;2;2;23489645;170926055620465;184258382;;;;07/30/2031 00:00:00;2;14017147;17/09/2026 14:56:20;Mirko;Hernandez;;;;;;Mirko Hernandez;
14358287;17/09/2026 15:04:19;3;2;0001  215863-1;01;CAMIONETA LUN 2;2092387;"FA20    ";"FALABELLA S.A.                                    ";AV. DE LOS CONSTITUYENTES 3002;953148;"80-199         ";80-199 - DUCHA EMB. C/TRANSF. CR C.CERAM LIVE;1;1;1;23489645;170926055620465;184255157;;;;01/20/2032 00:00:00;1;14017147;17/09/2026 14:56:20;Mirko;Hernandez;;;;;;Mirko Hernandez;
14358287;17/09/2026 15:04:19;3;2;0001  215863-1;01;CAMIONETA LUN 2;2092387;"FA20    ";"FALABELLA S.A.                                    ";AV. DE LOS CONSTITUYENTES 3002;952726;"61-203         ";61-203 - LAVATORIO MONOCOMANDO ALTO ADRA;3;3;3;23489719;170926055745711;184379743;;;;02/22/2032 00:00:00;2;14017195;17/09/2026 14:57:45;Mirko;Hernandez;;;;;;Mirko Hernandez;
14358287;17/09/2026 15:04:19;3;2;0001  215863-1;01;CAMIONETA LUN 2;2092387;"FA20    ";"FALABELLA S.A.                                    ";AV. DE LOS CONSTITUYENTES 3002;953109;"80-166         ";"DUCHA EMB. C/TRANSF. CR C.CERAM ADRA PLUS                             ";8;8;8;23489719;170926055745711;184379744;;;;01/19/2032 00:00:00;2;14017195;17/09/2026 14:57:45;Mirko;Hernandez;;;;;;Mirko Hernandez;
14358287;17/09/2026 15:04:19;3;2;0001  215863-1;01;CAMIONETA LUN 2;2092387;"FA20    ";"FALABELLA S.A.                                    ";AV. DE LOS CONSTITUYENTES 3002;953109;"80-166         ";"DUCHA EMB. C/TRANSF. CR C.CERAM ADRA PLUS                             ";8;8;8;23489748;170926055825492;184380087;;;;01/19/2032 00:00:00;4;14017228;17/09/2026 14:58:25;Mirko;Hernandez;;;;;;Mirko Hernandez;
14358287;17/09/2026 15:04:19;3;2;0001  215863-1;01;CAMIONETA LUN 2;2092387;"FA20    ";"FALABELLA S.A.                                    ";AV. DE LOS CONSTITUYENTES 3002;953109;"80-166         ";"DUCHA EMB. C/TRANSF. CR C.CERAM ADRA PLUS                             ";8;8;8;23489787;170926055914662;184256644;;;;01/19/2032 00:00:00;2;14017261;17/09/2026 14:59:14;Mirko;Hernandez;;;;;;Mirko Hernandez;
14358287;17/09/2026 15:04:19;3;2;0001  215863-1;01;CAMIONETA LUN 2;2092387;"FA20    ";"FALABELLA S.A.                                    ";AV. DE LOS CONSTITUYENTES 3002;952726;"61-203         ";61-203 - LAVATORIO MONOCOMANDO ALTO ADRA;3;3;3;23489787;170926055914662;184259105;;;;02/22/2032 00:00:00;1;14017261;17/09/2026 14:59:14;Mirko;Hernandez;;;;;;Mirko Hernandez;
14358287;17/09/2026 15:04:19;3;2;0001  215863-1;01;CAMIONETA LUN 2;2092387;"FA20    ";"FALABELLA S.A.                                    ";AV. DE LOS CONSTITUYENTES 3002;952634;"60-162         ";60-162 - LAVATORIO CR C.CERAM LINEA ADRA;16;16;16;23489861;170926060034626;184381166;;;;07/29/2031 00:00:00;5;14017298;17/09/2026 15:00:34;Mirko;Hernandez;;;;;;Mirko Hernandez;
14358287;17/09/2026 15:04:19;3;2;0001  215863-1;01;CAMIONETA LUN 2;2092387;"FA20    ";"FALABELLA S.A.                                    ";AV. DE LOS CONSTITUYENTES 3002;952677;"60-203         ";60-203 - LAVATORIO MONOCOMANDO BAJO ADRA;5;5;5;23489861;170926060034626;184258951;;;;03/02/2032 00:00:00;5;14017298;17/09/2026 15:00:34;Mirko;Hernandez;;;;;;Mirko Hernandez;
14358287;17/09/2026 15:04:19;3;2;0001  215863-1;01;CAMIONETA LUN 2;2092387;"FA20    ";"FALABELLA S.A.                                    ";AV. DE LOS CONSTITUYENTES 3002;952634;"60-162         ";60-162 - LAVATORIO CR C.CERAM LINEA ADRA;16;16;16;23489924;170926060143953;184381798;;;;07/29/2031 00:00:00;10;14017344;17/09/2026 15:01:43;Mirko;Hernandez;;;;;;Mirko Hernandez;
14358287;17/09/2026 15:04:19;3;2;0001  215863-1;01;CAMIONETA LUN 2;2092387;"FA20    ";"FALABELLA S.A.                                    ";AV. DE LOS CONSTITUYENTES 3002;952664;"60-196         ";60-196 - LAVATORIO CR C.CERAM LOOP;5;5;5;23489981;170926060246707;184255502;;;;07/31/2031 00:00:00;5;14017381;17/09/2026 15:02:46;Mirko;Hernandez;;;;;;Mirko Hernandez;
14358287;17/09/2026 15:04:19;3;2;0001  215863-1;01;CAMIONETA LUN 2;2092387;"FA20    ";"FALABELLA S.A.                                    ";AV. DE LOS CONSTITUYENTES 3002;952634;"60-162         ";60-162 - LAVATORIO CR C.CERAM LINEA ADRA;16;16;16;23489981;170926060246707;184257540;;;;07/29/2031 00:00:00;1;14017381;17/09/2026 15:02:46;Mirko;Hernandez;;;;;;Mirko Hernandez;
14358287;17/09/2026 15:04:19;3;2;0001  215863-1;01;CAMIONETA LUN 2;2092387;"FA20    ";"FALABELLA S.A.                                    ";AV. DE LOS CONSTITUYENTES 3002;952781;"62-199         ";62-199 - LAVATORIO DE PARED CR C.CERAM LIVE;2;2;2;23489981;170926060246707;184258093;;;;08/03/2031 00:00:00;2;14017381;17/09/2026 15:02:46;Mirko;Hernandez;;;;;;Mirko Hernandez;
14358287;17/09/2026 15:04:19;3;2;0001  215863-1;01;CAMIONETA LUN 2;2092387;"FA20    ";"FALABELLA S.A.                                    ";AV. DE LOS CONSTITUYENTES 3002;953474;"933            ";933 - JGO PARED C/EXT CR DIQUE;2;2;2;23489981;170926060246707;184259747;;;;01/07/2032 00:00:00;2;14017381;17/09/2026 15:02:46;Mirko;Hernandez;;;;;;Mirko Hernandez;
14358287;17/09/2026 15:04:19;3;2;0001  215863-1;01;CAMIONETA LUN 2;2092387;"FA20    ";"FALABELLA S.A.                                    ";AV. DE LOS CONSTITUYENTES 3002;952912;"70-162         ";70-162 - BIDE CR C.CERAM LINEA ADRA;7;7;7;23490028;170926060344720;184257078;;;;07/29/2031 00:00:00;7;14017430;17/09/2026 15:03:44;Mirko;Hernandez;;;;;;Mirko Hernandez;
14358287;17/09/2026 15:04:19;3;2;0001  215863-1;01;CAMIONETA LUN 2;2092387;"FA20    ";"FALABELLA S.A.                                    ";AV. DE LOS CONSTITUYENTES 3002;953068;"80-064         ";80-064 - DUCHA EMB.C/TRANSF CR  C.STD FRAGA;3;3;3;23490028;170926060344720;184255000;;;;03/01/2032 00:00:00;3;14017430;17/09/2026 15:03:44;Mirko;Hernandez;;;;;;Mirko Hernandez;
14358289;17/09/2026 15:25:22;3;2;0001  215879-1;01;CAMIONETA LUN 2;2091214;"BA30    ";"BARUGEL AZULAY Y CIA SAIC                         ";MARCOS SASTRE 1751;951554;"20-190         ";20-190 - COCINA MESADA MONOC BLACK VELVET;2;2;2;23477720;170926152457810;184298803;;;;07/28/2031 00:00:00;2;14018315;17/09/2026 15:24:57;Tiago;Rodriguez;24751333;17/09/2026 11:43:11;6922;Franco;Potenza;Tiago Rodriguez;Franco Potenza
14358289;17/09/2026 15:25:22;3;2;0001  215879-1;01;CAMIONETA LUN 2;2091214;"BA30    ";"BARUGEL AZULAY Y CIA SAIC                         ";MARCOS SASTRE 1751;952674;"60-200N        ";60-200N - LAVATORIO MONOC BAJO BLACK FABRIC;2;2;2;23477720;170926152457810;184297877;;;;07/28/2031 00:00:00;2;14018315;17/09/2026 15:24:57;Tiago;Rodriguez;24751333;17/09/2026 11:43:11;6922;Franco;Potenza;Tiago Rodriguez;Franco Potenza
14358289;17/09/2026 15:25:22;3;2;0001  215879-1;01;CAMIONETA LUN 2;2091214;"BA30    ";"BARUGEL AZULAY Y CIA SAIC                         ";MARCOS SASTRE 1751;952951;"70-200N        ";70-200N - BIDE MONOCOMANDO BLACK FABRIC;2;2;2;23477720;170926152457810;184298263;;;;09/06/2031 00:00:00;2;14018315;17/09/2026 15:24:57;Tiago;Rodriguez;24751333;17/09/2026 11:43:11;6922;Franco;Potenza;Tiago Rodriguez;Franco Potenza
14358289;17/09/2026 15:25:22;3;2;0001  215879-1;01;CAMIONETA LUN 2;2091214;"BA30    ";"BARUGEL AZULAY Y CIA SAIC                         ";MARCOS SASTRE 1751;954379;"A1539N         ";"TAPA Y TECLA PARA VALVULA DE DESCARGA CUADRADA MINIMALISTA BLACK      ";4;4;4;23479957;170926152521631;184308210;;;;07/31/2031 00:00:00;4;14018329;17/09/2026 15:25:21;Tiago;Rodriguez;24753795;17/09/2026 13:08:37;7839;Claudio;Juarez;Tiago Rodriguez;Claudio Juarez
14358293;17/09/2026 14:54:32;3;2;0001  215886-1;01;CAMIONETA LUN 2;2091911;"CR23    ";"CRETA PORCELLANATOS S.A. -CRETA DISEGNO           ";BEETHOVEN 819;952786;"62-201NI       ";62-201NI - LAVATORIO DE PARED C.CERAM BEAT NICKEL;2;2;2;23471964;170926053147669;184257056;;;;11/02/2031 00:00:00;2;14016118;17/09/2026 14:31:47;Mirko;Hernandez;24745920;17/09/2026 10:15:33;7827;Javier;Machado;Mirko Hernandez;Javier Machado
14358293;17/09/2026 14:54:32;3;2;0001  215886-1;01;CAMIONETA LUN 2;2091911;"CR23    ";"CRETA PORCELLANATOS S.A. -CRETA DISEGNO           ";BEETHOVEN 819;952953;"70-201NI       ";70-201NI - BIDE CR C.CERAM BEAT NICKEL;5;5;5;23471964;170926053147669;184256783;;;;07/29/2031 00:00:00;5;14016118;17/09/2026 14:31:47;Mirko;Hernandez;24745920;17/09/2026 10:15:33;7827;Javier;Machado;Mirko Hernandez;Javier Machado
14358293;17/09/2026 14:54:32;3;2;0001  215886-1;01;CAMIONETA LUN 2;2091911;"CR23    ";"CRETA PORCELLANATOS S.A. -CRETA DISEGNO           ";BEETHOVEN 819;953123;"80-176N        ";80-176N - DUCHA EMB C/TRANSF MONOC BLACK RIO;6;6;6;23474520;170926055431529;184275061;;;;07/27/2031 00:00:00;6;14016338;17/09/2026 14:54:31;Mirko;Hernandez;24748261;17/09/2026 10:42:52;7827;Javier;Machado;Mirko Hernandez;Javier Machado
14358293;17/09/2026 14:54:32;3;2;0001  215886-1;01;CAMIONETA LUN 2;2091911;"CR23    ";"CRETA PORCELLANATOS S.A. -CRETA DISEGNO           ";BEETHOVEN 819;953347;"85-168N        ";85-168N - DUCHA MONOC C/TRANSF Y DUCHADOR BLACK WAVE;2;2;2;23487930;170926052710896;184364905;;;;02/04/2032 00:00:00;1;14016131;17/09/2026 14:27:10;Mirko;Hernandez;;;;;;Mirko Hernandez;
14358293;17/09/2026 14:54:32;3;2;0001  215886-1;01;CAMIONETA LUN 2;2091911;"CR23    ";"CRETA PORCELLANATOS S.A. -CRETA DISEGNO           ";BEETHOVEN 819;953154;"80-200N        ";80-200N - DUCHA EMB. MONOC. 3 FUNCIONES BLACK FABRIC;3;3;3;23487930;170926052710896;184364903;;;;01/04/2032 00:00:00;1;14016131;17/09/2026 14:27:10;Mirko;Hernandez;;;;;;Mirko Hernandez;
14358293;17/09/2026 14:54:32;3;2;0001  215886-1;01;CAMIONETA LUN 2;2091911;"CR23    ";"CRETA PORCELLANATOS S.A. -CRETA DISEGNO           ";BEETHOVEN 819;953156;"80-201NI       ";80-201NI - DUCHA EMB C/TRANSF C.CERAM BEAT NICKEL;6;6;6;23487930;170926052710896;184364904;;;;11/10/2031 00:00:00;1;14016131;17/09/2026 14:27:10;Mirko;Hernandez;;;;;;Mirko Hernandez;
14358293;17/09/2026 14:54:32;3;2;0001  215886-1;01;CAMIONETA LUN 2;2091911;"CR23    ";"CRETA PORCELLANATOS S.A. -CRETA DISEGNO           ";BEETHOVEN 819;953156;"80-201NI       ";80-201NI - DUCHA EMB C/TRANSF C.CERAM BEAT NICKEL;6;6;6;23487950;170926052733433;184365089;;;;11/10/2031 00:00:00;3;14016147;17/09/2026 14:27:33;Mirko;Hernandez;;;;;;Mirko Hernandez;
14358293;17/09/2026 14:54:32;3;2;0001  215886-1;01;CAMIONETA LUN 2;2091911;"CR23    ";"CRETA PORCELLANATOS S.A. -CRETA DISEGNO           ";BEETHOVEN 819;953347;"85-168N        ";85-168N - DUCHA MONOC C/TRANSF Y DUCHADOR BLACK WAVE;2;2;2;23487981;170926052803049;184258246;;;;02/04/2032 00:00:00;1;14016165;17/09/2026 14:28:03;Mirko;Hernandez;;;;;;Mirko Hernandez;
14358293;17/09/2026 14:54:32;3;2;0001  215886-1;01;CAMIONETA LUN 2;2091911;"CR23    ";"CRETA PORCELLANATOS S.A. -CRETA DISEGNO           ";BEETHOVEN 819;953156;"80-201NI       ";80-201NI - DUCHA EMB C/TRANSF C.CERAM BEAT NICKEL;6;6;6;23487981;170926052803049;184256050;;;;11/10/2031 00:00:00;2;14016165;17/09/2026 14:28:03;Mirko;Hernandez;;;;;;Mirko Hernandez;
14358293;17/09/2026 14:54:32;3;2;0001  215886-1;01;CAMIONETA LUN 2;2091911;"CR23    ";"CRETA PORCELLANATOS S.A. -CRETA DISEGNO           ";BEETHOVEN 819;953153;"80-200G        ";80-200G - DUCHA EMB. MONOC. 3 FUNCIONES GOLD FABRIC;2;2;2;23488023;170926052846273;184365752;;;;12/03/2031 00:00:00;1;14016188;17/09/2026 14:28:46;Mirko;Hernandez;;;;;;Mirko Hernandez;
14358293;17/09/2026 14:54:32;3;2;0001  215886-1;01;CAMIONETA LUN 2;2091911;"CR23    ";"CRETA PORCELLANATOS S.A. -CRETA DISEGNO           ";BEETHOVEN 819;953113;"80-168N        ";80-168N - DUCHA EMB C/TRANSF MONOC BLACK WAVE;2;2;2;23488023;170926052846273;184258825;;;;01/22/2032 00:00:00;2;14016188;17/09/2026 14:28:46;Mirko;Hernandez;;;;;;Mirko Hernandez;
14358293;17/09/2026 14:54:32;3;2;0001  215886-1;01;CAMIONETA LUN 2;2091911;"CR23    ";"CRETA PORCELLANATOS S.A. -CRETA DISEGNO           ";BEETHOVEN 819;953154;"80-200N        ";80-200N - DUCHA EMB. MONOC. 3 FUNCIONES BLACK FABRIC;3;3;3;23488110;170926052950171;184259523;;;;01/04/2032 00:00:00;2;14016239;17/09/2026 14:29:50;Mirko;Hernandez;;;;;;Mirko Hernandez;
14358293;17/09/2026 14:54:32;3;2;0001  215886-1;01;CAMIONETA LUN 2;2091911;"CR23    ";"CRETA PORCELLANATOS S.A. -CRETA DISEGNO           ";BEETHOVEN 819;953153;"80-200G        ";80-200G - DUCHA EMB. MONOC. 3 FUNCIONES GOLD FABRIC;2;2;2;23488110;170926052950171;184257754;;;;12/03/2031 00:00:00;1;14016239;17/09/2026 14:29:50;Mirko;Hernandez;;;;;;Mirko Hernandez;
14358293;17/09/2026 14:54:32;3;2;0001  215886-1;01;CAMIONETA LUN 2;2091911;"CR23    ";"CRETA PORCELLANATOS S.A. -CRETA DISEGNO           ";BEETHOVEN 819;952676;"60-201NI       ";60-201NI - LAVATORIO C.CERAM BEAT NICKEL;6;6;6;23488129;170926053019101;184366454;;;;08/20/2031 00:00:00;4;14016258;17/09/2026 14:30:19;Mirko;Hernandez;;;;;;Mirko Hernandez;
14358293;17/09/2026 14:54:32;3;2;0001  215886-1;01;CAMIONETA LUN 2;2091911;"CR23    ";"CRETA PORCELLANATOS S.A. -CRETA DISEGNO           ";BEETHOVEN 819;952676;"60-201NI       ";60-201NI - LAVATORIO C.CERAM BEAT NICKEL;6;6;6;23488174;170926053054435;184256551;;;;08/20/2031 00:00:00;2;14016279;17/09/2026 14:30:54;Mirko;Hernandez;;;;;;Mirko Hernandez;
14358293;17/09/2026 14:54:32;3;2;0001  215886-1;01;CAMIONETA LUN 2;2091911;"CR23    ";"CRETA PORCELLANATOS S.A. -CRETA DISEGNO           ";BEETHOVEN 819;952796;"63-168N        ";"LAVATORIO PARED EMB MONOC BLACK WAVE                                  ";2;2;2;23488289;170926053249408;184272799;;;;07/28/2031 00:00:00;2;14016359;17/09/2026 14:32:49;Mirko;Hernandez;;;;;;Mirko Hernandez;
14358293;17/09/2026 14:54:32;3;2;0001  215886-1;01;CAMIONETA LUN 2;2091911;"CR23    ";"CRETA PORCELLANATOS S.A. -CRETA DISEGNO           ";BEETHOVEN 819;952647;"60-176         ";"LAVATORIO MONOCOMANDO BAJO CR RIO                                     ";3;3;3;23488289;170926053249408;184276930;;;;10/11/2031 00:00:00;3;14016359;17/09/2026 14:32:49;Mirko;Hernandez;;;;;;Mirko Hernandez;
14358293;17/09/2026 14:54:32;3;2;0001  215886-1;01;CAMIONETA LUN 2;2091911;"CR23    ";"CRETA PORCELLANATOS S.A. -CRETA DISEGNO           ";BEETHOVEN 819;952713;"61-176N        ";61-176N - LAVATORIO MONOC ALTO BLACK RIO;6;6;6;23488381;170926053410166;184273937;;;;07/29/2031 00:00:00;6;14016418;17/09/2026 14:34:10;Mirko;Hernandez;;;;;;Mirko Hernandez;
14358293;17/09/2026 14:54:32;3;2;0001  215886-1;01;CAMIONETA LUN 2;2091911;"CR23    ";"CRETA PORCELLANATOS S.A. -CRETA DISEGNO           ";BEETHOVEN 819;951303;"17040G         ";17040G - PORTA ROLLO LINEA FABRIC GOLD;3;3;3;23488464;170926053536870;184277808;;;;07/28/2031 00:00:00;3;14016462;17/09/2026 14:35:36;Mirko;Hernandez;;;;;;Mirko Hernandez;
14358293;17/09/2026 14:54:32;3;2;0001  215886-1;01;CAMIONETA LUN 2;2091911;"CR23    ";"CRETA PORCELLANATOS S.A. -CRETA DISEGNO           ";BEETHOVEN 819;951318;"18040          ";18040 - PORTA ROLLO NIQUEL LINEA BEAT;5;5;5;23488464;170926053536870;184275906;;;;07/28/2031 00:00:00;5;14016462;17/09/2026 14:35:36;Mirko;Hernandez;;;;;;Mirko Hernandez;
14358293;17/09/2026 14:54:32;3;2;0001  215886-1;01;CAMIONETA LUN 2;2091911;"CR23    ";"CRETA PORCELLANATOS S.A. -CRETA DISEGNO           ";BEETHOVEN 819;951833;"30-132         ";30-132 - COCINA MESADA MONOC. C/DUCHADOR EXTENSIBLE VIGO;3;3;3;23488510;170926053615430;184271833;;;;10/07/2031 00:00:00;3;14016491;17/09/2026 14:36:15;Mirko;Hernandez;;;;;;Mirko Hernandez;
14358293;17/09/2026 14:54:32;3;2;0001  215886-1;01;CAMIONETA LUN 2;2091911;"CR23    ";"CRETA PORCELLANATOS S.A. -CRETA DISEGNO           ";BEETHOVEN 819;951536;"20-162         ";20-162 - MONOCOMANDO COCINA ADRA;2;2;2;23488510;170926053615430;184277478;;;;07/28/2031 00:00:00;2;14016491;17/09/2026 14:36:15;Mirko;Hernandez;;;;;;Mirko Hernandez;
14358293;17/09/2026 14:54:32;3;2;0001  215886-1;01;CAMIONETA LUN 2;2091911;"CR23    ";"CRETA PORCELLANATOS S.A. -CRETA DISEGNO           ";BEETHOVEN 819;951312;"18010          ";18010 - TOALLERO BARRAL NIQUEL LINEA BEAT;6;6;6;23488600;170926053741889;184276529;;;;07/29/2031 00:00:00;6;14016529;17/09/2026 14:37:41;Mirko;Hernandez;;;;;;Mirko Hernandez;
14358293;17/09/2026 14:54:32;3;2;0001  215886-1;01;CAMIONETA LUN 2;2091911;"CR23    ";"CRETA PORCELLANATOS S.A. -CRETA DISEGNO           ";BEETHOVEN 819;951265;"16040BL        ";16040BL - PORTA ROLLO ACCESORIOS LINEA 16000 BLACK;3;3;3;23489493;170926055329414;184270189;;;;07/31/2031 00:00:00;3;14017053;17/09/2026 14:53:29;Mirko;Hernandez;;;;;;Mirko Hernandez;
14358293;17/09/2026 14:54:32;3;2;0001  215886-1;01;CAMIONETA LUN 2;2091911;"CR23    ";"CRETA PORCELLANATOS S.A. -CRETA DISEGNO           ";BEETHOVEN 819;951261;"16010BL        ";16010BL - TOALLERO BARRAL LINEA 16000 BLACK;2;2;2;23489493;170926055329414;184270916;;;;07/29/2031 00:00:00;2;14017053;17/09/2026 14:53:29;Mirko;Hernandez;;;;;;Mirko Hernandez;
14358294;17/09/2026 15:23:52;3;2;0001  215899-1;01;CAMIONETA LUN 2;2134259;"ZV02    ";"ZALAZAR VICTOR ANDRES                             ";AV TOMAS MARQUEZ 1248;957514;"RA1146         ";RA1146 - AIREADOR MONOCOMANDO VIGO M21.5 x 1;2;2;2;23478068;170926152351871;184294554;;;;08/02/2031 00:00:00;2;14018256;17/09/2026 15:23:51;Maximiliano;Nievas;24751837;17/09/2026 11:39:17;7839;Claudio;Juarez;Maximiliano Nievas;Claudio Juarez
14358294;17/09/2026 15:23:52;3;2;0001  215899-1;01;CAMIONETA LUN 2;2134259;"ZV02    ";"ZALAZAR VICTOR ANDRES                             ";AV TOMAS MARQUEZ 1248;957391;"RA002          ";RA002 - CABEZAL DERECHO CIERRE CERAMICO (FRIA);5;5;5;23478068;170926152351871;184294057;;;;02/03/2032 00:00:00;5;14018256;17/09/2026 15:23:51;Maximiliano;Nievas;24751837;17/09/2026 11:39:17;7839;Claudio;Juarez;Maximiliano Nievas;Claudio Juarez
14358799;18/09/2026 09:44:08;3;2;0001  215553-1;05;CAMIONETA LUN 3;2091373;"BO16    ";"BODEN CERAMICS S.R.L. -SYRIA CERAMICOS            ";PANAMERICANA 2144;953118;"80-175DG       ";80-175DG - DUCHA EMB C/TRANSF. PULSE DARK GOLD C.CERAM;1;1;1;23501573;180926094408144;184479861;;;;10/19/2031 00:00:00;1;14027916;18/09/2026 09:44:08;Maximiliano;Nievas;24775047;18/09/2026 07:43:25;7839;Claudio;Juarez;Maximiliano Nievas;Claudio Juarez
14358799;18/09/2026 09:44:08;3;2;0001  215553-1;05;CAMIONETA LUN 3;2091373;"BO16    ";"BODEN CERAMICS S.R.L. -SYRIA CERAMICOS            ";PANAMERICANA 2144;952921;"70-175DG       ";70-175DG - BIDE PULSE DARK GOLD C.CERAM;1;1;1;23501573;180926094408144;184479528;;;;07/31/2031 00:00:00;1;14027916;18/09/2026 09:44:08;Maximiliano;Nievas;24775047;18/09/2026 07:43:25;7839;Claudio;Juarez;Maximiliano Nievas;Claudio Juarez
14358799;18/09/2026 09:44:08;3;2;0001  215553-1;05;CAMIONETA LUN 3;2091373;"BO16    ";"BODEN CERAMICS S.R.L. -SYRIA CERAMICOS            ";PANAMERICANA 2144;952765;"62-175DG       ";62-175DG - LAVATORIO DE PARED PULSE DARK GOLD C.CERAM;2;2;2;23501573;180926094408144;184479788;;;;07/31/2031 00:00:00;2;14027916;18/09/2026 09:44:08;Maximiliano;Nievas;24775047;18/09/2026 07:43:25;7839;Claudio;Juarez;Maximiliano Nievas;Claudio Juarez
14358800;18/09/2026 08:32:08;3;2;0001  211832-3;05;CAMIONETA LUN 3;2094122;"RE19    ";"REVESTIR S.A.                                     ";AV. CENTENARIO 939;957096;"PDU102         ";"PISO DUCHA RESINA POLIESTER BLANCA 1200x700x25                        ";4;4;4;23501048;180926083206975;184472162;;;;03/01/2032 00:00:00;4;14026036;18/09/2026 08:32:06;Agustin;Scirica;24774680;18/09/2026 06:58:04;7827;Javier;Machado;Agustin Scirica;Javier Machado
14358801;18/09/2026 09:32:23;3;2;0001  215575-1;05;CAMIONETA LUN 3;2094270;"SA04    ";"SANITARIOS ADELINA S.R.L.                         ";AV. DE MAYO 480;953072;"80-100N        ";80-100N - DUCHA EMB. C/TRANSF. BLACK C.CERAM FABRIC;2;2;2;23501574;180926093223709;184478448;;;;02/02/2032 00:00:00;2;14027457;18/09/2026 09:32:23;Maximiliano;Nievas;24775047;18/09/2026 07:43:25;7839;Claudio;Juarez;Maximiliano Nievas;Claudio Juarez
14358801;18/09/2026 09:32:23;3;2;0001  215575-1;05;CAMIONETA LUN 3;2094270;"SA04    ";"SANITARIOS ADELINA S.R.L.                         ";AV. DE MAYO 480;952875;"70-100N        ";70-100N - BIDE BLACK C.CERAM FABRIC;2;2;2;23501574;180926093223709;184477907;;;;07/29/2031 00:00:00;2;14027457;18/09/2026 09:32:23;Maximiliano;Nievas;24775047;18/09/2026 07:43:25;7839;Claudio;Juarez;Maximiliano Nievas;Claudio Juarez
14358801;18/09/2026 09:32:23;3;2;0001  215575-1;05;CAMIONETA LUN 3;2094270;"SA04    ";"SANITARIOS ADELINA S.R.L.                         ";AV. DE MAYO 480;952597;"60-100N        ";60-100N - LAVATORIO BLACK C.CERAM FABRIC;2;2;2;23501574;180926093223709;184477623;;;;12/01/2031 00:00:00;2;14027457;18/09/2026 09:32:23;Maximiliano;Nievas;24775047;18/09/2026 07:43:25;7839;Claudio;Juarez;Maximiliano Nievas;Claudio Juarez
14358802;18/09/2026 08:33:59;3;2;0001  215161-2;05;CAMIONETA LUN 3;2092048;"DC16    ";"DISEÑO Y CONSTRUCCION LEO SRL -CASA LEO           ";YERBAL 932;957096;"PDU102         ";"PISO DUCHA RESINA POLIESTER BLANCA 1200x700x25                        ";1;1;1;23501683;180926083358855;184476934;;;;03/01/2032 00:00:00;1;14026073;18/09/2026 08:33:58;Agustin;Scirica;24775187;18/09/2026 07:33:06;7636;Kevin;Arce;Agustin Scirica;Kevin Arce
14358803;18/09/2026 09:36:17;3;2;0001  215697-1;05;CAMIONETA LUN 3;2093638;"MU06    ";"MULTIMATERIALES S.R.L.                            ";AV. FLEMING 2291;957763;"RA1469N        ";RA1469N - AIREADOR 2 FUNCIONES M22x1 BLACK;1;1;1;23500840;180926093617493;184471809;;;;08/02/2031 00:00:00;1;14027614;18/09/2026 09:36:17;Maximiliano;Nievas;24774383;18/09/2026 06:59:55;7636;Kevin;Arce;Maximiliano Nievas;Kevin Arce
14358804;18/09/2026 09:25:04;3;2;0001  215748-1;05;CAMIONETA LUN 3;2091373;"BO16    ";"BODEN CERAMICS S.R.L. -SYRIA CERAMICOS            ";PANAMERICANA 2144;951606;"21100          ";21100 - ESTANTE ORGANIZADOR RECTANGULAR 25x12x7;1;1;1;23500841;180926092444727;184471366;;;;07/29/2031 00:00:00;1;14027264;18/09/2026 09:24:44;Gustavo;Soderquvist;24774383;18/09/2026 06:59:55;7636;Kevin;Arce;Gustavo Soderquvist;Kevin Arce
14358804;18/09/2026 09:25:04;3;2;0001  215748-1;05;CAMIONETA LUN 3;2091373;"BO16    ";"BODEN CERAMICS S.R.L. -SYRIA CERAMICOS            ";PANAMERICANA 2144;951424;"20040DG        ";20040DG - PORTA ROLLO DARK GOLD LINEA PULSE;1;1;1;23500841;180926092444727;184470947;;;;07/29/2031 00:00:00;1;14027264;18/09/2026 09:24:44;Gustavo;Soderquvist;24774383;18/09/2026 06:59:55;7636;Kevin;Arce;Gustavo Soderquvist;Kevin Arce
14358804;18/09/2026 09:25:04;3;2;0001  215748-1;05;CAMIONETA LUN 3;2091373;"BO16    ";"BODEN CERAMICS S.R.L. -SYRIA CERAMICOS            ";PANAMERICANA 2144;951410;"20030DG        ";20030DG - PERCHA DARK GOLD LINEA PULSE;2;2;2;23500841;180926092444727;184471003;;;;07/31/2031 00:00:00;2;14027264;18/09/2026 09:24:44;Gustavo;Soderquvist;24774383;18/09/2026 06:59:55;7636;Kevin;Arce;Gustavo Soderquvist;Kevin Arce
14358804;18/09/2026 09:25:04;3;2;0001  215748-1;05;CAMIONETA LUN 3;2091373;"BO16    ";"BODEN CERAMICS S.R.L. -SYRIA CERAMICOS            ";PANAMERICANA 2144;952765;"62-175DG       ";62-175DG - LAVATORIO DE PARED PULSE DARK GOLD C.CERAM;1;1;1;23501575;180926092503446;184479992;;;;07/31/2031 00:00:00;1;14027330;18/09/2026 09:25:03;Gustavo;Soderquvist;24775047;18/09/2026 07:43:25;7839;Claudio;Juarez;Gustavo Soderquvist;Claudio Juarez
14358804;18/09/2026 09:25:04;3;2;0001  215748-1;05;CAMIONETA LUN 3;2091373;"BO16    ";"BODEN CERAMICS S.R.L. -SYRIA CERAMICOS            ";PANAMERICANA 2144;953118;"80-175DG       ";80-175DG - DUCHA EMB C/TRANSF. PULSE DARK GOLD C.CERAM;1;1;1;23501575;180926092503446;184479906;;;;10/19/2031 00:00:00;1;14027330;18/09/2026 09:25:03;Gustavo;Soderquvist;24775047;18/09/2026 07:43:25;7839;Claudio;Juarez;Gustavo Soderquvist;Claudio Juarez
14358805;18/09/2026 08:34:31;3;2;0001  213681-3;05;CAMIONETA LUN 3;2094122;"RE19    ";"REVESTIR S.A.                                     ";AV. CENTENARIO 939;957096;"PDU102         ";"PISO DUCHA RESINA POLIESTER BLANCA 1200x700x25                        ";2;2;2;23501684;180926083427866;184477183;;;;03/01/2032 00:00:00;2;14026084;18/09/2026 08:34:27;Agustin;Scirica;24775187;18/09/2026 07:33:06;7636;Kevin;Arce;Agustin Scirica;Kevin Arce
14358806;18/09/2026 09:56:24;3;2;0001  214712-2;05;CAMIONETA LUN 3;2093638;"MU06    ";"MULTIMATERIALES S.R.L.                            ";AV. FLEMING 2291;957489;"RA1101         ";RA1101 - FLEXIBLE DUCHADOR CROMO CUINA x 60 cm;1;1;1;23501761;180926095623110;184476214;;;;03/06/2032 00:00:00;1;14028310;18/09/2026 09:56:23;Maximiliano;Nievas;24775255;18/09/2026 07:24:29;7827;Javier;Machado;Maximiliano Nievas;Javier Machado
14358807;18/09/2026 09:37:30;3;2;0001  215833-1;05;CAMIONETA LUN 3;2091589;"CE01    ";"CENCOSUD S.A.                                     ";AV. PANAMERICANA Y FONDO DE LA LEGUA;952679;"60-205         ";60-205 - LAVATORIO MONOC BAJO STEEL;1;1;1;23500842;180926093729665;184471215;;;;07/28/2031 00:00:00;1;14027684;18/09/2026 09:37:29;Maximiliano;Nievas;24774383;18/09/2026 06:59:55;7636;Kevin;Arce;Maximiliano Nievas;Kevin Arce
14358808;18/09/2026 09:34:03;3;2;0001  215845-1;05;CAMIONETA LUN 3;2092050;"DC18    ";"DI CARLO SEBASTIAN F -DI CARLO SANIT              ";DERQUI 5076;957932;"RA958          ";RA958 - BRAZO Y FLOR DUCHA PLUS MALLORCA/VIGO 6';2;2;2;23500843;180926093403594;184472315;;;;07/31/2031 00:00:00;2;14027574;18/09/2026 09:34:03;Maximiliano;Nievas;24774383;18/09/2026 06:59:55;7636;Kevin;Arce;Maximiliano Nievas;Kevin Arce
14358809;18/09/2026 08:35:12;3;2;0001  214476-2;05;CAMIONETA LUN 3;2094122;"RE19    ";"REVESTIR S.A.                                     ";AV. CENTENARIO 939;957096;"PDU102         ";"PISO DUCHA RESINA POLIESTER BLANCA 1200x700x25                        ";2;2;2;23501685;180926083511076;184477488;;;;03/01/2032 00:00:00;2;14026102;18/09/2026 08:35:11;Agustin;Scirica;24775187;18/09/2026 07:33:06;7636;Kevin;Arce;Agustin Scirica;Kevin Arce
14358810;18/09/2026 08:33:07;3;2;0001  214887-2;05;CAMIONETA LUN 3;2094122;"RE19    ";"REVESTIR S.A.                                     ";AV. CENTENARIO 939;957096;"PDU102         ";"PISO DUCHA RESINA POLIESTER BLANCA 1200x700x25                        ";3;3;3;23501216;180926083307792;184473689;;;;03/01/2032 00:00:00;3;14026061;18/09/2026 08:33:07;Agustin;Scirica;24774818;18/09/2026 07:14:37;7636;Kevin;Arce;Agustin Scirica;Kevin Arce
14358813;18/09/2026 09:03:30;3;2;0001  215764-1;05;CAMIONETA LUN 3;2094122;"RE19    ";"REVESTIR S.A.                                     ";AV. CENTENARIO 939;951833;"30-132         ";30-132 - COCINA MESADA MONOC. C/DUCHADOR EXTENSIBLE VIGO;3;3;3;23500498;180926085127791;184470958;;;;10/07/2031 00:00:00;3;14025755;18/09/2026 08:51:27;Maximiliano;Nievas;24774065;18/09/2026 07:03:17;7839;Claudio;Juarez;Maximiliano Nievas;Claudio Juarez
14358813;18/09/2026 09:03:30;3;2;0001  215764-1;05;CAMIONETA LUN 3;2094122;"RE19    ";"REVESTIR S.A.                                     ";AV. CENTENARIO 939;957102;"PDU120         ";"DESAGUE P/PISO DE DUCHA                                               ";4;4;4;23501178;180926083527833;184474988;;;;12/07/2031 00:00:00;4;14026103;18/09/2026 08:35:27;Gustavo;Soderquvist;24774770;18/09/2026 07:16:30;7827;Javier;Machado;Gustavo Soderquvist;Javier Machado
14358813;18/09/2026 09:03:30;3;2;0001  215764-1;05;CAMIONETA LUN 3;2094122;"RE19    ";"REVESTIR S.A.                                     ";AV. CENTENARIO 939;957096;"PDU102         ";"PISO DUCHA RESINA POLIESTER BLANCA 1200x700x25                        ";3;3;3;23501178;180926083527833;184473275;;;;03/01/2032 00:00:00;3;14026103;18/09/2026 08:35:27;Gustavo;Soderquvist;24774770;18/09/2026 07:16:30;7827;Javier;Machado;Gustavo Soderquvist;Javier Machado
14358813;18/09/2026 09:03:30;3;2;0001  215764-1;05;CAMIONETA LUN 3;2094122;"RE19    ";"REVESTIR S.A.                                     ";AV. CENTENARIO 939;957094;"PDU101         ";"PISO DUCHA RESINA POLIESTER BLANCA 900x700x25                         ";1;1;1;23501178;180926083527833;184474333;;;;03/01/2032 00:00:00;1;14026103;18/09/2026 08:35:27;Gustavo;Soderquvist;24774770;18/09/2026 07:16:30;7827;Javier;Machado;Gustavo Soderquvist;Javier Machado
14358813;18/09/2026 09:03:30;3;2;0001  215764-1;05;CAMIONETA LUN 3;2094122;"RE19    ";"REVESTIR S.A.                                     ";AV. CENTENARIO 939;952667;"60-199         ";60-199 - LAVATORIO CR C.CERAM LIVE;6;6;6;23502000;180926090329827;184480331;;;;11/16/2031 00:00:00;3;14025839;18/09/2026 09:03:29;Maximiliano;Nievas;24775524;18/09/2026 07:55:46;7827;Javier;Machado;Maximiliano Nievas;Javier Machado
14358813;18/09/2026 09:03:30;3;2;0001  215764-1;05;CAMIONETA LUN 3;2094122;"RE19    ";"REVESTIR S.A.                                     ";AV. CENTENARIO 939;952596;"60-100G        ";60-100G - LAVATORIO GOLD C.CERAM FABRIC;1;1;1;23502000;180926090329827;184479708;;;;11/10/2031 00:00:00;1;14025839;18/09/2026 09:03:29;Maximiliano;Nievas;24775524;18/09/2026 07:55:46;7827;Javier;Machado;Maximiliano Nievas;Javier Machado
14358813;18/09/2026 09:03:30;3;2;0001  215764-1;05;CAMIONETA LUN 3;2094122;"RE19    ";"REVESTIR S.A.                                     ";AV. CENTENARIO 939;951116;"12006          ";"SET DE 6 PIEZAS LINEA 12000                                           ";20;20;20;23503856;180926082024144;184489579;;;;07/30/2031 00:00:00;10;14025773;18/09/2026 08:20:24;Maximiliano;Nievas;;;;;;Maximiliano Nievas;
14358813;18/09/2026 09:03:30;3;2;0001  215764-1;05;CAMIONETA LUN 3;2094122;"RE19    ";"REVESTIR S.A.                                     ";AV. CENTENARIO 939;951116;"12006          ";"SET DE 6 PIEZAS LINEA 12000                                           ";20;20;20;23503882;180926082045994;184472316;;;;07/30/2031 00:00:00;10;14025782;18/09/2026 08:20:46;Maximiliano;Nievas;;;;;;Maximiliano Nievas;
14358813;18/09/2026 09:03:30;3;2;0001  215764-1;05;CAMIONETA LUN 3;2094122;"RE19    ";"REVESTIR S.A.                                     ";AV. CENTENARIO 939;951547;"20-174         ";20-174 - COCINA MESADA MONOC. COLORS BLACK;10;10;10;23503991;180926082333108;184490506;;;;07/28/2031 00:00:00;4;14025857;18/09/2026 08:23:33;Maximiliano;Nievas;;;;;;Maximiliano Nievas;
14358813;18/09/2026 09:03:30;3;2;0001  215764-1;05;CAMIONETA LUN 3;2094122;"RE19    ";"REVESTIR S.A.                                     ";AV. CENTENARIO 939;951607;"21100N         ";21100N - ESTANTE ORGANIZADOR RECTANGULAR BLACK 25x12x7;6;6;6;23504090;180926082540800;184469389;;;;07/27/2031 00:00:00;6;14025924;18/09/2026 08:25:40;Maximiliano;Nievas;;;;;;Maximiliano Nievas;
14358813;18/09/2026 09:03:30;3;2;0001  215764-1;05;CAMIONETA LUN 3;2094122;"RE19    ";"REVESTIR S.A.                                     ";AV. CENTENARIO 939;952712;"61-176         ";61-176 - LAVATORIO MONOC ALTO CR RIO;3;3;3;23504212;180926082738202;184472654;;;;10/11/2031 00:00:00;3;14025972;18/09/2026 08:27:38;Maximiliano;Nievas;;;;;;Maximiliano Nievas;
14358813;18/09/2026 09:03:30;3;2;0001  215764-1;05;CAMIONETA LUN 3;2094122;"RE19    ";"REVESTIR S.A.                                     ";AV. CENTENARIO 939;951653;"22-178         ";22-178 - MONOCOMANDO DE COCINA P/AGUA FILTRADA VITA;1;1;1;23504212;180926082738202;184472447;;;;12/23/2031 00:00:00;1;14025972;18/09/2026 08:27:38;Maximiliano;Nievas;;;;;;Maximiliano Nievas;
14358813;18/09/2026 09:03:30;3;2;0001  215764-1;05;CAMIONETA LUN 3;2094122;"RE19    ";"REVESTIR S.A.                                     ";AV. CENTENARIO 939;951563;"20-202NI       ";20-202NI - MONOCOMANDO COCINA NICKEL HOOP;1;1;1;23504291;180926082921564;184470548;;;;07/29/2031 00:00:00;1;14025997;18/09/2026 08:29:21;Maximiliano;Nievas;;;;;;Maximiliano Nievas;
14358813;18/09/2026 09:03:30;3;2;0001  215764-1;05;CAMIONETA LUN 3;2094122;"RE19    ";"REVESTIR S.A.                                     ";AV. CENTENARIO 939;952713;"61-176N        ";61-176N - LAVATORIO MONOC ALTO BLACK RIO;15;15;15;23504291;180926082921564;184492317;;;;07/29/2031 00:00:00;3;14025997;18/09/2026 08:29:21;Maximiliano;Nievas;;;;;;Maximiliano Nievas;
14358813;18/09/2026 09:03:30;3;2;0001  215764-1;05;CAMIONETA LUN 3;2094122;"RE19    ";"REVESTIR S.A.                                     ";AV. CENTENARIO 939;952916;"70-168N        ";70-168N - BIDE MONOC BLACK WAVE;1;1;1;23504291;180926082921564;184469239;;;;01/05/2032 00:00:00;1;14025997;18/09/2026 08:29:21;Maximiliano;Nievas;;;;;;Maximiliano Nievas;
14358813;18/09/2026 09:03:30;3;2;0001  215764-1;05;CAMIONETA LUN 3;2094122;"RE19    ";"REVESTIR S.A.                                     ";AV. CENTENARIO 939;951303;"17040G         ";17040G - PORTA ROLLO LINEA FABRIC GOLD;4;4;4;23504329;180926083016249;184469296;;;;07/28/2031 00:00:00;4;14026014;18/09/2026 08:30:16;Maximiliano;Nievas;;;;;;Maximiliano Nievas;
14358813;18/09/2026 09:03:30;3;2;0001  215764-1;05;CAMIONETA LUN 3;2094122;"RE19    ";"REVESTIR S.A.                                     ";AV. CENTENARIO 939;951132;"13006          ";"SET DE 6 PIEZAS LINEA 13000                                           ";1;1;1;23504329;180926083016249;184469184;;;;07/28/2031 00:00:00;1;14026014;18/09/2026 08:30:16;Maximiliano;Nievas;;;;;;Maximiliano Nievas;
14358813;18/09/2026 09:03:30;3;2;0001  215764-1;05;CAMIONETA LUN 3;2094122;"RE19    ";"REVESTIR S.A.                                     ";AV. CENTENARIO 939;951547;"20-174         ";20-174 - COCINA MESADA MONOC. COLORS BLACK;10;10;10;23504564;180926083644433;184470156;;;;07/28/2031 00:00:00;6;14026135;18/09/2026 08:36:45;Maximiliano;Nievas;;;;;;Maximiliano Nievas;
14358813;18/09/2026 09:03:30;3;2;0001  215764-1;05;CAMIONETA LUN 3;2094122;"RE19    ";"REVESTIR S.A.                                     ";AV. CENTENARIO 939;951545;"20-172         ";20-172 - COCINA MESADA MONOC. COLORS NEGRO;10;10;10;23504612;180926083728611;184494613;;;;07/28/2031 00:00:00;6;14026152;18/09/2026 08:37:28;Maximiliano;Nievas;;;;;;Maximiliano Nievas;
14358813;18/09/2026 09:03:30;3;2;0001  215764-1;05;CAMIONETA LUN 3;2094122;"RE19    ";"REVESTIR S.A.                                     ";AV. CENTENARIO 939;951264;"16040          ";16040 - PORTA ROLLO ACCESORIOS LINEA 16000;1;1;1;23504712;180926083852696;184469912;;;;07/27/2031 00:00:00;1;14026170;18/09/2026 08:38:52;Maximiliano;Nievas;;;;;;Maximiliano Nievas;
14358813;18/09/2026 09:03:30;3;2;0001  215764-1;05;CAMIONETA LUN 3;2094122;"RE19    ";"REVESTIR S.A.                                     ";AV. CENTENARIO 939;951606;"21100          ";21100 - ESTANTE ORGANIZADOR RECTANGULAR 25x12x7;10;10;10;23504712;180926083852696;184470785;;;;07/29/2031 00:00:00;10;14026170;18/09/2026 08:38:52;Maximiliano;Nievas;;;;;;Maximiliano Nievas;
14358813;18/09/2026 09:03:30;3;2;0001  215764-1;05;CAMIONETA LUN 3;2094122;"RE19    ";"REVESTIR S.A.                                     ";AV. CENTENARIO 939;951528;"20-140         ";20-140 - MONOCOMANDO DE COCINA LINEA CUINA;10;10;10;23504824;180926084106571;184495598;;;;10/07/2031 00:00:00;5;14026209;18/09/2026 08:41:06;Maximiliano;Nievas;;;;;;Maximiliano Nievas;
14358813;18/09/2026 09:03:30;3;2;0001  215764-1;05;CAMIONETA LUN 3;2094122;"RE19    ";"REVESTIR S.A.                                     ";AV. CENTENARIO 939;951820;"30-121         ";30-121 - COCINA MSDA MONOC.P. CUADRADO MARBELLA;10;10;10;23504944;180926084307501;184496166;;;;11/08/2031 00:00:00;6;14026255;18/09/2026 08:43:07;Maximiliano;Nievas;;;;;;Maximiliano Nievas;
14358813;18/09/2026 09:03:30;3;2;0001  215764-1;05;CAMIONETA LUN 3;2094122;"RE19    ";"REVESTIR S.A.                                     ";AV. CENTENARIO 939;952713;"61-176N        ";61-176N - LAVATORIO MONOC ALTO BLACK RIO;15;15;15;23504954;180926084327109;184496248;;;;07/29/2031 00:00:00;6;14026260;18/09/2026 08:43:27;Maximiliano;Nievas;;;;;;Maximiliano Nievas;
14358813;18/09/2026 09:03:30;3;2;0001  215764-1;05;CAMIONETA LUN 3;2094122;"RE19    ";"REVESTIR S.A.                                     ";AV. CENTENARIO 939;952713;"61-176N        ";61-176N - LAVATORIO MONOC ALTO BLACK RIO;15;15;15;23504961;180926084345121;184471163;;;;07/29/2031 00:00:00;6;14026267;18/09/2026 08:43:45;Maximiliano;Nievas;;;;;;Maximiliano Nievas;
14358813;18/09/2026 09:03:30;3;2;0001  215764-1;05;CAMIONETA LUN 3;2094122;"RE19    ";"REVESTIR S.A.                                     ";AV. CENTENARIO 939;951545;"20-172         ";20-172 - COCINA MESADA MONOC. COLORS NEGRO;10;10;10;23505044;180926084604620;184470499;;;;07/28/2031 00:00:00;4;14026309;18/09/2026 08:46:04;Maximiliano;Nievas;;;;;;Maximiliano Nievas;
14358813;18/09/2026 09:03:30;3;2;0001  215764-1;05;CAMIONETA LUN 3;2094122;"RE19    ";"REVESTIR S.A.                                     ";AV. CENTENARIO 939;951528;"20-140         ";20-140 - MONOCOMANDO DE COCINA LINEA CUINA;10;10;10;23505080;180926084700180;184469738;;;;10/07/2031 00:00:00;5;14026329;18/09/2026 08:47:00;Maximiliano;Nievas;;;;;;Maximiliano Nievas;
14358813;18/09/2026 09:03:30;3;2;0001  215764-1;05;CAMIONETA LUN 3;2094122;"RE19    ";"REVESTIR S.A.                                     ";AV. CENTENARIO 939;953316;"83-176         ";83-176 - DUCHA EXT. C/TRANSF. MONOC CR RIO;2;2;2;23505116;180926084748471;184471247;;;;07/28/2031 00:00:00;2;14026352;18/09/2026 08:47:48;Maximiliano;Nievas;;;;;;Maximiliano Nievas;
14358813;18/09/2026 09:03:30;3;2;0001  215764-1;05;CAMIONETA LUN 3;2094122;"RE19    ";"REVESTIR S.A.                                     ";AV. CENTENARIO 939;952725;"61-200N        ";61-200N - LAVATORIO MONOC ALTO FABRIC BLACK;1;1;1;23505116;180926084748471;184469805;;;;07/28/2031 00:00:00;1;14026352;18/09/2026 08:47:48;Maximiliano;Nievas;;;;;;Maximiliano Nievas;
14358813;18/09/2026 09:03:30;3;2;0001  215764-1;05;CAMIONETA LUN 3;2094122;"RE19    ";"REVESTIR S.A.                                     ";AV. CENTENARIO 939;952709;"61-168N        ";61-168N - LAVATORIO MONOC ALTO BLACK WAVE;1;1;1;23505116;180926084748471;184469785;;;;07/28/2031 00:00:00;1;14026352;18/09/2026 08:47:48;Maximiliano;Nievas;;;;;;Maximiliano Nievas;
14358813;18/09/2026 09:03:30;3;2;0001  215764-1;05;CAMIONETA LUN 3;2094122;"RE19    ";"REVESTIR S.A.                                     ";AV. CENTENARIO 939;951614;"21200          ";21200 - ESQUINERO ORGANIZADOR 19x19x7;3;3;3;23505150;180926084838897;184470202;;;;07/27/2031 00:00:00;3;14026373;18/09/2026 08:48:38;Maximiliano;Nievas;;;;;;Maximiliano Nievas;
14358813;18/09/2026 09:03:30;3;2;0001  215764-1;05;CAMIONETA LUN 3;2094122;"RE19    ";"REVESTIR S.A.                                     ";AV. CENTENARIO 939;953122;"80-176         ";80-176 - DUCHA EMB C/TRANSF MONOC CR RIO;1;1;1;23505150;180926084838897;184471284;;;;07/29/2031 00:00:00;1;14026373;18/09/2026 08:48:38;Maximiliano;Nievas;;;;;;Maximiliano Nievas;
14358813;18/09/2026 09:03:30;3;2;0001  215764-1;05;CAMIONETA LUN 3;2094122;"RE19    ";"REVESTIR S.A.                                     ";AV. CENTENARIO 939;951820;"30-121         ";30-121 - COCINA MSDA MONOC.P. CUADRADO MARBELLA;10;10;10;23505213;180926084936327;184469556;;;;11/08/2031 00:00:00;4;14026392;18/09/2026 08:49:36;Maximiliano;Nievas;;;;;;Maximiliano Nievas;
14358813;18/09/2026 09:03:30;3;2;0001  215764-1;05;CAMIONETA LUN 3;2094122;"RE19    ";"REVESTIR S.A.                                     ";AV. CENTENARIO 939;953071;"80-100G        ";80-100G - DUCHA EMB. C/TRANSF. GOLD C.CERAM FABRIC;4;4;4;23505379;180926085309558;184499090;;;;12/07/2031 00:00:00;1;14026478;18/09/2026 08:53:09;Maximiliano;Nievas;;;;;;Maximiliano Nievas;
14358813;18/09/2026 09:03:30;3;2;0001  215764-1;05;CAMIONETA LUN 3;2094122;"RE19    ";"REVESTIR S.A.                                     ";AV. CENTENARIO 939;953148;"80-199         ";80-199 - DUCHA EMB. C/TRANSF. CR C.CERAM LIVE;1;1;1;23505379;180926085309558;184480447;;;;01/20/2032 00:00:00;1;14026478;18/09/2026 08:53:09;Maximiliano;Nievas;;;;;;Maximiliano Nievas;
14358813;18/09/2026 09:03:30;3;2;0001  215764-1;05;CAMIONETA LUN 3;2094122;"RE19    ";"REVESTIR S.A.                                     ";AV. CENTENARIO 939;953346;"85-168         ";85-168 - DUCHA MONOC C/TRANSF Y DUCHADOR CR WAVE;2;2;2;23505379;180926085309558;184482730;;;;03/08/2032 00:00:00;2;14026478;18/09/2026 08:53:09;Maximiliano;Nievas;;;;;;Maximiliano Nievas;
14358813;18/09/2026 09:03:30;3;2;0001  215764-1;05;CAMIONETA LUN 3;2094122;"RE19    ";"REVESTIR S.A.                                     ";AV. CENTENARIO 939;953071;"80-100G        ";80-100G - DUCHA EMB. C/TRANSF. GOLD C.CERAM FABRIC;4;4;4;23505532;180926085605487;184482088;;;;12/07/2031 00:00:00;3;14026556;18/09/2026 08:56:05;Maximiliano;Nievas;;;;;;Maximiliano Nievas;
14358813;18/09/2026 09:03:30;3;2;0001  215764-1;05;CAMIONETA LUN 3;2094122;"RE19    ";"REVESTIR S.A.                                     ";AV. CENTENARIO 939;952740;"62-100G        ";62-100G - LAVATORIO DE PARED GOLD C.CERAM FABRIC;4;4;4;23505590;180926085732808;184500400;;;;12/20/2031 00:00:00;2;14026596;18/09/2026 08:57:32;Maximiliano;Nievas;;;;;;Maximiliano Nievas;
14358813;18/09/2026 09:03:30;3;2;0001  215764-1;05;CAMIONETA LUN 3;2094122;"RE19    ";"REVESTIR S.A.                                     ";AV. CENTENARIO 939;952783;"62-199N        ";62-199N - LAVATORIO DE PARED BLACK C.CERAM LIVE;4;4;4;23505590;180926085732808;184481063;;;;07/31/2031 00:00:00;4;14026596;18/09/2026 08:57:32;Maximiliano;Nievas;;;;;;Maximiliano Nievas;
14358813;18/09/2026 09:03:30;3;2;0001  215764-1;05;CAMIONETA LUN 3;2094122;"RE19    ";"REVESTIR S.A.                                     ";AV. CENTENARIO 939;952610;"60-122         ";60-122 - LAVATORIO C.CERAM CR VALENCIA;4;4;4;23505590;180926085732808;184481526;;;;12/10/2031 00:00:00;4;14026596;18/09/2026 08:57:32;Maximiliano;Nievas;;;;;;Maximiliano Nievas;
14358813;18/09/2026 09:03:30;3;2;0001  215764-1;05;CAMIONETA LUN 3;2094122;"RE19    ";"REVESTIR S.A.                                     ";AV. CENTENARIO 939;952874;"70-100G        ";70-100G - BIDE GOLD C.CERAM FABRIC;12;12;12;23505609;180926085805833;184500554;;;;07/29/2031 00:00:00;8;14026609;18/09/2026 08:58:05;Maximiliano;Nievas;;;;;;Maximiliano Nievas;
14358813;18/09/2026 09:03:30;3;2;0001  215764-1;05;CAMIONETA LUN 3;2094122;"RE19    ";"REVESTIR S.A.                                     ";AV. CENTENARIO 939;952740;"62-100G        ";62-100G - LAVATORIO DE PARED GOLD C.CERAM FABRIC;4;4;4;23505609;180926085805833;184481923;;;;12/20/2031 00:00:00;2;14026609;18/09/2026 08:58:05;Maximiliano;Nievas;;;;;;Maximiliano Nievas;
14358813;18/09/2026 09:03:30;3;2;0001  215764-1;05;CAMIONETA LUN 3;2094122;"RE19    ";"REVESTIR S.A.                                     ";AV. CENTENARIO 939;952873;"70-100C        ";70-100C - BIDE CR C.CERAM FABRIC;1;1;1;23505662;180926085932886;184481704;;;;07/31/2031 00:00:00;1;14026647;18/09/2026 08:59:32;Maximiliano;Nievas;;;;;;Maximiliano Nievas;
14358813;18/09/2026 09:03:30;3;2;0001  215764-1;05;CAMIONETA LUN 3;2094122;"RE19    ";"REVESTIR S.A.                                     ";AV. CENTENARIO 939;952874;"70-100G        ";70-100G - BIDE GOLD C.CERAM FABRIC;12;12;12;23505662;180926085932886;184479594;;;;07/29/2031 00:00:00;4;14026647;18/09/2026 08:59:32;Maximiliano;Nievas;;;;;;Maximiliano Nievas;
14358813;18/09/2026 09:03:30;3;2;0001  215764-1;05;CAMIONETA LUN 3;2094122;"RE19    ";"REVESTIR S.A.                                     ";AV. CENTENARIO 939;952888;"70-122         ";70-122 - BIDE C.CERAM CR VALENCIA;1;1;1;23505662;180926085932886;184481384;;;;10/26/2031 00:00:00;1;14026647;18/09/2026 08:59:32;Maximiliano;Nievas;;;;;;Maximiliano Nievas;
14358813;18/09/2026 09:03:30;3;2;0001  215764-1;05;CAMIONETA LUN 3;2094122;"RE19    ";"REVESTIR S.A.                                     ";AV. CENTENARIO 939;953109;"80-166         ";"DUCHA EMB. C/TRANSF. CR C.CERAM ADRA PLUS                             ";13;13;13;23505734;180926090032960;184501257;;;;01/19/2032 00:00:00;4;14026673;18/09/2026 09:00:32;Maximiliano;Nievas;;;;;;Maximiliano Nievas;
14358813;18/09/2026 09:03:30;3;2;0001  215764-1;05;CAMIONETA LUN 3;2094122;"RE19    ";"REVESTIR S.A.                                     ";AV. CENTENARIO 939;953109;"80-166         ";"DUCHA EMB. C/TRANSF. CR C.CERAM ADRA PLUS                             ";13;13;13;23505767;180926090111770;184501438;;;;01/19/2032 00:00:00;4;14026683;18/09/2026 09:01:11;Maximiliano;Nievas;;;;;;Maximiliano Nievas;
14358813;18/09/2026 09:03:30;3;2;0001  215764-1;05;CAMIONETA LUN 3;2094122;"RE19    ";"REVESTIR S.A.                                     ";AV. CENTENARIO 939;953109;"80-166         ";"DUCHA EMB. C/TRANSF. CR C.CERAM ADRA PLUS                             ";13;13;13;23505802;180926090148870;184501629;;;;01/19/2032 00:00:00;4;14026701;18/09/2026 09:01:48;Maximiliano;Nievas;;;;;;Maximiliano Nievas;
14358813;18/09/2026 09:03:30;3;2;0001  215764-1;05;CAMIONETA LUN 3;2094122;"RE19    ";"REVESTIR S.A.                                     ";AV. CENTENARIO 939;952667;"60-199         ";60-199 - LAVATORIO CR C.CERAM LIVE;6;6;6;23505832;180926090240092;184501928;;;;11/16/2031 00:00:00;3;14026724;18/09/2026 09:02:40;Maximiliano;Nievas;;;;;;Maximiliano Nievas;
14358813;18/09/2026 09:03:30;3;2;0001  215764-1;05;CAMIONETA LUN 3;2094122;"RE19    ";"REVESTIR S.A.                                     ";AV. CENTENARIO 939;953109;"80-166         ";"DUCHA EMB. C/TRANSF. CR C.CERAM ADRA PLUS                             ";13;13;13;23505832;180926090240092;184478204;;;;01/19/2032 00:00:00;1;14026724;18/09/2026 09:02:40;Maximiliano;Nievas;;;;;;Maximiliano Nievas;
14358815;18/09/2026 10:04:22;3;2;0001  215900-1;05;CAMIONETA LUN 3;2092399;"FA32    ";"FERNANDEZ AGUSTIN JOSE - GASTITO                  ";PARANA 5295;957906;"RA869          ";RA869 - 10 GOMAS CONICA P/ RAMAL DE LAVATORIO Y BIDET;2;2;2;23500844;180926100148767;184471922;;;;08/02/2031 00:00:00;2;14028404;18/09/2026 10:01:48;Maximiliano;Nievas;24774383;18/09/2026 06:59:55;7636;Kevin;Arce;Maximiliano Nievas;Kevin Arce
14358815;18/09/2026 10:04:22;3;2;0001  215900-1;05;CAMIONETA LUN 3;2092399;"FA32    ";"FERNANDEZ AGUSTIN JOSE - GASTITO                  ";PARANA 5295;957889;"RA809          ";RA809 - BOLSITA CON 10 TUERCAS DE 1/2 EN POLIAMIDA P/RAMAL;4;4;4;23500844;180926100148767;184472251;;;;08/02/2031 00:00:00;4;14028404;18/09/2026 10:01:48;Maximiliano;Nievas;24774383;18/09/2026 06:59:55;7636;Kevin;Arce;Maximiliano Nievas;Kevin Arce
14358815;18/09/2026 10:04:22;3;2;0001  215900-1;05;CAMIONETA LUN 3;2092399;"FA32    ";"FERNANDEZ AGUSTIN JOSE - GASTITO                  ";PARANA 5295;957912;"RA875          ";RA875 - 10 TUBOS CONEXION P/ BIDET;4;4;4;23500844;180926100148767;184471768;;;;08/02/2031 00:00:00;4;14028404;18/09/2026 10:01:48;Maximiliano;Nievas;24774383;18/09/2026 06:59:55;7636;Kevin;Arce;Maximiliano Nievas;Kevin Arce
14358815;18/09/2026 10:04:22;3;2;0001  215900-1;05;CAMIONETA LUN 3;2092399;"FA32    ";"FERNANDEZ AGUSTIN JOSE - GASTITO                  ";PARANA 5295;957390;"RA001          ";RA001 - CABEZAL STD NO ASCENDENTE;4;4;4;23500844;180926100148767;184471717;;;;02/11/2032 00:00:00;4;14028404;18/09/2026 10:01:48;Maximiliano;Nievas;24774383;18/09/2026 06:59:55;7636;Kevin;Arce;Maximiliano Nievas;Kevin Arce
14358815;18/09/2026 10:04:22;3;2;0001  215900-1;05;CAMIONETA LUN 3;2092399;"FA32    ";"FERNANDEZ AGUSTIN JOSE - GASTITO                  ";PARANA 5295;952583;"60-058         ";60-058 - LAVATORIO CR C.STD MALBA;2;2;2;23501762;180926100420304;184475711;;;;12/03/2031 00:00:00;2;14028543;18/09/2026 10:04:20;Maximiliano;Nievas;24775255;18/09/2026 07:24:29;7827;Javier;Machado;Maximiliano Nievas;Javier Machado
14358815;18/09/2026 10:04:22;3;2;0001  215900-1;05;CAMIONETA LUN 3;2092399;"FA32    ";"FERNANDEZ AGUSTIN JOSE - GASTITO                  ";PARANA 5295;952438;"51-058         ";51-058 - COCINA MESADA CR C.STD MALBA;2;2;2;23501762;180926100420304;184475892;;;;10/19/2031 00:00:00;2;14028543;18/09/2026 10:04:20;Maximiliano;Nievas;24775255;18/09/2026 07:24:29;7827;Javier;Machado;Maximiliano Nievas;Javier Machado
14358817;18/09/2026 09:58:29;3;2;0001  215904-1;05;CAMIONETA LUN 3;2247574;"TS11    ";"TODO SANITARIOS Y GAS S.R.L.                      ";AV SANTA FE 1365;951535;"20-160         ";20-160 - MONOCOMANDO MESADA COCINA DIQUE;8;8;8;23500688;180926095829002;184470408;;;;07/28/2031 00:00:00;8;14028340;18/09/2026 09:58:29;Maximiliano;Nievas;24774283;18/09/2026 06:35:28;7636;Kevin;Arce;Maximiliano Nievas;Kevin Arce
14358817;18/09/2026 09:58:29;3;2;0001  215904-1;05;CAMIONETA LUN 3;2247574;"TS11    ";"TODO SANITARIOS Y GAS S.R.L.                      ";AV SANTA FE 1365;951611;"21-160         ";"MONOCOMANDO DUO COCINA CROMO DIQUE                                    ";5;5;5;23508614;180926095727483;184470244;;;;12/14/2031 00:00:00;5;14028349;18/09/2026 09:57:27;Maximiliano;Nievas;;;;;;Maximiliano Nievas;
14358817;18/09/2026 09:58:29;3;2;0001  215904-1;05;CAMIONETA LUN 3;2247574;"TS11    ";"TODO SANITARIOS Y GAS S.R.L.                      ";AV SANTA FE 1365;1007844;"20-122S        ";"MONOCOMANDO COCINA INOX C/PICO EXTRAIBLE VALENCIA                     ";6;6;6;23508639;180926095815993;184470335;;;;01/06/2032 00:00:00;6;14028371;18/09/2026 09:58:16;Maximiliano;Nievas;;;;;;Maximiliano Nievas;
14358818;18/09/2026 09:21:10;3;2;0001  215917-1;05;CAMIONETA LUN 3;2092050;"DC18    ";"DI CARLO SEBASTIAN F -DI CARLO SANIT              ";DERQUI 5076;953421;"90-166         ";90-166 - PACK GRIF. ADRA PLUS (Lav-Bide-Ducha c/t Plus);1;1;1;23501576;180926091857046;184474711;;;;01/04/2032 00:00:00;1;14027106;18/09/2026 09:18:57;Gustavo;Soderquvist;24775047;18/09/2026 07:43:25;7839;Claudio;Juarez;Gustavo Soderquvist;Claudio Juarez
14358818;18/09/2026 09:21:10;3;2;0001  215917-1;05;CAMIONETA LUN 3;2092050;"DC18    ";"DI CARLO SEBASTIAN F -DI CARLO SANIT              ";DERQUI 5076;953109;"80-166         ";"DUCHA EMB. C/TRANSF. CR C.CERAM ADRA PLUS                             ";1;1;1;23501576;180926091857046;184475220;;;;01/19/2032 00:00:00;1;14027106;18/09/2026 09:18:57;Gustavo;Soderquvist;24775047;18/09/2026 07:43:25;7839;Claudio;Juarez;Gustavo Soderquvist;Claudio Juarez
14358818;18/09/2026 09:21:10;3;2;0001  215917-1;05;CAMIONETA LUN 3;2092050;"DC18    ";"DI CARLO SEBASTIAN F -DI CARLO SANIT              ";DERQUI 5076;954915;"BCH13          ";BCH13 - BACHA DE APOYAR BLANCA RECTANGULAR 465x260x125;1;1;1;23501686;180926092110163;184478195;;;;07/27/2031 00:00:00;1;14027239;18/09/2026 09:21:10;Gustavo;Soderquvist;24775187;18/09/2026 07:33:06;7636;Kevin;Arce;Gustavo Soderquvist;Kevin Arce
14358818;18/09/2026 09:21:10;3;2;0001  215917-1;05;CAMIONETA LUN 3;2092050;"DC18    ";"DI CARLO SEBASTIAN F -DI CARLO SANIT              ";DERQUI 5076;952862;"70-058         ";70-058 - BIDE CR C.STD MALBA;3;3;3;23506580;180926091832392;184476685;;;;10/20/2031 00:00:00;3;14027148;18/09/2026 09:18:32;Gustavo;Soderquvist;;;;;;Gustavo Soderquvist;
14358818;18/09/2026 09:21:10;3;2;0001  215917-1;05;CAMIONETA LUN 3;2092050;"DC18    ";"DI CARLO SEBASTIAN F -DI CARLO SANIT              ";DERQUI 5076;952912;"70-162         ";70-162 - BIDE CR C.CERAM LINEA ADRA;2;2;2;23506580;180926091832392;184474808;;;;07/29/2031 00:00:00;2;14027148;18/09/2026 09:18:32;Gustavo;Soderquvist;;;;;;Gustavo Soderquvist;
14358818;18/09/2026 09:21:10;3;2;0001  215917-1;05;CAMIONETA LUN 3;2092050;"DC18    ";"DI CARLO SEBASTIAN F -DI CARLO SANIT              ";DERQUI 5076;953060;"80-058         ";80-058 - DUCHA EMB. C/TRANSF. CR C.STD MALBA;2;2;2;23506580;180926091832392;184476798;;;;01/06/2032 00:00:00;2;14027148;18/09/2026 09:18:32;Gustavo;Soderquvist;;;;;;Gustavo Soderquvist;
14358820;18/09/2026 09:28:51;3;2;0001  215861-1;05;CAMIONETA LUN 3;2092387;"FA20    ";"FALABELLA S.A.                                    ";AV LIBERTADOR 77;952650;"60-180         ";60-180 - LAVATORIO MONOCOMANDO BAJO VERA;11;11;11;23500598;180926092851014;184469735;;;;07/28/2031 00:00:00;1;14027278;18/09/2026 09:28:51;Maximiliano;Nievas;24774179;18/09/2026 06:33:42;7827;Javier;Machado;Maximiliano Nievas;Javier Machado
14358820;18/09/2026 09:28:51;3;2;0001  215861-1;05;CAMIONETA LUN 3;2092387;"FA20    ";"FALABELLA S.A.                                    ";AV LIBERTADOR 77;952939;"70-193         ";70-193 - BIDE MONOCOMANDO MORA;1;1;1;23500598;180926092851014;184469913;;;;07/28/2031 00:00:00;1;14027278;18/09/2026 09:28:51;Maximiliano;Nievas;24774179;18/09/2026 06:33:42;7827;Javier;Machado;Maximiliano Nievas;Javier Machado
14358820;18/09/2026 09:28:51;3;2;0001  215861-1;05;CAMIONETA LUN 3;2092387;"FA20    ";"FALABELLA S.A.                                    ";AV LIBERTADOR 77;953157;"80-203         ";80-203 - DUCHA EMB C/TRANSF. MONOCOMANDO ADRA;2;2;2;23500598;180926092851014;184470042;;;;07/27/2031 00:00:00;2;14027278;18/09/2026 09:28:51;Maximiliano;Nievas;24774179;18/09/2026 06:33:42;7827;Javier;Machado;Maximiliano Nievas;Javier Machado
14358820;18/09/2026 09:28:51;3;2;0001  215861-1;05;CAMIONETA LUN 3;2092387;"FA20    ";"FALABELLA S.A.                                    ";AV LIBERTADOR 77;953144;"80-196         ";80-196 - DUCHA EMB. C/TRANSF. CR C.CERAM LOOP;2;2;2;23501577;180926092208530;184476018;;;;01/11/2032 00:00:00;2;14026908;18/09/2026 09:22:08;Maximiliano;Nievas;24775047;18/09/2026 07:43:25;7839;Claudio;Juarez;Maximiliano Nievas;Claudio Juarez
14358820;18/09/2026 09:28:51;3;2;0001  215861-1;05;CAMIONETA LUN 3;2092387;"FA20    ";"FALABELLA S.A.                                    ";AV LIBERTADOR 77;952587;"60-061         ";60-061 - LAVATORIO CR C.STD PUEBLA;1;1;1;23506270;180926091150729;184475710;;;;10/08/2031 00:00:00;1;14026946;18/09/2026 09:11:50;Maximiliano;Nievas;;;;;;Maximiliano Nievas;
14358820;18/09/2026 09:28:51;3;2;0001  215861-1;05;CAMIONETA LUN 3;2092387;"FA20    ";"FALABELLA S.A.                                    ";AV LIBERTADOR 77;952634;"60-162         ";60-162 - LAVATORIO CR C.CERAM LINEA ADRA;6;6;6;23506270;180926091150729;184505113;;;;07/29/2031 00:00:00;2;14026946;18/09/2026 09:11:50;Maximiliano;Nievas;;;;;;Maximiliano Nievas;
14358820;18/09/2026 09:28:51;3;2;0001  215861-1;05;CAMIONETA LUN 3;2092387;"FA20    ";"FALABELLA S.A.                                    ";AV LIBERTADOR 77;952677;"60-203         ";60-203 - LAVATORIO MONOCOMANDO BAJO ADRA;1;1;1;23506270;180926091150729;184477258;;;;03/02/2032 00:00:00;1;14026946;18/09/2026 09:11:50;Maximiliano;Nievas;;;;;;Maximiliano Nievas;
14358820;18/09/2026 09:28:51;3;2;0001  215861-1;05;CAMIONETA LUN 3;2092387;"FA20    ";"FALABELLA S.A.                                    ";AV LIBERTADOR 77;952912;"70-162         ";70-162 - BIDE CR C.CERAM LINEA ADRA;5;5;5;23506270;180926091150729;184474928;;;;07/29/2031 00:00:00;5;14026946;18/09/2026 09:11:50;Maximiliano;Nievas;;;;;;Maximiliano Nievas;
14358820;18/09/2026 09:28:51;3;2;0001  215861-1;05;CAMIONETA LUN 3;2092387;"FA20    ";"FALABELLA S.A.                                    ";AV LIBERTADOR 77;953474;"933            ";933 - JGO PARED C/EXT CR DIQUE;1;1;1;23506270;180926091150729;184479440;;;;01/07/2032 00:00:00;1;14026946;18/09/2026 09:11:50;Maximiliano;Nievas;;;;;;Maximiliano Nievas;
14358820;18/09/2026 09:28:51;3;2;0001  215861-1;05;CAMIONETA LUN 3;2092387;"FA20    ";"FALABELLA S.A.                                    ";AV LIBERTADOR 77;952664;"60-196         ";60-196 - LAVATORIO CR C.CERAM LOOP;6;6;6;23506577;180926091830397;184476140;;;;07/31/2031 00:00:00;6;14027147;18/09/2026 09:18:30;Maximiliano;Nievas;;;;;;Maximiliano Nievas;
14358820;18/09/2026 09:28:51;3;2;0001  215861-1;05;CAMIONETA LUN 3;2092387;"FA20    ";"FALABELLA S.A.                                    ";AV LIBERTADOR 77;952634;"60-162         ";60-162 - LAVATORIO CR C.CERAM LINEA ADRA;6;6;6;23506577;180926091830397;184474481;;;;07/29/2031 00:00:00;4;14027147;18/09/2026 09:18:30;Maximiliano;Nievas;;;;;;Maximiliano Nievas;
14358820;18/09/2026 09:28:51;3;2;0001  215861-1;05;CAMIONETA LUN 3;2092387;"FA20    ";"FALABELLA S.A.                                    ";AV LIBERTADOR 77;953109;"80-166         ";"DUCHA EMB. C/TRANSF. CR C.CERAM ADRA PLUS                             ";4;4;4;23506728;180926092107538;184475596;;;;01/19/2032 00:00:00;4;14027243;18/09/2026 09:21:07;Maximiliano;Nievas;;;;;;Maximiliano Nievas;
14358820;18/09/2026 09:28:51;3;2;0001  215861-1;05;CAMIONETA LUN 3;2092387;"FA20    ";"FALABELLA S.A.                                    ";AV LIBERTADOR 77;952650;"60-180         ";60-180 - LAVATORIO MONOCOMANDO BAJO VERA;11;11;11;23506913;180926092425304;184509003;;;;07/28/2031 00:00:00;10;14027315;18/09/2026 09:24:25;Maximiliano;Nievas;;;;;;Maximiliano Nievas;
14358820;18/09/2026 09:28:51;3;2;0001  215861-1;05;CAMIONETA LUN 3;2092387;"FA20    ";"FALABELLA S.A.                                    ";AV LIBERTADOR 77;953125;"80-180         ";80-180 - DUCHA EMB. C/TRANSF. MONOCOMANDO VERA;3;3;3;23507056;180926092658791;184470315;;;;11/23/2031 00:00:00;3;14027394;18/09/2026 09:26:58;Maximiliano;Nievas;;;;;;Maximiliano Nievas;
14358820;18/09/2026 09:28:51;3;2;0001  215861-1;05;CAMIONETA LUN 3;2092387;"FA20    ";"FALABELLA S.A.                                    ";AV LIBERTADOR 77;953140;"80-193         ";80-193 - DUCHA EMB. C/TRANSF. MONOCOMANDO MORA;3;3;3;23507056;180926092658791;184469869;;;;07/27/2031 00:00:00;3;14027394;18/09/2026 09:26:58;Maximiliano;Nievas;;;;;;Maximiliano Nievas;
14358822;18/09/2026 09:14:21;3;2;0001  215924-1;05;CAMIONETA LUN 3;2091373;"BO16    ";"BODEN CERAMICS S.R.L. -SYRIA CERAMICOS            ";PANAMERICANA 2144;952725;"61-200N        ";61-200N - LAVATORIO MONOC ALTO FABRIC BLACK;2;2;2;23500845;180926091006441;184471082;;;;07/28/2031 00:00:00;2;14026871;18/09/2026 09:10:06;Gustavo;Soderquvist;24774383;18/09/2026 06:59:55;7636;Kevin;Arce;Gustavo Soderquvist;Kevin Arce
14358822;18/09/2026 09:14:21;3;2;0001  215924-1;05;CAMIONETA LUN 3;2091373;"BO16    ";"BODEN CERAMICS S.R.L. -SYRIA CERAMICOS            ";PANAMERICANA 2144;952724;"61-200G        ";61-200G - LAVATORIO MONOC ALTO GOLD FABRIC;2;2;2;23500845;180926091006441;184471542;;;;07/27/2031 00:00:00;2;14026871;18/09/2026 09:10:06;Gustavo;Soderquvist;24774383;18/09/2026 06:59:55;7636;Kevin;Arce;Gustavo Soderquvist;Kevin Arce
14358822;18/09/2026 09:14:21;3;2;0001  215924-1;05;CAMIONETA LUN 3;2091373;"BO16    ";"BODEN CERAMICS S.R.L. -SYRIA CERAMICOS            ";PANAMERICANA 2144;952637;"60-168         ";60-168 - LAVATORIO MONOC BAJO CR WAVE;2;2;2;23500845;180926091006441;184471318;;;;07/27/2031 00:00:00;2;14026871;18/09/2026 09:10:06;Gustavo;Soderquvist;24774383;18/09/2026 06:59:55;7636;Kevin;Arce;Gustavo Soderquvist;Kevin Arce
14358822;18/09/2026 09:14:21;3;2;0001  215924-1;05;CAMIONETA LUN 3;2091373;"BO16    ";"BODEN CERAMICS S.R.L. -SYRIA CERAMICOS            ";PANAMERICANA 2144;951833;"30-132         ";30-132 - COCINA MESADA MONOC. C/DUCHADOR EXTENSIBLE VIGO;1;1;1;23500845;180926091006441;184471160;;;;10/07/2031 00:00:00;1;14026871;18/09/2026 09:10:06;Gustavo;Soderquvist;24774383;18/09/2026 06:59:55;7636;Kevin;Arce;Gustavo Soderquvist;Kevin Arce
14358822;18/09/2026 09:14:21;3;2;0001  215924-1;05;CAMIONETA LUN 3;2091373;"BO16    ";"BODEN CERAMICS S.R.L. -SYRIA CERAMICOS            ";PANAMERICANA 2144;952742;"62-100NI       ";62-100NI - LAVATORIO DE PARED NICKEL C.CERAM FABRIC;4;4;4;23501578;180926091420608;184477143;;;;09/02/2031 00:00:00;1;14026927;18/09/2026 09:14:20;Gustavo;Soderquvist;24775047;18/09/2026 07:43:25;7839;Claudio;Juarez;Gustavo Soderquvist;Claudio Juarez
14358822;18/09/2026 09:14:21;3;2;0001  215924-1;05;CAMIONETA LUN 3;2091373;"BO16    ";"BODEN CERAMICS S.R.L. -SYRIA CERAMICOS            ";PANAMERICANA 2144;952876;"70-100NI       ";70-100NI - BIDE NICKEL C.CERAM FABRIC;2;2;2;23501578;180926091420608;184476462;;;;12/01/2031 00:00:00;2;14026927;18/09/2026 09:14:20;Gustavo;Soderquvist;24775047;18/09/2026 07:43:25;7839;Claudio;Juarez;Gustavo Soderquvist;Claudio Juarez
14358822;18/09/2026 09:14:21;3;2;0001  215924-1;05;CAMIONETA LUN 3;2091373;"BO16    ";"BODEN CERAMICS S.R.L. -SYRIA CERAMICOS            ";PANAMERICANA 2144;953154;"80-200N        ";80-200N - DUCHA EMB. MONOC. 3 FUNCIONES BLACK FABRIC;1;1;1;23501578;180926091420608;184479299;;;;01/18/2032 00:00:00;1;14026927;18/09/2026 09:14:20;Gustavo;Soderquvist;24775047;18/09/2026 07:43:25;7839;Claudio;Juarez;Gustavo Soderquvist;Claudio Juarez
14358822;18/09/2026 09:14:21;3;2;0001  215924-1;05;CAMIONETA LUN 3;2091373;"BO16    ";"BODEN CERAMICS S.R.L. -SYRIA CERAMICOS            ";PANAMERICANA 2144;952597;"60-100N        ";60-100N - LAVATORIO BLACK C.CERAM FABRIC;2;2;2;23501578;180926091420608;184477795;;;;12/01/2031 00:00:00;2;14026927;18/09/2026 09:14:20;Gustavo;Soderquvist;24775047;18/09/2026 07:43:25;7839;Claudio;Juarez;Gustavo Soderquvist;Claudio Juarez
14358822;18/09/2026 09:14:21;3;2;0001  215924-1;05;CAMIONETA LUN 3;2091373;"BO16    ";"BODEN CERAMICS S.R.L. -SYRIA CERAMICOS            ";PANAMERICANA 2144;952740;"62-100G        ";62-100G - LAVATORIO DE PARED GOLD C.CERAM FABRIC;3;3;3;23506278;180926091215269;184478224;;;;12/20/2031 00:00:00;3;14026957;18/09/2026 09:12:15;Gustavo;Soderquvist;;;;;;Gustavo Soderquvist;
14358822;18/09/2026 09:14:21;3;2;0001  215924-1;05;CAMIONETA LUN 3;2091373;"BO16    ";"BODEN CERAMICS S.R.L. -SYRIA CERAMICOS            ";PANAMERICANA 2144;952742;"62-100NI       ";62-100NI - LAVATORIO DE PARED NICKEL C.CERAM FABRIC;4;4;4;23506278;180926091215269;184505251;;;;09/02/2031 00:00:00;3;14026957;18/09/2026 09:12:15;Gustavo;Soderquvist;;;;;;Gustavo Soderquvist;
14358822;18/09/2026 09:14:21;3;2;0001  215924-1;05;CAMIONETA LUN 3;2091373;"BO16    ";"BODEN CERAMICS S.R.L. -SYRIA CERAMICOS            ";PANAMERICANA 2144;952874;"70-100G        ";70-100G - BIDE GOLD C.CERAM FABRIC;2;2;2;23506278;180926091215269;184477460;;;;07/29/2031 00:00:00;2;14026957;18/09/2026 09:12:15;Gustavo;Soderquvist;;;;;;Gustavo Soderquvist;
14358822;18/09/2026 09:14:21;3;2;0001  215924-1;05;CAMIONETA LUN 3;2091373;"BO16    ";"BODEN CERAMICS S.R.L. -SYRIA CERAMICOS            ";PANAMERICANA 2144;952875;"70-100N        ";70-100N - BIDE BLACK C.CERAM FABRIC;2;2;2;23506278;180926091215269;184478022;;;;07/29/2031 00:00:00;2;14026957;18/09/2026 09:12:15;Gustavo;Soderquvist;;;;;;Gustavo Soderquvist;
14358947;18/09/2026 11:01:26;3;2;0001  215482-1;05;CAMIONETA LUN 4;2094559;"SM34    ";"SANITARIOS MATRECARI S.A.                         ";RODRIGUEZ PEÑA 1516;951484;"20-100C        ";20-100C - MONOCOMANDO DE COCINA FABRIC CROMO;1;1;1;23502627;180926110126263;184485110;;;;02/18/2032 00:00:00;1;14030370;18/09/2026 11:01:26;Gustavo;Soderquvist;24776152;18/09/2026 08:11:22;6867;Javier;Lescano;Gustavo Soderquvist;Javier Lescano
14358947;18/09/2026 11:01:26;3;2;0001  215482-1;05;CAMIONETA LUN 4;2094559;"SM34    ";"SANITARIOS MATRECARI S.A.                         ";RODRIGUEZ PEÑA 1516;951486;"20-100N        ";20-100N - MONOCOMANDO DE COCINA FABRIC BLACK;1;1;1;23502627;180926110126263;184485269;;;;01/10/2032 00:00:00;1;14030370;18/09/2026 11:01:26;Gustavo;Soderquvist;24776152;18/09/2026 08:11:22;6867;Javier;Lescano;Gustavo Soderquvist;Javier Lescano
14358947;18/09/2026 11:01:26;3;2;0001  215482-1;05;CAMIONETA LUN 4;2094559;"SM34    ";"SANITARIOS MATRECARI S.A.                         ";RODRIGUEZ PEÑA 1516;952712;"61-176         ";61-176 - LAVATORIO MONOC ALTO CR RIO;2;2;2;23502627;180926110126263;184483762;;;;10/11/2031 00:00:00;2;14030370;18/09/2026 11:01:26;Gustavo;Soderquvist;24776152;18/09/2026 08:11:22;6867;Javier;Lescano;Gustavo Soderquvist;Javier Lescano
14358947;18/09/2026 11:01:26;3;2;0001  215482-1;05;CAMIONETA LUN 4;2094559;"SM34    ";"SANITARIOS MATRECARI S.A.                         ";RODRIGUEZ PEÑA 1516;952713;"61-176N        ";61-176N - LAVATORIO MONOC ALTO BLACK RIO;1;1;1;23502627;180926110126263;184484046;;;;07/29/2031 00:00:00;1;14030370;18/09/2026 11:01:26;Gustavo;Soderquvist;24776152;18/09/2026 08:11:22;6867;Javier;Lescano;Gustavo Soderquvist;Javier Lescano
14358947;18/09/2026 11:01:26;3;2;0001  215482-1;05;CAMIONETA LUN 4;2094559;"SM34    ";"SANITARIOS MATRECARI S.A.                         ";RODRIGUEZ PEÑA 1516;952794;"63-152         ";63-152 - LAVATORIO PARED EMBUTIR CR MONOC. SORIA;1;1;1;23502627;180926110126263;184484646;;;;07/28/2031 00:00:00;1;14030370;18/09/2026 11:01:26;Gustavo;Soderquvist;24776152;18/09/2026 08:11:22;6867;Javier;Lescano;Gustavo Soderquvist;Javier Lescano
14358947;18/09/2026 11:01:26;3;2;0001  215482-1;05;CAMIONETA LUN 4;2094559;"SM34    ";"SANITARIOS MATRECARI S.A.                         ";RODRIGUEZ PEÑA 1516;952951;"70-200N        ";70-200N - BIDE MONOCOMANDO BLACK FABRIC;2;2;2;23502627;180926110126263;184484289;;;;09/06/2031 00:00:00;2;14030370;18/09/2026 11:01:26;Gustavo;Soderquvist;24776152;18/09/2026 08:11:22;6867;Javier;Lescano;Gustavo Soderquvist;Javier Lescano
14358947;18/09/2026 11:01:26;3;2;0001  215482-1;05;CAMIONETA LUN 4;2094559;"SM34    ";"SANITARIOS MATRECARI S.A.                         ";RODRIGUEZ PEÑA 1516;952875;"70-100N        ";70-100N - BIDE BLACK C.CERAM FABRIC;1;1;1;23502640;180926105937069;184493957;;;;07/29/2031 00:00:00;1;14030314;18/09/2026 10:59:37;Gustavo;Soderquvist;24776166;18/09/2026 08:42:23;7636;Kevin;Arce;Gustavo Soderquvist;Kevin Arce
14358947;18/09/2026 11:01:26;3;2;0001  215482-1;05;CAMIONETA LUN 4;2094559;"SM34    ";"SANITARIOS MATRECARI S.A.                         ";RODRIGUEZ PEÑA 1516;952874;"70-100G        ";70-100G - BIDE GOLD C.CERAM FABRIC;1;1;1;23502640;180926105937069;184493768;;;;07/29/2031 00:00:00;1;14030314;18/09/2026 10:59:37;Gustavo;Soderquvist;24776166;18/09/2026 08:42:23;7636;Kevin;Arce;Gustavo Soderquvist;Kevin Arce
14358947;18/09/2026 11:01:26;3;2;0001  215482-1;05;CAMIONETA LUN 4;2094559;"SM34    ";"SANITARIOS MATRECARI S.A.                         ";RODRIGUEZ PEÑA 1516;952739;"62-100C        ";62-100C - LAVATORIO DE PARED CR C.CERAM FABRIC;1;1;1;23502640;180926105937069;184493865;;;;07/31/2031 00:00:00;1;14030314;18/09/2026 10:59:37;Gustavo;Soderquvist;24776166;18/09/2026 08:42:23;7636;Kevin;Arce;Gustavo Soderquvist;Kevin Arce
14358947;18/09/2026 11:01:26;3;2;0001  215482-1;05;CAMIONETA LUN 4;2094559;"SM34    ";"SANITARIOS MATRECARI S.A.                         ";RODRIGUEZ PEÑA 1516;952631;"60-153         ";60-153 - LAVATORIO CR C.CERAMICO CASTILLA;1;1;1;23502640;180926105937069;184493422;;;;11/23/2031 00:00:00;1;14030314;18/09/2026 10:59:37;Gustavo;Soderquvist;24776166;18/09/2026 08:42:23;7636;Kevin;Arce;Gustavo Soderquvist;Kevin Arce
14358947;18/09/2026 11:01:26;3;2;0001  215482-1;05;CAMIONETA LUN 4;2094559;"SM34    ";"SANITARIOS MATRECARI S.A.                         ";RODRIGUEZ PEÑA 1516;952292;"434/CR         ";434/CR - DUCHA EMB.C/TRANSF CR ARES;1;1;1;23502640;180926105937069;184494509;;;;01/12/2032 00:00:00;1;14030314;18/09/2026 10:59:37;Gustavo;Soderquvist;24776166;18/09/2026 08:42:23;7636;Kevin;Arce;Gustavo Soderquvist;Kevin Arce
14358947;18/09/2026 11:01:26;3;2;0001  215482-1;05;CAMIONETA LUN 4;2094559;"SM34    ";"SANITARIOS MATRECARI S.A.                         ";RODRIGUEZ PEÑA 1516;951568;"203            ";"203 - LAVATORIO CROMO ""DIQUE""";1;1;1;23502640;180926105937069;184490126;;;;01/11/2032 00:00:00;1;14030314;18/09/2026 10:59:37;Gustavo;Soderquvist;24776166;18/09/2026 08:42:23;7636;Kevin;Arce;Gustavo Soderquvist;Kevin Arce
14358948;18/09/2026 10:06:41;3;2;0001  213161-2;05;CAMIONETA LUN 4;2094664;"SS43    ";"SANITARIOS SIONE S.R.L.                           ";VIDAL 1783;957102;"PDU120         ";"DESAGUE P/PISO DE DUCHA                                               ";2;2;2;23503788;180926010639188;184492633;;;;03/01/2032 00:00:00;2;14028627;18/09/2026 10:06:39;Mirko;Hernandez;24777306;18/09/2026 08:50:11;6922;Franco;Potenza;Mirko Hernandez;Franco Potenza
14358948;18/09/2026 10:06:41;3;2;0001  213161-2;05;CAMIONETA LUN 4;2094664;"SS43    ";"SANITARIOS SIONE S.R.L.                           ";VIDAL 1783;957094;"PDU101         ";"PISO DUCHA RESINA POLIESTER BLANCA 900x700x25                         ";2;2;2;23509077;180926010622011;184522495;;;;03/01/2032 00:00:00;1;14028635;18/09/2026 10:06:22;Mirko;Hernandez;;;;;;Mirko Hernandez;
14358948;18/09/2026 10:06:41;3;2;0001  213161-2;05;CAMIONETA LUN 4;2094664;"SS43    ";"SANITARIOS SIONE S.R.L.                           ";VIDAL 1783;957094;"PDU101         ";"PISO DUCHA RESINA POLIESTER BLANCA 900x700x25                         ";2;2;2;23509087;180926010630237;184490565;;;;03/01/2032 00:00:00;1;14028640;18/09/2026 10:06:30;Mirko;Hernandez;;;;;;Mirko Hernandez;
14358949;18/09/2026 13:30:07;3;2;0001  213162-2;05;CAMIONETA LUN 4;2094664;"SS43    ";"SANITARIOS SIONE S.R.L.                           ";WASHINGTON 3553;957096;"PDU102         ";"PISO DUCHA RESINA POLIESTER BLANCA 1200x700x25                        ";1;1;1;23503789;180926133007037;184490165;;;;03/01/2032 00:00:00;1;14034713;18/09/2026 13:30:07;Gustavo;Soderquvist;24777306;18/09/2026 08:50:11;6922;Franco;Potenza;Gustavo Soderquvist;Franco Potenza
14358949;18/09/2026 13:30:07;3;2;0001  213162-2;05;CAMIONETA LUN 4;2094664;"SS43    ";"SANITARIOS SIONE S.R.L.                           ";WASHINGTON 3553;957102;"PDU120         ";"DESAGUE P/PISO DE DUCHA                                               ";1;1;1;23503789;180926133007037;184492812;;;;03/01/2032 00:00:00;1;14034713;18/09/2026 13:30:07;Gustavo;Soderquvist;24777306;18/09/2026 08:50:11;6922;Franco;Potenza;Gustavo Soderquvist;Franco Potenza
14358950;18/09/2026 09:59:52;3;2;0001  214444-2;05;CAMIONETA LUN 4;2094664;"SS43    ";"SANITARIOS SIONE S.R.L.                           ";VIDAL 1783;957102;"PDU120         ";"DESAGUE P/PISO DE DUCHA                                               ";2;2;2;23503790;180926005950206;184493106;;;;03/01/2032 00:00:00;2;14028373;18/09/2026 09:59:50;Mirko;Hernandez;24777306;18/09/2026 08:50:11;6922;Franco;Potenza;Mirko Hernandez;Franco Potenza
14358950;18/09/2026 09:59:52;3;2;0001  214444-2;05;CAMIONETA LUN 4;2094664;"SS43    ";"SANITARIOS SIONE S.R.L.                           ";VIDAL 1783;957094;"PDU101         ";"PISO DUCHA RESINA POLIESTER BLANCA 900x700x25                         ";2;2;2;23508683;180926005913026;184494329;;;;03/01/2032 00:00:00;2;14028397;18/09/2026 09:59:13;Mirko;Hernandez;;;;;;Mirko Hernandez;
14358951;18/09/2026 12:10:13;3;2;0001  215647-1;05;CAMIONETA LUN 4;2091721;"CJ32    ";"CONLON JUAN I. -POMPEI SANITARIOS                 ";AV. CABILDO 1308;957450;"RA1050         ";RA1050 - VOLANTE MALLORCA STD.;3;3;3;23502861;180926031013117;184498210;;;;02/21/2032 00:00:00;3;14032812;18/09/2026 12:10:13;Mirko;Hernandez;24776465;18/09/2026 09:01:19;7827;Javier;Machado;Mirko Hernandez;Javier Machado
14358951;18/09/2026 12:10:13;3;2;0001  215647-1;05;CAMIONETA LUN 4;2091721;"CJ32    ";"CONLON JUAN I. -POMPEI SANITARIOS                 ";AV. CABILDO 1308;957452;"RA1051         ";RA1051 - VOLANTE TRANSFERENCIA MALLORCA;1;1;1;23502861;180926031013117;184487565;;;;08/05/2031 00:00:00;1;14032812;18/09/2026 12:10:13;Mirko;Hernandez;24776465;18/09/2026 09:01:19;7827;Javier;Machado;Mirko Hernandez;Javier Machado
14358951;18/09/2026 12:10:13;3;2;0001  215647-1;05;CAMIONETA LUN 4;2091721;"CJ32    ";"CONLON JUAN I. -POMPEI SANITARIOS                 ";AV. CABILDO 1308;957937;"RA967          ";RA967 - CAMPANA VALENCIA - MALLORCA;3;3;3;23502861;180926031013117;184488341;;;;11/30/2031 00:00:00;3;14032812;18/09/2026 12:10:13;Mirko;Hernandez;24776465;18/09/2026 09:01:19;7827;Javier;Machado;Mirko Hernandez;Javier Machado
14358952;18/09/2026 12:07:44;3;2;0001  215642-1;05;CAMIONETA LUN 4;2094664;"SS43    ";"SANITARIOS SIONE S.R.L.                           ";VIDAL 1783;952636;"60-163         ";60-163 - LAVATORIO CR C.CERAM SENA;1;1;1;23504921;180926030741770;184497186;;;;07/29/2031 00:00:00;1;14032776;18/09/2026 12:07:41;Mirko;Hernandez;24778327;18/09/2026 08:47:09;7152;Mirko;Hernandez;Mirko Hernandez;Mirko Hernandez
14358953;18/09/2026 10:20:08;3;2;0001  215640-1;05;CAMIONETA LUN 4;2091541;"CC37    ";"COSTA CALCAGNO SRL                                ";AV. MOSCONI 2470;957566;"RA1203N        ";RA1203N - VOLANTE FABRIC BLACK;2;2;2;23502862;180926102006991;184499699;;;;08/02/2031 00:00:00;2;14029021;18/09/2026 10:20:06;Gustavo;Soderquvist;24776465;18/09/2026 09:01:19;7827;Javier;Machado;Gustavo Soderquvist;Javier Machado
14358953;18/09/2026 10:20:08;3;2;0001  215640-1;05;CAMIONETA LUN 4;2091541;"CC37    ";"COSTA CALCAGNO SRL                                ";AV. MOSCONI 2470;957570;"RA1204N        ";RA1204N - PICO DUCHA FABRIC BLACK;1;1;1;23502862;180926102006991;184498534;;;;07/31/2031 00:00:00;1;14029021;18/09/2026 10:20:06;Gustavo;Soderquvist;24776465;18/09/2026 09:01:19;7827;Javier;Machado;Gustavo Soderquvist;Javier Machado
14358953;18/09/2026 10:20:08;3;2;0001  215640-1;05;CAMIONETA LUN 4;2091541;"CC37    ";"COSTA CALCAGNO SRL                                ";AV. MOSCONI 2470;957624;"RA1268N        ";RA1268N - CAMPANA LAVATORIO / DUCHA FABRIC BLACK;2;2;2;23502862;180926102006991;184498975;;;;07/31/2031 00:00:00;2;14029021;18/09/2026 10:20:06;Gustavo;Soderquvist;24776465;18/09/2026 09:01:19;7827;Javier;Machado;Gustavo Soderquvist;Javier Machado
14358953;18/09/2026 10:20:08;3;2;0001  215640-1;05;CAMIONETA LUN 4;2091541;"CC37    ";"COSTA CALCAGNO SRL                                ";AV. MOSCONI 2470;957627;"RA1269N        ";RA1269N - BRAZO Y FLOR DE DUCHA FABRIC BLACK;1;1;1;23504922;180926101804360;184496754;;;;07/31/2031 00:00:00;1;14029001;18/09/2026 10:18:04;Gustavo;Soderquvist;24778327;18/09/2026 08:47:09;7152;Mirko;Hernandez;Gustavo Soderquvist;Mirko Hernandez
14358954;18/09/2026 11:09:30;3;2;0001  215734-1;05;CAMIONETA LUN 4;2440672;"GO08    ";"GOMEZ-OLIVO SRL - HG SANITARIOS                   ";ESTADO DE ISRAEL 4805;953312;"83-133         ";83-133 - DUCHA EXT. C/TRANSF. MONOCOMANDO LUGO;5;5;5;23502628;180926110929758;184482951;;;;09/03/2031 00:00:00;5;14030625;18/09/2026 11:09:29;Gustavo;Soderquvist;24776152;18/09/2026 08:11:22;6867;Javier;Lescano;Gustavo Soderquvist;Javier Lescano
14358954;18/09/2026 11:09:30;3;2;0001  215734-1;05;CAMIONETA LUN 4;2440672;"GO08    ";"GOMEZ-OLIVO SRL - HG SANITARIOS                   ";ESTADO DE ISRAEL 4805;955159;"D439           ";D439 - KIT DE DUCHA MANUAL;2;2;2;23504923;180926110644034;184497098;;;;12/16/2031 00:00:00;2;14030542;18/09/2026 11:06:44;Gustavo;Soderquvist;24778327;18/09/2026 08:47:09;7152;Mirko;Hernandez;Gustavo Soderquvist;Mirko Hernandez
14358954;18/09/2026 11:09:30;3;2;0001  215734-1;05;CAMIONETA LUN 4;2440672;"GO08    ";"GOMEZ-OLIVO SRL - HG SANITARIOS                   ";ESTADO DE ISRAEL 4805;958169;"RS002          ";RS002 - AIREADOR PLASTICO REPUESTO;1;1;1;23512735;180926110747873;184486197;;;;01/28/2032 00:00:00;1;14030657;18/09/2026 11:07:47;Gustavo;Soderquvist;;;;;;Gustavo Soderquvist;
14358954;18/09/2026 11:09:30;3;2;0001  215734-1;05;CAMIONETA LUN 4;2440672;"GO08    ";"GOMEZ-OLIVO SRL - HG SANITARIOS                   ";ESTADO DE ISRAEL 4805;952618;"60-133         ";60-133 - LAVATORIO MONOCOMANDO LUGO;5;5;5;23512735;180926110747873;184483074;;;;07/29/2031 00:00:00;5;14030657;18/09/2026 11:07:47;Gustavo;Soderquvist;;;;;;Gustavo Soderquvist;
14358954;18/09/2026 11:09:30;3;2;0001  215734-1;05;CAMIONETA LUN 4;2440672;"GO08    ";"GOMEZ-OLIVO SRL - HG SANITARIOS                   ";ESTADO DE ISRAEL 4805;951614;"21200          ";21200 - ESQUINERO ORGANIZADOR 19x19x7;2;2;2;23512781;180926110827715;184484690;;;;07/27/2031 00:00:00;2;14030678;18/09/2026 11:08:27;Gustavo;Soderquvist;;;;;;Gustavo Soderquvist;
14358954;18/09/2026 11:09:30;3;2;0001  215734-1;05;CAMIONETA LUN 4;2440672;"GO08    ";"GOMEZ-OLIVO SRL - HG SANITARIOS                   ";ESTADO DE ISRAEL 4805;951512;"20-122         ";"MONOCOMANDO COCINA CR C/PICO EXTRAIBLE VALENCIA                       ";2;2;2;23512781;180926110827715;184483218;;;;08/06/2031 00:00:00;2;14030678;18/09/2026 11:08:27;Gustavo;Soderquvist;;;;;;Gustavo Soderquvist;
14358954;18/09/2026 11:09:30;3;2;0001  215734-1;05;CAMIONETA LUN 4;2440672;"GO08    ";"GOMEZ-OLIVO SRL - HG SANITARIOS                   ";ESTADO DE ISRAEL 4805;952499;"54-203         ";"COCINA PARED EXT C.CERAM ADRA MONOCOMANDO                             ";5;5;5;23512848;180926110917795;184482139;;;;02/18/2032 00:00:00;5;14030702;18/09/2026 11:09:17;Gustavo;Soderquvist;;;;;;Gustavo Soderquvist;
14358955;18/09/2026 13:29:53;3;2;0001  215733-1;05;CAMIONETA LUN 4;2094664;"SS43    ";"SANITARIOS SIONE S.R.L.                           ";VIDAL 1783;954912;"BCH11BM        ";BCH11BM - BACHA DE APOYAR REDONDA BLANCO MATE 400x400x125;1;1;1;23503791;180926132953450;184497212;;;;08/17/2031 00:00:00;1;14034708;18/09/2026 13:29:53;Gustavo;Soderquvist;24777306;18/09/2026 08:50:11;6922;Franco;Potenza;Gustavo Soderquvist;Franco Potenza
14358956;18/09/2026 10:17:08;3;2;0001  215838-1;05;CAMIONETA LUN 4;2091298;"BG15    ";"BULFON GUILLERMO JESUS - SANIT. MATISA -          ";LUIS MARIA CAMPOS 515;953109;"80-166         ";"DUCHA EMB. C/TRANSF. CR C.CERAM ADRA PLUS                             ";3;3;3;23502641;180926101504843;184488319;;;;01/19/2032 00:00:00;3;14028844;18/09/2026 10:15:04;Gustavo;Soderquvist;24776166;18/09/2026 08:42:23;7636;Kevin;Arce;Gustavo Soderquvist;Kevin Arce
14358956;18/09/2026 10:17:08;3;2;0001  215838-1;05;CAMIONETA LUN 4;2091298;"BG15    ";"BULFON GUILLERMO JESUS - SANIT. MATISA -          ";LUIS MARIA CAMPOS 515;951606;"21100          ";21100 - ESTANTE ORGANIZADOR RECTANGULAR 25x12x7;2;2;2;23504899;180926101707891;184497314;;;;07/29/2031 00:00:00;2;14028926;18/09/2026 10:17:07;Gustavo;Soderquvist;24778324;18/09/2026 08:55:01;6414;Agustin;Scirica;Gustavo Soderquvist;Agustin Scirica
14358956;18/09/2026 10:17:08;3;2;0001  215838-1;05;CAMIONETA LUN 4;2091298;"BG15    ";"BULFON GUILLERMO JESUS - SANIT. MATISA -          ";LUIS MARIA CAMPOS 515;951993;"3070           ";3070 - JABONERA PARA BAÑERA LINEA 3000;6;6;6;23504899;180926101707891;184497941;;;;07/31/2031 00:00:00;6;14028926;18/09/2026 10:17:07;Gustavo;Soderquvist;24778324;18/09/2026 08:55:01;6414;Agustin;Scirica;Gustavo Soderquvist;Agustin Scirica
14358956;18/09/2026 10:17:08;3;2;0001  215838-1;05;CAMIONETA LUN 4;2091298;"BG15    ";"BULFON GUILLERMO JESUS - SANIT. MATISA -          ";LUIS MARIA CAMPOS 515;951961;"3030           ";3030 - PERCHA LINEA 3000;6;6;6;23504899;180926101707891;184497493;;;;08/27/2031 00:00:00;6;14028926;18/09/2026 10:17:07;Gustavo;Soderquvist;24778324;18/09/2026 08:55:01;6414;Agustin;Scirica;Gustavo Soderquvist;Agustin Scirica
14358956;18/09/2026 10:17:08;3;2;0001  215838-1;05;CAMIONETA LUN 4;2091298;"BG15    ";"BULFON GUILLERMO JESUS - SANIT. MATISA -          ";LUIS MARIA CAMPOS 515;957476;"RA1085         ";RA1085 - CARTUCHO MONOC LAVATORIO ALTO SORIA;1;1;1;23504899;180926101707891;184496355;;;;08/02/2031 00:00:00;1;14028926;18/09/2026 10:17:07;Gustavo;Soderquvist;24778324;18/09/2026 08:55:01;6414;Agustin;Scirica;Gustavo Soderquvist;Agustin Scirica
14358956;18/09/2026 10:17:08;3;2;0001  215838-1;05;CAMIONETA LUN 4;2091298;"BG15    ";"BULFON GUILLERMO JESUS - SANIT. MATISA -          ";LUIS MARIA CAMPOS 515;952618;"60-133         ";60-133 - LAVATORIO MONOCOMANDO LUGO;6;6;6;23509586;180926101608189;184497189;;;;07/29/2031 00:00:00;6;14028961;18/09/2026 10:16:08;Gustavo;Soderquvist;;;;;;Gustavo Soderquvist;
14358957;18/09/2026 10:58:44;3;2;0001  215841-1;05;CAMIONETA LUN 4;2094664;"SS43    ";"SANITARIOS SIONE S.R.L.                           ";TEODORO GARCIA 1763;952634;"60-162         ";60-162 - LAVATORIO CR C.CERAM LINEA ADRA;2;2;2;23502642;180926105657664;184487654;;;;07/29/2031 00:00:00;2;14030113;18/09/2026 10:56:57;Gustavo;Soderquvist;24776166;18/09/2026 08:42:23;7636;Kevin;Arce;Gustavo Soderquvist;Kevin Arce
14358957;18/09/2026 10:58:44;3;2;0001  215841-1;05;CAMIONETA LUN 4;2094664;"SS43    ";"SANITARIOS SIONE S.R.L.                           ";TEODORO GARCIA 1763;952677;"60-203         ";60-203 - LAVATORIO MONOCOMANDO BAJO ADRA;1;1;1;23502642;180926105657664;184491064;;;;03/02/2032 00:00:00;1;14030113;18/09/2026 10:56:57;Gustavo;Soderquvist;24776166;18/09/2026 08:42:23;7636;Kevin;Arce;Gustavo Soderquvist;Kevin Arce
14358957;18/09/2026 10:58:44;3;2;0001  215841-1;05;CAMIONETA LUN 4;2094664;"SS43    ";"SANITARIOS SIONE S.R.L.                           ";TEODORO GARCIA 1763;952912;"70-162         ";70-162 - BIDE CR C.CERAM LINEA ADRA;1;1;1;23502642;180926105657664;184487990;;;;07/29/2031 00:00:00;1;14030113;18/09/2026 10:56:57;Gustavo;Soderquvist;24776166;18/09/2026 08:42:23;7636;Kevin;Arce;Gustavo Soderquvist;Kevin Arce
14358957;18/09/2026 10:58:44;3;2;0001  215841-1;05;CAMIONETA LUN 4;2094664;"SS43    ";"SANITARIOS SIONE S.R.L.                           ";TEODORO GARCIA 1763;953107;"80-162         ";80-162 - DUCHA EMB. C/TRANSF. CR C.CERAM ADRA;2;2;2;23502642;180926105657664;184488599;;;;07/29/2031 00:00:00;2;14030113;18/09/2026 10:56:57;Gustavo;Soderquvist;24776166;18/09/2026 08:42:23;7636;Kevin;Arce;Gustavo Soderquvist;Kevin Arce
14358957;18/09/2026 10:58:44;3;2;0001  215841-1;05;CAMIONETA LUN 4;2094664;"SS43    ";"SANITARIOS SIONE S.R.L.                           ";TEODORO GARCIA 1763;952954;"70-203         ";70-203 - BIDE MONOCOMANDO ADRA;2;2;2;23502863;180926105842075;184486252;;;;07/30/2031 00:00:00;2;14030267;18/09/2026 10:58:42;Gustavo;Soderquvist;24776465;18/09/2026 09:01:19;7827;Javier;Machado;Gustavo Soderquvist;Javier Machado
14358957;18/09/2026 10:58:44;3;2;0001  215841-1;05;CAMIONETA LUN 4;2094664;"SS43    ";"SANITARIOS SIONE S.R.L.                           ";TEODORO GARCIA 1763;951611;"21-160         ";"MONOCOMANDO DUO COCINA CROMO DIQUE                                    ";5;5;5;23502863;180926105842075;184485643;;;;12/14/2031 00:00:00;5;14030267;18/09/2026 10:58:42;Gustavo;Soderquvist;24776465;18/09/2026 09:01:19;7827;Javier;Machado;Gustavo Soderquvist;Javier Machado
14358957;18/09/2026 10:58:44;3;2;0001  215841-1;05;CAMIONETA LUN 4;2094664;"SS43    ";"SANITARIOS SIONE S.R.L.                           ";TEODORO GARCIA 1763;952726;"61-203         ";61-203 - LAVATORIO MONOCOMANDO ALTO ADRA;2;2;2;23512007;180926105645241;184491284;;;;02/22/2032 00:00:00;2;14030231;18/09/2026 10:56:45;Gustavo;Soderquvist;;;;;;Gustavo Soderquvist;
14358958;18/09/2026 10:24:02;3;2;0001  215884-1;05;CAMIONETA LUN 4;2091541;"CC37    ";"COSTA CALCAGNO SRL                                ";AV. MOSCONI 2470;951258;"16006          ";16006 - SET 6 PIEZAS ACCESORIOS LINEA 16000;1;1;1;23504946;180926102348113;184501313;;;;07/29/2031 00:00:00;1;14029082;18/09/2026 10:23:48;Gustavo;Soderquvist;24778343;18/09/2026 09:02:01;7636;Kevin;Arce;Gustavo Soderquvist;Kevin Arce
14358958;18/09/2026 10:24:02;3;2;0001  215884-1;05;CAMIONETA LUN 4;2091541;"CC37    ";"COSTA CALCAGNO SRL                                ";AV. MOSCONI 2470;951260;"16010          ";16010 - TOALLERO BARRAL LINEA 16000;1;1;1;23504946;180926102348113;184497643;;;;07/31/2031 00:00:00;1;14029082;18/09/2026 10:23:48;Gustavo;Soderquvist;24778343;18/09/2026 09:02:01;7636;Kevin;Arce;Gustavo Soderquvist;Kevin Arce
14358958;18/09/2026 10:24:02;3;2;0001  215884-1;05;CAMIONETA LUN 4;2091541;"CC37    ";"COSTA CALCAGNO SRL                                ";AV. MOSCONI 2470;951262;"16030          ";16030 - PERCHA LINEA 16000;2;2;2;23504946;180926102348113;184498447;;;;12/28/2031 00:00:00;2;14029082;18/09/2026 10:23:48;Gustavo;Soderquvist;24778343;18/09/2026 09:02:01;7636;Kevin;Arce;Gustavo Soderquvist;Kevin Arce
14358958;18/09/2026 10:24:02;3;2;0001  215884-1;05;CAMIONETA LUN 4;2091541;"CC37    ";"COSTA CALCAGNO SRL                                ";AV. MOSCONI 2470;951264;"16040          ";16040 - PORTA ROLLO ACCESORIOS LINEA 16000;2;2;2;23504946;180926102348113;184498824;;;;07/27/2031 00:00:00;2;14029082;18/09/2026 10:23:48;Gustavo;Soderquvist;24778343;18/09/2026 09:02:01;7636;Kevin;Arce;Gustavo Soderquvist;Kevin Arce
14358958;18/09/2026 10:24:02;3;2;0001  215884-1;05;CAMIONETA LUN 4;2091541;"CC37    ";"COSTA CALCAGNO SRL                                ";AV. MOSCONI 2470;952630;"60-152         ";60-152 - LAVATORIO CR MONOCOMANDO BAJO SORIA;3;3;3;23509880;180926102103691;184499818;;;;07/27/2031 00:00:00;3;14029103;18/09/2026 10:21:03;Gustavo;Soderquvist;;;;;;Gustavo Soderquvist;
14358958;18/09/2026 10:24:02;3;2;0001  215884-1;05;CAMIONETA LUN 4;2091541;"CC37    ";"COSTA CALCAGNO SRL                                ";AV. MOSCONI 2470;951524;"20-135         ";20-135 - MONOCOMANDO COCINA SANTANDER;1;1;1;23509880;180926102103691;184500291;;;;07/28/2031 00:00:00;1;14029103;18/09/2026 10:21:03;Gustavo;Soderquvist;;;;;;Gustavo Soderquvist;
14358958;18/09/2026 10:24:02;3;2;0001  215884-1;05;CAMIONETA LUN 4;2091541;"CC37    ";"COSTA CALCAGNO SRL                                ";AV. MOSCONI 2470;952908;"70-152         ";70-152 - BIDE MONOCOMANDO CR C/TRANSFERENCIA SORIA;2;2;2;23509880;180926102103691;184500025;;;;07/28/2031 00:00:00;2;14029103;18/09/2026 10:21:03;Gustavo;Soderquvist;;;;;;Gustavo Soderquvist;
14358959;18/09/2026 11:43:19;3;2;0001  215478-1;05;CAMIONETA LUN 4;2094664;"SS43    ";"SANITARIOS SIONE S.R.L.                           ";VIDAL 1783;951327;"19030          ";19030 - PERCHA LINEA 19000;2;2;2;23502629;180926112550626;184485742;;;;07/29/2031 00:00:00;2;14031095;18/09/2026 11:25:50;Gustavo;Soderquvist;24776152;18/09/2026 08:11:22;6867;Javier;Lescano;Gustavo Soderquvist;Javier Lescano
14358959;18/09/2026 11:43:19;3;2;0001  215478-1;05;CAMIONETA LUN 4;2094664;"SS43    ";"SANITARIOS SIONE S.R.L.                           ";VIDAL 1783;954228;"A1450C         ";A1450C - DUCHADOR CILINDRICO MINIMALISTA ABS CROMO C/BLISTER;2;2;2;23502629;180926112550626;184485434;;;;07/31/2031 00:00:00;2;14031095;18/09/2026 11:25:50;Gustavo;Soderquvist;24776152;18/09/2026 08:11:22;6867;Javier;Lescano;Gustavo Soderquvist;Javier Lescano
14358959;18/09/2026 11:43:19;3;2;0001  215478-1;05;CAMIONETA LUN 4;2094664;"SS43    ";"SANITARIOS SIONE S.R.L.                           ";VIDAL 1783;954232;"A1452G         ";A1452G - CAÑO DE DUCHA RECTO 150 MM GOLD C/BLISTER;2;2;2;23502629;180926112550626;184485798;;;;01/27/2032 00:00:00;2;14031095;18/09/2026 11:25:50;Gustavo;Soderquvist;24776152;18/09/2026 08:11:22;6867;Javier;Lescano;Gustavo Soderquvist;Javier Lescano
14358959;18/09/2026 11:43:19;3;2;0001  215478-1;05;CAMIONETA LUN 4;2094664;"SS43    ";"SANITARIOS SIONE S.R.L.                           ";VIDAL 1783;954235;"A1452NI        ";A1452NI - CAÑO DE DUCHA RECTO 150 MM NICKEL C/BLISTER;1;1;1;23502629;180926112550626;184485194;;;;02/02/2032 00:00:00;1;14031095;18/09/2026 11:25:50;Gustavo;Soderquvist;24776152;18/09/2026 08:11:22;6867;Javier;Lescano;Gustavo Soderquvist;Javier Lescano
14358959;18/09/2026 11:43:19;3;2;0001  215478-1;05;CAMIONETA LUN 4;2094664;"SS43    ";"SANITARIOS SIONE S.R.L.                           ";VIDAL 1783;957920;"RA920          ";RA920 - VOLANTE VALENCIA;6;6;6;23502629;180926112550626;184486545;;;;01/05/2032 00:00:00;6;14031095;18/09/2026 11:25:50;Gustavo;Soderquvist;24776152;18/09/2026 08:11:22;6867;Javier;Lescano;Gustavo Soderquvist;Javier Lescano
14358959;18/09/2026 11:43:19;3;2;0001  215478-1;05;CAMIONETA LUN 4;2094664;"SS43    ";"SANITARIOS SIONE S.R.L.                           ";VIDAL 1783;957921;"RA920N         ";RA920N - VOLANTE BLACK VELVET;4;4;4;23502629;180926112550626;184486368;;;;01/05/2032 00:00:00;4;14031095;18/09/2026 11:25:50;Gustavo;Soderquvist;24776152;18/09/2026 08:11:22;6867;Javier;Lescano;Gustavo Soderquvist;Javier Lescano
14358959;18/09/2026 11:43:19;3;2;0001  215478-1;05;CAMIONETA LUN 4;2094664;"SS43    ";"SANITARIOS SIONE S.R.L.                           ";VIDAL 1783;953107;"80-162         ";80-162 - DUCHA EMB. C/TRANSF. CR C.CERAM ADRA;2;2;2;23502643;180926114316050;184488707;;;;07/29/2031 00:00:00;2;14031957;18/09/2026 11:43:16;Gustavo;Soderquvist;24776166;18/09/2026 08:42:23;7636;Kevin;Arce;Gustavo Soderquvist;Kevin Arce
14358959;18/09/2026 11:43:19;3;2;0001  215478-1;05;CAMIONETA LUN 4;2094664;"SS43    ";"SANITARIOS SIONE S.R.L.                           ";VIDAL 1783;952912;"70-162         ";70-162 - BIDE CR C.CERAM LINEA ADRA;1;1;1;23502643;180926114316050;184488034;;;;07/29/2031 00:00:00;1;14031957;18/09/2026 11:43:16;Gustavo;Soderquvist;24776166;18/09/2026 08:42:23;7636;Kevin;Arce;Gustavo Soderquvist;Kevin Arce
14358959;18/09/2026 11:43:19;3;2;0001  215478-1;05;CAMIONETA LUN 4;2094664;"SS43    ";"SANITARIOS SIONE S.R.L.                           ";VIDAL 1783;952876;"70-100NI       ";70-100NI - BIDE NICKEL C.CERAM FABRIC;1;1;1;23502643;180926114316050;184490605;;;;12/01/2031 00:00:00;1;14031957;18/09/2026 11:43:16;Gustavo;Soderquvist;24776166;18/09/2026 08:42:23;7636;Kevin;Arce;Gustavo Soderquvist;Kevin Arce
14358959;18/09/2026 11:43:19;3;2;0001  215478-1;05;CAMIONETA LUN 4;2094664;"SS43    ";"SANITARIOS SIONE S.R.L.                           ";VIDAL 1783;952634;"60-162         ";60-162 - LAVATORIO CR C.CERAM LINEA ADRA;2;2;2;23502643;180926114316050;184487732;;;;07/29/2031 00:00:00;2;14031957;18/09/2026 11:43:16;Gustavo;Soderquvist;24776166;18/09/2026 08:42:23;7636;Kevin;Arce;Gustavo Soderquvist;Kevin Arce
14358959;18/09/2026 11:43:19;3;2;0001  215478-1;05;CAMIONETA LUN 4;2094664;"SS43    ";"SANITARIOS SIONE S.R.L.                           ";VIDAL 1783;1141161;"BCH23          ";"BACHA DE APOYAR CIRCULAR BLANCA 310x110                               ";2;2;2;23503792;180926113312327;184497682;;;;02/11/2032 00:00:00;2;14031625;18/09/2026 11:33:12;Gustavo;Soderquvist;24777306;18/09/2026 08:50:11;6922;Franco;Potenza;Gustavo Soderquvist;Franco Potenza
14358959;18/09/2026 11:43:19;3;2;0001  215478-1;05;CAMIONETA LUN 4;2094664;"SS43    ";"SANITARIOS SIONE S.R.L.                           ";VIDAL 1783;1141160;"BCH22          ";"BACHA DE APOYAR BLANCA 450x290x110                                    ";2;2;2;23503792;180926113312327;184497516;;;;02/11/2032 00:00:00;2;14031625;18/09/2026 11:33:12;Gustavo;Soderquvist;24777306;18/09/2026 08:50:11;6922;Franco;Potenza;Gustavo Soderquvist;Franco Potenza
14358959;18/09/2026 11:43:19;3;2;0001  215478-1;05;CAMIONETA LUN 4;2094664;"SS43    ";"SANITARIOS SIONE S.R.L.                           ";VIDAL 1783;951611;"21-160         ";"MONOCOMANDO DUO COCINA CROMO DIQUE                                    ";2;2;2;23513474;180926111934512;184485030;;;;12/14/2031 00:00:00;2;14031132;18/09/2026 11:19:34;Gustavo;Soderquvist;;;;;;Gustavo Soderquvist;
14358959;18/09/2026 11:43:19;3;2;0001  215478-1;05;CAMIONETA LUN 4;2094664;"SS43    ";"SANITARIOS SIONE S.R.L.                           ";VIDAL 1783;952709;"61-168N        ";61-168N - LAVATORIO MONOC ALTO BLACK WAVE;1;1;1;23513474;180926111934512;184484423;;;;07/28/2031 00:00:00;1;14031132;18/09/2026 11:19:34;Gustavo;Soderquvist;;;;;;Gustavo Soderquvist;
14358959;18/09/2026 11:43:19;3;2;0001  215478-1;05;CAMIONETA LUN 4;2094664;"SS43    ";"SANITARIOS SIONE S.R.L.                           ";VIDAL 1783;952672;"60-200C        ";60-200C - LAVATORIO MONOC BAJO CR FABRIC;1;1;1;23513474;180926111934512;184484824;;;;07/28/2031 00:00:00;1;14031132;18/09/2026 11:19:34;Gustavo;Soderquvist;;;;;;Gustavo Soderquvist;
14358959;18/09/2026 11:43:19;3;2;0001  215478-1;05;CAMIONETA LUN 4;2094664;"SS43    ";"SANITARIOS SIONE S.R.L.                           ";VIDAL 1783;952637;"60-168         ";60-168 - LAVATORIO MONOC BAJO CR WAVE;1;1;1;23513474;180926111934512;184484526;;;;07/27/2031 00:00:00;1;14031132;18/09/2026 11:19:34;Gustavo;Soderquvist;;;;;;Gustavo Soderquvist;
14358959;18/09/2026 11:43:19;3;2;0001  215478-1;05;CAMIONETA LUN 4;2094664;"SS43    ";"SANITARIOS SIONE S.R.L.                           ";VIDAL 1783;951314;"18020          ";18020 - TOALLERO DE ARO NIQUEL LINEA BEAT;1;1;1;23513593;180926112138886;184483891;;;;07/29/2031 00:00:00;1;14031228;18/09/2026 11:21:38;Gustavo;Soderquvist;;;;;;Gustavo Soderquvist;
14358959;18/09/2026 11:43:19;3;2;0001  215478-1;05;CAMIONETA LUN 4;2094664;"SS43    ";"SANITARIOS SIONE S.R.L.                           ";VIDAL 1783;952499;"54-203         ";"COCINA PARED EXT C.CERAM ADRA MONOCOMANDO                             ";4;4;4;23513593;180926112138886;184482533;;;;02/18/2032 00:00:00;4;14031228;18/09/2026 11:21:38;Gustavo;Soderquvist;;;;;;Gustavo Soderquvist;
14358959;18/09/2026 11:43:19;3;2;0001  215478-1;05;CAMIONETA LUN 4;2094664;"SS43    ";"SANITARIOS SIONE S.R.L.                           ";VIDAL 1783;952713;"61-176N        ";61-176N - LAVATORIO MONOC ALTO BLACK RIO;2;2;2;23513593;180926112138886;184484114;;;;07/29/2031 00:00:00;2;14031228;18/09/2026 11:21:38;Gustavo;Soderquvist;;;;;;Gustavo Soderquvist;
14358959;18/09/2026 11:43:19;3;2;0001  215478-1;05;CAMIONETA LUN 4;2094664;"SS43    ";"SANITARIOS SIONE S.R.L.                           ";VIDAL 1783;952648;"60-176N        ";"LAVATORIO MONOCOMANDO BAJO BLACK RIO                                  ";1;1;1;23513593;180926112138886;184484157;;;;07/29/2031 00:00:00;1;14031228;18/09/2026 11:21:38;Gustavo;Soderquvist;;;;;;Gustavo Soderquvist;
14358959;18/09/2026 11:43:19;3;2;0001  215478-1;05;CAMIONETA LUN 4;2094664;"SS43    ";"SANITARIOS SIONE S.R.L.                           ";VIDAL 1783;953073;"80-100NI       ";80-100NI - DUCHA EMB. C/TRANSF. NICKEL C.CERAM FABRIC;1;1;1;23514731;180926114226111;184491577;;;;02/08/2032 00:00:00;1;14032006;18/09/2026 11:42:26;Gustavo;Soderquvist;;;;;;Gustavo Soderquvist;
14358959;18/09/2026 11:43:19;3;2;0001  215478-1;05;CAMIONETA LUN 4;2094664;"SS43    ";"SANITARIOS SIONE S.R.L.                           ";VIDAL 1783;953171;"80-353NI       ";80-353NI - DUCHA DE EMB 3 FUNCIONES BEAT NICKEL;1;1;1;23514731;180926114226111;184490854;;;;02/01/2032 00:00:00;1;14032006;18/09/2026 11:42:26;Gustavo;Soderquvist;;;;;;Gustavo Soderquvist;
14358959;18/09/2026 11:43:19;3;2;0001  215478-1;05;CAMIONETA LUN 4;2094664;"SS43    ";"SANITARIOS SIONE S.R.L.                           ";VIDAL 1783;953240;"81-201NI       ";81-201NI - DUCHA EMB S/TRANSF C.CERAM NICKEL BEAT;1;1;1;23514731;180926114226111;184494978;;;;07/29/2031 00:00:00;1;14032006;18/09/2026 11:42:26;Gustavo;Soderquvist;;;;;;Gustavo Soderquvist;
14358959;18/09/2026 11:43:19;3;2;0001  215478-1;05;CAMIONETA LUN 4;2094664;"SS43    ";"SANITARIOS SIONE S.R.L.                           ";VIDAL 1783;952596;"60-100G        ";60-100G - LAVATORIO GOLD C.CERAM FABRIC;1;1;1;23514752;180926114249996;184493667;;;;11/10/2031 00:00:00;1;14032024;18/09/2026 11:42:50;Gustavo;Soderquvist;;;;;;Gustavo Soderquvist;
14358959;18/09/2026 11:43:19;3;2;0001  215478-1;05;CAMIONETA LUN 4;2094664;"SS43    ";"SANITARIOS SIONE S.R.L.                           ";VIDAL 1783;952598;"60-100NI       ";60-100NI - LAVATORIO NICKEL C.CERAM FABRIC;1;1;1;23514752;180926114249996;184490434;;;;10/08/2031 00:00:00;1;14032024;18/09/2026 11:42:50;Gustavo;Soderquvist;;;;;;Gustavo Soderquvist;
14358959;18/09/2026 11:43:19;3;2;0001  215478-1;05;CAMIONETA LUN 4;2094664;"SS43    ";"SANITARIOS SIONE S.R.L.                           ";VIDAL 1783;953109;"80-166         ";"DUCHA EMB. C/TRANSF. CR C.CERAM ADRA PLUS                             ";2;2;2;23514752;180926114249996;184488503;;;;01/19/2032 00:00:00;2;14032024;18/09/2026 11:42:50;Gustavo;Soderquvist;;;;;;Gustavo Soderquvist;
14358960;18/09/2026 10:38:31;3;2;0001  215641-1;05;CAMIONETA LUN 4;2094664;"SS43    ";"SANITARIOS SIONE S.R.L.                           ";VIDAL 1783;957906;"RA869          ";RA869 - 10 GOMAS CONICA P/ RAMAL DE LAVATORIO Y BIDET;1;1;1;23502864;180926103831560;184499296;;;;08/02/2031 00:00:00;1;14029297;18/09/2026 10:38:31;Gustavo;Soderquvist;24776465;18/09/2026 09:01:19;7827;Javier;Machado;Gustavo Soderquvist;Javier Machado
14358960;18/09/2026 10:38:31;3;2;0001  215641-1;05;CAMIONETA LUN 4;2094664;"SS43    ";"SANITARIOS SIONE S.R.L.                           ";VIDAL 1783;957911;"RA874          ";RA874 - 10 BUJES SUJETA CAMPANA DE BAÑO NEGRO;2;2;2;23502864;180926103831560;184488609;;;;11/02/2031 00:00:00;2;14029297;18/09/2026 10:38:31;Gustavo;Soderquvist;24776465;18/09/2026 09:01:19;7827;Javier;Machado;Gustavo Soderquvist;Javier Machado
14358960;18/09/2026 10:38:31;3;2;0001  215641-1;05;CAMIONETA LUN 4;2094664;"SS43    ";"SANITARIOS SIONE S.R.L.                           ";VIDAL 1783;957938;"RA967N         ";"CAMPANA VALENCIA - MALLORCA BLACK                                     ";6;6;6;23502864;180926103831560;184487382;;;;11/19/2031 00:00:00;6;14029297;18/09/2026 10:38:31;Gustavo;Soderquvist;24776465;18/09/2026 09:01:19;7827;Javier;Machado;Gustavo Soderquvist;Javier Machado
14358960;18/09/2026 10:38:31;3;2;0001  215641-1;05;CAMIONETA LUN 4;2094664;"SS43    ";"SANITARIOS SIONE S.R.L.                           ";VIDAL 1783;957944;"RA980          ";RA980 - 10 CONJ. PROLONGADOR LARGO (TORNILLO+TUBO) VOLANTE;1;1;1;23502864;180926103831560;184488743;;;;10/09/2031 00:00:00;1;14029297;18/09/2026 10:38:31;Gustavo;Soderquvist;24776465;18/09/2026 09:01:19;7827;Javier;Machado;Gustavo Soderquvist;Javier Machado
14358960;18/09/2026 10:38:31;3;2;0001  215641-1;05;CAMIONETA LUN 4;2094664;"SS43    ";"SANITARIOS SIONE S.R.L.                           ";VIDAL 1783;958171;"RS094          ";RS094 - 30 GUSANILLO M4x0.7x4;1;1;1;23502864;180926103831560;184500147;;;;08/02/2031 00:00:00;1;14029297;18/09/2026 10:38:31;Gustavo;Soderquvist;24776465;18/09/2026 09:01:19;7827;Javier;Machado;Gustavo Soderquvist;Javier Machado
14358960;18/09/2026 10:38:31;3;2;0001  215641-1;05;CAMIONETA LUN 4;2094664;"SS43    ";"SANITARIOS SIONE S.R.L.                           ";VIDAL 1783;957532;"RA1167         ";"RA1167 - BUJE AIREADOR COMPLETO P/PICO CAÑO ""J"", ""U"" y ""S""";6;6;6;23502864;180926103831560;184499928;;;;11/16/2031 00:00:00;6;14029297;18/09/2026 10:38:31;Gustavo;Soderquvist;24776465;18/09/2026 09:01:19;7827;Javier;Machado;Gustavo Soderquvist;Javier Machado
14358960;18/09/2026 10:38:31;3;2;0001  215641-1;05;CAMIONETA LUN 4;2094664;"SS43    ";"SANITARIOS SIONE S.R.L.                           ";VIDAL 1783;957551;"RA1191         ";RA1191 - 10 CONJ. PROLONGADOR CORTO (TORNILLO+TUBO) VOLANTE;1;1;1;23502864;180926103831560;184500371;;;;08/02/2031 00:00:00;1;14029297;18/09/2026 10:38:31;Gustavo;Soderquvist;24776465;18/09/2026 09:01:19;7827;Javier;Machado;Gustavo Soderquvist;Javier Machado
14358960;18/09/2026 10:38:31;3;2;0001  215641-1;05;CAMIONETA LUN 4;2094664;"SS43    ";"SANITARIOS SIONE S.R.L.                           ";VIDAL 1783;957572;"RA1205         ";RA1205 - 10 BUJES INTERIOR NYLON;2;2;2;23502864;180926103831560;184489192;;;;10/11/2031 00:00:00;2;14029297;18/09/2026 10:38:31;Gustavo;Soderquvist;24776465;18/09/2026 09:01:19;7827;Javier;Machado;Gustavo Soderquvist;Javier Machado
14358960;18/09/2026 10:38:31;3;2;0001  215641-1;05;CAMIONETA LUN 4;2094664;"SS43    ";"SANITARIOS SIONE S.R.L.                           ";VIDAL 1783;957674;"RA1368         ";RA1368 - CABEZAL DUCHADOR CR MONOC COCINA VALENCIIA;2;2;2;23502864;180926103831560;184487942;;;;07/31/2031 00:00:00;2;14029297;18/09/2026 10:38:31;Gustavo;Soderquvist;24776465;18/09/2026 09:01:19;7827;Javier;Machado;Gustavo Soderquvist;Javier Machado
14358960;18/09/2026 10:38:31;3;2;0001  215641-1;05;CAMIONETA LUN 4;2094664;"SS43    ";"SANITARIOS SIONE S.R.L.                           ";VIDAL 1783;957675;"RA1368N        ";RA1368N - CABEZAL DUCHADOR MONOC COCINA VALENCIA BLACK;1;1;1;23502864;180926103831560;184487147;;;;08/02/2031 00:00:00;1;14029297;18/09/2026 10:38:31;Gustavo;Soderquvist;24776465;18/09/2026 09:01:19;7827;Javier;Machado;Gustavo Soderquvist;Javier Machado
14358960;18/09/2026 10:38:31;3;2;0001  215641-1;05;CAMIONETA LUN 4;2094664;"SS43    ";"SANITARIOS SIONE S.R.L.                           ";VIDAL 1783;957683;"RA1385N        ";RA1385N - FLEXIBLE EXTENSIBLE NEGRO MONOC COCINA VALENCIA;2;2;2;23502864;180926103831560;184499517;;;;07/31/2031 00:00:00;2;14029297;18/09/2026 10:38:31;Gustavo;Soderquvist;24776465;18/09/2026 09:01:19;7827;Javier;Machado;Gustavo Soderquvist;Javier Machado
14358960;18/09/2026 10:38:31;3;2;0001  215641-1;05;CAMIONETA LUN 4;2094664;"SS43    ";"SANITARIOS SIONE S.R.L.                           ";VIDAL 1783;957871;"RA764          ";RA764 - BOLSITA P/CONEXION BIDET LINEAS STD COMPLETO;4;4;4;23502864;180926103831560;184488501;;;;02/01/2032 00:00:00;4;14029297;18/09/2026 10:38:31;Gustavo;Soderquvist;24776465;18/09/2026 09:01:19;7827;Javier;Machado;Gustavo Soderquvist;Javier Machado
14358960;18/09/2026 10:38:31;3;2;0001  215641-1;05;CAMIONETA LUN 4;2094664;"SS43    ";"SANITARIOS SIONE S.R.L.                           ";VIDAL 1783;957885;"RA799          ";RA799 - BOLSITA CON 10 TUERCAS DE 1/2 EN POLIAMIDA P/MDA;1;1;1;23502864;180926103831560;184488060;;;;12/20/2031 00:00:00;1;14029297;18/09/2026 10:38:31;Gustavo;Soderquvist;24776465;18/09/2026 09:01:19;7827;Javier;Machado;Gustavo Soderquvist;Javier Machado
14358960;18/09/2026 10:38:31;3;2;0001  215641-1;05;CAMIONETA LUN 4;2094664;"SS43    ";"SANITARIOS SIONE S.R.L.                           ";VIDAL 1783;957886;"RA801          ";RA801 - BOLSITA CON 10 TUERCAS DE 1/2 EN BRONCE P/RAMAL;1;1;1;23502864;180926103831560;184499188;;;;07/31/2031 00:00:00;1;14029297;18/09/2026 10:38:31;Gustavo;Soderquvist;24776465;18/09/2026 09:01:19;7827;Javier;Machado;Gustavo Soderquvist;Javier Machado
14358960;18/09/2026 10:38:31;3;2;0001  215641-1;05;CAMIONETA LUN 4;2094664;"SS43    ";"SANITARIOS SIONE S.R.L.                           ";VIDAL 1783;957887;"RA803          ";RA803 - BOLSITA CON 10 TUERCAS DE 3/4 EN POLIAMIDA LAV/B;1;1;1;23502864;180926103831560;184500642;;;;08/02/2031 00:00:00;1;14029297;18/09/2026 10:38:31;Gustavo;Soderquvist;24776465;18/09/2026 09:01:19;7827;Javier;Machado;Gustavo Soderquvist;Javier Machado
14358960;18/09/2026 10:38:31;3;2;0001  215641-1;05;CAMIONETA LUN 4;2094664;"SS43    ";"SANITARIOS SIONE S.R.L.                           ";VIDAL 1783;957889;"RA809          ";RA809 - BOLSITA CON 10 TUERCAS DE 1/2 EN POLIAMIDA P/RAMAL;1;1;1;23502864;180926103831560;184500798;;;;08/02/2031 00:00:00;1;14029297;18/09/2026 10:38:31;Gustavo;Soderquvist;24776465;18/09/2026 09:01:19;7827;Javier;Machado;Gustavo Soderquvist;Javier Machado
14358961;18/09/2026 10:12:15;3;2;0001  215835-1;05;CAMIONETA LUN 4;2093804;"PA29    ";"PIRILLI ALEJANDRO ANTONIO - DIECI                 ";AV. FEDERICO LACROZE 1880;952610;"60-122         ";60-122 - LAVATORIO C.CERAM CR VALENCIA;1;1;1;23502644;180926100918013;184492036;;;;12/10/2031 00:00:00;1;14028712;18/09/2026 10:09:18;Gustavo;Soderquvist;24776166;18/09/2026 08:42:23;7636;Kevin;Arce;Gustavo Soderquvist;Kevin Arce
14358961;18/09/2026 10:12:15;3;2;0001  215835-1;05;CAMIONETA LUN 4;2093804;"PA29    ";"PIRILLI ALEJANDRO ANTONIO - DIECI                 ";AV. FEDERICO LACROZE 1880;952726;"61-203         ";61-203 - LAVATORIO MONOCOMANDO ALTO ADRA;1;1;1;23502644;180926100918013;184491370;;;;02/22/2032 00:00:00;1;14028712;18/09/2026 10:09:18;Gustavo;Soderquvist;24776166;18/09/2026 08:42:23;7636;Kevin;Arce;Gustavo Soderquvist;Kevin Arce
14358961;18/09/2026 10:12:15;3;2;0001  215835-1;05;CAMIONETA LUN 4;2093804;"PA29    ";"PIRILLI ALEJANDRO ANTONIO - DIECI                 ";AV. FEDERICO LACROZE 1880;953228;"81-138         ";81-138 - DUCHA EMB. S/TRANSF. C.CERAM VALENCIA PLUS;1;1;1;23502644;180926100918013;184491741;;;;07/31/2031 00:00:00;1;14028712;18/09/2026 10:09:18;Gustavo;Soderquvist;24776166;18/09/2026 08:42:23;7636;Kevin;Arce;Gustavo Soderquvist;Kevin Arce
14358961;18/09/2026 10:12:15;3;2;0001  215835-1;05;CAMIONETA LUN 4;2093804;"PA29    ";"PIRILLI ALEJANDRO ANTONIO - DIECI                 ";AV. FEDERICO LACROZE 1880;955159;"D439           ";D439 - KIT DE DUCHA MANUAL;2;2;2;23502644;180926100918013;184489193;;;;12/16/2031 00:00:00;2;14028712;18/09/2026 10:09:18;Gustavo;Soderquvist;24776166;18/09/2026 08:42:23;7636;Kevin;Arce;Gustavo Soderquvist;Kevin Arce
14358961;18/09/2026 10:12:15;3;2;0001  215835-1;05;CAMIONETA LUN 4;2093804;"PA29    ";"PIRILLI ALEJANDRO ANTONIO - DIECI                 ";AV. FEDERICO LACROZE 1880;954227;"A1449C         ";A1449C - DUCHADOR MULTIFUNCION CROMO C/BLISTER;3;3;3;23502865;180926101213237;184484426;;;;07/27/2031 00:00:00;3;14028779;18/09/2026 10:12:13;Gustavo;Soderquvist;24776465;18/09/2026 09:01:19;7827;Javier;Machado;Gustavo Soderquvist;Javier Machado
14358961;18/09/2026 10:12:15;3;2;0001  215835-1;05;CAMIONETA LUN 4;2093804;"PA29    ";"PIRILLI ALEJANDRO ANTONIO - DIECI                 ";AV. FEDERICO LACROZE 1880;954226;"A1448C         ";"A1448C - CAÑO CURVO METALICO C/FLOR DE DUCHA 4"" ABS CR C/BLISTER";2;2;2;23502865;180926101213237;184484933;;;;08/13/2031 00:00:00;2;14028779;18/09/2026 10:12:13;Gustavo;Soderquvist;24776465;18/09/2026 09:01:19;7827;Javier;Machado;Gustavo Soderquvist;Javier Machado
14358961;18/09/2026 10:12:15;3;2;0001  215835-1;05;CAMIONETA LUN 4;2093804;"PA29    ";"PIRILLI ALEJANDRO ANTONIO - DIECI                 ";AV. FEDERICO LACROZE 1880;958233;"RU879          ";RU879 - VASO ESMERILADO REDONDO REPUESTO;8;8;8;23502865;180926101213237;184489021;;;;09/01/2031 00:00:00;8;14028779;18/09/2026 10:12:13;Gustavo;Soderquvist;24776465;18/09/2026 09:01:19;7827;Javier;Machado;Gustavo Soderquvist;Javier Machado
14358963;18/09/2026 11:16:45;3;2;0001  215842-1;05;CAMIONETA LUN 4;2094664;"SS43    ";"SANITARIOS SIONE S.R.L.                           ";VIDAL 1783;952610;"60-122         ";60-122 - LAVATORIO C.CERAM CR VALENCIA;2;2;2;23502645;180926111246467;184492247;;;;12/10/2031 00:00:00;2;14030785;18/09/2026 11:12:46;Gustavo;Soderquvist;24776166;18/09/2026 08:42:23;7636;Kevin;Arce;Gustavo Soderquvist;Kevin Arce
14358963;18/09/2026 11:16:45;3;2;0001  215842-1;05;CAMIONETA LUN 4;2094664;"SS43    ";"SANITARIOS SIONE S.R.L.                           ";VIDAL 1783;952634;"60-162         ";60-162 - LAVATORIO CR C.CERAM LINEA ADRA;3;3;3;23502645;180926111246467;184487883;;;;07/29/2031 00:00:00;3;14030785;18/09/2026 11:12:46;Gustavo;Soderquvist;24776166;18/09/2026 08:42:23;7636;Kevin;Arce;Gustavo Soderquvist;Kevin Arce
14358963;18/09/2026 11:16:45;3;2;0001  215842-1;05;CAMIONETA LUN 4;2094664;"SS43    ";"SANITARIOS SIONE S.R.L.                           ";VIDAL 1783;952912;"70-162         ";70-162 - BIDE CR C.CERAM LINEA ADRA;3;3;3;23502645;180926111246467;184488148;;;;07/29/2031 00:00:00;3;14030785;18/09/2026 11:12:46;Gustavo;Soderquvist;24776166;18/09/2026 08:42:23;7636;Kevin;Arce;Gustavo Soderquvist;Kevin Arce
14358963;18/09/2026 11:16:45;3;2;0001  215842-1;05;CAMIONETA LUN 4;2094664;"SS43    ";"SANITARIOS SIONE S.R.L.                           ";VIDAL 1783;952913;"70-162N        ";70-162N - BIDE BLACK C.CERAM LINEA ADRA;2;2;2;23502645;180926111246467;184492644;;;;02/16/2032 00:00:00;1;14030785;18/09/2026 11:12:46;Gustavo;Soderquvist;24776166;18/09/2026 08:42:23;7636;Kevin;Arce;Gustavo Soderquvist;Kevin Arce
14358963;18/09/2026 11:16:45;3;2;0001  215842-1;05;CAMIONETA LUN 4;2094664;"SS43    ";"SANITARIOS SIONE S.R.L.                           ";VIDAL 1783;952914;"70-163         ";70-163 - BIDE CR C.CERAM SENA;1;1;1;23502645;180926111246467;184489751;;;;07/27/2031 00:00:00;1;14030785;18/09/2026 11:12:46;Gustavo;Soderquvist;24776166;18/09/2026 08:42:23;7636;Kevin;Arce;Gustavo Soderquvist;Kevin Arce
14358963;18/09/2026 11:16:45;3;2;0001  215842-1;05;CAMIONETA LUN 4;2094664;"SS43    ";"SANITARIOS SIONE S.R.L.                           ";VIDAL 1783;1007844;"20-122S        ";"MONOCOMANDO COCINA INOX C/PICO EXTRAIBLE VALENCIA                     ";6;6;6;23503091;180926111644563;184488189;;;;01/06/2032 00:00:00;6;14030856;18/09/2026 11:16:44;Gustavo;Soderquvist;24776658;18/09/2026 08:17:46;6922;Franco;Potenza;Gustavo Soderquvist;Franco Potenza
14358963;18/09/2026 11:16:45;3;2;0001  215842-1;05;CAMIONETA LUN 4;2094664;"SS43    ";"SANITARIOS SIONE S.R.L.                           ";VIDAL 1783;954884;"BAI01N         ";BAI01N - BACHA EMB COCINA C/ACCESORIOS 750x450x220 BLACK GUN BRUSHED;1;1;1;23504713;180926111035615;184495281;;;;07/30/2031 00:00:00;1;14030742;18/09/2026 11:10:35;Gustavo;Soderquvist;24778175;18/09/2026 08:41:54;6414;Agustin;Scirica;Gustavo Soderquvist;Agustin Scirica
14358963;18/09/2026 11:16:45;3;2;0001  215842-1;05;CAMIONETA LUN 4;2094664;"SS43    ";"SANITARIOS SIONE S.R.L.                           ";VIDAL 1783;954908;"BCH07          ";BCH07 - BACHA DE APOYAR OVALADA 400x330x150;5;5;5;23504713;180926111035615;184495529;;;;07/29/2031 00:00:00;5;14030742;18/09/2026 11:10:35;Gustavo;Soderquvist;24778175;18/09/2026 08:41:54;6414;Agustin;Scirica;Gustavo Soderquvist;Agustin Scirica
14358963;18/09/2026 11:16:45;3;2;0001  215842-1;05;CAMIONETA LUN 4;2094664;"SS43    ";"SANITARIOS SIONE S.R.L.                           ";VIDAL 1783;952727;"61-203N        ";"LAVATORIO MONOCOMANDO ALTO ADRA BLACK                                 ";1;1;1;23513017;180926111204773;184492464;;;;01/06/2032 00:00:00;1;14030821;18/09/2026 11:12:04;Gustavo;Soderquvist;;;;;;Gustavo Soderquvist;
14358963;18/09/2026 11:16:45;3;2;0001  215842-1;05;CAMIONETA LUN 4;2094664;"SS43    ";"SANITARIOS SIONE S.R.L.                           ";VIDAL 1783;952636;"60-163         ";60-163 - LAVATORIO CR C.CERAM SENA;1;1;1;23513017;180926111204773;184489871;;;;07/29/2031 00:00:00;1;14030821;18/09/2026 11:12:04;Gustavo;Soderquvist;;;;;;Gustavo Soderquvist;
14358963;18/09/2026 11:16:45;3;2;0001  215842-1;05;CAMIONETA LUN 4;2094664;"SS43    ";"SANITARIOS SIONE S.R.L.                           ";VIDAL 1783;953168;"80-329         ";80-329 - DUCHA DE EMB 3 FUNCIONES CASTILLA;1;1;1;23513017;180926111204773;184493203;;;;03/01/2032 00:00:00;1;14030821;18/09/2026 11:12:04;Gustavo;Soderquvist;;;;;;Gustavo Soderquvist;
14358963;18/09/2026 11:16:45;3;2;0001  215842-1;05;CAMIONETA LUN 4;2094664;"SS43    ";"SANITARIOS SIONE S.R.L.                           ";VIDAL 1783;953108;"80-163         ";80-163 - DUCHA EMB. C/TRANSF. CR C.CERAM SENA;1;1;1;23513017;180926111204773;184489815;;;;09/09/2031 00:00:00;1;14030821;18/09/2026 11:12:04;Gustavo;Soderquvist;;;;;;Gustavo Soderquvist;
14358963;18/09/2026 11:16:45;3;2;0001  215842-1;05;CAMIONETA LUN 4;2094664;"SS43    ";"SANITARIOS SIONE S.R.L.                           ";VIDAL 1783;952913;"70-162N        ";70-162N - BIDE BLACK C.CERAM LINEA ADRA;2;2;2;23513017;180926111204773;184547016;;;;02/16/2032 00:00:00;1;14030821;18/09/2026 11:12:04;Gustavo;Soderquvist;;;;;;Gustavo Soderquvist;
14358963;18/09/2026 11:16:45;3;2;0001  215842-1;05;CAMIONETA LUN 4;2094664;"SS43    ";"SANITARIOS SIONE S.R.L.                           ";VIDAL 1783;953347;"85-168N        ";85-168N - DUCHA MONOC C/TRANSF Y DUCHADOR BLACK WAVE;2;2;2;23513055;180926111230598;184495359;;;;02/04/2032 00:00:00;2;14030837;18/09/2026 11:12:30;Gustavo;Soderquvist;;;;;;Gustavo Soderquvist;
14358963;18/09/2026 11:16:45;3;2;0001  215842-1;05;CAMIONETA LUN 4;2094664;"SS43    ";"SANITARIOS SIONE S.R.L.                           ";VIDAL 1783;952453;"51-131         ";51-131 - MESADA BIMANDO CR C.CERAM MALLORCA;1;1;1;23513055;180926111230598;184494252;;;;01/31/2032 00:00:00;1;14030837;18/09/2026 11:12:30;Gustavo;Soderquvist;;;;;;Gustavo Soderquvist;
14358963;18/09/2026 11:16:45;3;2;0001  215842-1;05;CAMIONETA LUN 4;2094664;"SS43    ";"SANITARIOS SIONE S.R.L.                           ";VIDAL 1783;951611;"21-160         ";"MONOCOMANDO DUO COCINA CROMO DIQUE                                    ";2;2;2;23513185;180926111453951;184485356;;;;12/14/2031 00:00:00;2;14030937;18/09/2026 11:14:53;Gustavo;Soderquvist;;;;;;Gustavo Soderquvist;
14358963;18/09/2026 11:16:45;3;2;0001  215842-1;05;CAMIONETA LUN 4;2094664;"SS43    ";"SANITARIOS SIONE S.R.L.                           ";VIDAL 1783;952721;"61-193         ";61-193 - LAVATORIO MONOCOMANDO ALTO MORA;1;1;1;23513185;180926111453951;184488475;;;;07/27/2031 00:00:00;1;14030937;18/09/2026 11:14:53;Gustavo;Soderquvist;;;;;;Gustavo Soderquvist;
14358963;18/09/2026 11:16:45;3;2;0001  215842-1;05;CAMIONETA LUN 4;2094664;"SS43    ";"SANITARIOS SIONE S.R.L.                           ";VIDAL 1783;952709;"61-168N        ";61-168N - LAVATORIO MONOC ALTO BLACK WAVE;1;1;1;23513185;180926111453951;184485437;;;;07/28/2031 00:00:00;1;14030937;18/09/2026 11:14:53;Gustavo;Soderquvist;;;;;;Gustavo Soderquvist;
14358963;18/09/2026 11:16:45;3;2;0001  215842-1;05;CAMIONETA LUN 4;2094664;"SS43    ";"SANITARIOS SIONE S.R.L.                           ";VIDAL 1783;953140;"80-193         ";80-193 - DUCHA EMB. C/TRANSF. MONOCOMANDO MORA;1;1;1;23513185;180926111453951;184486199;;;;07/27/2031 00:00:00;1;14030937;18/09/2026 11:14:53;Gustavo;Soderquvist;;;;;;Gustavo Soderquvist;
14358963;18/09/2026 11:16:45;3;2;0001  215842-1;05;CAMIONETA LUN 4;2094664;"SS43    ";"SANITARIOS SIONE S.R.L.                           ";VIDAL 1783;952916;"70-168N        ";70-168N - BIDE MONOC BLACK WAVE;1;1;1;23513208;180926111518787;184487986;;;;01/05/2032 00:00:00;1;14030957;18/09/2026 11:15:18;Gustavo;Soderquvist;;;;;;Gustavo Soderquvist;
14358963;18/09/2026 11:16:45;3;2;0001  215842-1;05;CAMIONETA LUN 4;2094664;"SS43    ";"SANITARIOS SIONE S.R.L.                           ";VIDAL 1783;952647;"60-176         ";"LAVATORIO MONOCOMANDO BAJO CR RIO                                     ";1;1;1;23513208;180926111518787;184486939;;;;10/11/2031 00:00:00;1;14030957;18/09/2026 11:15:18;Gustavo;Soderquvist;;;;;;Gustavo Soderquvist;
14358963;18/09/2026 11:16:45;3;2;0001  215842-1;05;CAMIONETA LUN 4;2094664;"SS43    ";"SANITARIOS SIONE S.R.L.                           ";VIDAL 1783;952655;"60-183         ";"LAVATORIO MONOCOMANDO BAJO MAT                                        ";2;2;2;23513208;180926111518787;184487757;;;;11/02/2031 00:00:00;2;14030957;18/09/2026 11:15:18;Gustavo;Soderquvist;;;;;;Gustavo Soderquvist;
14358963;18/09/2026 11:16:45;3;2;0001  215842-1;05;CAMIONETA LUN 4;2094664;"SS43    ";"SANITARIOS SIONE S.R.L.                           ";VIDAL 1783;952661;"60-193         ";60-193 - LAVATORIO MONOCOMANDO BAJO MORA;1;1;1;23513208;180926111518787;184488321;;;;07/28/2031 00:00:00;1;14030957;18/09/2026 11:15:18;Gustavo;Soderquvist;;;;;;Gustavo Soderquvist;
14358963;18/09/2026 11:16:45;3;2;0001  215842-1;05;CAMIONETA LUN 4;2094664;"SS43    ";"SANITARIOS SIONE S.R.L.                           ";VIDAL 1783;951318;"18040          ";18040 - PORTA ROLLO NIQUEL LINEA BEAT;1;1;1;23513257;180926111610582;184486512;;;;07/28/2031 00:00:00;1;14030989;18/09/2026 11:16:10;Gustavo;Soderquvist;;;;;;Gustavo Soderquvist;
14358963;18/09/2026 11:16:45;3;2;0001  215842-1;05;CAMIONETA LUN 4;2094664;"SS43    ";"SANITARIOS SIONE S.R.L.                           ";VIDAL 1783;951760;"3006SS         ";3006SS - SET DE 6 PIEZAS LINEA 3000 SS;1;1;1;23513257;180926111610582;184486318;;;;07/29/2031 00:00:00;1;14030989;18/09/2026 11:16:10;Gustavo;Soderquvist;;;;;;Gustavo Soderquvist;
14358963;18/09/2026 11:16:45;3;2;0001  215842-1;05;CAMIONETA LUN 4;2094664;"SS43    ";"SANITARIOS SIONE S.R.L.                           ";VIDAL 1783;951535;"20-160         ";20-160 - MONOCOMANDO MESADA COCINA DIQUE;8;8;8;23513273;180926111627444;184487893;;;;07/28/2031 00:00:00;8;14030998;18/09/2026 11:16:27;Gustavo;Soderquvist;;;;;;Gustavo Soderquvist;
14358970;18/09/2026 10:07:24;3;2;0001  215844-1;05;CAMIONETA LUN 4;2094664;"SS43    ";"SANITARIOS SIONE S.R.L.                           ";WASHINGTON 3553;953122;"80-176         ";80-176 - DUCHA EMB C/TRANSF MONOC CR RIO;1;1;1;23502446;180926100723888;184500470;;;;07/29/2031 00:00:00;1;14027976;18/09/2026 10:07:23;Gustavo;Soderquvist;24775961;18/09/2026 09:05:49;7839;Claudio;Juarez;Gustavo Soderquvist;Claudio Juarez
14358970;18/09/2026 10:07:24;3;2;0001  215844-1;05;CAMIONETA LUN 4;2094664;"SS43    ";"SANITARIOS SIONE S.R.L.                           ";WASHINGTON 3553;953123;"80-176N        ";80-176N - DUCHA EMB C/TRANSF MONOC BLACK RIO;2;2;2;23502446;180926100723888;184499670;;;;07/27/2031 00:00:00;2;14027976;18/09/2026 10:07:23;Gustavo;Soderquvist;24775961;18/09/2026 09:05:49;7839;Claudio;Juarez;Gustavo Soderquvist;Claudio Juarez
14358970;18/09/2026 10:07:24;3;2;0001  215844-1;05;CAMIONETA LUN 4;2094664;"SS43    ";"SANITARIOS SIONE S.R.L.                           ";WASHINGTON 3553;952648;"60-176N        ";"LAVATORIO MONOCOMANDO BAJO BLACK RIO                                  ";3;3;3;23502446;180926100723888;184499088;;;;07/29/2031 00:00:00;3;14027976;18/09/2026 10:07:23;Gustavo;Soderquvist;24775961;18/09/2026 09:05:49;7839;Claudio;Juarez;Gustavo Soderquvist;Claudio Juarez
14358970;18/09/2026 10:07:24;3;2;0001  215844-1;05;CAMIONETA LUN 4;2094664;"SS43    ";"SANITARIOS SIONE S.R.L.                           ";WASHINGTON 3553;953236;"81-180         ";81-180 - DUCHA EMB. S/TRANSF. MONOCOMANDO VERA;4;4;4;23502524;180926093437420;184484038;;;;01/04/2032 00:00:00;3;14027423;18/09/2026 09:34:37;Gustavo;Soderquvist;24776085;18/09/2026 08:02:03;6922;Franco;Potenza;Gustavo Soderquvist;Franco Potenza
14358970;18/09/2026 10:07:24;3;2;0001  215844-1;05;CAMIONETA LUN 4;2094664;"SS43    ";"SANITARIOS SIONE S.R.L.                           ";WASHINGTON 3553;957102;"PDU120         ";"DESAGUE P/PISO DE DUCHA                                               ";1;1;1;23504320;180926093946605;184493813;;;;03/01/2032 00:00:00;1;14027672;18/09/2026 09:39:46;Gustavo;Soderquvist;24777823;18/09/2026 08:40:50;7152;Mirko;Hernandez;Gustavo Soderquvist;Mirko Hernandez
14358970;18/09/2026 10:07:24;3;2;0001  215844-1;05;CAMIONETA LUN 4;2094664;"SS43    ";"SANITARIOS SIONE S.R.L.                           ";WASHINGTON 3553;954915;"BCH13          ";BCH13 - BACHA DE APOYAR BLANCA RECTANGULAR 465x260x125;1;1;1;23504320;180926093946605;184494553;;;;07/27/2031 00:00:00;1;14027672;18/09/2026 09:39:46;Gustavo;Soderquvist;24777823;18/09/2026 08:40:50;7152;Mirko;Hernandez;Gustavo Soderquvist;Mirko Hernandez
14358970;18/09/2026 10:07:24;3;2;0001  215844-1;05;CAMIONETA LUN 4;2094664;"SS43    ";"SANITARIOS SIONE S.R.L.                           ";WASHINGTON 3553;957096;"PDU102         ";"PISO DUCHA RESINA POLIESTER BLANCA 1200x700x25                        ";1;1;1;23504320;180926093946605;184494219;;;;03/01/2032 00:00:00;1;14027672;18/09/2026 09:39:46;Gustavo;Soderquvist;24777823;18/09/2026 08:40:50;7152;Mirko;Hernandez;Gustavo Soderquvist;Mirko Hernandez
14358970;18/09/2026 10:07:24;3;2;0001  215844-1;05;CAMIONETA LUN 4;2094664;"SS43    ";"SANITARIOS SIONE S.R.L.                           ";WASHINGTON 3553;954905;"BCH04/3        ";BCH04/3 - BACHA DE APOYAR CUADRADA 3 AG 420x420x125;2;2;2;23504320;180926093946605;184495470;;;;07/28/2031 00:00:00;2;14027672;18/09/2026 09:39:46;Gustavo;Soderquvist;24777823;18/09/2026 08:40:50;7152;Mirko;Hernandez;Gustavo Soderquvist;Mirko Hernandez
14358970;18/09/2026 10:07:24;3;2;0001  215844-1;05;CAMIONETA LUN 4;2094664;"SS43    ";"SANITARIOS SIONE S.R.L.                           ";WASHINGTON 3553;954908;"BCH07          ";BCH07 - BACHA DE APOYAR OVALADA 400x330x150;2;2;2;23504320;180926093946605;184495015;;;;07/29/2031 00:00:00;2;14027672;18/09/2026 09:39:46;Gustavo;Soderquvist;24777823;18/09/2026 08:40:50;7152;Mirko;Hernandez;Gustavo Soderquvist;Mirko Hernandez
14358970;18/09/2026 10:07:24;3;2;0001  215844-1;05;CAMIONETA LUN 4;2094664;"SS43    ";"SANITARIOS SIONE S.R.L.                           ";WASHINGTON 3553;954914;"BCH12          ";BCH12 - BACHA DE APOYAR BLANCA 460x320x140;2;2;2;23504320;180926093946605;184495284;;;;11/10/2031 00:00:00;2;14027672;18/09/2026 09:39:46;Gustavo;Soderquvist;24777823;18/09/2026 08:40:50;7152;Mirko;Hernandez;Gustavo Soderquvist;Mirko Hernandez
14358970;18/09/2026 10:07:24;3;2;0001  215844-1;05;CAMIONETA LUN 4;2094664;"SS43    ";"SANITARIOS SIONE S.R.L.                           ";WASHINGTON 3553;953154;"80-200N        ";80-200N - DUCHA EMB. MONOC. 3 FUNCIONES BLACK FABRIC;2;2;2;23507143;180926092814802;184483366;;;;01/18/2032 00:00:00;2;14027430;18/09/2026 09:28:14;Gustavo;Soderquvist;;;;;;Gustavo Soderquvist;
14358970;18/09/2026 10:07:24;3;2;0001  215844-1;05;CAMIONETA LUN 4;2094664;"SS43    ";"SANITARIOS SIONE S.R.L.                           ";WASHINGTON 3553;952456;"51-190         ";51-190 - MESADA BIMANDO C.CERAM BLACK VELVET;1;1;1;23507143;180926092814802;184482691;;;;10/20/2031 00:00:00;1;14027430;18/09/2026 09:28:14;Gustavo;Soderquvist;;;;;;Gustavo Soderquvist;
14358970;18/09/2026 10:07:24;3;2;0001  215844-1;05;CAMIONETA LUN 4;2094664;"SS43    ";"SANITARIOS SIONE S.R.L.                           ";WASHINGTON 3553;951620;"214/CR         ";214/CR - LAVATORIO CR/CR ARES;2;2;2;23507210;180926092925981;184483197;;;;01/27/2032 00:00:00;2;14027461;18/09/2026 09:29:26;Gustavo;Soderquvist;;;;;;Gustavo Soderquvist;
14358970;18/09/2026 10:07:24;3;2;0001  215844-1;05;CAMIONETA LUN 4;2094664;"SS43    ";"SANITARIOS SIONE S.R.L.                           ";WASHINGTON 3553;952610;"60-122         ";60-122 - LAVATORIO C.CERAM CR VALENCIA;1;1;1;23507210;180926092925981;184482464;;;;12/10/2031 00:00:00;1;14027461;18/09/2026 09:29:26;Gustavo;Soderquvist;;;;;;Gustavo Soderquvist;
14358970;18/09/2026 10:07:24;3;2;0001  215844-1;05;CAMIONETA LUN 4;2094664;"SS43    ";"SANITARIOS SIONE S.R.L.                           ";WASHINGTON 3553;953243;"814/CR         ";814/CR - MESADA P.FUNDIDO CR/CR ARES;2;2;2;23507210;180926092925981;184483045;;;;01/13/2032 00:00:00;2;14027461;18/09/2026 09:29:26;Gustavo;Soderquvist;;;;;;Gustavo Soderquvist;
14358970;18/09/2026 10:07:24;3;2;0001  215844-1;05;CAMIONETA LUN 4;2094664;"SS43    ";"SANITARIOS SIONE S.R.L.                           ";WASHINGTON 3553;953244;"814/CRC        ";814/CRC - MESADA P.FUNDIDO CR/CR C.CERAM. ARES;1;1;1;23507210;180926092925981;184483092;;;;02/16/2032 00:00:00;1;14027461;18/09/2026 09:29:26;Gustavo;Soderquvist;;;;;;Gustavo Soderquvist;
14358970;18/09/2026 10:07:24;3;2;0001  215844-1;05;CAMIONETA LUN 4;2094664;"SS43    ";"SANITARIOS SIONE S.R.L.                           ";WASHINGTON 3553;952740;"62-100G        ";62-100G - LAVATORIO DE PARED GOLD C.CERAM FABRIC;1;1;1;23507210;180926092925981;184482747;;;;12/20/2031 00:00:00;1;14027461;18/09/2026 09:29:26;Gustavo;Soderquvist;;;;;;Gustavo Soderquvist;
14358970;18/09/2026 10:07:24;3;2;0001  215844-1;05;CAMIONETA LUN 4;2094664;"SS43    ";"SANITARIOS SIONE S.R.L.                           ";WASHINGTON 3553;952747;"62-122         ";62-122 - LAVATORIO PARED C.CERAM CR VALENCIA;1;1;1;23507210;180926092925981;184484141;;;;10/08/2031 00:00:00;1;14027461;18/09/2026 09:29:26;Gustavo;Soderquvist;;;;;;Gustavo Soderquvist;
14358970;18/09/2026 10:07:24;3;2;0001  215844-1;05;CAMIONETA LUN 4;2094664;"SS43    ";"SANITARIOS SIONE S.R.L.                           ";WASHINGTON 3553;952888;"70-122         ";70-122 - BIDE C.CERAM CR VALENCIA;1;1;1;23507210;180926092925981;184482432;;;;10/26/2031 00:00:00;1;14027461;18/09/2026 09:29:26;Gustavo;Soderquvist;;;;;;Gustavo Soderquvist;
14358970;18/09/2026 10:07:24;3;2;0001  215844-1;05;CAMIONETA LUN 4;2094664;"SS43    ";"SANITARIOS SIONE S.R.L.                           ";WASHINGTON 3553;952894;"70-131         ";70-131 - BIDE C.CERAM CR MALLORCA;1;1;1;23507210;180926092925981;184482945;;;;10/28/2031 00:00:00;1;14027461;18/09/2026 09:29:26;Gustavo;Soderquvist;;;;;;Gustavo Soderquvist;
14358970;18/09/2026 10:07:24;3;2;0001  215844-1;05;CAMIONETA LUN 4;2094664;"SS43    ";"SANITARIOS SIONE S.R.L.                           ";WASHINGTON 3553;952616;"60-131         ";60-131 - LAVATORIO C.CERAM CR MALLORCA;1;1;1;23507237;180926093005967;184482790;;;;01/03/2032 00:00:00;1;14027481;18/09/2026 09:30:05;Gustavo;Soderquvist;;;;;;Gustavo Soderquvist;
14358970;18/09/2026 10:07:24;3;2;0001  215844-1;05;CAMIONETA LUN 4;2094664;"SS43    ";"SANITARIOS SIONE S.R.L.                           ";WASHINGTON 3553;953086;"80-131         ";80-131 - DUCHA EMB. C/TRANSF. CR C.CERAM MALLORCA;1;1;1;23507237;180926093005967;184482873;;;;01/24/2032 00:00:00;1;14027481;18/09/2026 09:30:05;Gustavo;Soderquvist;;;;;;Gustavo Soderquvist;
14358970;18/09/2026 10:07:24;3;2;0001  215844-1;05;CAMIONETA LUN 4;2094664;"SS43    ";"SANITARIOS SIONE S.R.L.                           ";WASHINGTON 3553;952726;"61-203         ";61-203 - LAVATORIO MONOCOMANDO ALTO ADRA;2;2;2;23507237;180926093005967;184482353;;;;02/22/2032 00:00:00;2;14027481;18/09/2026 09:30:05;Gustavo;Soderquvist;;;;;;Gustavo Soderquvist;
14358970;18/09/2026 10:07:24;3;2;0001  215844-1;05;CAMIONETA LUN 4;2094664;"SS43    ";"SANITARIOS SIONE S.R.L.                           ";WASHINGTON 3553;952001;"31-002         ";"31-002 - CANILLA DE PARED PICO ALTO ""RENACER""";2;2;2;23507395;180926093330721;184483605;;;;01/25/2032 00:00:00;2;14027570;18/09/2026 09:33:31;Gustavo;Soderquvist;;;;;;Gustavo Soderquvist;
14358970;18/09/2026 10:07:24;3;2;0001  215844-1;05;CAMIONETA LUN 4;2094664;"SS43    ";"SANITARIOS SIONE S.R.L.                           ";WASHINGTON 3553;952064;"32-002         ";"32-002 - CANILLA DE PARED PICO BAJO ""RENACER""";2;2;2;23507395;180926093330721;184483733;;;;02/16/2032 00:00:00;2;14027570;18/09/2026 09:33:31;Gustavo;Soderquvist;;;;;;Gustavo Soderquvist;
14358970;18/09/2026 10:07:24;3;2;0001  215844-1;05;CAMIONETA LUN 4;2094664;"SS43    ";"SANITARIOS SIONE S.R.L.                           ";WASHINGTON 3553;952439;"51-059         ";51-059 - COCINA MESADA BL/CR C.STD MALBA;1;1;1;23507395;180926093330721;184481962;;;;12/13/2031 00:00:00;1;14027570;18/09/2026 09:33:31;Gustavo;Soderquvist;;;;;;Gustavo Soderquvist;
14358970;18/09/2026 10:07:24;3;2;0001  215844-1;05;CAMIONETA LUN 4;2094664;"SS43    ";"SANITARIOS SIONE S.R.L.                           ";WASHINGTON 3553;952634;"60-162         ";60-162 - LAVATORIO CR C.CERAM LINEA ADRA;1;1;1;23507395;180926093330721;184481509;;;;07/29/2031 00:00:00;1;14027570;18/09/2026 09:33:31;Gustavo;Soderquvist;;;;;;Gustavo Soderquvist;
14358970;18/09/2026 10:07:24;3;2;0001  215844-1;05;CAMIONETA LUN 4;2094664;"SS43    ";"SANITARIOS SIONE S.R.L.                           ";WASHINGTON 3553;952822;"70-002         ";70-002 - BIDE RENACER;1;1;1;23507395;180926093330721;184482023;;;;07/31/2031 00:00:00;1;14027570;18/09/2026 09:33:31;Gustavo;Soderquvist;;;;;;Gustavo Soderquvist;
14358970;18/09/2026 10:07:24;3;2;0001  215844-1;05;CAMIONETA LUN 4;2094664;"SS43    ";"SANITARIOS SIONE S.R.L.                           ";WASHINGTON 3553;952913;"70-162N        ";70-162N - BIDE BLACK C.CERAM LINEA ADRA;1;1;1;23507395;180926093330721;184482515;;;;02/16/2032 00:00:00;1;14027570;18/09/2026 09:33:31;Gustavo;Soderquvist;;;;;;Gustavo Soderquvist;
14358970;18/09/2026 10:07:24;3;2;0001  215844-1;05;CAMIONETA LUN 4;2094664;"SS43    ";"SANITARIOS SIONE S.R.L.                           ";WASHINGTON 3553;953107;"80-162         ";80-162 - DUCHA EMB. C/TRANSF. CR C.CERAM ADRA;1;1;1;23507395;180926093330721;184481593;;;;07/29/2031 00:00:00;1;14027570;18/09/2026 09:33:31;Gustavo;Soderquvist;;;;;;Gustavo Soderquvist;
14358970;18/09/2026 10:07:24;3;2;0001  215844-1;05;CAMIONETA LUN 4;2094664;"SS43    ";"SANITARIOS SIONE S.R.L.                           ";WASHINGTON 3553;953236;"81-180         ";81-180 - DUCHA EMB. S/TRANSF. MONOCOMANDO VERA;4;4;4;23507456;180926093424721;184512048;;;;01/04/2032 00:00:00;1;14027593;18/09/2026 09:34:24;Gustavo;Soderquvist;;;;;;Gustavo Soderquvist;
14358970;18/09/2026 10:07:24;3;2;0001  215844-1;05;CAMIONETA LUN 4;2094664;"SS43    ";"SANITARIOS SIONE S.R.L.                           ";WASHINGTON 3553;953113;"80-168N        ";80-168N - DUCHA EMB C/TRANSF MONOC BLACK WAVE;2;2;2;23507456;180926093424721;184484286;;;;01/22/2032 00:00:00;2;14027593;18/09/2026 09:34:24;Gustavo;Soderquvist;;;;;;Gustavo Soderquvist;
14358970;18/09/2026 10:07:24;3;2;0001  215844-1;05;CAMIONETA LUN 4;2094664;"SS43    ";"SANITARIOS SIONE S.R.L.                           ";WASHINGTON 3553;951606;"21100          ";21100 - ESTANTE ORGANIZADOR RECTANGULAR 25x12x7;1;1;1;23508104;180926094806217;184489082;;;;07/29/2031 00:00:00;1;14028042;18/09/2026 09:48:06;Gustavo;Soderquvist;;;;;;Gustavo Soderquvist;
14358970;18/09/2026 10:07:24;3;2;0001  215844-1;05;CAMIONETA LUN 4;2094664;"SS43    ";"SANITARIOS SIONE S.R.L.                           ";WASHINGTON 3553;953335;"84-203ST       ";"DUCHA EXT C/COLUMNA CR ADRA                                           ";1;1;1;23508104;180926094806217;184484169;;;;12/15/2031 00:00:00;1;14028042;18/09/2026 09:48:06;Gustavo;Soderquvist;;;;;;Gustavo Soderquvist;
14358970;18/09/2026 10:07:24;3;2;0001  215844-1;05;CAMIONETA LUN 4;2094664;"SS43    ";"SANITARIOS SIONE S.R.L.                           ";WASHINGTON 3553;951299;"17030C         ";17030C - PERCHA LINEA FABRIC CROMO;3;3;3;23508104;180926094806217;184482741;;;;11/10/2031 00:00:00;3;14028042;18/09/2026 09:48:06;Gustavo;Soderquvist;;;;;;Gustavo Soderquvist;
14358970;18/09/2026 10:07:24;3;2;0001  215844-1;05;CAMIONETA LUN 4;2094664;"SS43    ";"SANITARIOS SIONE S.R.L.                           ";WASHINGTON 3553;951302;"17040C         ";17040C - PORTA ROLLO LINEA FABRIC CROMO;2;2;2;23508104;180926094806217;184482570;;;;07/29/2031 00:00:00;2;14028042;18/09/2026 09:48:06;Gustavo;Soderquvist;;;;;;Gustavo Soderquvist;
14358970;18/09/2026 10:07:24;3;2;0001  215844-1;05;CAMIONETA LUN 4;2094664;"SS43    ";"SANITARIOS SIONE S.R.L.                           ";WASHINGTON 3553;951303;"17040G         ";17040G - PORTA ROLLO LINEA FABRIC GOLD;1;1;1;23508104;180926094806217;184482620;;;;07/28/2031 00:00:00;1;14028042;18/09/2026 09:48:06;Gustavo;Soderquvist;;;;;;Gustavo Soderquvist;
14358970;18/09/2026 10:07:24;3;2;0001  215844-1;05;CAMIONETA LUN 4;2094664;"SS43    ";"SANITARIOS SIONE S.R.L.                           ";WASHINGTON 3553;953125;"80-180         ";80-180 - DUCHA EMB. C/TRANSF. MONOCOMANDO VERA;3;3;3;23508164;180926094903534;184483665;;;;11/23/2031 00:00:00;3;14028078;18/09/2026 09:49:03;Gustavo;Soderquvist;;;;;;Gustavo Soderquvist;
14358970;18/09/2026 10:07:24;3;2;0001  215844-1;05;CAMIONETA LUN 4;2094664;"SS43    ";"SANITARIOS SIONE S.R.L.                           ";WASHINGTON 3553;952709;"61-168N        ";61-168N - LAVATORIO MONOC ALTO BLACK WAVE;2;2;2;23508164;180926094903534;184485697;;;;07/28/2031 00:00:00;2;14028078;18/09/2026 09:49:03;Gustavo;Soderquvist;;;;;;Gustavo Soderquvist;
14358970;18/09/2026 10:07:24;3;2;0001  215844-1;05;CAMIONETA LUN 4;2094664;"SS43    ";"SANITARIOS SIONE S.R.L.                           ";WASHINGTON 3553;952499;"54-203         ";"COCINA PARED EXT C.CERAM ADRA MONOCOMANDO                             ";4;4;4;23508267;180926095041739;184483465;;;;02/18/2032 00:00:00;4;14028134;18/09/2026 09:50:41;Gustavo;Soderquvist;;;;;;Gustavo Soderquvist;
14358970;18/09/2026 10:07:24;3;2;0001  215844-1;05;CAMIONETA LUN 4;2094664;"SS43    ";"SANITARIOS SIONE S.R.L.                           ";WASHINGTON 3553;952637;"60-168         ";60-168 - LAVATORIO MONOC BAJO CR WAVE;2;2;2;23508267;180926095041739;184489217;;;;07/27/2031 00:00:00;2;14028134;18/09/2026 09:50:41;Gustavo;Soderquvist;;;;;;Gustavo Soderquvist;
14358970;18/09/2026 10:07:24;3;2;0001  215844-1;05;CAMIONETA LUN 4;2094664;"SS43    ";"SANITARIOS SIONE S.R.L.                           ";WASHINGTON 3553;952916;"70-168N        ";70-168N - BIDE MONOC BLACK WAVE;2;2;2;23508267;180926095041739;184482110;;;;01/05/2032 00:00:00;2;14028134;18/09/2026 09:50:41;Gustavo;Soderquvist;;;;;;Gustavo Soderquvist;
14358970;18/09/2026 10:07:24;3;2;0001  215844-1;05;CAMIONETA LUN 4;2094664;"SS43    ";"SANITARIOS SIONE S.R.L.                           ";WASHINGTON 3553;951539;"20-168         ";20-168 - MONOCOMANDO COCINA CR WAVE;1;1;1;23508277;180926095052718;184488448;;;;07/27/2031 00:00:00;1;14028144;18/09/2026 09:50:52;Gustavo;Soderquvist;;;;;;Gustavo Soderquvist;
14358970;18/09/2026 10:07:24;3;2;0001  215844-1;05;CAMIONETA LUN 4;2094664;"SS43    ";"SANITARIOS SIONE S.R.L.                           ";WASHINGTON 3553;953312;"83-133         ";83-133 - DUCHA EXT. C/TRANSF. MONOCOMANDO LUGO;1;1;1;23508277;180926095052718;184482167;;;;09/03/2031 00:00:00;1;14028144;18/09/2026 09:50:52;Gustavo;Soderquvist;;;;;;Gustavo Soderquvist;
14358970;18/09/2026 10:07:24;3;2;0001  215844-1;05;CAMIONETA LUN 4;2094664;"SS43    ";"SANITARIOS SIONE S.R.L.                           ";WASHINGTON 3553;952796;"63-168N        ";"LAVATORIO PARED EMB MONOC BLACK WAVE                                  ";2;2;2;23508277;180926095052718;184485046;;;;07/28/2031 00:00:00;2;14028144;18/09/2026 09:50:52;Gustavo;Soderquvist;;;;;;Gustavo Soderquvist;
14358970;18/09/2026 10:07:24;3;2;0001  215844-1;05;CAMIONETA LUN 4;2094664;"SS43    ";"SANITARIOS SIONE S.R.L.                           ";WASHINGTON 3553;951530;"20-146         ";20-146 - MONOCOMANDO DE COCINA CR LINEA MOVE;6;6;6;23508324;180926095158797;184482467;;;;11/23/2031 00:00:00;6;14028188;18/09/2026 09:51:58;Gustavo;Soderquvist;;;;;;Gustavo Soderquvist;
14358970;18/09/2026 10:07:24;3;2;0001  215844-1;05;CAMIONETA LUN 4;2094664;"SS43    ";"SANITARIOS SIONE S.R.L.                           ";WASHINGTON 3553;951545;"20-172         ";20-172 - COCINA MESADA MONOC. COLORS NEGRO;6;6;6;23508359;180926095221954;184488892;;;;07/28/2031 00:00:00;6;14028199;18/09/2026 09:52:21;Gustavo;Soderquvist;;;;;;Gustavo Soderquvist;
14358970;18/09/2026 10:07:24;3;2;0001  215844-1;05;CAMIONETA LUN 4;2094664;"SS43    ";"SANITARIOS SIONE S.R.L.                           ";WASHINGTON 3553;951550;"20-182         ";20-182 - MONOCOMANDO DE COCINA MULTIFUNCION CR ZENITH;6;6;6;23508382;180926095253487;184484313;;;;07/30/2031 00:00:00;6;14028212;18/09/2026 09:52:53;Gustavo;Soderquvist;;;;;;Gustavo Soderquvist;
14358970;18/09/2026 10:07:24;3;2;0001  215844-1;05;CAMIONETA LUN 4;2094664;"SS43    ";"SANITARIOS SIONE S.R.L.                           ";WASHINGTON 3553;951263;"16030BL        ";16030BL - PERCHA LINEA 16000 BLACK;6;6;6;23508560;180926095616978;184486790;;;;07/28/2031 00:00:00;6;14028311;18/09/2026 09:56:16;Gustavo;Soderquvist;;;;;;Gustavo Soderquvist;
14358970;18/09/2026 10:07:24;3;2;0001  215844-1;05;CAMIONETA LUN 4;2094664;"SS43    ";"SANITARIOS SIONE S.R.L.                           ";WASHINGTON 3553;951265;"16040BL        ";16040BL - PORTA ROLLO ACCESORIOS LINEA 16000 BLACK;2;2;2;23508560;180926095616978;184486997;;;;07/31/2031 00:00:00;2;14028311;18/09/2026 09:56:16;Gustavo;Soderquvist;;;;;;Gustavo Soderquvist;
14358970;18/09/2026 10:07:24;3;2;0001  215844-1;05;CAMIONETA LUN 4;2094664;"SS43    ";"SANITARIOS SIONE S.R.L.                           ";WASHINGTON 3553;951611;"21-160         ";"MONOCOMANDO DUO COCINA CROMO DIQUE                                    ";5;5;5;23508560;180926095616978;184484866;;;;12/14/2031 00:00:00;5;14028311;18/09/2026 09:56:16;Gustavo;Soderquvist;;;;;;Gustavo Soderquvist;
14358970;18/09/2026 10:07:24;3;2;0001  215844-1;05;CAMIONETA LUN 4;2094664;"SS43    ";"SANITARIOS SIONE S.R.L.                           ";WASHINGTON 3553;951961;"3030           ";3030 - PERCHA LINEA 3000;4;4;4;23508902;180926100323162;184487731;;;;08/27/2031 00:00:00;4;14028527;18/09/2026 10:03:23;Gustavo;Soderquvist;;;;;;Gustavo Soderquvist;
14358970;18/09/2026 10:07:24;3;2;0001  215844-1;05;CAMIONETA LUN 4;2094664;"SS43    ";"SANITARIOS SIONE S.R.L.                           ";WASHINGTON 3553;951975;"3040           ";3040 - PORTA ROLLO LINEA 3000;6;6;6;23508902;180926100323162;184487925;;;;07/27/2031 00:00:00;6;14028527;18/09/2026 10:03:23;Gustavo;Soderquvist;;;;;;Gustavo Soderquvist;
14358970;18/09/2026 10:07:24;3;2;0001  215844-1;05;CAMIONETA LUN 4;2094664;"SS43    ";"SANITARIOS SIONE S.R.L.                           ";WASHINGTON 3553;954234;"A1452N         ";A1452N - CAÑO DE DUCHA RECTO 150 MM BLACK C/BLISTER;1;1;1;23508902;180926100323162;184487422;;;;07/31/2031 00:00:00;1;14028527;18/09/2026 10:03:23;Gustavo;Soderquvist;;;;;;Gustavo Soderquvist;
14358970;18/09/2026 10:07:24;3;2;0001  215844-1;05;CAMIONETA LUN 4;2094664;"SS43    ";"SANITARIOS SIONE S.R.L.                           ";WASHINGTON 3553;954650;"A815           ";"A815 - DUCHA 8"" C/BRAZO Y CAMPANA CR";2;2;2;23508902;180926100323162;184485932;;;;07/28/2031 00:00:00;2;14028527;18/09/2026 10:03:23;Gustavo;Soderquvist;;;;;;Gustavo Soderquvist;
14358970;18/09/2026 10:07:24;3;2;0001  215844-1;05;CAMIONETA LUN 4;2094664;"SS43    ";"SANITARIOS SIONE S.R.L.                           ";WASHINGTON 3553;954651;"A816           ";"A816 - DUCHA 6"" C/BRAZO Y CAMPANA CR";2;2;2;23508902;180926100323162;184486074;;;;07/27/2031 00:00:00;2;14028527;18/09/2026 10:03:23;Gustavo;Soderquvist;;;;;;Gustavo Soderquvist;
14358970;18/09/2026 10:07:24;3;2;0001  215844-1;05;CAMIONETA LUN 4;2094664;"SS43    ";"SANITARIOS SIONE S.R.L.                           ";WASHINGTON 3553;954656;"A819           ";A819 - DUCHADOR ANTICALCAREO C/FLEXIBLE Y SOPORTE;2;2;2;23508902;180926100323162;184486279;;;;07/27/2031 00:00:00;2;14028527;18/09/2026 10:03:23;Gustavo;Soderquvist;;;;;;Gustavo Soderquvist;
14358970;18/09/2026 10:07:24;3;2;0001  215844-1;05;CAMIONETA LUN 4;2094664;"SS43    ";"SANITARIOS SIONE S.R.L.                           ";WASHINGTON 3553;952712;"61-176         ";61-176 - LAVATORIO MONOC ALTO CR RIO;4;4;4;23508933;180926100406260;184500352;;;;10/11/2031 00:00:00;4;14028545;18/09/2026 10:04:06;Gustavo;Soderquvist;;;;;;Gustavo Soderquvist;
14358970;18/09/2026 10:07:24;3;2;0001  215844-1;05;CAMIONETA LUN 4;2094664;"SS43    ";"SANITARIOS SIONE S.R.L.                           ";WASHINGTON 3553;952707;"61-152         ";61-152 - LAVATORIO MONOCOMANDO CROMO ALTO SORIA;1;1;1;23508933;180926100406260;184500748;;;;07/27/2031 00:00:00;1;14028545;18/09/2026 10:04:06;Gustavo;Soderquvist;;;;;;Gustavo Soderquvist;
14358970;18/09/2026 10:07:24;3;2;0001  215844-1;05;CAMIONETA LUN 4;2094664;"SS43    ";"SANITARIOS SIONE S.R.L.                           ";WASHINGTON 3553;952650;"60-180         ";60-180 - LAVATORIO MONOCOMANDO BAJO VERA;1;1;1;23508979;180926100459075;184501471;;;;07/28/2031 00:00:00;1;14028580;18/09/2026 10:04:59;Gustavo;Soderquvist;;;;;;Gustavo Soderquvist;
14358970;18/09/2026 10:07:24;3;2;0001  215844-1;05;CAMIONETA LUN 4;2094664;"SS43    ";"SANITARIOS SIONE S.R.L.                           ";WASHINGTON 3553;952720;"61-192         ";61-192 - LAVATORIO ALTO SORIA BLACK;3;3;3;23508979;180926100459075;184501144;;;;07/27/2031 00:00:00;3;14028580;18/09/2026 10:04:59;Gustavo;Soderquvist;;;;;;Gustavo Soderquvist;
14358970;18/09/2026 10:07:24;3;2;0001  215844-1;05;CAMIONETA LUN 4;2094664;"SS43    ";"SANITARIOS SIONE S.R.L.                           ";WASHINGTON 3553;953317;"83-176N        ";83-176N - DUCHA EXT. C/TRANSF. MONOC BLACK RIO;1;1;1;23508979;180926100459075;184500584;;;;07/29/2031 00:00:00;1;14028580;18/09/2026 10:04:59;Gustavo;Soderquvist;;;;;;Gustavo Soderquvist;
14358970;18/09/2026 10:07:24;3;2;0001  215844-1;05;CAMIONETA LUN 4;2094664;"SS43    ";"SANITARIOS SIONE S.R.L.                           ";WASHINGTON 3553;951293;"17010C         ";17010C - TOALLERO BARRAL LINEA FABRIC CROMO;1;1;1;23509115;180926100705775;184482941;;;;12/28/2031 00:00:00;1;14028663;18/09/2026 10:07:05;Gustavo;Soderquvist;;;;;;Gustavo Soderquvist;
14358970;18/09/2026 10:07:24;3;2;0001  215844-1;05;CAMIONETA LUN 4;2094664;"SS43    ";"SANITARIOS SIONE S.R.L.                           ";WASHINGTON 3553;951318;"18040          ";18040 - PORTA ROLLO NIQUEL LINEA BEAT;1;1;1;23509115;180926100705775;184500816;;;;07/28/2031 00:00:00;1;14028663;18/09/2026 10:07:05;Gustavo;Soderquvist;;;;;;Gustavo Soderquvist;
14358970;18/09/2026 10:07:24;3;2;0001  215844-1;05;CAMIONETA LUN 4;2094664;"SS43    ";"SANITARIOS SIONE S.R.L.                           ";WASHINGTON 3553;951304;"17040N         ";17040N - PORTA ROLLO LINEA FABRIC BLACK;1;1;1;23509115;180926100705775;184483241;;;;07/29/2031 00:00:00;1;14028663;18/09/2026 10:07:05;Gustavo;Soderquvist;;;;;;Gustavo Soderquvist;
14358970;18/09/2026 10:07:24;3;2;0001  215844-1;05;CAMIONETA LUN 4;2094664;"SS43    ";"SANITARIOS SIONE S.R.L.                           ";WASHINGTON 3553;951298;"17020N         ";17020N - TOALLERO DE ARO LINEA FABRIC BLACK;2;2;2;23509115;180926100705775;184483128;;;;07/29/2031 00:00:00;2;14028663;18/09/2026 10:07:05;Gustavo;Soderquvist;;;;;;Gustavo Soderquvist;
14358970;18/09/2026 10:07:24;3;2;0001  215844-1;05;CAMIONETA LUN 4;2094664;"SS43    ";"SANITARIOS SIONE S.R.L.                           ";WASHINGTON 3553;952928;"70-180         ";70-180 - BIDE MONOCOMANDO C/TRANSF. VERA;1;1;1;23509115;180926100705775;184501254;;;;07/27/2031 00:00:00;1;14028663;18/09/2026 10:07:05;Gustavo;Soderquvist;;;;;;Gustavo Soderquvist;
14358972;18/09/2026 11:03:31;3;2;0001  215902-1;05;CAMIONETA LUN 4;2091723;"CJ34    ";CASTILLO, JESUS Y CHAWELES R.S. CAPI SECC V-RINOVO;ARENALES 2825;951265;"16040BL        ";16040BL - PORTA ROLLO ACCESORIOS LINEA 16000 BLACK;4;4;4;23504947;180926110331107;184498157;;;;07/31/2031 00:00:00;4;14030442;18/09/2026 11:03:31;Gustavo;Soderquvist;24778343;18/09/2026 09:02:01;7636;Kevin;Arce;Gustavo Soderquvist;Kevin Arce
14358972;18/09/2026 11:03:31;3;2;0001  215902-1;05;CAMIONETA LUN 4;2091723;"CJ34    ";CASTILLO, JESUS Y CHAWELES R.S. CAPI SECC V-RINOVO;ARENALES 2825;951293;"17010C         ";17010C - TOALLERO BARRAL LINEA FABRIC CROMO;4;4;4;23504947;180926110331107;184501001;;;;12/28/2031 00:00:00;4;14030442;18/09/2026 11:03:31;Gustavo;Soderquvist;24778343;18/09/2026 09:02:01;7636;Kevin;Arce;Gustavo Soderquvist;Kevin Arce
14359322;17/09/2026 10:25:04;3;2;0001  215118-1;06;PEDIDOS LOZA;2093502;"MJ18    ";"SUCESION DE MARCHAL JUAN HECTOR                   ";AV. INDEPENDENCIA 3324;956411;"INO102-1       ";"INODORO BLANCO C/ASIENTO LINEA LOFT                                   ";70;70;70;23466839;170926102503906;184219796;;;;02/24/2032 00:00:00;6;14007407;17/09/2026 10:25:03;Gaston Alejandro;Kiriczuk;24741434;17/09/2026 08:52:05;6404;Ivan;Goyena;Gaston Alejandro Kiriczuk;Ivan Goyena
14359322;17/09/2026 10:25:04;3;2;0001  215118-1;06;PEDIDOS LOZA;2093502;"MJ18    ";"SUCESION DE MARCHAL JUAN HECTOR                   ";AV. INDEPENDENCIA 3324;954942;"BID102-1       ";"BIDE 1 AGUJERO BLANCO LINEA LOFT                                      ";34;34;34;23466839;170926102503906;184228885;;;;02/24/2032 00:00:00;4;14007407;17/09/2026 10:25:03;Gaston Alejandro;Kiriczuk;24741434;17/09/2026 08:52:05;6404;Ivan;Goyena;Gaston Alejandro Kiriczuk;Ivan Goyena
14359322;17/09/2026 10:25:04;3;2;0001  215118-1;06;PEDIDOS LOZA;2093502;"MJ18    ";"SUCESION DE MARCHAL JUAN HECTOR                   ";AV. INDEPENDENCIA 3324;956412;"INO102-2       ";"DEPOSITO C/DESCARGA DUAL BLANCO LINEA LOFT                            ";70;70;70;23473226;170926095738114;184261265;;;;02/24/2032 00:00:00;9;14007456;17/09/2026 09:57:38;Gaston Alejandro;Kiriczuk;;;;;;Gaston Alejandro Kiriczuk;
14359322;17/09/2026 10:25:04;3;2;0001  215118-1;06;PEDIDOS LOZA;2093502;"MJ18    ";"SUCESION DE MARCHAL JUAN HECTOR                   ";AV. INDEPENDENCIA 3324;956411;"INO102-1       ";"INODORO BLANCO C/ASIENTO LINEA LOFT                                   ";70;70;70;23473226;170926095738114;184261264;;;;02/24/2032 00:00:00;6;14007456;17/09/2026 09:57:38;Gaston Alejandro;Kiriczuk;;;;;;Gaston Alejandro Kiriczuk;
14359322;17/09/2026 10:25:04;3;2;0001  215118-1;06;PEDIDOS LOZA;2093502;"MJ18    ";"SUCESION DE MARCHAL JUAN HECTOR                   ";AV. INDEPENDENCIA 3324;956411;"INO102-1       ";"INODORO BLANCO C/ASIENTO LINEA LOFT                                   ";70;70;70;23473266;170926095837320;184261593;;;;02/24/2032 00:00:00;6;14007485;17/09/2026 09:58:37;Gaston Alejandro;Kiriczuk;;;;;;Gaston Alejandro Kiriczuk;
14359322;17/09/2026 10:25:04;3;2;0001  215118-1;06;PEDIDOS LOZA;2093502;"MJ18    ";"SUCESION DE MARCHAL JUAN HECTOR                   ";AV. INDEPENDENCIA 3324;956412;"INO102-2       ";"DEPOSITO C/DESCARGA DUAL BLANCO LINEA LOFT                            ";70;70;70;23473266;170926095837320;184261594;;;;02/24/2032 00:00:00;9;14007485;17/09/2026 09:58:37;Gaston Alejandro;Kiriczuk;;;;;;Gaston Alejandro Kiriczuk;
14359322;17/09/2026 10:25:04;3;2;0001  215118-1;06;PEDIDOS LOZA;2093502;"MJ18    ";"SUCESION DE MARCHAL JUAN HECTOR                   ";AV. INDEPENDENCIA 3324;956412;"INO102-2       ";"DEPOSITO C/DESCARGA DUAL BLANCO LINEA LOFT                            ";70;70;70;23473337;170926095942620;184261952;;;;02/24/2032 00:00:00;7;14007513;17/09/2026 09:59:42;Gaston Alejandro;Kiriczuk;;;;;;Gaston Alejandro Kiriczuk;
14359322;17/09/2026 10:25:04;3;2;0001  215118-1;06;PEDIDOS LOZA;2093502;"MJ18    ";"SUCESION DE MARCHAL JUAN HECTOR                   ";AV. INDEPENDENCIA 3324;956411;"INO102-1       ";"INODORO BLANCO C/ASIENTO LINEA LOFT                                   ";70;70;70;23473337;170926095942620;184261951;;;;02/24/2032 00:00:00;7;14007513;17/09/2026 09:59:42;Gaston Alejandro;Kiriczuk;;;;;;Gaston Alejandro Kiriczuk;
14359322;17/09/2026 10:25:04;3;2;0001  215118-1;06;PEDIDOS LOZA;2093502;"MJ18    ";"SUCESION DE MARCHAL JUAN HECTOR                   ";AV. INDEPENDENCIA 3324;956412;"INO102-2       ";"DEPOSITO C/DESCARGA DUAL BLANCO LINEA LOFT                            ";70;70;70;23473435;170926100102011;184231551;;;;02/24/2032 00:00:00;45;14007573;17/09/2026 10:01:02;Gaston Alejandro;Kiriczuk;;;;;;Gaston Alejandro Kiriczuk;
14359322;17/09/2026 10:25:04;3;2;0001  215118-1;06;PEDIDOS LOZA;2093502;"MJ18    ";"SUCESION DE MARCHAL JUAN HECTOR                   ";AV. INDEPENDENCIA 3324;956411;"INO102-1       ";"INODORO BLANCO C/ASIENTO LINEA LOFT                                   ";70;70;70;23473633;170926100400791;184263357;;;;02/24/2032 00:00:00;9;14007665;17/09/2026 10:04:00;Gaston Alejandro;Kiriczuk;;;;;;Gaston Alejandro Kiriczuk;
14359322;17/09/2026 10:25:04;3;2;0001  215118-1;06;PEDIDOS LOZA;2093502;"MJ18    ";"SUCESION DE MARCHAL JUAN HECTOR                   ";AV. INDEPENDENCIA 3324;956411;"INO102-1       ";"INODORO BLANCO C/ASIENTO LINEA LOFT                                   ";70;70;70;23473670;170926100440772;184263584;;;;02/24/2032 00:00:00;9;14007688;17/09/2026 10:04:40;Gaston Alejandro;Kiriczuk;;;;;;Gaston Alejandro Kiriczuk;
14359322;17/09/2026 10:25:04;3;2;0001  215118-1;06;PEDIDOS LOZA;2093502;"MJ18    ";"SUCESION DE MARCHAL JUAN HECTOR                   ";AV. INDEPENDENCIA 3324;956411;"INO102-1       ";"INODORO BLANCO C/ASIENTO LINEA LOFT                                   ";70;70;70;23473732;170926100539027;184263943;;;;02/24/2032 00:00:00;9;14007714;17/09/2026 10:05:39;Gaston Alejandro;Kiriczuk;;;;;;Gaston Alejandro Kiriczuk;
14359322;17/09/2026 10:25:04;3;2;0001  215118-1;06;PEDIDOS LOZA;2093502;"MJ18    ";"SUCESION DE MARCHAL JUAN HECTOR                   ";AV. INDEPENDENCIA 3324;956411;"INO102-1       ";"INODORO BLANCO C/ASIENTO LINEA LOFT                                   ";70;70;70;23473788;170926100628525;184264241;;;;02/24/2032 00:00:00;9;14007737;17/09/2026 10:06:28;Gaston Alejandro;Kiriczuk;;;;;;Gaston Alejandro Kiriczuk;
14359322;17/09/2026 10:25:04;3;2;0001  215118-1;06;PEDIDOS LOZA;2093502;"MJ18    ";"SUCESION DE MARCHAL JUAN HECTOR                   ";AV. INDEPENDENCIA 3324;956411;"INO102-1       ";"INODORO BLANCO C/ASIENTO LINEA LOFT                                   ";70;70;70;23473859;170926100742141;184264731;;;;02/24/2032 00:00:00;9;14007789;17/09/2026 10:07:42;Gaston Alejandro;Kiriczuk;;;;;;Gaston Alejandro Kiriczuk;
14359322;17/09/2026 10:25:04;3;2;0001  215118-1;06;PEDIDOS LOZA;2093502;"MJ18    ";"SUCESION DE MARCHAL JUAN HECTOR                   ";AV. INDEPENDENCIA 3324;954942;"BID102-1       ";"BIDE 1 AGUJERO BLANCO LINEA LOFT                                      ";34;34;34;23474052;170926101042368;184265878;;;;02/24/2032 00:00:00;15;14007895;17/09/2026 10:10:42;Gaston Alejandro;Kiriczuk;;;;;;Gaston Alejandro Kiriczuk;
14359322;17/09/2026 10:25:04;3;2;0001  215118-1;06;PEDIDOS LOZA;2093502;"MJ18    ";"SUCESION DE MARCHAL JUAN HECTOR                   ";AV. INDEPENDENCIA 3324;954942;"BID102-1       ";"BIDE 1 AGUJERO BLANCO LINEA LOFT                                      ";34;34;34;23474836;170926102420571;184271505;;;;02/24/2032 00:00:00;15;14008374;17/09/2026 10:24:20;Gaston Alejandro;Kiriczuk;;;;;;Gaston Alejandro Kiriczuk;
14360324;17/09/2026 08:35:25;3;2;0001  215936-1;10;URGENTES;2108980;"455     ";"VILLALBA CLAUDIO                                  ";FRAGATA SARMIENTO 2963;954651;"A816           ";"A816 - DUCHA 6"" C/BRAZO Y CAMPANA CR";1;1;1;23468931;170926083524648;184233189;;;;07/27/2031 00:00:00;1;14005029;17/09/2026 08:35:24;Gaston Alejandro;Kiriczuk;24743227;17/09/2026 08:34:49;6409;Gaston Alejandro;Kiriczuk;Gaston Alejandro Kiriczuk;Gaston Alejandro Kiriczuk
14362426;17/09/2026 12:26:49;3;2;TR 0000  127273;01;CARPINTERIA;2090863;DEP_108;EXIBICION MONTES DE OCA;.;952660;"60-192         ";60-192 - LAVATORIO BAJO SORIA BLACK;1;1;1;23480074;170926122544316;184312272;;;;07/27/2031 00:00:00;1;14012130;17/09/2026 12:25:44;Tiago;Rodriguez;24753883;17/09/2026 12:21:32;6922;Franco;Potenza;Tiago Rodriguez;Franco Potenza
14362426;17/09/2026 12:26:49;3;2;TR 0000  127273;01;CARPINTERIA;2090863;DEP_108;EXIBICION MONTES DE OCA;.;952714;"61-180         ";61-180 - LAVATORIO MONOCOMANDO ALTO VERA;1;1;1;23480074;170926122544316;184312104;;;;07/28/2031 00:00:00;1;14012130;17/09/2026 12:25:44;Tiago;Rodriguez;24753883;17/09/2026 12:21:32;6922;Franco;Potenza;Tiago Rodriguez;Franco Potenza
14362426;17/09/2026 12:26:49;3;2;TR 0000  127273;01;CARPINTERIA;2090863;DEP_108;EXIBICION MONTES DE OCA;.;952719;"61-183         ";"LAVATORIO MONOCOMANDO ALTO MAT                                        ";1;1;1;23480074;170926122544316;184315812;;;;11/02/2031 00:00:00;1;14012130;17/09/2026 12:25:44;Tiago;Rodriguez;24753883;17/09/2026 12:21:32;6922;Franco;Potenza;Tiago Rodriguez;Franco Potenza
14362426;17/09/2026 12:26:49;3;2;TR 0000  127273;01;CARPINTERIA;2090863;DEP_108;EXIBICION MONTES DE OCA;.;952720;"61-192         ";61-192 - LAVATORIO ALTO SORIA BLACK;1;1;1;23480074;170926122544316;184312392;;;;07/27/2031 00:00:00;1;14012130;17/09/2026 12:25:44;Tiago;Rodriguez;24753883;17/09/2026 12:21:32;6922;Franco;Potenza;Tiago Rodriguez;Franco Potenza
14362426;17/09/2026 12:26:49;3;2;TR 0000  127273;01;CARPINTERIA;2090863;DEP_108;EXIBICION MONTES DE OCA;.;953125;"80-180         ";80-180 - DUCHA EMB. C/TRANSF. MONOCOMANDO VERA;1;1;1;23480074;170926122544316;184316539;;;;11/23/2031 00:00:00;1;14012130;17/09/2026 12:25:44;Tiago;Rodriguez;24753883;17/09/2026 12:21:32;6922;Franco;Potenza;Tiago Rodriguez;Franco Potenza
14362426;17/09/2026 12:26:49;3;2;TR 0000  127273;01;CARPINTERIA;2090863;DEP_108;EXIBICION MONTES DE OCA;.;953131;"80-183         ";"DUCHA EMB C/TRANSF MONOCOMANDO MAT                                    ";1;1;1;23480074;170926122544316;184314752;;;;11/02/2031 00:00:00;1;14012130;17/09/2026 12:25:44;Tiago;Rodriguez;24753883;17/09/2026 12:21:32;6922;Franco;Potenza;Tiago Rodriguez;Franco Potenza
14362426;17/09/2026 12:26:49;3;2;TR 0000  127273;01;CARPINTERIA;2090863;DEP_108;EXIBICION MONTES DE OCA;.;953138;"80-192         ";80-192 - DUCHA EMB. C/TRANSF. SORIA BLACK;1;1;1;23480074;170926122544316;184313358;;;;07/28/2031 00:00:00;1;14012130;17/09/2026 12:25:44;Tiago;Rodriguez;24753883;17/09/2026 12:21:32;6922;Franco;Potenza;Tiago Rodriguez;Franco Potenza
14362426;17/09/2026 12:26:49;3;2;TR 0000  127273;01;CARPINTERIA;2090863;DEP_108;EXIBICION MONTES DE OCA;.;950974;"10005BL        ";"SET DE 5 PIEZAS LINEA 10000 BLACK                                     ";1;1;1;23480074;170926122544316;184313642;;;;07/28/2031 00:00:00;1;14012130;17/09/2026 12:25:44;Tiago;Rodriguez;24753883;17/09/2026 12:21:32;6922;Franco;Potenza;Tiago Rodriguez;Franco Potenza
14362426;17/09/2026 12:26:49;3;2;TR 0000  127273;01;CARPINTERIA;2090863;DEP_108;EXIBICION MONTES DE OCA;.;950978;"10006CR        ";"SET DE 6 PIEZAS LINEA 10000 MINIMALISTA                               ";1;1;1;23480074;170926122544316;184313937;;;;07/28/2031 00:00:00;1;14012130;17/09/2026 12:25:44;Tiago;Rodriguez;24753883;17/09/2026 12:21:32;6922;Franco;Potenza;Tiago Rodriguez;Franco Potenza
14362426;17/09/2026 12:26:49;3;2;TR 0000  127273;01;CARPINTERIA;2090863;DEP_108;EXIBICION MONTES DE OCA;.;951116;"12006          ";"SET DE 6 PIEZAS LINEA 12000                                           ";1;1;1;23480074;170926122544316;184314437;;;;07/30/2031 00:00:00;1;14012130;17/09/2026 12:25:44;Tiago;Rodriguez;24753883;17/09/2026 12:21:32;6922;Franco;Potenza;Tiago Rodriguez;Franco Potenza
14362426;17/09/2026 12:26:49;3;2;TR 0000  127273;01;CARPINTERIA;2090863;DEP_108;EXIBICION MONTES DE OCA;.;951117;"12006N         ";"SET DE 6 PIEZAS LINEA 12000 BLACK                                     ";1;1;1;23480074;170926122544316;184316369;;;;09/01/2031 00:00:00;1;14012130;17/09/2026 12:25:44;Tiago;Rodriguez;24753883;17/09/2026 12:21:32;6922;Franco;Potenza;Tiago Rodriguez;Franco Potenza
14362426;17/09/2026 12:26:49;3;2;TR 0000  127273;01;CARPINTERIA;2090863;DEP_108;EXIBICION MONTES DE OCA;.;951294;"17010G         ";17010G - TOALLERO BARRAL LINEA FABRIC GOLD;1;1;1;23480074;170926122544316;184310895;;;;07/27/2031 00:00:00;1;14012130;17/09/2026 12:25:44;Tiago;Rodriguez;24753883;17/09/2026 12:21:32;6922;Franco;Potenza;Tiago Rodriguez;Franco Potenza
14362426;17/09/2026 12:26:49;3;2;TR 0000  127273;01;CARPINTERIA;2090863;DEP_108;EXIBICION MONTES DE OCA;.;951297;"17020G         ";17020G - TOALLERO DE ARO LINEA FABRIC GOLD;1;1;1;23480074;170926122544316;184311015;;;;07/29/2031 00:00:00;1;14012130;17/09/2026 12:25:44;Tiago;Rodriguez;24753883;17/09/2026 12:21:32;6922;Franco;Potenza;Tiago Rodriguez;Franco Potenza
14362426;17/09/2026 12:26:49;3;2;TR 0000  127273;01;CARPINTERIA;2090863;DEP_108;EXIBICION MONTES DE OCA;.;951303;"17040G         ";17040G - PORTA ROLLO LINEA FABRIC GOLD;1;1;1;23480074;170926122544316;184314851;;;;07/28/2031 00:00:00;1;14012130;17/09/2026 12:25:44;Tiago;Rodriguez;24753883;17/09/2026 12:21:32;6922;Franco;Potenza;Tiago Rodriguez;Franco Potenza
14362426;17/09/2026 12:26:49;3;2;TR 0000  127273;01;CARPINTERIA;2090863;DEP_108;EXIBICION MONTES DE OCA;.;951306;"17050G         ";17050G - JABONERA  LINEA FABRIC GOLD;1;1;1;23480074;170926122544316;184310746;;;;07/29/2031 00:00:00;1;14012130;17/09/2026 12:25:44;Tiago;Rodriguez;24753883;17/09/2026 12:21:32;6922;Franco;Potenza;Tiago Rodriguez;Franco Potenza
14362426;17/09/2026 12:26:49;3;2;TR 0000  127273;01;CARPINTERIA;2090863;DEP_108;EXIBICION MONTES DE OCA;.;951309;"17060G         ";17060G - PORTA VASO Y CEPILLO  LINEA FABRIC GOLD;1;1;1;23480074;170926122544316;184310516;;;;07/28/2031 00:00:00;1;14012130;17/09/2026 12:25:44;Tiago;Rodriguez;24753883;17/09/2026 12:21:32;6922;Franco;Potenza;Tiago Rodriguez;Franco Potenza
14362426;17/09/2026 12:26:49;3;2;TR 0000  127273;01;CARPINTERIA;2090863;DEP_108;EXIBICION MONTES DE OCA;.;951312;"18010          ";18010 - TOALLERO BARRAL NIQUEL LINEA BEAT;1;1;1;23480074;170926122544316;184311800;;;;07/29/2031 00:00:00;1;14012130;17/09/2026 12:25:44;Tiago;Rodriguez;24753883;17/09/2026 12:21:32;6922;Franco;Potenza;Tiago Rodriguez;Franco Potenza
14362426;17/09/2026 12:26:49;3;2;TR 0000  127273;01;CARPINTERIA;2090863;DEP_108;EXIBICION MONTES DE OCA;.;951314;"18020          ";18020 - TOALLERO DE ARO NIQUEL LINEA BEAT;1;1;1;23480074;170926122544316;184311706;;;;07/29/2031 00:00:00;1;14012130;17/09/2026 12:25:44;Tiago;Rodriguez;24753883;17/09/2026 12:21:32;6922;Franco;Potenza;Tiago Rodriguez;Franco Potenza
14362426;17/09/2026 12:26:49;3;2;TR 0000  127273;01;CARPINTERIA;2090863;DEP_108;EXIBICION MONTES DE OCA;.;951318;"18040          ";18040 - PORTA ROLLO NIQUEL LINEA BEAT;1;1;1;23480074;170926122544316;184311556;;;;07/28/2031 00:00:00;1;14012130;17/09/2026 12:25:44;Tiago;Rodriguez;24753883;17/09/2026 12:21:32;6922;Franco;Potenza;Tiago Rodriguez;Franco Potenza
14362426;17/09/2026 12:26:49;3;2;TR 0000  127273;01;CARPINTERIA;2090863;DEP_108;EXIBICION MONTES DE OCA;.;951320;"18050          ";18050 - JABONERA NIQUEL LINEA BEAT;1;1;1;23480074;170926122544316;184311456;;;;07/28/2031 00:00:00;1;14012130;17/09/2026 12:25:44;Tiago;Rodriguez;24753883;17/09/2026 12:21:32;6922;Franco;Potenza;Tiago Rodriguez;Franco Potenza
14362426;17/09/2026 12:26:49;3;2;TR 0000  127273;01;CARPINTERIA;2090863;DEP_108;EXIBICION MONTES DE OCA;.;951322;"18060          ";18060 - PORTA VASO Y CEPILLO NIQUEL LINEA BEAT;1;1;1;23480074;170926122544316;184311389;;;;07/27/2031 00:00:00;1;14012130;17/09/2026 12:25:44;Tiago;Rodriguez;24753883;17/09/2026 12:21:32;6922;Franco;Potenza;Tiago Rodriguez;Franco Potenza
14362426;17/09/2026 12:26:49;3;2;TR 0000  127273;01;CARPINTERIA;2090863;DEP_108;EXIBICION MONTES DE OCA;.;951324;"19006          ";19006 - SET DE 6 PIEZAS LINEA 19000;1;1;1;23480074;170926122544316;184313760;;;;07/28/2031 00:00:00;1;14012130;17/09/2026 12:25:44;Tiago;Rodriguez;24753883;17/09/2026 12:21:32;6922;Franco;Potenza;Tiago Rodriguez;Franco Potenza
14362426;17/09/2026 12:26:49;3;2;TR 0000  127273;01;CARPINTERIA;2090863;DEP_108;EXIBICION MONTES DE OCA;.;951649;"22004          ";"SET DE 4 PIEZAS LINEA 22000                                           ";1;1;1;23480074;170926122544316;184316144;;;;09/01/2031 00:00:00;1;14012130;17/09/2026 12:25:44;Tiago;Rodriguez;24753883;17/09/2026 12:21:32;6922;Franco;Potenza;Tiago Rodriguez;Franco Potenza
14362426;17/09/2026 12:26:49;3;2;TR 0000  127273;01;CARPINTERIA;2090863;DEP_108;EXIBICION MONTES DE OCA;.;951652;"22006N         ";"SET DE 6 PIEZAS LINEA 22000 BLACK                                     ";1;1;1;23480074;170926122544316;184315990;;;;09/01/2031 00:00:00;1;14012130;17/09/2026 12:25:44;Tiago;Rodriguez;24753883;17/09/2026 12:21:32;6922;Franco;Potenza;Tiago Rodriguez;Franco Potenza
14362426;17/09/2026 12:26:49;3;2;TR 0000  127273;01;CARPINTERIA;2090863;DEP_108;EXIBICION MONTES DE OCA;.;951748;"3006           ";3006 - SET DE 6 PIEZAS LINEA 3000;1;1;1;23480074;170926122544316;184314191;;;;07/29/2031 00:00:00;1;14012130;17/09/2026 12:25:44;Tiago;Rodriguez;24753883;17/09/2026 12:21:32;6922;Franco;Potenza;Tiago Rodriguez;Franco Potenza
14362426;17/09/2026 12:26:49;3;2;TR 0000  127273;01;CARPINTERIA;2090863;DEP_108;EXIBICION MONTES DE OCA;.;951760;"3006SS         ";3006SS - SET DE 6 PIEZAS LINEA 3000 SS;1;1;1;23480074;170926122544316;184308924;;;;07/29/2031 00:00:00;1;14012130;17/09/2026 12:25:44;Tiago;Rodriguez;24753883;17/09/2026 12:21:32;6922;Franco;Potenza;Tiago Rodriguez;Franco Potenza
14362426;17/09/2026 12:26:49;3;2;TR 0000  127273;01;CARPINTERIA;2090863;DEP_108;EXIBICION MONTES DE OCA;.;952650;"60-180         ";60-180 - LAVATORIO MONOCOMANDO BAJO VERA;1;1;1;23480074;170926122544316;184311956;;;;07/28/2031 00:00:00;1;14012130;17/09/2026 12:25:44;Tiago;Rodriguez;24753883;17/09/2026 12:21:32;6922;Franco;Potenza;Tiago Rodriguez;Franco Potenza
14362426;17/09/2026 12:26:49;3;2;TR 0000  127273;01;CARPINTERIA;2090863;DEP_108;EXIBICION MONTES DE OCA;.;952655;"60-183         ";"LAVATORIO MONOCOMANDO BAJO MAT                                        ";1;1;1;23480074;170926122544316;184315036;;;;11/02/2031 00:00:00;1;14012130;17/09/2026 12:25:44;Tiago;Rodriguez;24753883;17/09/2026 12:21:32;6922;Franco;Potenza;Tiago Rodriguez;Franco Potenza
14362426;17/09/2026 12:26:49;3;2;TR 0000  127273;01;CARPINTERIA;2090863;DEP_108;EXIBICION MONTES DE OCA;.;954380;"A1539NI        ";"TAPA Y TECLA PARA VALVULA DE DESCARGA CUADRADA MINIMALISTA NICKEL     ";1;1;1;23481431;170926122647976;184317929;;;;07/31/2031 00:00:00;1;14012224;17/09/2026 12:26:47;Tiago;Rodriguez;24755067;17/09/2026 12:24:31;6922;Franco;Potenza;Tiago Rodriguez;Franco Potenza
14362510;18/09/2026 12:07:59;3;2;0001  215949-1;05;CAMIONETA LUN 4;2091139;"AP11    ";"ABASTECIMIENTOS PLASTICOS S.R.L. -ABAS PLAS       ";THAMES 1416;957491;"RA1101-1N      ";RA1101-1N - FLEXIBLE BLACK MONOC COCINA CUINA M15 x 55cm;1;1;1;23502866;180926030758776;184487774;;;;12/23/2031 00:00:00;1;14032783;18/09/2026 12:07:58;Mirko;Hernandez;24776465;18/09/2026 09:01:19;7827;Javier;Machado;Mirko Hernandez;Javier Machado
14364736;17/09/2026 11:55:56;3;2;0001  215843-1;14;RETIRA;2094378;"SC41    ";"SAJ CERAMICAS -CERAMICAS BERLIN                   ";AV. BERLIN 770;953422;"90-166N        ";90-166N - PACK GRIF. ADRA BLACK PLUS  (Lav-Bide-Ducha c/t Plus);9;9;9;23479568;170926115554639;184306283;;;;01/11/2032 00:00:00;3;14011406;17/09/2026 11:55:54;Maximiliano;Nievas;24753369;17/09/2026 11:52:44;6922;Franco;Potenza;Maximiliano Nievas;Franco Potenza
14364736;17/09/2026 11:55:56;3;2;0001  215843-1;14;RETIRA;2094378;"SC41    ";"SAJ CERAMICAS -CERAMICAS BERLIN                   ";AV. BERLIN 770;953422;"90-166N        ";90-166N - PACK GRIF. ADRA BLACK PLUS  (Lav-Bide-Ducha c/t Plus);9;9;9;23479980;170926115525522;184307664;;;;01/11/2032 00:00:00;3;14011419;17/09/2026 11:55:25;Maximiliano;Nievas;;;;;;Maximiliano Nievas;
14364736;17/09/2026 11:55:56;3;2;0001  215843-1;14;RETIRA;2094378;"SC41    ";"SAJ CERAMICAS -CERAMICAS BERLIN                   ";AV. BERLIN 770;953422;"90-166N        ";90-166N - PACK GRIF. ADRA BLACK PLUS  (Lav-Bide-Ducha c/t Plus);9;9;9;23480016;170926115539899;184307743;;;;01/11/2032 00:00:00;3;14011429;17/09/2026 11:55:39;Maximiliano;Nievas;;;;;;Maximiliano Nievas;
14365048;17/09/2026 12:32:00;3;2;4444    2536-1;10;URGENTES;2109166;"CLIEVEN ";"CLIENTE EVENTUAL                                  ";RIVADAVIA 3428;951134;"13020          ";"TOALLERO DE ARO LINEA 13000                                           ";1;1;1;23481602;170926123159481;184320116;;;;07/31/2031 00:00:00;1;14012352;17/09/2026 12:31:59;Tiago;Rodriguez;24755215;17/09/2026 12:31:25;6922;Franco;Potenza;Tiago Rodriguez;Franco Potenza
14365049;17/09/2026 12:38:07;3;2;4444    2539-1;10;URGENTES;2109166;"CLIEVEN ";"CLIENTE EVENTUAL                                  ";RIVADAVIA 3428;956418;"INO104N-2      ";"DEPOSITO C/DESCARGA DUAL BLACK LINEA STONE                            ";1;1;1;23481840;170926123805440;184321296;;;;10/18/2031 00:00:00;1;14012502;17/09/2026 12:38:05;Tiago;Rodriguez;24755500;17/09/2026 12:35:51;6922;Franco;Potenza;Tiago Rodriguez;Franco Potenza
14365049;17/09/2026 12:38:07;3;2;4444    2539-1;10;URGENTES;2109166;"CLIEVEN ";"CLIENTE EVENTUAL                                  ";RIVADAVIA 3428;954946;"BID104-1       ";"BIDE 1 AGUJERO BLANCO LINEA STONE                                     ";1;1;1;23481840;170926123805440;184321668;;;;10/26/2031 00:00:00;1;14012502;17/09/2026 12:38:05;Tiago;Rodriguez;24755500;17/09/2026 12:35:51;6922;Franco;Potenza;Tiago Rodriguez;Franco Potenza
14365166;21/09/2026 08:52:18;3;2;TR 0000  127298;01;CARPINTERIA;2090863;DEP_108;EXIBICION MONTES DE OCA;.;1007844;"20-122S        ";"MONOCOMANDO COCINA INOX C/PICO EXTRAIBLE VALENCIA                     ";1;1;1;23544210;210926085217314;184772298;;;;01/06/2032 00:00:00;1;14051934;21/09/2026 08:52:17;Tiago;Rodriguez;24817108;21/09/2026 07:45:48;6409;Gaston Alejandro;Kiriczuk;Tiago Rodriguez;Gaston Alejandro Kiriczuk
14365166;21/09/2026 08:52:18;3;2;TR 0000  127298;01;CARPINTERIA;2090863;DEP_108;EXIBICION MONTES DE OCA;.;952728;"61-205         ";61-205 - LAVATORIO MONOC ALTO STEEL;1;1;1;23544210;210926085217314;184775913;;;;07/28/2031 00:00:00;1;14051934;21/09/2026 08:52:17;Tiago;Rodriguez;24817108;21/09/2026 07:45:48;6409;Gaston Alejandro;Kiriczuk;Tiago Rodriguez;Gaston Alejandro Kiriczuk
14365166;21/09/2026 08:52:18;3;2;TR 0000  127298;01;CARPINTERIA;2090863;DEP_108;EXIBICION MONTES DE OCA;.;953063;"8006           ";8006 - SET DE 6 PIEZAS LINEA 8000;1;1;1;23544210;210926085217314;184774887;;;;07/29/2031 00:00:00;1;14051934;21/09/2026 08:52:17;Tiago;Rodriguez;24817108;21/09/2026 07:45:48;6409;Gaston Alejandro;Kiriczuk;Tiago Rodriguez;Gaston Alejandro Kiriczuk
14365166;21/09/2026 08:52:18;3;2;TR 0000  127298;01;CARPINTERIA;2090863;DEP_108;EXIBICION MONTES DE OCA;.;953123;"80-176N        ";80-176N - DUCHA EMB C/TRANSF MONOC BLACK RIO;2;2;2;23544210;210926085217314;184773791;;;;07/27/2031 00:00:00;2;14051934;21/09/2026 08:52:17;Tiago;Rodriguez;24817108;21/09/2026 07:45:48;6409;Gaston Alejandro;Kiriczuk;Tiago Rodriguez;Gaston Alejandro Kiriczuk
14365166;21/09/2026 08:52:18;3;2;TR 0000  127298;01;CARPINTERIA;2090863;DEP_108;EXIBICION MONTES DE OCA;.;953131;"80-183         ";"DUCHA EMB C/TRANSF MONOCOMANDO MAT                                    ";2;2;2;23544210;210926085217314;184771524;;;;11/02/2031 00:00:00;2;14051934;21/09/2026 08:52:17;Tiago;Rodriguez;24817108;21/09/2026 07:45:48;6409;Gaston Alejandro;Kiriczuk;Tiago Rodriguez;Gaston Alejandro Kiriczuk
14365166;21/09/2026 08:52:18;3;2;TR 0000  127298;01;CARPINTERIA;2090863;DEP_108;EXIBICION MONTES DE OCA;.;953138;"80-192         ";80-192 - DUCHA EMB. C/TRANSF. SORIA BLACK;1;1;1;23544210;210926085217314;184773487;;;;07/28/2031 00:00:00;1;14051934;21/09/2026 08:52:17;Tiago;Rodriguez;24817108;21/09/2026 07:45:48;6409;Gaston Alejandro;Kiriczuk;Tiago Rodriguez;Gaston Alejandro Kiriczuk
14365166;21/09/2026 08:52:18;3;2;TR 0000  127298;01;CARPINTERIA;2090863;DEP_108;EXIBICION MONTES DE OCA;.;953157;"80-203         ";80-203 - DUCHA EMB C/TRANSF. MONOCOMANDO ADRA;1;1;1;23544210;210926085217314;184775041;;;;07/27/2031 00:00:00;1;14051934;21/09/2026 08:52:17;Tiago;Rodriguez;24817108;21/09/2026 07:45:48;6409;Gaston Alejandro;Kiriczuk;Tiago Rodriguez;Gaston Alejandro Kiriczuk
14365166;21/09/2026 08:52:18;3;2;TR 0000  127298;01;CARPINTERIA;2090863;DEP_108;EXIBICION MONTES DE OCA;.;953321;"83-203N        ";83-203N - DUCHA EXT C/TRANSF. MONOCOMANDO ADRA BLACK;1;1;1;23544210;210926085217314;184774984;;;;07/31/2031 00:00:00;1;14051934;21/09/2026 08:52:17;Tiago;Rodriguez;24817108;21/09/2026 07:45:48;6409;Gaston Alejandro;Kiriczuk;Tiago Rodriguez;Gaston Alejandro Kiriczuk
14365166;21/09/2026 08:52:18;3;2;TR 0000  127298;01;CARPINTERIA;2090863;DEP_108;EXIBICION MONTES DE OCA;.;951563;"20-202NI       ";20-202NI - MONOCOMANDO COCINA NICKEL HOOP;1;1;1;23544210;210926085217314;184776173;;;;07/29/2031 00:00:00;1;14051934;21/09/2026 08:52:17;Tiago;Rodriguez;24817108;21/09/2026 07:45:48;6409;Gaston Alejandro;Kiriczuk;Tiago Rodriguez;Gaston Alejandro Kiriczuk
14365166;21/09/2026 08:52:18;3;2;TR 0000  127298;01;CARPINTERIA;2090863;DEP_108;EXIBICION MONTES DE OCA;.;951565;"20-205         ";20-205 - MONOCOMANDO DE COCINA STEEL;7;7;7;23544210;210926085217314;184774800;;;;07/28/2031 00:00:00;7;14051934;21/09/2026 08:52:17;Tiago;Rodriguez;24817108;21/09/2026 07:45:48;6409;Gaston Alejandro;Kiriczuk;Tiago Rodriguez;Gaston Alejandro Kiriczuk
14365166;21/09/2026 08:52:18;3;2;TR 0000  127298;01;CARPINTERIA;2090863;DEP_108;EXIBICION MONTES DE OCA;.;951607;"21100N         ";21100N - ESTANTE ORGANIZADOR RECTANGULAR BLACK 25x12x7;1;1;1;23544210;210926085217314;184774301;;;;07/27/2031 00:00:00;1;14051934;21/09/2026 08:52:17;Tiago;Rodriguez;24817108;21/09/2026 07:45:48;6409;Gaston Alejandro;Kiriczuk;Tiago Rodriguez;Gaston Alejandro Kiriczuk
14365166;21/09/2026 08:52:18;3;2;TR 0000  127298;01;CARPINTERIA;2090863;DEP_108;EXIBICION MONTES DE OCA;.;951614;"21200          ";21200 - ESQUINERO ORGANIZADOR 19x19x7;1;1;1;23544210;210926085217314;184776477;;;;07/27/2031 00:00:00;1;14051934;21/09/2026 08:52:17;Tiago;Rodriguez;24817108;21/09/2026 07:45:48;6409;Gaston Alejandro;Kiriczuk;Tiago Rodriguez;Gaston Alejandro Kiriczuk
14365166;21/09/2026 08:52:18;3;2;TR 0000  127298;01;CARPINTERIA;2090863;DEP_108;EXIBICION MONTES DE OCA;.;952618;"60-133         ";60-133 - LAVATORIO MONOCOMANDO LUGO;1;1;1;23544210;210926085217314;184770572;;;;07/29/2031 00:00:00;1;14051934;21/09/2026 08:52:17;Tiago;Rodriguez;24817108;21/09/2026 07:45:48;6409;Gaston Alejandro;Kiriczuk;Tiago Rodriguez;Gaston Alejandro Kiriczuk
14365166;21/09/2026 08:52:18;3;2;TR 0000  127298;01;CARPINTERIA;2090863;DEP_108;EXIBICION MONTES DE OCA;.;952637;"60-168         ";60-168 - LAVATORIO MONOC BAJO CR WAVE;2;2;2;23544210;210926085217314;184776027;;;;07/27/2031 00:00:00;2;14051934;21/09/2026 08:52:17;Tiago;Rodriguez;24817108;21/09/2026 07:45:48;6409;Gaston Alejandro;Kiriczuk;Tiago Rodriguez;Gaston Alejandro Kiriczuk
14365166;21/09/2026 08:52:18;3;2;TR 0000  127298;01;CARPINTERIA;2090863;DEP_108;EXIBICION MONTES DE OCA;.;952648;"60-176N        ";"LAVATORIO MONOCOMANDO BAJO BLACK RIO                                  ";2;2;2;23544210;210926085217314;184773881;;;;07/29/2031 00:00:00;2;14051934;21/09/2026 08:52:17;Tiago;Rodriguez;24817108;21/09/2026 07:45:48;6409;Gaston Alejandro;Kiriczuk;Tiago Rodriguez;Gaston Alejandro Kiriczuk
14365166;21/09/2026 08:52:18;3;2;TR 0000  127298;01;CARPINTERIA;2090863;DEP_108;EXIBICION MONTES DE OCA;.;952655;"60-183         ";"LAVATORIO MONOCOMANDO BAJO MAT                                        ";3;3;3;23544210;210926085217314;184771069;;;;11/02/2031 00:00:00;3;14051934;21/09/2026 08:52:17;Tiago;Rodriguez;24817108;21/09/2026 07:45:48;6409;Gaston Alejandro;Kiriczuk;Tiago Rodriguez;Gaston Alejandro Kiriczuk
14365166;21/09/2026 08:52:18;3;2;TR 0000  127298;01;CARPINTERIA;2090863;DEP_108;EXIBICION MONTES DE OCA;.;952708;"61-168         ";61-168 - LAVATORIO MONOC ALTO CR WAVE;2;2;2;23544210;210926085217314;184776565;;;;07/27/2031 00:00:00;2;14051934;21/09/2026 08:52:17;Tiago;Rodriguez;24817108;21/09/2026 07:45:48;6409;Gaston Alejandro;Kiriczuk;Tiago Rodriguez;Gaston Alejandro Kiriczuk
14365166;21/09/2026 08:52:18;3;2;TR 0000  127298;01;CARPINTERIA;2090863;DEP_108;EXIBICION MONTES DE OCA;.;952712;"61-176         ";61-176 - LAVATORIO MONOC ALTO CR RIO;2;2;2;23544210;210926085217314;184773967;;;;10/11/2031 00:00:00;2;14051934;21/09/2026 08:52:17;Tiago;Rodriguez;24817108;21/09/2026 07:45:48;6409;Gaston Alejandro;Kiriczuk;Tiago Rodriguez;Gaston Alejandro Kiriczuk
14365166;21/09/2026 08:52:18;3;2;TR 0000  127298;01;CARPINTERIA;2090863;DEP_108;EXIBICION MONTES DE OCA;.;952719;"61-183         ";"LAVATORIO MONOCOMANDO ALTO MAT                                        ";3;3;3;23544210;210926085217314;184770746;;;;11/02/2031 00:00:00;3;14051934;21/09/2026 08:52:17;Tiago;Rodriguez;24817108;21/09/2026 07:45:48;6409;Gaston Alejandro;Kiriczuk;Tiago Rodriguez;Gaston Alejandro Kiriczuk
14365166;21/09/2026 08:52:18;3;2;TR 0000  127298;01;CARPINTERIA;2090863;DEP_108;EXIBICION MONTES DE OCA;.;952720;"61-192         ";61-192 - LAVATORIO ALTO SORIA BLACK;1;1;1;23544210;210926085217314;184773588;;;;07/27/2031 00:00:00;1;14051934;21/09/2026 08:52:17;Tiago;Rodriguez;24817108;21/09/2026 07:45:48;6409;Gaston Alejandro;Kiriczuk;Tiago Rodriguez;Gaston Alejandro Kiriczuk
14365166;21/09/2026 08:52:18;3;2;TR 0000  127298;01;CARPINTERIA;2090863;DEP_108;EXIBICION MONTES DE OCA;.;951116;"12006          ";"SET DE 6 PIEZAS LINEA 12000                                           ";2;2;2;23544210;210926085217314;184772234;;;;07/30/2031 00:00:00;2;14051934;21/09/2026 08:52:17;Tiago;Rodriguez;24817108;21/09/2026 07:45:48;6409;Gaston Alejandro;Kiriczuk;Tiago Rodriguez;Gaston Alejandro Kiriczuk
14365166;21/09/2026 08:52:18;3;2;TR 0000  127298;01;CARPINTERIA;2090863;DEP_108;EXIBICION MONTES DE OCA;.;951294;"17010G         ";17010G - TOALLERO BARRAL LINEA FABRIC GOLD;1;1;1;23544210;210926085217314;184775095;;;;07/27/2031 00:00:00;1;14051934;21/09/2026 08:52:17;Tiago;Rodriguez;24817108;21/09/2026 07:45:48;6409;Gaston Alejandro;Kiriczuk;Tiago Rodriguez;Gaston Alejandro Kiriczuk
14365166;21/09/2026 08:52:18;3;2;TR 0000  127298;01;CARPINTERIA;2090863;DEP_108;EXIBICION MONTES DE OCA;.;951297;"17020G         ";17020G - TOALLERO DE ARO LINEA FABRIC GOLD;1;1;1;23544210;210926085217314;184775138;;;;07/29/2031 00:00:00;1;14051934;21/09/2026 08:52:17;Tiago;Rodriguez;24817108;21/09/2026 07:45:48;6409;Gaston Alejandro;Kiriczuk;Tiago Rodriguez;Gaston Alejandro Kiriczuk
14365166;21/09/2026 08:52:18;3;2;TR 0000  127298;01;CARPINTERIA;2090863;DEP_108;EXIBICION MONTES DE OCA;.;951303;"17040G         ";17040G - PORTA ROLLO LINEA FABRIC GOLD;1;1;1;23544210;210926085217314;184770522;;;;07/28/2031 00:00:00;1;14051934;21/09/2026 08:52:17;Tiago;Rodriguez;24817108;21/09/2026 07:45:48;6409;Gaston Alejandro;Kiriczuk;Tiago Rodriguez;Gaston Alejandro Kiriczuk
14365166;21/09/2026 08:52:18;3;2;TR 0000  127298;01;CARPINTERIA;2090863;DEP_108;EXIBICION MONTES DE OCA;.;951324;"19006          ";19006 - SET DE 6 PIEZAS LINEA 19000;2;2;2;23544210;210926085217314;184772637;;;;07/28/2031 00:00:00;2;14051934;21/09/2026 08:52:17;Tiago;Rodriguez;24817108;21/09/2026 07:45:48;6409;Gaston Alejandro;Kiriczuk;Tiago Rodriguez;Gaston Alejandro Kiriczuk
14365166;21/09/2026 08:52:18;3;2;TR 0000  127298;01;CARPINTERIA;2090863;DEP_108;EXIBICION MONTES DE OCA;.;951384;"20010GR        ";20010GR - TOALLERO BARRAL GRAFITO LINEA PULSE  ;1;1;1;23544210;210926085217314;184770405;;;;07/27/2031 00:00:00;1;14051934;21/09/2026 08:52:17;Tiago;Rodriguez;24817108;21/09/2026 07:45:48;6409;Gaston Alejandro;Kiriczuk;Tiago Rodriguez;Gaston Alejandro Kiriczuk
14365166;21/09/2026 08:52:18;3;2;TR 0000  127298;01;CARPINTERIA;2090863;DEP_108;EXIBICION MONTES DE OCA;.;951398;"20020GR        ";20020GR - TOALLERO DE ARO GRAFITO LINEA PULSE;1;1;1;23544210;210926085217314;184776418;;;;07/29/2031 00:00:00;1;14051934;21/09/2026 08:52:17;Tiago;Rodriguez;24817108;21/09/2026 07:45:48;6409;Gaston Alejandro;Kiriczuk;Tiago Rodriguez;Gaston Alejandro Kiriczuk
14365166;21/09/2026 08:52:18;3;2;TR 0000  127298;01;CARPINTERIA;2090863;DEP_108;EXIBICION MONTES DE OCA;.;951412;"20030GR        ";20030GR - PERCHA GRAFITO LINEA PULSE  ;1;1;1;23544210;210926085217314;184776744;;;;07/31/2031 00:00:00;1;14051934;21/09/2026 08:52:17;Tiago;Rodriguez;24817108;21/09/2026 07:45:48;6409;Gaston Alejandro;Kiriczuk;Tiago Rodriguez;Gaston Alejandro Kiriczuk
14365166;21/09/2026 08:52:18;3;2;TR 0000  127298;01;CARPINTERIA;2090863;DEP_108;EXIBICION MONTES DE OCA;.;951426;"20040GR        ";20040GR - PORTA ROLLO GRAFITO LINEA PULSE;1;1;1;23544210;210926085217314;184776725;;;;07/31/2031 00:00:00;1;14051934;21/09/2026 08:52:17;Tiago;Rodriguez;24817108;21/09/2026 07:45:48;6409;Gaston Alejandro;Kiriczuk;Tiago Rodriguez;Gaston Alejandro Kiriczuk
14365166;21/09/2026 08:52:18;3;2;TR 0000  127298;01;CARPINTERIA;2090863;DEP_108;EXIBICION MONTES DE OCA;.;951439;"20050GR        ";20050GR - JABONERA GRAFITO LINEA PULSE   ;1;1;1;23544210;210926085217314;184776811;;;;07/31/2031 00:00:00;1;14051934;21/09/2026 08:52:17;Tiago;Rodriguez;24817108;21/09/2026 07:45:48;6409;Gaston Alejandro;Kiriczuk;Tiago Rodriguez;Gaston Alejandro Kiriczuk
14365166;21/09/2026 08:52:18;3;2;TR 0000  127298;01;CARPINTERIA;2090863;DEP_108;EXIBICION MONTES DE OCA;.;951453;"20060GR        ";20060GR - PORTA VASO Y CEPILLO GRAFITO LINEA PULSE;1;1;1;23544210;210926085217314;184776781;;;;07/31/2031 00:00:00;1;14051934;21/09/2026 08:52:17;Tiago;Rodriguez;24817108;21/09/2026 07:45:48;6409;Gaston Alejandro;Kiriczuk;Tiago Rodriguez;Gaston Alejandro Kiriczuk
14365166;21/09/2026 08:52:18;3;2;TR 0000  127298;01;CARPINTERIA;2090863;DEP_108;EXIBICION MONTES DE OCA;.;951485;"20-100G        ";20-100G - MONOCOMANDO DE COCINA FABRIC GOLD;4;4;4;23544210;210926085217314;184772956;;;;07/28/2031 00:00:00;4;14051934;21/09/2026 08:52:17;Tiago;Rodriguez;24817108;21/09/2026 07:45:48;6409;Gaston Alejandro;Kiriczuk;Tiago Rodriguez;Gaston Alejandro Kiriczuk
14365166;21/09/2026 08:52:18;3;2;TR 0000  127298;01;CARPINTERIA;2090863;DEP_108;EXIBICION MONTES DE OCA;.;951523;"20-134         ";20-134 - MONOCOMANDO COCINA BETIS;1;1;1;23544210;210926085217314;184770337;;;;08/11/2031 00:00:00;1;14051934;21/09/2026 08:52:17;Tiago;Rodriguez;24817108;21/09/2026 07:45:48;6409;Gaston Alejandro;Kiriczuk;Tiago Rodriguez;Gaston Alejandro Kiriczuk
14365166;21/09/2026 08:52:18;3;2;TR 0000  127298;01;CARPINTERIA;2090863;DEP_108;EXIBICION MONTES DE OCA;.;951532;"20-147         ";20-147 - MONOCOMANDO DE COCINA SWIFT;5;5;5;23544210;210926085217314;184774614;;;;08/04/2031 00:00:00;5;14051934;21/09/2026 08:52:17;Tiago;Rodriguez;24817108;21/09/2026 07:45:48;6409;Gaston Alejandro;Kiriczuk;Tiago Rodriguez;Gaston Alejandro Kiriczuk
14365166;21/09/2026 08:52:18;3;2;TR 0000  127298;01;CARPINTERIA;2090863;DEP_108;EXIBICION MONTES DE OCA;.;951533;"20-150         ";20-150 - MONOCOMANDO MESADA COCINA TOLEDO;3;3;3;23544210;210926085217314;184773005;;;;07/27/2031 00:00:00;3;14051934;21/09/2026 08:52:17;Tiago;Rodriguez;24817108;21/09/2026 07:45:48;6409;Gaston Alejandro;Kiriczuk;Tiago Rodriguez;Gaston Alejandro Kiriczuk
14365166;21/09/2026 08:52:18;3;2;TR 0000  127298;01;CARPINTERIA;2090863;DEP_108;EXIBICION MONTES DE OCA;.;951535;"20-160         ";20-160 - MONOCOMANDO MESADA COCINA DIQUE;2;2;2;23544210;210926085217314;184771707;;;;07/28/2031 00:00:00;2;14051934;21/09/2026 08:52:17;Tiago;Rodriguez;24817108;21/09/2026 07:45:48;6409;Gaston Alejandro;Kiriczuk;Tiago Rodriguez;Gaston Alejandro Kiriczuk
14365166;21/09/2026 08:52:18;3;2;TR 0000  127298;01;CARPINTERIA;2090863;DEP_108;EXIBICION MONTES DE OCA;.;951539;"20-168         ";20-168 - MONOCOMANDO COCINA CR WAVE;2;2;2;23544210;210926085217314;184776298;;;;07/27/2031 00:00:00;2;14051934;21/09/2026 08:52:17;Tiago;Rodriguez;24817108;21/09/2026 07:45:48;6409;Gaston Alejandro;Kiriczuk;Tiago Rodriguez;Gaston Alejandro Kiriczuk
14365166;21/09/2026 08:52:18;3;2;TR 0000  127298;01;CARPINTERIA;2090863;DEP_108;EXIBICION MONTES DE OCA;.;951540;"20-168N        ";20-168N - MONOCOMANDO COCINA BLACK WAVE;3;3;3;23544210;210926085217314;184776389;;;;07/27/2031 00:00:00;3;14051934;21/09/2026 08:52:17;Tiago;Rodriguez;24817108;21/09/2026 07:45:48;6409;Gaston Alejandro;Kiriczuk;Tiago Rodriguez;Gaston Alejandro Kiriczuk
14365166;21/09/2026 08:52:18;3;2;TR 0000  127298;01;CARPINTERIA;2090863;DEP_108;EXIBICION MONTES DE OCA;.;951547;"20-174         ";20-174 - COCINA MESADA MONOC. COLORS BLACK;1;1;1;23544210;210926085217314;184776600;;;;07/28/2031 00:00:00;1;14051934;21/09/2026 08:52:17;Tiago;Rodriguez;24817108;21/09/2026 07:45:48;6409;Gaston Alejandro;Kiriczuk;Tiago Rodriguez;Gaston Alejandro Kiriczuk
14365166;21/09/2026 08:52:18;3;2;TR 0000  127298;01;CARPINTERIA;2090863;DEP_108;EXIBICION MONTES DE OCA;.;951552;"20-183         ";"MONOCOMANDO DE COCINA MAT                                             ";4;4;4;23544210;210926085217314;184771162;;;;11/02/2031 00:00:00;4;14051934;21/09/2026 08:52:17;Tiago;Rodriguez;24817108;21/09/2026 07:45:48;6409;Gaston Alejandro;Kiriczuk;Tiago Rodriguez;Gaston Alejandro Kiriczuk
14365166;21/09/2026 08:52:18;3;2;TR 0000  127298;01;CARPINTERIA;2090863;DEP_108;EXIBICION MONTES DE OCA;.;951553;"20-184         ";"MONOCOMANDO DE COCINA CR SUV                                          ";9;9;9;23544210;210926085217314;184775592;;;;10/04/2031 00:00:00;9;14051934;21/09/2026 08:52:17;Tiago;Rodriguez;24817108;21/09/2026 07:45:48;6409;Gaston Alejandro;Kiriczuk;Tiago Rodriguez;Gaston Alejandro Kiriczuk
14365166;21/09/2026 08:52:18;3;2;TR 0000  127298;01;CARPINTERIA;2090863;DEP_108;EXIBICION MONTES DE OCA;.;952727;"61-203N        ";"LAVATORIO MONOCOMANDO ALTO ADRA BLACK                                 ";1;1;1;23546527;210926084910542;184787062;;;;01/06/2032 00:00:00;1;14051918;21/09/2026 08:49:10;Tiago;Rodriguez;24818078;21/09/2026 08:26:25;6409;Gaston Alejandro;Kiriczuk;Tiago Rodriguez;Gaston Alejandro Kiriczuk
14365166;21/09/2026 08:52:18;3;2;TR 0000  127298;01;CARPINTERIA;2090863;DEP_108;EXIBICION MONTES DE OCA;.;952726;"61-203         ";61-203 - LAVATORIO MONOCOMANDO ALTO ADRA;3;3;3;23546527;210926084910542;184786856;;;;02/22/2032 00:00:00;3;14051918;21/09/2026 08:49:10;Tiago;Rodriguez;24818078;21/09/2026 08:26:25;6409;Gaston Alejandro;Kiriczuk;Tiago Rodriguez;Gaston Alejandro Kiriczuk
14365166;21/09/2026 08:52:18;3;2;TR 0000  127298;01;CARPINTERIA;2090863;DEP_108;EXIBICION MONTES DE OCA;.;952678;"60-203N        ";"LAVATORIO MONOCOMANDO BAJO ADRA BLACK                                 ";1;1;1;23546527;210926084910542;184787097;;;;01/06/2032 00:00:00;1;14051918;21/09/2026 08:49:10;Tiago;Rodriguez;24818078;21/09/2026 08:26:25;6409;Gaston Alejandro;Kiriczuk;Tiago Rodriguez;Gaston Alejandro Kiriczuk
14365166;21/09/2026 08:52:18;3;2;TR 0000  127298;01;CARPINTERIA;2090863;DEP_108;EXIBICION MONTES DE OCA;.;952677;"60-203         ";60-203 - LAVATORIO MONOCOMANDO BAJO ADRA;5;5;5;23546527;210926084910542;184786968;;;;03/02/2032 00:00:00;5;14051918;21/09/2026 08:49:10;Tiago;Rodriguez;24818078;21/09/2026 08:26:25;6409;Gaston Alejandro;Kiriczuk;Tiago Rodriguez;Gaston Alejandro Kiriczuk
14365166;21/09/2026 08:52:18;3;2;TR 0000  127298;01;CARPINTERIA;2090863;DEP_108;EXIBICION MONTES DE OCA;.;953112;"80-168         ";80-168 - DUCHA EMB C/TRANSF MONOC CR WAVE;2;2;2;23546527;210926084910542;184787272;;;;02/04/2032 00:00:00;2;14051918;21/09/2026 08:49:10;Tiago;Rodriguez;24818078;21/09/2026 08:26:25;6409;Gaston Alejandro;Kiriczuk;Tiago Rodriguez;Gaston Alejandro Kiriczuk
14365166;21/09/2026 08:52:18;3;2;TR 0000  127298;01;CARPINTERIA;2090863;DEP_108;EXIBICION MONTES DE OCA;.;954949;"BID104N-3      ";"BIDE 3 AGUJEROS BLACK LINEA STONE                                     ";2;2;2;23547260;210926084722850;184789055;;;;07/30/2031 00:00:00;2;14051878;21/09/2026 08:47:22;Tiago;Rodriguez;24819729;21/09/2026 08:33:58;6409;Gaston Alejandro;Kiriczuk;Tiago Rodriguez;Gaston Alejandro Kiriczuk
14365166;21/09/2026 08:52:18;3;2;TR 0000  127298;01;CARPINTERIA;2090863;DEP_108;EXIBICION MONTES DE OCA;.;956417;"INO104N-1      ";"INODORO BLACK C/ASIENTO LINEA STONE                                   ";2;2;2;23547260;210926084722850;184789423;;;;01/18/2032 00:00:00;2;14051878;21/09/2026 08:47:22;Tiago;Rodriguez;24819729;21/09/2026 08:33:58;6409;Gaston Alejandro;Kiriczuk;Tiago Rodriguez;Gaston Alejandro Kiriczuk
14365166;21/09/2026 08:52:18;3;2;TR 0000  127298;01;CARPINTERIA;2090863;DEP_108;EXIBICION MONTES DE OCA;.;956418;"INO104N-2      ";"DEPOSITO C/DESCARGA DUAL BLACK LINEA STONE                            ";2;2;2;23547260;210926084722850;184789525;;;;10/18/2031 00:00:00;2;14051878;21/09/2026 08:47:22;Tiago;Rodriguez;24819729;21/09/2026 08:33:58;6409;Gaston Alejandro;Kiriczuk;Tiago Rodriguez;Gaston Alejandro Kiriczuk
14366019;17/09/2026 12:33:24;3;2;0001  215953-1;10;URGENTES;2093713;"NS03    ";"NESGAMET S.A.                                     ";SOR JUANA DE LA CRUZ 1462;952713;"61-176N        ";61-176N - LAVATORIO MONOC ALTO BLACK RIO;4;4;4;23481603;170926123323366;184319750;;;;07/29/2031 00:00:00;4;14012394;17/09/2026 12:33:23;Gaston Alejandro;Kiriczuk;24755215;17/09/2026 12:31:25;6922;Franco;Potenza;Gaston Alejandro Kiriczuk;Franco Potenza
14367163;17/09/2026 14:27:44;3;2;0001  215571-1;10;URGENTES;2235605;"MM44    ";"MOTTESI MATERIALES SA                             ";SARGENTO CABRAL 320;952712;"61-176         ";61-176 - LAVATORIO MONOC ALTO CR RIO;1;1;1;23483622;170926142743786;184334826;;;;10/11/2031 00:00:00;1;14016146;17/09/2026 14:27:43;Maximiliano;Nievas;24757283;17/09/2026 13:22:03;7827;Javier;Machado;Maximiliano Nievas;Javier Machado
14367233;17/09/2026 14:27:07;3;2;0001  215614-1;10;URGENTES;2091683;"CI04    ";"LA CASA DEL INSTALADOR S.A.                       ";INDEPENDENCIA 1100;953343;"85-153         ";85-153 - DUCHA EMB C/TRANSF Y DUCHADOR CR C.CERAM CASTILLA;1;1;1;23483614;170926142417342;184338050;;;;11/16/2031 00:00:00;1;14016007;17/09/2026 14:24:17;Maximiliano;Nievas;24757278;17/09/2026 13:31:03;7839;Claudio;Juarez;Maximiliano Nievas;Claudio Juarez
14367233;17/09/2026 14:27:07;3;2;0001  215614-1;10;URGENTES;2091683;"CI04    ";"LA CASA DEL INSTALADOR S.A.                       ";INDEPENDENCIA 1100;953477;"934/CR         ";934/CR - J.PARED C/EXT CRUZ CR/CR ARES;1;1;1;23483614;170926142417342;184336035;;;;02/09/2032 00:00:00;1;14016007;17/09/2026 14:24:17;Maximiliano;Nievas;24757278;17/09/2026 13:31:03;7839;Claudio;Juarez;Maximiliano Nievas;Claudio Juarez
14367233;17/09/2026 14:27:07;3;2;0001  215614-1;10;URGENTES;2091683;"CI04    ";"LA CASA DEL INSTALADOR S.A.                       ";INDEPENDENCIA 1100;952471;"53-002         ";53-002 - COCINA PARED EXT. P.ALTO RENACER;1;1;1;23483614;170926142417342;184335181;;;;07/29/2031 00:00:00;1;14016007;17/09/2026 14:24:17;Maximiliano;Nievas;24757278;17/09/2026 13:31:03;7839;Claudio;Juarez;Maximiliano Nievas;Claudio Juarez
14367233;17/09/2026 14:27:07;3;2;0001  215614-1;10;URGENTES;2091683;"CI04    ";"LA CASA DEL INSTALADOR S.A.                       ";INDEPENDENCIA 1100;952909;"70-153         ";70-153 - BIDE CR C.CERAM CASTILLA;1;1;1;23483614;170926142417342;184338182;;;;10/20/2031 00:00:00;1;14016007;17/09/2026 14:24:17;Maximiliano;Nievas;24757278;17/09/2026 13:31:03;7839;Claudio;Juarez;Maximiliano Nievas;Claudio Juarez
14367233;17/09/2026 14:27:07;3;2;0001  215614-1;10;URGENTES;2091683;"CI04    ";"LA CASA DEL INSTALADOR S.A.                       ";INDEPENDENCIA 1100;951485;"20-100G        ";20-100G - MONOCOMANDO DE COCINA FABRIC GOLD;1;1;1;23483623;170926142707203;184335287;;;;07/28/2031 00:00:00;1;14016055;17/09/2026 14:27:07;Maximiliano;Nievas;24757283;17/09/2026 13:22:03;7827;Javier;Machado;Maximiliano Nievas;Javier Machado
14367233;17/09/2026 14:27:07;3;2;0001  215614-1;10;URGENTES;2091683;"CI04    ";"LA CASA DEL INSTALADOR S.A.                       ";INDEPENDENCIA 1100;951533;"20-150         ";20-150 - MONOCOMANDO MESADA COCINA TOLEDO;3;3;3;23483623;170926142707203;184335678;;;;07/27/2031 00:00:00;3;14016055;17/09/2026 14:27:07;Maximiliano;Nievas;24757283;17/09/2026 13:22:03;7827;Javier;Machado;Maximiliano Nievas;Javier Machado
14367233;17/09/2026 14:27:07;3;2;0001  215614-1;10;URGENTES;2091683;"CI04    ";"LA CASA DEL INSTALADOR S.A.                       ";INDEPENDENCIA 1100;951513;"20-122N        ";20-122N - MONOCOMANDO COCINA C/PICO EXTRAIBLE VALENCIA BLACK;1;1;1;23483623;170926142707203;184334409;;;;09/13/2031 00:00:00;1;14016055;17/09/2026 14:27:07;Maximiliano;Nievas;24757283;17/09/2026 13:22:03;7827;Javier;Machado;Maximiliano Nievas;Javier Machado
14367233;17/09/2026 14:27:07;3;2;0001  215614-1;10;URGENTES;2091683;"CI04    ";"LA CASA DEL INSTALADOR S.A.                       ";INDEPENDENCIA 1100;952713;"61-176N        ";61-176N - LAVATORIO MONOC ALTO BLACK RIO;1;1;1;23483623;170926142707203;184336051;;;;07/29/2031 00:00:00;1;14016055;17/09/2026 14:27:07;Maximiliano;Nievas;24757283;17/09/2026 13:22:03;7827;Javier;Machado;Maximiliano Nievas;Javier Machado
14367233;17/09/2026 14:27:07;3;2;0001  215614-1;10;URGENTES;2091683;"CI04    ";"LA CASA DEL INSTALADOR S.A.                       ";INDEPENDENCIA 1100;952648;"60-176N        ";"LAVATORIO MONOCOMANDO BAJO BLACK RIO                                  ";1;1;1;23483623;170926142707203;184336142;;;;07/29/2031 00:00:00;1;14016055;17/09/2026 14:27:07;Maximiliano;Nievas;24757283;17/09/2026 13:22:03;7827;Javier;Machado;Maximiliano Nievas;Javier Machado
14367233;17/09/2026 14:27:07;3;2;0001  215614-1;10;URGENTES;2091683;"CI04    ";"LA CASA DEL INSTALADOR S.A.                       ";INDEPENDENCIA 1100;952499;"54-203         ";"COCINA PARED EXT C.CERAM ADRA MONOCOMANDO                             ";1;1;1;23483623;170926142707203;184334013;;;;02/18/2032 00:00:00;1;14016055;17/09/2026 14:27:07;Maximiliano;Nievas;24757283;17/09/2026 13:22:03;7827;Javier;Machado;Maximiliano Nievas;Javier Machado
14367233;17/09/2026 14:27:07;3;2;0001  215614-1;10;URGENTES;2091683;"CI04    ";"LA CASA DEL INSTALADOR S.A.                       ";INDEPENDENCIA 1100;952631;"60-153         ";60-153 - LAVATORIO CR C.CERAMICO CASTILLA;1;1;1;23487719;170926142352597;184338261;;;;11/23/2031 00:00:00;1;14016016;17/09/2026 14:23:52;Maximiliano;Nievas;;;;;;Maximiliano Nievas;
14367233;17/09/2026 14:27:07;3;2;0001  215614-1;10;URGENTES;2091683;"CI04    ";"LA CASA DEL INSTALADOR S.A.                       ";INDEPENDENCIA 1100;952727;"61-203N        ";"LAVATORIO MONOCOMANDO ALTO ADRA BLACK                                 ";1;1;1;23487719;170926142352597;184338653;;;;01/06/2032 00:00:00;1;14016016;17/09/2026 14:23:52;Maximiliano;Nievas;;;;;;Maximiliano Nievas;
14367233;17/09/2026 14:27:07;3;2;0001  215614-1;10;URGENTES;2091683;"CI04    ";"LA CASA DEL INSTALADOR S.A.                       ";INDEPENDENCIA 1100;953110;"80-166N        ";80-166N - DUCHA EMB. C/TRANSF. BLACK C.CERAM ADRA PLUS;1;1;1;23487719;170926142352597;184338455;;;;01/07/2032 00:00:00;1;14016016;17/09/2026 14:23:52;Maximiliano;Nievas;;;;;;Maximiliano Nievas;
14367400;17/09/2026 15:34:52;3;2;0001  215461-1;10;URGENTES;2093849;"PE17    ";"PERAZZOLI S. R. L.                                ";BARTOLOME MITRE 237;951611;"21-160         ";"MONOCOMANDO DUO COCINA CROMO DIQUE                                    ";2;2;2;23482428;170926153448182;184327723;;;;12/14/2031 00:00:00;2;14018615;17/09/2026 15:34:48;Tiago;Rodriguez;24756059;17/09/2026 13:09:21;7827;Javier;Machado;Tiago Rodriguez;Javier Machado
14367400;17/09/2026 15:34:52;3;2;0001  215461-1;10;URGENTES;2093849;"PE17    ";"PERAZZOLI S. R. L.                                ";BARTOLOME MITRE 237;952896;"70-133         ";70-133 - BIDE MONOCOMANDO LUGO;2;2;2;23482428;170926153448182;184329277;;;;07/27/2031 00:00:00;2;14018615;17/09/2026 15:34:48;Tiago;Rodriguez;24756059;17/09/2026 13:09:21;7827;Javier;Machado;Tiago Rodriguez;Javier Machado
14367400;17/09/2026 15:34:52;3;2;0001  215461-1;10;URGENTES;2093849;"PE17    ";"PERAZZOLI S. R. L.                                ";BARTOLOME MITRE 237;953312;"83-133         ";83-133 - DUCHA EXT. C/TRANSF. MONOCOMANDO LUGO;4;4;4;23482428;170926153448182;184330761;;;;09/03/2031 00:00:00;4;14018615;17/09/2026 15:34:48;Tiago;Rodriguez;24756059;17/09/2026 13:09:21;7827;Javier;Machado;Tiago Rodriguez;Javier Machado
14367400;17/09/2026 15:34:52;3;2;0001  215461-1;10;URGENTES;2093849;"PE17    ";"PERAZZOLI S. R. L.                                ";BARTOLOME MITRE 237;952582;"60-057         ";60-057 - LAVATORIO C.STD VERIN PLUS;3;3;3;23483615;170926140142121;184334651;;;;01/31/2032 00:00:00;3;14015033;17/09/2026 14:01:42;Maximiliano;Nievas;24757278;17/09/2026 13:31:03;7839;Claudio;Juarez;Maximiliano Nievas;Claudio Juarez
14367400;17/09/2026 15:34:52;3;2;0001  215461-1;10;URGENTES;2093849;"PE17    ";"PERAZZOLI S. R. L.                                ";BARTOLOME MITRE 237;953055;"80-045         ";80-045 - DUCHA EMB.C/TRANSF CR  C.STD CRUZ;2;2;2;23486236;170926135901542;184337129;;;;01/04/2032 00:00:00;2;14015052;17/09/2026 13:59:01;Maximiliano;Nievas;;;;;;Maximiliano Nievas;
14367400;17/09/2026 15:34:52;3;2;0001  215461-1;10;URGENTES;2093849;"PE17    ";"PERAZZOLI S. R. L.                                ";BARTOLOME MITRE 237;952438;"51-058         ";51-058 - COCINA MESADA CR C.STD MALBA;4;4;4;23486236;170926135901542;184352073;;;;10/19/2031 00:00:00;2;14015052;17/09/2026 13:59:01;Maximiliano;Nievas;;;;;;Maximiliano Nievas;
14367400;17/09/2026 15:34:52;3;2;0001  215461-1;10;URGENTES;2093849;"PE17    ";"PERAZZOLI S. R. L.                                ";BARTOLOME MITRE 237;952577;"60-045         ";60-045 - LAVATORIO CR/CR C.STD CRUZ;6;6;6;23486236;170926135901542;184337869;;;;01/24/2032 00:00:00;6;14015052;17/09/2026 13:59:01;Maximiliano;Nievas;;;;;;Maximiliano Nievas;
14367400;17/09/2026 15:34:52;3;2;0001  215461-1;10;URGENTES;2093849;"PE17    ";"PERAZZOLI S. R. L.                                ";BARTOLOME MITRE 237;951620;"214/CR         ";214/CR - LAVATORIO CR/CR ARES;2;2;2;23486289;170926135945308;184336521;;;;01/27/2032 00:00:00;2;14015070;17/09/2026 13:59:45;Maximiliano;Nievas;;;;;;Maximiliano Nievas;
14367400;17/09/2026 15:34:52;3;2;0001  215461-1;10;URGENTES;2093849;"PE17    ";"PERAZZOLI S. R. L.                                ";BARTOLOME MITRE 237;952438;"51-058         ";51-058 - COCINA MESADA CR C.STD MALBA;4;4;4;23486289;170926135945308;184334160;;;;10/19/2031 00:00:00;2;14015070;17/09/2026 13:59:45;Maximiliano;Nievas;;;;;;Maximiliano Nievas;
14367400;17/09/2026 15:34:52;3;2;0001  215461-1;10;URGENTES;2093849;"PE17    ";"PERAZZOLI S. R. L.                                ";BARTOLOME MITRE 237;952437;"51-057         ";51-057 - COCINA MESADA CR C.STD VERIN PLUS;6;6;6;23486289;170926135945308;184339237;;;;01/27/2032 00:00:00;6;14015070;17/09/2026 13:59:45;Maximiliano;Nievas;;;;;;Maximiliano Nievas;
14367400;17/09/2026 15:34:52;3;2;0001  215461-1;10;URGENTES;2093849;"PE17    ";"PERAZZOLI S. R. L.                                ";BARTOLOME MITRE 237;952583;"60-058         ";60-058 - LAVATORIO CR C.STD MALBA;3;3;3;23486346;170926140036429;184335626;;;;12/03/2031 00:00:00;3;14015095;17/09/2026 14:00:36;Maximiliano;Nievas;;;;;;Maximiliano Nievas;
14367400;17/09/2026 15:34:52;3;2;0001  215461-1;10;URGENTES;2093849;"PE17    ";"PERAZZOLI S. R. L.                                ";BARTOLOME MITRE 237;952634;"60-162         ";60-162 - LAVATORIO CR C.CERAM LINEA ADRA;3;3;3;23486346;170926140036429;184352726;;;;07/29/2031 00:00:00;2;14015095;17/09/2026 14:00:36;Maximiliano;Nievas;;;;;;Maximiliano Nievas;
14367400;17/09/2026 15:34:52;3;2;0001  215461-1;10;URGENTES;2093849;"PE17    ";"PERAZZOLI S. R. L.                                ";BARTOLOME MITRE 237;952028;"314/CR         ";314/CR - BIDE CROMO ARES;2;2;2;23486346;170926140036429;184336655;;;;01/11/2032 00:00:00;2;14015095;17/09/2026 14:00:36;Maximiliano;Nievas;;;;;;Maximiliano Nievas;
14367400;17/09/2026 15:34:52;3;2;0001  215461-1;10;URGENTES;2093849;"PE17    ";"PERAZZOLI S. R. L.                                ";BARTOLOME MITRE 237;952862;"70-058         ";70-058 - BIDE CR C.STD MALBA;2;2;2;23486346;170926140036429;184335400;;;;10/20/2031 00:00:00;2;14015095;17/09/2026 14:00:36;Maximiliano;Nievas;;;;;;Maximiliano Nievas;
14367400;17/09/2026 15:34:52;3;2;0001  215461-1;10;URGENTES;2093849;"PE17    ";"PERAZZOLI S. R. L.                                ";BARTOLOME MITRE 237;953477;"934/CR         ";934/CR - J.PARED C/EXT CRUZ CR/CR ARES;3;3;3;23486346;170926140036429;184352727;;;;02/09/2032 00:00:00;1;14015095;17/09/2026 14:00:36;Maximiliano;Nievas;;;;;;Maximiliano Nievas;
14367400;17/09/2026 15:34:52;3;2;0001  215461-1;10;URGENTES;2093849;"PE17    ";"PERAZZOLI S. R. L.                                ";BARTOLOME MITRE 237;953059;"80-057         ";80-057 - DUCHA EMB. C/TRANSF. C.STD VERIN PLUS;2;2;2;23486398;170926140132018;184334790;;;;02/08/2032 00:00:00;2;14015126;17/09/2026 14:01:32;Maximiliano;Nievas;;;;;;Maximiliano Nievas;
14367400;17/09/2026 15:34:52;3;2;0001  215461-1;10;URGENTES;2093849;"PE17    ";"PERAZZOLI S. R. L.                                ";BARTOLOME MITRE 237;953477;"934/CR         ";934/CR - J.PARED C/EXT CRUZ CR/CR ARES;3;3;3;23486398;170926140132018;184336209;;;;02/09/2032 00:00:00;2;14015126;17/09/2026 14:01:32;Maximiliano;Nievas;;;;;;Maximiliano Nievas;
14367400;17/09/2026 15:34:52;3;2;0001  215461-1;10;URGENTES;2093849;"PE17    ";"PERAZZOLI S. R. L.                                ";BARTOLOME MITRE 237;952856;"70-045         ";70-045 - BIDE CROMO C.STD CRUZ;2;2;2;23486398;170926140132018;184336982;;;;02/01/2032 00:00:00;2;14015126;17/09/2026 14:01:32;Maximiliano;Nievas;;;;;;Maximiliano Nievas;
14367400;17/09/2026 15:34:52;3;2;0001  215461-1;10;URGENTES;2093849;"PE17    ";"PERAZZOLI S. R. L.                                ";BARTOLOME MITRE 237;952634;"60-162         ";60-162 - LAVATORIO CR C.CERAM LINEA ADRA;3;3;3;23486398;170926140132018;184333499;;;;07/29/2031 00:00:00;1;14015126;17/09/2026 14:01:32;Maximiliano;Nievas;;;;;;Maximiliano Nievas;
14367400;17/09/2026 15:34:52;3;2;0001  215461-1;10;URGENTES;2093849;"PE17    ";"PERAZZOLI S. R. L.                                ";BARTOLOME MITRE 237;952860;"70-057         ";70-057 - BIDE C.STD VERIN PLUS;3;3;3;23486398;170926140132018;184334490;;;;01/31/2032 00:00:00;3;14015126;17/09/2026 14:01:32;Maximiliano;Nievas;;;;;;Maximiliano Nievas;
14367400;17/09/2026 15:34:52;3;2;0001  215461-1;10;URGENTES;2093849;"PE17    ";"PERAZZOLI S. R. L.                                ";BARTOLOME MITRE 237;951545;"20-172         ";20-172 - COCINA MESADA MONOC. COLORS NEGRO;3;3;3;23491710;170926153239853;184328297;;;;07/28/2031 00:00:00;3;14018625;17/09/2026 15:32:39;Tiago;Rodriguez;;;;;;Tiago Rodriguez;
14367400;17/09/2026 15:34:52;3;2;0001  215461-1;10;URGENTES;2093849;"PE17    ";"PERAZZOLI S. R. L.                                ";BARTOLOME MITRE 237;951565;"20-205         ";20-205 - MONOCOMANDO DE COCINA STEEL;3;3;3;23491710;170926153239853;184329054;;;;07/28/2031 00:00:00;3;14018625;17/09/2026 15:32:39;Tiago;Rodriguez;;;;;;Tiago Rodriguez;
14367400;17/09/2026 15:34:52;3;2;0001  215461-1;10;URGENTES;2093849;"PE17    ";"PERAZZOLI S. R. L.                                ";BARTOLOME MITRE 237;952618;"60-133         ";60-133 - LAVATORIO MONOCOMANDO LUGO;6;6;6;23491787;170926153415191;184331592;;;;07/29/2031 00:00:00;6;14018673;17/09/2026 15:34:15;Tiago;Rodriguez;;;;;;Tiago Rodriguez;
14367400;17/09/2026 15:34:52;3;2;0001  215461-1;10;URGENTES;2093849;"PE17    ";"PERAZZOLI S. R. L.                                ";BARTOLOME MITRE 237;951535;"20-160         ";20-160 - MONOCOMANDO MESADA COCINA DIQUE;8;8;8;23491787;170926153415191;184330226;;;;07/28/2031 00:00:00;8;14018673;17/09/2026 15:34:15;Tiago;Rodriguez;;;;;;Tiago Rodriguez;
14368129;17/09/2026 16:24:20;3;2;0001  215044-1;10;URGENTES;2482610;"DG19    ";"DUBOURG GUSTAVO M -GMD ALMACEN FERRETERO          ";AV REGIMIENTO DE PATRICIOS 208;953109;"80-166         ";"DUCHA EMB. C/TRANSF. CR C.CERAM ADRA PLUS                             ";2;2;2;23493125;170926161124312;184407309;;;;01/19/2032 00:00:00;2;14020025;17/09/2026 16:11:24;Tiago;Rodriguez;24766858;17/09/2026 16:05:09;6409;Gaston Alejandro;Kiriczuk;Tiago Rodriguez;Gaston Alejandro Kiriczuk
14368129;17/09/2026 16:24:20;3;2;0001  215044-1;10;URGENTES;2482610;"DG19    ";"DUBOURG GUSTAVO M -GMD ALMACEN FERRETERO          ";AV REGIMIENTO DE PATRICIOS 208;952925;"70-176         ";70-176 - BIDE MONOC C/TRANSF CR RIO;2;2;2;23493670;170926162420623;184413005;;;;12/14/2031 00:00:00;2;14020405;17/09/2026 16:24:20;Tiago;Rodriguez;24767346;17/09/2026 16:19:12;6409;Gaston Alejandro;Kiriczuk;Tiago Rodriguez;Gaston Alejandro Kiriczuk
14368129;17/09/2026 16:24:20;3;2;0001  215044-1;10;URGENTES;2482610;"DG19    ";"DUBOURG GUSTAVO M -GMD ALMACEN FERRETERO          ";AV REGIMIENTO DE PATRICIOS 208;952896;"70-133         ";70-133 - BIDE MONOCOMANDO LUGO;2;2;2;23493670;170926162420623;184412641;;;;07/27/2031 00:00:00;2;14020405;17/09/2026 16:24:20;Tiago;Rodriguez;24767346;17/09/2026 16:19:12;6409;Gaston Alejandro;Kiriczuk;Tiago Rodriguez;Gaston Alejandro Kiriczuk
14368129;17/09/2026 16:24:20;3;2;0001  215044-1;10;URGENTES;2482610;"DG19    ";"DUBOURG GUSTAVO M -GMD ALMACEN FERRETERO          ";AV REGIMIENTO DE PATRICIOS 208;952647;"60-176         ";"LAVATORIO MONOCOMANDO BAJO CR RIO                                     ";2;2;2;23493670;170926162420623;184413383;;;;10/11/2031 00:00:00;2;14020405;17/09/2026 16:24:20;Tiago;Rodriguez;24767346;17/09/2026 16:19:12;6409;Gaston Alejandro;Kiriczuk;Tiago Rodriguez;Gaston Alejandro Kiriczuk
14368129;17/09/2026 16:24:20;3;2;0001  215044-1;10;URGENTES;2482610;"DG19    ";"DUBOURG GUSTAVO M -GMD ALMACEN FERRETERO          ";AV REGIMIENTO DE PATRICIOS 208;952618;"60-133         ";60-133 - LAVATORIO MONOCOMANDO LUGO;2;2;2;23493670;170926162420623;184412298;;;;07/29/2031 00:00:00;2;14020405;17/09/2026 16:24:20;Tiago;Rodriguez;24767346;17/09/2026 16:19:12;6409;Gaston Alejandro;Kiriczuk;Tiago Rodriguez;Gaston Alejandro Kiriczuk
14368129;17/09/2026 16:24:20;3;2;0001  215044-1;10;URGENTES;2482610;"DG19    ";"DUBOURG GUSTAVO M -GMD ALMACEN FERRETERO          ";AV REGIMIENTO DE PATRICIOS 208;953312;"83-133         ";83-133 - DUCHA EXT. C/TRANSF. MONOCOMANDO LUGO;2;2;2;23493670;170926162420623;184411641;;;;09/03/2031 00:00:00;2;14020405;17/09/2026 16:24:20;Tiago;Rodriguez;24767346;17/09/2026 16:19:12;6409;Gaston Alejandro;Kiriczuk;Tiago Rodriguez;Gaston Alejandro Kiriczuk
14368129;17/09/2026 16:24:20;3;2;0001  215044-1;10;URGENTES;2482610;"DG19    ";"DUBOURG GUSTAVO M -GMD ALMACEN FERRETERO          ";AV REGIMIENTO DE PATRICIOS 208;953122;"80-176         ";80-176 - DUCHA EMB C/TRANSF MONOC CR RIO;2;2;2;23493670;170926162420623;184413196;;;;07/29/2031 00:00:00;2;14020405;17/09/2026 16:24:20;Tiago;Rodriguez;24767346;17/09/2026 16:19:12;6409;Gaston Alejandro;Kiriczuk;Tiago Rodriguez;Gaston Alejandro Kiriczuk
14368129;17/09/2026 16:24:20;3;2;0001  215044-1;10;URGENTES;2482610;"DG19    ";"DUBOURG GUSTAVO M -GMD ALMACEN FERRETERO          ";AV REGIMIENTO DE PATRICIOS 208;952577;"60-045         ";60-045 - LAVATORIO CR/CR C.STD CRUZ;1;1;1;23493746;170926161030093;184409021;;;;01/24/2032 00:00:00;1;14020037;17/09/2026 16:10:30;Tiago;Rodriguez;;;;;;Tiago Rodriguez;
14368129;17/09/2026 16:24:20;3;2;0001  215044-1;10;URGENTES;2482610;"DG19    ";"DUBOURG GUSTAVO M -GMD ALMACEN FERRETERO          ";AV REGIMIENTO DE PATRICIOS 208;952583;"60-058         ";60-058 - LAVATORIO CR C.STD MALBA;2;2;2;23493746;170926161030093;184412110;;;;12/03/2031 00:00:00;1;14020037;17/09/2026 16:10:30;Tiago;Rodriguez;;;;;;Tiago Rodriguez;
14368129;17/09/2026 16:24:20;3;2;0001  215044-1;10;URGENTES;2482610;"DG19    ";"DUBOURG GUSTAVO M -GMD ALMACEN FERRETERO          ";AV REGIMIENTO DE PATRICIOS 208;952856;"70-045         ";70-045 - BIDE CROMO C.STD CRUZ;1;1;1;23493746;170926161030093;184409170;;;;02/01/2032 00:00:00;1;14020037;17/09/2026 16:10:30;Tiago;Rodriguez;;;;;;Tiago Rodriguez;
14368129;17/09/2026 16:24:20;3;2;0001  215044-1;10;URGENTES;2482610;"DG19    ";"DUBOURG GUSTAVO M -GMD ALMACEN FERRETERO          ";AV REGIMIENTO DE PATRICIOS 208;952862;"70-058         ";70-058 - BIDE CR C.STD MALBA;2;2;2;23493746;170926161030093;184408188;;;;10/20/2031 00:00:00;2;14020037;17/09/2026 16:10:30;Tiago;Rodriguez;;;;;;Tiago Rodriguez;
14368129;17/09/2026 16:24:20;3;2;0001  215044-1;10;URGENTES;2482610;"DG19    ";"DUBOURG GUSTAVO M -GMD ALMACEN FERRETERO          ";AV REGIMIENTO DE PATRICIOS 208;953055;"80-045         ";80-045 - DUCHA EMB.C/TRANSF CR  C.STD CRUZ;1;1;1;23493746;170926161030093;184409227;;;;01/04/2032 00:00:00;1;14020037;17/09/2026 16:10:30;Tiago;Rodriguez;;;;;;Tiago Rodriguez;
14368129;17/09/2026 16:24:20;3;2;0001  215044-1;10;URGENTES;2482610;"DG19    ";"DUBOURG GUSTAVO M -GMD ALMACEN FERRETERO          ";AV REGIMIENTO DE PATRICIOS 208;953060;"80-058         ";80-058 - DUCHA EMB. C/TRANSF. CR C.STD MALBA;2;2;2;23493746;170926161030093;184408110;;;;01/06/2032 00:00:00;2;14020037;17/09/2026 16:10:30;Tiago;Rodriguez;;;;;;Tiago Rodriguez;
14368129;17/09/2026 16:24:20;3;2;0001  215044-1;10;URGENTES;2482610;"DG19    ";"DUBOURG GUSTAVO M -GMD ALMACEN FERRETERO          ";AV REGIMIENTO DE PATRICIOS 208;953437;"914/CR         ";914/CR - JGO.MDA.P.CAÑO CR ARES;2;2;2;23493746;170926161030093;184409706;;;;02/29/2032 00:00:00;2;14020037;17/09/2026 16:10:30;Tiago;Rodriguez;;;;;;Tiago Rodriguez;
14368129;17/09/2026 16:24:20;3;2;0001  215044-1;10;URGENTES;2482610;"DG19    ";"DUBOURG GUSTAVO M -GMD ALMACEN FERRETERO          ";AV REGIMIENTO DE PATRICIOS 208;952912;"70-162         ";70-162 - BIDE CR C.CERAM LINEA ADRA;2;2;2;23493763;170926161104300;184407441;;;;07/29/2031 00:00:00;2;14020067;17/09/2026 16:11:04;Tiago;Rodriguez;;;;;;Tiago Rodriguez;
14368129;17/09/2026 16:24:20;3;2;0001  215044-1;10;URGENTES;2482610;"DG19    ";"DUBOURG GUSTAVO M -GMD ALMACEN FERRETERO          ";AV REGIMIENTO DE PATRICIOS 208;952634;"60-162         ";60-162 - LAVATORIO CR C.CERAM LINEA ADRA;2;2;2;23493763;170926161104300;184407582;;;;07/29/2031 00:00:00;2;14020067;17/09/2026 16:11:04;Tiago;Rodriguez;;;;;;Tiago Rodriguez;
14368129;17/09/2026 16:24:20;3;2;0001  215044-1;10;URGENTES;2482610;"DG19    ";"DUBOURG GUSTAVO M -GMD ALMACEN FERRETERO          ";AV REGIMIENTO DE PATRICIOS 208;952583;"60-058         ";60-058 - LAVATORIO CR C.STD MALBA;2;2;2;23493763;170926161104300;184408303;;;;12/03/2031 00:00:00;1;14020067;17/09/2026 16:11:04;Tiago;Rodriguez;;;;;;Tiago Rodriguez;
14368129;17/09/2026 16:24:20;3;2;0001  215044-1;10;URGENTES;2482610;"DG19    ";"DUBOURG GUSTAVO M -GMD ALMACEN FERRETERO          ";AV REGIMIENTO DE PATRICIOS 208;952437;"51-057         ";51-057 - COCINA MESADA CR C.STD VERIN PLUS;2;2;2;23493763;170926161104300;184409937;;;;01/27/2032 00:00:00;2;14020067;17/09/2026 16:11:04;Tiago;Rodriguez;;;;;;Tiago Rodriguez;
14368129;17/09/2026 16:24:20;3;2;0001  215044-1;10;URGENTES;2482610;"DG19    ";"DUBOURG GUSTAVO M -GMD ALMACEN FERRETERO          ";AV REGIMIENTO DE PATRICIOS 208;951535;"20-160         ";20-160 - MONOCOMANDO MESADA COCINA DIQUE;2;2;2;23494222;170926162218886;184412398;;;;07/28/2031 00:00:00;2;14020409;17/09/2026 16:22:18;Tiago;Rodriguez;;;;;;Tiago Rodriguez;
14368129;17/09/2026 16:24:20;3;2;0001  215044-1;10;URGENTES;2482610;"DG19    ";"DUBOURG GUSTAVO M -GMD ALMACEN FERRETERO          ";AV REGIMIENTO DE PATRICIOS 208;951545;"20-172         ";20-172 - COCINA MESADA MONOC. COLORS NEGRO;2;2;2;23494222;170926162218886;184414746;;;;07/28/2031 00:00:00;2;14020409;17/09/2026 16:22:18;Tiago;Rodriguez;;;;;;Tiago Rodriguez;
14368129;17/09/2026 16:24:20;3;2;0001  215044-1;10;URGENTES;2482610;"DG19    ";"DUBOURG GUSTAVO M -GMD ALMACEN FERRETERO          ";AV REGIMIENTO DE PATRICIOS 208;951611;"21-160         ";"MONOCOMANDO DUO COCINA CROMO DIQUE                                    ";2;2;2;23494222;170926162218886;184414965;;;;12/14/2031 00:00:00;2;14020409;17/09/2026 16:22:18;Tiago;Rodriguez;;;;;;Tiago Rodriguez;
14368129;17/09/2026 16:24:20;3;2;0001  215044-1;10;URGENTES;2482610;"DG19    ";"DUBOURG GUSTAVO M -GMD ALMACEN FERRETERO          ";AV REGIMIENTO DE PATRICIOS 208;951529;"20-140N        ";20-140N - MONOCOMANDO DE COCINA LINEA CUINA BLACK;2;2;2;23494232;170926162239446;184413842;;;;07/29/2031 00:00:00;2;14020422;17/09/2026 16:22:39;Tiago;Rodriguez;;;;;;Tiago Rodriguez;
14368129;17/09/2026 16:24:20;3;2;0001  215044-1;10;URGENTES;2482610;"DG19    ";"DUBOURG GUSTAVO M -GMD ALMACEN FERRETERO          ";AV REGIMIENTO DE PATRICIOS 208;951528;"20-140         ";20-140 - MONOCOMANDO DE COCINA LINEA CUINA;1;1;1;23494232;170926162239446;184414170;;;;10/07/2031 00:00:00;1;14020422;17/09/2026 16:22:39;Tiago;Rodriguez;;;;;;Tiago Rodriguez;
14368129;17/09/2026 16:24:20;3;2;0001  215044-1;10;URGENTES;2482610;"DG19    ";"DUBOURG GUSTAVO M -GMD ALMACEN FERRETERO          ";AV REGIMIENTO DE PATRICIOS 208;951530;"20-146         ";20-146 - MONOCOMANDO DE COCINA CR LINEA MOVE;2;2;2;23494255;170926162306762;184411835;;;;11/23/2031 00:00:00;2;14020433;17/09/2026 16:23:06;Tiago;Rodriguez;;;;;;Tiago Rodriguez;
14368129;17/09/2026 16:24:20;3;2;0001  215044-1;10;URGENTES;2482610;"DG19    ";"DUBOURG GUSTAVO M -GMD ALMACEN FERRETERO          ";AV REGIMIENTO DE PATRICIOS 208;951553;"20-184         ";"MONOCOMANDO DE COCINA CR SUV                                          ";2;2;2;23494255;170926162306762;184414504;;;;10/04/2031 00:00:00;2;14020433;17/09/2026 16:23:06;Tiago;Rodriguez;;;;;;Tiago Rodriguez;
14368129;17/09/2026 16:24:20;3;2;0001  215044-1;10;URGENTES;2482610;"DG19    ";"DUBOURG GUSTAVO M -GMD ALMACEN FERRETERO          ";AV REGIMIENTO DE PATRICIOS 208;952712;"61-176         ";61-176 - LAVATORIO MONOC ALTO CR RIO;2;2;2;23494255;170926162306762;184412893;;;;10/11/2031 00:00:00;2;14020433;17/09/2026 16:23:06;Tiago;Rodriguez;;;;;;Tiago Rodriguez;
14368132;17/09/2026 16:11:45;3;2;0001  215342-1;10;URGENTES;2091837;"CO22    ";"COPMACO LTDA.                                     ";BV. ESPAÑA 935;952636;"60-163         ";60-163 - LAVATORIO CR C.CERAM SENA;1;1;1;23493126;170926161144514;184407953;;;;07/29/2031 00:00:00;1;14020084;17/09/2026 16:11:44;Tiago;Rodriguez;24766858;17/09/2026 16:05:09;6409;Gaston Alejandro;Kiriczuk;Tiago Rodriguez;Gaston Alejandro Kiriczuk
14368132;17/09/2026 16:11:45;3;2;0001  215342-1;10;URGENTES;2091837;"CO22    ";"COPMACO LTDA.                                     ";BV. ESPAÑA 935;953108;"80-163         ";80-163 - DUCHA EMB. C/TRANSF. CR C.CERAM SENA;1;1;1;23493126;170926161144514;184407847;;;;09/09/2031 00:00:00;1;14020084;17/09/2026 16:11:44;Tiago;Rodriguez;24766858;17/09/2026 16:05:09;6409;Gaston Alejandro;Kiriczuk;Tiago Rodriguez;Gaston Alejandro Kiriczuk
14368153;21/09/2026 06:34:42;2;2;0001  215483-1;02;CAMIONETA EXP URG;2094268;"SA02    ";"SAMACO S.A.                                       ";R.E. de SAN MARTIN 2197;954909;"BCH08          ";BCH08 - BACHA DE APOYAR OVALADA 580x355x105;5;5;0;23594878;CARRO43;185126309;;;;07/28/2031 00:00:00;5;;;;;24863885;22/09/2026 13:06:55;7839;Claudio;Juarez;;Claudio Juarez
14368155;21/09/2026 06:34:42;2;2;0001  215135-1;02;CAMIONETA EXP URG;2094268;"SA02    ";"SAMACO S.A.                                       ";R.E. de SAN MARTIN 2197;957099;"PDU103N        ";"PISO DUCHA RESINA POLIESTER NEGRO 1600x700x25                         ";2;2;0;23589186;220926152503794;185102027;;;;08/13/2031 00:00:00;2;14081150;22/09/2026 15:25:03;Gustavo;Soderquvist;24857915;22/09/2026 11:57:31;6404;Ivan;Goyena;Gustavo Soderquvist;Ivan Goyena
14368155;21/09/2026 06:34:42;2;2;0001  215135-1;02;CAMIONETA EXP URG;2094268;"SA02    ";"SAMACO S.A.                                       ";R.E. de SAN MARTIN 2197;957102;"PDU120         ";"DESAGUE P/PISO DE DUCHA                                               ";2;2;0;23589186;220926152503794;185104021;;;;03/01/2032 00:00:00;2;14081150;22/09/2026 15:25:03;Gustavo;Soderquvist;24857915;22/09/2026 11:57:31;6404;Ivan;Goyena;Gustavo Soderquvist;Ivan Goyena
14368155;21/09/2026 06:34:42;2;2;0001  215135-1;02;CAMIONETA EXP URG;2094268;"SA02    ";"SAMACO S.A.                                       ";R.E. de SAN MARTIN 2197;956413;"INO103-1       ";"INODORO BLANCO C/ASIENTO LINEA URBAN                                  ";10;10;0;23589186;220926152503794;185092410;;;;10/16/2031 00:00:00;4;14081150;22/09/2026 15:25:03;Gustavo;Soderquvist;24857915;22/09/2026 11:57:31;6404;Ivan;Goyena;Gustavo Soderquvist;Ivan Goyena
14368155;21/09/2026 06:34:42;2;2;0001  215135-1;02;CAMIONETA EXP URG;2094268;"SA02    ";"SAMACO S.A.                                       ";R.E. de SAN MARTIN 2197;957095;"PDU101N        ";"PISO DUCHA RESINA POLIESTER NEGRO 900x700x25                          ";2;2;0;23589186;220926152503794;185103937;;;;03/01/2032 00:00:00;2;14081150;22/09/2026 15:25:03;Gustavo;Soderquvist;24857915;22/09/2026 11:57:31;6404;Ivan;Goyena;Gustavo Soderquvist;Ivan Goyena
14368155;21/09/2026 06:34:42;2;2;0001  215135-1;02;CAMIONETA EXP URG;2094268;"SA02    ";"SAMACO S.A.                                       ";R.E. de SAN MARTIN 2197;957098;"PDU103         ";"PISO DUCHA RESINA POLIESTER BLANCA 1600x700x25                        ";2;2;0;23589186;220926152503794;185103099;;;;08/13/2031 00:00:00;2;14081150;22/09/2026 15:25:03;Gustavo;Soderquvist;24857915;22/09/2026 11:57:31;6404;Ivan;Goyena;Gustavo Soderquvist;Ivan Goyena
14368155;21/09/2026 06:34:42;2;2;0001  215135-1;02;CAMIONETA EXP URG;2094268;"SA02    ";"SAMACO S.A.                                       ";R.E. de SAN MARTIN 2197;953322;"83-205         ";83-205 - DUCHA EXT C/TRANSF MONOC STEEL PICO CURVO;4;4;0;23594638;CARRO13;185128934;;;;07/27/2031 00:00:00;4;;;;;24863626;22/09/2026 13:19:28;7636;Kevin;Arce;;Kevin Arce
14368155;21/09/2026 06:34:42;2;2;0001  215135-1;02;CAMIONETA EXP URG;2094268;"SA02    ";"SAMACO S.A.                                       ";R.E. de SAN MARTIN 2197;952956;"70-205         ";70-205 - BIDE MONOCOMANDO STEEL;6;6;0;23594638;CARRO13;185129179;;;;11/23/2031 00:00:00;6;;;;;24863626;22/09/2026 13:19:28;7636;Kevin;Arce;;Kevin Arce
14368155;21/09/2026 06:34:42;2;2;0001  215135-1;02;CAMIONETA EXP URG;2094268;"SA02    ";"SAMACO S.A.                                       ";R.E. de SAN MARTIN 2197;952728;"61-205         ";61-205 - LAVATORIO MONOC ALTO STEEL;10;10;0;23594638;CARRO13;185129823;;;;07/28/2031 00:00:00;10;;;;;24863626;22/09/2026 13:19:28;7636;Kevin;Arce;;Kevin Arce
14368155;21/09/2026 06:34:42;2;2;0001  215135-1;02;CAMIONETA EXP URG;2094268;"SA02    ";"SAMACO S.A.                                       ";R.E. de SAN MARTIN 2197;952650;"60-180         ";60-180 - LAVATORIO MONOCOMANDO BAJO VERA;10;10;0;23594638;CARRO13;185127675;;;;07/28/2031 00:00:00;10;;;;;24863626;22/09/2026 13:19:28;7636;Kevin;Arce;;Kevin Arce
14368155;21/09/2026 06:34:42;2;2;0001  215135-1;02;CAMIONETA EXP URG;2094268;"SA02    ";"SAMACO S.A.                                       ";R.E. de SAN MARTIN 2197;951833;"30-132         ";30-132 - COCINA MESADA MONOC. C/DUCHADOR EXTENSIBLE VIGO;10;10;0;23594638;CARRO13;185130535;;;;10/07/2031 00:00:00;10;;;;;24863626;22/09/2026 13:19:28;7636;Kevin;Arce;;Kevin Arce
14368155;21/09/2026 06:34:42;2;2;0001  215135-1;02;CAMIONETA EXP URG;2094268;"SA02    ";"SAMACO S.A.                                       ";R.E. de SAN MARTIN 2197;951565;"20-205         ";20-205 - MONOCOMANDO DE COCINA STEEL;10;10;0;23594638;CARRO13;185126725;;;;07/28/2031 00:00:00;10;;;;;24863626;22/09/2026 13:19:28;7636;Kevin;Arce;;Kevin Arce
14368155;21/09/2026 06:34:42;2;2;0001  215135-1;02;CAMIONETA EXP URG;2094268;"SA02    ";"SAMACO S.A.                                       ";R.E. de SAN MARTIN 2197;951116;"12006          ";"SET DE 6 PIEZAS LINEA 12000                                           ";30;30;0;23594638;CARRO13;185126246;;;;07/30/2031 00:00:00;30;;;;;24863626;22/09/2026 13:19:28;7636;Kevin;Arce;;Kevin Arce
14368155;21/09/2026 06:34:42;2;2;0001  215135-1;02;CAMIONETA EXP URG;2094268;"SA02    ";"SAMACO S.A.                                       ";R.E. de SAN MARTIN 2197;952608;"60-121         ";60-121 - LAVATORIO C.CERAM CR MARBELLA;4;4;0;23594738;220926051240966;185128388;;;;01/25/2032 00:00:00;4;14079756;22/09/2026 14:12:40;Mirko;Hernandez;24863748;22/09/2026 13:13:35;7827;Javier;Machado;Mirko Hernandez;Javier Machado
14368155;21/09/2026 06:34:42;2;2;0001  215135-1;02;CAMIONETA EXP URG;2094268;"SA02    ";"SAMACO S.A.                                       ";R.E. de SAN MARTIN 2197;952888;"70-122         ";70-122 - BIDE C.CERAM CR VALENCIA;2;2;0;23594738;220926051240966;185127066;;;;10/26/2031 00:00:00;1;14079756;22/09/2026 14:12:40;Mirko;Hernandez;24863748;22/09/2026 13:13:35;7827;Javier;Machado;Mirko Hernandez;Javier Machado
14368155;21/09/2026 06:34:42;2;2;0001  215135-1;02;CAMIONETA EXP URG;2094268;"SA02    ";"SAMACO S.A.                                       ";R.E. de SAN MARTIN 2197;952631;"60-153         ";60-153 - LAVATORIO CR C.CERAMICO CASTILLA;5;5;0;23598019;220926050650593;185149191;;;;11/23/2031 00:00:00;4;14079797;22/09/2026 14:06:50;Mirko;Hernandez;;;;;;Mirko Hernandez;
14368155;21/09/2026 06:34:42;2;2;0001  215135-1;02;CAMIONETA EXP URG;2094268;"SA02    ";"SAMACO S.A.                                       ";R.E. de SAN MARTIN 2197;952631;"60-153         ";60-153 - LAVATORIO CR C.CERAMICO CASTILLA;5;5;0;23598029;220926050704101;185127709;;;;11/23/2031 00:00:00;1;14079805;22/09/2026 14:07:04;Mirko;Hernandez;;;;;;Mirko Hernandez;
14368155;21/09/2026 06:34:42;2;2;0001  215135-1;02;CAMIONETA EXP URG;2094268;"SA02    ";"SAMACO S.A.                                       ";R.E. de SAN MARTIN 2197;952634;"60-162         ";60-162 - LAVATORIO CR C.CERAM LINEA ADRA;15;15;0;23598125;220926050902220;185150171;;;;07/29/2031 00:00:00;5;14079868;22/09/2026 14:09:02;Mirko;Hernandez;;;;;;Mirko Hernandez;
14368155;21/09/2026 06:34:42;2;2;0001  215135-1;02;CAMIONETA EXP URG;2094268;"SA02    ";"SAMACO S.A.                                       ";R.E. de SAN MARTIN 2197;952888;"70-122         ";70-122 - BIDE C.CERAM CR VALENCIA;2;2;0;23598125;220926050902220;185150172;;;;10/26/2031 00:00:00;1;14079868;22/09/2026 14:09:02;Mirko;Hernandez;;;;;;Mirko Hernandez;
14368155;21/09/2026 06:34:42;2;2;0001  215135-1;02;CAMIONETA EXP URG;2094268;"SA02    ";"SAMACO S.A.                                       ";R.E. de SAN MARTIN 2197;952909;"70-153         ";70-153 - BIDE CR C.CERAM CASTILLA;4;4;0;23598125;220926050902220;185127410;;;;10/20/2031 00:00:00;4;14079868;22/09/2026 14:09:02;Mirko;Hernandez;;;;;;Mirko Hernandez;
14368155;21/09/2026 06:34:42;2;2;0001  215135-1;02;CAMIONETA EXP URG;2094268;"SA02    ";"SAMACO S.A.                                       ";R.E. de SAN MARTIN 2197;952634;"60-162         ";60-162 - LAVATORIO CR C.CERAM LINEA ADRA;15;15;0;23598306;220926051200462;185125607;;;;07/29/2031 00:00:00;10;14079980;22/09/2026 14:12:00;Mirko;Hernandez;;;;;;Mirko Hernandez;
14368155;21/09/2026 06:34:42;2;2;0001  215135-1;02;CAMIONETA EXP URG;2094268;"SA02    ";"SAMACO S.A.                                       ";R.E. de SAN MARTIN 2197;956414;"INO103-2       ";"DEPOSITO C/DESCARGA DUAL BLANCO LINEA URBAN                           ";10;10;0;23600325;220926144743477;185093494;;;;01/21/2032 00:00:00;10;14081217;22/09/2026 14:47:43;Gustavo;Soderquvist;;;;;;Gustavo Soderquvist;
14368155;21/09/2026 06:34:42;2;2;0001  215135-1;02;CAMIONETA EXP URG;2094268;"SA02    ";"SAMACO S.A.                                       ";R.E. de SAN MARTIN 2197;954945;"BID103-3       ";"BIDE 3 AGUJEROS BLANCO LINEA URBAN                                    ";5;5;0;23600325;220926144743477;185090795;;;;07/30/2031 00:00:00;5;14081217;22/09/2026 14:47:43;Gustavo;Soderquvist;;;;;;Gustavo Soderquvist;
14368155;21/09/2026 06:34:42;2;2;0001  215135-1;02;CAMIONETA EXP URG;2094268;"SA02    ";"SAMACO S.A.                                       ";R.E. de SAN MARTIN 2197;954944;"BID103-1       ";"BIDE 1 AGUJERO BLANCO LINEA URBAN                                     ";5;5;0;23600325;220926144743477;185094682;;;;10/16/2031 00:00:00;5;14081217;22/09/2026 14:47:43;Gustavo;Soderquvist;;;;;;Gustavo Soderquvist;
14368155;21/09/2026 06:34:42;2;2;0001  215135-1;02;CAMIONETA EXP URG;2094268;"SA02    ";"SAMACO S.A.                                       ";R.E. de SAN MARTIN 2197;954912;"BCH11BM        ";BCH11BM - BACHA DE APOYAR REDONDA BLANCO MATE 400x400x125;10;10;0;23600325;220926144743477;185089932;;;;08/17/2031 00:00:00;10;14081217;22/09/2026 14:47:43;Gustavo;Soderquvist;;;;;;Gustavo Soderquvist;
14368155;21/09/2026 06:34:42;2;2;0001  215135-1;02;CAMIONETA EXP URG;2094268;"SA02    ";"SAMACO S.A.                                       ";R.E. de SAN MARTIN 2197;954902;"BCH02          ";BCH02 - BACHA DE APOYAR CIRCULAR 1 AG. 415x145;10;10;0;23600862;220926145751453;185087267;;;;07/27/2031 00:00:00;10;14081575;22/09/2026 14:57:51;Gustavo;Soderquvist;;;;;;Gustavo Soderquvist;
14368155;21/09/2026 06:34:42;2;2;0001  215135-1;02;CAMIONETA EXP URG;2094268;"SA02    ";"SAMACO S.A.                                       ";R.E. de SAN MARTIN 2197;954903;"BCH03/3        ";BCH03/3 - BACHA DE APOYAR RECTANGULAR 3 AG 500x420x130;5;5;0;23600862;220926145751453;185085048;;;;07/29/2031 00:00:00;5;14081575;22/09/2026 14:57:51;Gustavo;Soderquvist;;;;;;Gustavo Soderquvist;
14368155;21/09/2026 06:34:42;2;2;0001  215135-1;02;CAMIONETA EXP URG;2094268;"SA02    ";"SAMACO S.A.                                       ";R.E. de SAN MARTIN 2197;954906;"BCH05          ";BCH05 - BACHA DE APOYAR CUADRADA 370x370x130;10;10;0;23600862;220926145751453;185087486;;;;07/27/2031 00:00:00;10;14081575;22/09/2026 14:57:51;Gustavo;Soderquvist;;;;;;Gustavo Soderquvist;
14368155;21/09/2026 06:34:42;2;2;0001  215135-1;02;CAMIONETA EXP URG;2094268;"SA02    ";"SAMACO S.A.                                       ";R.E. de SAN MARTIN 2197;954907;"BCH06          ";BCH06 - BACHA DE APOYAR CIRCULAR 415x135;5;5;0;23600862;220926145751453;185084068;;;;10/04/2031 00:00:00;5;14081575;22/09/2026 14:57:51;Gustavo;Soderquvist;;;;;;Gustavo Soderquvist;
14368155;21/09/2026 06:34:42;2;2;0001  215135-1;02;CAMIONETA EXP URG;2094268;"SA02    ";"SAMACO S.A.                                       ";R.E. de SAN MARTIN 2197;954909;"BCH08          ";BCH08 - BACHA DE APOYAR OVALADA 580x355x105;2;2;0;23600862;220926145751453;185088493;;;;07/28/2031 00:00:00;2;14081575;22/09/2026 14:57:51;Gustavo;Soderquvist;;;;;;Gustavo Soderquvist;
14368155;21/09/2026 06:34:42;2;2;0001  215135-1;02;CAMIONETA EXP URG;2094268;"SA02    ";"SAMACO S.A.                                       ";R.E. de SAN MARTIN 2197;954914;"BCH12          ";BCH12 - BACHA DE APOYAR BLANCA 460x320x140;10;10;0;23600862;220926145751453;185085349;;;;11/10/2031 00:00:00;10;14081575;22/09/2026 14:57:51;Gustavo;Soderquvist;;;;;;Gustavo Soderquvist;
14368155;21/09/2026 06:34:42;2;2;0001  215135-1;02;CAMIONETA EXP URG;2094268;"SA02    ";"SAMACO S.A.                                       ";R.E. de SAN MARTIN 2197;956413;"INO103-1       ";"INODORO BLANCO C/ASIENTO LINEA URBAN                                  ";10;10;0;23601078;220926150154326;185174356;;;;10/16/2031 00:00:00;6;14081706;22/09/2026 15:01:54;Gustavo;Soderquvist;;;;;;Gustavo Soderquvist;
14368491;21/09/2026 12:52:56;3;2;0001  215188-1;05;EASY 23-09;2091589;"CE01    ";"CENCOSUD S.A.                                     ";SAN LORENZO 4153;952894;"70-131         ";70-131 - BIDE C.CERAM CR MALLORCA;5;5;5;23547616;210926125252726;184793425;;;;10/28/2031 00:00:00;5;14058579;21/09/2026 12:52:52;Gustavo;Soderquvist;24820071;21/09/2026 08:53:03;7310;Maximiliano;Nievas;Gustavo Soderquvist;Maximiliano Nievas
14368491;21/09/2026 12:52:56;3;2;0001  215188-1;05;EASY 23-09;2091589;"CE01    ";"CENCOSUD S.A.                                     ";SAN LORENZO 4153;951325;"19010          ";19010 - TOALLERO BARRAL LINEA 19000;6;6;6;23547623;210926120357851;184794910;;;;07/30/2031 00:00:00;6;14057251;21/09/2026 12:03:57;Gustavo;Soderquvist;24820080;21/09/2026 08:51:51;6866;Alejandro;Dure;Gustavo Soderquvist;Alejandro Dure
14368491;21/09/2026 12:52:56;3;2;0001  215188-1;05;EASY 23-09;2091589;"CE01    ";"CENCOSUD S.A.                                     ";SAN LORENZO 4153;953161;"80-205         ";80-205 - DUCHA EMB. C/TRANSF. MONOC STEEL;2;2;2;23558214;210926115528644;184793468;;;;08/11/2031 00:00:00;2;14057267;21/09/2026 11:55:28;Gustavo;Soderquvist;;;;;;Gustavo Soderquvist;
14368491;21/09/2026 12:52:56;3;2;0001  215188-1;05;EASY 23-09;2091589;"CE01    ";"CENCOSUD S.A.                                     ";SAN LORENZO 4153;956484;"LG02C20        ";"MONOCOMANDO COCINA CR GINEBRA                                         ";6;6;6;23558258;210926115618184;184794207;;;;07/29/2031 00:00:00;6;14057289;21/09/2026 11:56:18;Gustavo;Soderquvist;;;;;;Gustavo Soderquvist;
14368491;21/09/2026 12:52:56;3;2;0001  215188-1;05;EASY 23-09;2091589;"CE01    ";"CENCOSUD S.A.                                     ";SAN LORENZO 4153;960223;"60-122N        ";"LAVATORIO BLACK C.CERAM VALENCIA                                      ";6;6;6;23561022;210926125150043;184794156;;;;10/08/2031 00:00:00;6;14058593;21/09/2026 12:51:50;Gustavo;Soderquvist;;;;;;Gustavo Soderquvist;
14368491;21/09/2026 12:52:56;3;2;0001  215188-1;05;EASY 23-09;2091589;"CE01    ";"CENCOSUD S.A.                                     ";SAN LORENZO 4153;960226;"80-122N        ";"DUCHA EMB. C/TRANSF. BLACK C.CERAM VALENCIA                           ";4;4;4;23561041;210926125224741;184793828;;;;02/02/2032 00:00:00;4;14058603;21/09/2026 12:52:24;Gustavo;Soderquvist;;;;;;Gustavo Soderquvist;
14368659;18/09/2026 09:43:51;3;2;0001  215594-1;05;CAMIONETA LUN 3;2091837;"CO22    ";"COPMACO LTDA.                                     ";DAMASO VALDEZ ESQ. OLLEROS 398;952614;"60-130         ";60-130 - LAVATORIO MONOCOMANDO BAJO BILBAO;1;1;1;23501349;180926094351072;184473229;;;;07/28/2031 00:00:00;1;14027902;18/09/2026 09:43:51;Maximiliano;Nievas;24774898;18/09/2026 07:09:43;7839;Claudio;Juarez;Maximiliano Nievas;Claudio Juarez
14368660;18/09/2026 09:51:03;3;2;0001  215595-1;05;CAMIONETA LUN 3;2091837;"CO22    ";"COPMACO LTDA.                                     ";DAMASO VALDEZ ESQ. OLLEROS 398;954791;"A996           ";A996 - DUCHA 8' CUADRADA CR C/BRAZO Y CAMPANA;2;2;2;23501350;180926095102970;184473405;;;;07/29/2031 00:00:00;2;14028136;18/09/2026 09:51:02;Maximiliano;Nievas;24774898;18/09/2026 07:09:43;7839;Claudio;Juarez;Maximiliano Nievas;Claudio Juarez
14368661;18/09/2026 10:20:53;3;2;0001  215685-1;05;CAMIONETA LUN 3;2091837;"CO22    ";"COPMACO LTDA.                                     ";IGNACIO DELUCIA 298;953099;"80-150         ";80-150 - DUCHA EMB. C/TRANSF. CR C.CERAM TOLEDO;1;1;1;23500784;180926101508247;184470903;;;;11/19/2031 00:00:00;1;14028561;18/09/2026 10:15:08;Maximiliano;Nievas;24774356;18/09/2026 06:50:45;7827;Javier;Machado;Maximiliano Nievas;Javier Machado
14368661;18/09/2026 10:20:53;3;2;0001  215685-1;05;CAMIONETA LUN 3;2091837;"CO22    ";"COPMACO LTDA.                                     ";IGNACIO DELUCIA 298;952616;"60-131         ";60-131 - LAVATORIO C.CERAM CR MALLORCA;3;3;3;23500784;180926101508247;184470744;;;;01/03/2032 00:00:00;3;14028561;18/09/2026 10:15:08;Maximiliano;Nievas;24774356;18/09/2026 06:50:45;7827;Javier;Machado;Maximiliano Nievas;Javier Machado
14368661;18/09/2026 10:20:53;3;2;0001  215685-1;05;CAMIONETA LUN 3;2091837;"CO22    ";"COPMACO LTDA.                                     ";IGNACIO DELUCIA 298;951535;"20-160         ";20-160 - MONOCOMANDO MESADA COCINA DIQUE;8;8;8;23502167;180926102050682;184480649;;;;07/28/2031 00:00:00;8;14029015;18/09/2026 10:20:50;Maximiliano;Nievas;24775685;18/09/2026 07:48:15;7636;Kevin;Arce;Maximiliano Nievas;Kevin Arce
14368661;18/09/2026 10:20:53;3;2;0001  215685-1;05;CAMIONETA LUN 3;2091837;"CO22    ";"COPMACO LTDA.                                     ";IGNACIO DELUCIA 298;953060;"80-058         ";80-058 - DUCHA EMB. C/TRANSF. CR C.STD MALBA;2;2;2;23509427;180926101333516;184471347;;;;01/06/2032 00:00:00;2;14028875;18/09/2026 10:13:33;Maximiliano;Nievas;;;;;;Maximiliano Nievas;
14368661;18/09/2026 10:20:53;3;2;0001  215685-1;05;CAMIONETA LUN 3;2091837;"CO22    ";"COPMACO LTDA.                                     ";IGNACIO DELUCIA 298;953210;"81-058         ";81-058 - DUCHA EMB. S/TRANSF. CR STD MALBA;3;3;3;23509427;180926101333516;184471287;;;;11/25/2031 00:00:00;3;14028875;18/09/2026 10:13:33;Maximiliano;Nievas;;;;;;Maximiliano Nievas;
14368661;18/09/2026 10:20:53;3;2;0001  215685-1;05;CAMIONETA LUN 3;2091837;"CO22    ";"COPMACO LTDA.                                     ";IGNACIO DELUCIA 298;952387;"50-002         ";50-002 - MESADA PICO FUNDIDO RENACER CROMO;2;2;2;23509427;180926101333516;184471179;;;;07/31/2031 00:00:00;2;14028875;18/09/2026 10:13:33;Maximiliano;Nievas;;;;;;Maximiliano Nievas;
14368661;18/09/2026 10:20:53;3;2;0001  215685-1;05;CAMIONETA LUN 3;2091837;"CO22    ";"COPMACO LTDA.                                     ";IGNACIO DELUCIA 298;952862;"70-058         ";70-058 - BIDE CR C.STD MALBA;2;2;2;23509427;180926101333516;184524718;;;;10/20/2031 00:00:00;1;14028875;18/09/2026 10:13:33;Maximiliano;Nievas;;;;;;Maximiliano Nievas;
14368661;18/09/2026 10:20:53;3;2;0001  215685-1;05;CAMIONETA LUN 3;2091837;"CO22    ";"COPMACO LTDA.                                     ";IGNACIO DELUCIA 298;952906;"70-150         ";70-150 - BIDE CR C.CERAM TOLEDO;1;1;1;23509427;180926101333516;184470824;;;;07/31/2031 00:00:00;1;14028875;18/09/2026 10:13:33;Maximiliano;Nievas;;;;;;Maximiliano Nievas;
14368661;18/09/2026 10:20:53;3;2;0001  215685-1;05;CAMIONETA LUN 3;2091837;"CO22    ";"COPMACO LTDA.                                     ";IGNACIO DELUCIA 298;952909;"70-153         ";70-153 - BIDE CR C.CERAM CASTILLA;1;1;1;23509427;180926101333516;184471012;;;;10/20/2031 00:00:00;1;14028875;18/09/2026 10:13:33;Maximiliano;Nievas;;;;;;Maximiliano Nievas;
14368661;18/09/2026 10:20:53;3;2;0001  215685-1;05;CAMIONETA LUN 3;2091837;"CO22    ";"COPMACO LTDA.                                     ";IGNACIO DELUCIA 298;952862;"70-058         ";70-058 - BIDE CR C.STD MALBA;2;2;2;23509477;180926101421932;184471400;;;;10/20/2031 00:00:00;1;14028904;18/09/2026 10:14:21;Maximiliano;Nievas;;;;;;Maximiliano Nievas;
14368661;18/09/2026 10:20:53;3;2;0001  215685-1;05;CAMIONETA LUN 3;2091837;"CO22    ";"COPMACO LTDA.                                     ";IGNACIO DELUCIA 298;952860;"70-057         ";70-057 - BIDE C.STD VERIN PLUS;1;1;1;23509477;180926101421932;184471634;;;;01/31/2032 00:00:00;1;14028904;18/09/2026 10:14:21;Maximiliano;Nievas;;;;;;Maximiliano Nievas;
14368661;18/09/2026 10:20:53;3;2;0001  215685-1;05;CAMIONETA LUN 3;2091837;"CO22    ";"COPMACO LTDA.                                     ";IGNACIO DELUCIA 298;952583;"60-058         ";60-058 - LAVATORIO CR C.STD MALBA;3;3;3;23509477;180926101421932;184471463;;;;12/03/2031 00:00:00;3;14028904;18/09/2026 10:14:21;Maximiliano;Nievas;;;;;;Maximiliano Nievas;
14368661;18/09/2026 10:20:53;3;2;0001  215685-1;05;CAMIONETA LUN 3;2091837;"CO22    ";"COPMACO LTDA.                                     ";IGNACIO DELUCIA 298;952911;"70-161         ";70-161 - BIDE CR C.CERAM LAGO;1;1;1;23509477;180926101421932;184471526;;;;07/31/2031 00:00:00;1;14028904;18/09/2026 10:14:21;Maximiliano;Nievas;;;;;;Maximiliano Nievas;
14368661;18/09/2026 10:20:53;3;2;0001  215685-1;05;CAMIONETA LUN 3;2091837;"CO22    ";"COPMACO LTDA.                                     ";IGNACIO DELUCIA 298;952714;"61-180         ";61-180 - LAVATORIO MONOCOMANDO ALTO VERA;2;2;2;23509784;180926101923805;184480263;;;;07/28/2031 00:00:00;2;14029057;18/09/2026 10:19:23;Maximiliano;Nievas;;;;;;Maximiliano Nievas;
14368661;18/09/2026 10:20:53;3;2;0001  215685-1;05;CAMIONETA LUN 3;2091837;"CO22    ";"COPMACO LTDA.                                     ";IGNACIO DELUCIA 298;951508;"20-121         ";20-121 - COCINA MSDA MONOC.P. REDONDO MARBELLA;2;2;2;23509784;180926101923805;184479860;;;;07/30/2031 00:00:00;2;14029057;18/09/2026 10:19:23;Maximiliano;Nievas;;;;;;Maximiliano Nievas;
14368661;18/09/2026 10:20:53;3;2;0001  215685-1;05;CAMIONETA LUN 3;2091837;"CO22    ";"COPMACO LTDA.                                     ";IGNACIO DELUCIA 298;951523;"20-134         ";20-134 - MONOCOMANDO COCINA BETIS;4;4;4;23509784;180926101923805;184481247;;;;08/11/2031 00:00:00;4;14029057;18/09/2026 10:19:23;Maximiliano;Nievas;;;;;;Maximiliano Nievas;
14368661;18/09/2026 10:20:53;3;2;0001  215685-1;05;CAMIONETA LUN 3;2091837;"CO22    ";"COPMACO LTDA.                                     ";IGNACIO DELUCIA 298;951528;"20-140         ";20-140 - MONOCOMANDO DE COCINA LINEA CUINA;1;1;1;23509811;180926101946358;184479408;;;;10/07/2031 00:00:00;1;14029065;18/09/2026 10:19:46;Maximiliano;Nievas;;;;;;Maximiliano Nievas;
14368661;18/09/2026 10:20:53;3;2;0001  215685-1;05;CAMIONETA LUN 3;2091837;"CO22    ";"COPMACO LTDA.                                     ";IGNACIO DELUCIA 298;1007844;"20-122S        ";"MONOCOMANDO COCINA INOX C/PICO EXTRAIBLE VALENCIA                     ";1;1;1;23509811;180926101946358;184480519;;;;01/06/2032 00:00:00;1;14029065;18/09/2026 10:19:46;Maximiliano;Nievas;;;;;;Maximiliano Nievas;
14373530;17/09/2026 16:08:41;3;2;0001  215298-1;10;URGENTES;2093099;"KN01    ";"KALFAIAN HNOS. S.R.L                              ";ALBARIÑO 2676;954885;"BAI01NI        ";BAI01NI - BACHA EMB COCINA C/ACCESORIOS 750x450x220 NICKEL BRUSHED;1;1;1;23493584;170926160840799;184410826;;;;09/28/2031 00:00:00;1;14019966;17/09/2026 16:08:40;Tiago;Rodriguez;24767278;17/09/2026 16:07:29;6409;Gaston Alejandro;Kiriczuk;Tiago Rodriguez;Gaston Alejandro Kiriczuk
14375503;18/09/2026 12:21:42;3;2;0001  215974-1;10;URGENTES;2094079;"RC10    ";"RAN CO MATERIALES S.A.                            ";BUENOS AIRES 405;952875;"70-100N        ";70-100N - BIDE BLACK C.CERAM FABRIC;5;5;5;23508297;180926032051961;184522860;;;;07/29/2031 00:00:00;5;14032972;18/09/2026 12:20:51;Mirko;Hernandez;24781365;18/09/2026 10:24:25;7827;Javier;Machado;Mirko Hernandez;Javier Machado
14375503;18/09/2026 12:21:42;3;2;0001  215974-1;10;URGENTES;2094079;"RC10    ";"RAN CO MATERIALES S.A.                            ";BUENOS AIRES 405;951551;"20-182N        ";20-182N - MONOCOMANDO DE COCINA MULTIFUNCION BLACK ZENITH;3;3;3;23508311;180926031648387;184520899;;;;07/30/2031 00:00:00;3;14032942;18/09/2026 12:16:48;Mirko;Hernandez;24781383;18/09/2026 10:04:32;7839;Claudio;Juarez;Mirko Hernandez;Claudio Juarez
14375503;18/09/2026 12:21:42;3;2;0001  215974-1;10;URGENTES;2094079;"RC10    ";"RAN CO MATERIALES S.A.                            ";BUENOS AIRES 405;954884;"BAI01N         ";BAI01N - BACHA EMB COCINA C/ACCESORIOS 750x450x220 BLACK GUN BRUSHED;3;3;3;23509291;180926032141476;184525355;;;;07/30/2031 00:00:00;1;14033081;18/09/2026 12:21:41;Mirko;Hernandez;24782443;18/09/2026 10:15:30;7839;Claudio;Juarez;Mirko Hernandez;Claudio Juarez
14375503;18/09/2026 12:21:42;3;2;0001  215974-1;10;URGENTES;2094079;"RC10    ";"RAN CO MATERIALES S.A.                            ";BUENOS AIRES 405;952723;"61-200C        ";61-200C - LAVATORIO MONOC ALTO CR FABRIC;2;2;2;23516384;180926031546251;184519998;;;;07/27/2031 00:00:00;2;14032954;18/09/2026 12:15:46;Mirko;Hernandez;;;;;;Mirko Hernandez;
14375503;18/09/2026 12:21:42;3;2;0001  215974-1;10;URGENTES;2094079;"RC10    ";"RAN CO MATERIALES S.A.                            ";BUENOS AIRES 405;953154;"80-200N        ";80-200N - DUCHA EMB. MONOC. 3 FUNCIONES BLACK FABRIC;6;6;6;23516518;180926031800968;184571191;;;;01/18/2032 00:00:00;3;14032997;18/09/2026 12:18:01;Mirko;Hernandez;;;;;;Mirko Hernandez;
14375503;18/09/2026 12:21:42;3;2;0001  215974-1;10;URGENTES;2094079;"RC10    ";"RAN CO MATERIALES S.A.                            ";BUENOS AIRES 405;953154;"80-200N        ";80-200N - DUCHA EMB. MONOC. 3 FUNCIONES BLACK FABRIC;6;6;6;23516551;180926031848177;184524758;;;;01/18/2032 00:00:00;3;14033017;18/09/2026 12:18:48;Mirko;Hernandez;;;;;;Mirko Hernandez;
14375503;18/09/2026 12:21:42;3;2;0001  215974-1;10;URGENTES;2094079;"RC10    ";"RAN CO MATERIALES S.A.                            ";BUENOS AIRES 405;952597;"60-100N        ";60-100N - LAVATORIO BLACK C.CERAM FABRIC;7;7;7;23516587;180926031930081;184571674;;;;12/01/2031 00:00:00;4;14033034;18/09/2026 12:19:30;Mirko;Hernandez;;;;;;Mirko Hernandez;
14375503;18/09/2026 12:21:42;3;2;0001  215974-1;10;URGENTES;2094079;"RC10    ";"RAN CO MATERIALES S.A.                            ";BUENOS AIRES 405;952597;"60-100N        ";60-100N - LAVATORIO BLACK C.CERAM FABRIC;7;7;7;23516619;180926032007421;184522565;;;;12/01/2031 00:00:00;3;14033051;18/09/2026 12:20:07;Mirko;Hernandez;;;;;;Mirko Hernandez;
14375503;18/09/2026 12:21:42;3;2;0001  215974-1;10;URGENTES;2094079;"RC10    ";"RAN CO MATERIALES S.A.                            ";BUENOS AIRES 405;954884;"BAI01N         ";BAI01N - BACHA EMB COCINA C/ACCESORIOS 750x450x220 BLACK GUN BRUSHED;3;3;3;23516682;180926032124567;184572263;;;;07/30/2031 00:00:00;1;14033088;18/09/2026 12:21:24;Mirko;Hernandez;;;;;;Mirko Hernandez;
14375503;18/09/2026 12:21:42;3;2;0001  215974-1;10;URGENTES;2094079;"RC10    ";"RAN CO MATERIALES S.A.                            ";BUENOS AIRES 405;954884;"BAI01N         ";BAI01N - BACHA EMB COCINA C/ACCESORIOS 750x450x220 BLACK GUN BRUSHED;3;3;3;23516689;180926032131424;184572301;;;;07/30/2031 00:00:00;1;14033097;18/09/2026 12:21:31;Mirko;Hernandez;;;;;;Mirko Hernandez;
14378279;19/09/2026 07:22:28;3;2;0001  215147-2;05;CAMIONETA MAR 1;2186317;"FS13    ";"FAMACON SA                                        ";IRIARTE 1445;956418;"INO104N-2      ";"DEPOSITO C/DESCARGA DUAL BLACK LINEA STONE                            ";3;3;3;23519220;190926072228499;184597250;;;;10/18/2031 00:00:00;3;14044291;19/09/2026 07:22:28;Gustavo;Soderquvist;24792390;18/09/2026 13:46:01;7636;Kevin;Arce;Gustavo Soderquvist;Kevin Arce
14378280;19/09/2026 07:18:11;3;2;0004     111-2;05;CAMIONETA MAR 1;2093194;"LG10    ";"LOPEZ GAS ONLINE S.A                              ";AV. REMEDIOS DE ESCALADA 2375;956412;"INO102-2       ";"DEPOSITO C/DESCARGA DUAL BLANCO LINEA LOFT                            ";1;1;1;23519221;190926071811677;184597483;;;;02/25/2032 00:00:00;1;14044262;19/09/2026 07:18:11;Gustavo;Soderquvist;24792390;18/09/2026 13:46:01;7636;Kevin;Arce;Gustavo Soderquvist;Kevin Arce
14378281;19/09/2026 09:57:10;3;2;0001  215663-1;05;CAMIONETA MAR 1;2091760;"CL40    ";"CLICK-ON S.A. -TIOSO HOGAR                        ";AU A CAÑUELAS KM 41 PUENTE DEL INCA 2450;953421;"90-166         ";90-166 - PACK GRIF. ADRA PLUS (Lav-Bide-Ducha c/t Plus);10;10;10;23518393;190926095620682;184586875;;;;01/04/2032 00:00:00;3;14046317;19/09/2026 09:56:20;Maximiliano;Nievas;24791502;18/09/2026 13:54:16;7839;Claudio;Juarez;Maximiliano Nievas;Claudio Juarez
14378281;19/09/2026 09:57:10;3;2;0001  215663-1;05;CAMIONETA MAR 1;2091760;"CL40    ";"CLICK-ON S.A. -TIOSO HOGAR                        ";AU A CAÑUELAS KM 41 PUENTE DEL INCA 2450;953316;"83-176         ";83-176 - DUCHA EXT. C/TRANSF. MONOC CR RIO;3;3;3;23521286;190926095409586;184608361;;;;07/28/2031 00:00:00;3;14046042;19/09/2026 09:54:09;Maximiliano;Nievas;24794387;18/09/2026 14:17:11;7839;Claudio;Juarez;Maximiliano Nievas;Claudio Juarez
14378281;19/09/2026 09:57:10;3;2;0001  215663-1;05;CAMIONETA MAR 1;2091760;"CL40    ";"CLICK-ON S.A. -TIOSO HOGAR                        ";AU A CAÑUELAS KM 41 PUENTE DEL INCA 2450;952956;"70-205         ";70-205 - BIDE MONOCOMANDO STEEL;3;3;3;23521286;190926095409586;184608851;;;;11/23/2031 00:00:00;1;14046042;19/09/2026 09:54:09;Maximiliano;Nievas;24794387;18/09/2026 14:17:11;7839;Claudio;Juarez;Maximiliano Nievas;Claudio Juarez
14378281;19/09/2026 09:57:10;3;2;0001  215663-1;05;CAMIONETA MAR 1;2091760;"CL40    ";"CLICK-ON S.A. -TIOSO HOGAR                        ";AU A CAÑUELAS KM 41 PUENTE DEL INCA 2450;954910;"BCH09          ";BCH09 - BACHA DE APOYAR RECTANGULAR 610x410x115;5;5;5;23521968;190926095705710;184608511;;;;07/28/2031 00:00:00;5;14046339;19/09/2026 09:57:05;Maximiliano;Nievas;24795004;18/09/2026 14:12:11;6419;Tiago;Rodriguez;Maximiliano Nievas;Tiago Rodriguez
14378281;19/09/2026 09:57:10;3;2;0001  215663-1;05;CAMIONETA MAR 1;2091760;"CL40    ";"CLICK-ON S.A. -TIOSO HOGAR                        ";AU A CAÑUELAS KM 41 PUENTE DEL INCA 2450;952647;"60-176         ";"LAVATORIO MONOCOMANDO BAJO CR RIO                                     ";10;10;10;23537613;190926094321426;184721631;;;;10/11/2031 00:00:00;6;14046105;19/09/2026 09:43:21;Maximiliano;Nievas;;;;;;Maximiliano Nievas;
14378281;19/09/2026 09:57:10;3;2;0001  215663-1;05;CAMIONETA MAR 1;2091760;"CL40    ";"CLICK-ON S.A. -TIOSO HOGAR                        ";AU A CAÑUELAS KM 41 PUENTE DEL INCA 2450;952925;"70-176         ";70-176 - BIDE MONOC C/TRANSF CR RIO;5;5;5;23537643;190926094428454;184605347;;;;12/14/2031 00:00:00;5;14046133;19/09/2026 09:44:28;Maximiliano;Nievas;;;;;;Maximiliano Nievas;
14378281;19/09/2026 09:57:10;3;2;0001  215663-1;05;CAMIONETA MAR 1;2091760;"CL40    ";"CLICK-ON S.A. -TIOSO HOGAR                        ";AU A CAÑUELAS KM 41 PUENTE DEL INCA 2450;952648;"60-176N        ";"LAVATORIO MONOCOMANDO BAJO BLACK RIO                                  ";5;5;5;23537677;190926094548618;184607340;;;;07/29/2031 00:00:00;5;14046154;19/09/2026 09:45:48;Maximiliano;Nievas;;;;;;Maximiliano Nievas;
14378281;19/09/2026 09:57:10;3;2;0001  215663-1;05;CAMIONETA MAR 1;2091760;"CL40    ";"CLICK-ON S.A. -TIOSO HOGAR                        ";AU A CAÑUELAS KM 41 PUENTE DEL INCA 2450;952647;"60-176         ";"LAVATORIO MONOCOMANDO BAJO CR RIO                                     ";10;10;10;23537779;190926094956713;184606918;;;;10/11/2031 00:00:00;4;14046224;19/09/2026 09:49:56;Maximiliano;Nievas;;;;;;Maximiliano Nievas;
14378281;19/09/2026 09:57:10;3;2;0001  215663-1;05;CAMIONETA MAR 1;2091760;"CL40    ";"CLICK-ON S.A. -TIOSO HOGAR                        ";AU A CAÑUELAS KM 41 PUENTE DEL INCA 2450;953122;"80-176         ";80-176 - DUCHA EMB C/TRANSF MONOC CR RIO;3;3;3;23537779;190926094956713;184607192;;;;07/29/2031 00:00:00;3;14046224;19/09/2026 09:49:56;Maximiliano;Nievas;;;;;;Maximiliano Nievas;
14378281;19/09/2026 09:57:10;3;2;0001  215663-1;05;CAMIONETA MAR 1;2091760;"CL40    ";"CLICK-ON S.A. -TIOSO HOGAR                        ";AU A CAÑUELAS KM 41 PUENTE DEL INCA 2450;952956;"70-205         ";70-205 - BIDE MONOCOMANDO STEEL;3;3;3;23537779;190926094956713;184722574;;;;11/23/2031 00:00:00;2;14046224;19/09/2026 09:49:56;Maximiliano;Nievas;;;;;;Maximiliano Nievas;
14378281;19/09/2026 09:57:10;3;2;0001  215663-1;05;CAMIONETA MAR 1;2091760;"CL40    ";"CLICK-ON S.A. -TIOSO HOGAR                        ";AU A CAÑUELAS KM 41 PUENTE DEL INCA 2450;953334;"84-203         ";"DUCHA EXT C/COLUMNA Y TRANSF CR ADRA                                  ";4;4;4;23537779;190926094956713;184610052;;;;02/03/2032 00:00:00;4;14046224;19/09/2026 09:49:56;Maximiliano;Nievas;;;;;;Maximiliano Nievas;
14378281;19/09/2026 09:57:10;3;2;0001  215663-1;05;CAMIONETA MAR 1;2091760;"CL40    ";"CLICK-ON S.A. -TIOSO HOGAR                        ";AU A CAÑUELAS KM 41 PUENTE DEL INCA 2450;952713;"61-176N        ";61-176N - LAVATORIO MONOC ALTO BLACK RIO;5;5;5;23537812;190926095153707;184607609;;;;07/29/2031 00:00:00;5;14046264;19/09/2026 09:51:53;Maximiliano;Nievas;;;;;;Maximiliano Nievas;
14378281;19/09/2026 09:57:10;3;2;0001  215663-1;05;CAMIONETA MAR 1;2091760;"CL40    ";"CLICK-ON S.A. -TIOSO HOGAR                        ";AU A CAÑUELAS KM 41 PUENTE DEL INCA 2450;952712;"61-176         ";61-176 - LAVATORIO MONOC ALTO CR RIO;5;5;5;23537828;190926095237127;184605971;;;;10/11/2031 00:00:00;5;14046274;19/09/2026 09:52:37;Maximiliano;Nievas;;;;;;Maximiliano Nievas;
14378281;19/09/2026 09:57:10;3;2;0001  215663-1;05;CAMIONETA MAR 1;2091760;"CL40    ";"CLICK-ON S.A. -TIOSO HOGAR                        ";AU A CAÑUELAS KM 41 PUENTE DEL INCA 2450;953421;"90-166         ";90-166 - PACK GRIF. ADRA PLUS (Lav-Bide-Ducha c/t Plus);10;10;10;23537894;190926095545681;184723331;;;;01/04/2032 00:00:00;3;14046326;19/09/2026 09:55:45;Maximiliano;Nievas;;;;;;Maximiliano Nievas;
14378281;19/09/2026 09:57:10;3;2;0001  215663-1;05;CAMIONETA MAR 1;2091760;"CL40    ";"CLICK-ON S.A. -TIOSO HOGAR                        ";AU A CAÑUELAS KM 41 PUENTE DEL INCA 2450;953421;"90-166         ";90-166 - PACK GRIF. ADRA PLUS (Lav-Bide-Ducha c/t Plus);10;10;10;23537903;190926095608255;184723377;;;;01/04/2032 00:00:00;4;14046332;19/09/2026 09:56:08;Maximiliano;Nievas;;;;;;Maximiliano Nievas;
14378282;19/09/2026 08:26:49;3;2;0001  215664-1;05;CAMIONETA MAR 1;2091760;"CL40    ";"CLICK-ON S.A. -TIOSO HOGAR                        ";AU A CAÑUELAS KM 41 PUENTE DEL INCA 2450;952915;"70-168         ";70-168 - BIDE MONOC CR WAVE;1;1;1;23518050;190926082646821;184589166;;;;01/18/2032 00:00:00;1;14044978;19/09/2026 08:26:46;Tiago;Rodriguez;24791160;18/09/2026 13:36:53;7827;Javier;Machado;Tiago Rodriguez;Javier Machado
14378282;19/09/2026 08:26:49;3;2;0001  215664-1;05;CAMIONETA MAR 1;2091760;"CL40    ";"CLICK-ON S.A. -TIOSO HOGAR                        ";AU A CAÑUELAS KM 41 PUENTE DEL INCA 2450;952795;"63-168         ";63-168 - LAVATORIO PARED EMB MONOC CR WAVE;2;2;2;23518050;190926082646821;184588637;;;;07/28/2031 00:00:00;2;14044978;19/09/2026 08:26:46;Tiago;Rodriguez;24791160;18/09/2026 13:36:53;7827;Javier;Machado;Tiago Rodriguez;Javier Machado
14378282;19/09/2026 08:26:49;3;2;0001  215664-1;05;CAMIONETA MAR 1;2091760;"CL40    ";"CLICK-ON S.A. -TIOSO HOGAR                        ";AU A CAÑUELAS KM 41 PUENTE DEL INCA 2450;953112;"80-168         ";80-168 - DUCHA EMB C/TRANSF MONOC CR WAVE;1;1;1;23518394;190926082603067;184593528;;;;02/04/2032 00:00:00;1;14044968;19/09/2026 08:26:03;Tiago;Rodriguez;24791502;18/09/2026 13:54:16;7839;Claudio;Juarez;Tiago Rodriguez;Claudio Juarez
14378283;19/09/2026 07:16:20;3;2;0001  215671-1;05;CAMIONETA MAR 1;2093421;"ME36    ";"MERMOZ S.A.                                       ";AV. ALSINA 1234;1141161;"BCH23          ";"BACHA DE APOYAR CIRCULAR BLANCA 310x110                               ";5;5;5;23519222;190926071620548;184590429;;;;02/11/2032 00:00:00;5;14044245;19/09/2026 07:16:20;Gustavo;Soderquvist;24792390;18/09/2026 13:46:01;7636;Kevin;Arce;Gustavo Soderquvist;Kevin Arce
14378283;19/09/2026 07:16:20;3;2;0001  215671-1;05;CAMIONETA MAR 1;2093421;"ME36    ";"MERMOZ S.A.                                       ";AV. ALSINA 1234;1141160;"BCH22          ";"BACHA DE APOYAR BLANCA 450x290x110                                    ";3;3;3;23519222;190926071620548;184591240;;;;02/11/2032 00:00:00;3;14044245;19/09/2026 07:16:20;Gustavo;Soderquvist;24792390;18/09/2026 13:46:01;7636;Kevin;Arce;Gustavo Soderquvist;Kevin Arce
14378284;19/09/2026 08:25:24;3;2;0001  215687-1;05;CAMIONETA MAR 1;2094940;"VG04    ";"VELAZQUEZ NORBERTO Y GRANELLA JORGE               ";BELGRANO 1450;952618;"60-133         ";60-133 - LAVATORIO MONOCOMANDO LUGO;6;6;6;23518051;190926082521637;184582406;;;;07/29/2031 00:00:00;6;14044913;19/09/2026 08:25:21;Tiago;Rodriguez;24791160;18/09/2026 13:36:53;7827;Javier;Machado;Tiago Rodriguez;Javier Machado
14378284;19/09/2026 08:25:24;3;2;0001  215687-1;05;CAMIONETA MAR 1;2094940;"VG04    ";"VELAZQUEZ NORBERTO Y GRANELLA JORGE               ";BELGRANO 1450;951568;"203            ";"203 - LAVATORIO CROMO ""DIQUE""";12;12;12;23518395;190926082059616;184588594;;;;01/11/2032 00:00:00;2;14044868;19/09/2026 08:20:59;Tiago;Rodriguez;24791502;18/09/2026 13:54:16;7839;Claudio;Juarez;Tiago Rodriguez;Claudio Juarez
14378284;19/09/2026 08:25:24;3;2;0001  215687-1;05;CAMIONETA MAR 1;2094940;"VG04    ";"VELAZQUEZ NORBERTO Y GRANELLA JORGE               ";BELGRANO 1450;952541;"60-001N        ";"60-001N - LAVATORIO ""CROMO Y""";4;4;4;23518395;190926082059616;184590649;;;;02/01/2032 00:00:00;4;14044868;19/09/2026 08:20:59;Tiago;Rodriguez;24791502;18/09/2026 13:54:16;7839;Claudio;Juarez;Tiago Rodriguez;Claudio Juarez
14378284;19/09/2026 08:25:24;3;2;0001  215687-1;05;CAMIONETA MAR 1;2094940;"VG04    ";"VELAZQUEZ NORBERTO Y GRANELLA JORGE               ";BELGRANO 1450;951568;"203            ";"203 - LAVATORIO CROMO ""DIQUE""";12;12;12;23535799;190926081936187;184708682;;;;01/11/2032 00:00:00;10;14044875;19/09/2026 08:19:36;Tiago;Rodriguez;;;;;;Tiago Rodriguez;
14378284;19/09/2026 08:25:24;3;2;0001  215687-1;05;CAMIONETA MAR 1;2094940;"VG04    ";"VELAZQUEZ NORBERTO Y GRANELLA JORGE               ";BELGRANO 1450;954651;"A816           ";"A816 - DUCHA 6"" C/BRAZO Y CAMPANA CR";6;6;6;23535909;190926082507142;184584058;;;;07/27/2031 00:00:00;6;14044958;19/09/2026 08:25:07;Tiago;Rodriguez;;;;;;Tiago Rodriguez;
14378284;19/09/2026 08:25:24;3;2;0001  215687-1;05;CAMIONETA MAR 1;2094940;"VG04    ";"VELAZQUEZ NORBERTO Y GRANELLA JORGE               ";BELGRANO 1450;954225;"A1447C         ";"A1447C - FLOR DE DUCHA 4"" ABS CROMO C/BLISTER";6;6;6;23535909;190926082507142;184587300;;;;07/27/2031 00:00:00;6;14044958;19/09/2026 08:25:07;Tiago;Rodriguez;;;;;;Tiago Rodriguez;
14378285;19/09/2026 07:17:28;3;2;0008    2932-1;05;CAMIONETA MAR 1;2093421;"ME36    ";"MERMOZ S.A.                                       ";AV. ALSINA 1234;1141161;"BCH23          ";"BACHA DE APOYAR CIRCULAR BLANCA 310x110                               ";5;5;5;23519223;190926071723522;184590700;;;;02/11/2032 00:00:00;5;14044251;19/09/2026 07:17:23;Gustavo;Soderquvist;24792390;18/09/2026 13:46:01;7636;Kevin;Arce;Gustavo Soderquvist;Kevin Arce
14378285;19/09/2026 07:17:28;3;2;0008    2932-1;05;CAMIONETA MAR 1;2093421;"ME36    ";"MERMOZ S.A.                                       ";AV. ALSINA 1234;1141160;"BCH22          ";"BACHA DE APOYAR BLANCA 450x290x110                                    ";3;3;3;23519223;190926071723522;184595605;;;;02/11/2032 00:00:00;3;14044251;19/09/2026 07:17:23;Gustavo;Soderquvist;24792390;18/09/2026 13:46:01;7636;Kevin;Arce;Gustavo Soderquvist;Kevin Arce
14378286;19/09/2026 08:36:22;3;2;0001  215738-1;05;CAMIONETA MAR 1;2093194;"LG10    ";"LOPEZ GAS ONLINE S.A                              ";AV. REMEDIOS DE ESCALADA 2375;951760;"3006SS         ";3006SS - SET DE 6 PIEZAS LINEA 3000 SS;35;35;35;23522100;190926083622570;184609649;;;;07/29/2031 00:00:00;10;14045106;19/09/2026 08:36:22;Maximiliano;Nievas;24795110;18/09/2026 14:14:49;6419;Tiago;Rodriguez;Maximiliano Nievas;Tiago Rodriguez
14378286;19/09/2026 08:36:22;3;2;0001  215738-1;05;CAMIONETA MAR 1;2093194;"LG10    ";"LOPEZ GAS ONLINE S.A                              ";AV. REMEDIOS DE ESCALADA 2375;951760;"3006SS         ";3006SS - SET DE 6 PIEZAS LINEA 3000 SS;35;35;35;23536146;190926083455371;184711289;;;;07/29/2031 00:00:00;5;14045111;19/09/2026 08:34:55;Maximiliano;Nievas;;;;;;Maximiliano Nievas;
14378286;19/09/2026 08:36:22;3;2;0001  215738-1;05;CAMIONETA MAR 1;2093194;"LG10    ";"LOPEZ GAS ONLINE S.A                              ";AV. REMEDIOS DE ESCALADA 2375;951760;"3006SS         ";3006SS - SET DE 6 PIEZAS LINEA 3000 SS;35;35;35;23536158;190926083541808;184711429;;;;07/29/2031 00:00:00;10;14045125;19/09/2026 08:35:41;Maximiliano;Nievas;;;;;;Maximiliano Nievas;
14378286;19/09/2026 08:36:22;3;2;0001  215738-1;05;CAMIONETA MAR 1;2093194;"LG10    ";"LOPEZ GAS ONLINE S.A                              ";AV. REMEDIOS DE ESCALADA 2375;951760;"3006SS         ";3006SS - SET DE 6 PIEZAS LINEA 3000 SS;35;35;35;23536165;190926083601003;184711484;;;;07/29/2031 00:00:00;10;14045128;19/09/2026 08:36:01;Maximiliano;Nievas;;;;;;Maximiliano Nievas;
14378287;19/09/2026 08:45:32;3;2;0001  215739-1;05;CAMIONETA MAR 1;2092817;"GS18    ";"GODOY SILVANA VANESA                              ";LAPRIDA 691;951132;"13006          ";"SET DE 6 PIEZAS LINEA 13000                                           ";1;1;1;23518052;190926084526724;184593680;;;;07/28/2031 00:00:00;1;14045140;19/09/2026 08:45:26;Maximiliano;Nievas;24791160;18/09/2026 13:36:53;7827;Javier;Machado;Maximiliano Nievas;Javier Machado
14378287;19/09/2026 08:45:32;3;2;0001  215739-1;05;CAMIONETA MAR 1;2092817;"GS18    ";"GODOY SILVANA VANESA                              ";LAPRIDA 691;951615;"21200N         ";21200N - ESQUINERO ORGANIZADOR BLACK 19x19x7;1;1;1;23518052;190926084526724;184590370;;;;07/28/2031 00:00:00;1;14045140;19/09/2026 08:45:26;Maximiliano;Nievas;24791160;18/09/2026 13:36:53;7827;Javier;Machado;Maximiliano Nievas;Javier Machado
14378287;19/09/2026 08:45:32;3;2;0001  215739-1;05;CAMIONETA MAR 1;2092817;"GS18    ";"GODOY SILVANA VANESA                              ";LAPRIDA 691;951614;"21200          ";21200 - ESQUINERO ORGANIZADOR 19x19x7;2;2;2;23518052;190926084526724;184588006;;;;07/27/2031 00:00:00;2;14045140;19/09/2026 08:45:26;Maximiliano;Nievas;24791160;18/09/2026 13:36:53;7827;Javier;Machado;Maximiliano Nievas;Javier Machado
14378287;19/09/2026 08:45:32;3;2;0001  215739-1;05;CAMIONETA MAR 1;2092817;"GS18    ";"GODOY SILVANA VANESA                              ";LAPRIDA 691;954648;"A813           ";A813 - DUCHA C/BRAZO Y CAMPANA CR 3 FUNCIONES;2;2;2;23536324;190926084337577;184584625;;;;07/27/2031 00:00:00;2;14045232;19/09/2026 08:43:37;Maximiliano;Nievas;;;;;;Maximiliano Nievas;
14378287;19/09/2026 08:45:32;3;2;0001  215739-1;05;CAMIONETA MAR 1;2092817;"GS18    ";"GODOY SILVANA VANESA                              ";LAPRIDA 691;954651;"A816           ";"A816 - DUCHA 6"" C/BRAZO Y CAMPANA CR";2;2;2;23536324;190926084337577;184584220;;;;07/27/2031 00:00:00;2;14045232;19/09/2026 08:43:37;Maximiliano;Nievas;;;;;;Maximiliano Nievas;
14378287;19/09/2026 08:45:32;3;2;0001  215739-1;05;CAMIONETA MAR 1;2092817;"GS18    ";"GODOY SILVANA VANESA                              ";LAPRIDA 691;951135;"13030          ";"PERCHA LINEA 13000                                                    ";1;1;1;23536324;190926084337577;184585074;;;;07/31/2031 00:00:00;1;14045232;19/09/2026 08:43:37;Maximiliano;Nievas;;;;;;Maximiliano Nievas;
14378287;19/09/2026 08:45:32;3;2;0001  215739-1;05;CAMIONETA MAR 1;2092817;"GS18    ";"GODOY SILVANA VANESA                              ";LAPRIDA 691;951137;"13050          ";"JABONERA LINEA 13000                                                  ";1;1;1;23536324;190926084337577;184585385;;;;07/31/2031 00:00:00;1;14045232;19/09/2026 08:43:37;Maximiliano;Nievas;;;;;;Maximiliano Nievas;
14378287;19/09/2026 08:45:32;3;2;0001  215739-1;05;CAMIONETA MAR 1;2092817;"GS18    ";"GODOY SILVANA VANESA                              ";LAPRIDA 691;951606;"21100          ";21100 - ESTANTE ORGANIZADOR RECTANGULAR 25x12x7;2;2;2;23536324;190926084337577;184588960;;;;07/29/2031 00:00:00;2;14045232;19/09/2026 08:43:37;Maximiliano;Nievas;;;;;;Maximiliano Nievas;
14378287;19/09/2026 08:45:32;3;2;0001  215739-1;05;CAMIONETA MAR 1;2092817;"GS18    ";"GODOY SILVANA VANESA                              ";LAPRIDA 691;951607;"21100N         ";21100N - ESTANTE ORGANIZADOR RECTANGULAR BLACK 25x12x7;1;1;1;23536324;190926084337577;184590689;;;;07/27/2031 00:00:00;1;14045232;19/09/2026 08:43:37;Maximiliano;Nievas;;;;;;Maximiliano Nievas;
14378287;19/09/2026 08:45:32;3;2;0001  215739-1;05;CAMIONETA MAR 1;2092817;"GS18    ";"GODOY SILVANA VANESA                              ";LAPRIDA 691;952679;"60-205         ";60-205 - LAVATORIO MONOC BAJO STEEL;1;1;1;23536324;190926084337577;184589963;;;;07/28/2031 00:00:00;1;14045232;19/09/2026 08:43:37;Maximiliano;Nievas;;;;;;Maximiliano Nievas;
14378287;19/09/2026 08:45:32;3;2;0001  215739-1;05;CAMIONETA MAR 1;2092817;"GS18    ";"GODOY SILVANA VANESA                              ";LAPRIDA 691;954226;"A1448C         ";"A1448C - CAÑO CURVO METALICO C/FLOR DE DUCHA 4"" ABS CR C/BLISTER";4;4;4;23536324;190926084337577;184586724;;;;08/13/2031 00:00:00;4;14045232;19/09/2026 08:43:37;Maximiliano;Nievas;;;;;;Maximiliano Nievas;
14378288;19/09/2026 08:50:46;3;2;0001  215566-2;05;CAMIONETA MAR 1;2094253;"RS19    ";"ROCCO SANITARIOS SRL                              ";EVA PERON 1486;953055;"80-045         ";80-045 - DUCHA EMB.C/TRANSF CR  C.STD CRUZ;2;2;2;23518396;180926224917197;184591290;;;;02/18/2032 00:00:00;2;14044504;19/09/2026 07:49:17;Mirko;Hernandez;24791502;18/09/2026 13:54:16;7839;Claudio;Juarez;Mirko Hernandez;Claudio Juarez
14378288;19/09/2026 08:50:46;3;2;0001  215566-2;05;CAMIONETA MAR 1;2094253;"RS19    ";"ROCCO SANITARIOS SRL                              ";EVA PERON 1486;952758;"62-162         ";62-162 - LAVATORIO DE PARED CR C.CERAM ADRA;1;1;1;23518396;180926224917197;184588807;;;;07/31/2031 00:00:00;1;14044504;19/09/2026 07:49:17;Mirko;Hernandez;24791502;18/09/2026 13:54:16;7839;Claudio;Juarez;Mirko Hernandez;Claudio Juarez
14378288;19/09/2026 08:50:46;3;2;0001  215566-2;05;CAMIONETA MAR 1;2094253;"RS19    ";"ROCCO SANITARIOS SRL                              ";EVA PERON 1486;952610;"60-122         ";60-122 - LAVATORIO C.CERAM CR VALENCIA;2;2;2;23518396;180926224917197;184592184;;;;01/19/2032 00:00:00;2;14044504;19/09/2026 07:49:17;Mirko;Hernandez;24791502;18/09/2026 13:54:16;7839;Claudio;Juarez;Mirko Hernandez;Claudio Juarez
14378288;19/09/2026 08:50:46;3;2;0001  215566-2;05;CAMIONETA MAR 1;2094253;"RS19    ";"ROCCO SANITARIOS SRL                              ";EVA PERON 1486;954227;"A1449C         ";A1449C - DUCHADOR MULTIFUNCION CROMO C/BLISTER;4;4;4;23521300;180926235044390;184606930;;;;07/27/2031 00:00:00;4;14045084;19/09/2026 08:50:44;Mirko;Hernandez;24794391;18/09/2026 14:39:51;7636;Kevin;Arce;Mirko Hernandez;Kevin Arce
14378288;19/09/2026 08:50:46;3;2;0001  215566-2;05;CAMIONETA MAR 1;2094253;"RS19    ";"ROCCO SANITARIOS SRL                              ";EVA PERON 1486;958228;"RU840          ";"CAMP COCINA EMB Y JUEGO LAVARROPAS                                    ";3;3;3;23521300;180926235044390;184619271;;;;12/01/2031 00:00:00;3;14045084;19/09/2026 08:50:44;Mirko;Hernandez;24794391;18/09/2026 14:39:51;7636;Kevin;Arce;Mirko Hernandez;Kevin Arce
14378288;19/09/2026 08:50:46;3;2;0001  215566-2;05;CAMIONETA MAR 1;2094253;"RS19    ";"ROCCO SANITARIOS SRL                              ";EVA PERON 1486;957452;"RA1051         ";RA1051 - VOLANTE TRANSFERENCIA MALLORCA;1;1;1;23521300;180926235044390;184618634;;;;08/05/2031 00:00:00;1;14045084;19/09/2026 08:50:44;Mirko;Hernandez;24794391;18/09/2026 14:39:51;7636;Kevin;Arce;Mirko Hernandez;Kevin Arce
14378288;19/09/2026 08:50:46;3;2;0001  215566-2;05;CAMIONETA MAR 1;2094253;"RS19    ";"ROCCO SANITARIOS SRL                              ";EVA PERON 1486;957450;"RA1050         ";RA1050 - VOLANTE MALLORCA STD.;2;2;2;23521300;180926235044390;184618239;;;;02/21/2032 00:00:00;2;14045084;19/09/2026 08:50:44;Mirko;Hernandez;24794391;18/09/2026 14:39:51;7636;Kevin;Arce;Mirko Hernandez;Kevin Arce
14378288;19/09/2026 08:50:46;3;2;0001  215566-2;05;CAMIONETA MAR 1;2094253;"RS19    ";"ROCCO SANITARIOS SRL                              ";EVA PERON 1486;957392;"RA003          ";RA003 - CABEZAL IZQUIERDO CIERRE CERAMICO (CALIENTE);3;3;3;23521300;180926235044390;184618045;;;;09/16/2031 00:00:00;3;14045084;19/09/2026 08:50:44;Mirko;Hernandez;24794391;18/09/2026 14:39:51;7636;Kevin;Arce;Mirko Hernandez;Kevin Arce
14378288;19/09/2026 08:50:46;3;2;0001  215566-2;05;CAMIONETA MAR 1;2094253;"RS19    ";"ROCCO SANITARIOS SRL                              ";EVA PERON 1486;957391;"RA002          ";RA002 - CABEZAL DERECHO CIERRE CERAMICO (FRIA);3;3;3;23521300;180926235044390;184617702;;;;02/03/2032 00:00:00;3;14045084;19/09/2026 08:50:44;Mirko;Hernandez;24794391;18/09/2026 14:39:51;7636;Kevin;Arce;Mirko Hernandez;Kevin Arce
14378288;19/09/2026 08:50:46;3;2;0001  215566-2;05;CAMIONETA MAR 1;2094253;"RS19    ";"ROCCO SANITARIOS SRL                              ";EVA PERON 1486;957390;"RA001          ";RA001 - CABEZAL STD NO ASCENDENTE;3;3;3;23521300;180926235044390;184617381;;;;02/11/2032 00:00:00;3;14045084;19/09/2026 08:50:44;Mirko;Hernandez;24794391;18/09/2026 14:39:51;7636;Kevin;Arce;Mirko Hernandez;Kevin Arce
14378288;19/09/2026 08:50:46;3;2;0001  215566-2;05;CAMIONETA MAR 1;2094253;"RS19    ";"ROCCO SANITARIOS SRL                              ";EVA PERON 1486;954805;"AB-002         ";AB-002 - AGARRADERA ACERO INOX CROMADO 40 CM SAFE;2;2;2;23521300;180926235044390;184605954;;;;08/12/2031 00:00:00;1;14045084;19/09/2026 08:50:44;Mirko;Hernandez;24794391;18/09/2026 14:39:51;7636;Kevin;Arce;Mirko Hernandez;Kevin Arce
14378288;19/09/2026 08:50:46;3;2;0001  215566-2;05;CAMIONETA MAR 1;2094253;"RS19    ";"ROCCO SANITARIOS SRL                              ";EVA PERON 1486;954804;"AB-001         ";AB-001 - AGARRADERA ACERO INOX CROMADO 30 CM SAFE;4;4;4;23521300;180926235044390;184605376;;;;07/28/2031 00:00:00;1;14045084;19/09/2026 08:50:44;Mirko;Hernandez;24794391;18/09/2026 14:39:51;7636;Kevin;Arce;Mirko Hernandez;Kevin Arce
14378288;19/09/2026 08:50:46;3;2;0001  215566-2;05;CAMIONETA MAR 1;2094253;"RS19    ";"ROCCO SANITARIOS SRL                              ";EVA PERON 1486;955159;"D439           ";D439 - KIT DE DUCHA MANUAL;4;4;4;23535105;180926224530025;184589980;;;;12/16/2031 00:00:00;4;14044517;19/09/2026 07:45:30;Mirko;Hernandez;;;;;;Mirko Hernandez;
14378288;19/09/2026 08:50:46;3;2;0001  215566-2;05;CAMIONETA MAR 1;2094253;"RS19    ";"ROCCO SANITARIOS SRL                              ";EVA PERON 1486;953071;"80-100G        ";80-100G - DUCHA EMB. C/TRANSF. GOLD C.CERAM FABRIC;1;1;1;23535110;180926224553311;184590893;;;;12/07/2031 00:00:00;1;14044520;19/09/2026 07:45:53;Mirko;Hernandez;;;;;;Mirko Hernandez;
14378288;19/09/2026 08:50:46;3;2;0001  215566-2;05;CAMIONETA MAR 1;2094253;"RS19    ";"ROCCO SANITARIOS SRL                              ";EVA PERON 1486;953091;"80-138         ";80-138 - DUCHA EMB. C/TRANSF. CR C.CERAM VALENCIA PLUS;2;2;2;23535121;180926224642390;184587952;;;;01/14/2032 00:00:00;2;14044529;19/09/2026 07:46:42;Mirko;Hernandez;;;;;;Mirko Hernandez;
14378288;19/09/2026 08:50:46;3;2;0001  215566-2;05;CAMIONETA MAR 1;2094253;"RS19    ";"ROCCO SANITARIOS SRL                              ";EVA PERON 1486;952596;"60-100G        ";60-100G - LAVATORIO GOLD C.CERAM FABRIC;1;1;1;23535121;180926224642390;184591726;;;;11/10/2031 00:00:00;1;14044529;19/09/2026 07:46:42;Mirko;Hernandez;;;;;;Mirko Hernandez;
14378288;19/09/2026 08:50:46;3;2;0001  215566-2;05;CAMIONETA MAR 1;2094253;"RS19    ";"ROCCO SANITARIOS SRL                              ";EVA PERON 1486;952504;"55-002         ";55-002 - COCINA P/PARED EMB P.ALTO RENACER;2;2;2;23535139;180926224741849;184589450;;;;07/31/2031 00:00:00;2;14044543;19/09/2026 07:47:41;Mirko;Hernandez;;;;;;Mirko Hernandez;
14378288;19/09/2026 08:50:46;3;2;0001  215566-2;05;CAMIONETA MAR 1;2094253;"RS19    ";"ROCCO SANITARIOS SRL                              ";EVA PERON 1486;952634;"60-162         ";60-162 - LAVATORIO CR C.CERAM LINEA ADRA;8;8;8;23535139;180926224741849;184704943;;;;07/29/2031 00:00:00;3;14044543;19/09/2026 07:47:41;Mirko;Hernandez;;;;;;Mirko Hernandez;
14378288;19/09/2026 08:50:46;3;2;0001  215566-2;05;CAMIONETA MAR 1;2094253;"RS19    ";"ROCCO SANITARIOS SRL                              ";EVA PERON 1486;952747;"62-122         ";62-122 - LAVATORIO PARED C.CERAM CR VALENCIA;2;2;2;23535139;180926224741849;184584227;;;;10/08/2031 00:00:00;2;14044543;19/09/2026 07:47:41;Mirko;Hernandez;;;;;;Mirko Hernandez;
14378288;19/09/2026 08:50:46;3;2;0001  215566-2;05;CAMIONETA MAR 1;2094253;"RS19    ";"ROCCO SANITARIOS SRL                              ";EVA PERON 1486;952856;"70-045         ";70-045 - BIDE CROMO C.STD CRUZ;2;2;2;23535139;180926224741849;184591078;;;;02/01/2032 00:00:00;2;14044543;19/09/2026 07:47:41;Mirko;Hernandez;;;;;;Mirko Hernandez;
14378288;19/09/2026 08:50:46;3;2;0001  215566-2;05;CAMIONETA MAR 1;2094253;"RS19    ";"ROCCO SANITARIOS SRL                              ";EVA PERON 1486;952888;"70-122         ";70-122 - BIDE C.CERAM CR VALENCIA;2;2;2;23535139;180926224741849;184704944;;;;10/26/2031 00:00:00;1;14044543;19/09/2026 07:47:41;Mirko;Hernandez;;;;;;Mirko Hernandez;
14378288;19/09/2026 08:50:46;3;2;0001  215566-2;05;CAMIONETA MAR 1;2094253;"RS19    ";"ROCCO SANITARIOS SRL                              ";EVA PERON 1486;952888;"70-122         ";70-122 - BIDE C.CERAM CR VALENCIA;2;2;2;23535148;180926224830547;184592455;;;;10/26/2031 00:00:00;1;14044553;19/09/2026 07:48:30;Mirko;Hernandez;;;;;;Mirko Hernandez;
14378288;19/09/2026 08:50:46;3;2;0001  215566-2;05;CAMIONETA MAR 1;2094253;"RS19    ";"ROCCO SANITARIOS SRL                              ";EVA PERON 1486;952874;"70-100G        ";70-100G - BIDE GOLD C.CERAM FABRIC;1;1;1;23535148;180926224830547;184591882;;;;07/29/2031 00:00:00;1;14044553;19/09/2026 07:48:30;Mirko;Hernandez;;;;;;Mirko Hernandez;
14378288;19/09/2026 08:50:46;3;2;0001  215566-2;05;CAMIONETA MAR 1;2094253;"RS19    ";"ROCCO SANITARIOS SRL                              ";EVA PERON 1486;952759;"62-162N        ";62-162N - LAVATORIO DE PARED BLACK C.CERAM ADRA;1;1;1;23535148;180926224830547;184592662;;;;12/08/2031 00:00:00;1;14044553;19/09/2026 07:48:30;Mirko;Hernandez;;;;;;Mirko Hernandez;
14378288;19/09/2026 08:50:46;3;2;0001  215566-2;05;CAMIONETA MAR 1;2094253;"RS19    ";"ROCCO SANITARIOS SRL                              ";EVA PERON 1486;952634;"60-162         ";60-162 - LAVATORIO CR C.CERAM LINEA ADRA;8;8;8;23535148;180926224830547;184585502;;;;07/29/2031 00:00:00;5;14044553;19/09/2026 07:48:30;Mirko;Hernandez;;;;;;Mirko Hernandez;
14378288;19/09/2026 08:50:46;3;2;0001  215566-2;05;CAMIONETA MAR 1;2094253;"RS19    ";"ROCCO SANITARIOS SRL                              ";EVA PERON 1486;952577;"60-045         ";60-045 - LAVATORIO CR/CR C.STD CRUZ;2;2;2;23535148;180926224830547;184591599;;;;01/24/2032 00:00:00;2;14044553;19/09/2026 07:48:30;Mirko;Hernandez;;;;;;Mirko Hernandez;
14378288;19/09/2026 08:50:46;3;2;0001  215566-2;05;CAMIONETA MAR 1;2094253;"RS19    ";"ROCCO SANITARIOS SRL                              ";EVA PERON 1486;951614;"21200          ";21200 - ESQUINERO ORGANIZADOR 19x19x7;4;4;4;23536117;180926233352645;184607843;;;;07/27/2031 00:00:00;4;14045092;19/09/2026 08:33:52;Mirko;Hernandez;;;;;;Mirko Hernandez;
14378288;19/09/2026 08:50:46;3;2;0001  215566-2;05;CAMIONETA MAR 1;2094253;"RS19    ";"ROCCO SANITARIOS SRL                              ";EVA PERON 1486;951606;"21100          ";21100 - ESTANTE ORGANIZADOR RECTANGULAR 25x12x7;4;4;4;23536150;180926233510099;184608964;;;;07/29/2031 00:00:00;4;14045114;19/09/2026 08:35:10;Mirko;Hernandez;;;;;;Mirko Hernandez;
14378288;19/09/2026 08:50:46;3;2;0001  215566-2;05;CAMIONETA MAR 1;2094253;"RS19    ";"ROCCO SANITARIOS SRL                              ";EVA PERON 1486;951607;"21100N         ";21100N - ESTANTE ORGANIZADOR RECTANGULAR BLACK 25x12x7;2;2;2;23536150;180926233510099;184614323;;;;07/27/2031 00:00:00;2;14045114;19/09/2026 08:35:10;Mirko;Hernandez;;;;;;Mirko Hernandez;
14378288;19/09/2026 08:50:46;3;2;0001  215566-2;05;CAMIONETA MAR 1;2094253;"RS19    ";"ROCCO SANITARIOS SRL                              ";EVA PERON 1486;951116;"12006          ";"SET DE 6 PIEZAS LINEA 12000                                           ";10;10;10;23536184;180926233659310;184615905;;;;07/30/2031 00:00:00;10;14045139;19/09/2026 08:36:59;Mirko;Hernandez;;;;;;Mirko Hernandez;
14378288;19/09/2026 08:50:46;3;2;0001  215566-2;05;CAMIONETA MAR 1;2094253;"RS19    ";"ROCCO SANITARIOS SRL                              ";EVA PERON 1486;951760;"3006SS         ";3006SS - SET DE 6 PIEZAS LINEA 3000 SS;2;2;2;23536197;180926233744405;184608132;;;;07/29/2031 00:00:00;2;14045155;19/09/2026 08:37:44;Mirko;Hernandez;;;;;;Mirko Hernandez;
14378288;19/09/2026 08:50:46;3;2;0001  215566-2;05;CAMIONETA MAR 1;2094253;"RS19    ";"ROCCO SANITARIOS SRL                              ";EVA PERON 1486;951117;"12006N         ";"SET DE 6 PIEZAS LINEA 12000 BLACK                                     ";2;2;2;23536197;180926233744405;184616850;;;;09/01/2031 00:00:00;2;14045155;19/09/2026 08:37:44;Mirko;Hernandez;;;;;;Mirko Hernandez;
14378288;19/09/2026 08:50:46;3;2;0001  215566-2;05;CAMIONETA MAR 1;2094253;"RS19    ";"ROCCO SANITARIOS SRL                              ";EVA PERON 1486;951512;"20-122         ";"MONOCOMANDO COCINA CR C/PICO EXTRAIBLE VALENCIA                       ";2;2;2;23536204;180926233821152;184614030;;;;08/06/2031 00:00:00;2;14045164;19/09/2026 08:38:21;Mirko;Hernandez;;;;;;Mirko Hernandez;
14378288;19/09/2026 08:50:46;3;2;0001  215566-2;05;CAMIONETA MAR 1;2094253;"RS19    ";"ROCCO SANITARIOS SRL                              ";EVA PERON 1486;951513;"20-122N        ";20-122N - MONOCOMANDO COCINA C/PICO EXTRAIBLE VALENCIA BLACK;2;2;2;23536204;180926233821152;184616288;;;;09/13/2031 00:00:00;2;14045164;19/09/2026 08:38:21;Mirko;Hernandez;;;;;;Mirko Hernandez;
14378288;19/09/2026 08:50:46;3;2;0001  215566-2;05;CAMIONETA MAR 1;2094253;"RS19    ";"ROCCO SANITARIOS SRL                              ";EVA PERON 1486;951565;"20-205         ";20-205 - MONOCOMANDO DE COCINA STEEL;4;4;4;23536229;180926233918382;184612652;;;;07/28/2031 00:00:00;4;14045176;19/09/2026 08:39:18;Mirko;Hernandez;;;;;;Mirko Hernandez;
14378288;19/09/2026 08:50:46;3;2;0001  215566-2;05;CAMIONETA MAR 1;2094253;"RS19    ";"ROCCO SANITARIOS SRL                              ";EVA PERON 1486;951554;"20-190         ";20-190 - COCINA MESADA MONOC BLACK VELVET;1;1;1;23536252;180926234027376;184611290;;;;07/28/2031 00:00:00;1;14045189;19/09/2026 08:40:27;Mirko;Hernandez;;;;;;Mirko Hernandez;
14378288;19/09/2026 08:50:46;3;2;0001  215566-2;05;CAMIONETA MAR 1;2094253;"RS19    ";"ROCCO SANITARIOS SRL                              ";EVA PERON 1486;951615;"21200N         ";21200N - ESQUINERO ORGANIZADOR BLACK 19x19x7;2;2;2;23536252;180926234027376;184612086;;;;07/28/2031 00:00:00;2;14045189;19/09/2026 08:40:27;Mirko;Hernandez;;;;;;Mirko Hernandez;
14378288;19/09/2026 08:50:46;3;2;0001  215566-2;05;CAMIONETA MAR 1;2094253;"RS19    ";"ROCCO SANITARIOS SRL                              ";EVA PERON 1486;953161;"80-205         ";80-205 - DUCHA EMB. C/TRANSF. MONOC STEEL;2;2;2;23536252;180926234027376;184611934;;;;08/11/2031 00:00:00;2;14045189;19/09/2026 08:40:27;Mirko;Hernandez;;;;;;Mirko Hernandez;
14378288;19/09/2026 08:50:46;3;2;0001  215566-2;05;CAMIONETA MAR 1;2094253;"RS19    ";"ROCCO SANITARIOS SRL                              ";EVA PERON 1486;952956;"70-205         ";70-205 - BIDE MONOCOMANDO STEEL;2;2;2;23536263;180926234054650;184609674;;;;11/23/2031 00:00:00;2;14045194;19/09/2026 08:40:54;Mirko;Hernandez;;;;;;Mirko Hernandez;
14378288;19/09/2026 08:50:46;3;2;0001  215566-2;05;CAMIONETA MAR 1;2094253;"RS19    ";"ROCCO SANITARIOS SRL                              ";EVA PERON 1486;951611;"21-160         ";"MONOCOMANDO DUO COCINA CROMO DIQUE                                    ";1;1;1;23536263;180926234054650;184610730;;;;12/14/2031 00:00:00;1;14045194;19/09/2026 08:40:54;Mirko;Hernandez;;;;;;Mirko Hernandez;
14378288;19/09/2026 08:50:46;3;2;0001  215566-2;05;CAMIONETA MAR 1;2094253;"RS19    ";"ROCCO SANITARIOS SRL                              ";EVA PERON 1486;952679;"60-205         ";60-205 - LAVATORIO MONOC BAJO STEEL;2;2;2;23536269;180926234114965;184610118;;;;07/28/2031 00:00:00;2;14045200;19/09/2026 08:41:14;Mirko;Hernandez;;;;;;Mirko Hernandez;
14378288;19/09/2026 08:50:46;3;2;0001  215566-2;05;CAMIONETA MAR 1;2094253;"RS19    ";"ROCCO SANITARIOS SRL                              ";EVA PERON 1486;954806;"AB-003         ";AB-003 - AGARRADERA ACERO INOX CROMADO 50 CM SAFE;2;2;2;23536363;180926234550113;184606309;;;;07/27/2031 00:00:00;2;14045256;19/09/2026 08:45:50;Mirko;Hernandez;;;;;;Mirko Hernandez;
14378288;19/09/2026 08:50:46;3;2;0001  215566-2;05;CAMIONETA MAR 1;2094253;"RS19    ";"ROCCO SANITARIOS SRL                              ";EVA PERON 1486;954805;"AB-002         ";AB-002 - AGARRADERA ACERO INOX CROMADO 40 CM SAFE;2;2;2;23536363;180926234550113;184712984;;;;08/12/2031 00:00:00;1;14045256;19/09/2026 08:45:50;Mirko;Hernandez;;;;;;Mirko Hernandez;
14378288;19/09/2026 08:50:46;3;2;0001  215566-2;05;CAMIONETA MAR 1;2094253;"RS19    ";"ROCCO SANITARIOS SRL                              ";EVA PERON 1486;954804;"AB-001         ";AB-001 - AGARRADERA ACERO INOX CROMADO 30 CM SAFE;4;4;4;23536363;180926234550113;184712983;;;;07/28/2031 00:00:00;3;14045256;19/09/2026 08:45:50;Mirko;Hernandez;;;;;;Mirko Hernandez;
14378289;19/09/2026 07:39:23;3;2;0001  215849-1;05;CAMIONETA MAR 1;2093421;"ME36    ";"MERMOZ S.A.                                       ";AV. ALSINA 1234;954918;"BCH16          ";BCH16 - BACHA DE APOYAR BLANCA 610x457x254 C/DESAGOTE Y REJILLA;1;1;1;23521332;190926073923127;184604617;;;;01/06/2032 00:00:00;1;14044460;19/09/2026 07:39:23;Gustavo;Soderquvist;24794420;18/09/2026 14:03:13;6922;Franco;Potenza;Gustavo Soderquvist;Franco Potenza
14378289;19/09/2026 07:39:23;3;2;0001  215849-1;05;CAMIONETA MAR 1;2093421;"ME36    ";"MERMOZ S.A.                                       ";AV. ALSINA 1234;954920;"BCH17          ";BCH17 - BACHA DE APOYAR BLANCA 838x457x254 C/DESAGOTE Y REJILLA;1;1;1;23521332;190926073923127;184604052;;;;07/28/2031 00:00:00;1;14044460;19/09/2026 07:39:23;Gustavo;Soderquvist;24794420;18/09/2026 14:03:13;6922;Franco;Potenza;Gustavo Soderquvist;Franco Potenza
14378290;19/09/2026 07:43:48;3;2;0008    2946-1;05;CAMIONETA MAR 1;2093421;"ME36    ";"MERMOZ S.A.                                       ";AV. ALSINA 1234;954920;"BCH17          ";BCH17 - BACHA DE APOYAR BLANCA 838x457x254 C/DESAGOTE Y REJILLA;1;1;1;23520693;190926074348492;184600599;;;;07/28/2031 00:00:00;1;14044466;19/09/2026 07:43:48;Gustavo;Soderquvist;24793869;18/09/2026 13:56:19;7636;Kevin;Arce;Gustavo Soderquvist;Kevin Arce
14378290;19/09/2026 07:43:48;3;2;0008    2946-1;05;CAMIONETA MAR 1;2093421;"ME36    ";"MERMOZ S.A.                                       ";AV. ALSINA 1234;954918;"BCH16          ";BCH16 - BACHA DE APOYAR BLANCA 610x457x254 C/DESAGOTE Y REJILLA;2;2;2;23520693;190926074348492;184601857;;;;01/06/2032 00:00:00;2;14044466;19/09/2026 07:43:48;Gustavo;Soderquvist;24793869;18/09/2026 13:56:19;7636;Kevin;Arce;Gustavo Soderquvist;Kevin Arce
14378291;19/09/2026 07:58:03;3;2;0001  215690-1;05;CAMIONETA MAR 1;2094017;"PS14    ";"PREMIUM STORE S.R.L.                              ";MANUEL CASTRO ESQ TAGLE 4222;952947;"70-199N        ";70-199N - BIDE BLACK C.CERAM LIVE;1;1;1;23521458;190926075803670;184614645;;;;07/29/2031 00:00:00;1;14044571;19/09/2026 07:58:03;Maximiliano;Nievas;24794548;18/09/2026 14:31:20;7827;Javier;Machado;Maximiliano Nievas;Javier Machado
14378291;19/09/2026 07:58:03;3;2;0001  215690-1;05;CAMIONETA MAR 1;2094017;"PS14    ";"PREMIUM STORE S.R.L.                              ";MANUEL CASTRO ESQ TAGLE 4222;952608;"60-121         ";60-121 - LAVATORIO C.CERAM CR MARBELLA;3;3;3;23521458;190926075803670;184611886;;;;01/25/2032 00:00:00;3;14044571;19/09/2026 07:58:03;Maximiliano;Nievas;24794548;18/09/2026 14:31:20;7827;Javier;Machado;Maximiliano Nievas;Javier Machado
14378291;19/09/2026 07:58:03;3;2;0001  215690-1;05;CAMIONETA MAR 1;2094017;"PS14    ";"PREMIUM STORE S.R.L.                              ";MANUEL CASTRO ESQ TAGLE 4222;952945;"70-199         ";70-199 - BIDE CR C.CERAM LIVE;1;1;1;23521458;190926075803670;184614915;;;;12/16/2031 00:00:00;1;14044571;19/09/2026 07:58:03;Maximiliano;Nievas;24794548;18/09/2026 14:31:20;7827;Javier;Machado;Maximiliano Nievas;Javier Machado
14378291;19/09/2026 07:58:03;3;2;0001  215690-1;05;CAMIONETA MAR 1;2094017;"PS14    ";"PREMIUM STORE S.R.L.                              ";MANUEL CASTRO ESQ TAGLE 4222;952886;"70-121         ";70-121 - BIDE C.CERAM CR MARBELLA;2;2;2;23521458;190926075803670;184612387;;;;01/17/2032 00:00:00;2;14044571;19/09/2026 07:58:03;Maximiliano;Nievas;24794548;18/09/2026 14:31:20;7827;Javier;Machado;Maximiliano Nievas;Javier Machado
14378291;19/09/2026 07:58:03;3;2;0001  215690-1;05;CAMIONETA MAR 1;2094017;"PS14    ";"PREMIUM STORE S.R.L.                              ";MANUEL CASTRO ESQ TAGLE 4222;952873;"70-100C        ";70-100C - BIDE CR C.CERAM FABRIC;1;1;1;23521458;190926075803670;184612967;;;;07/31/2031 00:00:00;1;14044571;19/09/2026 07:58:03;Maximiliano;Nievas;24794548;18/09/2026 14:31:20;7827;Javier;Machado;Maximiliano Nievas;Javier Machado
14378291;19/09/2026 07:58:03;3;2;0001  215690-1;05;CAMIONETA MAR 1;2094017;"PS14    ";"PREMIUM STORE S.R.L.                              ";MANUEL CASTRO ESQ TAGLE 4222;953082;"80-121         ";80-121 - DUCHA EMB. C/TRANSF. CR C.C. MARBELLA;1;1;1;23521458;190926075803670;184612163;;;;08/04/2031 00:00:00;1;14044571;19/09/2026 07:58:03;Maximiliano;Nievas;24794548;18/09/2026 14:31:20;7827;Javier;Machado;Maximiliano Nievas;Javier Machado
14378291;19/09/2026 07:58:03;3;2;0001  215690-1;05;CAMIONETA MAR 1;2094017;"PS14    ";"PREMIUM STORE S.R.L.                              ";MANUEL CASTRO ESQ TAGLE 4222;952954;"70-203         ";70-203 - BIDE MONOCOMANDO ADRA;2;2;2;23522286;190926074935451;184612421;;;;07/30/2031 00:00:00;2;14044213;19/09/2026 07:49:35;Maximiliano;Nievas;24795302;18/09/2026 14:23:07;6419;Tiago;Rodriguez;Maximiliano Nievas;Tiago Rodriguez
14378291;19/09/2026 07:58:03;3;2;0001  215690-1;05;CAMIONETA MAR 1;2094017;"PS14    ";"PREMIUM STORE S.R.L.                              ";MANUEL CASTRO ESQ TAGLE 4222;952928;"70-180         ";70-180 - BIDE MONOCOMANDO C/TRANSF. VERA;1;1;1;23522286;190926074935451;184611648;;;;07/27/2031 00:00:00;1;14044213;19/09/2026 07:49:35;Maximiliano;Nievas;24795302;18/09/2026 14:23:07;6419;Tiago;Rodriguez;Maximiliano Nievas;Tiago Rodriguez
14378291;19/09/2026 07:58:03;3;2;0001  215690-1;05;CAMIONETA MAR 1;2094017;"PS14    ";"PREMIUM STORE S.R.L.                              ";MANUEL CASTRO ESQ TAGLE 4222;953125;"80-180         ";80-180 - DUCHA EMB. C/TRANSF. MONOCOMANDO VERA;1;1;1;23522286;190926074935451;184612732;;;;11/23/2031 00:00:00;1;14044213;19/09/2026 07:49:35;Maximiliano;Nievas;24795302;18/09/2026 14:23:07;6419;Tiago;Rodriguez;Maximiliano Nievas;Tiago Rodriguez
14378291;19/09/2026 07:58:03;3;2;0001  215690-1;05;CAMIONETA MAR 1;2094017;"PS14    ";"PREMIUM STORE S.R.L.                              ";MANUEL CASTRO ESQ TAGLE 4222;952714;"61-180         ";61-180 - LAVATORIO MONOCOMANDO ALTO VERA;2;2;2;23535034;190926074020886;184611837;;;;07/28/2031 00:00:00;2;14044470;19/09/2026 07:40:20;Maximiliano;Nievas;;;;;;Maximiliano Nievas;
14378291;19/09/2026 07:58:03;3;2;0001  215690-1;05;CAMIONETA MAR 1;2094017;"PS14    ";"PREMIUM STORE S.R.L.                              ";MANUEL CASTRO ESQ TAGLE 4222;952708;"61-168         ";61-168 - LAVATORIO MONOC ALTO CR WAVE;2;2;2;23535034;190926074020886;184611498;;;;07/27/2031 00:00:00;2;14044470;19/09/2026 07:40:20;Maximiliano;Nievas;;;;;;Maximiliano Nievas;
14378291;19/09/2026 07:58:03;3;2;0001  215690-1;05;CAMIONETA MAR 1;2094017;"PS14    ";"PREMIUM STORE S.R.L.                              ";MANUEL CASTRO ESQ TAGLE 4222;952637;"60-168         ";60-168 - LAVATORIO MONOC BAJO CR WAVE;2;2;2;23535156;190926074843783;184610814;;;;07/27/2031 00:00:00;2;14044556;19/09/2026 07:48:43;Maximiliano;Nievas;;;;;;Maximiliano Nievas;
14378291;19/09/2026 07:58:03;3;2;0001  215690-1;05;CAMIONETA MAR 1;2094017;"PS14    ";"PREMIUM STORE S.R.L.                              ";MANUEL CASTRO ESQ TAGLE 4222;952915;"70-168         ";70-168 - BIDE MONOC CR WAVE;2;2;2;23535156;190926074843783;184611093;;;;01/18/2032 00:00:00;2;14044556;19/09/2026 07:48:43;Maximiliano;Nievas;;;;;;Maximiliano Nievas;
14378291;19/09/2026 07:58:03;3;2;0001  215690-1;05;CAMIONETA MAR 1;2094017;"PS14    ";"PREMIUM STORE S.R.L.                              ";MANUEL CASTRO ESQ TAGLE 4222;953322;"83-205         ";83-205 - DUCHA EXT C/TRANSF MONOC STEEL PICO CURVO;3;3;3;23535156;190926074843783;184611296;;;;07/27/2031 00:00:00;3;14044556;19/09/2026 07:48:43;Maximiliano;Nievas;;;;;;Maximiliano Nievas;
14378291;19/09/2026 07:58:03;3;2;0001  215690-1;05;CAMIONETA MAR 1;2094017;"PS14    ";"PREMIUM STORE S.R.L.                              ";MANUEL CASTRO ESQ TAGLE 4222;953422;"90-166N        ";90-166N - PACK GRIF. ADRA BLACK PLUS  (Lav-Bide-Ducha c/t Plus);16;16;16;23535202;190926075051510;184705251;;;;01/11/2032 00:00:00;3;14044578;19/09/2026 07:50:51;Maximiliano;Nievas;;;;;;Maximiliano Nievas;
14378291;19/09/2026 07:58:03;3;2;0001  215690-1;05;CAMIONETA MAR 1;2094017;"PS14    ";"PREMIUM STORE S.R.L.                              ";MANUEL CASTRO ESQ TAGLE 4222;953421;"90-166         ";90-166 - PACK GRIF. ADRA PLUS (Lav-Bide-Ducha c/t Plus);2;2;2;23535204;190926075100371;184705272;;;;01/04/2032 00:00:00;1;14044580;19/09/2026 07:51:00;Maximiliano;Nievas;;;;;;Maximiliano Nievas;
14378291;19/09/2026 07:58:03;3;2;0001  215690-1;05;CAMIONETA MAR 1;2094017;"PS14    ";"PREMIUM STORE S.R.L.                              ";MANUEL CASTRO ESQ TAGLE 4222;953422;"90-166N        ";90-166N - PACK GRIF. ADRA BLACK PLUS  (Lav-Bide-Ducha c/t Plus);16;16;16;23535204;190926075100371;184705273;;;;01/11/2032 00:00:00;2;14044580;19/09/2026 07:51:00;Maximiliano;Nievas;;;;;;Maximiliano Nievas;
14378291;19/09/2026 07:58:03;3;2;0001  215690-1;05;CAMIONETA MAR 1;2094017;"PS14    ";"PREMIUM STORE S.R.L.                              ";MANUEL CASTRO ESQ TAGLE 4222;953422;"90-166N        ";90-166N - PACK GRIF. ADRA BLACK PLUS  (Lav-Bide-Ducha c/t Plus);16;16;16;23535225;190926075150376;184705360;;;;01/11/2032 00:00:00;3;14044591;19/09/2026 07:51:50;Maximiliano;Nievas;;;;;;Maximiliano Nievas;
14378291;19/09/2026 07:58:03;3;2;0001  215690-1;05;CAMIONETA MAR 1;2094017;"PS14    ";"PREMIUM STORE S.R.L.                              ";MANUEL CASTRO ESQ TAGLE 4222;953421;"90-166         ";90-166 - PACK GRIF. ADRA PLUS (Lav-Bide-Ducha c/t Plus);2;2;2;23535230;190926075211157;184615806;;;;01/04/2032 00:00:00;1;14044594;19/09/2026 07:52:11;Maximiliano;Nievas;;;;;;Maximiliano Nievas;
14378291;19/09/2026 07:58:03;3;2;0001  215690-1;05;CAMIONETA MAR 1;2094017;"PS14    ";"PREMIUM STORE S.R.L.                              ";MANUEL CASTRO ESQ TAGLE 4222;953422;"90-166N        ";90-166N - PACK GRIF. ADRA BLACK PLUS  (Lav-Bide-Ducha c/t Plus);16;16;16;23535230;190926075211157;184705383;;;;01/11/2032 00:00:00;2;14044594;19/09/2026 07:52:11;Maximiliano;Nievas;;;;;;Maximiliano Nievas;
14378291;19/09/2026 07:58:03;3;2;0001  215690-1;05;CAMIONETA MAR 1;2094017;"PS14    ";"PREMIUM STORE S.R.L.                              ";MANUEL CASTRO ESQ TAGLE 4222;953422;"90-166N        ";90-166N - PACK GRIF. ADRA BLACK PLUS  (Lav-Bide-Ducha c/t Plus);16;16;16;23535248;190926075306220;184705493;;;;01/11/2032 00:00:00;2;14044608;19/09/2026 07:53:06;Maximiliano;Nievas;;;;;;Maximiliano Nievas;
14378291;19/09/2026 07:58:03;3;2;0001  215690-1;05;CAMIONETA MAR 1;2094017;"PS14    ";"PREMIUM STORE S.R.L.                              ";MANUEL CASTRO ESQ TAGLE 4222;953346;"85-168         ";85-168 - DUCHA MONOC C/TRANSF Y DUCHADOR CR WAVE;1;1;1;23535248;190926075306220;184611357;;;;03/08/2032 00:00:00;1;14044608;19/09/2026 07:53:06;Maximiliano;Nievas;;;;;;Maximiliano Nievas;
14378291;19/09/2026 07:58:03;3;2;0001  215690-1;05;CAMIONETA MAR 1;2094017;"PS14    ";"PREMIUM STORE S.R.L.                              ";MANUEL CASTRO ESQ TAGLE 4222;953112;"80-168         ";80-168 - DUCHA EMB C/TRANSF MONOC CR WAVE;1;1;1;23535248;190926075306220;184611447;;;;02/04/2032 00:00:00;1;14044608;19/09/2026 07:53:06;Maximiliano;Nievas;;;;;;Maximiliano Nievas;
14378291;19/09/2026 07:58:03;3;2;0001  215690-1;05;CAMIONETA MAR 1;2094017;"PS14    ";"PREMIUM STORE S.R.L.                              ";MANUEL CASTRO ESQ TAGLE 4222;953070;"80-100C        ";80-100C - DUCHA EMB. C/TRANSF. CR C.CERAM FABRIC;1;1;1;23535264;190926075430530;184613061;;;;07/30/2031 00:00:00;1;14044635;19/09/2026 07:54:30;Maximiliano;Nievas;;;;;;Maximiliano Nievas;
14378291;19/09/2026 07:58:03;3;2;0001  215690-1;05;CAMIONETA MAR 1;2094017;"PS14    ";"PREMIUM STORE S.R.L.                              ";MANUEL CASTRO ESQ TAGLE 4222;953422;"90-166N        ";90-166N - PACK GRIF. ADRA BLACK PLUS  (Lav-Bide-Ducha c/t Plus);16;16;16;23535264;190926075430530;184705670;;;;01/11/2032 00:00:00;2;14044635;19/09/2026 07:54:30;Maximiliano;Nievas;;;;;;Maximiliano Nievas;
14378291;19/09/2026 07:58:03;3;2;0001  215690-1;05;CAMIONETA MAR 1;2094017;"PS14    ";"PREMIUM STORE S.R.L.                              ";MANUEL CASTRO ESQ TAGLE 4222;953422;"90-166N        ";90-166N - PACK GRIF. ADRA BLACK PLUS  (Lav-Bide-Ducha c/t Plus);16;16;16;23535275;190926075441130;184605908;;;;01/11/2032 00:00:00;2;14044637;19/09/2026 07:54:41;Maximiliano;Nievas;;;;;;Maximiliano Nievas;
14378291;19/09/2026 07:58:03;3;2;0001  215690-1;05;CAMIONETA MAR 1;2094017;"PS14    ";"PREMIUM STORE S.R.L.                              ";MANUEL CASTRO ESQ TAGLE 4222;952667;"60-199         ";60-199 - LAVATORIO CR C.CERAM LIVE;2;2;2;23535311;190926075707380;184705943;;;;11/16/2031 00:00:00;1;14044657;19/09/2026 07:57:07;Maximiliano;Nievas;;;;;;Maximiliano Nievas;
14378291;19/09/2026 07:58:03;3;2;0001  215690-1;05;CAMIONETA MAR 1;2094017;"PS14    ";"PREMIUM STORE S.R.L.                              ";MANUEL CASTRO ESQ TAGLE 4222;952669;"60-199N        ";60-199N - LAVATORIO BLACK C.CERAM LIVE;2;2;2;23535311;190926075707380;184614449;;;;07/27/2031 00:00:00;2;14044657;19/09/2026 07:57:07;Maximiliano;Nievas;;;;;;Maximiliano Nievas;
14378291;19/09/2026 07:58:03;3;2;0001  215690-1;05;CAMIONETA MAR 1;2094017;"PS14    ";"PREMIUM STORE S.R.L.                              ";MANUEL CASTRO ESQ TAGLE 4222;952726;"61-203         ";61-203 - LAVATORIO MONOCOMANDO ALTO ADRA;2;2;2;23535312;190926075717801;184607375;;;;02/22/2032 00:00:00;2;14044660;19/09/2026 07:57:17;Maximiliano;Nievas;;;;;;Maximiliano Nievas;
14378291;19/09/2026 07:58:03;3;2;0001  215690-1;05;CAMIONETA MAR 1;2094017;"PS14    ";"PREMIUM STORE S.R.L.                              ";MANUEL CASTRO ESQ TAGLE 4222;952667;"60-199         ";60-199 - LAVATORIO CR C.CERAM LIVE;2;2;2;23535312;190926075717801;184615091;;;;11/16/2031 00:00:00;1;14044660;19/09/2026 07:57:17;Maximiliano;Nievas;;;;;;Maximiliano Nievas;
14378291;19/09/2026 07:58:03;3;2;0001  215690-1;05;CAMIONETA MAR 1;2094017;"PS14    ";"PREMIUM STORE S.R.L.                              ";MANUEL CASTRO ESQ TAGLE 4222;952595;"60-100C        ";60-100C - LAVATORIO CR C.CERAM FABRIC;1;1;1;23535312;190926075717801;184612885;;;;08/17/2031 00:00:00;1;14044660;19/09/2026 07:57:17;Maximiliano;Nievas;;;;;;Maximiliano Nievas;
14378292;19/09/2026 08:17:10;3;2;0001  215862-1;05;CAMIONETA MAR 1;2092387;"FA20    ";"FALABELLA S.A.                                    ";AV HIPOLITO YRIGOYEN 13298;952650;"60-180         ";60-180 - LAVATORIO MONOCOMANDO BAJO VERA;5;5;5;23518053;190926081046193;184591533;;;;07/28/2031 00:00:00;5;14044755;19/09/2026 08:10:46;Tiago;Rodriguez;24791160;18/09/2026 13:36:53;7827;Javier;Machado;Tiago Rodriguez;Javier Machado
14378292;19/09/2026 08:17:10;3;2;0001  215862-1;05;CAMIONETA MAR 1;2092387;"FA20    ";"FALABELLA S.A.                                    ";AV HIPOLITO YRIGOYEN 13298;950974;"10005BL        ";"SET DE 5 PIEZAS LINEA 10000 BLACK                                     ";3;3;3;23518053;190926081046193;184592142;;;;07/28/2031 00:00:00;3;14044755;19/09/2026 08:10:46;Tiago;Rodriguez;24791160;18/09/2026 13:36:53;7827;Javier;Machado;Tiago Rodriguez;Javier Machado
14378292;19/09/2026 08:17:10;3;2;0001  215862-1;05;CAMIONETA MAR 1;2092387;"FA20    ";"FALABELLA S.A.                                    ";AV HIPOLITO YRIGOYEN 13298;952634;"60-162         ";60-162 - LAVATORIO CR C.CERAM LINEA ADRA;5;5;5;23518397;190926081710186;184585672;;;;07/29/2031 00:00:00;5;14044811;19/09/2026 08:17:10;Tiago;Rodriguez;24791502;18/09/2026 13:54:16;7839;Claudio;Juarez;Tiago Rodriguez;Claudio Juarez
14378292;19/09/2026 08:17:10;3;2;0001  215862-1;05;CAMIONETA MAR 1;2092387;"FA20    ";"FALABELLA S.A.                                    ";AV HIPOLITO YRIGOYEN 13298;952945;"70-199         ";70-199 - BIDE CR C.CERAM LIVE;1;1;1;23518397;190926081710186;184589081;;;;12/16/2031 00:00:00;1;14044811;19/09/2026 08:17:10;Tiago;Rodriguez;24791502;18/09/2026 13:54:16;7839;Claudio;Juarez;Tiago Rodriguez;Claudio Juarez
14378292;19/09/2026 08:17:10;3;2;0001  215862-1;05;CAMIONETA MAR 1;2092387;"FA20    ";"FALABELLA S.A.                                    ";AV HIPOLITO YRIGOYEN 13298;953474;"933            ";933 - JGO PARED C/EXT CR DIQUE;3;3;3;23518397;190926081710186;184593362;;;;01/07/2032 00:00:00;1;14044811;19/09/2026 08:17:10;Tiago;Rodriguez;24791502;18/09/2026 13:54:16;7839;Claudio;Juarez;Tiago Rodriguez;Claudio Juarez
14378292;19/09/2026 08:17:10;3;2;0001  215862-1;05;CAMIONETA MAR 1;2092387;"FA20    ";"FALABELLA S.A.                                    ";AV HIPOLITO YRIGOYEN 13298;954906;"BCH05          ";BCH05 - BACHA DE APOYAR CUADRADA 370x370x130;2;2;2;23519224;190926081154323;184596422;;;;07/27/2031 00:00:00;1;14044778;19/09/2026 08:11:54;Tiago;Rodriguez;24792390;18/09/2026 13:46:01;7636;Kevin;Arce;Tiago Rodriguez;Kevin Arce
14378292;19/09/2026 08:17:10;3;2;0001  215862-1;05;CAMIONETA MAR 1;2092387;"FA20    ";"FALABELLA S.A.                                    ";AV HIPOLITO YRIGOYEN 13298;951116;"12006          ";"SET DE 6 PIEZAS LINEA 12000                                           ";5;5;5;23535566;190926080951966;184592955;;;;07/30/2031 00:00:00;5;14044757;19/09/2026 08:09:51;Tiago;Rodriguez;;;;;;Tiago Rodriguez;
14378292;19/09/2026 08:17:10;3;2;0001  215862-1;05;CAMIONETA MAR 1;2092387;"FA20    ";"FALABELLA S.A.                                    ";AV HIPOLITO YRIGOYEN 13298;954906;"BCH05          ";BCH05 - BACHA DE APOYAR CUADRADA 370x370x130;2;2;2;23535603;190926081148252;184707545;;;;07/27/2031 00:00:00;1;14044779;19/09/2026 08:11:48;Tiago;Rodriguez;;;;;;Tiago Rodriguez;
14378292;19/09/2026 08:17:10;3;2;0001  215862-1;05;CAMIONETA MAR 1;2092387;"FA20    ";"FALABELLA S.A.                                    ";AV HIPOLITO YRIGOYEN 13298;953109;"80-166         ";"DUCHA EMB. C/TRANSF. CR C.CERAM ADRA PLUS                             ";4;4;4;23535683;190926081440655;184587545;;;;01/19/2032 00:00:00;4;14044815;19/09/2026 08:14:40;Tiago;Rodriguez;;;;;;Tiago Rodriguez;
14378292;19/09/2026 08:17:10;3;2;0001  215862-1;05;CAMIONETA MAR 1;2092387;"FA20    ";"FALABELLA S.A.                                    ";AV HIPOLITO YRIGOYEN 13298;953144;"80-196         ";80-196 - DUCHA EMB. C/TRANSF. CR C.CERAM LOOP;2;2;2;23535713;190926081544273;184589810;;;;01/11/2032 00:00:00;2;14044831;19/09/2026 08:15:44;Tiago;Rodriguez;;;;;;Tiago Rodriguez;
14378292;19/09/2026 08:17:10;3;2;0001  215862-1;05;CAMIONETA MAR 1;2092387;"FA20    ";"FALABELLA S.A.                                    ";AV HIPOLITO YRIGOYEN 13298;953474;"933            ";933 - JGO PARED C/EXT CR DIQUE;3;3;3;23535723;190926081621436;184708199;;;;01/07/2032 00:00:00;2;14044837;19/09/2026 08:16:21;Tiago;Rodriguez;;;;;;Tiago Rodriguez;
14378292;19/09/2026 08:17:10;3;2;0001  215862-1;05;CAMIONETA MAR 1;2092387;"FA20    ";"FALABELLA S.A.                                    ";AV HIPOLITO YRIGOYEN 13298;952912;"70-162         ";70-162 - BIDE CR C.CERAM LINEA ADRA;5;5;5;23535723;190926081621436;184587297;;;;07/29/2031 00:00:00;5;14044837;19/09/2026 08:16:21;Tiago;Rodriguez;;;;;;Tiago Rodriguez;
14378292;19/09/2026 08:17:10;3;2;0001  215862-1;05;CAMIONETA MAR 1;2092387;"FA20    ";"FALABELLA S.A.                                    ";AV HIPOLITO YRIGOYEN 13298;952677;"60-203         ";60-203 - LAVATORIO MONOCOMANDO BAJO ADRA;3;3;3;23535723;190926081621436;184592964;;;;03/02/2032 00:00:00;3;14044837;19/09/2026 08:16:21;Tiago;Rodriguez;;;;;;Tiago Rodriguez;
14378293;19/09/2026 07:19:33;3;2;0008    2897-2;05;CAMIONETA MAR 1;2092004;"DA11    ";"DAFYS S.A.                                        ";OLAZABAL 272;951162;"1335           ";"QUEINOX MACHO MOVIL MH 1/2"" x 35                                      ";114;114;114;23518054;190926071931387;184586193;;;;03/03/2032 00:00:00;114;14044265;19/09/2026 07:19:31;Gustavo;Soderquvist;24791160;18/09/2026 13:36:53;7827;Javier;Machado;Gustavo Soderquvist;Javier Machado
14378294;19/09/2026 07:37:30;3;2;0001  214964-2;05;CAMIONETA MAR 1;2093912;"PL21    ";"PINTO LEONEL E. -SANIT. BRONCESUR                 ";MIGUEL CANE 1042;957094;"PDU101         ";"PISO DUCHA RESINA POLIESTER BLANCA 900x700x25                         ";10;10;10;23520683;190926073729392;184601728;;;;03/01/2032 00:00:00;10;14044382;19/09/2026 07:37:29;Gustavo;Soderquvist;24793861;18/09/2026 13:58:11;6922;Franco;Potenza;Gustavo Soderquvist;Franco Potenza
14378295;19/09/2026 08:31:35;3;2;0001  215913-1;05;CAMIONETA MAR 1;2093912;"PL21    ";"PINTO LEONEL E. -SANIT. BRONCESUR                 ";MIGUEL CANE 1042;954382;"A1540          ";"CUERPO VALVULA DE DESAGOTE P/INODORO TECNO 02-010/011                 ";30;30;30;23518398;190926083135915;184595857;;;;07/28/2031 00:00:00;6;14045033;19/09/2026 08:31:35;Tiago;Rodriguez;24791502;18/09/2026 13:54:16;7839;Claudio;Juarez;Tiago Rodriguez;Claudio Juarez
14378295;19/09/2026 08:31:35;3;2;0001  215913-1;05;CAMIONETA MAR 1;2093912;"PL21    ";"PINTO LEONEL E. -SANIT. BRONCESUR                 ";MIGUEL CANE 1042;954379;"A1539N         ";"TAPA Y TECLA PARA VALVULA DE DESCARGA CUADRADA MINIMALISTA BLACK      ";15;15;15;23521637;190926082905000;184606772;;;;01/31/2032 00:00:00;15;14045010;19/09/2026 08:29:05;Tiago;Rodriguez;24794679;18/09/2026 14:16:57;6922;Franco;Potenza;Tiago Rodriguez;Franco Potenza
14378295;19/09/2026 08:31:35;3;2;0001  215913-1;05;CAMIONETA MAR 1;2093912;"PL21    ";"PINTO LEONEL E. -SANIT. BRONCESUR                 ";MIGUEL CANE 1042;954377;"A1539G         ";"TAPA Y TECLA PARA VALVULA DE DESCARGA CUADRADA MINIMALISTA GOLD       ";15;15;15;23536058;190926083025506;184594604;;;;07/31/2031 00:00:00;15;14045048;19/09/2026 08:30:25;Tiago;Rodriguez;;;;;;Tiago Rodriguez;
14378295;19/09/2026 08:31:35;3;2;0001  215913-1;05;CAMIONETA MAR 1;2093912;"PL21    ";"PINTO LEONEL E. -SANIT. BRONCESUR                 ";MIGUEL CANE 1042;954382;"A1540          ";"CUERPO VALVULA DE DESAGOTE P/INODORO TECNO 02-010/011                 ";30;30;30;23536076;190926083121365;184710671;;;;07/28/2031 00:00:00;12;14045057;19/09/2026 08:31:21;Tiago;Rodriguez;;;;;;Tiago Rodriguez;
14378295;19/09/2026 08:31:35;3;2;0001  215913-1;05;CAMIONETA MAR 1;2093912;"PL21    ";"PINTO LEONEL E. -SANIT. BRONCESUR                 ";MIGUEL CANE 1042;954382;"A1540          ";"CUERPO VALVULA DE DESAGOTE P/INODORO TECNO 02-010/011                 ";30;30;30;23536077;190926083128459;184710698;;;;07/28/2031 00:00:00;12;14045061;19/09/2026 08:31:28;Tiago;Rodriguez;;;;;;Tiago Rodriguez;
14378296;19/09/2026 08:46:55;3;2;0001  215922-1;05;CAMIONETA MAR 1;2093421;"ME36    ";"MERMOZ S.A.                                       ";AV. ALSINA 1234;957876;"RA773C         ";RA773C - CAMPANA C/BUJE ARES/BEDIA/MURCIA;2;2;2;23518055;190926084653046;184594196;;;;11/16/2031 00:00:00;2;14045262;19/09/2026 08:46:53;Maximiliano;Nievas;24791160;18/09/2026 13:36:53;7827;Javier;Machado;Maximiliano Nievas;Javier Machado
14378297;19/09/2026 07:58:56;3;2;0001  215240-2;05;CAMIONETA MAR 1;2093194;"LG10    ";"LOPEZ GAS ONLINE S.A                              ";AV. REMEDIOS DE ESCALADA 2375;952926;"70-176N        ";70-176N - BIDE MONOC C/TRANSF BLACK RIO;60;60;60;23518791;190926074822419;184587148;;;;11/23/2031 00:00:00;60;14044534;19/09/2026 07:48:22;Gustavo;Soderquvist;24792006;18/09/2026 13:13:58;7636;Kevin;Arce;Gustavo Soderquvist;Kevin Arce
14378297;19/09/2026 07:58:56;3;2;0001  215240-2;05;CAMIONETA MAR 1;2093194;"LG10    ";"LOPEZ GAS ONLINE S.A                              ";AV. REMEDIOS DE ESCALADA 2375;957094;"PDU101         ";"PISO DUCHA RESINA POLIESTER BLANCA 900x700x25                         ";6;6;6;23520233;190926075853745;184600483;;;;03/01/2032 00:00:00;6;14044597;19/09/2026 07:58:53;Gustavo;Soderquvist;24793413;18/09/2026 14:00:58;7827;Javier;Machado;Gustavo Soderquvist;Javier Machado
14378297;19/09/2026 07:58:56;3;2;0001  215240-2;05;CAMIONETA MAR 1;2093194;"LG10    ";"LOPEZ GAS ONLINE S.A                              ";AV. REMEDIOS DE ESCALADA 2375;957096;"PDU102         ";"PISO DUCHA RESINA POLIESTER BLANCA 1200x700x25                        ";6;6;6;23520233;190926075853745;184598023;;;;03/01/2032 00:00:00;6;14044597;19/09/2026 07:58:53;Gustavo;Soderquvist;24793413;18/09/2026 14:00:58;7827;Javier;Machado;Gustavo Soderquvist;Javier Machado
14378297;19/09/2026 07:58:56;3;2;0001  215240-2;05;CAMIONETA MAR 1;2093194;"LG10    ";"LOPEZ GAS ONLINE S.A                              ";AV. REMEDIOS DE ESCALADA 2375;957097;"PDU102N        ";"PISO DUCHA RESINA POLIESTER NEGRO 1200x700x25                         ";5;5;5;23520233;190926075853745;184599184;;;;03/01/2032 00:00:00;5;14044597;19/09/2026 07:58:53;Gustavo;Soderquvist;24793413;18/09/2026 14:00:58;7827;Javier;Machado;Gustavo Soderquvist;Javier Machado
14378297;19/09/2026 07:58:56;3;2;0001  215240-2;05;CAMIONETA MAR 1;2093194;"LG10    ";"LOPEZ GAS ONLINE S.A                              ";AV. REMEDIOS DE ESCALADA 2375;957102;"PDU120         ";"DESAGUE P/PISO DE DUCHA                                               ";15;15;15;23520233;190926075853745;184603535;;;;03/01/2032 00:00:00;15;14044597;19/09/2026 07:58:53;Gustavo;Soderquvist;24793413;18/09/2026 14:00:58;7827;Javier;Machado;Gustavo Soderquvist;Javier Machado
14378333;19/09/2026 09:39:40;3;2;0001  215968-1;01;CAMION MAR 1;2094319;"SA60    ";"SANTAGAL S.R.L.                                   ";CHILE 2375;954943;"BID102-3       ";"BIDE 3 AGUJEROS BLANCO LINEA LOFT                                     ";6;6;6;23533826;190926093938828;184697201;;;;08/13/2031 00:00:00;6;14045271;19/09/2026 09:39:38;Gustavo;Soderquvist;24806689;19/09/2026 06:46:19;6404;Ivan;Goyena;Gustavo Soderquvist;Ivan Goyena
14378333;19/09/2026 09:39:40;3;2;0001  215968-1;01;CAMION MAR 1;2094319;"SA60    ";"SANTAGAL S.R.L.                                   ";CHILE 2375;954942;"BID102-1       ";"BIDE 1 AGUJERO BLANCO LINEA LOFT                                      ";6;6;6;23533826;190926093938828;184698903;;;;02/24/2032 00:00:00;6;14045271;19/09/2026 09:39:38;Gustavo;Soderquvist;24806689;19/09/2026 06:46:19;6404;Ivan;Goyena;Gustavo Soderquvist;Ivan Goyena
14378333;19/09/2026 09:39:40;3;2;0001  215968-1;01;CAMION MAR 1;2094319;"SA60    ";"SANTAGAL S.R.L.                                   ";CHILE 2375;956415;"INO104-1       ";"INODORO BLANCO C/ASIENTO LINEA STONE                                  ";20;20;20;23536398;190926084801204;184713290;;;;01/20/2032 00:00:00;9;14045285;19/09/2026 08:48:01;Gustavo;Soderquvist;;;;;;Gustavo Soderquvist;
14378333;19/09/2026 09:39:40;3;2;0001  215968-1;01;CAMION MAR 1;2094319;"SA60    ";"SANTAGAL S.R.L.                                   ";CHILE 2375;956415;"INO104-1       ";"INODORO BLANCO C/ASIENTO LINEA STONE                                  ";20;20;20;23536405;190926084825215;184713340;;;;01/20/2032 00:00:00;9;14045295;19/09/2026 08:48:25;Gustavo;Soderquvist;;;;;;Gustavo Soderquvist;
14378333;19/09/2026 09:39:40;3;2;0001  215968-1;01;CAMION MAR 1;2094319;"SA60    ";"SANTAGAL S.R.L.                                   ";CHILE 2375;954946;"BID104-1       ";"BIDE 1 AGUJERO BLANCO LINEA STONE                                     ";15;15;15;23536415;190926084906724;184697128;;;;10/26/2031 00:00:00;15;14045303;19/09/2026 08:49:06;Gustavo;Soderquvist;;;;;;Gustavo Soderquvist;
14378333;19/09/2026 09:39:40;3;2;0001  215968-1;01;CAMION MAR 1;2094319;"SA60    ";"SANTAGAL S.R.L.                                   ";CHILE 2375;954947;"BID104-3       ";"BIDE 3 AGUJEROS BLANCO LINEA STONE                                    ";15;15;15;23536425;190926084942726;184697376;;;;07/30/2031 00:00:00;15;14045315;19/09/2026 08:49:42;Gustavo;Soderquvist;;;;;;Gustavo Soderquvist;
14378333;19/09/2026 09:39:40;3;2;0001  215968-1;01;CAMION MAR 1;2094319;"SA60    ";"SANTAGAL S.R.L.                                   ";CHILE 2375;956411;"INO102-1       ";"INODORO BLANCO C/ASIENTO LINEA LOFT                                   ";12;12;12;23537376;190926093233658;184719963;;;;02/25/2032 00:00:00;6;14045921;19/09/2026 09:32:33;Gustavo;Soderquvist;;;;;;Gustavo Soderquvist;
14378333;19/09/2026 09:39:40;3;2;0001  215968-1;01;CAMION MAR 1;2094319;"SA60    ";"SANTAGAL S.R.L.                                   ";CHILE 2375;956412;"INO102-2       ";"DEPOSITO C/DESCARGA DUAL BLANCO LINEA LOFT                            ";6;6;6;23537376;190926093233658;184698443;;;;02/25/2032 00:00:00;6;14045921;19/09/2026 09:32:33;Gustavo;Soderquvist;;;;;;Gustavo Soderquvist;
14378333;19/09/2026 09:39:40;3;2;0001  215968-1;01;CAMION MAR 1;2094319;"SA60    ";"SANTAGAL S.R.L.                                   ";CHILE 2375;956415;"INO104-1       ";"INODORO BLANCO C/ASIENTO LINEA STONE                                  ";20;20;20;23537390;190926093309884;184697611;;;;01/20/2032 00:00:00;2;14045929;19/09/2026 09:33:09;Gustavo;Soderquvist;;;;;;Gustavo Soderquvist;
14378333;19/09/2026 09:39:40;3;2;0001  215968-1;01;CAMION MAR 1;2094319;"SA60    ";"SANTAGAL S.R.L.                                   ";CHILE 2375;956411;"INO102-1       ";"INODORO BLANCO C/ASIENTO LINEA LOFT                                   ";12;12;12;23537390;190926093309884;184697152;;;;02/25/2032 00:00:00;6;14045929;19/09/2026 09:33:09;Gustavo;Soderquvist;;;;;;Gustavo Soderquvist;
14378333;19/09/2026 09:39:40;3;2;0001  215968-1;01;CAMION MAR 1;2094319;"SA60    ";"SANTAGAL S.R.L.                                   ";CHILE 2375;956418;"INO104N-2      ";"DEPOSITO C/DESCARGA DUAL BLACK LINEA STONE                            ";6;6;6;23537401;190926093342446;184698354;;;;10/18/2031 00:00:00;6;14045935;19/09/2026 09:33:42;Gustavo;Soderquvist;;;;;;Gustavo Soderquvist;
14378333;19/09/2026 09:39:40;3;2;0001  215968-1;01;CAMION MAR 1;2094319;"SA60    ";"SANTAGAL S.R.L.                                   ";CHILE 2375;956417;"INO104N-1      ";"INODORO BLACK C/ASIENTO LINEA STONE                                   ";6;6;6;23537401;190926093342446;184697241;;;;01/18/2032 00:00:00;6;14045935;19/09/2026 09:33:42;Gustavo;Soderquvist;;;;;;Gustavo Soderquvist;
14378333;19/09/2026 09:39:40;3;2;0001  215968-1;01;CAMION MAR 1;2094319;"SA60    ";"SANTAGAL S.R.L.                                   ";CHILE 2375;956414;"INO103-2       ";"DEPOSITO C/DESCARGA DUAL BLANCO LINEA URBAN                           ";6;6;6;23537433;190926093523023;184698264;;;;10/26/2031 00:00:00;6;14045964;19/09/2026 09:35:23;Gustavo;Soderquvist;;;;;;Gustavo Soderquvist;
14378333;19/09/2026 09:39:40;3;2;0001  215968-1;01;CAMION MAR 1;2094319;"SA60    ";"SANTAGAL S.R.L.                                   ";CHILE 2375;956413;"INO103-1       ";"INODORO BLANCO C/ASIENTO LINEA URBAN                                  ";12;12;12;23537433;190926093523023;184720367;;;;10/16/2031 00:00:00;6;14045964;19/09/2026 09:35:23;Gustavo;Soderquvist;;;;;;Gustavo Soderquvist;
14378333;19/09/2026 09:39:40;3;2;0001  215968-1;01;CAMION MAR 1;2094319;"SA60    ";"SANTAGAL S.R.L.                                   ";CHILE 2375;956413;"INO103-1       ";"INODORO BLANCO C/ASIENTO LINEA URBAN                                  ";12;12;12;23537453;190926093629958;184697446;;;;10/16/2031 00:00:00;6;14045982;19/09/2026 09:36:29;Gustavo;Soderquvist;;;;;;Gustavo Soderquvist;
14378333;19/09/2026 09:39:40;3;2;0001  215968-1;01;CAMION MAR 1;2094319;"SA60    ";"SANTAGAL S.R.L.                                   ";CHILE 2375;954944;"BID103-1       ";"BIDE 1 AGUJERO BLANCO LINEA URBAN                                     ";6;6;6;23537487;190926093728821;184697278;;;;10/16/2031 00:00:00;6;14046005;19/09/2026 09:37:28;Gustavo;Soderquvist;;;;;;Gustavo Soderquvist;
14378333;19/09/2026 09:39:40;3;2;0001  215968-1;01;CAMION MAR 1;2094319;"SA60    ";"SANTAGAL S.R.L.                                   ";CHILE 2375;954945;"BID103-3       ";"BIDE 3 AGUJEROS BLANCO LINEA URBAN                                    ";6;6;6;23537487;190926093728821;184698089;;;;07/30/2031 00:00:00;6;14046005;19/09/2026 09:37:28;Gustavo;Soderquvist;;;;;;Gustavo Soderquvist;
14378334;19/09/2026 11:34:17;3;2;0008    2956-1;01;CAMION MAR 1;2094319;"SA60    ";"SANTAGAL S.R.L.                                   ";AV. INDEPENDENCIA 2218;951532;"20-147         ";20-147 - MONOCOMANDO DE COCINA SWIFT;10;10;10;23534574;190926113304172;184706235;;;;08/04/2031 00:00:00;10;14047579;19/09/2026 11:33:04;Tiago;Rodriguez;24807392;19/09/2026 08:19:17;6585;Mathias;Montenegro;Tiago Rodriguez;Mathias Montenegro
14378334;19/09/2026 11:34:17;3;2;0008    2956-1;01;CAMION MAR 1;2094319;"SA60    ";"SANTAGAL S.R.L.                                   ";AV. INDEPENDENCIA 2218;951565;"20-205         ";20-205 - MONOCOMANDO DE COCINA STEEL;10;10;10;23534574;190926113304172;184706509;;;;07/28/2031 00:00:00;10;14047579;19/09/2026 11:33:04;Tiago;Rodriguez;24807392;19/09/2026 08:19:17;6585;Mathias;Montenegro;Tiago Rodriguez;Mathias Montenegro
14378334;19/09/2026 11:34:17;3;2;0008    2956-1;01;CAMION MAR 1;2094319;"SA60    ";"SANTAGAL S.R.L.                                   ";AV. INDEPENDENCIA 2218;952647;"60-176         ";"LAVATORIO MONOCOMANDO BAJO CR RIO                                     ";6;6;6;23534574;190926113304172;184702597;;;;10/11/2031 00:00:00;6;14047579;19/09/2026 11:33:04;Tiago;Rodriguez;24807392;19/09/2026 08:19:17;6585;Mathias;Montenegro;Tiago Rodriguez;Mathias Montenegro
14378334;19/09/2026 11:34:17;3;2;0008    2956-1;01;CAMION MAR 1;2094319;"SA60    ";"SANTAGAL S.R.L.                                   ";AV. INDEPENDENCIA 2218;952679;"60-205         ";60-205 - LAVATORIO MONOC BAJO STEEL;10;10;10;23534574;190926113304172;184701424;;;;07/28/2031 00:00:00;10;14047579;19/09/2026 11:33:04;Tiago;Rodriguez;24807392;19/09/2026 08:19:17;6585;Mathias;Montenegro;Tiago Rodriguez;Mathias Montenegro
14378334;19/09/2026 11:34:17;3;2;0008    2956-1;01;CAMION MAR 1;2094319;"SA60    ";"SANTAGAL S.R.L.                                   ";AV. INDEPENDENCIA 2218;952712;"61-176         ";61-176 - LAVATORIO MONOC ALTO CR RIO;12;12;12;23534574;190926113304172;184706166;;;;10/11/2031 00:00:00;11;14047579;19/09/2026 11:33:04;Tiago;Rodriguez;24807392;19/09/2026 08:19:17;6585;Mathias;Montenegro;Tiago Rodriguez;Mathias Montenegro
14378334;19/09/2026 11:34:17;3;2;0008    2956-1;01;CAMION MAR 1;2094319;"SA60    ";"SANTAGAL S.R.L.                                   ";AV. INDEPENDENCIA 2218;952728;"61-205         ";61-205 - LAVATORIO MONOC ALTO STEEL;10;10;10;23534574;190926113304172;184701467;;;;07/28/2031 00:00:00;10;14047579;19/09/2026 11:33:04;Tiago;Rodriguez;24807392;19/09/2026 08:19:17;6585;Mathias;Montenegro;Tiago Rodriguez;Mathias Montenegro
14378334;19/09/2026 11:34:17;3;2;0008    2956-1;01;CAMION MAR 1;2094319;"SA60    ";"SANTAGAL S.R.L.                                   ";AV. INDEPENDENCIA 2218;951513;"20-122N        ";20-122N - MONOCOMANDO COCINA C/PICO EXTRAIBLE VALENCIA BLACK;6;6;6;23534574;190926113304172;184706807;;;;09/13/2031 00:00:00;6;14047579;19/09/2026 11:33:04;Tiago;Rodriguez;24807392;19/09/2026 08:19:17;6585;Mathias;Montenegro;Tiago Rodriguez;Mathias Montenegro
14378334;19/09/2026 11:34:17;3;2;0008    2956-1;01;CAMION MAR 1;2094319;"SA60    ";"SANTAGAL S.R.L.                                   ";AV. INDEPENDENCIA 2218;952938;"70-192         ";70-192 - BIDE SORIA BLACK;6;6;6;23534574;190926113304172;184702047;;;;07/27/2031 00:00:00;6;14047579;19/09/2026 11:33:04;Tiago;Rodriguez;24807392;19/09/2026 08:19:17;6585;Mathias;Montenegro;Tiago Rodriguez;Mathias Montenegro
14378334;19/09/2026 11:34:17;3;2;0008    2956-1;01;CAMION MAR 1;2094319;"SA60    ";"SANTAGAL S.R.L.                                   ";AV. INDEPENDENCIA 2218;952956;"70-205         ";70-205 - BIDE MONOCOMANDO STEEL;10;10;10;23534574;190926113304172;184701359;;;;11/23/2031 00:00:00;10;14047579;19/09/2026 11:33:04;Tiago;Rodriguez;24807392;19/09/2026 08:19:17;6585;Mathias;Montenegro;Tiago Rodriguez;Mathias Montenegro
14378334;19/09/2026 11:34:17;3;2;0008    2956-1;01;CAMION MAR 1;2094319;"SA60    ";"SANTAGAL S.R.L.                                   ";AV. INDEPENDENCIA 2218;953122;"80-176         ";80-176 - DUCHA EMB C/TRANSF MONOC CR RIO;6;6;6;23534574;190926113304172;184702542;;;;07/29/2031 00:00:00;6;14047579;19/09/2026 11:33:04;Tiago;Rodriguez;24807392;19/09/2026 08:19:17;6585;Mathias;Montenegro;Tiago Rodriguez;Mathias Montenegro
14378334;19/09/2026 11:34:17;3;2;0008    2956-1;01;CAMION MAR 1;2094319;"SA60    ";"SANTAGAL S.R.L.                                   ";AV. INDEPENDENCIA 2218;953161;"80-205         ";80-205 - DUCHA EMB. C/TRANSF. MONOC STEEL;10;10;10;23534574;190926113304172;184701882;;;;08/11/2031 00:00:00;6;14047579;19/09/2026 11:33:04;Tiago;Rodriguez;24807392;19/09/2026 08:19:17;6585;Mathias;Montenegro;Tiago Rodriguez;Mathias Montenegro
14378334;19/09/2026 11:34:17;3;2;0008    2956-1;01;CAMION MAR 1;2094319;"SA60    ";"SANTAGAL S.R.L.                                   ";AV. INDEPENDENCIA 2218;1007844;"20-122S        ";"MONOCOMANDO COCINA INOX C/PICO EXTRAIBLE VALENCIA                     ";12;12;12;23534574;190926113304172;184706757;;;;01/06/2032 00:00:00;6;14047579;19/09/2026 11:33:04;Tiago;Rodriguez;24807392;19/09/2026 08:19:17;6585;Mathias;Montenegro;Tiago Rodriguez;Mathias Montenegro
14378334;19/09/2026 11:34:17;3;2;0008    2956-1;01;CAMION MAR 1;2094319;"SA60    ";"SANTAGAL S.R.L.                                   ";AV. INDEPENDENCIA 2218;953347;"85-168N        ";85-168N - DUCHA MONOC C/TRANSF Y DUCHADOR BLACK WAVE;6;6;6;23534949;190926112004333;184704305;;;;02/04/2032 00:00:00;3;14047477;19/09/2026 11:20:04;Tiago;Rodriguez;24807763;19/09/2026 07:53:05;7839;Claudio;Juarez;Tiago Rodriguez;Claudio Juarez
14378334;19/09/2026 11:34:17;3;2;0008    2956-1;01;CAMION MAR 1;2094319;"SA60    ";"SANTAGAL S.R.L.                                   ";AV. INDEPENDENCIA 2218;954379;"A1539N         ";"TAPA Y TECLA PARA VALVULA DE DESCARGA CUADRADA MINIMALISTA BLACK      ";4;4;4;23535809;190926113414271;184709095;;;;01/31/2032 00:00:00;4;14047556;19/09/2026 11:34:14;Tiago;Rodriguez;24808528;19/09/2026 08:23:55;6585;Mathias;Montenegro;Tiago Rodriguez;Mathias Montenegro
14378334;19/09/2026 11:34:17;3;2;0008    2956-1;01;CAMION MAR 1;2094319;"SA60    ";"SANTAGAL S.R.L.                                   ";AV. INDEPENDENCIA 2218;953346;"85-168         ";85-168 - DUCHA MONOC C/TRANSF Y DUCHADOR CR WAVE;6;6;6;23539601;190926111552186;184735510;;;;03/08/2032 00:00:00;3;14047482;19/09/2026 11:15:52;Tiago;Rodriguez;;;;;;Tiago Rodriguez;
14378334;19/09/2026 11:34:17;3;2;0008    2956-1;01;CAMION MAR 1;2094319;"SA60    ";"SANTAGAL S.R.L.                                   ";AV. INDEPENDENCIA 2218;953346;"85-168         ";85-168 - DUCHA MONOC C/TRANSF Y DUCHADOR CR WAVE;6;6;6;23539607;190926111610992;184704129;;;;03/08/2032 00:00:00;3;14047490;19/09/2026 11:16:11;Tiago;Rodriguez;;;;;;Tiago Rodriguez;
14378334;19/09/2026 11:34:17;3;2;0008    2956-1;01;CAMION MAR 1;2094319;"SA60    ";"SANTAGAL S.R.L.                                   ";AV. INDEPENDENCIA 2218;953347;"85-168N        ";85-168N - DUCHA MONOC C/TRANSF Y DUCHADOR BLACK WAVE;6;6;6;23539612;190926111629164;184735605;;;;02/04/2032 00:00:00;3;14047500;19/09/2026 11:16:29;Tiago;Rodriguez;;;;;;Tiago Rodriguez;
14378334;19/09/2026 11:34:17;3;2;0008    2956-1;01;CAMION MAR 1;2094319;"SA60    ";"SANTAGAL S.R.L.                                   ";AV. INDEPENDENCIA 2218;953091;"80-138         ";80-138 - DUCHA EMB. C/TRANSF. CR C.CERAM VALENCIA PLUS;4;4;4;23539620;190926111650327;184703866;;;;01/14/2032 00:00:00;4;14047504;19/09/2026 11:16:50;Tiago;Rodriguez;;;;;;Tiago Rodriguez;
14378334;19/09/2026 11:34:17;3;2;0008    2956-1;01;CAMION MAR 1;2094319;"SA60    ";"SANTAGAL S.R.L.                                   ";AV. INDEPENDENCIA 2218;954382;"A1540          ";"CUERPO VALVULA DE DESAGOTE P/INODORO TECNO 02-010/011                 ";6;6;6;23539680;190926111949647;184705132;;;;07/28/2031 00:00:00;6;14047546;19/09/2026 11:19:49;Tiago;Rodriguez;;;;;;Tiago Rodriguez;
14378334;19/09/2026 11:34:17;3;2;0008    2956-1;01;CAMION MAR 1;2094319;"SA60    ";"SANTAGAL S.R.L.                                   ";AV. INDEPENDENCIA 2218;954377;"A1539G         ";"TAPA Y TECLA PARA VALVULA DE DESCARGA CUADRADA MINIMALISTA GOLD       ";6;6;6;23539680;190926111949647;184704983;;;;01/31/2032 00:00:00;6;14047546;19/09/2026 11:19:49;Tiago;Rodriguez;;;;;;Tiago Rodriguez;
14378334;19/09/2026 11:34:17;3;2;0008    2956-1;01;CAMION MAR 1;2094319;"SA60    ";"SANTAGAL S.R.L.                                   ";AV. INDEPENDENCIA 2218;1007844;"20-122S        ";"MONOCOMANDO COCINA INOX C/PICO EXTRAIBLE VALENCIA                     ";12;12;12;23539740;190926112250076;184736534;;;;01/06/2032 00:00:00;6;14047585;19/09/2026 11:22:50;Tiago;Rodriguez;;;;;;Tiago Rodriguez;
14378334;19/09/2026 11:34:17;3;2;0008    2956-1;01;CAMION MAR 1;2094319;"SA60    ";"SANTAGAL S.R.L.                                   ";AV. INDEPENDENCIA 2218;953138;"80-192         ";80-192 - DUCHA EMB. C/TRANSF. SORIA BLACK;4;4;4;23539760;190926112427874;184702319;;;;07/28/2031 00:00:00;4;14047612;19/09/2026 11:24:27;Tiago;Rodriguez;;;;;;Tiago Rodriguez;
14378334;19/09/2026 11:34:17;3;2;0008    2956-1;01;CAMION MAR 1;2094319;"SA60    ";"SANTAGAL S.R.L.                                   ";AV. INDEPENDENCIA 2218;953161;"80-205         ";80-205 - DUCHA EMB. C/TRANSF. MONOC STEEL;10;10;10;23539764;190926112442842;184736874;;;;08/11/2031 00:00:00;4;14047617;19/09/2026 11:24:42;Tiago;Rodriguez;;;;;;Tiago Rodriguez;
14378334;19/09/2026 11:34:17;3;2;0008    2956-1;01;CAMION MAR 1;2094319;"SA60    ";"SANTAGAL S.R.L.                                   ";AV. INDEPENDENCIA 2218;950892;"01-010         ";"VALVULA P/MINGITORIO TEMPORIZADA TECNO                                ";4;4;4;23539778;190926112526198;184701557;;;;07/28/2031 00:00:00;4;14047625;19/09/2026 11:25:26;Tiago;Rodriguez;;;;;;Tiago Rodriguez;
14378334;19/09/2026 11:34:17;3;2;0008    2956-1;01;CAMION MAR 1;2094319;"SA60    ";"SANTAGAL S.R.L.                                   ";AV. INDEPENDENCIA 2218;952720;"61-192         ";61-192 - LAVATORIO ALTO SORIA BLACK;4;4;4;23539778;190926112526198;184702453;;;;07/27/2031 00:00:00;4;14047625;19/09/2026 11:25:26;Tiago;Rodriguez;;;;;;Tiago Rodriguez;
14378334;19/09/2026 11:34:17;3;2;0008    2956-1;01;CAMION MAR 1;2094319;"SA60    ";"SANTAGAL S.R.L.                                   ";AV. INDEPENDENCIA 2218;953056;"8005           ";8005 - SET DE 5 PIEZAS LINEA 8000;6;6;6;23539807;190926112712639;184706657;;;;07/27/2031 00:00:00;6;14047647;19/09/2026 11:27:12;Tiago;Rodriguez;;;;;;Tiago Rodriguez;
14378334;19/09/2026 11:34:17;3;2;0008    2956-1;01;CAMION MAR 1;2094319;"SA60    ";"SANTAGAL S.R.L.                                   ";AV. INDEPENDENCIA 2218;951760;"3006SS         ";3006SS - SET DE 6 PIEZAS LINEA 3000 SS;6;6;6;23539807;190926112712639;184701157;;;;07/29/2031 00:00:00;6;14047647;19/09/2026 11:27:12;Tiago;Rodriguez;;;;;;Tiago Rodriguez;
14378334;19/09/2026 11:34:17;3;2;0008    2956-1;01;CAMION MAR 1;2094319;"SA60    ";"SANTAGAL S.R.L.                                   ";AV. INDEPENDENCIA 2218;951524;"20-135         ";20-135 - MONOCOMANDO COCINA SANTANDER;4;4;4;23539823;190926112759856;184706933;;;;07/28/2031 00:00:00;4;14047654;19/09/2026 11:27:59;Tiago;Rodriguez;;;;;;Tiago Rodriguez;
14378334;19/09/2026 11:34:17;3;2;0008    2956-1;01;CAMION MAR 1;2094319;"SA60    ";"SANTAGAL S.R.L.                                   ";AV. INDEPENDENCIA 2218;952712;"61-176         ";61-176 - LAVATORIO MONOC ALTO CR RIO;12;12;12;23539823;190926112759856;184737294;;;;10/11/2031 00:00:00;1;14047654;19/09/2026 11:27:59;Tiago;Rodriguez;;;;;;Tiago Rodriguez;
14378334;19/09/2026 11:34:17;3;2;0008    2956-1;01;CAMION MAR 1;2094319;"SA60    ";"SANTAGAL S.R.L.                                   ";AV. INDEPENDENCIA 2218;953322;"83-205         ";83-205 - DUCHA EXT C/TRANSF MONOC STEEL PICO CURVO;4;4;4;23539832;190926112823189;184701294;;;;07/27/2031 00:00:00;4;14047663;19/09/2026 11:28:23;Tiago;Rodriguez;;;;;;Tiago Rodriguez;
14378335;19/09/2026 11:33:04;3;2;0001  215969-1;01;CAMION MAR 1;2094319;"SA60    ";"SANTAGAL S.R.L.                                   ";AV. INDEPENDENCIA 2218;951302;"17040C         ";17040C - PORTA ROLLO LINEA FABRIC CROMO;12;12;12;23534593;190926113303479;184702036;;;;07/29/2031 00:00:00;12;14046629;19/09/2026 11:33:03;Maximiliano;Nievas;24807413;19/09/2026 08:35:19;6584;Luis Alberto;Villareal;Maximiliano Nievas;Luis Alberto Villareal
14378335;19/09/2026 11:33:04;3;2;0001  215969-1;01;CAMION MAR 1;2094319;"SA60    ";"SANTAGAL S.R.L.                                   ";AV. INDEPENDENCIA 2218;953236;"81-180         ";81-180 - DUCHA EMB. S/TRANSF. MONOCOMANDO VERA;4;4;4;23535391;190926101825341;184706462;;;;01/04/2032 00:00:00;4;14046617;19/09/2026 10:18:25;Maximiliano;Nievas;24808110;19/09/2026 08:04:17;7839;Claudio;Juarez;Maximiliano Nievas;Claudio Juarez
14378335;19/09/2026 11:33:04;3;2;0001  215969-1;01;CAMION MAR 1;2094319;"SA60    ";"SANTAGAL S.R.L.                                   ";AV. INDEPENDENCIA 2218;951263;"16030BL        ";16030BL - PERCHA LINEA 16000 BLACK;10;10;10;23538372;190926101934561;184710013;;;;07/28/2031 00:00:00;10;14046636;19/09/2026 10:19:34;Maximiliano;Nievas;;;;;;Maximiliano Nievas;
14378335;19/09/2026 11:33:04;3;2;0001  215969-1;01;CAMION MAR 1;2094319;"SA60    ";"SANTAGAL S.R.L.                                   ";AV. INDEPENDENCIA 2218;951102;"11040          ";"PORTA ROLLO LINEA 11000                                               ";6;6;6;23538402;190926102037539;184708936;;;;07/27/2031 00:00:00;6;14046648;19/09/2026 10:20:37;Maximiliano;Nievas;;;;;;Maximiliano Nievas;
14378335;19/09/2026 11:33:04;3;2;0001  215969-1;01;CAMION MAR 1;2094319;"SA60    ";"SANTAGAL S.R.L.                                   ";AV. INDEPENDENCIA 2218;951101;"11030          ";"PERCHA LINEA 11000                                                    ";10;10;10;23538422;190926102152671;184709218;;;;07/28/2031 00:00:00;10;14046664;19/09/2026 10:21:52;Maximiliano;Nievas;;;;;;Maximiliano Nievas;
14378335;19/09/2026 11:33:04;3;2;0001  215969-1;01;CAMION MAR 1;2094319;"SA60    ";"SANTAGAL S.R.L.                                   ";AV. INDEPENDENCIA 2218;951304;"17040N         ";17040N - PORTA ROLLO LINEA FABRIC BLACK;6;6;6;23538444;190926102249977;184701714;;;;07/29/2031 00:00:00;6;14046682;19/09/2026 10:22:49;Maximiliano;Nievas;;;;;;Maximiliano Nievas;
14378335;19/09/2026 11:33:04;3;2;0001  215969-1;01;CAMION MAR 1;2094319;"SA60    ";"SANTAGAL S.R.L.                                   ";AV. INDEPENDENCIA 2218;951318;"18040          ";18040 - PORTA ROLLO NIQUEL LINEA BEAT;6;6;6;23538444;190926102249977;184706430;;;;07/28/2031 00:00:00;6;14046682;19/09/2026 10:22:49;Maximiliano;Nievas;;;;;;Maximiliano Nievas;
14378335;19/09/2026 11:33:04;3;2;0001  215969-1;01;CAMION MAR 1;2094319;"SA60    ";"SANTAGAL S.R.L.                                   ";AV. INDEPENDENCIA 2218;951312;"18010          ";18010 - TOALLERO BARRAL NIQUEL LINEA BEAT;6;6;6;23538465;190926102417859;184706395;;;;07/29/2031 00:00:00;6;14046698;19/09/2026 10:24:17;Maximiliano;Nievas;;;;;;Maximiliano Nievas;
14378335;19/09/2026 11:33:04;3;2;0001  215969-1;01;CAMION MAR 1;2094319;"SA60    ";"SANTAGAL S.R.L.                                   ";AV. INDEPENDENCIA 2218;951007;"10030CR        ";"PERCHA LINEA 10000 MINIMALISTA                                        ";6;6;6;23538472;190926102439864;184708440;;;;07/28/2031 00:00:00;6;14046701;19/09/2026 10:24:39;Maximiliano;Nievas;;;;;;Maximiliano Nievas;
14378335;19/09/2026 11:33:04;3;2;0001  215969-1;01;CAMION MAR 1;2094319;"SA60    ";"SANTAGAL S.R.L.                                   ";AV. INDEPENDENCIA 2218;951310;"17060N         ";17060N - PORTA VASO Y CEPILLO  LINEA FABRIC BLACK;4;4;4;23538517;190926102648156;184701694;;;;07/29/2031 00:00:00;4;14046728;19/09/2026 10:26:48;Maximiliano;Nievas;;;;;;Maximiliano Nievas;
14378335;19/09/2026 11:33:04;3;2;0001  215969-1;01;CAMION MAR 1;2094319;"SA60    ";"SANTAGAL S.R.L.                                   ";AV. INDEPENDENCIA 2218;951293;"17010C         ";17010C - TOALLERO BARRAL LINEA FABRIC CROMO;4;4;4;23538517;190926102648156;184701872;;;;12/28/2031 00:00:00;4;14046728;19/09/2026 10:26:48;Maximiliano;Nievas;;;;;;Maximiliano Nievas;
14378335;19/09/2026 11:33:04;3;2;0001  215969-1;01;CAMION MAR 1;2094319;"SA60    ";"SANTAGAL S.R.L.                                   ";AV. INDEPENDENCIA 2218;951299;"17030C         ";17030C - PERCHA LINEA FABRIC CROMO;12;12;12;23538542;190926102741123;184701947;;;;11/10/2031 00:00:00;12;14046739;19/09/2026 10:27:41;Maximiliano;Nievas;;;;;;Maximiliano Nievas;
14378335;19/09/2026 11:33:04;3;2;0001  215969-1;01;CAMION MAR 1;2094319;"SA60    ";"SANTAGAL S.R.L.                                   ";AV. INDEPENDENCIA 2218;951301;"17030N         ";17030N - PERCHA LINEA FABRIC BLACK;12;12;12;23538542;190926102741123;184701532;;;;07/28/2031 00:00:00;12;14046739;19/09/2026 10:27:41;Maximiliano;Nievas;;;;;;Maximiliano Nievas;
14378335;19/09/2026 11:33:04;3;2;0001  215969-1;01;CAMION MAR 1;2094319;"SA60    ";"SANTAGAL S.R.L.                                   ";AV. INDEPENDENCIA 2218;951906;"3020           ";3020 - TOALLERO DE ARO LINEA 3000;6;6;6;23538725;190926103440346;184707851;;;;07/29/2031 00:00:00;6;14046821;19/09/2026 10:34:40;Maximiliano;Nievas;;;;;;Maximiliano Nievas;
14378335;19/09/2026 11:33:04;3;2;0001  215969-1;01;CAMION MAR 1;2094319;"SA60    ";"SANTAGAL S.R.L.                                   ";AV. INDEPENDENCIA 2218;951099;"11010          ";"TOALLERO BARRAL LINEA 11000                                           ";4;4;4;23538725;190926103440346;184708776;;;;07/27/2031 00:00:00;4;14046821;19/09/2026 10:34:40;Maximiliano;Nievas;;;;;;Maximiliano Nievas;
14378335;19/09/2026 11:33:04;3;2;0001  215969-1;01;CAMION MAR 1;2094319;"SA60    ";"SANTAGAL S.R.L.                                   ";AV. INDEPENDENCIA 2218;951018;"10040CR        ";"PORTA ROLLO LINEA 10000 MINIMALISTA                                   ";6;6;6;23538725;190926103440346;184707786;;;;12/28/2031 00:00:00;6;14046821;19/09/2026 10:34:40;Maximiliano;Nievas;;;;;;Maximiliano Nievas;
14378335;19/09/2026 11:33:04;3;2;0001  215969-1;01;CAMION MAR 1;2094319;"SA60    ";"SANTAGAL S.R.L.                                   ";AV. INDEPENDENCIA 2218;951117;"12006N         ";"SET DE 6 PIEZAS LINEA 12000 BLACK                                     ";6;6;6;23538732;190926103500446;184701335;;;;09/01/2031 00:00:00;6;14046825;19/09/2026 10:35:00;Maximiliano;Nievas;;;;;;Maximiliano Nievas;
14378335;19/09/2026 11:33:04;3;2;0001  215969-1;01;CAMION MAR 1;2094319;"SA60    ";"SANTAGAL S.R.L.                                   ";AV. INDEPENDENCIA 2218;951258;"16006          ";16006 - SET 6 PIEZAS ACCESORIOS LINEA 16000;6;6;6;23538737;190926103512885;184701213;;;;07/29/2031 00:00:00;6;14046826;19/09/2026 10:35:12;Maximiliano;Nievas;;;;;;Maximiliano Nievas;
14378335;19/09/2026 11:33:04;3;2;0001  215969-1;01;CAMION MAR 1;2094319;"SA60    ";"SANTAGAL S.R.L.                                   ";AV. INDEPENDENCIA 2218;951113;"12004N         ";"SET DE 4 PIEZAS LINEA 12000 BLACK                                     ";6;6;6;23538796;190926103712364;184706687;;;;09/01/2031 00:00:00;6;14046861;19/09/2026 10:37:12;Maximiliano;Nievas;;;;;;Maximiliano Nievas;
14378335;19/09/2026 11:33:04;3;2;0001  215969-1;01;CAMION MAR 1;2094319;"SA60    ";"SANTAGAL S.R.L.                                   ";AV. INDEPENDENCIA 2218;951314;"18020          ";18020 - TOALLERO DE ARO NIQUEL LINEA BEAT;6;6;6;23538796;190926103712364;184706278;;;;07/29/2031 00:00:00;6;14046861;19/09/2026 10:37:12;Maximiliano;Nievas;;;;;;Maximiliano Nievas;
14378335;19/09/2026 11:33:04;3;2;0001  215969-1;01;CAMION MAR 1;2094319;"SA60    ";"SANTAGAL S.R.L.                                   ";AV. INDEPENDENCIA 2218;952799;"63-180         ";63-180 - LAVATORIO MONOC. DE PARED VERA;6;6;6;23538805;190926103739971;184705871;;;;07/27/2031 00:00:00;6;14046870;19/09/2026 10:37:39;Maximiliano;Nievas;;;;;;Maximiliano Nievas;
14378335;19/09/2026 11:33:04;3;2;0001  215969-1;01;CAMION MAR 1;2094319;"SA60    ";"SANTAGAL S.R.L.                                   ";AV. INDEPENDENCIA 2218;953151;"8020           ";8020 - TOALLERO DE ARO LINEA 8000;4;4;4;23539423;190926110531761;184709344;;;;07/31/2031 00:00:00;4;14047324;19/09/2026 11:05:31;Maximiliano;Nievas;;;;;;Maximiliano Nievas;
14378335;19/09/2026 11:33:04;3;2;0001  215969-1;01;CAMION MAR 1;2094319;"SA60    ";"SANTAGAL S.R.L.                                   ";AV. INDEPENDENCIA 2218;950995;"10020CR        ";"TOALLERO DE ARO LINEA 10000 MINIMALISTA                               ";6;6;6;23539423;190926110531761;184708298;;;;07/31/2031 00:00:00;6;14047324;19/09/2026 11:05:31;Maximiliano;Nievas;;;;;;Maximiliano Nievas;
14378335;19/09/2026 11:33:04;3;2;0001  215969-1;01;CAMION MAR 1;2094319;"SA60    ";"SANTAGAL S.R.L.                                   ";AV. INDEPENDENCIA 2218;953182;"8040           ";8040 - PORTA ROLLO LINEA 8000;6;6;6;23539457;190926110751299;184709533;;;;08/12/2031 00:00:00;6;14047358;19/09/2026 11:07:51;Maximiliano;Nievas;;;;;;Maximiliano Nievas;
14378335;19/09/2026 11:33:04;3;2;0001  215969-1;01;CAMION MAR 1;2094319;"SA60    ";"SANTAGAL S.R.L.                                   ";AV. INDEPENDENCIA 2218;951100;"11020          ";"TOALLERO DE ARO LINEA 11000                                           ";6;6;6;23539565;190926111409983;184708678;;;;07/27/2031 00:00:00;6;14047445;19/09/2026 11:14:10;Maximiliano;Nievas;;;;;;Maximiliano Nievas;
14378335;19/09/2026 11:33:04;3;2;0001  215969-1;01;CAMION MAR 1;2094319;"SA60    ";"SANTAGAL S.R.L.                                   ";AV. INDEPENDENCIA 2218;951104;"11060          ";"PORTA VASO Y CEPILLO LINEA 11000                                      ";6;6;6;23539565;190926111409983;184709580;;;;07/28/2031 00:00:00;6;14047445;19/09/2026 11:14:10;Maximiliano;Nievas;;;;;;Maximiliano Nievas;
14378335;19/09/2026 11:33:04;3;2;0001  215969-1;01;CAMION MAR 1;2094319;"SA60    ";"SANTAGAL S.R.L.                                   ";AV. INDEPENDENCIA 2218;951267;"16050BL        ";16050BL - JABONERA ACCESORIOS LINEA 16000 BLACK;4;4;4;23539600;190926111546438;184710367;;;;07/31/2031 00:00:00;4;14047479;19/09/2026 11:15:46;Maximiliano;Nievas;;;;;;Maximiliano Nievas;
14378335;19/09/2026 11:33:04;3;2;0001  215969-1;01;CAMION MAR 1;2094319;"SA60    ";"SANTAGAL S.R.L.                                   ";AV. INDEPENDENCIA 2218;952714;"61-180         ";61-180 - LAVATORIO MONOCOMANDO ALTO VERA;4;4;4;23539623;190926111654078;184706122;;;;07/28/2031 00:00:00;4;14047507;19/09/2026 11:16:54;Maximiliano;Nievas;;;;;;Maximiliano Nievas;
14378335;19/09/2026 11:33:04;3;2;0001  215969-1;01;CAMION MAR 1;2094319;"SA60    ";"SANTAGAL S.R.L.                                   ";AV. INDEPENDENCIA 2218;951614;"21200          ";21200 - ESQUINERO ORGANIZADOR 19x19x7;4;4;4;23539671;190926111928933;184736056;;;;07/27/2031 00:00:00;2;14047539;19/09/2026 11:19:28;Maximiliano;Nievas;;;;;;Maximiliano Nievas;
14378335;19/09/2026 11:33:04;3;2;0001  215969-1;01;CAMION MAR 1;2094319;"SA60    ";"SANTAGAL S.R.L.                                   ";AV. INDEPENDENCIA 2218;951606;"21100          ";21100 - ESTANTE ORGANIZADOR RECTANGULAR 25x12x7;4;4;4;23539671;190926111928933;184707044;;;;07/29/2031 00:00:00;4;14047539;19/09/2026 11:19:28;Maximiliano;Nievas;;;;;;Maximiliano Nievas;
14378335;19/09/2026 11:33:04;3;2;0001  215969-1;01;CAMION MAR 1;2094319;"SA60    ";"SANTAGAL S.R.L.                                   ";AV. INDEPENDENCIA 2218;951614;"21200          ";21200 - ESQUINERO ORGANIZADOR 19x19x7;4;4;4;23539696;190926112055600;184707587;;;;07/27/2031 00:00:00;2;14047560;19/09/2026 11:20:55;Maximiliano;Nievas;;;;;;Maximiliano Nievas;
14378335;19/09/2026 11:33:04;3;2;0001  215969-1;01;CAMION MAR 1;2094319;"SA60    ";"SANTAGAL S.R.L.                                   ";AV. INDEPENDENCIA 2218;952650;"60-180         ";60-180 - LAVATORIO MONOCOMANDO BAJO VERA;6;6;6;23539696;190926112055600;184706047;;;;07/28/2031 00:00:00;6;14047560;19/09/2026 11:20:55;Maximiliano;Nievas;;;;;;Maximiliano Nievas;
14378335;19/09/2026 11:33:04;3;2;0001  215969-1;01;CAMION MAR 1;2094319;"SA60    ";"SANTAGAL S.R.L.                                   ";AV. INDEPENDENCIA 2218;951833;"30-132         ";30-132 - COCINA MESADA MONOC. C/DUCHADOR EXTENSIBLE VIGO;6;6;6;23539711;190926112123227;184736338;;;;10/07/2031 00:00:00;1;14047567;19/09/2026 11:21:23;Maximiliano;Nievas;;;;;;Maximiliano Nievas;
14378335;19/09/2026 11:33:04;3;2;0001  215969-1;01;CAMION MAR 1;2094319;"SA60    ";"SANTAGAL S.R.L.                                   ";AV. INDEPENDENCIA 2218;951303;"17040G         ";17040G - PORTA ROLLO LINEA FABRIC GOLD;15;15;15;23539711;190926112123227;184736337;;;;07/28/2031 00:00:00;3;14047567;19/09/2026 11:21:23;Maximiliano;Nievas;;;;;;Maximiliano Nievas;
14378335;19/09/2026 11:33:04;3;2;0001  215969-1;01;CAMION MAR 1;2094319;"SA60    ";"SANTAGAL S.R.L.                                   ";AV. INDEPENDENCIA 2218;951975;"3040           ";3040 - PORTA ROLLO LINEA 3000;6;6;6;23539789;190926112556865;184708011;;;;07/27/2031 00:00:00;6;14047631;19/09/2026 11:25:56;Maximiliano;Nievas;;;;;;Maximiliano Nievas;
14378335;19/09/2026 11:33:04;3;2;0001  215969-1;01;CAMION MAR 1;2094319;"SA60    ";"SANTAGAL S.R.L.                                   ";AV. INDEPENDENCIA 2218;951983;"3050           ";3050 - JABONERA LINEA 3000;4;4;4;23539789;190926112556865;184708128;;;;07/27/2031 00:00:00;4;14047631;19/09/2026 11:25:56;Maximiliano;Nievas;;;;;;Maximiliano Nievas;
14378335;19/09/2026 11:33:04;3;2;0001  215969-1;01;CAMION MAR 1;2094319;"SA60    ";"SANTAGAL S.R.L.                                   ";AV. INDEPENDENCIA 2218;951116;"12006          ";"SET DE 6 PIEZAS LINEA 12000                                           ";10;10;10;23539816;190926112738581;184702344;;;;07/30/2031 00:00:00;10;14047651;19/09/2026 11:27:38;Maximiliano;Nievas;;;;;;Maximiliano Nievas;
14378335;19/09/2026 11:33:04;3;2;0001  215969-1;01;CAMION MAR 1;2094319;"SA60    ";"SANTAGAL S.R.L.                                   ";AV. INDEPENDENCIA 2218;953125;"80-180         ";80-180 - DUCHA EMB. C/TRANSF. MONOCOMANDO VERA;6;6;6;23539825;190926112806763;184701161;;;;11/23/2031 00:00:00;6;14047656;19/09/2026 11:28:06;Maximiliano;Nievas;;;;;;Maximiliano Nievas;
14378335;19/09/2026 11:33:04;3;2;0001  215969-1;01;CAMION MAR 1;2094319;"SA60    ";"SANTAGAL S.R.L.                                   ";AV. INDEPENDENCIA 2218;951653;"22-178         ";22-178 - MONOCOMANDO DE COCINA P/AGUA FILTRADA VITA;8;8;8;23539848;190926112915886;184702561;;;;12/23/2031 00:00:00;8;14047671;19/09/2026 11:29:15;Maximiliano;Nievas;;;;;;Maximiliano Nievas;
14378335;19/09/2026 11:33:04;3;2;0001  215969-1;01;CAMION MAR 1;2094319;"SA60    ";"SANTAGAL S.R.L.                                   ";AV. INDEPENDENCIA 2218;951265;"16040BL        ";16040BL - PORTA ROLLO ACCESORIOS LINEA 16000 BLACK;10;10;10;23539855;190926112945197;184710193;;;;07/31/2031 00:00:00;10;14047678;19/09/2026 11:29:45;Maximiliano;Nievas;;;;;;Maximiliano Nievas;
14378335;19/09/2026 11:33:04;3;2;0001  215969-1;01;CAMION MAR 1;2094319;"SA60    ";"SANTAGAL S.R.L.                                   ";AV. INDEPENDENCIA 2218;951833;"30-132         ";30-132 - COCINA MESADA MONOC. C/DUCHADOR EXTENSIBLE VIGO;6;6;6;23539887;190926113139047;184707221;;;;10/07/2031 00:00:00;5;14047704;19/09/2026 11:31:39;Maximiliano;Nievas;;;;;;Maximiliano Nievas;
14378335;19/09/2026 11:33:04;3;2;0001  215969-1;01;CAMION MAR 1;2094319;"SA60    ";"SANTAGAL S.R.L.                                   ";AV. INDEPENDENCIA 2218;951297;"17020G         ";17020G - TOALLERO DE ARO LINEA FABRIC GOLD;12;12;12;23539896;190926113222466;184706758;;;;07/29/2031 00:00:00;12;14047713;19/09/2026 11:32:22;Maximiliano;Nievas;;;;;;Maximiliano Nievas;
14378335;19/09/2026 11:33:04;3;2;0001  215969-1;01;CAMION MAR 1;2094319;"SA60    ";"SANTAGAL S.R.L.                                   ";AV. INDEPENDENCIA 2218;951303;"17040G         ";17040G - PORTA ROLLO LINEA FABRIC GOLD;15;15;15;23539899;190926113237800;184702049;;;;07/28/2031 00:00:00;12;14047715;19/09/2026 11:32:37;Maximiliano;Nievas;;;;;;Maximiliano Nievas;
14378336;19/09/2026 11:12:53;3;2;0008    2955-1;01;CAMION MAR 1;2094319;"SA60    ";"SANTAGAL S.R.L.                                   ";AV. INDEPENDENCIA 2218;954805;"AB-002         ";AB-002 - AGARRADERA ACERO INOX CROMADO 40 CM SAFE;4;4;4;23533841;190926021253164;184697893;;;;08/12/2031 00:00:00;4;14046642;19/09/2026 11:12:53;Mirko;Hernandez;24806705;19/09/2026 08:24:38;6922;Franco;Potenza;Mirko Hernandez;Franco Potenza
14378336;19/09/2026 11:12:53;3;2;0008    2955-1;01;CAMION MAR 1;2094319;"SA60    ";"SANTAGAL S.R.L.                                   ";AV. INDEPENDENCIA 2218;951611;"21-160         ";"MONOCOMANDO DUO COCINA CROMO DIQUE                                    ";6;6;6;23533841;190926021253164;184698488;;;;12/14/2031 00:00:00;6;14046642;19/09/2026 11:12:53;Mirko;Hernandez;24806705;19/09/2026 08:24:38;6922;Franco;Potenza;Mirko Hernandez;Franco Potenza
14378336;19/09/2026 11:12:53;3;2;0008    2955-1;01;CAMION MAR 1;2094319;"SA60    ";"SANTAGAL S.R.L.                                   ";AV. INDEPENDENCIA 2218;951553;"20-184         ";"MONOCOMANDO DE COCINA CR SUV                                          ";10;10;10;23533841;190926021253164;184699730;;;;10/04/2031 00:00:00;10;14046642;19/09/2026 11:12:53;Mirko;Hernandez;24806705;19/09/2026 08:24:38;6922;Franco;Potenza;Mirko Hernandez;Franco Potenza
14378336;19/09/2026 11:12:53;3;2;0008    2955-1;01;CAMION MAR 1;2094319;"SA60    ";"SANTAGAL S.R.L.                                   ";AV. INDEPENDENCIA 2218;952499;"54-203         ";"COCINA PARED EXT C.CERAM ADRA MONOCOMANDO                             ";6;6;6;23533841;190926021253164;184708378;;;;02/18/2032 00:00:00;6;14046642;19/09/2026 11:12:53;Mirko;Hernandez;24806705;19/09/2026 08:24:38;6922;Franco;Potenza;Mirko Hernandez;Franco Potenza
14378336;19/09/2026 11:12:53;3;2;0008    2955-1;01;CAMION MAR 1;2094319;"SA60    ";"SANTAGAL S.R.L.                                   ";AV. INDEPENDENCIA 2218;952648;"60-176N        ";"LAVATORIO MONOCOMANDO BAJO BLACK RIO                                  ";6;6;6;23533841;190926021253164;184701143;;;;07/29/2031 00:00:00;6;14046642;19/09/2026 11:12:53;Mirko;Hernandez;24806705;19/09/2026 08:24:38;6922;Franco;Potenza;Mirko Hernandez;Franco Potenza
14378336;19/09/2026 11:12:53;3;2;0008    2955-1;01;CAMION MAR 1;2094319;"SA60    ";"SANTAGAL S.R.L.                                   ";AV. INDEPENDENCIA 2218;952925;"70-176         ";70-176 - BIDE MONOC C/TRANSF CR RIO;6;6;6;23533841;190926021253164;184701729;;;;12/14/2031 00:00:00;6;14046642;19/09/2026 11:12:53;Mirko;Hernandez;24806705;19/09/2026 08:24:38;6922;Franco;Potenza;Mirko Hernandez;Franco Potenza
14378336;19/09/2026 11:12:53;3;2;0008    2955-1;01;CAMION MAR 1;2094319;"SA60    ";"SANTAGAL S.R.L.                                   ";AV. INDEPENDENCIA 2218;952933;"70-183         ";"BIDE MONOCOMANDO C/TRANSF MAT                                         ";10;10;10;23533841;190926021253164;184702675;;;;11/02/2031 00:00:00;10;14046642;19/09/2026 11:12:53;Mirko;Hernandez;24806705;19/09/2026 08:24:38;6922;Franco;Potenza;Mirko Hernandez;Franco Potenza
14378336;19/09/2026 11:12:53;3;2;0008    2955-1;01;CAMION MAR 1;2094319;"SA60    ";"SANTAGAL S.R.L.                                   ";AV. INDEPENDENCIA 2218;952954;"70-203         ";70-203 - BIDE MONOCOMANDO ADRA;6;6;6;23533841;190926021253164;184708026;;;;07/30/2031 00:00:00;6;14046642;19/09/2026 11:12:53;Mirko;Hernandez;24806705;19/09/2026 08:24:38;6922;Franco;Potenza;Mirko Hernandez;Franco Potenza
14378336;19/09/2026 11:12:53;3;2;0008    2955-1;01;CAMION MAR 1;2094319;"SA60    ";"SANTAGAL S.R.L.                                   ";AV. INDEPENDENCIA 2218;953131;"80-183         ";"DUCHA EMB C/TRANSF MONOCOMANDO MAT                                    ";10;10;10;23533841;190926021253164;184703544;;;;11/02/2031 00:00:00;6;14046642;19/09/2026 11:12:53;Mirko;Hernandez;24806705;19/09/2026 08:24:38;6922;Franco;Potenza;Mirko Hernandez;Franco Potenza
14378336;19/09/2026 11:12:53;3;2;0008    2955-1;01;CAMION MAR 1;2094319;"SA60    ";"SANTAGAL S.R.L.                                   ";AV. INDEPENDENCIA 2218;953159;"80-203P        ";80-203P - DUCHA EMB C/TRANSF. MONOCOMANDO ADRA PLUS;6;6;6;23533841;190926021253164;184707839;;;;07/28/2031 00:00:00;6;14046642;19/09/2026 11:12:53;Mirko;Hernandez;24806705;19/09/2026 08:24:38;6922;Franco;Potenza;Mirko Hernandez;Franco Potenza
14378336;19/09/2026 11:12:53;3;2;0008    2955-1;01;CAMION MAR 1;2094319;"SA60    ";"SANTAGAL S.R.L.                                   ";AV. INDEPENDENCIA 2218;953335;"84-203ST       ";"DUCHA EXT C/COLUMNA CR ADRA                                           ";6;6;6;23533841;190926021253164;184700447;;;;12/15/2031 00:00:00;5;14046642;19/09/2026 11:12:53;Mirko;Hernandez;24806705;19/09/2026 08:24:38;6922;Franco;Potenza;Mirko Hernandez;Franco Potenza
14378336;19/09/2026 11:12:53;3;2;0008    2955-1;01;CAMION MAR 1;2094319;"SA60    ";"SANTAGAL S.R.L.                                   ";AV. INDEPENDENCIA 2218;952798;"63-176N        ";"LAVATORIO PARED EMB MONOC BLACK RIO                                   ";6;6;6;23533841;190926021253164;184708258;;;;12/14/2031 00:00:00;6;14046642;19/09/2026 11:12:53;Mirko;Hernandez;24806705;19/09/2026 08:24:38;6922;Franco;Potenza;Mirko Hernandez;Franco Potenza
14378336;19/09/2026 11:12:53;3;2;0008    2955-1;01;CAMION MAR 1;2094319;"SA60    ";"SANTAGAL S.R.L.                                   ";AV. INDEPENDENCIA 2218;951552;"20-183         ";"MONOCOMANDO DE COCINA MAT                                             ";10;10;10;23533841;190926021253164;184702924;;;;11/02/2031 00:00:00;10;14046642;19/09/2026 11:12:53;Mirko;Hernandez;24806705;19/09/2026 08:24:38;6922;Franco;Potenza;Mirko Hernandez;Franco Potenza
14378336;19/09/2026 11:12:53;3;2;0008    2955-1;01;CAMION MAR 1;2094319;"SA60    ";"SANTAGAL S.R.L.                                   ";AV. INDEPENDENCIA 2218;951548;"20-179         ";20-179 - MONOCOMANDO DE COCINA LARA;8;8;8;23533841;190926021253164;184707656;;;;07/27/2031 00:00:00;8;14046642;19/09/2026 11:12:53;Mirko;Hernandez;24806705;19/09/2026 08:24:38;6922;Franco;Potenza;Mirko Hernandez;Franco Potenza
14378336;19/09/2026 11:12:53;3;2;0008    2955-1;01;CAMION MAR 1;2094319;"SA60    ";"SANTAGAL S.R.L.                                   ";AV. INDEPENDENCIA 2218;951530;"20-146         ";20-146 - MONOCOMANDO DE COCINA CR LINEA MOVE;10;10;10;23533841;190926021253164;184703843;;;;11/23/2031 00:00:00;6;14046642;19/09/2026 11:12:53;Mirko;Hernandez;24806705;19/09/2026 08:24:38;6922;Franco;Potenza;Mirko Hernandez;Franco Potenza
14378336;19/09/2026 11:12:53;3;2;0008    2955-1;01;CAMION MAR 1;2094319;"SA60    ";"SANTAGAL S.R.L.                                   ";AV. INDEPENDENCIA 2218;951484;"20-100C        ";20-100C - MONOCOMANDO DE COCINA FABRIC CROMO;4;4;4;23533841;190926021253164;184698358;;;;02/18/2032 00:00:00;4;14046642;19/09/2026 11:12:53;Mirko;Hernandez;24806705;19/09/2026 08:24:38;6922;Franco;Potenza;Mirko Hernandez;Franco Potenza
14378336;19/09/2026 11:12:53;3;2;0008    2955-1;01;CAMION MAR 1;2094319;"SA60    ";"SANTAGAL S.R.L.                                   ";AV. INDEPENDENCIA 2218;952713;"61-176N        ";61-176N - LAVATORIO MONOC ALTO BLACK RIO;10;10;10;23533841;190926021253164;184701351;;;;07/29/2031 00:00:00;6;14046642;19/09/2026 11:12:53;Mirko;Hernandez;24806705;19/09/2026 08:24:38;6922;Franco;Potenza;Mirko Hernandez;Franco Potenza
14378336;19/09/2026 11:12:53;3;2;0008    2955-1;01;CAMION MAR 1;2094319;"SA60    ";"SANTAGAL S.R.L.                                   ";AV. INDEPENDENCIA 2218;952724;"61-200G        ";61-200G - LAVATORIO MONOC ALTO GOLD FABRIC;10;10;10;23533841;190926021253164;184700810;;;;07/27/2031 00:00:00;8;14046642;19/09/2026 11:12:53;Mirko;Hernandez;24806705;19/09/2026 08:24:38;6922;Franco;Potenza;Mirko Hernandez;Franco Potenza
14378336;19/09/2026 11:12:53;3;2;0008    2955-1;01;CAMION MAR 1;2094319;"SA60    ";"SANTAGAL S.R.L.                                   ";AV. INDEPENDENCIA 2218;952608;"60-121         ";60-121 - LAVATORIO C.CERAM CR MARBELLA;4;4;4;23533847;190926011817887;184700490;;;;01/25/2032 00:00:00;1;14046020;19/09/2026 10:18:17;Mirko;Hernandez;24806718;19/09/2026 07:34:50;7839;Claudio;Juarez;Mirko Hernandez;Claudio Juarez
14378336;19/09/2026 11:12:53;3;2;0008    2955-1;01;CAMION MAR 1;2094319;"SA60    ";"SANTAGAL S.R.L.                                   ";AV. INDEPENDENCIA 2218;953435;"914            ";914 - JGO.MDA.P.CAÑO BL/CR ARES;4;4;4;23533847;190926011817887;184700013;;;;07/31/2031 00:00:00;1;14046020;19/09/2026 10:18:17;Mirko;Hernandez;24806718;19/09/2026 07:34:50;7839;Claudio;Juarez;Mirko Hernandez;Claudio Juarez
14378336;19/09/2026 11:12:53;3;2;0008    2955-1;01;CAMION MAR 1;2094319;"SA60    ";"SANTAGAL S.R.L.                                   ";AV. INDEPENDENCIA 2218;955159;"D439           ";D439 - KIT DE DUCHA MANUAL;6;6;6;23533847;190926011817887;184697494;;;;12/16/2031 00:00:00;6;14046020;19/09/2026 10:18:17;Mirko;Hernandez;24806718;19/09/2026 07:34:50;7839;Claudio;Juarez;Mirko Hernandez;Claudio Juarez
14378336;19/09/2026 11:12:53;3;2;0008    2955-1;01;CAMION MAR 1;2094319;"SA60    ";"SANTAGAL S.R.L.                                   ";AV. INDEPENDENCIA 2218;954918;"BCH16          ";BCH16 - BACHA DE APOYAR BLANCA 610x457x254 C/DESAGOTE Y REJILLA;6;6;6;23533854;190926101042198;184700212;;;;01/06/2032 00:00:00;6;14046207;19/09/2026 10:10:42;Tiago;Rodriguez;24806729;19/09/2026 07:11:11;6584;Luis Alberto;Villareal;Tiago Rodriguez;Luis Alberto Villareal
14378336;19/09/2026 11:12:53;3;2;0008    2955-1;01;CAMION MAR 1;2094319;"SA60    ";"SANTAGAL S.R.L.                                   ";AV. INDEPENDENCIA 2218;954910;"BCH09          ";BCH09 - BACHA DE APOYAR RECTANGULAR 610x410x115;6;6;6;23533854;190926101042198;184698659;;;;07/27/2031 00:00:00;6;14046207;19/09/2026 10:10:42;Tiago;Rodriguez;24806729;19/09/2026 07:11:11;6584;Luis Alberto;Villareal;Tiago Rodriguez;Luis Alberto Villareal
14378336;19/09/2026 11:12:53;3;2;0008    2955-1;01;CAMION MAR 1;2094319;"SA60    ";"SANTAGAL S.R.L.                                   ";AV. INDEPENDENCIA 2218;953148;"80-199         ";80-199 - DUCHA EMB. C/TRANSF. CR C.CERAM LIVE;6;6;6;23537537;190926003926951;184720979;;;;01/20/2032 00:00:00;3;14046029;19/09/2026 09:39:26;Mirko;Hernandez;;;;;;Mirko Hernandez;
14378336;19/09/2026 11:12:53;3;2;0008    2955-1;01;CAMION MAR 1;2094319;"SA60    ";"SANTAGAL S.R.L.                                   ";AV. INDEPENDENCIA 2218;953148;"80-199         ";80-199 - DUCHA EMB. C/TRANSF. CR C.CERAM LIVE;6;6;6;23537550;190926003958874;184697846;;;;01/20/2032 00:00:00;3;14046039;19/09/2026 09:39:58;Mirko;Hernandez;;;;;;Mirko Hernandez;
14378336;19/09/2026 11:12:53;3;2;0008    2955-1;01;CAMION MAR 1;2094319;"SA60    ";"SANTAGAL S.R.L.                                   ";AV. INDEPENDENCIA 2218;953150;"80-199N        ";80-199N - DUCHA EMB. C/TRANSF. BLACK C.CERAM LIVE;6;6;6;23537554;190926004022969;184721125;;;;10/11/2031 00:00:00;3;14046048;19/09/2026 09:40:22;Mirko;Hernandez;;;;;;Mirko Hernandez;
14378336;19/09/2026 11:12:53;3;2;0008    2955-1;01;CAMION MAR 1;2094319;"SA60    ";"SANTAGAL S.R.L.                                   ";AV. INDEPENDENCIA 2218;953150;"80-199N        ";80-199N - DUCHA EMB. C/TRANSF. BLACK C.CERAM LIVE;6;6;6;23537557;190926004045555;184697952;;;;10/11/2031 00:00:00;3;14046052;19/09/2026 09:40:45;Mirko;Hernandez;;;;;;Mirko Hernandez;
14378336;19/09/2026 11:12:53;3;2;0008    2955-1;01;CAMION MAR 1;2094319;"SA60    ";"SANTAGAL S.R.L.                                   ";AV. INDEPENDENCIA 2218;953216;"81-100NI       ";81-100NI - DUCHA EMB. S/TRANSF. NICKEL C.CERAM FABRIC;4;4;4;23537585;190926004129040;184721300;;;;10/18/2031 00:00:00;1;14046062;19/09/2026 09:41:29;Mirko;Hernandez;;;;;;Mirko Hernandez;
14378336;19/09/2026 11:12:53;3;2;0008    2955-1;01;CAMION MAR 1;2094319;"SA60    ";"SANTAGAL S.R.L.                                   ";AV. INDEPENDENCIA 2218;953071;"80-100G        ";80-100G - DUCHA EMB. C/TRANSF. GOLD C.CERAM FABRIC;6;6;6;23537585;190926004129040;184721299;;;;12/07/2031 00:00:00;2;14046062;19/09/2026 09:41:29;Mirko;Hernandez;;;;;;Mirko Hernandez;
14378336;19/09/2026 11:12:53;3;2;0008    2955-1;01;CAMION MAR 1;2094319;"SA60    ";"SANTAGAL S.R.L.                                   ";AV. INDEPENDENCIA 2218;953216;"81-100NI       ";81-100NI - DUCHA EMB. S/TRANSF. NICKEL C.CERAM FABRIC;4;4;4;23537595;190926004155001;184697674;;;;10/18/2031 00:00:00;3;14046073;19/09/2026 09:41:55;Mirko;Hernandez;;;;;;Mirko Hernandez;
14378336;19/09/2026 11:12:53;3;2;0008    2955-1;01;CAMION MAR 1;2094319;"SA60    ";"SANTAGAL S.R.L.                                   ";AV. INDEPENDENCIA 2218;953073;"80-100NI       ";80-100NI - DUCHA EMB. C/TRANSF. NICKEL C.CERAM FABRIC;4;4;4;23537602;190926004231956;184721484;;;;02/08/2032 00:00:00;1;14046086;19/09/2026 09:42:31;Mirko;Hernandez;;;;;;Mirko Hernandez;
14378336;19/09/2026 11:12:53;3;2;0008    2955-1;01;CAMION MAR 1;2094319;"SA60    ";"SANTAGAL S.R.L.                                   ";AV. INDEPENDENCIA 2218;953071;"80-100G        ";80-100G - DUCHA EMB. C/TRANSF. GOLD C.CERAM FABRIC;6;6;6;23537602;190926004231956;184721483;;;;12/07/2031 00:00:00;2;14046086;19/09/2026 09:42:31;Mirko;Hernandez;;;;;;Mirko Hernandez;
14378336;19/09/2026 11:12:53;3;2;0008    2955-1;01;CAMION MAR 1;2094319;"SA60    ";"SANTAGAL S.R.L.                                   ";AV. INDEPENDENCIA 2218;953071;"80-100G        ";80-100G - DUCHA EMB. C/TRANSF. GOLD C.CERAM FABRIC;6;6;6;23537607;190926004251826;184699571;;;;12/07/2031 00:00:00;2;14046096;19/09/2026 09:42:51;Mirko;Hernandez;;;;;;Mirko Hernandez;
14378336;19/09/2026 11:12:53;3;2;0008    2955-1;01;CAMION MAR 1;2094319;"SA60    ";"SANTAGAL S.R.L.                                   ";AV. INDEPENDENCIA 2218;953073;"80-100NI       ";80-100NI - DUCHA EMB. C/TRANSF. NICKEL C.CERAM FABRIC;4;4;4;23537607;190926004251826;184721549;;;;02/08/2032 00:00:00;1;14046096;19/09/2026 09:42:51;Mirko;Hernandez;;;;;;Mirko Hernandez;
14378336;19/09/2026 11:12:53;3;2;0008    2955-1;01;CAMION MAR 1;2094319;"SA60    ";"SANTAGAL S.R.L.                                   ";AV. INDEPENDENCIA 2218;952456;"51-190         ";51-190 - MESADA BIMANDO C.CERAM BLACK VELVET;4;4;4;23537614;190926004322131;184721634;;;;01/31/2032 00:00:00;1;14046107;19/09/2026 09:43:22;Mirko;Hernandez;;;;;;Mirko Hernandez;
14378336;19/09/2026 11:12:53;3;2;0008    2955-1;01;CAMION MAR 1;2094319;"SA60    ";"SANTAGAL S.R.L.                                   ";AV. INDEPENDENCIA 2218;953073;"80-100NI       ";80-100NI - DUCHA EMB. C/TRANSF. NICKEL C.CERAM FABRIC;4;4;4;23537614;190926004322131;184698778;;;;02/08/2032 00:00:00;2;14046107;19/09/2026 09:43:22;Mirko;Hernandez;;;;;;Mirko Hernandez;
14378336;19/09/2026 11:12:53;3;2;0008    2955-1;01;CAMION MAR 1;2094319;"SA60    ";"SANTAGAL S.R.L.                                   ";AV. INDEPENDENCIA 2218;953422;"90-166N        ";90-166N - PACK GRIF. ADRA BLACK PLUS  (Lav-Bide-Ducha c/t Plus);4;4;4;23537625;190926004352912;184721699;;;;01/11/2032 00:00:00;3;14046117;19/09/2026 09:43:52;Mirko;Hernandez;;;;;;Mirko Hernandez;
14378336;19/09/2026 11:12:53;3;2;0008    2955-1;01;CAMION MAR 1;2094319;"SA60    ";"SANTAGAL S.R.L.                                   ";AV. INDEPENDENCIA 2218;953153;"80-200G        ";80-200G - DUCHA EMB. MONOC. 3 FUNCIONES GOLD FABRIC;8;8;8;23537669;190926004526360;184721948;;;;01/18/2032 00:00:00;4;14046147;19/09/2026 09:45:26;Mirko;Hernandez;;;;;;Mirko Hernandez;
14378336;19/09/2026 11:12:53;3;2;0008    2955-1;01;CAMION MAR 1;2094319;"SA60    ";"SANTAGAL S.R.L.                                   ";AV. INDEPENDENCIA 2218;953422;"90-166N        ";90-166N - PACK GRIF. ADRA BLACK PLUS  (Lav-Bide-Ducha c/t Plus);4;4;4;23537669;190926004526360;184698567;;;;01/11/2032 00:00:00;1;14046147;19/09/2026 09:45:26;Mirko;Hernandez;;;;;;Mirko Hernandez;
14378336;19/09/2026 11:12:53;3;2;0008    2955-1;01;CAMION MAR 1;2094319;"SA60    ";"SANTAGAL S.R.L.                                   ";AV. INDEPENDENCIA 2218;953153;"80-200G        ";80-200G - DUCHA EMB. MONOC. 3 FUNCIONES GOLD FABRIC;8;8;8;23537706;190926004656414;184722175;;;;01/18/2032 00:00:00;1;14046177;19/09/2026 09:46:56;Mirko;Hernandez;;;;;;Mirko Hernandez;
14378336;19/09/2026 11:12:53;3;2;0008    2955-1;01;CAMION MAR 1;2094319;"SA60    ";"SANTAGAL S.R.L.                                   ";AV. INDEPENDENCIA 2218;953153;"80-200G        ";80-200G - DUCHA EMB. MONOC. 3 FUNCIONES GOLD FABRIC;8;8;8;23537742;190926004813875;184702573;;;;01/18/2032 00:00:00;3;14046194;19/09/2026 09:48:13;Mirko;Hernandez;;;;;;Mirko Hernandez;
14378336;19/09/2026 11:12:53;3;2;0008    2955-1;01;CAMION MAR 1;2094319;"SA60    ";"SANTAGAL S.R.L.                                   ";AV. INDEPENDENCIA 2218;952456;"51-190         ";51-190 - MESADA BIMANDO C.CERAM BLACK VELVET;4;4;4;23537757;190926004844451;184698922;;;;01/31/2032 00:00:00;3;14046203;19/09/2026 09:48:44;Mirko;Hernandez;;;;;;Mirko Hernandez;
14378336;19/09/2026 11:12:53;3;2;0008    2955-1;01;CAMION MAR 1;2094319;"SA60    ";"SANTAGAL S.R.L.                                   ";AV. INDEPENDENCIA 2218;953119;"80-175G        ";80-175G - DUCHA EMB C/TRANSF. GOLD C.CERAM PULSE;6;6;6;23537771;190926004908788;184722471;;;;07/29/2031 00:00:00;3;14046211;19/09/2026 09:49:08;Mirko;Hernandez;;;;;;Mirko Hernandez;
14378336;19/09/2026 11:12:53;3;2;0008    2955-1;01;CAMION MAR 1;2094319;"SA60    ";"SANTAGAL S.R.L.                                   ";AV. INDEPENDENCIA 2218;953118;"80-175DG       ";80-175DG - DUCHA EMB C/TRANSF. PULSE DARK GOLD C.CERAM;6;6;6;23537777;190926004942419;184722533;;;;10/19/2031 00:00:00;3;14046219;19/09/2026 09:49:42;Mirko;Hernandez;;;;;;Mirko Hernandez;
14378336;19/09/2026 11:12:53;3;2;0008    2955-1;01;CAMION MAR 1;2094319;"SA60    ";"SANTAGAL S.R.L.                                   ";AV. INDEPENDENCIA 2218;953119;"80-175G        ";80-175G - DUCHA EMB C/TRANSF. GOLD C.CERAM PULSE;6;6;6;23537791;190926005038860;184722648;;;;07/29/2031 00:00:00;1;14046238;19/09/2026 09:50:38;Mirko;Hernandez;;;;;;Mirko Hernandez;
14378336;19/09/2026 11:12:53;3;2;0008    2955-1;01;CAMION MAR 1;2094319;"SA60    ";"SANTAGAL S.R.L.                                   ";AV. INDEPENDENCIA 2218;953118;"80-175DG       ";80-175DG - DUCHA EMB C/TRANSF. PULSE DARK GOLD C.CERAM;6;6;6;23537791;190926005038860;184722647;;;;10/19/2031 00:00:00;2;14046238;19/09/2026 09:50:38;Mirko;Hernandez;;;;;;Mirko Hernandez;
14378336;19/09/2026 11:12:53;3;2;0008    2955-1;01;CAMION MAR 1;2094319;"SA60    ";"SANTAGAL S.R.L.                                   ";AV. INDEPENDENCIA 2218;1141161;"BCH23          ";"BACHA DE APOYAR CIRCULAR BLANCA 310x110                               ";6;6;6;23537794;190926095047322;184697710;;;;02/11/2032 00:00:00;6;14046241;19/09/2026 09:50:47;Tiago;Rodriguez;;;;;;Tiago Rodriguez;
14378336;19/09/2026 11:12:53;3;2;0008    2955-1;01;CAMION MAR 1;2094319;"SA60    ";"SANTAGAL S.R.L.                                   ";AV. INDEPENDENCIA 2218;1141160;"BCH22          ";"BACHA DE APOYAR BLANCA 450x290x110                                    ";6;6;6;23537794;190926095047322;184697742;;;;02/11/2032 00:00:00;6;14046241;19/09/2026 09:50:47;Tiago;Rodriguez;;;;;;Tiago Rodriguez;
14378336;19/09/2026 11:12:53;3;2;0008    2955-1;01;CAMION MAR 1;2094319;"SA60    ";"SANTAGAL S.R.L.                                   ";AV. INDEPENDENCIA 2218;954914;"BCH12          ";BCH12 - BACHA DE APOYAR BLANCA 460x320x140;6;6;6;23537794;190926095047322;184697465;;;;11/10/2031 00:00:00;6;14046241;19/09/2026 09:50:47;Tiago;Rodriguez;;;;;;Tiago Rodriguez;
14378336;19/09/2026 11:12:53;3;2;0008    2955-1;01;CAMION MAR 1;2094319;"SA60    ";"SANTAGAL S.R.L.                                   ";AV. INDEPENDENCIA 2218;954901;"BCH01          ";BCH01 - BACHA DE APOYAR CIRCULAR 320x145;6;6;6;23537794;190926095047322;184722666;;;;07/28/2031 00:00:00;3;14046241;19/09/2026 09:50:47;Tiago;Rodriguez;;;;;;Tiago Rodriguez;
14378336;19/09/2026 11:12:53;3;2;0008    2955-1;01;CAMION MAR 1;2094319;"SA60    ";"SANTAGAL S.R.L.                                   ";AV. INDEPENDENCIA 2218;954905;"BCH04/3        ";BCH04/3 - BACHA DE APOYAR CUADRADA 3 AG 420x420x125;4;4;4;23537794;190926095047322;184697582;;;;07/28/2031 00:00:00;4;14046241;19/09/2026 09:50:47;Tiago;Rodriguez;;;;;;Tiago Rodriguez;
14378336;19/09/2026 11:12:53;3;2;0008    2955-1;01;CAMION MAR 1;2094319;"SA60    ";"SANTAGAL S.R.L.                                   ";AV. INDEPENDENCIA 2218;954913;"BCH11N         ";BCH11N - BACHA DE APOYAR REDONDA NEGRO MATE 400x400x125;4;4;4;23537794;190926095047322;184697590;;;;08/02/2031 00:00:00;4;14046241;19/09/2026 09:50:47;Tiago;Rodriguez;;;;;;Tiago Rodriguez;
14378336;19/09/2026 11:12:53;3;2;0008    2955-1;01;CAMION MAR 1;2094319;"SA60    ";"SANTAGAL S.R.L.                                   ";AV. INDEPENDENCIA 2218;953154;"80-200N        ";80-200N - DUCHA EMB. MONOC. 3 FUNCIONES BLACK FABRIC;6;6;6;23537799;190926005106660;184722706;;;;01/18/2032 00:00:00;1;14046248;19/09/2026 09:51:06;Mirko;Hernandez;;;;;;Mirko Hernandez;
14378336;19/09/2026 11:12:53;3;2;0008    2955-1;01;CAMION MAR 1;2094319;"SA60    ";"SANTAGAL S.R.L.                                   ";AV. INDEPENDENCIA 2218;953119;"80-175G        ";80-175G - DUCHA EMB C/TRANSF. GOLD C.CERAM PULSE;6;6;6;23537799;190926005106660;184702304;;;;07/29/2031 00:00:00;2;14046248;19/09/2026 09:51:06;Mirko;Hernandez;;;;;;Mirko Hernandez;
14378336;19/09/2026 11:12:53;3;2;0008    2955-1;01;CAMION MAR 1;2094319;"SA60    ";"SANTAGAL S.R.L.                                   ";AV. INDEPENDENCIA 2218;953118;"80-175DG       ";80-175DG - DUCHA EMB C/TRANSF. PULSE DARK GOLD C.CERAM;6;6;6;23537813;190926005157272;184701039;;;;10/19/2031 00:00:00;1;14046266;19/09/2026 09:51:57;Mirko;Hernandez;;;;;;Mirko Hernandez;
14378336;19/09/2026 11:12:53;3;2;0008    2955-1;01;CAMION MAR 1;2094319;"SA60    ";"SANTAGAL S.R.L.                                   ";AV. INDEPENDENCIA 2218;953154;"80-200N        ";80-200N - DUCHA EMB. MONOC. 3 FUNCIONES BLACK FABRIC;6;6;6;23537813;190926005157272;184722819;;;;01/18/2032 00:00:00;2;14046266;19/09/2026 09:51:57;Mirko;Hernandez;;;;;;Mirko Hernandez;
14378336;19/09/2026 11:12:53;3;2;0008    2955-1;01;CAMION MAR 1;2094319;"SA60    ";"SANTAGAL S.R.L.                                   ";AV. INDEPENDENCIA 2218;953120;"80-175GR       ";80-175GR - DUCHA EMB C/TRANSF. PULSE GRAFITO C.CERAM;4;4;4;23537824;190926005224787;184722875;;;;10/12/2031 00:00:00;3;14046270;19/09/2026 09:52:24;Mirko;Hernandez;;;;;;Mirko Hernandez;
14378336;19/09/2026 11:12:53;3;2;0008    2955-1;01;CAMION MAR 1;2094319;"SA60    ";"SANTAGAL S.R.L.                                   ";AV. INDEPENDENCIA 2218;953120;"80-175GR       ";80-175GR - DUCHA EMB C/TRANSF. PULSE GRAFITO C.CERAM;4;4;4;23537832;190926005249332;184701207;;;;10/12/2031 00:00:00;1;14046277;19/09/2026 09:52:49;Mirko;Hernandez;;;;;;Mirko Hernandez;
14378336;19/09/2026 11:12:53;3;2;0008    2955-1;01;CAMION MAR 1;2094319;"SA60    ";"SANTAGAL S.R.L.                                   ";AV. INDEPENDENCIA 2218;953154;"80-200N        ";80-200N - DUCHA EMB. MONOC. 3 FUNCIONES BLACK FABRIC;6;6;6;23537832;190926005249332;184722924;;;;01/18/2032 00:00:00;2;14046277;19/09/2026 09:52:49;Mirko;Hernandez;;;;;;Mirko Hernandez;
14378336;19/09/2026 11:12:53;3;2;0008    2955-1;01;CAMION MAR 1;2094319;"SA60    ";"SANTAGAL S.R.L.                                   ";AV. INDEPENDENCIA 2218;953154;"80-200N        ";80-200N - DUCHA EMB. MONOC. 3 FUNCIONES BLACK FABRIC;6;6;6;23537836;190926005307417;184700403;;;;01/18/2032 00:00:00;1;14046284;19/09/2026 09:53:07;Mirko;Hernandez;;;;;;Mirko Hernandez;
14378336;19/09/2026 11:12:53;3;2;0008    2955-1;01;CAMION MAR 1;2094319;"SA60    ";"SANTAGAL S.R.L.                                   ";AV. INDEPENDENCIA 2218;952676;"60-201NI       ";60-201NI - LAVATORIO C.CERAM BEAT NICKEL;4;4;4;23537845;190926005327714;184723000;;;;08/20/2031 00:00:00;2;14046292;19/09/2026 09:53:27;Mirko;Hernandez;;;;;;Mirko Hernandez;
14378336;19/09/2026 11:12:53;3;2;0008    2955-1;01;CAMION MAR 1;2094319;"SA60    ";"SANTAGAL S.R.L.                                   ";AV. INDEPENDENCIA 2218;952598;"60-100NI       ";60-100NI - LAVATORIO NICKEL C.CERAM FABRIC;4;4;4;23537845;190926005327714;184722998;;;;10/08/2031 00:00:00;1;14046292;19/09/2026 09:53:27;Mirko;Hernandez;;;;;;Mirko Hernandez;
14378336;19/09/2026 11:12:53;3;2;0008    2955-1;01;CAMION MAR 1;2094319;"SA60    ";"SANTAGAL S.R.L.                                   ";AV. INDEPENDENCIA 2218;952667;"60-199         ";60-199 - LAVATORIO CR C.CERAM LIVE;6;6;6;23537845;190926005327714;184722999;;;;11/16/2031 00:00:00;1;14046292;19/09/2026 09:53:27;Mirko;Hernandez;;;;;;Mirko Hernandez;
14378336;19/09/2026 11:12:53;3;2;0008    2955-1;01;CAMION MAR 1;2094319;"SA60    ";"SANTAGAL S.R.L.                                   ";AV. INDEPENDENCIA 2218;952667;"60-199         ";60-199 - LAVATORIO CR C.CERAM LIVE;6;6;6;23537858;190926005353993;184723058;;;;11/16/2031 00:00:00;3;14046301;19/09/2026 09:53:54;Mirko;Hernandez;;;;;;Mirko Hernandez;
14378336;19/09/2026 11:12:53;3;2;0008    2955-1;01;CAMION MAR 1;2094319;"SA60    ";"SANTAGAL S.R.L.                                   ";AV. INDEPENDENCIA 2218;952598;"60-100NI       ";60-100NI - LAVATORIO NICKEL C.CERAM FABRIC;4;4;4;23537858;190926005353993;184723057;;;;10/08/2031 00:00:00;1;14046301;19/09/2026 09:53:54;Mirko;Hernandez;;;;;;Mirko Hernandez;
14378336;19/09/2026 11:12:53;3;2;0008    2955-1;01;CAMION MAR 1;2094319;"SA60    ";"SANTAGAL S.R.L.                                   ";AV. INDEPENDENCIA 2218;952676;"60-201NI       ";60-201NI - LAVATORIO C.CERAM BEAT NICKEL;4;4;4;23537867;190926005427416;184698020;;;;08/20/2031 00:00:00;2;14046306;19/09/2026 09:54:27;Mirko;Hernandez;;;;;;Mirko Hernandez;
14378336;19/09/2026 11:12:53;3;2;0008    2955-1;01;CAMION MAR 1;2094319;"SA60    ";"SANTAGAL S.R.L.                                   ";AV. INDEPENDENCIA 2218;952598;"60-100NI       ";60-100NI - LAVATORIO NICKEL C.CERAM FABRIC;4;4;4;23537867;190926005427416;184697694;;;;10/08/2031 00:00:00;2;14046306;19/09/2026 09:54:27;Mirko;Hernandez;;;;;;Mirko Hernandez;
14378336;19/09/2026 11:12:53;3;2;0008    2955-1;01;CAMION MAR 1;2094319;"SA60    ";"SANTAGAL S.R.L.                                   ";AV. INDEPENDENCIA 2218;952658;"60-190         ";60-190 - LAVATORIO C.CERAM BLACK VELVET;4;4;4;23537882;190926005509134;184723233;;;;08/12/2031 00:00:00;1;14046316;19/09/2026 09:55:09;Mirko;Hernandez;;;;;;Mirko Hernandez;
14378336;19/09/2026 11:12:53;3;2;0008    2955-1;01;CAMION MAR 1;2094319;"SA60    ";"SANTAGAL S.R.L.                                   ";AV. INDEPENDENCIA 2218;952727;"61-203N        ";"LAVATORIO MONOCOMANDO ALTO ADRA BLACK                                 ";4;4;4;23537882;190926005509134;184723234;;;;01/06/2032 00:00:00;3;14046316;19/09/2026 09:55:09;Mirko;Hernandez;;;;;;Mirko Hernandez;
14378336;19/09/2026 11:12:53;3;2;0008    2955-1;01;CAMION MAR 1;2094319;"SA60    ";"SANTAGAL S.R.L.                                   ";AV. INDEPENDENCIA 2218;952658;"60-190         ";60-190 - LAVATORIO C.CERAM BLACK VELVET;4;4;4;23537892;190926005536757;184723292;;;;08/12/2031 00:00:00;2;14046322;19/09/2026 09:55:36;Mirko;Hernandez;;;;;;Mirko Hernandez;
14378336;19/09/2026 11:12:53;3;2;0008    2955-1;01;CAMION MAR 1;2094319;"SA60    ";"SANTAGAL S.R.L.                                   ";AV. INDEPENDENCIA 2218;952667;"60-199         ";60-199 - LAVATORIO CR C.CERAM LIVE;6;6;6;23537892;190926005536757;184697888;;;;11/16/2031 00:00:00;2;14046322;19/09/2026 09:55:36;Mirko;Hernandez;;;;;;Mirko Hernandez;
14378336;19/09/2026 11:12:53;3;2;0008    2955-1;01;CAMION MAR 1;2094319;"SA60    ";"SANTAGAL S.R.L.                                   ";AV. INDEPENDENCIA 2218;952658;"60-190         ";60-190 - LAVATORIO C.CERAM BLACK VELVET;4;4;4;23537906;190926005613294;184698710;;;;08/12/2031 00:00:00;1;14046333;19/09/2026 09:56:13;Mirko;Hernandez;;;;;;Mirko Hernandez;
14378336;19/09/2026 11:12:53;3;2;0008    2955-1;01;CAMION MAR 1;2094319;"SA60    ";"SANTAGAL S.R.L.                                   ";AV. INDEPENDENCIA 2218;952596;"60-100G        ";60-100G - LAVATORIO GOLD C.CERAM FABRIC;6;6;6;23537906;190926005613294;184723390;;;;11/10/2031 00:00:00;3;14046333;19/09/2026 09:56:13;Mirko;Hernandez;;;;;;Mirko Hernandez;
14378336;19/09/2026 11:12:53;3;2;0008    2955-1;01;CAMION MAR 1;2094319;"SA60    ";"SANTAGAL S.R.L.                                   ";AV. INDEPENDENCIA 2218;952596;"60-100G        ";60-100G - LAVATORIO GOLD C.CERAM FABRIC;6;6;6;23537915;190926005642377;184699114;;;;11/10/2031 00:00:00;3;14046337;19/09/2026 09:56:42;Mirko;Hernandez;;;;;;Mirko Hernandez;
14378336;19/09/2026 11:12:53;3;2;0008    2955-1;01;CAMION MAR 1;2094319;"SA60    ";"SANTAGAL S.R.L.                                   ";AV. INDEPENDENCIA 2218;952727;"61-203N        ";"LAVATORIO MONOCOMANDO ALTO ADRA BLACK                                 ";4;4;4;23537915;190926005642377;184698827;;;;01/06/2032 00:00:00;1;14046337;19/09/2026 09:56:42;Mirko;Hernandez;;;;;;Mirko Hernandez;
14378336;19/09/2026 11:12:53;3;2;0008    2955-1;01;CAMION MAR 1;2094319;"SA60    ";"SANTAGAL S.R.L.                                   ";AV. INDEPENDENCIA 2218;953235;"81-166         ";81-166 - DUCHA EMB. S/TRANSF. CR C.CERAM ADRA PLUS;4;4;4;23537929;190926005738271;184723586;;;;07/31/2031 00:00:00;3;14046347;19/09/2026 09:57:38;Mirko;Hernandez;;;;;;Mirko Hernandez;
14378336;19/09/2026 11:12:53;3;2;0008    2955-1;01;CAMION MAR 1;2094319;"SA60    ";"SANTAGAL S.R.L.                                   ";AV. INDEPENDENCIA 2218;953110;"80-166N        ";80-166N - DUCHA EMB. C/TRANSF. BLACK C.CERAM ADRA PLUS;4;4;4;23537929;190926005738271;184723585;;;;01/12/2032 00:00:00;1;14046347;19/09/2026 09:57:38;Mirko;Hernandez;;;;;;Mirko Hernandez;
14378336;19/09/2026 11:12:53;3;2;0008    2955-1;01;CAMION MAR 1;2094319;"SA60    ";"SANTAGAL S.R.L.                                   ";AV. INDEPENDENCIA 2218;953110;"80-166N        ";80-166N - DUCHA EMB. C/TRANSF. BLACK C.CERAM ADRA PLUS;4;4;4;23537939;190926005804662;184698671;;;;01/12/2032 00:00:00;3;14046353;19/09/2026 09:58:04;Mirko;Hernandez;;;;;;Mirko Hernandez;
14378336;19/09/2026 11:12:53;3;2;0008    2955-1;01;CAMION MAR 1;2094319;"SA60    ";"SANTAGAL S.R.L.                                   ";AV. INDEPENDENCIA 2218;952644;"60-175G        ";60-175G - LAVATORIO GOLD C.CERAM PULSE;4;4;4;23537939;190926005804662;184723648;;;;11/16/2031 00:00:00;1;14046353;19/09/2026 09:58:04;Mirko;Hernandez;;;;;;Mirko Hernandez;
14378336;19/09/2026 11:12:53;3;2;0008    2955-1;01;CAMION MAR 1;2094319;"SA60    ";"SANTAGAL S.R.L.                                   ";AV. INDEPENDENCIA 2218;952644;"60-175G        ";60-175G - LAVATORIO GOLD C.CERAM PULSE;4;4;4;23537950;190926005828168;184702081;;;;11/16/2031 00:00:00;3;14046359;19/09/2026 09:58:28;Mirko;Hernandez;;;;;;Mirko Hernandez;
14378336;19/09/2026 11:12:53;3;2;0008    2955-1;01;CAMION MAR 1;2094319;"SA60    ";"SANTAGAL S.R.L.                                   ";AV. INDEPENDENCIA 2218;953235;"81-166         ";81-166 - DUCHA EMB. S/TRANSF. CR C.CERAM ADRA PLUS;4;4;4;23537950;190926005828168;184700761;;;;07/31/2031 00:00:00;1;14046359;19/09/2026 09:58:28;Mirko;Hernandez;;;;;;Mirko Hernandez;
14378336;19/09/2026 11:12:53;3;2;0008    2955-1;01;CAMION MAR 1;2094319;"SA60    ";"SANTAGAL S.R.L.                                   ";AV. INDEPENDENCIA 2218;952876;"70-100NI       ";70-100NI - BIDE NICKEL C.CERAM FABRIC;4;4;4;23537966;190926005916742;184697713;;;;12/01/2031 00:00:00;4;14046369;19/09/2026 09:59:16;Mirko;Hernandez;;;;;;Mirko Hernandez;
14378336;19/09/2026 11:12:53;3;2;0008    2955-1;01;CAMION MAR 1;2094319;"SA60    ";"SANTAGAL S.R.L.                                   ";AV. INDEPENDENCIA 2218;952420;"51-002         ";51-002 - COCINA MESADA RENACER;4;4;4;23537966;190926005916742;184697631;;;;11/03/2031 00:00:00;4;14046369;19/09/2026 09:59:16;Mirko;Hernandez;;;;;;Mirko Hernandez;
14378336;19/09/2026 11:12:53;3;2;0008    2955-1;01;CAMION MAR 1;2094319;"SA60    ";"SANTAGAL S.R.L.                                   ";AV. INDEPENDENCIA 2218;952953;"70-201NI       ";70-201NI - BIDE CR C.CERAM BEAT NICKEL;4;4;4;23537966;190926005916742;184723814;;;;07/29/2031 00:00:00;1;14046369;19/09/2026 09:59:16;Mirko;Hernandez;;;;;;Mirko Hernandez;
14378336;19/09/2026 11:12:53;3;2;0008    2955-1;01;CAMION MAR 1;2094319;"SA60    ";"SANTAGAL S.R.L.                                   ";AV. INDEPENDENCIA 2218;952945;"70-199         ";70-199 - BIDE CR C.CERAM LIVE;6;6;6;23537966;190926005916742;184723813;;;;12/16/2031 00:00:00;1;14046369;19/09/2026 09:59:16;Mirko;Hernandez;;;;;;Mirko Hernandez;
14378336;19/09/2026 11:12:53;3;2;0008    2955-1;01;CAMION MAR 1;2094319;"SA60    ";"SANTAGAL S.R.L.                                   ";AV. INDEPENDENCIA 2218;952945;"70-199         ";70-199 - BIDE CR C.CERAM LIVE;6;6;6;23537973;190926010003070;184723921;;;;12/16/2031 00:00:00;4;14046377;19/09/2026 10:00:03;Mirko;Hernandez;;;;;;Mirko Hernandez;
14378336;19/09/2026 11:12:53;3;2;0008    2955-1;01;CAMION MAR 1;2094319;"SA60    ";"SANTAGAL S.R.L.                                   ";AV. INDEPENDENCIA 2218;952953;"70-201NI       ";70-201NI - BIDE CR C.CERAM BEAT NICKEL;4;4;4;23537973;190926010003070;184697992;;;;07/29/2031 00:00:00;3;14046377;19/09/2026 10:00:03;Mirko;Hernandez;;;;;;Mirko Hernandez;
14378336;19/09/2026 11:12:53;3;2;0008    2955-1;01;CAMION MAR 1;2094319;"SA60    ";"SANTAGAL S.R.L.                                   ";AV. INDEPENDENCIA 2218;953197;"81-010         ";81-010 - DUCHA EMB. S/TRANSF. BL/CR LORCA;6;6;6;23537973;190926010003070;184723922;;;;11/24/2031 00:00:00;3;14046377;19/09/2026 10:00:03;Mirko;Hernandez;;;;;;Mirko Hernandez;
14378336;19/09/2026 11:12:53;3;2;0008    2955-1;01;CAMION MAR 1;2094319;"SA60    ";"SANTAGAL S.R.L.                                   ";AV. INDEPENDENCIA 2218;952786;"62-201NI       ";62-201NI - LAVATORIO DE PARED C.CERAM BEAT NICKEL;4;4;4;23537983;190926010045779;184698056;;;;11/02/2031 00:00:00;4;14046388;19/09/2026 10:00:45;Mirko;Hernandez;;;;;;Mirko Hernandez;
14378336;19/09/2026 11:12:53;3;2;0008    2955-1;01;CAMION MAR 1;2094319;"SA60    ";"SANTAGAL S.R.L.                                   ";AV. INDEPENDENCIA 2218;951996;"309            ";"309 - BIDE CROMO ""LAZA""";4;4;4;23537983;190926010045779;184724015;;;;01/11/2032 00:00:00;2;14046388;19/09/2026 10:00:45;Mirko;Hernandez;;;;;;Mirko Hernandez;
14378336;19/09/2026 11:12:53;3;2;0008    2955-1;01;CAMION MAR 1;2094319;"SA60    ";"SANTAGAL S.R.L.                                   ";AV. INDEPENDENCIA 2218;953507;"949            ";949 - JGO.COC.PARED.EMB. CR LAZA;4;4;4;23537983;190926010045779;184699409;;;;07/29/2031 00:00:00;4;14046388;19/09/2026 10:00:45;Mirko;Hernandez;;;;;;Mirko Hernandez;
14378336;19/09/2026 11:12:53;3;2;0008    2955-1;01;CAMION MAR 1;2094319;"SA60    ";"SANTAGAL S.R.L.                                   ";AV. INDEPENDENCIA 2218;954912;"BCH11BM        ";BCH11BM - BACHA DE APOYAR REDONDA BLANCO MATE 400x400x125;4;4;4;23538040;190926100345248;184697778;;;;08/17/2031 00:00:00;4;14046416;19/09/2026 10:03:45;Tiago;Rodriguez;;;;;;Tiago Rodriguez;
14378336;19/09/2026 11:12:53;3;2;0008    2955-1;01;CAMION MAR 1;2094319;"SA60    ";"SANTAGAL S.R.L.                                   ";AV. INDEPENDENCIA 2218;954901;"BCH01          ";BCH01 - BACHA DE APOYAR CIRCULAR 320x145;6;6;6;23538040;190926100345248;184697479;;;;07/28/2031 00:00:00;3;14046416;19/09/2026 10:03:45;Tiago;Rodriguez;;;;;;Tiago Rodriguez;
14378336;19/09/2026 11:12:53;3;2;0008    2955-1;01;CAMION MAR 1;2094319;"SA60    ";"SANTAGAL S.R.L.                                   ";AV. INDEPENDENCIA 2218;954885;"BAI01NI        ";BAI01NI - BACHA EMB COCINA C/ACCESORIOS 750x450x220 NICKEL BRUSHED;4;4;4;23538040;190926100345248;184698646;;;;09/28/2031 00:00:00;4;14046416;19/09/2026 10:03:45;Tiago;Rodriguez;;;;;;Tiago Rodriguez;
14378336;19/09/2026 11:12:53;3;2;0008    2955-1;01;CAMION MAR 1;2094319;"SA60    ";"SANTAGAL S.R.L.                                   ";AV. INDEPENDENCIA 2218;954922;"BCH19          ";"BACHA DE APOYAR BLANCA 365x235x120                                    ";6;6;6;23538040;190926100345248;184698267;;;;07/28/2031 00:00:00;6;14046416;19/09/2026 10:03:45;Tiago;Rodriguez;;;;;;Tiago Rodriguez;
14378336;19/09/2026 11:12:53;3;2;0008    2955-1;01;CAMION MAR 1;2094319;"SA60    ";"SANTAGAL S.R.L.                                   ";AV. INDEPENDENCIA 2218;954915;"BCH13          ";BCH13 - BACHA DE APOYAR BLANCA RECTANGULAR 465x260x125;4;4;4;23538040;190926100345248;184697995;;;;07/27/2031 00:00:00;4;14046416;19/09/2026 10:03:45;Tiago;Rodriguez;;;;;;Tiago Rodriguez;
14378336;19/09/2026 11:12:53;3;2;0008    2955-1;01;CAMION MAR 1;2094319;"SA60    ";"SANTAGAL S.R.L.                                   ";AV. INDEPENDENCIA 2218;952912;"70-162         ";70-162 - BIDE CR C.CERAM LINEA ADRA;4;4;4;23538048;190926010413485;184724444;;;;07/29/2031 00:00:00;1;14046421;19/09/2026 10:04:13;Mirko;Hernandez;;;;;;Mirko Hernandez;
14378336;19/09/2026 11:12:53;3;2;0008    2955-1;01;CAMION MAR 1;2094319;"SA60    ";"SANTAGAL S.R.L.                                   ";AV. INDEPENDENCIA 2218;952945;"70-199         ";70-199 - BIDE CR C.CERAM LIVE;6;6;6;23538048;190926010413485;184697782;;;;12/16/2031 00:00:00;1;14046421;19/09/2026 10:04:13;Mirko;Hernandez;;;;;;Mirko Hernandez;
14378336;19/09/2026 11:12:53;3;2;0008    2955-1;01;CAMION MAR 1;2094319;"SA60    ";"SANTAGAL S.R.L.                                   ";AV. INDEPENDENCIA 2218;951600;"209            ";209 - LAVATORIO CROMO LAZA;6;6;6;23538048;190926010413485;184698991;;;;02/01/2032 00:00:00;6;14046421;19/09/2026 10:04:13;Mirko;Hernandez;;;;;;Mirko Hernandez;
14378336;19/09/2026 11:12:53;3;2;0008    2955-1;01;CAMION MAR 1;2094319;"SA60    ";"SANTAGAL S.R.L.                                   ";AV. INDEPENDENCIA 2218;951568;"203            ";"203 - LAVATORIO CROMO ""DIQUE""";6;6;6;23538048;190926010413485;184724442;;;;01/11/2032 00:00:00;1;14046421;19/09/2026 10:04:13;Mirko;Hernandez;;;;;;Mirko Hernandez;
14378336;19/09/2026 11:12:53;3;2;0008    2955-1;01;CAMION MAR 1;2094319;"SA60    ";"SANTAGAL S.R.L.                                   ";AV. INDEPENDENCIA 2218;952863;"70-059         ";70-059 - BIDE BL/CR C.STD MALBA;4;4;4;23538048;190926010413485;184724443;;;;08/23/2031 00:00:00;1;14046421;19/09/2026 10:04:13;Mirko;Hernandez;;;;;;Mirko Hernandez;
14378336;19/09/2026 11:12:53;3;2;0008    2955-1;01;CAMION MAR 1;2094319;"SA60    ";"SANTAGAL S.R.L.                                   ";AV. INDEPENDENCIA 2218;951568;"203            ";"203 - LAVATORIO CROMO ""DIQUE""";6;6;6;23538071;190926010514348;184697548;;;;01/11/2032 00:00:00;5;14046431;19/09/2026 10:05:14;Mirko;Hernandez;;;;;;Mirko Hernandez;
14378336;19/09/2026 11:12:53;3;2;0008    2955-1;01;CAMION MAR 1;2094319;"SA60    ";"SANTAGAL S.R.L.                                   ";AV. INDEPENDENCIA 2218;952477;"53-010         ";53-010 - COCINA PARED EXT. P.ALTO BL/CR LORCA;4;4;4;23538071;190926010514348;184724721;;;;11/29/2031 00:00:00;2;14046431;19/09/2026 10:05:14;Mirko;Hernandez;;;;;;Mirko Hernandez;
14378336;19/09/2026 11:12:53;3;2;0008    2955-1;01;CAMION MAR 1;2094319;"SA60    ";"SANTAGAL S.R.L.                                   ";AV. INDEPENDENCIA 2218;953197;"81-010         ";81-010 - DUCHA EMB. S/TRANSF. BL/CR LORCA;6;6;6;23538071;190926010514348;184697317;;;;11/24/2031 00:00:00;3;14046431;19/09/2026 10:05:14;Mirko;Hernandez;;;;;;Mirko Hernandez;
14378336;19/09/2026 11:12:53;3;2;0008    2955-1;01;CAMION MAR 1;2094319;"SA60    ";"SANTAGAL S.R.L.                                   ";AV. INDEPENDENCIA 2218;952912;"70-162         ";70-162 - BIDE CR C.CERAM LINEA ADRA;4;4;4;23538087;190926010615287;184697375;;;;07/29/2031 00:00:00;3;14046439;19/09/2026 10:06:15;Mirko;Hernandez;;;;;;Mirko Hernandez;
14378336;19/09/2026 11:12:53;3;2;0008    2955-1;01;CAMION MAR 1;2094319;"SA60    ";"SANTAGAL S.R.L.                                   ";AV. INDEPENDENCIA 2218;952477;"53-010         ";53-010 - COCINA PARED EXT. P.ALTO BL/CR LORCA;4;4;4;23538087;190926010615287;184697347;;;;11/29/2031 00:00:00;2;14046439;19/09/2026 10:06:15;Mirko;Hernandez;;;;;;Mirko Hernandez;
14378336;19/09/2026 11:12:53;3;2;0008    2955-1;01;CAMION MAR 1;2094319;"SA60    ";"SANTAGAL S.R.L.                                   ";AV. INDEPENDENCIA 2218;952509;"55-010         ";55-010 - COCINA PARED EMB. P.ALTO BL/CR LORCA;4;4;4;23538087;190926010615287;184724850;;;;01/10/2032 00:00:00;1;14046439;19/09/2026 10:06:15;Mirko;Hernandez;;;;;;Mirko Hernandez;
14378336;19/09/2026 11:12:53;3;2;0008    2955-1;01;CAMION MAR 1;2094319;"SA60    ";"SANTAGAL S.R.L.                                   ";AV. INDEPENDENCIA 2218;952634;"60-162         ";60-162 - LAVATORIO CR C.CERAM LINEA ADRA;6;6;6;23538087;190926010615287;184724851;;;;07/29/2031 00:00:00;3;14046439;19/09/2026 10:06:15;Mirko;Hernandez;;;;;;Mirko Hernandez;
14378336;19/09/2026 11:12:53;3;2;0008    2955-1;01;CAMION MAR 1;2094319;"SA60    ";"SANTAGAL S.R.L.                                   ";AV. INDEPENDENCIA 2218;952863;"70-059         ";70-059 - BIDE BL/CR C.STD MALBA;4;4;4;23538087;190926010615287;184724852;;;;08/23/2031 00:00:00;1;14046439;19/09/2026 10:06:15;Mirko;Hernandez;;;;;;Mirko Hernandez;
14378336;19/09/2026 11:12:53;3;2;0008    2955-1;01;CAMION MAR 1;2094319;"SA60    ";"SANTAGAL S.R.L.                                   ";AV. INDEPENDENCIA 2218;952863;"70-059         ";70-059 - BIDE BL/CR C.STD MALBA;4;4;4;23538096;190926010649575;184724919;;;;08/23/2031 00:00:00;1;14046446;19/09/2026 10:06:49;Mirko;Hernandez;;;;;;Mirko Hernandez;
14378336;19/09/2026 11:12:53;3;2;0008    2955-1;01;CAMION MAR 1;2094319;"SA60    ";"SANTAGAL S.R.L.                                   ";AV. INDEPENDENCIA 2218;952822;"70-002         ";70-002 - BIDE RENACER;4;4;4;23538096;190926010649575;184697598;;;;07/31/2031 00:00:00;4;14046446;19/09/2026 10:06:49;Mirko;Hernandez;;;;;;Mirko Hernandez;
14378336;19/09/2026 11:12:53;3;2;0008    2955-1;01;CAMION MAR 1;2094319;"SA60    ";"SANTAGAL S.R.L.                                   ";AV. INDEPENDENCIA 2218;952509;"55-010         ";55-010 - COCINA PARED EMB. P.ALTO BL/CR LORCA;4;4;4;23538096;190926010649575;184724918;;;;01/10/2032 00:00:00;1;14046446;19/09/2026 10:06:49;Mirko;Hernandez;;;;;;Mirko Hernandez;
14378336;19/09/2026 11:12:53;3;2;0008    2955-1;01;CAMION MAR 1;2094319;"SA60    ";"SANTAGAL S.R.L.                                   ";AV. INDEPENDENCIA 2218;952439;"51-059         ";51-059 - COCINA MESADA BL/CR C.STD MALBA;4;4;4;23538096;190926010649575;184697456;;;;12/13/2031 00:00:00;4;14046446;19/09/2026 10:06:49;Mirko;Hernandez;;;;;;Mirko Hernandez;
14378336;19/09/2026 11:12:53;3;2;0008    2955-1;01;CAMION MAR 1;2094319;"SA60    ";"SANTAGAL S.R.L.                                   ";AV. INDEPENDENCIA 2218;952426;"51-010         ";51-010 - COCINA MESADA BL/CR LORCA;4;4;4;23538129;190926010754690;184697266;;;;01/14/2032 00:00:00;4;14046462;19/09/2026 10:07:54;Mirko;Hernandez;;;;;;Mirko Hernandez;
14378336;19/09/2026 11:12:53;3;2;0008    2955-1;01;CAMION MAR 1;2094319;"SA60    ";"SANTAGAL S.R.L.                                   ";AV. INDEPENDENCIA 2218;952509;"55-010         ";55-010 - COCINA PARED EMB. P.ALTO BL/CR LORCA;4;4;4;23538129;190926010754690;184697288;;;;01/10/2032 00:00:00;2;14046462;19/09/2026 10:07:54;Mirko;Hernandez;;;;;;Mirko Hernandez;
14378336;19/09/2026 11:12:53;3;2;0008    2955-1;01;CAMION MAR 1;2094319;"SA60    ";"SANTAGAL S.R.L.                                   ";AV. INDEPENDENCIA 2218;952740;"62-100G        ";62-100G - LAVATORIO DE PARED GOLD C.CERAM FABRIC;4;4;4;23538129;190926010754690;184725033;;;;12/20/2031 00:00:00;1;14046462;19/09/2026 10:07:54;Mirko;Hernandez;;;;;;Mirko Hernandez;
14378336;19/09/2026 11:12:53;3;2;0008    2955-1;01;CAMION MAR 1;2094319;"SA60    ";"SANTAGAL S.R.L.                                   ";AV. INDEPENDENCIA 2218;952874;"70-100G        ";70-100G - BIDE GOLD C.CERAM FABRIC;10;10;10;23538129;190926010754690;184725035;;;;07/29/2031 00:00:00;1;14046462;19/09/2026 10:07:54;Mirko;Hernandez;;;;;;Mirko Hernandez;
14378336;19/09/2026 11:12:53;3;2;0008    2955-1;01;CAMION MAR 1;2094319;"SA60    ";"SANTAGAL S.R.L.                                   ";AV. INDEPENDENCIA 2218;952781;"62-199         ";62-199 - LAVATORIO DE PARED CR C.CERAM LIVE;4;4;4;23538129;190926010754690;184725034;;;;08/03/2031 00:00:00;2;14046462;19/09/2026 10:07:54;Mirko;Hernandez;;;;;;Mirko Hernandez;
14378336;19/09/2026 11:12:53;3;2;0008    2955-1;01;CAMION MAR 1;2094319;"SA60    ";"SANTAGAL S.R.L.                                   ";AV. INDEPENDENCIA 2218;952781;"62-199         ";62-199 - LAVATORIO DE PARED CR C.CERAM LIVE;4;4;4;23538152;190926010830606;184725108;;;;08/03/2031 00:00:00;1;14046471;19/09/2026 10:08:30;Mirko;Hernandez;;;;;;Mirko Hernandez;
14378336;19/09/2026 11:12:53;3;2;0008    2955-1;01;CAMION MAR 1;2094319;"SA60    ";"SANTAGAL S.R.L.                                   ";AV. INDEPENDENCIA 2218;952874;"70-100G        ";70-100G - BIDE GOLD C.CERAM FABRIC;10;10;10;23538152;190926010830606;184725109;;;;07/29/2031 00:00:00;2;14046471;19/09/2026 10:08:30;Mirko;Hernandez;;;;;;Mirko Hernandez;
14378336;19/09/2026 11:12:53;3;2;0008    2955-1;01;CAMION MAR 1;2094319;"SA60    ";"SANTAGAL S.R.L.                                   ";AV. INDEPENDENCIA 2218;952863;"70-059         ";70-059 - BIDE BL/CR C.STD MALBA;4;4;4;23538152;190926010830606;184697513;;;;08/23/2031 00:00:00;1;14046471;19/09/2026 10:08:30;Mirko;Hernandez;;;;;;Mirko Hernandez;
14378336;19/09/2026 11:12:53;3;2;0008    2955-1;01;CAMION MAR 1;2094319;"SA60    ";"SANTAGAL S.R.L.                                   ";AV. INDEPENDENCIA 2218;952740;"62-100G        ";62-100G - LAVATORIO DE PARED GOLD C.CERAM FABRIC;4;4;4;23538152;190926010830606;184699492;;;;12/20/2031 00:00:00;3;14046471;19/09/2026 10:08:30;Mirko;Hernandez;;;;;;Mirko Hernandez;
14378336;19/09/2026 11:12:53;3;2;0008    2955-1;01;CAMION MAR 1;2094319;"SA60    ";"SANTAGAL S.R.L.                                   ";AV. INDEPENDENCIA 2218;952634;"60-162         ";60-162 - LAVATORIO CR C.CERAM LINEA ADRA;6;6;6;23538152;190926010830606;184697401;;;;07/29/2031 00:00:00;3;14046471;19/09/2026 10:08:30;Mirko;Hernandez;;;;;;Mirko Hernandez;
14378336;19/09/2026 11:12:53;3;2;0008    2955-1;01;CAMION MAR 1;2094319;"SA60    ";"SANTAGAL S.R.L.                                   ";AV. INDEPENDENCIA 2218;951996;"309            ";"309 - BIDE CROMO ""LAZA""";4;4;4;23538179;190926010946056;184725365;;;;01/11/2032 00:00:00;1;14046491;19/09/2026 10:09:46;Mirko;Hernandez;;;;;;Mirko Hernandez;
14378336;19/09/2026 11:12:53;3;2;0008    2955-1;01;CAMION MAR 1;2094319;"SA60    ";"SANTAGAL S.R.L.                                   ";AV. INDEPENDENCIA 2218;952677;"60-203         ";60-203 - LAVATORIO MONOCOMANDO BAJO ADRA;4;4;4;23538179;190926010946056;184725366;;;;03/02/2032 00:00:00;1;14046491;19/09/2026 10:09:46;Mirko;Hernandez;;;;;;Mirko Hernandez;
14378336;19/09/2026 11:12:53;3;2;0008    2955-1;01;CAMION MAR 1;2094319;"SA60    ";"SANTAGAL S.R.L.                                   ";AV. INDEPENDENCIA 2218;952739;"62-100C        ";62-100C - LAVATORIO DE PARED CR C.CERAM FABRIC;4;4;4;23538179;190926010946056;184699061;;;;07/31/2031 00:00:00;4;14046491;19/09/2026 10:09:46;Mirko;Hernandez;;;;;;Mirko Hernandez;
14378336;19/09/2026 11:12:53;3;2;0008    2955-1;01;CAMION MAR 1;2094319;"SA60    ";"SANTAGAL S.R.L.                                   ";AV. INDEPENDENCIA 2218;952874;"70-100G        ";70-100G - BIDE GOLD C.CERAM FABRIC;10;10;10;23538179;190926010946056;184725368;;;;07/29/2031 00:00:00;1;14046491;19/09/2026 10:09:46;Mirko;Hernandez;;;;;;Mirko Hernandez;
14378336;19/09/2026 11:12:53;3;2;0008    2955-1;01;CAMION MAR 1;2094319;"SA60    ";"SANTAGAL S.R.L.                                   ";AV. INDEPENDENCIA 2218;952742;"62-100NI       ";62-100NI - LAVATORIO DE PARED NICKEL C.CERAM FABRIC;4;4;4;23538179;190926010946056;184725367;;;;09/02/2031 00:00:00;2;14046491;19/09/2026 10:09:46;Mirko;Hernandez;;;;;;Mirko Hernandez;
14378336;19/09/2026 11:12:53;3;2;0008    2955-1;01;CAMION MAR 1;2094319;"SA60    ";"SANTAGAL S.R.L.                                   ";AV. INDEPENDENCIA 2218;952781;"62-199         ";62-199 - LAVATORIO DE PARED CR C.CERAM LIVE;4;4;4;23538179;190926010946056;184699266;;;;08/03/2031 00:00:00;1;14046491;19/09/2026 10:09:46;Mirko;Hernandez;;;;;;Mirko Hernandez;
14378336;19/09/2026 11:12:53;3;2;0008    2955-1;01;CAMION MAR 1;2094319;"SA60    ";"SANTAGAL S.R.L.                                   ";AV. INDEPENDENCIA 2218;952742;"62-100NI       ";62-100NI - LAVATORIO DE PARED NICKEL C.CERAM FABRIC;4;4;4;23538189;190926011029407;184698437;;;;09/02/2031 00:00:00;2;14046501;19/09/2026 10:10:29;Mirko;Hernandez;;;;;;Mirko Hernandez;
14378336;19/09/2026 11:12:53;3;2;0008    2955-1;01;CAMION MAR 1;2094319;"SA60    ";"SANTAGAL S.R.L.                                   ";AV. INDEPENDENCIA 2218;952874;"70-100G        ";70-100G - BIDE GOLD C.CERAM FABRIC;10;10;10;23538189;190926011029407;184725445;;;;07/29/2031 00:00:00;1;14046501;19/09/2026 10:10:29;Mirko;Hernandez;;;;;;Mirko Hernandez;
14378336;19/09/2026 11:12:53;3;2;0008    2955-1;01;CAMION MAR 1;2094319;"SA60    ";"SANTAGAL S.R.L.                                   ";AV. INDEPENDENCIA 2218;952677;"60-203         ";60-203 - LAVATORIO MONOCOMANDO BAJO ADRA;4;4;4;23538189;190926011029407;184725444;;;;03/02/2032 00:00:00;1;14046501;19/09/2026 10:10:29;Mirko;Hernandez;;;;;;Mirko Hernandez;
14378336;19/09/2026 11:12:53;3;2;0008    2955-1;01;CAMION MAR 1;2094319;"SA60    ";"SANTAGAL S.R.L.                                   ";AV. INDEPENDENCIA 2218;952635;"60-162N        ";60-162N - LAVATORIO BLACK C.CERAM LINEA ADRA;4;4;4;23538189;190926011029407;184698376;;;;11/03/2031 00:00:00;4;14046501;19/09/2026 10:10:29;Mirko;Hernandez;;;;;;Mirko Hernandez;
14378336;19/09/2026 11:12:53;3;2;0008    2955-1;01;CAMION MAR 1;2094319;"SA60    ";"SANTAGAL S.R.L.                                   ";AV. INDEPENDENCIA 2218;951996;"309            ";"309 - BIDE CROMO ""LAZA""";4;4;4;23538189;190926011029407;184698936;;;;01/11/2032 00:00:00;1;14046501;19/09/2026 10:10:29;Mirko;Hernandez;;;;;;Mirko Hernandez;
14378336;19/09/2026 11:12:53;3;2;0008    2955-1;01;CAMION MAR 1;2094319;"SA60    ";"SANTAGAL S.R.L.                                   ";AV. INDEPENDENCIA 2218;953437;"914/CR         ";914/CR - JGO.MDA.P.CAÑO CR ARES;4;4;4;23538189;190926011029407;184725446;;;;02/29/2032 00:00:00;1;14046501;19/09/2026 10:10:29;Mirko;Hernandez;;;;;;Mirko Hernandez;
14378336;19/09/2026 11:12:53;3;2;0008    2955-1;01;CAMION MAR 1;2094319;"SA60    ";"SANTAGAL S.R.L.                                   ";AV. INDEPENDENCIA 2218;952913;"70-162N        ";70-162N - BIDE BLACK C.CERAM LINEA ADRA;4;4;4;23538200;190926011119796;184698639;;;;02/16/2032 00:00:00;4;14046513;19/09/2026 10:11:19;Mirko;Hernandez;;;;;;Mirko Hernandez;
14378336;19/09/2026 11:12:53;3;2;0008    2955-1;01;CAMION MAR 1;2094319;"SA60    ";"SANTAGAL S.R.L.                                   ";AV. INDEPENDENCIA 2218;952677;"60-203         ";60-203 - LAVATORIO MONOCOMANDO BAJO ADRA;4;4;4;23538200;190926011119796;184725552;;;;03/02/2032 00:00:00;1;14046513;19/09/2026 10:11:19;Mirko;Hernandez;;;;;;Mirko Hernandez;
14378336;19/09/2026 11:12:53;3;2;0008    2955-1;01;CAMION MAR 1;2094319;"SA60    ";"SANTAGAL S.R.L.                                   ";AV. INDEPENDENCIA 2218;952874;"70-100G        ";70-100G - BIDE GOLD C.CERAM FABRIC;10;10;10;23538200;190926011119796;184699217;;;;07/29/2031 00:00:00;5;14046513;19/09/2026 10:11:19;Mirko;Hernandez;;;;;;Mirko Hernandez;
14378336;19/09/2026 11:12:53;3;2;0008    2955-1;01;CAMION MAR 1;2094319;"SA60    ";"SANTAGAL S.R.L.                                   ";AV. INDEPENDENCIA 2218;952886;"70-121         ";70-121 - BIDE C.CERAM CR MARBELLA;4;4;4;23538228;190926011311512;184725772;;;;01/17/2032 00:00:00;3;14046537;19/09/2026 10:13:11;Mirko;Hernandez;;;;;;Mirko Hernandez;
14378336;19/09/2026 11:12:53;3;2;0008    2955-1;01;CAMION MAR 1;2094319;"SA60    ";"SANTAGAL S.R.L.                                   ";AV. INDEPENDENCIA 2218;952677;"60-203         ";60-203 - LAVATORIO MONOCOMANDO BAJO ADRA;4;4;4;23538228;190926011311512;184698398;;;;03/02/2032 00:00:00;1;14046537;19/09/2026 10:13:11;Mirko;Hernandez;;;;;;Mirko Hernandez;
14378336;19/09/2026 11:12:53;3;2;0008    2955-1;01;CAMION MAR 1;2094319;"SA60    ";"SANTAGAL S.R.L.                                   ";AV. INDEPENDENCIA 2218;953211;"81-059         ";81-059 - DUCHA EMB. S/TRANSF. BL/CR C.STD MALBA;4;4;4;23538228;190926011311512;184725773;;;;07/31/2031 00:00:00;2;14046537;19/09/2026 10:13:11;Mirko;Hernandez;;;;;;Mirko Hernandez;
14378336;19/09/2026 11:12:53;3;2;0008    2955-1;01;CAMION MAR 1;2094319;"SA60    ";"SANTAGAL S.R.L.                                   ";AV. INDEPENDENCIA 2218;953494;"944            ";944 - JUEGO COC.PARED EMB CRUZ BL/CR ARES;4;4;4;23538228;190926011311512;184725775;;;;07/31/2031 00:00:00;2;14046537;19/09/2026 10:13:11;Mirko;Hernandez;;;;;;Mirko Hernandez;
14378336;19/09/2026 11:12:53;3;2;0008    2955-1;01;CAMION MAR 1;2094319;"SA60    ";"SANTAGAL S.R.L.                                   ";AV. INDEPENDENCIA 2218;953437;"914/CR         ";914/CR - JGO.MDA.P.CAÑO CR ARES;4;4;4;23538228;190926011311512;184725774;;;;02/29/2032 00:00:00;2;14046537;19/09/2026 10:13:11;Mirko;Hernandez;;;;;;Mirko Hernandez;
14378336;19/09/2026 11:12:53;3;2;0008    2955-1;01;CAMION MAR 1;2094319;"SA60    ";"SANTAGAL S.R.L.                                   ";AV. INDEPENDENCIA 2218;953437;"914/CR         ";914/CR - JGO.MDA.P.CAÑO CR ARES;4;4;4;23538241;190926011347067;184700113;;;;02/29/2032 00:00:00;1;14046556;19/09/2026 10:13:47;Mirko;Hernandez;;;;;;Mirko Hernandez;
14378336;19/09/2026 11:12:53;3;2;0008    2955-1;01;CAMION MAR 1;2094319;"SA60    ";"SANTAGAL S.R.L.                                   ";AV. INDEPENDENCIA 2218;953477;"934/CR         ";934/CR - J.PARED C/EXT CRUZ CR/CR ARES;4;4;4;23538241;190926011347067;184700175;;;;02/09/2032 00:00:00;4;14046556;19/09/2026 10:13:47;Mirko;Hernandez;;;;;;Mirko Hernandez;
14378336;19/09/2026 11:12:53;3;2;0008    2955-1;01;CAMION MAR 1;2094319;"SA60    ";"SANTAGAL S.R.L.                                   ";AV. INDEPENDENCIA 2218;952983;"744/CR         ";744/CR - JGO.P/LAVARROPA CR/CR ARES;4;4;4;23538241;190926011347067;184701747;;;;07/29/2031 00:00:00;4;14046556;19/09/2026 10:13:47;Mirko;Hernandez;;;;;;Mirko Hernandez;
14378336;19/09/2026 11:12:53;3;2;0008    2955-1;01;CAMION MAR 1;2094319;"SA60    ";"SANTAGAL S.R.L.                                   ";AV. INDEPENDENCIA 2218;952886;"70-121         ";70-121 - BIDE C.CERAM CR MARBELLA;4;4;4;23538241;190926011347067;184700260;;;;01/17/2032 00:00:00;1;14046556;19/09/2026 10:13:47;Mirko;Hernandez;;;;;;Mirko Hernandez;
14378336;19/09/2026 11:12:53;3;2;0008    2955-1;01;CAMION MAR 1;2094319;"SA60    ";"SANTAGAL S.R.L.                                   ";AV. INDEPENDENCIA 2218;952608;"60-121         ";60-121 - LAVATORIO C.CERAM CR MARBELLA;4;4;4;23538278;190926011522472;184726066;;;;01/25/2032 00:00:00;1;14046577;19/09/2026 10:15:22;Mirko;Hernandez;;;;;;Mirko Hernandez;
14378336;19/09/2026 11:12:53;3;2;0008    2955-1;01;CAMION MAR 1;2094319;"SA60    ";"SANTAGAL S.R.L.                                   ";AV. INDEPENDENCIA 2218;951620;"214/CR         ";214/CR - LAVATORIO CR/CR ARES;4;4;4;23538278;190926011522472;184726065;;;;01/27/2032 00:00:00;1;14046577;19/09/2026 10:15:22;Mirko;Hernandez;;;;;;Mirko Hernandez;
14378336;19/09/2026 11:12:53;3;2;0008    2955-1;01;CAMION MAR 1;2094319;"SA60    ";"SANTAGAL S.R.L.                                   ";AV. INDEPENDENCIA 2218;951618;"214            ";214 - LAVATORIO CRUZ BL/CR ARES;4;4;4;23538278;190926011522472;184699864;;;;07/31/2031 00:00:00;4;14046577;19/09/2026 10:15:22;Mirko;Hernandez;;;;;;Mirko Hernandez;
14378336;19/09/2026 11:12:53;3;2;0008    2955-1;01;CAMION MAR 1;2094319;"SA60    ";"SANTAGAL S.R.L.                                   ";AV. INDEPENDENCIA 2218;953211;"81-059         ";81-059 - DUCHA EMB. S/TRANSF. BL/CR C.STD MALBA;4;4;4;23538278;190926011522472;184700521;;;;07/31/2031 00:00:00;2;14046577;19/09/2026 10:15:22;Mirko;Hernandez;;;;;;Mirko Hernandez;
14378336;19/09/2026 11:12:53;3;2;0008    2955-1;01;CAMION MAR 1;2094319;"SA60    ";"SANTAGAL S.R.L.                                   ";AV. INDEPENDENCIA 2218;953494;"944            ";944 - JUEGO COC.PARED EMB CRUZ BL/CR ARES;4;4;4;23538278;190926011522472;184699946;;;;07/31/2031 00:00:00;2;14046577;19/09/2026 10:15:22;Mirko;Hernandez;;;;;;Mirko Hernandez;
14378336;19/09/2026 11:12:53;3;2;0008    2955-1;01;CAMION MAR 1;2094319;"SA60    ";"SANTAGAL S.R.L.                                   ";AV. INDEPENDENCIA 2218;953435;"914            ";914 - JGO.MDA.P.CAÑO BL/CR ARES;4;4;4;23538304;190926011617770;184726185;;;;07/31/2031 00:00:00;2;14046589;19/09/2026 10:16:17;Mirko;Hernandez;;;;;;Mirko Hernandez;
14378336;19/09/2026 11:12:53;3;2;0008    2955-1;01;CAMION MAR 1;2094319;"SA60    ";"SANTAGAL S.R.L.                                   ";AV. INDEPENDENCIA 2218;952922;"70-175G        ";70-175G - BIDE GOLD C.CERAM PULSE;6;6;6;23538304;190926011617770;184726184;;;;11/25/2031 00:00:00;5;14046589;19/09/2026 10:16:17;Mirko;Hernandez;;;;;;Mirko Hernandez;
14378336;19/09/2026 11:12:53;3;2;0008    2955-1;01;CAMION MAR 1;2094319;"SA60    ";"SANTAGAL S.R.L.                                   ";AV. INDEPENDENCIA 2218;951620;"214/CR         ";214/CR - LAVATORIO CR/CR ARES;4;4;4;23538304;190926011617770;184726182;;;;01/27/2032 00:00:00;2;14046589;19/09/2026 10:16:17;Mirko;Hernandez;;;;;;Mirko Hernandez;
14378336;19/09/2026 11:12:53;3;2;0008    2955-1;01;CAMION MAR 1;2094319;"SA60    ";"SANTAGAL S.R.L.                                   ";AV. INDEPENDENCIA 2218;952608;"60-121         ";60-121 - LAVATORIO C.CERAM CR MARBELLA;4;4;4;23538304;190926011617770;184726183;;;;01/25/2032 00:00:00;1;14046589;19/09/2026 10:16:17;Mirko;Hernandez;;;;;;Mirko Hernandez;
14378336;19/09/2026 11:12:53;3;2;0008    2955-1;01;CAMION MAR 1;2094319;"SA60    ";"SANTAGAL S.R.L.                                   ";AV. INDEPENDENCIA 2218;952767;"62-175GR       ";62-175GR - LAVATORIO DE PARED PULSE GRAFITO C.CERAM;4;4;4;23538332;190926011706470;184701270;;;;09/03/2031 00:00:00;4;14046606;19/09/2026 10:17:06;Mirko;Hernandez;;;;;;Mirko Hernandez;
14378336;19/09/2026 11:12:53;3;2;0008    2955-1;01;CAMION MAR 1;2094319;"SA60    ";"SANTAGAL S.R.L.                                   ";AV. INDEPENDENCIA 2218;952765;"62-175DG       ";62-175DG - LAVATORIO DE PARED PULSE DARK GOLD C.CERAM;4;4;4;23538332;190926011706470;184700919;;;;07/31/2031 00:00:00;4;14046606;19/09/2026 10:17:06;Mirko;Hernandez;;;;;;Mirko Hernandez;
14378336;19/09/2026 11:12:53;3;2;0008    2955-1;01;CAMION MAR 1;2094319;"SA60    ";"SANTAGAL S.R.L.                                   ";AV. INDEPENDENCIA 2218;951620;"214/CR         ";214/CR - LAVATORIO CR/CR ARES;4;4;4;23538332;190926011706470;184699761;;;;01/27/2032 00:00:00;1;14046606;19/09/2026 10:17:06;Mirko;Hernandez;;;;;;Mirko Hernandez;
14378336;19/09/2026 11:12:53;3;2;0008    2955-1;01;CAMION MAR 1;2094319;"SA60    ";"SANTAGAL S.R.L.                                   ";AV. INDEPENDENCIA 2218;952922;"70-175G        ";70-175G - BIDE GOLD C.CERAM PULSE;6;6;6;23538332;190926011706470;184700672;;;;11/25/2031 00:00:00;1;14046606;19/09/2026 10:17:06;Mirko;Hernandez;;;;;;Mirko Hernandez;
14378336;19/09/2026 11:12:53;3;2;0008    2955-1;01;CAMION MAR 1;2094319;"SA60    ";"SANTAGAL S.R.L.                                   ";AV. INDEPENDENCIA 2218;953435;"914            ";914 - JGO.MDA.P.CAÑO BL/CR ARES;4;4;4;23538339;190926011743810;184726406;;;;07/31/2031 00:00:00;1;14046612;19/09/2026 10:17:43;Mirko;Hernandez;;;;;;Mirko Hernandez;
14378336;19/09/2026 11:12:53;3;2;0008    2955-1;01;CAMION MAR 1;2094319;"SA60    ";"SANTAGAL S.R.L.                                   ";AV. INDEPENDENCIA 2218;953476;"934            ";934 - JGO.PARED PICO U C/EXT CRUZ BL/CR ARES;4;4;4;23538339;190926011743810;184699992;;;;07/31/2031 00:00:00;4;14046612;19/09/2026 10:17:43;Mirko;Hernandez;;;;;;Mirko Hernandez;
14378336;19/09/2026 11:12:53;3;2;0008    2955-1;01;CAMION MAR 1;2094319;"SA60    ";"SANTAGAL S.R.L.                                   ";AV. INDEPENDENCIA 2218;952025;"314            ";314 - BIDE CRUZ BL/CR ARES;4;4;4;23538339;190926011743810;184699819;;;;07/29/2031 00:00:00;4;14046612;19/09/2026 10:17:43;Mirko;Hernandez;;;;;;Mirko Hernandez;
14378336;19/09/2026 11:12:53;3;2;0008    2955-1;01;CAMION MAR 1;2094319;"SA60    ";"SANTAGAL S.R.L.                                   ";AV. INDEPENDENCIA 2218;952608;"60-121         ";60-121 - LAVATORIO C.CERAM CR MARBELLA;4;4;4;23538339;190926011743810;184726405;;;;01/25/2032 00:00:00;1;14046612;19/09/2026 10:17:43;Mirko;Hernandez;;;;;;Mirko Hernandez;
14378336;19/09/2026 11:12:53;3;2;0008    2955-1;01;CAMION MAR 1;2094319;"SA60    ";"SANTAGAL S.R.L.                                   ";AV. INDEPENDENCIA 2218;951530;"20-146         ";20-146 - MONOCOMANDO DE COCINA CR LINEA MOVE;10;10;10;23538403;190926012041773;184726837;;;;11/23/2031 00:00:00;4;14046651;19/09/2026 10:20:41;Mirko;Hernandez;;;;;;Mirko Hernandez;
14378336;19/09/2026 11:12:53;3;2;0008    2955-1;01;CAMION MAR 1;2094319;"SA60    ";"SANTAGAL S.R.L.                                   ";AV. INDEPENDENCIA 2218;952719;"61-183         ";"LAVATORIO MONOCOMANDO ALTO MAT                                        ";4;4;4;23538424;190926012156750;184702100;;;;11/02/2031 00:00:00;4;14046666;19/09/2026 10:21:56;Mirko;Hernandez;;;;;;Mirko Hernandez;
14378336;19/09/2026 11:12:53;3;2;0008    2955-1;01;CAMION MAR 1;2094319;"SA60    ";"SANTAGAL S.R.L.                                   ";AV. INDEPENDENCIA 2218;952713;"61-176N        ";61-176N - LAVATORIO MONOC ALTO BLACK RIO;10;10;10;23538437;190926012231101;184727065;;;;07/29/2031 00:00:00;4;14046676;19/09/2026 10:22:31;Mirko;Hernandez;;;;;;Mirko Hernandez;
14378336;19/09/2026 11:12:53;3;2;0008    2955-1;01;CAMION MAR 1;2094319;"SA60    ";"SANTAGAL S.R.L.                                   ";AV. INDEPENDENCIA 2218;952951;"70-200N        ";70-200N - BIDE MONOCOMANDO BLACK FABRIC;6;6;6;23538463;190926012413681;184727302;;;;09/06/2031 00:00:00;4;14046696;19/09/2026 10:24:13;Mirko;Hernandez;;;;;;Mirko Hernandez;
14378336;19/09/2026 11:12:53;3;2;0008    2955-1;01;CAMION MAR 1;2094319;"SA60    ";"SANTAGAL S.R.L.                                   ";AV. INDEPENDENCIA 2218;952673;"60-200G        ";60-200G - LAVATORIO MONOC BAJO GOLD FABRIC;4;4;4;23538463;190926012413681;184700600;;;;07/28/2031 00:00:00;4;14046696;19/09/2026 10:24:13;Mirko;Hernandez;;;;;;Mirko Hernandez;
14378336;19/09/2026 11:12:53;3;2;0008    2955-1;01;CAMION MAR 1;2094319;"SA60    ";"SANTAGAL S.R.L.                                   ";AV. INDEPENDENCIA 2218;952725;"61-200N        ";61-200N - LAVATORIO MONOC ALTO FABRIC BLACK;6;6;6;23538475;190926012441231;184699909;;;;07/28/2031 00:00:00;6;14046703;19/09/2026 10:24:41;Mirko;Hernandez;;;;;;Mirko Hernandez;
14378336;19/09/2026 11:12:53;3;2;0008    2955-1;01;CAMION MAR 1;2094319;"SA60    ";"SANTAGAL S.R.L.                                   ";AV. INDEPENDENCIA 2218;952800;"63-183         ";"LAVATORIO PARED EMB MONOCOMANDO MAT                                   ";6;6;6;23538494;190926012531096;184703077;;;;01/12/2032 00:00:00;6;14046713;19/09/2026 10:25:31;Mirko;Hernandez;;;;;;Mirko Hernandez;
14378336;19/09/2026 11:12:53;3;2;0008    2955-1;01;CAMION MAR 1;2094319;"SA60    ";"SANTAGAL S.R.L.                                   ";AV. INDEPENDENCIA 2218;953317;"83-176N        ";83-176N - DUCHA EXT. C/TRANSF. MONOC BLACK RIO;4;4;4;23538506;190926012620238;184701596;;;;07/29/2031 00:00:00;4;14046723;19/09/2026 10:26:20;Mirko;Hernandez;;;;;;Mirko Hernandez;
14378336;19/09/2026 11:12:53;3;2;0008    2955-1;01;CAMION MAR 1;2094319;"SA60    ";"SANTAGAL S.R.L.                                   ";AV. INDEPENDENCIA 2218;952655;"60-183         ";"LAVATORIO MONOCOMANDO BAJO MAT                                        ";4;4;4;23538524;190926012712200;184702458;;;;11/02/2031 00:00:00;4;14046731;19/09/2026 10:27:12;Mirko;Hernandez;;;;;;Mirko Hernandez;
14378336;19/09/2026 11:12:53;3;2;0008    2955-1;01;CAMION MAR 1;2094319;"SA60    ";"SANTAGAL S.R.L.                                   ";AV. INDEPENDENCIA 2218;952724;"61-200G        ";61-200G - LAVATORIO MONOC ALTO GOLD FABRIC;10;10;10;23538544;190926012754869;184727933;;;;07/27/2031 00:00:00;2;14046742;19/09/2026 10:27:54;Mirko;Hernandez;;;;;;Mirko Hernandez;
14378336;19/09/2026 11:12:53;3;2;0008    2955-1;01;CAMION MAR 1;2094319;"SA60    ";"SANTAGAL S.R.L.                                   ";AV. INDEPENDENCIA 2218;952951;"70-200N        ";70-200N - BIDE MONOCOMANDO BLACK FABRIC;6;6;6;23538544;190926012754869;184700068;;;;09/06/2031 00:00:00;2;14046742;19/09/2026 10:27:54;Mirko;Hernandez;;;;;;Mirko Hernandez;
14378336;19/09/2026 11:12:53;3;2;0008    2955-1;01;CAMION MAR 1;2094319;"SA60    ";"SANTAGAL S.R.L.                                   ";AV. INDEPENDENCIA 2218;953131;"80-183         ";"DUCHA EMB C/TRANSF MONOCOMANDO MAT                                    ";10;10;10;23538564;190926012825052;184728004;;;;11/02/2031 00:00:00;2;14046747;19/09/2026 10:28:25;Mirko;Hernandez;;;;;;Mirko Hernandez;
14378336;19/09/2026 11:12:53;3;2;0008    2955-1;01;CAMION MAR 1;2094319;"SA60    ";"SANTAGAL S.R.L.                                   ";AV. INDEPENDENCIA 2218;953131;"80-183         ";"DUCHA EMB C/TRANSF MONOCOMANDO MAT                                    ";10;10;10;23538574;190926012838573;184728035;;;;11/02/2031 00:00:00;2;14046751;19/09/2026 10:28:38;Mirko;Hernandez;;;;;;Mirko Hernandez;
14378336;19/09/2026 11:12:53;3;2;0008    2955-1;01;CAMION MAR 1;2094319;"SA60    ";"SANTAGAL S.R.L.                                   ";AV. INDEPENDENCIA 2218;953335;"84-203ST       ";"DUCHA EXT C/COLUMNA CR ADRA                                           ";6;6;6;23538588;190926012914328;184728133;;;;12/15/2031 00:00:00;1;14046760;19/09/2026 10:29:14;Mirko;Hernandez;;;;;;Mirko Hernandez;
14378336;19/09/2026 11:12:53;3;2;0008    2955-1;01;CAMION MAR 1;2094319;"SA60    ";"SANTAGAL S.R.L.                                   ";AV. INDEPENDENCIA 2218;951561;"20-201NI       ";20-201NI - COCINA MONOCOMANDO JOYSTICK BEAT NICKEL;4;4;4;23538599;190926012951870;184728214;;;;07/28/2031 00:00:00;3;14046767;19/09/2026 10:29:51;Mirko;Hernandez;;;;;;Mirko Hernandez;
14378336;19/09/2026 11:12:53;3;2;0008    2955-1;01;CAMION MAR 1;2094319;"SA60    ";"SANTAGAL S.R.L.                                   ";AV. INDEPENDENCIA 2218;951563;"20-202NI       ";20-202NI - MONOCOMANDO COCINA NICKEL HOOP;4;4;4;23538609;190926013027509;184699065;;;;07/29/2031 00:00:00;4;14046779;19/09/2026 10:30:27;Mirko;Hernandez;;;;;;Mirko Hernandez;
14378336;19/09/2026 11:12:53;3;2;0008    2955-1;01;CAMION MAR 1;2094319;"SA60    ";"SANTAGAL S.R.L.                                   ";AV. INDEPENDENCIA 2218;953331;"84-190         ";84-190 - DUCHA EXTERIOR CON COLUMNA BLACK VELVET;4;4;4;23538627;190926013114305;184728433;;;;10/06/2031 00:00:00;2;14046786;19/09/2026 10:31:14;Mirko;Hernandez;;;;;;Mirko Hernandez;
14378336;19/09/2026 11:12:53;3;2;0008    2955-1;01;CAMION MAR 1;2094319;"SA60    ";"SANTAGAL S.R.L.                                   ";AV. INDEPENDENCIA 2218;953331;"84-190         ";84-190 - DUCHA EXTERIOR CON COLUMNA BLACK VELVET;4;4;4;23538633;190926013130723;184699505;;;;10/06/2031 00:00:00;2;14046791;19/09/2026 10:31:30;Mirko;Hernandez;;;;;;Mirko Hernandez;
14378336;19/09/2026 11:12:53;3;2;0008    2955-1;01;CAMION MAR 1;2094319;"SA60    ";"SANTAGAL S.R.L.                                   ";AV. INDEPENDENCIA 2218;952949;"70-200C        ";70-200C - BIDE MONOCOMANDO CR FABRIC;4;4;4;23538715;190926013413466;184698743;;;;10/28/2031 00:00:00;4;14046817;19/09/2026 10:34:13;Mirko;Hernandez;;;;;;Mirko Hernandez;
14378336;19/09/2026 11:12:53;3;2;0008    2955-1;01;CAMION MAR 1;2094319;"SA60    ";"SANTAGAL S.R.L.                                   ";AV. INDEPENDENCIA 2218;951561;"20-201NI       ";20-201NI - COCINA MONOCOMANDO JOYSTICK BEAT NICKEL;4;4;4;23538715;190926013413466;184699193;;;;07/28/2031 00:00:00;1;14046817;19/09/2026 10:34:13;Mirko;Hernandez;;;;;;Mirko Hernandez;
14378336;19/09/2026 11:12:53;3;2;0008    2955-1;01;CAMION MAR 1;2094319;"SA60    ";"SANTAGAL S.R.L.                                   ";AV. INDEPENDENCIA 2218;952467;"52-121         ";52-121 - GRIFERIA REBATIBLE P/LLENADO DE OLLAS MARBELLA;4;4;4;23538770;190926013618720;184698864;;;;07/29/2031 00:00:00;4;14046845;19/09/2026 10:36:18;Mirko;Hernandez;;;;;;Mirko Hernandez;
14378336;19/09/2026 11:12:53;3;2;0008    2955-1;01;CAMION MAR 1;2094319;"SA60    ";"SANTAGAL S.R.L.                                   ";AV. INDEPENDENCIA 2218;953158;"80-203N        ";"DUCHA EMB C/TRANSF. MONOCOMANDO ADRA BLACK PLUS                       ";4;4;4;23538799;190926013722587;184698648;;;;07/28/2031 00:00:00;4;14046866;19/09/2026 10:37:22;Mirko;Hernandez;;;;;;Mirko Hernandez;
14378336;19/09/2026 11:12:53;3;2;0008    2955-1;01;CAMION MAR 1;2094319;"SA60    ";"SANTAGAL S.R.L.                                   ";AV. INDEPENDENCIA 2218;954650;"A815           ";"A815 - DUCHA 8"" C/BRAZO Y CAMPANA CR";4;4;4;23539063;190926014940582;184697559;;;;07/28/2031 00:00:00;4;14047031;19/09/2026 10:49:40;Mirko;Hernandez;;;;;;Mirko Hernandez;
14378336;19/09/2026 11:12:53;3;2;0008    2955-1;01;CAMION MAR 1;2094319;"SA60    ";"SANTAGAL S.R.L.                                   ";AV. INDEPENDENCIA 2218;954791;"A996           ";A996 - DUCHA 8' CUADRADA CR C/BRAZO Y CAMPANA;4;4;4;23539063;190926014940582;184697433;;;;07/29/2031 00:00:00;4;14047031;19/09/2026 10:49:40;Mirko;Hernandez;;;;;;Mirko Hernandez;
14378336;19/09/2026 11:12:53;3;2;0008    2955-1;01;CAMION MAR 1;2094319;"SA60    ";"SANTAGAL S.R.L.                                   ";AV. INDEPENDENCIA 2218;954231;"A1452DG        ";A1452DG - CAÑO DE DUCHA RECTO 150 MM DARK GOLD C/BLISTER;4;4;4;23539178;190926015338637;184697247;;;;12/15/2031 00:00:00;4;14047103;19/09/2026 10:53:38;Mirko;Hernandez;;;;;;Mirko Hernandez;
14378336;19/09/2026 11:12:53;3;2;0008    2955-1;01;CAMION MAR 1;2094319;"SA60    ";"SANTAGAL S.R.L.                                   ";AV. INDEPENDENCIA 2218;954232;"A1452G         ";A1452G - CAÑO DE DUCHA RECTO 150 MM GOLD C/BLISTER;4;4;4;23539178;190926015338637;184697315;;;;01/27/2032 00:00:00;4;14047103;19/09/2026 10:53:38;Mirko;Hernandez;;;;;;Mirko Hernandez;
14378336;19/09/2026 11:12:53;3;2;0008    2955-1;01;CAMION MAR 1;2094319;"SA60    ";"SANTAGAL S.R.L.                                   ";AV. INDEPENDENCIA 2218;954233;"A1452GR        ";A1452GR - CAÑO DE DUCHA RECTO 150 MM GRAFITO C/BLISTER;4;4;4;23539178;190926015338637;184698144;;;;12/15/2031 00:00:00;4;14047103;19/09/2026 10:53:38;Mirko;Hernandez;;;;;;Mirko Hernandez;
14378336;19/09/2026 11:12:53;3;2;0008    2955-1;01;CAMION MAR 1;2094319;"SA60    ";"SANTAGAL S.R.L.                                   ";AV. INDEPENDENCIA 2218;954234;"A1452N         ";A1452N - CAÑO DE DUCHA RECTO 150 MM BLACK C/BLISTER;4;4;4;23539178;190926015338637;184697259;;;;07/31/2031 00:00:00;4;14047103;19/09/2026 10:53:38;Mirko;Hernandez;;;;;;Mirko Hernandez;
14378336;19/09/2026 11:12:53;3;2;0008    2955-1;01;CAMION MAR 1;2094319;"SA60    ";"SANTAGAL S.R.L.                                   ";AV. INDEPENDENCIA 2218;954235;"A1452NI        ";A1452NI - CAÑO DE DUCHA RECTO 150 MM NICKEL C/BLISTER;4;4;4;23539178;190926015338637;184698215;;;;02/02/2032 00:00:00;4;14047103;19/09/2026 10:53:38;Mirko;Hernandez;;;;;;Mirko Hernandez;
14378336;19/09/2026 11:12:53;3;2;0008    2955-1;01;CAMION MAR 1;2094319;"SA60    ";"SANTAGAL S.R.L.                                   ";AV. INDEPENDENCIA 2218;954649;"A814           ";A814 - DUCHA C/BRAZO Y CAMPANA CR;4;4;4;23539178;190926015338637;184697671;;;;08/13/2031 00:00:00;4;14047103;19/09/2026 10:53:38;Mirko;Hernandez;;;;;;Mirko Hernandez;
14378336;19/09/2026 11:12:53;3;2;0008    2955-1;01;CAMION MAR 1;2094319;"SA60    ";"SANTAGAL S.R.L.                                   ";AV. INDEPENDENCIA 2218;954651;"A816           ";"A816 - DUCHA 6"" C/BRAZO Y CAMPANA CR";4;4;4;23539178;190926015338637;184697597;;;;07/27/2031 00:00:00;4;14047103;19/09/2026 10:53:38;Mirko;Hernandez;;;;;;Mirko Hernandez;
14378336;19/09/2026 11:12:53;3;2;0008    2955-1;01;CAMION MAR 1;2094319;"SA60    ";"SANTAGAL S.R.L.                                   ";AV. INDEPENDENCIA 2218;954678;"A842           ";A842 - DUCHADOR ANTICALCAREO 5 FUNCIONES C/SOPORTE Y FLEX;4;4;4;23539232;190926015618859;184697520;;;;07/28/2031 00:00:00;4;14047149;19/09/2026 10:56:18;Mirko;Hernandez;;;;;;Mirko Hernandez;
14378336;19/09/2026 11:12:53;3;2;0008    2955-1;01;CAMION MAR 1;2094319;"SA60    ";"SANTAGAL S.R.L.                                   ";AV. INDEPENDENCIA 2218;954804;"AB-001         ";AB-001 - AGARRADERA ACERO INOX CROMADO 30 CM SAFE;4;4;4;23539232;190926015618859;184697958;;;;07/28/2031 00:00:00;4;14047149;19/09/2026 10:56:18;Mirko;Hernandez;;;;;;Mirko Hernandez;
14378472;18/09/2026 13:28:57;3;2;0008    2926-1;10;URGENTES;2093779;"PA01    ";"VARIOS                                            ";rivadavia 3428;956416;"INO104-2       ";"DEPOSITO C/DESCARGA DUAL BLANCO LINEA STONE                           ";1;1;1;23507760;180926132857147;184516613;;;;01/28/2032 00:00:00;1;14034662;18/09/2026 13:28:57;Gustavo;Soderquvist;24780902;18/09/2026 09:49:49;7827;Javier;Machado;Gustavo Soderquvist;Javier Machado
14378472;18/09/2026 13:28:57;3;2;0008    2926-1;10;URGENTES;2093779;"PA01    ";"VARIOS                                            ";rivadavia 3428;954946;"BID104-1       ";"BIDE 1 AGUJERO BLANCO LINEA STONE                                     ";1;1;1;23507760;180926132857147;184516356;;;;10/26/2031 00:00:00;1;14034662;18/09/2026 13:28:57;Gustavo;Soderquvist;24780902;18/09/2026 09:49:49;7827;Javier;Machado;Gustavo Soderquvist;Javier Machado
14378472;18/09/2026 13:28:57;3;2;0008    2926-1;10;URGENTES;2093779;"PA01    ";"VARIOS                                            ";rivadavia 3428;956415;"INO104-1       ";"INODORO BLANCO C/ASIENTO LINEA STONE                                  ";1;1;1;23507760;180926132857147;184516047;;;;01/20/2032 00:00:00;1;14034662;18/09/2026 13:28:57;Gustavo;Soderquvist;24780902;18/09/2026 09:49:49;7827;Javier;Machado;Gustavo Soderquvist;Javier Machado
14378472;18/09/2026 13:28:57;3;2;0008    2926-1;10;URGENTES;2093779;"PA01    ";"VARIOS                                            ";rivadavia 3428;952946;"70-199B        ";70-199B - BIDE WHITE C.CERAM LIVE;1;1;1;23508298;180926131328321;184525541;;;;07/31/2031 00:00:00;1;14034198;18/09/2026 13:13:28;Gustavo;Soderquvist;24781365;18/09/2026 10:24:25;7827;Javier;Machado;Gustavo Soderquvist;Javier Machado
14378472;18/09/2026 13:28:57;3;2;0008    2926-1;10;URGENTES;2093779;"PA01    ";"VARIOS                                            ";rivadavia 3428;952875;"70-100N        ";70-100N - BIDE BLACK C.CERAM FABRIC;2;2;2;23508298;180926131328321;184523110;;;;07/29/2031 00:00:00;2;14034198;18/09/2026 13:13:28;Gustavo;Soderquvist;24781365;18/09/2026 10:24:25;7827;Javier;Machado;Gustavo Soderquvist;Javier Machado
14378472;18/09/2026 13:28:57;3;2;0008    2926-1;10;URGENTES;2093779;"PA01    ";"VARIOS                                            ";rivadavia 3428;952783;"62-199N        ";62-199N - LAVATORIO DE PARED BLACK C.CERAM LIVE;1;1;1;23508298;180926131328321;184519905;;;;07/31/2031 00:00:00;1;14034198;18/09/2026 13:13:28;Gustavo;Soderquvist;24781365;18/09/2026 10:24:25;7827;Javier;Machado;Gustavo Soderquvist;Javier Machado
14378472;18/09/2026 13:28:57;3;2;0008    2926-1;10;URGENTES;2093779;"PA01    ";"VARIOS                                            ";rivadavia 3428;952782;"62-199B        ";62-199B - LAVATORIO DE PARED WHITE C.CERAM LIVE;1;1;1;23508298;180926131328321;184525122;;;;07/31/2031 00:00:00;1;14034198;18/09/2026 13:13:28;Gustavo;Soderquvist;24781365;18/09/2026 10:24:25;7827;Javier;Machado;Gustavo Soderquvist;Javier Machado
14378472;18/09/2026 13:28:57;3;2;0008    2926-1;10;URGENTES;2093779;"PA01    ";"VARIOS                                            ";rivadavia 3428;952741;"62-100N        ";62-100N - LAVATORIO DE PARED BLACK C.CERAM FABRIC;1;1;1;23508298;180926131328321;184523726;;;;11/05/2031 00:00:00;1;14034198;18/09/2026 13:13:28;Gustavo;Soderquvist;24781365;18/09/2026 10:24:25;7827;Javier;Machado;Gustavo Soderquvist;Javier Machado
14378472;18/09/2026 13:28:57;3;2;0008    2926-1;10;URGENTES;2093779;"PA01    ";"VARIOS                                            ";rivadavia 3428;957721;"RA1427         ";RA1427 - SISTEMA DESARTICULADO PARA REUBICACION DE VOLANTES;2;2;2;23508312;180926033621143;184518337;;;;07/31/2031 00:00:00;2;14033332;18/09/2026 12:36:21;Mirko;Hernandez;24781383;18/09/2026 10:04:32;7839;Claudio;Juarez;Mirko Hernandez;Claudio Juarez
14378472;18/09/2026 13:28:57;3;2;0008    2926-1;10;URGENTES;2093779;"PA01    ";"VARIOS                                            ";rivadavia 3428;954379;"A1539N         ";"TAPA Y TECLA PARA VALVULA DE DESCARGA CUADRADA MINIMALISTA BLACK      ";1;1;1;23510112;180926131341264;184529407;;;;01/31/2032 00:00:00;1;14034306;18/09/2026 13:13:41;Gustavo;Soderquvist;24783200;18/09/2026 10:27:44;7827;Javier;Machado;Gustavo Soderquvist;Javier Machado
14378472;18/09/2026 13:28:57;3;2;0008    2926-1;10;URGENTES;2093779;"PA01    ";"VARIOS                                            ";rivadavia 3428;951565;"20-205         ";20-205 - MONOCOMANDO DE COCINA STEEL;1;1;1;23517290;180926033506538;184520305;;;;07/28/2031 00:00:00;1;14033416;18/09/2026 12:35:06;Mirko;Hernandez;;;;;;Mirko Hernandez;
14378472;18/09/2026 13:28:57;3;2;0008    2926-1;10;URGENTES;2093779;"PA01    ";"VARIOS                                            ";rivadavia 3428;951653;"22-178         ";22-178 - MONOCOMANDO DE COCINA P/AGUA FILTRADA VITA;1;1;1;23517290;180926033506538;184518859;;;;12/23/2031 00:00:00;1;14033416;18/09/2026 12:35:06;Mirko;Hernandez;;;;;;Mirko Hernandez;
14378472;18/09/2026 13:28:57;3;2;0008    2926-1;10;URGENTES;2093779;"PA01    ";"VARIOS                                            ";rivadavia 3428;952956;"70-205         ";70-205 - BIDE MONOCOMANDO STEEL;1;1;1;23517290;180926033506538;184519653;;;;11/23/2031 00:00:00;1;14033416;18/09/2026 12:35:06;Mirko;Hernandez;;;;;;Mirko Hernandez;
14378472;18/09/2026 13:28:57;3;2;0008    2926-1;10;URGENTES;2093779;"PA01    ";"VARIOS                                            ";rivadavia 3428;951301;"17030N         ";17030N - PERCHA LINEA FABRIC BLACK;6;6;6;23517290;180926033506538;184521629;;;;07/28/2031 00:00:00;6;14033416;18/09/2026 12:35:06;Mirko;Hernandez;;;;;;Mirko Hernandez;
14378472;18/09/2026 13:28:57;3;2;0008    2926-1;10;URGENTES;2093779;"PA01    ";"VARIOS                                            ";rivadavia 3428;951303;"17040G         ";17040G - PORTA ROLLO LINEA FABRIC GOLD;1;1;1;23517290;180926033506538;184521297;;;;07/28/2031 00:00:00;1;14033416;18/09/2026 12:35:06;Mirko;Hernandez;;;;;;Mirko Hernandez;
14378472;18/09/2026 13:28:57;3;2;0008    2926-1;10;URGENTES;2093779;"PA01    ";"VARIOS                                            ";rivadavia 3428;951318;"18040          ";18040 - PORTA ROLLO NIQUEL LINEA BEAT;1;1;1;23517290;180926033506538;184519340;;;;07/28/2031 00:00:00;1;14033416;18/09/2026 12:35:06;Mirko;Hernandez;;;;;;Mirko Hernandez;
14378472;18/09/2026 13:28:57;3;2;0008    2926-1;10;URGENTES;2093779;"PA01    ";"VARIOS                                            ";rivadavia 3428;953149;"80-199B        ";80-199B - DUCHA EMB. C/TRANSF. WHITE C.CERAM LIVE;1;1;1;23518922;180926131111236;184525819;;;;07/31/2031 00:00:00;1;14034207;18/09/2026 13:11:11;Gustavo;Soderquvist;;;;;;Gustavo Soderquvist;
14378472;18/09/2026 13:28:57;3;2;0008    2926-1;10;URGENTES;2093779;"PA01    ";"VARIOS                                            ";rivadavia 3428;953215;"81-100N        ";"DUCHA EMB. S/TRANSF. BLACK C.CERAM FABRIC                             ";1;1;1;23518922;180926131111236;184521043;;;;01/03/2032 00:00:00;1;14034207;18/09/2026 13:11:11;Gustavo;Soderquvist;;;;;;Gustavo Soderquvist;
14378472;18/09/2026 13:28:57;3;2;0008    2926-1;10;URGENTES;2093779;"PA01    ";"VARIOS                                            ";rivadavia 3428;957719;"RA1424NI       ";RA1424NI - CONJ. BRAZO Y FLOR DE DUCHA NICKEL BEAT;1;1;1;23518922;180926131111236;184528104;;;;08/02/2031 00:00:00;1;14034207;18/09/2026 13:11:11;Gustavo;Soderquvist;;;;;;Gustavo Soderquvist;
14378472;18/09/2026 13:28:57;3;2;0008    2926-1;10;URGENTES;2093779;"PA01    ";"VARIOS                                            ";rivadavia 3428;954382;"A1540          ";"CUERPO VALVULA DE DESAGOTE P/INODORO TECNO 02-010/011                 ";4;4;4;23518989;180926131223802;184527370;;;;07/28/2031 00:00:00;4;14034256;18/09/2026 13:12:23;Gustavo;Soderquvist;;;;;;Gustavo Soderquvist;
14378472;18/09/2026 13:28:57;3;2;0008    2926-1;10;URGENTES;2093779;"PA01    ";"VARIOS                                            ";rivadavia 3428;954380;"A1539NI        ";"TAPA Y TECLA PARA VALVULA DE DESCARGA CUADRADA MINIMALISTA NICKEL     ";2;2;2;23518989;180926131223802;184526831;;;;07/31/2031 00:00:00;2;14034256;18/09/2026 13:12:23;Gustavo;Soderquvist;;;;;;Gustavo Soderquvist;
14378472;18/09/2026 13:28:57;3;2;0008    2926-1;10;URGENTES;2093779;"PA01    ";"VARIOS                                            ";rivadavia 3428;954377;"A1539G         ";"TAPA Y TECLA PARA VALVULA DE DESCARGA CUADRADA MINIMALISTA GOLD       ";1;1;1;23518989;180926131223802;184527013;;;;07/31/2031 00:00:00;1;14034256;18/09/2026 13:12:23;Gustavo;Soderquvist;;;;;;Gustavo Soderquvist;
14378472;18/09/2026 13:28:57;3;2;0008    2926-1;10;URGENTES;2093779;"PA01    ";"VARIOS                                            ";rivadavia 3428;953216;"81-100NI       ";81-100NI - DUCHA EMB. S/TRANSF. NICKEL C.CERAM FABRIC;1;1;1;23518989;180926131223802;184519459;;;;10/18/2031 00:00:00;1;14034256;18/09/2026 13:12:23;Gustavo;Soderquvist;;;;;;Gustavo Soderquvist;
14378472;18/09/2026 13:28:57;3;2;0008    2926-1;10;URGENTES;2093779;"PA01    ";"VARIOS                                            ";rivadavia 3428;953150;"80-199N        ";80-199N - DUCHA EMB. C/TRANSF. BLACK C.CERAM LIVE;1;1;1;23518989;180926131223802;184520421;;;;10/11/2031 00:00:00;1;14034256;18/09/2026 13:12:23;Gustavo;Soderquvist;;;;;;Gustavo Soderquvist;
14378472;18/09/2026 13:28:57;3;2;0008    2926-1;10;URGENTES;2093779;"PA01    ";"VARIOS                                            ";rivadavia 3428;952596;"60-100G        ";60-100G - LAVATORIO GOLD C.CERAM FABRIC;1;1;1;23519003;180926131245352;184521868;;;;11/10/2031 00:00:00;1;14034272;18/09/2026 13:12:45;Gustavo;Soderquvist;;;;;;Gustavo Soderquvist;
14378472;18/09/2026 13:28:57;3;2;0008    2926-1;10;URGENTES;2093779;"PA01    ";"VARIOS                                            ";rivadavia 3428;952598;"60-100NI       ";60-100NI - LAVATORIO NICKEL C.CERAM FABRIC;2;2;2;23519003;180926131245352;184519671;;;;10/08/2031 00:00:00;2;14034272;18/09/2026 13:12:45;Gustavo;Soderquvist;;;;;;Gustavo Soderquvist;
14379153;18/09/2026 09:36:04;3;2;0001  215970-1;14;RETIRA;2092050;"DC18    ";"DI CARLO SEBASTIAN F -DI CARLO SANIT              ";DERQUI 5076;951513;"20-122N        ";20-122N - MONOCOMANDO COCINA C/PICO EXTRAIBLE VALENCIA BLACK;3;3;3;23507293;180926093604335;184511346;;;;09/13/2031 00:00:00;3;14027643;18/09/2026 09:36:04;Gaston Alejandro;Kiriczuk;24780449;18/09/2026 09:34:16;6409;Gaston Alejandro;Kiriczuk;Gaston Alejandro Kiriczuk;Gaston Alejandro Kiriczuk
14379154;18/09/2026 09:35:43;3;2;0001  215973-1;14;RETIRA;2091829;"CO09    ";"COINGAS S.A.                                      ";CAMINO DE CINTURA 671;952426;"51-010         ";51-010 - COCINA MESADA BL/CR LORCA;10;10;10;23506995;180926093543468;184509695;;;;01/14/2032 00:00:00;10;14027622;18/09/2026 09:35:43;Gaston Alejandro;Kiriczuk;24780183;18/09/2026 09:28:24;6409;Gaston Alejandro;Kiriczuk;Gaston Alejandro Kiriczuk;Gaston Alejandro Kiriczuk
14380221;18/09/2026 12:10:38;3;2;0001  215672-1;10;URGENTES;2091970;"CT06    ";"COMERCIAL TUCSON S.A.                             ";COLECTORA PANAMERICANA   28851;952786;"62-201NI       ";62-201NI - LAVATORIO DE PARED C.CERAM BEAT NICKEL;1;1;1;23509018;180926031038533;184522671;;;;11/02/2031 00:00:00;1;14032837;18/09/2026 12:10:38;Mirko;Hernandez;24782183;18/09/2026 10:08:53;7839;Claudio;Juarez;Mirko Hernandez;Claudio Juarez
14380222;18/09/2026 13:10:31;3;2;0001  215673-1;10;URGENTES;2091970;"CT06    ";"COMERCIAL TUCSON S.A.                             ";COLECTORA PANAMERICANA   28851;951261;"16010BL        ";16010BL - TOALLERO BARRAL LINEA 16000 BLACK;2;2;2;23507519;180926131029219;184515512;;;;07/29/2031 00:00:00;2;14033640;18/09/2026 13:10:29;Gustavo;Soderquvist;24780654;18/09/2026 10:11:23;6922;Franco;Potenza;Gustavo Soderquvist;Franco Potenza
14380222;18/09/2026 13:10:31;3;2;0001  215673-1;10;URGENTES;2091970;"CT06    ";"COMERCIAL TUCSON S.A.                             ";COLECTORA PANAMERICANA   28851;951265;"16040BL        ";16040BL - PORTA ROLLO ACCESORIOS LINEA 16000 BLACK;2;2;2;23507519;180926131029219;184513915;;;;07/31/2031 00:00:00;2;14033640;18/09/2026 13:10:29;Gustavo;Soderquvist;24780654;18/09/2026 10:11:23;6922;Franco;Potenza;Gustavo Soderquvist;Franco Potenza
14380222;18/09/2026 13:10:31;3;2;0001  215673-1;10;URGENTES;2091970;"CT06    ";"COMERCIAL TUCSON S.A.                             ";COLECTORA PANAMERICANA   28851;951299;"17030C         ";17030C - PERCHA LINEA FABRIC CROMO;4;4;4;23507519;180926131029219;184519695;;;;11/10/2031 00:00:00;4;14033640;18/09/2026 13:10:29;Gustavo;Soderquvist;24780654;18/09/2026 10:11:23;6922;Franco;Potenza;Gustavo Soderquvist;Franco Potenza
14380222;18/09/2026 13:10:31;3;2;0001  215673-1;10;URGENTES;2091970;"CT06    ";"COMERCIAL TUCSON S.A.                             ";COLECTORA PANAMERICANA   28851;951300;"17030G         ";17030G - PERCHA LINEA FABRIC GOLD;4;4;4;23507519;180926131029219;184522100;;;;07/29/2031 00:00:00;4;14033640;18/09/2026 13:10:29;Gustavo;Soderquvist;24780654;18/09/2026 10:11:23;6922;Franco;Potenza;Gustavo Soderquvist;Franco Potenza
14380222;18/09/2026 13:10:31;3;2;0001  215673-1;10;URGENTES;2091970;"CT06    ";"COMERCIAL TUCSON S.A.                             ";COLECTORA PANAMERICANA   28851;951301;"17030N         ";17030N - PERCHA LINEA FABRIC BLACK;4;4;4;23507519;180926131029219;184523478;;;;07/28/2031 00:00:00;4;14033640;18/09/2026 13:10:29;Gustavo;Soderquvist;24780654;18/09/2026 10:11:23;6922;Franco;Potenza;Gustavo Soderquvist;Franco Potenza
14380222;18/09/2026 13:10:31;3;2;0001  215673-1;10;URGENTES;2091970;"CT06    ";"COMERCIAL TUCSON S.A.                             ";COLECTORA PANAMERICANA   28851;951794;"3010           ";3010 - TOALLERO BARRAL LINEA 3000;1;1;1;23507519;180926131029219;184514856;;;;07/29/2031 00:00:00;1;14033640;18/09/2026 13:10:29;Gustavo;Soderquvist;24780654;18/09/2026 10:11:23;6922;Franco;Potenza;Gustavo Soderquvist;Franco Potenza
14380222;18/09/2026 13:10:31;3;2;0001  215673-1;10;URGENTES;2091970;"CT06    ";"COMERCIAL TUCSON S.A.                             ";COLECTORA PANAMERICANA   28851;951906;"3020           ";3020 - TOALLERO DE ARO LINEA 3000;1;1;1;23507519;180926131029219;184514941;;;;07/29/2031 00:00:00;1;14033640;18/09/2026 13:10:29;Gustavo;Soderquvist;24780654;18/09/2026 10:11:23;6922;Franco;Potenza;Gustavo Soderquvist;Franco Potenza
14380222;18/09/2026 13:10:31;3;2;0001  215673-1;10;URGENTES;2091970;"CT06    ";"COMERCIAL TUCSON S.A.                             ";COLECTORA PANAMERICANA   28851;951961;"3030           ";3030 - PERCHA LINEA 3000;6;6;6;23507519;180926131029219;184515194;;;;08/27/2031 00:00:00;6;14033640;18/09/2026 13:10:29;Gustavo;Soderquvist;24780654;18/09/2026 10:11:23;6922;Franco;Potenza;Gustavo Soderquvist;Franco Potenza
14380222;18/09/2026 13:10:31;3;2;0001  215673-1;10;URGENTES;2091970;"CT06    ";"COMERCIAL TUCSON S.A.                             ";COLECTORA PANAMERICANA   28851;951975;"3040           ";3040 - PORTA ROLLO LINEA 3000;4;4;4;23507519;180926131029219;184515315;;;;07/27/2031 00:00:00;4;14033640;18/09/2026 13:10:29;Gustavo;Soderquvist;24780654;18/09/2026 10:11:23;6922;Franco;Potenza;Gustavo Soderquvist;Franco Potenza
14380222;18/09/2026 13:10:31;3;2;0001  215673-1;10;URGENTES;2091970;"CT06    ";"COMERCIAL TUCSON S.A.                             ";COLECTORA PANAMERICANA   28851;952759;"62-162N        ";62-162N - LAVATORIO DE PARED BLACK C.CERAM ADRA;8;8;8;23507768;180926033119237;184517489;;;;12/08/2031 00:00:00;8;14033167;18/09/2026 12:31:19;Mirko;Hernandez;24780886;18/09/2026 10:16:06;7636;Kevin;Arce;Mirko Hernandez;Kevin Arce
14380222;18/09/2026 13:10:31;3;2;0001  215673-1;10;URGENTES;2091970;"CT06    ";"COMERCIAL TUCSON S.A.                             ";COLECTORA PANAMERICANA   28851;952740;"62-100G        ";62-100G - LAVATORIO DE PARED GOLD C.CERAM FABRIC;3;3;3;23507768;180926033119237;184520600;;;;12/20/2031 00:00:00;3;14033167;18/09/2026 12:31:19;Mirko;Hernandez;24780886;18/09/2026 10:16:06;7636;Kevin;Arce;Mirko Hernandez;Kevin Arce
14380222;18/09/2026 13:10:31;3;2;0001  215673-1;10;URGENTES;2091970;"CT06    ";"COMERCIAL TUCSON S.A.                             ";COLECTORA PANAMERICANA   28851;953136;"80-190P        ";80-190P - DUCHA EMB. C/TRANSF. C.CERAM BLACK VELVET PLUS;2;2;2;23516824;180926032457639;184520005;;;;07/30/2031 00:00:00;2;14033184;18/09/2026 12:24:57;Mirko;Hernandez;;;;;;Mirko Hernandez;
14380222;18/09/2026 13:10:31;3;2;0001  215673-1;10;URGENTES;2091970;"CT06    ";"COMERCIAL TUCSON S.A.                             ";COLECTORA PANAMERICANA   28851;953108;"80-163         ";80-163 - DUCHA EMB. C/TRANSF. CR C.CERAM SENA;1;1;1;23516824;180926032457639;184516056;;;;09/09/2031 00:00:00;1;14033184;18/09/2026 12:24:57;Mirko;Hernandez;;;;;;Mirko Hernandez;
14380222;18/09/2026 13:10:31;3;2;0001  215673-1;10;URGENTES;2091970;"CT06    ";"COMERCIAL TUCSON S.A.                             ";COLECTORA PANAMERICANA   28851;953152;"80-200C        ";80-200C - DUCHA EMB. MONOC. 3 FUNCIONES CR FABRIC;2;2;2;23516875;180926032533752;184521795;;;;12/14/2031 00:00:00;2;14033205;18/09/2026 12:25:33;Mirko;Hernandez;;;;;;Mirko Hernandez;
14380222;18/09/2026 13:10:31;3;2;0001  215673-1;10;URGENTES;2091970;"CT06    ";"COMERCIAL TUCSON S.A.                             ";COLECTORA PANAMERICANA   28851;953154;"80-200N        ";80-200N - DUCHA EMB. MONOC. 3 FUNCIONES BLACK FABRIC;1;1;1;23516875;180926032533752;184521605;;;;01/18/2032 00:00:00;1;14033205;18/09/2026 12:25:33;Mirko;Hernandez;;;;;;Mirko Hernandez;
14380222;18/09/2026 13:10:31;3;2;0001  215673-1;10;URGENTES;2091970;"CT06    ";"COMERCIAL TUCSON S.A.                             ";COLECTORA PANAMERICANA   28851;953153;"80-200G        ";80-200G - DUCHA EMB. MONOC. 3 FUNCIONES GOLD FABRIC;3;3;3;23516894;180926032603544;184522534;;;;12/03/2031 00:00:00;3;14033214;18/09/2026 12:26:03;Mirko;Hernandez;;;;;;Mirko Hernandez;
14380222;18/09/2026 13:10:31;3;2;0001  215673-1;10;URGENTES;2091970;"CT06    ";"COMERCIAL TUCSON S.A.                             ";COLECTORA PANAMERICANA   28851;953086;"80-131         ";80-131 - DUCHA EMB. C/TRANSF. CR C.CERAM MALLORCA;2;2;2;23516932;180926032701597;184573923;;;;01/24/2032 00:00:00;1;14033242;18/09/2026 12:27:01;Mirko;Hernandez;;;;;;Mirko Hernandez;
14380222;18/09/2026 13:10:31;3;2;0001  215673-1;10;URGENTES;2091970;"CT06    ";"COMERCIAL TUCSON S.A.                             ";COLECTORA PANAMERICANA   28851;953110;"80-166N        ";80-166N - DUCHA EMB. C/TRANSF. BLACK C.CERAM ADRA PLUS;6;6;6;23516932;180926032701597;184573924;;;;01/12/2032 00:00:00;3;14033242;18/09/2026 12:27:01;Mirko;Hernandez;;;;;;Mirko Hernandez;
14380222;18/09/2026 13:10:31;3;2;0001  215673-1;10;URGENTES;2091970;"CT06    ";"COMERCIAL TUCSON S.A.                             ";COLECTORA PANAMERICANA   28851;953086;"80-131         ";80-131 - DUCHA EMB. C/TRANSF. CR C.CERAM MALLORCA;2;2;2;23516952;180926032736895;184521129;;;;01/24/2032 00:00:00;1;14033256;18/09/2026 12:27:36;Mirko;Hernandez;;;;;;Mirko Hernandez;
14380222;18/09/2026 13:10:31;3;2;0001  215673-1;10;URGENTES;2091970;"CT06    ";"COMERCIAL TUCSON S.A.                             ";COLECTORA PANAMERICANA   28851;953110;"80-166N        ";80-166N - DUCHA EMB. C/TRANSF. BLACK C.CERAM ADRA PLUS;6;6;6;23516952;180926032736895;184518522;;;;01/12/2032 00:00:00;3;14033256;18/09/2026 12:27:36;Mirko;Hernandez;;;;;;Mirko Hernandez;
14380222;18/09/2026 13:10:31;3;2;0001  215673-1;10;URGENTES;2091970;"CT06    ";"COMERCIAL TUCSON S.A.                             ";COLECTORA PANAMERICANA   28851;952727;"61-203N        ";"LAVATORIO MONOCOMANDO ALTO ADRA BLACK                                 ";1;1;1;23516983;180926032818827;184517871;;;;01/06/2032 00:00:00;1;14033275;18/09/2026 12:28:18;Mirko;Hernandez;;;;;;Mirko Hernandez;
14380222;18/09/2026 13:10:31;3;2;0001  215673-1;10;URGENTES;2091970;"CT06    ";"COMERCIAL TUCSON S.A.                             ";COLECTORA PANAMERICANA   28851;952658;"60-190         ";60-190 - LAVATORIO C.CERAM BLACK VELVET;1;1;1;23516983;180926032818827;184518636;;;;08/12/2031 00:00:00;1;14033275;18/09/2026 12:28:18;Mirko;Hernandez;;;;;;Mirko Hernandez;
14380222;18/09/2026 13:10:31;3;2;0001  215673-1;10;URGENTES;2091970;"CT06    ";"COMERCIAL TUCSON S.A.                             ";COLECTORA PANAMERICANA   28851;952583;"60-058         ";60-058 - LAVATORIO CR C.STD MALBA;2;2;2;23517048;180926032925261;184515924;;;;12/03/2031 00:00:00;2;14033292;18/09/2026 12:29:25;Mirko;Hernandez;;;;;;Mirko Hernandez;
14380222;18/09/2026 13:10:31;3;2;0001  215673-1;10;URGENTES;2091970;"CT06    ";"COMERCIAL TUCSON S.A.                             ";COLECTORA PANAMERICANA   28851;952677;"60-203         ";60-203 - LAVATORIO MONOCOMANDO BAJO ADRA;3;3;3;23517048;180926032925261;184517681;;;;03/02/2032 00:00:00;3;14033292;18/09/2026 12:29:25;Mirko;Hernandez;;;;;;Mirko Hernandez;
14380222;18/09/2026 13:10:31;3;2;0001  215673-1;10;URGENTES;2091970;"CT06    ";"COMERCIAL TUCSON S.A.                             ";COLECTORA PANAMERICANA   28851;952758;"62-162         ";62-162 - LAVATORIO DE PARED CR C.CERAM ADRA;2;2;2;23517048;180926032925261;184516458;;;;07/31/2031 00:00:00;2;14033292;18/09/2026 12:29:25;Mirko;Hernandez;;;;;;Mirko Hernandez;
14380222;18/09/2026 13:10:31;3;2;0001  215673-1;10;URGENTES;2091970;"CT06    ";"COMERCIAL TUCSON S.A.                             ";COLECTORA PANAMERICANA   28851;952774;"62-190         ";62-190 - LAVATORIO PARED EMB. C.CERAM BLACK VELVET;2;2;2;23517048;180926032925261;184517979;;;;09/02/2031 00:00:00;2;14033292;18/09/2026 12:29:25;Mirko;Hernandez;;;;;;Mirko Hernandez;
14380222;18/09/2026 13:10:31;3;2;0001  215673-1;10;URGENTES;2091970;"CT06    ";"COMERCIAL TUCSON S.A.                             ";COLECTORA PANAMERICANA   28851;952874;"70-100G        ";70-100G - BIDE GOLD C.CERAM FABRIC;1;1;1;23517048;180926032925261;184520307;;;;07/29/2031 00:00:00;1;14033292;18/09/2026 12:29:25;Mirko;Hernandez;;;;;;Mirko Hernandez;
14380222;18/09/2026 13:10:31;3;2;0001  215673-1;10;URGENTES;2091970;"CT06    ";"COMERCIAL TUCSON S.A.                             ";COLECTORA PANAMERICANA   28851;952936;"70-190         ";70-190 - BIDE C.CERAM BLACK VELVET;1;1;1;23517091;180926033019667;184519146;;;;11/08/2031 00:00:00;1;14033303;18/09/2026 12:30:19;Mirko;Hernandez;;;;;;Mirko Hernandez;
14380222;18/09/2026 13:10:31;3;2;0001  215673-1;10;URGENTES;2091970;"CT06    ";"COMERCIAL TUCSON S.A.                             ";COLECTORA PANAMERICANA   28851;952886;"70-121         ";70-121 - BIDE C.CERAM CR MARBELLA;4;4;4;23517091;180926033019667;184521425;;;;01/17/2032 00:00:00;4;14033303;18/09/2026 12:30:19;Mirko;Hernandez;;;;;;Mirko Hernandez;
14380222;18/09/2026 13:10:31;3;2;0001  215673-1;10;URGENTES;2091970;"CT06    ";"COMERCIAL TUCSON S.A.                             ";COLECTORA PANAMERICANA   28851;952876;"70-100NI       ";70-100NI - BIDE NICKEL C.CERAM FABRIC;1;1;1;23517091;180926033019667;184516712;;;;12/01/2031 00:00:00;1;14033303;18/09/2026 12:30:19;Mirko;Hernandez;;;;;;Mirko Hernandez;
14380222;18/09/2026 13:10:31;3;2;0001  215673-1;10;URGENTES;2091970;"CT06    ";"COMERCIAL TUCSON S.A.                             ";COLECTORA PANAMERICANA   28851;952741;"62-100N        ";62-100N - LAVATORIO DE PARED BLACK C.CERAM FABRIC;2;2;2;23517091;180926033019667;184520818;;;;11/05/2031 00:00:00;2;14033303;18/09/2026 12:30:19;Mirko;Hernandez;;;;;;Mirko Hernandez;
14380222;18/09/2026 13:10:31;3;2;0001  215673-1;10;URGENTES;2091970;"CT06    ";"COMERCIAL TUCSON S.A.                             ";COLECTORA PANAMERICANA   28851;952608;"60-121         ";60-121 - LAVATORIO C.CERAM CR MARBELLA;2;2;2;23517091;180926033019667;184522012;;;;01/25/2032 00:00:00;2;14033303;18/09/2026 12:30:19;Mirko;Hernandez;;;;;;Mirko Hernandez;
14380222;18/09/2026 13:10:31;3;2;0001  215673-1;10;URGENTES;2091970;"CT06    ";"COMERCIAL TUCSON S.A.                             ";COLECTORA PANAMERICANA   28851;951531;"20-146N        ";20-146N - MONOCOMANDO DE COCINA BLACK LINEA MOVE;2;2;2;23517840;180926124724573;184520362;;;;07/30/2031 00:00:00;2;14033701;18/09/2026 12:47:24;Gustavo;Soderquvist;;;;;;Gustavo Soderquvist;
14380222;18/09/2026 13:10:31;3;2;0001  215673-1;10;URGENTES;2091970;"CT06    ";"COMERCIAL TUCSON S.A.                             ";COLECTORA PANAMERICANA   28851;952712;"61-176         ";61-176 - LAVATORIO MONOC ALTO CR RIO;2;2;2;23517840;180926124724573;184518415;;;;10/11/2031 00:00:00;2;14033701;18/09/2026 12:47:24;Gustavo;Soderquvist;;;;;;Gustavo Soderquvist;
14380222;18/09/2026 13:10:31;3;2;0001  215673-1;10;URGENTES;2091970;"CT06    ";"COMERCIAL TUCSON S.A.                             ";COLECTORA PANAMERICANA   28851;952713;"61-176N        ";61-176N - LAVATORIO MONOC ALTO BLACK RIO;2;2;2;23517840;180926124724573;184517809;;;;07/29/2031 00:00:00;2;14033701;18/09/2026 12:47:24;Gustavo;Soderquvist;;;;;;Gustavo Soderquvist;
14380222;18/09/2026 13:10:31;3;2;0001  215673-1;10;URGENTES;2091970;"CT06    ";"COMERCIAL TUCSON S.A.                             ";COLECTORA PANAMERICANA   28851;953125;"80-180         ";80-180 - DUCHA EMB. C/TRANSF. MONOCOMANDO VERA;3;3;3;23517870;180926124815764;184522955;;;;11/23/2031 00:00:00;3;14033713;18/09/2026 12:48:15;Gustavo;Soderquvist;;;;;;Gustavo Soderquvist;
14380222;18/09/2026 13:10:31;3;2;0001  215673-1;10;URGENTES;2091970;"CT06    ";"COMERCIAL TUCSON S.A.                             ";COLECTORA PANAMERICANA   28851;952926;"70-176N        ";70-176N - BIDE MONOC C/TRANSF BLACK RIO;1;1;1;23517870;180926124815764;184517520;;;;11/23/2031 00:00:00;1;14033713;18/09/2026 12:48:15;Gustavo;Soderquvist;;;;;;Gustavo Soderquvist;
14380222;18/09/2026 13:10:31;3;2;0001  215673-1;10;URGENTES;2091970;"CT06    ";"COMERCIAL TUCSON S.A.                             ";COLECTORA PANAMERICANA   28851;952925;"70-176         ";70-176 - BIDE MONOC C/TRANSF CR RIO;1;1;1;23517870;180926124815764;184518244;;;;12/14/2031 00:00:00;1;14033713;18/09/2026 12:48:15;Gustavo;Soderquvist;;;;;;Gustavo Soderquvist;
14380222;18/09/2026 13:10:31;3;2;0001  215673-1;10;URGENTES;2091970;"CT06    ";"COMERCIAL TUCSON S.A.                             ";COLECTORA PANAMERICANA   28851;952908;"70-152         ";70-152 - BIDE MONOCOMANDO CR C/TRANSFERENCIA SORIA;1;1;1;23517870;180926124815764;184517432;;;;07/28/2031 00:00:00;1;14033713;18/09/2026 12:48:15;Gustavo;Soderquvist;;;;;;Gustavo Soderquvist;
14380222;18/09/2026 13:10:31;3;2;0001  215673-1;10;URGENTES;2091970;"CT06    ";"COMERCIAL TUCSON S.A.                             ";COLECTORA PANAMERICANA   28851;952709;"61-168N        ";61-168N - LAVATORIO MONOC ALTO BLACK WAVE;1;1;1;23517926;180926124921738;184516236;;;;07/28/2031 00:00:00;1;14033743;18/09/2026 12:49:21;Gustavo;Soderquvist;;;;;;Gustavo Soderquvist;
14380222;18/09/2026 13:10:31;3;2;0001  215673-1;10;URGENTES;2091970;"CT06    ";"COMERCIAL TUCSON S.A.                             ";COLECTORA PANAMERICANA   28851;952916;"70-168N        ";70-168N - BIDE MONOC BLACK WAVE;1;1;1;23517926;180926124921738;184520803;;;;01/05/2032 00:00:00;1;14033743;18/09/2026 12:49:21;Gustavo;Soderquvist;;;;;;Gustavo Soderquvist;
14380222;18/09/2026 13:10:31;3;2;0001  215673-1;10;URGENTES;2091970;"CT06    ";"COMERCIAL TUCSON S.A.                             ";COLECTORA PANAMERICANA   28851;953158;"80-203N        ";"DUCHA EMB C/TRANSF. MONOCOMANDO ADRA BLACK PLUS                       ";2;2;2;23517926;180926124921738;184516619;;;;07/28/2031 00:00:00;2;14033743;18/09/2026 12:49:21;Gustavo;Soderquvist;;;;;;Gustavo Soderquvist;
14380222;18/09/2026 13:10:31;3;2;0001  215673-1;10;URGENTES;2091970;"CT06    ";"COMERCIAL TUCSON S.A.                             ";COLECTORA PANAMERICANA   28851;952950;"70-200G        ";70-200G - BIDE MONOCOMANDO GOLD FABRIC;2;2;2;23517978;180926125048804;184519043;;;;07/27/2031 00:00:00;2;14033773;18/09/2026 12:50:48;Gustavo;Soderquvist;;;;;;Gustavo Soderquvist;
14380222;18/09/2026 13:10:31;3;2;0001  215673-1;10;URGENTES;2091970;"CT06    ";"COMERCIAL TUCSON S.A.                             ";COLECTORA PANAMERICANA   28851;952949;"70-200C        ";70-200C - BIDE MONOCOMANDO CR FABRIC;2;2;2;23517978;180926125048804;184516907;;;;10/28/2031 00:00:00;2;14033773;18/09/2026 12:50:48;Gustavo;Soderquvist;;;;;;Gustavo Soderquvist;
14380222;18/09/2026 13:10:31;3;2;0001  215673-1;10;URGENTES;2091970;"CT06    ";"COMERCIAL TUCSON S.A.                             ";COLECTORA PANAMERICANA   28851;952673;"60-200G        ";60-200G - LAVATORIO MONOC BAJO GOLD FABRIC;3;3;3;23517978;180926125048804;184518876;;;;07/28/2031 00:00:00;3;14033773;18/09/2026 12:50:48;Gustavo;Soderquvist;;;;;;Gustavo Soderquvist;
14380222;18/09/2026 13:10:31;3;2;0001  215673-1;10;URGENTES;2091970;"CT06    ";"COMERCIAL TUCSON S.A.                             ";COLECTORA PANAMERICANA   28851;952499;"54-203         ";"COCINA PARED EXT C.CERAM ADRA MONOCOMANDO                             ";1;1;1;23517978;180926125048804;184523221;;;;02/18/2032 00:00:00;1;14033773;18/09/2026 12:50:48;Gustavo;Soderquvist;;;;;;Gustavo Soderquvist;
14380222;18/09/2026 13:10:31;3;2;0001  215673-1;10;URGENTES;2091970;"CT06    ";"COMERCIAL TUCSON S.A.                             ";COLECTORA PANAMERICANA   28851;951563;"20-202NI       ";20-202NI - MONOCOMANDO COCINA NICKEL HOOP;2;2;2;23517978;180926125048804;184517194;;;;07/29/2031 00:00:00;2;14033773;18/09/2026 12:50:48;Gustavo;Soderquvist;;;;;;Gustavo Soderquvist;
14380222;18/09/2026 13:10:31;3;2;0001  215673-1;10;URGENTES;2091970;"CT06    ";"COMERCIAL TUCSON S.A.                             ";COLECTORA PANAMERICANA   28851;951294;"17010G         ";17010G - TOALLERO BARRAL LINEA FABRIC GOLD;4;4;4;23518339;180926125841236;184519375;;;;07/27/2031 00:00:00;4;14033943;18/09/2026 12:58:41;Gustavo;Soderquvist;;;;;;Gustavo Soderquvist;
14380222;18/09/2026 13:10:31;3;2;0001  215673-1;10;URGENTES;2091970;"CT06    ";"COMERCIAL TUCSON S.A.                             ";COLECTORA PANAMERICANA   28851;951302;"17040C         ";17040C - PORTA ROLLO LINEA FABRIC CROMO;2;2;2;23518339;180926125841236;184519857;;;;07/29/2031 00:00:00;2;14033943;18/09/2026 12:58:41;Gustavo;Soderquvist;;;;;;Gustavo Soderquvist;
14380222;18/09/2026 13:10:31;3;2;0001  215673-1;10;URGENTES;2091970;"CT06    ";"COMERCIAL TUCSON S.A.                             ";COLECTORA PANAMERICANA   28851;951303;"17040G         ";17040G - PORTA ROLLO LINEA FABRIC GOLD;4;4;4;23518339;180926125841236;184520192;;;;07/28/2031 00:00:00;4;14033943;18/09/2026 12:58:41;Gustavo;Soderquvist;;;;;;Gustavo Soderquvist;
14380222;18/09/2026 13:10:31;3;2;0001  215673-1;10;URGENTES;2091970;"CT06    ";"COMERCIAL TUCSON S.A.                             ";COLECTORA PANAMERICANA   28851;951304;"17040N         ";17040N - PORTA ROLLO LINEA FABRIC BLACK;2;2;2;23518339;180926125841236;184523627;;;;07/29/2031 00:00:00;2;14033943;18/09/2026 12:58:41;Gustavo;Soderquvist;;;;;;Gustavo Soderquvist;
14380222;18/09/2026 13:10:31;3;2;0001  215673-1;10;URGENTES;2091970;"CT06    ";"COMERCIAL TUCSON S.A.                             ";COLECTORA PANAMERICANA   28851;951305;"17050C         ";17050C - JABONERA  LINEA FABRIC CROMO;2;2;2;23518339;180926125841236;184515872;;;;07/31/2031 00:00:00;2;14033943;18/09/2026 12:58:41;Gustavo;Soderquvist;;;;;;Gustavo Soderquvist;
14380222;18/09/2026 13:10:31;3;2;0001  215673-1;10;URGENTES;2091970;"CT06    ";"COMERCIAL TUCSON S.A.                             ";COLECTORA PANAMERICANA   28851;951306;"17050G         ";17050G - JABONERA  LINEA FABRIC GOLD;2;2;2;23518339;180926125841236;184515805;;;;07/29/2031 00:00:00;2;14033943;18/09/2026 12:58:41;Gustavo;Soderquvist;;;;;;Gustavo Soderquvist;
14380222;18/09/2026 13:10:31;3;2;0001  215673-1;10;URGENTES;2091970;"CT06    ";"COMERCIAL TUCSON S.A.                             ";COLECTORA PANAMERICANA   28851;951307;"17050N         ";17050N - JABONERA  LINEA FABRIC BLACK;2;2;2;23518339;180926125841236;184523736;;;;07/30/2031 00:00:00;2;14033943;18/09/2026 12:58:41;Gustavo;Soderquvist;;;;;;Gustavo Soderquvist;
14380222;18/09/2026 13:10:31;3;2;0001  215673-1;10;URGENTES;2091970;"CT06    ";"COMERCIAL TUCSON S.A.                             ";COLECTORA PANAMERICANA   28851;951748;"3006           ";3006 - SET DE 6 PIEZAS LINEA 3000;2;2;2;23518339;180926125841236;184520586;;;;07/29/2031 00:00:00;2;14033943;18/09/2026 12:58:41;Gustavo;Soderquvist;;;;;;Gustavo Soderquvist;
14380222;18/09/2026 13:10:31;3;2;0001  215673-1;10;URGENTES;2091970;"CT06    ";"COMERCIAL TUCSON S.A.                             ";COLECTORA PANAMERICANA   28851;952618;"60-133         ";60-133 - LAVATORIO MONOCOMANDO LUGO;5;5;5;23518415;180926130007136;184521890;;;;07/29/2031 00:00:00;5;14033973;18/09/2026 13:00:07;Gustavo;Soderquvist;;;;;;Gustavo Soderquvist;
14380222;18/09/2026 13:10:31;3;2;0001  215673-1;10;URGENTES;2091970;"CT06    ";"COMERCIAL TUCSON S.A.                             ";COLECTORA PANAMERICANA   28851;951267;"16050BL        ";16050BL - JABONERA ACCESORIOS LINEA 16000 BLACK;2;2;2;23518525;180926130244336;184514026;;;;07/31/2031 00:00:00;2;14034025;18/09/2026 13:02:44;Gustavo;Soderquvist;;;;;;Gustavo Soderquvist;
14380222;18/09/2026 13:10:31;3;2;0001  215673-1;10;URGENTES;2091970;"CT06    ";"COMERCIAL TUCSON S.A.                             ";COLECTORA PANAMERICANA   28851;952955;"70-203N        ";"BIDE MONOCOMANDO ADRA BLACK                                           ";4;4;4;23518525;180926130244336;184516104;;;;07/27/2031 00:00:00;4;14034025;18/09/2026 13:02:44;Gustavo;Soderquvist;;;;;;Gustavo Soderquvist;
14380222;18/09/2026 13:10:31;3;2;0001  215673-1;10;URGENTES;2091970;"CT06    ";"COMERCIAL TUCSON S.A.                             ";COLECTORA PANAMERICANA   28851;953312;"83-133         ";83-133 - DUCHA EXT. C/TRANSF. MONOCOMANDO LUGO;5;5;5;23518525;180926130244336;184521777;;;;09/03/2031 00:00:00;5;14034025;18/09/2026 13:02:44;Gustavo;Soderquvist;;;;;;Gustavo Soderquvist;
14380223;18/09/2026 12:15:09;3;2;0001  215853-1;10;URGENTES;2091970;"CT06    ";"COMERCIAL TUCSON S.A.                             ";COLECTORA PANAMERICANA   28851;952786;"62-201NI       ";62-201NI - LAVATORIO DE PARED C.CERAM BEAT NICKEL;1;1;1;23509019;180926031109143;184522755;;;;11/02/2031 00:00:00;1;14032847;18/09/2026 12:11:09;Mirko;Hernandez;24782183;18/09/2026 10:08:53;7839;Claudio;Juarez;Mirko Hernandez;Claudio Juarez
14380223;18/09/2026 12:15:09;3;2;0001  215853-1;10;URGENTES;2091970;"CT06    ";"COMERCIAL TUCSON S.A.                             ";COLECTORA PANAMERICANA   28851;951309;"17060G         ";17060G - PORTA VASO Y CEPILLO  LINEA FABRIC GOLD;1;1;1;23509704;180926031505759;184527036;;;;07/28/2031 00:00:00;1;14032858;18/09/2026 12:15:05;Mirko;Hernandez;24782776;18/09/2026 10:26:22;7839;Claudio;Juarez;Mirko Hernandez;Claudio Juarez
14380223;18/09/2026 12:15:09;3;2;0001  215853-1;10;URGENTES;2091970;"CT06    ";"COMERCIAL TUCSON S.A.                             ";COLECTORA PANAMERICANA   28851;951298;"17020N         ";17020N - TOALLERO DE ARO LINEA FABRIC BLACK;1;1;1;23509704;180926031505759;184526729;;;;07/29/2031 00:00:00;1;14032858;18/09/2026 12:15:05;Mirko;Hernandez;24782776;18/09/2026 10:26:22;7839;Claudio;Juarez;Mirko Hernandez;Claudio Juarez
14380223;18/09/2026 12:15:09;3;2;0001  215853-1;10;URGENTES;2091970;"CT06    ";"COMERCIAL TUCSON S.A.                             ";COLECTORA PANAMERICANA   28851;951297;"17020G         ";17020G - TOALLERO DE ARO LINEA FABRIC GOLD;1;1;1;23509704;180926031505759;184527395;;;;07/29/2031 00:00:00;1;14032858;18/09/2026 12:15:05;Mirko;Hernandez;24782776;18/09/2026 10:26:22;7839;Claudio;Juarez;Mirko Hernandez;Claudio Juarez
14380223;18/09/2026 12:15:09;3;2;0001  215853-1;10;URGENTES;2091970;"CT06    ";"COMERCIAL TUCSON S.A.                             ";COLECTORA PANAMERICANA   28851;951296;"17020C         ";17020C - TOALLERO DE ARO LINEA FABRIC CROMO;1;1;1;23509704;180926031505759;184527624;;;;07/30/2031 00:00:00;1;14032858;18/09/2026 12:15:05;Mirko;Hernandez;24782776;18/09/2026 10:26:22;7839;Claudio;Juarez;Mirko Hernandez;Claudio Juarez
14380223;18/09/2026 12:15:09;3;2;0001  215853-1;10;URGENTES;2091970;"CT06    ";"COMERCIAL TUCSON S.A.                             ";COLECTORA PANAMERICANA   28851;952928;"70-180         ";70-180 - BIDE MONOCOMANDO C/TRANSF. VERA;4;4;4;23516247;180926031213660;184528644;;;;07/27/2031 00:00:00;4;14032880;18/09/2026 12:12:13;Mirko;Hernandez;;;;;;Mirko Hernandez;
14382709;18/09/2026 14:10:39;3;2;0001  215539-1;05;CAMIONETA DIARIOS 2;2092491;"FI07    ";"FILHOS S.R.L.                                     ";AV. GRAL PAZ 11863;957875;"RA771C         ";RA771C - CAMPANA C/BUJE LINEAS STD CROMO;10;10;10;23516919;180926051038526;184574788;;;;11/16/2031 00:00:00;10;14035845;18/09/2026 14:10:38;Mirko;Hernandez;24790097;18/09/2026 12:37:55;6867;Javier;Lescano;Mirko Hernandez;Javier Lescano
14382709;18/09/2026 14:10:39;3;2;0001  215539-1;05;CAMIONETA DIARIOS 2;2092491;"FI07    ";"FILHOS S.R.L.                                     ";AV. GRAL PAZ 11863;957390;"RA001          ";RA001 - CABEZAL STD NO ASCENDENTE;30;30;30;23516919;180926051038526;184575342;;;;02/11/2032 00:00:00;30;14035845;18/09/2026 14:10:38;Mirko;Hernandez;24790097;18/09/2026 12:37:55;6867;Javier;Lescano;Mirko Hernandez;Javier Lescano
14382710;19/09/2026 06:31:13;3;2;0001  215540-1;05;CAMIONETA DIARIOS 2;2092491;"FI07    ";"FILHOS S.R.L.                                     ";AV. GRAL PAZ 11863;956490;"LG03C60        ";LG03C60 - LAVATORIO CR C.STD BERNA;15;15;15;23515206;190926063108483;184564647;;;;02/10/2032 00:00:00;10;14043951;19/09/2026 06:31:08;Maximiliano;Nievas;24788274;18/09/2026 12:05:03;7827;Javier;Machado;Maximiliano Nievas;Javier Machado
14382710;19/09/2026 06:31:13;3;2;0001  215540-1;05;CAMIONETA DIARIOS 2;2092491;"FI07    ";"FILHOS S.R.L.                                     ";AV. GRAL PAZ 11863;956491;"LG03C70        ";LG03C70 - BIDE CR C.STD BERNA;15;15;15;23534007;190926062535300;184697856;;;;12/14/2031 00:00:00;10;14043955;19/09/2026 06:25:35;Maximiliano;Nievas;;;;;;Maximiliano Nievas;
14382710;19/09/2026 06:31:13;3;2;0001  215540-1;05;CAMIONETA DIARIOS 2;2092491;"FI07    ";"FILHOS S.R.L.                                     ";AV. GRAL PAZ 11863;956491;"LG03C70        ";LG03C70 - BIDE CR C.STD BERNA;15;15;15;23534015;190926062639999;184565328;;;;12/14/2031 00:00:00;5;14043962;19/09/2026 06:26:40;Maximiliano;Nievas;;;;;;Maximiliano Nievas;
14382710;19/09/2026 06:31:13;3;2;0001  215540-1;05;CAMIONETA DIARIOS 2;2092491;"FI07    ";"FILHOS S.R.L.                                     ";AV. GRAL PAZ 11863;956497;"LG04C70        ";LG04C70 - BIDE CR C.CERAM DAVOS;10;10;10;23534015;190926062639999;184697899;;;;07/29/2031 00:00:00;5;14043962;19/09/2026 06:26:40;Maximiliano;Nievas;;;;;;Maximiliano Nievas;
14382710;19/09/2026 06:31:13;3;2;0001  215540-1;05;CAMIONETA DIARIOS 2;2092491;"FI07    ";"FILHOS S.R.L.                                     ";AV. GRAL PAZ 11863;956497;"LG04C70        ";LG04C70 - BIDE CR C.CERAM DAVOS;10;10;10;23534035;190926062935773;184566666;;;;07/29/2031 00:00:00;5;14043972;19/09/2026 06:29:35;Maximiliano;Nievas;;;;;;Maximiliano Nievas;
14382710;19/09/2026 06:31:13;3;2;0001  215540-1;05;CAMIONETA DIARIOS 2;2092491;"FI07    ";"FILHOS S.R.L.                                     ";AV. GRAL PAZ 11863;956498;"LG04C80        ";LG04C80 - DUCHA EMB. C/TRANSF. CR C.CERAM DAVOS;10;10;10;23534035;190926062935773;184698036;;;;07/29/2031 00:00:00;5;14043972;19/09/2026 06:29:35;Maximiliano;Nievas;;;;;;Maximiliano Nievas;
14382710;19/09/2026 06:31:13;3;2;0001  215540-1;05;CAMIONETA DIARIOS 2;2092491;"FI07    ";"FILHOS S.R.L.                                     ";AV. GRAL PAZ 11863;956490;"LG03C60        ";LG03C60 - LAVATORIO CR C.STD BERNA;15;15;15;23534046;190926063028249;184698079;;;;02/10/2032 00:00:00;5;14043975;19/09/2026 06:30:28;Maximiliano;Nievas;;;;;;Maximiliano Nievas;
14382710;19/09/2026 06:31:13;3;2;0001  215540-1;05;CAMIONETA DIARIOS 2;2092491;"FI07    ";"FILHOS S.R.L.                                     ";AV. GRAL PAZ 11863;956498;"LG04C80        ";LG04C80 - DUCHA EMB. C/TRANSF. CR C.CERAM DAVOS;10;10;10;23534046;190926063028249;184566173;;;;07/29/2031 00:00:00;5;14043975;19/09/2026 06:30:28;Maximiliano;Nievas;;;;;;Maximiliano Nievas;
14382711;18/09/2026 14:39:44;3;2;0001  215705-1;05;CAMIONETA DIARIOS 2;2092491;"FI07    ";"FILHOS S.R.L.                                     ";AV. GRAL PAZ 11863;952081;"33-010         ";33-010 - CANILLA MESADA BL/CR LORCA;1;1;1;23512459;180926143943873;184552164;;;;12/08/2031 00:00:00;1;14037142;18/09/2026 14:39:43;Gustavo;Soderquvist;24785435;18/09/2026 11:58:52;6922;Franco;Potenza;Gustavo Soderquvist;Franco Potenza
14382711;18/09/2026 14:39:44;3;2;0001  215705-1;05;CAMIONETA DIARIOS 2;2092491;"FI07    ";"FILHOS S.R.L.                                     ";AV. GRAL PAZ 11863;953474;"933            ";933 - JGO PARED C/EXT CR DIQUE;1;1;1;23512459;180926143943873;184550796;;;;01/07/2032 00:00:00;1;14037142;18/09/2026 14:39:43;Gustavo;Soderquvist;24785435;18/09/2026 11:58:52;6922;Franco;Potenza;Gustavo Soderquvist;Franco Potenza
14382712;18/09/2026 14:40:37;3;2;0008    2938-1;05;CAMIONETA DIARIOS 2;2092097;"DF07    ";"DISTR. DE SANITARIOS FRANCO FIA S.R.L.            ";AV. GRAL PAZ 11863;952081;"33-010         ";33-010 - CANILLA MESADA BL/CR LORCA;4;4;4;23512460;180926144035582;184563582;;;;02/16/2032 00:00:00;4;14037163;18/09/2026 14:40:35;Gustavo;Soderquvist;24785435;18/09/2026 11:58:52;6922;Franco;Potenza;Gustavo Soderquvist;Franco Potenza
14382712;18/09/2026 14:40:37;3;2;0008    2938-1;05;CAMIONETA DIARIOS 2;2092097;"DF07    ";"DISTR. DE SANITARIOS FRANCO FIA S.R.L.            ";AV. GRAL PAZ 11863;953474;"933            ";933 - JGO PARED C/EXT CR DIQUE;5;5;5;23512460;180926144035582;184551127;;;;01/07/2032 00:00:00;5;14037163;18/09/2026 14:40:35;Gustavo;Soderquvist;24785435;18/09/2026 11:58:52;6922;Franco;Potenza;Gustavo Soderquvist;Franco Potenza
14382713;19/09/2026 07:12:57;3;2;0001  215812-1;05;CAMIONETA DIARIOS 2;2093517;"ML13    ";"MARASLIOGLU LEANDRO A.-MARASH BAÑOS Y COCINAS     ";AV. MARIANO ACOSTA 395;951833;"30-132         ";30-132 - COCINA MESADA MONOC. C/DUCHADOR EXTENSIBLE VIGO;2;2;2;23510326;180926220244007;184534618;;;;10/07/2031 00:00:00;2;14044018;19/09/2026 07:02:44;Mirko;Hernandez;24783407;18/09/2026 11:46:06;7827;Javier;Machado;Mirko Hernandez;Javier Machado
14382713;19/09/2026 07:12:57;3;2;0001  215812-1;05;CAMIONETA DIARIOS 2;2093517;"ML13    ";"MARASLIOGLU LEANDRO A.-MARASH BAÑOS Y COCINAS     ";AV. MARIANO ACOSTA 395;954885;"BAI01NI        ";BAI01NI - BACHA EMB COCINA C/ACCESORIOS 750x450x220 NICKEL BRUSHED;3;3;3;23513054;180926043749965;184548125;;;;09/28/2031 00:00:00;1;14034881;18/09/2026 13:37:49;Mirko;Hernandez;24786105;18/09/2026 11:21:50;7839;Claudio;Juarez;Mirko Hernandez;Claudio Juarez
14382713;19/09/2026 07:12:57;3;2;0001  215812-1;05;CAMIONETA DIARIOS 2;2093517;"ML13    ";"MARASLIOGLU LEANDRO A.-MARASH BAÑOS Y COCINAS     ";AV. MARIANO ACOSTA 395;952873;"70-100C        ";70-100C - BIDE CR C.CERAM FABRIC;2;2;2;23515193;180926221257269;184580912;;;;07/31/2031 00:00:00;2;14044146;19/09/2026 07:12:57;Mirko;Hernandez;24788263;18/09/2026 13:05:24;7636;Kevin;Arce;Mirko Hernandez;Kevin Arce
14382713;19/09/2026 07:12:57;3;2;0001  215812-1;05;CAMIONETA DIARIOS 2;2093517;"ML13    ";"MARASLIOGLU LEANDRO A.-MARASH BAÑOS Y COCINAS     ";AV. MARIANO ACOSTA 395;952874;"70-100G        ";70-100G - BIDE GOLD C.CERAM FABRIC;1;1;1;23515193;180926221257269;184581361;;;;07/29/2031 00:00:00;1;14044146;19/09/2026 07:12:57;Mirko;Hernandez;24788263;18/09/2026 13:05:24;7636;Kevin;Arce;Mirko Hernandez;Kevin Arce
14382713;19/09/2026 07:12:57;3;2;0001  215812-1;05;CAMIONETA DIARIOS 2;2093517;"ML13    ";"MARASLIOGLU LEANDRO A.-MARASH BAÑOS Y COCINAS     ";AV. MARIANO ACOSTA 395;952909;"70-153         ";70-153 - BIDE CR C.CERAM CASTILLA;1;1;1;23515193;180926221257269;184580636;;;;10/20/2031 00:00:00;1;14044146;19/09/2026 07:12:57;Mirko;Hernandez;24788263;18/09/2026 13:05:24;7636;Kevin;Arce;Mirko Hernandez;Kevin Arce
14382713;19/09/2026 07:12:57;3;2;0001  215812-1;05;CAMIONETA DIARIOS 2;2093517;"ML13    ";"MARASLIOGLU LEANDRO A.-MARASH BAÑOS Y COCINAS     ";AV. MARIANO ACOSTA 395;952945;"70-199         ";70-199 - BIDE CR C.CERAM LIVE;2;2;2;23515193;180926221257269;184564392;;;;12/16/2031 00:00:00;2;14044146;19/09/2026 07:12:57;Mirko;Hernandez;24788263;18/09/2026 13:05:24;7636;Kevin;Arce;Mirko Hernandez;Kevin Arce
14382713;19/09/2026 07:12:57;3;2;0001  215812-1;05;CAMIONETA DIARIOS 2;2093517;"ML13    ";"MARASLIOGLU LEANDRO A.-MARASH BAÑOS Y COCINAS     ";AV. MARIANO ACOSTA 395;952947;"70-199N        ";70-199N - BIDE BLACK C.CERAM LIVE;1;1;1;23515193;180926221257269;184565412;;;;07/29/2031 00:00:00;1;14044146;19/09/2026 07:12:57;Mirko;Hernandez;24788263;18/09/2026 13:05:24;7636;Kevin;Arce;Mirko Hernandez;Kevin Arce
14382713;19/09/2026 07:12:57;3;2;0001  215812-1;05;CAMIONETA DIARIOS 2;2093517;"ML13    ";"MARASLIOGLU LEANDRO A.-MARASH BAÑOS Y COCINAS     ";AV. MARIANO ACOSTA 395;954884;"BAI01N         ";BAI01N - BACHA EMB COCINA C/ACCESORIOS 750x450x220 BLACK GUN BRUSHED;5;5;5;23520160;180926043633735;184594850;;;;07/30/2031 00:00:00;1;14034883;18/09/2026 13:36:33;Mirko;Hernandez;;;;;;Mirko Hernandez;
14382713;19/09/2026 07:12:57;3;2;0001  215812-1;05;CAMIONETA DIARIOS 2;2093517;"ML13    ";"MARASLIOGLU LEANDRO A.-MARASH BAÑOS Y COCINAS     ";AV. MARIANO ACOSTA 395;954884;"BAI01N         ";BAI01N - BACHA EMB COCINA C/ACCESORIOS 750x450x220 BLACK GUN BRUSHED;5;5;5;23520170;180926043651645;184594953;;;;07/30/2031 00:00:00;1;14034888;18/09/2026 13:36:51;Mirko;Hernandez;;;;;;Mirko Hernandez;
14382713;19/09/2026 07:12:57;3;2;0001  215812-1;05;CAMIONETA DIARIOS 2;2093517;"ML13    ";"MARASLIOGLU LEANDRO A.-MARASH BAÑOS Y COCINAS     ";AV. MARIANO ACOSTA 395;954884;"BAI01N         ";BAI01N - BACHA EMB COCINA C/ACCESORIOS 750x450x220 BLACK GUN BRUSHED;5;5;5;23520181;180926043703539;184595028;;;;07/30/2031 00:00:00;1;14034897;18/09/2026 13:37:03;Mirko;Hernandez;;;;;;Mirko Hernandez;
14382713;19/09/2026 07:12:57;3;2;0001  215812-1;05;CAMIONETA DIARIOS 2;2093517;"ML13    ";"MARASLIOGLU LEANDRO A.-MARASH BAÑOS Y COCINAS     ";AV. MARIANO ACOSTA 395;954884;"BAI01N         ";BAI01N - BACHA EMB COCINA C/ACCESORIOS 750x450x220 BLACK GUN BRUSHED;5;5;5;23520190;180926043711210;184595082;;;;07/30/2031 00:00:00;1;14034902;18/09/2026 13:37:11;Mirko;Hernandez;;;;;;Mirko Hernandez;
14382713;19/09/2026 07:12:57;3;2;0001  215812-1;05;CAMIONETA DIARIOS 2;2093517;"ML13    ";"MARASLIOGLU LEANDRO A.-MARASH BAÑOS Y COCINAS     ";AV. MARIANO ACOSTA 395;954884;"BAI01N         ";BAI01N - BACHA EMB COCINA C/ACCESORIOS 750x450x220 BLACK GUN BRUSHED;5;5;5;23520199;180926043724766;184549315;;;;07/30/2031 00:00:00;1;14034908;18/09/2026 13:37:24;Mirko;Hernandez;;;;;;Mirko Hernandez;
14382713;19/09/2026 07:12:57;3;2;0001  215812-1;05;CAMIONETA DIARIOS 2;2093517;"ML13    ";"MARASLIOGLU LEANDRO A.-MARASH BAÑOS Y COCINAS     ";AV. MARIANO ACOSTA 395;954885;"BAI01NI        ";BAI01NI - BACHA EMB COCINA C/ACCESORIOS 750x450x220 NICKEL BRUSHED;3;3;3;23520208;180926043733177;184595197;;;;09/28/2031 00:00:00;1;14034911;18/09/2026 13:37:33;Mirko;Hernandez;;;;;;Mirko Hernandez;
14382713;19/09/2026 07:12:57;3;2;0001  215812-1;05;CAMIONETA DIARIOS 2;2093517;"ML13    ";"MARASLIOGLU LEANDRO A.-MARASH BAÑOS Y COCINAS     ";AV. MARIANO ACOSTA 395;954885;"BAI01NI        ";BAI01NI - BACHA EMB COCINA C/ACCESORIOS 750x450x220 NICKEL BRUSHED;3;3;3;23520216;180926043741014;184595240;;;;09/28/2031 00:00:00;1;14034915;18/09/2026 13:37:41;Mirko;Hernandez;;;;;;Mirko Hernandez;
14382713;19/09/2026 07:12:57;3;2;0001  215812-1;05;CAMIONETA DIARIOS 2;2093517;"ML13    ";"MARASLIOGLU LEANDRO A.-MARASH BAÑOS Y COCINAS     ";AV. MARIANO ACOSTA 395;951536;"20-162         ";20-162 - MONOCOMANDO COCINA ADRA;10;10;10;23534152;180926213957744;184698637;;;;07/28/2031 00:00:00;5;14044020;19/09/2026 06:39:57;Mirko;Hernandez;;;;;;Mirko Hernandez;
14382713;19/09/2026 07:12:57;3;2;0001  215812-1;05;CAMIONETA DIARIOS 2;2093517;"ML13    ";"MARASLIOGLU LEANDRO A.-MARASH BAÑOS Y COCINAS     ";AV. MARIANO ACOSTA 395;951536;"20-162         ";20-162 - MONOCOMANDO COCINA ADRA;10;10;10;23534158;180926214027910;184559955;;;;07/28/2031 00:00:00;5;14044023;19/09/2026 06:40:27;Mirko;Hernandez;;;;;;Mirko Hernandez;
14382713;19/09/2026 07:12:57;3;2;0001  215812-1;05;CAMIONETA DIARIOS 2;2093517;"ML13    ";"MARASLIOGLU LEANDRO A.-MARASH BAÑOS Y COCINAS     ";AV. MARIANO ACOSTA 395;951531;"20-146N        ";20-146N - MONOCOMANDO DE COCINA BLACK LINEA MOVE;6;6;6;23534171;180926214207034;184698756;;;;07/30/2031 00:00:00;4;14044037;19/09/2026 06:42:07;Mirko;Hernandez;;;;;;Mirko Hernandez;
14382713;19/09/2026 07:12:57;3;2;0001  215812-1;05;CAMIONETA DIARIOS 2;2093517;"ML13    ";"MARASLIOGLU LEANDRO A.-MARASH BAÑOS Y COCINAS     ";AV. MARIANO ACOSTA 395;952712;"61-176         ";61-176 - LAVATORIO MONOC ALTO CR RIO;2;2;2;23534287;180926215243906;184542641;;;;10/11/2031 00:00:00;2;14044071;19/09/2026 06:52:43;Mirko;Hernandez;;;;;;Mirko Hernandez;
14382713;19/09/2026 07:12:57;3;2;0001  215812-1;05;CAMIONETA DIARIOS 2;2093517;"ML13    ";"MARASLIOGLU LEANDRO A.-MARASH BAÑOS Y COCINAS     ";AV. MARIANO ACOSTA 395;951530;"20-146         ";20-146 - MONOCOMANDO DE COCINA CR LINEA MOVE;6;6;6;23534296;180926215300806;184699446;;;;11/23/2031 00:00:00;2;14044073;19/09/2026 06:53:00;Mirko;Hernandez;;;;;;Mirko Hernandez;
14382713;19/09/2026 07:12:57;3;2;0001  215812-1;05;CAMIONETA DIARIOS 2;2093517;"ML13    ";"MARASLIOGLU LEANDRO A.-MARASH BAÑOS Y COCINAS     ";AV. MARIANO ACOSTA 395;951531;"20-146N        ";20-146N - MONOCOMANDO DE COCINA BLACK LINEA MOVE;6;6;6;23534296;180926215300806;184557928;;;;07/30/2031 00:00:00;2;14044073;19/09/2026 06:53:00;Mirko;Hernandez;;;;;;Mirko Hernandez;
14382713;19/09/2026 07:12:57;3;2;0001  215812-1;05;CAMIONETA DIARIOS 2;2093517;"ML13    ";"MARASLIOGLU LEANDRO A.-MARASH BAÑOS Y COCINAS     ";AV. MARIANO ACOSTA 395;951530;"20-146         ";20-146 - MONOCOMANDO DE COCINA CR LINEA MOVE;6;6;6;23534312;180926215408167;184556747;;;;11/23/2031 00:00:00;4;14044079;19/09/2026 06:54:08;Mirko;Hernandez;;;;;;Mirko Hernandez;
14382713;19/09/2026 07:12:57;3;2;0001  215812-1;05;CAMIONETA DIARIOS 2;2093517;"ML13    ";"MARASLIOGLU LEANDRO A.-MARASH BAÑOS Y COCINAS     ";AV. MARIANO ACOSTA 395;952679;"60-205         ";60-205 - LAVATORIO MONOC BAJO STEEL;5;5;5;23534318;180926215441795;184536973;;;;07/28/2031 00:00:00;5;14044084;19/09/2026 06:54:41;Mirko;Hernandez;;;;;;Mirko Hernandez;
14382713;19/09/2026 07:12:57;3;2;0001  215812-1;05;CAMIONETA DIARIOS 2;2093517;"ML13    ";"MARASLIOGLU LEANDRO A.-MARASH BAÑOS Y COCINAS     ";AV. MARIANO ACOSTA 395;951654;"22-178N        ";22-178N - MONOCOMANDO DE COCINA P/AGUA FILTRADA VITA BLACK;3;3;3;23534326;180926215519145;184542195;;;;11/29/2031 00:00:00;3;14044087;19/09/2026 06:55:19;Mirko;Hernandez;;;;;;Mirko Hernandez;
14382713;19/09/2026 07:12:57;3;2;0001  215812-1;05;CAMIONETA DIARIOS 2;2093517;"ML13    ";"MARASLIOGLU LEANDRO A.-MARASH BAÑOS Y COCINAS     ";AV. MARIANO ACOSTA 395;951562;"20-202N        ";20-202N - MONOCOMANDO COCINA BLACK HOOP;1;1;1;23534326;180926215519145;184539228;;;;07/27/2031 00:00:00;1;14044087;19/09/2026 06:55:19;Mirko;Hernandez;;;;;;Mirko Hernandez;
14382713;19/09/2026 07:12:57;3;2;0001  215812-1;05;CAMIONETA DIARIOS 2;2093517;"ML13    ";"MARASLIOGLU LEANDRO A.-MARASH BAÑOS Y COCINAS     ";AV. MARIANO ACOSTA 395;952714;"61-180         ";61-180 - LAVATORIO MONOCOMANDO ALTO VERA;1;1;1;23534329;180926215604300;184547871;;;;07/28/2031 00:00:00;1;14044090;19/09/2026 06:56:04;Mirko;Hernandez;;;;;;Mirko Hernandez;
14382713;19/09/2026 07:12:57;3;2;0001  215812-1;05;CAMIONETA DIARIOS 2;2093517;"ML13    ";"MARASLIOGLU LEANDRO A.-MARASH BAÑOS Y COCINAS     ";AV. MARIANO ACOSTA 395;952707;"61-152         ";61-152 - LAVATORIO MONOCOMANDO CROMO ALTO SORIA;1;1;1;23534329;180926215604300;184548973;;;;07/27/2031 00:00:00;1;14044090;19/09/2026 06:56:04;Mirko;Hernandez;;;;;;Mirko Hernandez;
14382713;19/09/2026 07:12:57;3;2;0001  215812-1;05;CAMIONETA DIARIOS 2;2093517;"ML13    ";"MARASLIOGLU LEANDRO A.-MARASH BAÑOS Y COCINAS     ";AV. MARIANO ACOSTA 395;952709;"61-168N        ";61-168N - LAVATORIO MONOC ALTO BLACK WAVE;2;2;2;23534329;180926215604300;184539040;;;;07/28/2031 00:00:00;2;14044090;19/09/2026 06:56:04;Mirko;Hernandez;;;;;;Mirko Hernandez;
14382713;19/09/2026 07:12:57;3;2;0001  215812-1;05;CAMIONETA DIARIOS 2;2093517;"ML13    ";"MARASLIOGLU LEANDRO A.-MARASH BAÑOS Y COCINAS     ";AV. MARIANO ACOSTA 395;951554;"20-190         ";20-190 - COCINA MESADA MONOC BLACK VELVET;2;2;2;23534333;180926215634355;184540020;;;;07/28/2031 00:00:00;2;14044095;19/09/2026 06:56:34;Mirko;Hernandez;;;;;;Mirko Hernandez;
14382713;19/09/2026 07:12:57;3;2;0001  215812-1;05;CAMIONETA DIARIOS 2;2093517;"ML13    ";"MARASLIOGLU LEANDRO A.-MARASH BAÑOS Y COCINAS     ";AV. MARIANO ACOSTA 395;951524;"20-135         ";20-135 - MONOCOMANDO COCINA SANTANDER;1;1;1;23534333;180926215634355;184551439;;;;07/28/2031 00:00:00;1;14044095;19/09/2026 06:56:34;Mirko;Hernandez;;;;;;Mirko Hernandez;
14382713;19/09/2026 07:12:57;3;2;0001  215812-1;05;CAMIONETA DIARIOS 2;2093517;"ML13    ";"MARASLIOGLU LEANDRO A.-MARASH BAÑOS Y COCINAS     ";AV. MARIANO ACOSTA 395;951508;"20-121         ";20-121 - COCINA MSDA MONOC.P. REDONDO MARBELLA;1;1;1;23534333;180926215634355;184541561;;;;07/30/2031 00:00:00;1;14044095;19/09/2026 06:56:34;Mirko;Hernandez;;;;;;Mirko Hernandez;
14382713;19/09/2026 07:12:57;3;2;0001  215812-1;05;CAMIONETA DIARIOS 2;2093517;"ML13    ";"MARASLIOGLU LEANDRO A.-MARASH BAÑOS Y COCINAS     ";AV. MARIANO ACOSTA 395;952721;"61-193         ";61-193 - LAVATORIO MONOCOMANDO ALTO MORA;1;1;1;23534333;180926215634355;184552877;;;;07/27/2031 00:00:00;1;14044095;19/09/2026 06:56:34;Mirko;Hernandez;;;;;;Mirko Hernandez;
14382713;19/09/2026 07:12:57;3;2;0001  215812-1;05;CAMIONETA DIARIOS 2;2093517;"ML13    ";"MARASLIOGLU LEANDRO A.-MARASH BAÑOS Y COCINAS     ";AV. MARIANO ACOSTA 395;952724;"61-200G        ";61-200G - LAVATORIO MONOC ALTO GOLD FABRIC;2;2;2;23534338;180926215719081;184699717;;;;07/27/2031 00:00:00;1;14044100;19/09/2026 06:57:19;Mirko;Hernandez;;;;;;Mirko Hernandez;
14382713;19/09/2026 07:12:57;3;2;0001  215812-1;05;CAMIONETA DIARIOS 2;2093517;"ML13    ";"MARASLIOGLU LEANDRO A.-MARASH BAÑOS Y COCINAS     ";AV. MARIANO ACOSTA 395;952728;"61-205         ";61-205 - LAVATORIO MONOC ALTO STEEL;2;2;2;23534338;180926215719081;184536373;;;;07/28/2031 00:00:00;2;14044100;19/09/2026 06:57:19;Mirko;Hernandez;;;;;;Mirko Hernandez;
14382713;19/09/2026 07:12:57;3;2;0001  215812-1;05;CAMIONETA DIARIOS 2;2093517;"ML13    ";"MARASLIOGLU LEANDRO A.-MARASH BAÑOS Y COCINAS     ";AV. MARIANO ACOSTA 395;951540;"20-168N        ";20-168N - MONOCOMANDO COCINA BLACK WAVE;1;1;1;23534338;180926215719081;184532428;;;;07/27/2031 00:00:00;1;14044100;19/09/2026 06:57:19;Mirko;Hernandez;;;;;;Mirko Hernandez;
14382713;19/09/2026 07:12:57;3;2;0001  215812-1;05;CAMIONETA DIARIOS 2;2093517;"ML13    ";"MARASLIOGLU LEANDRO A.-MARASH BAÑOS Y COCINAS     ";AV. MARIANO ACOSTA 395;952725;"61-200N        ";61-200N - LAVATORIO MONOC ALTO FABRIC BLACK;2;2;2;23534341;180926215749029;184538009;;;;07/28/2031 00:00:00;2;14044105;19/09/2026 06:57:49;Mirko;Hernandez;;;;;;Mirko Hernandez;
14382713;19/09/2026 07:12:57;3;2;0001  215812-1;05;CAMIONETA DIARIOS 2;2093517;"ML13    ";"MARASLIOGLU LEANDRO A.-MARASH BAÑOS Y COCINAS     ";AV. MARIANO ACOSTA 395;952724;"61-200G        ";61-200G - LAVATORIO MONOC ALTO GOLD FABRIC;2;2;2;23534341;180926215749029;184540822;;;;07/27/2031 00:00:00;1;14044105;19/09/2026 06:57:49;Mirko;Hernandez;;;;;;Mirko Hernandez;
14382713;19/09/2026 07:12:57;3;2;0001  215812-1;05;CAMIONETA DIARIOS 2;2093517;"ML13    ";"MARASLIOGLU LEANDRO A.-MARASH BAÑOS Y COCINAS     ";AV. MARIANO ACOSTA 395;952723;"61-200C        ";61-200C - LAVATORIO MONOC ALTO CR FABRIC;1;1;1;23534341;180926215749029;184533759;;;;07/27/2031 00:00:00;1;14044105;19/09/2026 06:57:49;Mirko;Hernandez;;;;;;Mirko Hernandez;
14382713;19/09/2026 07:12:57;3;2;0001  215812-1;05;CAMIONETA DIARIOS 2;2093517;"ML13    ";"MARASLIOGLU LEANDRO A.-MARASH BAÑOS Y COCINAS     ";AV. MARIANO ACOSTA 395;952925;"70-176         ";70-176 - BIDE MONOC C/TRANSF CR RIO;5;5;5;23534368;180926215837807;184699806;;;;12/14/2031 00:00:00;1;14044110;19/09/2026 06:58:37;Mirko;Hernandez;;;;;;Mirko Hernandez;
14382713;19/09/2026 07:12:57;3;2;0001  215812-1;05;CAMIONETA DIARIOS 2;2093517;"ML13    ";"MARASLIOGLU LEANDRO A.-MARASH BAÑOS Y COCINAS     ";AV. MARIANO ACOSTA 395;952647;"60-176         ";"LAVATORIO MONOCOMANDO BAJO CR RIO                                     ";5;5;5;23534368;180926215837807;184546656;;;;10/11/2031 00:00:00;5;14044110;19/09/2026 06:58:37;Mirko;Hernandez;;;;;;Mirko Hernandez;
14382713;19/09/2026 07:12:57;3;2;0001  215812-1;05;CAMIONETA DIARIOS 2;2093517;"ML13    ";"MARASLIOGLU LEANDRO A.-MARASH BAÑOS Y COCINAS     ";AV. MARIANO ACOSTA 395;952648;"60-176N        ";"LAVATORIO MONOCOMANDO BAJO BLACK RIO                                  ";2;2;2;23534377;180926215917003;184543929;;;;07/29/2031 00:00:00;2;14044115;19/09/2026 06:59:17;Mirko;Hernandez;;;;;;Mirko Hernandez;
14382713;19/09/2026 07:12:57;3;2;0001  215812-1;05;CAMIONETA DIARIOS 2;2093517;"ML13    ";"MARASLIOGLU LEANDRO A.-MARASH BAÑOS Y COCINAS     ";AV. MARIANO ACOSTA 395;952925;"70-176         ";70-176 - BIDE MONOC C/TRANSF CR RIO;5;5;5;23534377;180926215917003;184543175;;;;12/14/2031 00:00:00;4;14044115;19/09/2026 06:59:17;Mirko;Hernandez;;;;;;Mirko Hernandez;
14382713;19/09/2026 07:12:57;3;2;0001  215812-1;05;CAMIONETA DIARIOS 2;2093517;"ML13    ";"MARASLIOGLU LEANDRO A.-MARASH BAÑOS Y COCINAS     ";AV. MARIANO ACOSTA 395;953322;"83-205         ";83-205 - DUCHA EXT C/TRANSF MONOC STEEL PICO CURVO;1;1;1;23534386;180926220000740;184535759;;;;07/27/2031 00:00:00;1;14044123;19/09/2026 07:00:00;Mirko;Hernandez;;;;;;Mirko Hernandez;
14382713;19/09/2026 07:12:57;3;2;0001  215812-1;05;CAMIONETA DIARIOS 2;2093517;"ML13    ";"MARASLIOGLU LEANDRO A.-MARASH BAÑOS Y COCINAS     ";AV. MARIANO ACOSTA 395;952795;"63-168         ";63-168 - LAVATORIO PARED EMB MONOC CR WAVE;1;1;1;23534386;180926220000740;184535328;;;;07/28/2031 00:00:00;1;14044123;19/09/2026 07:00:00;Mirko;Hernandez;;;;;;Mirko Hernandez;
14382713;19/09/2026 07:12:57;3;2;0001  215812-1;05;CAMIONETA DIARIOS 2;2093517;"ML13    ";"MARASLIOGLU LEANDRO A.-MARASH BAÑOS Y COCINAS     ";AV. MARIANO ACOSTA 395;952796;"63-168N        ";"LAVATORIO PARED EMB MONOC BLACK WAVE                                  ";2;2;2;23534386;180926220000740;184531655;;;;07/28/2031 00:00:00;2;14044123;19/09/2026 07:00:00;Mirko;Hernandez;;;;;;Mirko Hernandez;
14382713;19/09/2026 07:12:57;3;2;0001  215812-1;05;CAMIONETA DIARIOS 2;2093517;"ML13    ";"MARASLIOGLU LEANDRO A.-MARASH BAÑOS Y COCINAS     ";AV. MARIANO ACOSTA 395;952926;"70-176N        ";70-176N - BIDE MONOC C/TRANSF BLACK RIO;3;3;3;23534386;180926220000740;184699897;;;;11/23/2031 00:00:00;1;14044123;19/09/2026 07:00:00;Mirko;Hernandez;;;;;;Mirko Hernandez;
14382713;19/09/2026 07:12:57;3;2;0001  215812-1;05;CAMIONETA DIARIOS 2;2093517;"ML13    ";"MARASLIOGLU LEANDRO A.-MARASH BAÑOS Y COCINAS     ";AV. MARIANO ACOSTA 395;952661;"60-193         ";60-193 - LAVATORIO MONOCOMANDO BAJO MORA;1;1;1;23534386;180926220000740;184553137;;;;07/28/2031 00:00:00;1;14044123;19/09/2026 07:00:00;Mirko;Hernandez;;;;;;Mirko Hernandez;
14382713;19/09/2026 07:12:57;3;2;0001  215812-1;05;CAMIONETA DIARIOS 2;2093517;"ML13    ";"MARASLIOGLU LEANDRO A.-MARASH BAÑOS Y COCINAS     ";AV. MARIANO ACOSTA 395;952674;"60-200N        ";60-200N - LAVATORIO MONOC BAJO BLACK FABRIC;2;2;2;23534390;180926220058307;184537413;;;;07/28/2031 00:00:00;2;14044129;19/09/2026 07:00:58;Mirko;Hernandez;;;;;;Mirko Hernandez;
14382713;19/09/2026 07:12:57;3;2;0001  215812-1;05;CAMIONETA DIARIOS 2;2093517;"ML13    ";"MARASLIOGLU LEANDRO A.-MARASH BAÑOS Y COCINAS     ";AV. MARIANO ACOSTA 395;952650;"60-180         ";60-180 - LAVATORIO MONOCOMANDO BAJO VERA;2;2;2;23534390;180926220058307;184547647;;;;07/28/2031 00:00:00;2;14044129;19/09/2026 07:00:58;Mirko;Hernandez;;;;;;Mirko Hernandez;
14382713;19/09/2026 07:12:57;3;2;0001  215812-1;05;CAMIONETA DIARIOS 2;2093517;"ML13    ";"MARASLIOGLU LEANDRO A.-MARASH BAÑOS Y COCINAS     ";AV. MARIANO ACOSTA 395;952638;"60-168N        ";60-168N - LAVATORIO MONOC BAJO BLACK WAVE;3;3;3;23534390;180926220058307;184533360;;;;07/27/2031 00:00:00;3;14044129;19/09/2026 07:00:58;Mirko;Hernandez;;;;;;Mirko Hernandez;
14382713;19/09/2026 07:12:57;3;2;0001  215812-1;05;CAMIONETA DIARIOS 2;2093517;"ML13    ";"MARASLIOGLU LEANDRO A.-MARASH BAÑOS Y COCINAS     ";AV. MARIANO ACOSTA 395;952630;"60-152         ";60-152 - LAVATORIO CR MONOCOMANDO BAJO SORIA;1;1;1;23534390;180926220058307;184549890;;;;07/27/2031 00:00:00;1;14044129;19/09/2026 07:00:58;Mirko;Hernandez;;;;;;Mirko Hernandez;
14382713;19/09/2026 07:12:57;3;2;0001  215812-1;05;CAMIONETA DIARIOS 2;2093517;"ML13    ";"MARASLIOGLU LEANDRO A.-MARASH BAÑOS Y COCINAS     ";AV. MARIANO ACOSTA 395;952926;"70-176N        ";70-176N - BIDE MONOC C/TRANSF BLACK RIO;3;3;3;23534403;180926220218616;184544582;;;;11/23/2031 00:00:00;2;14044137;19/09/2026 07:02:18;Mirko;Hernandez;;;;;;Mirko Hernandez;
14382713;19/09/2026 07:12:57;3;2;0001  215812-1;05;CAMIONETA DIARIOS 2;2093517;"ML13    ";"MARASLIOGLU LEANDRO A.-MARASH BAÑOS Y COCINAS     ";AV. MARIANO ACOSTA 395;953122;"80-176         ";80-176 - DUCHA EMB C/TRANSF MONOC CR RIO;5;5;5;23534403;180926220218616;184545509;;;;07/29/2031 00:00:00;5;14044137;19/09/2026 07:02:18;Mirko;Hernandez;;;;;;Mirko Hernandez;
14382713;19/09/2026 07:12:57;3;2;0001  215812-1;05;CAMIONETA DIARIOS 2;2093517;"ML13    ";"MARASLIOGLU LEANDRO A.-MARASH BAÑOS Y COCINAS     ";AV. MARIANO ACOSTA 395;953347;"85-168N        ";85-168N - DUCHA MONOC C/TRANSF Y DUCHADOR BLACK WAVE;2;2;2;23534427;180926220418233;184583711;;;;02/04/2032 00:00:00;2;14044148;19/09/2026 07:04:18;Mirko;Hernandez;;;;;;Mirko Hernandez;
14382713;19/09/2026 07:12:57;3;2;0001  215812-1;05;CAMIONETA DIARIOS 2;2093517;"ML13    ";"MARASLIOGLU LEANDRO A.-MARASH BAÑOS Y COCINAS     ";AV. MARIANO ACOSTA 395;953153;"80-200G        ";80-200G - DUCHA EMB. MONOC. 3 FUNCIONES GOLD FABRIC;2;2;2;23534427;180926220418233;184700218;;;;01/18/2032 00:00:00;1;14044148;19/09/2026 07:04:18;Mirko;Hernandez;;;;;;Mirko Hernandez;
14382713;19/09/2026 07:12:57;3;2;0001  215812-1;05;CAMIONETA DIARIOS 2;2093517;"ML13    ";"MARASLIOGLU LEANDRO A.-MARASH BAÑOS Y COCINAS     ";AV. MARIANO ACOSTA 395;953153;"80-200G        ";80-200G - DUCHA EMB. MONOC. 3 FUNCIONES GOLD FABRIC;2;2;2;23534448;180926220524484;184583504;;;;01/18/2032 00:00:00;1;14044157;19/09/2026 07:05:24;Mirko;Hernandez;;;;;;Mirko Hernandez;
14382713;19/09/2026 07:12:57;3;2;0001  215812-1;05;CAMIONETA DIARIOS 2;2093517;"ML13    ";"MARASLIOGLU LEANDRO A.-MARASH BAÑOS Y COCINAS     ";AV. MARIANO ACOSTA 395;953112;"80-168         ";80-168 - DUCHA EMB C/TRANSF MONOC CR WAVE;1;1;1;23534448;180926220524484;184582387;;;;02/04/2032 00:00:00;1;14044157;19/09/2026 07:05:24;Mirko;Hernandez;;;;;;Mirko Hernandez;
14382713;19/09/2026 07:12:57;3;2;0001  215812-1;05;CAMIONETA DIARIOS 2;2093517;"ML13    ";"MARASLIOGLU LEANDRO A.-MARASH BAÑOS Y COCINAS     ";AV. MARIANO ACOSTA 395;953154;"80-200N        ";80-200N - DUCHA EMB. MONOC. 3 FUNCIONES BLACK FABRIC;2;2;2;23534448;180926220524484;184700310;;;;01/18/2032 00:00:00;1;14044157;19/09/2026 07:05:24;Mirko;Hernandez;;;;;;Mirko Hernandez;
14382713;19/09/2026 07:12:57;3;2;0001  215812-1;05;CAMIONETA DIARIOS 2;2093517;"ML13    ";"MARASLIOGLU LEANDRO A.-MARASH BAÑOS Y COCINAS     ";AV. MARIANO ACOSTA 395;953148;"80-199         ";80-199 - DUCHA EMB. C/TRANSF. CR C.CERAM LIVE;5;5;5;23534453;180926220548540;184700350;;;;01/20/2032 00:00:00;2;14044163;19/09/2026 07:05:48;Mirko;Hernandez;;;;;;Mirko Hernandez;
14382713;19/09/2026 07:12:57;3;2;0001  215812-1;05;CAMIONETA DIARIOS 2;2093517;"ML13    ";"MARASLIOGLU LEANDRO A.-MARASH BAÑOS Y COCINAS     ";AV. MARIANO ACOSTA 395;953154;"80-200N        ";80-200N - DUCHA EMB. MONOC. 3 FUNCIONES BLACK FABRIC;2;2;2;23534453;180926220548540;184582248;;;;01/18/2032 00:00:00;1;14044163;19/09/2026 07:05:48;Mirko;Hernandez;;;;;;Mirko Hernandez;
14382713;19/09/2026 07:12:57;3;2;0001  215812-1;05;CAMIONETA DIARIOS 2;2093517;"ML13    ";"MARASLIOGLU LEANDRO A.-MARASH BAÑOS Y COCINAS     ";AV. MARIANO ACOSTA 395;953148;"80-199         ";80-199 - DUCHA EMB. C/TRANSF. CR C.CERAM LIVE;5;5;5;23534462;180926220624447;184564587;;;;01/20/2032 00:00:00;3;14044169;19/09/2026 07:06:24;Mirko;Hernandez;;;;;;Mirko Hernandez;
14382713;19/09/2026 07:12:57;3;2;0001  215812-1;05;CAMIONETA DIARIOS 2;2093517;"ML13    ";"MARASLIOGLU LEANDRO A.-MARASH BAÑOS Y COCINAS     ";AV. MARIANO ACOSTA 395;953113;"80-168N        ";80-168N - DUCHA EMB C/TRANSF MONOC BLACK WAVE;2;2;2;23534472;180926220654820;184583954;;;;01/22/2032 00:00:00;2;14044171;19/09/2026 07:06:54;Mirko;Hernandez;;;;;;Mirko Hernandez;
14382713;19/09/2026 07:12:57;3;2;0001  215812-1;05;CAMIONETA DIARIOS 2;2093517;"ML13    ";"MARASLIOGLU LEANDRO A.-MARASH BAÑOS Y COCINAS     ";AV. MARIANO ACOSTA 395;953072;"80-100N        ";80-100N - DUCHA EMB. C/TRANSF. BLACK C.CERAM FABRIC;1;1;1;23534472;180926220654820;184581635;;;;02/02/2032 00:00:00;1;14044171;19/09/2026 07:06:54;Mirko;Hernandez;;;;;;Mirko Hernandez;
14382713;19/09/2026 07:12:57;3;2;0001  215812-1;05;CAMIONETA DIARIOS 2;2093517;"ML13    ";"MARASLIOGLU LEANDRO A.-MARASH BAÑOS Y COCINAS     ";AV. MARIANO ACOSTA 395;953171;"80-353NI       ";80-353NI - DUCHA DE EMB 3 FUNCIONES BEAT NICKEL;1;1;1;23534498;180926220749417;184565748;;;;02/01/2032 00:00:00;1;14044180;19/09/2026 07:07:49;Mirko;Hernandez;;;;;;Mirko Hernandez;
14382713;19/09/2026 07:12:57;3;2;0001  215812-1;05;CAMIONETA DIARIOS 2;2093517;"ML13    ";"MARASLIOGLU LEANDRO A.-MARASH BAÑOS Y COCINAS     ";AV. MARIANO ACOSTA 395;953104;"80-153         ";80-153 - DUCHA EMB. C/TRANSF. CR C.CERAM CASTILLA;1;1;1;23534498;180926220749417;184580768;;;;01/20/2032 00:00:00;1;14044180;19/09/2026 07:07:49;Mirko;Hernandez;;;;;;Mirko Hernandez;
14382713;19/09/2026 07:12:57;3;2;0001  215812-1;05;CAMIONETA DIARIOS 2;2093517;"ML13    ";"MARASLIOGLU LEANDRO A.-MARASH BAÑOS Y COCINAS     ";AV. MARIANO ACOSTA 395;953070;"80-100C        ";80-100C - DUCHA EMB. C/TRANSF. CR C.CERAM FABRIC;1;1;1;23534498;180926220749417;184581016;;;;07/30/2031 00:00:00;1;14044180;19/09/2026 07:07:49;Mirko;Hernandez;;;;;;Mirko Hernandez;
14382713;19/09/2026 07:12:57;3;2;0001  215812-1;05;CAMIONETA DIARIOS 2;2093517;"ML13    ";"MARASLIOGLU LEANDRO A.-MARASH BAÑOS Y COCINAS     ";AV. MARIANO ACOSTA 395;953150;"80-199N        ";80-199N - DUCHA EMB. C/TRANSF. BLACK C.CERAM LIVE;1;1;1;23534510;180926220825826;184565448;;;;10/11/2031 00:00:00;1;14044188;19/09/2026 07:08:25;Mirko;Hernandez;;;;;;Mirko Hernandez;
14382713;19/09/2026 07:12:57;3;2;0001  215812-1;05;CAMIONETA DIARIOS 2;2093517;"ML13    ";"MARASLIOGLU LEANDRO A.-MARASH BAÑOS Y COCINAS     ";AV. MARIANO ACOSTA 395;952597;"60-100N        ";60-100N - LAVATORIO BLACK C.CERAM FABRIC;1;1;1;23534541;180926220921762;184581480;;;;12/01/2031 00:00:00;1;14044196;19/09/2026 07:09:21;Mirko;Hernandez;;;;;;Mirko Hernandez;
14382713;19/09/2026 07:12:57;3;2;0001  215812-1;05;CAMIONETA DIARIOS 2;2093517;"ML13    ";"MARASLIOGLU LEANDRO A.-MARASH BAÑOS Y COCINAS     ";AV. MARIANO ACOSTA 395;952667;"60-199         ";60-199 - LAVATORIO CR C.CERAM LIVE;5;5;5;23534541;180926220921762;184700712;;;;11/16/2031 00:00:00;3;14044196;19/09/2026 07:09:21;Mirko;Hernandez;;;;;;Mirko Hernandez;
14382713;19/09/2026 07:12:57;3;2;0001  215812-1;05;CAMIONETA DIARIOS 2;2093517;"ML13    ";"MARASLIOGLU LEANDRO A.-MARASH BAÑOS Y COCINAS     ";AV. MARIANO ACOSTA 395;952596;"60-100G        ";60-100G - LAVATORIO GOLD C.CERAM FABRIC;3;3;3;23534570;180926221009301;184581302;;;;11/10/2031 00:00:00;3;14044203;19/09/2026 07:10:09;Mirko;Hernandez;;;;;;Mirko Hernandez;
14382713;19/09/2026 07:12:57;3;2;0001  215812-1;05;CAMIONETA DIARIOS 2;2093517;"ML13    ";"MARASLIOGLU LEANDRO A.-MARASH BAÑOS Y COCINAS     ";AV. MARIANO ACOSTA 395;952631;"60-153         ";60-153 - LAVATORIO CR C.CERAMICO CASTILLA;1;1;1;23534570;180926221009301;184580695;;;;11/23/2031 00:00:00;1;14044203;19/09/2026 07:10:09;Mirko;Hernandez;;;;;;Mirko Hernandez;
14382713;19/09/2026 07:12:57;3;2;0001  215812-1;05;CAMIONETA DIARIOS 2;2093517;"ML13    ";"MARASLIOGLU LEANDRO A.-MARASH BAÑOS Y COCINAS     ";AV. MARIANO ACOSTA 395;952667;"60-199         ";60-199 - LAVATORIO CR C.CERAM LIVE;5;5;5;23534582;180926221045489;184564747;;;;11/16/2031 00:00:00;2;14044205;19/09/2026 07:10:45;Mirko;Hernandez;;;;;;Mirko Hernandez;
14382713;19/09/2026 07:12:57;3;2;0001  215812-1;05;CAMIONETA DIARIOS 2;2093517;"ML13    ";"MARASLIOGLU LEANDRO A.-MARASH BAÑOS Y COCINAS     ";AV. MARIANO ACOSTA 395;952658;"60-190         ";60-190 - LAVATORIO C.CERAM BLACK VELVET;2;2;2;23534582;180926221045489;184580513;;;;08/12/2031 00:00:00;2;14044205;19/09/2026 07:10:45;Mirko;Hernandez;;;;;;Mirko Hernandez;
14382713;19/09/2026 07:12:57;3;2;0001  215812-1;05;CAMIONETA DIARIOS 2;2093517;"ML13    ";"MARASLIOGLU LEANDRO A.-MARASH BAÑOS Y COCINAS     ";AV. MARIANO ACOSTA 395;952598;"60-100NI       ";60-100NI - LAVATORIO NICKEL C.CERAM FABRIC;2;2;2;23534590;180926221127167;184564256;;;;10/08/2031 00:00:00;2;14044210;19/09/2026 07:11:27;Mirko;Hernandez;;;;;;Mirko Hernandez;
14382713;19/09/2026 07:12:57;3;2;0001  215812-1;05;CAMIONETA DIARIOS 2;2093517;"ML13    ";"MARASLIOGLU LEANDRO A.-MARASH BAÑOS Y COCINAS     ";AV. MARIANO ACOSTA 395;952641;"60-175         ";60-175 - LAVATORIO CR. C.CERAM PULSE;1;1;1;23534590;180926221127167;184582480;;;;07/29/2031 00:00:00;1;14044210;19/09/2026 07:11:27;Mirko;Hernandez;;;;;;Mirko Hernandez;
14382713;19/09/2026 07:12:57;3;2;0001  215812-1;05;CAMIONETA DIARIOS 2;2093517;"ML13    ";"MARASLIOGLU LEANDRO A.-MARASH BAÑOS Y COCINAS     ";AV. MARIANO ACOSTA 395;952643;"60-175DG       ";60-175DG - LAVATORIO PULSE DARK GOLD C.CERAM;1;1;1;23534590;180926221127167;184583205;;;;07/31/2031 00:00:00;1;14044210;19/09/2026 07:11:27;Mirko;Hernandez;;;;;;Mirko Hernandez;
14382714;19/09/2026 06:20:30;3;2;0001  215828-1;05;CAMIONETA DIARIOS 2;2093517;"ML13    ";"MARASLIOGLU LEANDRO A.-MARASH BAÑOS Y COCINAS     ";AV. MARIANO ACOSTA 395;951302;"17040C         ";17040C - PORTA ROLLO LINEA FABRIC CROMO;2;2;2;23510579;180926212029537;184556646;;;;07/29/2031 00:00:00;2;14043913;19/09/2026 06:20:29;Mirko;Hernandez;24783625;18/09/2026 11:47:14;7636;Kevin;Arce;Mirko Hernandez;Kevin Arce
14382714;19/09/2026 06:20:30;3;2;0001  215828-1;05;CAMIONETA DIARIOS 2;2093517;"ML13    ";"MARASLIOGLU LEANDRO A.-MARASH BAÑOS Y COCINAS     ";AV. MARIANO ACOSTA 395;951304;"17040N         ";17040N - PORTA ROLLO LINEA FABRIC BLACK;1;1;1;23510579;180926212029537;184558664;;;;07/29/2031 00:00:00;1;14043913;19/09/2026 06:20:29;Mirko;Hernandez;24783625;18/09/2026 11:47:14;7636;Kevin;Arce;Mirko Hernandez;Kevin Arce
14382714;19/09/2026 06:20:30;3;2;0001  215828-1;05;CAMIONETA DIARIOS 2;2093517;"ML13    ";"MARASLIOGLU LEANDRO A.-MARASH BAÑOS Y COCINAS     ";AV. MARIANO ACOSTA 395;951293;"17010C         ";17010C - TOALLERO BARRAL LINEA FABRIC CROMO;1;1;1;23533950;180926211936234;184557571;;;;12/28/2031 00:00:00;1;14043922;19/09/2026 06:19:36;Mirko;Hernandez;;;;;;Mirko Hernandez;
14382714;19/09/2026 06:20:30;3;2;0001  215828-1;05;CAMIONETA DIARIOS 2;2093517;"ML13    ";"MARASLIOGLU LEANDRO A.-MARASH BAÑOS Y COCINAS     ";AV. MARIANO ACOSTA 395;951301;"17030N         ";17030N - PERCHA LINEA FABRIC BLACK;2;2;2;23533950;180926211936234;184559543;;;;07/28/2031 00:00:00;2;14043922;19/09/2026 06:19:36;Mirko;Hernandez;;;;;;Mirko Hernandez;
14382714;19/09/2026 06:20:30;3;2;0001  215828-1;05;CAMIONETA DIARIOS 2;2093517;"ML13    ";"MARASLIOGLU LEANDRO A.-MARASH BAÑOS Y COCINAS     ";AV. MARIANO ACOSTA 395;951299;"17030C         ";17030C - PERCHA LINEA FABRIC CROMO;3;3;3;23533950;180926211936234;184557346;;;;11/10/2031 00:00:00;3;14043922;19/09/2026 06:19:36;Mirko;Hernandez;;;;;;Mirko Hernandez;
14382715;18/09/2026 14:36:21;3;2;0001  215908-1;05;CAMIONETA DIARIOS 2;2092491;"FI07    ";"FILHOS S.R.L.                                     ";AV. GRAL PAZ 11863;952679;"60-205         ";60-205 - LAVATORIO MONOC BAJO STEEL;3;3;3;23516582;180926053620894;184573433;;;;07/28/2031 00:00:00;3;14036831;18/09/2026 14:36:20;Mirko;Hernandez;24789759;18/09/2026 12:32:20;6922;Franco;Potenza;Mirko Hernandez;Franco Potenza
14382715;18/09/2026 14:36:21;3;2;0001  215908-1;05;CAMIONETA DIARIOS 2;2092491;"FI07    ";"FILHOS S.R.L.                                     ";AV. GRAL PAZ 11863;951528;"20-140         ";20-140 - MONOCOMANDO DE COCINA LINEA CUINA;5;5;5;23523255;180926053203152;184573702;;;;10/07/2031 00:00:00;5;14036846;18/09/2026 14:32:03;Mirko;Hernandez;;;;;;Mirko Hernandez;
14382715;18/09/2026 14:36:21;3;2;0001  215908-1;05;CAMIONETA DIARIOS 2;2092491;"FI07    ";"FILHOS S.R.L.                                     ";AV. GRAL PAZ 11863;952618;"60-133         ";60-133 - LAVATORIO MONOCOMANDO LUGO;16;16;16;23523317;180926053251310;184616961;;;;07/29/2031 00:00:00;6;14036882;18/09/2026 14:32:51;Mirko;Hernandez;;;;;;Mirko Hernandez;
14382715;18/09/2026 14:36:21;3;2;0001  215908-1;05;CAMIONETA DIARIOS 2;2092491;"FI07    ";"FILHOS S.R.L.                                     ";AV. GRAL PAZ 11863;952618;"60-133         ";60-133 - LAVATORIO MONOCOMANDO LUGO;16;16;16;23523343;180926053307836;184617071;;;;07/29/2031 00:00:00;6;14036892;18/09/2026 14:33:07;Mirko;Hernandez;;;;;;Mirko Hernandez;
14382715;18/09/2026 14:36:21;3;2;0001  215908-1;05;CAMIONETA DIARIOS 2;2092491;"FI07    ";"FILHOS S.R.L.                                     ";AV. GRAL PAZ 11863;952618;"60-133         ";60-133 - LAVATORIO MONOCOMANDO LUGO;16;16;16;23523419;180926053421672;184575064;;;;07/29/2031 00:00:00;4;14036959;18/09/2026 14:34:21;Mirko;Hernandez;;;;;;Mirko Hernandez;
14382715;18/09/2026 14:36:21;3;2;0001  215908-1;05;CAMIONETA DIARIOS 2;2092491;"FI07    ";"FILHOS S.R.L.                                     ";AV. GRAL PAZ 11863;951565;"20-205         ";20-205 - MONOCOMANDO DE COCINA STEEL;3;3;3;23523495;180926053554730;184574494;;;;07/28/2031 00:00:00;3;14037018;18/09/2026 14:35:54;Mirko;Hernandez;;;;;;Mirko Hernandez;
14382715;18/09/2026 14:36:21;3;2;0001  215908-1;05;CAMIONETA DIARIOS 2;2092491;"FI07    ";"FILHOS S.R.L.                                     ";AV. GRAL PAZ 11863;952956;"70-205         ";70-205 - BIDE MONOCOMANDO STEEL;3;3;3;23523506;180926053612951;184572331;;;;11/23/2031 00:00:00;3;14037032;18/09/2026 14:36:12;Mirko;Hernandez;;;;;;Mirko Hernandez;
14382716;18/09/2026 14:19:58;3;2;0008    2949-1;05;CAMIONETA DIARIOS 2;2092097;"DF07    ";"DISTR. DE SANITARIOS FRANCO FIA S.R.L.            ";AV. GRAL PAZ 11863;953109;"80-166         ";"DUCHA EMB. C/TRANSF. CR C.CERAM ADRA PLUS                             ";10;10;10;23513771;180926141954842;184569523;;;;01/19/2032 00:00:00;2;14035198;18/09/2026 14:19:54;Gustavo;Soderquvist;24786882;18/09/2026 12:15:03;7839;Claudio;Juarez;Gustavo Soderquvist;Claudio Juarez
14382716;18/09/2026 14:19:58;3;2;0008    2949-1;05;CAMIONETA DIARIOS 2;2092097;"DF07    ";"DISTR. DE SANITARIOS FRANCO FIA S.R.L.            ";AV. GRAL PAZ 11863;953445;"919/M          ";919/M - JGO.MDA.P.CANO CROMO LAZA;8;8;8;23513771;180926141954842;184561536;;;;01/31/2032 00:00:00;3;14035198;18/09/2026 14:19:54;Gustavo;Soderquvist;24786882;18/09/2026 12:15:03;7839;Claudio;Juarez;Gustavo Soderquvist;Claudio Juarez
14382716;18/09/2026 14:19:58;3;2;0008    2949-1;05;CAMIONETA DIARIOS 2;2092097;"DF07    ";"DISTR. DE SANITARIOS FRANCO FIA S.R.L.            ";AV. GRAL PAZ 11863;953110;"80-166N        ";80-166N - DUCHA EMB. C/TRANSF. BLACK C.CERAM ADRA PLUS;8;8;8;23521188;180926135545218;184601995;;;;01/12/2032 00:00:00;4;14035469;18/09/2026 13:55:45;Gustavo;Soderquvist;;;;;;Gustavo Soderquvist;
14382716;18/09/2026 14:19:58;3;2;0008    2949-1;05;CAMIONETA DIARIOS 2;2092097;"DF07    ";"DISTR. DE SANITARIOS FRANCO FIA S.R.L.            ";AV. GRAL PAZ 11863;953110;"80-166N        ";80-166N - DUCHA EMB. C/TRANSF. BLACK C.CERAM ADRA PLUS;8;8;8;23521207;180926135607631;184556941;;;;01/12/2032 00:00:00;4;14035485;18/09/2026 13:56:07;Gustavo;Soderquvist;;;;;;Gustavo Soderquvist;
14382716;18/09/2026 14:19:58;3;2;0008    2949-1;05;CAMIONETA DIARIOS 2;2092097;"DF07    ";"DISTR. DE SANITARIOS FRANCO FIA S.R.L.            ";AV. GRAL PAZ 11863;953109;"80-166         ";"DUCHA EMB. C/TRANSF. CR C.CERAM ADRA PLUS                             ";10;10;10;23521252;180926135708834;184602502;;;;01/19/2032 00:00:00;4;14035530;18/09/2026 13:57:08;Gustavo;Soderquvist;;;;;;Gustavo Soderquvist;
14382716;18/09/2026 14:19:58;3;2;0008    2949-1;05;CAMIONETA DIARIOS 2;2092097;"DF07    ";"DISTR. DE SANITARIOS FRANCO FIA S.R.L.            ";AV. GRAL PAZ 11863;953109;"80-166         ";"DUCHA EMB. C/TRANSF. CR C.CERAM ADRA PLUS                             ";10;10;10;23521290;180926135751180;184602793;;;;01/19/2032 00:00:00;4;14035560;18/09/2026 13:57:51;Gustavo;Soderquvist;;;;;;Gustavo Soderquvist;
14382716;18/09/2026 14:19:58;3;2;0008    2949-1;05;CAMIONETA DIARIOS 2;2092097;"DF07    ";"DISTR. DE SANITARIOS FRANCO FIA S.R.L.            ";AV. GRAL PAZ 11863;951628;"215            ";"215 - LAVATORIO CROMO ""MURCIA""";6;6;6;23521340;180926135837059;184603125;;;;07/31/2031 00:00:00;5;14035589;18/09/2026 13:58:37;Gustavo;Soderquvist;;;;;;Gustavo Soderquvist;
14382716;18/09/2026 14:19:58;3;2;0008    2949-1;05;CAMIONETA DIARIOS 2;2092097;"DF07    ";"DISTR. DE SANITARIOS FRANCO FIA S.R.L.            ";AV. GRAL PAZ 11863;952610;"60-122         ";60-122 - LAVATORIO C.CERAM CR VALENCIA;6;6;6;23521340;180926135837059;184603126;;;;12/10/2031 00:00:00;5;14035589;18/09/2026 13:58:37;Gustavo;Soderquvist;;;;;;Gustavo Soderquvist;
14382716;18/09/2026 14:19:58;3;2;0008    2949-1;05;CAMIONETA DIARIOS 2;2092097;"DF07    ";"DISTR. DE SANITARIOS FRANCO FIA S.R.L.            ";AV. GRAL PAZ 11863;952856;"70-045         ";70-045 - BIDE CROMO C.STD CRUZ;10;10;10;23521368;180926135911350;184556469;;;;02/01/2032 00:00:00;10;14035602;18/09/2026 13:59:11;Gustavo;Soderquvist;;;;;;Gustavo Soderquvist;
14382716;18/09/2026 14:19:58;3;2;0008    2949-1;05;CAMIONETA DIARIOS 2;2092097;"DF07    ";"DISTR. DE SANITARIOS FRANCO FIA S.R.L.            ";AV. GRAL PAZ 11863;951620;"214/CR         ";214/CR - LAVATORIO CR/CR ARES;10;10;10;23521393;180926135942335;184555756;;;;01/27/2032 00:00:00;10;14035623;18/09/2026 13:59:42;Gustavo;Soderquvist;;;;;;Gustavo Soderquvist;
14382716;18/09/2026 14:19:58;3;2;0008    2949-1;05;CAMIONETA DIARIOS 2;2092097;"DF07    ";"DISTR. DE SANITARIOS FRANCO FIA S.R.L.            ";AV. GRAL PAZ 11863;952299;"435            ";435 - DUCHA EMB.C/TRANSF.CR MURCIA;5;5;5;23521407;180926140011185;184557984;;;;07/31/2031 00:00:00;5;14035639;18/09/2026 14:00:11;Gustavo;Soderquvist;;;;;;Gustavo Soderquvist;
14382716;18/09/2026 14:19:58;3;2;0008    2949-1;05;CAMIONETA DIARIOS 2;2092097;"DF07    ";"DISTR. DE SANITARIOS FRANCO FIA S.R.L.            ";AV. GRAL PAZ 11863;951628;"215            ";"215 - LAVATORIO CROMO ""MURCIA""";6;6;6;23521407;180926140011185;184558117;;;;07/31/2031 00:00:00;1;14035639;18/09/2026 14:00:11;Gustavo;Soderquvist;;;;;;Gustavo Soderquvist;
14382716;18/09/2026 14:19:58;3;2;0008    2949-1;05;CAMIONETA DIARIOS 2;2092097;"DF07    ";"DISTR. DE SANITARIOS FRANCO FIA S.R.L.            ";AV. GRAL PAZ 11863;951618;"214            ";214 - LAVATORIO CRUZ BL/CR ARES;8;8;8;23521407;180926140011185;184603719;;;;07/31/2031 00:00:00;4;14035639;18/09/2026 14:00:11;Gustavo;Soderquvist;;;;;;Gustavo Soderquvist;
14382716;18/09/2026 14:19:58;3;2;0008    2949-1;05;CAMIONETA DIARIOS 2;2092097;"DF07    ";"DISTR. DE SANITARIOS FRANCO FIA S.R.L.            ";AV. GRAL PAZ 11863;951618;"214            ";214 - LAVATORIO CRUZ BL/CR ARES;8;8;8;23521428;180926140042139;184555165;;;;07/31/2031 00:00:00;4;14035654;18/09/2026 14:00:42;Gustavo;Soderquvist;;;;;;Gustavo Soderquvist;
14382716;18/09/2026 14:19:58;3;2;0008    2949-1;05;CAMIONETA DIARIOS 2;2092097;"DF07    ";"DISTR. DE SANITARIOS FRANCO FIA S.R.L.            ";AV. GRAL PAZ 11863;952610;"60-122         ";60-122 - LAVATORIO C.CERAM CR VALENCIA;6;6;6;23521428;180926140042139;184557539;;;;12/10/2031 00:00:00;1;14035654;18/09/2026 14:00:42;Gustavo;Soderquvist;;;;;;Gustavo Soderquvist;
14382716;18/09/2026 14:19:58;3;2;0008    2949-1;05;CAMIONETA DIARIOS 2;2092097;"DF07    ";"DISTR. DE SANITARIOS FRANCO FIA S.R.L.            ";AV. GRAL PAZ 11863;953028;"80-010         ";80-010 - DUCHA EMB. C/TRANSF. BL/CR LORCA;15;15;15;23521428;180926140042139;184603917;;;;10/12/2031 00:00:00;5;14035654;18/09/2026 14:00:42;Gustavo;Soderquvist;;;;;;Gustavo Soderquvist;
14382716;18/09/2026 14:19:58;3;2;0008    2949-1;05;CAMIONETA DIARIOS 2;2092097;"DF07    ";"DISTR. DE SANITARIOS FRANCO FIA S.R.L.            ";AV. GRAL PAZ 11863;953028;"80-010         ";80-010 - DUCHA EMB. C/TRANSF. BL/CR LORCA;15;15;15;23521524;180926140228820;184567984;;;;10/12/2031 00:00:00;10;14035733;18/09/2026 14:02:28;Gustavo;Soderquvist;;;;;;Gustavo Soderquvist;
14382716;18/09/2026 14:19:58;3;2;0008    2949-1;05;CAMIONETA DIARIOS 2;2092097;"DF07    ";"DISTR. DE SANITARIOS FRANCO FIA S.R.L.            ";AV. GRAL PAZ 11863;952912;"70-162         ";70-162 - BIDE CR C.CERAM LINEA ADRA;10;10;10;23521557;180926140309009;184570001;;;;07/29/2031 00:00:00;10;14035753;18/09/2026 14:03:09;Gustavo;Soderquvist;;;;;;Gustavo Soderquvist;
14382716;18/09/2026 14:19:58;3;2;0008    2949-1;05;CAMIONETA DIARIOS 2;2092097;"DF07    ";"DISTR. DE SANITARIOS FRANCO FIA S.R.L.            ";AV. GRAL PAZ 11863;952426;"51-010         ";51-010 - COCINA MESADA BL/CR LORCA;20;20;20;23521618;180926140351767;184605152;;;;01/14/2032 00:00:00;10;14035783;18/09/2026 14:03:51;Gustavo;Soderquvist;;;;;;Gustavo Soderquvist;
14382716;18/09/2026 14:19:58;3;2;0008    2949-1;05;CAMIONETA DIARIOS 2;2092097;"DF07    ";"DISTR. DE SANITARIOS FRANCO FIA S.R.L.            ";AV. GRAL PAZ 11863;953197;"81-010         ";81-010 - DUCHA EMB. S/TRANSF. BL/CR LORCA;5;5;5;23521643;180926140434560;184567269;;;;11/24/2031 00:00:00;5;14035812;18/09/2026 14:04:34;Gustavo;Soderquvist;;;;;;Gustavo Soderquvist;
14382716;18/09/2026 14:19:58;3;2;0008    2949-1;05;CAMIONETA DIARIOS 2;2092097;"DF07    ";"DISTR. DE SANITARIOS FRANCO FIA S.R.L.            ";AV. GRAL PAZ 11863;952426;"51-010         ";51-010 - COCINA MESADA BL/CR LORCA;20;20;20;23521643;180926140434560;184605455;;;;01/14/2032 00:00:00;5;14035812;18/09/2026 14:04:34;Gustavo;Soderquvist;;;;;;Gustavo Soderquvist;
14382716;18/09/2026 14:19:58;3;2;0008    2949-1;05;CAMIONETA DIARIOS 2;2092097;"DF07    ";"DISTR. DE SANITARIOS FRANCO FIA S.R.L.            ";AV. GRAL PAZ 11863;952634;"60-162         ";60-162 - LAVATORIO CR C.CERAM LINEA ADRA;10;10;10;23521690;180926140533516;184565809;;;;07/29/2031 00:00:00;10;14035851;18/09/2026 14:05:33;Gustavo;Soderquvist;;;;;;Gustavo Soderquvist;
14382716;18/09/2026 14:19:58;3;2;0008    2949-1;05;CAMIONETA DIARIOS 2;2092097;"DF07    ";"DISTR. DE SANITARIOS FRANCO FIA S.R.L.            ";AV. GRAL PAZ 11863;951568;"203            ";"203 - LAVATORIO CROMO ""DIQUE""";15;15;15;23521762;180926140645075;184606361;;;;01/11/2032 00:00:00;10;14035902;18/09/2026 14:06:45;Gustavo;Soderquvist;;;;;;Gustavo Soderquvist;
14382716;18/09/2026 14:19:58;3;2;0008    2949-1;05;CAMIONETA DIARIOS 2;2092097;"DF07    ";"DISTR. DE SANITARIOS FRANCO FIA S.R.L.            ";AV. GRAL PAZ 11863;952863;"70-059         ";70-059 - BIDE BL/CR C.STD MALBA;15;15;15;23521808;180926140735126;184606670;;;;08/23/2031 00:00:00;5;14035945;18/09/2026 14:07:35;Gustavo;Soderquvist;;;;;;Gustavo Soderquvist;
14382716;18/09/2026 14:19:58;3;2;0008    2949-1;05;CAMIONETA DIARIOS 2;2092097;"DF07    ";"DISTR. DE SANITARIOS FRANCO FIA S.R.L.            ";AV. GRAL PAZ 11863;951568;"203            ";"203 - LAVATORIO CROMO ""DIQUE""";15;15;15;23521808;180926140735126;184562324;;;;01/11/2032 00:00:00;5;14035945;18/09/2026 14:07:35;Gustavo;Soderquvist;;;;;;Gustavo Soderquvist;
14382716;18/09/2026 14:19:58;3;2;0008    2949-1;05;CAMIONETA DIARIOS 2;2092097;"DF07    ";"DISTR. DE SANITARIOS FRANCO FIA S.R.L.            ";AV. GRAL PAZ 11863;952863;"70-059         ";70-059 - BIDE BL/CR C.STD MALBA;15;15;15;23521826;180926140752952;184562835;;;;08/23/2031 00:00:00;10;14035954;18/09/2026 14:07:52;Gustavo;Soderquvist;;;;;;Gustavo Soderquvist;
14382716;18/09/2026 14:19:58;3;2;0008    2949-1;05;CAMIONETA DIARIOS 2;2092097;"DF07    ";"DISTR. DE SANITARIOS FRANCO FIA S.R.L.            ";AV. GRAL PAZ 11863;953060;"80-058         ";80-058 - DUCHA EMB. C/TRANSF. CR C.STD MALBA;10;10;10;23522207;180926141425145;184564631;;;;01/06/2032 00:00:00;10;14036163;18/09/2026 14:14:25;Gustavo;Soderquvist;;;;;;Gustavo Soderquvist;
14382716;18/09/2026 14:19:58;3;2;0008    2949-1;05;CAMIONETA DIARIOS 2;2092097;"DF07    ";"DISTR. DE SANITARIOS FRANCO FIA S.R.L.            ";AV. GRAL PAZ 11863;952583;"60-058         ";60-058 - LAVATORIO CR C.STD MALBA;10;10;10;23522238;180926141508482;184564085;;;;12/03/2031 00:00:00;10;14036192;18/09/2026 14:15:08;Gustavo;Soderquvist;;;;;;Gustavo Soderquvist;
14382716;18/09/2026 14:19:58;3;2;0008    2949-1;05;CAMIONETA DIARIOS 2;2092097;"DF07    ";"DISTR. DE SANITARIOS FRANCO FIA S.R.L.            ";AV. GRAL PAZ 11863;952584;"60-059         ";60-059 - LAVATORIO BL/CR C.STD MALBA;10;10;10;23522290;180926141557764;184563163;;;;09/21/2031 00:00:00;10;14036224;18/09/2026 14:15:57;Gustavo;Soderquvist;;;;;;Gustavo Soderquvist;
14382716;18/09/2026 14:19:58;3;2;0008    2949-1;05;CAMIONETA DIARIOS 2;2092097;"DF07    ";"DISTR. DE SANITARIOS FRANCO FIA S.R.L.            ";AV. GRAL PAZ 11863;952426;"51-010         ";51-010 - COCINA MESADA BL/CR LORCA;20;20;20;23522368;180926141702886;184566920;;;;01/14/2032 00:00:00;5;14036257;18/09/2026 14:17:02;Gustavo;Soderquvist;;;;;;Gustavo Soderquvist;
14382716;18/09/2026 14:19:58;3;2;0008    2949-1;05;CAMIONETA DIARIOS 2;2092097;"DF07    ";"DISTR. DE SANITARIOS FRANCO FIA S.R.L.            ";AV. GRAL PAZ 11863;953445;"919/M          ";919/M - JGO.MDA.P.CANO CROMO LAZA;8;8;8;23522368;180926141702886;184610576;;;;01/31/2032 00:00:00;5;14036257;18/09/2026 14:17:02;Gustavo;Soderquvist;;;;;;Gustavo Soderquvist;
14382716;18/09/2026 14:19:58;3;2;0008    2949-1;05;CAMIONETA DIARIOS 2;2092097;"DF07    ";"DISTR. DE SANITARIOS FRANCO FIA S.R.L.            ";AV. GRAL PAZ 11863;953432;"910/M          ";"910/M - JGO.MDA.P.CANO CROMO ""DIQUE""";30;30;30;23522387;180926141727555;184610737;;;;12/21/2031 00:00:00;10;14036272;18/09/2026 14:17:27;Gustavo;Soderquvist;;;;;;Gustavo Soderquvist;
14382716;18/09/2026 14:19:58;3;2;0008    2949-1;05;CAMIONETA DIARIOS 2;2092097;"DF07    ";"DISTR. DE SANITARIOS FRANCO FIA S.R.L.            ";AV. GRAL PAZ 11863;953432;"910/M          ";"910/M - JGO.MDA.P.CANO CROMO ""DIQUE""";30;30;30;23522421;180926141755467;184610935;;;;12/21/2031 00:00:00;10;14036284;18/09/2026 14:17:55;Gustavo;Soderquvist;;;;;;Gustavo Soderquvist;
14382716;18/09/2026 14:19:58;3;2;0008    2949-1;05;CAMIONETA DIARIOS 2;2092097;"DF07    ";"DISTR. DE SANITARIOS FRANCO FIA S.R.L.            ";AV. GRAL PAZ 11863;953432;"910/M          ";"910/M - JGO.MDA.P.CANO CROMO ""DIQUE""";30;30;30;23522438;180926141809962;184561038;;;;12/21/2031 00:00:00;10;14036297;18/09/2026 14:18:09;Gustavo;Soderquvist;;;;;;Gustavo Soderquvist;
14382894;18/09/2026 11:52:38;3;2;0001  216011-1;10;URGENTES;2094711;"SY05    ";"SANITARIOS YRIGOYEN CABRERA S. R. L.              ";DEBENEDETTI 3052;956416;"INO104-2       ";"DEPOSITO C/DESCARGA DUAL BLANCO LINEA STONE                           ";8;8;8;23509670;180926115235684;184528698;;;;01/28/2032 00:00:00;8;14032372;18/09/2026 11:52:35;Gaston Alejandro;Kiriczuk;24782753;18/09/2026 10:29:01;7636;Kevin;Arce;Gaston Alejandro Kiriczuk;Kevin Arce
14384479;18/09/2026 13:12:42;3;2;0001  215633-1;10;URGENTES;2094990;"VM15    ";"VILANOVA DE MEIA S.R.L.                           ";CORDOBA 2231 RN1 VP09 KM 320 GARITA 10;950903;"03-010         ";"LAVATORIO ALTO TEMPORIZADO TECNO                                      ";2;2;2;23518552;180926131242473;184585454;;;;09/16/2031 00:00:00;2;14034266;18/09/2026 13:12:42;Gaston Alejandro;Kiriczuk;24791728;18/09/2026 13:09:09;6409;Gaston Alejandro;Kiriczuk;Gaston Alejandro Kiriczuk;Gaston Alejandro Kiriczuk
14384480;18/09/2026 13:12:21;3;2;0001  215583-1;10;URGENTES;2094990;"VM15    ";"VILANOVA DE MEIA S.R.L.                           ";CORDOBA 2231 RN1 VP09 KM 320 GARITA 10;951833;"30-132         ";30-132 - COCINA MESADA MONOC. C/DUCHADOR EXTENSIBLE VIGO;2;2;2;23518553;180926131221033;184585784;;;;10/07/2031 00:00:00;2;14034235;18/09/2026 13:12:21;Gaston Alejandro;Kiriczuk;24791728;18/09/2026 13:09:09;6409;Gaston Alejandro;Kiriczuk;Gaston Alejandro Kiriczuk;Gaston Alejandro Kiriczuk
14384480;18/09/2026 13:12:21;3;2;0001  215583-1;10;URGENTES;2094990;"VM15    ";"VILANOVA DE MEIA S.R.L.                           ";CORDOBA 2231 RN1 VP09 KM 320 GARITA 10;951304;"17040N         ";17040N - PORTA ROLLO LINEA FABRIC BLACK;2;2;2;23518553;180926131221033;184584943;;;;07/29/2031 00:00:00;2;14034235;18/09/2026 13:12:21;Gaston Alejandro;Kiriczuk;24791728;18/09/2026 13:09:09;6409;Gaston Alejandro;Kiriczuk;Gaston Alejandro Kiriczuk;Gaston Alejandro Kiriczuk
14384480;18/09/2026 13:12:21;3;2;0001  215583-1;10;URGENTES;2094990;"VM15    ";"VILANOVA DE MEIA S.R.L.                           ";CORDOBA 2231 RN1 VP09 KM 320 GARITA 10;951301;"17030N         ";17030N - PERCHA LINEA FABRIC BLACK;2;2;2;23518553;180926131221033;184584724;;;;07/28/2031 00:00:00;2;14034235;18/09/2026 13:12:21;Gaston Alejandro;Kiriczuk;24791728;18/09/2026 13:09:09;6409;Gaston Alejandro;Kiriczuk;Gaston Alejandro Kiriczuk;Gaston Alejandro Kiriczuk
14384480;18/09/2026 13:12:21;3;2;0001  215583-1;10;URGENTES;2094990;"VM15    ";"VILANOVA DE MEIA S.R.L.                           ";CORDOBA 2231 RN1 VP09 KM 320 GARITA 10;951299;"17030C         ";17030C - PERCHA LINEA FABRIC CROMO;2;2;2;23518553;180926131221033;184585134;;;;11/10/2031 00:00:00;2;14034235;18/09/2026 13:12:21;Gaston Alejandro;Kiriczuk;24791728;18/09/2026 13:09:09;6409;Gaston Alejandro;Kiriczuk;Gaston Alejandro Kiriczuk;Gaston Alejandro Kiriczuk
14387797;21/09/2026 07:03:38;3;2;0001  216024-1;14;RETIRA;2247574;"TS11    ";"TODO SANITARIOS Y GAS S.R.L.                      ";AV SANTA FE 1365;952786;"62-201NI       ";62-201NI - LAVATORIO DE PARED C.CERAM BEAT NICKEL;3;3;3;23536686;200926215951176;184716011;;;;11/02/2031 00:00:00;3;14049951;21/09/2026 06:59:51;Mirko;Hernandez;24809426;19/09/2026 09:10:33;6585;Mathias;Montenegro;Mirko Hernandez;Mathias Montenegro
14387797;21/09/2026 07:03:38;3;2;0001  216024-1;14;RETIRA;2247574;"TS11    ";"TODO SANITARIOS Y GAS S.R.L.                      ";AV SANTA FE 1365;954651;"A816           ";"A816 - DUCHA 6"" C/BRAZO Y CAMPANA CR";3;3;3;23536917;200926220336080;184717177;;;;07/27/2031 00:00:00;3;14049967;21/09/2026 07:03:36;Mirko;Hernandez;24809667;19/09/2026 09:20:31;6585;Mathias;Montenegro;Mirko Hernandez;Mathias Montenegro
14387797;21/09/2026 07:03:38;3;2;0001  216024-1;14;RETIRA;2247574;"TS11    ";"TODO SANITARIOS Y GAS S.R.L.                      ";AV SANTA FE 1365;951961;"3030           ";3030 - PERCHA LINEA 3000;1;1;1;23536917;200926220336080;184717317;;;;08/27/2031 00:00:00;1;14049967;21/09/2026 07:03:36;Mirko;Hernandez;24809667;19/09/2026 09:20:31;6585;Mathias;Montenegro;Mirko Hernandez;Mathias Montenegro
14387797;21/09/2026 07:03:38;3;2;0001  216024-1;14;RETIRA;2247574;"TS11    ";"TODO SANITARIOS Y GAS S.R.L.                      ";AV SANTA FE 1365;951906;"3020           ";3020 - TOALLERO DE ARO LINEA 3000;1;1;1;23536917;200926220336080;184717286;;;;07/29/2031 00:00:00;1;14049967;21/09/2026 07:03:36;Mirko;Hernandez;24809667;19/09/2026 09:20:31;6585;Mathias;Montenegro;Mirko Hernandez;Mathias Montenegro
14387797;21/09/2026 07:03:38;3;2;0001  216024-1;14;RETIRA;2247574;"TS11    ";"TODO SANITARIOS Y GAS S.R.L.                      ";AV SANTA FE 1365;951304;"17040N         ";17040N - PORTA ROLLO LINEA FABRIC BLACK;1;1;1;23544108;200926220234679;184717926;;;;07/29/2031 00:00:00;1;14049974;21/09/2026 07:02:34;Mirko;Hernandez;;;;;;Mirko Hernandez;
14387797;21/09/2026 07:03:38;3;2;0001  216024-1;14;RETIRA;2247574;"TS11    ";"TODO SANITARIOS Y GAS S.R.L.                      ";AV SANTA FE 1365;951312;"18010          ";18010 - TOALLERO BARRAL NIQUEL LINEA BEAT;2;2;2;23544108;200926220234679;184717788;;;;07/29/2031 00:00:00;2;14049974;21/09/2026 07:02:34;Mirko;Hernandez;;;;;;Mirko Hernandez;
14387797;21/09/2026 07:03:38;3;2;0001  216024-1;14;RETIRA;2247574;"TS11    ";"TODO SANITARIOS Y GAS S.R.L.                      ";AV SANTA FE 1365;952713;"61-176N        ";61-176N - LAVATORIO MONOC ALTO BLACK RIO;1;1;1;23544108;200926220234679;184717656;;;;07/29/2031 00:00:00;1;14049974;21/09/2026 07:02:34;Mirko;Hernandez;;;;;;Mirko Hernandez;
14387893;21/09/2026 09:29:29;3;2;0001  215202-1;14;RETIRA;2092963;"IM05    ";"IMEPHO S.A.                                       ";INDEPENDENCIA 3692;954804;"AB-001         ";AB-001 - AGARRADERA ACERO INOX CROMADO 30 CM SAFE;10;10;10;23535908;210926002924856;184710335;;;;07/28/2031 00:00:00;4;14050492;21/09/2026 09:29:24;Mirko;Hernandez;24808650;19/09/2026 10:32:13;6922;Franco;Potenza;Mirko Hernandez;Franco Potenza
14387893;21/09/2026 09:29:29;3;2;0001  215202-1;14;RETIRA;2092963;"IM05    ";"IMEPHO S.A.                                       ";INDEPENDENCIA 3692;952888;"70-122         ";70-122 - BIDE C.CERAM CR VALENCIA;6;6;6;23536169;200926224257637;184714449;;;;10/26/2031 00:00:00;3;14049990;21/09/2026 07:42:57;Mirko;Hernandez;24808868;19/09/2026 09:18:08;7839;Claudio;Juarez;Mirko Hernandez;Claudio Juarez
14387893;21/09/2026 09:29:29;3;2;0001  215202-1;14;RETIRA;2092963;"IM05    ";"IMEPHO S.A.                                       ";INDEPENDENCIA 3692;954915;"BCH13          ";BCH13 - BACHA DE APOYAR BLANCA RECTANGULAR 465x260x125;4;4;4;23536325;210926092442667;184722604;;;;07/27/2031 00:00:00;4;14049911;21/09/2026 09:24:42;Gustavo;Soderquvist;24809031;19/09/2026 10:45:22;6584;Luis Alberto;Villareal;Gustavo Soderquvist;Luis Alberto Villareal
14387893;21/09/2026 09:29:29;3;2;0001  215202-1;14;RETIRA;2092963;"IM05    ";"IMEPHO S.A.                                       ";INDEPENDENCIA 3692;954921;"BCH18          ";BCH18 - BACHA DE APOYAR SIMIL MARMOL 460x320x140;15;15;15;23536325;210926092442667;184725544;;;;10/04/2031 00:00:00;15;14049911;21/09/2026 09:24:42;Gustavo;Soderquvist;24809031;19/09/2026 10:45:22;6584;Luis Alberto;Villareal;Gustavo Soderquvist;Luis Alberto Villareal
14387893;21/09/2026 09:29:29;3;2;0001  215202-1;14;RETIRA;2092963;"IM05    ";"IMEPHO S.A.                                       ";INDEPENDENCIA 3692;954922;"BCH19          ";"BACHA DE APOYAR BLANCA 365x235x120                                    ";6;6;6;23536325;210926092442667;184722763;;;;07/28/2031 00:00:00;6;14049911;21/09/2026 09:24:42;Gustavo;Soderquvist;24809031;19/09/2026 10:45:22;6584;Luis Alberto;Villareal;Gustavo Soderquvist;Luis Alberto Villareal
14387893;21/09/2026 09:29:29;3;2;0001  215202-1;14;RETIRA;2092963;"IM05    ";"IMEPHO S.A.                                       ";INDEPENDENCIA 3692;954901;"BCH01          ";BCH01 - BACHA DE APOYAR CIRCULAR 320x145;20;20;20;23536325;210926092442667;184726021;;;;07/28/2031 00:00:00;20;14049911;21/09/2026 09:24:42;Gustavo;Soderquvist;24809031;19/09/2026 10:45:22;6584;Luis Alberto;Villareal;Gustavo Soderquvist;Luis Alberto Villareal
14387893;21/09/2026 09:29:29;3;2;0001  215202-1;14;RETIRA;2092963;"IM05    ";"IMEPHO S.A.                                       ";INDEPENDENCIA 3692;954908;"BCH07          ";BCH07 - BACHA DE APOYAR OVALADA 400x330x150;6;6;6;23543993;210926065342676;184726913;;;;07/29/2031 00:00:00;6;14049916;21/09/2026 06:53:42;Gustavo;Soderquvist;;;;;;Gustavo Soderquvist;
14387893;21/09/2026 09:29:29;3;2;0001  215202-1;14;RETIRA;2092963;"IM05    ";"IMEPHO S.A.                                       ";INDEPENDENCIA 3692;954914;"BCH12          ";BCH12 - BACHA DE APOYAR BLANCA 460x320x140;12;12;12;23543993;210926065342676;184726471;;;;11/10/2031 00:00:00;12;14049916;21/09/2026 06:53:42;Gustavo;Soderquvist;;;;;;Gustavo Soderquvist;
14387893;21/09/2026 09:29:29;3;2;0001  215202-1;14;RETIRA;2092963;"IM05    ";"IMEPHO S.A.                                       ";INDEPENDENCIA 3692;956412;"INO102-2       ";"DEPOSITO C/DESCARGA DUAL BLANCO LINEA LOFT                            ";20;20;20;23543993;210926065342676;184769056;;;;02/25/2032 00:00:00;2;14049916;21/09/2026 06:53:42;Gustavo;Soderquvist;;;;;;Gustavo Soderquvist;
14387893;21/09/2026 09:29:29;3;2;0001  215202-1;14;RETIRA;2092963;"IM05    ";"IMEPHO S.A.                                       ";INDEPENDENCIA 3692;956416;"INO104-2       ";"DEPOSITO C/DESCARGA DUAL BLANCO LINEA STONE                           ";8;8;8;23543993;210926065342676;184714430;;;;01/28/2032 00:00:00;8;14049916;21/09/2026 06:53:42;Gustavo;Soderquvist;;;;;;Gustavo Soderquvist;
14387893;21/09/2026 09:29:29;3;2;0001  215202-1;14;RETIRA;2092963;"IM05    ";"IMEPHO S.A.                                       ";INDEPENDENCIA 3692;956418;"INO104N-2      ";"DEPOSITO C/DESCARGA DUAL BLACK LINEA STONE                            ";4;4;4;23543993;210926065342676;184727225;;;;10/18/2031 00:00:00;4;14049916;21/09/2026 06:53:42;Gustavo;Soderquvist;;;;;;Gustavo Soderquvist;
14387893;21/09/2026 09:29:29;3;2;0001  215202-1;14;RETIRA;2092963;"IM05    ";"IMEPHO S.A.                                       ";INDEPENDENCIA 3692;956417;"INO104N-1      ";"INODORO BLACK C/ASIENTO LINEA STONE                                   ";4;4;4;23543999;210926065413064;184727195;;;;01/18/2032 00:00:00;4;14049920;21/09/2026 06:54:13;Gustavo;Soderquvist;;;;;;Gustavo Soderquvist;
14387893;21/09/2026 09:29:29;3;2;0001  215202-1;14;RETIRA;2092963;"IM05    ";"IMEPHO S.A.                                       ";INDEPENDENCIA 3692;956415;"INO104-1       ";"INODORO BLANCO C/ASIENTO LINEA STONE                                  ";8;8;8;23543999;210926065413064;184769087;;;;01/20/2032 00:00:00;2;14049920;21/09/2026 06:54:13;Gustavo;Soderquvist;;;;;;Gustavo Soderquvist;
14387893;21/09/2026 09:29:29;3;2;0001  215202-1;14;RETIRA;2092963;"IM05    ";"IMEPHO S.A.                                       ";INDEPENDENCIA 3692;956412;"INO102-2       ";"DEPOSITO C/DESCARGA DUAL BLANCO LINEA LOFT                            ";20;20;20;23544008;210926065515669;184729758;;;;02/25/2032 00:00:00;18;14049926;21/09/2026 06:55:15;Gustavo;Soderquvist;;;;;;Gustavo Soderquvist;
14387893;21/09/2026 09:29:29;3;2;0001  215202-1;14;RETIRA;2092963;"IM05    ";"IMEPHO S.A.                                       ";INDEPENDENCIA 3692;956411;"INO102-1       ";"INODORO BLANCO C/ASIENTO LINEA LOFT                                   ";20;20;20;23544008;210926065515669;184769163;;;;02/25/2032 00:00:00;2;14049926;21/09/2026 06:55:15;Gustavo;Soderquvist;;;;;;Gustavo Soderquvist;
14387893;21/09/2026 09:29:29;3;2;0001  215202-1;14;RETIRA;2092963;"IM05    ";"IMEPHO S.A.                                       ";INDEPENDENCIA 3692;952453;"51-131         ";51-131 - MESADA BIMANDO CR C.CERAM MALLORCA;5;5;5;23544208;200926220613733;184770000;;;;01/31/2032 00:00:00;2;14049994;21/09/2026 07:06:13;Mirko;Hernandez;;;;;;Mirko Hernandez;
14387893;21/09/2026 09:29:29;3;2;0001  215202-1;14;RETIRA;2092963;"IM05    ";"IMEPHO S.A.                                       ";INDEPENDENCIA 3692;953104;"80-153         ";80-153 - DUCHA EMB. C/TRANSF. CR C.CERAM CASTILLA;2;2;2;23544208;200926220613733;184770001;;;;01/20/2032 00:00:00;1;14049994;21/09/2026 07:06:13;Mirko;Hernandez;;;;;;Mirko Hernandez;
14387893;21/09/2026 09:29:29;3;2;0001  215202-1;14;RETIRA;2092963;"IM05    ";"IMEPHO S.A.                                       ";INDEPENDENCIA 3692;953073;"80-100NI       ";80-100NI - DUCHA EMB. C/TRANSF. NICKEL C.CERAM FABRIC;2;2;2;23544222;200926220643791;184770050;;;;02/08/2032 00:00:00;1;14049998;21/09/2026 07:06:43;Mirko;Hernandez;;;;;;Mirko Hernandez;
14387893;21/09/2026 09:29:29;3;2;0001  215202-1;14;RETIRA;2092963;"IM05    ";"IMEPHO S.A.                                       ";INDEPENDENCIA 3692;953148;"80-199         ";80-199 - DUCHA EMB. C/TRANSF. CR C.CERAM LIVE;2;2;2;23544222;200926220643791;184713227;;;;01/20/2032 00:00:00;2;14049998;21/09/2026 07:06:43;Mirko;Hernandez;;;;;;Mirko Hernandez;
14387893;21/09/2026 09:29:29;3;2;0001  215202-1;14;RETIRA;2092963;"IM05    ";"IMEPHO S.A.                                       ";INDEPENDENCIA 3692;953136;"80-190P        ";80-190P - DUCHA EMB. C/TRANSF. C.CERAM BLACK VELVET PLUS;2;2;2;23544225;200926220720253;184770115;;;;07/30/2031 00:00:00;1;14050000;21/09/2026 07:07:20;Mirko;Hernandez;;;;;;Mirko Hernandez;
14387893;21/09/2026 09:29:29;3;2;0001  215202-1;14;RETIRA;2092963;"IM05    ";"IMEPHO S.A.                                       ";INDEPENDENCIA 3692;953354;"85-201NI       ";85-201NI - DUCHA EMB C/TRANSF Y DUCHADOR C.CERAM BEAT NICKEL;2;2;2;23544225;200926220720253;184713504;;;;02/10/2032 00:00:00;2;14050000;21/09/2026 07:07:20;Mirko;Hernandez;;;;;;Mirko Hernandez;
14387893;21/09/2026 09:29:29;3;2;0001  215202-1;14;RETIRA;2092963;"IM05    ";"IMEPHO S.A.                                       ";INDEPENDENCIA 3692;952453;"51-131         ";51-131 - MESADA BIMANDO CR C.CERAM MALLORCA;5;5;5;23544252;200926220759035;184715392;;;;01/31/2032 00:00:00;3;14050006;21/09/2026 07:07:59;Mirko;Hernandez;;;;;;Mirko Hernandez;
14387893;21/09/2026 09:29:29;3;2;0001  215202-1;14;RETIRA;2092963;"IM05    ";"IMEPHO S.A.                                       ";INDEPENDENCIA 3692;953153;"80-200G        ";80-200G - DUCHA EMB. MONOC. 3 FUNCIONES GOLD FABRIC;2;2;2;23544264;200926220832651;184717542;;;;01/18/2032 00:00:00;2;14050011;21/09/2026 07:08:32;Mirko;Hernandez;;;;;;Mirko Hernandez;
14387893;21/09/2026 09:29:29;3;2;0001  215202-1;14;RETIRA;2092963;"IM05    ";"IMEPHO S.A.                                       ";INDEPENDENCIA 3692;953104;"80-153         ";80-153 - DUCHA EMB. C/TRANSF. CR C.CERAM CASTILLA;2;2;2;23544264;200926220832651;184714948;;;;01/20/2032 00:00:00;1;14050011;21/09/2026 07:08:32;Mirko;Hernandez;;;;;;Mirko Hernandez;
14387893;21/09/2026 09:29:29;3;2;0001  215202-1;14;RETIRA;2092963;"IM05    ";"IMEPHO S.A.                                       ";INDEPENDENCIA 3692;953073;"80-100NI       ";80-100NI - DUCHA EMB. C/TRANSF. NICKEL C.CERAM FABRIC;2;2;2;23544271;200926220859176;184714630;;;;02/08/2032 00:00:00;1;14050014;21/09/2026 07:08:59;Mirko;Hernandez;;;;;;Mirko Hernandez;
14387893;21/09/2026 09:29:29;3;2;0001  215202-1;14;RETIRA;2092963;"IM05    ";"IMEPHO S.A.                                       ";INDEPENDENCIA 3692;953154;"80-200N        ";80-200N - DUCHA EMB. MONOC. 3 FUNCIONES BLACK FABRIC;2;2;2;23544271;200926220859176;184716449;;;;01/18/2032 00:00:00;2;14050014;21/09/2026 07:08:59;Mirko;Hernandez;;;;;;Mirko Hernandez;
14387893;21/09/2026 09:29:29;3;2;0001  215202-1;14;RETIRA;2092963;"IM05    ";"IMEPHO S.A.                                       ";INDEPENDENCIA 3692;953136;"80-190P        ";80-190P - DUCHA EMB. C/TRANSF. C.CERAM BLACK VELVET PLUS;2;2;2;23544275;200926220916605;184715027;;;;07/30/2031 00:00:00;1;14050020;21/09/2026 07:09:16;Mirko;Hernandez;;;;;;Mirko Hernandez;
14387893;21/09/2026 09:29:29;3;2;0001  215202-1;14;RETIRA;2092963;"IM05    ";"IMEPHO S.A.                                       ";INDEPENDENCIA 3692;953118;"80-175DG       ";80-175DG - DUCHA EMB C/TRANSF. PULSE DARK GOLD C.CERAM;3;3;3;23544294;200926220953960;184716820;;;;10/19/2031 00:00:00;3;14050025;21/09/2026 07:09:53;Mirko;Hernandez;;;;;;Mirko Hernandez;
14387893;21/09/2026 09:29:29;3;2;0001  215202-1;14;RETIRA;2092963;"IM05    ";"IMEPHO S.A.                                       ";INDEPENDENCIA 3692;952616;"60-131         ";60-131 - LAVATORIO C.CERAM CR MALLORCA;4;4;4;23544300;200926221018269;184770471;;;;01/03/2032 00:00:00;2;14050033;21/09/2026 07:10:18;Mirko;Hernandez;;;;;;Mirko Hernandez;
14387893;21/09/2026 09:29:29;3;2;0001  215202-1;14;RETIRA;2092963;"IM05    ";"IMEPHO S.A.                                       ";INDEPENDENCIA 3692;952726;"61-203         ";61-203 - LAVATORIO MONOCOMANDO ALTO ADRA;10;10;10;23544300;200926221018269;184770472;;;;02/22/2032 00:00:00;2;14050033;21/09/2026 07:10:18;Mirko;Hernandez;;;;;;Mirko Hernandez;
14387893;21/09/2026 09:29:29;3;2;0001  215202-1;14;RETIRA;2092963;"IM05    ";"IMEPHO S.A.                                       ";INDEPENDENCIA 3692;952726;"61-203         ";61-203 - LAVATORIO MONOCOMANDO ALTO ADRA;10;10;10;23544303;200926221043233;184770536;;;;02/22/2032 00:00:00;4;14050040;21/09/2026 07:10:43;Mirko;Hernandez;;;;;;Mirko Hernandez;
14387893;21/09/2026 09:29:29;3;2;0001  215202-1;14;RETIRA;2092963;"IM05    ";"IMEPHO S.A.                                       ";INDEPENDENCIA 3692;952616;"60-131         ";60-131 - LAVATORIO C.CERAM CR MALLORCA;4;4;4;23544315;200926221106162;184715753;;;;01/03/2032 00:00:00;2;14050047;21/09/2026 07:11:06;Mirko;Hernandez;;;;;;Mirko Hernandez;
14387893;21/09/2026 09:29:29;3;2;0001  215202-1;14;RETIRA;2092963;"IM05    ";"IMEPHO S.A.                                       ";INDEPENDENCIA 3692;952726;"61-203         ";61-203 - LAVATORIO MONOCOMANDO ALTO ADRA;10;10;10;23544315;200926221106162;184770582;;;;02/22/2032 00:00:00;2;14050047;21/09/2026 07:11:06;Mirko;Hernandez;;;;;;Mirko Hernandez;
14387893;21/09/2026 09:29:29;3;2;0001  215202-1;14;RETIRA;2092963;"IM05    ";"IMEPHO S.A.                                       ";INDEPENDENCIA 3692;953110;"80-166N        ";80-166N - DUCHA EMB. C/TRANSF. BLACK C.CERAM ADRA PLUS;2;2;2;23544354;200926221155333;184714801;;;;01/12/2032 00:00:00;2;14050059;21/09/2026 07:11:55;Mirko;Hernandez;;;;;;Mirko Hernandez;
14387893;21/09/2026 09:29:29;3;2;0001  215202-1;14;RETIRA;2092963;"IM05    ";"IMEPHO S.A.                                       ";INDEPENDENCIA 3692;952726;"61-203         ";61-203 - LAVATORIO MONOCOMANDO ALTO ADRA;10;10;10;23544354;200926221155333;184714047;;;;02/22/2032 00:00:00;2;14050059;21/09/2026 07:11:55;Mirko;Hernandez;;;;;;Mirko Hernandez;
14387893;21/09/2026 09:29:29;3;2;0001  215202-1;14;RETIRA;2092963;"IM05    ";"IMEPHO S.A.                                       ";INDEPENDENCIA 3692;956411;"INO102-1       ";"INODORO BLANCO C/ASIENTO LINEA LOFT                                   ";20;20;20;23544367;210926071216128;184770752;;;;02/25/2032 00:00:00;6;14050061;21/09/2026 07:12:16;Gustavo;Soderquvist;;;;;;Gustavo Soderquvist;
14387893;21/09/2026 09:29:29;3;2;0001  215202-1;14;RETIRA;2092963;"IM05    ";"IMEPHO S.A.                                       ";INDEPENDENCIA 3692;954918;"BCH16          ";BCH16 - BACHA DE APOYAR BLANCA 610x457x254 C/DESAGOTE Y REJILLA;4;4;4;23544367;210926071216128;184770751;;;;01/06/2032 00:00:00;2;14050061;21/09/2026 07:12:16;Gustavo;Soderquvist;;;;;;Gustavo Soderquvist;
14387893;21/09/2026 09:29:29;3;2;0001  215202-1;14;RETIRA;2092963;"IM05    ";"IMEPHO S.A.                                       ";INDEPENDENCIA 3692;954885;"BAI01NI        ";BAI01NI - BACHA EMB COCINA C/ACCESORIOS 750x450x220 NICKEL BRUSHED;2;2;2;23544370;210926071247080;184722988;;;;09/28/2031 00:00:00;2;14050065;21/09/2026 07:12:47;Gustavo;Soderquvist;;;;;;Gustavo Soderquvist;
14387893;21/09/2026 09:29:29;3;2;0001  215202-1;14;RETIRA;2092963;"IM05    ";"IMEPHO S.A.                                       ";INDEPENDENCIA 3692;956411;"INO102-1       ";"INODORO BLANCO C/ASIENTO LINEA LOFT                                   ";20;20;20;23544370;210926071247080;184770830;;;;02/25/2032 00:00:00;6;14050065;21/09/2026 07:12:47;Gustavo;Soderquvist;;;;;;Gustavo Soderquvist;
14387893;21/09/2026 09:29:29;3;2;0001  215202-1;14;RETIRA;2092963;"IM05    ";"IMEPHO S.A.                                       ";INDEPENDENCIA 3692;956415;"INO104-1       ";"INODORO BLANCO C/ASIENTO LINEA STONE                                  ";8;8;8;23544378;210926071311384;184715137;;;;01/20/2032 00:00:00;6;14050067;21/09/2026 07:13:11;Gustavo;Soderquvist;;;;;;Gustavo Soderquvist;
14387893;21/09/2026 09:29:29;3;2;0001  215202-1;14;RETIRA;2092963;"IM05    ";"IMEPHO S.A.                                       ";INDEPENDENCIA 3692;956411;"INO102-1       ";"INODORO BLANCO C/ASIENTO LINEA LOFT                                   ";20;20;20;23544384;210926071343695;184718231;;;;02/25/2032 00:00:00;6;14050075;21/09/2026 07:13:43;Gustavo;Soderquvist;;;;;;Gustavo Soderquvist;
14387893;21/09/2026 09:29:29;3;2;0001  215202-1;14;RETIRA;2092963;"IM05    ";"IMEPHO S.A.                                       ";INDEPENDENCIA 3692;954943;"BID102-3       ";"BIDE 3 AGUJEROS BLANCO LINEA LOFT                                     ";10;10;10;23544394;210926071409307;184713520;;;;08/13/2031 00:00:00;10;14050077;21/09/2026 07:14:09;Gustavo;Soderquvist;;;;;;Gustavo Soderquvist;
14387893;21/09/2026 09:29:29;3;2;0001  215202-1;14;RETIRA;2092963;"IM05    ";"IMEPHO S.A.                                       ";INDEPENDENCIA 3692;954918;"BCH16          ";BCH16 - BACHA DE APOYAR BLANCA 610x457x254 C/DESAGOTE Y REJILLA;4;4;4;23544449;210926071509373;184724440;;;;01/06/2032 00:00:00;2;14050087;21/09/2026 07:15:09;Gustavo;Soderquvist;;;;;;Gustavo Soderquvist;
14387893;21/09/2026 09:29:29;3;2;0001  215202-1;14;RETIRA;2092963;"IM05    ";"IMEPHO S.A.                                       ";INDEPENDENCIA 3692;954946;"BID104-1       ";"BIDE 1 AGUJERO BLANCO LINEA STONE                                     ";10;10;10;23544449;210926071509373;184716416;;;;10/26/2031 00:00:00;10;14050087;21/09/2026 07:15:09;Gustavo;Soderquvist;;;;;;Gustavo Soderquvist;
14387893;21/09/2026 09:29:29;3;2;0001  215202-1;14;RETIRA;2092963;"IM05    ";"IMEPHO S.A.                                       ";INDEPENDENCIA 3692;953109;"80-166         ";"DUCHA EMB. C/TRANSF. CR C.CERAM ADRA PLUS                             ";20;20;20;23544535;200926221922130;184771991;;;;01/19/2032 00:00:00;4;14050137;21/09/2026 07:19:22;Mirko;Hernandez;;;;;;Mirko Hernandez;
14387893;21/09/2026 09:29:29;3;2;0001  215202-1;14;RETIRA;2092963;"IM05    ";"IMEPHO S.A.                                       ";INDEPENDENCIA 3692;953109;"80-166         ";"DUCHA EMB. C/TRANSF. CR C.CERAM ADRA PLUS                             ";20;20;20;23544559;200926222013794;184772154;;;;01/19/2032 00:00:00;4;14050147;21/09/2026 07:20:13;Mirko;Hernandez;;;;;;Mirko Hernandez;
14387893;21/09/2026 09:29:29;3;2;0001  215202-1;14;RETIRA;2092963;"IM05    ";"IMEPHO S.A.                                       ";INDEPENDENCIA 3692;953109;"80-166         ";"DUCHA EMB. C/TRANSF. CR C.CERAM ADRA PLUS                             ";20;20;20;23544585;200926222122149;184772353;;;;01/19/2032 00:00:00;4;14050160;21/09/2026 07:21:22;Mirko;Hernandez;;;;;;Mirko Hernandez;
14387893;21/09/2026 09:29:29;3;2;0001  215202-1;14;RETIRA;2092963;"IM05    ";"IMEPHO S.A.                                       ";INDEPENDENCIA 3692;953109;"80-166         ";"DUCHA EMB. C/TRANSF. CR C.CERAM ADRA PLUS                             ";20;20;20;23544620;200926222254420;184772624;;;;01/19/2032 00:00:00;4;14050180;21/09/2026 07:22:54;Mirko;Hernandez;;;;;;Mirko Hernandez;
14387893;21/09/2026 09:29:29;3;2;0001  215202-1;14;RETIRA;2092963;"IM05    ";"IMEPHO S.A.                                       ";INDEPENDENCIA 3692;953109;"80-166         ";"DUCHA EMB. C/TRANSF. CR C.CERAM ADRA PLUS                             ";20;20;20;23544639;200926222332115;184712295;;;;01/19/2032 00:00:00;4;14050186;21/09/2026 07:23:32;Mirko;Hernandez;;;;;;Mirko Hernandez;
14387893;21/09/2026 09:29:29;3;2;0001  215202-1;14;RETIRA;2092963;"IM05    ";"IMEPHO S.A.                                       ";INDEPENDENCIA 3692;951620;"214/CR         ";214/CR - LAVATORIO CR/CR ARES;10;10;10;23544691;200926222531092;184716231;;;;01/27/2032 00:00:00;10;14050210;21/09/2026 07:25:31;Mirko;Hernandez;;;;;;Mirko Hernandez;
14387893;21/09/2026 09:29:29;3;2;0001  215202-1;14;RETIRA;2092963;"IM05    ";"IMEPHO S.A.                                       ";INDEPENDENCIA 3692;952888;"70-122         ";70-122 - BIDE C.CERAM CR VALENCIA;6;6;6;23544789;200926222832820;184773561;;;;10/26/2031 00:00:00;3;14050243;21/09/2026 07:28:32;Mirko;Hernandez;;;;;;Mirko Hernandez;
14387893;21/09/2026 09:29:29;3;2;0001  215202-1;14;RETIRA;2092963;"IM05    ";"IMEPHO S.A.                                       ";INDEPENDENCIA 3692;952781;"62-199         ";62-199 - LAVATORIO DE PARED CR C.CERAM LIVE;2;2;2;23544789;200926222832820;184715078;;;;08/03/2031 00:00:00;2;14050243;21/09/2026 07:28:32;Mirko;Hernandez;;;;;;Mirko Hernandez;
14387893;21/09/2026 09:29:29;3;2;0001  215202-1;14;RETIRA;2092963;"IM05    ";"IMEPHO S.A.                                       ";INDEPENDENCIA 3692;952759;"62-162N        ";62-162N - LAVATORIO DE PARED BLACK C.CERAM ADRA;4;4;4;23544789;200926222832820;184714272;;;;12/08/2031 00:00:00;4;14050243;21/09/2026 07:28:32;Mirko;Hernandez;;;;;;Mirko Hernandez;
14387893;21/09/2026 09:29:29;3;2;0001  215202-1;14;RETIRA;2092963;"IM05    ";"IMEPHO S.A.                                       ";INDEPENDENCIA 3692;952742;"62-100NI       ";62-100NI - LAVATORIO DE PARED NICKEL C.CERAM FABRIC;2;2;2;23544789;200926222832820;184773560;;;;09/02/2031 00:00:00;1;14050243;21/09/2026 07:28:32;Mirko;Hernandez;;;;;;Mirko Hernandez;
14387893;21/09/2026 09:29:29;3;2;0001  215202-1;14;RETIRA;2092963;"IM05    ";"IMEPHO S.A.                                       ";INDEPENDENCIA 3692;952740;"62-100G        ";62-100G - LAVATORIO DE PARED GOLD C.CERAM FABRIC;2;2;2;23544842;200926223015117;184715648;;;;12/20/2031 00:00:00;2;14050263;21/09/2026 07:30:15;Mirko;Hernandez;;;;;;Mirko Hernandez;
14387893;21/09/2026 09:29:29;3;2;0001  215202-1;14;RETIRA;2092963;"IM05    ";"IMEPHO S.A.                                       ";INDEPENDENCIA 3692;952742;"62-100NI       ";62-100NI - LAVATORIO DE PARED NICKEL C.CERAM FABRIC;2;2;2;23544842;200926223015117;184713612;;;;09/02/2031 00:00:00;1;14050263;21/09/2026 07:30:15;Mirko;Hernandez;;;;;;Mirko Hernandez;
14387893;21/09/2026 09:29:29;3;2;0001  215202-1;14;RETIRA;2092963;"IM05    ";"IMEPHO S.A.                                       ";INDEPENDENCIA 3692;952913;"70-162N        ";70-162N - BIDE BLACK C.CERAM LINEA ADRA;6;6;6;23544842;200926223015117;184714734;;;;02/16/2032 00:00:00;6;14050263;21/09/2026 07:30:15;Mirko;Hernandez;;;;;;Mirko Hernandez;
14387893;21/09/2026 09:29:29;3;2;0001  215202-1;14;RETIRA;2092963;"IM05    ";"IMEPHO S.A.                                       ";INDEPENDENCIA 3692;953083;"80-122         ";80-122 - DUCHA EMB.C/TRANSF. C.CERAM CR VALENCIA;4;4;4;23544842;200926223015117;184773837;;;;07/31/2031 00:00:00;1;14050263;21/09/2026 07:30:15;Mirko;Hernandez;;;;;;Mirko Hernandez;
14387893;21/09/2026 09:29:29;3;2;0001  215202-1;14;RETIRA;2092963;"IM05    ";"IMEPHO S.A.                                       ";INDEPENDENCIA 3692;952677;"60-203         ";60-203 - LAVATORIO MONOCOMANDO BAJO ADRA;20;20;20;23544853;200926223108644;184774005;;;;03/02/2032 00:00:00;6;14050273;21/09/2026 07:31:08;Mirko;Hernandez;;;;;;Mirko Hernandez;
14387893;21/09/2026 09:29:29;3;2;0001  215202-1;14;RETIRA;2092963;"IM05    ";"IMEPHO S.A.                                       ";INDEPENDENCIA 3692;952912;"70-162         ";70-162 - BIDE CR C.CERAM LINEA ADRA;12;12;12;23544853;200926223108644;184774006;;;;07/29/2031 00:00:00;1;14050273;21/09/2026 07:31:08;Mirko;Hernandez;;;;;;Mirko Hernandez;
14387893;21/09/2026 09:29:29;3;2;0001  215202-1;14;RETIRA;2092963;"IM05    ";"IMEPHO S.A.                                       ";INDEPENDENCIA 3692;953083;"80-122         ";80-122 - DUCHA EMB.C/TRANSF. C.CERAM CR VALENCIA;4;4;4;23544853;200926223108644;184714536;;;;07/31/2031 00:00:00;3;14050273;21/09/2026 07:31:08;Mirko;Hernandez;;;;;;Mirko Hernandez;
14387893;21/09/2026 09:29:29;3;2;0001  215202-1;14;RETIRA;2092963;"IM05    ";"IMEPHO S.A.                                       ";INDEPENDENCIA 3692;952945;"70-199         ";70-199 - BIDE CR C.CERAM LIVE;2;2;2;23544899;200926223255141;184774322;;;;12/16/2031 00:00:00;1;14050298;21/09/2026 07:32:55;Mirko;Hernandez;;;;;;Mirko Hernandez;
14387893;21/09/2026 09:29:29;3;2;0001  215202-1;14;RETIRA;2092963;"IM05    ";"IMEPHO S.A.                                       ";INDEPENDENCIA 3692;952876;"70-100NI       ";70-100NI - BIDE NICKEL C.CERAM FABRIC;2;2;2;23544899;200926223255141;184713104;;;;12/01/2031 00:00:00;2;14050298;21/09/2026 07:32:55;Mirko;Hernandez;;;;;;Mirko Hernandez;
14387893;21/09/2026 09:29:29;3;2;0001  215202-1;14;RETIRA;2092963;"IM05    ";"IMEPHO S.A.                                       ";INDEPENDENCIA 3692;952786;"62-201NI       ";62-201NI - LAVATORIO DE PARED C.CERAM BEAT NICKEL;5;5;5;23544899;200926223255141;184713459;;;;11/02/2031 00:00:00;5;14050298;21/09/2026 07:32:55;Mirko;Hernandez;;;;;;Mirko Hernandez;
14387893;21/09/2026 09:29:29;3;2;0001  215202-1;14;RETIRA;2092963;"IM05    ";"IMEPHO S.A.                                       ";INDEPENDENCIA 3692;952582;"60-057         ";60-057 - LAVATORIO C.STD VERIN PLUS;2;2;2;23544899;200926223255141;184711721;;;;01/31/2032 00:00:00;2;14050298;21/09/2026 07:32:55;Mirko;Hernandez;;;;;;Mirko Hernandez;
14387893;21/09/2026 09:29:29;3;2;0001  215202-1;14;RETIRA;2092963;"IM05    ";"IMEPHO S.A.                                       ";INDEPENDENCIA 3692;952677;"60-203         ";60-203 - LAVATORIO MONOCOMANDO BAJO ADRA;20;20;20;23544925;200926223404955;184774576;;;;03/02/2032 00:00:00;1;14050319;21/09/2026 07:34:04;Mirko;Hernandez;;;;;;Mirko Hernandez;
14387893;21/09/2026 09:29:29;3;2;0001  215202-1;14;RETIRA;2092963;"IM05    ";"IMEPHO S.A.                                       ";INDEPENDENCIA 3692;952909;"70-153         ";70-153 - BIDE CR C.CERAM CASTILLA;2;2;2;23544925;200926223404955;184714856;;;;10/20/2031 00:00:00;2;14050319;21/09/2026 07:34:04;Mirko;Hernandez;;;;;;Mirko Hernandez;
14387893;21/09/2026 09:29:29;3;2;0001  215202-1;14;RETIRA;2092963;"IM05    ";"IMEPHO S.A.                                       ";INDEPENDENCIA 3692;952912;"70-162         ";70-162 - BIDE CR C.CERAM LINEA ADRA;12;12;12;23544925;200926223404955;184774577;;;;07/29/2031 00:00:00;6;14050319;21/09/2026 07:34:04;Mirko;Hernandez;;;;;;Mirko Hernandez;
14387893;21/09/2026 09:29:29;3;2;0001  215202-1;14;RETIRA;2092963;"IM05    ";"IMEPHO S.A.                                       ";INDEPENDENCIA 3692;952945;"70-199         ";70-199 - BIDE CR C.CERAM LIVE;2;2;2;23544925;200926223404955;184713166;;;;12/16/2031 00:00:00;1;14050319;21/09/2026 07:34:04;Mirko;Hernandez;;;;;;Mirko Hernandez;
14387893;21/09/2026 09:29:29;3;2;0001  215202-1;14;RETIRA;2092963;"IM05    ";"IMEPHO S.A.                                       ";INDEPENDENCIA 3692;952953;"70-201NI       ";70-201NI - BIDE CR C.CERAM BEAT NICKEL;2;2;2;23544954;200926223509019;184713333;;;;07/29/2031 00:00:00;2;14050336;21/09/2026 07:35:09;Mirko;Hernandez;;;;;;Mirko Hernandez;
14387893;21/09/2026 09:29:29;3;2;0001  215202-1;14;RETIRA;2092963;"IM05    ";"IMEPHO S.A.                                       ";INDEPENDENCIA 3692;952912;"70-162         ";70-162 - BIDE CR C.CERAM LINEA ADRA;12;12;12;23544954;200926223509019;184712507;;;;07/29/2031 00:00:00;5;14050336;21/09/2026 07:35:09;Mirko;Hernandez;;;;;;Mirko Hernandez;
14387893;21/09/2026 09:29:29;3;2;0001  215202-1;14;RETIRA;2092963;"IM05    ";"IMEPHO S.A.                                       ";INDEPENDENCIA 3692;952677;"60-203         ";60-203 - LAVATORIO MONOCOMANDO BAJO ADRA;20;20;20;23544954;200926223509019;184774784;;;;03/02/2032 00:00:00;3;14050336;21/09/2026 07:35:09;Mirko;Hernandez;;;;;;Mirko Hernandez;
14387893;21/09/2026 09:29:29;3;2;0001  215202-1;14;RETIRA;2092963;"IM05    ";"IMEPHO S.A.                                       ";INDEPENDENCIA 3692;952677;"60-203         ";60-203 - LAVATORIO MONOCOMANDO BAJO ADRA;20;20;20;23544994;200926223615471;184713916;;;;03/02/2032 00:00:00;10;14050360;21/09/2026 07:36:15;Mirko;Hernandez;;;;;;Mirko Hernandez;
14387893;21/09/2026 09:29:29;3;2;0001  215202-1;14;RETIRA;2092963;"IM05    ";"IMEPHO S.A.                                       ";INDEPENDENCIA 3692;952634;"60-162         ";60-162 - LAVATORIO CR C.CERAM LINEA ADRA;20;20;20;23545027;200926223700652;184775116;;;;07/29/2031 00:00:00;10;14050376;21/09/2026 07:37:00;Mirko;Hernandez;;;;;;Mirko Hernandez;
14387893;21/09/2026 09:29:29;3;2;0001  215202-1;14;RETIRA;2092963;"IM05    ";"IMEPHO S.A.                                       ";INDEPENDENCIA 3692;952634;"60-162         ";60-162 - LAVATORIO CR C.CERAM LINEA ADRA;20;20;20;23545058;200926223751684;184712926;;;;07/29/2031 00:00:00;10;14050389;21/09/2026 07:37:51;Mirko;Hernandez;;;;;;Mirko Hernandez;
14387893;21/09/2026 09:29:29;3;2;0001  215202-1;14;RETIRA;2092963;"IM05    ";"IMEPHO S.A.                                       ";INDEPENDENCIA 3692;951526;"20-135B        ";20-135B - MONOCOMANDO COCINA MESADA SANTANDER WHITE;2;2;2;23545105;200926223905575;184715987;;;;07/27/2031 00:00:00;2;14050416;21/09/2026 07:39:05;Mirko;Hernandez;;;;;;Mirko Hernandez;
14387893;21/09/2026 09:29:29;3;2;0001  215202-1;14;RETIRA;2092963;"IM05    ";"IMEPHO S.A.                                       ";INDEPENDENCIA 3692;952765;"62-175DG       ";62-175DG - LAVATORIO DE PARED PULSE DARK GOLD C.CERAM;3;3;3;23545105;200926223905575;184716847;;;;07/31/2031 00:00:00;3;14050416;21/09/2026 07:39:05;Mirko;Hernandez;;;;;;Mirko Hernandez;
14387893;21/09/2026 09:29:29;3;2;0001  215202-1;14;RETIRA;2092963;"IM05    ";"IMEPHO S.A.                                       ";INDEPENDENCIA 3692;952921;"70-175DG       ";70-175DG - BIDE PULSE DARK GOLD C.CERAM;2;2;2;23545105;200926223905575;184716600;;;;07/31/2031 00:00:00;2;14050416;21/09/2026 07:39:05;Mirko;Hernandez;;;;;;Mirko Hernandez;
14387893;21/09/2026 09:29:29;3;2;0001  215202-1;14;RETIRA;2092963;"IM05    ";"IMEPHO S.A.                                       ";INDEPENDENCIA 3692;953161;"80-205         ";80-205 - DUCHA EMB. C/TRANSF. MONOC STEEL;4;4;4;23545241;200926224359961;184715428;;;;08/11/2031 00:00:00;4;14050494;21/09/2026 07:43:59;Mirko;Hernandez;;;;;;Mirko Hernandez;
14387893;21/09/2026 09:29:29;3;2;0001  215202-1;14;RETIRA;2092963;"IM05    ";"IMEPHO S.A.                                       ";INDEPENDENCIA 3692;951524;"20-135         ";20-135 - MONOCOMANDO COCINA SANTANDER;2;2;2;23545263;200926224457410;184723743;;;;07/28/2031 00:00:00;2;14050515;21/09/2026 07:44:57;Mirko;Hernandez;;;;;;Mirko Hernandez;
14387893;21/09/2026 09:29:29;3;2;0001  215202-1;14;RETIRA;2092963;"IM05    ";"IMEPHO S.A.                                       ";INDEPENDENCIA 3692;952724;"61-200G        ";61-200G - LAVATORIO MONOC ALTO GOLD FABRIC;2;2;2;23545263;200926224457410;184715658;;;;07/27/2031 00:00:00;2;14050515;21/09/2026 07:44:57;Mirko;Hernandez;;;;;;Mirko Hernandez;
14387893;21/09/2026 09:29:29;3;2;0001  215202-1;14;RETIRA;2092963;"IM05    ";"IMEPHO S.A.                                       ";INDEPENDENCIA 3692;951508;"20-121         ";20-121 - COCINA MSDA MONOC.P. REDONDO MARBELLA;4;4;4;23545263;200926224457410;184776772;;;;07/30/2031 00:00:00;1;14050515;21/09/2026 07:44:57;Mirko;Hernandez;;;;;;Mirko Hernandez;
14387893;21/09/2026 09:29:29;3;2;0001  215202-1;14;RETIRA;2092963;"IM05    ";"IMEPHO S.A.                                       ";INDEPENDENCIA 3692;953102;"80-152         ";80-152 - DUCHA EMB. CR C/TRANSF. MONOCOMANDO SORIA;4;4;4;23545268;200926224529051;184717690;;;;10/26/2031 00:00:00;4;14050520;21/09/2026 07:45:29;Mirko;Hernandez;;;;;;Mirko Hernandez;
14387893;21/09/2026 09:29:29;3;2;0001  215202-1;14;RETIRA;2092963;"IM05    ";"IMEPHO S.A.                                       ";INDEPENDENCIA 3692;952707;"61-152         ";61-152 - LAVATORIO MONOCOMANDO CROMO ALTO SORIA;4;4;4;23545287;200926224607397;184718240;;;;07/27/2031 00:00:00;4;14050530;21/09/2026 07:46:07;Mirko;Hernandez;;;;;;Mirko Hernandez;
14387893;21/09/2026 09:29:29;3;2;0001  215202-1;14;RETIRA;2092963;"IM05    ";"IMEPHO S.A.                                       ";INDEPENDENCIA 3692;951508;"20-121         ";20-121 - COCINA MSDA MONOC.P. REDONDO MARBELLA;4;4;4;23545313;200926224652203;184715955;;;;07/30/2031 00:00:00;3;14050537;21/09/2026 07:46:52;Mirko;Hernandez;;;;;;Mirko Hernandez;
14387893;21/09/2026 09:29:29;3;2;0001  215202-1;14;RETIRA;2092963;"IM05    ";"IMEPHO S.A.                                       ";INDEPENDENCIA 3692;951533;"20-150         ";20-150 - MONOCOMANDO MESADA COCINA TOLEDO;2;2;2;23545329;200926224719127;184717200;;;;07/27/2031 00:00:00;2;14050545;21/09/2026 07:47:19;Mirko;Hernandez;;;;;;Mirko Hernandez;
14387893;21/09/2026 09:29:29;3;2;0001  215202-1;14;RETIRA;2092963;"IM05    ";"IMEPHO S.A.                                       ";INDEPENDENCIA 3692;953125;"80-180         ";80-180 - DUCHA EMB. C/TRANSF. MONOCOMANDO VERA;2;2;2;23545329;200926224719127;184727791;;;;11/23/2031 00:00:00;2;14050545;21/09/2026 07:47:19;Mirko;Hernandez;;;;;;Mirko Hernandez;
14387893;21/09/2026 09:29:29;3;2;0001  215202-1;14;RETIRA;2092963;"IM05    ";"IMEPHO S.A.                                       ";INDEPENDENCIA 3692;952712;"61-176         ";61-176 - LAVATORIO MONOC ALTO CR RIO;4;4;4;23545342;200926224758140;184719433;;;;10/11/2031 00:00:00;4;14050558;21/09/2026 07:47:58;Mirko;Hernandez;;;;;;Mirko Hernandez;
14387893;21/09/2026 09:29:29;3;2;0001  215202-1;14;RETIRA;2092963;"IM05    ";"IMEPHO S.A.                                       ";INDEPENDENCIA 3692;951820;"30-121         ";30-121 - COCINA MSDA MONOC.P. CUADRADO MARBELLA;4;4;4;23545350;200926224824291;184715006;;;;11/08/2031 00:00:00;4;14050564;21/09/2026 07:48:24;Mirko;Hernandez;;;;;;Mirko Hernandez;
14387893;21/09/2026 09:29:29;3;2;0001  215202-1;14;RETIRA;2092963;"IM05    ";"IMEPHO S.A.                                       ";INDEPENDENCIA 3692;952679;"60-205         ";60-205 - LAVATORIO MONOC BAJO STEEL;6;6;6;23545380;200926224926030;184713657;;;;07/28/2031 00:00:00;6;14050586;21/09/2026 07:49:26;Mirko;Hernandez;;;;;;Mirko Hernandez;
14387893;21/09/2026 09:29:29;3;2;0001  215202-1;14;RETIRA;2092963;"IM05    ";"IMEPHO S.A.                                       ";INDEPENDENCIA 3692;952794;"63-152         ";63-152 - LAVATORIO PARED EMBUTIR CR MONOC. SORIA;2;2;2;23545426;200926225044181;184712127;;;;07/28/2031 00:00:00;2;14050609;21/09/2026 07:50:44;Mirko;Hernandez;;;;;;Mirko Hernandez;
14387893;21/09/2026 09:29:29;3;2;0001  215202-1;14;RETIRA;2092963;"IM05    ";"IMEPHO S.A.                                       ";INDEPENDENCIA 3692;952720;"61-192         ";61-192 - LAVATORIO ALTO SORIA BLACK;2;2;2;23545426;200926225044181;184717462;;;;07/27/2031 00:00:00;2;14050609;21/09/2026 07:50:44;Mirko;Hernandez;;;;;;Mirko Hernandez;
14387893;21/09/2026 09:29:29;3;2;0001  215202-1;14;RETIRA;2092963;"IM05    ";"IMEPHO S.A.                                       ";INDEPENDENCIA 3692;952498;"54-130         ";54-130 - MONOCOMANDO COCINA PARED EXT BILBAO;2;2;2;23545426;200926225044181;184711159;;;;07/27/2031 00:00:00;2;14050609;21/09/2026 07:50:44;Mirko;Hernandez;;;;;;Mirko Hernandez;
14387893;21/09/2026 09:29:29;3;2;0001  215202-1;14;RETIRA;2092963;"IM05    ";"IMEPHO S.A.                                       ";INDEPENDENCIA 3692;952647;"60-176         ";"LAVATORIO MONOCOMANDO BAJO CR RIO                                     ";4;4;4;23545459;200926225200573;184778170;;;;10/11/2031 00:00:00;2;14050634;21/09/2026 07:52:00;Mirko;Hernandez;;;;;;Mirko Hernandez;
14387893;21/09/2026 09:29:29;3;2;0001  215202-1;14;RETIRA;2092963;"IM05    ";"IMEPHO S.A.                                       ";INDEPENDENCIA 3692;952908;"70-152         ";70-152 - BIDE MONOCOMANDO CR C/TRANSFERENCIA SORIA;2;2;2;23545459;200926225200573;184718023;;;;07/28/2031 00:00:00;2;14050634;21/09/2026 07:52:00;Mirko;Hernandez;;;;;;Mirko Hernandez;
14387893;21/09/2026 09:29:29;3;2;0001  215202-1;14;RETIRA;2092963;"IM05    ";"IMEPHO S.A.                                       ";INDEPENDENCIA 3692;952951;"70-200N        ";70-200N - BIDE MONOCOMANDO BLACK FABRIC;2;2;2;23545459;200926225200573;184714018;;;;09/06/2031 00:00:00;2;14050634;21/09/2026 07:52:00;Mirko;Hernandez;;;;;;Mirko Hernandez;
14387893;21/09/2026 09:29:29;3;2;0001  215202-1;14;RETIRA;2092963;"IM05    ";"IMEPHO S.A.                                       ";INDEPENDENCIA 3692;952928;"70-180         ";70-180 - BIDE MONOCOMANDO C/TRANSF. VERA;4;4;4;23545485;200926225300792;184716855;;;;07/27/2031 00:00:00;4;14050657;21/09/2026 07:53:00;Mirko;Hernandez;;;;;;Mirko Hernandez;
14387893;21/09/2026 09:29:29;3;2;0001  215202-1;14;RETIRA;2092963;"IM05    ";"IMEPHO S.A.                                       ";INDEPENDENCIA 3692;952647;"60-176         ";"LAVATORIO MONOCOMANDO BAJO CR RIO                                     ";4;4;4;23545485;200926225300792;184719132;;;;10/11/2031 00:00:00;2;14050657;21/09/2026 07:53:00;Mirko;Hernandez;;;;;;Mirko Hernandez;
14387893;21/09/2026 09:29:29;3;2;0001  215202-1;14;RETIRA;2092963;"IM05    ";"IMEPHO S.A.                                       ";INDEPENDENCIA 3692;952650;"60-180         ";60-180 - LAVATORIO MONOCOMANDO BAJO VERA;2;2;2;23545505;200926225339951;184716463;;;;07/28/2031 00:00:00;2;14050670;21/09/2026 07:53:39;Mirko;Hernandez;;;;;;Mirko Hernandez;
14387893;21/09/2026 09:29:29;3;2;0001  215202-1;14;RETIRA;2092963;"IM05    ";"IMEPHO S.A.                                       ";INDEPENDENCIA 3692;952728;"61-205         ";61-205 - LAVATORIO MONOC ALTO STEEL;12;12;12;23545505;200926225339951;184778517;;;;07/28/2031 00:00:00;2;14050670;21/09/2026 07:53:39;Mirko;Hernandez;;;;;;Mirko Hernandez;
14387893;21/09/2026 09:29:29;3;2;0001  215202-1;14;RETIRA;2092963;"IM05    ";"IMEPHO S.A.                                       ";INDEPENDENCIA 3692;952713;"61-176N        ";61-176N - LAVATORIO MONOC ALTO BLACK RIO;2;2;2;23545558;200926225503365;184716251;;;;07/29/2031 00:00:00;2;14050696;21/09/2026 07:55:03;Mirko;Hernandez;;;;;;Mirko Hernandez;
14387893;21/09/2026 09:29:29;3;2;0001  215202-1;14;RETIRA;2092963;"IM05    ";"IMEPHO S.A.                                       ";INDEPENDENCIA 3692;952630;"60-152         ";60-152 - LAVATORIO CR MONOCOMANDO BAJO SORIA;4;4;4;23545558;200926225503365;184718501;;;;07/27/2031 00:00:00;4;14050696;21/09/2026 07:55:03;Mirko;Hernandez;;;;;;Mirko Hernandez;
14387893;21/09/2026 09:29:29;3;2;0001  215202-1;14;RETIRA;2092963;"IM05    ";"IMEPHO S.A.                                       ";INDEPENDENCIA 3692;951528;"20-140         ";20-140 - MONOCOMANDO DE COCINA LINEA CUINA;2;2;2;23545558;200926225503365;184714463;;;;10/07/2031 00:00:00;2;14050696;21/09/2026 07:55:03;Mirko;Hernandez;;;;;;Mirko Hernandez;
14387893;21/09/2026 09:29:29;3;2;0001  215202-1;14;RETIRA;2092963;"IM05    ";"IMEPHO S.A.                                       ";INDEPENDENCIA 3692;953312;"83-133         ";83-133 - DUCHA EXT. C/TRANSF. MONOCOMANDO LUGO;4;4;4;23545577;200926225547025;184724825;;;;09/03/2031 00:00:00;4;14050704;21/09/2026 07:55:47;Mirko;Hernandez;;;;;;Mirko Hernandez;
14387893;21/09/2026 09:29:29;3;2;0001  215202-1;14;RETIRA;2092963;"IM05    ";"IMEPHO S.A.                                       ";INDEPENDENCIA 3692;952925;"70-176         ";70-176 - BIDE MONOC C/TRANSF CR RIO;10;10;10;23545614;200926225639650;184779086;;;;12/14/2031 00:00:00;4;14050717;21/09/2026 07:56:39;Mirko;Hernandez;;;;;;Mirko Hernandez;
14387893;21/09/2026 09:29:29;3;2;0001  215202-1;14;RETIRA;2092963;"IM05    ";"IMEPHO S.A.                                       ";INDEPENDENCIA 3692;951833;"30-132         ";30-132 - COCINA MESADA MONOC. C/DUCHADOR EXTENSIBLE VIGO;6;6;6;23545614;200926225639650;184779085;;;;10/07/2031 00:00:00;1;14050717;21/09/2026 07:56:39;Mirko;Hernandez;;;;;;Mirko Hernandez;
14387893;21/09/2026 09:29:29;3;2;0001  215202-1;14;RETIRA;2092963;"IM05    ";"IMEPHO S.A.                                       ";INDEPENDENCIA 3692;953331;"84-190         ";84-190 - DUCHA EXTERIOR CON COLUMNA BLACK VELVET;2;2;2;23545682;200926225835593;184712466;;;;10/06/2031 00:00:00;2;14050744;21/09/2026 07:58:35;Mirko;Hernandez;;;;;;Mirko Hernandez;
14387893;21/09/2026 09:29:29;3;2;0001  215202-1;14;RETIRA;2092963;"IM05    ";"IMEPHO S.A.                                       ";INDEPENDENCIA 3692;951132;"13006          ";"SET DE 6 PIEZAS LINEA 13000                                           ";6;6;6;23545701;200926225904953;184779564;;;;07/28/2031 00:00:00;3;14050749;21/09/2026 07:59:04;Mirko;Hernandez;;;;;;Mirko Hernandez;
14387893;21/09/2026 09:29:29;3;2;0001  215202-1;14;RETIRA;2092963;"IM05    ";"IMEPHO S.A.                                       ";INDEPENDENCIA 3692;951132;"13006          ";"SET DE 6 PIEZAS LINEA 13000                                           ";6;6;6;23545713;200926225931019;184727104;;;;07/28/2031 00:00:00;3;14050758;21/09/2026 07:59:31;Mirko;Hernandez;;;;;;Mirko Hernandez;
14387893;21/09/2026 09:29:29;3;2;0001  215202-1;14;RETIRA;2092963;"IM05    ";"IMEPHO S.A.                                       ";INDEPENDENCIA 3692;951114;"12005          ";"SET DE 5 PIEZAS LINEA 12000                                           ";8;8;8;23545731;200926230009232;184779846;;;;07/30/2031 00:00:00;4;14050765;21/09/2026 08:00:09;Mirko;Hernandez;;;;;;Mirko Hernandez;
14387893;21/09/2026 09:29:29;3;2;0001  215202-1;14;RETIRA;2092963;"IM05    ";"IMEPHO S.A.                                       ";INDEPENDENCIA 3692;950974;"10005BL        ";"SET DE 5 PIEZAS LINEA 10000 BLACK                                     ";4;4;4;23545747;200926230044873;184779976;;;;07/28/2031 00:00:00;1;14050774;21/09/2026 08:00:44;Mirko;Hernandez;;;;;;Mirko Hernandez;
14387893;21/09/2026 09:29:29;3;2;0001  215202-1;14;RETIRA;2092963;"IM05    ";"IMEPHO S.A.                                       ";INDEPENDENCIA 3692;951114;"12005          ";"SET DE 5 PIEZAS LINEA 12000                                           ";8;8;8;23545747;200926230044873;184779977;;;;07/30/2031 00:00:00;3;14050774;21/09/2026 08:00:44;Mirko;Hernandez;;;;;;Mirko Hernandez;
14387893;21/09/2026 09:29:29;3;2;0001  215202-1;14;RETIRA;2092963;"IM05    ";"IMEPHO S.A.                                       ";INDEPENDENCIA 3692;951098;"11006          ";"SET DE 6 PIEZAS LINEA 11000                                           ";6;6;6;23545902;200926230419010;184780786;;;;07/29/2031 00:00:00;3;14050857;21/09/2026 08:04:19;Mirko;Hernandez;;;;;;Mirko Hernandez;
14387893;21/09/2026 09:29:29;3;2;0001  215202-1;14;RETIRA;2092963;"IM05    ";"IMEPHO S.A.                                       ";INDEPENDENCIA 3692;951098;"11006          ";"SET DE 6 PIEZAS LINEA 11000                                           ";6;6;6;23545937;200926230516031;184722917;;;;07/29/2031 00:00:00;3;14050876;21/09/2026 08:05:16;Mirko;Hernandez;;;;;;Mirko Hernandez;
14387893;21/09/2026 09:29:29;3;2;0001  215202-1;14;RETIRA;2092963;"IM05    ";"IMEPHO S.A.                                       ";INDEPENDENCIA 3692;952954;"70-203         ";70-203 - BIDE MONOCOMANDO ADRA;15;15;15;23546004;200926230633992;184781368;;;;07/30/2031 00:00:00;2;14050899;21/09/2026 08:06:34;Mirko;Hernandez;;;;;;Mirko Hernandez;
14387893;21/09/2026 09:29:29;3;2;0001  215202-1;14;RETIRA;2092963;"IM05    ";"IMEPHO S.A.                                       ";INDEPENDENCIA 3692;952896;"70-133         ";70-133 - BIDE MONOCOMANDO LUGO;4;4;4;23546004;200926230633992;184720655;;;;07/27/2031 00:00:00;4;14050899;21/09/2026 08:06:34;Mirko;Hernandez;;;;;;Mirko Hernandez;
14387893;21/09/2026 09:29:29;3;2;0001  215202-1;14;RETIRA;2092963;"IM05    ";"IMEPHO S.A.                                       ";INDEPENDENCIA 3692;952954;"70-203         ";70-203 - BIDE MONOCOMANDO ADRA;15;15;15;23546054;200926230717925;184781554;;;;07/30/2031 00:00:00;1;14050911;21/09/2026 08:07:17;Mirko;Hernandez;;;;;;Mirko Hernandez;
14387893;21/09/2026 09:29:29;3;2;0001  215202-1;14;RETIRA;2092963;"IM05    ";"IMEPHO S.A.                                       ";INDEPENDENCIA 3692;952618;"60-133         ";60-133 - LAVATORIO MONOCOMANDO LUGO;4;4;4;23546054;200926230717925;184724131;;;;07/29/2031 00:00:00;4;14050911;21/09/2026 08:07:17;Mirko;Hernandez;;;;;;Mirko Hernandez;
14387893;21/09/2026 09:29:29;3;2;0001  215202-1;14;RETIRA;2092963;"IM05    ";"IMEPHO S.A.                                       ";INDEPENDENCIA 3692;952661;"60-193         ";60-193 - LAVATORIO MONOCOMANDO BAJO MORA;8;8;8;23546106;200926230817476;184781799;;;;07/28/2031 00:00:00;2;14050931;21/09/2026 08:08:17;Mirko;Hernandez;;;;;;Mirko Hernandez;
14387893;21/09/2026 09:29:29;3;2;0001  215202-1;14;RETIRA;2092963;"IM05    ";"IMEPHO S.A.                                       ";INDEPENDENCIA 3692;951259;"16006BL        ";16006BL - SET 6 PIEZAS ACCESORIOS LINEA 16000 BLACK;2;2;2;23546106;200926230817476;184721082;;;;07/27/2031 00:00:00;2;14050931;21/09/2026 08:08:17;Mirko;Hernandez;;;;;;Mirko Hernandez;
14387893;21/09/2026 09:29:29;3;2;0001  215202-1;14;RETIRA;2092963;"IM05    ";"IMEPHO S.A.                                       ";INDEPENDENCIA 3692;950974;"10005BL        ";"SET DE 5 PIEZAS LINEA 10000 BLACK                                     ";4;4;4;23546129;200926230850235;184723527;;;;07/28/2031 00:00:00;3;14050941;21/09/2026 08:08:50;Mirko;Hernandez;;;;;;Mirko Hernandez;
14387893;21/09/2026 09:29:29;3;2;0001  215202-1;14;RETIRA;2092963;"IM05    ";"IMEPHO S.A.                                       ";INDEPENDENCIA 3692;951114;"12005          ";"SET DE 5 PIEZAS LINEA 12000                                           ";8;8;8;23546129;200926230850235;184721728;;;;07/30/2031 00:00:00;1;14050941;21/09/2026 08:08:50;Mirko;Hernandez;;;;;;Mirko Hernandez;
14387893;21/09/2026 09:29:29;3;2;0001  215202-1;14;RETIRA;2092963;"IM05    ";"IMEPHO S.A.                                       ";INDEPENDENCIA 3692;951301;"17030N         ";17030N - PERCHA LINEA FABRIC BLACK;6;6;6;23546185;200926230957064;184726721;;;;07/28/2031 00:00:00;6;14050963;21/09/2026 08:09:57;Mirko;Hernandez;;;;;;Mirko Hernandez;
14387893;21/09/2026 09:29:29;3;2;0001  215202-1;14;RETIRA;2092963;"IM05    ";"IMEPHO S.A.                                       ";INDEPENDENCIA 3692;953122;"80-176         ";80-176 - DUCHA EMB C/TRANSF MONOC CR RIO;8;8;8;23546306;200926231220087;184782959;;;;07/29/2031 00:00:00;2;14051019;21/09/2026 08:12:20;Mirko;Hernandez;;;;;;Mirko Hernandez;
14387893;21/09/2026 09:29:29;3;2;0001  215202-1;14;RETIRA;2092963;"IM05    ";"IMEPHO S.A.                                       ";INDEPENDENCIA 3692;951303;"17040G         ";17040G - PORTA ROLLO LINEA FABRIC GOLD;2;2;2;23546306;200926231220087;184725343;;;;07/28/2031 00:00:00;2;14051019;21/09/2026 08:12:20;Mirko;Hernandez;;;;;;Mirko Hernandez;
14387893;21/09/2026 09:29:29;3;2;0001  215202-1;14;RETIRA;2092963;"IM05    ";"IMEPHO S.A.                                       ";INDEPENDENCIA 3692;951306;"17050G         ";17050G - JABONERA  LINEA FABRIC GOLD;2;2;2;23546306;200926231220087;184714640;;;;07/29/2031 00:00:00;2;14051019;21/09/2026 08:12:20;Mirko;Hernandez;;;;;;Mirko Hernandez;
14387893;21/09/2026 09:29:29;3;2;0001  215202-1;14;RETIRA;2092963;"IM05    ";"IMEPHO S.A.                                       ";INDEPENDENCIA 3692;953159;"80-203P        ";80-203P - DUCHA EMB C/TRANSF. MONOCOMANDO ADRA PLUS;6;6;6;23548843;210926000630879;184725507;;;;07/28/2031 00:00:00;6;14052388;21/09/2026 09:06:30;Mirko;Hernandez;;;;;;Mirko Hernandez;
14387893;21/09/2026 09:29:29;3;2;0001  215202-1;14;RETIRA;2092963;"IM05    ";"IMEPHO S.A.                                       ";INDEPENDENCIA 3692;951116;"12006          ";"SET DE 6 PIEZAS LINEA 12000                                           ";20;20;20;23549354;210926001706757;184722195;;;;07/30/2031 00:00:00;20;14052650;21/09/2026 09:17:07;Mirko;Hernandez;;;;;;Mirko Hernandez;
14387893;21/09/2026 09:29:29;3;2;0001  215202-1;14;RETIRA;2092963;"IM05    ";"IMEPHO S.A.                                       ";INDEPENDENCIA 3692;951262;"16030          ";16030 - PERCHA LINEA 16000;2;2;2;23549354;210926001706757;184710803;;;;12/28/2031 00:00:00;2;14052650;21/09/2026 09:17:07;Mirko;Hernandez;;;;;;Mirko Hernandez;
14387893;21/09/2026 09:29:29;3;2;0001  215202-1;14;RETIRA;2092963;"IM05    ";"IMEPHO S.A.                                       ";INDEPENDENCIA 3692;951512;"20-122         ";"MONOCOMANDO COCINA CR C/PICO EXTRAIBLE VALENCIA                       ";6;6;6;23549354;210926001706757;184720169;;;;08/06/2031 00:00:00;6;14052650;21/09/2026 09:17:07;Mirko;Hernandez;;;;;;Mirko Hernandez;
14387893;21/09/2026 09:29:29;3;2;0001  215202-1;14;RETIRA;2092963;"IM05    ";"IMEPHO S.A.                                       ";INDEPENDENCIA 3692;951523;"20-134         ";20-134 - MONOCOMANDO COCINA BETIS;10;10;10;23549354;210926001706757;184727450;;;;08/11/2031 00:00:00;10;14052650;21/09/2026 09:17:07;Mirko;Hernandez;;;;;;Mirko Hernandez;
14387893;21/09/2026 09:29:29;3;2;0001  215202-1;14;RETIRA;2092963;"IM05    ";"IMEPHO S.A.                                       ";INDEPENDENCIA 3692;951530;"20-146         ";20-146 - MONOCOMANDO DE COCINA CR LINEA MOVE;6;6;6;23549354;210926001706757;184721439;;;;11/23/2031 00:00:00;6;14052650;21/09/2026 09:17:07;Mirko;Hernandez;;;;;;Mirko Hernandez;
14387893;21/09/2026 09:29:29;3;2;0001  215202-1;14;RETIRA;2092963;"IM05    ";"IMEPHO S.A.                                       ";INDEPENDENCIA 3692;951536;"20-162         ";20-162 - MONOCOMANDO COCINA ADRA;20;20;20;23549354;210926001706757;184725090;;;;07/28/2031 00:00:00;20;14052650;21/09/2026 09:17:07;Mirko;Hernandez;;;;;;Mirko Hernandez;
14387893;21/09/2026 09:29:29;3;2;0001  215202-1;14;RETIRA;2092963;"IM05    ";"IMEPHO S.A.                                       ";INDEPENDENCIA 3692;951545;"20-172         ";20-172 - COCINA MESADA MONOC. COLORS NEGRO;6;6;6;23549354;210926001706757;184712795;;;;07/28/2031 00:00:00;6;14052650;21/09/2026 09:17:07;Mirko;Hernandez;;;;;;Mirko Hernandez;
14387893;21/09/2026 09:29:29;3;2;0001  215202-1;14;RETIRA;2092963;"IM05    ";"IMEPHO S.A.                                       ";INDEPENDENCIA 3692;951554;"20-190         ";20-190 - COCINA MESADA MONOC BLACK VELVET;6;6;6;23549354;210926001706757;184714797;;;;07/28/2031 00:00:00;6;14052650;21/09/2026 09:17:07;Mirko;Hernandez;;;;;;Mirko Hernandez;
14387893;21/09/2026 09:29:29;3;2;0001  215202-1;14;RETIRA;2092963;"IM05    ";"IMEPHO S.A.                                       ";INDEPENDENCIA 3692;951562;"20-202N        ";20-202N - MONOCOMANDO COCINA BLACK HOOP;4;4;4;23549354;210926001706757;184714205;;;;07/27/2031 00:00:00;4;14052650;21/09/2026 09:17:07;Mirko;Hernandez;;;;;;Mirko Hernandez;
14387893;21/09/2026 09:29:29;3;2;0001  215202-1;14;RETIRA;2092963;"IM05    ";"IMEPHO S.A.                                       ";INDEPENDENCIA 3692;951563;"20-202NI       ";20-202NI - MONOCOMANDO COCINA NICKEL HOOP;4;4;4;23549354;210926001706757;184711834;;;;07/29/2031 00:00:00;4;14052650;21/09/2026 09:17:07;Mirko;Hernandez;;;;;;Mirko Hernandez;
14387893;21/09/2026 09:29:29;3;2;0001  215202-1;14;RETIRA;2092963;"IM05    ";"IMEPHO S.A.                                       ";INDEPENDENCIA 3692;951565;"20-205         ";20-205 - MONOCOMANDO DE COCINA STEEL;20;20;20;23549354;210926001706757;184720511;;;;07/28/2031 00:00:00;20;14052650;21/09/2026 09:17:07;Mirko;Hernandez;;;;;;Mirko Hernandez;
14387893;21/09/2026 09:29:29;3;2;0001  215202-1;14;RETIRA;2092963;"IM05    ";"IMEPHO S.A.                                       ";INDEPENDENCIA 3692;951748;"3006           ";3006 - SET DE 6 PIEZAS LINEA 3000;10;10;10;23549354;210926001706757;184722322;;;;07/29/2031 00:00:00;10;14052650;21/09/2026 09:17:07;Mirko;Hernandez;;;;;;Mirko Hernandez;
14387893;21/09/2026 09:29:29;3;2;0001  215202-1;14;RETIRA;2092963;"IM05    ";"IMEPHO S.A.                                       ";INDEPENDENCIA 3692;952661;"60-193         ";60-193 - LAVATORIO MONOCOMANDO BAJO MORA;8;8;8;23549354;210926001706757;184723251;;;;07/28/2031 00:00:00;6;14052650;21/09/2026 09:17:07;Mirko;Hernandez;;;;;;Mirko Hernandez;
14387893;21/09/2026 09:29:29;3;2;0001  215202-1;14;RETIRA;2092963;"IM05    ";"IMEPHO S.A.                                       ";INDEPENDENCIA 3692;952925;"70-176         ";70-176 - BIDE MONOC C/TRANSF CR RIO;10;10;10;23549354;210926001706757;184719874;;;;12/14/2031 00:00:00;6;14052650;21/09/2026 09:17:07;Mirko;Hernandez;;;;;;Mirko Hernandez;
14387893;21/09/2026 09:29:29;3;2;0001  215202-1;14;RETIRA;2092963;"IM05    ";"IMEPHO S.A.                                       ";INDEPENDENCIA 3692;952954;"70-203         ";70-203 - BIDE MONOCOMANDO ADRA;15;15;15;23549354;210926001706757;184726116;;;;07/30/2031 00:00:00;12;14052650;21/09/2026 09:17:07;Mirko;Hernandez;;;;;;Mirko Hernandez;
14387893;21/09/2026 09:29:29;3;2;0001  215202-1;14;RETIRA;2092963;"IM05    ";"IMEPHO S.A.                                       ";INDEPENDENCIA 3692;953320;"83-203         ";83-203 - DUCHA EXT C/TRANSF. MONOCOMANDO ADRA;6;6;6;23549354;210926001706757;184725574;;;;07/29/2031 00:00:00;6;14052650;21/09/2026 09:17:07;Mirko;Hernandez;;;;;;Mirko Hernandez;
14387893;21/09/2026 09:29:29;3;2;0001  215202-1;14;RETIRA;2092963;"IM05    ";"IMEPHO S.A.                                       ";INDEPENDENCIA 3692;954804;"AB-001         ";AB-001 - AGARRADERA ACERO INOX CROMADO 30 CM SAFE;10;10;10;23549354;210926001706757;184803168;;;;07/28/2031 00:00:00;6;14052650;21/09/2026 09:17:07;Mirko;Hernandez;;;;;;Mirko Hernandez;
14387893;21/09/2026 09:29:29;3;2;0001  215202-1;14;RETIRA;2092963;"IM05    ";"IMEPHO S.A.                                       ";INDEPENDENCIA 3692;954805;"AB-002         ";AB-002 - AGARRADERA ACERO INOX CROMADO 40 CM SAFE;4;4;4;23549354;210926001706757;184710568;;;;08/12/2031 00:00:00;4;14052650;21/09/2026 09:17:07;Mirko;Hernandez;;;;;;Mirko Hernandez;
14387893;21/09/2026 09:29:29;3;2;0001  215202-1;14;RETIRA;2092963;"IM05    ";"IMEPHO S.A.                                       ";INDEPENDENCIA 3692;952728;"61-205         ";61-205 - LAVATORIO MONOC ALTO STEEL;12;12;12;23549497;210926001954598;184713331;;;;07/28/2031 00:00:00;10;14052715;21/09/2026 09:19:54;Mirko;Hernandez;;;;;;Mirko Hernandez;
14387893;21/09/2026 09:29:29;3;2;0001  215202-1;14;RETIRA;2092963;"IM05    ";"IMEPHO S.A.                                       ";INDEPENDENCIA 3692;953122;"80-176         ";80-176 - DUCHA EMB C/TRANSF MONOC CR RIO;8;8;8;23549595;210926002155802;184718803;;;;07/29/2031 00:00:00;6;14052758;21/09/2026 09:21:55;Mirko;Hernandez;;;;;;Mirko Hernandez;
14387893;21/09/2026 09:29:29;3;2;0001  215202-1;14;RETIRA;2092963;"IM05    ";"IMEPHO S.A.                                       ";INDEPENDENCIA 3692;951833;"30-132         ";30-132 - COCINA MESADA MONOC. C/DUCHADOR EXTENSIBLE VIGO;6;6;6;23549617;210926002220617;184711566;;;;10/07/2031 00:00:00;5;14052765;21/09/2026 09:22:20;Mirko;Hernandez;;;;;;Mirko Hernandez;
14387894;21/09/2026 06:58:55;3;2;0001  215911-1;14;RETIRA;2092963;"IM05    ";"IMEPHO S.A.                                       ";INDEPENDENCIA 3692;953214;"81-100G        ";81-100G - DUCHA EMB S/TRANSF GOLD C.CERAM FABRIC;2;2;2;23536687;200926215855311;184716423;;;;01/11/2032 00:00:00;2;14049947;21/09/2026 06:58:55;Mirko;Hernandez;24809426;19/09/2026 09:10:33;6585;Mathias;Montenegro;Mirko Hernandez;Mathias Montenegro
14387928;19/09/2026 11:27:11;3;2;0001  215887-1;14;RETIRA;2091874;"CP19    ";"CERAMICOS PELLEGRINI S.R.L.                       ";ECHAGUE 735;956411;"INO102-1       ";"INODORO BLANCO C/ASIENTO LINEA LOFT                                   ";11;11;11;23537099;190926112710826;184724298;;;;02/25/2032 00:00:00;9;14047050;19/09/2026 11:27:10;Gaston Alejandro;Kiriczuk;24809864;19/09/2026 10:50:07;7839;Claudio;Juarez;Gaston Alejandro Kiriczuk;Claudio Juarez
14387928;19/09/2026 11:27:11;3;2;0001  215887-1;14;RETIRA;2091874;"CP19    ";"CERAMICOS PELLEGRINI S.R.L.                       ";ECHAGUE 735;954943;"BID102-3       ";"BIDE 3 AGUJEROS BLANCO LINEA LOFT                                     ";11;11;11;23539146;190926105220633;184723605;;;;08/13/2031 00:00:00;11;14047081;19/09/2026 10:52:20;Gaston Alejandro;Kiriczuk;;;;;;Gaston Alejandro Kiriczuk;
14387928;19/09/2026 11:27:11;3;2;0001  215887-1;14;RETIRA;2091874;"CP19    ";"CERAMICOS PELLEGRINI S.R.L.                       ";ECHAGUE 735;954946;"BID104-1       ";"BIDE 1 AGUJERO BLANCO LINEA STONE                                     ";2;2;2;23539622;190926111653929;184719365;;;;10/26/2031 00:00:00;2;14047506;19/09/2026 11:16:53;Gaston Alejandro;Kiriczuk;;;;;;Gaston Alejandro Kiriczuk;
14387928;19/09/2026 11:27:11;3;2;0001  215887-1;14;RETIRA;2091874;"CP19    ";"CERAMICOS PELLEGRINI S.R.L.                       ";ECHAGUE 735;954947;"BID104-3       ";"BIDE 3 AGUJEROS BLANCO LINEA STONE                                    ";3;3;3;23539622;190926111653929;184718409;;;;07/30/2031 00:00:00;3;14047506;19/09/2026 11:16:53;Gaston Alejandro;Kiriczuk;;;;;;Gaston Alejandro Kiriczuk;
14387928;19/09/2026 11:27:11;3;2;0001  215887-1;14;RETIRA;2091874;"CP19    ";"CERAMICOS PELLEGRINI S.R.L.                       ";ECHAGUE 735;956416;"INO104-2       ";"DEPOSITO C/DESCARGA DUAL BLANCO LINEA STONE                           ";9;9;9;23539622;190926111653929;184720270;;;;01/28/2032 00:00:00;9;14047506;19/09/2026 11:16:53;Gaston Alejandro;Kiriczuk;;;;;;Gaston Alejandro Kiriczuk;
14387928;19/09/2026 11:27:11;3;2;0001  215887-1;14;RETIRA;2091874;"CP19    ";"CERAMICOS PELLEGRINI S.R.L.                       ";ECHAGUE 735;956418;"INO104N-2      ";"DEPOSITO C/DESCARGA DUAL BLACK LINEA STONE                            ";5;5;5;23539622;190926111653929;184720408;;;;10/18/2031 00:00:00;5;14047506;19/09/2026 11:16:53;Gaston Alejandro;Kiriczuk;;;;;;Gaston Alejandro Kiriczuk;
14387928;19/09/2026 11:27:11;3;2;0001  215887-1;14;RETIRA;2091874;"CP19    ";"CERAMICOS PELLEGRINI S.R.L.                       ";ECHAGUE 735;956415;"INO104-1       ";"INODORO BLANCO C/ASIENTO LINEA STONE                                  ";9;9;9;23539662;190926111913327;184736015;;;;01/20/2032 00:00:00;6;14047534;19/09/2026 11:19:13;Gaston Alejandro;Kiriczuk;;;;;;Gaston Alejandro Kiriczuk;
14387928;19/09/2026 11:27:11;3;2;0001  215887-1;14;RETIRA;2091874;"CP19    ";"CERAMICOS PELLEGRINI S.R.L.                       ";ECHAGUE 735;956417;"INO104N-1      ";"INODORO BLACK C/ASIENTO LINEA STONE                                   ";5;5;5;23539730;190926112223797;184723220;;;;02/11/2032 00:00:00;5;14047580;19/09/2026 11:22:23;Gaston Alejandro;Kiriczuk;;;;;;Gaston Alejandro Kiriczuk;
14387928;19/09/2026 11:27:11;3;2;0001  215887-1;14;RETIRA;2091874;"CP19    ";"CERAMICOS PELLEGRINI S.R.L.                       ";ECHAGUE 735;956415;"INO104-1       ";"INODORO BLANCO C/ASIENTO LINEA STONE                                  ";9;9;9;23539798;190926112631132;184724749;;;;01/20/2032 00:00:00;3;14047636;19/09/2026 11:26:31;Gaston Alejandro;Kiriczuk;;;;;;Gaston Alejandro Kiriczuk;
14387928;19/09/2026 11:27:11;3;2;0001  215887-1;14;RETIRA;2091874;"CP19    ";"CERAMICOS PELLEGRINI S.R.L.                       ";ECHAGUE 735;956412;"INO102-2       ";"DEPOSITO C/DESCARGA DUAL BLANCO LINEA LOFT                            ";11;11;11;23539798;190926112631132;184722424;;;;02/25/2032 00:00:00;11;14047636;19/09/2026 11:26:31;Gaston Alejandro;Kiriczuk;;;;;;Gaston Alejandro Kiriczuk;
14387928;19/09/2026 11:27:11;3;2;0001  215887-1;14;RETIRA;2091874;"CP19    ";"CERAMICOS PELLEGRINI S.R.L.                       ";ECHAGUE 735;956411;"INO102-1       ";"INODORO BLANCO C/ASIENTO LINEA LOFT                                   ";11;11;11;23539798;190926112631132;184737093;;;;02/25/2032 00:00:00;2;14047636;19/09/2026 11:26:31;Gaston Alejandro;Kiriczuk;;;;;;Gaston Alejandro Kiriczuk;
14387929;21/09/2026 06:52:29;3;2;0001  215888-1;14;RETIRA;2091874;"CP19    ";"CERAMICOS PELLEGRINI S.R.L.                       ";ECHAGUE 735;951993;"3070           ";3070 - JABONERA PARA BAÑERA LINEA 3000;10;10;10;23535936;200926214041947;184710291;;;;07/31/2031 00:00:00;10;14049761;21/09/2026 06:40:41;Mirko;Hernandez;24808671;19/09/2026 09:02:38;6585;Mathias;Montenegro;Mirko Hernandez;Mathias Montenegro
14387929;21/09/2026 06:52:29;3;2;0001  215888-1;14;RETIRA;2091874;"CP19    ";"CERAMICOS PELLEGRINI S.R.L.                       ";ECHAGUE 735;954908;"BCH07          ";BCH07 - BACHA DE APOYAR OVALADA 400x330x150;6;6;6;23536170;200926215223958;184712253;;;;07/29/2031 00:00:00;1;14049893;21/09/2026 06:52:23;Mirko;Hernandez;24808869;19/09/2026 08:42:28;6584;Luis Alberto;Villareal;Mirko Hernandez;Luis Alberto Villareal
14387929;21/09/2026 06:52:29;3;2;0001  215888-1;14;RETIRA;2091874;"CP19    ";"CERAMICOS PELLEGRINI S.R.L.                       ";ECHAGUE 735;952634;"60-162         ";60-162 - LAVATORIO CR C.CERAM LINEA ADRA;5;5;5;23537173;200926214747046;184719212;;;;07/29/2031 00:00:00;3;14049872;21/09/2026 06:47:47;Mirko;Hernandez;24809930;19/09/2026 09:31:01;6585;Mathias;Montenegro;Mirko Hernandez;Mathias Montenegro
14387929;21/09/2026 06:52:29;3;2;0001  215888-1;14;RETIRA;2091874;"CP19    ";"CERAMICOS PELLEGRINI S.R.L.                       ";ECHAGUE 735;952912;"70-162         ";70-162 - BIDE CR C.CERAM LINEA ADRA;10;10;10;23537173;200926214747046;184719125;;;;07/29/2031 00:00:00;2;14049872;21/09/2026 06:47:47;Mirko;Hernandez;24809930;19/09/2026 09:31:01;6585;Mathias;Montenegro;Mirko Hernandez;Mathias Montenegro
14387929;21/09/2026 06:52:29;3;2;0001  215888-1;14;RETIRA;2091874;"CP19    ";"CERAMICOS PELLEGRINI S.R.L.                       ";ECHAGUE 735;952714;"61-180         ";61-180 - LAVATORIO MONOCOMANDO ALTO VERA;4;4;4;23543555;200926211923259;184712120;;;;07/28/2031 00:00:00;4;14049764;21/09/2026 06:19:23;Mirko;Hernandez;;;;;;Mirko Hernandez;
14387929;21/09/2026 06:52:29;3;2;0001  215888-1;14;RETIRA;2091874;"CP19    ";"CERAMICOS PELLEGRINI S.R.L.                       ";ECHAGUE 735;953159;"80-203P        ";80-203P - DUCHA EMB C/TRANSF. MONOCOMANDO ADRA PLUS;3;3;3;23543558;200926211950620;184714439;;;;07/28/2031 00:00:00;3;14049768;21/09/2026 06:19:50;Mirko;Hernandez;;;;;;Mirko Hernandez;
14387929;21/09/2026 06:52:29;3;2;0001  215888-1;14;RETIRA;2091874;"CP19    ";"CERAMICOS PELLEGRINI S.R.L.                       ";ECHAGUE 735;952728;"61-205         ";61-205 - LAVATORIO MONOC ALTO STEEL;4;4;4;23543563;200926212017503;184710926;;;;07/28/2031 00:00:00;4;14049769;21/09/2026 06:20:17;Mirko;Hernandez;;;;;;Mirko Hernandez;
14387929;21/09/2026 06:52:29;3;2;0001  215888-1;14;RETIRA;2091874;"CP19    ";"CERAMICOS PELLEGRINI S.R.L.                       ";ECHAGUE 735;951532;"20-147         ";20-147 - MONOCOMANDO DE COCINA SWIFT;4;4;4;23543572;200926212130654;184766538;;;;08/04/2031 00:00:00;1;14049775;21/09/2026 06:21:30;Mirko;Hernandez;;;;;;Mirko Hernandez;
14387929;21/09/2026 06:52:29;3;2;0001  215888-1;14;RETIRA;2091874;"CP19    ";"CERAMICOS PELLEGRINI S.R.L.                       ";ECHAGUE 735;951304;"17040N         ";17040N - PORTA ROLLO LINEA FABRIC BLACK;4;4;4;23543572;200926212130654;184714850;;;;07/29/2031 00:00:00;4;14049775;21/09/2026 06:21:30;Mirko;Hernandez;;;;;;Mirko Hernandez;
14387929;21/09/2026 06:52:29;3;2;0001  215888-1;14;RETIRA;2091874;"CP19    ";"CERAMICOS PELLEGRINI S.R.L.                       ";ECHAGUE 735;951760;"3006SS         ";3006SS - SET DE 6 PIEZAS LINEA 3000 SS;1;1;1;23543579;200926212200828;184710682;;;;07/29/2031 00:00:00;1;14049778;21/09/2026 06:22:00;Mirko;Hernandez;;;;;;Mirko Hernandez;
14387929;21/09/2026 06:52:29;3;2;0001  215888-1;14;RETIRA;2091874;"CP19    ";"CERAMICOS PELLEGRINI S.R.L.                       ";ECHAGUE 735;951748;"3006           ";3006 - SET DE 6 PIEZAS LINEA 3000;12;12;12;23543579;200926212200828;184766566;;;;07/29/2031 00:00:00;2;14049778;21/09/2026 06:22:00;Mirko;Hernandez;;;;;;Mirko Hernandez;
14387929;21/09/2026 06:52:29;3;2;0001  215888-1;14;RETIRA;2091874;"CP19    ";"CERAMICOS PELLEGRINI S.R.L.                       ";ECHAGUE 735;952679;"60-205         ";60-205 - LAVATORIO MONOC BAJO STEEL;3;3;3;23543589;200926212254912;184710839;;;;07/28/2031 00:00:00;3;14049783;21/09/2026 06:22:54;Mirko;Hernandez;;;;;;Mirko Hernandez;
14387929;21/09/2026 06:52:29;3;2;0001  215888-1;14;RETIRA;2091874;"CP19    ";"CERAMICOS PELLEGRINI S.R.L.                       ";ECHAGUE 735;952954;"70-203         ";70-203 - BIDE MONOCOMANDO ADRA;3;3;3;23543589;200926212254912;184766631;;;;07/30/2031 00:00:00;2;14049783;21/09/2026 06:22:54;Mirko;Hernandez;;;;;;Mirko Hernandez;
14387929;21/09/2026 06:52:29;3;2;0001  215888-1;14;RETIRA;2091874;"CP19    ";"CERAMICOS PELLEGRINI S.R.L.                       ";ECHAGUE 735;951301;"17030N         ";17030N - PERCHA LINEA FABRIC BLACK;5;5;5;23543604;200926212445270;184766769;;;;07/28/2031 00:00:00;4;14049790;21/09/2026 06:24:45;Mirko;Hernandez;;;;;;Mirko Hernandez;
14387929;21/09/2026 06:52:29;3;2;0001  215888-1;14;RETIRA;2091874;"CP19    ";"CERAMICOS PELLEGRINI S.R.L.                       ";ECHAGUE 735;953125;"80-180         ";80-180 - DUCHA EMB. C/TRANSF. MONOCOMANDO VERA;1;1;1;23543604;200926212445270;184715121;;;;11/23/2031 00:00:00;1;14049790;21/09/2026 06:24:45;Mirko;Hernandez;;;;;;Mirko Hernandez;
14387929;21/09/2026 06:52:29;3;2;0001  215888-1;14;RETIRA;2091874;"CP19    ";"CERAMICOS PELLEGRINI S.R.L.                       ";ECHAGUE 735;952800;"63-183         ";"LAVATORIO PARED EMB MONOCOMANDO MAT                                   ";1;1;1;23543604;200926212445270;184713642;;;;01/12/2032 00:00:00;1;14049790;21/09/2026 06:24:45;Mirko;Hernandez;;;;;;Mirko Hernandez;
14387929;21/09/2026 06:52:29;3;2;0001  215888-1;14;RETIRA;2091874;"CP19    ";"CERAMICOS PELLEGRINI S.R.L.                       ";ECHAGUE 735;952618;"60-133         ";60-133 - LAVATORIO MONOCOMANDO LUGO;4;4;4;23543619;200926212539635;184766834;;;;07/29/2031 00:00:00;2;14049795;21/09/2026 06:25:39;Mirko;Hernandez;;;;;;Mirko Hernandez;
14387929;21/09/2026 06:52:29;3;2;0001  215888-1;14;RETIRA;2091874;"CP19    ";"CERAMICOS PELLEGRINI S.R.L.                       ";ECHAGUE 735;952712;"61-176         ";61-176 - LAVATORIO MONOC ALTO CR RIO;14;14;14;23543619;200926212539635;184766835;;;;10/11/2031 00:00:00;2;14049795;21/09/2026 06:25:39;Mirko;Hernandez;;;;;;Mirko Hernandez;
14387929;21/09/2026 06:52:29;3;2;0001  215888-1;14;RETIRA;2091874;"CP19    ";"CERAMICOS PELLEGRINI S.R.L.                       ";ECHAGUE 735;953161;"80-205         ";80-205 - DUCHA EMB. C/TRANSF. MONOC STEEL;1;1;1;23543640;200926212711509;184711601;;;;08/11/2031 00:00:00;1;14049801;21/09/2026 06:27:11;Mirko;Hernandez;;;;;;Mirko Hernandez;
14387929;21/09/2026 06:52:29;3;2;0001  215888-1;14;RETIRA;2091874;"CP19    ";"CERAMICOS PELLEGRINI S.R.L.                       ";ECHAGUE 735;952954;"70-203         ";70-203 - BIDE MONOCOMANDO ADRA;3;3;3;23543640;200926212711509;184714660;;;;07/30/2031 00:00:00;1;14049801;21/09/2026 06:27:11;Mirko;Hernandez;;;;;;Mirko Hernandez;
14387929;21/09/2026 06:52:29;3;2;0001  215888-1;14;RETIRA;2091874;"CP19    ";"CERAMICOS PELLEGRINI S.R.L.                       ";ECHAGUE 735;952928;"70-180         ";70-180 - BIDE MONOCOMANDO C/TRANSF. VERA;3;3;3;23543640;200926212711509;184712204;;;;07/27/2031 00:00:00;3;14049801;21/09/2026 06:27:11;Mirko;Hernandez;;;;;;Mirko Hernandez;
14387929;21/09/2026 06:52:29;3;2;0001  215888-1;14;RETIRA;2091874;"CP19    ";"CERAMICOS PELLEGRINI S.R.L.                       ";ECHAGUE 735;952647;"60-176         ";"LAVATORIO MONOCOMANDO BAJO CR RIO                                     ";1;1;1;23543640;200926212711509;184712506;;;;10/11/2031 00:00:00;1;14049801;21/09/2026 06:27:11;Mirko;Hernandez;;;;;;Mirko Hernandez;
14387929;21/09/2026 06:52:29;3;2;0001  215888-1;14;RETIRA;2091874;"CP19    ";"CERAMICOS PELLEGRINI S.R.L.                       ";ECHAGUE 735;952618;"60-133         ";60-133 - LAVATORIO MONOCOMANDO LUGO;4;4;4;23543640;200926212711509;184713960;;;;07/29/2031 00:00:00;2;14049801;21/09/2026 06:27:11;Mirko;Hernandez;;;;;;Mirko Hernandez;
14387929;21/09/2026 06:52:29;3;2;0001  215888-1;14;RETIRA;2091874;"CP19    ";"CERAMICOS PELLEGRINI S.R.L.                       ";ECHAGUE 735;951532;"20-147         ";20-147 - MONOCOMANDO DE COCINA SWIFT;4;4;4;23543646;200926212750644;184713545;;;;08/04/2031 00:00:00;3;14049805;21/09/2026 06:27:50;Mirko;Hernandez;;;;;;Mirko Hernandez;
14387929;21/09/2026 06:52:29;3;2;0001  215888-1;14;RETIRA;2091874;"CP19    ";"CERAMICOS PELLEGRINI S.R.L.                       ";ECHAGUE 735;951301;"17030N         ";17030N - PERCHA LINEA FABRIC BLACK;5;5;5;23543646;200926212750644;184714933;;;;07/28/2031 00:00:00;1;14049805;21/09/2026 06:27:50;Mirko;Hernandez;;;;;;Mirko Hernandez;
14387929;21/09/2026 06:52:29;3;2;0001  215888-1;14;RETIRA;2091874;"CP19    ";"CERAMICOS PELLEGRINI S.R.L.                       ";ECHAGUE 735;953320;"83-203         ";83-203 - DUCHA EXT C/TRANSF. MONOCOMANDO ADRA;3;3;3;23543667;200926212908078;184714566;;;;07/29/2031 00:00:00;3;14049810;21/09/2026 06:29:08;Mirko;Hernandez;;;;;;Mirko Hernandez;
14387929;21/09/2026 06:52:29;3;2;0001  215888-1;14;RETIRA;2091874;"CP19    ";"CERAMICOS PELLEGRINI S.R.L.                       ";ECHAGUE 735;953122;"80-176         ";80-176 - DUCHA EMB C/TRANSF MONOC CR RIO;3;3;3;23543667;200926212908078;184712490;;;;07/29/2031 00:00:00;3;14049810;21/09/2026 06:29:08;Mirko;Hernandez;;;;;;Mirko Hernandez;
14387929;21/09/2026 06:52:29;3;2;0001  215888-1;14;RETIRA;2091874;"CP19    ";"CERAMICOS PELLEGRINI S.R.L.                       ";ECHAGUE 735;952799;"63-180         ";63-180 - LAVATORIO MONOC. DE PARED VERA;4;4;4;23543672;200926212947546;184712324;;;;07/27/2031 00:00:00;4;14049815;21/09/2026 06:29:47;Mirko;Hernandez;;;;;;Mirko Hernandez;
14387929;21/09/2026 06:52:29;3;2;0001  215888-1;14;RETIRA;2091874;"CP19    ";"CERAMICOS PELLEGRINI S.R.L.                       ";ECHAGUE 735;951537;"20-162N        ";"MONOCOMANDO COCINA BLACK ADRA                                         ";5;5;5;23543675;200926213012754;184711415;;;;07/28/2031 00:00:00;5;14049817;21/09/2026 06:30:12;Mirko;Hernandez;;;;;;Mirko Hernandez;
14387929;21/09/2026 06:52:29;3;2;0001  215888-1;14;RETIRA;2091874;"CP19    ";"CERAMICOS PELLEGRINI S.R.L.                       ";ECHAGUE 735;952925;"70-176         ";70-176 - BIDE MONOC C/TRANSF CR RIO;10;10;10;23543732;200926213351243;184767406;;;;12/14/2031 00:00:00;6;14049830;21/09/2026 06:33:51;Mirko;Hernandez;;;;;;Mirko Hernandez;
14387929;21/09/2026 06:52:29;3;2;0001  215888-1;14;RETIRA;2091874;"CP19    ";"CERAMICOS PELLEGRINI S.R.L.                       ";ECHAGUE 735;952925;"70-176         ";70-176 - BIDE MONOC C/TRANSF CR RIO;10;10;10;23543737;200926213507500;184712790;;;;12/14/2031 00:00:00;4;14049834;21/09/2026 06:35:07;Mirko;Hernandez;;;;;;Mirko Hernandez;
14387929;21/09/2026 06:52:29;3;2;0001  215888-1;14;RETIRA;2091874;"CP19    ";"CERAMICOS PELLEGRINI S.R.L.                       ";ECHAGUE 735;951523;"20-134         ";20-134 - MONOCOMANDO COCINA BETIS;10;10;10;23543755;200926213638152;184767632;;;;08/11/2031 00:00:00;6;14049837;21/09/2026 06:36:38;Mirko;Hernandez;;;;;;Mirko Hernandez;
14387929;21/09/2026 06:52:29;3;2;0001  215888-1;14;RETIRA;2091874;"CP19    ";"CERAMICOS PELLEGRINI S.R.L.                       ";ECHAGUE 735;951523;"20-134         ";20-134 - MONOCOMANDO COCINA BETIS;10;10;10;23543766;200926213716266;184715050;;;;08/11/2031 00:00:00;4;14049840;21/09/2026 06:37:16;Mirko;Hernandez;;;;;;Mirko Hernandez;
14387929;21/09/2026 06:52:29;3;2;0001  215888-1;14;RETIRA;2091874;"CP19    ";"CERAMICOS PELLEGRINI S.R.L.                       ";ECHAGUE 735;951748;"3006           ";3006 - SET DE 6 PIEZAS LINEA 3000;12;12;12;23543770;200926213730168;184713835;;;;07/29/2031 00:00:00;10;14049842;21/09/2026 06:37:30;Mirko;Hernandez;;;;;;Mirko Hernandez;
14387929;21/09/2026 06:52:29;3;2;0001  215888-1;14;RETIRA;2091874;"CP19    ";"CERAMICOS PELLEGRINI S.R.L.                       ";ECHAGUE 735;952712;"61-176         ";61-176 - LAVATORIO MONOC ALTO CR RIO;14;14;14;23543776;200926213756472;184767746;;;;10/11/2031 00:00:00;6;14049845;21/09/2026 06:37:56;Mirko;Hernandez;;;;;;Mirko Hernandez;
14387929;21/09/2026 06:52:29;3;2;0001  215888-1;14;RETIRA;2091874;"CP19    ";"CERAMICOS PELLEGRINI S.R.L.                       ";ECHAGUE 735;952712;"61-176         ";61-176 - LAVATORIO MONOC ALTO CR RIO;14;14;14;23543782;200926213829484;184712644;;;;10/11/2031 00:00:00;6;14049846;21/09/2026 06:38:29;Mirko;Hernandez;;;;;;Mirko Hernandez;
14387929;21/09/2026 06:52:29;3;2;0001  215888-1;14;RETIRA;2091874;"CP19    ";"CERAMICOS PELLEGRINI S.R.L.                       ";ECHAGUE 735;951529;"20-140N        ";20-140N - MONOCOMANDO DE COCINA LINEA CUINA BLACK;5;5;5;23543786;200926213854365;184711178;;;;07/29/2031 00:00:00;5;14049849;21/09/2026 06:38:54;Mirko;Hernandez;;;;;;Mirko Hernandez;
14387929;21/09/2026 06:52:29;3;2;0001  215888-1;14;RETIRA;2091874;"CP19    ";"CERAMICOS PELLEGRINI S.R.L.                       ";ECHAGUE 735;953312;"83-133         ";83-133 - DUCHA EXT. C/TRANSF. MONOCOMANDO LUGO;5;5;5;23543796;200926213913526;184714295;;;;09/03/2031 00:00:00;5;14049852;21/09/2026 06:39:13;Mirko;Hernandez;;;;;;Mirko Hernandez;
14387929;21/09/2026 06:52:29;3;2;0001  215888-1;14;RETIRA;2091874;"CP19    ";"CERAMICOS PELLEGRINI S.R.L.                       ";ECHAGUE 735;953109;"80-166         ";"DUCHA EMB. C/TRANSF. CR C.CERAM ADRA PLUS                             ";11;11;11;23543861;200926214357861;184768220;;;;01/19/2032 00:00:00;4;14049875;21/09/2026 06:43:57;Mirko;Hernandez;;;;;;Mirko Hernandez;
14387929;21/09/2026 06:52:29;3;2;0001  215888-1;14;RETIRA;2091874;"CP19    ";"CERAMICOS PELLEGRINI S.R.L.                       ";ECHAGUE 735;953109;"80-166         ";"DUCHA EMB. C/TRANSF. CR C.CERAM ADRA PLUS                             ";11;11;11;23543862;200926214419743;184768250;;;;01/19/2032 00:00:00;4;14049876;21/09/2026 06:44:19;Mirko;Hernandez;;;;;;Mirko Hernandez;
14387929;21/09/2026 06:52:29;3;2;0001  215888-1;14;RETIRA;2091874;"CP19    ";"CERAMICOS PELLEGRINI S.R.L.                       ";ECHAGUE 735;952912;"70-162         ";70-162 - BIDE CR C.CERAM LINEA ADRA;10;10;10;23543869;200926214500127;184768347;;;;07/29/2031 00:00:00;8;14049877;21/09/2026 06:45:00;Mirko;Hernandez;;;;;;Mirko Hernandez;
14387929;21/09/2026 06:52:29;3;2;0001  215888-1;14;RETIRA;2091874;"CP19    ";"CERAMICOS PELLEGRINI S.R.L.                       ";ECHAGUE 735;952634;"60-162         ";60-162 - LAVATORIO CR C.CERAM LINEA ADRA;5;5;5;23543869;200926214500127;184768346;;;;07/29/2031 00:00:00;2;14049877;21/09/2026 06:45:00;Mirko;Hernandez;;;;;;Mirko Hernandez;
14387929;21/09/2026 06:52:29;3;2;0001  215888-1;14;RETIRA;2091874;"CP19    ";"CERAMICOS PELLEGRINI S.R.L.                       ";ECHAGUE 735;952726;"61-203         ";61-203 - LAVATORIO MONOCOMANDO ALTO ADRA;3;3;3;23543874;200926214529106;184768433;;;;02/22/2032 00:00:00;1;14049879;21/09/2026 06:45:29;Mirko;Hernandez;;;;;;Mirko Hernandez;
14387929;21/09/2026 06:52:29;3;2;0001  215888-1;14;RETIRA;2091874;"CP19    ";"CERAMICOS PELLEGRINI S.R.L.                       ";ECHAGUE 735;953109;"80-166         ";"DUCHA EMB. C/TRANSF. CR C.CERAM ADRA PLUS                             ";11;11;11;23543874;200926214529106;184718949;;;;01/19/2032 00:00:00;3;14049879;21/09/2026 06:45:29;Mirko;Hernandez;;;;;;Mirko Hernandez;
14387929;21/09/2026 06:52:29;3;2;0001  215888-1;14;RETIRA;2091874;"CP19    ";"CERAMICOS PELLEGRINI S.R.L.                       ";ECHAGUE 735;952726;"61-203         ";61-203 - LAVATORIO MONOCOMANDO ALTO ADRA;3;3;3;23543893;200926214705165;184719602;;;;02/22/2032 00:00:00;2;14049883;21/09/2026 06:47:05;Mirko;Hernandez;;;;;;Mirko Hernandez;
14387929;21/09/2026 06:52:29;3;2;0001  215888-1;14;RETIRA;2091874;"CP19    ";"CERAMICOS PELLEGRINI S.R.L.                       ";ECHAGUE 735;954908;"BCH07          ";BCH07 - BACHA DE APOYAR OVALADA 400x330x150;6;6;6;23543946;200926215036570;184768827;;;;07/29/2031 00:00:00;1;14049894;21/09/2026 06:50:36;Mirko;Hernandez;;;;;;Mirko Hernandez;
14387929;21/09/2026 06:52:29;3;2;0001  215888-1;14;RETIRA;2091874;"CP19    ";"CERAMICOS PELLEGRINI S.R.L.                       ";ECHAGUE 735;954908;"BCH07          ";BCH07 - BACHA DE APOYAR OVALADA 400x330x150;6;6;6;23543951;200926215043822;184768838;;;;07/29/2031 00:00:00;1;14049895;21/09/2026 06:50:43;Mirko;Hernandez;;;;;;Mirko Hernandez;
14387929;21/09/2026 06:52:29;3;2;0001  215888-1;14;RETIRA;2091874;"CP19    ";"CERAMICOS PELLEGRINI S.R.L.                       ";ECHAGUE 735;954908;"BCH07          ";BCH07 - BACHA DE APOYAR OVALADA 400x330x150;6;6;6;23543953;200926215051322;184768849;;;;07/29/2031 00:00:00;1;14049897;21/09/2026 06:50:51;Mirko;Hernandez;;;;;;Mirko Hernandez;
14387929;21/09/2026 06:52:29;3;2;0001  215888-1;14;RETIRA;2091874;"CP19    ";"CERAMICOS PELLEGRINI S.R.L.                       ";ECHAGUE 735;954908;"BCH07          ";BCH07 - BACHA DE APOYAR OVALADA 400x330x150;6;6;6;23543957;200926215106654;184768869;;;;07/29/2031 00:00:00;1;14049899;21/09/2026 06:51:06;Mirko;Hernandez;;;;;;Mirko Hernandez;
14387929;21/09/2026 06:52:29;3;2;0001  215888-1;14;RETIRA;2091874;"CP19    ";"CERAMICOS PELLEGRINI S.R.L.                       ";ECHAGUE 735;954901;"BCH01          ";BCH01 - BACHA DE APOYAR CIRCULAR 320x145;6;6;6;23543962;200926215124247;184768893;;;;07/28/2031 00:00:00;1;14049903;21/09/2026 06:51:24;Mirko;Hernandez;;;;;;Mirko Hernandez;
14387929;21/09/2026 06:52:29;3;2;0001  215888-1;14;RETIRA;2091874;"CP19    ";"CERAMICOS PELLEGRINI S.R.L.                       ";ECHAGUE 735;954901;"BCH01          ";BCH01 - BACHA DE APOYAR CIRCULAR 320x145;6;6;6;23543964;200926215131217;184768901;;;;07/28/2031 00:00:00;1;14049904;21/09/2026 06:51:31;Mirko;Hernandez;;;;;;Mirko Hernandez;
14387929;21/09/2026 06:52:29;3;2;0001  215888-1;14;RETIRA;2091874;"CP19    ";"CERAMICOS PELLEGRINI S.R.L.                       ";ECHAGUE 735;954901;"BCH01          ";BCH01 - BACHA DE APOYAR CIRCULAR 320x145;6;6;6;23543967;200926215140928;184768912;;;;07/28/2031 00:00:00;1;14049905;21/09/2026 06:51:40;Mirko;Hernandez;;;;;;Mirko Hernandez;
14387929;21/09/2026 06:52:29;3;2;0001  215888-1;14;RETIRA;2091874;"CP19    ";"CERAMICOS PELLEGRINI S.R.L.                       ";ECHAGUE 735;954901;"BCH01          ";BCH01 - BACHA DE APOYAR CIRCULAR 320x145;6;6;6;23543968;200926215147646;184768921;;;;07/28/2031 00:00:00;1;14049906;21/09/2026 06:51:47;Mirko;Hernandez;;;;;;Mirko Hernandez;
14387929;21/09/2026 06:52:29;3;2;0001  215888-1;14;RETIRA;2091874;"CP19    ";"CERAMICOS PELLEGRINI S.R.L.                       ";ECHAGUE 735;954901;"BCH01          ";BCH01 - BACHA DE APOYAR CIRCULAR 320x145;6;6;6;23543970;200926215200382;184768943;;;;07/28/2031 00:00:00;1;14049907;21/09/2026 06:52:00;Mirko;Hernandez;;;;;;Mirko Hernandez;
14387929;21/09/2026 06:52:29;3;2;0001  215888-1;14;RETIRA;2091874;"CP19    ";"CERAMICOS PELLEGRINI S.R.L.                       ";ECHAGUE 735;954901;"BCH01          ";BCH01 - BACHA DE APOYAR CIRCULAR 320x145;6;6;6;23543971;200926215208049;184712149;;;;07/28/2031 00:00:00;1;14049909;21/09/2026 06:52:08;Mirko;Hernandez;;;;;;Mirko Hernandez;
14387929;21/09/2026 06:52:29;3;2;0001  215888-1;14;RETIRA;2091874;"CP19    ";"CERAMICOS PELLEGRINI S.R.L.                       ";ECHAGUE 735;954908;"BCH07          ";BCH07 - BACHA DE APOYAR OVALADA 400x330x150;6;6;6;23543974;200926215216429;184768964;;;;07/29/2031 00:00:00;1;14049910;21/09/2026 06:52:16;Mirko;Hernandez;;;;;;Mirko Hernandez;
14387930;21/09/2026 06:54:38;3;2;0001  215972-1;14;RETIRA;2091874;"CP19    ";"CERAMICOS PELLEGRINI S.R.L.                       ";ECHAGUE 735;951309;"17060G         ";17060G - PORTA VASO Y CEPILLO  LINEA FABRIC GOLD;2;2;2;23536918;200926215435944;184717522;;;;07/28/2031 00:00:00;2;14049917;21/09/2026 06:54:35;Mirko;Hernandez;24809667;19/09/2026 09:20:31;6585;Mathias;Montenegro;Mirko Hernandez;Mathias Montenegro
14388034;19/09/2026 09:07:36;3;2;0001  215602-1;05;CAMIONETA MAR 2;2091589;"CE01    ";"CENCOSUD S.A.                                     ";AV. JUAN B. ALBERDI 3928;952950;"70-200G        ";70-200G - BIDE MONOCOMANDO GOLD FABRIC;1;1;1;23522489;190926000733023;184619228;;;;07/27/2031 00:00:00;1;14045539;19/09/2026 09:07:33;Mirko;Hernandez;24795476;18/09/2026 14:54:01;7839;Claudio;Juarez;Mirko Hernandez;Claudio Juarez
14388034;19/09/2026 09:07:36;3;2;0001  215602-1;05;CAMIONETA MAR 2;2091589;"CE01    ";"CENCOSUD S.A.                                     ";AV. JUAN B. ALBERDI 3928;952673;"60-200G        ";60-200G - LAVATORIO MONOC BAJO GOLD FABRIC;1;1;1;23522489;190926000733023;184619504;;;;07/28/2031 00:00:00;1;14045539;19/09/2026 09:07:33;Mirko;Hernandez;24795476;18/09/2026 14:54:01;7839;Claudio;Juarez;Mirko Hernandez;Claudio Juarez
14388035;19/09/2026 09:22:39;3;2;0001  215053-2;05;CAMIONETA MAR 2;2093531;"MM16    ";"MORENO MIGUEL ANGEL- SANIT. ALTA ITALIA           ";AV. SAN JUAN 3451;951162;"1335           ";"QUEINOX MACHO MOVIL MH 1/2"" x 35                                      ";20;20;20;23522490;190926002238637;184623525;;;;03/03/2032 00:00:00;20;14045749;19/09/2026 09:22:38;Mirko;Hernandez;24795476;18/09/2026 14:54:01;7839;Claudio;Juarez;Mirko Hernandez;Claudio Juarez
14388036;19/09/2026 09:23:00;3;2;0001  214931-2;05;CAMIONETA MAR 2;2134341;"GA34    ";"GRILLI ADRIAN E. Y GRILLI IVAN A. -BRUMAR         ";BRASIL 515;957825;"RA1600         ";"CONJUNTO BRAZO Y FLOR DE DUCHA CR LINEA PULSE                         ";1;1;1;23522534;190926002259003;184622535;;;;03/03/2032 00:00:00;1;14045782;19/09/2026 09:22:59;Mirko;Hernandez;24795529;18/09/2026 14:46:16;6922;Franco;Potenza;Mirko Hernandez;Franco Potenza
14388037;19/09/2026 08:58:39;3;2;0001  215742-1;05;CAMIONETA MAR 2;2091692;"CI14    ";"CIRSAN S.R.L.                                     ";SALTA 372;953109;"80-166         ";"DUCHA EMB. C/TRANSF. CR C.CERAM ADRA PLUS                             ";1;1;1;23522535;180926235640140;184612792;;;;01/19/2032 00:00:00;1;14045381;19/09/2026 08:56:40;Mirko;Hernandez;24795529;18/09/2026 14:46:16;6922;Franco;Potenza;Mirko Hernandez;Franco Potenza
14388037;19/09/2026 08:58:39;3;2;0001  215742-1;05;CAMIONETA MAR 2;2091692;"CI14    ";"CIRSAN S.R.L.                                     ";SALTA 372;951611;"21-160         ";"MONOCOMANDO DUO COCINA CROMO DIQUE                                    ";3;3;3;23523267;180926235838771;184618079;;;;12/14/2031 00:00:00;3;14045411;19/09/2026 08:58:38;Mirko;Hernandez;24796320;18/09/2026 14:49:34;7827;Javier;Machado;Mirko Hernandez;Javier Machado
14388037;19/09/2026 08:58:39;3;2;0001  215742-1;05;CAMIONETA MAR 2;2091692;"CI14    ";"CIRSAN S.R.L.                                     ";SALTA 372;951614;"21200          ";21200 - ESQUINERO ORGANIZADOR 19x19x7;2;2;2;23523267;180926235838771;184620228;;;;07/27/2031 00:00:00;2;14045411;19/09/2026 08:58:38;Mirko;Hernandez;24796320;18/09/2026 14:49:34;7827;Javier;Machado;Mirko Hernandez;Javier Machado
14388037;19/09/2026 08:58:39;3;2;0001  215742-1;05;CAMIONETA MAR 2;2091692;"CI14    ";"CIRSAN S.R.L.                                     ";SALTA 372;952912;"70-162         ";70-162 - BIDE CR C.CERAM LINEA ADRA;2;2;2;23536552;180926235622881;184613247;;;;07/29/2031 00:00:00;2;14045397;19/09/2026 08:56:22;Mirko;Hernandez;;;;;;Mirko Hernandez;
14388037;19/09/2026 08:58:39;3;2;0001  215742-1;05;CAMIONETA MAR 2;2091692;"CI14    ";"CIRSAN S.R.L.                                     ";SALTA 372;952583;"60-058         ";60-058 - LAVATORIO CR C.STD MALBA;5;5;5;23536552;180926235622881;184613985;;;;12/03/2031 00:00:00;5;14045397;19/09/2026 08:56:22;Mirko;Hernandez;;;;;;Mirko Hernandez;
14388037;19/09/2026 08:58:39;3;2;0001  215742-1;05;CAMIONETA MAR 2;2091692;"CI14    ";"CIRSAN S.R.L.                                     ";SALTA 372;952634;"60-162         ";60-162 - LAVATORIO CR C.CERAM LINEA ADRA;2;2;2;23536552;180926235622881;184612322;;;;07/29/2031 00:00:00;2;14045397;19/09/2026 08:56:22;Mirko;Hernandez;;;;;;Mirko Hernandez;
14388037;19/09/2026 08:58:39;3;2;0001  215742-1;05;CAMIONETA MAR 2;2091692;"CI14    ";"CIRSAN S.R.L.                                     ";SALTA 372;951535;"20-160         ";20-160 - MONOCOMANDO MESADA COCINA DIQUE;8;8;8;23536566;180926235725988;184623642;;;;07/28/2031 00:00:00;8;14045419;19/09/2026 08:57:25;Mirko;Hernandez;;;;;;Mirko Hernandez;
14388038;19/09/2026 09:09:24;3;2;0001  215763-1;05;CAMIONETA MAR 2;2091589;"CE01    ";"CENCOSUD S.A.                                     ";AV. JUAN B. ALBERDI 3928;951136;"13040          ";"PORTA ROLLO LINEA 13000                                               ";1;1;1;23522491;190926000924707;184614357;;;;07/31/2031 00:00:00;1;14045561;19/09/2026 09:09:24;Mirko;Hernandez;24795476;18/09/2026 14:54:01;7839;Claudio;Juarez;Mirko Hernandez;Claudio Juarez
14388039;19/09/2026 08:53:38;3;2;0001  215834-1;05;CAMIONETA MAR 2;2134341;"GA34    ";"GRILLI ADRIAN E. Y GRILLI IVAN A. -BRUMAR         ";BRASIL 515;953334;"84-203         ";"DUCHA EXT C/COLUMNA Y TRANSF CR ADRA                                  ";2;2;2;23522492;180926235338294;184618978;;;;02/03/2032 00:00:00;2;14045351;19/09/2026 08:53:38;Mirko;Hernandez;24795476;18/09/2026 14:54:01;7839;Claudio;Juarez;Mirko Hernandez;Claudio Juarez
14388039;19/09/2026 08:53:38;3;2;0001  215834-1;05;CAMIONETA MAR 2;2134341;"GA34    ";"GRILLI ADRIAN E. Y GRILLI IVAN A. -BRUMAR         ";BRASIL 515;952679;"60-205         ";60-205 - LAVATORIO MONOC BAJO STEEL;1;1;1;23522492;180926235338294;184616141;;;;07/28/2031 00:00:00;1;14045351;19/09/2026 08:53:38;Mirko;Hernandez;24795476;18/09/2026 14:54:01;7839;Claudio;Juarez;Mirko Hernandez;Claudio Juarez
14388039;19/09/2026 08:53:38;3;2;0001  215834-1;05;CAMIONETA MAR 2;2134341;"GA34    ";"GRILLI ADRIAN E. Y GRILLI IVAN A. -BRUMAR         ";BRASIL 515;952467;"52-121         ";52-121 - GRIFERIA REBATIBLE P/LLENADO DE OLLAS MARBELLA;1;1;1;23522492;180926235338294;184613442;;;;07/29/2031 00:00:00;1;14045351;19/09/2026 08:53:38;Mirko;Hernandez;24795476;18/09/2026 14:54:01;7839;Claudio;Juarez;Mirko Hernandez;Claudio Juarez
14388039;19/09/2026 08:53:38;3;2;0001  215834-1;05;CAMIONETA MAR 2;2134341;"GA34    ";"GRILLI ADRIAN E. Y GRILLI IVAN A. -BRUMAR         ";BRASIL 515;951532;"20-147         ";20-147 - MONOCOMANDO DE COCINA SWIFT;1;1;1;23522492;180926235338294;184616573;;;;08/04/2031 00:00:00;1;14045351;19/09/2026 08:53:38;Mirko;Hernandez;24795476;18/09/2026 14:54:01;7839;Claudio;Juarez;Mirko Hernandez;Claudio Juarez
14388039;19/09/2026 08:53:38;3;2;0001  215834-1;05;CAMIONETA MAR 2;2134341;"GA34    ";"GRILLI ADRIAN E. Y GRILLI IVAN A. -BRUMAR         ";BRASIL 515;953109;"80-166         ";"DUCHA EMB. C/TRANSF. CR C.CERAM ADRA PLUS                             ";2;2;2;23522536;180926235238326;184612993;;;;01/19/2032 00:00:00;2;14045329;19/09/2026 08:52:38;Mirko;Hernandez;24795529;18/09/2026 14:46:16;6922;Franco;Potenza;Mirko Hernandez;Franco Potenza
14388039;19/09/2026 08:53:38;3;2;0001  215834-1;05;CAMIONETA MAR 2;2134341;"GA34    ";"GRILLI ADRIAN E. Y GRILLI IVAN A. -BRUMAR         ";BRASIL 515;953110;"80-166N        ";80-166N - DUCHA EMB. C/TRANSF. BLACK C.CERAM ADRA PLUS;2;2;2;23522536;180926235238326;184616272;;;;01/12/2032 00:00:00;2;14045329;19/09/2026 08:52:38;Mirko;Hernandez;24795529;18/09/2026 14:46:16;6922;Franco;Potenza;Mirko Hernandez;Franco Potenza
14388039;19/09/2026 08:53:38;3;2;0001  215834-1;05;CAMIONETA MAR 2;2134341;"GA34    ";"GRILLI ADRIAN E. Y GRILLI IVAN A. -BRUMAR         ";BRASIL 515;952217;"403            ";403 - DUCHA EXT. C/TRANSF.CR DIQUE;2;2;2;23536466;180926235209891;184617163;;;;01/25/2032 00:00:00;2;14045342;19/09/2026 08:52:09;Mirko;Hernandez;;;;;;Mirko Hernandez;
14388039;19/09/2026 08:53:38;3;2;0001  215834-1;05;CAMIONETA MAR 2;2134341;"GA34    ";"GRILLI ADRIAN E. Y GRILLI IVAN A. -BRUMAR         ";BRASIL 515;952634;"60-162         ";60-162 - LAVATORIO CR C.CERAM LINEA ADRA;4;4;4;23536466;180926235209891;184612452;;;;07/29/2031 00:00:00;4;14045342;19/09/2026 08:52:09;Mirko;Hernandez;;;;;;Mirko Hernandez;
14388039;19/09/2026 08:53:38;3;2;0001  215834-1;05;CAMIONETA MAR 2;2134341;"GA34    ";"GRILLI ADRIAN E. Y GRILLI IVAN A. -BRUMAR         ";BRASIL 515;952888;"70-122         ";70-122 - BIDE C.CERAM CR VALENCIA;1;1;1;23536466;180926235209891;184616070;;;;10/26/2031 00:00:00;1;14045342;19/09/2026 08:52:09;Mirko;Hernandez;;;;;;Mirko Hernandez;
14388039;19/09/2026 08:53:38;3;2;0001  215834-1;05;CAMIONETA MAR 2;2134341;"GA34    ";"GRILLI ADRIAN E. Y GRILLI IVAN A. -BRUMAR         ";BRASIL 515;952912;"70-162         ";70-162 - BIDE CR C.CERAM LINEA ADRA;1;1;1;23536466;180926235209891;184613444;;;;07/29/2031 00:00:00;1;14045342;19/09/2026 08:52:09;Mirko;Hernandez;;;;;;Mirko Hernandez;
14388040;19/09/2026 09:06:39;3;2;0001  215846-1;05;CAMIONETA MAR 2;2091100;"AM04    ";"ARDISSONE MARIO JAVIER -SANIT. ARDISSONE          ";JUNIN 168;958704;"RA868          ";RA868 - CONJ. FIJACION MONOC. P/MSDA MARBELLA;4;4;4;23522493;190926000250242;184612312;;;;07/31/2031 00:00:00;4;14045442;19/09/2026 09:02:50;Mirko;Hernandez;24795476;18/09/2026 14:54:01;7839;Claudio;Juarez;Mirko Hernandez;Claudio Juarez
14388040;19/09/2026 09:06:39;3;2;0001  215846-1;05;CAMIONETA MAR 2;2091100;"AM04    ";"ARDISSONE MARIO JAVIER -SANIT. ARDISSONE          ";JUNIN 168;957394;"RA006          ";RA006 - CARTUCHO CERAMICO P/MONOCOMANDO Ø 40;4;4;4;23522493;190926000250242;184625761;;;;07/31/2031 00:00:00;4;14045442;19/09/2026 09:02:50;Mirko;Hernandez;24795476;18/09/2026 14:54:01;7839;Claudio;Juarez;Mirko Hernandez;Claudio Juarez
14388040;19/09/2026 09:06:39;3;2;0001  215846-1;05;CAMIONETA MAR 2;2091100;"AM04    ";"ARDISSONE MARIO JAVIER -SANIT. ARDISSONE          ";JUNIN 168;953060;"80-058         ";80-058 - DUCHA EMB. C/TRANSF. CR C.STD MALBA;4;4;4;23522537;190926000638435;184614896;;;;01/06/2032 00:00:00;2;14045490;19/09/2026 09:06:38;Mirko;Hernandez;24795529;18/09/2026 14:46:16;6922;Franco;Potenza;Mirko Hernandez;Franco Potenza
14388040;19/09/2026 09:06:39;3;2;0001  215846-1;05;CAMIONETA MAR 2;2091100;"AM04    ";"ARDISSONE MARIO JAVIER -SANIT. ARDISSONE          ";JUNIN 168;952582;"60-057         ";60-057 - LAVATORIO C.STD VERIN PLUS;6;6;6;23522537;190926000638435;184615607;;;;01/31/2032 00:00:00;6;14045490;19/09/2026 09:06:38;Mirko;Hernandez;24795529;18/09/2026 14:46:16;6922;Franco;Potenza;Mirko Hernandez;Franco Potenza
14388040;19/09/2026 09:06:39;3;2;0001  215846-1;05;CAMIONETA MAR 2;2091100;"AM04    ";"ARDISSONE MARIO JAVIER -SANIT. ARDISSONE          ";JUNIN 168;952856;"70-045         ";70-045 - BIDE CROMO C.STD CRUZ;2;2;2;23522537;190926000638435;184616767;;;;02/01/2032 00:00:00;1;14045490;19/09/2026 09:06:38;Mirko;Hernandez;24795529;18/09/2026 14:46:16;6922;Franco;Potenza;Mirko Hernandez;Franco Potenza
14388040;19/09/2026 09:06:39;3;2;0001  215846-1;05;CAMIONETA MAR 2;2091100;"AM04    ";"ARDISSONE MARIO JAVIER -SANIT. ARDISSONE          ";JUNIN 168;952862;"70-058         ";70-058 - BIDE CR C.STD MALBA;4;4;4;23522537;190926000638435;184614263;;;;10/20/2031 00:00:00;1;14045490;19/09/2026 09:06:38;Mirko;Hernandez;24795529;18/09/2026 14:46:16;6922;Franco;Potenza;Mirko Hernandez;Franco Potenza
14388040;19/09/2026 09:06:39;3;2;0001  215846-1;05;CAMIONETA MAR 2;2091100;"AM04    ";"ARDISSONE MARIO JAVIER -SANIT. ARDISSONE          ";JUNIN 168;951508;"20-121         ";20-121 - COCINA MSDA MONOC.P. REDONDO MARBELLA;2;2;2;23536605;180926235941879;184620143;;;;07/30/2031 00:00:00;2;14045450;19/09/2026 08:59:41;Mirko;Hernandez;;;;;;Mirko Hernandez;
14388040;19/09/2026 09:06:39;3;2;0001  215846-1;05;CAMIONETA MAR 2;2091100;"AM04    ";"ARDISSONE MARIO JAVIER -SANIT. ARDISSONE          ";JUNIN 168;951820;"30-121         ";30-121 - COCINA MSDA MONOC.P. CUADRADO MARBELLA;2;2;2;23536605;180926235941879;184618272;;;;11/08/2031 00:00:00;2;14045450;19/09/2026 08:59:41;Mirko;Hernandez;;;;;;Mirko Hernandez;
14388040;19/09/2026 09:06:39;3;2;0001  215846-1;05;CAMIONETA MAR 2;2091100;"AM04    ";"ARDISSONE MARIO JAVIER -SANIT. ARDISSONE          ";JUNIN 168;952896;"70-133         ";70-133 - BIDE MONOCOMANDO LUGO;4;4;4;23536632;190926000055104;184617705;;;;07/27/2031 00:00:00;4;14045468;19/09/2026 09:00:55;Mirko;Hernandez;;;;;;Mirko Hernandez;
14388040;19/09/2026 09:06:39;3;2;0001  215846-1;05;CAMIONETA MAR 2;2091100;"AM04    ";"ARDISSONE MARIO JAVIER -SANIT. ARDISSONE          ";JUNIN 168;951533;"20-150         ";20-150 - MONOCOMANDO MESADA COCINA TOLEDO;2;2;2;23536632;190926000055104;184612891;;;;07/27/2031 00:00:00;2;14045468;19/09/2026 09:00:55;Mirko;Hernandez;;;;;;Mirko Hernandez;
14388040;19/09/2026 09:06:39;3;2;0001  215846-1;05;CAMIONETA MAR 2;2091100;"AM04    ";"ARDISSONE MARIO JAVIER -SANIT. ARDISSONE          ";JUNIN 168;953060;"80-058         ";80-058 - DUCHA EMB. C/TRANSF. CR C.STD MALBA;4;4;4;23536702;190926000428753;184715629;;;;01/06/2032 00:00:00;2;14045506;19/09/2026 09:04:28;Mirko;Hernandez;;;;;;Mirko Hernandez;
14388040;19/09/2026 09:06:39;3;2;0001  215846-1;05;CAMIONETA MAR 2;2091100;"AM04    ";"ARDISSONE MARIO JAVIER -SANIT. ARDISSONE          ";JUNIN 168;953083;"80-122         ";80-122 - DUCHA EMB.C/TRANSF. C.CERAM CR VALENCIA;2;2;2;23536702;190926000428753;184615954;;;;07/31/2031 00:00:00;2;14045506;19/09/2026 09:04:28;Mirko;Hernandez;;;;;;Mirko Hernandez;
14388040;19/09/2026 09:06:39;3;2;0001  215846-1;05;CAMIONETA MAR 2;2091100;"AM04    ";"ARDISSONE MARIO JAVIER -SANIT. ARDISSONE          ";JUNIN 168;952577;"60-045         ";60-045 - LAVATORIO CR/CR C.STD CRUZ;2;2;2;23536702;190926000428753;184616537;;;;01/24/2032 00:00:00;2;14045506;19/09/2026 09:04:28;Mirko;Hernandez;;;;;;Mirko Hernandez;
14388040;19/09/2026 09:06:39;3;2;0001  215846-1;05;CAMIONETA MAR 2;2091100;"AM04    ";"ARDISSONE MARIO JAVIER -SANIT. ARDISSONE          ";JUNIN 168;952856;"70-045         ";70-045 - BIDE CROMO C.STD CRUZ;2;2;2;23536702;190926000428753;184715627;;;;02/01/2032 00:00:00;1;14045506;19/09/2026 09:04:28;Mirko;Hernandez;;;;;;Mirko Hernandez;
14388040;19/09/2026 09:06:39;3;2;0001  215846-1;05;CAMIONETA MAR 2;2091100;"AM04    ";"ARDISSONE MARIO JAVIER -SANIT. ARDISSONE          ";JUNIN 168;952862;"70-058         ";70-058 - BIDE CR C.STD MALBA;4;4;4;23536702;190926000428753;184715628;;;;10/20/2031 00:00:00;3;14045506;19/09/2026 09:04:28;Mirko;Hernandez;;;;;;Mirko Hernandez;
14388041;19/09/2026 09:35:32;3;2;0001  215486-1;05;CAMIONETA MAR 2;2094354;"SC17    ";"ESPADA FARALDO MM -SANIT. CORDOBA                 ";AV. CORDOBA 1200;954805;"AB-002         ";AB-002 - AGARRADERA ACERO INOX CROMADO 40 CM SAFE;6;6;6;23522494;190926003532753;184613978;;;;08/12/2031 00:00:00;1;14045915;19/09/2026 09:35:32;Mirko;Hernandez;24795476;18/09/2026 14:54:01;7839;Claudio;Juarez;Mirko Hernandez;Claudio Juarez
14388041;19/09/2026 09:35:32;3;2;0001  215486-1;05;CAMIONETA MAR 2;2094354;"SC17    ";"ESPADA FARALDO MM -SANIT. CORDOBA                 ";AV. CORDOBA 1200;951327;"19030          ";19030 - PERCHA LINEA 19000;3;3;3;23522494;190926003532753;184615327;;;;07/29/2031 00:00:00;3;14045915;19/09/2026 09:35:32;Mirko;Hernandez;24795476;18/09/2026 14:54:01;7839;Claudio;Juarez;Mirko Hernandez;Claudio Juarez
14388041;19/09/2026 09:35:32;3;2;0001  215486-1;05;CAMIONETA MAR 2;2094354;"SC17    ";"ESPADA FARALDO MM -SANIT. CORDOBA                 ";AV. CORDOBA 1200;951326;"19020          ";19020 - TOALLERO DE ARO LINEA 19000;2;2;2;23522494;190926003532753;184615116;;;;07/29/2031 00:00:00;2;14045915;19/09/2026 09:35:32;Mirko;Hernandez;24795476;18/09/2026 14:54:01;7839;Claudio;Juarez;Mirko Hernandez;Claudio Juarez
14388041;19/09/2026 09:35:32;3;2;0001  215486-1;05;CAMIONETA MAR 2;2094354;"SC17    ";"ESPADA FARALDO MM -SANIT. CORDOBA                 ";AV. CORDOBA 1200;951325;"19010          ";19010 - TOALLERO BARRAL LINEA 19000;1;1;1;23522494;190926003532753;184614799;;;;07/30/2031 00:00:00;1;14045915;19/09/2026 09:35:32;Mirko;Hernandez;24795476;18/09/2026 14:54:01;7839;Claudio;Juarez;Mirko Hernandez;Claudio Juarez
14388041;19/09/2026 09:35:32;3;2;0001  215486-1;05;CAMIONETA MAR 2;2094354;"SC17    ";"ESPADA FARALDO MM -SANIT. CORDOBA                 ";AV. CORDOBA 1200;954805;"AB-002         ";AB-002 - AGARRADERA ACERO INOX CROMADO 40 CM SAFE;6;6;6;23537399;190926003336308;184720108;;;;08/12/2031 00:00:00;5;14045934;19/09/2026 09:33:36;Mirko;Hernandez;;;;;;Mirko Hernandez;
14388042;19/09/2026 09:19:27;3;2;0001  215409-1;05;CAMIONETA MAR 2;2093369;"MC19    ";"MEDRANO CONSTRUCCIONES S.A.                       ";MEDRANO 540;953152;"80-200C        ";80-200C - DUCHA EMB. MONOC. 3 FUNCIONES CR FABRIC;1;1;1;23523829;190926085722334;184625817;;;;12/14/2031 00:00:00;1;14045325;19/09/2026 08:57:22;Maximiliano;Nievas;24796865;18/09/2026 14:54:22;7636;Kevin;Arce;Maximiliano Nievas;Kevin Arce
14388042;19/09/2026 09:19:27;3;2;0001  215409-1;05;CAMIONETA MAR 2;2093369;"MC19    ";"MEDRANO CONSTRUCCIONES S.A.                       ";MEDRANO 540;951611;"21-160         ";"MONOCOMANDO DUO COCINA CROMO DIQUE                                    ";6;6;6;23533840;190926091925846;184697189;;;;12/14/2031 00:00:00;6;14045437;19/09/2026 09:19:25;Maximiliano;Nievas;24806703;19/09/2026 07:05:01;6585;Mathias;Montenegro;Maximiliano Nievas;Mathias Montenegro
14388042;19/09/2026 09:19:27;3;2;0001  215409-1;05;CAMIONETA MAR 2;2093369;"MC19    ";"MEDRANO CONSTRUCCIONES S.A.                       ";MEDRANO 540;952582;"60-057         ";60-057 - LAVATORIO C.STD VERIN PLUS;6;6;6;23536459;190926085133710;184713792;;;;01/31/2032 00:00:00;5;14045331;19/09/2026 08:51:33;Maximiliano;Nievas;;;;;;Maximiliano Nievas;
14388042;19/09/2026 09:19:27;3;2;0001  215409-1;05;CAMIONETA MAR 2;2093369;"MC19    ";"MEDRANO CONSTRUCCIONES S.A.                       ";MEDRANO 540;952677;"60-203         ";60-203 - LAVATORIO MONOCOMANDO BAJO ADRA;3;3;3;23536459;190926085133710;184624165;;;;03/02/2032 00:00:00;3;14045331;19/09/2026 08:51:33;Maximiliano;Nievas;;;;;;Maximiliano Nievas;
14388042;19/09/2026 09:19:27;3;2;0001  215409-1;05;CAMIONETA MAR 2;2093369;"MC19    ";"MEDRANO CONSTRUCCIONES S.A.                       ";MEDRANO 540;952678;"60-203N        ";"LAVATORIO MONOCOMANDO BAJO ADRA BLACK                                 ";1;1;1;23536459;190926085133710;184624856;;;;01/06/2032 00:00:00;1;14045331;19/09/2026 08:51:33;Maximiliano;Nievas;;;;;;Maximiliano Nievas;
14388042;19/09/2026 09:19:27;3;2;0001  215409-1;05;CAMIONETA MAR 2;2093369;"MC19    ";"MEDRANO CONSTRUCCIONES S.A.                       ";MEDRANO 540;952886;"70-121         ";70-121 - BIDE C.CERAM CR MARBELLA;3;3;3;23536459;190926085133710;184713793;;;;01/17/2032 00:00:00;1;14045331;19/09/2026 08:51:33;Maximiliano;Nievas;;;;;;Maximiliano Nievas;
14388042;19/09/2026 09:19:27;3;2;0001  215409-1;05;CAMIONETA MAR 2;2093369;"MC19    ";"MEDRANO CONSTRUCCIONES S.A.                       ";MEDRANO 540;953082;"80-121         ";80-121 - DUCHA EMB. C/TRANSF. CR C.C. MARBELLA;3;3;3;23536465;190926085204686;184625984;;;;08/04/2031 00:00:00;3;14045341;19/09/2026 08:52:04;Maximiliano;Nievas;;;;;;Maximiliano Nievas;
14388042;19/09/2026 09:19:27;3;2;0001  215409-1;05;CAMIONETA MAR 2;2093369;"MC19    ";"MEDRANO CONSTRUCCIONES S.A.                       ";MEDRANO 540;952912;"70-162         ";70-162 - BIDE CR C.CERAM LINEA ADRA;2;2;2;23536465;190926085204686;184713856;;;;07/29/2031 00:00:00;1;14045341;19/09/2026 08:52:04;Maximiliano;Nievas;;;;;;Maximiliano Nievas;
14388042;19/09/2026 09:19:27;3;2;0001  215409-1;05;CAMIONETA MAR 2;2093369;"MC19    ";"MEDRANO CONSTRUCCIONES S.A.                       ";MEDRANO 540;952886;"70-121         ";70-121 - BIDE C.CERAM CR MARBELLA;3;3;3;23536465;190926085204686;184626085;;;;01/17/2032 00:00:00;2;14045341;19/09/2026 08:52:04;Maximiliano;Nievas;;;;;;Maximiliano Nievas;
14388042;19/09/2026 09:19:27;3;2;0001  215409-1;05;CAMIONETA MAR 2;2093369;"MC19    ";"MEDRANO CONSTRUCCIONES S.A.                       ";MEDRANO 540;952634;"60-162         ";60-162 - LAVATORIO CR C.CERAM LINEA ADRA;3;3;3;23536465;190926085204686;184713855;;;;07/29/2031 00:00:00;1;14045341;19/09/2026 08:52:04;Maximiliano;Nievas;;;;;;Maximiliano Nievas;
14388042;19/09/2026 09:19:27;3;2;0001  215409-1;05;CAMIONETA MAR 2;2093369;"MC19    ";"MEDRANO CONSTRUCCIONES S.A.                       ";MEDRANO 540;952608;"60-121         ";60-121 - LAVATORIO C.CERAM CR MARBELLA;3;3;3;23536465;190926085204686;184625355;;;;01/25/2032 00:00:00;3;14045341;19/09/2026 08:52:04;Maximiliano;Nievas;;;;;;Maximiliano Nievas;
14388042;19/09/2026 09:19:27;3;2;0001  215409-1;05;CAMIONETA MAR 2;2093369;"MC19    ";"MEDRANO CONSTRUCCIONES S.A.                       ";MEDRANO 540;952582;"60-057         ";60-057 - LAVATORIO C.STD VERIN PLUS;6;6;6;23536522;190926085431379;184623613;;;;01/31/2032 00:00:00;1;14045373;19/09/2026 08:54:31;Maximiliano;Nievas;;;;;;Maximiliano Nievas;
14388042;19/09/2026 09:19:27;3;2;0001  215409-1;05;CAMIONETA MAR 2;2093369;"MC19    ";"MEDRANO CONSTRUCCIONES S.A.                       ";MEDRANO 540;952610;"60-122         ";60-122 - LAVATORIO C.CERAM CR VALENCIA;3;3;3;23536522;190926085431379;184624551;;;;01/19/2032 00:00:00;3;14045373;19/09/2026 08:54:31;Maximiliano;Nievas;;;;;;Maximiliano Nievas;
14388042;19/09/2026 09:19:27;3;2;0001  215409-1;05;CAMIONETA MAR 2;2093369;"MC19    ";"MEDRANO CONSTRUCCIONES S.A.                       ";MEDRANO 540;952634;"60-162         ";60-162 - LAVATORIO CR C.CERAM LINEA ADRA;3;3;3;23536522;190926085431379;184622092;;;;07/29/2031 00:00:00;2;14045373;19/09/2026 08:54:31;Maximiliano;Nievas;;;;;;Maximiliano Nievas;
14388042;19/09/2026 09:19:27;3;2;0001  215409-1;05;CAMIONETA MAR 2;2093369;"MC19    ";"MEDRANO CONSTRUCCIONES S.A.                       ";MEDRANO 540;952860;"70-057         ";70-057 - BIDE C.STD VERIN PLUS;4;4;4;23536522;190926085431379;184714221;;;;01/31/2032 00:00:00;2;14045373;19/09/2026 08:54:31;Maximiliano;Nievas;;;;;;Maximiliano Nievas;
14388042;19/09/2026 09:19:27;3;2;0001  215409-1;05;CAMIONETA MAR 2;2093369;"MC19    ";"MEDRANO CONSTRUCCIONES S.A.                       ";MEDRANO 540;952912;"70-162         ";70-162 - BIDE CR C.CERAM LINEA ADRA;2;2;2;23536522;190926085431379;184622246;;;;07/29/2031 00:00:00;1;14045373;19/09/2026 08:54:31;Maximiliano;Nievas;;;;;;Maximiliano Nievas;
14388042;19/09/2026 09:19:27;3;2;0001  215409-1;05;CAMIONETA MAR 2;2093369;"MC19    ";"MEDRANO CONSTRUCCIONES S.A.                       ";MEDRANO 540;953059;"80-057         ";80-057 - DUCHA EMB. C/TRANSF. C.STD VERIN PLUS;4;4;4;23536522;190926085431379;184714222;;;;02/08/2032 00:00:00;1;14045373;19/09/2026 08:54:31;Maximiliano;Nievas;;;;;;Maximiliano Nievas;
14388042;19/09/2026 09:19:27;3;2;0001  215409-1;05;CAMIONETA MAR 2;2093369;"MC19    ";"MEDRANO CONSTRUCCIONES S.A.                       ";MEDRANO 540;953059;"80-057         ";80-057 - DUCHA EMB. C/TRANSF. C.STD VERIN PLUS;4;4;4;23536544;190926085608475;184623074;;;;02/08/2032 00:00:00;3;14045394;19/09/2026 08:56:08;Maximiliano;Nievas;;;;;;Maximiliano Nievas;
14388042;19/09/2026 09:19:27;3;2;0001  215409-1;05;CAMIONETA MAR 2;2093369;"MC19    ";"MEDRANO CONSTRUCCIONES S.A.                       ";MEDRANO 540;952860;"70-057         ";70-057 - BIDE C.STD VERIN PLUS;4;4;4;23536544;190926085608475;184623346;;;;01/31/2032 00:00:00;2;14045394;19/09/2026 08:56:08;Maximiliano;Nievas;;;;;;Maximiliano Nievas;
14388042;19/09/2026 09:19:27;3;2;0001  215409-1;05;CAMIONETA MAR 2;2093369;"MC19    ";"MEDRANO CONSTRUCCIONES S.A.                       ";MEDRANO 540;952726;"61-203         ";61-203 - LAVATORIO MONOCOMANDO ALTO ADRA;2;2;2;23536557;190926085643592;184624347;;;;02/22/2032 00:00:00;2;14045404;19/09/2026 08:56:43;Maximiliano;Nievas;;;;;;Maximiliano Nievas;
14388042;19/09/2026 09:19:27;3;2;0001  215409-1;05;CAMIONETA MAR 2;2093369;"MC19    ";"MEDRANO CONSTRUCCIONES S.A.                       ";MEDRANO 540;953109;"80-166         ";"DUCHA EMB. C/TRANSF. CR C.CERAM ADRA PLUS                             ";1;1;1;23536557;190926085643592;184622444;;;;01/19/2032 00:00:00;1;14045404;19/09/2026 08:56:43;Maximiliano;Nievas;;;;;;Maximiliano Nievas;
14388042;19/09/2026 09:19:27;3;2;0001  215409-1;05;CAMIONETA MAR 2;2093369;"MC19    ";"MEDRANO CONSTRUCCIONES S.A.                       ";MEDRANO 540;953110;"80-166N        ";80-166N - DUCHA EMB. C/TRANSF. BLACK C.CERAM ADRA PLUS;1;1;1;23536557;190926085643592;184624671;;;;01/12/2032 00:00:00;1;14045404;19/09/2026 08:56:43;Maximiliano;Nievas;;;;;;Maximiliano Nievas;
14388042;19/09/2026 09:19:27;3;2;0001  215409-1;05;CAMIONETA MAR 2;2093369;"MC19    ";"MEDRANO CONSTRUCCIONES S.A.                       ";MEDRANO 540;957393;"RA004          ";RA004 - CABEZAL P/TRANSF. BIDET Y DUCHA EMBUTIR;10;10;10;23536679;190926090326027;184697697;;;;07/31/2031 00:00:00;10;14045492;19/09/2026 09:03:26;Maximiliano;Nievas;;;;;;Maximiliano Nievas;
14388042;19/09/2026 09:19:27;3;2;0001  215409-1;05;CAMIONETA MAR 2;2093369;"MC19    ";"MEDRANO CONSTRUCCIONES S.A.                       ";MEDRANO 540;957871;"RA764          ";RA764 - BOLSITA P/CONEXION BIDET LINEAS STD COMPLETO;20;20;20;23536679;190926090326027;184697531;;;;02/01/2032 00:00:00;20;14045492;19/09/2026 09:03:26;Maximiliano;Nievas;;;;;;Maximiliano Nievas;
14388042;19/09/2026 09:19:27;3;2;0001  215409-1;05;CAMIONETA MAR 2;2093369;"MC19    ";"MEDRANO CONSTRUCCIONES S.A.                       ";MEDRANO 540;957392;"RA003          ";RA003 - CABEZAL IZQUIERDO CIERRE CERAMICO (CALIENTE);10;10;10;23536805;190926090823411;184697723;;;;09/16/2031 00:00:00;10;14045548;19/09/2026 09:08:23;Maximiliano;Nievas;;;;;;Maximiliano Nievas;
14388042;19/09/2026 09:19:27;3;2;0001  215409-1;05;CAMIONETA MAR 2;2093369;"MC19    ";"MEDRANO CONSTRUCCIONES S.A.                       ";MEDRANO 540;957390;"RA001          ";RA001 - CABEZAL STD NO ASCENDENTE;20;20;20;23536805;190926090823411;184697798;;;;02/11/2032 00:00:00;20;14045548;19/09/2026 09:08:23;Maximiliano;Nievas;;;;;;Maximiliano Nievas;
14388042;19/09/2026 09:19:27;3;2;0001  215409-1;05;CAMIONETA MAR 2;2093369;"MC19    ";"MEDRANO CONSTRUCCIONES S.A.                       ";MEDRANO 540;957391;"RA002          ";RA002 - CABEZAL DERECHO CIERRE CERAMICO (FRIA);10;10;10;23536805;190926090823411;184697756;;;;02/03/2032 00:00:00;10;14045548;19/09/2026 09:08:23;Maximiliano;Nievas;;;;;;Maximiliano Nievas;
14388042;19/09/2026 09:19:27;3;2;0001  215409-1;05;CAMIONETA MAR 2;2093369;"MC19    ";"MEDRANO CONSTRUCCIONES S.A.                       ";MEDRANO 540;951536;"20-162         ";20-162 - MONOCOMANDO COCINA ADRA;4;4;4;23536813;190926090847894;184697855;;;;07/28/2031 00:00:00;4;14045552;19/09/2026 09:08:47;Maximiliano;Nievas;;;;;;Maximiliano Nievas;
14388042;19/09/2026 09:19:27;3;2;0001  215409-1;05;CAMIONETA MAR 2;2093369;"MC19    ";"MEDRANO CONSTRUCCIONES S.A.                       ";MEDRANO 540;951512;"20-122         ";"MONOCOMANDO COCINA CR C/PICO EXTRAIBLE VALENCIA                       ";2;2;2;23536907;190926091202684;184697474;;;;08/06/2031 00:00:00;2;14045598;19/09/2026 09:12:02;Maximiliano;Nievas;;;;;;Maximiliano Nievas;
14388042;19/09/2026 09:19:27;3;2;0001  215409-1;05;CAMIONETA MAR 2;2093369;"MC19    ";"MEDRANO CONSTRUCCIONES S.A.                       ";MEDRANO 540;952954;"70-203         ";70-203 - BIDE MONOCOMANDO ADRA;1;1;1;23536907;190926091202684;184697904;;;;07/30/2031 00:00:00;1;14045598;19/09/2026 09:12:02;Maximiliano;Nievas;;;;;;Maximiliano Nievas;
14388042;19/09/2026 09:19:27;3;2;0001  215409-1;05;CAMIONETA MAR 2;2093369;"MC19    ";"MEDRANO CONSTRUCCIONES S.A.                       ";MEDRANO 540;953320;"83-203         ";83-203 - DUCHA EXT C/TRANSF. MONOCOMANDO ADRA;2;2;2;23536907;190926091202684;184697875;;;;07/29/2031 00:00:00;2;14045598;19/09/2026 09:12:02;Maximiliano;Nievas;;;;;;Maximiliano Nievas;
14388042;19/09/2026 09:19:27;3;2;0001  215409-1;05;CAMIONETA MAR 2;2093369;"MC19    ";"MEDRANO CONSTRUCCIONES S.A.                       ";MEDRANO 540;951748;"3006           ";3006 - SET DE 6 PIEZAS LINEA 3000;3;3;3;23536924;190926091310667;184697640;;;;07/29/2031 00:00:00;3;14045620;19/09/2026 09:13:10;Maximiliano;Nievas;;;;;;Maximiliano Nievas;
14388042;19/09/2026 09:19:27;3;2;0001  215409-1;05;CAMIONETA MAR 2;2093369;"MC19    ";"MEDRANO CONSTRUCCIONES S.A.                       ";MEDRANO 540;951116;"12006          ";"SET DE 6 PIEZAS LINEA 12000                                           ";3;3;3;23536924;190926091310667;184697606;;;;07/30/2031 00:00:00;3;14045620;19/09/2026 09:13:10;Maximiliano;Nievas;;;;;;Maximiliano Nievas;
14388042;19/09/2026 09:19:27;3;2;0001  215409-1;05;CAMIONETA MAR 2;2093369;"MC19    ";"MEDRANO CONSTRUCCIONES S.A.                       ";MEDRANO 540;953334;"84-203         ";"DUCHA EXT C/COLUMNA Y TRANSF CR ADRA                                  ";1;1;1;23536945;190926091415229;184697348;;;;02/03/2032 00:00:00;1;14045642;19/09/2026 09:14:15;Maximiliano;Nievas;;;;;;Maximiliano Nievas;
14388042;19/09/2026 09:19:27;3;2;0001  215409-1;05;CAMIONETA MAR 2;2093369;"MC19    ";"MEDRANO CONSTRUCCIONES S.A.                       ";MEDRANO 540;951117;"12006N         ";"SET DE 6 PIEZAS LINEA 12000 BLACK                                     ";2;2;2;23536975;190926091540987;184698013;;;;09/01/2031 00:00:00;2;14045659;19/09/2026 09:15:40;Maximiliano;Nievas;;;;;;Maximiliano Nievas;
14388042;19/09/2026 09:19:27;3;2;0001  215409-1;05;CAMIONETA MAR 2;2093369;"MC19    ";"MEDRANO CONSTRUCCIONES S.A.                       ";MEDRANO 540;952499;"54-203         ";"COCINA PARED EXT C.CERAM ADRA MONOCOMANDO                             ";4;4;4;23536975;190926091540987;184698274;;;;02/18/2032 00:00:00;4;14045659;19/09/2026 09:15:40;Maximiliano;Nievas;;;;;;Maximiliano Nievas;
14388042;19/09/2026 09:19:27;3;2;0001  215409-1;05;CAMIONETA MAR 2;2093369;"MC19    ";"MEDRANO CONSTRUCCIONES S.A.                       ";MEDRANO 540;953321;"83-203N        ";83-203N - DUCHA EXT C/TRANSF. MONOCOMANDO ADRA BLACK;1;1;1;23536989;190926091607314;184697323;;;;07/31/2031 00:00:00;1;14045667;19/09/2026 09:16:07;Maximiliano;Nievas;;;;;;Maximiliano Nievas;
14388042;19/09/2026 09:19:27;3;2;0001  215409-1;05;CAMIONETA MAR 2;2093369;"MC19    ";"MEDRANO CONSTRUCCIONES S.A.                       ";MEDRANO 540;952949;"70-200C        ";70-200C - BIDE MONOCOMANDO CR FABRIC;1;1;1;23536989;190926091607314;184697262;;;;10/28/2031 00:00:00;1;14045667;19/09/2026 09:16:07;Maximiliano;Nievas;;;;;;Maximiliano Nievas;
14388042;19/09/2026 09:19:27;3;2;0001  215409-1;05;CAMIONETA MAR 2;2093369;"MC19    ";"MEDRANO CONSTRUCCIONES S.A.                       ";MEDRANO 540;952672;"60-200C        ";60-200C - LAVATORIO MONOC BAJO CR FABRIC;1;1;1;23536989;190926091607314;184697205;;;;07/28/2031 00:00:00;1;14045667;19/09/2026 09:16:07;Maximiliano;Nievas;;;;;;Maximiliano Nievas;
14388042;19/09/2026 09:19:27;3;2;0001  215409-1;05;CAMIONETA MAR 2;2093369;"MC19    ";"MEDRANO CONSTRUCCIONES S.A.                       ";MEDRANO 540;952647;"60-176         ";"LAVATORIO MONOCOMANDO BAJO CR RIO                                     ";2;2;2;23536989;190926091607314;184697436;;;;10/11/2031 00:00:00;2;14045667;19/09/2026 09:16:07;Maximiliano;Nievas;;;;;;Maximiliano Nievas;
14388042;19/09/2026 09:19:27;3;2;0001  215409-1;05;CAMIONETA MAR 2;2093369;"MC19    ";"MEDRANO CONSTRUCCIONES S.A.                       ";MEDRANO 540;951553;"20-184         ";"MONOCOMANDO DE COCINA CR SUV                                          ";4;4;4;23537016;190926091712193;184697289;;;;10/04/2031 00:00:00;4;14045689;19/09/2026 09:17:12;Maximiliano;Nievas;;;;;;Maximiliano Nievas;
14388042;19/09/2026 09:19:27;3;2;0001  215409-1;05;CAMIONETA MAR 2;2093369;"MC19    ";"MEDRANO CONSTRUCCIONES S.A.                       ";MEDRANO 540;953158;"80-203N        ";"DUCHA EMB C/TRANSF. MONOCOMANDO ADRA BLACK PLUS                       ";1;1;1;23537034;190926091749591;184697199;;;;07/28/2031 00:00:00;1;14045702;19/09/2026 09:17:49;Maximiliano;Nievas;;;;;;Maximiliano Nievas;
14388042;19/09/2026 09:19:27;3;2;0001  215409-1;05;CAMIONETA MAR 2;2093369;"MC19    ";"MEDRANO CONSTRUCCIONES S.A.                       ";MEDRANO 540;952723;"61-200C        ";61-200C - LAVATORIO MONOC ALTO CR FABRIC;1;1;1;23537034;190926091749591;184697210;;;;07/27/2031 00:00:00;1;14045702;19/09/2026 09:17:49;Maximiliano;Nievas;;;;;;Maximiliano Nievas;
14388042;19/09/2026 09:19:27;3;2;0001  215409-1;05;CAMIONETA MAR 2;2093369;"MC19    ";"MEDRANO CONSTRUCCIONES S.A.                       ";MEDRANO 540;951484;"20-100C        ";20-100C - MONOCOMANDO DE COCINA FABRIC CROMO;1;1;1;23537034;190926091749591;184697169;;;;02/18/2032 00:00:00;1;14045702;19/09/2026 09:17:49;Maximiliano;Nievas;;;;;;Maximiliano Nievas;
14388043;19/09/2026 09:20:19;3;2;0001  215503-1;05;CAMIONETA MAR 2;2093744;"OL01    ";"ORQUEDA LUIS ALBERTO                              ";JEAN JAURES 57/59;951156;"1330           ";"QUEINOX MACHO MOVIL MH 1/2"" x 30                                      ";30;30;30;23522495;190926002018636;184622904;;;;02/16/2032 00:00:00;30;14045614;19/09/2026 09:20:18;Mirko;Hernandez;24795476;18/09/2026 14:54:01;7839;Claudio;Juarez;Mirko Hernandez;Claudio Juarez
14388043;19/09/2026 09:20:19;3;2;0001  215503-1;05;CAMIONETA MAR 2;2093744;"OL01    ";"ORQUEDA LUIS ALBERTO                              ";JEAN JAURES 57/59;951146;"1320           ";"QUEINOX MACHO MOVIL MH 1/2"" x 20                                      ";20;20;20;23522495;190926002018636;184621159;;;;11/19/2031 00:00:00;20;14045614;19/09/2026 09:20:18;Mirko;Hernandez;24795476;18/09/2026 14:54:01;7839;Claudio;Juarez;Mirko Hernandez;Claudio Juarez
14388043;19/09/2026 09:20:19;3;2;0001  215503-1;05;CAMIONETA MAR 2;2093744;"OL01    ";"ORQUEDA LUIS ALBERTO                              ";JEAN JAURES 57/59;951168;"1340           ";"QUEINOX MACHO MOVIL MH 1/2"" x 40                                      ";30;30;30;23536935;190926001348692;184624817;;;;03/03/2032 00:00:00;30;14045632;19/09/2026 09:13:48;Mirko;Hernandez;;;;;;Mirko Hernandez;
14388043;19/09/2026 09:20:19;3;2;0001  215503-1;05;CAMIONETA MAR 2;2093744;"OL01    ";"ORQUEDA LUIS ALBERTO                              ";JEAN JAURES 57/59;951162;"1335           ";"QUEINOX MACHO MOVIL MH 1/2"" x 35                                      ";30;30;30;23536985;190926001602497;184624227;;;;03/03/2032 00:00:00;30;14045666;19/09/2026 09:16:02;Mirko;Hernandez;;;;;;Mirko Hernandez;
14388044;19/09/2026 09:07:25;3;2;0001  215625-2;05;CAMIONETA MAR 2;2091589;"CE01    ";"CENCOSUD S.A.                                     ";AV. JUAN B. ALBERDI 3928;952673;"60-200G        ";60-200G - LAVATORIO MONOC BAJO GOLD FABRIC;1;1;1;23522496;190926000724498;184619611;;;;07/28/2031 00:00:00;1;14045534;19/09/2026 09:07:24;Mirko;Hernandez;24795476;18/09/2026 14:54:01;7839;Claudio;Juarez;Mirko Hernandez;Claudio Juarez
14390246;18/09/2026 14:12:55;3;2;9999      99-1;01;INTERPLANTA;2093656;"NA09    ";"NAVARRO ACHE S.A.                                 ";AV. GRAL.  SAN MARTIN 2585;1101760;"RINO104NV-5    ";"TAPA DEPOSITO BLACK LINEA STONE L-2024                                ";1;1;1;23521991;180926141255521;184608320;;;;01/20/2032 00:00:00;1;;;;;24795030;18/09/2026 14:12:55;6867;Javier;Lescano;;Javier Lescano
14390598;22/09/2026 11:00:36;3;2;RM 0016   30151;01;INTERPLANTA;2090876;DEP_20;LOGISTICA INTERNA (DEP 20);.;958954;"U1054-01N      ";U1054-01N - BUJE BIDET FABRIC NEGRO;600;600;600;23584946;220926105646142;185056367;;;;07/28/2031 00:00:00;600;;;;;24854144;22/09/2026 10:58:02;6404;Ivan;Goyena;;Ivan Goyena
14390598;22/09/2026 11:00:36;3;2;RM 0016   30151;01;INTERPLANTA;2090876;DEP_20;LOGISTICA INTERNA (DEP 20);.;953616;"A023G          ";A023G - SOPAPA FABRIC DORADO;1600;1600;1600;23584946;220926105646142;185055642;;;;08/12/2031 00:00:00;1600;;;;;24854144;22/09/2026 10:58:02;6404;Ivan;Goyena;;Ivan Goyena
14390598;22/09/2026 11:00:36;3;2;RM 0016   30151;01;INTERPLANTA;2090876;DEP_20;LOGISTICA INTERNA (DEP 20);.;954306;"A1481          ";"A1481 - DUCHA CUADRADA 20x20 (8"") CR LINEA WAVE";216;216;216;23584946;220926105646142;185058042;;;;10/08/2031 00:00:00;216;;;;;24854144;22/09/2026 10:58:02;6404;Ivan;Goyena;;Ivan Goyena
14390598;22/09/2026 11:00:36;3;2;RM 0016   30151;01;INTERPLANTA;2090876;DEP_20;LOGISTICA INTERNA (DEP 20);.;954312;"A1483          ";A1483 - CUERPO DUCHA MONOC C/TRANSF WAVE;300;300;300;23584946;220926105646142;185057488;;;;02/22/2032 00:00:00;300;;;;;24854144;22/09/2026 10:58:02;6404;Ivan;Goyena;;Ivan Goyena
14390598;22/09/2026 11:00:36;3;2;RM 0016   30151;01;INTERPLANTA;2090876;DEP_20;LOGISTICA INTERNA (DEP 20);.;954336;"A1500          ";A1500 - COLUMNA DE DUCHA CROMO P/GRIFERIA;50;50;50;23584946;220926105646142;185065426;;;;07/28/2031 00:00:00;50;;;;;24854144;22/09/2026 10:58:02;6404;Ivan;Goyena;;Ivan Goyena
14390598;22/09/2026 11:00:36;3;2;RM 0016   30151;01;INTERPLANTA;2090876;DEP_20;LOGISTICA INTERNA (DEP 20);.;954728;"A920N          ";"VOLANTE CRUZ BLACK VELVET                                             ";2000;2000;2000;23584946;220926105646142;185066375;;;;08/31/2031 00:00:00;2000;;;;;24854144;22/09/2026 10:58:02;6404;Ivan;Goyena;;Ivan Goyena
14390598;22/09/2026 11:00:36;3;2;RM 0016   30151;01;INTERPLANTA;2090876;DEP_20;LOGISTICA INTERNA (DEP 20);.;953320;"83-203         ";83-203 - DUCHA EXT C/TRANSF. MONOCOMANDO ADRA;216;216;216;23588846;220926110035872;185081428;;;;08/11/2031 00:00:00;216;;;;;24857749;22/09/2026 11:00:36;6404;Ivan;Goyena;;Ivan Goyena
14390599;22/09/2026 10:57:29;3;2;RM 0016   31041;01;INTERPLANTA;2090876;DEP_20;LOGISTICA INTERNA (DEP 20);.;953596;"A017G          ";A017G - DUCHADOR CROMO;1000;1000;1000;23584947;220926105727171;185073846;;;;07/28/2031 00:00:00;1000;;;;;24854144;22/09/2026 10:58:02;6404;Ivan;Goyena;;Ivan Goyena
14390599;22/09/2026 10:57:29;3;2;RM 0016   31041;01;INTERPLANTA;2090876;DEP_20;LOGISTICA INTERNA (DEP 20);.;953601;"A018G          ";A018G - FLEXIBLE DUCHADOR CROMO;720;720;720;23584947;220926105727171;185079788;;;;07/28/2031 00:00:00;720;;;;;24854144;22/09/2026 10:58:02;6404;Ivan;Goyena;;Ivan Goyena
14390599;22/09/2026 10:57:29;3;2;RM 0016   31041;01;INTERPLANTA;2090876;DEP_20;LOGISTICA INTERNA (DEP 20);.;953607;"A019G          ";A019G - SOPORTE DUCHA;2530;2530;2530;23584947;220926105727171;185073421;;;;07/27/2031 00:00:00;2530;;;;;24854144;22/09/2026 10:58:02;6404;Ivan;Goyena;;Ivan Goyena
14390599;22/09/2026 10:57:29;3;2;RM 0016   31041;01;INTERPLANTA;2090876;DEP_20;LOGISTICA INTERNA (DEP 20);.;953619;"A023NI         ";A023NI - SUBCONJUNTO DESAGOTE NICKEL;672;672;672;23584947;220926105727171;185067105;;;;08/12/2031 00:00:00;672;;;;;24854144;22/09/2026 10:58:02;6404;Ivan;Goyena;;Ivan Goyena
14390599;22/09/2026 10:57:29;3;2;RM 0016   31041;01;INTERPLANTA;2090876;DEP_20;LOGISTICA INTERNA (DEP 20);.;953656;"A1003          ";A1003 - PICO LAVATORIO BETIS / SEVILLA;480;480;480;23584947;220926105727171;185072905;;;;07/27/2031 00:00:00;480;;;;;24854144;22/09/2026 10:58:02;6404;Ivan;Goyena;;Ivan Goyena
14390599;22/09/2026 10:57:29;3;2;RM 0016   31041;01;INTERPLANTA;2090876;DEP_20;LOGISTICA INTERNA (DEP 20);.;953893;"A1209          ";"A1209 - FLOR DE DUCHA 10"" CUADRADA ACERO INOX.";216;216;216;23584947;220926105727171;185075066;;;;07/27/2031 00:00:00;216;;;;;24854144;22/09/2026 10:58:02;6404;Ivan;Goyena;;Ivan Goyena
14390599;22/09/2026 10:57:29;3;2;RM 0016   31041;01;INTERPLANTA;2090876;DEP_20;LOGISTICA INTERNA (DEP 20);.;954796;"A997           ";A997 - PICO LAVATORIO Lineas Roda Valencia Marbella Imp;640;640;640;23584947;220926105727171;185067710;;;;07/27/2031 00:00:00;640;;;;;24854144;22/09/2026 10:58:02;6404;Ivan;Goyena;;Ivan Goyena
14390600;22/09/2026 09:48:22;3;2;RM 0016   31056;01;INTERPLANTA;2090876;DEP_20;LOGISTICA INTERNA (DEP 20);.;953927;"A1223N         ";A1223N - FLOR DE DUCHA 250 MM FABRIC BLACK;396;396;396;23583826;220926094821881;185052257;;;;12/15/2031 00:00:00;396;;;;;24853223;22/09/2026 09:48:22;6404;Ivan;Goyena;;Ivan Goyena
14390600;22/09/2026 09:48:22;3;2;RM 0016   31056;01;INTERPLANTA;2090876;DEP_20;LOGISTICA INTERNA (DEP 20);.;953893;"A1209          ";"A1209 - FLOR DE DUCHA 10"" CUADRADA ACERO INOX.";336;336;336;23583826;220926094821881;185054035;;;;07/29/2031 00:00:00;336;;;;;24853223;22/09/2026 09:48:22;6404;Ivan;Goyena;;Ivan Goyena
14390600;22/09/2026 09:48:22;3;2;RM 0016   31056;01;INTERPLANTA;2090876;DEP_20;LOGISTICA INTERNA (DEP 20);.;953656;"A1003          ";A1003 - PICO LAVATORIO BETIS / SEVILLA;480;480;480;23583826;220926094821881;185051313;;;;07/27/2031 00:00:00;480;;;;;24853223;22/09/2026 09:48:22;6404;Ivan;Goyena;;Ivan Goyena
14390600;22/09/2026 09:48:22;3;2;RM 0016   31056;01;INTERPLANTA;2090876;DEP_20;LOGISTICA INTERNA (DEP 20);.;953679;"A1018          ";A1018 - PICO DE BAÑERA CASTILLA/SENA/LAGO;500;500;500;23583826;220926094821881;185051536;;;;07/28/2031 00:00:00;500;;;;;24853223;22/09/2026 09:48:22;6404;Ivan;Goyena;;Ivan Goyena
14390600;22/09/2026 09:48:22;3;2;RM 0016   31056;01;INTERPLANTA;2090876;DEP_20;LOGISTICA INTERNA (DEP 20);.;954165;"A1402          ";A1402 - PICO BAÑERA LINEA FABRIC CR C/CAMPANA CUADRADA;510;510;510;23583826;220926094821881;185053511;;;;08/04/2031 00:00:00;510;;;;;24853223;22/09/2026 09:48:22;6404;Ivan;Goyena;;Ivan Goyena
14390600;22/09/2026 09:48:22;3;2;RM 0016   31056;01;INTERPLANTA;2090876;DEP_20;LOGISTICA INTERNA (DEP 20);.;956101;"G020           ";G020 - TUERCA HEXAGONAL LATON PULIDA Y CR P/JGO EXTERIOR;6400;6400;6400;23583826;220926094821881;185052890;;;;01/11/2032 00:00:00;6400;;;;;24853223;22/09/2026 09:48:22;6404;Ivan;Goyena;;Ivan Goyena
14390600;22/09/2026 09:48:22;3;2;RM 0016   31056;01;INTERPLANTA;2090876;DEP_20;LOGISTICA INTERNA (DEP 20);.;959516;"U878           ";U878 - VIDRIO JABONERA LINEA 3000 / 8000;756;756;756;23583826;220926094821881;185051475;;;;08/27/2031 00:00:00;756;;;;;24853223;22/09/2026 09:48:22;6404;Ivan;Goyena;;Ivan Goyena
14390601;22/09/2026 10:58:03;3;2;RM 0016   31087;01;INTERPLANTA;2090876;DEP_20;LOGISTICA INTERNA (DEP 20);.;954336;"A1500          ";A1500 - COLUMNA DE DUCHA CROMO P/GRIFERIA;75;75;75;23584948;220926105802308;185065491;;;;07/28/2031 00:00:00;75;;;;;24854144;22/09/2026 10:58:02;6404;Ivan;Goyena;;Ivan Goyena
14391417;21/09/2026 08:44:33;3;2;0008    2944-1;10;URGENTES;2093779;"PA01    ";"VARIOS                                            ";rivadavia 3428;954947;"BID104-3       ";"BIDE 3 AGUJEROS BLANCO LINEA STONE                                    ";2;2;2;23544056;210926084432436;184770404;;;;07/30/2031 00:00:00;1;14051741;21/09/2026 08:44:32;Tiago;Rodriguez;24816970;21/09/2026 07:13:14;6419;Tiago;Rodriguez;Tiago Rodriguez;Tiago Rodriguez
14391417;21/09/2026 08:44:33;3;2;0008    2944-1;10;URGENTES;2093779;"PA01    ";"VARIOS                                            ";rivadavia 3428;952876;"70-100NI       ";70-100NI - BIDE NICKEL C.CERAM FABRIC;1;1;1;23544114;210926082539590;184769918;;;;12/01/2031 00:00:00;1;14051292;21/09/2026 08:25:39;Tiago;Rodriguez;24817040;21/09/2026 07:10:08;7807;Nicolas;Perez;Tiago Rodriguez;Nicolas Perez
14391417;21/09/2026 08:44:33;3;2;0008    2944-1;10;URGENTES;2093779;"PA01    ";"VARIOS                                            ";rivadavia 3428;952873;"70-100C        ";70-100C - BIDE CR C.CERAM FABRIC;1;1;1;23544114;210926082539590;184770089;;;;07/31/2031 00:00:00;1;14051292;21/09/2026 08:25:39;Tiago;Rodriguez;24817040;21/09/2026 07:10:08;7807;Nicolas;Perez;Tiago Rodriguez;Nicolas Perez
14391417;21/09/2026 08:44:33;3;2;0008    2944-1;10;URGENTES;2093779;"PA01    ";"VARIOS                                            ";rivadavia 3428;952742;"62-100NI       ";62-100NI - LAVATORIO DE PARED NICKEL C.CERAM FABRIC;4;4;4;23544114;210926082539590;184769992;;;;09/02/2031 00:00:00;4;14051292;21/09/2026 08:25:39;Tiago;Rodriguez;24817040;21/09/2026 07:10:08;7807;Nicolas;Perez;Tiago Rodriguez;Nicolas Perez
14391417;21/09/2026 08:44:33;3;2;0008    2944-1;10;URGENTES;2093779;"PA01    ";"VARIOS                                            ";rivadavia 3428;952740;"62-100G        ";62-100G - LAVATORIO DE PARED GOLD C.CERAM FABRIC;1;1;1;23544114;210926082539590;184770195;;;;12/20/2031 00:00:00;1;14051292;21/09/2026 08:25:39;Tiago;Rodriguez;24817040;21/09/2026 07:10:08;7807;Nicolas;Perez;Tiago Rodriguez;Nicolas Perez
14391417;21/09/2026 08:44:33;3;2;0008    2944-1;10;URGENTES;2093779;"PA01    ";"VARIOS                                            ";rivadavia 3428;952739;"62-100C        ";62-100C - LAVATORIO DE PARED CR C.CERAM FABRIC;1;1;1;23544114;210926082539590;184770147;;;;07/31/2031 00:00:00;1;14051292;21/09/2026 08:25:39;Tiago;Rodriguez;24817040;21/09/2026 07:10:08;7807;Nicolas;Perez;Tiago Rodriguez;Nicolas Perez
14391417;21/09/2026 08:44:33;3;2;0008    2944-1;10;URGENTES;2093779;"PA01    ";"VARIOS                                            ";rivadavia 3428;951312;"18010          ";18010 - TOALLERO BARRAL NIQUEL LINEA BEAT;3;3;3;23544482;210926082933536;184772328;;;;07/29/2031 00:00:00;3;14051341;21/09/2026 08:29:33;Tiago;Rodriguez;24817346;21/09/2026 07:27:09;7807;Nicolas;Perez;Tiago Rodriguez;Nicolas Perez
14391417;21/09/2026 08:44:33;3;2;0008    2944-1;10;URGENTES;2093779;"PA01    ";"VARIOS                                            ";rivadavia 3428;951294;"17010G         ";17010G - TOALLERO BARRAL LINEA FABRIC GOLD;1;1;1;23544482;210926082933536;184772874;;;;07/27/2031 00:00:00;1;14051341;21/09/2026 08:29:33;Tiago;Rodriguez;24817346;21/09/2026 07:27:09;7807;Nicolas;Perez;Tiago Rodriguez;Nicolas Perez
14391417;21/09/2026 08:44:33;3;2;0008    2944-1;10;URGENTES;2093779;"PA01    ";"VARIOS                                            ";rivadavia 3428;951293;"17010C         ";17010C - TOALLERO BARRAL LINEA FABRIC CROMO;1;1;1;23544482;210926082933536;184772959;;;;12/28/2031 00:00:00;1;14051341;21/09/2026 08:29:33;Tiago;Rodriguez;24817346;21/09/2026 07:27:09;7807;Nicolas;Perez;Tiago Rodriguez;Nicolas Perez
14391417;21/09/2026 08:44:33;3;2;0008    2944-1;10;URGENTES;2093779;"PA01    ";"VARIOS                                            ";rivadavia 3428;953153;"80-200G        ";80-200G - DUCHA EMB. MONOC. 3 FUNCIONES GOLD FABRIC;1;1;1;23546920;210926082503451;184770363;;;;01/18/2032 00:00:00;1;14051299;21/09/2026 08:25:03;Tiago;Rodriguez;;;;;;Tiago Rodriguez;
14391417;21/09/2026 08:44:33;3;2;0008    2944-1;10;URGENTES;2093779;"PA01    ";"VARIOS                                            ";rivadavia 3428;953152;"80-200C        ";80-200C - DUCHA EMB. MONOC. 3 FUNCIONES CR FABRIC;1;1;1;23546920;210926082503451;184770278;;;;12/14/2031 00:00:00;1;14051299;21/09/2026 08:25:03;Tiago;Rodriguez;;;;;;Tiago Rodriguez;
14391417;21/09/2026 08:44:33;3;2;0008    2944-1;10;URGENTES;2093779;"PA01    ";"VARIOS                                            ";rivadavia 3428;953073;"80-100NI       ";80-100NI - DUCHA EMB. C/TRANSF. NICKEL C.CERAM FABRIC;1;1;1;23546920;210926082503451;184770035;;;;02/08/2032 00:00:00;1;14051299;21/09/2026 08:25:03;Tiago;Rodriguez;;;;;;Tiago Rodriguez;
14391417;21/09/2026 08:44:33;3;2;0008    2944-1;10;URGENTES;2093779;"PA01    ";"VARIOS                                            ";rivadavia 3428;951299;"17030C         ";17030C - PERCHA LINEA FABRIC CROMO;2;2;2;23547088;210926082736102;184773023;;;;11/10/2031 00:00:00;2;14051365;21/09/2026 08:27:36;Tiago;Rodriguez;;;;;;Tiago Rodriguez;
14391417;21/09/2026 08:44:33;3;2;0008    2944-1;10;URGENTES;2093779;"PA01    ";"VARIOS                                            ";rivadavia 3428;951318;"18040          ";18040 - PORTA ROLLO NIQUEL LINEA BEAT;3;3;3;23547088;210926082736102;184787766;;;;07/28/2031 00:00:00;2;14051365;21/09/2026 08:27:36;Tiago;Rodriguez;;;;;;Tiago Rodriguez;
14391417;21/09/2026 08:44:33;3;2;0008    2944-1;10;URGENTES;2093779;"PA01    ";"VARIOS                                            ";rivadavia 3428;951833;"30-132         ";30-132 - COCINA MESADA MONOC. C/DUCHADOR EXTENSIBLE VIGO;4;4;4;23547088;210926082736102;184772039;;;;10/07/2031 00:00:00;4;14051365;21/09/2026 08:27:36;Tiago;Rodriguez;;;;;;Tiago Rodriguez;
14391417;21/09/2026 08:44:33;3;2;0008    2944-1;10;URGENTES;2093779;"PA01    ";"VARIOS                                            ";rivadavia 3428;952950;"70-200G        ";70-200G - BIDE MONOCOMANDO GOLD FABRIC;1;1;1;23547088;210926082736102;184772772;;;;07/27/2031 00:00:00;1;14051365;21/09/2026 08:27:36;Tiago;Rodriguez;;;;;;Tiago Rodriguez;
14391417;21/09/2026 08:44:33;3;2;0008    2944-1;10;URGENTES;2093779;"PA01    ";"VARIOS                                            ";rivadavia 3428;951653;"22-178         ";22-178 - MONOCOMANDO DE COCINA P/AGUA FILTRADA VITA;2;2;2;23547156;210926082845929;184772553;;;;12/23/2031 00:00:00;2;14051393;21/09/2026 08:28:45;Tiago;Rodriguez;;;;;;Tiago Rodriguez;
14391417;21/09/2026 08:44:33;3;2;0008    2944-1;10;URGENTES;2093779;"PA01    ";"VARIOS                                            ";rivadavia 3428;951318;"18040          ";18040 - PORTA ROLLO NIQUEL LINEA BEAT;3;3;3;23547156;210926082845929;184772190;;;;07/28/2031 00:00:00;1;14051393;21/09/2026 08:28:45;Tiago;Rodriguez;;;;;;Tiago Rodriguez;
14391417;21/09/2026 08:44:33;3;2;0008    2944-1;10;URGENTES;2093779;"PA01    ";"VARIOS                                            ";rivadavia 3428;951303;"17040G         ";17040G - PORTA ROLLO LINEA FABRIC GOLD;1;1;1;23547156;210926082845929;184773172;;;;07/28/2031 00:00:00;1;14051393;21/09/2026 08:28:45;Tiago;Rodriguez;;;;;;Tiago Rodriguez;
14391417;21/09/2026 08:44:33;3;2;0008    2944-1;10;URGENTES;2093779;"PA01    ";"VARIOS                                            ";rivadavia 3428;951302;"17040C         ";17040C - PORTA ROLLO LINEA FABRIC CROMO;1;1;1;23547156;210926082845929;184773086;;;;07/29/2031 00:00:00;1;14051393;21/09/2026 08:28:45;Tiago;Rodriguez;;;;;;Tiago Rodriguez;
14391417;21/09/2026 08:44:33;3;2;0008    2944-1;10;URGENTES;2093779;"PA01    ";"VARIOS                                            ";rivadavia 3428;954885;"BAI01NI        ";BAI01NI - BACHA EMB COCINA C/ACCESORIOS 750x450x220 NICKEL BRUSHED;2;2;2;23547719;210926084206381;184792287;;;;09/28/2031 00:00:00;1;14051747;21/09/2026 08:42:06;Tiago;Rodriguez;;;;;;Tiago Rodriguez;
14391417;21/09/2026 08:44:33;3;2;0008    2944-1;10;URGENTES;2093779;"PA01    ";"VARIOS                                            ";rivadavia 3428;954885;"BAI01NI        ";BAI01NI - BACHA EMB COCINA C/ACCESORIOS 750x450x220 NICKEL BRUSHED;2;2;2;23547738;210926084230368;184770671;;;;09/28/2031 00:00:00;1;14051756;21/09/2026 08:42:30;Tiago;Rodriguez;;;;;;Tiago Rodriguez;
14391417;21/09/2026 08:44:33;3;2;0008    2944-1;10;URGENTES;2093779;"PA01    ";"VARIOS                                            ";rivadavia 3428;954910;"BCH09          ";BCH09 - BACHA DE APOYAR RECTANGULAR 610x410x115;1;1;1;23547758;210926084311828;184770733;;;;07/27/2031 00:00:00;1;14051768;21/09/2026 08:43:11;Tiago;Rodriguez;;;;;;Tiago Rodriguez;
14391417;21/09/2026 08:44:33;3;2;0008    2944-1;10;URGENTES;2093779;"PA01    ";"VARIOS                                            ";rivadavia 3428;954946;"BID104-1       ";"BIDE 1 AGUJERO BLANCO LINEA STONE                                     ";1;1;1;23547772;210926084318056;184770235;;;;10/26/2031 00:00:00;1;14051772;21/09/2026 08:43:18;Tiago;Rodriguez;;;;;;Tiago Rodriguez;
14391417;21/09/2026 08:44:33;3;2;0008    2944-1;10;URGENTES;2093779;"PA01    ";"VARIOS                                            ";rivadavia 3428;956416;"INO104-2       ";"DEPOSITO C/DESCARGA DUAL BLANCO LINEA STONE                           ";5;5;5;23547775;210926084324019;184792677;;;;01/28/2032 00:00:00;1;14051775;21/09/2026 08:43:24;Tiago;Rodriguez;;;;;;Tiago Rodriguez;
14391417;21/09/2026 08:44:33;3;2;0008    2944-1;10;URGENTES;2093779;"PA01    ";"VARIOS                                            ";rivadavia 3428;956416;"INO104-2       ";"DEPOSITO C/DESCARGA DUAL BLANCO LINEA STONE                           ";5;5;5;23547778;210926084330329;184792744;;;;01/28/2032 00:00:00;1;14051779;21/09/2026 08:43:30;Tiago;Rodriguez;;;;;;Tiago Rodriguez;
14391417;21/09/2026 08:44:33;3;2;0008    2944-1;10;URGENTES;2093779;"PA01    ";"VARIOS                                            ";rivadavia 3428;956415;"INO104-1       ";"INODORO BLANCO C/ASIENTO LINEA STONE                                  ";5;5;5;23547780;210926084337083;184792780;;;;01/20/2032 00:00:00;1;14051783;21/09/2026 08:43:37;Tiago;Rodriguez;;;;;;Tiago Rodriguez;
14391417;21/09/2026 08:44:33;3;2;0008    2944-1;10;URGENTES;2093779;"PA01    ";"VARIOS                                            ";rivadavia 3428;956415;"INO104-1       ";"INODORO BLANCO C/ASIENTO LINEA STONE                                  ";5;5;5;23547789;210926084342626;184792810;;;;01/20/2032 00:00:00;1;14051788;21/09/2026 08:43:42;Tiago;Rodriguez;;;;;;Tiago Rodriguez;
14391417;21/09/2026 08:44:33;3;2;0008    2944-1;10;URGENTES;2093779;"PA01    ";"VARIOS                                            ";rivadavia 3428;956415;"INO104-1       ";"INODORO BLANCO C/ASIENTO LINEA STONE                                  ";5;5;5;23547794;210926084349957;184792841;;;;01/20/2032 00:00:00;1;14051790;21/09/2026 08:43:49;Tiago;Rodriguez;;;;;;Tiago Rodriguez;
14391417;21/09/2026 08:44:33;3;2;0008    2944-1;10;URGENTES;2093779;"PA01    ";"VARIOS                                            ";rivadavia 3428;956416;"INO104-2       ";"DEPOSITO C/DESCARGA DUAL BLANCO LINEA STONE                           ";5;5;5;23547801;210926084356387;184792872;;;;01/28/2032 00:00:00;1;14051794;21/09/2026 08:43:56;Tiago;Rodriguez;;;;;;Tiago Rodriguez;
14391417;21/09/2026 08:44:33;3;2;0008    2944-1;10;URGENTES;2093779;"PA01    ";"VARIOS                                            ";rivadavia 3428;956416;"INO104-2       ";"DEPOSITO C/DESCARGA DUAL BLANCO LINEA STONE                           ";5;5;5;23547803;210926084402225;184792911;;;;01/28/2032 00:00:00;1;14051796;21/09/2026 08:44:02;Tiago;Rodriguez;;;;;;Tiago Rodriguez;
14391417;21/09/2026 08:44:33;3;2;0008    2944-1;10;URGENTES;2093779;"PA01    ";"VARIOS                                            ";rivadavia 3428;956416;"INO104-2       ";"DEPOSITO C/DESCARGA DUAL BLANCO LINEA STONE                           ";5;5;5;23547808;210926084409419;184770129;;;;01/28/2032 00:00:00;1;14051800;21/09/2026 08:44:09;Tiago;Rodriguez;;;;;;Tiago Rodriguez;
14391417;21/09/2026 08:44:33;3;2;0008    2944-1;10;URGENTES;2093779;"PA01    ";"VARIOS                                            ";rivadavia 3428;956415;"INO104-1       ";"INODORO BLANCO C/ASIENTO LINEA STONE                                  ";5;5;5;23547809;210926084414910;184792979;;;;01/20/2032 00:00:00;1;14051805;21/09/2026 08:44:14;Tiago;Rodriguez;;;;;;Tiago Rodriguez;
14391417;21/09/2026 08:44:33;3;2;0008    2944-1;10;URGENTES;2093779;"PA01    ";"VARIOS                                            ";rivadavia 3428;956415;"INO104-1       ";"INODORO BLANCO C/ASIENTO LINEA STONE                                  ";5;5;5;23547821;210926084421123;184769788;;;;01/20/2032 00:00:00;1;14051807;21/09/2026 08:44:21;Tiago;Rodriguez;;;;;;Tiago Rodriguez;
14391417;21/09/2026 08:44:33;3;2;0008    2944-1;10;URGENTES;2093779;"PA01    ";"VARIOS                                            ";rivadavia 3428;954947;"BID104-3       ";"BIDE 3 AGUJEROS BLANCO LINEA STONE                                    ";2;2;2;23547826;210926084426491;184793035;;;;07/30/2031 00:00:00;1;14051811;21/09/2026 08:44:26;Tiago;Rodriguez;;;;;;Tiago Rodriguez;
14391418;21/09/2026 08:38:41;3;2;4444    2552-1;10;URGENTES;2109166;"CLIEVEN ";"CLIENTE EVENTUAL                                  ";RIVADAVIA 3428;956416;"INO104-2       ";"DEPOSITO C/DESCARGA DUAL BLANCO LINEA STONE                           ";1;1;1;23543910;210926083836964;184769725;;;;01/28/2032 00:00:00;1;14051655;21/09/2026 08:38:36;Tiago;Rodriguez;24816837;21/09/2026 07:04:29;7310;Maximiliano;Nievas;Tiago Rodriguez;Maximiliano Nievas
14397983;22/09/2026 13:38:54;3;2;0001  215506-1;05;CAMIONETA EXP 1;2092884;"HI10    ";"HIPERCAÑO S.A.S.                                  ";BV. COLON 155;952726;"61-203         ";61-203 - LAVATORIO MONOCOMANDO ALTO ADRA;2;2;2;23579872;220926133853667;185034335;;;;02/22/2032 00:00:00;2;14078913;22/09/2026 13:38:53;Maximiliano;Nievas;24849806;22/09/2026 09:13:08;7827;Javier;Machado;Maximiliano Nievas;Javier Machado
14397983;22/09/2026 13:38:54;3;2;0001  215506-1;05;CAMIONETA EXP 1;2092884;"HI10    ";"HIPERCAÑO S.A.S.                                  ";BV. COLON 155;952677;"60-203         ";60-203 - LAVATORIO MONOCOMANDO BAJO ADRA;2;2;2;23579872;220926133853667;185034513;;;;03/02/2032 00:00:00;2;14078913;22/09/2026 13:38:53;Maximiliano;Nievas;24849806;22/09/2026 09:13:08;7827;Javier;Machado;Maximiliano Nievas;Javier Machado
14397984;22/09/2026 14:28:45;3;2;0001  215527-1;05;CAMIONETA EXP 1;2093354;"MB13    ";"MATERIALES BASUALDO S.A.                          ";RICO 640;953150;"80-199N        ";80-199N - DUCHA EMB. C/TRANSF. BLACK C.CERAM LIVE;2;2;2;23579873;220926142840377;185035415;;;;10/11/2031 00:00:00;2;14080432;22/09/2026 14:28:40;Maximiliano;Nievas;24849806;22/09/2026 09:13:08;7827;Javier;Machado;Maximiliano Nievas;Javier Machado
14397984;22/09/2026 14:28:45;3;2;0001  215527-1;05;CAMIONETA EXP 1;2093354;"MB13    ";"MATERIALES BASUALDO S.A.                          ";RICO 640;953136;"80-190P        ";80-190P - DUCHA EMB. C/TRANSF. C.CERAM BLACK VELVET PLUS;3;3;3;23579873;220926142840377;185026810;;;;07/30/2031 00:00:00;1;14080432;22/09/2026 14:28:40;Maximiliano;Nievas;24849806;22/09/2026 09:13:08;7827;Javier;Machado;Maximiliano Nievas;Javier Machado
14397984;22/09/2026 14:28:45;3;2;0001  215527-1;05;CAMIONETA EXP 1;2093354;"MB13    ";"MATERIALES BASUALDO S.A.                          ";RICO 640;953136;"80-190P        ";80-190P - DUCHA EMB. C/TRANSF. C.CERAM BLACK VELVET PLUS;3;3;3;23599054;220926142534413;185157670;;;;07/30/2031 00:00:00;2;14080441;22/09/2026 14:25:34;Maximiliano;Nievas;;;;;;Maximiliano Nievas;
14397984;22/09/2026 14:28:45;3;2;0001  215527-1;05;CAMIONETA EXP 1;2093354;"MB13    ";"MATERIALES BASUALDO S.A.                          ";RICO 640;952669;"60-199N        ";60-199N - LAVATORIO BLACK C.CERAM LIVE;2;2;2;23599054;220926142534413;185035763;;;;07/27/2031 00:00:00;2;14080441;22/09/2026 14:25:34;Maximiliano;Nievas;;;;;;Maximiliano Nievas;
14397984;22/09/2026 14:28:45;3;2;0001  215527-1;05;CAMIONETA EXP 1;2093354;"MB13    ";"MATERIALES BASUALDO S.A.                          ";RICO 640;952658;"60-190         ";60-190 - LAVATORIO C.CERAM BLACK VELVET;3;3;3;23599054;220926142534413;185157669;;;;08/12/2031 00:00:00;1;14080441;22/09/2026 14:25:34;Maximiliano;Nievas;;;;;;Maximiliano Nievas;
14397984;22/09/2026 14:28:45;3;2;0001  215527-1;05;CAMIONETA EXP 1;2093354;"MB13    ";"MATERIALES BASUALDO S.A.                          ";RICO 640;952947;"70-199N        ";70-199N - BIDE BLACK C.CERAM LIVE;2;2;2;23599130;220926142651165;185035589;;;;07/29/2031 00:00:00;2;14080502;22/09/2026 14:26:51;Maximiliano;Nievas;;;;;;Maximiliano Nievas;
14397984;22/09/2026 14:28:45;3;2;0001  215527-1;05;CAMIONETA EXP 1;2093354;"MB13    ";"MATERIALES BASUALDO S.A.                          ";RICO 640;952936;"70-190         ";70-190 - BIDE C.CERAM BLACK VELVET;3;3;3;23599130;220926142651165;185026281;;;;11/08/2031 00:00:00;3;14080502;22/09/2026 14:26:51;Maximiliano;Nievas;;;;;;Maximiliano Nievas;
14397984;22/09/2026 14:28:45;3;2;0001  215527-1;05;CAMIONETA EXP 1;2093354;"MB13    ";"MATERIALES BASUALDO S.A.                          ";RICO 640;952658;"60-190         ";60-190 - LAVATORIO C.CERAM BLACK VELVET;3;3;3;23599130;220926142651165;185027214;;;;08/12/2031 00:00:00;2;14080502;22/09/2026 14:26:51;Maximiliano;Nievas;;;;;;Maximiliano Nievas;
14397985;22/09/2026 13:45:35;3;2;0001  215535-1;05;CAMIONETA EXP 1;2091837;"CO22    ";"COPMACO LTDA.                                     ";AV. MITRE 2645;951101;"11030          ";"PERCHA LINEA 11000                                                    ";1;1;1;23567968;220926134534860;184938757;;;;07/28/2031 00:00:00;1;14079114;22/09/2026 13:45:34;Maximiliano;Nievas;24839261;21/09/2026 16:13:36;7807;Nicolas;Perez;Maximiliano Nievas;Nicolas Perez
14397985;22/09/2026 13:45:35;3;2;0001  215535-1;05;CAMIONETA EXP 1;2091837;"CO22    ";"COPMACO LTDA.                                     ";AV. MITRE 2645;953166;"80-209P        ";"DUCHA EMB C/TRANSF CR C.CERAM CADIZ PLUS                              ";2;2;2;23579874;220926134340503;185036951;;;;09/20/2031 00:00:00;2;14079046;22/09/2026 13:43:40;Maximiliano;Nievas;24849806;22/09/2026 09:13:08;7827;Javier;Machado;Maximiliano Nievas;Javier Machado
14397985;22/09/2026 13:45:35;3;2;0001  215535-1;05;CAMIONETA EXP 1;2091837;"CO22    ";"COPMACO LTDA.                                     ";AV. MITRE 2645;952683;"60-209         ";60-209 - LAVATORIO CR C.CERAM CADIZ;2;2;2;23579874;220926134340503;185037619;;;;09/10/2031 00:00:00;2;14079046;22/09/2026 13:43:40;Maximiliano;Nievas;24849806;22/09/2026 09:13:08;7827;Javier;Machado;Maximiliano Nievas;Javier Machado
14397985;22/09/2026 13:45:35;3;2;0001  215535-1;05;CAMIONETA EXP 1;2091837;"CO22    ";"COPMACO LTDA.                                     ";AV. MITRE 2645;952960;"70-209         ";70-209 - BIDE CR C.CERAM CADIZ;1;1;1;23579874;220926134340503;185037123;;;;02/09/2032 00:00:00;1;14079046;22/09/2026 13:43:40;Maximiliano;Nievas;24849806;22/09/2026 09:13:08;7827;Javier;Machado;Maximiliano Nievas;Javier Machado
14397985;22/09/2026 13:45:35;3;2;0001  215535-1;05;CAMIONETA EXP 1;2091837;"CO22    ";"COPMACO LTDA.                                     ";AV. MITRE 2645;953165;"80-209         ";"DUCHA EMB C/TRANSF CR C.CERAM CADIZ                                   ";1;1;1;23579874;220926134340503;185037240;;;;09/17/2031 00:00:00;1;14079046;22/09/2026 13:43:40;Maximiliano;Nievas;24849806;22/09/2026 09:13:08;7827;Javier;Machado;Maximiliano Nievas;Javier Machado
14397986;19/09/2026 10:41:20;2;2;0001  215536-1;05;CAMIONETA EXP 1;2090995;"AB14    ";"ARNALDO BUYATTI E HIJOS S.A. -BUYATTI MATERIALES  ";CALLE 45 Y RUTA 11;953312;"83-133         ";83-133 - DUCHA EXT. C/TRANSF. MONOCOMANDO LUGO;4;4;0;23567969;CARRO86;184936863;;;;09/03/2031 00:00:00;4;;;;;24839261;21/09/2026 16:13:36;7807;Nicolas;Perez;;Nicolas Perez
14397986;19/09/2026 10:41:20;2;2;0001  215536-1;05;CAMIONETA EXP 1;2090995;"AB14    ";"ARNALDO BUYATTI E HIJOS S.A. -BUYATTI MATERIALES  ";CALLE 45 Y RUTA 11;954918;"BCH16          ";BCH16 - BACHA DE APOYAR BLANCA 610x457x254 C/DESAGOTE Y REJILLA;1;1;0;23578250;CARRO68;185011453;;;;01/06/2032 00:00:00;1;;;;;24848282;22/09/2026 07:46:50;6866;Alejandro;Dure;;Alejandro Dure
14397987;22/09/2026 14:16:23;3;2;0001  215437-1;05;CAMIONETA EXP 1;2091682;"CI03    ";"CARLOS ISLA Y CIA. S.A.                           ";RUTA 151 KM 0,8;953125;"80-180         ";80-180 - DUCHA EMB. C/TRANSF. MONOCOMANDO VERA;3;3;3;23580644;220926141142315;185033086;;;;11/23/2031 00:00:00;3;14079636;22/09/2026 14:11:42;Maximiliano;Nievas;24850531;22/09/2026 08:48:36;7839;Claudio;Juarez;Maximiliano Nievas;Claudio Juarez
14397987;22/09/2026 14:16:23;3;2;0001  215437-1;05;CAMIONETA EXP 1;2091682;"CI03    ";"CARLOS ISLA Y CIA. S.A.                           ";RUTA 151 KM 0,8;952597;"60-100N        ";60-100N - LAVATORIO BLACK C.CERAM FABRIC;2;2;2;23582735;220926141621381;185042411;;;;12/01/2031 00:00:00;2;14079979;22/09/2026 14:16:21;Maximiliano;Nievas;24852328;22/09/2026 09:17:50;7636;Kevin;Arce;Maximiliano Nievas;Kevin Arce
14397987;22/09/2026 14:16:23;3;2;0001  215437-1;05;CAMIONETA EXP 1;2091682;"CI03    ";"CARLOS ISLA Y CIA. S.A.                           ";RUTA 151 KM 0,8;952936;"70-190         ";70-190 - BIDE C.CERAM BLACK VELVET;2;2;2;23582735;220926141621381;185042228;;;;11/08/2031 00:00:00;2;14079979;22/09/2026 14:16:21;Maximiliano;Nievas;24852328;22/09/2026 09:17:50;7636;Kevin;Arce;Maximiliano Nievas;Kevin Arce
14397987;22/09/2026 14:16:23;3;2;0001  215437-1;05;CAMIONETA EXP 1;2091682;"CI03    ";"CARLOS ISLA Y CIA. S.A.                           ";RUTA 151 KM 0,8;952874;"70-100G        ";70-100G - BIDE GOLD C.CERAM FABRIC;2;2;2;23582735;220926141621381;185042577;;;;07/29/2031 00:00:00;1;14079979;22/09/2026 14:16:21;Maximiliano;Nievas;24852328;22/09/2026 09:17:50;7636;Kevin;Arce;Maximiliano Nievas;Kevin Arce
14397987;22/09/2026 14:16:23;3;2;0001  215437-1;05;CAMIONETA EXP 1;2091682;"CI03    ";"CARLOS ISLA Y CIA. S.A.                           ";RUTA 151 KM 0,8;952676;"60-201NI       ";60-201NI - LAVATORIO C.CERAM BEAT NICKEL;2;2;2;23582735;220926141621381;185041403;;;;08/20/2031 00:00:00;1;14079979;22/09/2026 14:16:21;Maximiliano;Nievas;24852328;22/09/2026 09:17:50;7636;Kevin;Arce;Maximiliano Nievas;Kevin Arce
14397987;22/09/2026 14:16:23;3;2;0001  215437-1;05;CAMIONETA EXP 1;2091682;"CI03    ";"CARLOS ISLA Y CIA. S.A.                           ";RUTA 151 KM 0,8;953083;"80-122         ";80-122 - DUCHA EMB.C/TRANSF. C.CERAM CR VALENCIA;2;2;2;23582735;220926141621381;185041889;;;;07/31/2031 00:00:00;1;14079979;22/09/2026 14:16:21;Maximiliano;Nievas;24852328;22/09/2026 09:17:50;7636;Kevin;Arce;Maximiliano Nievas;Kevin Arce
14397987;22/09/2026 14:16:23;3;2;0001  215437-1;05;CAMIONETA EXP 1;2091682;"CI03    ";"CARLOS ISLA Y CIA. S.A.                           ";RUTA 151 KM 0,8;951748;"3006           ";3006 - SET DE 6 PIEZAS LINEA 3000;2;2;2;23597844;220926140252061;185031639;;;;07/29/2031 00:00:00;2;14079652;22/09/2026 14:02:52;Maximiliano;Nievas;;;;;;Maximiliano Nievas;
14397987;22/09/2026 14:16:23;3;2;0001  215437-1;05;CAMIONETA EXP 1;2091682;"CI03    ";"CARLOS ISLA Y CIA. S.A.                           ";RUTA 151 KM 0,8;951293;"17010C         ";17010C - TOALLERO BARRAL LINEA FABRIC CROMO;5;5;5;23597844;220926140252061;185031238;;;;12/28/2031 00:00:00;5;14079652;22/09/2026 14:02:52;Maximiliano;Nievas;;;;;;Maximiliano Nievas;
14397987;22/09/2026 14:16:23;3;2;0001  215437-1;05;CAMIONETA EXP 1;2091682;"CI03    ";"CARLOS ISLA Y CIA. S.A.                           ";RUTA 151 KM 0,8;950978;"10006CR        ";"SET DE 6 PIEZAS LINEA 10000 MINIMALISTA                               ";3;3;3;23597844;220926140252061;185031910;;;;07/28/2031 00:00:00;3;14079652;22/09/2026 14:02:52;Maximiliano;Nievas;;;;;;Maximiliano Nievas;
14397987;22/09/2026 14:16:23;3;2;0001  215437-1;05;CAMIONETA EXP 1;2091682;"CI03    ";"CARLOS ISLA Y CIA. S.A.                           ";RUTA 151 KM 0,8;951263;"16030BL        ";16030BL - PERCHA LINEA 16000 BLACK;10;10;10;23597934;220926140510032;185026470;;;;07/28/2031 00:00:00;10;14079735;22/09/2026 14:05:10;Maximiliano;Nievas;;;;;;Maximiliano Nievas;
14397987;22/09/2026 14:16:23;3;2;0001  215437-1;05;CAMIONETA EXP 1;2091682;"CI03    ";"CARLOS ISLA Y CIA. S.A.                           ";RUTA 151 KM 0,8;952956;"70-205         ";70-205 - BIDE MONOCOMANDO STEEL;2;2;2;23598083;220926140802403;185027524;;;;11/23/2031 00:00:00;2;14079838;22/09/2026 14:08:02;Maximiliano;Nievas;;;;;;Maximiliano Nievas;
14397987;22/09/2026 14:16:23;3;2;0001  215437-1;05;CAMIONETA EXP 1;2091682;"CI03    ";"CARLOS ISLA Y CIA. S.A.                           ";RUTA 151 KM 0,8;952908;"70-152         ";70-152 - BIDE MONOCOMANDO CR C/TRANSFERENCIA SORIA;3;3;3;23598083;220926140802403;185029324;;;;07/28/2031 00:00:00;3;14079838;22/09/2026 14:08:02;Maximiliano;Nievas;;;;;;Maximiliano Nievas;
14397987;22/09/2026 14:16:23;3;2;0001  215437-1;05;CAMIONETA EXP 1;2091682;"CI03    ";"CARLOS ISLA Y CIA. S.A.                           ";RUTA 151 KM 0,8;952630;"60-152         ";60-152 - LAVATORIO CR MONOCOMANDO BAJO SORIA;3;3;3;23598083;220926140802403;185030142;;;;07/27/2031 00:00:00;3;14079838;22/09/2026 14:08:02;Maximiliano;Nievas;;;;;;Maximiliano Nievas;
14397987;22/09/2026 14:16:23;3;2;0001  215437-1;05;CAMIONETA EXP 1;2091682;"CI03    ";"CARLOS ISLA Y CIA. S.A.                           ";RUTA 151 KM 0,8;950907;"05-010         ";"LAVATORIO BAJO TEMPORIZADO TECNO                                      ";2;2;2;23598083;220926140802403;185030651;;;;07/28/2031 00:00:00;2;14079838;22/09/2026 14:08:02;Maximiliano;Nievas;;;;;;Maximiliano Nievas;
14397987;22/09/2026 14:16:23;3;2;0001  215437-1;05;CAMIONETA EXP 1;2091682;"CI03    ";"CARLOS ISLA Y CIA. S.A.                           ";RUTA 151 KM 0,8;952679;"60-205         ";60-205 - LAVATORIO MONOC BAJO STEEL;2;2;2;23598133;220926140910042;185028503;;;;07/28/2031 00:00:00;2;14079872;22/09/2026 14:09:10;Maximiliano;Nievas;;;;;;Maximiliano Nievas;
14397987;22/09/2026 14:16:23;3;2;0001  215437-1;05;CAMIONETA EXP 1;2091682;"CI03    ";"CARLOS ISLA Y CIA. S.A.                           ";RUTA 151 KM 0,8;952709;"61-168N        ";61-168N - LAVATORIO MONOC ALTO BLACK WAVE;5;5;5;23598133;220926140910042;185150229;;;;07/28/2031 00:00:00;3;14079872;22/09/2026 14:09:10;Maximiliano;Nievas;;;;;;Maximiliano Nievas;
14397987;22/09/2026 14:16:23;3;2;0001  215437-1;05;CAMIONETA EXP 1;2091682;"CI03    ";"CARLOS ISLA Y CIA. S.A.                           ";RUTA 151 KM 0,8;953331;"84-190         ";84-190 - DUCHA EXTERIOR CON COLUMNA BLACK VELVET;2;2;2;23598152;220926140937627;185027410;;;;10/06/2031 00:00:00;2;14079886;22/09/2026 14:09:37;Maximiliano;Nievas;;;;;;Maximiliano Nievas;
14397987;22/09/2026 14:16:23;3;2;0001  215437-1;05;CAMIONETA EXP 1;2091682;"CI03    ";"CARLOS ISLA Y CIA. S.A.                           ";RUTA 151 KM 0,8;951512;"20-122         ";"MONOCOMANDO COCINA CR C/PICO EXTRAIBLE VALENCIA                       ";2;2;2;23598152;220926140937627;185030447;;;;08/06/2031 00:00:00;2;14079886;22/09/2026 14:09:37;Maximiliano;Nievas;;;;;;Maximiliano Nievas;
14397987;22/09/2026 14:16:23;3;2;0001  215437-1;05;CAMIONETA EXP 1;2091682;"CI03    ";"CARLOS ISLA Y CIA. S.A.                           ";RUTA 151 KM 0,8;951265;"16040BL        ";16040BL - PORTA ROLLO ACCESORIOS LINEA 16000 BLACK;10;10;10;23598261;220926141114888;185026047;;;;07/31/2031 00:00:00;10;14079949;22/09/2026 14:11:14;Maximiliano;Nievas;;;;;;Maximiliano Nievas;
14397987;22/09/2026 14:16:23;3;2;0001  215437-1;05;CAMIONETA EXP 1;2091682;"CI03    ";"CARLOS ISLA Y CIA. S.A.                           ";RUTA 151 KM 0,8;952709;"61-168N        ";61-168N - LAVATORIO MONOC ALTO BLACK WAVE;5;5;5;23598261;220926141114888;185028947;;;;07/28/2031 00:00:00;2;14079949;22/09/2026 14:11:14;Maximiliano;Nievas;;;;;;Maximiliano Nievas;
14397987;22/09/2026 14:16:23;3;2;0001  215437-1;05;CAMIONETA EXP 1;2091682;"CI03    ";"CARLOS ISLA Y CIA. S.A.                           ";RUTA 151 KM 0,8;953089;"80-135         ";80-135 - DUCHA EMB. C/TRANSF. C.CERAM SANTANDER;2;2;2;23598376;220926141251376;185151868;;;;10/05/2031 00:00:00;1;14080007;22/09/2026 14:12:51;Maximiliano;Nievas;;;;;;Maximiliano Nievas;
14397987;22/09/2026 14:16:23;3;2;0001  215437-1;05;CAMIONETA EXP 1;2091682;"CI03    ";"CARLOS ISLA Y CIA. S.A.                           ";RUTA 151 KM 0,8;953152;"80-200C        ";80-200C - DUCHA EMB. MONOC. 3 FUNCIONES CR FABRIC;2;2;2;23598376;220926141251376;185043554;;;;12/15/2031 00:00:00;2;14080007;22/09/2026 14:12:51;Maximiliano;Nievas;;;;;;Maximiliano Nievas;
14397987;22/09/2026 14:16:23;3;2;0001  215437-1;05;CAMIONETA EXP 1;2091682;"CI03    ";"CARLOS ISLA Y CIA. S.A.                           ";RUTA 151 KM 0,8;952643;"60-175DG       ";60-175DG - LAVATORIO PULSE DARK GOLD C.CERAM;2;2;2;23598464;220926141429647;185043820;;;;07/31/2031 00:00:00;2;14080059;22/09/2026 14:14:29;Maximiliano;Nievas;;;;;;Maximiliano Nievas;
14397987;22/09/2026 14:16:23;3;2;0001  215437-1;05;CAMIONETA EXP 1;2091682;"CI03    ";"CARLOS ISLA Y CIA. S.A.                           ";RUTA 151 KM 0,8;953083;"80-122         ";80-122 - DUCHA EMB.C/TRANSF. C.CERAM CR VALENCIA;2;2;2;23598464;220926141429647;185152601;;;;07/31/2031 00:00:00;1;14080059;22/09/2026 14:14:29;Maximiliano;Nievas;;;;;;Maximiliano Nievas;
14397987;22/09/2026 14:16:23;3;2;0001  215437-1;05;CAMIONETA EXP 1;2091682;"CI03    ";"CARLOS ISLA Y CIA. S.A.                           ";RUTA 151 KM 0,8;952676;"60-201NI       ";60-201NI - LAVATORIO C.CERAM BEAT NICKEL;2;2;2;23598464;220926141429647;185152599;;;;08/20/2031 00:00:00;1;14080059;22/09/2026 14:14:29;Maximiliano;Nievas;;;;;;Maximiliano Nievas;
14397987;22/09/2026 14:16:23;3;2;0001  215437-1;05;CAMIONETA EXP 1;2091682;"CI03    ";"CARLOS ISLA Y CIA. S.A.                           ";RUTA 151 KM 0,8;952774;"62-190         ";62-190 - LAVATORIO PARED EMB. C.CERAM BLACK VELVET;2;2;2;23598464;220926141429647;185042068;;;;09/02/2031 00:00:00;2;14080059;22/09/2026 14:14:29;Maximiliano;Nievas;;;;;;Maximiliano Nievas;
14397987;22/09/2026 14:16:23;3;2;0001  215437-1;05;CAMIONETA EXP 1;2091682;"CI03    ";"CARLOS ISLA Y CIA. S.A.                           ";RUTA 151 KM 0,8;952874;"70-100G        ";70-100G - BIDE GOLD C.CERAM FABRIC;2;2;2;23598464;220926141429647;185152600;;;;07/29/2031 00:00:00;1;14080059;22/09/2026 14:14:29;Maximiliano;Nievas;;;;;;Maximiliano Nievas;
14397987;22/09/2026 14:16:23;3;2;0001  215437-1;05;CAMIONETA EXP 1;2091682;"CI03    ";"CARLOS ISLA Y CIA. S.A.                           ";RUTA 151 KM 0,8;953089;"80-135         ";80-135 - DUCHA EMB. C/TRANSF. C.CERAM SANTANDER;2;2;2;23598497;220926141456871;185043257;;;;10/05/2031 00:00:00;1;14080080;22/09/2026 14:14:56;Maximiliano;Nievas;;;;;;Maximiliano Nievas;
14397987;22/09/2026 14:16:23;3;2;0001  215437-1;05;CAMIONETA EXP 1;2091682;"CI03    ";"CARLOS ISLA Y CIA. S.A.                           ";RUTA 151 KM 0,8;953071;"80-100G        ";80-100G - DUCHA EMB. C/TRANSF. GOLD C.CERAM FABRIC;2;2;2;23598497;220926141456871;185043009;;;;12/07/2031 00:00:00;2;14080080;22/09/2026 14:14:56;Maximiliano;Nievas;;;;;;Maximiliano Nievas;
14397988;19/09/2026 10:41:21;2;2;0001  214335-3;05;CAMIONETA EXP 1;2095012;"VS08    ";"VIAL SERVICIOS S.A.                               ";EUGENIO TELLO 1064;957094;"PDU101         ";"PISO DUCHA RESINA POLIESTER BLANCA 900x700x25                         ";1;1;0;23577362;CARRO130;185007616;;;;03/01/2032 00:00:00;1;;;;;24847590;22/09/2026 06:32:47;7839;Claudio;Juarez;;Claudio Juarez
14397988;19/09/2026 10:41:21;2;2;0001  214335-3;05;CAMIONETA EXP 1;2095012;"VS08    ";"VIAL SERVICIOS S.A.                               ";EUGENIO TELLO 1064;957096;"PDU102         ";"PISO DUCHA RESINA POLIESTER BLANCA 1200x700x25                        ";2;2;0;23577362;CARRO130;185007634;;;;03/01/2032 00:00:00;2;;;;;24847590;22/09/2026 06:32:47;7839;Claudio;Juarez;;Claudio Juarez
14397988;19/09/2026 10:41:21;2;2;0001  214335-3;05;CAMIONETA EXP 1;2095012;"VS08    ";"VIAL SERVICIOS S.A.                               ";EUGENIO TELLO 1064;957102;"PDU120         ";"DESAGUE P/PISO DE DUCHA                                               ";3;3;0;23577362;CARRO130;185007673;;;;03/01/2032 00:00:00;3;;;;;24847590;22/09/2026 06:32:47;7839;Claudio;Juarez;;Claudio Juarez
14397989;22/09/2026 13:13:47;3;2;0001  214406-2;05;CAMIONETA EXP 1;2094574;"SO06    ";"SOLDASUR S.A.                                     ";SAN MARTIN 366;957096;"PDU102         ";"PISO DUCHA RESINA POLIESTER BLANCA 1200x700x25                        ";2;2;2;23578251;220926131347333;185013795;;;;03/01/2032 00:00:00;2;14078224;22/09/2026 13:13:47;Gustavo;Soderquvist;24848282;22/09/2026 07:46:50;6866;Alejandro;Dure;Gustavo Soderquvist;Alejandro Dure
14397989;22/09/2026 13:13:47;3;2;0001  214406-2;05;CAMIONETA EXP 1;2094574;"SO06    ";"SOLDASUR S.A.                                     ";SAN MARTIN 366;957102;"PDU120         ";"DESAGUE P/PISO DE DUCHA                                               ";2;2;2;23578251;220926131347333;185017401;;;;03/01/2032 00:00:00;2;14078224;22/09/2026 13:13:47;Gustavo;Soderquvist;24848282;22/09/2026 07:46:50;6866;Alejandro;Dure;Gustavo Soderquvist;Alejandro Dure
14397990;22/09/2026 13:40:16;3;2;0001  215569-1;05;CAMIONETA EXP 1;2094131;"RF06    ";"ROMANO FABIAN ANDRES -COMAR DESIGN                ";BROWN 1565;952647;"60-176         ";"LAVATORIO MONOCOMANDO BAJO CR RIO                                     ";2;2;2;23567970;220926134014589;184937867;;;;10/11/2031 00:00:00;2;14078960;22/09/2026 13:40:14;Maximiliano;Nievas;24839261;21/09/2026 16:13:36;7807;Nicolas;Perez;Maximiliano Nievas;Nicolas Perez
14397990;22/09/2026 13:40:16;3;2;0001  215569-1;05;CAMIONETA EXP 1;2094131;"RF06    ";"ROMANO FABIAN ANDRES -COMAR DESIGN                ";BROWN 1565;952725;"61-200N        ";61-200N - LAVATORIO MONOC ALTO FABRIC BLACK;1;1;1;23567970;220926134014589;184939601;;;;07/28/2031 00:00:00;1;14078960;22/09/2026 13:40:14;Maximiliano;Nievas;24839261;21/09/2026 16:13:36;7807;Nicolas;Perez;Maximiliano Nievas;Nicolas Perez
14397990;22/09/2026 13:40:16;3;2;0001  215569-1;05;CAMIONETA EXP 1;2094131;"RF06    ";"ROMANO FABIAN ANDRES -COMAR DESIGN                ";BROWN 1565;952645;"60-175GR       ";60-175GR - LAVATORIO PULSE GRAFITO C.CERAM;1;1;1;23579875;220926133954604;185023003;;;;07/31/2031 00:00:00;1;14078953;22/09/2026 13:39:54;Maximiliano;Nievas;24849806;22/09/2026 09:13:08;7827;Javier;Machado;Maximiliano Nievas;Javier Machado
14397990;22/09/2026 13:40:16;3;2;0001  215569-1;05;CAMIONETA EXP 1;2094131;"RF06    ";"ROMANO FABIAN ANDRES -COMAR DESIGN                ";BROWN 1565;952875;"70-100N        ";70-100N - BIDE BLACK C.CERAM FABRIC;1;1;1;23579875;220926133954604;185025739;;;;07/29/2031 00:00:00;1;14078953;22/09/2026 13:39:54;Maximiliano;Nievas;24849806;22/09/2026 09:13:08;7827;Javier;Machado;Maximiliano Nievas;Javier Machado
14397993;22/09/2026 13:31:14;3;2;0001  215607-1;05;CAMIONETA EXP 1;2091837;"CO22    ";"COPMACO LTDA.                                     ";AV. LOS SAUCES 1705;953113;"80-168N        ";80-168N - DUCHA EMB C/TRANSF MONOC BLACK WAVE;1;1;1;23577626;220926120022364;185009924;;;;01/22/2032 00:00:00;1;14075868;22/09/2026 12:00:22;Maximiliano;Nievas;24847713;22/09/2026 07:18:35;7839;Claudio;Juarez;Maximiliano Nievas;Claudio Juarez
14397993;22/09/2026 13:31:14;3;2;0001  215607-1;05;CAMIONETA EXP 1;2091837;"CO22    ";"COPMACO LTDA.                                     ";AV. LOS SAUCES 1705;1007061;"90-208         ";"PACK GRIF LITE CR (LAV - BIDE - DUCHA C/T)                            ";6;6;6;23577626;220926120022364;185008216;;;;10/18/2031 00:00:00;1;14075868;22/09/2026 12:00:22;Maximiliano;Nievas;24847713;22/09/2026 07:18:35;7839;Claudio;Juarez;Maximiliano Nievas;Claudio Juarez
14397993;22/09/2026 13:31:14;3;2;0001  215607-1;05;CAMIONETA EXP 1;2091837;"CO22    ";"COPMACO LTDA.                                     ";AV. LOS SAUCES 1705;952727;"61-203N        ";"LAVATORIO MONOCOMANDO ALTO ADRA BLACK                                 ";6;6;6;23577626;220926120022364;185008762;;;;01/06/2032 00:00:00;1;14075868;22/09/2026 12:00:22;Maximiliano;Nievas;24847713;22/09/2026 07:18:35;7839;Claudio;Juarez;Maximiliano Nievas;Claudio Juarez
14397993;22/09/2026 13:31:14;3;2;0001  215607-1;05;CAMIONETA EXP 1;2091837;"CO22    ";"COPMACO LTDA.                                     ";AV. LOS SAUCES 1705;951116;"12006          ";"SET DE 6 PIEZAS LINEA 12000                                           ";12;12;12;23578094;220926133113385;185011260;;;;07/30/2031 00:00:00;10;14077702;22/09/2026 13:31:13;Maximiliano;Nievas;24848182;22/09/2026 07:55:10;7636;Kevin;Arce;Maximiliano Nievas;Kevin Arce
14397993;22/09/2026 13:31:14;3;2;0001  215607-1;05;CAMIONETA EXP 1;2091837;"CO22    ";"COPMACO LTDA.                                     ";AV. LOS SAUCES 1705;954908;"BCH07          ";BCH07 - BACHA DE APOYAR OVALADA 400x330x150;6;6;6;23578252;220926124559285;185011956;;;;07/29/2031 00:00:00;1;14077541;22/09/2026 12:45:59;Maximiliano;Nievas;24848282;22/09/2026 07:46:50;6866;Alejandro;Dure;Maximiliano Nievas;Alejandro Dure
14397993;22/09/2026 13:31:14;3;2;0001  215607-1;05;CAMIONETA EXP 1;2091837;"CO22    ";"COPMACO LTDA.                                     ";AV. LOS SAUCES 1705;952682;"60-208         ";60-208 - LAVATORIO CR C.STD LITE;12;12;12;23591413;220926114716883;185100528;;;;09/27/2031 00:00:00;10;14075932;22/09/2026 11:47:16;Maximiliano;Nievas;;;;;;Maximiliano Nievas;
14397993;22/09/2026 13:31:14;3;2;0001  215607-1;05;CAMIONETA EXP 1;2091837;"CO22    ";"COPMACO LTDA.                                     ";AV. LOS SAUCES 1705;952682;"60-208         ";60-208 - LAVATORIO CR C.STD LITE;12;12;12;23591432;220926114745358;185009874;;;;09/27/2031 00:00:00;2;14075946;22/09/2026 11:47:45;Maximiliano;Nievas;;;;;;Maximiliano Nievas;
14397993;22/09/2026 13:31:14;3;2;0001  215607-1;05;CAMIONETA EXP 1;2091837;"CO22    ";"COPMACO LTDA.                                     ";AV. LOS SAUCES 1705;952959;"70-208         ";70-208 - BIDE CR C.STD LITE;12;12;12;23591432;220926114745358;185100738;;;;10/04/2031 00:00:00;8;14075946;22/09/2026 11:47:45;Maximiliano;Nievas;;;;;;Maximiliano Nievas;
14397993;22/09/2026 13:31:14;3;2;0001  215607-1;05;CAMIONETA EXP 1;2091837;"CO22    ";"COPMACO LTDA.                                     ";AV. LOS SAUCES 1705;952959;"70-208         ";70-208 - BIDE CR C.STD LITE;12;12;12;23591463;220926114837032;185009546;;;;10/04/2031 00:00:00;4;14075981;22/09/2026 11:48:37;Maximiliano;Nievas;;;;;;Maximiliano Nievas;
14397993;22/09/2026 13:31:14;3;2;0001  215607-1;05;CAMIONETA EXP 1;2091837;"CO22    ";"COPMACO LTDA.                                     ";AV. LOS SAUCES 1705;952909;"70-153         ";70-153 - BIDE CR C.CERAM CASTILLA;2;2;2;23591463;220926114837032;185008854;;;;10/20/2031 00:00:00;2;14075981;22/09/2026 11:48:37;Maximiliano;Nievas;;;;;;Maximiliano Nievas;
14397993;22/09/2026 13:31:14;3;2;0001  215607-1;05;CAMIONETA EXP 1;2091837;"CO22    ";"COPMACO LTDA.                                     ";AV. LOS SAUCES 1705;952678;"60-203N        ";"LAVATORIO MONOCOMANDO BAJO ADRA BLACK                                 ";4;4;4;23591463;220926114837032;185008819;;;;01/06/2032 00:00:00;4;14075981;22/09/2026 11:48:37;Maximiliano;Nievas;;;;;;Maximiliano Nievas;
14397993;22/09/2026 13:31:14;3;2;0001  215607-1;05;CAMIONETA EXP 1;2091837;"CO22    ";"COPMACO LTDA.                                     ";AV. LOS SAUCES 1705;953487;"939            ";939 - JGO.COCINA C/EXTENSIBLE CR LAZA;12;12;12;23591498;220926114919444;185101416;;;;12/29/2031 00:00:00;10;14076014;22/09/2026 11:49:19;Maximiliano;Nievas;;;;;;Maximiliano Nievas;
14397993;22/09/2026 13:31:14;3;2;0001  215607-1;05;CAMIONETA EXP 1;2091837;"CO22    ";"COPMACO LTDA.                                     ";AV. LOS SAUCES 1705;953487;"939            ";939 - JGO.COCINA C/EXTENSIBLE CR LAZA;12;12;12;23591752;220926115432915;185008997;;;;12/29/2031 00:00:00;2;14076190;22/09/2026 11:54:33;Maximiliano;Nievas;;;;;;Maximiliano Nievas;
14397993;22/09/2026 13:31:14;3;2;0001  215607-1;05;CAMIONETA EXP 1;2091837;"CO22    ";"COPMACO LTDA.                                     ";AV. LOS SAUCES 1705;952913;"70-162N        ";70-162N - BIDE BLACK C.CERAM LINEA ADRA;8;8;8;23591752;220926115432915;185103632;;;;02/16/2032 00:00:00;7;14076190;22/09/2026 11:54:33;Maximiliano;Nievas;;;;;;Maximiliano Nievas;
14397993;22/09/2026 13:31:14;3;2;0001  215607-1;05;CAMIONETA EXP 1;2091837;"CO22    ";"COPMACO LTDA.                                     ";AV. LOS SAUCES 1705;952635;"60-162N        ";60-162N - LAVATORIO BLACK C.CERAM LINEA ADRA;8;8;8;23591752;220926115432915;185103631;;;;11/03/2031 00:00:00;1;14076190;22/09/2026 11:54:33;Maximiliano;Nievas;;;;;;Maximiliano Nievas;
14397993;22/09/2026 13:31:14;3;2;0001  215607-1;05;CAMIONETA EXP 1;2091837;"CO22    ";"COPMACO LTDA.                                     ";AV. LOS SAUCES 1705;953553;"985            ";985 - JGO PARED EXT CR P.FUNDIDO MURCIA;12;12;12;23591781;220926115509896;185103852;;;;09/01/2031 00:00:00;10;14076212;22/09/2026 11:55:09;Maximiliano;Nievas;;;;;;Maximiliano Nievas;
14397993;22/09/2026 13:31:14;3;2;0001  215607-1;05;CAMIONETA EXP 1;2091837;"CO22    ";"COPMACO LTDA.                                     ";AV. LOS SAUCES 1705;953553;"985            ";985 - JGO PARED EXT CR P.FUNDIDO MURCIA;12;12;12;23591823;220926115552961;185008263;;;;09/01/2031 00:00:00;2;14076235;22/09/2026 11:55:52;Maximiliano;Nievas;;;;;;Maximiliano Nievas;
14397993;22/09/2026 13:31:14;3;2;0001  215607-1;05;CAMIONETA EXP 1;2091837;"CO22    ";"COPMACO LTDA.                                     ";AV. LOS SAUCES 1705;952913;"70-162N        ";70-162N - BIDE BLACK C.CERAM LINEA ADRA;8;8;8;23591823;220926115552961;185008584;;;;02/16/2032 00:00:00;1;14076235;22/09/2026 11:55:52;Maximiliano;Nievas;;;;;;Maximiliano Nievas;
14397993;22/09/2026 13:31:14;3;2;0001  215607-1;05;CAMIONETA EXP 1;2091837;"CO22    ";"COPMACO LTDA.                                     ";AV. LOS SAUCES 1705;952635;"60-162N        ";60-162N - LAVATORIO BLACK C.CERAM LINEA ADRA;8;8;8;23591823;220926115552961;185008462;;;;11/03/2031 00:00:00;7;14076235;22/09/2026 11:55:52;Maximiliano;Nievas;;;;;;Maximiliano Nievas;
14397993;22/09/2026 13:31:14;3;2;0001  215607-1;05;CAMIONETA EXP 1;2091837;"CO22    ";"COPMACO LTDA.                                     ";AV. LOS SAUCES 1705;953477;"934/CR         ";934/CR - J.PARED C/EXT CRUZ CR/CR ARES;12;12;12;23591880;220926115649366;185104447;;;;02/09/2032 00:00:00;10;14076266;22/09/2026 11:56:49;Maximiliano;Nievas;;;;;;Maximiliano Nievas;
14397993;22/09/2026 13:31:14;3;2;0001  215607-1;05;CAMIONETA EXP 1;2091837;"CO22    ";"COPMACO LTDA.                                     ";AV. LOS SAUCES 1705;953477;"934/CR         ";934/CR - J.PARED C/EXT CRUZ CR/CR ARES;12;12;12;23591931;220926115737654;185009150;;;;02/09/2032 00:00:00;2;14076285;22/09/2026 11:57:37;Maximiliano;Nievas;;;;;;Maximiliano Nievas;
14397993;22/09/2026 13:31:14;3;2;0001  215607-1;05;CAMIONETA EXP 1;2091837;"CO22    ";"COPMACO LTDA.                                     ";AV. LOS SAUCES 1705;952726;"61-203         ";61-203 - LAVATORIO MONOCOMANDO ALTO ADRA;8;8;8;23591931;220926115737654;185104737;;;;02/22/2032 00:00:00;4;14076285;22/09/2026 11:57:37;Maximiliano;Nievas;;;;;;Maximiliano Nievas;
14397993;22/09/2026 13:31:14;3;2;0001  215607-1;05;CAMIONETA EXP 1;2091837;"CO22    ";"COPMACO LTDA.                                     ";AV. LOS SAUCES 1705;952726;"61-203         ";61-203 - LAVATORIO MONOCOMANDO ALTO ADRA;8;8;8;23591964;220926115812280;185008406;;;;02/22/2032 00:00:00;4;14076300;22/09/2026 11:58:12;Maximiliano;Nievas;;;;;;Maximiliano Nievas;
14397993;22/09/2026 13:31:14;3;2;0001  215607-1;05;CAMIONETA EXP 1;2091837;"CO22    ";"COPMACO LTDA.                                     ";AV. LOS SAUCES 1705;952727;"61-203N        ";"LAVATORIO MONOCOMANDO ALTO ADRA BLACK                                 ";6;6;6;23592039;220926115857479;185105259;;;;01/06/2032 00:00:00;4;14076316;22/09/2026 11:58:57;Maximiliano;Nievas;;;;;;Maximiliano Nievas;
14397993;22/09/2026 13:31:14;3;2;0001  215607-1;05;CAMIONETA EXP 1;2091837;"CO22    ";"COPMACO LTDA.                                     ";AV. LOS SAUCES 1705;1007061;"90-208         ";"PACK GRIF LITE CR (LAV - BIDE - DUCHA C/T)                            ";6;6;6;23592050;220926115927769;185105485;;;;10/18/2031 00:00:00;4;14076334;22/09/2026 11:59:27;Maximiliano;Nievas;;;;;;Maximiliano Nievas;
14397993;22/09/2026 13:31:14;3;2;0001  215607-1;05;CAMIONETA EXP 1;2091837;"CO22    ";"COPMACO LTDA.                                     ";AV. LOS SAUCES 1705;1007061;"90-208         ";"PACK GRIF LITE CR (LAV - BIDE - DUCHA C/T)                            ";6;6;6;23592087;220926120008132;185105711;;;;10/18/2031 00:00:00;1;14076351;22/09/2026 12:00:08;Maximiliano;Nievas;;;;;;Maximiliano Nievas;
14397993;22/09/2026 13:31:14;3;2;0001  215607-1;05;CAMIONETA EXP 1;2091837;"CO22    ";"COPMACO LTDA.                                     ";AV. LOS SAUCES 1705;953110;"80-166N        ";80-166N - DUCHA EMB. C/TRANSF. BLACK C.CERAM ADRA PLUS;2;2;2;23592087;220926120008132;185008595;;;;01/12/2032 00:00:00;2;14076351;22/09/2026 12:00:08;Maximiliano;Nievas;;;;;;Maximiliano Nievas;
14397993;22/09/2026 13:31:14;3;2;0001  215607-1;05;CAMIONETA EXP 1;2091837;"CO22    ";"COPMACO LTDA.                                     ";AV. LOS SAUCES 1705;952727;"61-203N        ";"LAVATORIO MONOCOMANDO ALTO ADRA BLACK                                 ";6;6;6;23592087;220926120008132;185105710;;;;01/06/2032 00:00:00;1;14076351;22/09/2026 12:00:08;Maximiliano;Nievas;;;;;;Maximiliano Nievas;
14397993;22/09/2026 13:31:14;3;2;0001  215607-1;05;CAMIONETA EXP 1;2091837;"CO22    ";"COPMACO LTDA.                                     ";AV. LOS SAUCES 1705;954908;"BCH07          ";BCH07 - BACHA DE APOYAR OVALADA 400x330x150;6;6;6;23594151;220926124456916;185120494;;;;07/29/2031 00:00:00;1;14077548;22/09/2026 12:44:56;Maximiliano;Nievas;;;;;;Maximiliano Nievas;
14397993;22/09/2026 13:31:14;3;2;0001  215607-1;05;CAMIONETA EXP 1;2091837;"CO22    ";"COPMACO LTDA.                                     ";AV. LOS SAUCES 1705;954908;"BCH07          ";BCH07 - BACHA DE APOYAR OVALADA 400x330x150;6;6;6;23594165;220926124521028;185120601;;;;07/29/2031 00:00:00;1;14077557;22/09/2026 12:45:21;Maximiliano;Nievas;;;;;;Maximiliano Nievas;
14397993;22/09/2026 13:31:14;3;2;0001  215607-1;05;CAMIONETA EXP 1;2091837;"CO22    ";"COPMACO LTDA.                                     ";AV. LOS SAUCES 1705;954908;"BCH07          ";BCH07 - BACHA DE APOYAR OVALADA 400x330x150;6;6;6;23594174;220926124531427;185120656;;;;07/29/2031 00:00:00;1;14077560;22/09/2026 12:45:31;Maximiliano;Nievas;;;;;;Maximiliano Nievas;
14397993;22/09/2026 13:31:14;3;2;0001  215607-1;05;CAMIONETA EXP 1;2091837;"CO22    ";"COPMACO LTDA.                                     ";AV. LOS SAUCES 1705;954908;"BCH07          ";BCH07 - BACHA DE APOYAR OVALADA 400x330x150;6;6;6;23594183;220926124541160;185120696;;;;07/29/2031 00:00:00;1;14077562;22/09/2026 12:45:41;Maximiliano;Nievas;;;;;;Maximiliano Nievas;
14397993;22/09/2026 13:31:14;3;2;0001  215607-1;05;CAMIONETA EXP 1;2091837;"CO22    ";"COPMACO LTDA.                                     ";AV. LOS SAUCES 1705;954908;"BCH07          ";BCH07 - BACHA DE APOYAR OVALADA 400x330x150;6;6;6;23594189;220926124549929;185120745;;;;07/29/2031 00:00:00;1;14077570;22/09/2026 12:45:49;Maximiliano;Nievas;;;;;;Maximiliano Nievas;
14397993;22/09/2026 13:31:14;3;2;0001  215607-1;05;CAMIONETA EXP 1;2091837;"CO22    ";"COPMACO LTDA.                                     ";AV. LOS SAUCES 1705;953183;"8050           ";8050 - JABONERA LINEA 8000;12;12;12;23594561;220926125516947;185014860;;;;07/27/2031 00:00:00;12;14077779;22/09/2026 12:55:16;Maximiliano;Nievas;;;;;;Maximiliano Nievas;
14397993;22/09/2026 13:31:14;3;2;0001  215607-1;05;CAMIONETA EXP 1;2091837;"CO22    ";"COPMACO LTDA.                                     ";AV. LOS SAUCES 1705;951993;"3070           ";3070 - JABONERA PARA BAÑERA LINEA 3000;12;12;12;23594561;220926125516947;185016590;;;;07/31/2031 00:00:00;12;14077779;22/09/2026 12:55:16;Maximiliano;Nievas;;;;;;Maximiliano Nievas;
14397993;22/09/2026 13:31:14;3;2;0001  215607-1;05;CAMIONETA EXP 1;2091837;"CO22    ";"COPMACO LTDA.                                     ";AV. LOS SAUCES 1705;952709;"61-168N        ";61-168N - LAVATORIO MONOC ALTO BLACK WAVE;2;2;2;23594636;220926125658624;185014207;;;;07/28/2031 00:00:00;2;14077818;22/09/2026 12:56:58;Maximiliano;Nievas;;;;;;Maximiliano Nievas;
14397993;22/09/2026 13:31:14;3;2;0001  215607-1;05;CAMIONETA EXP 1;2091837;"CO22    ";"COPMACO LTDA.                                     ";AV. LOS SAUCES 1705;951532;"20-147         ";20-147 - MONOCOMANDO DE COCINA SWIFT;6;6;6;23594636;220926125658624;185124284;;;;08/04/2031 00:00:00;2;14077818;22/09/2026 12:56:58;Maximiliano;Nievas;;;;;;Maximiliano Nievas;
14397993;22/09/2026 13:31:14;3;2;0001  215607-1;05;CAMIONETA EXP 1;2091837;"CO22    ";"COPMACO LTDA.                                     ";AV. LOS SAUCES 1705;951532;"20-147         ";20-147 - MONOCOMANDO DE COCINA SWIFT;6;6;6;23594645;220926125713020;185011618;;;;08/04/2031 00:00:00;4;14077822;22/09/2026 12:57:13;Maximiliano;Nievas;;;;;;Maximiliano Nievas;
14397993;22/09/2026 13:31:14;3;2;0001  215607-1;05;CAMIONETA EXP 1;2091837;"CO22    ";"COPMACO LTDA.                                     ";AV. LOS SAUCES 1705;953158;"80-203N        ";"DUCHA EMB C/TRANSF. MONOCOMANDO ADRA BLACK PLUS                       ";4;4;4;23594683;220926125800838;185013642;;;;07/28/2031 00:00:00;4;14077842;22/09/2026 12:58:00;Maximiliano;Nievas;;;;;;Maximiliano Nievas;
14397993;22/09/2026 13:31:14;3;2;0001  215607-1;05;CAMIONETA EXP 1;2091837;"CO22    ";"COPMACO LTDA.                                     ";AV. LOS SAUCES 1705;951116;"12006          ";"SET DE 6 PIEZAS LINEA 12000                                           ";12;12;12;23594700;220926125834083;185124721;;;;07/30/2031 00:00:00;2;14077857;22/09/2026 12:58:34;Maximiliano;Nievas;;;;;;Maximiliano Nievas;
14397993;22/09/2026 13:31:14;3;2;0001  215607-1;05;CAMIONETA EXP 1;2091837;"CO22    ";"COPMACO LTDA.                                     ";AV. LOS SAUCES 1705;953167;"8030           ";8030 - PERCHA LINEA 8000;12;12;12;23594918;220926130415651;185015822;;;;07/29/2031 00:00:00;12;14077999;22/09/2026 13:04:15;Maximiliano;Nievas;;;;;;Maximiliano Nievas;
14397993;22/09/2026 13:31:14;3;2;0001  215607-1;05;CAMIONETA EXP 1;2091837;"CO22    ";"COPMACO LTDA.                                     ";AV. LOS SAUCES 1705;953182;"8040           ";8040 - PORTA ROLLO LINEA 8000;12;12;12;23594918;220926130415651;185015552;;;;08/12/2031 00:00:00;12;14077999;22/09/2026 13:04:15;Maximiliano;Nievas;;;;;;Maximiliano Nievas;
14397993;22/09/2026 13:31:14;3;2;0001  215607-1;05;CAMIONETA EXP 1;2091837;"CO22    ";"COPMACO LTDA.                                     ";AV. LOS SAUCES 1705;952679;"60-205         ";60-205 - LAVATORIO MONOC BAJO STEEL;6;6;6;23594989;220926130531309;185013957;;;;07/28/2031 00:00:00;6;14078025;22/09/2026 13:05:31;Maximiliano;Nievas;;;;;;Maximiliano Nievas;
14397993;22/09/2026 13:31:14;3;2;0001  215607-1;05;CAMIONETA EXP 1;2091837;"CO22    ";"COPMACO LTDA.                                     ";AV. LOS SAUCES 1705;951983;"3050           ";3050 - JABONERA LINEA 3000;12;12;12;23595054;220926130633194;185017109;;;;07/27/2031 00:00:00;12;14078055;22/09/2026 13:06:33;Maximiliano;Nievas;;;;;;Maximiliano Nievas;
14397993;22/09/2026 13:31:14;3;2;0001  215607-1;05;CAMIONETA EXP 1;2091837;"CO22    ";"COPMACO LTDA.                                     ";AV. LOS SAUCES 1705;951523;"20-134         ";20-134 - MONOCOMANDO COCINA BETIS;12;12;12;23595255;220926131051081;185128192;;;;08/11/2031 00:00:00;2;14078152;22/09/2026 13:10:51;Maximiliano;Nievas;;;;;;Maximiliano Nievas;
14397993;22/09/2026 13:31:14;3;2;0001  215607-1;05;CAMIONETA EXP 1;2091837;"CO22    ";"COPMACO LTDA.                                     ";AV. LOS SAUCES 1705;953321;"83-203N        ";83-203N - DUCHA EXT C/TRANSF. MONOCOMANDO ADRA BLACK;4;4;4;23595255;220926131051081;185012015;;;;07/31/2031 00:00:00;4;14078152;22/09/2026 13:10:51;Maximiliano;Nievas;;;;;;Maximiliano Nievas;
14397993;22/09/2026 13:31:14;3;2;0001  215607-1;05;CAMIONETA EXP 1;2091837;"CO22    ";"COPMACO LTDA.                                     ";AV. LOS SAUCES 1705;952638;"60-168N        ";60-168N - LAVATORIO MONOC BAJO BLACK WAVE;1;1;1;23595280;220926131114053;185013246;;;;07/27/2031 00:00:00;1;14078163;22/09/2026 13:11:14;Maximiliano;Nievas;;;;;;Maximiliano Nievas;
14397993;22/09/2026 13:31:14;3;2;0001  215607-1;05;CAMIONETA EXP 1;2091837;"CO22    ";"COPMACO LTDA.                                     ";AV. LOS SAUCES 1705;952916;"70-168N        ";70-168N - BIDE MONOC BLACK WAVE;1;1;1;23595280;220926131114053;185019127;;;;01/05/2032 00:00:00;1;14078163;22/09/2026 13:11:14;Maximiliano;Nievas;;;;;;Maximiliano Nievas;
14397993;22/09/2026 13:31:14;3;2;0001  215607-1;05;CAMIONETA EXP 1;2091837;"CO22    ";"COPMACO LTDA.                                     ";AV. LOS SAUCES 1705;952925;"70-176         ";70-176 - BIDE MONOC C/TRANSF CR RIO;4;4;4;23595280;220926131114053;185012620;;;;12/14/2031 00:00:00;4;14078163;22/09/2026 13:11:14;Maximiliano;Nievas;;;;;;Maximiliano Nievas;
14397993;22/09/2026 13:31:14;3;2;0001  215607-1;05;CAMIONETA EXP 1;2091837;"CO22    ";"COPMACO LTDA.                                     ";AV. LOS SAUCES 1705;951961;"3030           ";3030 - PERCHA LINEA 3000;12;12;12;23595438;220926131458483;185017942;;;;08/27/2031 00:00:00;12;14078276;22/09/2026 13:14:58;Maximiliano;Nievas;;;;;;Maximiliano Nievas;
14397993;22/09/2026 13:31:14;3;2;0001  215607-1;05;CAMIONETA EXP 1;2091837;"CO22    ";"COPMACO LTDA.                                     ";AV. LOS SAUCES 1705;951906;"3020           ";3020 - TOALLERO DE ARO LINEA 3000;12;12;12;23595450;220926131514208;185017475;;;;07/29/2031 00:00:00;12;14078286;22/09/2026 13:15:14;Maximiliano;Nievas;;;;;;Maximiliano Nievas;
14397993;22/09/2026 13:31:14;3;2;0001  215607-1;05;CAMIONETA EXP 1;2091837;"CO22    ";"COPMACO LTDA.                                     ";AV. LOS SAUCES 1705;952647;"60-176         ";"LAVATORIO MONOCOMANDO BAJO CR RIO                                     ";12;12;12;23595535;220926131656390;185129978;;;;10/11/2031 00:00:00;6;14078328;22/09/2026 13:16:56;Maximiliano;Nievas;;;;;;Maximiliano Nievas;
14397993;22/09/2026 13:31:14;3;2;0001  215607-1;05;CAMIONETA EXP 1;2091837;"CO22    ";"COPMACO LTDA.                                     ";AV. LOS SAUCES 1705;952647;"60-176         ";"LAVATORIO MONOCOMANDO BAJO CR RIO                                     ";12;12;12;23595563;220926131713133;185012797;;;;10/11/2031 00:00:00;6;14078330;22/09/2026 13:17:13;Maximiliano;Nievas;;;;;;Maximiliano Nievas;
14397993;22/09/2026 13:31:14;3;2;0001  215607-1;05;CAMIONETA EXP 1;2091837;"CO22    ";"COPMACO LTDA.                                     ";AV. LOS SAUCES 1705;952618;"60-133         ";60-133 - LAVATORIO MONOCOMANDO LUGO;12;12;12;23595621;220926131821478;185130440;;;;07/29/2031 00:00:00;6;14078359;22/09/2026 13:18:21;Maximiliano;Nievas;;;;;;Maximiliano Nievas;
14397993;22/09/2026 13:31:14;3;2;0001  215607-1;05;CAMIONETA EXP 1;2091837;"CO22    ";"COPMACO LTDA.                                     ";AV. LOS SAUCES 1705;952618;"60-133         ";60-133 - LAVATORIO MONOCOMANDO LUGO;12;12;12;23595646;220926131851048;185010599;;;;07/29/2031 00:00:00;6;14078380;22/09/2026 13:18:51;Maximiliano;Nievas;;;;;;Maximiliano Nievas;
14397993;22/09/2026 13:31:14;3;2;0001  215607-1;05;CAMIONETA EXP 1;2091837;"CO22    ";"COPMACO LTDA.                                     ";AV. LOS SAUCES 1705;951523;"20-134         ";20-134 - MONOCOMANDO COCINA BETIS;12;12;12;23595689;220926131936724;185130833;;;;08/11/2031 00:00:00;5;14078401;22/09/2026 13:19:36;Maximiliano;Nievas;;;;;;Maximiliano Nievas;
14397993;22/09/2026 13:31:14;3;2;0001  215607-1;05;CAMIONETA EXP 1;2091837;"CO22    ";"COPMACO LTDA.                                     ";AV. LOS SAUCES 1705;951523;"20-134         ";20-134 - MONOCOMANDO COCINA BETIS;12;12;12;23595716;220926132012066;185010485;;;;08/11/2031 00:00:00;5;14078417;22/09/2026 13:20:12;Maximiliano;Nievas;;;;;;Maximiliano Nievas;
14397993;22/09/2026 13:31:14;3;2;0001  215607-1;05;CAMIONETA EXP 1;2091837;"CO22    ";"COPMACO LTDA.                                     ";AV. LOS SAUCES 1705;951533;"20-150         ";20-150 - MONOCOMANDO MESADA COCINA TOLEDO;6;6;6;23596188;220926132907992;185013035;;;;07/27/2031 00:00:00;6;14078658;22/09/2026 13:29:08;Maximiliano;Nievas;;;;;;Maximiliano Nievas;
14397993;22/09/2026 13:31:14;3;2;0001  215607-1;05;CAMIONETA EXP 1;2091837;"CO22    ";"COPMACO LTDA.                                     ";AV. LOS SAUCES 1705;952712;"61-176         ";61-176 - LAVATORIO MONOC ALTO CR RIO;12;12;12;23596248;220926133023963;185134446;;;;10/11/2031 00:00:00;6;14078692;22/09/2026 13:30:23;Maximiliano;Nievas;;;;;;Maximiliano Nievas;
14397993;22/09/2026 13:31:14;3;2;0001  215607-1;05;CAMIONETA EXP 1;2091837;"CO22    ";"COPMACO LTDA.                                     ";AV. LOS SAUCES 1705;952712;"61-176         ";61-176 - LAVATORIO MONOC ALTO CR RIO;12;12;12;23596268;220926133053946;185012340;;;;10/11/2031 00:00:00;6;14078703;22/09/2026 13:30:53;Maximiliano;Nievas;;;;;;Maximiliano Nievas;
14397997;22/09/2026 14:20:12;3;2;0001  215615-1;05;CAMIONETA EXP 1;2091837;"CO22    ";"COPMACO LTDA.                                     ";AV. MITRE 2645;952677;"60-203         ";60-203 - LAVATORIO MONOCOMANDO BAJO ADRA;2;2;2;23582031;220926142011085;185035944;;;;03/02/2032 00:00:00;2;14080252;22/09/2026 14:20:11;Maximiliano;Nievas;24851686;22/09/2026 08:54:56;7636;Kevin;Arce;Maximiliano Nievas;Kevin Arce
14398001;22/09/2026 14:00:43;3;2;0001  215626-1;05;CAMIONETA EXP 1;2091837;"CO22    ";"COPMACO LTDA.                                     ";AV. CIRCUNVALACION 4660;952921;"70-175DG       ";70-175DG - BIDE PULSE DARK GOLD C.CERAM;3;3;3;23579876;220926140042844;185023995;;;;07/31/2031 00:00:00;3;14079553;22/09/2026 14:00:42;Maximiliano;Nievas;24849806;22/09/2026 09:13:08;7827;Javier;Machado;Maximiliano Nievas;Javier Machado
14398001;22/09/2026 14:00:43;3;2;0001  215626-1;05;CAMIONETA EXP 1;2091837;"CO22    ";"COPMACO LTDA.                                     ";AV. CIRCUNVALACION 4660;952765;"62-175DG       ";62-175DG - LAVATORIO DE PARED PULSE DARK GOLD C.CERAM;2;2;2;23579876;220926140042844;185023169;;;;07/31/2031 00:00:00;2;14079553;22/09/2026 14:00:42;Maximiliano;Nievas;24849806;22/09/2026 09:13:08;7827;Javier;Machado;Maximiliano Nievas;Javier Machado
14398001;22/09/2026 14:00:43;3;2;0001  215626-1;05;CAMIONETA EXP 1;2091837;"CO22    ";"COPMACO LTDA.                                     ";AV. CIRCUNVALACION 4660;952643;"60-175DG       ";60-175DG - LAVATORIO PULSE DARK GOLD C.CERAM;3;3;3;23579876;220926140042844;185024304;;;;07/31/2031 00:00:00;3;14079553;22/09/2026 14:00:42;Maximiliano;Nievas;24849806;22/09/2026 09:13:08;7827;Javier;Machado;Maximiliano Nievas;Javier Machado
14398001;22/09/2026 14:00:43;3;2;0001  215626-1;05;CAMIONETA EXP 1;2091837;"CO22    ";"COPMACO LTDA.                                     ";AV. CIRCUNVALACION 4660;952467;"52-121         ";52-121 - GRIFERIA REBATIBLE P/LLENADO DE OLLAS MARBELLA;1;1;1;23582367;220926135858342;185038852;;;;07/29/2031 00:00:00;1;14079448;22/09/2026 13:58:58;Maximiliano;Nievas;24851987;22/09/2026 09:05:09;7636;Kevin;Arce;Maximiliano Nievas;Kevin Arce
14398001;22/09/2026 14:00:43;3;2;0001  215626-1;05;CAMIONETA EXP 1;2091837;"CO22    ";"COPMACO LTDA.                                     ";AV. CIRCUNVALACION 4660;951424;"20040DG        ";20040DG - PORTA ROLLO DARK GOLD LINEA PULSE;1;1;1;23582367;220926135858342;185038394;;;;07/29/2031 00:00:00;1;14079448;22/09/2026 13:58:58;Maximiliano;Nievas;24851987;22/09/2026 09:05:09;7636;Kevin;Arce;Maximiliano Nievas;Kevin Arce
14398001;22/09/2026 14:00:43;3;2;0001  215626-1;05;CAMIONETA EXP 1;2091837;"CO22    ";"COPMACO LTDA.                                     ";AV. CIRCUNVALACION 4660;951410;"20030DG        ";20030DG - PERCHA DARK GOLD LINEA PULSE;2;2;2;23582367;220926135858342;185038548;;;;07/31/2031 00:00:00;2;14079448;22/09/2026 13:58:58;Maximiliano;Nievas;24851987;22/09/2026 09:05:09;7636;Kevin;Arce;Maximiliano Nievas;Kevin Arce
14398001;22/09/2026 14:00:43;3;2;0001  215626-1;05;CAMIONETA EXP 1;2091837;"CO22    ";"COPMACO LTDA.                                     ";AV. CIRCUNVALACION 4660;951382;"20010DG        ";20010DG - TOALLERO BARRAL DARK GOLD LINEA PULSE;1;1;1;23582367;220926135858342;185038207;;;;07/27/2031 00:00:00;1;14079448;22/09/2026 13:58:58;Maximiliano;Nievas;24851987;22/09/2026 09:05:09;7636;Kevin;Arce;Maximiliano Nievas;Kevin Arce
14398001;22/09/2026 14:00:43;3;2;0001  215626-1;05;CAMIONETA EXP 1;2091837;"CO22    ";"COPMACO LTDA.                                     ";AV. CIRCUNVALACION 4660;952661;"60-193         ";60-193 - LAVATORIO MONOCOMANDO BAJO MORA;5;5;5;23597597;220926135753076;185039544;;;;07/28/2031 00:00:00;5;14079516;22/09/2026 13:57:53;Maximiliano;Nievas;;;;;;Maximiliano Nievas;
14398001;22/09/2026 14:00:43;3;2;0001  215626-1;05;CAMIONETA EXP 1;2091837;"CO22    ";"COPMACO LTDA.                                     ";AV. CIRCUNVALACION 4660;953118;"80-175DG       ";80-175DG - DUCHA EMB C/TRANSF. PULSE DARK GOLD C.CERAM;2;2;2;23597702;220926140005668;185023476;;;;10/19/2031 00:00:00;2;14079574;22/09/2026 14:00:05;Maximiliano;Nievas;;;;;;Maximiliano Nievas;
14398004;22/09/2026 13:52:37;3;2;0001  215627-1;05;CAMIONETA EXP 1;2091837;"CO22    ";"COPMACO LTDA.                                     ";AV. LOS SAUCES 1705;951600;"209            ";209 - LAVATORIO CROMO LAZA;12;12;12;23579877;220926135237526;185021509;;;;02/01/2032 00:00:00;12;14079340;22/09/2026 13:52:37;Maximiliano;Nievas;24849806;22/09/2026 09:13:08;7827;Javier;Machado;Maximiliano Nievas;Javier Machado
14398006;22/09/2026 13:41:03;3;2;0001  215678-1;05;CAMIONETA EXP 1;2092674;"GF09    ";"GILLI FAUDIN LUIS V. -GILCOMAT                    ";9 DE JULIO 3537;952467;"52-121         ";52-121 - GRIFERIA REBATIBLE P/LLENADO DE OLLAS MARBELLA;1;1;1;23567971;220926134103101;184939199;;;;07/29/2031 00:00:00;1;14078982;22/09/2026 13:41:03;Maximiliano;Nievas;24839261;21/09/2026 16:13:36;7807;Nicolas;Perez;Maximiliano Nievas;Nicolas Perez
14398009;22/09/2026 14:55:21;3;2;0001  215719-1;05;CAMIONETA EXP 1;2094131;"RF06    ";"ROMANO FABIAN ANDRES -COMAR DESIGN                ";BROWN 1565;951294;"17010G         ";17010G - TOALLERO BARRAL LINEA FABRIC GOLD;1;1;1;23567972;220926145519893;184938249;;;;07/27/2031 00:00:00;1;14081473;22/09/2026 14:55:19;Maximiliano;Nievas;24839261;21/09/2026 16:13:36;7807;Nicolas;Perez;Maximiliano Nievas;Nicolas Perez
14398009;22/09/2026 14:55:21;3;2;0001  215719-1;05;CAMIONETA EXP 1;2094131;"RF06    ";"ROMANO FABIAN ANDRES -COMAR DESIGN                ";BROWN 1565;951300;"17030G         ";17030G - PERCHA LINEA FABRIC GOLD;1;1;1;23567972;220926145519893;184935603;;;;07/29/2031 00:00:00;1;14081473;22/09/2026 14:55:19;Maximiliano;Nievas;24839261;21/09/2026 16:13:36;7807;Nicolas;Perez;Maximiliano Nievas;Nicolas Perez
14398009;22/09/2026 14:55:21;3;2;0001  215719-1;05;CAMIONETA EXP 1;2094131;"RF06    ";"ROMANO FABIAN ANDRES -COMAR DESIGN                ";BROWN 1565;951303;"17040G         ";17040G - PORTA ROLLO LINEA FABRIC GOLD;1;1;1;23567972;220926145519893;184937231;;;;07/28/2031 00:00:00;1;14081473;22/09/2026 14:55:19;Maximiliano;Nievas;24839261;21/09/2026 16:13:36;7807;Nicolas;Perez;Maximiliano Nievas;Nicolas Perez
14398012;22/09/2026 13:52:11;3;2;0001  215430-1;05;CAMIONETA EXP 1;2092934;"IC01    ";"IMPORTADORA COMERCIAL FUEGUINA                    ";KUANIP 567;951146;"1320           ";"QUEINOX MACHO MOVIL MH 1/2"" x 20                                      ";100;100;100;23567973;220926135210404;184945789;;;;11/19/2031 00:00:00;100;14079246;22/09/2026 13:52:10;Gustavo;Soderquvist;24839261;21/09/2026 16:13:36;7807;Nicolas;Perez;Gustavo Soderquvist;Nicolas Perez
14398012;22/09/2026 13:52:11;3;2;0001  215430-1;05;CAMIONETA EXP 1;2092934;"IC01    ";"IMPORTADORA COMERCIAL FUEGUINA                    ";KUANIP 567;951156;"1330           ";"QUEINOX MACHO MOVIL MH 1/2"" x 30                                      ";100;100;100;23567973;220926135210404;184945412;;;;02/16/2032 00:00:00;100;14079246;22/09/2026 13:52:10;Gustavo;Soderquvist;24839261;21/09/2026 16:13:36;7807;Nicolas;Perez;Gustavo Soderquvist;Nicolas Perez
14398012;22/09/2026 13:52:11;3;2;0001  215430-1;05;CAMIONETA EXP 1;2092934;"IC01    ";"IMPORTADORA COMERCIAL FUEGUINA                    ";KUANIP 567;951168;"1340           ";"QUEINOX MACHO MOVIL MH 1/2"" x 40                                      ";60;60;60;23567973;220926135210404;184940843;;;;03/03/2032 00:00:00;60;14079246;22/09/2026 13:52:10;Gustavo;Soderquvist;24839261;21/09/2026 16:13:36;7807;Nicolas;Perez;Gustavo Soderquvist;Nicolas Perez
14398014;22/09/2026 14:04:18;3;2;0001  215429-1;05;CAMIONETA EXP 1;2092934;"IC01    ";"IMPORTADORA COMERCIAL FUEGUINA                    ";AV. DE LOS SHELKMAN 147;951156;"1330           ";"QUEINOX MACHO MOVIL MH 1/2"" x 30                                      ";100;100;100;23567974;220926140418685;184949894;;;;03/03/2032 00:00:00;100;14079426;22/09/2026 14:04:18;Gustavo;Soderquvist;24839261;21/09/2026 16:13:36;7807;Nicolas;Perez;Gustavo Soderquvist;Nicolas Perez
14398014;22/09/2026 14:04:18;3;2;0001  215429-1;05;CAMIONETA EXP 1;2092934;"IC01    ";"IMPORTADORA COMERCIAL FUEGUINA                    ";AV. DE LOS SHELKMAN 147;951162;"1335           ";"QUEINOX MACHO MOVIL MH 1/2"" x 35                                      ";40;40;40;23567974;220926140418685;184944770;;;;03/03/2032 00:00:00;40;14079426;22/09/2026 14:04:18;Gustavo;Soderquvist;24839261;21/09/2026 16:13:36;7807;Nicolas;Perez;Gustavo Soderquvist;Nicolas Perez
14398014;22/09/2026 14:04:18;3;2;0001  215429-1;05;CAMIONETA EXP 1;2092934;"IC01    ";"IMPORTADORA COMERCIAL FUEGUINA                    ";AV. DE LOS SHELKMAN 147;951177;"1350           ";"QUEINOX MACHO MOVIL MH 1/2"" x 50                                      ";50;50;50;23567974;220926140418685;184942078;;;;07/27/2031 00:00:00;50;14079426;22/09/2026 14:04:18;Gustavo;Soderquvist;24839261;21/09/2026 16:13:36;7807;Nicolas;Perez;Gustavo Soderquvist;Nicolas Perez
14398014;22/09/2026 14:04:18;3;2;0001  215429-1;05;CAMIONETA EXP 1;2092934;"IC01    ";"IMPORTADORA COMERCIAL FUEGUINA                    ";AV. DE LOS SHELKMAN 147;951189;"1360           ";"QUEINOX MH 1/2"" x 60                                                  ";50;50;50;23567974;220926140418685;184949035;;;;07/31/2031 00:00:00;50;14079426;22/09/2026 14:04:18;Gustavo;Soderquvist;24839261;21/09/2026 16:13:36;7807;Nicolas;Perez;Gustavo Soderquvist;Nicolas Perez
14398018;22/09/2026 11:42:20;3;2;0001  215432-1;05;CAMIONETA EXP 1;2092934;"IC01    ";"IMPORTADORA COMERCIAL FUEGUINA                    ";ORTIZ 1301;951153;"1325           ";"QUEINOX MACHO MOVIL MH 1/2"" x 25                                      ";50;50;50;23578554;220926114217233;185013006;;;;02/21/2032 00:00:00;50;14075529;22/09/2026 11:42:17;Gustavo;Soderquvist;24848526;22/09/2026 08:10:21;7839;Claudio;Juarez;Gustavo Soderquvist;Claudio Juarez
14398018;22/09/2026 11:42:20;3;2;0001  215432-1;05;CAMIONETA EXP 1;2092934;"IC01    ";"IMPORTADORA COMERCIAL FUEGUINA                    ";ORTIZ 1301;951156;"1330           ";"QUEINOX MACHO MOVIL MH 1/2"" x 30                                      ";100;100;100;23578554;220926114217233;185013522;;;;03/03/2032 00:00:00;100;14075529;22/09/2026 11:42:17;Gustavo;Soderquvist;24848526;22/09/2026 08:10:21;7839;Claudio;Juarez;Gustavo Soderquvist;Claudio Juarez
14398018;22/09/2026 11:42:20;3;2;0001  215432-1;05;CAMIONETA EXP 1;2092934;"IC01    ";"IMPORTADORA COMERCIAL FUEGUINA                    ";ORTIZ 1301;951162;"1335           ";"QUEINOX MACHO MOVIL MH 1/2"" x 35                                      ";120;120;120;23578554;220926114217233;185013463;;;;03/03/2032 00:00:00;100;14075529;22/09/2026 11:42:17;Gustavo;Soderquvist;24848526;22/09/2026 08:10:21;7839;Claudio;Juarez;Gustavo Soderquvist;Claudio Juarez
14398018;22/09/2026 11:42:20;3;2;0001  215432-1;05;CAMIONETA EXP 1;2092934;"IC01    ";"IMPORTADORA COMERCIAL FUEGUINA                    ";ORTIZ 1301;951168;"1340           ";"QUEINOX MACHO MOVIL MH 1/2"" x 40                                      ";51;51;51;23578554;220926114217233;185014014;;;;03/03/2032 00:00:00;40;14075529;22/09/2026 11:42:17;Gustavo;Soderquvist;24848526;22/09/2026 08:10:21;7839;Claudio;Juarez;Gustavo Soderquvist;Claudio Juarez
14398018;22/09/2026 11:42:20;3;2;0001  215432-1;05;CAMIONETA EXP 1;2092934;"IC01    ";"IMPORTADORA COMERCIAL FUEGUINA                    ";ORTIZ 1301;951168;"1340           ";"QUEINOX MACHO MOVIL MH 1/2"" x 40                                      ";51;51;51;23591127;220926114135409;185098344;;;;03/03/2032 00:00:00;11;14075752;22/09/2026 11:41:35;Gustavo;Soderquvist;;;;;;Gustavo Soderquvist;
14398018;22/09/2026 11:42:20;3;2;0001  215432-1;05;CAMIONETA EXP 1;2092934;"IC01    ";"IMPORTADORA COMERCIAL FUEGUINA                    ";ORTIZ 1301;951162;"1335           ";"QUEINOX MACHO MOVIL MH 1/2"" x 35                                      ";120;120;120;23591127;220926114135409;185098343;;;;03/03/2032 00:00:00;20;14075752;22/09/2026 11:41:35;Gustavo;Soderquvist;;;;;;Gustavo Soderquvist;
14398020;22/09/2026 14:34:51;3;2;0001  215854-1;05;CAMIONETA EXP 1;2092884;"HI10    ";"HIPERCAÑO S.A.S.                                  ";BV. COLON 155;952912;"70-162         ";70-162 - BIDE CR C.CERAM LINEA ADRA;1;1;1;23579878;220926143451239;185039425;;;;07/29/2031 00:00:00;1;14080638;22/09/2026 14:34:51;Maximiliano;Nievas;24849806;22/09/2026 09:13:08;7827;Javier;Machado;Maximiliano Nievas;Javier Machado
14398020;22/09/2026 14:34:51;3;2;0001  215854-1;05;CAMIONETA EXP 1;2092884;"HI10    ";"HIPERCAÑO S.A.S.                                  ";BV. COLON 155;952860;"70-057         ";70-057 - BIDE C.STD VERIN PLUS;6;6;6;23579878;220926143451239;185040920;;;;01/31/2032 00:00:00;3;14080638;22/09/2026 14:34:51;Maximiliano;Nievas;24849806;22/09/2026 09:13:08;7827;Javier;Machado;Maximiliano Nievas;Javier Machado
14398020;22/09/2026 14:34:51;3;2;0001  215854-1;05;CAMIONETA EXP 1;2092884;"HI10    ";"HIPERCAÑO S.A.S.                                  ";BV. COLON 155;952634;"60-162         ";60-162 - LAVATORIO CR C.CERAM LINEA ADRA;3;3;3;23579878;220926143451239;185038269;;;;07/29/2031 00:00:00;1;14080638;22/09/2026 14:34:51;Maximiliano;Nievas;24849806;22/09/2026 09:13:08;7827;Javier;Machado;Maximiliano Nievas;Javier Machado
14398020;22/09/2026 14:34:51;3;2;0001  215854-1;05;CAMIONETA EXP 1;2092884;"HI10    ";"HIPERCAÑO S.A.S.                                  ";BV. COLON 155;953109;"80-166         ";"DUCHA EMB. C/TRANSF. CR C.CERAM ADRA PLUS                             ";3;3;3;23599482;220926143347057;185038773;;;;01/19/2032 00:00:00;3;14080706;22/09/2026 14:33:47;Maximiliano;Nievas;;;;;;Maximiliano Nievas;
14398020;22/09/2026 14:34:51;3;2;0001  215854-1;05;CAMIONETA EXP 1;2092884;"HI10    ";"HIPERCAÑO S.A.S.                                  ";BV. COLON 155;952582;"60-057         ";60-057 - LAVATORIO C.STD VERIN PLUS;4;4;4;23599482;220926143347057;185041289;;;;01/31/2032 00:00:00;4;14080706;22/09/2026 14:33:47;Maximiliano;Nievas;;;;;;Maximiliano Nievas;
14398020;22/09/2026 14:34:51;3;2;0001  215854-1;05;CAMIONETA EXP 1;2092884;"HI10    ";"HIPERCAÑO S.A.S.                                  ";BV. COLON 155;952634;"60-162         ";60-162 - LAVATORIO CR C.CERAM LINEA ADRA;3;3;3;23599516;220926143418949;185161627;;;;07/29/2031 00:00:00;2;14080720;22/09/2026 14:34:18;Maximiliano;Nievas;;;;;;Maximiliano Nievas;
14398020;22/09/2026 14:34:51;3;2;0001  215854-1;05;CAMIONETA EXP 1;2092884;"HI10    ";"HIPERCAÑO S.A.S.                                  ";BV. COLON 155;953059;"80-057         ";80-057 - DUCHA EMB. C/TRANSF. C.STD VERIN PLUS;5;5;5;23599516;220926143418949;185040468;;;;02/08/2032 00:00:00;5;14080720;22/09/2026 14:34:18;Maximiliano;Nievas;;;;;;Maximiliano Nievas;
14398020;22/09/2026 14:34:51;3;2;0001  215854-1;05;CAMIONETA EXP 1;2092884;"HI10    ";"HIPERCAÑO S.A.S.                                  ";BV. COLON 155;952860;"70-057         ";70-057 - BIDE C.STD VERIN PLUS;6;6;6;23599516;220926143418949;185161628;;;;01/31/2032 00:00:00;3;14080720;22/09/2026 14:34:18;Maximiliano;Nievas;;;;;;Maximiliano Nievas;
14398021;22/09/2026 14:30:12;3;2;0001  215881-1;05;CAMIONETA EXP 1;2092884;"HI10    ";"HIPERCAÑO S.A.S.                                  ";BV. COLON 155;954382;"A1540          ";"CUERPO VALVULA DE DESAGOTE P/INODORO TECNO 02-010/011                 ";3;3;3;23579879;220926143010902;185022404;;;;07/28/2031 00:00:00;3;14080593;22/09/2026 14:30:10;Maximiliano;Nievas;24849806;22/09/2026 09:13:08;7827;Javier;Machado;Maximiliano Nievas;Javier Machado
14398022;22/09/2026 11:30:00;3;2;0001  215508-1;05;CAMIONETA EXP 1;2094851;"TR22    ";"TRITONIC S.A.S.                                   ";ESPAÑA 361;957491;"RA1101-1N      ";RA1101-1N - FLEXIBLE BLACK MONOC COCINA CUINA M15 x 55cm;1;1;1;23582217;220926112959622;185036999;;;;12/23/2031 00:00:00;1;14075292;22/09/2026 11:29:59;Gustavo;Soderquvist;24851886;22/09/2026 08:57:12;7636;Kevin;Arce;Gustavo Soderquvist;Kevin Arce
14398022;22/09/2026 11:30:00;3;2;0001  215508-1;05;CAMIONETA EXP 1;2094851;"TR22    ";"TRITONIC S.A.S.                                   ";ESPAÑA 361;957492;"RA1101N        ";RA1101N - FLEXIBLE BLACK MONOC CUINA M16 x 60cm;1;1;1;23582217;220926112959622;185037168;;;;02/11/2032 00:00:00;1;14075292;22/09/2026 11:29:59;Gustavo;Soderquvist;24851886;22/09/2026 08:57:12;7636;Kevin;Arce;Gustavo Soderquvist;Kevin Arce
14398023;22/09/2026 14:29:17;3;2;0001  215524-1;05;CAMIONETA EXP 1;2094851;"TR22    ";"TRITONIC S.A.S.                                   ";ESPAÑA 361;951533;"20-150         ";20-150 - MONOCOMANDO MESADA COCINA TOLEDO;2;2;2;23567975;220926142917604;184946887;;;;07/27/2031 00:00:00;2;14080310;22/09/2026 14:29:17;Maximiliano;Nievas;24839261;21/09/2026 16:13:36;7807;Nicolas;Perez;Maximiliano Nievas;Nicolas Perez
14398026;19/09/2026 10:41:23;2;2;0001  215960-1;05;CAMIONETA EXP 1;2093088;"KG04    ";"KATSUDA GUSTAVO ALEJANDRO                         ";AV. LA RIOJA 1166;951532;"20-147         ";20-147 - MONOCOMANDO DE COCINA SWIFT;10;10;0;23577259;220926040635076;185006960;;;;08/04/2031 00:00:00;10;14077637;22/09/2026 13:06:35;Mirko;Hernandez;24847538;22/09/2026 06:53:44;7827;Javier;Machado;Mirko Hernandez;Javier Machado
14398026;19/09/2026 10:41:23;2;2;0001  215960-1;05;CAMIONETA EXP 1;2093088;"KG04    ";"KATSUDA GUSTAVO ALEJANDRO                         ";AV. LA RIOJA 1166;953283;"83-010         ";83-010 - DUCHA EXT. C/TRANSF. BL/CR LORCA;3;3;0;23578943;220926033954292;185015638;;;;01/24/2032 00:00:00;3;14077229;22/09/2026 12:39:54;Mirko;Hernandez;24848891;22/09/2026 07:59:39;7827;Javier;Machado;Mirko Hernandez;Javier Machado
14398026;19/09/2026 10:41:23;2;2;0001  215960-1;05;CAMIONETA EXP 1;2093088;"KG04    ";"KATSUDA GUSTAVO ALEJANDRO                         ";AV. LA RIOJA 1166;954915;"BCH13          ";BCH13 - BACHA DE APOYAR BLANCA RECTANGULAR 465x260x125;2;2;0;23580331;CARRO95;185023984;;;;07/27/2031 00:00:00;2;;;;;24850234;22/09/2026 08:17:50;7839;Claudio;Juarez;;Claudio Juarez
14398026;19/09/2026 10:41:23;2;2;0001  215960-1;05;CAMIONETA EXP 1;2093088;"KG04    ";"KATSUDA GUSTAVO ALEJANDRO                         ";AV. LA RIOJA 1166;954921;"BCH18          ";BCH18 - BACHA DE APOYAR SIMIL MARMOL 460x320x140;8;8;0;23580331;CARRO95;185023463;;;;10/04/2031 00:00:00;8;;;;;24850234;22/09/2026 08:17:50;7839;Claudio;Juarez;;Claudio Juarez
14398026;19/09/2026 10:41:23;2;2;0001  215960-1;05;CAMIONETA EXP 1;2093088;"KG04    ";"KATSUDA GUSTAVO ALEJANDRO                         ";AV. LA RIOJA 1166;952456;"51-190         ";51-190 - MESADA BIMANDO C.CERAM BLACK VELVET;1;1;0;23593600;220926033306217;185016869;;;;01/31/2032 00:00:00;1;14077236;22/09/2026 12:33:06;Mirko;Hernandez;;;;;;Mirko Hernandez;
14398026;19/09/2026 10:41:23;2;2;0001  215960-1;05;CAMIONETA EXP 1;2093088;"KG04    ";"KATSUDA GUSTAVO ALEJANDRO                         ";AV. LA RIOJA 1166;953091;"80-138         ";80-138 - DUCHA EMB. C/TRANSF. CR C.CERAM VALENCIA PLUS;3;3;0;23593632;220926033351242;185019141;;;;01/14/2032 00:00:00;3;14077254;22/09/2026 12:33:51;Mirko;Hernandez;;;;;;Mirko Hernandez;
14398026;19/09/2026 10:41:23;2;2;0001  215960-1;05;CAMIONETA EXP 1;2093088;"KG04    ";"KATSUDA GUSTAVO ALEJANDRO                         ";AV. LA RIOJA 1166;952860;"70-057         ";70-057 - BIDE C.STD VERIN PLUS;6;6;0;23593702;220926033517075;185117422;;;;01/31/2032 00:00:00;2;14077295;22/09/2026 12:35:17;Mirko;Hernandez;;;;;;Mirko Hernandez;
14398026;19/09/2026 10:41:23;2;2;0001  215960-1;05;CAMIONETA EXP 1;2093088;"KG04    ";"KATSUDA GUSTAVO ALEJANDRO                         ";AV. LA RIOJA 1166;952582;"60-057         ";60-057 - LAVATORIO C.STD VERIN PLUS;8;8;0;23593702;220926033517075;185018584;;;;01/31/2032 00:00:00;8;14077295;22/09/2026 12:35:17;Mirko;Hernandez;;;;;;Mirko Hernandez;
14398026;19/09/2026 10:41:23;2;2;0001  215960-1;05;CAMIONETA EXP 1;2093088;"KG04    ";"KATSUDA GUSTAVO ALEJANDRO                         ";AV. LA RIOJA 1166;951568;"203            ";"203 - LAVATORIO CROMO ""DIQUE""";1;1;0;23593761;220926033646487;185017403;;;;01/11/2032 00:00:00;1;14077339;22/09/2026 12:36:46;Mirko;Hernandez;;;;;;Mirko Hernandez;
14398026;19/09/2026 10:41:23;2;2;0001  215960-1;05;CAMIONETA EXP 1;2093088;"KG04    ";"KATSUDA GUSTAVO ALEJANDRO                         ";AV. LA RIOJA 1166;952860;"70-057         ";70-057 - BIDE C.STD VERIN PLUS;6;6;0;23593761;220926033646487;185018866;;;;01/31/2032 00:00:00;4;14077339;22/09/2026 12:36:46;Mirko;Hernandez;;;;;;Mirko Hernandez;
14398026;19/09/2026 10:41:23;2;2;0001  215960-1;05;CAMIONETA EXP 1;2093088;"KG04    ";"KATSUDA GUSTAVO ALEJANDRO                         ";AV. LA RIOJA 1166;952888;"70-122         ";70-122 - BIDE C.CERAM CR VALENCIA;3;3;0;23593761;220926033646487;185017011;;;;10/26/2031 00:00:00;3;14077339;22/09/2026 12:36:46;Mirko;Hernandez;;;;;;Mirko Hernandez;
14398026;19/09/2026 10:41:23;2;2;0001  215960-1;05;CAMIONETA EXP 1;2093088;"KG04    ";"KATSUDA GUSTAVO ALEJANDRO                         ";AV. LA RIOJA 1166;952912;"70-162         ";70-162 - BIDE CR C.CERAM LINEA ADRA;2;2;0;23593761;220926033646487;185017844;;;;07/29/2031 00:00:00;2;14077339;22/09/2026 12:36:46;Mirko;Hernandez;;;;;;Mirko Hernandez;
14398026;19/09/2026 10:41:23;2;2;0001  215960-1;05;CAMIONETA EXP 1;2093088;"KG04    ";"KATSUDA GUSTAVO ALEJANDRO                         ";AV. LA RIOJA 1166;953324;"835            ";835 - JGO.MDA. P.FUNDIDO CR MURCIA;1;1;0;23593818;220926033742159;185017271;;;;07/29/2031 00:00:00;1;14077363;22/09/2026 12:37:42;Mirko;Hernandez;;;;;;Mirko Hernandez;
14398026;19/09/2026 10:41:23;2;2;0001  215960-1;05;CAMIONETA EXP 1;2093088;"KG04    ";"KATSUDA GUSTAVO ALEJANDRO                         ";AV. LA RIOJA 1166;952551;"60-010         ";60-010 - LAVATORIO BL/CR LORCA;6;6;0;23593818;220926033742159;185018052;;;;01/14/2032 00:00:00;6;14077363;22/09/2026 12:37:42;Mirko;Hernandez;;;;;;Mirko Hernandez;
14398026;19/09/2026 10:41:23;2;2;0001  215960-1;05;CAMIONETA EXP 1;2093088;"KG04    ";"KATSUDA GUSTAVO ALEJANDRO                         ";AV. LA RIOJA 1166;952437;"51-057         ";51-057 - COCINA MESADA CR C.STD VERIN PLUS;2;2;0;23593818;220926033742159;185016062;;;;01/27/2032 00:00:00;2;14077363;22/09/2026 12:37:42;Mirko;Hernandez;;;;;;Mirko Hernandez;
14398026;19/09/2026 10:41:23;2;2;0001  215960-1;05;CAMIONETA EXP 1;2093088;"KG04    ";"KATSUDA GUSTAVO ALEJANDRO                         ";AV. LA RIOJA 1166;951628;"215            ";"215 - LAVATORIO CROMO ""MURCIA""";1;1;0;23593818;220926033742159;185017179;;;;07/31/2031 00:00:00;1;14077363;22/09/2026 12:37:42;Mirko;Hernandez;;;;;;Mirko Hernandez;
14398026;19/09/2026 10:41:23;2;2;0001  215960-1;05;CAMIONETA EXP 1;2093088;"KG04    ";"KATSUDA GUSTAVO ALEJANDRO                         ";AV. LA RIOJA 1166;952292;"434/CR         ";434/CR - DUCHA EMB.C/TRANSF CR ARES;1;1;0;23593883;220926033941408;185016708;;;;01/12/2032 00:00:00;1;14077420;22/09/2026 12:39:41;Mirko;Hernandez;;;;;;Mirko Hernandez;
14398026;19/09/2026 10:41:23;2;2;0001  215960-1;05;CAMIONETA EXP 1;2093088;"KG04    ";"KATSUDA GUSTAVO ALEJANDRO                         ";AV. LA RIOJA 1166;952608;"60-121         ";60-121 - LAVATORIO C.CERAM CR MARBELLA;1;1;0;23593883;220926033941408;185016264;;;;01/25/2032 00:00:00;1;14077420;22/09/2026 12:39:41;Mirko;Hernandez;;;;;;Mirko Hernandez;
14398026;19/09/2026 10:41:23;2;2;0001  215960-1;05;CAMIONETA EXP 1;2093088;"KG04    ";"KATSUDA GUSTAVO ALEJANDRO                         ";AV. LA RIOJA 1166;952634;"60-162         ";60-162 - LAVATORIO CR C.CERAM LINEA ADRA;3;3;0;23593883;220926033941408;185017701;;;;07/29/2031 00:00:00;3;14077420;22/09/2026 12:39:41;Mirko;Hernandez;;;;;;Mirko Hernandez;
14398026;19/09/2026 10:41:23;2;2;0001  215960-1;05;CAMIONETA EXP 1;2093088;"KG04    ";"KATSUDA GUSTAVO ALEJANDRO                         ";AV. LA RIOJA 1166;952831;"70-010         ";70-010 - BIDE BL/CR LORCA;1;1;0;23593883;220926033941408;185018084;;;;12/08/2031 00:00:00;1;14077420;22/09/2026 12:39:41;Mirko;Hernandez;;;;;;Mirko Hernandez;
14398026;19/09/2026 10:41:23;2;2;0001  215960-1;05;CAMIONETA EXP 1;2093088;"KG04    ";"KATSUDA GUSTAVO ALEJANDRO                         ";AV. LA RIOJA 1166;953082;"80-121         ";80-121 - DUCHA EMB. C/TRANSF. CR C.C. MARBELLA;4;4;0;23593883;220926033941408;185016516;;;;08/04/2031 00:00:00;4;14077420;22/09/2026 12:39:41;Mirko;Hernandez;;;;;;Mirko Hernandez;
14398026;19/09/2026 10:41:23;2;2;0001  215960-1;05;CAMIONETA EXP 1;2093088;"KG04    ";"KATSUDA GUSTAVO ALEJANDRO                         ";AV. LA RIOJA 1166;951545;"20-172         ";20-172 - COCINA MESADA MONOC. COLORS NEGRO;6;6;0;23594367;220926035005510;185008417;;;;07/28/2031 00:00:00;6;14077662;22/09/2026 12:50:05;Mirko;Hernandez;;;;;;Mirko Hernandez;
14398026;19/09/2026 10:41:23;2;2;0001  215960-1;05;CAMIONETA EXP 1;2093088;"KG04    ";"KATSUDA GUSTAVO ALEJANDRO                         ";AV. LA RIOJA 1166;951551;"20-182N        ";20-182N - MONOCOMANDO DE COCINA MULTIFUNCION BLACK ZENITH;2;2;0;23594459;220926035248368;185007985;;;;07/30/2031 00:00:00;2;14077729;22/09/2026 12:52:48;Mirko;Hernandez;;;;;;Mirko Hernandez;
14398026;19/09/2026 10:41:23;2;2;0001  215960-1;05;CAMIONETA EXP 1;2093088;"KG04    ";"KATSUDA GUSTAVO ALEJANDRO                         ";AV. LA RIOJA 1166;951606;"21100          ";21100 - ESTANTE ORGANIZADOR RECTANGULAR 25x12x7;4;4;0;23594459;220926035248368;185008206;;;;07/29/2031 00:00:00;4;14077729;22/09/2026 12:52:48;Mirko;Hernandez;;;;;;Mirko Hernandez;
14398026;19/09/2026 10:41:23;2;2;0001  215960-1;05;CAMIONETA EXP 1;2093088;"KG04    ";"KATSUDA GUSTAVO ALEJANDRO                         ";AV. LA RIOJA 1166;953161;"80-205         ";80-205 - DUCHA EMB. C/TRANSF. MONOC STEEL;3;3;0;23594499;220926035334962;185007760;;;;08/11/2031 00:00:00;3;14077745;22/09/2026 12:53:34;Mirko;Hernandez;;;;;;Mirko Hernandez;
14398026;19/09/2026 10:41:23;2;2;0001  215960-1;05;CAMIONETA EXP 1;2093088;"KG04    ";"KATSUDA GUSTAVO ALEJANDRO                         ";AV. LA RIOJA 1166;951565;"20-205         ";20-205 - MONOCOMANDO DE COCINA STEEL;5;5;0;23594542;220926035441276;185007644;;;;07/28/2031 00:00:00;5;14077770;22/09/2026 12:54:41;Mirko;Hernandez;;;;;;Mirko Hernandez;
14398026;19/09/2026 10:41:23;2;2;0001  215960-1;05;CAMIONETA EXP 1;2093088;"KG04    ";"KATSUDA GUSTAVO ALEJANDRO                         ";AV. LA RIOJA 1166;952679;"60-205         ";60-205 - LAVATORIO MONOC BAJO STEEL;2;2;0;23594569;220926035525904;185008086;;;;07/28/2031 00:00:00;2;14077784;22/09/2026 12:55:25;Mirko;Hernandez;;;;;;Mirko Hernandez;
14398026;19/09/2026 10:41:23;2;2;0001  215960-1;05;CAMIONETA EXP 1;2093088;"KG04    ";"KATSUDA GUSTAVO ALEJANDRO                         ";AV. LA RIOJA 1166;952661;"60-193         ";60-193 - LAVATORIO MONOCOMANDO BAJO MORA;2;2;0;23594569;220926035525904;185007395;;;;07/28/2031 00:00:00;2;14077784;22/09/2026 12:55:25;Mirko;Hernandez;;;;;;Mirko Hernandez;
14398026;19/09/2026 10:41:23;2;2;0001  215960-1;05;CAMIONETA EXP 1;2093088;"KG04    ";"KATSUDA GUSTAVO ALEJANDRO                         ";AV. LA RIOJA 1166;957875;"RA771C         ";RA771C - CAMPANA C/BUJE LINEAS STD CROMO;20;20;0;23594807;220926040146079;185009121;;;;11/16/2031 00:00:00;20;14077944;22/09/2026 13:01:46;Mirko;Hernandez;;;;;;Mirko Hernandez;
14398026;19/09/2026 10:41:23;2;2;0001  215960-1;05;CAMIONETA EXP 1;2093088;"KG04    ";"KATSUDA GUSTAVO ALEJANDRO                         ";AV. LA RIOJA 1166;951101;"11030          ";"PERCHA LINEA 11000                                                    ";3;3;0;23594807;220926040146079;185008567;;;;07/28/2031 00:00:00;3;14077944;22/09/2026 13:01:46;Mirko;Hernandez;;;;;;Mirko Hernandez;
14398026;19/09/2026 10:41:23;2;2;0001  215960-1;05;CAMIONETA EXP 1;2093088;"KG04    ";"KATSUDA GUSTAVO ALEJANDRO                         ";AV. LA RIOJA 1166;951151;"1320-40GN      ";"FLEXIBLE P/GAS NATURAL EXTENSIBLE 1/2 20-40 CM                        ";15;15;0;23594807;220926040146079;185008815;;;;07/31/2031 00:00:00;15;14077944;22/09/2026 13:01:46;Mirko;Hernandez;;;;;;Mirko Hernandez;
14398026;19/09/2026 10:41:23;2;2;0001  215960-1;05;CAMIONETA EXP 1;2093088;"KG04    ";"KATSUDA GUSTAVO ALEJANDRO                         ";AV. LA RIOJA 1166;951336;"1920-40GN      ";1920-40GN - FLEXIBLE P/GAS NATURAL EXTENSIBLE 3/4 20-40 CM;5;5;0;23594807;220926040146079;185008869;;;;07/31/2031 00:00:00;5;14077944;22/09/2026 13:01:46;Mirko;Hernandez;;;;;;Mirko Hernandez;
14398026;19/09/2026 10:41:23;2;2;0001  215960-1;05;CAMIONETA EXP 1;2093088;"KG04    ";"KATSUDA GUSTAVO ALEJANDRO                         ";AV. LA RIOJA 1166;951350;"1940-80GN      ";1940-80GN - FLEXIBLE P/GAS NATURAL EXTENSIBLE 3/4 40-80 CM;4;4;0;23594807;220926040146079;185008689;;;;07/31/2031 00:00:00;4;14077944;22/09/2026 13:01:46;Mirko;Hernandez;;;;;;Mirko Hernandez;
14398026;19/09/2026 10:41:23;2;2;0001  215960-1;05;CAMIONETA EXP 1;2093088;"KG04    ";"KATSUDA GUSTAVO ALEJANDRO                         ";AV. LA RIOJA 1166;957841;"RA5041         ";RA5041 - VOLANTE RENACER COMPLETO;6;6;0;23594807;220926040146079;185009211;;;;09/16/2031 00:00:00;6;14077944;22/09/2026 13:01:46;Mirko;Hernandez;;;;;;Mirko Hernandez;
14398026;19/09/2026 10:41:23;2;2;0001  215960-1;05;CAMIONETA EXP 1;2093088;"KG04    ";"KATSUDA GUSTAVO ALEJANDRO                         ";AV. LA RIOJA 1166;957856;"RA727C         ";RA727C - CONJUNTO BUJE Y AIREADOR CROMO;6;6;0;23594807;220926040146079;185009154;;;;09/16/2031 00:00:00;6;14077944;22/09/2026 13:01:46;Mirko;Hernandez;;;;;;Mirko Hernandez;
14398026;19/09/2026 10:41:23;2;2;0001  215960-1;05;CAMIONETA EXP 1;2093088;"KG04    ";"KATSUDA GUSTAVO ALEJANDRO                         ";AV. LA RIOJA 1166;954649;"A814           ";A814 - DUCHA C/BRAZO Y CAMPANA CR;12;12;0;23594944;220926040455028;185007138;;;;08/13/2031 00:00:00;12;14078015;22/09/2026 13:04:55;Mirko;Hernandez;;;;;;Mirko Hernandez;
14398026;19/09/2026 10:41:23;2;2;0001  215960-1;05;CAMIONETA EXP 1;2093088;"KG04    ";"KATSUDA GUSTAVO ALEJANDRO                         ";AV. LA RIOJA 1166;951530;"20-146         ";20-146 - MONOCOMANDO DE COCINA CR LINEA MOVE;6;6;0;23594995;220926040536586;185007560;;;;11/23/2031 00:00:00;6;14078029;22/09/2026 13:05:36;Mirko;Hernandez;;;;;;Mirko Hernandez;
14398026;19/09/2026 10:41:23;2;2;0001  215960-1;05;CAMIONETA EXP 1;2093088;"KG04    ";"KATSUDA GUSTAVO ALEJANDRO                         ";AV. LA RIOJA 1166;951748;"3006           ";3006 - SET DE 6 PIEZAS LINEA 3000;30;30;0;23595004;220926040549569;185126657;;;;07/29/2031 00:00:00;10;14078032;22/09/2026 13:05:49;Mirko;Hernandez;;;;;;Mirko Hernandez;
14398026;19/09/2026 10:41:23;2;2;0001  215960-1;05;CAMIONETA EXP 1;2093088;"KG04    ";"KATSUDA GUSTAVO ALEJANDRO                         ";AV. LA RIOJA 1166;951748;"3006           ";3006 - SET DE 6 PIEZAS LINEA 3000;30;30;0;23595015;220926040558508;185126695;;;;07/29/2031 00:00:00;10;14078039;22/09/2026 13:05:58;Mirko;Hernandez;;;;;;Mirko Hernandez;
14398026;19/09/2026 10:41:23;2;2;0001  215960-1;05;CAMIONETA EXP 1;2093088;"KG04    ";"KATSUDA GUSTAVO ALEJANDRO                         ";AV. LA RIOJA 1166;951748;"3006           ";3006 - SET DE 6 PIEZAS LINEA 3000;30;30;0;23595039;220926040613942;185006717;;;;07/29/2031 00:00:00;10;14078046;22/09/2026 13:06:13;Mirko;Hernandez;;;;;;Mirko Hernandez;
14398033;22/09/2026 14:16:59;3;2;0001  215964-1;05;CAMIONETA EXP 1;2093088;"KG04    ";"KATSUDA GUSTAVO ALEJANDRO                         ";BRASIL 265;954805;"AB-002         ";AB-002 - AGARRADERA ACERO INOX CROMADO 40 CM SAFE;3;3;3;23577958;220926045909907;185013063;;;;08/12/2031 00:00:00;1;14078770;22/09/2026 13:59:09;Mirko;Hernandez;24848054;22/09/2026 07:27:51;7827;Javier;Machado;Mirko Hernandez;Javier Machado
14398033;22/09/2026 14:16:59;3;2;0001  215964-1;05;CAMIONETA EXP 1;2093088;"KG04    ";"KATSUDA GUSTAVO ALEJANDRO                         ";BRASIL 265;953437;"914/CR         ";914/CR - JGO.MDA.P.CAÑO CR ARES;1;1;1;23579880;220926050440917;185025014;;;;02/29/2032 00:00:00;1;14079659;22/09/2026 14:04:40;Mirko;Hernandez;24849806;22/09/2026 09:13:08;7827;Javier;Machado;Mirko Hernandez;Javier Machado
14398033;22/09/2026 14:16:59;3;2;0001  215964-1;05;CAMIONETA EXP 1;2093088;"KG04    ";"KATSUDA GUSTAVO ALEJANDRO                         ";BRASIL 265;953477;"934/CR         ";934/CR - J.PARED C/EXT CRUZ CR/CR ARES;2;2;2;23579880;220926050440917;185024899;;;;02/09/2032 00:00:00;2;14079659;22/09/2026 14:04:40;Mirko;Hernandez;24849806;22/09/2026 09:13:08;7827;Javier;Machado;Mirko Hernandez;Javier Machado
14398033;22/09/2026 14:16:59;3;2;0001  215964-1;05;CAMIONETA EXP 1;2093088;"KG04    ";"KATSUDA GUSTAVO ALEJANDRO                         ";BRASIL 265;952912;"70-162         ";70-162 - BIDE CR C.CERAM LINEA ADRA;4;4;4;23579880;220926050440917;185039961;;;;07/29/2031 00:00:00;4;14079659;22/09/2026 14:04:40;Mirko;Hernandez;24849806;22/09/2026 09:13:08;7827;Javier;Machado;Mirko Hernandez;Javier Machado
14398033;22/09/2026 14:16:59;3;2;0001  215964-1;05;CAMIONETA EXP 1;2093088;"KG04    ";"KATSUDA GUSTAVO ALEJANDRO                         ";BRASIL 265;951620;"214/CR         ";214/CR - LAVATORIO CR/CR ARES;1;1;1;23579880;220926050440917;185025265;;;;01/27/2032 00:00:00;1;14079659;22/09/2026 14:04:40;Mirko;Hernandez;24849806;22/09/2026 09:13:08;7827;Javier;Machado;Mirko Hernandez;Javier Machado
14398033;22/09/2026 14:16:59;3;2;0001  215964-1;05;CAMIONETA EXP 1;2093088;"KG04    ";"KATSUDA GUSTAVO ALEJANDRO                         ";BRASIL 265;952028;"314/CR         ";314/CR - BIDE CROMO ARES;1;1;1;23579880;220926050440917;185025380;;;;01/11/2032 00:00:00;1;14079659;22/09/2026 14:04:40;Mirko;Hernandez;24849806;22/09/2026 09:13:08;7827;Javier;Machado;Mirko Hernandez;Javier Machado
14398033;22/09/2026 14:16:59;3;2;0001  215964-1;05;CAMIONETA EXP 1;2093088;"KG04    ";"KATSUDA GUSTAVO ALEJANDRO                         ";BRASIL 265;952582;"60-057         ";60-057 - LAVATORIO C.STD VERIN PLUS;1;1;1;23579880;220926050440917;185041472;;;;01/31/2032 00:00:00;1;14079659;22/09/2026 14:04:40;Mirko;Hernandez;24849806;22/09/2026 09:13:08;7827;Javier;Machado;Mirko Hernandez;Javier Machado
14398033;22/09/2026 14:16:59;3;2;0001  215964-1;05;CAMIONETA EXP 1;2093088;"KG04    ";"KATSUDA GUSTAVO ALEJANDRO                         ";BRASIL 265;952583;"60-058         ";60-058 - LAVATORIO CR C.STD MALBA;1;1;1;23579880;220926050440917;185036382;;;;12/03/2031 00:00:00;1;14079659;22/09/2026 14:04:40;Mirko;Hernandez;24849806;22/09/2026 09:13:08;7827;Javier;Machado;Mirko Hernandez;Javier Machado
14398033;22/09/2026 14:16:59;3;2;0001  215964-1;05;CAMIONETA EXP 1;2093088;"KG04    ";"KATSUDA GUSTAVO ALEJANDRO                         ";BRASIL 265;954913;"BCH11N         ";BCH11N - BACHA DE APOYAR REDONDA NEGRO MATE 400x400x125;2;2;2;23583093;220926051655373;185044957;;;;08/02/2031 00:00:00;1;14080084;22/09/2026 14:16:55;Mirko;Hernandez;24852630;22/09/2026 09:22:34;7827;Javier;Machado;Mirko Hernandez;Javier Machado
14398033;22/09/2026 14:16:59;3;2;0001  215964-1;05;CAMIONETA EXP 1;2093088;"KG04    ";"KATSUDA GUSTAVO ALEJANDRO                         ";BRASIL 265;954678;"A842           ";A842 - DUCHADOR ANTICALCAREO 5 FUNCIONES C/SOPORTE Y FLEX;6;6;6;23596485;220926043547926;185136592;;;;07/28/2031 00:00:00;2;14078834;22/09/2026 13:35:48;Mirko;Hernandez;;;;;;Mirko Hernandez;
14398033;22/09/2026 14:16:59;3;2;0001  215964-1;05;CAMIONETA EXP 1;2093088;"KG04    ";"KATSUDA GUSTAVO ALEJANDRO                         ";BRASIL 265;954649;"A814           ";A814 - DUCHA C/BRAZO Y CAMPANA CR;12;12;12;23596485;220926043547926;185012805;;;;08/13/2031 00:00:00;12;14078834;22/09/2026 13:35:48;Mirko;Hernandez;;;;;;Mirko Hernandez;
14398033;22/09/2026 14:16:59;3;2;0001  215964-1;05;CAMIONETA EXP 1;2093088;"KG04    ";"KATSUDA GUSTAVO ALEJANDRO                         ";BRASIL 265;953167;"8030           ";8030 - PERCHA LINEA 8000;3;3;3;23596485;220926043547926;185012516;;;;07/29/2031 00:00:00;3;14078834;22/09/2026 13:35:48;Mirko;Hernandez;;;;;;Mirko Hernandez;
14398033;22/09/2026 14:16:59;3;2;0001  215964-1;05;CAMIONETA EXP 1;2093088;"KG04    ";"KATSUDA GUSTAVO ALEJANDRO                         ";BRASIL 265;954805;"AB-002         ";AB-002 - AGARRADERA ACERO INOX CROMADO 40 CM SAFE;3;3;3;23596698;220926043941214;185138176;;;;08/12/2031 00:00:00;2;14078948;22/09/2026 13:39:41;Mirko;Hernandez;;;;;;Mirko Hernandez;
14398033;22/09/2026 14:16:59;3;2;0001  215964-1;05;CAMIONETA EXP 1;2093088;"KG04    ";"KATSUDA GUSTAVO ALEJANDRO                         ";BRASIL 265;954804;"AB-001         ";AB-001 - AGARRADERA ACERO INOX CROMADO 30 CM SAFE;3;3;3;23596698;220926043941214;185012921;;;;07/28/2031 00:00:00;3;14078948;22/09/2026 13:39:41;Mirko;Hernandez;;;;;;Mirko Hernandez;
14398033;22/09/2026 14:16:59;3;2;0001  215964-1;05;CAMIONETA EXP 1;2093088;"KG04    ";"KATSUDA GUSTAVO ALEJANDRO                         ";BRASIL 265;954678;"A842           ";A842 - DUCHADOR ANTICALCAREO 5 FUNCIONES C/SOPORTE Y FLEX;6;6;6;23596819;220926044232754;185013283;;;;07/28/2031 00:00:00;4;14079031;22/09/2026 13:42:32;Mirko;Hernandez;;;;;;Mirko Hernandez;
14398033;22/09/2026 14:16:59;3;2;0001  215964-1;05;CAMIONETA EXP 1;2093088;"KG04    ";"KATSUDA GUSTAVO ALEJANDRO                         ";BRASIL 265;952679;"60-205         ";60-205 - LAVATORIO MONOC BAJO STEEL;5;5;5;23596869;220926044324099;185011198;;;;07/28/2031 00:00:00;5;14079063;22/09/2026 13:43:24;Mirko;Hernandez;;;;;;Mirko Hernandez;
14398033;22/09/2026 14:16:59;3;2;0001  215964-1;05;CAMIONETA EXP 1;2093088;"KG04    ";"KATSUDA GUSTAVO ALEJANDRO                         ";BRASIL 265;951565;"20-205         ";20-205 - MONOCOMANDO DE COCINA STEEL;4;4;4;23597004;220926044602245;185010316;;;;07/28/2031 00:00:00;4;14079133;22/09/2026 13:46:02;Mirko;Hernandez;;;;;;Mirko Hernandez;
14398033;22/09/2026 14:16:59;3;2;0001  215964-1;05;CAMIONETA EXP 1;2093088;"KG04    ";"KATSUDA GUSTAVO ALEJANDRO                         ";BRASIL 265;952728;"61-205         ";61-205 - LAVATORIO MONOC ALTO STEEL;3;3;3;23597064;220926044651391;185010926;;;;07/28/2031 00:00:00;3;14079163;22/09/2026 13:46:51;Mirko;Hernandez;;;;;;Mirko Hernandez;
14398033;22/09/2026 14:16:59;3;2;0001  215964-1;05;CAMIONETA EXP 1;2093088;"KG04    ";"KATSUDA GUSTAVO ALEJANDRO                         ";BRASIL 265;953312;"83-133         ";83-133 - DUCHA EXT. C/TRANSF. MONOCOMANDO LUGO;10;10;10;23597148;220926044818001;185141540;;;;09/03/2031 00:00:00;4;14079202;22/09/2026 13:48:18;Mirko;Hernandez;;;;;;Mirko Hernandez;
14398033;22/09/2026 14:16:59;3;2;0001  215964-1;05;CAMIONETA EXP 1;2093088;"KG04    ";"KATSUDA GUSTAVO ALEJANDRO                         ";BRASIL 265;952956;"70-205         ";70-205 - BIDE MONOCOMANDO STEEL;2;2;2;23597230;220926044943209;185011282;;;;11/23/2031 00:00:00;2;14079248;22/09/2026 13:49:43;Mirko;Hernandez;;;;;;Mirko Hernandez;
14398033;22/09/2026 14:16:59;3;2;0001  215964-1;05;CAMIONETA EXP 1;2093088;"KG04    ";"KATSUDA GUSTAVO ALEJANDRO                         ";BRASIL 265;953322;"83-205         ";83-205 - DUCHA EXT C/TRANSF MONOC STEEL PICO CURVO;2;2;2;23597230;220926044943209;185012006;;;;07/27/2031 00:00:00;2;14079248;22/09/2026 13:49:43;Mirko;Hernandez;;;;;;Mirko Hernandez;
14398033;22/09/2026 14:16:59;3;2;0001  215964-1;05;CAMIONETA EXP 1;2093088;"KG04    ";"KATSUDA GUSTAVO ALEJANDRO                         ";BRASIL 265;952926;"70-176N        ";70-176N - BIDE MONOC C/TRANSF BLACK RIO;2;2;2;23597284;220926045044394;185010567;;;;11/23/2031 00:00:00;2;14079282;22/09/2026 13:50:44;Mirko;Hernandez;;;;;;Mirko Hernandez;
14398033;22/09/2026 14:16:59;3;2;0001  215964-1;05;CAMIONETA EXP 1;2093088;"KG04    ";"KATSUDA GUSTAVO ALEJANDRO                         ";BRASIL 265;952896;"70-133         ";70-133 - BIDE MONOCOMANDO LUGO;2;2;2;23597284;220926045044394;185010029;;;;07/27/2031 00:00:00;2;14079282;22/09/2026 13:50:44;Mirko;Hernandez;;;;;;Mirko Hernandez;
14398033;22/09/2026 14:16:59;3;2;0001  215964-1;05;CAMIONETA EXP 1;2093088;"KG04    ";"KATSUDA GUSTAVO ALEJANDRO                         ";BRASIL 265;952618;"60-133         ";60-133 - LAVATORIO MONOCOMANDO LUGO;3;3;3;23597284;220926045044394;185009888;;;;07/29/2031 00:00:00;3;14079282;22/09/2026 13:50:44;Mirko;Hernandez;;;;;;Mirko Hernandez;
14398033;22/09/2026 14:16:59;3;2;0001  215964-1;05;CAMIONETA EXP 1;2093088;"KG04    ";"KATSUDA GUSTAVO ALEJANDRO                         ";BRASIL 265;951606;"21100          ";21100 - ESTANTE ORGANIZADOR RECTANGULAR 25x12x7;2;2;2;23597319;220926045143468;185011447;;;;07/29/2031 00:00:00;2;14079313;22/09/2026 13:51:43;Mirko;Hernandez;;;;;;Mirko Hernandez;
14398033;22/09/2026 14:16:59;3;2;0001  215964-1;05;CAMIONETA EXP 1;2093088;"KG04    ";"KATSUDA GUSTAVO ALEJANDRO                         ";BRASIL 265;951614;"21200          ";21200 - ESQUINERO ORGANIZADOR 19x19x7;3;3;3;23597319;220926045143468;185012265;;;;07/27/2031 00:00:00;3;14079313;22/09/2026 13:51:43;Mirko;Hernandez;;;;;;Mirko Hernandez;
14398033;22/09/2026 14:16:59;3;2;0001  215964-1;05;CAMIONETA EXP 1;2093088;"KG04    ";"KATSUDA GUSTAVO ALEJANDRO                         ";BRASIL 265;953312;"83-133         ";83-133 - DUCHA EXT. C/TRANSF. MONOCOMANDO LUGO;10;10;10;23597422;220926045349995;185009790;;;;09/03/2031 00:00:00;6;14079393;22/09/2026 13:53:50;Mirko;Hernandez;;;;;;Mirko Hernandez;
14398033;22/09/2026 14:16:59;3;2;0001  215964-1;05;CAMIONETA EXP 1;2093088;"KG04    ";"KATSUDA GUSTAVO ALEJANDRO                         ";BRASIL 265;953109;"80-166         ";"DUCHA EMB. C/TRANSF. CR C.CERAM ADRA PLUS                             ";3;3;3;23597856;220926050316374;185039083;;;;01/19/2032 00:00:00;3;14079670;22/09/2026 14:03:16;Mirko;Hernandez;;;;;;Mirko Hernandez;
14398033;22/09/2026 14:16:59;3;2;0001  215964-1;05;CAMIONETA EXP 1;2093088;"KG04    ";"KATSUDA GUSTAVO ALEJANDRO                         ";BRASIL 265;954915;"BCH13          ";BCH13 - BACHA DE APOYAR BLANCA RECTANGULAR 465x260x125;5;5;5;23598512;220926051513363;185152912;;;;07/27/2031 00:00:00;1;14080088;22/09/2026 14:15:13;Mirko;Hernandez;;;;;;Mirko Hernandez;
14398033;22/09/2026 14:16:59;3;2;0001  215964-1;05;CAMIONETA EXP 1;2093088;"KG04    ";"KATSUDA GUSTAVO ALEJANDRO                         ";BRASIL 265;954915;"BCH13          ";BCH13 - BACHA DE APOYAR BLANCA RECTANGULAR 465x260x125;5;5;5;23598518;220926051519881;185152965;;;;07/27/2031 00:00:00;1;14080089;22/09/2026 14:15:19;Mirko;Hernandez;;;;;;Mirko Hernandez;
14398033;22/09/2026 14:16:59;3;2;0001  215964-1;05;CAMIONETA EXP 1;2093088;"KG04    ";"KATSUDA GUSTAVO ALEJANDRO                         ";BRASIL 265;954915;"BCH13          ";BCH13 - BACHA DE APOYAR BLANCA RECTANGULAR 465x260x125;5;5;5;23598532;220926051540322;185153112;;;;07/27/2031 00:00:00;1;14080099;22/09/2026 14:15:40;Mirko;Hernandez;;;;;;Mirko Hernandez;
14398033;22/09/2026 14:16:59;3;2;0001  215964-1;05;CAMIONETA EXP 1;2093088;"KG04    ";"KATSUDA GUSTAVO ALEJANDRO                         ";BRASIL 265;954915;"BCH13          ";BCH13 - BACHA DE APOYAR BLANCA RECTANGULAR 465x260x125;5;5;5;23598555;220926051604257;185153294;;;;07/27/2031 00:00:00;1;14080116;22/09/2026 14:16:04;Mirko;Hernandez;;;;;;Mirko Hernandez;
14398033;22/09/2026 14:16:59;3;2;0001  215964-1;05;CAMIONETA EXP 1;2093088;"KG04    ";"KATSUDA GUSTAVO ALEJANDRO                         ";BRASIL 265;954915;"BCH13          ";BCH13 - BACHA DE APOYAR BLANCA RECTANGULAR 465x260x125;5;5;5;23598564;220926051614648;185044269;;;;07/27/2031 00:00:00;1;14080123;22/09/2026 14:16:14;Mirko;Hernandez;;;;;;Mirko Hernandez;
14398033;22/09/2026 14:16:59;3;2;0001  215964-1;05;CAMIONETA EXP 1;2093088;"KG04    ";"KATSUDA GUSTAVO ALEJANDRO                         ";BRASIL 265;954911;"BCH10          ";BCH10 - BACHA DE APOYAR NEGRO MATE 460x320x140;2;2;2;23598573;220926051622654;185153423;;;;07/28/2031 00:00:00;1;14080129;22/09/2026 14:16:22;Mirko;Hernandez;;;;;;Mirko Hernandez;
14398033;22/09/2026 14:16:59;3;2;0001  215964-1;05;CAMIONETA EXP 1;2093088;"KG04    ";"KATSUDA GUSTAVO ALEJANDRO                         ";BRASIL 265;954911;"BCH10          ";BCH10 - BACHA DE APOYAR NEGRO MATE 460x320x140;2;2;2;23598578;220926051630040;185045265;;;;07/28/2031 00:00:00;1;14080134;22/09/2026 14:16:30;Mirko;Hernandez;;;;;;Mirko Hernandez;
14398033;22/09/2026 14:16:59;3;2;0001  215964-1;05;CAMIONETA EXP 1;2093088;"KG04    ";"KATSUDA GUSTAVO ALEJANDRO                         ";BRASIL 265;954913;"BCH11N         ";BCH11N - BACHA DE APOYAR REDONDA NEGRO MATE 400x400x125;2;2;2;23598591;220926051643483;185153595;;;;08/02/2031 00:00:00;1;14080140;22/09/2026 14:16:43;Mirko;Hernandez;;;;;;Mirko Hernandez;
14398037;22/09/2026 13:26:46;3;2;0008    2952-1;05;CAMIONETA EXP 1;2093088;"KG04    ";"KATSUDA GUSTAVO ALEJANDRO                         ";AV. LA RIOJA 1166;953091;"80-138         ";80-138 - DUCHA EMB. C/TRANSF. CR C.CERAM VALENCIA PLUS;9;9;9;23577376;220926042641405;185008478;;;;01/14/2032 00:00:00;1;14078153;22/09/2026 13:26:41;Mirko;Hernandez;24847596;22/09/2026 07:02:47;7636;Kevin;Arce;Mirko Hernandez;Kevin Arce
14398037;22/09/2026 13:26:46;3;2;0008    2952-1;05;CAMIONETA EXP 1;2093088;"KG04    ";"KATSUDA GUSTAVO ALEJANDRO                         ";AV. LA RIOJA 1166;953091;"80-138         ";80-138 - DUCHA EMB. C/TRANSF. CR C.CERAM VALENCIA PLUS;9;9;9;23595281;220926041119716;185128333;;;;01/14/2032 00:00:00;4;14078168;22/09/2026 13:11:19;Mirko;Hernandez;;;;;;Mirko Hernandez;
14398037;22/09/2026 13:26:46;3;2;0008    2952-1;05;CAMIONETA EXP 1;2093088;"KG04    ";"KATSUDA GUSTAVO ALEJANDRO                         ";AV. LA RIOJA 1166;952456;"51-190         ";51-190 - MESADA BIMANDO C.CERAM BLACK VELVET;3;3;3;23595305;220926041148453;185009136;;;;01/31/2032 00:00:00;3;14078181;22/09/2026 13:11:48;Mirko;Hernandez;;;;;;Mirko Hernandez;
14398037;22/09/2026 13:26:46;3;2;0008    2952-1;05;CAMIONETA EXP 1;2093088;"KG04    ";"KATSUDA GUSTAVO ALEJANDRO                         ";AV. LA RIOJA 1166;953091;"80-138         ";80-138 - DUCHA EMB. C/TRANSF. CR C.CERAM VALENCIA PLUS;9;9;9;23595331;220926041232973;185128673;;;;01/14/2032 00:00:00;4;14078205;22/09/2026 13:12:32;Mirko;Hernandez;;;;;;Mirko Hernandez;
14398037;22/09/2026 13:26:46;3;2;0008    2952-1;05;CAMIONETA EXP 1;2093088;"KG04    ";"KATSUDA GUSTAVO ALEJANDRO                         ";AV. LA RIOJA 1166;952437;"51-057         ";51-057 - COCINA MESADA CR C.STD VERIN PLUS;6;6;6;23595372;220926041335917;185128972;;;;01/27/2032 00:00:00;1;14078229;22/09/2026 13:13:36;Mirko;Hernandez;;;;;;Mirko Hernandez;
14398037;22/09/2026 13:26:46;3;2;0008    2952-1;05;CAMIONETA EXP 1;2093088;"KG04    ";"KATSUDA GUSTAVO ALEJANDRO                         ";AV. LA RIOJA 1166;953283;"83-010         ";83-010 - DUCHA EXT. C/TRANSF. BL/CR LORCA;9;9;9;23595372;220926041335917;185009814;;;;01/24/2032 00:00:00;9;14078229;22/09/2026 13:13:36;Mirko;Hernandez;;;;;;Mirko Hernandez;
14398037;22/09/2026 13:26:46;3;2;0008    2952-1;05;CAMIONETA EXP 1;2093088;"KG04    ";"KATSUDA GUSTAVO ALEJANDRO                         ";AV. LA RIOJA 1166;953324;"835            ";835 - JGO.MDA. P.FUNDIDO CR MURCIA;3;3;3;23595449;220926041513730;185008740;;;;07/29/2031 00:00:00;3;14078285;22/09/2026 13:15:13;Mirko;Hernandez;;;;;;Mirko Hernandez;
14398037;22/09/2026 13:26:46;3;2;0008    2952-1;05;CAMIONETA EXP 1;2093088;"KG04    ";"KATSUDA GUSTAVO ALEJANDRO                         ";AV. LA RIOJA 1166;952437;"51-057         ";51-057 - COCINA MESADA CR C.STD VERIN PLUS;6;6;6;23595449;220926041513730;185129474;;;;01/27/2032 00:00:00;4;14078285;22/09/2026 13:15:13;Mirko;Hernandez;;;;;;Mirko Hernandez;
14398037;22/09/2026 13:26:46;3;2;0008    2952-1;05;CAMIONETA EXP 1;2093088;"KG04    ";"KATSUDA GUSTAVO ALEJANDRO                         ";AV. LA RIOJA 1166;951628;"215            ";"215 - LAVATORIO CROMO ""MURCIA""";3;3;3;23595449;220926041513730;185008668;;;;07/31/2031 00:00:00;3;14078285;22/09/2026 13:15:13;Mirko;Hernandez;;;;;;Mirko Hernandez;
14398037;22/09/2026 13:26:46;3;2;0008    2952-1;05;CAMIONETA EXP 1;2093088;"KG04    ";"KATSUDA GUSTAVO ALEJANDRO                         ";AV. LA RIOJA 1166;951568;"203            ";"203 - LAVATORIO CROMO ""DIQUE""";3;3;3;23595527;220926041648034;185008828;;;;01/11/2032 00:00:00;3;14078324;22/09/2026 13:16:48;Mirko;Hernandez;;;;;;Mirko Hernandez;
14398037;22/09/2026 13:26:46;3;2;0008    2952-1;05;CAMIONETA EXP 1;2093088;"KG04    ";"KATSUDA GUSTAVO ALEJANDRO                         ";AV. LA RIOJA 1166;952437;"51-057         ";51-057 - COCINA MESADA CR C.STD VERIN PLUS;6;6;6;23595527;220926041648034;185009638;;;;01/27/2032 00:00:00;1;14078324;22/09/2026 13:16:48;Mirko;Hernandez;;;;;;Mirko Hernandez;
14398037;22/09/2026 13:26:46;3;2;0008    2952-1;05;CAMIONETA EXP 1;2093088;"KG04    ";"KATSUDA GUSTAVO ALEJANDRO                         ";AV. LA RIOJA 1166;952608;"60-121         ";60-121 - LAVATORIO C.CERAM CR MARBELLA;3;3;3;23595527;220926041648034;185009562;;;;01/25/2032 00:00:00;3;14078324;22/09/2026 13:16:48;Mirko;Hernandez;;;;;;Mirko Hernandez;
14398037;22/09/2026 13:26:46;3;2;0008    2952-1;05;CAMIONETA EXP 1;2093088;"KG04    ";"KATSUDA GUSTAVO ALEJANDRO                         ";AV. LA RIOJA 1166;953082;"80-121         ";80-121 - DUCHA EMB. C/TRANSF. CR C.C. MARBELLA;3;3;3;23595527;220926041648034;185009508;;;;08/04/2031 00:00:00;3;14078324;22/09/2026 13:16:48;Mirko;Hernandez;;;;;;Mirko Hernandez;
14398037;22/09/2026 13:26:46;3;2;0008    2952-1;05;CAMIONETA EXP 1;2093088;"KG04    ";"KATSUDA GUSTAVO ALEJANDRO                         ";AV. LA RIOJA 1166;952634;"60-162         ";60-162 - LAVATORIO CR C.CERAM LINEA ADRA;9;9;9;23595639;220926041844046;185007394;;;;07/29/2031 00:00:00;9;14078376;22/09/2026 13:18:44;Mirko;Hernandez;;;;;;Mirko Hernandez;
14398037;22/09/2026 13:26:46;3;2;0008    2952-1;05;CAMIONETA EXP 1;2093088;"KG04    ";"KATSUDA GUSTAVO ALEJANDRO                         ";AV. LA RIOJA 1166;952292;"434/CR         ";434/CR - DUCHA EMB.C/TRANSF CR ARES;3;3;3;23595639;220926041844046;185130563;;;;01/12/2032 00:00:00;1;14078376;22/09/2026 13:18:44;Mirko;Hernandez;;;;;;Mirko Hernandez;
14398037;22/09/2026 13:26:46;3;2;0008    2952-1;05;CAMIONETA EXP 1;2093088;"KG04    ";"KATSUDA GUSTAVO ALEJANDRO                         ";AV. LA RIOJA 1166;952292;"434/CR         ";434/CR - DUCHA EMB.C/TRANSF CR ARES;3;3;3;23595752;220926042040207;185131138;;;;01/12/2032 00:00:00;1;14078428;22/09/2026 13:20:40;Mirko;Hernandez;;;;;;Mirko Hernandez;
14398037;22/09/2026 13:26:46;3;2;0008    2952-1;05;CAMIONETA EXP 1;2093088;"KG04    ";"KATSUDA GUSTAVO ALEJANDRO                         ";AV. LA RIOJA 1166;952831;"70-010         ";70-010 - BIDE BL/CR LORCA;3;3;3;23595752;220926042040207;185007555;;;;12/08/2031 00:00:00;3;14078428;22/09/2026 13:20:40;Mirko;Hernandez;;;;;;Mirko Hernandez;
14398037;22/09/2026 13:26:46;3;2;0008    2952-1;05;CAMIONETA EXP 1;2093088;"KG04    ";"KATSUDA GUSTAVO ALEJANDRO                         ";AV. LA RIOJA 1166;952912;"70-162         ";70-162 - BIDE CR C.CERAM LINEA ADRA;6;6;6;23595752;220926042040207;185007506;;;;07/29/2031 00:00:00;6;14078428;22/09/2026 13:20:40;Mirko;Hernandez;;;;;;Mirko Hernandez;
14398037;22/09/2026 13:26:46;3;2;0008    2952-1;05;CAMIONETA EXP 1;2093088;"KG04    ";"KATSUDA GUSTAVO ALEJANDRO                         ";AV. LA RIOJA 1166;952888;"70-122         ";70-122 - BIDE C.CERAM CR VALENCIA;9;9;9;23595816;220926042138469;185009026;;;;10/26/2031 00:00:00;9;14078450;22/09/2026 13:21:38;Mirko;Hernandez;;;;;;Mirko Hernandez;
14398037;22/09/2026 13:26:46;3;2;0008    2952-1;05;CAMIONETA EXP 1;2093088;"KG04    ";"KATSUDA GUSTAVO ALEJANDRO                         ";AV. LA RIOJA 1166;952292;"434/CR         ";434/CR - DUCHA EMB.C/TRANSF CR ARES;3;3;3;23595816;220926042138469;185009330;;;;01/12/2032 00:00:00;1;14078450;22/09/2026 13:21:38;Mirko;Hernandez;;;;;;Mirko Hernandez;
14398037;22/09/2026 13:26:46;3;2;0008    2952-1;05;CAMIONETA EXP 1;2093088;"KG04    ";"KATSUDA GUSTAVO ALEJANDRO                         ";AV. LA RIOJA 1166;952582;"60-057         ";60-057 - LAVATORIO C.STD VERIN PLUS;24;24;24;23595866;220926042234092;185131753;;;;01/31/2032 00:00:00;10;14078475;22/09/2026 13:22:34;Mirko;Hernandez;;;;;;Mirko Hernandez;
14398037;22/09/2026 13:26:46;3;2;0008    2952-1;05;CAMIONETA EXP 1;2093088;"KG04    ";"KATSUDA GUSTAVO ALEJANDRO                         ";AV. LA RIOJA 1166;952582;"60-057         ";60-057 - LAVATORIO C.STD VERIN PLUS;24;24;24;23595920;220926042327949;185132074;;;;01/31/2032 00:00:00;10;14078498;22/09/2026 13:23:27;Mirko;Hernandez;;;;;;Mirko Hernandez;
14398037;22/09/2026 13:26:46;3;2;0008    2952-1;05;CAMIONETA EXP 1;2093088;"KG04    ";"KATSUDA GUSTAVO ALEJANDRO                         ";AV. LA RIOJA 1166;952582;"60-057         ";60-057 - LAVATORIO C.STD VERIN PLUS;24;24;24;23595946;220926042406637;185008324;;;;01/31/2032 00:00:00;4;14078520;22/09/2026 13:24:06;Mirko;Hernandez;;;;;;Mirko Hernandez;
14398037;22/09/2026 13:26:46;3;2;0008    2952-1;05;CAMIONETA EXP 1;2093088;"KG04    ";"KATSUDA GUSTAVO ALEJANDRO                         ";AV. LA RIOJA 1166;952860;"70-057         ";70-057 - BIDE C.STD VERIN PLUS;18;18;18;23595946;220926042406637;185132306;;;;01/31/2032 00:00:00;6;14078520;22/09/2026 13:24:06;Mirko;Hernandez;;;;;;Mirko Hernandez;
14398037;22/09/2026 13:26:46;3;2;0008    2952-1;05;CAMIONETA EXP 1;2093088;"KG04    ";"KATSUDA GUSTAVO ALEJANDRO                         ";AV. LA RIOJA 1166;952860;"70-057         ";70-057 - BIDE C.STD VERIN PLUS;18;18;18;23595969;220926042441650;185132553;;;;01/31/2032 00:00:00;10;14078530;22/09/2026 13:24:41;Mirko;Hernandez;;;;;;Mirko Hernandez;
14398037;22/09/2026 13:26:46;3;2;0008    2952-1;05;CAMIONETA EXP 1;2093088;"KG04    ";"KATSUDA GUSTAVO ALEJANDRO                         ";AV. LA RIOJA 1166;952551;"60-010         ";60-010 - LAVATORIO BL/CR LORCA;18;18;18;23596006;220926042517477;185132761;;;;01/14/2032 00:00:00;8;14078547;22/09/2026 13:25:17;Mirko;Hernandez;;;;;;Mirko Hernandez;
14398037;22/09/2026 13:26:46;3;2;0008    2952-1;05;CAMIONETA EXP 1;2093088;"KG04    ";"KATSUDA GUSTAVO ALEJANDRO                         ";AV. LA RIOJA 1166;952860;"70-057         ";70-057 - BIDE C.STD VERIN PLUS;18;18;18;23596006;220926042517477;185008010;;;;01/31/2032 00:00:00;2;14078547;22/09/2026 13:25:17;Mirko;Hernandez;;;;;;Mirko Hernandez;
14398037;22/09/2026 13:26:46;3;2;0008    2952-1;05;CAMIONETA EXP 1;2093088;"KG04    ";"KATSUDA GUSTAVO ALEJANDRO                         ";AV. LA RIOJA 1166;952551;"60-010         ";60-010 - LAVATORIO BL/CR LORCA;18;18;18;23596046;220926042620060;185007694;;;;01/14/2032 00:00:00;10;14078577;22/09/2026 13:26:20;Mirko;Hernandez;;;;;;Mirko Hernandez;
14398038;22/09/2026 14:51:48;3;2;0008    2953-1;05;CAMIONETA EXP 1;2093088;"KG04    ";"KATSUDA GUSTAVO ALEJANDRO                         ";BRASIL 265;952912;"70-162         ";70-162 - BIDE CR C.CERAM LINEA ADRA;12;12;12;23579838;220926145147782;185020963;;;;07/29/2031 00:00:00;10;14081046;22/09/2026 14:51:47;Maximiliano;Nievas;24849781;22/09/2026 08:11:53;7636;Kevin;Arce;Maximiliano Nievas;Kevin Arce
14398038;22/09/2026 14:51:48;3;2;0008    2953-1;05;CAMIONETA EXP 1;2093088;"KG04    ";"KATSUDA GUSTAVO ALEJANDRO                         ";BRASIL 265;953477;"934/CR         ";934/CR - J.PARED C/EXT CRUZ CR/CR ARES;6;6;6;23600101;220926144349171;185021847;;;;02/09/2032 00:00:00;6;14081060;22/09/2026 14:43:49;Maximiliano;Nievas;;;;;;Maximiliano Nievas;
14398038;22/09/2026 14:51:48;3;2;0008    2953-1;05;CAMIONETA EXP 1;2093088;"KG04    ";"KATSUDA GUSTAVO ALEJANDRO                         ";BRASIL 265;951620;"214/CR         ";214/CR - LAVATORIO CR/CR ARES;3;3;3;23600101;220926144349171;185166198;;;;01/27/2032 00:00:00;1;14081060;22/09/2026 14:43:49;Maximiliano;Nievas;;;;;;Maximiliano Nievas;
14398038;22/09/2026 14:51:48;3;2;0008    2953-1;05;CAMIONETA EXP 1;2093088;"KG04    ";"KATSUDA GUSTAVO ALEJANDRO                         ";BRASIL 265;952028;"314/CR         ";314/CR - BIDE CROMO ARES;3;3;3;23600101;220926144349171;185021948;;;;01/11/2032 00:00:00;3;14081060;22/09/2026 14:43:49;Maximiliano;Nievas;;;;;;Maximiliano Nievas;
14398038;22/09/2026 14:51:48;3;2;0008    2953-1;05;CAMIONETA EXP 1;2093088;"KG04    ";"KATSUDA GUSTAVO ALEJANDRO                         ";BRASIL 265;952583;"60-058         ";60-058 - LAVATORIO CR C.STD MALBA;3;3;3;23600157;220926144457114;185021527;;;;12/03/2031 00:00:00;3;14081110;22/09/2026 14:44:57;Maximiliano;Nievas;;;;;;Maximiliano Nievas;
14398038;22/09/2026 14:51:48;3;2;0008    2953-1;05;CAMIONETA EXP 1;2093088;"KG04    ";"KATSUDA GUSTAVO ALEJANDRO                         ";BRASIL 265;952582;"60-057         ";60-057 - LAVATORIO C.STD VERIN PLUS;3;3;3;23600157;220926144457114;185166702;;;;01/31/2032 00:00:00;1;14081110;22/09/2026 14:44:57;Maximiliano;Nievas;;;;;;Maximiliano Nievas;
14398038;22/09/2026 14:51:48;3;2;0008    2953-1;05;CAMIONETA EXP 1;2093088;"KG04    ";"KATSUDA GUSTAVO ALEJANDRO                         ";BRASIL 265;951620;"214/CR         ";214/CR - LAVATORIO CR/CR ARES;3;3;3;23600157;220926144457114;185022024;;;;01/27/2032 00:00:00;2;14081110;22/09/2026 14:44:57;Maximiliano;Nievas;;;;;;Maximiliano Nievas;
14398038;22/09/2026 14:51:48;3;2;0008    2953-1;05;CAMIONETA EXP 1;2093088;"KG04    ";"KATSUDA GUSTAVO ALEJANDRO                         ";BRASIL 265;953437;"914/CR         ";914/CR - JGO.MDA.P.CAÑO CR ARES;3;3;3;23600157;220926144457114;185021690;;;;02/29/2032 00:00:00;3;14081110;22/09/2026 14:44:57;Maximiliano;Nievas;;;;;;Maximiliano Nievas;
14398038;22/09/2026 14:51:48;3;2;0008    2953-1;05;CAMIONETA EXP 1;2093088;"KG04    ";"KATSUDA GUSTAVO ALEJANDRO                         ";BRASIL 265;952912;"70-162         ";70-162 - BIDE CR C.CERAM LINEA ADRA;12;12;12;23600157;220926144457114;185166703;;;;07/29/2031 00:00:00;1;14081110;22/09/2026 14:44:57;Maximiliano;Nievas;;;;;;Maximiliano Nievas;
14398038;22/09/2026 14:51:48;3;2;0008    2953-1;05;CAMIONETA EXP 1;2093088;"KG04    ";"KATSUDA GUSTAVO ALEJANDRO                         ";BRASIL 265;953109;"80-166         ";"DUCHA EMB. C/TRANSF. CR C.CERAM ADRA PLUS                             ";9;9;9;23600292;220926144655674;185167603;;;;01/19/2032 00:00:00;4;14081183;22/09/2026 14:46:55;Maximiliano;Nievas;;;;;;Maximiliano Nievas;
14398038;22/09/2026 14:51:48;3;2;0008    2953-1;05;CAMIONETA EXP 1;2093088;"KG04    ";"KATSUDA GUSTAVO ALEJANDRO                         ";BRASIL 265;953109;"80-166         ";"DUCHA EMB. C/TRANSF. CR C.CERAM ADRA PLUS                             ";9;9;9;23600309;220926144720623;185167789;;;;01/19/2032 00:00:00;4;14081199;22/09/2026 14:47:20;Maximiliano;Nievas;;;;;;Maximiliano Nievas;
14398038;22/09/2026 14:51:48;3;2;0008    2953-1;05;CAMIONETA EXP 1;2093088;"KG04    ";"KATSUDA GUSTAVO ALEJANDRO                         ";BRASIL 265;952912;"70-162         ";70-162 - BIDE CR C.CERAM LINEA ADRA;12;12;12;23600337;220926144757331;185168074;;;;07/29/2031 00:00:00;1;14081226;22/09/2026 14:47:57;Maximiliano;Nievas;;;;;;Maximiliano Nievas;
14398038;22/09/2026 14:51:48;3;2;0008    2953-1;05;CAMIONETA EXP 1;2093088;"KG04    ";"KATSUDA GUSTAVO ALEJANDRO                         ";BRASIL 265;953109;"80-166         ";"DUCHA EMB. C/TRANSF. CR C.CERAM ADRA PLUS                             ";9;9;9;23600337;220926144757331;185021109;;;;01/19/2032 00:00:00;1;14081226;22/09/2026 14:47:57;Maximiliano;Nievas;;;;;;Maximiliano Nievas;
14398038;22/09/2026 14:51:48;3;2;0008    2953-1;05;CAMIONETA EXP 1;2093088;"KG04    ";"KATSUDA GUSTAVO ALEJANDRO                         ";BRASIL 265;952582;"60-057         ";60-057 - LAVATORIO C.STD VERIN PLUS;3;3;3;23600337;220926144757331;185021218;;;;01/31/2032 00:00:00;2;14081226;22/09/2026 14:47:57;Maximiliano;Nievas;;;;;;Maximiliano Nievas;
14398040;22/09/2026 14:19:01;3;2;0001  216001-1;05;CAMIONETA EXP 1;2092884;"HI10    ";"HIPERCAÑO S.A.S.                                  ";BV. COLON 155;957450;"RA1050         ";RA1050 - VOLANTE MALLORCA STD.;8;8;8;23567976;220926141856915;184947523;;;;02/21/2032 00:00:00;8;14080154;22/09/2026 14:18:56;Maximiliano;Nievas;24839261;21/09/2026 16:13:36;7807;Nicolas;Perez;Maximiliano Nievas;Nicolas Perez
14398040;22/09/2026 14:19:01;3;2;0001  216001-1;05;CAMIONETA EXP 1;2092884;"HI10    ";"HIPERCAÑO S.A.S.                                  ";BV. COLON 155;957452;"RA1051         ";RA1051 - VOLANTE TRANSFERENCIA MALLORCA;4;4;4;23567976;220926141856915;184947728;;;;08/05/2031 00:00:00;4;14080154;22/09/2026 14:18:56;Maximiliano;Nievas;24839261;21/09/2026 16:13:36;7807;Nicolas;Perez;Maximiliano Nievas;Nicolas Perez
14398040;22/09/2026 14:19:01;3;2;0001  216001-1;05;CAMIONETA EXP 1;2092884;"HI10    ";"HIPERCAÑO S.A.S.                                  ";BV. COLON 155;957920;"RA920          ";RA920 - VOLANTE VALENCIA;12;12;12;23567976;220926141856915;184955781;;;;01/05/2032 00:00:00;12;14080154;22/09/2026 14:18:56;Maximiliano;Nievas;24839261;21/09/2026 16:13:36;7807;Nicolas;Perez;Maximiliano Nievas;Nicolas Perez
14398104;21/09/2026 15:18:48;2;2;0001  215786-1;05;CAMIONETA EXP 2;2092262;"ED04    ";"EDIFICOR S.R.L.                                   ";AV. LOS MOLDAVOS 3131;952610;"60-122         ";60-122 - LAVATORIO C.CERAM CR VALENCIA;2;2;0;23599109;CARRO156;185160742;;;;01/19/2032 00:00:00;2;;;;;24868032;22/09/2026 14:34:59;7636;Kevin;Arce;;Kevin Arce
14398104;21/09/2026 15:18:48;2;2;0001  215786-1;05;CAMIONETA EXP 2;2092262;"ED04    ";"EDIFICOR S.R.L.                                   ";AV. LOS MOLDAVOS 3131;952628;"60-150         ";60-150 - LAVATORIO CR C.CERAM TOLEDO;2;2;0;23599109;CARRO156;185161108;;;;07/28/2031 00:00:00;2;;;;;24868032;22/09/2026 14:34:59;7636;Kevin;Arce;;Kevin Arce
14398104;21/09/2026 15:18:48;2;2;0001  215786-1;05;CAMIONETA EXP 2;2092262;"ED04    ";"EDIFICOR S.R.L.                                   ";AV. LOS MOLDAVOS 3131;953083;"80-122         ";80-122 - DUCHA EMB.C/TRANSF. C.CERAM CR VALENCIA;2;2;0;23599109;CARRO156;185160862;;;;07/31/2031 00:00:00;2;;;;;24868032;22/09/2026 14:34:59;7636;Kevin;Arce;;Kevin Arce
14398104;21/09/2026 15:18:48;2;2;0001  215786-1;05;CAMIONETA EXP 2;2092262;"ED04    ";"EDIFICOR S.R.L.                                   ";AV. LOS MOLDAVOS 3131;953099;"80-150         ";80-150 - DUCHA EMB. C/TRANSF. CR C.CERAM TOLEDO;1;1;0;23599109;CARRO156;185161193;;;;11/19/2031 00:00:00;1;;;;;24868032;22/09/2026 14:34:59;7636;Kevin;Arce;;Kevin Arce
14398104;21/09/2026 15:18:48;2;2;0001  215786-1;05;CAMIONETA EXP 2;2092262;"ED04    ";"EDIFICOR S.R.L.                                   ";AV. LOS MOLDAVOS 3131;953112;"80-168         ";80-168 - DUCHA EMB C/TRANSF MONOC CR WAVE;3;3;0;23599109;CARRO156;185160312;;;;02/04/2032 00:00:00;3;;;;;24868032;22/09/2026 14:34:59;7636;Kevin;Arce;;Kevin Arce
14398104;21/09/2026 15:18:48;2;2;0001  215786-1;05;CAMIONETA EXP 2;2092262;"ED04    ";"EDIFICOR S.R.L.                                   ";AV. LOS MOLDAVOS 3131;953113;"80-168N        ";80-168N - DUCHA EMB C/TRANSF MONOC BLACK WAVE;3;3;0;23599109;CARRO156;185159269;;;;01/22/2032 00:00:00;3;;;;;24868032;22/09/2026 14:34:59;7636;Kevin;Arce;;Kevin Arce
14398105;21/09/2026 15:18:48;2;2;0001  215788-1;05;CAMIONETA EXP 2;2092262;"ED04    ";"EDIFICOR S.R.L.                                   ";AV. LOS MOLDAVOS 3131;954913;"BCH11N         ";BCH11N - BACHA DE APOYAR REDONDA NEGRO MATE 400x400x125;5;5;0;23600072;CARRO192;185167818;;;;08/02/2031 00:00:00;5;;;;;24869048;22/09/2026 14:50:58;7636;Kevin;Arce;;Kevin Arce
14398106;21/09/2026 15:18:48;2;2;0001  215789-1;05;CAMIONETA EXP 2;2092262;"ED04    ";"EDIFICOR S.R.L.                                   ";AV. LOS MOLDAVOS 3131;952708;"61-168         ";61-168 - LAVATORIO MONOC ALTO CR WAVE;4;4;0;23600076;CARRO40;185168419;;;;07/27/2031 00:00:00;4;;;;;24869049;22/09/2026 14:51:34;7827;Javier;Machado;;Javier Machado
14398107;21/09/2026 15:18:49;2;2;0001  215808-1;05;CAMIONETA EXP 2;2092262;"ED04    ";"EDIFICOR S.R.L.                                   ";AV. LOS MOLDAVOS 3131;951760;"3006SS         ";3006SS - SET DE 6 PIEZAS LINEA 3000 SS;10;10;0;23599641;CARRO44;185164458;;;;07/29/2031 00:00:00;10;;;;;24868629;22/09/2026 14:41:40;7636;Kevin;Arce;;Kevin Arce
14398108;21/09/2026 15:18:49;2;2;0001  215783-1;05;CAMIONETA EXP 2;2092262;"ED04    ";"EDIFICOR S.R.L.                                   ";AV. LOS MOLDAVOS 3131;952598;"60-100NI       ";60-100NI - LAVATORIO NICKEL C.CERAM FABRIC;4;4;0;23600454;CARRO144;185174385;;;;10/08/2031 00:00:00;4;;;;;24869492;22/09/2026 15:40:16;7839;Claudio;Juarez;;Claudio Juarez
14398108;21/09/2026 15:18:49;2;2;0001  215783-1;05;CAMIONETA EXP 2;2092262;"ED04    ";"EDIFICOR S.R.L.                                   ";AV. LOS MOLDAVOS 3131;952616;"60-131         ";60-131 - LAVATORIO C.CERAM CR MALLORCA;2;2;0;23600454;CARRO144;185176368;;;;01/03/2032 00:00:00;2;;;;;24869492;22/09/2026 15:40:16;7839;Claudio;Juarez;;Claudio Juarez
14398108;21/09/2026 15:18:49;2;2;0001  215783-1;05;CAMIONETA EXP 2;2092262;"ED04    ";"EDIFICOR S.R.L.                                   ";AV. LOS MOLDAVOS 3131;952631;"60-153         ";60-153 - LAVATORIO CR C.CERAMICO CASTILLA;1;1;0;23600454;CARRO144;185179731;;;;11/23/2031 00:00:00;1;;;;;24869492;22/09/2026 15:40:16;7839;Claudio;Juarez;;Claudio Juarez
14398108;21/09/2026 15:18:49;2;2;0001  215783-1;05;CAMIONETA EXP 2;2092262;"ED04    ";"EDIFICOR S.R.L.                                   ";AV. LOS MOLDAVOS 3131;952634;"60-162         ";60-162 - LAVATORIO CR C.CERAM LINEA ADRA;2;2;0;23600454;CARRO144;185172423;;;;07/29/2031 00:00:00;2;;;;;24869492;22/09/2026 15:40:16;7839;Claudio;Juarez;;Claudio Juarez
14398108;21/09/2026 15:18:49;2;2;0001  215783-1;05;CAMIONETA EXP 2;2092262;"ED04    ";"EDIFICOR S.R.L.                                   ";AV. LOS MOLDAVOS 3131;952636;"60-163         ";60-163 - LAVATORIO CR C.CERAM SENA;2;2;0;23600454;CARRO144;185172979;;;;07/29/2031 00:00:00;2;;;;;24869492;22/09/2026 15:40:16;7839;Claudio;Juarez;;Claudio Juarez
14398108;21/09/2026 15:18:49;2;2;0001  215783-1;05;CAMIONETA EXP 2;2092262;"ED04    ";"EDIFICOR S.R.L.                                   ";AV. LOS MOLDAVOS 3131;952644;"60-175G        ";60-175G - LAVATORIO GOLD C.CERAM PULSE;2;2;0;23600454;CARRO144;185190988;;;;11/16/2031 00:00:00;2;;;;;24869492;22/09/2026 15:40:16;7839;Claudio;Juarez;;Claudio Juarez
14398108;21/09/2026 15:18:49;2;2;0001  215783-1;05;CAMIONETA EXP 2;2092262;"ED04    ";"EDIFICOR S.R.L.                                   ";AV. LOS MOLDAVOS 3131;952669;"60-199N        ";60-199N - LAVATORIO BLACK C.CERAM LIVE;5;5;0;23600454;CARRO144;185182186;;;;07/27/2031 00:00:00;5;;;;;24869492;22/09/2026 15:40:16;7839;Claudio;Juarez;;Claudio Juarez
14398108;21/09/2026 15:18:49;2;2;0001  215783-1;05;CAMIONETA EXP 2;2092262;"ED04    ";"EDIFICOR S.R.L.                                   ";AV. LOS MOLDAVOS 3131;952677;"60-203         ";60-203 - LAVATORIO MONOCOMANDO BAJO ADRA;3;3;0;23600454;CARRO144;185183818;;;;03/02/2032 00:00:00;3;;;;;24869492;22/09/2026 15:40:16;7839;Claudio;Juarez;;Claudio Juarez
14398108;21/09/2026 15:18:49;2;2;0001  215783-1;05;CAMIONETA EXP 2;2092262;"ED04    ";"EDIFICOR S.R.L.                                   ";AV. LOS MOLDAVOS 3131;952678;"60-203N        ";"LAVATORIO MONOCOMANDO BAJO ADRA BLACK                                 ";3;3;0;23600454;CARRO144;185184455;;;;01/06/2032 00:00:00;3;;;;;24869492;22/09/2026 15:40:16;7839;Claudio;Juarez;;Claudio Juarez
14398108;21/09/2026 15:18:49;2;2;0001  215783-1;05;CAMIONETA EXP 2;2092262;"ED04    ";"EDIFICOR S.R.L.                                   ";AV. LOS MOLDAVOS 3131;955159;"D439           ";D439 - KIT DE DUCHA MANUAL;2;2;0;23600454;CARRO144;185172748;;;;12/16/2031 00:00:00;2;;;;;24869492;22/09/2026 15:40:16;7839;Claudio;Juarez;;Claudio Juarez
14398108;21/09/2026 15:18:49;2;2;0001  215783-1;05;CAMIONETA EXP 2;2092262;"ED04    ";"EDIFICOR S.R.L.                                   ";AV. LOS MOLDAVOS 3131;952726;"61-203         ";61-203 - LAVATORIO MONOCOMANDO ALTO ADRA;10;10;0;23600454;CARRO144;185183700;;;;02/22/2032 00:00:00;10;;;;;24869492;22/09/2026 15:40:16;7839;Claudio;Juarez;;Claudio Juarez
14398108;21/09/2026 15:18:49;2;2;0001  215783-1;05;CAMIONETA EXP 2;2092262;"ED04    ";"EDIFICOR S.R.L.                                   ";AV. LOS MOLDAVOS 3131;952727;"61-203N        ";"LAVATORIO MONOCOMANDO ALTO ADRA BLACK                                 ";5;5;0;23600454;CARRO144;185184504;;;;01/06/2032 00:00:00;5;;;;;24869492;22/09/2026 15:40:16;7839;Claudio;Juarez;;Claudio Juarez
14398108;21/09/2026 15:18:49;2;2;0001  215783-1;05;CAMIONETA EXP 2;2092262;"ED04    ";"EDIFICOR S.R.L.                                   ";AV. LOS MOLDAVOS 3131;952739;"62-100C        ";62-100C - LAVATORIO DE PARED CR C.CERAM FABRIC;3;3;0;23600454;CARRO144;185177817;;;;07/31/2031 00:00:00;3;;;;;24869492;22/09/2026 15:40:16;7839;Claudio;Juarez;;Claudio Juarez
14398108;21/09/2026 15:18:49;2;2;0001  215783-1;05;CAMIONETA EXP 2;2092262;"ED04    ";"EDIFICOR S.R.L.                                   ";AV. LOS MOLDAVOS 3131;952740;"62-100G        ";62-100G - LAVATORIO DE PARED GOLD C.CERAM FABRIC;3;3;0;23600454;CARRO144;185176540;;;;12/20/2031 00:00:00;3;;;;;24869492;22/09/2026 15:40:16;7839;Claudio;Juarez;;Claudio Juarez
14398108;21/09/2026 15:18:49;2;2;0001  215783-1;05;CAMIONETA EXP 2;2092262;"ED04    ";"EDIFICOR S.R.L.                                   ";AV. LOS MOLDAVOS 3131;952741;"62-100N        ";62-100N - LAVATORIO DE PARED BLACK C.CERAM FABRIC;2;2;0;23600454;CARRO144;185175908;;;;11/05/2031 00:00:00;2;;;;;24869492;22/09/2026 15:40:16;7839;Claudio;Juarez;;Claudio Juarez
14398108;21/09/2026 15:18:49;2;2;0001  215783-1;05;CAMIONETA EXP 2;2092262;"ED04    ";"EDIFICOR S.R.L.                                   ";AV. LOS MOLDAVOS 3131;952742;"62-100NI       ";62-100NI - LAVATORIO DE PARED NICKEL C.CERAM FABRIC;5;5;0;23600454;CARRO144;185182917;;;;09/02/2031 00:00:00;5;;;;;24869492;22/09/2026 15:40:16;7839;Claudio;Juarez;;Claudio Juarez
14398108;21/09/2026 15:18:49;2;2;0001  215783-1;05;CAMIONETA EXP 2;2092262;"ED04    ";"EDIFICOR S.R.L.                                   ";AV. LOS MOLDAVOS 3131;952746;"62-121         ";62-121 - LAVATORIO PARED CR C. CERAM  MARBELLA;3;3;0;23600454;CARRO144;185187213;;;;07/31/2031 00:00:00;3;;;;;24869492;22/09/2026 15:40:16;7839;Claudio;Juarez;;Claudio Juarez
14398108;21/09/2026 15:18:49;2;2;0001  215783-1;05;CAMIONETA EXP 2;2092262;"ED04    ";"EDIFICOR S.R.L.                                   ";AV. LOS MOLDAVOS 3131;952756;"62-153         ";62-153 - LAVATORIO PARED EMB. C.CERAM CASTILLA;3;3;0;23600454;CARRO144;185179364;;;;01/21/2032 00:00:00;3;;;;;24869492;22/09/2026 15:40:16;7839;Claudio;Juarez;;Claudio Juarez
14398108;21/09/2026 15:18:49;2;2;0001  215783-1;05;CAMIONETA EXP 2;2092262;"ED04    ";"EDIFICOR S.R.L.                                   ";AV. LOS MOLDAVOS 3131;952766;"62-175G        ";62-175G - LAVATORIO DE PARED GOLD C.CERAM PULSE;1;1;0;23600454;CARRO144;185187323;;;;12/08/2031 00:00:00;1;;;;;24869492;22/09/2026 15:40:16;7839;Claudio;Juarez;;Claudio Juarez
14398108;21/09/2026 15:18:49;2;2;0001  215783-1;05;CAMIONETA EXP 2;2092262;"ED04    ";"EDIFICOR S.R.L.                                   ";AV. LOS MOLDAVOS 3131;952767;"62-175GR       ";62-175GR - LAVATORIO DE PARED PULSE GRAFITO C.CERAM;2;2;0;23600454;CARRO144;185188503;;;;09/03/2031 00:00:00;2;;;;;24869492;22/09/2026 15:40:16;7839;Claudio;Juarez;;Claudio Juarez
14398108;21/09/2026 15:18:49;2;2;0001  215783-1;05;CAMIONETA EXP 2;2092262;"ED04    ";"EDIFICOR S.R.L.                                   ";AV. LOS MOLDAVOS 3131;952783;"62-199N        ";62-199N - LAVATORIO DE PARED BLACK C.CERAM LIVE;3;3;0;23600454;CARRO144;185173472;;;;07/31/2031 00:00:00;3;;;;;24869492;22/09/2026 15:40:16;7839;Claudio;Juarez;;Claudio Juarez
14398108;21/09/2026 15:18:49;2;2;0001  215783-1;05;CAMIONETA EXP 2;2092262;"ED04    ";"EDIFICOR S.R.L.                                   ";AV. LOS MOLDAVOS 3131;952786;"62-201NI       ";62-201NI - LAVATORIO DE PARED C.CERAM BEAT NICKEL;2;2;0;23600454;CARRO144;185181749;;;;11/02/2031 00:00:00;2;;;;;24869492;22/09/2026 15:40:16;7839;Claudio;Juarez;;Claudio Juarez
14398108;21/09/2026 15:18:49;2;2;0001  215783-1;05;CAMIONETA EXP 2;2092262;"ED04    ";"EDIFICOR S.R.L.                                   ";AV. LOS MOLDAVOS 3131;952874;"70-100G        ";70-100G - BIDE GOLD C.CERAM FABRIC;11;11;0;23600454;CARRO144;185177469;;;;07/29/2031 00:00:00;11;;;;;24869492;22/09/2026 15:40:16;7839;Claudio;Juarez;;Claudio Juarez
14398108;21/09/2026 15:18:49;2;2;0001  215783-1;05;CAMIONETA EXP 2;2092262;"ED04    ";"EDIFICOR S.R.L.                                   ";AV. LOS MOLDAVOS 3131;952875;"70-100N        ";70-100N - BIDE BLACK C.CERAM FABRIC;3;3;0;23600454;CARRO144;185178098;;;;07/29/2031 00:00:00;3;;;;;24869492;22/09/2026 15:40:16;7839;Claudio;Juarez;;Claudio Juarez
14398108;21/09/2026 15:18:49;2;2;0001  215783-1;05;CAMIONETA EXP 2;2092262;"ED04    ";"EDIFICOR S.R.L.                                   ";AV. LOS MOLDAVOS 3131;952876;"70-100NI       ";70-100NI - BIDE NICKEL C.CERAM FABRIC;5;5;0;23600454;CARRO144;185173987;;;;12/01/2031 00:00:00;5;;;;;24869492;22/09/2026 15:40:16;7839;Claudio;Juarez;;Claudio Juarez
14398108;21/09/2026 15:18:49;2;2;0001  215783-1;05;CAMIONETA EXP 2;2092262;"ED04    ";"EDIFICOR S.R.L.                                   ";AV. LOS MOLDAVOS 3131;952886;"70-121         ";70-121 - BIDE C.CERAM CR MARBELLA;4;4;0;23600454;CARRO144;185185300;;;;01/17/2032 00:00:00;4;;;;;24869492;22/09/2026 15:40:16;7839;Claudio;Juarez;;Claudio Juarez
14398108;21/09/2026 15:18:49;2;2;0001  215783-1;05;CAMIONETA EXP 2;2092262;"ED04    ";"EDIFICOR S.R.L.                                   ";AV. LOS MOLDAVOS 3131;952894;"70-131         ";70-131 - BIDE C.CERAM CR MALLORCA;2;2;0;23600454;CARRO144;185175296;;;;10/28/2031 00:00:00;2;;;;;24869492;22/09/2026 15:40:16;7839;Claudio;Juarez;;Claudio Juarez
14398108;21/09/2026 15:18:49;2;2;0001  215783-1;05;CAMIONETA EXP 2;2092262;"ED04    ";"EDIFICOR S.R.L.                                   ";AV. LOS MOLDAVOS 3131;952909;"70-153         ";70-153 - BIDE CR C.CERAM CASTILLA;2;2;0;23600454;CARRO144;185179654;;;;10/20/2031 00:00:00;2;;;;;24869492;22/09/2026 15:40:16;7839;Claudio;Juarez;;Claudio Juarez
14398108;21/09/2026 15:18:49;2;2;0001  215783-1;05;CAMIONETA EXP 2;2092262;"ED04    ";"EDIFICOR S.R.L.                                   ";AV. LOS MOLDAVOS 3131;952912;"70-162         ";70-162 - BIDE CR C.CERAM LINEA ADRA;6;6;0;23600454;CARRO144;185171706;;;;07/29/2031 00:00:00;6;;;;;24869492;22/09/2026 15:40:16;7839;Claudio;Juarez;;Claudio Juarez
14398108;21/09/2026 15:18:49;2;2;0001  215783-1;05;CAMIONETA EXP 2;2092262;"ED04    ";"EDIFICOR S.R.L.                                   ";AV. LOS MOLDAVOS 3131;952914;"70-163         ";70-163 - BIDE CR C.CERAM SENA;1;1;0;23600454;CARRO144;185172930;;;;07/27/2031 00:00:00;1;;;;;24869492;22/09/2026 15:40:16;7839;Claudio;Juarez;;Claudio Juarez
14398108;21/09/2026 15:18:49;2;2;0001  215783-1;05;CAMIONETA EXP 2;2092262;"ED04    ";"EDIFICOR S.R.L.                                   ";AV. LOS MOLDAVOS 3131;952922;"70-175G        ";70-175G - BIDE GOLD C.CERAM PULSE;2;2;0;23600454;CARRO144;185187552;;;;11/25/2031 00:00:00;2;;;;;24869492;22/09/2026 15:40:16;7839;Claudio;Juarez;;Claudio Juarez
14398108;21/09/2026 15:18:49;2;2;0001  215783-1;05;CAMIONETA EXP 2;2092262;"ED04    ";"EDIFICOR S.R.L.                                   ";AV. LOS MOLDAVOS 3131;952936;"70-190         ";70-190 - BIDE C.CERAM BLACK VELVET;3;3;0;23600454;CARRO144;185178274;;;;11/08/2031 00:00:00;3;;;;;24869492;22/09/2026 15:40:16;7839;Claudio;Juarez;;Claudio Juarez
14398108;21/09/2026 15:18:49;2;2;0001  215783-1;05;CAMIONETA EXP 2;2092262;"ED04    ";"EDIFICOR S.R.L.                                   ";AV. LOS MOLDAVOS 3131;953071;"80-100G        ";80-100G - DUCHA EMB. C/TRANSF. GOLD C.CERAM FABRIC;2;2;0;23600454;CARRO144;185176816;;;;01/05/2032 00:00:00;2;;;;;24869492;22/09/2026 15:40:16;7839;Claudio;Juarez;;Claudio Juarez
14398108;21/09/2026 15:18:49;2;2;0001  215783-1;05;CAMIONETA EXP 2;2092262;"ED04    ";"EDIFICOR S.R.L.                                   ";AV. LOS MOLDAVOS 3131;953072;"80-100N        ";80-100N - DUCHA EMB. C/TRANSF. BLACK C.CERAM FABRIC;7;7;0;23600454;CARRO144;185175820;;;;02/02/2032 00:00:00;7;;;;;24869492;22/09/2026 15:40:16;7839;Claudio;Juarez;;Claudio Juarez
14398108;21/09/2026 15:18:49;2;2;0001  215783-1;05;CAMIONETA EXP 2;2092262;"ED04    ";"EDIFICOR S.R.L.                                   ";AV. LOS MOLDAVOS 3131;953073;"80-100NI       ";80-100NI - DUCHA EMB. C/TRANSF. NICKEL C.CERAM FABRIC;1;1;0;23600454;CARRO144;185184095;;;;02/08/2032 00:00:00;1;;;;;24869492;22/09/2026 15:40:16;7839;Claudio;Juarez;;Claudio Juarez
14398108;21/09/2026 15:18:49;2;2;0001  215783-1;05;CAMIONETA EXP 2;2092262;"ED04    ";"EDIFICOR S.R.L.                                   ";AV. LOS MOLDAVOS 3131;953086;"80-131         ";80-131 - DUCHA EMB. C/TRANSF. CR C.CERAM MALLORCA;2;2;0;23600454;CARRO144;185175161;;;;01/24/2032 00:00:00;2;;;;;24869492;22/09/2026 15:40:16;7839;Claudio;Juarez;;Claudio Juarez
14398108;21/09/2026 15:18:49;2;2;0001  215783-1;05;CAMIONETA EXP 2;2092262;"ED04    ";"EDIFICOR S.R.L.                                   ";AV. LOS MOLDAVOS 3131;953090;"80-136         ";80-136 - DUCHA EMB. C/TRANSF. CR C.C. MARBELLA PLUS;2;2;0;23600454;CARRO144;185170293;;;;10/29/2031 00:00:00;2;;;;;24869492;22/09/2026 15:40:16;7839;Claudio;Juarez;;Claudio Juarez
14398108;21/09/2026 15:18:49;2;2;0001  215783-1;05;CAMIONETA EXP 2;2092262;"ED04    ";"EDIFICOR S.R.L.                                   ";AV. LOS MOLDAVOS 3131;953108;"80-163         ";80-163 - DUCHA EMB. C/TRANSF. CR C.CERAM SENA;1;1;0;23600454;CARRO144;185173196;;;;09/09/2031 00:00:00;1;;;;;24869492;22/09/2026 15:40:16;7839;Claudio;Juarez;;Claudio Juarez
14398108;21/09/2026 15:18:49;2;2;0001  215783-1;05;CAMIONETA EXP 2;2092262;"ED04    ";"EDIFICOR S.R.L.                                   ";AV. LOS MOLDAVOS 3131;953109;"80-166         ";"DUCHA EMB. C/TRANSF. CR C.CERAM ADRA PLUS                             ";2;2;0;23600454;CARRO144;185172202;;;;01/19/2032 00:00:00;2;;;;;24869492;22/09/2026 15:40:16;7839;Claudio;Juarez;;Claudio Juarez
14398108;21/09/2026 15:18:49;2;2;0001  215783-1;05;CAMIONETA EXP 2;2092262;"ED04    ";"EDIFICOR S.R.L.                                   ";AV. LOS MOLDAVOS 3131;953119;"80-175G        ";80-175G - DUCHA EMB C/TRANSF. GOLD C.CERAM PULSE;2;2;0;23600454;CARRO144;185189283;;;;07/29/2031 00:00:00;2;;;;;24869492;22/09/2026 15:40:16;7839;Claudio;Juarez;;Claudio Juarez
14398108;21/09/2026 15:18:49;2;2;0001  215783-1;05;CAMIONETA EXP 2;2092262;"ED04    ";"EDIFICOR S.R.L.                                   ";AV. LOS MOLDAVOS 3131;953152;"80-200C        ";80-200C - DUCHA EMB. MONOC. 3 FUNCIONES CR FABRIC;10;10;0;23600454;CARRO144;185186274;;;;12/15/2031 00:00:00;10;;;;;24869492;22/09/2026 15:40:16;7839;Claudio;Juarez;;Claudio Juarez
14398108;21/09/2026 15:18:49;2;2;0001  215783-1;05;CAMIONETA EXP 2;2092262;"ED04    ";"EDIFICOR S.R.L.                                   ";AV. LOS MOLDAVOS 3131;953153;"80-200G        ";80-200G - DUCHA EMB. MONOC. 3 FUNCIONES GOLD FABRIC;8;8;0;23600454;CARRO144;185190574;;;;01/18/2032 00:00:00;8;;;;;24869492;22/09/2026 15:40:16;7839;Claudio;Juarez;;Claudio Juarez
14398108;21/09/2026 15:18:49;2;2;0001  215783-1;05;CAMIONETA EXP 2;2092262;"ED04    ";"EDIFICOR S.R.L.                                   ";AV. LOS MOLDAVOS 3131;953154;"80-200N        ";80-200N - DUCHA EMB. MONOC. 3 FUNCIONES BLACK FABRIC;10;10;0;23600454;CARRO144;185186217;;;;01/18/2032 00:00:00;10;;;;;24869492;22/09/2026 15:40:16;7839;Claudio;Juarez;;Claudio Juarez
14398108;21/09/2026 15:18:49;2;2;0001  215783-1;05;CAMIONETA EXP 2;2092262;"ED04    ";"EDIFICOR S.R.L.                                   ";AV. LOS MOLDAVOS 3131;953168;"80-329         ";80-329 - DUCHA DE EMB 3 FUNCIONES CASTILLA;3;3;0;23600454;CARRO144;185178956;;;;03/01/2032 00:00:00;3;;;;;24869492;22/09/2026 15:40:16;7839;Claudio;Juarez;;Claudio Juarez
14398108;21/09/2026 15:18:49;2;2;0001  215783-1;05;CAMIONETA EXP 2;2092262;"ED04    ";"EDIFICOR S.R.L.                                   ";AV. LOS MOLDAVOS 3131;953343;"85-153         ";85-153 - DUCHA EMB C/TRANSF Y DUCHADOR CR C.CERAM CASTILLA;1;1;0;23600454;CARRO144;185178674;;;;11/16/2031 00:00:00;1;;;;;24869492;22/09/2026 15:40:16;7839;Claudio;Juarez;;Claudio Juarez
14398108;21/09/2026 15:18:49;2;2;0001  215783-1;05;CAMIONETA EXP 2;2092262;"ED04    ";"EDIFICOR S.R.L.                                   ";AV. LOS MOLDAVOS 3131;953477;"934/CR         ";934/CR - J.PARED C/EXT CRUZ CR/CR ARES;2;2;0;23600454;CARRO144;185174947;;;;02/09/2032 00:00:00;2;;;;;24869492;22/09/2026 15:40:16;7839;Claudio;Juarez;;Claudio Juarez
14398109;21/09/2026 15:18:49;2;2;0001  215787-1;05;CAMIONETA EXP 2;2092262;"ED04    ";"EDIFICOR S.R.L.                                   ";RUTA A005 ESQ PTE. PERON (O);953082;"80-121         ";80-121 - DUCHA EMB. C/TRANSF. CR C.C. MARBELLA;2;2;0;23604219;CARRO45;185203958;;;;08/04/2031 00:00:00;2;;;;;24873251;22/09/2026 16:15:01;7839;Claudio;Juarez;;Claudio Juarez
14398109;21/09/2026 15:18:49;2;2;0001  215787-1;05;CAMIONETA EXP 2;2092262;"ED04    ";"EDIFICOR S.R.L.                                   ";RUTA A005 ESQ PTE. PERON (O);953086;"80-131         ";80-131 - DUCHA EMB. C/TRANSF. CR C.CERAM MALLORCA;3;3;0;23604219;CARRO45;185202837;;;;01/24/2032 00:00:00;3;;;;;24873251;22/09/2026 16:15:01;7839;Claudio;Juarez;;Claudio Juarez
14398109;21/09/2026 15:18:49;2;2;0001  215787-1;05;CAMIONETA EXP 2;2092262;"ED04    ";"EDIFICOR S.R.L.                                   ";RUTA A005 ESQ PTE. PERON (O);953089;"80-135         ";80-135 - DUCHA EMB. C/TRANSF. C.CERAM SANTANDER;1;1;0;23604219;CARRO45;185203219;;;;10/05/2031 00:00:00;1;;;;;24873251;22/09/2026 16:15:01;7839;Claudio;Juarez;;Claudio Juarez
14398109;21/09/2026 15:18:49;2;2;0001  215787-1;05;CAMIONETA EXP 2;2092262;"ED04    ";"EDIFICOR S.R.L.                                   ";RUTA A005 ESQ PTE. PERON (O);953091;"80-138         ";80-138 - DUCHA EMB. C/TRANSF. CR C.CERAM VALENCIA PLUS;2;2;0;23604219;CARRO45;185199843;;;;01/14/2032 00:00:00;2;;;;;24873251;22/09/2026 16:15:01;7839;Claudio;Juarez;;Claudio Juarez
14398109;21/09/2026 15:18:49;2;2;0001  215787-1;05;CAMIONETA EXP 2;2092262;"ED04    ";"EDIFICOR S.R.L.                                   ";RUTA A005 ESQ PTE. PERON (O);953112;"80-168         ";80-168 - DUCHA EMB C/TRANSF MONOC CR WAVE;2;2;0;23604219;CARRO45;185204572;;;;02/04/2032 00:00:00;2;;;;;24873251;22/09/2026 16:15:01;7839;Claudio;Juarez;;Claudio Juarez
14398109;21/09/2026 15:18:49;2;2;0001  215787-1;05;CAMIONETA EXP 2;2092262;"ED04    ";"EDIFICOR S.R.L.                                   ";RUTA A005 ESQ PTE. PERON (O);953113;"80-168N        ";80-168N - DUCHA EMB C/TRANSF MONOC BLACK WAVE;2;2;0;23604219;CARRO45;185205742;;;;01/22/2032 00:00:00;2;;;;;24873251;22/09/2026 16:15:01;7839;Claudio;Juarez;;Claudio Juarez
14398109;21/09/2026 15:18:49;2;2;0001  215787-1;05;CAMIONETA EXP 2;2092262;"ED04    ";"EDIFICOR S.R.L.                                   ";RUTA A005 ESQ PTE. PERON (O);953152;"80-200C        ";80-200C - DUCHA EMB. MONOC. 3 FUNCIONES CR FABRIC;1;1;0;23604219;CARRO45;185204232;;;;12/15/2031 00:00:00;1;;;;;24873251;22/09/2026 16:15:01;7839;Claudio;Juarez;;Claudio Juarez
14398109;21/09/2026 15:18:49;2;2;0001  215787-1;05;CAMIONETA EXP 2;2092262;"ED04    ";"EDIFICOR S.R.L.                                   ";RUTA A005 ESQ PTE. PERON (O);953153;"80-200G        ";80-200G - DUCHA EMB. MONOC. 3 FUNCIONES GOLD FABRIC;2;2;0;23604219;CARRO45;185205397;;;;01/18/2032 00:00:00;2;;;;;24873251;22/09/2026 16:15:01;7839;Claudio;Juarez;;Claudio Juarez
14398109;21/09/2026 15:18:49;2;2;0001  215787-1;05;CAMIONETA EXP 2;2092262;"ED04    ";"EDIFICOR S.R.L.                                   ";RUTA A005 ESQ PTE. PERON (O);953154;"80-200N        ";80-200N - DUCHA EMB. MONOC. 3 FUNCIONES BLACK FABRIC;2;2;0;23604219;CARRO45;185204105;;;;01/18/2032 00:00:00;2;;;;;24873251;22/09/2026 16:15:01;7839;Claudio;Juarez;;Claudio Juarez
14398109;21/09/2026 15:18:49;2;2;0001  215787-1;05;CAMIONETA EXP 2;2092262;"ED04    ";"EDIFICOR S.R.L.                                   ";RUTA A005 ESQ PTE. PERON (O);953176;"80-390         ";80-390 - DUCHA DE EMB 3 FUNCIONES BLACK VELVET;1;1;0;23604219;CARRO45;185201676;;;;09/21/2031 00:00:00;1;;;;;24873251;22/09/2026 16:15:01;7839;Claudio;Juarez;;Claudio Juarez
14398109;21/09/2026 15:18:49;2;2;0001  215787-1;05;CAMIONETA EXP 2;2092262;"ED04    ";"EDIFICOR S.R.L.                                   ";RUTA A005 ESQ PTE. PERON (O);953243;"814/CR         ";814/CR - MESADA P.FUNDIDO CR/CR ARES;2;2;0;23604219;CARRO45;185203658;;;;01/13/2032 00:00:00;2;;;;;24873251;22/09/2026 16:15:01;7839;Claudio;Juarez;;Claudio Juarez
14398109;21/09/2026 15:18:49;2;2;0001  215787-1;05;CAMIONETA EXP 2;2092262;"ED04    ";"EDIFICOR S.R.L.                                   ";RUTA A005 ESQ PTE. PERON (O);953278;"83-001N        ";"83-001N - DUCHA EXT. C/TRANSF. ""CROMO Y""";2;2;0;23604219;CARRO45;185203591;;;;11/26/2031 00:00:00;2;;;;;24873251;22/09/2026 16:15:01;7839;Claudio;Juarez;;Claudio Juarez
14398109;21/09/2026 15:18:49;2;2;0001  215787-1;05;CAMIONETA EXP 2;2092262;"ED04    ";"EDIFICOR S.R.L.                                   ";RUTA A005 ESQ PTE. PERON (O);951521;"20-131         ";20-131 - MONOCOMANDO COCINA MALLORCA;3;3;0;23604219;CARRO45;185202684;;;;07/29/2031 00:00:00;3;;;;;24873251;22/09/2026 16:15:01;7839;Claudio;Juarez;;Claudio Juarez
14398109;21/09/2026 15:18:49;2;2;0001  215787-1;05;CAMIONETA EXP 2;2092262;"ED04    ";"EDIFICOR S.R.L.                                   ";RUTA A005 ESQ PTE. PERON (O);951568;"203            ";"203 - LAVATORIO CROMO ""DIQUE""";2;2;0;23604219;CARRO45;185200848;;;;01/11/2032 00:00:00;2;;;;;24873251;22/09/2026 16:15:01;7839;Claudio;Juarez;;Claudio Juarez
14398109;21/09/2026 15:18:49;2;2;0001  215787-1;05;CAMIONETA EXP 2;2092262;"ED04    ";"EDIFICOR S.R.L.                                   ";RUTA A005 ESQ PTE. PERON (O);952426;"51-010         ";51-010 - COCINA MESADA BL/CR LORCA;2;2;0;23604219;CARRO45;185200045;;;;01/14/2032 00:00:00;2;;;;;24873251;22/09/2026 16:15:01;7839;Claudio;Juarez;;Claudio Juarez
14398109;21/09/2026 15:18:49;2;2;0001  215787-1;05;CAMIONETA EXP 2;2092262;"ED04    ";"EDIFICOR S.R.L.                                   ";RUTA A005 ESQ PTE. PERON (O);952449;"51-107         ";51-107 - JGO. MESADA CR C.CERAM BEDIA;2;2;0;23604219;CARRO45;185201188;;;;11/10/2031 00:00:00;2;;;;;24873251;22/09/2026 16:15:01;7839;Claudio;Juarez;;Claudio Juarez
14398109;21/09/2026 15:18:49;2;2;0001  215787-1;05;CAMIONETA EXP 2;2092262;"ED04    ";"EDIFICOR S.R.L.                                   ";RUTA A005 ESQ PTE. PERON (O);952452;"51-122         ";51-122 - MESADA BIMANDO CR C.CERAM VALENCIA;1;1;0;23604219;CARRO45;185201472;;;;02/01/2032 00:00:00;1;;;;;24873251;22/09/2026 16:15:01;7839;Claudio;Juarez;;Claudio Juarez
14398109;21/09/2026 15:18:49;2;2;0001  215787-1;05;CAMIONETA EXP 2;2092262;"ED04    ";"EDIFICOR S.R.L.                                   ";RUTA A005 ESQ PTE. PERON (O);952453;"51-131         ";51-131 - MESADA BIMANDO CR C.CERAM MALLORCA;1;1;0;23604219;CARRO45;185202525;;;;01/31/2032 00:00:00;1;;;;;24873251;22/09/2026 16:15:01;7839;Claudio;Juarez;;Claudio Juarez
14398109;21/09/2026 15:18:49;2;2;0001  215787-1;05;CAMIONETA EXP 2;2092262;"ED04    ";"EDIFICOR S.R.L.                                   ";RUTA A005 ESQ PTE. PERON (O);952456;"51-190         ";51-190 - MESADA BIMANDO C.CERAM BLACK VELVET;1;1;0;23604219;CARRO45;185201857;;;;01/31/2032 00:00:00;1;;;;;24873251;22/09/2026 16:15:01;7839;Claudio;Juarez;;Claudio Juarez
14398109;21/09/2026 15:18:49;2;2;0001  215787-1;05;CAMIONETA EXP 2;2092262;"ED04    ";"EDIFICOR S.R.L.                                   ";RUTA A005 ESQ PTE. PERON (O);952608;"60-121         ";60-121 - LAVATORIO C.CERAM CR MARBELLA;2;2;0;23604219;CARRO45;185204373;;;;01/25/2032 00:00:00;2;;;;;24873251;22/09/2026 16:15:01;7839;Claudio;Juarez;;Claudio Juarez
14398109;21/09/2026 15:18:49;2;2;0001  215787-1;05;CAMIONETA EXP 2;2092262;"ED04    ";"EDIFICOR S.R.L.                                   ";RUTA A005 ESQ PTE. PERON (O);952610;"60-122         ";60-122 - LAVATORIO C.CERAM CR VALENCIA;2;2;0;23604219;CARRO45;185201390;;;;01/19/2032 00:00:00;2;;;;;24873251;22/09/2026 16:15:01;7839;Claudio;Juarez;;Claudio Juarez
14398109;21/09/2026 15:18:49;2;2;0001  215787-1;05;CAMIONETA EXP 2;2092262;"ED04    ";"EDIFICOR S.R.L.                                   ";RUTA A005 ESQ PTE. PERON (O);952616;"60-131         ";60-131 - LAVATORIO C.CERAM CR MALLORCA;3;3;0;23604219;CARRO45;185202349;;;;01/03/2032 00:00:00;3;;;;;24873251;22/09/2026 16:15:01;7839;Claudio;Juarez;;Claudio Juarez
14398109;21/09/2026 15:18:49;2;2;0001  215787-1;05;CAMIONETA EXP 2;2092262;"ED04    ";"EDIFICOR S.R.L.                                   ";RUTA A005 ESQ PTE. PERON (O);952620;"60-135         ";60-135 - LAVATORIO C.CERAM SANTANDER;1;1;0;23604219;CARRO45;185203163;;;;01/14/2032 00:00:00;1;;;;;24873251;22/09/2026 16:15:01;7839;Claudio;Juarez;;Claudio Juarez
14398109;21/09/2026 15:18:49;2;2;0001  215787-1;05;CAMIONETA EXP 2;2092262;"ED04    ";"EDIFICOR S.R.L.                                   ";RUTA A005 ESQ PTE. PERON (O);952634;"60-162         ";60-162 - LAVATORIO CR C.CERAM LINEA ADRA;2;2;0;23604219;CARRO45;185200360;;;;07/29/2031 00:00:00;2;;;;;24873251;22/09/2026 16:15:01;7839;Claudio;Juarez;;Claudio Juarez
14398109;21/09/2026 15:18:49;2;2;0001  215787-1;05;CAMIONETA EXP 2;2092262;"ED04    ";"EDIFICOR S.R.L.                                   ";RUTA A005 ESQ PTE. PERON (O);952739;"62-100C        ";62-100C - LAVATORIO DE PARED CR C.CERAM FABRIC;3;3;0;23604219;CARRO45;185202081;;;;07/31/2031 00:00:00;3;;;;;24873251;22/09/2026 16:15:01;7839;Claudio;Juarez;;Claudio Juarez
14398109;21/09/2026 15:18:49;2;2;0001  215787-1;05;CAMIONETA EXP 2;2092262;"ED04    ";"EDIFICOR S.R.L.                                   ";RUTA A005 ESQ PTE. PERON (O);952750;"62-135         ";62-135 - LAVATORIO P/PARED C.CERAM SANTANDER;1;1;0;23604219;CARRO45;185203482;;;;08/25/2031 00:00:00;1;;;;;24873251;22/09/2026 16:15:01;7839;Claudio;Juarez;;Claudio Juarez
14398109;21/09/2026 15:18:49;2;2;0001  215787-1;05;CAMIONETA EXP 2;2092262;"ED04    ";"EDIFICOR S.R.L.                                   ";RUTA A005 ESQ PTE. PERON (O);952767;"62-175GR       ";62-175GR - LAVATORIO DE PARED PULSE GRAFITO C.CERAM;1;1;0;23604219;CARRO45;185204933;;;;09/03/2031 00:00:00;1;;;;;24873251;22/09/2026 16:15:01;7839;Claudio;Juarez;;Claudio Juarez
14398109;21/09/2026 15:18:49;2;2;0001  215787-1;05;CAMIONETA EXP 2;2092262;"ED04    ";"EDIFICOR S.R.L.                                   ";RUTA A005 ESQ PTE. PERON (O);952888;"70-122         ";70-122 - BIDE C.CERAM CR VALENCIA;1;1;0;23604219;CARRO45;185201326;;;;10/26/2031 00:00:00;1;;;;;24873251;22/09/2026 16:15:01;7839;Claudio;Juarez;;Claudio Juarez
14398109;21/09/2026 15:18:49;2;2;0001  215787-1;05;CAMIONETA EXP 2;2092262;"ED04    ";"EDIFICOR S.R.L.                                   ";RUTA A005 ESQ PTE. PERON (O);952894;"70-131         ";70-131 - BIDE C.CERAM CR MALLORCA;3;3;0;23604219;CARRO45;185202991;;;;10/28/2031 00:00:00;3;;;;;24873251;22/09/2026 16:15:01;7839;Claudio;Juarez;;Claudio Juarez
14398109;21/09/2026 15:18:49;2;2;0001  215787-1;05;CAMIONETA EXP 2;2092262;"ED04    ";"EDIFICOR S.R.L.                                   ";RUTA A005 ESQ PTE. PERON (O);952898;"70-135         ";70-135 - BIDE C.CERAM SANTANDER;1;1;0;23604219;CARRO45;185203362;;;;02/18/2032 00:00:00;1;;;;;24873251;22/09/2026 16:15:01;7839;Claudio;Juarez;;Claudio Juarez
14398673;22/09/2026 14:42:51;3;2;0001  216029-1;02;CAMIONETA EXP URG;2094268;"SA02    ";"SAMACO S.A.                                       ";R.E. de SAN MARTIN 2197;956490;"LG03C60        ";LG03C60 - LAVATORIO CR C.STD BERNA;5;5;5;23594739;220926054250977;185126483;;;;02/10/2032 00:00:00;5;14080495;22/09/2026 14:42:50;Mirko;Hernandez;24863748;22/09/2026 13:13:35;7827;Javier;Machado;Mirko Hernandez;Javier Machado
14398673;22/09/2026 14:42:51;3;2;0001  216029-1;02;CAMIONETA EXP URG;2094268;"SA02    ";"SAMACO S.A.                                       ";R.E. de SAN MARTIN 2197;956491;"LG03C70        ";LG03C70 - BIDE CR C.STD BERNA;2;2;2;23594739;220926054250977;185126284;;;;12/14/2031 00:00:00;2;14080495;22/09/2026 14:42:50;Mirko;Hernandez;24863748;22/09/2026 13:13:35;7827;Javier;Machado;Mirko Hernandez;Javier Machado
14398673;22/09/2026 14:42:51;3;2;0001  216029-1;02;CAMIONETA EXP URG;2094268;"SA02    ";"SAMACO S.A.                                       ";R.E. de SAN MARTIN 2197;956492;"LG03C80        ";LG03C80 - DUCHA EMB. C/TRANSF. CR C.STD BERNA;4;4;4;23594739;220926054250977;185126121;;;;12/14/2031 00:00:00;4;14080495;22/09/2026 14:42:50;Mirko;Hernandez;24863748;22/09/2026 13:13:35;7827;Javier;Machado;Mirko Hernandez;Javier Machado
14398673;22/09/2026 14:42:51;3;2;0001  216029-1;02;CAMIONETA EXP URG;2094268;"SA02    ";"SAMACO S.A.                                       ";R.E. de SAN MARTIN 2197;956482;"LG01C20        ";LG01C20 - MONOCOMANDO COCINA CR LUCERNA;3;3;3;23595103;220926052628580;185128003;;;;07/29/2031 00:00:00;3;14080464;22/09/2026 14:26:28;Mirko;Hernandez;24864090;22/09/2026 13:13:39;7839;Claudio;Juarez;Mirko Hernandez;Claudio Juarez
14398673;22/09/2026 14:42:51;3;2;0001  216029-1;02;CAMIONETA EXP URG;2094268;"SA02    ";"SAMACO S.A.                                       ";R.E. de SAN MARTIN 2197;956505;"LG07C20        ";"MONOCOMANDO DE COCINA CR ZURICH                                       ";1;1;1;23595103;220926052628580;185127528;;;;12/20/2031 00:00:00;1;14080464;22/09/2026 14:26:28;Mirko;Hernandez;24864090;22/09/2026 13:13:39;7839;Claudio;Juarez;Mirko Hernandez;Claudio Juarez
14398728;21/09/2026 10:05:58;3;2;0001  215661-1;05;CAMION MIE 3;2092181;"DR01    ";"DOMINGO RESTA Y CIA. SA                           ";SEGUROLA 650;954228;"A1450C         ";A1450C - DUCHADOR CILINDRICO MINIMALISTA ABS CROMO C/BLISTER;2;2;2;23544715;210926100556665;184775279;;;;07/31/2031 00:00:00;2;14053789;21/09/2026 10:05:56;Tiago;Rodriguez;24817552;21/09/2026 08:02:18;7310;Maximiliano;Nievas;Tiago Rodriguez;Maximiliano Nievas
14398728;21/09/2026 10:05:58;3;2;0001  215661-1;05;CAMION MIE 3;2092181;"DR01    ";"DOMINGO RESTA Y CIA. SA                           ";SEGUROLA 650;950892;"01-010         ";"VALVULA P/MINGITORIO TEMPORIZADA TECNO                                ";10;10;10;23552024;210926100532054;184776745;;;;07/28/2031 00:00:00;10;14053795;21/09/2026 10:05:32;Tiago;Rodriguez;;;;;;Tiago Rodriguez;
14398728;21/09/2026 10:05:58;3;2;0001  215661-1;05;CAMION MIE 3;2092181;"DR01    ";"DOMINGO RESTA Y CIA. SA                           ";SEGUROLA 650;950906;"04-010         ";"LAVATORIO DE PARED TEMPORIZADO TECNO                                  ";10;10;10;23552042;210926100543925;184776269;;;;07/31/2031 00:00:00;10;14053799;21/09/2026 10:05:43;Tiago;Rodriguez;;;;;;Tiago Rodriguez;
14398729;21/09/2026 10:03:15;3;2;0001  215675-1;05;CAMION MIE 3;2092181;"DR01    ";"DOMINGO RESTA Y CIA. SA                           ";SEGUROLA 650;952795;"63-168         ";63-168 - LAVATORIO PARED EMB MONOC CR WAVE;1;1;1;23544716;210926100314326;184775853;;;;07/28/2031 00:00:00;1;14053737;21/09/2026 10:03:14;Tiago;Rodriguez;24817552;21/09/2026 08:02:18;7310;Maximiliano;Nievas;Tiago Rodriguez;Maximiliano Nievas
14398730;21/09/2026 09:42:40;3;2;0001  215848-1;05;CAMION MIE 3;2092181;"DR01    ";"DOMINGO RESTA Y CIA. SA                           ";SEGUROLA 650;954804;"AB-001         ";AB-001 - AGARRADERA ACERO INOX CROMADO 30 CM SAFE;61;61;61;23544678;210926094239473;184775066;;;;07/28/2031 00:00:00;10;14052995;21/09/2026 09:42:39;Tiago;Rodriguez;24817508;21/09/2026 07:38:38;6866;Alejandro;Dure;Tiago Rodriguez;Alejandro Dure
14398730;21/09/2026 09:42:40;3;2;0001  215848-1;05;CAMION MIE 3;2092181;"DR01    ";"DOMINGO RESTA Y CIA. SA                           ";SEGUROLA 650;951961;"3030           ";3030 - PERCHA LINEA 3000;122;122;122;23550231;210926093403502;184808603;;;;08/27/2031 00:00:00;50;14053018;21/09/2026 09:34:03;Tiago;Rodriguez;;;;;;Tiago Rodriguez;
14398730;21/09/2026 09:42:40;3;2;0001  215848-1;05;CAMION MIE 3;2092181;"DR01    ";"DOMINGO RESTA Y CIA. SA                           ";SEGUROLA 650;951961;"3030           ";3030 - PERCHA LINEA 3000;122;122;122;23550247;210926093421031;184808695;;;;08/27/2031 00:00:00;50;14053022;21/09/2026 09:34:21;Tiago;Rodriguez;;;;;;Tiago Rodriguez;
14398730;21/09/2026 09:42:40;3;2;0001  215848-1;05;CAMION MIE 3;2092181;"DR01    ";"DOMINGO RESTA Y CIA. SA                           ";SEGUROLA 650;954804;"AB-001         ";AB-001 - AGARRADERA ACERO INOX CROMADO 30 CM SAFE;61;61;61;23550426;210926093736916;184809752;;;;07/28/2031 00:00:00;1;14053094;21/09/2026 09:37:36;Tiago;Rodriguez;;;;;;Tiago Rodriguez;
14398730;21/09/2026 09:42:40;3;2;0001  215848-1;05;CAMION MIE 3;2092181;"DR01    ";"DOMINGO RESTA Y CIA. SA                           ";SEGUROLA 650;951975;"3040           ";3040 - PORTA ROLLO LINEA 3000;66;66;66;23550426;210926093736916;184809751;;;;07/27/2031 00:00:00;6;14053094;21/09/2026 09:37:36;Tiago;Rodriguez;;;;;;Tiago Rodriguez;
14398730;21/09/2026 09:42:40;3;2;0001  215848-1;05;CAMION MIE 3;2092181;"DR01    ";"DOMINGO RESTA Y CIA. SA                           ";SEGUROLA 650;951961;"3030           ";3030 - PERCHA LINEA 3000;122;122;122;23550426;210926093736916;184773933;;;;08/27/2031 00:00:00;22;14053094;21/09/2026 09:37:36;Tiago;Rodriguez;;;;;;Tiago Rodriguez;
14398730;21/09/2026 09:42:40;3;2;0001  215848-1;05;CAMION MIE 3;2092181;"DR01    ";"DOMINGO RESTA Y CIA. SA                           ";SEGUROLA 650;951906;"3020           ";3020 - TOALLERO DE ARO LINEA 3000;67;67;67;23550542;210926093956423;184810526;;;;07/29/2031 00:00:00;7;14053162;21/09/2026 09:39:56;Tiago;Rodriguez;;;;;;Tiago Rodriguez;
14398730;21/09/2026 09:42:40;3;2;0001  215848-1;05;CAMION MIE 3;2092181;"DR01    ";"DOMINGO RESTA Y CIA. SA                           ";SEGUROLA 650;951906;"3020           ";3020 - TOALLERO DE ARO LINEA 3000;67;67;67;23550562;210926094015043;184810623;;;;07/29/2031 00:00:00;20;14053178;21/09/2026 09:40:15;Tiago;Rodriguez;;;;;;Tiago Rodriguez;
14398730;21/09/2026 09:42:40;3;2;0001  215848-1;05;CAMION MIE 3;2092181;"DR01    ";"DOMINGO RESTA Y CIA. SA                           ";SEGUROLA 650;951906;"3020           ";3020 - TOALLERO DE ARO LINEA 3000;67;67;67;23550567;210926094027681;184810697;;;;07/29/2031 00:00:00;20;14053184;21/09/2026 09:40:27;Tiago;Rodriguez;;;;;;Tiago Rodriguez;
14398730;21/09/2026 09:42:40;3;2;0001  215848-1;05;CAMION MIE 3;2092181;"DR01    ";"DOMINGO RESTA Y CIA. SA                           ";SEGUROLA 650;951906;"3020           ";3020 - TOALLERO DE ARO LINEA 3000;67;67;67;23550578;210926094037879;184773472;;;;07/29/2031 00:00:00;20;14053189;21/09/2026 09:40:37;Tiago;Rodriguez;;;;;;Tiago Rodriguez;
14398730;21/09/2026 09:42:40;3;2;0001  215848-1;05;CAMION MIE 3;2092181;"DR01    ";"DOMINGO RESTA Y CIA. SA                           ";SEGUROLA 650;951975;"3040           ";3040 - PORTA ROLLO LINEA 3000;66;66;66;23550591;210926094048902;184810799;;;;07/27/2031 00:00:00;20;14053193;21/09/2026 09:40:48;Tiago;Rodriguez;;;;;;Tiago Rodriguez;
14398730;21/09/2026 09:42:40;3;2;0001  215848-1;05;CAMION MIE 3;2092181;"DR01    ";"DOMINGO RESTA Y CIA. SA                           ";SEGUROLA 650;951975;"3040           ";3040 - PORTA ROLLO LINEA 3000;66;66;66;23550606;210926094057202;184810844;;;;07/27/2031 00:00:00;20;14053196;21/09/2026 09:40:57;Tiago;Rodriguez;;;;;;Tiago Rodriguez;
14398730;21/09/2026 09:42:40;3;2;0001  215848-1;05;CAMION MIE 3;2092181;"DR01    ";"DOMINGO RESTA Y CIA. SA                           ";SEGUROLA 650;951975;"3040           ";3040 - PORTA ROLLO LINEA 3000;66;66;66;23550613;210926094105832;184774410;;;;07/27/2031 00:00:00;20;14053200;21/09/2026 09:41:05;Tiago;Rodriguez;;;;;;Tiago Rodriguez;
14398730;21/09/2026 09:42:40;3;2;0001  215848-1;05;CAMION MIE 3;2092181;"DR01    ";"DOMINGO RESTA Y CIA. SA                           ";SEGUROLA 650;954804;"AB-001         ";AB-001 - AGARRADERA ACERO INOX CROMADO 30 CM SAFE;61;61;61;23550641;210926094137390;184811059;;;;07/28/2031 00:00:00;10;14053217;21/09/2026 09:41:37;Tiago;Rodriguez;;;;;;Tiago Rodriguez;
14398730;21/09/2026 09:42:40;3;2;0001  215848-1;05;CAMION MIE 3;2092181;"DR01    ";"DOMINGO RESTA Y CIA. SA                           ";SEGUROLA 650;954804;"AB-001         ";AB-001 - AGARRADERA ACERO INOX CROMADO 30 CM SAFE;61;61;61;23550655;210926094147894;184811115;;;;07/28/2031 00:00:00;10;14053220;21/09/2026 09:41:47;Tiago;Rodriguez;;;;;;Tiago Rodriguez;
14398730;21/09/2026 09:42:40;3;2;0001  215848-1;05;CAMION MIE 3;2092181;"DR01    ";"DOMINGO RESTA Y CIA. SA                           ";SEGUROLA 650;954804;"AB-001         ";AB-001 - AGARRADERA ACERO INOX CROMADO 30 CM SAFE;61;61;61;23550670;210926094202266;184811180;;;;07/28/2031 00:00:00;10;14053223;21/09/2026 09:42:02;Tiago;Rodriguez;;;;;;Tiago Rodriguez;
14398730;21/09/2026 09:42:40;3;2;0001  215848-1;05;CAMION MIE 3;2092181;"DR01    ";"DOMINGO RESTA Y CIA. SA                           ";SEGUROLA 650;954804;"AB-001         ";AB-001 - AGARRADERA ACERO INOX CROMADO 30 CM SAFE;61;61;61;23550683;210926094214673;184811258;;;;07/28/2031 00:00:00;10;14053231;21/09/2026 09:42:14;Tiago;Rodriguez;;;;;;Tiago Rodriguez;
14398730;21/09/2026 09:42:40;3;2;0001  215848-1;05;CAMION MIE 3;2092181;"DR01    ";"DOMINGO RESTA Y CIA. SA                           ";SEGUROLA 650;954804;"AB-001         ";AB-001 - AGARRADERA ACERO INOX CROMADO 30 CM SAFE;61;61;61;23550698;210926094226125;184811322;;;;07/28/2031 00:00:00;10;14053233;21/09/2026 09:42:26;Tiago;Rodriguez;;;;;;Tiago Rodriguez;
14398731;21/09/2026 09:58:02;3;2;0001  216016-1;05;CAMION MIE 3;2092181;"DR01    ";"DOMINGO RESTA Y CIA. SA                           ";SEGUROLA 650;954651;"A816           ";"A816 - DUCHA 6"" C/BRAZO Y CAMPANA CR";8;8;8;23544717;210926095759288;184774503;;;;07/27/2031 00:00:00;8;14053614;21/09/2026 09:57:59;Tiago;Rodriguez;24817552;21/09/2026 08:02:18;7310;Maximiliano;Nievas;Tiago Rodriguez;Maximiliano Nievas
14398731;21/09/2026 09:58:02;3;2;0001  216016-1;05;CAMION MIE 3;2092181;"DR01    ";"DOMINGO RESTA Y CIA. SA                           ";SEGUROLA 650;953161;"80-205         ";80-205 - DUCHA EMB. C/TRANSF. MONOC STEEL;6;6;6;23551592;210926095748325;184778925;;;;08/11/2031 00:00:00;6;14053620;21/09/2026 09:57:48;Tiago;Rodriguez;;;;;;Tiago Rodriguez;
14398732;21/09/2026 09:31:48;3;2;0001  216054-1;05;CAMION MIE 3;2092181;"DR01    ";"DOMINGO RESTA Y CIA. SA                           ";SEGUROLA 650;953091;"80-138         ";80-138 - DUCHA EMB. C/TRANSF. CR C.CERAM VALENCIA PLUS;1;1;1;23544770;210926093147188;184773780;;;;01/14/2032 00:00:00;1;14052910;21/09/2026 09:31:47;Tiago;Rodriguez;24817598;21/09/2026 07:36:26;7807;Nicolas;Perez;Tiago Rodriguez;Nicolas Perez
14398732;21/09/2026 09:31:48;3;2;0001  216054-1;05;CAMION MIE 3;2092181;"DR01    ";"DOMINGO RESTA Y CIA. SA                           ";SEGUROLA 650;952616;"60-131         ";60-131 - LAVATORIO C.CERAM CR MALLORCA;1;1;1;23544770;210926093147188;184774142;;;;01/03/2032 00:00:00;1;14052910;21/09/2026 09:31:47;Tiago;Rodriguez;24817598;21/09/2026 07:36:26;7807;Nicolas;Perez;Tiago Rodriguez;Nicolas Perez
14398732;21/09/2026 09:31:48;3;2;0001  216054-1;05;CAMION MIE 3;2092181;"DR01    ";"DOMINGO RESTA Y CIA. SA                           ";SEGUROLA 650;952610;"60-122         ";60-122 - LAVATORIO C.CERAM CR VALENCIA;1;1;1;23544770;210926093147188;184773886;;;;01/19/2032 00:00:00;1;14052910;21/09/2026 09:31:47;Tiago;Rodriguez;24817598;21/09/2026 07:36:26;7807;Nicolas;Perez;Tiago Rodriguez;Nicolas Perez
14398732;21/09/2026 09:31:48;3;2;0001  216054-1;05;CAMION MIE 3;2092181;"DR01    ";"DOMINGO RESTA Y CIA. SA                           ";SEGUROLA 650;952541;"60-001N        ";"60-001N - LAVATORIO ""CROMO Y""";3;3;3;23544770;210926093147188;184774334;;;;02/01/2032 00:00:00;3;14052910;21/09/2026 09:31:47;Tiago;Rodriguez;24817598;21/09/2026 07:36:26;7807;Nicolas;Perez;Tiago Rodriguez;Nicolas Perez
14398732;21/09/2026 09:31:48;3;2;0001  216054-1;05;CAMION MIE 3;2092181;"DR01    ";"DOMINGO RESTA Y CIA. SA                           ";SEGUROLA 650;952453;"51-131         ";51-131 - MESADA BIMANDO CR C.CERAM MALLORCA;2;2;2;23550014;210926092925795;184774224;;;;01/31/2032 00:00:00;2;14052914;21/09/2026 09:29:25;Tiago;Rodriguez;;;;;;Tiago Rodriguez;
14398732;21/09/2026 09:31:48;3;2;0001  216054-1;05;CAMION MIE 3;2092181;"DR01    ";"DOMINGO RESTA Y CIA. SA                           ";SEGUROLA 650;952452;"51-122         ";51-122 - MESADA BIMANDO CR C.CERAM VALENCIA;2;2;2;23550014;210926092925795;184773973;;;;02/01/2032 00:00:00;2;14052914;21/09/2026 09:29:25;Tiago;Rodriguez;;;;;;Tiago Rodriguez;
14398732;21/09/2026 09:31:48;3;2;0001  216054-1;05;CAMION MIE 3;2092181;"DR01    ";"DOMINGO RESTA Y CIA. SA                           ";SEGUROLA 650;952583;"60-058         ";60-058 - LAVATORIO CR C.STD MALBA;3;3;3;23550061;210926093039498;184774874;;;;12/03/2031 00:00:00;3;14052945;21/09/2026 09:30:39;Tiago;Rodriguez;;;;;;Tiago Rodriguez;
14398732;21/09/2026 09:31:48;3;2;0001  216054-1;05;CAMION MIE 3;2092181;"DR01    ";"DOMINGO RESTA Y CIA. SA                           ";SEGUROLA 650;952608;"60-121         ";60-121 - LAVATORIO C.CERAM CR MARBELLA;1;1;1;23550061;210926093039498;184774521;;;;01/25/2032 00:00:00;1;14052945;21/09/2026 09:30:39;Tiago;Rodriguez;;;;;;Tiago Rodriguez;
14398732;21/09/2026 09:31:48;3;2;0001  216054-1;05;CAMION MIE 3;2092181;"DR01    ";"DOMINGO RESTA Y CIA. SA                           ";SEGUROLA 650;952634;"60-162         ";60-162 - LAVATORIO CR C.CERAM LINEA ADRA;1;1;1;23550061;210926093039498;184773684;;;;07/29/2031 00:00:00;1;14052945;21/09/2026 09:30:39;Tiago;Rodriguez;;;;;;Tiago Rodriguez;
14398732;21/09/2026 09:31:48;3;2;0001  216054-1;05;CAMION MIE 3;2092181;"DR01    ";"DOMINGO RESTA Y CIA. SA                           ";SEGUROLA 650;952894;"70-131         ";70-131 - BIDE C.CERAM CR MALLORCA;1;1;1;23550061;210926093039498;184774265;;;;10/28/2031 00:00:00;1;14052945;21/09/2026 09:30:39;Tiago;Rodriguez;;;;;;Tiago Rodriguez;
14398732;21/09/2026 09:31:48;3;2;0001  216054-1;05;CAMION MIE 3;2092181;"DR01    ";"DOMINGO RESTA Y CIA. SA                           ";SEGUROLA 650;953060;"80-058         ";80-058 - DUCHA EMB. C/TRANSF. CR C.STD MALBA;3;3;3;23550061;210926093039498;184774820;;;;01/06/2032 00:00:00;3;14052945;21/09/2026 09:30:39;Tiago;Rodriguez;;;;;;Tiago Rodriguez;
14398732;21/09/2026 09:31:48;3;2;0001  216054-1;05;CAMION MIE 3;2092181;"DR01    ";"DOMINGO RESTA Y CIA. SA                           ";SEGUROLA 650;953082;"80-121         ";80-121 - DUCHA EMB. C/TRANSF. CR C.C. MARBELLA;1;1;1;23550061;210926093039498;184774429;;;;08/04/2031 00:00:00;1;14052945;21/09/2026 09:30:39;Tiago;Rodriguez;;;;;;Tiago Rodriguez;
14398733;21/09/2026 10:01:09;3;2;0001  216056-1;05;CAMION MIE 3;2092181;"DR01    ";"DOMINGO RESTA Y CIA. SA                           ";SEGUROLA 650;954228;"A1450C         ";A1450C - DUCHADOR CILINDRICO MINIMALISTA ABS CROMO C/BLISTER;2;2;2;23544718;210926100108939;184775493;;;;07/31/2031 00:00:00;2;14053685;21/09/2026 10:01:08;Tiago;Rodriguez;24817552;21/09/2026 08:02:18;7310;Maximiliano;Nievas;Tiago Rodriguez;Maximiliano Nievas
14398733;21/09/2026 10:01:09;3;2;0001  216056-1;05;CAMION MIE 3;2092181;"DR01    ";"DOMINGO RESTA Y CIA. SA                           ";SEGUROLA 650;950892;"01-010         ";"VALVULA P/MINGITORIO TEMPORIZADA TECNO                                ";10;10;10;23551739;210926100050356;184776906;;;;07/28/2031 00:00:00;10;14053692;21/09/2026 10:00:50;Tiago;Rodriguez;;;;;;Tiago Rodriguez;
14398733;21/09/2026 10:01:09;3;2;0001  216056-1;05;CAMION MIE 3;2092181;"DR01    ";"DOMINGO RESTA Y CIA. SA                           ";SEGUROLA 650;950906;"04-010         ";"LAVATORIO DE PARED TEMPORIZADO TECNO                                  ";10;10;10;23551749;210926100058675;184776390;;;;07/31/2031 00:00:00;10;14053693;21/09/2026 10:00:58;Tiago;Rodriguez;;;;;;Tiago Rodriguez;
14398734;21/09/2026 10:15:09;3;2;0001  216057-1;05;CAMION MIE 3;2092181;"DR01    ";"DOMINGO RESTA Y CIA. SA                           ";SEGUROLA 650;951906;"3020           ";3020 - TOALLERO DE ARO LINEA 3000;67;67;67;23544679;210926101507704;184776501;;;;07/29/2031 00:00:00;20;14053827;21/09/2026 10:15:07;Tiago;Rodriguez;24817509;21/09/2026 07:45:06;7636;Kevin;Arce;Tiago Rodriguez;Kevin Arce
14398734;21/09/2026 10:15:09;3;2;0001  216057-1;05;CAMION MIE 3;2092181;"DR01    ";"DOMINGO RESTA Y CIA. SA                           ";SEGUROLA 650;951961;"3030           ";3030 - PERCHA LINEA 3000;122;122;122;23552221;210926100823362;184820161;;;;08/27/2031 00:00:00;22;14053870;21/09/2026 10:08:23;Tiago;Rodriguez;;;;;;Tiago Rodriguez;
14398734;21/09/2026 10:15:09;3;2;0001  216057-1;05;CAMION MIE 3;2092181;"DR01    ";"DOMINGO RESTA Y CIA. SA                           ";SEGUROLA 650;954804;"AB-001         ";AB-001 - AGARRADERA ACERO INOX CROMADO 30 CM SAFE;61;61;61;23552221;210926100823362;184820162;;;;07/28/2031 00:00:00;1;14053870;21/09/2026 10:08:23;Tiago;Rodriguez;;;;;;Tiago Rodriguez;
14398734;21/09/2026 10:15:09;3;2;0001  216057-1;05;CAMION MIE 3;2092181;"DR01    ";"DOMINGO RESTA Y CIA. SA                           ";SEGUROLA 650;951961;"3030           ";3030 - PERCHA LINEA 3000;122;122;122;23552264;210926100910733;184820482;;;;08/27/2031 00:00:00;50;14053896;21/09/2026 10:09:10;Tiago;Rodriguez;;;;;;Tiago Rodriguez;
14398734;21/09/2026 10:15:09;3;2;0001  216057-1;05;CAMION MIE 3;2092181;"DR01    ";"DOMINGO RESTA Y CIA. SA                           ";SEGUROLA 650;951961;"3030           ";3030 - PERCHA LINEA 3000;122;122;122;23552277;210926100919140;184776108;;;;08/27/2031 00:00:00;50;14053902;21/09/2026 10:09:19;Tiago;Rodriguez;;;;;;Tiago Rodriguez;
14398734;21/09/2026 10:15:09;3;2;0001  216057-1;05;CAMION MIE 3;2092181;"DR01    ";"DOMINGO RESTA Y CIA. SA                           ";SEGUROLA 650;951975;"3040           ";3040 - PORTA ROLLO LINEA 3000;66;66;66;23552484;210926101221283;184821784;;;;07/27/2031 00:00:00;6;14054008;21/09/2026 10:12:21;Tiago;Rodriguez;;;;;;Tiago Rodriguez;
14398734;21/09/2026 10:15:09;3;2;0001  216057-1;05;CAMION MIE 3;2092181;"DR01    ";"DOMINGO RESTA Y CIA. SA                           ";SEGUROLA 650;951906;"3020           ";3020 - TOALLERO DE ARO LINEA 3000;67;67;67;23552484;210926101221283;184821783;;;;07/29/2031 00:00:00;7;14054008;21/09/2026 10:12:21;Tiago;Rodriguez;;;;;;Tiago Rodriguez;
14398734;21/09/2026 10:15:09;3;2;0001  216057-1;05;CAMION MIE 3;2092181;"DR01    ";"DOMINGO RESTA Y CIA. SA                           ";SEGUROLA 650;954804;"AB-001         ";AB-001 - AGARRADERA ACERO INOX CROMADO 30 CM SAFE;61;61;61;23552549;210926101312970;184822069;;;;07/28/2031 00:00:00;10;14054034;21/09/2026 10:13:12;Tiago;Rodriguez;;;;;;Tiago Rodriguez;
14398734;21/09/2026 10:15:09;3;2;0001  216057-1;05;CAMION MIE 3;2092181;"DR01    ";"DOMINGO RESTA Y CIA. SA                           ";SEGUROLA 650;954804;"AB-001         ";AB-001 - AGARRADERA ACERO INOX CROMADO 30 CM SAFE;61;61;61;23552574;210926101323856;184822139;;;;07/28/2031 00:00:00;10;14054042;21/09/2026 10:13:23;Tiago;Rodriguez;;;;;;Tiago Rodriguez;
14398734;21/09/2026 10:15:09;3;2;0001  216057-1;05;CAMION MIE 3;2092181;"DR01    ";"DOMINGO RESTA Y CIA. SA                           ";SEGUROLA 650;954804;"AB-001         ";AB-001 - AGARRADERA ACERO INOX CROMADO 30 CM SAFE;61;61;61;23552589;210926101333743;184822197;;;;07/28/2031 00:00:00;10;14054047;21/09/2026 10:13:33;Tiago;Rodriguez;;;;;;Tiago Rodriguez;
14398734;21/09/2026 10:15:09;3;2;0001  216057-1;05;CAMION MIE 3;2092181;"DR01    ";"DOMINGO RESTA Y CIA. SA                           ";SEGUROLA 650;954804;"AB-001         ";AB-001 - AGARRADERA ACERO INOX CROMADO 30 CM SAFE;61;61;61;23552605;210926101344058;184822275;;;;07/28/2031 00:00:00;10;14054052;21/09/2026 10:13:44;Tiago;Rodriguez;;;;;;Tiago Rodriguez;
14398734;21/09/2026 10:15:09;3;2;0001  216057-1;05;CAMION MIE 3;2092181;"DR01    ";"DOMINGO RESTA Y CIA. SA                           ";SEGUROLA 650;954804;"AB-001         ";AB-001 - AGARRADERA ACERO INOX CROMADO 30 CM SAFE;61;61;61;23552625;210926101353914;184822333;;;;07/28/2031 00:00:00;10;14054060;21/09/2026 10:13:53;Tiago;Rodriguez;;;;;;Tiago Rodriguez;
14398734;21/09/2026 10:15:09;3;2;0001  216057-1;05;CAMION MIE 3;2092181;"DR01    ";"DOMINGO RESTA Y CIA. SA                           ";SEGUROLA 650;954804;"AB-001         ";AB-001 - AGARRADERA ACERO INOX CROMADO 30 CM SAFE;61;61;61;23552635;210926101406365;184774565;;;;07/28/2031 00:00:00;10;14054066;21/09/2026 10:14:06;Tiago;Rodriguez;;;;;;Tiago Rodriguez;
14398734;21/09/2026 10:15:09;3;2;0001  216057-1;05;CAMION MIE 3;2092181;"DR01    ";"DOMINGO RESTA Y CIA. SA                           ";SEGUROLA 650;951975;"3040           ";3040 - PORTA ROLLO LINEA 3000;66;66;66;23552641;210926101415802;184822474;;;;07/27/2031 00:00:00;20;14054073;21/09/2026 10:14:15;Tiago;Rodriguez;;;;;;Tiago Rodriguez;
14398734;21/09/2026 10:15:09;3;2;0001  216057-1;05;CAMION MIE 3;2092181;"DR01    ";"DOMINGO RESTA Y CIA. SA                           ";SEGUROLA 650;951975;"3040           ";3040 - PORTA ROLLO LINEA 3000;66;66;66;23552652;210926101424968;184822536;;;;07/27/2031 00:00:00;20;14054080;21/09/2026 10:14:24;Tiago;Rodriguez;;;;;;Tiago Rodriguez;
14398734;21/09/2026 10:15:09;3;2;0001  216057-1;05;CAMION MIE 3;2092181;"DR01    ";"DOMINGO RESTA Y CIA. SA                           ";SEGUROLA 650;951906;"3020           ";3020 - TOALLERO DE ARO LINEA 3000;67;67;67;23552670;210926101435961;184822623;;;;07/29/2031 00:00:00;20;14054088;21/09/2026 10:14:35;Tiago;Rodriguez;;;;;;Tiago Rodriguez;
14398734;21/09/2026 10:15:09;3;2;0001  216057-1;05;CAMION MIE 3;2092181;"DR01    ";"DOMINGO RESTA Y CIA. SA                           ";SEGUROLA 650;951975;"3040           ";3040 - PORTA ROLLO LINEA 3000;66;66;66;23552678;210926101445205;184775227;;;;07/27/2031 00:00:00;20;14054091;21/09/2026 10:14:45;Tiago;Rodriguez;;;;;;Tiago Rodriguez;
14398734;21/09/2026 10:15:09;3;2;0001  216057-1;05;CAMION MIE 3;2092181;"DR01    ";"DOMINGO RESTA Y CIA. SA                           ";SEGUROLA 650;951906;"3020           ";3020 - TOALLERO DE ARO LINEA 3000;67;67;67;23552690;210926101457153;184822801;;;;07/29/2031 00:00:00;20;14054096;21/09/2026 10:14:57;Tiago;Rodriguez;;;;;;Tiago Rodriguez;
14398735;21/09/2026 09:54:34;3;2;0001  216058-1;05;CAMION MIE 3;2092181;"DR01    ";"DOMINGO RESTA Y CIA. SA                           ";SEGUROLA 650;954651;"A816           ";"A816 - DUCHA 6"" C/BRAZO Y CAMPANA CR";8;8;8;23544719;210926095432538;184774661;;;;07/27/2031 00:00:00;8;14053522;21/09/2026 09:54:32;Tiago;Rodriguez;24817552;21/09/2026 08:02:18;7310;Maximiliano;Nievas;Tiago Rodriguez;Maximiliano Nievas
14398735;21/09/2026 09:54:34;3;2;0001  216058-1;05;CAMION MIE 3;2092181;"DR01    ";"DOMINGO RESTA Y CIA. SA                           ";SEGUROLA 650;953161;"80-205         ";80-205 - DUCHA EMB. C/TRANSF. MONOC STEEL;6;6;6;23551408;210926095420340;184779188;;;;08/11/2031 00:00:00;6;14053525;21/09/2026 09:54:20;Tiago;Rodriguez;;;;;;Tiago Rodriguez;
14398839;21/09/2026 13:37:49;3;2;0001  215771-1;03;CAMIONETA MIE 1;2092349;"ES13    ";"EDEN SANITARIOS S.R.L.                            ";JUAN M. DE ROSAS 9586;951550;"20-182         ";20-182 - MONOCOMANDO DE COCINA MULTIFUNCION CR ZENITH;2;2;2;23548278;210926043152980;184798727;;;;07/30/2031 00:00:00;2;14059549;21/09/2026 13:31:52;Mirko;Hernandez;24820670;21/09/2026 09:31:22;7807;Nicolas;Perez;Mirko Hernandez;Nicolas Perez
14398839;21/09/2026 13:37:49;3;2;0001  215771-1;03;CAMIONETA MIE 1;2092349;"ES13    ";"EDEN SANITARIOS S.R.L.                            ";JUAN M. DE ROSAS 9586;953150;"80-199N        ";80-199N - DUCHA EMB. C/TRANSF. BLACK C.CERAM LIVE;2;2;2;23549867;210926043748210;184817352;;;;10/11/2031 00:00:00;2;14059691;21/09/2026 13:37:48;Mirko;Hernandez;24822043;21/09/2026 10:07:30;7310;Maximiliano;Nievas;Mirko Hernandez;Maximiliano Nievas
14398839;21/09/2026 13:37:49;3;2;0001  215771-1;03;CAMIONETA MIE 1;2092349;"ES13    ";"EDEN SANITARIOS S.R.L.                            ";JUAN M. DE ROSAS 9586;951565;"20-205         ";20-205 - MONOCOMANDO DE COCINA STEEL;3;3;3;23562802;210926043105706;184800498;;;;07/28/2031 00:00:00;3;14059560;21/09/2026 13:31:05;Mirko;Hernandez;;;;;;Mirko Hernandez;
14398839;21/09/2026 13:37:49;3;2;0001  215771-1;03;CAMIONETA MIE 1;2092349;"ES13    ";"EDEN SANITARIOS S.R.L.                            ";JUAN M. DE ROSAS 9586;952608;"60-121         ";60-121 - LAVATORIO C.CERAM CR MARBELLA;3;3;3;23563094;210926043729498;184811146;;;;01/25/2032 00:00:00;3;14059728;21/09/2026 13:37:29;Mirko;Hernandez;;;;;;Mirko Hernandez;
14398840;21/09/2026 13:39:46;3;2;0001  215839-1;03;CAMIONETA MIE 1;2095091;"ZZ02    ";"ZINGALV GALVANIZADOS Y ZINC S.R.L.                ";AV. SANTA MARIA 3460;951513;"20-122N        ";20-122N - MONOCOMANDO COCINA C/PICO EXTRAIBLE VALENCIA BLACK;1;1;1;23548279;210926043839556;184806829;;;;09/13/2031 00:00:00;1;14059760;21/09/2026 13:38:39;Mirko;Hernandez;24820670;21/09/2026 09:31:22;7807;Nicolas;Perez;Mirko Hernandez;Nicolas Perez
14398840;21/09/2026 13:39:46;3;2;0001  215839-1;03;CAMIONETA MIE 1;2095091;"ZZ02    ";"ZINGALV GALVANIZADOS Y ZINC S.R.L.                ";AV. SANTA MARIA 3460;951508;"20-121         ";20-121 - COCINA MSDA MONOC.P. REDONDO MARBELLA;2;2;2;23548279;210926043839556;184797577;;;;07/30/2031 00:00:00;2;14059760;21/09/2026 13:38:39;Mirko;Hernandez;24820670;21/09/2026 09:31:22;7807;Nicolas;Perez;Mirko Hernandez;Nicolas Perez
14398840;21/09/2026 13:39:46;3;2;0001  215839-1;03;CAMIONETA MIE 1;2095091;"ZZ02    ";"ZINGALV GALVANIZADOS Y ZINC S.R.L.                ";AV. SANTA MARIA 3460;951545;"20-172         ";20-172 - COCINA MESADA MONOC. COLORS NEGRO;1;1;1;23548279;210926043839556;184801152;;;;07/28/2031 00:00:00;1;14059760;21/09/2026 13:38:39;Mirko;Hernandez;24820670;21/09/2026 09:31:22;7807;Nicolas;Perez;Mirko Hernandez;Nicolas Perez
14398840;21/09/2026 13:39:46;3;2;0001  215839-1;03;CAMIONETA MIE 1;2095091;"ZZ02    ";"ZINGALV GALVANIZADOS Y ZINC S.R.L.                ";AV. SANTA MARIA 3460;952591;"601            ";601 - CANILLA COCINA MESADA CROMO DIQUE;3;3;3;23549868;210926043943514;184809962;;;;12/20/2031 00:00:00;3;14059782;21/09/2026 13:39:43;Mirko;Hernandez;24822043;21/09/2026 10:07:30;7310;Maximiliano;Nievas;Mirko Hernandez;Maximiliano Nievas
14398841;21/09/2026 15:47:06;3;2;0001  215850-1;03;CAMIONETA MIE 1;2092823;"GT08    ";"GRUPO GOBBI ARIETA S.A.                           ";PUENTE DEL INCA 2050;950895;"02-010         ";"VALVULA P/INODORO TEMPORIZADA TECNO                                   ";6;6;6;23548280;210926153759241;184799102;;;;07/28/2031 00:00:00;6;14063449;21/09/2026 15:37:59;Maximiliano;Nievas;24820670;21/09/2026 09:31:22;7807;Nicolas;Perez;Maximiliano Nievas;Nicolas Perez
14398841;21/09/2026 15:47:06;3;2;0001  215850-1;03;CAMIONETA MIE 1;2092823;"GT08    ";"GRUPO GOBBI ARIETA S.A.                           ";PUENTE DEL INCA 2050;957566;"RA1203N        ";RA1203N - VOLANTE FABRIC BLACK;2;2;2;23548280;210926153759241;184796997;;;;08/02/2031 00:00:00;2;14063449;21/09/2026 15:37:59;Maximiliano;Nievas;24820670;21/09/2026 09:31:22;7807;Nicolas;Perez;Maximiliano Nievas;Nicolas Perez
14398841;21/09/2026 15:47:06;3;2;0001  215850-1;03;CAMIONETA MIE 1;2092823;"GT08    ";"GRUPO GOBBI ARIETA S.A.                           ";PUENTE DEL INCA 2050;952741;"62-100N        ";62-100N - LAVATORIO DE PARED BLACK C.CERAM FABRIC;6;6;6;23549869;210926154625873;184813887;;;;11/05/2031 00:00:00;6;14063921;21/09/2026 15:46:25;Maximiliano;Nievas;24822043;21/09/2026 10:07:30;7310;Maximiliano;Nievas;Maximiliano Nievas;Maximiliano Nievas
14398841;21/09/2026 15:47:06;3;2;0001  215850-1;03;CAMIONETA MIE 1;2092823;"GT08    ";"GRUPO GOBBI ARIETA S.A.                           ";PUENTE DEL INCA 2050;954885;"BAI01NI        ";BAI01NI - BACHA EMB COCINA C/ACCESORIOS 750x450x220 NICKEL BRUSHED;2;2;2;23551585;210926154705621;184818001;;;;09/28/2031 00:00:00;2;14063934;21/09/2026 15:47:05;Maximiliano;Nievas;24823406;21/09/2026 10:03:13;6866;Alejandro;Dure;Maximiliano Nievas;Alejandro Dure
14398841;21/09/2026 15:47:06;3;2;0001  215850-1;03;CAMIONETA MIE 1;2092823;"GT08    ";"GRUPO GOBBI ARIETA S.A.                           ";PUENTE DEL INCA 2050;952707;"61-152         ";61-152 - LAVATORIO MONOCOMANDO CROMO ALTO SORIA;6;6;6;23568933;210926153605630;184804666;;;;07/27/2031 00:00:00;6;14063572;21/09/2026 15:36:05;Maximiliano;Nievas;;;;;;Maximiliano Nievas;
14398841;21/09/2026 15:47:06;3;2;0001  215850-1;03;CAMIONETA MIE 1;2092823;"GT08    ";"GRUPO GOBBI ARIETA S.A.                           ";PUENTE DEL INCA 2050;953102;"80-152         ";80-152 - DUCHA EMB. CR C/TRANSF. MONOCOMANDO SORIA;2;2;2;23568933;210926153605630;184803116;;;;10/26/2031 00:00:00;2;14063572;21/09/2026 15:36:05;Maximiliano;Nievas;;;;;;Maximiliano Nievas;
14398842;21/09/2026 16:21:15;3;2;0001  215277-2;03;CAMIONETA MIE 1;2092823;"GT08    ";"GRUPO GOBBI ARIETA S.A.                           ";PUENTE DEL INCA 2050;957096;"PDU102         ";"PISO DUCHA RESINA POLIESTER BLANCA 1200x700x25                        ";2;2;2;23551521;210926162051292;184832270;;;;03/01/2032 00:00:00;2;14065021;21/09/2026 16:20:51;Gustavo;Soderquvist;24823325;21/09/2026 10:42:52;7807;Nicolas;Perez;Gustavo Soderquvist;Nicolas Perez
14398843;21/09/2026 16:21:13;3;2;0001  215921-1;03;CAMIONETA MIE 1;2092204;"DS15    ";"DI STABILE E HIJOS S.A.                           ";JUAN M. DE ROSAS 8378;956415;"INO104-1       ";"INODORO BLANCO C/ASIENTO LINEA STONE                                  ";1;1;1;23551522;210926072053794;184817574;;;;01/20/2032 00:00:00;1;14059288;21/09/2026 16:20:53;Mirko;Hernandez;24823325;21/09/2026 10:42:52;7807;Nicolas;Perez;Mirko Hernandez;Nicolas Perez
14398843;21/09/2026 16:21:13;3;2;0001  215921-1;03;CAMIONETA MIE 1;2092204;"DS15    ";"DI STABILE E HIJOS S.A.                           ";JUAN M. DE ROSAS 8378;956416;"INO104-2       ";"DEPOSITO C/DESCARGA DUAL BLANCO LINEA STONE                           ";1;1;1;23571056;210926072033797;184817851;;;;01/28/2032 00:00:00;1;14065030;21/09/2026 16:20:33;Mirko;Hernandez;;;;;;Mirko Hernandez;
14398844;21/09/2026 11:11:36;3;2;0001  215939-1;03;CAMIONETA MIE 1;2092349;"ES13    ";"EDEN SANITARIOS S.R.L.                            ";JUAN M. DE ROSAS 9586;951168;"1340           ";"QUEINOX MACHO MOVIL MH 1/2"" x 40                                      ";20;20;20;23548281;210926111135503;184805842;;;;03/03/2032 00:00:00;20;14055665;21/09/2026 11:11:35;Gustavo;Soderquvist;24820670;21/09/2026 09:31:22;7807;Nicolas;Perez;Gustavo Soderquvist;Nicolas Perez
14398844;21/09/2026 11:11:36;3;2;0001  215939-1;03;CAMIONETA MIE 1;2092349;"ES13    ";"EDEN SANITARIOS S.R.L.                            ";JUAN M. DE ROSAS 9586;951156;"1330           ";"QUEINOX MACHO MOVIL MH 1/2"" x 30                                      ";50;50;50;23555645;210926110906815;184806440;;;;02/16/2032 00:00:00;50;14055677;21/09/2026 11:09:06;Gustavo;Soderquvist;;;;;;Gustavo Soderquvist;
14398844;21/09/2026 11:11:36;3;2;0001  215939-1;03;CAMIONETA MIE 1;2092349;"ES13    ";"EDEN SANITARIOS S.R.L.                            ";JUAN M. DE ROSAS 9586;951162;"1335           ";"QUEINOX MACHO MOVIL MH 1/2"" x 35                                      ";50;50;50;23555686;210926110944132;184806282;;;;03/03/2032 00:00:00;50;14055698;21/09/2026 11:09:44;Gustavo;Soderquvist;;;;;;Gustavo Soderquvist;
14398845;21/09/2026 14:31:36;3;2;0001  215987-1;03;CAMIONETA MIE 1;2092891;"HL02    ";"HEREDIA LEONARDO A - FERRETERIA HEREDIA           ";CARLOS CASARES 5808;952387;"50-002         ";50-002 - MESADA PICO FUNDIDO RENACER CROMO;4;4;4;23549870;210926051519193;184816670;;;;07/31/2031 00:00:00;4;14060749;21/09/2026 14:15:19;Mirko;Hernandez;24822043;21/09/2026 10:07:30;7310;Maximiliano;Nievas;Mirko Hernandez;Maximiliano Nievas
14398845;21/09/2026 14:31:36;3;2;0001  215987-1;03;CAMIONETA MIE 1;2092891;"HL02    ";"HEREDIA LEONARDO A - FERRETERIA HEREDIA           ";CARLOS CASARES 5808;953437;"914/CR         ";914/CR - JGO.MDA.P.CAÑO CR ARES;4;4;4;23549870;210926051519193;184814451;;;;02/29/2032 00:00:00;1;14060749;21/09/2026 14:15:19;Mirko;Hernandez;24822043;21/09/2026 10:07:30;7310;Maximiliano;Nievas;Mirko Hernandez;Maximiliano Nievas
14398845;21/09/2026 14:31:36;3;2;0001  215987-1;03;CAMIONETA MIE 1;2092891;"HL02    ";"HEREDIA LEONARDO A - FERRETERIA HEREDIA           ";CARLOS CASARES 5808;1007844;"20-122S        ";"MONOCOMANDO COCINA INOX C/PICO EXTRAIBLE VALENCIA                     ";12;12;12;23550841;210926053136503;184814726;;;;01/06/2032 00:00:00;12;14061044;21/09/2026 14:31:36;Mirko;Hernandez;24822872;21/09/2026 09:53:47;7636;Kevin;Arce;Mirko Hernandez;Kevin Arce
14398845;21/09/2026 14:31:36;3;2;0001  215987-1;03;CAMIONETA MIE 1;2092891;"HL02    ";"HEREDIA LEONARDO A - FERRETERIA HEREDIA           ";CARLOS CASARES 5808;952509;"55-010         ";55-010 - COCINA PARED EMB. P.ALTO BL/CR LORCA;3;3;3;23564648;210926051140430;184819359;;;;01/10/2032 00:00:00;3;14060785;21/09/2026 14:11:40;Mirko;Hernandez;;;;;;Mirko Hernandez;
14398845;21/09/2026 14:31:36;3;2;0001  215987-1;03;CAMIONETA MIE 1;2092891;"HL02    ";"HEREDIA LEONARDO A - FERRETERIA HEREDIA           ";CARLOS CASARES 5808;953060;"80-058         ";80-058 - DUCHA EMB. C/TRANSF. CR C.STD MALBA;4;4;4;23564648;210926051140430;184817006;;;;01/06/2032 00:00:00;4;14060785;21/09/2026 14:11:40;Mirko;Hernandez;;;;;;Mirko Hernandez;
14398845;21/09/2026 14:31:36;3;2;0001  215987-1;03;CAMIONETA MIE 1;2092891;"HL02    ";"HEREDIA LEONARDO A - FERRETERIA HEREDIA           ";CARLOS CASARES 5808;953437;"914/CR         ";914/CR - JGO.MDA.P.CAÑO CR ARES;4;4;4;23564648;210926051140430;184906981;;;;02/29/2032 00:00:00;1;14060785;21/09/2026 14:11:40;Mirko;Hernandez;;;;;;Mirko Hernandez;
14398845;21/09/2026 14:31:36;3;2;0001  215987-1;03;CAMIONETA MIE 1;2092891;"HL02    ";"HEREDIA LEONARDO A - FERRETERIA HEREDIA           ";CARLOS CASARES 5808;951600;"209            ";209 - LAVATORIO CROMO LAZA;2;2;2;23564648;210926051140430;184813005;;;;02/01/2032 00:00:00;2;14060785;21/09/2026 14:11:40;Mirko;Hernandez;;;;;;Mirko Hernandez;
14398845;21/09/2026 14:31:36;3;2;0001  215987-1;03;CAMIONETA MIE 1;2092891;"HL02    ";"HEREDIA LEONARDO A - FERRETERIA HEREDIA           ";CARLOS CASARES 5808;952248;"414/CR         ";414/CR - DUCHA EXT.C/TRANSF.CR/CR ARES;3;3;3;23564738;210926051351524;184814566;;;;09/15/2031 00:00:00;3;14060844;21/09/2026 14:13:51;Mirko;Hernandez;;;;;;Mirko Hernandez;
14398845;21/09/2026 14:31:36;3;2;0001  215987-1;03;CAMIONETA MIE 1;2092891;"HL02    ";"HEREDIA LEONARDO A - FERRETERIA HEREDIA           ";CARLOS CASARES 5808;951618;"214            ";214 - LAVATORIO CRUZ BL/CR ARES;5;5;5;23564738;210926051351524;184814273;;;;07/31/2031 00:00:00;5;14060844;21/09/2026 14:13:51;Mirko;Hernandez;;;;;;Mirko Hernandez;
14398845;21/09/2026 14:31:36;3;2;0001  215987-1;03;CAMIONETA MIE 1;2092891;"HL02    ";"HEREDIA LEONARDO A - FERRETERIA HEREDIA           ";CARLOS CASARES 5808;953437;"914/CR         ";914/CR - JGO.MDA.P.CAÑO CR ARES;4;4;4;23564738;210926051351524;184907743;;;;02/29/2032 00:00:00;2;14060844;21/09/2026 14:13:51;Mirko;Hernandez;;;;;;Mirko Hernandez;
14398845;21/09/2026 14:31:36;3;2;0001  215987-1;03;CAMIONETA MIE 1;2092891;"HL02    ";"HEREDIA LEONARDO A - FERRETERIA HEREDIA           ";CARLOS CASARES 5808;951988;"3060           ";3060 - PORTA CEPILLO LINEA 3000;4;4;4;23565131;210926052137595;184814274;;;;07/29/2031 00:00:00;4;14061085;21/09/2026 14:21:37;Mirko;Hernandez;;;;;;Mirko Hernandez;
14398845;21/09/2026 14:31:36;3;2;0001  215987-1;03;CAMIONETA MIE 1;2092891;"HL02    ";"HEREDIA LEONARDO A - FERRETERIA HEREDIA           ";CARLOS CASARES 5808;951794;"3010           ";3010 - TOALLERO BARRAL LINEA 3000;4;4;4;23565313;210926052534015;184813576;;;;07/29/2031 00:00:00;4;14061208;21/09/2026 14:25:34;Mirko;Hernandez;;;;;;Mirko Hernandez;
14398845;21/09/2026 14:31:36;3;2;0001  215987-1;03;CAMIONETA MIE 1;2092891;"HL02    ";"HEREDIA LEONARDO A - FERRETERIA HEREDIA           ";CARLOS CASARES 5808;951983;"3050           ";3050 - JABONERA LINEA 3000;10;10;10;23565467;210926052900621;184814082;;;;07/27/2031 00:00:00;10;14061315;21/09/2026 14:29:00;Mirko;Hernandez;;;;;;Mirko Hernandez;
14398846;21/09/2026 13:57:59;3;2;0001  215989-1;03;CAMIONETA MIE 1;2094325;"SA66    ";"SANITARIOS CAÑUELAS SRL                           ";RUTA 205 Y RIVADAVIA;951512;"20-122         ";"MONOCOMANDO COCINA CR C/PICO EXTRAIBLE VALENCIA                       ";1;1;1;23550161;210926045758990;184810390;;;;08/06/2031 00:00:00;1;14060173;21/09/2026 13:57:58;Mirko;Hernandez;24822287;21/09/2026 09:54:24;7807;Nicolas;Perez;Mirko Hernandez;Nicolas Perez
14398846;21/09/2026 13:57:59;3;2;0001  215989-1;03;CAMIONETA MIE 1;2094325;"SA66    ";"SANITARIOS CAÑUELAS SRL                           ";RUTA 205 Y RIVADAVIA;951532;"20-147         ";20-147 - MONOCOMANDO DE COCINA SWIFT;1;1;1;23550161;210926045758990;184811029;;;;08/04/2031 00:00:00;1;14060173;21/09/2026 13:57:58;Mirko;Hernandez;24822287;21/09/2026 09:54:24;7807;Nicolas;Perez;Mirko Hernandez;Nicolas Perez
14398846;21/09/2026 13:57:59;3;2;0001  215989-1;03;CAMIONETA MIE 1;2094325;"SA66    ";"SANITARIOS CAÑUELAS SRL                           ";RUTA 205 Y RIVADAVIA;951265;"16040BL        ";16040BL - PORTA ROLLO ACCESORIOS LINEA 16000 BLACK;1;1;1;23563759;210926045233707;184814187;;;;07/31/2031 00:00:00;1;14060201;21/09/2026 13:52:33;Mirko;Hernandez;;;;;;Mirko Hernandez;
14398846;21/09/2026 13:57:59;3;2;0001  215989-1;03;CAMIONETA MIE 1;2094325;"SA66    ";"SANITARIOS CAÑUELAS SRL                           ";RUTA 205 Y RIVADAVIA;951264;"16040          ";16040 - PORTA ROLLO ACCESORIOS LINEA 16000;1;1;1;23563759;210926045233707;184812984;;;;07/27/2031 00:00:00;1;14060201;21/09/2026 13:52:33;Mirko;Hernandez;;;;;;Mirko Hernandez;
14398846;21/09/2026 13:57:59;3;2;0001  215989-1;03;CAMIONETA MIE 1;2094325;"SA66    ";"SANITARIOS CAÑUELAS SRL                           ";RUTA 205 Y RIVADAVIA;951263;"16030BL        ";16030BL - PERCHA LINEA 16000 BLACK;2;2;2;23563759;210926045233707;184813958;;;;07/28/2031 00:00:00;2;14060201;21/09/2026 13:52:33;Mirko;Hernandez;;;;;;Mirko Hernandez;
14398846;21/09/2026 13:57:59;3;2;0001  215989-1;03;CAMIONETA MIE 1;2094325;"SA66    ";"SANITARIOS CAÑUELAS SRL                           ";RUTA 205 Y RIVADAVIA;951262;"16030          ";16030 - PERCHA LINEA 16000;4;4;4;23563759;210926045233707;184814418;;;;12/28/2031 00:00:00;4;14060201;21/09/2026 13:52:33;Mirko;Hernandez;;;;;;Mirko Hernandez;
14398846;21/09/2026 13:57:59;3;2;0001  215989-1;03;CAMIONETA MIE 1;2094325;"SA66    ";"SANITARIOS CAÑUELAS SRL                           ";RUTA 205 Y RIVADAVIA;951136;"13040          ";"PORTA ROLLO LINEA 13000                                               ";1;1;1;23563759;210926045233707;184813761;;;;07/31/2031 00:00:00;1;14060201;21/09/2026 13:52:33;Mirko;Hernandez;;;;;;Mirko Hernandez;
14398846;21/09/2026 13:57:59;3;2;0001  215989-1;03;CAMIONETA MIE 1;2094325;"SA66    ";"SANITARIOS CAÑUELAS SRL                           ";RUTA 205 Y RIVADAVIA;951547;"20-174         ";20-174 - COCINA MESADA MONOC. COLORS BLACK;1;1;1;23563982;210926045644174;184811717;;;;07/28/2031 00:00:00;1;14060339;21/09/2026 13:56:44;Mirko;Hernandez;;;;;;Mirko Hernandez;
14398846;21/09/2026 13:57:59;3;2;0001  215989-1;03;CAMIONETA MIE 1;2094325;"SA66    ";"SANITARIOS CAÑUELAS SRL                           ";RUTA 205 Y RIVADAVIA;951545;"20-172         ";20-172 - COCINA MESADA MONOC. COLORS NEGRO;1;1;1;23563982;210926045644174;184811350;;;;07/28/2031 00:00:00;1;14060339;21/09/2026 13:56:44;Mirko;Hernandez;;;;;;Mirko Hernandez;
14398847;21/09/2026 14:09:18;3;2;0008    2957-1;03;CAMIONETA MIE 1;2093731;"OD04    ";"ORTIZ DARIO A.- CERAMITODO                        ";SENGUEL 6447;951546;"20-173         ";20-173 - COCINA MESADA MONOC. COLORS ROJO;10;10;10;23548282;210926050917830;184802332;;;;07/28/2031 00:00:00;5;14060632;21/09/2026 14:09:17;Mirko;Hernandez;24820670;21/09/2026 09:31:22;7807;Nicolas;Perez;Mirko Hernandez;Nicolas Perez
14398847;21/09/2026 14:09:18;3;2;0008    2957-1;03;CAMIONETA MIE 1;2093731;"OD04    ";"ORTIZ DARIO A.- CERAMITODO                        ";SENGUEL 6447;951546;"20-173         ";20-173 - COCINA MESADA MONOC. COLORS ROJO;10;10;10;23564526;210926050829524;184905605;;;;07/28/2031 00:00:00;5;14060706;21/09/2026 14:08:29;Mirko;Hernandez;;;;;;Mirko Hernandez;
14398848;21/09/2026 12:37:48;3;2;0008    2958-1;03;CAMIONETA MIE 1;2093731;"OD04    ";"ORTIZ DARIO A.- CERAMITODO                        ";SENGUEL 6447;952419;"51-001N        ";"51-001N - COCINA MESADA ""CROMO Y""";10;10;10;23548273;210926031304038;184808952;;;;07/29/2031 00:00:00;1;14055417;21/09/2026 12:13:04;Mirko;Hernandez;24820684;21/09/2026 09:43:14;7636;Kevin;Arce;Mirko Hernandez;Kevin Arce
14398848;21/09/2026 12:37:48;3;2;0008    2958-1;03;CAMIONETA MIE 1;2093731;"OD04    ";"ORTIZ DARIO A.- CERAMITODO                        ";SENGUEL 6447;952634;"60-162         ";60-162 - LAVATORIO CR C.CERAM LINEA ADRA;10;10;10;23548273;210926031304038;184798068;;;;07/29/2031 00:00:00;3;14055417;21/09/2026 12:13:04;Mirko;Hernandez;24820684;21/09/2026 09:43:14;7636;Kevin;Arce;Mirko Hernandez;Kevin Arce
14398848;21/09/2026 12:37:48;3;2;0008    2958-1;03;CAMIONETA MIE 1;2093731;"OD04    ";"ORTIZ DARIO A.- CERAMITODO                        ";SENGUEL 6447;952898;"70-135         ";70-135 - BIDE C.CERAM SANTANDER;2;2;2;23548273;210926031304038;184808027;;;;02/18/2032 00:00:00;1;14055417;21/09/2026 12:13:04;Mirko;Hernandez;24820684;21/09/2026 09:43:14;7636;Kevin;Arce;Mirko Hernandez;Kevin Arce
14398848;21/09/2026 12:37:48;3;2;0008    2958-1;03;CAMIONETA MIE 1;2093731;"OD04    ";"ORTIZ DARIO A.- CERAMITODO                        ";SENGUEL 6447;952712;"61-176         ";61-176 - LAVATORIO MONOC ALTO CR RIO;7;7;7;23548292;210926033746623;184802746;;;;10/11/2031 00:00:00;6;14057908;21/09/2026 12:37:46;Mirko;Hernandez;24820697;21/09/2026 09:31:34;6866;Alejandro;Dure;Mirko Hernandez;Alejandro Dure
14398848;21/09/2026 12:37:48;3;2;0008    2958-1;03;CAMIONETA MIE 1;2093731;"OD04    ";"ORTIZ DARIO A.- CERAMITODO                        ";SENGUEL 6447;953113;"80-168N        ";80-168N - DUCHA EMB C/TRANSF MONOC BLACK WAVE;2;2;2;23555227;210926020131380;184811123;;;;01/22/2032 00:00:00;2;14055436;21/09/2026 11:01:31;Mirko;Hernandez;;;;;;Mirko Hernandez;
14398848;21/09/2026 12:37:48;3;2;0008    2958-1;03;CAMIONETA MIE 1;2093731;"OD04    ";"ORTIZ DARIO A.- CERAMITODO                        ";SENGUEL 6447;952456;"51-190         ";51-190 - MESADA BIMANDO C.CERAM BLACK VELVET;2;2;2;23555227;210926020131380;184840028;;;;01/31/2032 00:00:00;1;14055436;21/09/2026 11:01:31;Mirko;Hernandez;;;;;;Mirko Hernandez;
14398848;21/09/2026 12:37:48;3;2;0008    2958-1;03;CAMIONETA MIE 1;2093731;"OD04    ";"ORTIZ DARIO A.- CERAMITODO                        ";SENGUEL 6447;952456;"51-190         ";51-190 - MESADA BIMANDO C.CERAM BLACK VELVET;2;2;2;23555269;210926020225509;184807423;;;;01/31/2032 00:00:00;1;14055464;21/09/2026 11:02:25;Mirko;Hernandez;;;;;;Mirko Hernandez;
14398848;21/09/2026 12:37:48;3;2;0008    2958-1;03;CAMIONETA MIE 1;2093731;"OD04    ";"ORTIZ DARIO A.- CERAMITODO                        ";SENGUEL 6447;952452;"51-122         ";51-122 - MESADA BIMANDO CR C.CERAM VALENCIA;2;2;2;23555269;210926020225509;184806298;;;;02/01/2032 00:00:00;2;14055464;21/09/2026 11:02:25;Mirko;Hernandez;;;;;;Mirko Hernandez;
14398848;21/09/2026 12:37:48;3;2;0008    2958-1;03;CAMIONETA MIE 1;2093731;"OD04    ";"ORTIZ DARIO A.- CERAMITODO                        ";SENGUEL 6447;953421;"90-166         ";90-166 - PACK GRIF. ADRA PLUS (Lav-Bide-Ducha c/t Plus);7;7;7;23555303;210926020250233;184840529;;;;01/04/2032 00:00:00;3;14055478;21/09/2026 11:02:50;Mirko;Hernandez;;;;;;Mirko Hernandez;
14398848;21/09/2026 12:37:48;3;2;0008    2958-1;03;CAMIONETA MIE 1;2093731;"OD04    ";"ORTIZ DARIO A.- CERAMITODO                        ";SENGUEL 6447;953421;"90-166         ";90-166 - PACK GRIF. ADRA PLUS (Lav-Bide-Ducha c/t Plus);7;7;7;23555361;210926020431378;184798947;;;;01/04/2032 00:00:00;4;14055528;21/09/2026 11:04:31;Mirko;Hernandez;;;;;;Mirko Hernandez;
14398848;21/09/2026 12:37:48;3;2;0008    2958-1;03;CAMIONETA MIE 1;2093731;"OD04    ";"ORTIZ DARIO A.- CERAMITODO                        ";SENGUEL 6447;952620;"60-135         ";60-135 - LAVATORIO C.CERAM SANTANDER;2;2;2;23555401;210926020502593;184808230;;;;01/14/2032 00:00:00;2;14055543;21/09/2026 11:05:02;Mirko;Hernandez;;;;;;Mirko Hernandez;
14398848;21/09/2026 12:37:48;3;2;0008    2958-1;03;CAMIONETA MIE 1;2093731;"OD04    ";"ORTIZ DARIO A.- CERAMITODO                        ";SENGUEL 6447;952645;"60-175GR       ";60-175GR - LAVATORIO PULSE GRAFITO C.CERAM;2;2;2;23555401;210926020502593;184841407;;;;07/31/2031 00:00:00;1;14055543;21/09/2026 11:05:02;Mirko;Hernandez;;;;;;Mirko Hernandez;
14398848;21/09/2026 12:37:48;3;2;0008    2958-1;03;CAMIONETA MIE 1;2093731;"OD04    ";"ORTIZ DARIO A.- CERAMITODO                        ";SENGUEL 6447;952727;"61-203N        ";"LAVATORIO MONOCOMANDO ALTO ADRA BLACK                                 ";2;2;2;23555465;210926020612335;184806649;;;;01/06/2032 00:00:00;2;14055584;21/09/2026 11:06:12;Mirko;Hernandez;;;;;;Mirko Hernandez;
14398848;21/09/2026 12:37:48;3;2;0008    2958-1;03;CAMIONETA MIE 1;2093731;"OD04    ";"ORTIZ DARIO A.- CERAMITODO                        ";SENGUEL 6447;952645;"60-175GR       ";60-175GR - LAVATORIO PULSE GRAFITO C.CERAM;2;2;2;23555465;210926020612335;184810414;;;;07/31/2031 00:00:00;1;14055584;21/09/2026 11:06:12;Mirko;Hernandez;;;;;;Mirko Hernandez;
14398848;21/09/2026 12:37:48;3;2;0008    2958-1;03;CAMIONETA MIE 1;2093731;"OD04    ";"ORTIZ DARIO A.- CERAMITODO                        ";SENGUEL 6447;952821;"70-001N        ";"70-001N - BIDE ""CROMO Y""";10;10;10;23555620;210926020837135;184809346;;;;07/31/2031 00:00:00;10;14055658;21/09/2026 11:08:37;Mirko;Hernandez;;;;;;Mirko Hernandez;
14398848;21/09/2026 12:37:48;3;2;0008    2958-1;03;CAMIONETA MIE 1;2093731;"OD04    ";"ORTIZ DARIO A.- CERAMITODO                        ";SENGUEL 6447;953474;"933            ";933 - JGO PARED C/EXT CR DIQUE;10;10;10;23555692;210926020945740;184810070;;;;01/07/2032 00:00:00;10;14055699;21/09/2026 11:09:45;Mirko;Hernandez;;;;;;Mirko Hernandez;
14398848;21/09/2026 12:37:48;3;2;0008    2958-1;03;CAMIONETA MIE 1;2093731;"OD04    ";"ORTIZ DARIO A.- CERAMITODO                        ";SENGUEL 6447;953018;"80-001N        ";"80-001N - DUCHA EMB. C/TRANSF. ""CROMO Y""";10;10;10;23555728;210926021036825;184808631;;;;07/31/2031 00:00:00;10;14055718;21/09/2026 11:10:36;Mirko;Hernandez;;;;;;Mirko Hernandez;
14398848;21/09/2026 12:37:48;3;2;0008    2958-1;03;CAMIONETA MIE 1;2093731;"OD04    ";"ORTIZ DARIO A.- CERAMITODO                        ";SENGUEL 6447;952419;"51-001N        ";"51-001N - COCINA MESADA ""CROMO Y""";10;10;10;23555880;210926021332631;184844685;;;;07/29/2031 00:00:00;9;14055818;21/09/2026 11:13:32;Mirko;Hernandez;;;;;;Mirko Hernandez;
14398848;21/09/2026 12:37:48;3;2;0008    2958-1;03;CAMIONETA MIE 1;2093731;"OD04    ";"ORTIZ DARIO A.- CERAMITODO                        ";SENGUEL 6447;952874;"70-100G        ";70-100G - BIDE GOLD C.CERAM FABRIC;2;2;2;23556027;210926021607588;184807649;;;;07/29/2031 00:00:00;2;14055904;21/09/2026 11:16:07;Mirko;Hernandez;;;;;;Mirko Hernandez;
14398848;21/09/2026 12:37:48;3;2;0008    2958-1;03;CAMIONETA MIE 1;2093731;"OD04    ";"ORTIZ DARIO A.- CERAMITODO                        ";SENGUEL 6447;952898;"70-135         ";70-135 - BIDE C.CERAM SANTANDER;2;2;2;23556027;210926021607588;184845696;;;;02/18/2032 00:00:00;1;14055904;21/09/2026 11:16:07;Mirko;Hernandez;;;;;;Mirko Hernandez;
14398848;21/09/2026 12:37:48;3;2;0008    2958-1;03;CAMIONETA MIE 1;2093731;"OD04    ";"ORTIZ DARIO A.- CERAMITODO                        ";SENGUEL 6447;952909;"70-153         ";70-153 - BIDE CR C.CERAM CASTILLA;7;7;7;23556027;210926021607588;184807146;;;;10/20/2031 00:00:00;7;14055904;21/09/2026 11:16:07;Mirko;Hernandez;;;;;;Mirko Hernandez;
14398848;21/09/2026 12:37:48;3;2;0008    2958-1;03;CAMIONETA MIE 1;2093731;"OD04    ";"ORTIZ DARIO A.- CERAMITODO                        ";SENGUEL 6447;952677;"60-203         ";60-203 - LAVATORIO MONOCOMANDO BAJO ADRA;2;2;2;23556286;210926022022687;184805741;;;;03/02/2032 00:00:00;2;14056044;21/09/2026 11:20:22;Mirko;Hernandez;;;;;;Mirko Hernandez;
14398848;21/09/2026 12:37:48;3;2;0008    2958-1;03;CAMIONETA MIE 1;2093731;"OD04    ";"ORTIZ DARIO A.- CERAMITODO                        ";SENGUEL 6447;952912;"70-162         ";70-162 - BIDE CR C.CERAM LINEA ADRA;2;2;2;23556286;210926022022687;184847394;;;;07/29/2031 00:00:00;1;14056044;21/09/2026 11:20:22;Mirko;Hernandez;;;;;;Mirko Hernandez;
14398848;21/09/2026 12:37:48;3;2;0008    2958-1;03;CAMIONETA MIE 1;2093731;"OD04    ";"ORTIZ DARIO A.- CERAMITODO                        ";SENGUEL 6447;952862;"70-058         ";70-058 - BIDE CR C.STD MALBA;7;7;7;23556286;210926022022687;184847393;;;;10/20/2031 00:00:00;5;14056044;21/09/2026 11:20:22;Mirko;Hernandez;;;;;;Mirko Hernandez;
14398848;21/09/2026 12:37:48;3;2;0008    2958-1;03;CAMIONETA MIE 1;2093731;"OD04    ";"ORTIZ DARIO A.- CERAMITODO                        ";SENGUEL 6447;953083;"80-122         ";80-122 - DUCHA EMB.C/TRANSF. C.CERAM CR VALENCIA;2;2;2;23556286;210926022022687;184806163;;;;07/31/2031 00:00:00;2;14056044;21/09/2026 11:20:22;Mirko;Hernandez;;;;;;Mirko Hernandez;
14398848;21/09/2026 12:37:48;3;2;0008    2958-1;03;CAMIONETA MIE 1;2093731;"OD04    ";"ORTIZ DARIO A.- CERAMITODO                        ";SENGUEL 6447;953059;"80-057         ";80-057 - DUCHA EMB. C/TRANSF. C.STD VERIN PLUS;7;7;7;23558783;210926030409341;184864252;;;;02/08/2032 00:00:00;1;14057509;21/09/2026 12:04:09;Mirko;Hernandez;;;;;;Mirko Hernandez;
14398848;21/09/2026 12:37:48;3;2;0008    2958-1;03;CAMIONETA MIE 1;2093731;"OD04    ";"ORTIZ DARIO A.- CERAMITODO                        ";SENGUEL 6447;953107;"80-162         ";80-162 - DUCHA EMB. C/TRANSF. CR C.CERAM ADRA;2;2;2;23558783;210926030409341;184799478;;;;07/29/2031 00:00:00;2;14057509;21/09/2026 12:04:09;Mirko;Hernandez;;;;;;Mirko Hernandez;
14398848;21/09/2026 12:37:48;3;2;0008    2958-1;03;CAMIONETA MIE 1;2093731;"OD04    ";"ORTIZ DARIO A.- CERAMITODO                        ";SENGUEL 6447;952862;"70-058         ";70-058 - BIDE CR C.STD MALBA;7;7;7;23558783;210926030409341;184804924;;;;10/20/2031 00:00:00;2;14057509;21/09/2026 12:04:09;Mirko;Hernandez;;;;;;Mirko Hernandez;
14398848;21/09/2026 12:37:48;3;2;0008    2958-1;03;CAMIONETA MIE 1;2093731;"OD04    ";"ORTIZ DARIO A.- CERAMITODO                        ";SENGUEL 6447;952912;"70-162         ";70-162 - BIDE CR C.CERAM LINEA ADRA;2;2;2;23558783;210926030409341;184799178;;;;07/29/2031 00:00:00;1;14057509;21/09/2026 12:04:09;Mirko;Hernandez;;;;;;Mirko Hernandez;
14398848;21/09/2026 12:37:48;3;2;0008    2958-1;03;CAMIONETA MIE 1;2093731;"OD04    ";"ORTIZ DARIO A.- CERAMITODO                        ";SENGUEL 6447;952439;"51-059         ";51-059 - COCINA MESADA BL/CR C.STD MALBA;7;7;7;23558783;210926030409341;184864251;;;;12/13/2031 00:00:00;4;14057509;21/09/2026 12:04:09;Mirko;Hernandez;;;;;;Mirko Hernandez;
14398848;21/09/2026 12:37:48;3;2;0008    2958-1;03;CAMIONETA MIE 1;2093731;"OD04    ";"ORTIZ DARIO A.- CERAMITODO                        ";SENGUEL 6447;952582;"60-057         ";60-057 - LAVATORIO C.STD VERIN PLUS;7;7;7;23558829;210926030514294;184864651;;;;01/31/2032 00:00:00;5;14057532;21/09/2026 12:05:14;Mirko;Hernandez;;;;;;Mirko Hernandez;
14398848;21/09/2026 12:37:48;3;2;0008    2958-1;03;CAMIONETA MIE 1;2093731;"OD04    ";"ORTIZ DARIO A.- CERAMITODO                        ";SENGUEL 6447;952439;"51-059         ";51-059 - COCINA MESADA BL/CR C.STD MALBA;7;7;7;23558829;210926030514294;184804065;;;;12/13/2031 00:00:00;3;14057532;21/09/2026 12:05:14;Mirko;Hernandez;;;;;;Mirko Hernandez;
14398848;21/09/2026 12:37:48;3;2;0008    2958-1;03;CAMIONETA MIE 1;2093731;"OD04    ";"ORTIZ DARIO A.- CERAMITODO                        ";SENGUEL 6447;953059;"80-057         ";80-057 - DUCHA EMB. C/TRANSF. C.STD VERIN PLUS;7;7;7;23558829;210926030514294;184864652;;;;02/08/2032 00:00:00;2;14057532;21/09/2026 12:05:14;Mirko;Hernandez;;;;;;Mirko Hernandez;
14398848;21/09/2026 12:37:48;3;2;0008    2958-1;03;CAMIONETA MIE 1;2093731;"OD04    ";"ORTIZ DARIO A.- CERAMITODO                        ";SENGUEL 6447;953059;"80-057         ";80-057 - DUCHA EMB. C/TRANSF. C.STD VERIN PLUS;7;7;7;23558859;210926030614375;184801126;;;;02/08/2032 00:00:00;4;14057553;21/09/2026 12:06:14;Mirko;Hernandez;;;;;;Mirko Hernandez;
14398848;21/09/2026 12:37:48;3;2;0008    2958-1;03;CAMIONETA MIE 1;2093731;"OD04    ";"ORTIZ DARIO A.- CERAMITODO                        ";SENGUEL 6447;952438;"51-058         ";51-058 - COCINA MESADA CR C.STD MALBA;7;7;7;23558859;210926030614375;184865111;;;;10/19/2031 00:00:00;3;14057553;21/09/2026 12:06:14;Mirko;Hernandez;;;;;;Mirko Hernandez;
14398848;21/09/2026 12:37:48;3;2;0008    2958-1;03;CAMIONETA MIE 1;2093731;"OD04    ";"ORTIZ DARIO A.- CERAMITODO                        ";SENGUEL 6447;952582;"60-057         ";60-057 - LAVATORIO C.STD VERIN PLUS;7;7;7;23558859;210926030614375;184800861;;;;01/31/2032 00:00:00;2;14057553;21/09/2026 12:06:14;Mirko;Hernandez;;;;;;Mirko Hernandez;
14398848;21/09/2026 12:37:48;3;2;0008    2958-1;03;CAMIONETA MIE 1;2093731;"OD04    ";"ORTIZ DARIO A.- CERAMITODO                        ";SENGUEL 6447;952634;"60-162         ";60-162 - LAVATORIO CR C.CERAM LINEA ADRA;10;10;10;23558859;210926030614375;184865112;;;;07/29/2031 00:00:00;1;14057553;21/09/2026 12:06:14;Mirko;Hernandez;;;;;;Mirko Hernandez;
14398848;21/09/2026 12:37:48;3;2;0008    2958-1;03;CAMIONETA MIE 1;2093731;"OD04    ";"ORTIZ DARIO A.- CERAMITODO                        ";SENGUEL 6447;952634;"60-162         ";60-162 - LAVATORIO CR C.CERAM LINEA ADRA;10;10;10;23558930;210926030745955;184865734;;;;07/29/2031 00:00:00;6;14057584;21/09/2026 12:07:45;Mirko;Hernandez;;;;;;Mirko Hernandez;
14398848;21/09/2026 12:37:48;3;2;0008    2958-1;03;CAMIONETA MIE 1;2093731;"OD04    ";"ORTIZ DARIO A.- CERAMITODO                        ";SENGUEL 6447;952438;"51-058         ";51-058 - COCINA MESADA CR C.STD MALBA;7;7;7;23558930;210926030745955;184800476;;;;10/19/2031 00:00:00;4;14057584;21/09/2026 12:07:45;Mirko;Hernandez;;;;;;Mirko Hernandez;
14398848;21/09/2026 12:37:48;3;2;0008    2958-1;03;CAMIONETA MIE 1;2093731;"OD04    ";"ORTIZ DARIO A.- CERAMITODO                        ";SENGUEL 6447;955159;"D439           ";D439 - KIT DE DUCHA MANUAL;10;10;10;23558953;210926030820654;184802581;;;;12/16/2031 00:00:00;10;14057597;21/09/2026 12:08:20;Mirko;Hernandez;;;;;;Mirko Hernandez;
14398848;21/09/2026 12:37:48;3;2;0008    2958-1;03;CAMIONETA MIE 1;2093731;"OD04    ";"ORTIZ DARIO A.- CERAMITODO                        ";SENGUEL 6447;952650;"60-180         ";60-180 - LAVATORIO MONOCOMANDO BAJO VERA;2;2;2;23559512;210926032207430;184804714;;;;07/28/2031 00:00:00;2;14057915;21/09/2026 12:22:07;Mirko;Hernandez;;;;;;Mirko Hernandez;
14398848;21/09/2026 12:37:48;3;2;0008    2958-1;03;CAMIONETA MIE 1;2093731;"OD04    ";"ORTIZ DARIO A.- CERAMITODO                        ";SENGUEL 6447;952637;"60-168         ";60-168 - LAVATORIO MONOC BAJO CR WAVE;2;2;2;23559512;210926032207430;184805695;;;;07/27/2031 00:00:00;2;14057915;21/09/2026 12:22:07;Mirko;Hernandez;;;;;;Mirko Hernandez;
14398848;21/09/2026 12:37:48;3;2;0008    2958-1;03;CAMIONETA MIE 1;2093731;"OD04    ";"ORTIZ DARIO A.- CERAMITODO                        ";SENGUEL 6447;952956;"70-205         ";70-205 - BIDE MONOCOMANDO STEEL;2;2;2;23559636;210926032457125;184806164;;;;11/23/2031 00:00:00;2;14057971;21/09/2026 12:24:57;Mirko;Hernandez;;;;;;Mirko Hernandez;
14398848;21/09/2026 12:37:48;3;2;0008    2958-1;03;CAMIONETA MIE 1;2093731;"OD04    ";"ORTIZ DARIO A.- CERAMITODO                        ";SENGUEL 6447;953157;"80-203         ";80-203 - DUCHA EMB C/TRANSF. MONOCOMANDO ADRA;2;2;2;23559636;210926032457125;184803430;;;;07/27/2031 00:00:00;2;14057971;21/09/2026 12:24:57;Mirko;Hernandez;;;;;;Mirko Hernandez;
14398848;21/09/2026 12:37:48;3;2;0008    2958-1;03;CAMIONETA MIE 1;2093731;"OD04    ";"ORTIZ DARIO A.- CERAMITODO                        ";SENGUEL 6447;952712;"61-176         ";61-176 - LAVATORIO MONOC ALTO CR RIO;7;7;7;23559636;210926032457125;184871391;;;;10/11/2031 00:00:00;1;14057971;21/09/2026 12:24:57;Mirko;Hernandez;;;;;;Mirko Hernandez;
14398848;21/09/2026 12:37:48;3;2;0008    2958-1;03;CAMIONETA MIE 1;2093731;"OD04    ";"ORTIZ DARIO A.- CERAMITODO                        ";SENGUEL 6447;952714;"61-180         ";61-180 - LAVATORIO MONOCOMANDO ALTO VERA;2;2;2;23559697;210926032606750;184805377;;;;07/28/2031 00:00:00;2;14057998;21/09/2026 12:26:06;Mirko;Hernandez;;;;;;Mirko Hernandez;
14398848;21/09/2026 12:37:48;3;2;0008    2958-1;03;CAMIONETA MIE 1;2093731;"OD04    ";"ORTIZ DARIO A.- CERAMITODO                        ";SENGUEL 6447;951554;"20-190         ";20-190 - COCINA MESADA MONOC BLACK VELVET;2;2;2;23559697;210926032606750;184803746;;;;07/28/2031 00:00:00;2;14057998;21/09/2026 12:26:06;Mirko;Hernandez;;;;;;Mirko Hernandez;
14398848;21/09/2026 12:37:48;3;2;0008    2958-1;03;CAMIONETA MIE 1;2093731;"OD04    ";"ORTIZ DARIO A.- CERAMITODO                        ";SENGUEL 6447;951565;"20-205         ";20-205 - MONOCOMANDO DE COCINA STEEL;2;2;2;23559760;210926032727229;184803085;;;;07/28/2031 00:00:00;2;14058030;21/09/2026 12:27:27;Mirko;Hernandez;;;;;;Mirko Hernandez;
14398848;21/09/2026 12:37:48;3;2;0008    2958-1;03;CAMIONETA MIE 1;2093731;"OD04    ";"ORTIZ DARIO A.- CERAMITODO                        ";SENGUEL 6447;951547;"20-174         ";20-174 - COCINA MESADA MONOC. COLORS BLACK;2;2;2;23559760;210926032727229;184804233;;;;07/28/2031 00:00:00;2;14058030;21/09/2026 12:27:27;Mirko;Hernandez;;;;;;Mirko Hernandez;
14398848;21/09/2026 12:37:48;3;2;0008    2958-1;03;CAMIONETA MIE 1;2093731;"OD04    ";"ORTIZ DARIO A.- CERAMITODO                        ";SENGUEL 6447;951833;"30-132         ";30-132 - COCINA MESADA MONOC. C/DUCHADOR EXTENSIBLE VIGO;2;2;2;23559825;210926032836263;184806396;;;;10/07/2031 00:00:00;2;14058057;21/09/2026 12:28:36;Mirko;Hernandez;;;;;;Mirko Hernandez;
14398848;21/09/2026 12:37:48;3;2;0008    2958-1;03;CAMIONETA MIE 1;2093731;"OD04    ";"ORTIZ DARIO A.- CERAMITODO                        ";SENGUEL 6447;952618;"60-133         ";60-133 - LAVATORIO MONOCOMANDO LUGO;2;2;2;23559825;210926032836263;184798278;;;;07/29/2031 00:00:00;2;14058057;21/09/2026 12:28:36;Mirko;Hernandez;;;;;;Mirko Hernandez;
14398848;21/09/2026 12:37:48;3;2;0008    2958-1;03;CAMIONETA MIE 1;2093731;"OD04    ";"ORTIZ DARIO A.- CERAMITODO                        ";SENGUEL 6447;953125;"80-180         ";80-180 - DUCHA EMB. C/TRANSF. MONOCOMANDO VERA;2;2;2;23559825;210926032836263;184797584;;;;11/23/2031 00:00:00;2;14058057;21/09/2026 12:28:36;Mirko;Hernandez;;;;;;Mirko Hernandez;
14398848;21/09/2026 12:37:48;3;2;0008    2958-1;03;CAMIONETA MIE 1;2093731;"OD04    ";"ORTIZ DARIO A.- CERAMITODO                        ";SENGUEL 6447;953967;"A1250          ";A1250 - COLUMNA DE DUCHA CROMO;2;2;2;23559925;210926033107763;184806950;;;;07/27/2031 00:00:00;2;14058102;21/09/2026 12:31:07;Mirko;Hernandez;;;;;;Mirko Hernandez;
14398848;21/09/2026 12:37:48;3;2;0008    2958-1;03;CAMIONETA MIE 1;2093731;"OD04    ";"ORTIZ DARIO A.- CERAMITODO                        ";SENGUEL 6447;952916;"70-168N        ";70-168N - BIDE MONOC BLACK WAVE;2;2;2;23559925;210926033107763;184797974;;;;01/05/2032 00:00:00;2;14058102;21/09/2026 12:31:07;Mirko;Hernandez;;;;;;Mirko Hernandez;
14398848;21/09/2026 12:37:48;3;2;0008    2958-1;03;CAMIONETA MIE 1;2093731;"OD04    ";"ORTIZ DARIO A.- CERAMITODO                        ";SENGUEL 6447;952925;"70-176         ";70-176 - BIDE MONOC C/TRANSF CR RIO;2;2;2;23559925;210926033107763;184802462;;;;12/14/2031 00:00:00;2;14058102;21/09/2026 12:31:07;Mirko;Hernandez;;;;;;Mirko Hernandez;
14398848;21/09/2026 12:37:48;3;2;0008    2958-1;03;CAMIONETA MIE 1;2093731;"OD04    ";"ORTIZ DARIO A.- CERAMITODO                        ";SENGUEL 6447;952638;"60-168N        ";60-168N - LAVATORIO MONOC BAJO BLACK WAVE;2;2;2;23559925;210926033107763;184805803;;;;07/27/2031 00:00:00;2;14058102;21/09/2026 12:31:07;Mirko;Hernandez;;;;;;Mirko Hernandez;
14398848;21/09/2026 12:37:48;3;2;0008    2958-1;03;CAMIONETA MIE 1;2093731;"OD04    ";"ORTIZ DARIO A.- CERAMITODO                        ";SENGUEL 6447;952630;"60-152         ";60-152 - LAVATORIO CR MONOCOMANDO BAJO SORIA;7;7;7;23560037;210926033250659;184873925;;;;07/27/2031 00:00:00;6;14058135;21/09/2026 12:32:50;Mirko;Hernandez;;;;;;Mirko Hernandez;
14398848;21/09/2026 12:37:48;3;2;0008    2958-1;03;CAMIONETA MIE 1;2093731;"OD04    ";"ORTIZ DARIO A.- CERAMITODO                        ";SENGUEL 6447;952928;"70-180         ";70-180 - BIDE MONOCOMANDO C/TRANSF. VERA;2;2;2;23560079;210926033334084;184804491;;;;07/27/2031 00:00:00;2;14058150;21/09/2026 12:33:34;Mirko;Hernandez;;;;;;Mirko Hernandez;
14398848;21/09/2026 12:37:48;3;2;0008    2958-1;03;CAMIONETA MIE 1;2093731;"OD04    ";"ORTIZ DARIO A.- CERAMITODO                        ";SENGUEL 6447;952955;"70-203N        ";"BIDE MONOCOMANDO ADRA BLACK                                           ";2;2;2;23560079;210926033334084;184807266;;;;07/27/2031 00:00:00;2;14058150;21/09/2026 12:33:34;Mirko;Hernandez;;;;;;Mirko Hernandez;
14398848;21/09/2026 12:37:48;3;2;0008    2958-1;03;CAMIONETA MIE 1;2093731;"OD04    ";"ORTIZ DARIO A.- CERAMITODO                        ";SENGUEL 6447;952630;"60-152         ";60-152 - LAVATORIO CR MONOCOMANDO BAJO SORIA;7;7;7;23560079;210926033334084;184801937;;;;07/27/2031 00:00:00;1;14058150;21/09/2026 12:33:34;Mirko;Hernandez;;;;;;Mirko Hernandez;
14398848;21/09/2026 12:37:48;3;2;0008    2958-1;03;CAMIONETA MIE 1;2093731;"OD04    ";"ORTIZ DARIO A.- CERAMITODO                        ";SENGUEL 6447;952707;"61-152         ";61-152 - LAVATORIO MONOCOMANDO CROMO ALTO SORIA;7;7;7;23560218;210926033548591;184801166;;;;07/27/2031 00:00:00;7;14058212;21/09/2026 12:35:48;Mirko;Hernandez;;;;;;Mirko Hernandez;
14398848;21/09/2026 12:37:48;3;2;0008    2958-1;03;CAMIONETA MIE 1;2093731;"OD04    ";"ORTIZ DARIO A.- CERAMITODO                        ";SENGUEL 6447;951553;"20-184         ";"MONOCOMANDO DE COCINA CR SUV                                          ";10;10;10;23560240;210926033608621;184806700;;;;10/04/2031 00:00:00;10;14058220;21/09/2026 12:36:08;Mirko;Hernandez;;;;;;Mirko Hernandez;
14398849;21/09/2026 13:04:31;3;2;0001  216021-1;03;CAMIONETA MIE 1;2093731;"OD04    ";"ORTIZ DARIO A.- CERAMITODO                        ";SENGUEL 6447;952419;"51-001N        ";"51-001N - COCINA MESADA ""CROMO Y""";5;5;5;23548348;210926035237143;184802219;;;;07/29/2031 00:00:00;2;14058348;21/09/2026 12:52:37;Mirko;Hernandez;24820747;21/09/2026 09:18:41;7310;Maximiliano;Nievas;Mirko Hernandez;Maximiliano Nievas
14398849;21/09/2026 13:04:31;3;2;0001  216021-1;03;CAMIONETA MIE 1;2093731;"OD04    ";"ORTIZ DARIO A.- CERAMITODO                        ";SENGUEL 6447;955159;"D439           ";D439 - KIT DE DUCHA MANUAL;2;2;2;23548348;210926035237143;184800045;;;;12/16/2031 00:00:00;2;14058348;21/09/2026 12:52:37;Mirko;Hernandez;24820747;21/09/2026 09:18:41;7310;Maximiliano;Nievas;Mirko Hernandez;Maximiliano Nievas
14398849;21/09/2026 13:04:31;3;2;0001  216021-1;03;CAMIONETA MIE 1;2093731;"OD04    ";"ORTIZ DARIO A.- CERAMITODO                        ";SENGUEL 6447;953474;"933            ";933 - JGO PARED C/EXT CR DIQUE;2;2;2;23548348;210926035237143;184802561;;;;01/07/2032 00:00:00;1;14058348;21/09/2026 12:52:37;Mirko;Hernandez;24820747;21/09/2026 09:18:41;7310;Maximiliano;Nievas;Mirko Hernandez;Maximiliano Nievas
14398849;21/09/2026 13:04:31;3;2;0001  216021-1;03;CAMIONETA MIE 1;2093731;"OD04    ";"ORTIZ DARIO A.- CERAMITODO                        ";SENGUEL 6447;952677;"60-203         ";60-203 - LAVATORIO MONOCOMANDO BAJO ADRA;1;1;1;23548348;210926035237143;184800509;;;;03/02/2032 00:00:00;1;14058348;21/09/2026 12:52:37;Mirko;Hernandez;24820747;21/09/2026 09:18:41;7310;Maximiliano;Nievas;Mirko Hernandez;Maximiliano Nievas
14398849;21/09/2026 13:04:31;3;2;0001  216021-1;03;CAMIONETA MIE 1;2093731;"OD04    ";"ORTIZ DARIO A.- CERAMITODO                        ";SENGUEL 6447;952862;"70-058         ";70-058 - BIDE CR C.STD MALBA;2;2;2;23548348;210926035237143;184800239;;;;10/20/2031 00:00:00;2;14058348;21/09/2026 12:52:37;Mirko;Hernandez;24820747;21/09/2026 09:18:41;7310;Maximiliano;Nievas;Mirko Hernandez;Maximiliano Nievas
14398849;21/09/2026 13:04:31;3;2;0001  216021-1;03;CAMIONETA MIE 1;2093731;"OD04    ";"ORTIZ DARIO A.- CERAMITODO                        ";SENGUEL 6447;952898;"70-135         ";70-135 - BIDE C.CERAM SANTANDER;1;1;1;23548348;210926035237143;184801615;;;;02/18/2032 00:00:00;1;14058348;21/09/2026 12:52:37;Mirko;Hernandez;24820747;21/09/2026 09:18:41;7310;Maximiliano;Nievas;Mirko Hernandez;Maximiliano Nievas
14398849;21/09/2026 13:04:31;3;2;0001  216021-1;03;CAMIONETA MIE 1;2093731;"OD04    ";"ORTIZ DARIO A.- CERAMITODO                        ";SENGUEL 6447;951116;"12006          ";"SET DE 6 PIEZAS LINEA 12000                                           ";10;10;10;23550173;210926040429087;184810399;;;;07/30/2031 00:00:00;10;14058641;21/09/2026 13:04:29;Mirko;Hernandez;24822301;21/09/2026 09:56:58;6866;Alejandro;Dure;Mirko Hernandez;Alejandro Dure
14398849;21/09/2026 13:04:31;3;2;0001  216021-1;03;CAMIONETA MIE 1;2093731;"OD04    ";"ORTIZ DARIO A.- CERAMITODO                        ";SENGUEL 6447;953113;"80-168N        ";80-168N - DUCHA EMB C/TRANSF MONOC BLACK WAVE;1;1;1;23560589;210926034245163;184803382;;;;01/22/2032 00:00:00;1;14058354;21/09/2026 12:42:45;Mirko;Hernandez;;;;;;Mirko Hernandez;
14398849;21/09/2026 13:04:31;3;2;0001  216021-1;03;CAMIONETA MIE 1;2093731;"OD04    ";"ORTIZ DARIO A.- CERAMITODO                        ";SENGUEL 6447;952452;"51-122         ";51-122 - MESADA BIMANDO CR C.CERAM VALENCIA;1;1;1;23560589;210926034245163;184800611;;;;02/01/2032 00:00:00;1;14058354;21/09/2026 12:42:45;Mirko;Hernandez;;;;;;Mirko Hernandez;
14398849;21/09/2026 13:04:31;3;2;0001  216021-1;03;CAMIONETA MIE 1;2093731;"OD04    ";"ORTIZ DARIO A.- CERAMITODO                        ";SENGUEL 6447;952456;"51-190         ";51-190 - MESADA BIMANDO C.CERAM BLACK VELVET;1;1;1;23560589;210926034245163;184801174;;;;01/31/2032 00:00:00;1;14058354;21/09/2026 12:42:45;Mirko;Hernandez;;;;;;Mirko Hernandez;
14398849;21/09/2026 13:04:31;3;2;0001  216021-1;03;CAMIONETA MIE 1;2093731;"OD04    ";"ORTIZ DARIO A.- CERAMITODO                        ";SENGUEL 6447;953421;"90-166         ";90-166 - PACK GRIF. ADRA PLUS (Lav-Bide-Ducha c/t Plus);2;2;2;23560671;210926034404720;184798903;;;;01/04/2032 00:00:00;2;14058392;21/09/2026 12:44:04;Mirko;Hernandez;;;;;;Mirko Hernandez;
14398849;21/09/2026 13:04:31;3;2;0001  216021-1;03;CAMIONETA MIE 1;2093731;"OD04    ";"ORTIZ DARIO A.- CERAMITODO                        ";SENGUEL 6447;952620;"60-135         ";60-135 - LAVATORIO C.CERAM SANTANDER;1;1;1;23560700;210926034441729;184801685;;;;01/14/2032 00:00:00;1;14058407;21/09/2026 12:44:41;Mirko;Hernandez;;;;;;Mirko Hernandez;
14398849;21/09/2026 13:04:31;3;2;0001  216021-1;03;CAMIONETA MIE 1;2093731;"OD04    ";"ORTIZ DARIO A.- CERAMITODO                        ";SENGUEL 6447;952645;"60-175GR       ";60-175GR - LAVATORIO PULSE GRAFITO C.CERAM;1;1;1;23560700;210926034441729;184802724;;;;07/31/2031 00:00:00;1;14058407;21/09/2026 12:44:41;Mirko;Hernandez;;;;;;Mirko Hernandez;
14398849;21/09/2026 13:04:31;3;2;0001  216021-1;03;CAMIONETA MIE 1;2093731;"OD04    ";"ORTIZ DARIO A.- CERAMITODO                        ";SENGUEL 6447;952727;"61-203N        ";"LAVATORIO MONOCOMANDO ALTO ADRA BLACK                                 ";1;1;1;23560700;210926034441729;184800898;;;;01/06/2032 00:00:00;1;14058407;21/09/2026 12:44:41;Mirko;Hernandez;;;;;;Mirko Hernandez;
14398849;21/09/2026 13:04:31;3;2;0001  216021-1;03;CAMIONETA MIE 1;2093731;"OD04    ";"ORTIZ DARIO A.- CERAMITODO                        ";SENGUEL 6447;952909;"70-153         ";70-153 - BIDE CR C.CERAM CASTILLA;2;2;2;23560836;210926034707564;184801047;;;;10/20/2031 00:00:00;2;14058476;21/09/2026 12:47:07;Mirko;Hernandez;;;;;;Mirko Hernandez;
14398849;21/09/2026 13:04:31;3;2;0001  216021-1;03;CAMIONETA MIE 1;2093731;"OD04    ";"ORTIZ DARIO A.- CERAMITODO                        ";SENGUEL 6447;952874;"70-100G        ";70-100G - BIDE GOLD C.CERAM FABRIC;1;1;1;23560836;210926034707564;184801293;;;;07/29/2031 00:00:00;1;14058476;21/09/2026 12:47:07;Mirko;Hernandez;;;;;;Mirko Hernandez;
14398849;21/09/2026 13:04:31;3;2;0001  216021-1;03;CAMIONETA MIE 1;2093731;"OD04    ";"ORTIZ DARIO A.- CERAMITODO                        ";SENGUEL 6447;952634;"60-162         ";60-162 - LAVATORIO CR C.CERAM LINEA ADRA;2;2;2;23560836;210926034707564;184878373;;;;07/29/2031 00:00:00;1;14058476;21/09/2026 12:47:07;Mirko;Hernandez;;;;;;Mirko Hernandez;
14398849;21/09/2026 13:04:31;3;2;0001  216021-1;03;CAMIONETA MIE 1;2093731;"OD04    ";"ORTIZ DARIO A.- CERAMITODO                        ";SENGUEL 6447;953474;"933            ";933 - JGO PARED C/EXT CR DIQUE;2;2;2;23560836;210926034707564;184878374;;;;01/07/2032 00:00:00;1;14058476;21/09/2026 12:47:07;Mirko;Hernandez;;;;;;Mirko Hernandez;
14398849;21/09/2026 13:04:31;3;2;0001  216021-1;03;CAMIONETA MIE 1;2093731;"OD04    ";"ORTIZ DARIO A.- CERAMITODO                        ";SENGUEL 6447;952582;"60-057         ";60-057 - LAVATORIO C.STD VERIN PLUS;2;2;2;23560836;210926034707564;184798022;;;;01/31/2032 00:00:00;2;14058476;21/09/2026 12:47:07;Mirko;Hernandez;;;;;;Mirko Hernandez;
14398849;21/09/2026 13:04:31;3;2;0001  216021-1;03;CAMIONETA MIE 1;2093731;"OD04    ";"ORTIZ DARIO A.- CERAMITODO                        ";SENGUEL 6447;953083;"80-122         ";80-122 - DUCHA EMB.C/TRANSF. C.CERAM CR VALENCIA;1;1;1;23560836;210926034707564;184800767;;;;07/31/2031 00:00:00;1;14058476;21/09/2026 12:47:07;Mirko;Hernandez;;;;;;Mirko Hernandez;
14398849;21/09/2026 13:04:31;3;2;0001  216021-1;03;CAMIONETA MIE 1;2093731;"OD04    ";"ORTIZ DARIO A.- CERAMITODO                        ";SENGUEL 6447;953059;"80-057         ";80-057 - DUCHA EMB. C/TRANSF. C.STD VERIN PLUS;2;2;2;23560836;210926034707564;184797903;;;;02/08/2032 00:00:00;2;14058476;21/09/2026 12:47:07;Mirko;Hernandez;;;;;;Mirko Hernandez;
14398849;21/09/2026 13:04:31;3;2;0001  216021-1;03;CAMIONETA MIE 1;2093731;"OD04    ";"ORTIZ DARIO A.- CERAMITODO                        ";SENGUEL 6447;952821;"70-001N        ";"70-001N - BIDE ""CROMO Y""";5;5;5;23560949;210926034945512;184802161;;;;07/31/2031 00:00:00;5;14058550;21/09/2026 12:49:45;Mirko;Hernandez;;;;;;Mirko Hernandez;
14398849;21/09/2026 13:04:31;3;2;0001  216021-1;03;CAMIONETA MIE 1;2093731;"OD04    ";"ORTIZ DARIO A.- CERAMITODO                        ";SENGUEL 6447;953018;"80-001N        ";"80-001N - DUCHA EMB. C/TRANSF. ""CROMO Y""";5;5;5;23560949;210926034945512;184802198;;;;07/31/2031 00:00:00;5;14058550;21/09/2026 12:49:45;Mirko;Hernandez;;;;;;Mirko Hernandez;
14398849;21/09/2026 13:04:31;3;2;0001  216021-1;03;CAMIONETA MIE 1;2093731;"OD04    ";"ORTIZ DARIO A.- CERAMITODO                        ";SENGUEL 6447;953107;"80-162         ";80-162 - DUCHA EMB. C/TRANSF. CR C.CERAM ADRA;1;1;1;23561014;210926035116797;184798583;;;;07/29/2031 00:00:00;1;14058581;21/09/2026 12:51:16;Mirko;Hernandez;;;;;;Mirko Hernandez;
14398849;21/09/2026 13:04:31;3;2;0001  216021-1;03;CAMIONETA MIE 1;2093731;"OD04    ";"ORTIZ DARIO A.- CERAMITODO                        ";SENGUEL 6447;952912;"70-162         ";70-162 - BIDE CR C.CERAM LINEA ADRA;1;1;1;23561014;210926035116797;184798695;;;;07/29/2031 00:00:00;1;14058581;21/09/2026 12:51:16;Mirko;Hernandez;;;;;;Mirko Hernandez;
14398849;21/09/2026 13:04:31;3;2;0001  216021-1;03;CAMIONETA MIE 1;2093731;"OD04    ";"ORTIZ DARIO A.- CERAMITODO                        ";SENGUEL 6447;952634;"60-162         ";60-162 - LAVATORIO CR C.CERAM LINEA ADRA;2;2;2;23561014;210926035116797;184799009;;;;07/29/2031 00:00:00;1;14058581;21/09/2026 12:51:16;Mirko;Hernandez;;;;;;Mirko Hernandez;
14398849;21/09/2026 13:04:31;3;2;0001  216021-1;03;CAMIONETA MIE 1;2093731;"OD04    ";"ORTIZ DARIO A.- CERAMITODO                        ";SENGUEL 6447;952439;"51-059         ";51-059 - COCINA MESADA BL/CR C.STD MALBA;2;2;2;23561014;210926035116797;184799934;;;;12/13/2031 00:00:00;2;14058581;21/09/2026 12:51:16;Mirko;Hernandez;;;;;;Mirko Hernandez;
14398849;21/09/2026 13:04:31;3;2;0001  216021-1;03;CAMIONETA MIE 1;2093731;"OD04    ";"ORTIZ DARIO A.- CERAMITODO                        ";SENGUEL 6447;952438;"51-058         ";51-058 - COCINA MESADA CR C.STD MALBA;2;2;2;23561014;210926035116797;184798479;;;;10/19/2031 00:00:00;2;14058581;21/09/2026 12:51:16;Mirko;Hernandez;;;;;;Mirko Hernandez;
14398849;21/09/2026 13:04:31;3;2;0001  216021-1;03;CAMIONETA MIE 1;2093731;"OD04    ";"ORTIZ DARIO A.- CERAMITODO                        ";SENGUEL 6447;952419;"51-001N        ";"51-001N - COCINA MESADA ""CROMO Y""";5;5;5;23561014;210926035116797;184879751;;;;07/29/2031 00:00:00;3;14058581;21/09/2026 12:51:16;Mirko;Hernandez;;;;;;Mirko Hernandez;
14398849;21/09/2026 13:04:31;3;2;0001  216021-1;03;CAMIONETA MIE 1;2093731;"OD04    ";"ORTIZ DARIO A.- CERAMITODO                        ";SENGUEL 6447;952630;"60-152         ";60-152 - LAVATORIO CR MONOCOMANDO BAJO SORIA;2;2;2;23561154;210926035435888;184813352;;;;07/27/2031 00:00:00;2;14058658;21/09/2026 12:54:35;Mirko;Hernandez;;;;;;Mirko Hernandez;
14398849;21/09/2026 13:04:31;3;2;0001  216021-1;03;CAMIONETA MIE 1;2093731;"OD04    ";"ORTIZ DARIO A.- CERAMITODO                        ";SENGUEL 6447;952638;"60-168N        ";60-168N - LAVATORIO MONOC BAJO BLACK WAVE;1;1;1;23561154;210926035435888;184814245;;;;07/27/2031 00:00:00;1;14058658;21/09/2026 12:54:35;Mirko;Hernandez;;;;;;Mirko Hernandez;
14398849;21/09/2026 13:04:31;3;2;0001  216021-1;03;CAMIONETA MIE 1;2093731;"OD04    ";"ORTIZ DARIO A.- CERAMITODO                        ";SENGUEL 6447;952925;"70-176         ";70-176 - BIDE MONOC C/TRANSF CR RIO;1;1;1;23561154;210926035435888;184813124;;;;12/14/2031 00:00:00;1;14058658;21/09/2026 12:54:35;Mirko;Hernandez;;;;;;Mirko Hernandez;
14398849;21/09/2026 13:04:31;3;2;0001  216021-1;03;CAMIONETA MIE 1;2093731;"OD04    ";"ORTIZ DARIO A.- CERAMITODO                        ";SENGUEL 6447;952928;"70-180         ";70-180 - BIDE MONOCOMANDO C/TRANSF. VERA;1;1;1;23561154;210926035435888;184813757;;;;07/27/2031 00:00:00;1;14058658;21/09/2026 12:54:35;Mirko;Hernandez;;;;;;Mirko Hernandez;
14398849;21/09/2026 13:04:31;3;2;0001  216021-1;03;CAMIONETA MIE 1;2093731;"OD04    ";"ORTIZ DARIO A.- CERAMITODO                        ";SENGUEL 6447;952955;"70-203N        ";"BIDE MONOCOMANDO ADRA BLACK                                           ";1;1;1;23561154;210926035435888;184815465;;;;07/27/2031 00:00:00;1;14058658;21/09/2026 12:54:35;Mirko;Hernandez;;;;;;Mirko Hernandez;
14398849;21/09/2026 13:04:31;3;2;0001  216021-1;03;CAMIONETA MIE 1;2093731;"OD04    ";"ORTIZ DARIO A.- CERAMITODO                        ";SENGUEL 6447;953157;"80-203         ";80-203 - DUCHA EMB C/TRANSF. MONOCOMANDO ADRA;1;1;1;23561186;210926035532041;184812195;;;;07/27/2031 00:00:00;1;14058687;21/09/2026 12:55:32;Mirko;Hernandez;;;;;;Mirko Hernandez;
14398849;21/09/2026 13:04:31;3;2;0001  216021-1;03;CAMIONETA MIE 1;2093731;"OD04    ";"ORTIZ DARIO A.- CERAMITODO                        ";SENGUEL 6447;952707;"61-152         ";61-152 - LAVATORIO MONOCOMANDO CROMO ALTO SORIA;2;2;2;23561186;210926035532041;184880964;;;;07/27/2031 00:00:00;1;14058687;21/09/2026 12:55:32;Mirko;Hernandez;;;;;;Mirko Hernandez;
14398849;21/09/2026 13:04:31;3;2;0001  216021-1;03;CAMIONETA MIE 1;2093731;"OD04    ";"ORTIZ DARIO A.- CERAMITODO                        ";SENGUEL 6447;951554;"20-190         ";20-190 - COCINA MESADA MONOC BLACK VELVET;1;1;1;23561186;210926035532041;184812483;;;;07/28/2031 00:00:00;1;14058687;21/09/2026 12:55:32;Mirko;Hernandez;;;;;;Mirko Hernandez;
14398849;21/09/2026 13:04:31;3;2;0001  216021-1;03;CAMIONETA MIE 1;2093731;"OD04    ";"ORTIZ DARIO A.- CERAMITODO                        ";SENGUEL 6447;951547;"20-174         ";20-174 - COCINA MESADA MONOC. COLORS BLACK;1;1;1;23561186;210926035532041;184813988;;;;07/28/2031 00:00:00;1;14058687;21/09/2026 12:55:32;Mirko;Hernandez;;;;;;Mirko Hernandez;
14398849;21/09/2026 13:04:31;3;2;0001  216021-1;03;CAMIONETA MIE 1;2093731;"OD04    ";"ORTIZ DARIO A.- CERAMITODO                        ";SENGUEL 6447;952618;"60-133         ";60-133 - LAVATORIO MONOCOMANDO LUGO;1;1;1;23561334;210926040004230;184810936;;;;07/29/2031 00:00:00;1;14058772;21/09/2026 13:00:04;Mirko;Hernandez;;;;;;Mirko Hernandez;
14398849;21/09/2026 13:04:31;3;2;0001  216021-1;03;CAMIONETA MIE 1;2093731;"OD04    ";"ORTIZ DARIO A.- CERAMITODO                        ";SENGUEL 6447;952637;"60-168         ";60-168 - LAVATORIO MONOC BAJO CR WAVE;1;1;1;23561334;210926040004230;184814299;;;;07/27/2031 00:00:00;1;14058772;21/09/2026 13:00:04;Mirko;Hernandez;;;;;;Mirko Hernandez;
14398849;21/09/2026 13:04:31;3;2;0001  216021-1;03;CAMIONETA MIE 1;2093731;"OD04    ";"ORTIZ DARIO A.- CERAMITODO                        ";SENGUEL 6447;952650;"60-180         ";60-180 - LAVATORIO MONOCOMANDO BAJO VERA;1;1;1;23561334;210926040004230;184813607;;;;07/28/2031 00:00:00;1;14058772;21/09/2026 13:00:04;Mirko;Hernandez;;;;;;Mirko Hernandez;
14398849;21/09/2026 13:04:31;3;2;0001  216021-1;03;CAMIONETA MIE 1;2093731;"OD04    ";"ORTIZ DARIO A.- CERAMITODO                        ";SENGUEL 6447;952916;"70-168N        ";70-168N - BIDE MONOC BLACK WAVE;1;1;1;23561334;210926040004230;184811072;;;;01/05/2032 00:00:00;1;14058772;21/09/2026 13:00:04;Mirko;Hernandez;;;;;;Mirko Hernandez;
14398849;21/09/2026 13:04:31;3;2;0001  216021-1;03;CAMIONETA MIE 1;2093731;"OD04    ";"ORTIZ DARIO A.- CERAMITODO                        ";SENGUEL 6447;952956;"70-205         ";70-205 - BIDE MONOCOMANDO STEEL;1;1;1;23561334;210926040004230;184814417;;;;11/23/2031 00:00:00;1;14058772;21/09/2026 13:00:04;Mirko;Hernandez;;;;;;Mirko Hernandez;
14398849;21/09/2026 13:04:31;3;2;0001  216021-1;03;CAMIONETA MIE 1;2093731;"OD04    ";"ORTIZ DARIO A.- CERAMITODO                        ";SENGUEL 6447;951833;"30-132         ";30-132 - COCINA MESADA MONOC. C/DUCHADOR EXTENSIBLE VIGO;1;1;1;23561334;210926040004230;184814559;;;;10/07/2031 00:00:00;1;14058772;21/09/2026 13:00:04;Mirko;Hernandez;;;;;;Mirko Hernandez;
14398849;21/09/2026 13:04:31;3;2;0001  216021-1;03;CAMIONETA MIE 1;2093731;"OD04    ";"ORTIZ DARIO A.- CERAMITODO                        ";SENGUEL 6447;953967;"A1250          ";A1250 - COLUMNA DE DUCHA CROMO;1;1;1;23561369;210926040108093;184815285;;;;07/27/2031 00:00:00;1;14058794;21/09/2026 13:01:08;Mirko;Hernandez;;;;;;Mirko Hernandez;
14398849;21/09/2026 13:04:31;3;2;0001  216021-1;03;CAMIONETA MIE 1;2093731;"OD04    ";"ORTIZ DARIO A.- CERAMITODO                        ";SENGUEL 6447;952714;"61-180         ";61-180 - LAVATORIO MONOCOMANDO ALTO VERA;1;1;1;23561403;210926040159360;184813643;;;;07/28/2031 00:00:00;1;14058814;21/09/2026 13:01:59;Mirko;Hernandez;;;;;;Mirko Hernandez;
14398849;21/09/2026 13:04:31;3;2;0001  216021-1;03;CAMIONETA MIE 1;2093731;"OD04    ";"ORTIZ DARIO A.- CERAMITODO                        ";SENGUEL 6447;953125;"80-180         ";80-180 - DUCHA EMB. C/TRANSF. MONOCOMANDO VERA;1;1;1;23561403;210926040159360;184810151;;;;11/23/2031 00:00:00;1;14058814;21/09/2026 13:01:59;Mirko;Hernandez;;;;;;Mirko Hernandez;
14398849;21/09/2026 13:04:31;3;2;0001  216021-1;03;CAMIONETA MIE 1;2093731;"OD04    ";"ORTIZ DARIO A.- CERAMITODO                        ";SENGUEL 6447;951565;"20-205         ";20-205 - MONOCOMANDO DE COCINA STEEL;1;1;1;23561403;210926040159360;184812739;;;;07/28/2031 00:00:00;1;14058814;21/09/2026 13:01:59;Mirko;Hernandez;;;;;;Mirko Hernandez;
14398849;21/09/2026 13:04:31;3;2;0001  216021-1;03;CAMIONETA MIE 1;2093731;"OD04    ";"ORTIZ DARIO A.- CERAMITODO                        ";SENGUEL 6447;952712;"61-176         ";61-176 - LAVATORIO MONOC ALTO CR RIO;2;2;2;23561436;210926040246008;184812899;;;;10/11/2031 00:00:00;2;14058839;21/09/2026 13:02:46;Mirko;Hernandez;;;;;;Mirko Hernandez;
14398849;21/09/2026 13:04:31;3;2;0001  216021-1;03;CAMIONETA MIE 1;2093731;"OD04    ";"ORTIZ DARIO A.- CERAMITODO                        ";SENGUEL 6447;952707;"61-152         ";61-152 - LAVATORIO MONOCOMANDO CROMO ALTO SORIA;2;2;2;23561436;210926040246008;184813275;;;;07/27/2031 00:00:00;1;14058839;21/09/2026 13:02:46;Mirko;Hernandez;;;;;;Mirko Hernandez;
14398849;21/09/2026 13:04:31;3;2;0001  216021-1;03;CAMIONETA MIE 1;2093731;"OD04    ";"ORTIZ DARIO A.- CERAMITODO                        ";SENGUEL 6447;951553;"20-184         ";"MONOCOMANDO DE COCINA CR SUV                                          ";10;10;10;23561477;210926040412520;184815138;;;;10/04/2031 00:00:00;10;14058869;21/09/2026 13:04:12;Mirko;Hernandez;;;;;;Mirko Hernandez;
14398850;21/09/2026 13:21:25;3;2;0001  215860-1;03;CAMIONETA MIE 1;2092387;"FA20    ";"FALABELLA S.A.                                    ";AV DON BOSCO 2680;952928;"70-180         ";70-180 - BIDE MONOCOMANDO C/TRANSF. VERA;1;1;1;23548283;210926041148056;184802629;;;;07/27/2031 00:00:00;1;14059069;21/09/2026 13:11:48;Mirko;Hernandez;24820670;21/09/2026 09:31:22;7807;Nicolas;Perez;Mirko Hernandez;Nicolas Perez
14398850;21/09/2026 13:21:25;3;2;0001  215860-1;03;CAMIONETA MIE 1;2092387;"FA20    ";"FALABELLA S.A.                                    ";AV DON BOSCO 2680;953125;"80-180         ";80-180 - DUCHA EMB. C/TRANSF. MONOCOMANDO VERA;1;1;1;23548283;210926041148056;184800802;;;;11/23/2031 00:00:00;1;14059069;21/09/2026 13:11:48;Mirko;Hernandez;24820670;21/09/2026 09:31:22;7807;Nicolas;Perez;Mirko Hernandez;Nicolas Perez
14398850;21/09/2026 13:21:25;3;2;0001  215860-1;03;CAMIONETA MIE 1;2092387;"FA20    ";"FALABELLA S.A.                                    ";AV DON BOSCO 2680;952912;"70-162         ";70-162 - BIDE CR C.CERAM LINEA ADRA;1;1;1;23551472;210926041710943;184817029;;;;07/29/2031 00:00:00;1;14059090;21/09/2026 13:17:10;Mirko;Hernandez;24823304;21/09/2026 10:08:36;7636;Kevin;Arce;Mirko Hernandez;Kevin Arce
14398850;21/09/2026 13:21:25;3;2;0001  215860-1;03;CAMIONETA MIE 1;2092387;"FA20    ";"FALABELLA S.A.                                    ";AV DON BOSCO 2680;952590;"60-064         ";60-064 - LAVATORIO CR/CR C.STD FRAGA;2;2;2;23551472;210926041710943;184818385;;;;07/31/2031 00:00:00;2;14059090;21/09/2026 13:17:10;Mirko;Hernandez;24823304;21/09/2026 10:08:36;7636;Kevin;Arce;Mirko Hernandez;Kevin Arce
14398850;21/09/2026 13:21:25;3;2;0001  215860-1;03;CAMIONETA MIE 1;2092387;"FA20    ";"FALABELLA S.A.                                    ";AV DON BOSCO 2680;952677;"60-203         ";60-203 - LAVATORIO MONOCOMANDO BAJO ADRA;2;2;2;23551472;210926041710943;184819126;;;;03/02/2032 00:00:00;1;14059090;21/09/2026 13:17:10;Mirko;Hernandez;24823304;21/09/2026 10:08:36;7636;Kevin;Arce;Mirko Hernandez;Kevin Arce
14398850;21/09/2026 13:21:25;3;2;0001  215860-1;03;CAMIONETA MIE 1;2092387;"FA20    ";"FALABELLA S.A.                                    ";AV DON BOSCO 2680;952587;"60-061         ";60-061 - LAVATORIO CR C.STD PUEBLA;1;1;1;23551472;210926041710943;184817404;;;;10/08/2031 00:00:00;1;14059090;21/09/2026 13:17:10;Mirko;Hernandez;24823304;21/09/2026 10:08:36;7636;Kevin;Arce;Mirko Hernandez;Kevin Arce
14398850;21/09/2026 13:21:25;3;2;0001  215860-1;03;CAMIONETA MIE 1;2092387;"FA20    ";"FALABELLA S.A.                                    ";AV DON BOSCO 2680;954906;"BCH05          ";BCH05 - BACHA DE APOYAR CUADRADA 370x370x130;2;2;2;23551523;210926042124853;184818572;;;;07/27/2031 00:00:00;2;14059274;21/09/2026 13:21:24;Mirko;Hernandez;24823325;21/09/2026 10:42:52;7807;Nicolas;Perez;Mirko Hernandez;Nicolas Perez
14398850;21/09/2026 13:21:25;3;2;0001  215860-1;03;CAMIONETA MIE 1;2092387;"FA20    ";"FALABELLA S.A.                                    ";AV DON BOSCO 2680;953144;"80-196         ";80-196 - DUCHA EMB. C/TRANSF. CR C.CERAM LOOP;3;3;3;23561874;210926041237682;184817947;;;;01/11/2032 00:00:00;3;14059095;21/09/2026 13:12:37;Mirko;Hernandez;;;;;;Mirko Hernandez;
14398850;21/09/2026 13:21:25;3;2;0001  215860-1;03;CAMIONETA MIE 1;2092387;"FA20    ";"FALABELLA S.A.                                    ";AV DON BOSCO 2680;953148;"80-199         ";80-199 - DUCHA EMB. C/TRANSF. CR C.CERAM LIVE;2;2;2;23561892;210926041319746;184818567;;;;01/20/2032 00:00:00;2;14059111;21/09/2026 13:13:19;Mirko;Hernandez;;;;;;Mirko Hernandez;
14398850;21/09/2026 13:21:25;3;2;0001  215860-1;03;CAMIONETA MIE 1;2092387;"FA20    ";"FALABELLA S.A.                                    ";AV DON BOSCO 2680;953136;"80-190P        ";80-190P - DUCHA EMB. C/TRANSF. C.CERAM BLACK VELVET PLUS;1;1;1;23561892;210926041319746;184819584;;;;07/30/2031 00:00:00;1;14059111;21/09/2026 13:13:19;Mirko;Hernandez;;;;;;Mirko Hernandez;
14398850;21/09/2026 13:21:25;3;2;0001  215860-1;03;CAMIONETA MIE 1;2092387;"FA20    ";"FALABELLA S.A.                                    ";AV DON BOSCO 2680;952667;"60-199         ";60-199 - LAVATORIO CR C.CERAM LIVE;2;2;2;23561951;210926041429607;184818737;;;;11/16/2031 00:00:00;2;14059135;21/09/2026 13:14:29;Mirko;Hernandez;;;;;;Mirko Hernandez;
14398850;21/09/2026 13:21:25;3;2;0001  215860-1;03;CAMIONETA MIE 1;2092387;"FA20    ";"FALABELLA S.A.                                    ";AV DON BOSCO 2680;952726;"61-203         ";61-203 - LAVATORIO MONOCOMANDO ALTO ADRA;1;1;1;23561951;210926041429607;184819270;;;;02/22/2032 00:00:00;1;14059135;21/09/2026 13:14:29;Mirko;Hernandez;;;;;;Mirko Hernandez;
14398850;21/09/2026 13:21:25;3;2;0001  215860-1;03;CAMIONETA MIE 1;2092387;"FA20    ";"FALABELLA S.A.                                    ";AV DON BOSCO 2680;953109;"80-166         ";"DUCHA EMB. C/TRANSF. CR C.CERAM ADRA PLUS                             ";1;1;1;23561986;210926041506239;184817145;;;;01/19/2032 00:00:00;1;14059147;21/09/2026 13:15:06;Mirko;Hernandez;;;;;;Mirko Hernandez;
14398850;21/09/2026 13:21:25;3;2;0001  215860-1;03;CAMIONETA MIE 1;2092387;"FA20    ";"FALABELLA S.A.                                    ";AV DON BOSCO 2680;952677;"60-203         ";60-203 - LAVATORIO MONOCOMANDO BAJO ADRA;2;2;2;23561986;210926041506239;184886758;;;;03/02/2032 00:00:00;1;14059147;21/09/2026 13:15:06;Mirko;Hernandez;;;;;;Mirko Hernandez;
14398850;21/09/2026 13:21:25;3;2;0001  215860-1;03;CAMIONETA MIE 1;2092387;"FA20    ";"FALABELLA S.A.                                    ";AV DON BOSCO 2680;952634;"60-162         ";60-162 - LAVATORIO CR C.CERAM LINEA ADRA;4;4;4;23562060;210926041630401;184816952;;;;07/29/2031 00:00:00;4;14059183;21/09/2026 13:16:30;Mirko;Hernandez;;;;;;Mirko Hernandez;
14398850;21/09/2026 13:21:25;3;2;0001  215860-1;03;CAMIONETA MIE 1;2092387;"FA20    ";"FALABELLA S.A.                                    ";AV DON BOSCO 2680;953068;"80-064         ";80-064 - DUCHA EMB.C/TRANSF CR  C.STD FRAGA;1;1;1;23562060;210926041630401;184818313;;;;03/01/2032 00:00:00;1;14059183;21/09/2026 13:16:30;Mirko;Hernandez;;;;;;Mirko Hernandez;
14398850;21/09/2026 13:21:25;3;2;0001  215860-1;03;CAMIONETA MIE 1;2092387;"FA20    ";"FALABELLA S.A.                                    ";AV DON BOSCO 2680;953065;"80-061         ";80-061 - DUCHA EMB C/TRANSF CR PUEBLA;3;3;3;23562060;210926041630401;184817586;;;;03/09/2032 00:00:00;3;14059183;21/09/2026 13:16:30;Mirko;Hernandez;;;;;;Mirko Hernandez;
14398850;21/09/2026 13:21:25;3;2;0001  215860-1;03;CAMIONETA MIE 1;2092387;"FA20    ";"FALABELLA S.A.                                    ";AV DON BOSCO 2680;953474;"933            ";933 - JGO PARED C/EXT CR DIQUE;2;2;2;23562060;210926041630401;184819898;;;;01/07/2032 00:00:00;2;14059183;21/09/2026 13:16:30;Mirko;Hernandez;;;;;;Mirko Hernandez;
14398851;21/09/2026 16:17:19;3;2;0001  216049-1;03;CAMIONETA MIE 1;2092204;"DS15    ";"DI STABILE E HIJOS S.A.                           ";JUAN M. DE ROSAS 8378;952888;"70-122         ";70-122 - BIDE C.CERAM CR VALENCIA;7;7;7;23549871;210926054608525;184813177;;;;10/26/2031 00:00:00;6;14061796;21/09/2026 14:46:08;Mirko;Hernandez;24822043;21/09/2026 10:07:30;7310;Maximiliano;Nievas;Mirko Hernandez;Maximiliano Nievas
14398851;21/09/2026 16:17:19;3;2;0001  216049-1;03;CAMIONETA MIE 1;2092204;"DS15    ";"DI STABILE E HIJOS S.A.                           ";JUAN M. DE ROSAS 8378;951523;"20-134         ";20-134 - MONOCOMANDO COCINA BETIS;13;13;13;23550162;210926071718893;184809220;;;;08/11/2031 00:00:00;5;14061912;21/09/2026 16:17:18;Mirko;Hernandez;24822287;21/09/2026 09:54:24;7807;Nicolas;Perez;Mirko Hernandez;Nicolas Perez
14398851;21/09/2026 16:17:19;3;2;0001  216049-1;03;CAMIONETA MIE 1;2092204;"DS15    ";"DI STABILE E HIJOS S.A.                           ";JUAN M. DE ROSAS 8378;952643;"60-175DG       ";60-175DG - LAVATORIO PULSE DARK GOLD C.CERAM;1;1;1;23566309;210926054357170;184811914;;;;07/31/2031 00:00:00;1;14061831;21/09/2026 14:43:57;Mirko;Hernandez;;;;;;Mirko Hernandez;
14398851;21/09/2026 16:17:19;3;2;0001  216049-1;03;CAMIONETA MIE 1;2092204;"DS15    ";"DI STABILE E HIJOS S.A.                           ";JUAN M. DE ROSAS 8378;952888;"70-122         ";70-122 - BIDE C.CERAM CR VALENCIA;7;7;7;23566309;210926054357170;184920317;;;;10/26/2031 00:00:00;1;14061831;21/09/2026 14:43:57;Mirko;Hernandez;;;;;;Mirko Hernandez;
14398851;21/09/2026 16:17:19;3;2;0001  216049-1;03;CAMIONETA MIE 1;2092204;"DS15    ";"DI STABILE E HIJOS S.A.                           ";JUAN M. DE ROSAS 8378;952921;"70-175DG       ";70-175DG - BIDE PULSE DARK GOLD C.CERAM;1;1;1;23566309;210926054357170;184812003;;;;07/31/2031 00:00:00;1;14061831;21/09/2026 14:43:57;Mirko;Hernandez;;;;;;Mirko Hernandez;
14398851;21/09/2026 16:17:19;3;2;0001  216049-1;03;CAMIONETA MIE 1;2092204;"DS15    ";"DI STABILE E HIJOS S.A.                           ";JUAN M. DE ROSAS 8378;953118;"80-175DG       ";80-175DG - DUCHA EMB C/TRANSF. PULSE DARK GOLD C.CERAM;1;1;1;23566309;210926054357170;184812320;;;;10/19/2031 00:00:00;1;14061831;21/09/2026 14:43:57;Mirko;Hernandez;;;;;;Mirko Hernandez;
14398851;21/09/2026 16:17:19;3;2;0001  216049-1;03;CAMIONETA MIE 1;2092204;"DS15    ";"DI STABILE E HIJOS S.A.                           ";JUAN M. DE ROSAS 8378;950995;"10020CR        ";"TOALLERO DE ARO LINEA 10000 MINIMALISTA                               ";2;2;2;23570746;210926071336425;184812124;;;;07/31/2031 00:00:00;2;14064829;21/09/2026 16:13:36;Mirko;Hernandez;;;;;;Mirko Hernandez;
14398851;21/09/2026 16:17:19;3;2;0001  216049-1;03;CAMIONETA MIE 1;2092204;"DS15    ";"DI STABILE E HIJOS S.A.                           ";JUAN M. DE ROSAS 8378;951007;"10030CR        ";"PERCHA LINEA 10000 MINIMALISTA                                        ";2;2;2;23570746;210926071336425;184813092;;;;07/28/2031 00:00:00;2;14064829;21/09/2026 16:13:36;Mirko;Hernandez;;;;;;Mirko Hernandez;
14398851;21/09/2026 16:17:19;3;2;0001  216049-1;03;CAMIONETA MIE 1;2092204;"DS15    ";"DI STABILE E HIJOS S.A.                           ";JUAN M. DE ROSAS 8378;951018;"10040CR        ";"PORTA ROLLO LINEA 10000 MINIMALISTA                                   ";3;3;3;23570746;210926071336425;184812656;;;;12/28/2031 00:00:00;3;14064829;21/09/2026 16:13:36;Mirko;Hernandez;;;;;;Mirko Hernandez;
14398851;21/09/2026 16:17:19;3;2;0001  216049-1;03;CAMIONETA MIE 1;2092204;"DS15    ";"DI STABILE E HIJOS S.A.                           ";JUAN M. DE ROSAS 8378;951523;"20-134         ";20-134 - MONOCOMANDO COCINA BETIS;13;13;13;23570746;210926071336425;184956957;;;;08/11/2031 00:00:00;3;14064829;21/09/2026 16:13:36;Mirko;Hernandez;;;;;;Mirko Hernandez;
14398851;21/09/2026 16:17:19;3;2;0001  216049-1;03;CAMIONETA MIE 1;2092204;"DS15    ";"DI STABILE E HIJOS S.A.                           ";JUAN M. DE ROSAS 8378;951512;"20-122         ";"MONOCOMANDO COCINA CR C/PICO EXTRAIBLE VALENCIA                       ";6;6;6;23570853;210926071646553;184810673;;;;08/06/2031 00:00:00;6;14064927;21/09/2026 16:16:46;Mirko;Hernandez;;;;;;Mirko Hernandez;
14398851;21/09/2026 16:17:19;3;2;0001  216049-1;03;CAMIONETA MIE 1;2092204;"DS15    ";"DI STABILE E HIJOS S.A.                           ";JUAN M. DE ROSAS 8378;951523;"20-134         ";20-134 - MONOCOMANDO COCINA BETIS;13;13;13;23570872;210926071702893;184958153;;;;08/11/2031 00:00:00;5;14064936;21/09/2026 16:17:02;Mirko;Hernandez;;;;;;Mirko Hernandez;
14398852;21/09/2026 16:05:55;3;2;0001  216053-1;03;CAMIONETA MIE 1;2092204;"DS15    ";"DI STABILE E HIJOS S.A.                           ";JUAN M. DE ROSAS 8378;952888;"70-122         ";70-122 - BIDE C.CERAM CR VALENCIA;7;7;7;23549872;210926055132295;184813537;;;;10/26/2031 00:00:00;6;14061927;21/09/2026 14:51:32;Mirko;Hernandez;24822043;21/09/2026 10:07:30;7310;Maximiliano;Nievas;Mirko Hernandez;Maximiliano Nievas
14398852;21/09/2026 16:05:55;3;2;0001  216053-1;03;CAMIONETA MIE 1;2092204;"DS15    ";"DI STABILE E HIJOS S.A.                           ";JUAN M. DE ROSAS 8378;951512;"20-122         ";"MONOCOMANDO COCINA CR C/PICO EXTRAIBLE VALENCIA                       ";6;6;6;23550163;210926070554990;184810857;;;;08/06/2031 00:00:00;6;14061907;21/09/2026 16:05:54;Mirko;Hernandez;24822287;21/09/2026 09:54:24;7807;Nicolas;Perez;Mirko Hernandez;Nicolas Perez
14398852;21/09/2026 16:05:55;3;2;0001  216053-1;03;CAMIONETA MIE 1;2092204;"DS15    ";"DI STABILE E HIJOS S.A.                           ";JUAN M. DE ROSAS 8378;952643;"60-175DG       ";60-175DG - LAVATORIO PULSE DARK GOLD C.CERAM;1;1;1;23566481;210926054738344;184812088;;;;07/31/2031 00:00:00;1;14061943;21/09/2026 14:47:38;Mirko;Hernandez;;;;;;Mirko Hernandez;
14398852;21/09/2026 16:05:55;3;2;0001  216053-1;03;CAMIONETA MIE 1;2092204;"DS15    ";"DI STABILE E HIJOS S.A.                           ";JUAN M. DE ROSAS 8378;952888;"70-122         ";70-122 - BIDE C.CERAM CR VALENCIA;7;7;7;23566481;210926054738344;184922012;;;;10/26/2031 00:00:00;1;14061943;21/09/2026 14:47:38;Mirko;Hernandez;;;;;;Mirko Hernandez;
14398852;21/09/2026 16:05:55;3;2;0001  216053-1;03;CAMIONETA MIE 1;2092204;"DS15    ";"DI STABILE E HIJOS S.A.                           ";JUAN M. DE ROSAS 8378;952921;"70-175DG       ";70-175DG - BIDE PULSE DARK GOLD C.CERAM;1;1;1;23566481;210926054738344;184812159;;;;07/31/2031 00:00:00;1;14061943;21/09/2026 14:47:38;Mirko;Hernandez;;;;;;Mirko Hernandez;
14398852;21/09/2026 16:05:55;3;2;0001  216053-1;03;CAMIONETA MIE 1;2092204;"DS15    ";"DI STABILE E HIJOS S.A.                           ";JUAN M. DE ROSAS 8378;953118;"80-175DG       ";80-175DG - DUCHA EMB C/TRANSF. PULSE DARK GOLD C.CERAM;1;1;1;23566481;210926054738344;184812480;;;;10/19/2031 00:00:00;1;14061943;21/09/2026 14:47:38;Mirko;Hernandez;;;;;;Mirko Hernandez;
14398852;21/09/2026 16:05:55;3;2;0001  216053-1;03;CAMIONETA MIE 1;2092204;"DS15    ";"DI STABILE E HIJOS S.A.                           ";JUAN M. DE ROSAS 8378;950995;"10020CR        ";"TOALLERO DE ARO LINEA 10000 MINIMALISTA                               ";2;2;2;23570224;210926070323181;184812383;;;;07/31/2031 00:00:00;2;14064492;21/09/2026 16:03:23;Mirko;Hernandez;;;;;;Mirko Hernandez;
14398852;21/09/2026 16:05:55;3;2;0001  216053-1;03;CAMIONETA MIE 1;2092204;"DS15    ";"DI STABILE E HIJOS S.A.                           ";JUAN M. DE ROSAS 8378;951007;"10030CR        ";"PERCHA LINEA 10000 MINIMALISTA                                        ";2;2;2;23570224;210926070323181;184813318;;;;07/28/2031 00:00:00;2;14064492;21/09/2026 16:03:23;Mirko;Hernandez;;;;;;Mirko Hernandez;
14398852;21/09/2026 16:05:55;3;2;0001  216053-1;03;CAMIONETA MIE 1;2092204;"DS15    ";"DI STABILE E HIJOS S.A.                           ";JUAN M. DE ROSAS 8378;951018;"10040CR        ";"PORTA ROLLO LINEA 10000 MINIMALISTA                                   ";3;3;3;23570224;210926070323181;184812822;;;;12/28/2031 00:00:00;3;14064492;21/09/2026 16:03:23;Mirko;Hernandez;;;;;;Mirko Hernandez;
14398852;21/09/2026 16:05:55;3;2;0001  216053-1;03;CAMIONETA MIE 1;2092204;"DS15    ";"DI STABILE E HIJOS S.A.                           ";JUAN M. DE ROSAS 8378;951523;"20-134         ";20-134 - MONOCOMANDO COCINA BETIS;13;13;13;23570224;210926070323181;184953349;;;;08/11/2031 00:00:00;3;14064492;21/09/2026 16:03:23;Mirko;Hernandez;;;;;;Mirko Hernandez;
14398852;21/09/2026 16:05:55;3;2;0001  216053-1;03;CAMIONETA MIE 1;2092204;"DS15    ";"DI STABILE E HIJOS S.A.                           ";JUAN M. DE ROSAS 8378;951523;"20-134         ";20-134 - MONOCOMANDO COCINA BETIS;13;13;13;23570339;210926070525931;184954074;;;;08/11/2031 00:00:00;5;14064565;21/09/2026 16:05:25;Mirko;Hernandez;;;;;;Mirko Hernandez;
14398852;21/09/2026 16:05:55;3;2;0001  216053-1;03;CAMIONETA MIE 1;2092204;"DS15    ";"DI STABILE E HIJOS S.A.                           ";JUAN M. DE ROSAS 8378;951523;"20-134         ";20-134 - MONOCOMANDO COCINA BETIS;13;13;13;23570352;210926070542014;184809635;;;;08/11/2031 00:00:00;5;14064578;21/09/2026 16:05:42;Mirko;Hernandez;;;;;;Mirko Hernandez;
14399167;21/09/2026 08:11:48;3;2;0001  215454-1;10;URGENTES;2094201;"RM25    ";"RIS MATERIALES DE CONSTRUCCION S.A.S.             ";MORENO Y PRADIER S/N;957390;"RA001          ";RA001 - CABEZAL STD NO ASCENDENTE;30;30;30;23543944;210926081147788;184771507;;;;02/11/2032 00:00:00;30;14050971;21/09/2026 08:11:47;Tiago;Rodriguez;24816886;21/09/2026 07:16:55;7636;Kevin;Arce;Tiago Rodriguez;Kevin Arce
14399167;21/09/2026 08:11:48;3;2;0001  215454-1;10;URGENTES;2094201;"RM25    ";"RIS MATERIALES DE CONSTRUCCION S.A.S.             ";MORENO Y PRADIER S/N;952292;"434/CR         ";434/CR - DUCHA EMB.C/TRANSF CR ARES;5;5;5;23543975;210926080939339;184769254;;;;01/12/2032 00:00:00;5;14050886;21/09/2026 08:09:39;Tiago;Rodriguez;24816898;21/09/2026 07:02:23;7807;Nicolas;Perez;Tiago Rodriguez;Nicolas Perez
14399167;21/09/2026 08:11:48;3;2;0001  215454-1;10;URGENTES;2094201;"RM25    ";"RIS MATERIALES DE CONSTRUCCION S.A.S.             ";MORENO Y PRADIER S/N;952028;"314/CR         ";314/CR - BIDE CROMO ARES;5;5;5;23543975;210926080939339;184769305;;;;01/11/2032 00:00:00;5;14050886;21/09/2026 08:09:39;Tiago;Rodriguez;24816898;21/09/2026 07:02:23;7807;Nicolas;Perez;Tiago Rodriguez;Nicolas Perez
14399167;21/09/2026 08:11:48;3;2;0001  215454-1;10;URGENTES;2094201;"RM25    ";"RIS MATERIALES DE CONSTRUCCION S.A.S.             ";MORENO Y PRADIER S/N;953060;"80-058         ";80-058 - DUCHA EMB. C/TRANSF. CR C.STD MALBA;10;10;10;23545993;210926080610305;184769540;;;;01/06/2032 00:00:00;10;14050893;21/09/2026 08:06:10;Tiago;Rodriguez;;;;;;Tiago Rodriguez;
14399167;21/09/2026 08:11:48;3;2;0001  215454-1;10;URGENTES;2094201;"RM25    ";"RIS MATERIALES DE CONSTRUCCION S.A.S.             ";MORENO Y PRADIER S/N;953474;"933            ";933 - JGO PARED C/EXT CR DIQUE;5;5;5;23546026;210926080654861;184769178;;;;01/07/2032 00:00:00;5;14050903;21/09/2026 08:06:54;Tiago;Rodriguez;;;;;;Tiago Rodriguez;
14399167;21/09/2026 08:11:48;3;2;0001  215454-1;10;URGENTES;2094201;"RM25    ";"RIS MATERIALES DE CONSTRUCCION S.A.S.             ";MORENO Y PRADIER S/N;952477;"53-010         ";53-010 - COCINA PARED EXT. P.ALTO BL/CR LORCA;5;5;5;23546026;210926080654861;184769080;;;;11/29/2031 00:00:00;5;14050903;21/09/2026 08:06:54;Tiago;Rodriguez;;;;;;Tiago Rodriguez;
14399167;21/09/2026 08:11:48;3;2;0001  215454-1;10;URGENTES;2094201;"RM25    ";"RIS MATERIALES DE CONSTRUCCION S.A.S.             ";MORENO Y PRADIER S/N;951620;"214/CR         ";214/CR - LAVATORIO CR/CR ARES;10;10;10;23546107;210926080819529;184769412;;;;01/27/2032 00:00:00;10;14050932;21/09/2026 08:08:19;Tiago;Rodriguez;;;;;;Tiago Rodriguez;
14399167;21/09/2026 08:11:48;3;2;0001  215454-1;10;URGENTES;2094201;"RM25    ";"RIS MATERIALES DE CONSTRUCCION S.A.S.             ";MORENO Y PRADIER S/N;952583;"60-058         ";60-058 - LAVATORIO CR C.STD MALBA;10;10;10;23546141;210926080901724;184769636;;;;12/03/2031 00:00:00;10;14050944;21/09/2026 08:09:01;Tiago;Rodriguez;;;;;;Tiago Rodriguez;
14399167;21/09/2026 08:11:48;3;2;0001  215454-1;10;URGENTES;2094201;"RM25    ";"RIS MATERIALES DE CONSTRUCCION S.A.S.             ";MORENO Y PRADIER S/N;951523;"20-134         ";20-134 - MONOCOMANDO COCINA BETIS;10;10;10;23546235;210926081043421;184782476;;;;08/11/2031 00:00:00;5;14050979;21/09/2026 08:10:43;Tiago;Rodriguez;;;;;;Tiago Rodriguez;
14399167;21/09/2026 08:11:48;3;2;0001  215454-1;10;URGENTES;2094201;"RM25    ";"RIS MATERIALES DE CONSTRUCCION S.A.S.             ";MORENO Y PRADIER S/N;951523;"20-134         ";20-134 - MONOCOMANDO COCINA BETIS;10;10;10;23546255;210926081103835;184770510;;;;08/11/2031 00:00:00;5;14050989;21/09/2026 08:11:03;Tiago;Rodriguez;;;;;;Tiago Rodriguez;
14399168;21/09/2026 08:24:10;3;2;0001  215143-1;10;URGENTES;2092759;"GM22    ";"GRUPO MERCANTILES S. A. S                         ";CABELLERA DEL FRIO 692;951352;"1950           ";"1950 - QUEINOX MH 3/4"" x 50";10;10;10;23543945;210926082408118;184770120;;;;07/27/2031 00:00:00;10;14051015;21/09/2026 08:24:08;Tiago;Rodriguez;24816886;21/09/2026 07:16:55;7636;Kevin;Arce;Tiago Rodriguez;Kevin Arce
14399168;21/09/2026 08:24:10;3;2;0001  215143-1;10;URGENTES;2092759;"GM22    ";"GRUPO MERCANTILES S. A. S                         ";CABELLERA DEL FRIO 692;952618;"60-133         ";60-133 - LAVATORIO MONOCOMANDO LUGO;2;2;2;23543945;210926082408118;184770280;;;;07/29/2031 00:00:00;2;14051015;21/09/2026 08:24:08;Tiago;Rodriguez;24816886;21/09/2026 07:16:55;7636;Kevin;Arce;Tiago Rodriguez;Kevin Arce
14399168;21/09/2026 08:24:10;3;2;0001  215143-1;10;URGENTES;2092759;"GM22    ";"GRUPO MERCANTILES S. A. S                         ";CABELLERA DEL FRIO 692;951177;"1350           ";"QUEINOX MACHO MOVIL MH 1/2"" x 50                                      ";20;20;20;23546530;210926081733946;184769402;;;;07/27/2031 00:00:00;20;14051123;21/09/2026 08:17:33;Tiago;Rodriguez;;;;;;Tiago Rodriguez;
14399168;21/09/2026 08:24:10;3;2;0001  215143-1;10;URGENTES;2092759;"GM22    ";"GRUPO MERCANTILES S. A. S                         ";CABELLERA DEL FRIO 692;951341;"1930           ";"1930 - QUEINOX MH 3/4"" x 30";20;20;20;23546530;210926081733946;184769742;;;;07/31/2031 00:00:00;20;14051123;21/09/2026 08:17:33;Tiago;Rodriguez;;;;;;Tiago Rodriguez;
14399168;21/09/2026 08:24:10;3;2;0001  215143-1;10;URGENTES;2092759;"GM22    ";"GRUPO MERCANTILES S. A. S                         ";CABELLERA DEL FRIO 692;951348;"1940           ";"1940 - QUEINOX MH 3/4"" x 40";20;20;20;23546797;210926082212324;184769948;;;;07/27/2031 00:00:00;20;14051225;21/09/2026 08:22:12;Tiago;Rodriguez;;;;;;Tiago Rodriguez;
14399168;21/09/2026 08:24:10;3;2;0001  215143-1;10;URGENTES;2092759;"GM22    ";"GRUPO MERCANTILES S. A. S                         ";CABELLERA DEL FRIO 692;951168;"1340           ";"QUEINOX MACHO MOVIL MH 1/2"" x 40                                      ";30;30;30;23546797;210926082212324;184769206;;;;03/03/2032 00:00:00;30;14051225;21/09/2026 08:22:12;Tiago;Rodriguez;;;;;;Tiago Rodriguez;
14399184;21/09/2026 08:41:13;3;2;0001  214953-3;10;URGENTES;2093378;"MC28    ";"MI CASA Y YO S.A.                                 ";SEGUROLA 650;957096;"PDU102         ";"PISO DUCHA RESINA POLIESTER BLANCA 1200x700x25                        ";2;2;2;23543911;210926084110343;184769311;;;;03/01/2032 00:00:00;1;14051710;21/09/2026 08:41:10;Tiago;Rodriguez;24816837;21/09/2026 07:04:29;7310;Maximiliano;Nievas;Tiago Rodriguez;Maximiliano Nievas
14399184;21/09/2026 08:41:13;3;2;0001  214953-3;10;URGENTES;2093378;"MC28    ";"MI CASA Y YO S.A.                                 ";SEGUROLA 650;957096;"PDU102         ";"PISO DUCHA RESINA POLIESTER BLANCA 1200x700x25                        ";2;2;2;23547668;210926084059582;184791950;;;;03/01/2032 00:00:00;1;14051713;21/09/2026 08:40:59;Tiago;Rodriguez;;;;;;Tiago Rodriguez;
14399185;21/09/2026 08:40:15;3;2;0001  214642-2;10;URGENTES;2093378;"MC28    ";"MI CASA Y YO S.A.                                 ";SEGUROLA 650;957096;"PDU102         ";"PISO DUCHA RESINA POLIESTER BLANCA 1200x700x25                        ";2;2;2;23543912;210926084015365;184769528;;;;03/01/2032 00:00:00;1;14051693;21/09/2026 08:40:15;Tiago;Rodriguez;24816837;21/09/2026 07:04:29;7310;Maximiliano;Nievas;Tiago Rodriguez;Maximiliano Nievas
14399185;21/09/2026 08:40:15;3;2;0001  214642-2;10;URGENTES;2093378;"MC28    ";"MI CASA Y YO S.A.                                 ";SEGUROLA 650;957096;"PDU102         ";"PISO DUCHA RESINA POLIESTER BLANCA 1200x700x25                        ";2;2;2;23547619;210926084005256;184791652;;;;03/01/2032 00:00:00;1;14051695;21/09/2026 08:40:05;Tiago;Rodriguez;;;;;;Tiago Rodriguez;
14402022;21/09/2026 07:36:57;3;2;0001  215727-2;14;RETIRA;2092572;"FS09    ";"FANTINI SERGIO DANIEL - DIST.GUALEGUAY            ";B. ROLDAN 2183;957550;"RA1189         ";RA1189 - SET PROLONGADOR P/VASTAGO Y CAMPANA (x3);4;4;4;23544441;210926073656556;184772300;;;;02/11/2032 00:00:00;4;14050369;21/09/2026 07:36:56;Tiago;Rodriguez;24817300;21/09/2026 07:21:45;6419;Tiago;Rodriguez;Tiago Rodriguez;Tiago Rodriguez
14402023;21/09/2026 07:35:21;3;2;0001  216042-1;14;RETIRA;2091857;"CO42    ";"COLADONATO FEDERICO N.-SANITARIOS CARUPA          ";AV. JUAN B. JUSTO 2476;952723;"61-200C        ";61-200C - LAVATORIO MONOC ALTO CR FABRIC;1;1;1;23544442;210926073508517;184771959;;;;07/27/2031 00:00:00;1;14050329;21/09/2026 07:35:08;Tiago;Rodriguez;24817300;21/09/2026 07:21:45;6419;Tiago;Rodriguez;Tiago Rodriguez;Tiago Rodriguez
14402023;21/09/2026 07:35:21;3;2;0001  216042-1;14;RETIRA;2091857;"CO42    ";"COLADONATO FEDERICO N.-SANITARIOS CARUPA          ";AV. JUAN B. JUSTO 2476;953152;"80-200C        ";80-200C - DUCHA EMB. MONOC. 3 FUNCIONES CR FABRIC;1;1;1;23544548;210926073519858;184772478;;;;12/14/2031 00:00:00;1;14050338;21/09/2026 07:35:19;Tiago;Rodriguez;24817419;21/09/2026 07:23:12;6866;Alejandro;Dure;Tiago Rodriguez;Alejandro Dure
14402024;21/09/2026 08:05:16;3;2;0001  215945-1;10;URGENTES;2109073;"643     ";"APUT PATRICIO                                     ";3 DE FEBRERO 347;952498;"54-130         ";54-130 - MONOCOMANDO COCINA PARED EXT BILBAO;1;1;1;23544386;210926080514904;184771207;;;;07/27/2031 00:00:00;1;14050874;21/09/2026 08:05:14;Tiago;Rodriguez;24817266;21/09/2026 07:15:42;7807;Nicolas;Perez;Tiago Rodriguez;Nicolas Perez
14402181;22/09/2026 10:20:01;3;2;0001  215339-1;06;CAMION MIE 2;2440672;"GO08    ";"GOMEZ-OLIVO SRL - HG SANITARIOS                   ";AV. NAZCA 1199;954429;"A1573          ";"EXHIBIDOR DE REPUESTOS 20 POSICIONES                                  ";1;1;1;23565437;220926094316937;184914866;;;;11/04/2031 00:00:00;1;14071732;22/09/2026 09:43:16;Gustavo;Soderquvist;24836554;21/09/2026 14:33:17;7310;Maximiliano;Nievas;Gustavo Soderquvist;Maximiliano Nievas
14402181;22/09/2026 10:20:01;3;2;0001  215339-1;06;CAMION MIE 2;2440672;"GO08    ";"GOMEZ-OLIVO SRL - HG SANITARIOS                   ";AV. NAZCA 1199;957886;"RA801          ";RA801 - BOLSITA CON 10 TUERCAS DE 1/2 EN BRONCE P/RAMAL;1;1;1;23565444;220926102000978;184918050;;;;07/31/2031 00:00:00;1;14072118;22/09/2026 10:20:00;Gustavo;Soderquvist;24836521;21/09/2026 14:59:59;6866;Alejandro;Dure;Gustavo Soderquvist;Alejandro Dure
14402181;22/09/2026 10:20:01;3;2;0001  215339-1;06;CAMION MIE 2;2440672;"GO08    ";"GOMEZ-OLIVO SRL - HG SANITARIOS                   ";AV. NAZCA 1199;957885;"RA799          ";RA799 - BOLSITA CON 10 TUERCAS DE 1/2 EN POLIAMIDA P/MDA;1;1;1;23565444;220926102000978;184922844;;;;12/20/2031 00:00:00;1;14072118;22/09/2026 10:20:00;Gustavo;Soderquvist;24836521;21/09/2026 14:59:59;6866;Alejandro;Dure;Gustavo Soderquvist;Alejandro Dure
14402181;22/09/2026 10:20:01;3;2;0001  215339-1;06;CAMION MIE 2;2440672;"GO08    ";"GOMEZ-OLIVO SRL - HG SANITARIOS                   ";AV. NAZCA 1199;957874;"RA767          ";RA767 - BOLSITA P/CONEXION BIDE BRONCE;1;1;1;23565444;220926102000978;184918337;;;;07/31/2031 00:00:00;1;14072118;22/09/2026 10:20:00;Gustavo;Soderquvist;24836521;21/09/2026 14:59:59;6866;Alejandro;Dure;Gustavo Soderquvist;Alejandro Dure
14402181;22/09/2026 10:20:01;3;2;0001  215339-1;06;CAMION MIE 2;2440672;"GO08    ";"GOMEZ-OLIVO SRL - HG SANITARIOS                   ";AV. NAZCA 1199;957873;"RA766          ";RA766 - BOLSITA P/CONEXION LAVATORIO BRONCE;1;1;1;23565444;220926102000978;184918544;;;;07/31/2031 00:00:00;1;14072118;22/09/2026 10:20:00;Gustavo;Soderquvist;24836521;21/09/2026 14:59:59;6866;Alejandro;Dure;Gustavo Soderquvist;Alejandro Dure
14402181;22/09/2026 10:20:01;3;2;0001  215339-1;06;CAMION MIE 2;2440672;"GO08    ";"GOMEZ-OLIVO SRL - HG SANITARIOS                   ";AV. NAZCA 1199;957872;"RA765          ";RA765 - BOLSITA P/CONEXION LAVATORIO LINEAS STD COMPLETO;2;2;2;23565444;220926102000978;184922275;;;;12/16/2031 00:00:00;2;14072118;22/09/2026 10:20:00;Gustavo;Soderquvist;24836521;21/09/2026 14:59:59;6866;Alejandro;Dure;Gustavo Soderquvist;Alejandro Dure
14402181;22/09/2026 10:20:01;3;2;0001  215339-1;06;CAMION MIE 2;2440672;"GO08    ";"GOMEZ-OLIVO SRL - HG SANITARIOS                   ";AV. NAZCA 1199;957871;"RA764          ";RA764 - BOLSITA P/CONEXION BIDET LINEAS STD COMPLETO;2;2;2;23565444;220926102000978;184922444;;;;02/21/2032 00:00:00;2;14072118;22/09/2026 10:20:00;Gustavo;Soderquvist;24836521;21/09/2026 14:59:59;6866;Alejandro;Dure;Gustavo Soderquvist;Alejandro Dure
14402181;22/09/2026 10:20:01;3;2;0001  215339-1;06;CAMION MIE 2;2440672;"GO08    ";"GOMEZ-OLIVO SRL - HG SANITARIOS                   ";AV. NAZCA 1199;957867;"RA757          ";RA757 - LLAVE TUBO 26 MM Y 32 MM;1;1;1;23565444;220926102000978;184918202;;;;07/31/2031 00:00:00;1;14072118;22/09/2026 10:20:00;Gustavo;Soderquvist;24836521;21/09/2026 14:59:59;6866;Alejandro;Dure;Gustavo Soderquvist;Alejandro Dure
14402181;22/09/2026 10:20:01;3;2;0001  215339-1;06;CAMION MIE 2;2440672;"GO08    ";"GOMEZ-OLIVO SRL - HG SANITARIOS                   ";AV. NAZCA 1199;957856;"RA727C         ";RA727C - CONJUNTO BUJE Y AIREADOR CROMO;2;2;2;23565444;220926102000978;184921090;;;;09/16/2031 00:00:00;2;14072118;22/09/2026 10:20:00;Gustavo;Soderquvist;24836521;21/09/2026 14:59:59;6866;Alejandro;Dure;Gustavo Soderquvist;Alejandro Dure
14402181;22/09/2026 10:20:01;3;2;0001  215339-1;06;CAMION MIE 2;2440672;"GO08    ";"GOMEZ-OLIVO SRL - HG SANITARIOS                   ";AV. NAZCA 1199;957572;"RA1205         ";RA1205 - 10 BUJES INTERIOR NYLON;2;2;2;23565444;220926102000978;184920917;;;;10/11/2031 00:00:00;2;14072118;22/09/2026 10:20:00;Gustavo;Soderquvist;24836521;21/09/2026 14:59:59;6866;Alejandro;Dure;Gustavo Soderquvist;Alejandro Dure
14402181;22/09/2026 10:20:01;3;2;0001  215339-1;06;CAMION MIE 2;2440672;"GO08    ";"GOMEZ-OLIVO SRL - HG SANITARIOS                   ";AV. NAZCA 1199;957551;"RA1191         ";RA1191 - 10 CONJ. PROLONGADOR CORTO (TORNILLO+TUBO) VOLANTE;1;1;1;23565444;220926102000978;184916418;;;;08/02/2031 00:00:00;1;14072118;22/09/2026 10:20:00;Gustavo;Soderquvist;24836521;21/09/2026 14:59:59;6866;Alejandro;Dure;Gustavo Soderquvist;Alejandro Dure
14402181;22/09/2026 10:20:01;3;2;0001  215339-1;06;CAMION MIE 2;2440672;"GO08    ";"GOMEZ-OLIVO SRL - HG SANITARIOS                   ";AV. NAZCA 1199;957550;"RA1189         ";RA1189 - SET PROLONGADOR P/VASTAGO Y CAMPANA (x3);4;4;4;23565444;220926102000978;184920252;;;;02/11/2032 00:00:00;4;14072118;22/09/2026 10:20:00;Gustavo;Soderquvist;24836521;21/09/2026 14:59:59;6866;Alejandro;Dure;Gustavo Soderquvist;Alejandro Dure
14402181;22/09/2026 10:20:01;3;2;0001  215339-1;06;CAMION MIE 2;2440672;"GO08    ";"GOMEZ-OLIVO SRL - HG SANITARIOS                   ";AV. NAZCA 1199;957500;"RA1110         ";RA1110 - AIREADOR P/MONOCOMANDO BETIS M16.5 x 1;2;2;2;23565444;220926102000978;184923056;;;;07/31/2031 00:00:00;2;14072118;22/09/2026 10:20:00;Gustavo;Soderquvist;24836521;21/09/2026 14:59:59;6866;Alejandro;Dure;Gustavo Soderquvist;Alejandro Dure
14402181;22/09/2026 10:20:01;3;2;0001  215339-1;06;CAMION MIE 2;2440672;"GO08    ";"GOMEZ-OLIVO SRL - HG SANITARIOS                   ";AV. NAZCA 1199;957499;"RA1109         ";RA1109 - (10) JUNTA P/MONOCOMANDO DIQUE;2;2;2;23565444;220926102000978;184916857;;;;09/08/2031 00:00:00;2;14072118;22/09/2026 10:20:00;Gustavo;Soderquvist;24836521;21/09/2026 14:59:59;6866;Alejandro;Dure;Gustavo Soderquvist;Alejandro Dure
14402181;22/09/2026 10:20:01;3;2;0001  215339-1;06;CAMION MIE 2;2440672;"GO08    ";"GOMEZ-OLIVO SRL - HG SANITARIOS                   ";AV. NAZCA 1199;957469;"RA1076         ";"10 ORING P/MONOC COCINA RENACER                                       ";2;2;2;23565444;220926102000978;184916998;;;;01/14/2032 00:00:00;2;14072118;22/09/2026 10:20:00;Gustavo;Soderquvist;24836521;21/09/2026 14:59:59;6866;Alejandro;Dure;Gustavo Soderquvist;Alejandro Dure
14402181;22/09/2026 10:20:01;3;2;0001  215339-1;06;CAMION MIE 2;2440672;"GO08    ";"GOMEZ-OLIVO SRL - HG SANITARIOS                   ";AV. NAZCA 1199;957457;"RA1054         ";RA1054 - CARTUCHO CERAMIMO Ø35 GRAN CAUDAL CORTO;1;1;1;23565444;220926102000978;184923424;;;;07/31/2031 00:00:00;1;14072118;22/09/2026 10:20:00;Gustavo;Soderquvist;24836521;21/09/2026 14:59:59;6866;Alejandro;Dure;Gustavo Soderquvist;Alejandro Dure
14402181;22/09/2026 10:20:01;3;2;0001  215339-1;06;CAMION MIE 2;2440672;"GO08    ";"GOMEZ-OLIVO SRL - HG SANITARIOS                   ";AV. NAZCA 1199;957437;"RA1016         ";RA1016 - CARTUCHO Ø35 MONOC BAÑO LUGO/COCINA;1;1;1;23565444;220926102000978;184923620;;;;08/05/2031 00:00:00;1;14072118;22/09/2026 10:20:00;Gustavo;Soderquvist;24836521;21/09/2026 14:59:59;6866;Alejandro;Dure;Gustavo Soderquvist;Alejandro Dure
14402181;22/09/2026 10:20:01;3;2;0001  215339-1;06;CAMION MIE 2;2440672;"GO08    ";"GOMEZ-OLIVO SRL - HG SANITARIOS                   ";AV. NAZCA 1199;957400;"RA015R         ";RA015R - CORTACHORRO PLASTICO P/GRIFERIA;3;3;3;23565444;220926102000978;184923265;;;;07/31/2031 00:00:00;3;14072118;22/09/2026 10:20:00;Gustavo;Soderquvist;24836521;21/09/2026 14:59:59;6866;Alejandro;Dure;Gustavo Soderquvist;Alejandro Dure
14402181;22/09/2026 10:20:01;3;2;0001  215339-1;06;CAMION MIE 2;2440672;"GO08    ";"GOMEZ-OLIVO SRL - HG SANITARIOS                   ";AV. NAZCA 1199;957395;"RA007          ";RA007 - CARTUCHO CERAMICO LARGO;1;1;1;23565444;220926102000978;184923836;;;;09/16/2031 00:00:00;1;14072118;22/09/2026 10:20:00;Gustavo;Soderquvist;24836521;21/09/2026 14:59:59;6866;Alejandro;Dure;Gustavo Soderquvist;Alejandro Dure
14402181;22/09/2026 10:20:01;3;2;0001  215339-1;06;CAMION MIE 2;2440672;"GO08    ";"GOMEZ-OLIVO SRL - HG SANITARIOS                   ";AV. NAZCA 1199;957394;"RA006          ";RA006 - CARTUCHO CERAMICO P/MONOCOMANDO Ø 40;2;2;2;23565444;220926102000978;184923985;;;;07/31/2031 00:00:00;2;14072118;22/09/2026 10:20:00;Gustavo;Soderquvist;24836521;21/09/2026 14:59:59;6866;Alejandro;Dure;Gustavo Soderquvist;Alejandro Dure
14402181;22/09/2026 10:20:01;3;2;0001  215339-1;06;CAMION MIE 2;2440672;"GO08    ";"GOMEZ-OLIVO SRL - HG SANITARIOS                   ";AV. NAZCA 1199;957393;"RA004          ";RA004 - CABEZAL P/TRANSF. BIDET Y DUCHA EMBUTIR;4;4;4;23565444;220926102000978;184920018;;;;07/31/2031 00:00:00;4;14072118;22/09/2026 10:20:00;Gustavo;Soderquvist;24836521;21/09/2026 14:59:59;6866;Alejandro;Dure;Gustavo Soderquvist;Alejandro Dure
14402181;22/09/2026 10:20:01;3;2;0001  215339-1;06;CAMION MIE 2;2440672;"GO08    ";"GOMEZ-OLIVO SRL - HG SANITARIOS                   ";AV. NAZCA 1199;957392;"RA003          ";RA003 - CABEZAL IZQUIERDO CIERRE CERAMICO (CALIENTE);4;4;4;23565444;220926102000978;184919833;;;;09/16/2031 00:00:00;4;14072118;22/09/2026 10:20:00;Gustavo;Soderquvist;24836521;21/09/2026 14:59:59;6866;Alejandro;Dure;Gustavo Soderquvist;Alejandro Dure
14402181;22/09/2026 10:20:01;3;2;0001  215339-1;06;CAMION MIE 2;2440672;"GO08    ";"GOMEZ-OLIVO SRL - HG SANITARIOS                   ";AV. NAZCA 1199;957391;"RA002          ";RA002 - CABEZAL DERECHO CIERRE CERAMICO (FRIA);6;6;6;23565444;220926102000978;184919642;;;;02/03/2032 00:00:00;6;14072118;22/09/2026 10:20:00;Gustavo;Soderquvist;24836521;21/09/2026 14:59:59;6866;Alejandro;Dure;Gustavo Soderquvist;Alejandro Dure
14402181;22/09/2026 10:20:01;3;2;0001  215339-1;06;CAMION MIE 2;2440672;"GO08    ";"GOMEZ-OLIVO SRL - HG SANITARIOS                   ";AV. NAZCA 1199;957390;"RA001          ";RA001 - CABEZAL STD NO ASCENDENTE;8;8;8;23565444;220926102000978;184919078;;;;02/11/2032 00:00:00;8;14072118;22/09/2026 10:20:00;Gustavo;Soderquvist;24836521;21/09/2026 14:59:59;6866;Alejandro;Dure;Gustavo Soderquvist;Alejandro Dure
14402181;22/09/2026 10:20:01;3;2;0001  215339-1;06;CAMION MIE 2;2440672;"GO08    ";"GOMEZ-OLIVO SRL - HG SANITARIOS                   ";AV. NAZCA 1199;957912;"RA875          ";RA875 - 10 TUBOS CONEXION P/ BIDET;1;1;1;23565444;220926102000978;184922656;;;;08/02/2031 00:00:00;1;14072118;22/09/2026 10:20:00;Gustavo;Soderquvist;24836521;21/09/2026 14:59:59;6866;Alejandro;Dure;Gustavo Soderquvist;Alejandro Dure
14402181;22/09/2026 10:20:01;3;2;0001  215339-1;06;CAMION MIE 2;2440672;"GO08    ";"GOMEZ-OLIVO SRL - HG SANITARIOS                   ";AV. NAZCA 1199;957911;"RA874          ";RA874 - 10 BUJES SUJETA CAMPANA DE BAÑO NEGRO;2;2;2;23565444;220926102000978;184921815;;;;11/02/2031 00:00:00;2;14072118;22/09/2026 10:20:00;Gustavo;Soderquvist;24836521;21/09/2026 14:59:59;6866;Alejandro;Dure;Gustavo Soderquvist;Alejandro Dure
14402181;22/09/2026 10:20:01;3;2;0001  215339-1;06;CAMION MIE 2;2440672;"GO08    ";"GOMEZ-OLIVO SRL - HG SANITARIOS                   ";AV. NAZCA 1199;957910;"RA873          ";RA873 - 10 TAPAS CR P/VOLANTE ARUBA-KEOPS 4-MURCIA;1;1;1;23565444;220926102000978;184915220;;;;08/02/2031 00:00:00;1;14072118;22/09/2026 10:20:00;Gustavo;Soderquvist;24836521;21/09/2026 14:59:59;6866;Alejandro;Dure;Gustavo Soderquvist;Alejandro Dure
14402181;22/09/2026 10:20:01;3;2;0001  215339-1;06;CAMION MIE 2;2440672;"GO08    ";"GOMEZ-OLIVO SRL - HG SANITARIOS                   ";AV. NAZCA 1199;957909;"RA872          ";RA872 - 10 TAPAS VOLANTE LORCA-DIQUE-VERIN;1;1;1;23565444;220926102000978;184915845;;;;08/02/2031 00:00:00;1;14072118;22/09/2026 10:20:00;Gustavo;Soderquvist;24836521;21/09/2026 14:59:59;6866;Alejandro;Dure;Gustavo Soderquvist;Alejandro Dure
14402181;22/09/2026 10:20:01;3;2;0001  215339-1;06;CAMION MIE 2;2440672;"GO08    ";"GOMEZ-OLIVO SRL - HG SANITARIOS                   ";AV. NAZCA 1199;957908;"RA871          ";RA871 - 10 TAPAS CHICAS CR P/VOLANTE;1;1;1;23565444;220926102000978;184915521;;;;08/02/2031 00:00:00;1;14072118;22/09/2026 10:20:00;Gustavo;Soderquvist;24836521;21/09/2026 14:59:59;6866;Alejandro;Dure;Gustavo Soderquvist;Alejandro Dure
14402181;22/09/2026 10:20:01;3;2;0001  215339-1;06;CAMION MIE 2;2440672;"GO08    ";"GOMEZ-OLIVO SRL - HG SANITARIOS                   ";AV. NAZCA 1199;957906;"RA869          ";RA869 - 10 GOMAS CONICA P/ RAMAL DE LAVATORIO Y BIDET;2;2;2;23565444;220926102000978;184917186;;;;08/02/2031 00:00:00;2;14072118;22/09/2026 10:20:00;Gustavo;Soderquvist;24836521;21/09/2026 14:59:59;6866;Alejandro;Dure;Gustavo Soderquvist;Alejandro Dure
14402181;22/09/2026 10:20:01;3;2;0001  215339-1;06;CAMION MIE 2;2440672;"GO08    ";"GOMEZ-OLIVO SRL - HG SANITARIOS                   ";AV. NAZCA 1199;957889;"RA809          ";RA809 - BOLSITA CON 10 TUERCAS DE 1/2 EN POLIAMIDA P/RAMAL;1;1;1;23565444;220926102000978;184915653;;;;08/02/2031 00:00:00;1;14072118;22/09/2026 10:20:00;Gustavo;Soderquvist;24836521;21/09/2026 14:59:59;6866;Alejandro;Dure;Gustavo Soderquvist;Alejandro Dure
14402181;22/09/2026 10:20:01;3;2;0001  215339-1;06;CAMION MIE 2;2440672;"GO08    ";"GOMEZ-OLIVO SRL - HG SANITARIOS                   ";AV. NAZCA 1199;957887;"RA803          ";RA803 - BOLSITA CON 10 TUERCAS DE 3/4 EN POLIAMIDA LAV/B;1;1;1;23565444;220926102000978;184916021;;;;08/02/2031 00:00:00;1;14072118;22/09/2026 10:20:00;Gustavo;Soderquvist;24836521;21/09/2026 14:59:59;6866;Alejandro;Dure;Gustavo Soderquvist;Alejandro Dure
14402181;22/09/2026 10:20:01;3;2;0001  215339-1;06;CAMION MIE 2;2440672;"GO08    ";"GOMEZ-OLIVO SRL - HG SANITARIOS                   ";AV. NAZCA 1199;958171;"RS094          ";RS094 - 30 GUSANILLO M4x0.7x4;1;1;1;23565444;220926102000978;184916589;;;;08/02/2031 00:00:00;1;14072118;22/09/2026 10:20:00;Gustavo;Soderquvist;24836521;21/09/2026 14:59:59;6866;Alejandro;Dure;Gustavo Soderquvist;Alejandro Dure
14402181;22/09/2026 10:20:01;3;2;0001  215339-1;06;CAMION MIE 2;2440672;"GO08    ";"GOMEZ-OLIVO SRL - HG SANITARIOS                   ";AV. NAZCA 1199;957944;"RA980          ";RA980 - 10 CONJ. PROLONGADOR LARGO (TORNILLO+TUBO) VOLANTE;1;1;1;23565444;220926102000978;184921638;;;;10/09/2031 00:00:00;1;14072118;22/09/2026 10:20:00;Gustavo;Soderquvist;24836521;21/09/2026 14:59:59;6866;Alejandro;Dure;Gustavo Soderquvist;Alejandro Dure
14402181;22/09/2026 10:20:01;3;2;0001  215339-1;06;CAMION MIE 2;2440672;"GO08    ";"GOMEZ-OLIVO SRL - HG SANITARIOS                   ";AV. NAZCA 1199;957914;"RA877          ";RA877 - 10 TORNILLOS P/VOLANTE GRIFERIA;1;1;1;23565444;220926102000978;184916277;;;;07/31/2031 00:00:00;1;14072118;22/09/2026 10:20:00;Gustavo;Soderquvist;24836521;21/09/2026 14:59:59;6866;Alejandro;Dure;Gustavo Soderquvist;Alejandro Dure
14402181;22/09/2026 10:20:01;3;2;0001  215339-1;06;CAMION MIE 2;2440672;"GO08    ";"GOMEZ-OLIVO SRL - HG SANITARIOS                   ";AV. NAZCA 1199;957913;"RA876          ";RA876 - 10 BUJES ESTRIADO P/VOLANTE;2;2;2;23565444;220926102000978;184921949;;;;01/13/2032 00:00:00;2;14072118;22/09/2026 10:20:00;Gustavo;Soderquvist;24836521;21/09/2026 14:59:59;6866;Alejandro;Dure;Gustavo Soderquvist;Alejandro Dure
14402181;22/09/2026 10:20:01;3;2;0001  215339-1;06;CAMION MIE 2;2440672;"GO08    ";"GOMEZ-OLIVO SRL - HG SANITARIOS                   ";AV. NAZCA 1199;958173;"RS140          ";RS140 - 10 LLAVE ALLEN 2 MM;1;1;1;23565444;220926102000978;184917398;;;;08/02/2031 00:00:00;1;14072118;22/09/2026 10:20:00;Gustavo;Soderquvist;24836521;21/09/2026 14:59:59;6866;Alejandro;Dure;Gustavo Soderquvist;Alejandro Dure
14402182;22/09/2026 10:13:13;3;2;0001  215662-1;06;CAMION MIE 2;2091270;"BE13    ";"BETOMAT S.R.L.                                    ";AV. JUAN B. ALBERDI 3661;953104;"80-153         ";80-153 - DUCHA EMB. C/TRANSF. CR C.CERAM CASTILLA;2;2;2;23562652;220926011311976;184900770;;;;01/20/2032 00:00:00;2;14072583;22/09/2026 10:13:11;Mirko;Hernandez;24833496;21/09/2026 14:01:45;7807;Nicolas;Perez;Mirko Hernandez;Nicolas Perez
14402182;22/09/2026 10:13:13;3;2;0001  215662-1;06;CAMION MIE 2;2091270;"BE13    ";"BETOMAT S.R.L.                                    ";AV. JUAN B. ALBERDI 3661;953148;"80-199         ";80-199 - DUCHA EMB. C/TRANSF. CR C.CERAM LIVE;2;2;2;23562652;220926011311976;184898470;;;;01/20/2032 00:00:00;1;14072583;22/09/2026 10:13:11;Mirko;Hernandez;24833496;21/09/2026 14:01:45;7807;Nicolas;Perez;Mirko Hernandez;Nicolas Perez
14402182;22/09/2026 10:13:13;3;2;0001  215662-1;06;CAMION MIE 2;2091270;"BE13    ";"BETOMAT S.R.L.                                    ";AV. JUAN B. ALBERDI 3661;953148;"80-199         ";80-199 - DUCHA EMB. C/TRANSF. CR C.CERAM LIVE;2;2;2;23586246;220926011236785;185062963;;;;01/20/2032 00:00:00;1;14072739;22/09/2026 10:12:36;Mirko;Hernandez;;;;;;Mirko Hernandez;
14402182;22/09/2026 10:13:13;3;2;0001  215662-1;06;CAMION MIE 2;2091270;"BE13    ";"BETOMAT S.R.L.                                    ";AV. JUAN B. ALBERDI 3661;952667;"60-199         ";60-199 - LAVATORIO CR C.CERAM LIVE;1;1;1;23586246;220926011236785;184898560;;;;11/16/2031 00:00:00;1;14072739;22/09/2026 10:12:36;Mirko;Hernandez;;;;;;Mirko Hernandez;
14402182;22/09/2026 10:13:13;3;2;0001  215662-1;06;CAMION MIE 2;2091270;"BE13    ";"BETOMAT S.R.L.                                    ";AV. JUAN B. ALBERDI 3661;952945;"70-199         ";70-199 - BIDE CR C.CERAM LIVE;2;2;2;23586246;220926011236785;184897753;;;;12/16/2031 00:00:00;2;14072739;22/09/2026 10:12:36;Mirko;Hernandez;;;;;;Mirko Hernandez;
14402183;22/09/2026 09:48:03;3;2;0001  215707-1;06;CAMION MIE 2;2093315;"MA29    ";"MULTISANITARIOS Y ACCESORIOS S.R.L.               ";AV. JUAN B. ALBERDI 3528;953324;"835            ";835 - JGO.MDA. P.FUNDIDO CR MURCIA;2;2;2;23562653;220926004800708;184894257;;;;07/29/2031 00:00:00;2;14071996;22/09/2026 09:48:00;Mirko;Hernandez;24833496;21/09/2026 14:01:45;7807;Nicolas;Perez;Mirko Hernandez;Nicolas Perez
14402183;22/09/2026 09:48:03;3;2;0001  215707-1;06;CAMION MIE 2;2093315;"MA29    ";"MULTISANITARIOS Y ACCESORIOS S.R.L.               ";AV. JUAN B. ALBERDI 3528;953325;"835/C          ";835/C - JGO.MDA.P.FUND. CR C.CERAM. MURCIA;2;2;2;23562653;220926004800708;184894433;;;;11/24/2031 00:00:00;2;14071996;22/09/2026 09:48:00;Mirko;Hernandez;24833496;21/09/2026 14:01:45;7807;Nicolas;Perez;Mirko Hernandez;Nicolas Perez
14402184;22/09/2026 10:38:10;3;2;0001  215709-1;06;CAMION MIE 2;2094370;"SC33    ";"SANITARIOS CAMPANA S.R.L.                         ";AV. FRANCISCO BEIRO 3300;952634;"60-162         ";60-162 - LAVATORIO CR C.CERAM LINEA ADRA;10;10;10;23564234;220926013809364;184904210;;;;07/29/2031 00:00:00;10;14072803;22/09/2026 10:38:09;Mirko;Hernandez;24835186;21/09/2026 14:21:16;7807;Nicolas;Perez;Mirko Hernandez;Nicolas Perez
14402184;22/09/2026 10:38:10;3;2;0001  215709-1;06;CAMION MIE 2;2094370;"SC33    ";"SANITARIOS CAMPANA S.R.L.                         ";AV. FRANCISCO BEIRO 3300;952453;"51-131         ";51-131 - MESADA BIMANDO CR C.CERAM MALLORCA;5;5;5;23586407;220926011608408;185064226;;;;01/31/2032 00:00:00;3;14072841;22/09/2026 10:16:08;Mirko;Hernandez;;;;;;Mirko Hernandez;
14402184;22/09/2026 10:38:10;3;2;0001  215709-1;06;CAMION MIE 2;2094370;"SC33    ";"SANITARIOS CAMPANA S.R.L.                         ";AV. FRANCISCO BEIRO 3300;952453;"51-131         ";51-131 - MESADA BIMANDO CR C.CERAM MALLORCA;5;5;5;23586582;220926011917375;184909491;;;;01/31/2032 00:00:00;2;14072923;22/09/2026 10:19:17;Mirko;Hernandez;;;;;;Mirko Hernandez;
14402184;22/09/2026 10:38:10;3;2;0001  215709-1;06;CAMION MIE 2;2094370;"SC33    ";"SANITARIOS CAMPANA S.R.L.                         ";AV. FRANCISCO BEIRO 3300;953028;"80-010         ";80-010 - DUCHA EMB. C/TRANSF. BL/CR LORCA;20;20;20;23586654;220926012026776;185065936;;;;10/12/2031 00:00:00;10;14072966;22/09/2026 10:20:26;Mirko;Hernandez;;;;;;Mirko Hernandez;
14402184;22/09/2026 10:38:10;3;2;0001  215709-1;06;CAMION MIE 2;2094370;"SC33    ";"SANITARIOS CAMPANA S.R.L.                         ";AV. FRANCISCO BEIRO 3300;952551;"60-010         ";60-010 - LAVATORIO BL/CR LORCA;15;15;15;23586760;220926012158369;185066527;;;;01/14/2032 00:00:00;10;14073011;22/09/2026 10:21:58;Mirko;Hernandez;;;;;;Mirko Hernandez;
14402184;22/09/2026 10:38:10;3;2;0001  215709-1;06;CAMION MIE 2;2094370;"SC33    ";"SANITARIOS CAMPANA S.R.L.                         ";AV. FRANCISCO BEIRO 3300;952912;"70-162         ";70-162 - BIDE CR C.CERAM LINEA ADRA;10;10;10;23587061;220926012650035;184904821;;;;07/29/2031 00:00:00;10;14073163;22/09/2026 10:26:50;Mirko;Hernandez;;;;;;Mirko Hernandez;
14402184;22/09/2026 10:38:10;3;2;0001  215709-1;06;CAMION MIE 2;2094370;"SC33    ";"SANITARIOS CAMPANA S.R.L.                         ";AV. FRANCISCO BEIRO 3300;953028;"80-010         ";80-010 - DUCHA EMB. C/TRANSF. BL/CR LORCA;20;20;20;23587101;220926012729282;185068592;;;;10/12/2031 00:00:00;5;14073189;22/09/2026 10:27:29;Mirko;Hernandez;;;;;;Mirko Hernandez;
14402184;22/09/2026 10:38:10;3;2;0001  215709-1;06;CAMION MIE 2;2094370;"SC33    ";"SANITARIOS CAMPANA S.R.L.                         ";AV. FRANCISCO BEIRO 3300;952862;"70-058         ";70-058 - BIDE CR C.STD MALBA;5;5;5;23587101;220926012729282;184910224;;;;10/20/2031 00:00:00;5;14073189;22/09/2026 10:27:29;Mirko;Hernandez;;;;;;Mirko Hernandez;
14402184;22/09/2026 10:38:10;3;2;0001  215709-1;06;CAMION MIE 2;2094370;"SC33    ";"SANITARIOS CAMPANA S.R.L.                         ";AV. FRANCISCO BEIRO 3300;952551;"60-010         ";60-010 - LAVATORIO BL/CR LORCA;15;15;15;23587618;220926013722607;184905878;;;;01/14/2032 00:00:00;5;14073500;22/09/2026 10:37:22;Mirko;Hernandez;;;;;;Mirko Hernandez;
14402184;22/09/2026 10:38:10;3;2;0001  215709-1;06;CAMION MIE 2;2094370;"SC33    ";"SANITARIOS CAMPANA S.R.L.                         ";AV. FRANCISCO BEIRO 3300;953028;"80-010         ";80-010 - DUCHA EMB. C/TRANSF. BL/CR LORCA;20;20;20;23587618;220926013722607;184906989;;;;10/12/2031 00:00:00;5;14073500;22/09/2026 10:37:22;Mirko;Hernandez;;;;;;Mirko Hernandez;
14402185;22/09/2026 09:55:29;3;2;0001  215716-1;06;CAMION MIE 2;2091228;"BA45    ";"BRUNETTI ADRIANA NOEMI                            ";JUAN B. ALBERDI 3783;951536;"20-162         ";20-162 - MONOCOMANDO COCINA ADRA;10;10;10;23561242;220926005529593;184886074;;;;07/28/2031 00:00:00;10;14072215;22/09/2026 09:55:29;Mirko;Hernandez;24832477;21/09/2026 13:21:22;7807;Nicolas;Perez;Mirko Hernandez;Nicolas Perez
14402185;22/09/2026 09:55:29;3;2;0001  215716-1;06;CAMION MIE 2;2091228;"BA45    ";"BRUNETTI ADRIANA NOEMI                            ";JUAN B. ALBERDI 3783;953150;"80-199N        ";80-199N - DUCHA EMB. C/TRANSF. BLACK C.CERAM LIVE;1;1;1;23562654;220926005333698;184896646;;;;10/11/2031 00:00:00;1;14072160;22/09/2026 09:53:33;Mirko;Hernandez;24833496;21/09/2026 14:01:45;7807;Nicolas;Perez;Mirko Hernandez;Nicolas Perez
14402185;22/09/2026 09:55:29;3;2;0001  215716-1;06;CAMION MIE 2;2091228;"BA45    ";"BRUNETTI ADRIANA NOEMI                            ";JUAN B. ALBERDI 3783;952634;"60-162         ";60-162 - LAVATORIO CR C.CERAM LINEA ADRA;1;1;1;23562654;220926005333698;184891689;;;;07/29/2031 00:00:00;1;14072160;22/09/2026 09:53:33;Mirko;Hernandez;24833496;21/09/2026 14:01:45;7807;Nicolas;Perez;Mirko Hernandez;Nicolas Perez
14402185;22/09/2026 09:55:29;3;2;0001  215716-1;06;CAMION MIE 2;2091228;"BA45    ";"BRUNETTI ADRIANA NOEMI                            ";JUAN B. ALBERDI 3783;953109;"80-166         ";"DUCHA EMB. C/TRANSF. CR C.CERAM ADRA PLUS                             ";1;1;1;23585118;220926005323460;184892551;;;;01/19/2032 00:00:00;1;14072178;22/09/2026 09:53:23;Mirko;Hernandez;;;;;;Mirko Hernandez;
14402185;22/09/2026 09:55:29;3;2;0001  215716-1;06;CAMION MIE 2;2091228;"BA45    ";"BRUNETTI ADRIANA NOEMI                            ";JUAN B. ALBERDI 3783;952669;"60-199N        ";60-199N - LAVATORIO BLACK C.CERAM LIVE;2;2;2;23585118;220926005323460;184897513;;;;07/27/2031 00:00:00;2;14072178;22/09/2026 09:53:23;Mirko;Hernandez;;;;;;Mirko Hernandez;
14402185;22/09/2026 09:55:29;3;2;0001  215716-1;06;CAMION MIE 2;2091228;"BA45    ";"BRUNETTI ADRIANA NOEMI                            ";JUAN B. ALBERDI 3783;952712;"61-176         ";61-176 - LAVATORIO MONOC ALTO CR RIO;2;2;2;23585242;220926005512782;184883902;;;;10/11/2031 00:00:00;2;14072230;22/09/2026 09:55:12;Mirko;Hernandez;;;;;;Mirko Hernandez;
14402185;22/09/2026 09:55:29;3;2;0001  215716-1;06;CAMION MIE 2;2091228;"BA45    ";"BRUNETTI ADRIANA NOEMI                            ";JUAN B. ALBERDI 3783;953122;"80-176         ";80-176 - DUCHA EMB C/TRANSF MONOC CR RIO;1;1;1;23585242;220926005512782;184884077;;;;07/29/2031 00:00:00;1;14072230;22/09/2026 09:55:12;Mirko;Hernandez;;;;;;Mirko Hernandez;
14402186;22/09/2026 08:58:21;3;2;0001  215721-1;06;CAMION MIE 2;2091270;"BE13    ";"BETOMAT S.R.L.                                    ";AV. JUAN B. ALBERDI 3661;952740;"62-100G        ";62-100G - LAVATORIO DE PARED GOLD C.CERAM FABRIC;2;2;2;23565178;210926151954153;184911844;;;;12/20/2031 00:00:00;2;14063031;21/09/2026 15:19:54;Maximiliano;Nievas;24836260;21/09/2026 14:26:39;7807;Nicolas;Perez;Maximiliano Nievas;Nicolas Perez
14402186;22/09/2026 08:58:21;3;2;0001  215721-1;06;CAMION MIE 2;2091270;"BE13    ";"BETOMAT S.R.L.                                    ";AV. JUAN B. ALBERDI 3661;952673;"60-200G        ";60-200G - LAVATORIO MONOC BAJO GOLD FABRIC;3;3;3;23565453;210926235820077;184918031;;;;07/28/2031 00:00:00;3;14070617;22/09/2026 08:58:20;Mirko;Hernandez;24836550;21/09/2026 14:58:52;7636;Kevin;Arce;Mirko Hernandez;Kevin Arce
14402186;22/09/2026 08:58:21;3;2;0001  215721-1;06;CAMION MIE 2;2091270;"BE13    ";"BETOMAT S.R.L.                                    ";AV. JUAN B. ALBERDI 3661;951300;"17030G         ";17030G - PERCHA LINEA FABRIC GOLD;5;5;5;23565453;210926235820077;184926047;;;;07/29/2031 00:00:00;5;14070617;22/09/2026 08:58:20;Mirko;Hernandez;24836550;21/09/2026 14:58:52;7636;Kevin;Arce;Mirko Hernandez;Kevin Arce
14402187;22/09/2026 09:52:44;3;2;0001  215735-1;06;CAMION MIE 2;2091508;"CB10    ";"CABALLITO SANITARIOS S.R.L                        ";DONATO ALVAREZ 64;953334;"84-203         ";"DUCHA EXT C/COLUMNA Y TRANSF CR ADRA                                  ";1;1;1;23562363;220926005244332;184901001;;;;02/03/2032 00:00:00;1;14072039;22/09/2026 09:52:44;Mirko;Hernandez;24833425;21/09/2026 14:03:53;7636;Kevin;Arce;Mirko Hernandez;Kevin Arce
14402188;22/09/2026 09:15:35;3;2;0001  215213-2;06;CAMION MIE 2;2090990;"AB08    ";"ABELSON S.A.                                      ";GAONA 3326;952926;"70-176N        ";70-176N - BIDE MONOC C/TRANSF BLACK RIO;3;3;3;23562364;220926001532820;184897522;;;;11/23/2031 00:00:00;3;14071074;22/09/2026 09:15:32;Mirko;Hernandez;24833425;21/09/2026 14:03:53;7636;Kevin;Arce;Mirko Hernandez;Kevin Arce
14402189;22/09/2026 09:16:22;3;2;0001  215265-2;06;CAMION MIE 2;2090990;"AB08    ";"ABELSON S.A.                                      ";GAONA 3326;952926;"70-176N        ";70-176N - BIDE MONOC C/TRANSF BLACK RIO;5;5;5;23562365;220926001622566;184898281;;;;11/23/2031 00:00:00;5;14071091;22/09/2026 09:16:22;Mirko;Hernandez;24833425;21/09/2026 14:03:53;7636;Kevin;Arce;Mirko Hernandez;Kevin Arce
14402190;22/09/2026 11:11:52;3;2;0001  215782-1;06;CAMION MIE 2;2091270;"BE13    ";"BETOMAT S.R.L.                                    ";AV. JUAN B. ALBERDI 3661;952648;"60-176N        ";"LAVATORIO MONOCOMANDO BAJO BLACK RIO                                  ";2;2;2;23562366;220926011345846;184899532;;;;07/29/2031 00:00:00;2;14072763;22/09/2026 10:13:45;Mirko;Hernandez;24833425;21/09/2026 14:03:53;7636;Kevin;Arce;Mirko Hernandez;Kevin Arce
14402190;22/09/2026 11:11:52;3;2;0001  215782-1;06;CAMION MIE 2;2091270;"BE13    ";"BETOMAT S.R.L.                                    ";AV. JUAN B. ALBERDI 3661;952925;"70-176         ";70-176 - BIDE MONOC C/TRANSF CR RIO;3;3;3;23562366;220926011345846;184900194;;;;12/14/2031 00:00:00;3;14072763;22/09/2026 10:13:45;Mirko;Hernandez;24833425;21/09/2026 14:03:53;7636;Kevin;Arce;Mirko Hernandez;Kevin Arce
14402190;22/09/2026 11:11:52;3;2;0001  215782-1;06;CAMION MIE 2;2091270;"BE13    ";"BETOMAT S.R.L.                                    ";AV. JUAN B. ALBERDI 3661;954884;"BAI01N         ";BAI01N - BACHA EMB COCINA C/ACCESORIOS 750x450x220 BLACK GUN BRUSHED;1;1;1;23563902;220926021152169;184902623;;;;07/30/2031 00:00:00;1;14074636;22/09/2026 11:11:52;Mirko;Hernandez;24834885;21/09/2026 14:03:57;7310;Maximiliano;Nievas;Mirko Hernandez;Maximiliano Nievas
14402191;22/09/2026 09:14:09;3;2;0001  215208-2;06;CAMION MIE 2;2205163;"BA46    ";"BAIRESMAT S.R.L.                                  ";AV. RIVADAVIA 7980;952926;"70-176N        ";70-176N - BIDE MONOC C/TRANSF BLACK RIO;1;1;1;23563906;220926001409332;184903905;;;;11/23/2031 00:00:00;1;14071045;22/09/2026 09:14:09;Mirko;Hernandez;24834823;21/09/2026 14:16:44;6866;Alejandro;Dure;Mirko Hernandez;Alejandro Dure
14402192;22/09/2026 09:47:26;3;2;0001  215836-1;06;CAMION MIE 2;2094712;"SY06    ";SANITARIOS YERBAL DE LUIS TALAMONA Y OSCAR TALAMON;YERBAL 2531;951611;"21-160         ";"MONOCOMANDO DUO COCINA CROMO DIQUE                                    ";1;1;1;23562367;220926004600774;184892916;;;;12/14/2031 00:00:00;1;14071918;22/09/2026 09:46:00;Mirko;Hernandez;24833425;21/09/2026 14:03:53;7636;Kevin;Arce;Mirko Hernandez;Kevin Arce
14402192;22/09/2026 09:47:26;3;2;0001  215836-1;06;CAMION MIE 2;2094712;"SY06    ";SANITARIOS YERBAL DE LUIS TALAMONA Y OSCAR TALAMON;YERBAL 2531;952582;"60-057         ";60-057 - LAVATORIO C.STD VERIN PLUS;3;3;3;23562655;220926004725546;184893152;;;;01/31/2032 00:00:00;3;14071979;22/09/2026 09:47:25;Mirko;Hernandez;24833496;21/09/2026 14:01:45;7807;Nicolas;Perez;Mirko Hernandez;Nicolas Perez
14402192;22/09/2026 09:47:26;3;2;0001  215836-1;06;CAMION MIE 2;2094712;"SY06    ";SANITARIOS YERBAL DE LUIS TALAMONA Y OSCAR TALAMON;YERBAL 2531;951488;"20-102         ";"20-102 - MONOCOMANDO MESADA CROMO ""RENACER""";1;1;1;23584709;220926004550986;184902973;;;;08/20/2031 00:00:00;1;14071948;22/09/2026 09:45:51;Mirko;Hernandez;;;;;;Mirko Hernandez;
14402192;22/09/2026 09:47:26;3;2;0001  215836-1;06;CAMION MIE 2;2094712;"SY06    ";SANITARIOS YERBAL DE LUIS TALAMONA Y OSCAR TALAMON;YERBAL 2531;951535;"20-160         ";20-160 - MONOCOMANDO MESADA COCINA DIQUE;3;3;3;23584709;220926004550986;184902634;;;;07/28/2031 00:00:00;3;14071948;22/09/2026 09:45:51;Mirko;Hernandez;;;;;;Mirko Hernandez;
14402193;22/09/2026 09:14:55;3;2;0001  215871-1;06;CAMION MIE 2;2091270;"BE13    ";"BETOMAT S.R.L.                                    ";AV. JUAN B. ALBERDI 3661;952647;"60-176         ";"LAVATORIO MONOCOMANDO BAJO CR RIO                                     ";6;6;6;23562368;220926001455305;184898808;;;;10/11/2031 00:00:00;6;14071062;22/09/2026 09:14:55;Mirko;Hernandez;24833425;21/09/2026 14:03:53;7636;Kevin;Arce;Mirko Hernandez;Kevin Arce
14402194;22/09/2026 09:09:54;3;2;0001  215890-1;06;CAMION MIE 2;2090990;"AB08    ";"ABELSON S.A.                                      ";GAONA 3326;952926;"70-176N        ";70-176N - BIDE MONOC C/TRANSF BLACK RIO;10;10;10;23561243;220926000950542;184884840;;;;11/23/2031 00:00:00;6;14070876;22/09/2026 09:09:50;Mirko;Hernandez;24832477;21/09/2026 13:21:22;7807;Nicolas;Perez;Mirko Hernandez;Nicolas Perez
14402194;22/09/2026 09:09:54;3;2;0001  215890-1;06;CAMION MIE 2;2090990;"AB08    ";"ABELSON S.A.                                      ";GAONA 3326;952926;"70-176N        ";70-176N - BIDE MONOC C/TRANSF BLACK RIO;10;10;10;23582808;220926000811735;185040908;;;;11/23/2031 00:00:00;4;14070895;22/09/2026 09:08:11;Mirko;Hernandez;;;;;;Mirko Hernandez;
14402195;22/09/2026 08:16:13;3;2;0001  215666-1;06;CAMION MIE 2;2090990;"AB08    ";"ABELSON S.A.                                      ";GAONA 3326;952928;"70-180         ";70-180 - BIDE MONOCOMANDO C/TRANSF. VERA;10;10;10;23553178;220926075356989;184837677;;;;07/27/2031 00:00:00;6;14068616;22/09/2026 07:53:56;Gustavo;Soderquvist;24824667;21/09/2026 11:59:09;7310;Maximiliano;Nievas;Gustavo Soderquvist;Maximiliano Nievas
14402195;22/09/2026 08:16:13;3;2;0001  215666-1;06;CAMION MIE 2;2090990;"AB08    ";"ABELSON S.A.                                      ";GAONA 3326;953148;"80-199         ";80-199 - DUCHA EMB. C/TRANSF. CR C.CERAM LIVE;3;3;3;23554334;210926231611249;184839836;;;;01/20/2032 00:00:00;3;14068950;22/09/2026 08:16:11;Mirko;Hernandez;24825846;21/09/2026 11:40:15;7807;Nicolas;Perez;Mirko Hernandez;Nicolas Perez
14402195;22/09/2026 08:16:13;3;2;0001  215666-1;06;CAMION MIE 2;2090990;"AB08    ";"ABELSON S.A.                                      ";GAONA 3326;954920;"BCH17          ";BCH17 - BACHA DE APOYAR BLANCA 838x457x254 C/DESAGOTE Y REJILLA;1;1;1;23564933;220926063312911;184911807;;;;07/28/2031 00:00:00;1;14068411;22/09/2026 06:33:12;Gustavo;Soderquvist;24835974;21/09/2026 14:24:37;6866;Alejandro;Dure;Gustavo Soderquvist;Alejandro Dure
14402195;22/09/2026 08:16:13;3;2;0001  215666-1;06;CAMION MIE 2;2090990;"AB08    ";"ABELSON S.A.                                      ";GAONA 3326;954912;"BCH11BM        ";BCH11BM - BACHA DE APOYAR REDONDA BLANCO MATE 400x400x125;2;2;2;23564933;220926063312911;184910888;;;;08/17/2031 00:00:00;2;14068411;22/09/2026 06:33:12;Gustavo;Soderquvist;24835974;21/09/2026 14:24:37;6866;Alejandro;Dure;Gustavo Soderquvist;Alejandro Dure
14402195;22/09/2026 08:16:13;3;2;0001  215666-1;06;CAMION MIE 2;2090990;"AB08    ";"ABELSON S.A.                                      ";GAONA 3326;951300;"17030G         ";17030G - PERCHA LINEA FABRIC GOLD;15;15;15;23578493;220926071917188;185012332;;;;07/29/2031 00:00:00;3;14068752;22/09/2026 07:19:17;Gustavo;Soderquvist;;;;;;Gustavo Soderquvist;
14402195;22/09/2026 08:16:13;3;2;0001  215666-1;06;CAMION MIE 2;2090990;"AB08    ";"ABELSON S.A.                                      ";GAONA 3326;951265;"16040BL        ";16040BL - PORTA ROLLO ACCESORIOS LINEA 16000 BLACK;5;5;5;23578493;220926071917188;184830734;;;;07/31/2031 00:00:00;5;14068752;22/09/2026 07:19:17;Gustavo;Soderquvist;;;;;;Gustavo Soderquvist;
14402195;22/09/2026 08:16:13;3;2;0001  215666-1;06;CAMION MIE 2;2090990;"AB08    ";"ABELSON S.A.                                      ";GAONA 3326;951453;"20060GR        ";20060GR - PORTA VASO Y CEPILLO GRAFITO LINEA PULSE;2;2;2;23578493;220926071917188;184833257;;;;07/31/2031 00:00:00;2;14068752;22/09/2026 07:19:17;Gustavo;Soderquvist;;;;;;Gustavo Soderquvist;
14402195;22/09/2026 08:16:13;3;2;0001  215666-1;06;CAMION MIE 2;2090990;"AB08    ";"ABELSON S.A.                                      ";GAONA 3326;951312;"18010          ";18010 - TOALLERO BARRAL NIQUEL LINEA BEAT;5;5;5;23578493;220926071917188;184837028;;;;07/29/2031 00:00:00;5;14068752;22/09/2026 07:19:17;Gustavo;Soderquvist;;;;;;Gustavo Soderquvist;
14402195;22/09/2026 08:16:13;3;2;0001  215666-1;06;CAMION MIE 2;2090990;"AB08    ";"ABELSON S.A.                                      ";GAONA 3326;951303;"17040G         ";17040G - PORTA ROLLO LINEA FABRIC GOLD;20;20;20;23578769;220926072926115;185014186;;;;07/28/2031 00:00:00;8;14068863;22/09/2026 07:29:26;Gustavo;Soderquvist;;;;;;Gustavo Soderquvist;
14402195;22/09/2026 08:16:13;3;2;0001  215666-1;06;CAMION MIE 2;2090990;"AB08    ";"ABELSON S.A.                                      ";GAONA 3326;952896;"70-133         ";70-133 - BIDE MONOCOMANDO LUGO;3;3;3;23578769;220926072926115;184843602;;;;07/27/2031 00:00:00;3;14068863;22/09/2026 07:29:26;Gustavo;Soderquvist;;;;;;Gustavo Soderquvist;
14402195;22/09/2026 08:16:13;3;2;0001  215666-1;06;CAMION MIE 2;2090990;"AB08    ";"ABELSON S.A.                                      ";GAONA 3326;951303;"17040G         ";17040G - PORTA ROLLO LINEA FABRIC GOLD;20;20;20;23578779;220926072953657;184850004;;;;07/28/2031 00:00:00;12;14068868;22/09/2026 07:29:53;Gustavo;Soderquvist;;;;;;Gustavo Soderquvist;
14402195;22/09/2026 08:16:13;3;2;0001  215666-1;06;CAMION MIE 2;2090990;"AB08    ";"ABELSON S.A.                                      ";GAONA 3326;951488;"20-102         ";"20-102 - MONOCOMANDO MESADA CROMO ""RENACER""";10;10;10;23578923;220926073404149;185014978;;;;08/20/2031 00:00:00;2;14068933;22/09/2026 07:34:04;Gustavo;Soderquvist;;;;;;Gustavo Soderquvist;
14402195;22/09/2026 08:16:13;3;2;0001  215666-1;06;CAMION MIE 2;2090990;"AB08    ";"ABELSON S.A.                                      ";GAONA 3326;951539;"20-168         ";20-168 - MONOCOMANDO COCINA CR WAVE;5;5;5;23578923;220926073404149;184832790;;;;07/27/2031 00:00:00;5;14068933;22/09/2026 07:34:04;Gustavo;Soderquvist;;;;;;Gustavo Soderquvist;
14402195;22/09/2026 08:16:13;3;2;0001  215666-1;06;CAMION MIE 2;2090990;"AB08    ";"ABELSON S.A.                                      ";GAONA 3326;952928;"70-180         ";70-180 - BIDE MONOCOMANDO C/TRANSF. VERA;10;10;10;23578923;220926073404149;185014979;;;;07/27/2031 00:00:00;4;14068933;22/09/2026 07:34:04;Gustavo;Soderquvist;;;;;;Gustavo Soderquvist;
14402195;22/09/2026 08:16:13;3;2;0001  215666-1;06;CAMION MIE 2;2090990;"AB08    ";"ABELSON S.A.                                      ";GAONA 3326;953152;"80-200C        ";80-200C - DUCHA EMB. MONOC. 3 FUNCIONES CR FABRIC;3;3;3;23578969;210926223534264;185015292;;;;12/14/2031 00:00:00;2;14068957;22/09/2026 07:35:34;Mirko;Hernandez;;;;;;Mirko Hernandez;
14402195;22/09/2026 08:16:13;3;2;0001  215666-1;06;CAMION MIE 2;2090990;"AB08    ";"ABELSON S.A.                                      ";GAONA 3326;953154;"80-200N        ";80-200N - DUCHA EMB. MONOC. 3 FUNCIONES BLACK FABRIC;5;5;5;23578969;210926223534264;185015293;;;;01/18/2032 00:00:00;1;14068957;22/09/2026 07:35:34;Mirko;Hernandez;;;;;;Mirko Hernandez;
14402195;22/09/2026 08:16:13;3;2;0001  215666-1;06;CAMION MIE 2;2090990;"AB08    ";"ABELSON S.A.                                      ";GAONA 3326;953154;"80-200N        ";80-200N - DUCHA EMB. MONOC. 3 FUNCIONES BLACK FABRIC;5;5;5;23579012;210926223736477;185015673;;;;01/18/2032 00:00:00;3;14068976;22/09/2026 07:37:36;Mirko;Hernandez;;;;;;Mirko Hernandez;
14402195;22/09/2026 08:16:13;3;2;0001  215666-1;06;CAMION MIE 2;2090990;"AB08    ";"ABELSON S.A.                                      ";GAONA 3326;951304;"17040N         ";17040N - PORTA ROLLO LINEA FABRIC BLACK;20;20;20;23579017;220926073749499;185015707;;;;07/29/2031 00:00:00;8;14068982;22/09/2026 07:37:49;Gustavo;Soderquvist;;;;;;Gustavo Soderquvist;
14402195;22/09/2026 08:16:13;3;2;0001  215666-1;06;CAMION MIE 2;2090990;"AB08    ";"ABELSON S.A.                                      ";GAONA 3326;953153;"80-200G        ";80-200G - DUCHA EMB. MONOC. 3 FUNCIONES GOLD FABRIC;5;5;5;23579025;210926223806573;185015768;;;;01/18/2032 00:00:00;3;14068987;22/09/2026 07:38:06;Mirko;Hernandez;;;;;;Mirko Hernandez;
14402195;22/09/2026 08:16:13;3;2;0001  215666-1;06;CAMION MIE 2;2090990;"AB08    ";"ABELSON S.A.                                      ";GAONA 3326;951304;"17040N         ";17040N - PORTA ROLLO LINEA FABRIC BLACK;20;20;20;23579026;220926073819712;184850974;;;;07/29/2031 00:00:00;12;14068991;22/09/2026 07:38:19;Gustavo;Soderquvist;;;;;;Gustavo Soderquvist;
14402195;22/09/2026 08:16:13;3;2;0001  215666-1;06;CAMION MIE 2;2090990;"AB08    ";"ABELSON S.A.                                      ";GAONA 3326;953112;"80-168         ";80-168 - DUCHA EMB C/TRANSF MONOC CR WAVE;3;3;3;23579041;210926223854484;185015975;;;;02/04/2032 00:00:00;2;14069000;22/09/2026 07:38:54;Mirko;Hernandez;;;;;;Mirko Hernandez;
14402195;22/09/2026 08:16:13;3;2;0001  215666-1;06;CAMION MIE 2;2090990;"AB08    ";"ABELSON S.A.                                      ";GAONA 3326;953120;"80-175GR       ";80-175GR - DUCHA EMB C/TRANSF. PULSE GRAFITO C.CERAM;3;3;3;23579041;210926223854484;185015976;;;;10/12/2031 00:00:00;1;14069000;22/09/2026 07:38:54;Mirko;Hernandez;;;;;;Mirko Hernandez;
14402195;22/09/2026 08:16:13;3;2;0001  215666-1;06;CAMION MIE 2;2090990;"AB08    ";"ABELSON S.A.                                      ";GAONA 3326;951314;"18020          ";18020 - TOALLERO DE ARO NIQUEL LINEA BEAT;10;10;10;23579046;220926073904177;184861003;;;;07/29/2031 00:00:00;10;14069001;22/09/2026 07:39:04;Gustavo;Soderquvist;;;;;;Gustavo Soderquvist;
14402195;22/09/2026 08:16:13;3;2;0001  215666-1;06;CAMION MIE 2;2090990;"AB08    ";"ABELSON S.A.                                      ";GAONA 3326;953120;"80-175GR       ";80-175GR - DUCHA EMB C/TRANSF. PULSE GRAFITO C.CERAM;3;3;3;23579071;210926223927894;185016118;;;;10/12/2031 00:00:00;1;14069009;22/09/2026 07:39:27;Mirko;Hernandez;;;;;;Mirko Hernandez;
14402195;22/09/2026 08:16:13;3;2;0001  215666-1;06;CAMION MIE 2;2090990;"AB08    ";"ABELSON S.A.                                      ";GAONA 3326;953152;"80-200C        ";80-200C - DUCHA EMB. MONOC. 3 FUNCIONES CR FABRIC;3;3;3;23579071;210926223927894;184849605;;;;12/14/2031 00:00:00;1;14069009;22/09/2026 07:39:27;Mirko;Hernandez;;;;;;Mirko Hernandez;
14402195;22/09/2026 08:16:13;3;2;0001  215666-1;06;CAMION MIE 2;2090990;"AB08    ";"ABELSON S.A.                                      ";GAONA 3326;953153;"80-200G        ";80-200G - DUCHA EMB. MONOC. 3 FUNCIONES GOLD FABRIC;5;5;5;23579071;210926223927894;185016119;;;;01/18/2032 00:00:00;1;14069009;22/09/2026 07:39:27;Mirko;Hernandez;;;;;;Mirko Hernandez;
14402195;22/09/2026 08:16:13;3;2;0001  215666-1;06;CAMION MIE 2;2090990;"AB08    ";"ABELSON S.A.                                      ";GAONA 3326;951531;"20-146N        ";20-146N - MONOCOMANDO DE COCINA BLACK LINEA MOVE;18;18;18;23579077;220926073953070;185016248;;;;07/30/2031 00:00:00;6;14069018;22/09/2026 07:39:53;Gustavo;Soderquvist;;;;;;Gustavo Soderquvist;
14402195;22/09/2026 08:16:13;3;2;0001  215666-1;06;CAMION MIE 2;2090990;"AB08    ";"ABELSON S.A.                                      ";GAONA 3326;951531;"20-146N        ";20-146N - MONOCOMANDO DE COCINA BLACK LINEA MOVE;18;18;18;23579091;220926074004139;185016280;;;;07/30/2031 00:00:00;6;14069022;22/09/2026 07:40:04;Gustavo;Soderquvist;;;;;;Gustavo Soderquvist;
14402195;22/09/2026 08:16:13;3;2;0001  215666-1;06;CAMION MIE 2;2090990;"AB08    ";"ABELSON S.A.                                      ";GAONA 3326;951531;"20-146N        ";20-146N - MONOCOMANDO DE COCINA BLACK LINEA MOVE;18;18;18;23579096;220926074016253;184847715;;;;07/30/2031 00:00:00;6;14069027;22/09/2026 07:40:16;Gustavo;Soderquvist;;;;;;Gustavo Soderquvist;
14402195;22/09/2026 08:16:13;3;2;0001  215666-1;06;CAMION MIE 2;2090990;"AB08    ";"ABELSON S.A.                                      ";GAONA 3326;953154;"80-200N        ";80-200N - DUCHA EMB. MONOC. 3 FUNCIONES BLACK FABRIC;5;5;5;23579098;210926224019134;184850391;;;;01/18/2032 00:00:00;1;14069029;22/09/2026 07:40:19;Mirko;Hernandez;;;;;;Mirko Hernandez;
14402195;22/09/2026 08:16:13;3;2;0001  215666-1;06;CAMION MIE 2;2090990;"AB08    ";"ABELSON S.A.                                      ";GAONA 3326;953347;"85-168N        ";85-168N - DUCHA MONOC C/TRANSF Y DUCHADOR BLACK WAVE;3;3;3;23579098;210926224019134;185016319;;;;02/04/2032 00:00:00;2;14069029;22/09/2026 07:40:19;Mirko;Hernandez;;;;;;Mirko Hernandez;
14402195;22/09/2026 08:16:13;3;2;0001  215666-1;06;CAMION MIE 2;2090990;"AB08    ";"ABELSON S.A.                                      ";GAONA 3326;951513;"20-122N        ";20-122N - MONOCOMANDO COCINA C/PICO EXTRAIBLE VALENCIA BLACK;24;24;24;23579103;220926074027952;185016333;;;;09/13/2031 00:00:00;6;14069031;22/09/2026 07:40:27;Gustavo;Soderquvist;;;;;;Gustavo Soderquvist;
14402195;22/09/2026 08:16:13;3;2;0001  215666-1;06;CAMION MIE 2;2090990;"AB08    ";"ABELSON S.A.                                      ";GAONA 3326;953112;"80-168         ";80-168 - DUCHA EMB C/TRANSF MONOC CR WAVE;3;3;3;23579109;210926224043925;184851452;;;;02/04/2032 00:00:00;1;14069035;22/09/2026 07:40:43;Mirko;Hernandez;;;;;;Mirko Hernandez;
14402195;22/09/2026 08:16:13;3;2;0001  215666-1;06;CAMION MIE 2;2090990;"AB08    ";"ABELSON S.A.                                      ";GAONA 3326;953120;"80-175GR       ";80-175GR - DUCHA EMB C/TRANSF. PULSE GRAFITO C.CERAM;3;3;3;23579109;210926224043925;184852405;;;;10/12/2031 00:00:00;1;14069035;22/09/2026 07:40:43;Mirko;Hernandez;;;;;;Mirko Hernandez;
14402195;22/09/2026 08:16:13;3;2;0001  215666-1;06;CAMION MIE 2;2090990;"AB08    ";"ABELSON S.A.                                      ";GAONA 3326;953347;"85-168N        ";85-168N - DUCHA MONOC C/TRANSF Y DUCHADOR BLACK WAVE;3;3;3;23579109;210926224043925;184854496;;;;02/04/2032 00:00:00;1;14069035;22/09/2026 07:40:43;Mirko;Hernandez;;;;;;Mirko Hernandez;
14402195;22/09/2026 08:16:13;3;2;0001  215666-1;06;CAMION MIE 2;2090990;"AB08    ";"ABELSON S.A.                                      ";GAONA 3326;951513;"20-122N        ";20-122N - MONOCOMANDO COCINA C/PICO EXTRAIBLE VALENCIA BLACK;24;24;24;23579110;220926074045489;185016511;;;;09/13/2031 00:00:00;6;14069036;22/09/2026 07:40:45;Gustavo;Soderquvist;;;;;;Gustavo Soderquvist;
14402195;22/09/2026 08:16:13;3;2;0001  215666-1;06;CAMION MIE 2;2090990;"AB08    ";"ABELSON S.A.                                      ";GAONA 3326;951513;"20-122N        ";20-122N - MONOCOMANDO COCINA C/PICO EXTRAIBLE VALENCIA BLACK;24;24;24;23579124;220926074103313;185016575;;;;09/13/2031 00:00:00;6;14069042;22/09/2026 07:41:03;Gustavo;Soderquvist;;;;;;Gustavo Soderquvist;
14402195;22/09/2026 08:16:13;3;2;0001  215666-1;06;CAMION MIE 2;2090990;"AB08    ";"ABELSON S.A.                                      ";GAONA 3326;951513;"20-122N        ";20-122N - MONOCOMANDO COCINA C/PICO EXTRAIBLE VALENCIA BLACK;24;24;24;23579143;220926074123467;184848514;;;;09/13/2031 00:00:00;6;14069049;22/09/2026 07:41:23;Gustavo;Soderquvist;;;;;;Gustavo Soderquvist;
14402195;22/09/2026 08:16:13;3;2;0001  215666-1;06;CAMION MIE 2;2090990;"AB08    ";"ABELSON S.A.                                      ";GAONA 3326;952452;"51-122         ";51-122 - MESADA BIMANDO CR C.CERAM VALENCIA;10;10;10;23579149;210926224129906;185016661;;;;02/01/2032 00:00:00;3;14069054;22/09/2026 07:41:29;Mirko;Hernandez;;;;;;Mirko Hernandez;
14402195;22/09/2026 08:16:13;3;2;0001  215666-1;06;CAMION MIE 2;2090990;"AB08    ";"ABELSON S.A.                                      ";GAONA 3326;952725;"61-200N        ";61-200N - LAVATORIO MONOC ALTO FABRIC BLACK;5;5;5;23579157;220926074142253;184834521;;;;07/28/2031 00:00:00;5;14069057;22/09/2026 07:41:42;Gustavo;Soderquvist;;;;;;Gustavo Soderquvist;
14402195;22/09/2026 08:16:13;3;2;0001  215666-1;06;CAMION MIE 2;2090990;"AB08    ";"ABELSON S.A.                                      ";GAONA 3326;952452;"51-122         ";51-122 - MESADA BIMANDO CR C.CERAM VALENCIA;10;10;10;23579164;210926224205791;185016769;;;;02/01/2032 00:00:00;2;14069064;22/09/2026 07:42:05;Mirko;Hernandez;;;;;;Mirko Hernandez;
14402195;22/09/2026 08:16:13;3;2;0001  215666-1;06;CAMION MIE 2;2090990;"AB08    ";"ABELSON S.A.                                      ";GAONA 3326;953153;"80-200G        ";80-200G - DUCHA EMB. MONOC. 3 FUNCIONES GOLD FABRIC;5;5;5;23579164;210926224205791;184854203;;;;01/18/2032 00:00:00;1;14069064;22/09/2026 07:42:05;Mirko;Hernandez;;;;;;Mirko Hernandez;
14402195;22/09/2026 08:16:13;3;2;0001  215666-1;06;CAMION MIE 2;2090990;"AB08    ";"ABELSON S.A.                                      ";GAONA 3326;952452;"51-122         ";51-122 - MESADA BIMANDO CR C.CERAM VALENCIA;10;10;10;23579197;210926224254300;185016925;;;;02/01/2032 00:00:00;3;14069080;22/09/2026 07:42:54;Mirko;Hernandez;;;;;;Mirko Hernandez;
14402195;22/09/2026 08:16:13;3;2;0001  215666-1;06;CAMION MIE 2;2090990;"AB08    ";"ABELSON S.A.                                      ";GAONA 3326;952452;"51-122         ";51-122 - MESADA BIMANDO CR C.CERAM VALENCIA;10;10;10;23579223;210926224338436;184843560;;;;02/01/2032 00:00:00;2;14069091;22/09/2026 07:43:38;Mirko;Hernandez;;;;;;Mirko Hernandez;
14402195;22/09/2026 08:16:13;3;2;0001  215666-1;06;CAMION MIE 2;2090990;"AB08    ";"ABELSON S.A.                                      ";GAONA 3326;951300;"17030G         ";17030G - PERCHA LINEA FABRIC GOLD;15;15;15;23579269;220926074433896;184851961;;;;07/29/2031 00:00:00;12;14069114;22/09/2026 07:44:33;Gustavo;Soderquvist;;;;;;Gustavo Soderquvist;
14402195;22/09/2026 08:16:13;3;2;0001  215666-1;06;CAMION MIE 2;2090990;"AB08    ";"ABELSON S.A.                                      ";GAONA 3326;951488;"20-102         ";"20-102 - MONOCOMANDO MESADA CROMO ""RENACER""";10;10;10;23579286;220926074447040;184851600;;;;08/20/2031 00:00:00;8;14069117;22/09/2026 07:44:47;Gustavo;Soderquvist;;;;;;Gustavo Soderquvist;
14402195;22/09/2026 08:16:13;3;2;0001  215666-1;06;CAMION MIE 2;2090990;"AB08    ";"ABELSON S.A.                                      ";GAONA 3326;953110;"80-166N        ";80-166N - DUCHA EMB. C/TRANSF. BLACK C.CERAM ADRA PLUS;10;10;10;23579287;210926224451933;185017278;;;;01/12/2032 00:00:00;1;14069118;22/09/2026 07:44:51;Mirko;Hernandez;;;;;;Mirko Hernandez;
14402195;22/09/2026 08:16:13;3;2;0001  215666-1;06;CAMION MIE 2;2090990;"AB08    ";"ABELSON S.A.                                      ";GAONA 3326;953086;"80-131         ";80-131 - DUCHA EMB. C/TRANSF. CR C.CERAM MALLORCA;3;3;3;23579287;210926224451933;185017277;;;;01/24/2032 00:00:00;1;14069118;22/09/2026 07:44:51;Mirko;Hernandez;;;;;;Mirko Hernandez;
14402195;22/09/2026 08:16:13;3;2;0001  215666-1;06;CAMION MIE 2;2090990;"AB08    ";"ABELSON S.A.                                      ";GAONA 3326;952727;"61-203N        ";"LAVATORIO MONOCOMANDO ALTO ADRA BLACK                                 ";10;10;10;23579287;210926224451933;185017276;;;;01/06/2032 00:00:00;1;14069118;22/09/2026 07:44:51;Mirko;Hernandez;;;;;;Mirko Hernandez;
14402195;22/09/2026 08:16:13;3;2;0001  215666-1;06;CAMION MIE 2;2090990;"AB08    ";"ABELSON S.A.                                      ";GAONA 3326;952596;"60-100G        ";60-100G - LAVATORIO GOLD C.CERAM FABRIC;6;6;6;23579287;210926224451933;185017275;;;;11/10/2031 00:00:00;1;14069118;22/09/2026 07:44:51;Mirko;Hernandez;;;;;;Mirko Hernandez;
14402195;22/09/2026 08:16:13;3;2;0001  215666-1;06;CAMION MIE 2;2090990;"AB08    ";"ABELSON S.A.                                      ";GAONA 3326;951536;"20-162         ";20-162 - MONOCOMANDO COCINA ADRA;10;10;10;23579298;220926074501526;184850192;;;;07/28/2031 00:00:00;10;14069121;22/09/2026 07:45:01;Gustavo;Soderquvist;;;;;;Gustavo Soderquvist;
14402195;22/09/2026 08:16:13;3;2;0001  215666-1;06;CAMION MIE 2;2090990;"AB08    ";"ABELSON S.A.                                      ";GAONA 3326;953110;"80-166N        ";80-166N - DUCHA EMB. C/TRANSF. BLACK C.CERAM ADRA PLUS;10;10;10;23579333;210926224550722;185017450;;;;01/12/2032 00:00:00;3;14069135;22/09/2026 07:45:50;Mirko;Hernandez;;;;;;Mirko Hernandez;
14402195;22/09/2026 08:16:13;3;2;0001  215666-1;06;CAMION MIE 2;2090990;"AB08    ";"ABELSON S.A.                                      ";GAONA 3326;952727;"61-203N        ";"LAVATORIO MONOCOMANDO ALTO ADRA BLACK                                 ";10;10;10;23579333;210926224550722;185017449;;;;01/06/2032 00:00:00;1;14069135;22/09/2026 07:45:50;Mirko;Hernandez;;;;;;Mirko Hernandez;
14402195;22/09/2026 08:16:13;3;2;0001  215666-1;06;CAMION MIE 2;2090990;"AB08    ";"ABELSON S.A.                                      ";GAONA 3326;952596;"60-100G        ";60-100G - LAVATORIO GOLD C.CERAM FABRIC;6;6;6;23579346;210926224633496;185017568;;;;11/10/2031 00:00:00;1;14069143;22/09/2026 07:46:33;Mirko;Hernandez;;;;;;Mirko Hernandez;
14402195;22/09/2026 08:16:13;3;2;0001  215666-1;06;CAMION MIE 2;2090990;"AB08    ";"ABELSON S.A.                                      ";GAONA 3326;952727;"61-203N        ";"LAVATORIO MONOCOMANDO ALTO ADRA BLACK                                 ";10;10;10;23579346;210926224633496;185017569;;;;01/06/2032 00:00:00;1;14069143;22/09/2026 07:46:33;Mirko;Hernandez;;;;;;Mirko Hernandez;
14402195;22/09/2026 08:16:13;3;2;0001  215666-1;06;CAMION MIE 2;2090990;"AB08    ";"ABELSON S.A.                                      ";GAONA 3326;953086;"80-131         ";80-131 - DUCHA EMB. C/TRANSF. CR C.CERAM MALLORCA;3;3;3;23579346;210926224633496;185017570;;;;01/24/2032 00:00:00;1;14069143;22/09/2026 07:46:33;Mirko;Hernandez;;;;;;Mirko Hernandez;
14402195;22/09/2026 08:16:13;3;2;0001  215666-1;06;CAMION MIE 2;2090990;"AB08    ";"ABELSON S.A.                                      ";GAONA 3326;953110;"80-166N        ";80-166N - DUCHA EMB. C/TRANSF. BLACK C.CERAM ADRA PLUS;10;10;10;23579346;210926224633496;185017571;;;;01/12/2032 00:00:00;1;14069143;22/09/2026 07:46:33;Mirko;Hernandez;;;;;;Mirko Hernandez;
14402195;22/09/2026 08:16:13;3;2;0001  215666-1;06;CAMION MIE 2;2090990;"AB08    ";"ABELSON S.A.                                      ";GAONA 3326;953110;"80-166N        ";80-166N - DUCHA EMB. C/TRANSF. BLACK C.CERAM ADRA PLUS;10;10;10;23579356;210926224658775;185017659;;;;01/12/2032 00:00:00;3;14069150;22/09/2026 07:46:58;Mirko;Hernandez;;;;;;Mirko Hernandez;
14402195;22/09/2026 08:16:13;3;2;0001  215666-1;06;CAMION MIE 2;2090990;"AB08    ";"ABELSON S.A.                                      ";GAONA 3326;953086;"80-131         ";80-131 - DUCHA EMB. C/TRANSF. CR C.CERAM MALLORCA;3;3;3;23579356;210926224658775;184848046;;;;01/24/2032 00:00:00;1;14069150;22/09/2026 07:46:58;Mirko;Hernandez;;;;;;Mirko Hernandez;
14402195;22/09/2026 08:16:13;3;2;0001  215666-1;06;CAMION MIE 2;2090990;"AB08    ";"ABELSON S.A.                                      ";GAONA 3326;952596;"60-100G        ";60-100G - LAVATORIO GOLD C.CERAM FABRIC;6;6;6;23579372;210926224727714;185017739;;;;11/10/2031 00:00:00;1;14069158;22/09/2026 07:47:27;Mirko;Hernandez;;;;;;Mirko Hernandez;
14402195;22/09/2026 08:16:13;3;2;0001  215666-1;06;CAMION MIE 2;2090990;"AB08    ";"ABELSON S.A.                                      ";GAONA 3326;952727;"61-203N        ";"LAVATORIO MONOCOMANDO ALTO ADRA BLACK                                 ";10;10;10;23579372;210926224727714;185017740;;;;01/06/2032 00:00:00;1;14069158;22/09/2026 07:47:27;Mirko;Hernandez;;;;;;Mirko Hernandez;
14402195;22/09/2026 08:16:13;3;2;0001  215666-1;06;CAMION MIE 2;2090990;"AB08    ";"ABELSON S.A.                                      ";GAONA 3326;953110;"80-166N        ";80-166N - DUCHA EMB. C/TRANSF. BLACK C.CERAM ADRA PLUS;10;10;10;23579372;210926224727714;184845580;;;;01/12/2032 00:00:00;2;14069158;22/09/2026 07:47:27;Mirko;Hernandez;;;;;;Mirko Hernandez;
14402195;22/09/2026 08:16:13;3;2;0001  215666-1;06;CAMION MIE 2;2090990;"AB08    ";"ABELSON S.A.                                      ";GAONA 3326;952727;"61-203N        ";"LAVATORIO MONOCOMANDO ALTO ADRA BLACK                                 ";10;10;10;23579380;210926224752434;185017819;;;;01/06/2032 00:00:00;3;14069163;22/09/2026 07:47:52;Mirko;Hernandez;;;;;;Mirko Hernandez;
14402195;22/09/2026 08:16:13;3;2;0001  215666-1;06;CAMION MIE 2;2090990;"AB08    ";"ABELSON S.A.                                      ";GAONA 3326;952596;"60-100G        ";60-100G - LAVATORIO GOLD C.CERAM FABRIC;6;6;6;23579380;210926224752434;185017818;;;;11/10/2031 00:00:00;1;14069163;22/09/2026 07:47:52;Mirko;Hernandez;;;;;;Mirko Hernandez;
14402195;22/09/2026 08:16:13;3;2;0001  215666-1;06;CAMION MIE 2;2090990;"AB08    ";"ABELSON S.A.                                      ";GAONA 3326;952727;"61-203N        ";"LAVATORIO MONOCOMANDO ALTO ADRA BLACK                                 ";10;10;10;23579409;210926224835332;184846609;;;;01/06/2032 00:00:00;3;14069173;22/09/2026 07:48:35;Mirko;Hernandez;;;;;;Mirko Hernandez;
14402195;22/09/2026 08:16:13;3;2;0001  215666-1;06;CAMION MIE 2;2090990;"AB08    ";"ABELSON S.A.                                      ";GAONA 3326;952596;"60-100G        ";60-100G - LAVATORIO GOLD C.CERAM FABRIC;6;6;6;23579409;210926224835332;185017960;;;;11/10/2031 00:00:00;1;14069173;22/09/2026 07:48:35;Mirko;Hernandez;;;;;;Mirko Hernandez;
14402195;22/09/2026 08:16:13;3;2;0001  215666-1;06;CAMION MIE 2;2090990;"AB08    ";"ABELSON S.A.                                      ";GAONA 3326;952667;"60-199         ";60-199 - LAVATORIO CR C.CERAM LIVE;10;10;10;23579422;210926224904312;185018041;;;;11/16/2031 00:00:00;4;14069179;22/09/2026 07:49:04;Mirko;Hernandez;;;;;;Mirko Hernandez;
14402195;22/09/2026 08:16:13;3;2;0001  215666-1;06;CAMION MIE 2;2090990;"AB08    ";"ABELSON S.A.                                      ";GAONA 3326;951532;"20-147         ";20-147 - MONOCOMANDO DE COCINA SWIFT;20;20;20;23579436;220926074933662;185018135;;;;08/04/2031 00:00:00;10;14069188;22/09/2026 07:49:33;Gustavo;Soderquvist;;;;;;Gustavo Soderquvist;
14402195;22/09/2026 08:16:13;3;2;0001  215666-1;06;CAMION MIE 2;2090990;"AB08    ";"ABELSON S.A.                                      ";GAONA 3326;951532;"20-147         ";20-147 - MONOCOMANDO DE COCINA SWIFT;20;20;20;23579442;220926074943610;184838566;;;;08/04/2031 00:00:00;10;14069193;22/09/2026 07:49:43;Gustavo;Soderquvist;;;;;;Gustavo Soderquvist;
14402195;22/09/2026 08:16:13;3;2;0001  215666-1;06;CAMION MIE 2;2090990;"AB08    ";"ABELSON S.A.                                      ";GAONA 3326;951512;"20-122         ";"MONOCOMANDO COCINA CR C/PICO EXTRAIBLE VALENCIA                       ";30;30;30;23579449;220926075001997;185018263;;;;08/06/2031 00:00:00;6;14069201;22/09/2026 07:50:02;Gustavo;Soderquvist;;;;;;Gustavo Soderquvist;
14402195;22/09/2026 08:16:13;3;2;0001  215666-1;06;CAMION MIE 2;2090990;"AB08    ";"ABELSON S.A.                                      ";GAONA 3326;951512;"20-122         ";"MONOCOMANDO COCINA CR C/PICO EXTRAIBLE VALENCIA                       ";30;30;30;23579453;220926075011000;185018296;;;;08/06/2031 00:00:00;6;14069202;22/09/2026 07:50:11;Gustavo;Soderquvist;;;;;;Gustavo Soderquvist;
14402195;22/09/2026 08:16:13;3;2;0001  215666-1;06;CAMION MIE 2;2090990;"AB08    ";"ABELSON S.A.                                      ";GAONA 3326;951512;"20-122         ";"MONOCOMANDO COCINA CR C/PICO EXTRAIBLE VALENCIA                       ";30;30;30;23579459;220926075021342;185018330;;;;08/06/2031 00:00:00;6;14069207;22/09/2026 07:50:21;Gustavo;Soderquvist;;;;;;Gustavo Soderquvist;
14402195;22/09/2026 08:16:13;3;2;0001  215666-1;06;CAMION MIE 2;2090990;"AB08    ";"ABELSON S.A.                                      ";GAONA 3326;952596;"60-100G        ";60-100G - LAVATORIO GOLD C.CERAM FABRIC;6;6;6;23579461;210926225029888;184847589;;;;11/10/2031 00:00:00;1;14069212;22/09/2026 07:50:29;Mirko;Hernandez;;;;;;Mirko Hernandez;
14402195;22/09/2026 08:16:13;3;2;0001  215666-1;06;CAMION MIE 2;2090990;"AB08    ";"ABELSON S.A.                                      ";GAONA 3326;952667;"60-199         ";60-199 - LAVATORIO CR C.CERAM LIVE;10;10;10;23579461;210926225029888;185018360;;;;11/16/2031 00:00:00;3;14069212;22/09/2026 07:50:29;Mirko;Hernandez;;;;;;Mirko Hernandez;
14402195;22/09/2026 08:16:13;3;2;0001  215666-1;06;CAMION MIE 2;2090990;"AB08    ";"ABELSON S.A.                                      ";GAONA 3326;951512;"20-122         ";"MONOCOMANDO COCINA CR C/PICO EXTRAIBLE VALENCIA                       ";30;30;30;23579463;220926075032729;185018367;;;;08/06/2031 00:00:00;6;14069213;22/09/2026 07:50:32;Gustavo;Soderquvist;;;;;;Gustavo Soderquvist;
14402195;22/09/2026 08:16:13;3;2;0001  215666-1;06;CAMION MIE 2;2090990;"AB08    ";"ABELSON S.A.                                      ";GAONA 3326;951512;"20-122         ";"MONOCOMANDO COCINA CR C/PICO EXTRAIBLE VALENCIA                       ";30;30;30;23579471;220926075046180;184840071;;;;08/06/2031 00:00:00;6;14069216;22/09/2026 07:50:46;Gustavo;Soderquvist;;;;;;Gustavo Soderquvist;
14402195;22/09/2026 08:16:13;3;2;0001  215666-1;06;CAMION MIE 2;2090990;"AB08    ";"ABELSON S.A.                                      ";GAONA 3326;951833;"30-132         ";30-132 - COCINA MESADA MONOC. C/DUCHADOR EXTENSIBLE VIGO;10;10;10;23579474;220926075104549;185018464;;;;10/07/2031 00:00:00;5;14069223;22/09/2026 07:51:04;Gustavo;Soderquvist;;;;;;Gustavo Soderquvist;
14402195;22/09/2026 08:16:13;3;2;0001  215666-1;06;CAMION MIE 2;2090990;"AB08    ";"ABELSON S.A.                                      ";GAONA 3326;951833;"30-132         ";30-132 - COCINA MESADA MONOC. C/DUCHADOR EXTENSIBLE VIGO;10;10;10;23579481;220926075116529;184831638;;;;10/07/2031 00:00:00;5;14069229;22/09/2026 07:51:16;Gustavo;Soderquvist;;;;;;Gustavo Soderquvist;
14402195;22/09/2026 08:16:13;3;2;0001  215666-1;06;CAMION MIE 2;2090990;"AB08    ";"ABELSON S.A.                                      ";GAONA 3326;952634;"60-162         ";60-162 - LAVATORIO CR C.CERAM LINEA ADRA;20;20;20;23579487;210926225127951;185018529;;;;07/29/2031 00:00:00;1;14069232;22/09/2026 07:51:28;Mirko;Hernandez;;;;;;Mirko Hernandez;
14402195;22/09/2026 08:16:13;3;2;0001  215666-1;06;CAMION MIE 2;2090990;"AB08    ";"ABELSON S.A.                                      ";GAONA 3326;952759;"62-162N        ";62-162N - LAVATORIO DE PARED BLACK C.CERAM ADRA;6;6;6;23579487;210926225127951;185018530;;;;12/08/2031 00:00:00;1;14069232;22/09/2026 07:51:28;Mirko;Hernandez;;;;;;Mirko Hernandez;
14402195;22/09/2026 08:16:13;3;2;0001  215666-1;06;CAMION MIE 2;2090990;"AB08    ";"ABELSON S.A.                                      ";GAONA 3326;952888;"70-122         ";70-122 - BIDE C.CERAM CR VALENCIA;10;10;10;23579487;210926225127951;185018531;;;;10/26/2031 00:00:00;1;14069232;22/09/2026 07:51:28;Mirko;Hernandez;;;;;;Mirko Hernandez;
14402195;22/09/2026 08:16:13;3;2;0001  215666-1;06;CAMION MIE 2;2090990;"AB08    ";"ABELSON S.A.                                      ";GAONA 3326;952912;"70-162         ";70-162 - BIDE CR C.CERAM LINEA ADRA;20;20;20;23579487;210926225127951;185018532;;;;07/29/2031 00:00:00;5;14069232;22/09/2026 07:51:28;Mirko;Hernandez;;;;;;Mirko Hernandez;
14402195;22/09/2026 08:16:13;3;2;0001  215666-1;06;CAMION MIE 2;2090990;"AB08    ";"ABELSON S.A.                                      ";GAONA 3326;952913;"70-162N        ";70-162N - BIDE BLACK C.CERAM LINEA ADRA;6;6;6;23579487;210926225127951;185018533;;;;02/16/2032 00:00:00;2;14069232;22/09/2026 07:51:28;Mirko;Hernandez;;;;;;Mirko Hernandez;
14402195;22/09/2026 08:16:13;3;2;0001  215666-1;06;CAMION MIE 2;2090990;"AB08    ";"ABELSON S.A.                                      ";GAONA 3326;952795;"63-168         ";63-168 - LAVATORIO PARED EMB MONOC CR WAVE;10;10;10;23579488;220926075129959;184833883;;;;07/28/2031 00:00:00;10;14069233;22/09/2026 07:51:29;Gustavo;Soderquvist;;;;;;Gustavo Soderquvist;
14402195;22/09/2026 08:16:13;3;2;0001  215666-1;06;CAMION MIE 2;2090990;"AB08    ";"ABELSON S.A.                                      ";GAONA 3326;951565;"20-205         ";20-205 - MONOCOMANDO DE COCINA STEEL;20;20;20;23579495;220926075144893;185018591;;;;07/28/2031 00:00:00;10;14069238;22/09/2026 07:51:44;Gustavo;Soderquvist;;;;;;Gustavo Soderquvist;
14402195;22/09/2026 08:16:13;3;2;0001  215666-1;06;CAMION MIE 2;2090990;"AB08    ";"ABELSON S.A.                                      ";GAONA 3326;951565;"20-205         ";20-205 - MONOCOMANDO DE COCINA STEEL;20;20;20;23579506;220926075153208;184841174;;;;07/28/2031 00:00:00;10;14069241;22/09/2026 07:51:53;Gustavo;Soderquvist;;;;;;Gustavo Soderquvist;
14402195;22/09/2026 08:16:13;3;2;0001  215666-1;06;CAMION MIE 2;2090990;"AB08    ";"ABELSON S.A.                                      ";GAONA 3326;952583;"60-058         ";60-058 - LAVATORIO CR C.STD MALBA;15;15;15;23579508;210926225200812;185018651;;;;12/03/2031 00:00:00;2;14069244;22/09/2026 07:52:00;Mirko;Hernandez;;;;;;Mirko Hernandez;
14402195;22/09/2026 08:16:13;3;2;0001  215666-1;06;CAMION MIE 2;2090990;"AB08    ";"ABELSON S.A.                                      ";GAONA 3326;952634;"60-162         ";60-162 - LAVATORIO CR C.CERAM LINEA ADRA;20;20;20;23579508;210926225200812;185018652;;;;07/29/2031 00:00:00;2;14069244;22/09/2026 07:52:00;Mirko;Hernandez;;;;;;Mirko Hernandez;
14402195;22/09/2026 08:16:13;3;2;0001  215666-1;06;CAMION MIE 2;2090990;"AB08    ";"ABELSON S.A.                                      ";GAONA 3326;952912;"70-162         ";70-162 - BIDE CR C.CERAM LINEA ADRA;20;20;20;23579508;210926225200812;185018653;;;;07/29/2031 00:00:00;6;14069244;22/09/2026 07:52:00;Mirko;Hernandez;;;;;;Mirko Hernandez;
14402195;22/09/2026 08:16:13;3;2;0001  215666-1;06;CAMION MIE 2;2090990;"AB08    ";"ABELSON S.A.                                      ";GAONA 3326;952713;"61-176N        ";61-176N - LAVATORIO MONOC ALTO BLACK RIO;5;5;5;23579547;220926075333124;184836393;;;;07/29/2031 00:00:00;5;14069263;22/09/2026 07:53:33;Gustavo;Soderquvist;;;;;;Gustavo Soderquvist;
14402195;22/09/2026 08:16:13;3;2;0001  215666-1;06;CAMION MIE 2;2090990;"AB08    ";"ABELSON S.A.                                      ";GAONA 3326;952583;"60-058         ";60-058 - LAVATORIO CR C.STD MALBA;15;15;15;23579560;210926225358727;185019084;;;;12/03/2031 00:00:00;1;14069269;22/09/2026 07:53:58;Mirko;Hernandez;;;;;;Mirko Hernandez;
14402195;22/09/2026 08:16:13;3;2;0001  215666-1;06;CAMION MIE 2;2090990;"AB08    ";"ABELSON S.A.                                      ";GAONA 3326;952634;"60-162         ";60-162 - LAVATORIO CR C.CERAM LINEA ADRA;20;20;20;23579560;210926225358727;185019085;;;;07/29/2031 00:00:00;1;14069269;22/09/2026 07:53:58;Mirko;Hernandez;;;;;;Mirko Hernandez;
14402195;22/09/2026 08:16:13;3;2;0001  215666-1;06;CAMION MIE 2;2090990;"AB08    ";"ABELSON S.A.                                      ";GAONA 3326;952912;"70-162         ";70-162 - BIDE CR C.CERAM LINEA ADRA;20;20;20;23579560;210926225358727;185019086;;;;07/29/2031 00:00:00;8;14069269;22/09/2026 07:53:58;Mirko;Hernandez;;;;;;Mirko Hernandez;
14402195;22/09/2026 08:16:13;3;2;0001  215666-1;06;CAMION MIE 2;2090990;"AB08    ";"ABELSON S.A.                                      ";GAONA 3326;952634;"60-162         ";60-162 - LAVATORIO CR C.CERAM LINEA ADRA;20;20;20;23579581;210926225445068;185019245;;;;07/29/2031 00:00:00;2;14069281;22/09/2026 07:54:45;Mirko;Hernandez;;;;;;Mirko Hernandez;
14402195;22/09/2026 08:16:13;3;2;0001  215666-1;06;CAMION MIE 2;2090990;"AB08    ";"ABELSON S.A.                                      ";GAONA 3326;952583;"60-058         ";60-058 - LAVATORIO CR C.STD MALBA;15;15;15;23579581;210926225445068;185019244;;;;12/03/2031 00:00:00;2;14069281;22/09/2026 07:54:45;Mirko;Hernandez;;;;;;Mirko Hernandez;
14402195;22/09/2026 08:16:13;3;2;0001  215666-1;06;CAMION MIE 2;2090990;"AB08    ";"ABELSON S.A.                                      ";GAONA 3326;952438;"51-058         ";51-058 - COCINA MESADA CR C.STD MALBA;30;30;30;23579581;210926225445068;185019243;;;;10/19/2031 00:00:00;6;14069281;22/09/2026 07:54:45;Mirko;Hernandez;;;;;;Mirko Hernandez;
14402195;22/09/2026 08:16:13;3;2;0001  215666-1;06;CAMION MIE 2;2090990;"AB08    ";"ABELSON S.A.                                      ";GAONA 3326;952438;"51-058         ";51-058 - COCINA MESADA CR C.STD MALBA;30;30;30;23579621;210926225548738;185019440;;;;10/19/2031 00:00:00;9;14069292;22/09/2026 07:55:48;Mirko;Hernandez;;;;;;Mirko Hernandez;
14402195;22/09/2026 08:16:13;3;2;0001  215666-1;06;CAMION MIE 2;2090990;"AB08    ";"ABELSON S.A.                                      ";GAONA 3326;952912;"70-162         ";70-162 - BIDE CR C.CERAM LINEA ADRA;20;20;20;23579621;210926225548738;184837740;;;;07/29/2031 00:00:00;1;14069292;22/09/2026 07:55:48;Mirko;Hernandez;;;;;;Mirko Hernandez;
14402195;22/09/2026 08:16:13;3;2;0001  215666-1;06;CAMION MIE 2;2090990;"AB08    ";"ABELSON S.A.                                      ";GAONA 3326;952438;"51-058         ";51-058 - COCINA MESADA CR C.STD MALBA;30;30;30;23579669;210926225705576;185019700;;;;10/19/2031 00:00:00;3;14069310;22/09/2026 07:57:05;Mirko;Hernandez;;;;;;Mirko Hernandez;
14402195;22/09/2026 08:16:13;3;2;0001  215666-1;06;CAMION MIE 2;2090990;"AB08    ";"ABELSON S.A.                                      ";GAONA 3326;952583;"60-058         ";60-058 - LAVATORIO CR C.STD MALBA;15;15;15;23579669;210926225705576;185019701;;;;12/03/2031 00:00:00;2;14069310;22/09/2026 07:57:05;Mirko;Hernandez;;;;;;Mirko Hernandez;
14402195;22/09/2026 08:16:13;3;2;0001  215666-1;06;CAMION MIE 2;2090990;"AB08    ";"ABELSON S.A.                                      ";GAONA 3326;952634;"60-162         ";60-162 - LAVATORIO CR C.CERAM LINEA ADRA;20;20;20;23579669;210926225705576;185019702;;;;07/29/2031 00:00:00;2;14069310;22/09/2026 07:57:05;Mirko;Hernandez;;;;;;Mirko Hernandez;
14402195;22/09/2026 08:16:13;3;2;0001  215666-1;06;CAMION MIE 2;2090990;"AB08    ";"ABELSON S.A.                                      ";GAONA 3326;953028;"80-010         ";80-010 - DUCHA EMB. C/TRANSF. BL/CR LORCA;15;15;15;23579669;210926225705576;185019703;;;;10/12/2031 00:00:00;3;14069310;22/09/2026 07:57:05;Mirko;Hernandez;;;;;;Mirko Hernandez;
14402195;22/09/2026 08:16:13;3;2;0001  215666-1;06;CAMION MIE 2;2090990;"AB08    ";"ABELSON S.A.                                      ";GAONA 3326;953028;"80-010         ";80-010 - DUCHA EMB. C/TRANSF. BL/CR LORCA;15;15;15;23579687;210926225752663;185019870;;;;10/12/2031 00:00:00;2;14069319;22/09/2026 07:57:52;Mirko;Hernandez;;;;;;Mirko Hernandez;
14402195;22/09/2026 08:16:13;3;2;0001  215666-1;06;CAMION MIE 2;2090990;"AB08    ";"ABELSON S.A.                                      ";GAONA 3326;952886;"70-121         ";70-121 - BIDE C.CERAM CR MARBELLA;6;6;6;23579687;210926225752663;185019869;;;;01/17/2032 00:00:00;4;14069319;22/09/2026 07:57:52;Mirko;Hernandez;;;;;;Mirko Hernandez;
14402195;22/09/2026 08:16:13;3;2;0001  215666-1;06;CAMION MIE 2;2090990;"AB08    ";"ABELSON S.A.                                      ";GAONA 3326;952739;"62-100C        ";62-100C - LAVATORIO DE PARED CR C.CERAM FABRIC;3;3;3;23579687;210926225752663;185019868;;;;07/31/2031 00:00:00;1;14069319;22/09/2026 07:57:52;Mirko;Hernandez;;;;;;Mirko Hernandez;
14402195;22/09/2026 08:16:13;3;2;0001  215666-1;06;CAMION MIE 2;2090990;"AB08    ";"ABELSON S.A.                                      ";GAONA 3326;952583;"60-058         ";60-058 - LAVATORIO CR C.STD MALBA;15;15;15;23579687;210926225752663;185019867;;;;12/03/2031 00:00:00;1;14069319;22/09/2026 07:57:52;Mirko;Hernandez;;;;;;Mirko Hernandez;
14402195;22/09/2026 08:16:13;3;2;0001  215666-1;06;CAMION MIE 2;2090990;"AB08    ";"ABELSON S.A.                                      ";GAONA 3326;952438;"51-058         ";51-058 - COCINA MESADA CR C.STD MALBA;30;30;30;23579687;210926225752663;185019866;;;;10/19/2031 00:00:00;2;14069319;22/09/2026 07:57:52;Mirko;Hernandez;;;;;;Mirko Hernandez;
14402195;22/09/2026 08:16:13;3;2;0001  215666-1;06;CAMION MIE 2;2090990;"AB08    ";"ABELSON S.A.                                      ";GAONA 3326;952438;"51-058         ";51-058 - COCINA MESADA CR C.STD MALBA;30;30;30;23579703;210926225836126;185020000;;;;10/19/2031 00:00:00;5;14069328;22/09/2026 07:58:36;Mirko;Hernandez;;;;;;Mirko Hernandez;
14402195;22/09/2026 08:16:13;3;2;0001  215666-1;06;CAMION MIE 2;2090990;"AB08    ";"ABELSON S.A.                                      ";GAONA 3326;952759;"62-162N        ";62-162N - LAVATORIO DE PARED BLACK C.CERAM ADRA;6;6;6;23579703;210926225836126;185020001;;;;12/08/2031 00:00:00;1;14069328;22/09/2026 07:58:36;Mirko;Hernandez;;;;;;Mirko Hernandez;
14402195;22/09/2026 08:16:13;3;2;0001  215666-1;06;CAMION MIE 2;2090990;"AB08    ";"ABELSON S.A.                                      ";GAONA 3326;952886;"70-121         ";70-121 - BIDE C.CERAM CR MARBELLA;6;6;6;23579703;210926225836126;184849199;;;;01/17/2032 00:00:00;2;14069328;22/09/2026 07:58:36;Mirko;Hernandez;;;;;;Mirko Hernandez;
14402195;22/09/2026 08:16:13;3;2;0001  215666-1;06;CAMION MIE 2;2090990;"AB08    ";"ABELSON S.A.                                      ";GAONA 3326;952888;"70-122         ";70-122 - BIDE C.CERAM CR VALENCIA;10;10;10;23579703;210926225836126;185020002;;;;10/26/2031 00:00:00;2;14069328;22/09/2026 07:58:36;Mirko;Hernandez;;;;;;Mirko Hernandez;
14402195;22/09/2026 08:16:13;3;2;0001  215666-1;06;CAMION MIE 2;2090990;"AB08    ";"ABELSON S.A.                                      ";GAONA 3326;952888;"70-122         ";70-122 - BIDE C.CERAM CR VALENCIA;10;10;10;23579719;210926225919231;185020127;;;;10/26/2031 00:00:00;4;14069338;22/09/2026 07:59:19;Mirko;Hernandez;;;;;;Mirko Hernandez;
14402195;22/09/2026 08:16:13;3;2;0001  215666-1;06;CAMION MIE 2;2090990;"AB08    ";"ABELSON S.A.                                      ";GAONA 3326;952677;"60-203         ";60-203 - LAVATORIO MONOCOMANDO BAJO ADRA;3;3;3;23579719;210926225919231;185020126;;;;03/02/2032 00:00:00;1;14069338;22/09/2026 07:59:19;Mirko;Hernandez;;;;;;Mirko Hernandez;
14402195;22/09/2026 08:16:13;3;2;0001  215666-1;06;CAMION MIE 2;2090990;"AB08    ";"ABELSON S.A.                                      ";GAONA 3326;952438;"51-058         ";51-058 - COCINA MESADA CR C.STD MALBA;30;30;30;23579719;210926225919231;184835294;;;;10/19/2031 00:00:00;5;14069338;22/09/2026 07:59:19;Mirko;Hernandez;;;;;;Mirko Hernandez;
14402195;22/09/2026 08:16:13;3;2;0001  215666-1;06;CAMION MIE 2;2090990;"AB08    ";"ABELSON S.A.                                      ";GAONA 3326;952913;"70-162N        ";70-162N - BIDE BLACK C.CERAM LINEA ADRA;6;6;6;23580178;210926230914937;185022075;;;;02/16/2032 00:00:00;2;14069531;22/09/2026 08:09:14;Mirko;Hernandez;;;;;;Mirko Hernandez;
14402195;22/09/2026 08:16:13;3;2;0001  215666-1;06;CAMION MIE 2;2090990;"AB08    ";"ABELSON S.A.                                      ";GAONA 3326;952888;"70-122         ";70-122 - BIDE C.CERAM CR VALENCIA;10;10;10;23580178;210926230914937;184844038;;;;10/26/2031 00:00:00;3;14069531;22/09/2026 08:09:14;Mirko;Hernandez;;;;;;Mirko Hernandez;
14402195;22/09/2026 08:16:13;3;2;0001  215666-1;06;CAMION MIE 2;2090990;"AB08    ";"ABELSON S.A.                                      ";GAONA 3326;952759;"62-162N        ";62-162N - LAVATORIO DE PARED BLACK C.CERAM ADRA;6;6;6;23580178;210926230914937;185022074;;;;12/08/2031 00:00:00;3;14069531;22/09/2026 08:09:14;Mirko;Hernandez;;;;;;Mirko Hernandez;
14402195;22/09/2026 08:16:13;3;2;0001  215666-1;06;CAMION MIE 2;2090990;"AB08    ";"ABELSON S.A.                                      ";GAONA 3326;952739;"62-100C        ";62-100C - LAVATORIO DE PARED CR C.CERAM FABRIC;3;3;3;23580178;210926230914937;184847106;;;;07/31/2031 00:00:00;2;14069531;22/09/2026 08:09:14;Mirko;Hernandez;;;;;;Mirko Hernandez;
14402195;22/09/2026 08:16:13;3;2;0001  215666-1;06;CAMION MIE 2;2090990;"AB08    ";"ABELSON S.A.                                      ";GAONA 3326;952583;"60-058         ";60-058 - LAVATORIO CR C.STD MALBA;15;15;15;23580345;210926231230713;185022890;;;;12/03/2031 00:00:00;1;14069590;22/09/2026 08:12:30;Mirko;Hernandez;;;;;;Mirko Hernandez;
14402195;22/09/2026 08:16:13;3;2;0001  215666-1;06;CAMION MIE 2;2090990;"AB08    ";"ABELSON S.A.                                      ";GAONA 3326;952634;"60-162         ";60-162 - LAVATORIO CR C.CERAM LINEA ADRA;20;20;20;23580345;210926231230713;185022891;;;;07/29/2031 00:00:00;2;14069590;22/09/2026 08:12:30;Mirko;Hernandez;;;;;;Mirko Hernandez;
14402195;22/09/2026 08:16:13;3;2;0001  215666-1;06;CAMION MIE 2;2090990;"AB08    ";"ABELSON S.A.                                      ";GAONA 3326;952677;"60-203         ";60-203 - LAVATORIO MONOCOMANDO BAJO ADRA;3;3;3;23580345;210926231230713;185022892;;;;03/02/2032 00:00:00;1;14069590;22/09/2026 08:12:30;Mirko;Hernandez;;;;;;Mirko Hernandez;
14402195;22/09/2026 08:16:13;3;2;0001  215666-1;06;CAMION MIE 2;2090990;"AB08    ";"ABELSON S.A.                                      ";GAONA 3326;952759;"62-162N        ";62-162N - LAVATORIO DE PARED BLACK C.CERAM ADRA;6;6;6;23580345;210926231230713;184842735;;;;12/08/2031 00:00:00;1;14069590;22/09/2026 08:12:30;Mirko;Hernandez;;;;;;Mirko Hernandez;
14402195;22/09/2026 08:16:13;3;2;0001  215666-1;06;CAMION MIE 2;2090990;"AB08    ";"ABELSON S.A.                                      ";GAONA 3326;953028;"80-010         ";80-010 - DUCHA EMB. C/TRANSF. BL/CR LORCA;15;15;15;23580345;210926231230713;185022893;;;;10/12/2031 00:00:00;5;14069590;22/09/2026 08:12:30;Mirko;Hernandez;;;;;;Mirko Hernandez;
14402195;22/09/2026 08:16:13;3;2;0001  215666-1;06;CAMION MIE 2;2090990;"AB08    ";"ABELSON S.A.                                      ";GAONA 3326;952583;"60-058         ";60-058 - LAVATORIO CR C.STD MALBA;15;15;15;23580383;210926231314228;185023103;;;;12/03/2031 00:00:00;1;14069607;22/09/2026 08:13:14;Mirko;Hernandez;;;;;;Mirko Hernandez;
14402195;22/09/2026 08:16:13;3;2;0001  215666-1;06;CAMION MIE 2;2090990;"AB08    ";"ABELSON S.A.                                      ";GAONA 3326;952634;"60-162         ";60-162 - LAVATORIO CR C.CERAM LINEA ADRA;20;20;20;23580383;210926231314228;185023104;;;;07/29/2031 00:00:00;2;14069607;22/09/2026 08:13:14;Mirko;Hernandez;;;;;;Mirko Hernandez;
14402195;22/09/2026 08:16:13;3;2;0001  215666-1;06;CAMION MIE 2;2090990;"AB08    ";"ABELSON S.A.                                      ";GAONA 3326;952831;"70-010         ";70-010 - BIDE BL/CR LORCA;10;10;10;23580383;210926231314228;185023105;;;;12/08/2031 00:00:00;5;14069607;22/09/2026 08:13:14;Mirko;Hernandez;;;;;;Mirko Hernandez;
14402195;22/09/2026 08:16:13;3;2;0001  215666-1;06;CAMION MIE 2;2090990;"AB08    ";"ABELSON S.A.                                      ";GAONA 3326;952913;"70-162N        ";70-162N - BIDE BLACK C.CERAM LINEA ADRA;6;6;6;23580383;210926231314228;184844592;;;;02/16/2032 00:00:00;2;14069607;22/09/2026 08:13:14;Mirko;Hernandez;;;;;;Mirko Hernandez;
14402195;22/09/2026 08:16:13;3;2;0001  215666-1;06;CAMION MIE 2;2090990;"AB08    ";"ABELSON S.A.                                      ";GAONA 3326;953028;"80-010         ";80-010 - DUCHA EMB. C/TRANSF. BL/CR LORCA;15;15;15;23580453;210926231425319;185023461;;;;10/12/2031 00:00:00;4;14069635;22/09/2026 08:14:25;Mirko;Hernandez;;;;;;Mirko Hernandez;
14402195;22/09/2026 08:16:13;3;2;0001  215666-1;06;CAMION MIE 2;2090990;"AB08    ";"ABELSON S.A.                                      ";GAONA 3326;952831;"70-010         ";70-010 - BIDE BL/CR LORCA;10;10;10;23580453;210926231425319;184835709;;;;12/08/2031 00:00:00;5;14069635;22/09/2026 08:14:25;Mirko;Hernandez;;;;;;Mirko Hernandez;
14402195;22/09/2026 08:16:13;3;2;0001  215666-1;06;CAMION MIE 2;2090990;"AB08    ";"ABELSON S.A.                                      ";GAONA 3326;952583;"60-058         ";60-058 - LAVATORIO CR C.STD MALBA;15;15;15;23580453;210926231425319;185023460;;;;12/03/2031 00:00:00;1;14069635;22/09/2026 08:14:25;Mirko;Hernandez;;;;;;Mirko Hernandez;
14402195;22/09/2026 08:16:13;3;2;0001  215666-1;06;CAMION MIE 2;2090990;"AB08    ";"ABELSON S.A.                                      ";GAONA 3326;952542;"60-002         ";60-002 - LAVATORIO RENACER;6;6;6;23580485;210926231518377;185023775;;;;01/20/2032 00:00:00;5;14069647;22/09/2026 08:15:18;Mirko;Hernandez;;;;;;Mirko Hernandez;
14402195;22/09/2026 08:16:13;3;2;0001  215666-1;06;CAMION MIE 2;2090990;"AB08    ";"ABELSON S.A.                                      ";GAONA 3326;952583;"60-058         ";60-058 - LAVATORIO CR C.STD MALBA;15;15;15;23580485;210926231518377;185023776;;;;12/03/2031 00:00:00;2;14069647;22/09/2026 08:15:18;Mirko;Hernandez;;;;;;Mirko Hernandez;
14402195;22/09/2026 08:16:13;3;2;0001  215666-1;06;CAMION MIE 2;2090990;"AB08    ";"ABELSON S.A.                                      ";GAONA 3326;952634;"60-162         ";60-162 - LAVATORIO CR C.CERAM LINEA ADRA;20;20;20;23580485;210926231518377;185023777;;;;07/29/2031 00:00:00;1;14069647;22/09/2026 08:15:18;Mirko;Hernandez;;;;;;Mirko Hernandez;
14402195;22/09/2026 08:16:13;3;2;0001  215666-1;06;CAMION MIE 2;2090990;"AB08    ";"ABELSON S.A.                                      ";GAONA 3326;952677;"60-203         ";60-203 - LAVATORIO MONOCOMANDO BAJO ADRA;3;3;3;23580485;210926231518377;184842082;;;;03/02/2032 00:00:00;1;14069647;22/09/2026 08:15:18;Mirko;Hernandez;;;;;;Mirko Hernandez;
14402195;22/09/2026 08:16:13;3;2;0001  215666-1;06;CAMION MIE 2;2090990;"AB08    ";"ABELSON S.A.                                      ";GAONA 3326;953028;"80-010         ";80-010 - DUCHA EMB. C/TRANSF. BL/CR LORCA;15;15;15;23580485;210926231518377;184836605;;;;10/12/2031 00:00:00;1;14069647;22/09/2026 08:15:18;Mirko;Hernandez;;;;;;Mirko Hernandez;
14402195;22/09/2026 08:16:13;3;2;0001  215666-1;06;CAMION MIE 2;2090990;"AB08    ";"ABELSON S.A.                                      ";GAONA 3326;952583;"60-058         ";60-058 - LAVATORIO CR C.STD MALBA;15;15;15;23580503;210926231548394;184841578;;;;12/03/2031 00:00:00;2;14069657;22/09/2026 08:15:48;Mirko;Hernandez;;;;;;Mirko Hernandez;
14402195;22/09/2026 08:16:13;3;2;0001  215666-1;06;CAMION MIE 2;2090990;"AB08    ";"ABELSON S.A.                                      ";GAONA 3326;952542;"60-002         ";60-002 - LAVATORIO RENACER;6;6;6;23580503;210926231548394;184839312;;;;01/20/2032 00:00:00;1;14069657;22/09/2026 08:15:48;Mirko;Hernandez;;;;;;Mirko Hernandez;
14402195;22/09/2026 08:16:13;3;2;0001  215666-1;06;CAMION MIE 2;2090990;"AB08    ";"ABELSON S.A.                                      ";GAONA 3326;952634;"60-162         ";60-162 - LAVATORIO CR C.CERAM LINEA ADRA;20;20;20;23580503;210926231548394;184838582;;;;07/29/2031 00:00:00;7;14069657;22/09/2026 08:15:48;Mirko;Hernandez;;;;;;Mirko Hernandez;
14402195;22/09/2026 08:16:13;3;2;0001  215666-1;06;CAMION MIE 2;2090990;"AB08    ";"ABELSON S.A.                                      ";GAONA 3326;952667;"60-199         ";60-199 - LAVATORIO CR C.CERAM LIVE;10;10;10;23580512;210926231601824;184840483;;;;11/16/2031 00:00:00;3;14069660;22/09/2026 08:16:01;Mirko;Hernandez;;;;;;Mirko Hernandez;
14402196;22/09/2026 06:28:24;3;2;0001  215708-1;06;CAMION MIE 2;2094370;"SC33    ";"SANITARIOS CAMPANA S.R.L.                         ";AV. FRANCISCO BEIRO 3300;951134;"13020          ";"TOALLERO DE ARO LINEA 13000                                           ";10;10;10;23560648;220926062821400;184880368;;;;07/31/2031 00:00:00;10;14068322;22/09/2026 06:28:21;Gustavo;Soderquvist;24831949;21/09/2026 12:56:40;7807;Nicolas;Perez;Gustavo Soderquvist;Nicolas Perez
14402196;22/09/2026 06:28:24;3;2;0001  215708-1;06;CAMION MIE 2;2094370;"SC33    ";"SANITARIOS CAMPANA S.R.L.                         ";AV. FRANCISCO BEIRO 3300;951961;"3030           ";3030 - PERCHA LINEA 3000;10;10;10;23577439;220926062711156;184878781;;;;08/27/2031 00:00:00;10;14068371;22/09/2026 06:27:11;Gustavo;Soderquvist;;;;;;Gustavo Soderquvist;
14402196;22/09/2026 06:28:24;3;2;0001  215708-1;06;CAMION MIE 2;2094370;"SC33    ";"SANITARIOS CAMPANA S.R.L.                         ";AV. FRANCISCO BEIRO 3300;951136;"13040          ";"PORTA ROLLO LINEA 13000                                               ";10;10;10;23577439;220926062711156;184880146;;;;07/31/2031 00:00:00;10;14068371;22/09/2026 06:27:11;Gustavo;Soderquvist;;;;;;Gustavo Soderquvist;
14402196;22/09/2026 06:28:24;3;2;0001  215708-1;06;CAMION MIE 2;2094370;"SC33    ";"SANITARIOS CAMPANA S.R.L.                         ";AV. FRANCISCO BEIRO 3300;951135;"13030          ";"PERCHA LINEA 13000                                                    ";10;10;10;23577439;220926062711156;184879882;;;;07/31/2031 00:00:00;10;14068371;22/09/2026 06:27:11;Gustavo;Soderquvist;;;;;;Gustavo Soderquvist;
14402196;22/09/2026 06:28:24;3;2;0001  215708-1;06;CAMION MIE 2;2094370;"SC33    ";"SANITARIOS CAMPANA S.R.L.                         ";AV. FRANCISCO BEIRO 3300;951523;"20-134         ";20-134 - MONOCOMANDO COCINA BETIS;18;18;18;23577454;220926062741069;185007508;;;;08/11/2031 00:00:00;6;14068374;22/09/2026 06:27:41;Gustavo;Soderquvist;;;;;;Gustavo Soderquvist;
14402196;22/09/2026 06:28:24;3;2;0001  215708-1;06;CAMION MIE 2;2094370;"SC33    ";"SANITARIOS CAMPANA S.R.L.                         ";AV. FRANCISCO BEIRO 3300;951523;"20-134         ";20-134 - MONOCOMANDO COCINA BETIS;18;18;18;23577457;220926062750049;185007521;;;;08/11/2031 00:00:00;6;14068376;22/09/2026 06:27:50;Gustavo;Soderquvist;;;;;;Gustavo Soderquvist;
14402196;22/09/2026 06:28:24;3;2;0001  215708-1;06;CAMION MIE 2;2094370;"SC33    ";"SANITARIOS CAMPANA S.R.L.                         ";AV. FRANCISCO BEIRO 3300;951523;"20-134         ";20-134 - MONOCOMANDO COCINA BETIS;18;18;18;23577462;220926062759231;184880999;;;;08/11/2031 00:00:00;6;14068378;22/09/2026 06:27:59;Gustavo;Soderquvist;;;;;;Gustavo Soderquvist;
14402197;22/09/2026 09:02:53;3;2;0001  215151-2;06;CAMION MIE 2;2091122;"AN18    ";"ANSBOR S.R.L.                                     ";AV. ALBERDI 3907;956411;"INO102-1       ";"INODORO BLANCO C/ASIENTO LINEA LOFT                                   ";4;4;4;23561813;220926090253527;184887180;;;;02/25/2032 00:00:00;4;14070705;22/09/2026 09:02:53;Gustavo;Soderquvist;24832994;21/09/2026 13:19:36;7636;Kevin;Arce;Gustavo Soderquvist;Kevin Arce
14402197;22/09/2026 09:02:53;3;2;0001  215151-2;06;CAMION MIE 2;2091122;"AN18    ";"ANSBOR S.R.L.                                     ";AV. ALBERDI 3907;956412;"INO102-2       ";"DEPOSITO C/DESCARGA DUAL BLANCO LINEA LOFT                            ";4;4;4;23561813;220926090253527;184887472;;;;02/25/2032 00:00:00;4;14070705;22/09/2026 09:02:53;Gustavo;Soderquvist;24832994;21/09/2026 13:19:36;7636;Kevin;Arce;Gustavo Soderquvist;Kevin Arce
14402198;22/09/2026 09:18:48;3;2;0001  215898-1;06;CAMION MIE 2;2205163;"BA46    ";"BAIRESMAT S.R.L.                                  ";AV. RIVADAVIA 7980;951302;"17040C         ";17040C - PORTA ROLLO LINEA FABRIC CROMO;2;2;2;23563907;220926001847736;184902996;;;;07/29/2031 00:00:00;2;14071147;22/09/2026 09:18:47;Mirko;Hernandez;24834823;21/09/2026 14:16:44;6866;Alejandro;Dure;Mirko Hernandez;Alejandro Dure
14402198;22/09/2026 09:18:48;3;2;0001  215898-1;06;CAMION MIE 2;2205163;"BA46    ";"BAIRESMAT S.R.L.                                  ";AV. RIVADAVIA 7980;951299;"17030C         ";17030C - PERCHA LINEA FABRIC CROMO;2;2;2;23563907;220926001847736;184903216;;;;11/10/2031 00:00:00;2;14071147;22/09/2026 09:18:47;Mirko;Hernandez;24834823;21/09/2026 14:16:44;6866;Alejandro;Dure;Mirko Hernandez;Alejandro Dure
14402198;22/09/2026 09:18:48;3;2;0001  215898-1;06;CAMION MIE 2;2205163;"BA46    ";"BAIRESMAT S.R.L.                                  ";AV. RIVADAVIA 7980;951293;"17010C         ";17010C - TOALLERO BARRAL LINEA FABRIC CROMO;2;2;2;23583321;220926001805060;184903509;;;;12/28/2031 00:00:00;2;14071157;22/09/2026 09:18:05;Mirko;Hernandez;;;;;;Mirko Hernandez;
14402199;22/09/2026 08:55:15;3;2;0001  215889-1;06;CAMION MIE 2;2205163;"BA46    ";"BAIRESMAT S.R.L.                                  ";AV. RIVADAVIA 7980;952740;"62-100G        ";62-100G - LAVATORIO DE PARED GOLD C.CERAM FABRIC;2;2;2;23562656;210926235303307;184901696;;;;12/20/2031 00:00:00;2;14070531;22/09/2026 08:53:03;Mirko;Hernandez;24833496;21/09/2026 14:01:45;7807;Nicolas;Perez;Mirko Hernandez;Nicolas Perez
14402199;22/09/2026 08:55:15;3;2;0001  215889-1;06;CAMION MIE 2;2205163;"BA46    ";"BAIRESMAT S.R.L.                                  ";AV. RIVADAVIA 7980;952786;"62-201NI       ";62-201NI - LAVATORIO DE PARED C.CERAM BEAT NICKEL;1;1;1;23562656;210926235303307;184893527;;;;11/02/2031 00:00:00;1;14070531;22/09/2026 08:53:03;Mirko;Hernandez;24833496;21/09/2026 14:01:45;7807;Nicolas;Perez;Mirko Hernandez;Nicolas Perez
14402199;22/09/2026 08:55:15;3;2;0001  215889-1;06;CAMION MIE 2;2205163;"BA46    ";"BAIRESMAT S.R.L.                                  ";AV. RIVADAVIA 7980;952953;"70-201NI       ";70-201NI - BIDE CR C.CERAM BEAT NICKEL;1;1;1;23562656;210926235303307;184893686;;;;07/29/2031 00:00:00;1;14070531;22/09/2026 08:53:03;Mirko;Hernandez;24833496;21/09/2026 14:01:45;7807;Nicolas;Perez;Mirko Hernandez;Nicolas Perez
14402199;22/09/2026 08:55:15;3;2;0001  215889-1;06;CAMION MIE 2;2205163;"BA46    ";"BAIRESMAT S.R.L.                                  ";AV. RIVADAVIA 7980;953156;"80-201NI       ";80-201NI - DUCHA EMB C/TRANSF C.CERAM BEAT NICKEL;1;1;1;23562656;210926235303307;184893892;;;;11/10/2031 00:00:00;1;14070531;22/09/2026 08:53:03;Mirko;Hernandez;24833496;21/09/2026 14:01:45;7807;Nicolas;Perez;Mirko Hernandez;Nicolas Perez
14402199;22/09/2026 08:55:15;3;2;0001  215889-1;06;CAMION MIE 2;2205163;"BA46    ";"BAIRESMAT S.R.L.                                  ";AV. RIVADAVIA 7980;951312;"18010          ";18010 - TOALLERO BARRAL NIQUEL LINEA BEAT;1;1;1;23565454;210926235514237;184916469;;;;07/28/2031 00:00:00;1;14070543;22/09/2026 08:55:14;Mirko;Hernandez;24836550;21/09/2026 14:58:52;7636;Kevin;Arce;Mirko Hernandez;Kevin Arce
14402199;22/09/2026 08:55:15;3;2;0001  215889-1;06;CAMION MIE 2;2205163;"BA46    ";"BAIRESMAT S.R.L.                                  ";AV. RIVADAVIA 7980;951318;"18040          ";18040 - PORTA ROLLO NIQUEL LINEA BEAT;1;1;1;23582180;210926235419967;184916819;;;;07/28/2031 00:00:00;1;14070562;22/09/2026 08:54:19;Mirko;Hernandez;;;;;;Mirko Hernandez;
14402199;22/09/2026 08:55:15;3;2;0001  215889-1;06;CAMION MIE 2;2205163;"BA46    ";"BAIRESMAT S.R.L.                                  ";AV. RIVADAVIA 7980;952673;"60-200G        ";60-200G - LAVATORIO MONOC BAJO GOLD FABRIC;3;3;3;23582180;210926235419967;184918427;;;;07/28/2031 00:00:00;3;14070562;22/09/2026 08:54:19;Mirko;Hernandez;;;;;;Mirko Hernandez;
14402200;22/09/2026 09:13:39;3;2;0001  215957-1;06;CAMION MIE 2;2093315;"MA29    ";"MULTISANITARIOS Y ACCESORIOS S.R.L.               ";AV. JUAN B. ALBERDI 3528;953244;"814/CRC        ";814/CRC - MESADA P.FUNDIDO CR/CR C.CERAM. ARES;1;1;1;23562657;220926091153695;184902117;;;;02/16/2032 00:00:00;1;14070955;22/09/2026 09:11:53;Gustavo;Soderquvist;24833496;21/09/2026 14:01:45;7807;Nicolas;Perez;Gustavo Soderquvist;Nicolas Perez
14402200;22/09/2026 09:13:39;3;2;0001  215957-1;06;CAMION MIE 2;2093315;"MA29    ";"MULTISANITARIOS Y ACCESORIOS S.R.L.               ";AV. JUAN B. ALBERDI 3528;953325;"835/C          ";835/C - JGO.MDA.P.FUND. CR C.CERAM. MURCIA;1;1;1;23562657;220926091153695;184894572;;;;11/24/2031 00:00:00;1;14070955;22/09/2026 09:11:53;Gustavo;Soderquvist;24833496;21/09/2026 14:01:45;7807;Nicolas;Perez;Gustavo Soderquvist;Nicolas Perez
14402200;22/09/2026 09:13:39;3;2;0001  215957-1;06;CAMION MIE 2;2093315;"MA29    ";"MULTISANITARIOS Y ACCESORIOS S.R.L.               ";AV. JUAN B. ALBERDI 3528;951264;"16040          ";16040 - PORTA ROLLO ACCESORIOS LINEA 16000;1;1;1;23565445;220926091336105;184925188;;;;07/27/2031 00:00:00;1;14071016;22/09/2026 09:13:36;Gustavo;Soderquvist;24836521;21/09/2026 14:59:59;6866;Alejandro;Dure;Gustavo Soderquvist;Alejandro Dure
14402200;22/09/2026 09:13:39;3;2;0001  215957-1;06;CAMION MIE 2;2093315;"MA29    ";"MULTISANITARIOS Y ACCESORIOS S.R.L.               ";AV. JUAN B. ALBERDI 3528;951262;"16030          ";16030 - PERCHA LINEA 16000;2;2;2;23565445;220926091336105;184925667;;;;12/28/2031 00:00:00;2;14071016;22/09/2026 09:13:36;Gustavo;Soderquvist;24836521;21/09/2026 14:59:59;6866;Alejandro;Dure;Gustavo Soderquvist;Alejandro Dure
14402201;22/09/2026 12:29:44;3;2;0001  215958-1;06;CAMION MIE 2;2091270;"BE13    ";"BETOMAT S.R.L.                                    ";AV. JUAN B. ALBERDI 3661;951748;"3006           ";3006 - SET DE 6 PIEZAS LINEA 3000;10;10;10;23557694;220926032941685;184858596;;;;07/29/2031 00:00:00;10;14077153;22/09/2026 12:29:41;Mirko;Hernandez;24829249;21/09/2026 11:59:24;7807;Nicolas;Perez;Mirko Hernandez;Nicolas Perez
14402201;22/09/2026 12:29:44;3;2;0001  215958-1;06;CAMION MIE 2;2091270;"BE13    ";"BETOMAT S.R.L.                                    ";AV. JUAN B. ALBERDI 3661;953104;"80-153         ";80-153 - DUCHA EMB. C/TRANSF. CR C.CERAM CASTILLA;2;2;2;23562658;220926010519031;184901210;;;;01/20/2032 00:00:00;2;14072502;22/09/2026 10:05:19;Mirko;Hernandez;24833496;21/09/2026 14:01:45;7807;Nicolas;Perez;Mirko Hernandez;Nicolas Perez
14402201;22/09/2026 12:29:44;3;2;0001  215958-1;06;CAMION MIE 2;2091270;"BE13    ";"BETOMAT S.R.L.                                    ";AV. JUAN B. ALBERDI 3661;952610;"60-122         ";60-122 - LAVATORIO C.CERAM CR VALENCIA;4;4;4;23562658;220926010519031;184900213;;;;01/19/2032 00:00:00;4;14072502;22/09/2026 10:05:19;Mirko;Hernandez;24833496;21/09/2026 14:01:45;7807;Nicolas;Perez;Mirko Hernandez;Nicolas Perez
14402201;22/09/2026 12:29:44;3;2;0001  215958-1;06;CAMION MIE 2;2091270;"BE13    ";"BETOMAT S.R.L.                                    ";AV. JUAN B. ALBERDI 3661;951132;"13006          ";"SET DE 6 PIEZAS LINEA 13000                                           ";10;10;10;23593490;220926032925865;184859924;;;;07/28/2031 00:00:00;10;14077156;22/09/2026 12:29:25;Mirko;Hernandez;;;;;;Mirko Hernandez;
14402202;22/09/2026 10:46:51;3;2;0001  215963-1;06;CAMION MIE 2;2091270;"BE13    ";"BETOMAT S.R.L.                                    ";AV. JUAN B. ALBERDI 3661;954883;"BAI01G         ";BAI01G - BACHA EMB COCINA C/ACCESORIOS 750x450x220 GOLD BRUSHED;2;2;2;23565397;220926014647033;184914154;;;;07/30/2031 00:00:00;1;14073786;22/09/2026 10:46:47;Mirko;Hernandez;24836542;21/09/2026 14:31:24;7807;Nicolas;Perez;Mirko Hernandez;Nicolas Perez
14402202;22/09/2026 10:46:51;3;2;0001  215963-1;06;CAMION MIE 2;2091270;"BE13    ";"BETOMAT S.R.L.                                    ";AV. JUAN B. ALBERDI 3661;954883;"BAI01G         ";BAI01G - BACHA EMB COCINA C/ACCESORIOS 750x450x220 GOLD BRUSHED;2;2;2;23588185;220926014633978;185075711;;;;07/30/2031 00:00:00;1;14073792;22/09/2026 10:46:33;Mirko;Hernandez;;;;;;Mirko Hernandez;
14402203;22/09/2026 09:24:55;3;2;0001  215971-1;06;CAMION MIE 2;2095040;"WM02    ";"WILEJTO MARCOS M. -ISA SANITARIOS                 ";CALDERON DE LA BARCA 2925;950895;"02-010         ";"VALVULA P/INODORO TEMPORIZADA TECNO                                   ";3;3;3;23562369;220926002455355;184892589;;;;07/28/2031 00:00:00;3;14071342;22/09/2026 09:24:55;Mirko;Hernandez;24833425;21/09/2026 14:03:53;7636;Kevin;Arce;Mirko Hernandez;Kevin Arce
14402203;22/09/2026 09:24:55;3;2;0001  215971-1;06;CAMION MIE 2;2095040;"WM02    ";"WILEJTO MARCOS M. -ISA SANITARIOS                 ";CALDERON DE LA BARCA 2925;953320;"83-203         ";83-203 - DUCHA EXT C/TRANSF. MONOCOMANDO ADRA;1;1;1;23562369;220926002455355;184901794;;;;07/29/2031 00:00:00;1;14071342;22/09/2026 09:24:55;Mirko;Hernandez;24833425;21/09/2026 14:03:53;7636;Kevin;Arce;Mirko Hernandez;Kevin Arce
14402203;22/09/2026 09:24:55;3;2;0001  215971-1;06;CAMION MIE 2;2095040;"WM02    ";"WILEJTO MARCOS M. -ISA SANITARIOS                 ";CALDERON DE LA BARCA 2925;952912;"70-162         ";70-162 - BIDE CR C.CERAM LINEA ADRA;3;3;3;23562659;220926002254602;184892302;;;;07/29/2031 00:00:00;3;14071238;22/09/2026 09:22:54;Mirko;Hernandez;24833496;21/09/2026 14:01:45;7807;Nicolas;Perez;Mirko Hernandez;Nicolas Perez
14402203;22/09/2026 09:24:55;3;2;0001  215971-1;06;CAMION MIE 2;2095040;"WM02    ";"WILEJTO MARCOS M. -ISA SANITARIOS                 ";CALDERON DE LA BARCA 2925;952677;"60-203         ";60-203 - LAVATORIO MONOCOMANDO BAJO ADRA;2;2;2;23562659;220926002254602;184899780;;;;03/02/2032 00:00:00;2;14071238;22/09/2026 09:22:54;Mirko;Hernandez;24833496;21/09/2026 14:01:45;7807;Nicolas;Perez;Mirko Hernandez;Nicolas Perez
14402203;22/09/2026 09:24:55;3;2;0001  215971-1;06;CAMION MIE 2;2095040;"WM02    ";"WILEJTO MARCOS M. -ISA SANITARIOS                 ";CALDERON DE LA BARCA 2925;952634;"60-162         ";60-162 - LAVATORIO CR C.CERAM LINEA ADRA;5;5;5;23562659;220926002254602;184892080;;;;07/29/2031 00:00:00;5;14071238;22/09/2026 09:22:54;Mirko;Hernandez;24833496;21/09/2026 14:01:45;7807;Nicolas;Perez;Mirko Hernandez;Nicolas Perez
14402203;22/09/2026 09:24:55;3;2;0001  215971-1;06;CAMION MIE 2;2095040;"WM02    ";"WILEJTO MARCOS M. -ISA SANITARIOS                 ";CALDERON DE LA BARCA 2925;953109;"80-166         ";"DUCHA EMB. C/TRANSF. CR C.CERAM ADRA PLUS                             ";5;5;5;23583513;220926002137115;185045532;;;;01/19/2032 00:00:00;4;14071254;22/09/2026 09:21:37;Mirko;Hernandez;;;;;;Mirko Hernandez;
14402203;22/09/2026 09:24:55;3;2;0001  215971-1;06;CAMION MIE 2;2095040;"WM02    ";"WILEJTO MARCOS M. -ISA SANITARIOS                 ";CALDERON DE LA BARCA 2925;953109;"80-166         ";"DUCHA EMB. C/TRANSF. CR C.CERAM ADRA PLUS                             ";5;5;5;23583527;220926002156882;184892882;;;;01/19/2032 00:00:00;1;14071262;22/09/2026 09:21:56;Mirko;Hernandez;;;;;;Mirko Hernandez;
14402204;22/09/2026 07:02:03;3;2;0001  215983-1;06;CAMION MIE 2;2094976;"VL05    ";"VENTURA LEANDRO ARIEL                             ";AV LA PLATA 213;953507;"949            ";949 - JGO.COC.PARED.EMB. CR LAZA;2;2;2;23565179;210926152007680;184912140;;;;07/29/2031 00:00:00;2;14063042;21/09/2026 15:20:07;Maximiliano;Nievas;24836260;21/09/2026 14:26:39;7807;Nicolas;Perez;Maximiliano Nievas;Nicolas Perez
14402204;22/09/2026 07:02:03;3;2;0001  215983-1;06;CAMION MIE 2;2094976;"VL05    ";"VENTURA LEANDRO ARIEL                             ";AV LA PLATA 213;951906;"3020           ";3020 - TOALLERO DE ARO LINEA 3000;3;3;3;23565455;220926070200082;184915596;;;;07/29/2031 00:00:00;3;14068539;22/09/2026 07:02:00;Gustavo;Soderquvist;24836550;21/09/2026 14:58:52;7636;Kevin;Arce;Gustavo Soderquvist;Kevin Arce
14402204;22/09/2026 07:02:03;3;2;0001  215983-1;06;CAMION MIE 2;2094976;"VL05    ";"VENTURA LEANDRO ARIEL                             ";AV LA PLATA 213;957520;"RA1154         ";RA1154 - ARO + O'RING BASE MONOC COCINA BETIS;1;1;1;23565455;220926070200082;184919187;;;;11/22/2031 00:00:00;1;14068539;22/09/2026 07:02:00;Gustavo;Soderquvist;24836550;21/09/2026 14:58:52;7636;Kevin;Arce;Gustavo Soderquvist;Kevin Arce
14402204;22/09/2026 07:02:03;3;2;0001  215983-1;06;CAMION MIE 2;2094976;"VL05    ";"VENTURA LEANDRO ARIEL                             ";AV LA PLATA 213;957906;"RA869          ";RA869 - 10 GOMAS CONICA P/ RAMAL DE LAVATORIO Y BIDET;10;10;10;23565455;220926070200082;184923744;;;;08/02/2031 00:00:00;10;14068539;22/09/2026 07:02:00;Gustavo;Soderquvist;24836550;21/09/2026 14:58:52;7636;Kevin;Arce;Gustavo Soderquvist;Kevin Arce
14402204;22/09/2026 07:02:03;3;2;0001  215983-1;06;CAMION MIE 2;2094976;"VL05    ";"VENTURA LEANDRO ARIEL                             ";AV LA PLATA 213;957889;"RA809          ";RA809 - BOLSITA CON 10 TUERCAS DE 1/2 EN POLIAMIDA P/RAMAL;6;6;6;23565455;220926070200082;184924532;;;;08/02/2031 00:00:00;6;14068539;22/09/2026 07:02:00;Gustavo;Soderquvist;24836550;21/09/2026 14:58:52;7636;Kevin;Arce;Gustavo Soderquvist;Kevin Arce
14402204;22/09/2026 07:02:03;3;2;0001  215983-1;06;CAMION MIE 2;2094976;"VL05    ";"VENTURA LEANDRO ARIEL                             ";AV LA PLATA 213;957886;"RA801          ";RA801 - BOLSITA CON 10 TUERCAS DE 1/2 EN BRONCE P/RAMAL;3;3;3;23565455;220926070200082;184923140;;;;07/31/2031 00:00:00;3;14068539;22/09/2026 07:02:00;Gustavo;Soderquvist;24836550;21/09/2026 14:58:52;7636;Kevin;Arce;Gustavo Soderquvist;Kevin Arce
14402204;22/09/2026 07:02:03;3;2;0001  215983-1;06;CAMION MIE 2;2094976;"VL05    ";"VENTURA LEANDRO ARIEL                             ";AV LA PLATA 213;957885;"RA799          ";RA799 - BOLSITA CON 10 TUERCAS DE 1/2 EN POLIAMIDA P/MDA;10;10;10;23565455;220926070200082;184920713;;;;12/20/2031 00:00:00;10;14068539;22/09/2026 07:02:00;Gustavo;Soderquvist;24836550;21/09/2026 14:58:52;7636;Kevin;Arce;Gustavo Soderquvist;Kevin Arce
14402204;22/09/2026 07:02:03;3;2;0001  215983-1;06;CAMION MIE 2;2094976;"VL05    ";"VENTURA LEANDRO ARIEL                             ";AV LA PLATA 213;957874;"RA767          ";RA767 - BOLSITA P/CONEXION BIDE BRONCE;2;2;2;23565455;220926070200082;184922785;;;;07/31/2031 00:00:00;2;14068539;22/09/2026 07:02:00;Gustavo;Soderquvist;24836550;21/09/2026 14:58:52;7636;Kevin;Arce;Gustavo Soderquvist;Kevin Arce
14402204;22/09/2026 07:02:03;3;2;0001  215983-1;06;CAMION MIE 2;2094976;"VL05    ";"VENTURA LEANDRO ARIEL                             ";AV LA PLATA 213;957873;"RA766          ";RA766 - BOLSITA P/CONEXION LAVATORIO BRONCE;1;1;1;23565455;220926070200082;184922612;;;;07/31/2031 00:00:00;1;14068539;22/09/2026 07:02:00;Gustavo;Soderquvist;24836550;21/09/2026 14:58:52;7636;Kevin;Arce;Gustavo Soderquvist;Kevin Arce
14402204;22/09/2026 07:02:03;3;2;0001  215983-1;06;CAMION MIE 2;2094976;"VL05    ";"VENTURA LEANDRO ARIEL                             ";AV LA PLATA 213;957872;"RA765          ";RA765 - BOLSITA P/CONEXION LAVATORIO LINEAS STD COMPLETO;10;10;10;23565455;220926070200082;184921230;;;;12/16/2031 00:00:00;10;14068539;22/09/2026 07:02:00;Gustavo;Soderquvist;24836550;21/09/2026 14:58:52;7636;Kevin;Arce;Gustavo Soderquvist;Kevin Arce
14402204;22/09/2026 07:02:03;3;2;0001  215983-1;06;CAMION MIE 2;2094976;"VL05    ";"VENTURA LEANDRO ARIEL                             ";AV LA PLATA 213;957871;"RA764          ";RA764 - BOLSITA P/CONEXION BIDET LINEAS STD COMPLETO;10;10;10;23565455;220926070200082;184921661;;;;02/21/2032 00:00:00;10;14068539;22/09/2026 07:02:00;Gustavo;Soderquvist;24836550;21/09/2026 14:58:52;7636;Kevin;Arce;Gustavo Soderquvist;Kevin Arce
14402204;22/09/2026 07:02:03;3;2;0001  215983-1;06;CAMION MIE 2;2094976;"VL05    ";"VENTURA LEANDRO ARIEL                             ";AV LA PLATA 213;957944;"RA980          ";RA980 - 10 CONJ. PROLONGADOR LARGO (TORNILLO+TUBO) VOLANTE;10;10;10;23565455;220926070200082;184922191;;;;10/09/2031 00:00:00;10;14068539;22/09/2026 07:02:00;Gustavo;Soderquvist;24836550;21/09/2026 14:58:52;7636;Kevin;Arce;Gustavo Soderquvist;Kevin Arce
14402204;22/09/2026 07:02:03;3;2;0001  215983-1;06;CAMION MIE 2;2094976;"VL05    ";"VENTURA LEANDRO ARIEL                             ";AV LA PLATA 213;957914;"RA877          ";RA877 - 10 TORNILLOS P/VOLANTE GRIFERIA;10;10;10;23565455;220926070200082;184924129;;;;07/31/2031 00:00:00;10;14068539;22/09/2026 07:02:00;Gustavo;Soderquvist;24836550;21/09/2026 14:58:52;7636;Kevin;Arce;Gustavo Soderquvist;Kevin Arce
14402204;22/09/2026 07:02:03;3;2;0001  215983-1;06;CAMION MIE 2;2094976;"VL05    ";"VENTURA LEANDRO ARIEL                             ";AV LA PLATA 213;957910;"RA873          ";RA873 - 10 TAPAS CR P/VOLANTE ARUBA-KEOPS 4-MURCIA;10;10;10;23565455;220926070200082;184925533;;;;08/02/2031 00:00:00;10;14068539;22/09/2026 07:02:00;Gustavo;Soderquvist;24836550;21/09/2026 14:58:52;7636;Kevin;Arce;Gustavo Soderquvist;Kevin Arce
14402204;22/09/2026 07:02:03;3;2;0001  215983-1;06;CAMION MIE 2;2094976;"VL05    ";"VENTURA LEANDRO ARIEL                             ";AV LA PLATA 213;957909;"RA872          ";RA872 - 10 TAPAS VOLANTE LORCA-DIQUE-VERIN;10;10;10;23565455;220926070200082;184924961;;;;08/02/2031 00:00:00;10;14068539;22/09/2026 07:02:00;Gustavo;Soderquvist;24836550;21/09/2026 14:58:52;7636;Kevin;Arce;Gustavo Soderquvist;Kevin Arce
14402205;22/09/2026 09:16:38;3;2;0001  215984-1;06;CAMION MIE 2;2094976;"VL05    ";"VENTURA LEANDRO ARIEL                             ";AV LA PLATA 213;951162;"1335           ";"QUEINOX MACHO MOVIL MH 1/2"" x 35                                      ";20;20;20;23563908;220926091636675;184907358;;;;03/03/2032 00:00:00;20;14071092;22/09/2026 09:16:36;Gustavo;Soderquvist;24834823;21/09/2026 14:16:44;6866;Alejandro;Dure;Gustavo Soderquvist;Alejandro Dure
14402206;22/09/2026 09:48:42;3;2;0001  216012-1;06;CAMION MIE 2;2093713;"NS03    ";"NESGAMET S.A.                                     ";SOR JUANA DE LA CRUZ 1462;951512;"20-122         ";"MONOCOMANDO COCINA CR C/PICO EXTRAIBLE VALENCIA                       ";1;1;1;23561244;220926004406136;184885213;;;;08/06/2031 00:00:00;1;14071396;22/09/2026 09:44:06;Mirko;Hernandez;24832477;21/09/2026 13:21:22;7807;Nicolas;Perez;Mirko Hernandez;Nicolas Perez
14402206;22/09/2026 09:48:42;3;2;0001  216012-1;06;CAMION MIE 2;2093713;"NS03    ";"NESGAMET S.A.                                     ";SOR JUANA DE LA CRUZ 1462;953432;"910/M          ";"910/M - JGO.MDA.P.CANO CROMO ""DIQUE""";3;3;3;23562660;220926004840694;184898792;;;;12/21/2031 00:00:00;3;14072019;22/09/2026 09:48:40;Mirko;Hernandez;24833496;21/09/2026 14:01:45;7807;Nicolas;Perez;Mirko Hernandez;Nicolas Perez
14402206;22/09/2026 09:48:42;3;2;0001  216012-1;06;CAMION MIE 2;2093713;"NS03    ";"NESGAMET S.A.                                     ";SOR JUANA DE LA CRUZ 1462;952520;"56-002         ";56-002 - COCINA P/PARED EMB P.BAJO RENACER;1;1;1;23562660;220926004840694;184899161;;;;11/24/2031 00:00:00;1;14072019;22/09/2026 09:48:40;Mirko;Hernandez;24833496;21/09/2026 14:01:45;7807;Nicolas;Perez;Mirko Hernandez;Nicolas Perez
14402206;22/09/2026 09:48:42;3;2;0001  216012-1;06;CAMION MIE 2;2093713;"NS03    ";"NESGAMET S.A.                                     ";SOR JUANA DE LA CRUZ 1462;951116;"12006          ";"SET DE 6 PIEZAS LINEA 12000                                           ";2;2;2;23583788;220926002703522;184883170;;;;07/30/2031 00:00:00;2;14071420;22/09/2026 09:27:03;Mirko;Hernandez;;;;;;Mirko Hernandez;
14402206;22/09/2026 09:48:42;3;2;0001  216012-1;06;CAMION MIE 2;2093713;"NS03    ";"NESGAMET S.A.                                     ";SOR JUANA DE LA CRUZ 1462;952618;"60-133         ";60-133 - LAVATORIO MONOCOMANDO LUGO;3;3;3;23583788;220926002703522;184888301;;;;07/29/2031 00:00:00;3;14071420;22/09/2026 09:27:03;Mirko;Hernandez;;;;;;Mirko Hernandez;
14402206;22/09/2026 09:48:42;3;2;0001  216012-1;06;CAMION MIE 2;2093713;"NS03    ";"NESGAMET S.A.                                     ";SOR JUANA DE LA CRUZ 1462;952896;"70-133         ";70-133 - BIDE MONOCOMANDO LUGO;2;2;2;23583837;220926002800133;184885410;;;;07/27/2031 00:00:00;2;14071450;22/09/2026 09:28:00;Mirko;Hernandez;;;;;;Mirko Hernandez;
14402206;22/09/2026 09:48:42;3;2;0001  216012-1;06;CAMION MIE 2;2093713;"NS03    ";"NESGAMET S.A.                                     ";SOR JUANA DE LA CRUZ 1462;953312;"83-133         ";83-133 - DUCHA EXT. C/TRANSF. MONOCOMANDO LUGO;2;2;2;23583837;220926002800133;184886541;;;;09/03/2031 00:00:00;2;14071450;22/09/2026 09:28:00;Mirko;Hernandez;;;;;;Mirko Hernandez;
14402206;22/09/2026 09:48:42;3;2;0001  216012-1;06;CAMION MIE 2;2093713;"NS03    ";"NESGAMET S.A.                                     ";SOR JUANA DE LA CRUZ 1462;951535;"20-160         ";20-160 - MONOCOMANDO MESADA COCINA DIQUE;8;8;8;23583854;220926002832349;184886301;;;;07/28/2031 00:00:00;8;14071462;22/09/2026 09:28:32;Mirko;Hernandez;;;;;;Mirko Hernandez;
14402207;22/09/2026 09:25:46;3;2;0001  215646-2;06;CAMION MIE 2;2091886;"CP31    ";"CASAPAULINO SAS                                   ";JOAQUIN V. GONZALEZ 3366;957550;"RA1189         ";RA1189 - SET PROLONGADOR P/VASTAGO Y CAMPANA (x3);9;9;9;23565446;220926092546473;184920524;;;;02/11/2032 00:00:00;9;14071341;22/09/2026 09:25:46;Gustavo;Soderquvist;24836521;21/09/2026 14:59:59;6866;Alejandro;Dure;Gustavo Soderquvist;Alejandro Dure
14402207;22/09/2026 09:25:46;3;2;0001  215646-2;06;CAMION MIE 2;2091886;"CP31    ";"CASAPAULINO SAS                                   ";JOAQUIN V. GONZALEZ 3366;957845;"RA704C         ";RA704C - VOLANTE ARES / CELEBRITY CROMO;2;2;2;23565446;220926092546473;184921251;;;;03/09/2032 00:00:00;2;14071341;22/09/2026 09:25:46;Gustavo;Soderquvist;24836521;21/09/2026 14:59:59;6866;Alejandro;Dure;Gustavo Soderquvist;Alejandro Dure
14402210;21/09/2026 07:37:42;3;2;0001  215965-1;14;RETIRA;2505421;"SR27    ";"SANITARIOS RUBIO S.R.L.                           ";GRAL ALVARADO 280;952949;"70-200C        ";70-200C - BIDE MONOCOMANDO CR FABRIC;1;1;1;23544443;210926073353738;184772142;;;;10/28/2031 00:00:00;1;14050308;21/09/2026 07:33:53;Tiago;Rodriguez;24817300;21/09/2026 07:21:45;6419;Tiago;Rodriguez;Tiago Rodriguez;Tiago Rodriguez
14402210;21/09/2026 07:37:42;3;2;0001  215965-1;14;RETIRA;2505421;"SR27    ";"SANITARIOS RUBIO S.R.L.                           ";GRAL ALVARADO 280;952723;"61-200C        ";61-200C - LAVATORIO MONOC ALTO CR FABRIC;2;2;2;23544443;210926073353738;184772082;;;;07/27/2031 00:00:00;2;14050308;21/09/2026 07:33:53;Tiago;Rodriguez;24817300;21/09/2026 07:21:45;6419;Tiago;Rodriguez;Tiago Rodriguez;Tiago Rodriguez
14402210;21/09/2026 07:37:42;3;2;0001  215965-1;14;RETIRA;2505421;"SR27    ";"SANITARIOS RUBIO S.R.L.                           ";GRAL ALVARADO 280;954922;"BCH19          ";"BACHA DE APOYAR BLANCA 365x235x120                                    ";1;1;1;23544511;210926073735722;184772150;;;;07/28/2031 00:00:00;1;14050384;21/09/2026 07:37:35;Tiago;Rodriguez;24817369;21/09/2026 07:20:59;7636;Kevin;Arce;Tiago Rodriguez;Kevin Arce
14402277;22/09/2026 06:39:09;3;2;TR 0000  128007;01;CARPINTERIA;2090863;DEP_108;EXIBICION MONTES DE OCA;.;956417;"INO104N-1      ";"INODORO BLACK C/ASIENTO LINEA STONE                                   ";1;1;1;23577153;220926063322960;185006263;;;;01/18/2032 00:00:00;1;14068415;22/09/2026 06:33:22;Gustavo;Soderquvist;24847378;22/09/2026 06:06:47;7839;Claudio;Juarez;Gustavo Soderquvist;Claudio Juarez
14402277;22/09/2026 06:39:09;3;2;TR 0000  128007;01;CARPINTERIA;2090863;DEP_108;EXIBICION MONTES DE OCA;.;1007844;"20-122S        ";"MONOCOMANDO COCINA INOX C/PICO EXTRAIBLE VALENCIA                     ";1;1;1;23577156;220926063903331;185006497;;;;01/06/2032 00:00:00;1;14068451;22/09/2026 06:39:03;Gustavo;Soderquvist;24847379;22/09/2026 06:12:01;7827;Javier;Machado;Gustavo Soderquvist;Javier Machado
14402277;22/09/2026 06:39:09;3;2;TR 0000  128007;01;CARPINTERIA;2090863;DEP_108;EXIBICION MONTES DE OCA;.;953140;"80-193         ";80-193 - DUCHA EMB. C/TRANSF. MONOCOMANDO MORA;1;1;1;23577156;220926063903331;185006268;;;;07/27/2031 00:00:00;1;14068451;22/09/2026 06:39:03;Gustavo;Soderquvist;24847379;22/09/2026 06:12:01;7827;Javier;Machado;Gustavo Soderquvist;Javier Machado
14402277;22/09/2026 06:39:09;3;2;TR 0000  128007;01;CARPINTERIA;2090863;DEP_108;EXIBICION MONTES DE OCA;.;952714;"61-180         ";61-180 - LAVATORIO MONOCOMANDO ALTO VERA;1;1;1;23577156;220926063903331;185006319;;;;07/28/2031 00:00:00;1;14068451;22/09/2026 06:39:03;Gustavo;Soderquvist;24847379;22/09/2026 06:12:01;7827;Javier;Machado;Gustavo Soderquvist;Javier Machado
14402277;22/09/2026 06:39:09;3;2;TR 0000  128007;01;CARPINTERIA;2090863;DEP_108;EXIBICION MONTES DE OCA;.;952650;"60-180         ";60-180 - LAVATORIO MONOCOMANDO BAJO VERA;1;1;1;23577156;220926063903331;185006309;;;;07/28/2031 00:00:00;1;14068451;22/09/2026 06:39:03;Gustavo;Soderquvist;24847379;22/09/2026 06:12:01;7827;Javier;Machado;Gustavo Soderquvist;Javier Machado
14402277;22/09/2026 06:39:09;3;2;TR 0000  128007;01;CARPINTERIA;2090863;DEP_108;EXIBICION MONTES DE OCA;.;951550;"20-182         ";20-182 - MONOCOMANDO DE COCINA MULTIFUNCION CR ZENITH;1;1;1;23577156;220926063903331;185006368;;;;07/30/2031 00:00:00;1;14068451;22/09/2026 06:39:03;Gustavo;Soderquvist;24847379;22/09/2026 06:12:01;7827;Javier;Machado;Gustavo Soderquvist;Javier Machado
14402277;22/09/2026 06:39:09;3;2;TR 0000  128007;01;CARPINTERIA;2090863;DEP_108;EXIBICION MONTES DE OCA;.;951535;"20-160         ";20-160 - MONOCOMANDO MESADA COCINA DIQUE;1;1;1;23577156;220926063903331;185006418;;;;07/28/2031 00:00:00;1;14068451;22/09/2026 06:39:03;Gustavo;Soderquvist;24847379;22/09/2026 06:12:01;7827;Javier;Machado;Gustavo Soderquvist;Javier Machado
14402411;21/09/2026 08:35:47;3;2;0001  215724-1;10;URGENTES;2093671;"NE04    ";"NEOMAT S.A.                                       ";AV.TEHUELCHE 1070;951112;"12003          ";"SET DE 3 PIEZAS LINEA 12000                                           ";3;3;3;23544182;210926083545574;184770525;;;;08/12/2031 00:00:00;3;14051491;21/09/2026 08:35:45;Tiago;Rodriguez;24817093;21/09/2026 07:25:13;7310;Maximiliano;Nievas;Tiago Rodriguez;Maximiliano Nievas
14402411;21/09/2026 08:35:47;3;2;0001  215724-1;10;URGENTES;2093671;"NE04    ";"NEOMAT S.A.                                       ";AV.TEHUELCHE 1070;951113;"12004N         ";"SET DE 4 PIEZAS LINEA 12000 BLACK                                     ";3;3;3;23544182;210926083545574;184771229;;;;09/01/2031 00:00:00;3;14051491;21/09/2026 08:35:45;Tiago;Rodriguez;24817093;21/09/2026 07:25:13;7310;Maximiliano;Nievas;Tiago Rodriguez;Maximiliano Nievas
14402411;21/09/2026 08:35:47;3;2;0001  215724-1;10;URGENTES;2093671;"NE04    ";"NEOMAT S.A.                                       ";AV.TEHUELCHE 1070;951116;"12006          ";"SET DE 6 PIEZAS LINEA 12000                                           ";3;3;3;23544182;210926083545574;184772118;;;;07/30/2031 00:00:00;3;14051491;21/09/2026 08:35:45;Tiago;Rodriguez;24817093;21/09/2026 07:25:13;7310;Maximiliano;Nievas;Tiago Rodriguez;Maximiliano Nievas
14402411;21/09/2026 08:35:47;3;2;0001  215724-1;10;URGENTES;2093671;"NE04    ";"NEOMAT S.A.                                       ";AV.TEHUELCHE 1070;953063;"8006           ";8006 - SET DE 6 PIEZAS LINEA 8000;3;3;3;23544182;210926083545574;184770821;;;;07/29/2031 00:00:00;3;14051491;21/09/2026 08:35:45;Tiago;Rodriguez;24817093;21/09/2026 07:25:13;7310;Maximiliano;Nievas;Tiago Rodriguez;Maximiliano Nievas
14402411;21/09/2026 08:35:47;3;2;0001  215724-1;10;URGENTES;2093671;"NE04    ";"NEOMAT S.A.                                       ";AV.TEHUELCHE 1070;951748;"3006           ";3006 - SET DE 6 PIEZAS LINEA 3000;3;3;3;23547407;210926083359813;184772376;;;;07/29/2031 00:00:00;3;14051545;21/09/2026 08:33:59;Tiago;Rodriguez;;;;;;Tiago Rodriguez;
14402411;21/09/2026 08:35:47;3;2;0001  215724-1;10;URGENTES;2093671;"NE04    ";"NEOMAT S.A.                                       ";AV.TEHUELCHE 1070;951117;"12006N         ";"SET DE 6 PIEZAS LINEA 12000 BLACK                                     ";3;3;3;23547407;210926083359813;184772842;;;;09/01/2031 00:00:00;3;14051545;21/09/2026 08:33:59;Tiago;Rodriguez;;;;;;Tiago Rodriguez;
14402411;21/09/2026 08:35:47;3;2;0001  215724-1;10;URGENTES;2093671;"NE04    ";"NEOMAT S.A.                                       ";AV.TEHUELCHE 1070;951114;"12005          ";"SET DE 5 PIEZAS LINEA 12000                                           ";3;3;3;23547407;210926083359813;184771998;;;;07/30/2031 00:00:00;3;14051545;21/09/2026 08:33:59;Tiago;Rodriguez;;;;;;Tiago Rodriguez;
14402411;21/09/2026 08:35:47;3;2;0001  215724-1;10;URGENTES;2093671;"NE04    ";"NEOMAT S.A.                                       ";AV.TEHUELCHE 1070;953056;"8005           ";8005 - SET DE 5 PIEZAS LINEA 8000;3;3;3;23547407;210926083359813;184771090;;;;07/27/2031 00:00:00;3;14051545;21/09/2026 08:33:59;Tiago;Rodriguez;;;;;;Tiago Rodriguez;
14406215;21/09/2026 09:29:48;3;2;0001  215730-1;10;URGENTES;2092113;"DH01    ";"DEMARCHI HNOS.                                    ";AV. JUAN B. ALBERDI 7376;952708;"61-168         ";61-168 - LAVATORIO MONOC ALTO CR WAVE;1;1;1;23549525;210926092908393;184804982;;;;07/27/2031 00:00:00;1;14052903;21/09/2026 09:29:08;Gaston Alejandro;Kiriczuk;24821817;21/09/2026 09:23:54;7310;Maximiliano;Nievas;Gaston Alejandro Kiriczuk;Maximiliano Nievas
14406215;21/09/2026 09:29:48;3;2;0001  215730-1;10;URGENTES;2092113;"DH01    ";"DEMARCHI HNOS.                                    ";AV. JUAN B. ALBERDI 7376;952915;"70-168         ";70-168 - BIDE MONOC CR WAVE;1;1;1;23549525;210926092908393;184804935;;;;01/18/2032 00:00:00;1;14052903;21/09/2026 09:29:08;Gaston Alejandro;Kiriczuk;24821817;21/09/2026 09:23:54;7310;Maximiliano;Nievas;Gaston Alejandro Kiriczuk;Maximiliano Nievas
14406215;21/09/2026 09:29:48;3;2;0001  215730-1;10;URGENTES;2092113;"DH01    ";"DEMARCHI HNOS.                                    ";AV. JUAN B. ALBERDI 7376;953152;"80-200C        ";80-200C - DUCHA EMB. MONOC. 3 FUNCIONES CR FABRIC;1;1;1;23549715;210926092946959;184805567;;;;12/14/2031 00:00:00;1;14052912;21/09/2026 09:29:46;Gaston Alejandro;Kiriczuk;24821950;21/09/2026 09:24:32;6409;Gaston Alejandro;Kiriczuk;Gaston Alejandro Kiriczuk;Gaston Alejandro Kiriczuk
14406887;22/09/2026 09:19:01;3;2;0001  213723-2;06;CAMION MIE 2;2090990;"AB08    ";"ABELSON S.A.                                      ";GAONA 3326;951316;"18030          ";18030 - PERCHA NIQUEL LINEA BEAT;10;10;10;23563909;220926001901186;184904290;;;;03/10/2032 00:00:00;10;14071178;22/09/2026 09:19:01;Mirko;Hernandez;24834823;21/09/2026 14:16:44;6866;Alejandro;Dure;Mirko Hernandez;Alejandro Dure
14406888;22/09/2026 09:23:48;3;2;0001  213811-2;06;CAMION MIE 2;2093378;"MC28    ";"MI CASA Y YO S.A.                                 ";SEGUROLA 650;951316;"18030          ";18030 - PERCHA NIQUEL LINEA BEAT;10;10;10;23563910;220926092346686;184904529;;;;03/10/2032 00:00:00;10;14071299;22/09/2026 09:23:46;Gustavo;Soderquvist;24834823;21/09/2026 14:16:44;6866;Alejandro;Dure;Gustavo Soderquvist;Alejandro Dure
14406889;22/09/2026 09:30:10;3;2;0001  213933-2;06;CAMION MIE 2;2093378;"MC28    ";"MI CASA Y YO S.A.                                 ";SEGUROLA 650;951316;"18030          ";18030 - PERCHA NIQUEL LINEA BEAT;15;15;15;23563911;220926093008040;184904771;;;;03/10/2032 00:00:00;15;14071444;22/09/2026 09:30:08;Gustavo;Soderquvist;24834823;21/09/2026 14:16:44;6866;Alejandro;Dure;Gustavo Soderquvist;Alejandro Dure
14406890;22/09/2026 09:21:25;3;2;0001  214352-2;06;CAMION MIE 2;2092181;"DR01    ";"DOMINGO RESTA Y CIA. SA                           ";SEGUROLA 650;951328;"19040          ";19040 - PORTA ROLLO LINEA 19000;4;4;4;23563912;220926092123016;184905292;;;;03/10/2032 00:00:00;4;14071151;22/09/2026 09:21:23;Gustavo;Soderquvist;24834823;21/09/2026 14:16:44;6866;Alejandro;Dure;Gustavo Soderquvist;Alejandro Dure
14406891;22/09/2026 09:06:44;3;2;0001  214952-2;06;CAMION MIE 2;2093378;"MC28    ";"MI CASA Y YO S.A.                                 ";SEGUROLA 650;951328;"19040          ";19040 - PORTA ROLLO LINEA 19000;2;2;2;23565447;220926090643831;184926096;;;;03/10/2032 00:00:00;2;14070850;22/09/2026 09:06:43;Gustavo;Soderquvist;24836521;21/09/2026 14:59:59;6866;Alejandro;Dure;Gustavo Soderquvist;Alejandro Dure
14406892;22/09/2026 09:27:01;3;2;0001  215047-2;06;CAMION MIE 2;2093704;"NO09    ";"NOCITO S.A.                                       ";ALVAREZ JONTE 3944;951316;"18030          ";18030 - PERCHA NIQUEL LINEA BEAT;30;30;30;23562370;220926092701576;184896379;;;;03/10/2032 00:00:00;30;14071408;22/09/2026 09:27:01;Gustavo;Soderquvist;24833425;21/09/2026 14:03:53;7636;Kevin;Arce;Gustavo Soderquvist;Kevin Arce
14406893;22/09/2026 10:06:14;3;2;0001  215092-2;06;CAMION MIE 2;2091270;"BE13    ";"BETOMAT S.R.L.                                    ";AV. JUAN B. ALBERDI 3661;951328;"19040          ";19040 - PORTA ROLLO LINEA 19000;10;10;10;23563913;220926010614107;184906082;;;;03/10/2032 00:00:00;10;14072535;22/09/2026 10:06:14;Mirko;Hernandez;24834823;21/09/2026 14:16:44;6866;Alejandro;Dure;Mirko Hernandez;Alejandro Dure
14406894;22/09/2026 09:30:44;3;2;0001  215063-2;06;CAMION MIE 2;2093713;"NS03    ";"NESGAMET S.A.                                     ";SOR JUANA DE LA CRUZ 1462;951295;"17010N         ";17010N - TOALLERO BARRAL LINEA FABRIC BLACK;1;1;1;23565448;220926093044609;184924740;;;;03/10/2032 00:00:00;1;14071515;22/09/2026 09:30:44;Gustavo;Soderquvist;24836521;21/09/2026 14:59:59;6866;Alejandro;Dure;Gustavo Soderquvist;Alejandro Dure
14406895;22/09/2026 09:22:24;3;2;0001  213244-2;06;CAMION MIE 2;2094700;"SV11    ";"SANITARIOS VERA S.R.L.                            ";AV. CORRIENTES 4978;951328;"19040          ";19040 - PORTA ROLLO LINEA 19000;4;4;4;23563914;220926092224450;184906307;;;;03/10/2032 00:00:00;4;14071270;22/09/2026 09:22:24;Gustavo;Soderquvist;24834823;21/09/2026 14:16:44;6866;Alejandro;Dure;Gustavo Soderquvist;Alejandro Dure
14406896;22/09/2026 09:05:39;3;2;0001  213310-2;06;CAMION MIE 2;2091886;"CP31    ";"CASAPAULINO SAS                                   ";JOAQUIN V. GONZALEZ 3366;951328;"19040          ";19040 - PORTA ROLLO LINEA 19000;4;4;4;23565449;220926090537771;184926209;;;;03/10/2032 00:00:00;4;14070818;22/09/2026 09:05:37;Gustavo;Soderquvist;24836521;21/09/2026 14:59:59;6866;Alejandro;Dure;Gustavo Soderquvist;Alejandro Dure
14406897;22/09/2026 09:08:06;3;2;0001  214052-2;06;CAMION MIE 2;2094662;"SS41    ";"SANITARIOS SANJUAN S.R.L.                         ";SANABRIA 2978;951328;"19040          ";19040 - PORTA ROLLO LINEA 19000;4;4;4;23565450;220926090805553;184926349;;;;03/10/2032 00:00:00;4;14070877;22/09/2026 09:08:05;Gustavo;Soderquvist;24836521;21/09/2026 14:59:59;6866;Alejandro;Dure;Gustavo Soderquvist;Alejandro Dure
14406898;22/09/2026 09:09:34;3;2;0001  214583-2;06;CAMION MIE 2;2091886;"CP31    ";"CASAPAULINO SAS                                   ";JOAQUIN V. GONZALEZ 3366;951328;"19040          ";19040 - PORTA ROLLO LINEA 19000;1;1;1;23565451;220926090932113;184926458;;;;03/10/2032 00:00:00;1;14070938;22/09/2026 09:09:32;Gustavo;Soderquvist;24836521;21/09/2026 14:59:59;6866;Alejandro;Dure;Gustavo Soderquvist;Alejandro Dure
14406899;22/09/2026 07:34:07;3;2;0001  216060-1;06;CAMION MIE 2;2090990;"AB08    ";"ABELSON S.A.                                      ";GAONA 3326;951529;"20-140N        ";20-140N - MONOCOMANDO DE COCINA LINEA CUINA BLACK;5;5;5;23553125;210926223407356;184855069;;;;07/29/2031 00:00:00;5;14068526;22/09/2026 07:34:07;Mirko;Hernandez;24824618;21/09/2026 13:09:33;7636;Kevin;Arce;Mirko Hernandez;Kevin Arce
14406899;22/09/2026 07:34:07;3;2;0001  216060-1;06;CAMION MIE 2;2090990;"AB08    ";"ABELSON S.A.                                      ";GAONA 3326;952583;"60-058         ";60-058 - LAVATORIO CR C.STD MALBA;15;15;15;23555131;210926215047707;184849477;;;;12/03/2031 00:00:00;7;14068296;22/09/2026 06:50:47;Mirko;Hernandez;24826764;21/09/2026 12:27:51;6866;Alejandro;Dure;Mirko Hernandez;Alejandro Dure
14406899;22/09/2026 07:34:07;3;2;0001  216060-1;06;CAMION MIE 2;2090990;"AB08    ";"ABELSON S.A.                                      ";GAONA 3326;952452;"51-122         ";51-122 - MESADA BIMANDO CR C.CERAM VALENCIA;15;15;15;23577223;210926211033499;185006473;;;;02/01/2032 00:00:00;3;14068302;22/09/2026 06:10:33;Mirko;Hernandez;;;;;;Mirko Hernandez;
14406899;22/09/2026 07:34:07;3;2;0001  216060-1;06;CAMION MIE 2;2090990;"AB08    ";"ABELSON S.A.                                      ";GAONA 3326;952452;"51-122         ";51-122 - MESADA BIMANDO CR C.CERAM VALENCIA;15;15;15;23577226;210926211100089;185006493;;;;02/01/2032 00:00:00;3;14068303;22/09/2026 06:11:00;Mirko;Hernandez;;;;;;Mirko Hernandez;
14406899;22/09/2026 07:34:07;3;2;0001  216060-1;06;CAMION MIE 2;2090990;"AB08    ";"ABELSON S.A.                                      ";GAONA 3326;952452;"51-122         ";51-122 - MESADA BIMANDO CR C.CERAM VALENCIA;15;15;15;23577246;210926211256540;185006562;;;;02/01/2032 00:00:00;3;14068312;22/09/2026 06:12:56;Mirko;Hernandez;;;;;;Mirko Hernandez;
14406899;22/09/2026 07:34:07;3;2;0001  216060-1;06;CAMION MIE 2;2090990;"AB08    ";"ABELSON S.A.                                      ";GAONA 3326;952452;"51-122         ";51-122 - MESADA BIMANDO CR C.CERAM VALENCIA;15;15;15;23577301;210926211712199;185006755;;;;02/01/2032 00:00:00;3;14068331;22/09/2026 06:17:12;Mirko;Hernandez;;;;;;Mirko Hernandez;
14406899;22/09/2026 07:34:07;3;2;0001  216060-1;06;CAMION MIE 2;2090990;"AB08    ";"ABELSON S.A.                                      ";GAONA 3326;952452;"51-122         ";51-122 - MESADA BIMANDO CR C.CERAM VALENCIA;15;15;15;23577305;210926211740302;184867468;;;;02/01/2032 00:00:00;3;14068333;22/09/2026 06:17:40;Mirko;Hernandez;;;;;;Mirko Hernandez;
14406899;22/09/2026 07:34:07;3;2;0001  216060-1;06;CAMION MIE 2;2090990;"AB08    ";"ABELSON S.A.                                      ";GAONA 3326;953112;"80-168         ";80-168 - DUCHA EMB C/TRANSF MONOC CR WAVE;3;3;3;23577313;210926211815068;184869621;;;;02/04/2032 00:00:00;3;14068335;22/09/2026 06:18:15;Mirko;Hernandez;;;;;;Mirko Hernandez;
14406899;22/09/2026 07:34:07;3;2;0001  216060-1;06;CAMION MIE 2;2090990;"AB08    ";"ABELSON S.A.                                      ";GAONA 3326;953235;"81-166         ";81-166 - DUCHA EMB. S/TRANSF. CR C.CERAM ADRA PLUS;6;6;6;23577327;210926211918804;185006865;;;;07/31/2031 00:00:00;4;14068337;22/09/2026 06:19:18;Mirko;Hernandez;;;;;;Mirko Hernandez;
14406899;22/09/2026 07:34:07;3;2;0001  216060-1;06;CAMION MIE 2;2090990;"AB08    ";"ABELSON S.A.                                      ";GAONA 3326;952610;"60-122         ";60-122 - LAVATORIO C.CERAM CR VALENCIA;15;15;15;23577341;210926212001330;185006910;;;;01/19/2032 00:00:00;5;14068339;22/09/2026 06:20:01;Mirko;Hernandez;;;;;;Mirko Hernandez;
14406899;22/09/2026 07:34:07;3;2;0001  216060-1;06;CAMION MIE 2;2090990;"AB08    ";"ABELSON S.A.                                      ";GAONA 3326;952888;"70-122         ";70-122 - BIDE C.CERAM CR VALENCIA;6;6;6;23577341;210926212001330;185006911;;;;10/26/2031 00:00:00;5;14068339;22/09/2026 06:20:01;Mirko;Hernandez;;;;;;Mirko Hernandez;
14406899;22/09/2026 07:34:07;3;2;0001  216060-1;06;CAMION MIE 2;2090990;"AB08    ";"ABELSON S.A.                                      ";GAONA 3326;952610;"60-122         ";60-122 - LAVATORIO C.CERAM CR VALENCIA;15;15;15;23577349;210926212043230;184866954;;;;01/19/2032 00:00:00;10;14068341;22/09/2026 06:20:43;Mirko;Hernandez;;;;;;Mirko Hernandez;
14406899;22/09/2026 07:34:07;3;2;0001  216060-1;06;CAMION MIE 2;2090990;"AB08    ";"ABELSON S.A.                                      ";GAONA 3326;952913;"70-162N        ";70-162N - BIDE BLACK C.CERAM LINEA ADRA;10;10;10;23577359;210926212130100;185007011;;;;02/16/2032 00:00:00;7;14068344;22/09/2026 06:21:30;Mirko;Hernandez;;;;;;Mirko Hernandez;
14406899;22/09/2026 07:34:07;3;2;0001  216060-1;06;CAMION MIE 2;2090990;"AB08    ";"ABELSON S.A.                                      ";GAONA 3326;952774;"62-190         ";62-190 - LAVATORIO PARED EMB. C.CERAM BLACK VELVET;3;3;3;23577359;210926212130100;184868321;;;;09/02/2031 00:00:00;3;14068344;22/09/2026 06:21:30;Mirko;Hernandez;;;;;;Mirko Hernandez;
14406899;22/09/2026 07:34:07;3;2;0001  216060-1;06;CAMION MIE 2;2090990;"AB08    ";"ABELSON S.A.                                      ";GAONA 3326;952888;"70-122         ";70-122 - BIDE C.CERAM CR VALENCIA;6;6;6;23577375;210926212231335;184866603;;;;10/26/2031 00:00:00;1;14068347;22/09/2026 06:22:31;Mirko;Hernandez;;;;;;Mirko Hernandez;
14406899;22/09/2026 07:34:07;3;2;0001  216060-1;06;CAMION MIE 2;2090990;"AB08    ";"ABELSON S.A.                                      ";GAONA 3326;952913;"70-162N        ";70-162N - BIDE BLACK C.CERAM LINEA ADRA;10;10;10;23577375;210926212231335;184868184;;;;02/16/2032 00:00:00;3;14068347;22/09/2026 06:22:31;Mirko;Hernandez;;;;;;Mirko Hernandez;
14406899;22/09/2026 07:34:07;3;2;0001  216060-1;06;CAMION MIE 2;2090990;"AB08    ";"ABELSON S.A.                                      ";GAONA 3326;952437;"51-057         ";51-057 - COCINA MESADA CR C.STD VERIN PLUS;10;10;10;23577375;210926212231335;185007061;;;;01/27/2032 00:00:00;2;14068347;22/09/2026 06:22:31;Mirko;Hernandez;;;;;;Mirko Hernandez;
14406899;22/09/2026 07:34:07;3;2;0001  216060-1;06;CAMION MIE 2;2090990;"AB08    ";"ABELSON S.A.                                      ";GAONA 3326;952677;"60-203         ";60-203 - LAVATORIO MONOCOMANDO BAJO ADRA;5;5;5;23577375;210926212231335;185007062;;;;03/02/2032 00:00:00;4;14068347;22/09/2026 06:22:31;Mirko;Hernandez;;;;;;Mirko Hernandez;
14406899;22/09/2026 07:34:07;3;2;0001  216060-1;06;CAMION MIE 2;2090990;"AB08    ";"ABELSON S.A.                                      ";GAONA 3326;952677;"60-203         ";60-203 - LAVATORIO MONOCOMANDO BAJO ADRA;5;5;5;23577400;210926212410922;184868669;;;;03/02/2032 00:00:00;1;14068356;22/09/2026 06:24:10;Mirko;Hernandez;;;;;;Mirko Hernandez;
14406899;22/09/2026 07:34:07;3;2;0001  216060-1;06;CAMION MIE 2;2090990;"AB08    ";"ABELSON S.A.                                      ";GAONA 3326;952635;"60-162N        ";60-162N - LAVATORIO BLACK C.CERAM LINEA ADRA;5;5;5;23577400;210926212410922;185007282;;;;11/03/2031 00:00:00;2;14068356;22/09/2026 06:24:10;Mirko;Hernandez;;;;;;Mirko Hernandez;
14406899;22/09/2026 07:34:07;3;2;0001  216060-1;06;CAMION MIE 2;2090990;"AB08    ";"ABELSON S.A.                                      ";GAONA 3326;952437;"51-057         ";51-057 - COCINA MESADA CR C.STD VERIN PLUS;10;10;10;23577400;210926212410922;185007281;;;;01/27/2032 00:00:00;7;14068356;22/09/2026 06:24:10;Mirko;Hernandez;;;;;;Mirko Hernandez;
14406899;22/09/2026 07:34:07;3;2;0001  216060-1;06;CAMION MIE 2;2090990;"AB08    ";"ABELSON S.A.                                      ";GAONA 3326;953136;"80-190P        ";80-190P - DUCHA EMB. C/TRANSF. C.CERAM BLACK VELVET PLUS;5;5;5;23577409;210926212457944;185007364;;;;07/30/2031 00:00:00;3;14068359;22/09/2026 06:24:57;Mirko;Hernandez;;;;;;Mirko Hernandez;
14406899;22/09/2026 07:34:07;3;2;0001  216060-1;06;CAMION MIE 2;2090990;"AB08    ";"ABELSON S.A.                                      ";GAONA 3326;953153;"80-200G        ";80-200G - DUCHA EMB. MONOC. 3 FUNCIONES GOLD FABRIC;3;3;3;23577419;210926212537461;185007401;;;;01/18/2032 00:00:00;1;14068364;22/09/2026 06:25:37;Mirko;Hernandez;;;;;;Mirko Hernandez;
14406899;22/09/2026 07:34:07;3;2;0001  216060-1;06;CAMION MIE 2;2090990;"AB08    ";"ABELSON S.A.                                      ";GAONA 3326;953136;"80-190P        ";80-190P - DUCHA EMB. C/TRANSF. C.CERAM BLACK VELVET PLUS;5;5;5;23577419;210926212537461;184862454;;;;07/30/2031 00:00:00;2;14068364;22/09/2026 06:25:37;Mirko;Hernandez;;;;;;Mirko Hernandez;
14406899;22/09/2026 07:34:07;3;2;0001  216060-1;06;CAMION MIE 2;2090990;"AB08    ";"ABELSON S.A.                                      ";GAONA 3326;953113;"80-168N        ";80-168N - DUCHA EMB C/TRANSF MONOC BLACK WAVE;5;5;5;23577425;210926212558424;185007414;;;;01/22/2032 00:00:00;1;14068366;22/09/2026 06:25:58;Mirko;Hernandez;;;;;;Mirko Hernandez;
14406899;22/09/2026 07:34:07;3;2;0001  216060-1;06;CAMION MIE 2;2090990;"AB08    ";"ABELSON S.A.                                      ";GAONA 3326;953153;"80-200G        ";80-200G - DUCHA EMB. MONOC. 3 FUNCIONES GOLD FABRIC;3;3;3;23577425;210926212558424;184859309;;;;01/18/2032 00:00:00;2;14068366;22/09/2026 06:25:58;Mirko;Hernandez;;;;;;Mirko Hernandez;
14406899;22/09/2026 07:34:07;3;2;0001  216060-1;06;CAMION MIE 2;2090990;"AB08    ";"ABELSON S.A.                                      ";GAONA 3326;953113;"80-168N        ";80-168N - DUCHA EMB C/TRANSF MONOC BLACK WAVE;5;5;5;23577435;210926212651689;185007457;;;;01/22/2032 00:00:00;3;14068369;22/09/2026 06:26:51;Mirko;Hernandez;;;;;;Mirko Hernandez;
14406899;22/09/2026 07:34:07;3;2;0001  216060-1;06;CAMION MIE 2;2090990;"AB08    ";"ABELSON S.A.                                      ";GAONA 3326;953072;"80-100N        ";80-100N - DUCHA EMB. C/TRANSF. BLACK C.CERAM FABRIC;3;3;3;23577446;210926212732357;184861585;;;;02/02/2032 00:00:00;3;14068373;22/09/2026 06:27:32;Mirko;Hernandez;;;;;;Mirko Hernandez;
14406899;22/09/2026 07:34:07;3;2;0001  216060-1;06;CAMION MIE 2;2090990;"AB08    ";"ABELSON S.A.                                      ";GAONA 3326;953113;"80-168N        ";80-168N - DUCHA EMB C/TRANSF MONOC BLACK WAVE;5;5;5;23577458;210926212751486;184859988;;;;01/22/2032 00:00:00;1;14068377;22/09/2026 06:27:51;Mirko;Hernandez;;;;;;Mirko Hernandez;
14406899;22/09/2026 07:34:07;3;2;0001  216060-1;06;CAMION MIE 2;2090990;"AB08    ";"ABELSON S.A.                                      ";GAONA 3326;952596;"60-100G        ";60-100G - LAVATORIO GOLD C.CERAM FABRIC;4;4;4;23577473;210926212839042;184861987;;;;11/10/2031 00:00:00;4;14068383;22/09/2026 06:28:39;Mirko;Hernandez;;;;;;Mirko Hernandez;
14406899;22/09/2026 07:34:07;3;2;0001  216060-1;06;CAMION MIE 2;2090990;"AB08    ";"ABELSON S.A.                                      ";GAONA 3326;953091;"80-138         ";80-138 - DUCHA EMB. C/TRANSF. CR C.CERAM VALENCIA PLUS;10;10;10;23577519;210926213058369;185007685;;;;01/14/2032 00:00:00;2;14068397;22/09/2026 06:30:58;Mirko;Hernandez;;;;;;Mirko Hernandez;
14406899;22/09/2026 07:34:07;3;2;0001  216060-1;06;CAMION MIE 2;2090990;"AB08    ";"ABELSON S.A.                                      ";GAONA 3326;953235;"81-166         ";81-166 - DUCHA EMB. S/TRANSF. CR C.CERAM ADRA PLUS;6;6;6;23577519;210926213058369;184869029;;;;07/31/2031 00:00:00;2;14068397;22/09/2026 06:30:58;Mirko;Hernandez;;;;;;Mirko Hernandez;
14406899;22/09/2026 07:34:07;3;2;0001  216060-1;06;CAMION MIE 2;2090990;"AB08    ";"ABELSON S.A.                                      ";GAONA 3326;953091;"80-138         ";80-138 - DUCHA EMB. C/TRANSF. CR C.CERAM VALENCIA PLUS;10;10;10;23577525;210926213122555;185007710;;;;01/14/2032 00:00:00;4;14068399;22/09/2026 06:31:22;Mirko;Hernandez;;;;;;Mirko Hernandez;
14406899;22/09/2026 07:34:07;3;2;0001  216060-1;06;CAMION MIE 2;2090990;"AB08    ";"ABELSON S.A.                                      ";GAONA 3326;953091;"80-138         ";80-138 - DUCHA EMB. C/TRANSF. CR C.CERAM VALENCIA PLUS;10;10;10;23577557;210926213222843;184841256;;;;01/14/2032 00:00:00;4;14068403;22/09/2026 06:32:22;Mirko;Hernandez;;;;;;Mirko Hernandez;
14406899;22/09/2026 07:34:07;3;2;0001  216060-1;06;CAMION MIE 2;2090990;"AB08    ";"ABELSON S.A.                                      ";GAONA 3326;953060;"80-058         ";80-058 - DUCHA EMB. C/TRANSF. CR C.STD MALBA;10;10;10;23577569;210926213304841;184845371;;;;01/06/2032 00:00:00;10;14068413;22/09/2026 06:33:04;Mirko;Hernandez;;;;;;Mirko Hernandez;
14406899;22/09/2026 07:34:07;3;2;0001  216060-1;06;CAMION MIE 2;2090990;"AB08    ";"ABELSON S.A.                                      ";GAONA 3326;952438;"51-058         ";51-058 - COCINA MESADA CR C.STD MALBA;30;30;30;23577585;210926213338890;185007856;;;;10/19/2031 00:00:00;10;14068418;22/09/2026 06:33:38;Mirko;Hernandez;;;;;;Mirko Hernandez;
14406899;22/09/2026 07:34:07;3;2;0001  216060-1;06;CAMION MIE 2;2090990;"AB08    ";"ABELSON S.A.                                      ";GAONA 3326;952862;"70-058         ";70-058 - BIDE CR C.STD MALBA;20;20;20;23577600;210926213414181;185007899;;;;10/20/2031 00:00:00;10;14068421;22/09/2026 06:34:14;Mirko;Hernandez;;;;;;Mirko Hernandez;
14406899;22/09/2026 07:34:07;3;2;0001  216060-1;06;CAMION MIE 2;2090990;"AB08    ";"ABELSON S.A.                                      ";GAONA 3326;952862;"70-058         ";70-058 - BIDE CR C.STD MALBA;20;20;20;23577610;210926213453426;184846322;;;;10/20/2031 00:00:00;10;14068428;22/09/2026 06:34:53;Mirko;Hernandez;;;;;;Mirko Hernandez;
14406899;22/09/2026 07:34:07;3;2;0001  216060-1;06;CAMION MIE 2;2090990;"AB08    ";"ABELSON S.A.                                      ";GAONA 3326;952936;"70-190         ";70-190 - BIDE C.CERAM BLACK VELVET;10;10;10;23577622;210926213545607;184863056;;;;11/08/2031 00:00:00;10;14068432;22/09/2026 06:35:45;Mirko;Hernandez;;;;;;Mirko Hernandez;
14406899;22/09/2026 07:34:07;3;2;0001  216060-1;06;CAMION MIE 2;2090990;"AB08    ";"ABELSON S.A.                                      ";GAONA 3326;952912;"70-162         ";70-162 - BIDE CR C.CERAM LINEA ADRA;15;15;15;23577647;210926213646758;185008093;;;;07/29/2031 00:00:00;5;14068438;22/09/2026 06:36:46;Mirko;Hernandez;;;;;;Mirko Hernandez;
14406899;22/09/2026 07:34:07;3;2;0001  216060-1;06;CAMION MIE 2;2090990;"AB08    ";"ABELSON S.A.                                      ";GAONA 3326;952582;"60-057         ";60-057 - LAVATORIO C.STD VERIN PLUS;10;10;10;23577647;210926213646758;185008092;;;;01/31/2032 00:00:00;5;14068438;22/09/2026 06:36:46;Mirko;Hernandez;;;;;;Mirko Hernandez;
14406899;22/09/2026 07:34:07;3;2;0001  216060-1;06;CAMION MIE 2;2090990;"AB08    ";"ABELSON S.A.                                      ";GAONA 3326;953476;"934            ";934 - JGO.PARED PICO U C/EXT CRUZ BL/CR ARES;3;3;3;23577670;210926213732144;185008146;;;;07/31/2031 00:00:00;2;14068446;22/09/2026 06:37:32;Mirko;Hernandez;;;;;;Mirko Hernandez;
14406899;22/09/2026 07:34:07;3;2;0001  216060-1;06;CAMION MIE 2;2090990;"AB08    ";"ABELSON S.A.                                      ";GAONA 3326;952875;"70-100N        ";70-100N - BIDE BLACK C.CERAM FABRIC;5;5;5;23577670;210926213732144;184862239;;;;07/29/2031 00:00:00;5;14068446;22/09/2026 06:37:32;Mirko;Hernandez;;;;;;Mirko Hernandez;
14406899;22/09/2026 07:34:07;3;2;0001  216060-1;06;CAMION MIE 2;2090990;"AB08    ";"ABELSON S.A.                                      ";GAONA 3326;952945;"70-199         ";70-199 - BIDE CR C.CERAM LIVE;3;3;3;23577670;210926213732144;185008145;;;;12/16/2031 00:00:00;1;14068446;22/09/2026 06:37:32;Mirko;Hernandez;;;;;;Mirko Hernandez;
14406899;22/09/2026 07:34:07;3;2;0001  216060-1;06;CAMION MIE 2;2090990;"AB08    ";"ABELSON S.A.                                      ";GAONA 3326;952583;"60-058         ";60-058 - LAVATORIO CR C.STD MALBA;15;15;15;23577670;210926213732144;185008144;;;;12/03/2031 00:00:00;2;14068446;22/09/2026 06:37:32;Mirko;Hernandez;;;;;;Mirko Hernandez;
14406899;22/09/2026 07:34:07;3;2;0001  216060-1;06;CAMION MIE 2;2090990;"AB08    ";"ABELSON S.A.                                      ";GAONA 3326;952583;"60-058         ";60-058 - LAVATORIO CR C.STD MALBA;15;15;15;23577684;210926213817293;185008204;;;;12/03/2031 00:00:00;2;14068448;22/09/2026 06:38:17;Mirko;Hernandez;;;;;;Mirko Hernandez;
14406899;22/09/2026 07:34:07;3;2;0001  216060-1;06;CAMION MIE 2;2090990;"AB08    ";"ABELSON S.A.                                      ";GAONA 3326;952945;"70-199         ";70-199 - BIDE CR C.CERAM LIVE;3;3;3;23577684;210926213817293;184857011;;;;12/16/2031 00:00:00;2;14068448;22/09/2026 06:38:17;Mirko;Hernandez;;;;;;Mirko Hernandez;
14406899;22/09/2026 07:34:07;3;2;0001  216060-1;06;CAMION MIE 2;2090990;"AB08    ";"ABELSON S.A.                                      ";GAONA 3326;952912;"70-162         ";70-162 - BIDE CR C.CERAM LINEA ADRA;15;15;15;23577684;210926213817293;185008205;;;;07/29/2031 00:00:00;5;14068448;22/09/2026 06:38:17;Mirko;Hernandez;;;;;;Mirko Hernandez;
14406899;22/09/2026 07:34:07;3;2;0001  216060-1;06;CAMION MIE 2;2090990;"AB08    ";"ABELSON S.A.                                      ";GAONA 3326;953476;"934            ";934 - JGO.PARED PICO U C/EXT CRUZ BL/CR ARES;3;3;3;23577684;210926213817293;184861122;;;;07/31/2031 00:00:00;1;14068448;22/09/2026 06:38:17;Mirko;Hernandez;;;;;;Mirko Hernandez;
14406899;22/09/2026 07:34:07;3;2;0001  216060-1;06;CAMION MIE 2;2090990;"AB08    ";"ABELSON S.A.                                      ";GAONA 3326;952912;"70-162         ";70-162 - BIDE CR C.CERAM LINEA ADRA;15;15;15;23577693;210926213856157;184844048;;;;07/29/2031 00:00:00;5;14068452;22/09/2026 06:38:56;Mirko;Hernandez;;;;;;Mirko Hernandez;
14406899;22/09/2026 07:34:07;3;2;0001  216060-1;06;CAMION MIE 2;2090990;"AB08    ";"ABELSON S.A.                                      ";GAONA 3326;952582;"60-057         ";60-057 - LAVATORIO C.STD VERIN PLUS;10;10;10;23577693;210926213856157;184841810;;;;01/31/2032 00:00:00;5;14068452;22/09/2026 06:38:56;Mirko;Hernandez;;;;;;Mirko Hernandez;
14406899;22/09/2026 07:34:07;3;2;0001  216060-1;06;CAMION MIE 2;2090990;"AB08    ";"ABELSON S.A.                                      ";GAONA 3326;952635;"60-162N        ";60-162N - LAVATORIO BLACK C.CERAM LINEA ADRA;5;5;5;23577730;210926214050208;185008357;;;;11/03/2031 00:00:00;1;14068460;22/09/2026 06:40:50;Mirko;Hernandez;;;;;;Mirko Hernandez;
14406899;22/09/2026 07:34:07;3;2;0001  216060-1;06;CAMION MIE 2;2090990;"AB08    ";"ABELSON S.A.                                      ";GAONA 3326;952437;"51-057         ";51-057 - COCINA MESADA CR C.STD VERIN PLUS;10;10;10;23577730;210926214050208;184869495;;;;01/27/2032 00:00:00;1;14068460;22/09/2026 06:40:50;Mirko;Hernandez;;;;;;Mirko Hernandez;
14406899;22/09/2026 07:34:07;3;2;0001  216060-1;06;CAMION MIE 2;2090990;"AB08    ";"ABELSON S.A.                                      ";GAONA 3326;953107;"80-162         ";80-162 - DUCHA EMB. C/TRANSF. CR C.CERAM ADRA;12;12;12;23577730;210926214050208;185008358;;;;07/29/2031 00:00:00;8;14068460;22/09/2026 06:40:50;Mirko;Hernandez;;;;;;Mirko Hernandez;
14406899;22/09/2026 07:34:07;3;2;0001  216060-1;06;CAMION MIE 2;2090990;"AB08    ";"ABELSON S.A.                                      ";GAONA 3326;953107;"80-162         ";80-162 - DUCHA EMB. C/TRANSF. CR C.CERAM ADRA;12;12;12;23577743;210926214125329;184843594;;;;07/29/2031 00:00:00;4;14068465;22/09/2026 06:41:25;Mirko;Hernandez;;;;;;Mirko Hernandez;
14406899;22/09/2026 07:34:07;3;2;0001  216060-1;06;CAMION MIE 2;2090990;"AB08    ";"ABELSON S.A.                                      ";GAONA 3326;952438;"51-058         ";51-058 - COCINA MESADA CR C.STD MALBA;30;30;30;23577743;210926214125329;185008396;;;;10/19/2031 00:00:00;6;14068465;22/09/2026 06:41:25;Mirko;Hernandez;;;;;;Mirko Hernandez;
14406899;22/09/2026 07:34:07;3;2;0001  216060-1;06;CAMION MIE 2;2090990;"AB08    ";"ABELSON S.A.                                      ";GAONA 3326;952438;"51-058         ";51-058 - COCINA MESADA CR C.STD MALBA;30;30;30;23577760;210926214202168;185008432;;;;10/19/2031 00:00:00;10;14068469;22/09/2026 06:42:02;Mirko;Hernandez;;;;;;Mirko Hernandez;
14406899;22/09/2026 07:34:07;3;2;0001  216060-1;06;CAMION MIE 2;2090990;"AB08    ";"ABELSON S.A.                                      ";GAONA 3326;952438;"51-058         ";51-058 - COCINA MESADA CR C.STD MALBA;30;30;30;23577860;210926214716078;184843095;;;;10/19/2031 00:00:00;4;14068496;22/09/2026 06:47:16;Mirko;Hernandez;;;;;;Mirko Hernandez;
14406899;22/09/2026 07:34:07;3;2;0001  216060-1;06;CAMION MIE 2;2090990;"AB08    ";"ABELSON S.A.                                      ";GAONA 3326;952583;"60-058         ";60-058 - LAVATORIO CR C.STD MALBA;15;15;15;23577860;210926214716078;185008817;;;;12/03/2031 00:00:00;4;14068496;22/09/2026 06:47:16;Mirko;Hernandez;;;;;;Mirko Hernandez;
14406899;22/09/2026 07:34:07;3;2;0001  216060-1;06;CAMION MIE 2;2090990;"AB08    ";"ABELSON S.A.                                      ";GAONA 3326;952635;"60-162N        ";60-162N - LAVATORIO BLACK C.CERAM LINEA ADRA;5;5;5;23577860;210926214716078;184868499;;;;11/03/2031 00:00:00;2;14068496;22/09/2026 06:47:16;Mirko;Hernandez;;;;;;Mirko Hernandez;
14406899;22/09/2026 07:34:07;3;2;0001  216060-1;06;CAMION MIE 2;2090990;"AB08    ";"ABELSON S.A.                                      ";GAONA 3326;951545;"20-172         ";20-172 - COCINA MESADA MONOC. COLORS NEGRO;10;10;10;23577922;210926215150731;185009157;;;;07/28/2031 00:00:00;4;14068529;22/09/2026 06:51:50;Mirko;Hernandez;;;;;;Mirko Hernandez;
14406899;22/09/2026 07:34:07;3;2;0001  216060-1;06;CAMION MIE 2;2090990;"AB08    ";"ABELSON S.A.                                      ";GAONA 3326;952724;"61-200G        ";61-200G - LAVATORIO MONOC ALTO GOLD FABRIC;5;5;5;23577928;210926215223513;184845034;;;;07/27/2031 00:00:00;5;14068533;22/09/2026 06:52:23;Mirko;Hernandez;;;;;;Mirko Hernandez;
14406899;22/09/2026 07:34:07;3;2;0001  216060-1;06;CAMION MIE 2;2090990;"AB08    ";"ABELSON S.A.                                      ";GAONA 3326;952714;"61-180         ";61-180 - LAVATORIO MONOCOMANDO ALTO VERA;5;5;5;23577943;210926215329498;184843871;;;;07/28/2031 00:00:00;5;14068541;22/09/2026 06:53:29;Mirko;Hernandez;;;;;;Mirko Hernandez;
14406899;22/09/2026 07:34:07;3;2;0001  216060-1;06;CAMION MIE 2;2090990;"AB08    ";"ABELSON S.A.                                      ";GAONA 3326;951539;"20-168         ";20-168 - MONOCOMANDO COCINA CR WAVE;3;3;3;23577947;210926215423316;184851178;;;;07/27/2031 00:00:00;3;14068544;22/09/2026 06:54:23;Mirko;Hernandez;;;;;;Mirko Hernandez;
14406899;22/09/2026 07:34:07;3;2;0001  216060-1;06;CAMION MIE 2;2090990;"AB08    ";"ABELSON S.A.                                      ";GAONA 3326;951297;"17020G         ";17020G - TOALLERO DE ARO LINEA FABRIC GOLD;10;10;10;23577960;210926215554954;184847080;;;;07/29/2031 00:00:00;10;14068552;22/09/2026 06:55:54;Mirko;Hernandez;;;;;;Mirko Hernandez;
14406899;22/09/2026 07:34:07;3;2;0001  216060-1;06;CAMION MIE 2;2090990;"AB08    ";"ABELSON S.A.                                      ";GAONA 3326;953102;"80-152         ";80-152 - DUCHA EMB. CR C/TRANSF. MONOCOMANDO SORIA;3;3;3;23577969;210926215629073;184841613;;;;10/26/2031 00:00:00;3;14068556;22/09/2026 06:56:29;Mirko;Hernandez;;;;;;Mirko Hernandez;
14406899;22/09/2026 07:34:07;3;2;0001  216060-1;06;CAMION MIE 2;2090990;"AB08    ";"ABELSON S.A.                                      ";GAONA 3326;952725;"61-200N        ";61-200N - LAVATORIO MONOC ALTO FABRIC BLACK;3;3;3;23577995;210926215725700;184848689;;;;07/28/2031 00:00:00;3;14068563;22/09/2026 06:57:25;Mirko;Hernandez;;;;;;Mirko Hernandez;
14406899;22/09/2026 07:34:07;3;2;0001  216060-1;06;CAMION MIE 2;2090990;"AB08    ";"ABELSON S.A.                                      ";GAONA 3326;951565;"20-205         ";20-205 - MONOCOMANDO DE COCINA STEEL;25;25;25;23578007;210926215817295;185009671;;;;07/28/2031 00:00:00;5;14068571;22/09/2026 06:58:17;Mirko;Hernandez;;;;;;Mirko Hernandez;
14406899;22/09/2026 07:34:07;3;2;0001  216060-1;06;CAMION MIE 2;2090990;"AB08    ";"ABELSON S.A.                                      ";GAONA 3326;952712;"61-176         ";61-176 - LAVATORIO MONOC ALTO CR RIO;15;15;15;23578013;210926215900692;185009722;;;;10/11/2031 00:00:00;3;14068578;22/09/2026 06:59:00;Mirko;Hernandez;;;;;;Mirko Hernandez;
14406899;22/09/2026 07:34:07;3;2;0001  216060-1;06;CAMION MIE 2;2090990;"AB08    ";"ABELSON S.A.                                      ";GAONA 3326;952915;"70-168         ";70-168 - BIDE MONOC CR WAVE;5;5;5;23578026;210926220005857;184850477;;;;01/18/2032 00:00:00;5;14068584;22/09/2026 07:00:05;Mirko;Hernandez;;;;;;Mirko Hernandez;
14406899;22/09/2026 07:34:07;3;2;0001  216060-1;06;CAMION MIE 2;2090990;"AB08    ";"ABELSON S.A.                                      ";GAONA 3326;952954;"70-203         ";70-203 - BIDE MONOCOMANDO ADRA;3;3;3;23578050;210926220117443;184863001;;;;07/30/2031 00:00:00;3;14068593;22/09/2026 07:01:17;Mirko;Hernandez;;;;;;Mirko Hernandez;
14406899;22/09/2026 07:34:07;3;2;0001  216060-1;06;CAMION MIE 2;2090990;"AB08    ";"ABELSON S.A.                                      ";GAONA 3326;952928;"70-180         ";70-180 - BIDE MONOCOMANDO C/TRANSF. VERA;10;10;10;23578050;210926220117443;185009867;;;;07/27/2031 00:00:00;4;14068593;22/09/2026 07:01:17;Mirko;Hernandez;;;;;;Mirko Hernandez;
14406899;22/09/2026 07:34:07;3;2;0001  216060-1;06;CAMION MIE 2;2090990;"AB08    ";"ABELSON S.A.                                      ";GAONA 3326;952896;"70-133         ";70-133 - BIDE MONOCOMANDO LUGO;3;3;3;23578050;210926220117443;185009866;;;;07/27/2031 00:00:00;1;14068593;22/09/2026 07:01:17;Mirko;Hernandez;;;;;;Mirko Hernandez;
14406899;22/09/2026 07:34:07;3;2;0001  216060-1;06;CAMION MIE 2;2090990;"AB08    ";"ABELSON S.A.                                      ";GAONA 3326;952896;"70-133         ";70-133 - BIDE MONOCOMANDO LUGO;3;3;3;23578109;210926220343903;184836529;;;;07/27/2031 00:00:00;2;14068612;22/09/2026 07:03:43;Mirko;Hernandez;;;;;;Mirko Hernandez;
14406899;22/09/2026 07:34:07;3;2;0001  216060-1;06;CAMION MIE 2;2090990;"AB08    ";"ABELSON S.A.                                      ";GAONA 3326;952950;"70-200G        ";70-200G - BIDE MONOCOMANDO GOLD FABRIC;3;3;3;23578109;210926220343903;184845704;;;;07/27/2031 00:00:00;3;14068612;22/09/2026 07:03:43;Mirko;Hernandez;;;;;;Mirko Hernandez;
14406899;22/09/2026 07:34:07;3;2;0001  216060-1;06;CAMION MIE 2;2090990;"AB08    ";"ABELSON S.A.                                      ";GAONA 3326;952647;"60-176         ";"LAVATORIO MONOCOMANDO BAJO CR RIO                                     ";20;20;20;23578109;210926220343903;185010025;;;;10/11/2031 00:00:00;1;14068612;22/09/2026 07:03:43;Mirko;Hernandez;;;;;;Mirko Hernandez;
14406899;22/09/2026 07:34:07;3;2;0001  216060-1;06;CAMION MIE 2;2090990;"AB08    ";"ABELSON S.A.                                      ";GAONA 3326;953159;"80-203P        ";80-203P - DUCHA EMB C/TRANSF. MONOCOMANDO ADRA PLUS;3;3;3;23578114;210926220403244;184863240;;;;07/28/2031 00:00:00;3;14068613;22/09/2026 07:04:03;Mirko;Hernandez;;;;;;Mirko Hernandez;
14406899;22/09/2026 07:34:07;3;2;0001  216060-1;06;CAMION MIE 2;2090990;"AB08    ";"ABELSON S.A.                                      ";GAONA 3326;951833;"30-132         ";30-132 - COCINA MESADA MONOC. C/DUCHADOR EXTENSIBLE VIGO;6;6;6;23578157;210926220539880;185010244;;;;10/07/2031 00:00:00;1;14068620;22/09/2026 07:05:39;Mirko;Hernandez;;;;;;Mirko Hernandez;
14406899;22/09/2026 07:34:07;3;2;0001  216060-1;06;CAMION MIE 2;2090990;"AB08    ";"ABELSON S.A.                                      ";GAONA 3326;952618;"60-133         ";60-133 - LAVATORIO MONOCOMANDO LUGO;10;10;10;23578157;210926220539880;185010245;;;;07/29/2031 00:00:00;4;14068620;22/09/2026 07:05:39;Mirko;Hernandez;;;;;;Mirko Hernandez;
14406899;22/09/2026 07:34:07;3;2;0001  216060-1;06;CAMION MIE 2;2090990;"AB08    ";"ABELSON S.A.                                      ";GAONA 3326;952647;"60-176         ";"LAVATORIO MONOCOMANDO BAJO CR RIO                                     ";20;20;20;23578157;210926220539880;185010246;;;;10/11/2031 00:00:00;1;14068620;22/09/2026 07:05:39;Mirko;Hernandez;;;;;;Mirko Hernandez;
14406899;22/09/2026 07:34:07;3;2;0001  216060-1;06;CAMION MIE 2;2090990;"AB08    ";"ABELSON S.A.                                      ";GAONA 3326;953316;"83-176         ";83-176 - DUCHA EXT. C/TRANSF. MONOC CR RIO;3;3;3;23578163;210926220618116;184840996;;;;07/28/2031 00:00:00;3;14068624;22/09/2026 07:06:18;Mirko;Hernandez;;;;;;Mirko Hernandez;
14406899;22/09/2026 07:34:07;3;2;0001  216060-1;06;CAMION MIE 2;2090990;"AB08    ";"ABELSON S.A.                                      ";GAONA 3326;952498;"54-130         ";54-130 - MONOCOMANDO COCINA PARED EXT BILBAO;5;5;5;23578215;210926220727726;184856049;;;;07/27/2031 00:00:00;5;14068634;22/09/2026 07:07:27;Mirko;Hernandez;;;;;;Mirko Hernandez;
14406899;22/09/2026 07:34:07;3;2;0001  216060-1;06;CAMION MIE 2;2090990;"AB08    ";"ABELSON S.A.                                      ";GAONA 3326;953312;"83-133         ";83-133 - DUCHA EXT. C/TRANSF. MONOCOMANDO LUGO;5;5;5;23578248;210926220836461;184862105;;;;09/03/2031 00:00:00;5;14068646;22/09/2026 07:08:36;Mirko;Hernandez;;;;;;Mirko Hernandez;
14406899;22/09/2026 07:34:07;3;2;0001  216060-1;06;CAMION MIE 2;2090990;"AB08    ";"ABELSON S.A.                                      ";GAONA 3326;951260;"16010          ";16010 - TOALLERO BARRAL LINEA 16000;3;3;3;23578361;210926221326455;184882993;;;;07/31/2031 00:00:00;3;14068687;22/09/2026 07:13:26;Mirko;Hernandez;;;;;;Mirko Hernandez;
14406899;22/09/2026 07:34:07;3;2;0001  216060-1;06;CAMION MIE 2;2090990;"AB08    ";"ABELSON S.A.                                      ";GAONA 3326;951264;"16040          ";16040 - PORTA ROLLO ACCESORIOS LINEA 16000;3;3;3;23578361;210926221326455;184882472;;;;07/27/2031 00:00:00;3;14068687;22/09/2026 07:13:26;Mirko;Hernandez;;;;;;Mirko Hernandez;
14406899;22/09/2026 07:34:07;3;2;0001  216060-1;06;CAMION MIE 2;2090990;"AB08    ";"ABELSON S.A.                                      ";GAONA 3326;951265;"16040BL        ";16040BL - PORTA ROLLO ACCESORIOS LINEA 16000 BLACK;5;5;5;23578361;210926221326455;184883137;;;;07/31/2031 00:00:00;5;14068687;22/09/2026 07:13:26;Mirko;Hernandez;;;;;;Mirko Hernandez;
14406899;22/09/2026 07:34:07;3;2;0001  216060-1;06;CAMION MIE 2;2090990;"AB08    ";"ABELSON S.A.                                      ";GAONA 3326;951512;"20-122         ";"MONOCOMANDO COCINA CR C/PICO EXTRAIBLE VALENCIA                       ";30;30;30;23578425;210926221626992;185011836;;;;08/06/2031 00:00:00;6;14068716;22/09/2026 07:16:27;Mirko;Hernandez;;;;;;Mirko Hernandez;
14406899;22/09/2026 07:34:07;3;2;0001  216060-1;06;CAMION MIE 2;2090990;"AB08    ";"ABELSON S.A.                                      ";GAONA 3326;951512;"20-122         ";"MONOCOMANDO COCINA CR C/PICO EXTRAIBLE VALENCIA                       ";30;30;30;23578428;210926221639372;185011864;;;;08/06/2031 00:00:00;6;14068718;22/09/2026 07:16:39;Mirko;Hernandez;;;;;;Mirko Hernandez;
14406899;22/09/2026 07:34:07;3;2;0001  216060-1;06;CAMION MIE 2;2090990;"AB08    ";"ABELSON S.A.                                      ";GAONA 3326;951512;"20-122         ";"MONOCOMANDO COCINA CR C/PICO EXTRAIBLE VALENCIA                       ";30;30;30;23578433;210926221651696;185011926;;;;08/06/2031 00:00:00;6;14068722;22/09/2026 07:16:51;Mirko;Hernandez;;;;;;Mirko Hernandez;
14406899;22/09/2026 07:34:07;3;2;0001  216060-1;06;CAMION MIE 2;2090990;"AB08    ";"ABELSON S.A.                                      ";GAONA 3326;951512;"20-122         ";"MONOCOMANDO COCINA CR C/PICO EXTRAIBLE VALENCIA                       ";30;30;30;23578435;210926221702962;185011963;;;;08/06/2031 00:00:00;6;14068726;22/09/2026 07:17:02;Mirko;Hernandez;;;;;;Mirko Hernandez;
14406899;22/09/2026 07:34:07;3;2;0001  216060-1;06;CAMION MIE 2;2090990;"AB08    ";"ABELSON S.A.                                      ";GAONA 3326;951512;"20-122         ";"MONOCOMANDO COCINA CR C/PICO EXTRAIBLE VALENCIA                       ";30;30;30;23578443;210926221722832;184835987;;;;08/06/2031 00:00:00;6;14068729;22/09/2026 07:17:22;Mirko;Hernandez;;;;;;Mirko Hernandez;
14406899;22/09/2026 07:34:07;3;2;0001  216060-1;06;CAMION MIE 2;2090990;"AB08    ";"ABELSON S.A.                                      ";GAONA 3326;951545;"20-172         ";20-172 - COCINA MESADA MONOC. COLORS NEGRO;10;10;10;23578463;210926221811834;184853247;;;;07/28/2031 00:00:00;6;14068739;22/09/2026 07:18:11;Mirko;Hernandez;;;;;;Mirko Hernandez;
14406899;22/09/2026 07:34:07;3;2;0001  216060-1;06;CAMION MIE 2;2090990;"AB08    ";"ABELSON S.A.                                      ";GAONA 3326;952712;"61-176         ";61-176 - LAVATORIO MONOC ALTO CR RIO;15;15;15;23578474;210926221839976;185012236;;;;10/11/2031 00:00:00;6;14068746;22/09/2026 07:18:39;Mirko;Hernandez;;;;;;Mirko Hernandez;
14406899;22/09/2026 07:34:07;3;2;0001  216060-1;06;CAMION MIE 2;2090990;"AB08    ";"ABELSON S.A.                                      ";GAONA 3326;952712;"61-176         ";61-176 - LAVATORIO MONOC ALTO CR RIO;15;15;15;23578478;210926221857976;184840163;;;;10/11/2031 00:00:00;6;14068748;22/09/2026 07:18:57;Mirko;Hernandez;;;;;;Mirko Hernandez;
14406899;22/09/2026 07:34:07;3;2;0001  216060-1;06;CAMION MIE 2;2090990;"AB08    ";"ABELSON S.A.                                      ";GAONA 3326;952618;"60-133         ";60-133 - LAVATORIO MONOCOMANDO LUGO;10;10;10;23578495;210926221921343;184861476;;;;07/29/2031 00:00:00;6;14068753;22/09/2026 07:19:21;Mirko;Hernandez;;;;;;Mirko Hernandez;
14406899;22/09/2026 07:34:07;3;2;0001  216060-1;06;CAMION MIE 2;2090990;"AB08    ";"ABELSON S.A.                                      ";GAONA 3326;952928;"70-180         ";70-180 - BIDE MONOCOMANDO C/TRANSF. VERA;10;10;10;23578502;210926221944127;184842918;;;;07/27/2031 00:00:00;6;14068756;22/09/2026 07:19:44;Mirko;Hernandez;;;;;;Mirko Hernandez;
14406899;22/09/2026 07:34:07;3;2;0001  216060-1;06;CAMION MIE 2;2090990;"AB08    ";"ABELSON S.A.                                      ";GAONA 3326;952647;"60-176         ";"LAVATORIO MONOCOMANDO BAJO CR RIO                                     ";20;20;20;23578505;210926222000977;185012489;;;;10/11/2031 00:00:00;6;14068760;22/09/2026 07:20:00;Mirko;Hernandez;;;;;;Mirko Hernandez;
14406899;22/09/2026 07:34:07;3;2;0001  216060-1;06;CAMION MIE 2;2090990;"AB08    ";"ABELSON S.A.                                      ";GAONA 3326;952647;"60-176         ";"LAVATORIO MONOCOMANDO BAJO CR RIO                                     ";20;20;20;23578559;210926222051501;185012628;;;;10/11/2031 00:00:00;6;14068767;22/09/2026 07:20:51;Mirko;Hernandez;;;;;;Mirko Hernandez;
14406899;22/09/2026 07:34:07;3;2;0001  216060-1;06;CAMION MIE 2;2090990;"AB08    ";"ABELSON S.A.                                      ";GAONA 3326;952647;"60-176         ";"LAVATORIO MONOCOMANDO BAJO CR RIO                                     ";20;20;20;23578564;210926222106441;184829324;;;;10/11/2031 00:00:00;6;14068773;22/09/2026 07:21:06;Mirko;Hernandez;;;;;;Mirko Hernandez;
14406899;22/09/2026 07:34:07;3;2;0001  216060-1;06;CAMION MIE 2;2090990;"AB08    ";"ABELSON S.A.                                      ";GAONA 3326;951532;"20-147         ";20-147 - MONOCOMANDO DE COCINA SWIFT;30;30;30;23578610;210926222247268;185012975;;;;08/04/2031 00:00:00;10;14068790;22/09/2026 07:22:47;Mirko;Hernandez;;;;;;Mirko Hernandez;
14406899;22/09/2026 07:34:07;3;2;0001  216060-1;06;CAMION MIE 2;2090990;"AB08    ";"ABELSON S.A.                                      ";GAONA 3326;951565;"20-205         ";20-205 - MONOCOMANDO DE COCINA STEEL;25;25;25;23578637;210926222357514;185013174;;;;07/28/2031 00:00:00;10;14068803;22/09/2026 07:23:57;Mirko;Hernandez;;;;;;Mirko Hernandez;
14406899;22/09/2026 07:34:07;3;2;0001  216060-1;06;CAMION MIE 2;2090990;"AB08    ";"ABELSON S.A.                                      ";GAONA 3326;951565;"20-205         ";20-205 - MONOCOMANDO DE COCINA STEEL;25;25;25;23578647;210926222416504;184838638;;;;07/28/2031 00:00:00;10;14068806;22/09/2026 07:24:16;Mirko;Hernandez;;;;;;Mirko Hernandez;
14406899;22/09/2026 07:34:07;3;2;0001  216060-1;06;CAMION MIE 2;2090990;"AB08    ";"ABELSON S.A.                                      ";GAONA 3326;951532;"20-147         ";20-147 - MONOCOMANDO DE COCINA SWIFT;30;30;30;23578684;210926222516676;185013389;;;;08/04/2031 00:00:00;10;14068816;22/09/2026 07:25:16;Mirko;Hernandez;;;;;;Mirko Hernandez;
14406899;22/09/2026 07:34:07;3;2;0001  216060-1;06;CAMION MIE 2;2090990;"AB08    ";"ABELSON S.A.                                      ";GAONA 3326;951532;"20-147         ";20-147 - MONOCOMANDO DE COCINA SWIFT;30;30;30;23578692;210926222539551;184833879;;;;08/04/2031 00:00:00;10;14068825;22/09/2026 07:25:39;Mirko;Hernandez;;;;;;Mirko Hernandez;
14406899;22/09/2026 07:34:07;3;2;0001  216060-1;06;CAMION MIE 2;2090990;"AB08    ";"ABELSON S.A.                                      ";GAONA 3326;951531;"20-146N        ";20-146N - MONOCOMANDO DE COCINA BLACK LINEA MOVE;18;18;18;23578734;210926222758625;185013915;;;;07/30/2031 00:00:00;6;14068847;22/09/2026 07:27:58;Mirko;Hernandez;;;;;;Mirko Hernandez;
14406899;22/09/2026 07:34:07;3;2;0001  216060-1;06;CAMION MIE 2;2090990;"AB08    ";"ABELSON S.A.                                      ";GAONA 3326;951531;"20-146N        ";20-146N - MONOCOMANDO DE COCINA BLACK LINEA MOVE;18;18;18;23578739;210926222810293;185013946;;;;07/30/2031 00:00:00;6;14068850;22/09/2026 07:28:10;Mirko;Hernandez;;;;;;Mirko Hernandez;
14406899;22/09/2026 07:34:07;3;2;0001  216060-1;06;CAMION MIE 2;2090990;"AB08    ";"ABELSON S.A.                                      ";GAONA 3326;951530;"20-146         ";20-146 - MONOCOMANDO DE COCINA CR LINEA MOVE;30;30;30;23578744;210926222823019;185013990;;;;11/23/2031 00:00:00;6;14068852;22/09/2026 07:28:23;Mirko;Hernandez;;;;;;Mirko Hernandez;
14406899;22/09/2026 07:34:07;3;2;0001  216060-1;06;CAMION MIE 2;2090990;"AB08    ";"ABELSON S.A.                                      ";GAONA 3326;951530;"20-146         ";20-146 - MONOCOMANDO DE COCINA CR LINEA MOVE;30;30;30;23578747;210926222833705;185014016;;;;11/23/2031 00:00:00;6;14068854;22/09/2026 07:28:33;Mirko;Hernandez;;;;;;Mirko Hernandez;
14406899;22/09/2026 07:34:07;3;2;0001  216060-1;06;CAMION MIE 2;2090990;"AB08    ";"ABELSON S.A.                                      ";GAONA 3326;951513;"20-122N        ";20-122N - MONOCOMANDO COCINA C/PICO EXTRAIBLE VALENCIA BLACK;24;24;24;23578751;210926222846806;185014072;;;;09/13/2031 00:00:00;6;14068856;22/09/2026 07:28:46;Mirko;Hernandez;;;;;;Mirko Hernandez;
14406899;22/09/2026 07:34:07;3;2;0001  216060-1;06;CAMION MIE 2;2090990;"AB08    ";"ABELSON S.A.                                      ";GAONA 3326;951513;"20-122N        ";20-122N - MONOCOMANDO COCINA C/PICO EXTRAIBLE VALENCIA BLACK;24;24;24;23578756;210926222855405;185014093;;;;09/13/2031 00:00:00;6;14068858;22/09/2026 07:28:55;Mirko;Hernandez;;;;;;Mirko Hernandez;
14406899;22/09/2026 07:34:07;3;2;0001  216060-1;06;CAMION MIE 2;2090990;"AB08    ";"ABELSON S.A.                                      ";GAONA 3326;951531;"20-146N        ";20-146N - MONOCOMANDO DE COCINA BLACK LINEA MOVE;18;18;18;23578772;210926222934699;184880558;;;;07/30/2031 00:00:00;6;14068864;22/09/2026 07:29:34;Mirko;Hernandez;;;;;;Mirko Hernandez;
14406899;22/09/2026 07:34:07;3;2;0001  216060-1;06;CAMION MIE 2;2090990;"AB08    ";"ABELSON S.A.                                      ";GAONA 3326;951530;"20-146         ";20-146 - MONOCOMANDO DE COCINA CR LINEA MOVE;30;30;30;23578775;210926222945285;185014242;;;;11/23/2031 00:00:00;6;14068867;22/09/2026 07:29:45;Mirko;Hernandez;;;;;;Mirko Hernandez;
14406899;22/09/2026 07:34:07;3;2;0001  216060-1;06;CAMION MIE 2;2090990;"AB08    ";"ABELSON S.A.                                      ";GAONA 3326;951523;"20-134         ";20-134 - MONOCOMANDO COCINA BETIS;30;30;30;23578785;210926223005918;185014296;;;;08/11/2031 00:00:00;6;14068869;22/09/2026 07:30:05;Mirko;Hernandez;;;;;;Mirko Hernandez;
14406899;22/09/2026 07:34:07;3;2;0001  216060-1;06;CAMION MIE 2;2090990;"AB08    ";"ABELSON S.A.                                      ";GAONA 3326;951513;"20-122N        ";20-122N - MONOCOMANDO COCINA C/PICO EXTRAIBLE VALENCIA BLACK;24;24;24;23578792;210926223014192;185014323;;;;09/13/2031 00:00:00;6;14068872;22/09/2026 07:30:14;Mirko;Hernandez;;;;;;Mirko Hernandez;
14406899;22/09/2026 07:34:07;3;2;0001  216060-1;06;CAMION MIE 2;2090990;"AB08    ";"ABELSON S.A.                                      ";GAONA 3326;951513;"20-122N        ";20-122N - MONOCOMANDO COCINA C/PICO EXTRAIBLE VALENCIA BLACK;24;24;24;23578802;210926223027004;184881263;;;;09/13/2031 00:00:00;6;14068876;22/09/2026 07:30:27;Mirko;Hernandez;;;;;;Mirko Hernandez;
14406899;22/09/2026 07:34:07;3;2;0001  216060-1;06;CAMION MIE 2;2090990;"AB08    ";"ABELSON S.A.                                      ";GAONA 3326;951530;"20-146         ";20-146 - MONOCOMANDO DE COCINA CR LINEA MOVE;30;30;30;23578809;210926223035621;185014376;;;;11/23/2031 00:00:00;6;14068877;22/09/2026 07:30:35;Mirko;Hernandez;;;;;;Mirko Hernandez;
14406899;22/09/2026 07:34:07;3;2;0001  216060-1;06;CAMION MIE 2;2090990;"AB08    ";"ABELSON S.A.                                      ";GAONA 3326;951523;"20-134         ";20-134 - MONOCOMANDO COCINA BETIS;30;30;30;23578815;210926223047927;185014406;;;;08/11/2031 00:00:00;4;14068879;22/09/2026 07:30:47;Mirko;Hernandez;;;;;;Mirko Hernandez;
14406899;22/09/2026 07:34:07;3;2;0001  216060-1;06;CAMION MIE 2;2090990;"AB08    ";"ABELSON S.A.                                      ";GAONA 3326;951523;"20-134         ";20-134 - MONOCOMANDO COCINA BETIS;30;30;30;23578842;210926223151769;185014599;;;;08/11/2031 00:00:00;5;14068892;22/09/2026 07:31:51;Mirko;Hernandez;;;;;;Mirko Hernandez;
14406899;22/09/2026 07:34:07;3;2;0001  216060-1;06;CAMION MIE 2;2090990;"AB08    ";"ABELSON S.A.                                      ";GAONA 3326;951523;"20-134         ";20-134 - MONOCOMANDO COCINA BETIS;30;30;30;23578865;210926223243518;185014743;;;;08/11/2031 00:00:00;5;14068907;22/09/2026 07:32:43;Mirko;Hernandez;;;;;;Mirko Hernandez;
14406899;22/09/2026 07:34:07;3;2;0001  216060-1;06;CAMION MIE 2;2090990;"AB08    ";"ABELSON S.A.                                      ";GAONA 3326;951523;"20-134         ";20-134 - MONOCOMANDO COCINA BETIS;30;30;30;23578872;210926223258978;185014789;;;;08/11/2031 00:00:00;5;14068910;22/09/2026 07:32:58;Mirko;Hernandez;;;;;;Mirko Hernandez;
14406899;22/09/2026 07:34:07;3;2;0001  216060-1;06;CAMION MIE 2;2090990;"AB08    ";"ABELSON S.A.                                      ";GAONA 3326;951523;"20-134         ";20-134 - MONOCOMANDO COCINA BETIS;30;30;30;23578878;210926223307095;184859251;;;;08/11/2031 00:00:00;5;14068913;22/09/2026 07:33:07;Mirko;Hernandez;;;;;;Mirko Hernandez;
14406899;22/09/2026 07:34:07;3;2;0001  216060-1;06;CAMION MIE 2;2090990;"AB08    ";"ABELSON S.A.                                      ";GAONA 3326;951530;"20-146         ";20-146 - MONOCOMANDO DE COCINA CR LINEA MOVE;30;30;30;23578887;210926223326348;184880125;;;;11/23/2031 00:00:00;6;14068921;22/09/2026 07:33:26;Mirko;Hernandez;;;;;;Mirko Hernandez;
14406899;22/09/2026 07:34:07;3;2;0001  216060-1;06;CAMION MIE 2;2090990;"AB08    ";"ABELSON S.A.                                      ";GAONA 3326;951301;"17030N         ";17030N - PERCHA LINEA FABRIC BLACK;10;10;10;23578892;210926223335943;184860005;;;;07/28/2031 00:00:00;10;14068922;22/09/2026 07:33:35;Mirko;Hernandez;;;;;;Mirko Hernandez;
14406899;22/09/2026 07:34:07;3;2;0001  216060-1;06;CAMION MIE 2;2090990;"AB08    ";"ABELSON S.A.                                      ";GAONA 3326;951833;"30-132         ";30-132 - COCINA MESADA MONOC. C/DUCHADOR EXTENSIBLE VIGO;6;6;6;23578917;210926223344283;184882049;;;;10/07/2031 00:00:00;5;14068925;22/09/2026 07:33:44;Mirko;Hernandez;;;;;;Mirko Hernandez;
14406900;22/09/2026 09:04:23;3;2;0001  214642-3;06;CAMION MIE 2;2093378;"MC28    ";"MI CASA Y YO S.A.                                 ";SEGUROLA 650;951328;"19040          ";19040 - PORTA ROLLO LINEA 19000;2;2;2;23565452;220926090423659;184926600;;;;03/10/2032 00:00:00;2;14070768;22/09/2026 09:04:23;Gustavo;Soderquvist;24836521;21/09/2026 14:59:59;6866;Alejandro;Dure;Gustavo Soderquvist;Alejandro Dure
14406901;22/09/2026 11:04:42;3;2;0008    2959-1;06;CAMION MIE 2;2094662;"SS41    ";"SANITARIOS SANJUAN S.R.L.                         ";SANABRIA 2978;951975;"3040           ";3040 - PORTA ROLLO LINEA 3000;8;8;8;23560702;220926014610551;184879201;;;;07/27/2031 00:00:00;8;14073567;22/09/2026 10:46:10;Mirko;Hernandez;24829982;21/09/2026 13:54:12;7310;Maximiliano;Nievas;Mirko Hernandez;Maximiliano Nievas
14406901;22/09/2026 11:04:42;3;2;0008    2959-1;06;CAMION MIE 2;2094662;"SS41    ";"SANITARIOS SANJUAN S.R.L.                         ";SANABRIA 2978;951983;"3050           ";3050 - JABONERA LINEA 3000;4;4;4;23560702;220926014610551;184879615;;;;07/27/2031 00:00:00;4;14073567;22/09/2026 10:46:10;Mirko;Hernandez;24829982;21/09/2026 13:54:12;7310;Maximiliano;Nievas;Mirko Hernandez;Maximiliano Nievas
14406901;22/09/2026 11:04:42;3;2;0008    2959-1;06;CAMION MIE 2;2094662;"SS41    ";"SANITARIOS SANJUAN S.R.L.                         ";SANABRIA 2978;954918;"BCH16          ";BCH16 - BACHA DE APOYAR BLANCA 610x457x254 C/DESAGOTE Y REJILLA;3;3;3;23564306;220926014759072;184904689;;;;01/06/2032 00:00:00;1;14073830;22/09/2026 10:47:59;Mirko;Hernandez;24835293;21/09/2026 14:27:26;7310;Maximiliano;Nievas;Mirko Hernandez;Maximiliano Nievas
14406901;22/09/2026 11:04:42;3;2;0008    2959-1;06;CAMION MIE 2;2094662;"SS41    ";"SANITARIOS SANJUAN S.R.L.                         ";SANABRIA 2978;953110;"80-166N        ";80-166N - DUCHA EMB. C/TRANSF. BLACK C.CERAM ADRA PLUS;4;4;4;23564373;220926020442398;184910607;;;;01/12/2032 00:00:00;1;14073875;22/09/2026 11:04:42;Mirko;Hernandez;24835343;21/09/2026 14:25:57;7636;Kevin;Arce;Mirko Hernandez;Kevin Arce
14406901;22/09/2026 11:04:42;3;2;0008    2959-1;06;CAMION MIE 2;2094662;"SS41    ";"SANITARIOS SANJUAN S.R.L.                         ";SANABRIA 2978;953354;"85-201NI       ";85-201NI - DUCHA EMB C/TRANSF Y DUCHADOR C.CERAM BEAT NICKEL;1;1;1;23564373;220926020442398;184908197;;;;02/10/2032 00:00:00;1;14073875;22/09/2026 11:04:42;Mirko;Hernandez;24835343;21/09/2026 14:25:57;7636;Kevin;Arce;Mirko Hernandez;Kevin Arce
14406901;22/09/2026 11:04:42;3;2;0008    2959-1;06;CAMION MIE 2;2094662;"SS41    ";"SANITARIOS SANJUAN S.R.L.                         ";SANABRIA 2978;951530;"20-146         ";20-146 - MONOCOMANDO DE COCINA CR LINEA MOVE;3;3;3;23587761;220926013954997;184896220;;;;11/23/2031 00:00:00;3;14073596;22/09/2026 10:39:55;Mirko;Hernandez;;;;;;Mirko Hernandez;
14406901;22/09/2026 11:04:42;3;2;0008    2959-1;06;CAMION MIE 2;2094662;"SS41    ";"SANITARIOS SANJUAN S.R.L.                         ";SANABRIA 2978;951531;"20-146N        ";20-146N - MONOCOMANDO DE COCINA BLACK LINEA MOVE;2;2;2;23587761;220926013954997;184895815;;;;07/30/2031 00:00:00;2;14073596;22/09/2026 10:39:55;Mirko;Hernandez;;;;;;Mirko Hernandez;
14406901;22/09/2026 11:04:42;3;2;0008    2959-1;06;CAMION MIE 2;2094662;"SS41    ";"SANITARIOS SANJUAN S.R.L.                         ";SANABRIA 2978;952955;"70-203N        ";"BIDE MONOCOMANDO ADRA BLACK                                           ";1;1;1;23587841;220926014109595;184893804;;;;07/27/2031 00:00:00;1;14073653;22/09/2026 10:41:09;Mirko;Hernandez;;;;;;Mirko Hernandez;
14406901;22/09/2026 11:04:42;3;2;0008    2959-1;06;CAMION MIE 2;2094662;"SS41    ";"SANITARIOS SANJUAN S.R.L.                         ";SANABRIA 2978;953331;"84-190         ";84-190 - DUCHA EXTERIOR CON COLUMNA BLACK VELVET;1;1;1;23587841;220926014109595;184879869;;;;10/06/2031 00:00:00;1;14073653;22/09/2026 10:41:09;Mirko;Hernandez;;;;;;Mirko Hernandez;
14406901;22/09/2026 11:04:42;3;2;0008    2959-1;06;CAMION MIE 2;2094662;"SS41    ";"SANITARIOS SANJUAN S.R.L.                         ";SANABRIA 2978;951833;"30-132         ";30-132 - COCINA MESADA MONOC. C/DUCHADOR EXTENSIBLE VIGO;1;1;1;23587841;220926014109595;184880185;;;;10/07/2031 00:00:00;1;14073653;22/09/2026 10:41:09;Mirko;Hernandez;;;;;;Mirko Hernandez;
14406901;22/09/2026 11:04:42;3;2;0008    2959-1;06;CAMION MIE 2;2094662;"SS41    ";"SANITARIOS SANJUAN S.R.L.                         ";SANABRIA 2978;952499;"54-203         ";"COCINA PARED EXT C.CERAM ADRA MONOCOMANDO                             ";4;4;4;23587920;220926014218184;184897502;;;;02/18/2032 00:00:00;4;14073681;22/09/2026 10:42:18;Mirko;Hernandez;;;;;;Mirko Hernandez;
14406901;22/09/2026 11:04:42;3;2;0008    2959-1;06;CAMION MIE 2;2094662;"SS41    ";"SANITARIOS SANJUAN S.R.L.                         ";SANABRIA 2978;951553;"20-184         ";"MONOCOMANDO DE COCINA CR SUV                                          ";10;10;10;23587961;220926014304074;184880281;;;;10/04/2031 00:00:00;10;14073702;22/09/2026 10:43:04;Mirko;Hernandez;;;;;;Mirko Hernandez;
14406901;22/09/2026 11:04:42;3;2;0008    2959-1;06;CAMION MIE 2;2094662;"SS41    ";"SANITARIOS SANJUAN S.R.L.                         ";SANABRIA 2978;954918;"BCH16          ";BCH16 - BACHA DE APOYAR BLANCA 610x457x254 C/DESAGOTE Y REJILLA;3;3;3;23588237;220926014742965;185076211;;;;01/06/2032 00:00:00;1;14073836;22/09/2026 10:47:42;Mirko;Hernandez;;;;;;Mirko Hernandez;
14406901;22/09/2026 11:04:42;3;2;0008    2959-1;06;CAMION MIE 2;2094662;"SS41    ";"SANITARIOS SANJUAN S.R.L.                         ";SANABRIA 2978;954918;"BCH16          ";BCH16 - BACHA DE APOYAR BLANCA 610x457x254 C/DESAGOTE Y REJILLA;3;3;3;23588258;220926014750114;185076270;;;;01/06/2032 00:00:00;1;14073839;22/09/2026 10:47:50;Mirko;Hernandez;;;;;;Mirko Hernandez;
14406901;22/09/2026 11:04:42;3;2;0008    2959-1;06;CAMION MIE 2;2094662;"SS41    ";"SANITARIOS SANJUAN S.R.L.                         ";SANABRIA 2978;952643;"60-175DG       ";60-175DG - LAVATORIO PULSE DARK GOLD C.CERAM;1;1;1;23588351;220926014927645;184911133;;;;07/31/2031 00:00:00;1;14073893;22/09/2026 10:49:27;Mirko;Hernandez;;;;;;Mirko Hernandez;
14406901;22/09/2026 11:04:42;3;2;0008    2959-1;06;CAMION MIE 2;2094662;"SS41    ";"SANITARIOS SANJUAN S.R.L.                         ";SANABRIA 2978;953110;"80-166N        ";80-166N - DUCHA EMB. C/TRANSF. BLACK C.CERAM ADRA PLUS;4;4;4;23588351;220926014927645;185076927;;;;01/12/2032 00:00:00;3;14073893;22/09/2026 10:49:27;Mirko;Hernandez;;;;;;Mirko Hernandez;
14406901;22/09/2026 11:04:42;3;2;0008    2959-1;06;CAMION MIE 2;2094662;"SS41    ";"SANITARIOS SANJUAN S.R.L.                         ";SANABRIA 2978;952634;"60-162         ";60-162 - LAVATORIO CR C.CERAM LINEA ADRA;10;10;10;23588383;220926014956743;184905706;;;;07/29/2031 00:00:00;10;14073911;22/09/2026 10:49:56;Mirko;Hernandez;;;;;;Mirko Hernandez;
14406901;22/09/2026 11:04:42;3;2;0008    2959-1;06;CAMION MIE 2;2094662;"SS41    ";"SANITARIOS SANJUAN S.R.L.                         ";SANABRIA 2978;955159;"D439           ";D439 - KIT DE DUCHA MANUAL;4;4;4;23588508;220926015234512;184907325;;;;12/16/2031 00:00:00;4;14074006;22/09/2026 10:52:34;Mirko;Hernandez;;;;;;Mirko Hernandez;
14406901;22/09/2026 11:04:42;3;2;0008    2959-1;06;CAMION MIE 2;2094662;"SS41    ";"SANITARIOS SANJUAN S.R.L.                         ";SANABRIA 2978;952912;"70-162         ";70-162 - BIDE CR C.CERAM LINEA ADRA;4;4;4;23588552;220926015323060;184906105;;;;07/29/2031 00:00:00;4;14074028;22/09/2026 10:53:23;Mirko;Hernandez;;;;;;Mirko Hernandez;
14406901;22/09/2026 11:04:42;3;2;0008    2959-1;06;CAMION MIE 2;2094662;"SS41    ";"SANITARIOS SANJUAN S.R.L.                         ";SANABRIA 2978;953324;"835            ";835 - JGO.MDA. P.FUNDIDO CR MURCIA;4;4;4;23588552;220926015323060;184907919;;;;07/29/2031 00:00:00;4;14074028;22/09/2026 10:53:23;Mirko;Hernandez;;;;;;Mirko Hernandez;
14406901;22/09/2026 11:04:42;3;2;0008    2959-1;06;CAMION MIE 2;2094662;"SS41    ";"SANITARIOS SANJUAN S.R.L.                         ";SANABRIA 2978;952635;"60-162N        ";60-162N - LAVATORIO BLACK C.CERAM LINEA ADRA;2;2;2;23588598;220926015412691;184909409;;;;11/03/2031 00:00:00;2;14074052;22/09/2026 10:54:12;Mirko;Hernandez;;;;;;Mirko Hernandez;
14406901;22/09/2026 11:04:42;3;2;0008    2959-1;06;CAMION MIE 2;2094662;"SS41    ";"SANITARIOS SANJUAN S.R.L.                         ";SANABRIA 2978;952860;"70-057         ";70-057 - BIDE C.STD VERIN PLUS;3;3;3;23588598;220926015412691;184911792;;;;01/31/2032 00:00:00;3;14074052;22/09/2026 10:54:12;Mirko;Hernandez;;;;;;Mirko Hernandez;
14406901;22/09/2026 11:04:42;3;2;0008    2959-1;06;CAMION MIE 2;2094662;"SS41    ";"SANITARIOS SANJUAN S.R.L.                         ";SANABRIA 2978;952913;"70-162N        ";70-162N - BIDE BLACK C.CERAM LINEA ADRA;3;3;3;23588598;220926015412691;184910004;;;;02/16/2032 00:00:00;3;14074052;22/09/2026 10:54:12;Mirko;Hernandez;;;;;;Mirko Hernandez;
14406901;22/09/2026 11:04:42;3;2;0008    2959-1;06;CAMION MIE 2;2094662;"SS41    ";"SANITARIOS SANJUAN S.R.L.                         ";SANABRIA 2978;952449;"51-107         ";51-107 - JGO. MESADA CR C.CERAM BEDIA;4;4;4;23588598;220926015412691;185078883;;;;11/10/2031 00:00:00;2;14074052;22/09/2026 10:54:12;Mirko;Hernandez;;;;;;Mirko Hernandez;
14406901;22/09/2026 11:04:42;3;2;0008    2959-1;06;CAMION MIE 2;2094662;"SS41    ";"SANITARIOS SANJUAN S.R.L.                         ";SANABRIA 2978;953059;"80-057         ";80-057 - DUCHA EMB. C/TRANSF. C.STD VERIN PLUS;3;3;3;23589152;220926020429173;184912125;;;;02/08/2032 00:00:00;3;14074404;22/09/2026 11:04:29;Mirko;Hernandez;;;;;;Mirko Hernandez;
14406901;22/09/2026 11:04:42;3;2;0008    2959-1;06;CAMION MIE 2;2094662;"SS41    ";"SANITARIOS SANJUAN S.R.L.                         ";SANABRIA 2978;952449;"51-107         ";51-107 - JGO. MESADA CR C.CERAM BEDIA;4;4;4;23589152;220926020429173;184909082;;;;11/10/2031 00:00:00;2;14074404;22/09/2026 11:04:29;Mirko;Hernandez;;;;;;Mirko Hernandez;
14406913;21/09/2026 14:03:16;3;2;0001  212874-2;03;CAMIONETA MIE 1;2094325;"SA66    ";"SANITARIOS CAÑUELAS SRL                           ";RUTA 205 Y RIVADAVIA;951316;"18030          ";18030 - PERCHA NIQUEL LINEA BEAT;1;1;1;23551977;210926050315981;184820008;;;;03/10/2032 00:00:00;1;14060533;21/09/2026 14:03:15;Mirko;Hernandez;24823718;21/09/2026 10:10:30;6866;Alejandro;Dure;Mirko Hernandez;Alejandro Dure
14406914;21/09/2026 14:03:45;3;2;0001  214576-2;03;CAMIONETA MIE 1;2094325;"SA66    ";"SANITARIOS CAÑUELAS SRL                           ";RUTA 205 Y RIVADAVIA;951316;"18030          ";18030 - PERCHA NIQUEL LINEA BEAT;1;1;1;23551978;210926050342796;184820065;;;;03/10/2032 00:00:00;1;14060558;21/09/2026 14:03:42;Mirko;Hernandez;24823718;21/09/2026 10:10:30;6866;Alejandro;Dure;Mirko Hernandez;Alejandro Dure
14406938;21/09/2026 14:00:39;3;2;0001  212608-2;03;CAMIONETA MIE 1;2092823;"GT08    ";"GRUPO GOBBI ARIETA S.A.                           ";PUENTE DEL INCA 2050;951328;"19040          ";19040 - PORTA ROLLO LINEA 19000;5;5;5;23551979;210926050038491;184820480;;;;03/10/2032 00:00:00;5;14060405;21/09/2026 14:00:38;Mirko;Hernandez;24823718;21/09/2026 10:10:30;6866;Alejandro;Dure;Mirko Hernandez;Alejandro Dure
14406939;21/09/2026 14:02:43;3;2;0001  214709-2;03;CAMIONETA MIE 1;2092823;"GT08    ";"GRUPO GOBBI ARIETA S.A.                           ";VENEZUELA 2375;951316;"18030          ";18030 - PERCHA NIQUEL LINEA BEAT;2;2;2;23551980;210926050243244;184820105;;;;03/10/2032 00:00:00;2;14060505;21/09/2026 14:02:43;Mirko;Hernandez;24823718;21/09/2026 10:10:30;6866;Alejandro;Dure;Mirko Hernandez;Alejandro Dure
14408010;21/09/2026 15:08:37;3;2;0001  215780-1;10;URGENTES;2092899;"HO05    ";"HOLCIM (ARGENTINA) S.A.                           ";CALLE 75 1949;951526;"20-135B        ";20-135B - MONOCOMANDO COCINA MESADA SANTANDER WHITE;2;2;2;23565877;210926150837555;184923819;;;;07/27/2031 00:00:00;2;14062647;21/09/2026 15:08:37;Maximiliano;Nievas;24837047;21/09/2026 15:02:17;7310;Maximiliano;Nievas;Maximiliano Nievas;Maximiliano Nievas
14408011;21/09/2026 15:18:22;3;2;0001  215781-1;10;URGENTES;2092899;"HO05    ";"HOLCIM (ARGENTINA) S.A.                           ";CALLE 75 1949;951550;"20-182         ";20-182 - MONOCOMANDO DE COCINA MULTIFUNCION CR ZENITH;2;2;2;23565655;210926151821283;184916922;;;;07/30/2031 00:00:00;2;14062902;21/09/2026 15:18:21;Maximiliano;Nievas;24836810;21/09/2026 14:53:16;7807;Nicolas;Perez;Maximiliano Nievas;Nicolas Perez
14408011;21/09/2026 15:18:22;3;2;0001  215781-1;10;URGENTES;2092899;"HO05    ";"HOLCIM (ARGENTINA) S.A.                           ";CALLE 75 1949;951551;"20-182N        ";20-182N - MONOCOMANDO DE COCINA MULTIFUNCION BLACK ZENITH;1;1;1;23565655;210926151821283;184916405;;;;07/30/2031 00:00:00;1;14062902;21/09/2026 15:18:21;Maximiliano;Nievas;24836810;21/09/2026 14:53:16;7807;Nicolas;Perez;Maximiliano Nievas;Nicolas Perez
14408011;21/09/2026 15:18:22;3;2;0001  215781-1;10;URGENTES;2092899;"HO05    ";"HOLCIM (ARGENTINA) S.A.                           ";CALLE 75 1949;951561;"20-201NI       ";20-201NI - COCINA MONOCOMANDO JOYSTICK BEAT NICKEL;3;3;3;23567940;210926151539335;184924074;;;;07/28/2031 00:00:00;3;14062906;21/09/2026 15:15:39;Maximiliano;Nievas;;;;;;Maximiliano Nievas;
14408011;21/09/2026 15:18:22;3;2;0001  215781-1;10;URGENTES;2092899;"HO05    ";"HOLCIM (ARGENTINA) S.A.                           ";CALLE 75 1949;951523;"20-134         ";20-134 - MONOCOMANDO COCINA BETIS;6;6;6;23567987;210926151629889;184934139;;;;08/11/2031 00:00:00;5;14062931;21/09/2026 15:16:29;Maximiliano;Nievas;;;;;;Maximiliano Nievas;
14408011;21/09/2026 15:18:22;3;2;0001  215781-1;10;URGENTES;2092899;"HO05    ";"HOLCIM (ARGENTINA) S.A.                           ";CALLE 75 1949;951535;"20-160         ";20-160 - MONOCOMANDO MESADA COCINA DIQUE;8;8;8;23568004;210926151641783;184919227;;;;07/28/2031 00:00:00;8;14062941;21/09/2026 15:16:41;Maximiliano;Nievas;;;;;;Maximiliano Nievas;
14408011;21/09/2026 15:18:22;3;2;0001  215781-1;10;URGENTES;2092899;"HO05    ";"HOLCIM (ARGENTINA) S.A.                           ";CALLE 75 1949;951527;"20-135G        ";20-135G - MONOCOMANDO COCINA GOLD SANTANDER;2;2;2;23568033;210926151720942;184922055;;;;07/27/2031 00:00:00;2;14062961;21/09/2026 15:17:21;Maximiliano;Nievas;;;;;;Maximiliano Nievas;
14408011;21/09/2026 15:18:22;3;2;0001  215781-1;10;URGENTES;2092899;"HO05    ";"HOLCIM (ARGENTINA) S.A.                           ";CALLE 75 1949;951523;"20-134         ";20-134 - MONOCOMANDO COCINA BETIS;6;6;6;23568033;210926151720942;184921006;;;;08/11/2031 00:00:00;1;14062961;21/09/2026 15:17:21;Maximiliano;Nievas;;;;;;Maximiliano Nievas;
14408011;21/09/2026 15:18:22;3;2;0001  215781-1;10;URGENTES;2092899;"HO05    ";"HOLCIM (ARGENTINA) S.A.                           ";CALLE 75 1949;951565;"20-205         ";20-205 - MONOCOMANDO DE COCINA STEEL;2;2;2;23568033;210926151720942;184934537;;;;07/28/2031 00:00:00;1;14062961;21/09/2026 15:17:21;Maximiliano;Nievas;;;;;;Maximiliano Nievas;
14408011;21/09/2026 15:18:22;3;2;0001  215781-1;10;URGENTES;2092899;"HO05    ";"HOLCIM (ARGENTINA) S.A.                           ";CALLE 75 1949;951530;"20-146         ";20-146 - MONOCOMANDO DE COCINA CR LINEA MOVE;2;2;2;23568068;210926151805069;184918001;;;;11/23/2031 00:00:00;2;14062987;21/09/2026 15:18:05;Maximiliano;Nievas;;;;;;Maximiliano Nievas;
14408011;21/09/2026 15:18:22;3;2;0001  215781-1;10;URGENTES;2092899;"HO05    ";"HOLCIM (ARGENTINA) S.A.                           ";CALLE 75 1949;951531;"20-146N        ";20-146N - MONOCOMANDO DE COCINA BLACK LINEA MOVE;2;2;2;23568068;210926151805069;184919066;;;;07/30/2031 00:00:00;2;14062987;21/09/2026 15:18:05;Maximiliano;Nievas;;;;;;Maximiliano Nievas;
14408011;21/09/2026 15:18:22;3;2;0001  215781-1;10;URGENTES;2092899;"HO05    ";"HOLCIM (ARGENTINA) S.A.                           ";CALLE 75 1949;951565;"20-205         ";20-205 - MONOCOMANDO DE COCINA STEEL;2;2;2;23568068;210926151805069;184917228;;;;07/28/2031 00:00:00;1;14062987;21/09/2026 15:18:05;Maximiliano;Nievas;;;;;;Maximiliano Nievas;
14408012;21/09/2026 15:26:31;3;2;0001  216037-1;10;URGENTES;2092899;"HO05    ";"HOLCIM (ARGENTINA) S.A.                           ";SARMIENTO 95;952000;"31-001N        ";"31-001N - CANILLA DE PARED P.ALTO ""CROMO Y""";2;2;2;23565878;210926151407249;184919600;;;;07/31/2031 00:00:00;2;14062678;21/09/2026 15:14:07;Maximiliano;Nievas;24837047;21/09/2026 15:02:17;7310;Maximiliano;Nievas;Maximiliano Nievas;Maximiliano Nievas
14408012;21/09/2026 15:26:31;3;2;0001  216037-1;10;URGENTES;2092899;"HO05    ";"HOLCIM (ARGENTINA) S.A.                           ";SARMIENTO 95;952075;"33-001N        ";"33-001N - CANILLA MESADA ""CROMO Y""";4;4;4;23565878;210926151407249;184920547;;;;07/31/2031 00:00:00;4;14062678;21/09/2026 15:14:07;Maximiliano;Nievas;24837047;21/09/2026 15:02:17;7310;Maximiliano;Nievas;Maximiliano Nievas;Maximiliano Nievas
14408012;21/09/2026 15:26:31;3;2;0001  216037-1;10;URGENTES;2092899;"HO05    ";"HOLCIM (ARGENTINA) S.A.                           ";SARMIENTO 95;953018;"80-001N        ";"80-001N - DUCHA EMB. C/TRANSF. ""CROMO Y""";2;2;2;23565878;210926151407249;184922930;;;;07/31/2031 00:00:00;2;14062678;21/09/2026 15:14:07;Maximiliano;Nievas;24837047;21/09/2026 15:02:17;7310;Maximiliano;Nievas;Maximiliano Nievas;Maximiliano Nievas
14408012;21/09/2026 15:26:31;3;2;0001  216037-1;10;URGENTES;2092899;"HO05    ";"HOLCIM (ARGENTINA) S.A.                           ";SARMIENTO 95;953184;"8060           ";8060 - PORTA CEPILLO LINEA 8000;1;1;1;23566913;210926152629884;184930761;;;;07/27/2031 00:00:00;1;14063094;21/09/2026 15:26:29;Maximiliano;Nievas;24838178;21/09/2026 15:14:37;7807;Nicolas;Perez;Maximiliano Nievas;Nicolas Perez
14408012;21/09/2026 15:26:31;3;2;0001  216037-1;10;URGENTES;2092899;"HO05    ";"HOLCIM (ARGENTINA) S.A.                           ";SARMIENTO 95;953183;"8050           ";8050 - JABONERA LINEA 8000;1;1;1;23566913;210926152629884;184930833;;;;07/27/2031 00:00:00;1;14063094;21/09/2026 15:26:29;Maximiliano;Nievas;24838178;21/09/2026 15:14:37;7807;Nicolas;Perez;Maximiliano Nievas;Nicolas Perez
14408012;21/09/2026 15:26:31;3;2;0001  216037-1;10;URGENTES;2092899;"HO05    ";"HOLCIM (ARGENTINA) S.A.                           ";SARMIENTO 95;953182;"8040           ";8040 - PORTA ROLLO LINEA 8000;1;1;1;23566913;210926152629884;184930502;;;;08/12/2031 00:00:00;1;14063094;21/09/2026 15:26:29;Maximiliano;Nievas;24838178;21/09/2026 15:14:37;7807;Nicolas;Perez;Maximiliano Nievas;Nicolas Perez
14408012;21/09/2026 15:26:31;3;2;0001  216037-1;10;URGENTES;2092899;"HO05    ";"HOLCIM (ARGENTINA) S.A.                           ";SARMIENTO 95;953167;"8030           ";8030 - PERCHA LINEA 8000;1;1;1;23566913;210926152629884;184930566;;;;07/29/2031 00:00:00;1;14063094;21/09/2026 15:26:29;Maximiliano;Nievas;24838178;21/09/2026 15:14:37;7807;Nicolas;Perez;Maximiliano Nievas;Nicolas Perez
14408012;21/09/2026 15:26:31;3;2;0001  216037-1;10;URGENTES;2092899;"HO05    ";"HOLCIM (ARGENTINA) S.A.                           ";SARMIENTO 95;953151;"8020           ";8020 - TOALLERO DE ARO LINEA 8000;1;1;1;23566913;210926152629884;184930401;;;;07/31/2031 00:00:00;1;14063094;21/09/2026 15:26:29;Maximiliano;Nievas;24838178;21/09/2026 15:14:37;7807;Nicolas;Perez;Maximiliano Nievas;Nicolas Perez
14408012;21/09/2026 15:26:31;3;2;0001  216037-1;10;URGENTES;2092899;"HO05    ";"HOLCIM (ARGENTINA) S.A.                           ";SARMIENTO 95;953069;"8010           ";8010 - TOALLERO BARRAL LINEA 8000;1;1;1;23566913;210926152629884;184930046;;;;07/27/2031 00:00:00;1;14063094;21/09/2026 15:26:29;Maximiliano;Nievas;24838178;21/09/2026 15:14:37;7807;Nicolas;Perez;Maximiliano Nievas;Nicolas Perez
14408012;21/09/2026 15:26:31;3;2;0001  216037-1;10;URGENTES;2092899;"HO05    ";"HOLCIM (ARGENTINA) S.A.                           ";SARMIENTO 95;953056;"8005           ";8005 - SET DE 5 PIEZAS LINEA 8000;1;1;1;23566913;210926152629884;184931890;;;;07/27/2031 00:00:00;1;14063094;21/09/2026 15:26:29;Maximiliano;Nievas;24838178;21/09/2026 15:14:37;7807;Nicolas;Perez;Maximiliano Nievas;Nicolas Perez
14408012;21/09/2026 15:26:31;3;2;0001  216037-1;10;URGENTES;2092899;"HO05    ";"HOLCIM (ARGENTINA) S.A.                           ";SARMIENTO 95;951906;"3020           ";3020 - TOALLERO DE ARO LINEA 3000;1;1;1;23566913;210926152629884;184932181;;;;07/29/2031 00:00:00;1;14063094;21/09/2026 15:26:29;Maximiliano;Nievas;24838178;21/09/2026 15:14:37;7807;Nicolas;Perez;Maximiliano Nievas;Nicolas Perez
14408012;21/09/2026 15:26:31;3;2;0001  216037-1;10;URGENTES;2092899;"HO05    ";"HOLCIM (ARGENTINA) S.A.                           ";SARMIENTO 95;951794;"3010           ";3010 - TOALLERO BARRAL LINEA 3000;1;1;1;23566913;210926152629884;184932271;;;;07/29/2031 00:00:00;1;14063094;21/09/2026 15:26:29;Maximiliano;Nievas;24838178;21/09/2026 15:14:37;7807;Nicolas;Perez;Maximiliano Nievas;Nicolas Perez
14408012;21/09/2026 15:26:31;3;2;0001  216037-1;10;URGENTES;2092899;"HO05    ";"HOLCIM (ARGENTINA) S.A.                           ";SARMIENTO 95;951760;"3006SS         ";3006SS - SET DE 6 PIEZAS LINEA 3000 SS;1;1;1;23566913;210926152629884;184931243;;;;07/29/2031 00:00:00;1;14063094;21/09/2026 15:26:29;Maximiliano;Nievas;24838178;21/09/2026 15:14:37;7807;Nicolas;Perez;Maximiliano Nievas;Nicolas Perez
14408012;21/09/2026 15:26:31;3;2;0001  216037-1;10;URGENTES;2092899;"HO05    ";"HOLCIM (ARGENTINA) S.A.                           ";SARMIENTO 95;951748;"3006           ";3006 - SET DE 6 PIEZAS LINEA 3000;1;1;1;23566913;210926152629884;184932585;;;;07/29/2031 00:00:00;1;14063094;21/09/2026 15:26:29;Maximiliano;Nievas;24838178;21/09/2026 15:14:37;7807;Nicolas;Perez;Maximiliano Nievas;Nicolas Perez
14408012;21/09/2026 15:26:31;3;2;0001  216037-1;10;URGENTES;2092899;"HO05    ";"HOLCIM (ARGENTINA) S.A.                           ";SARMIENTO 95;951737;"3005           ";3005 - SET DE 5 PIEZAS LINEA 3000;1;1;1;23566913;210926152629884;184932889;;;;07/27/2031 00:00:00;1;14063094;21/09/2026 15:26:29;Maximiliano;Nievas;24838178;21/09/2026 15:14:37;7807;Nicolas;Perez;Maximiliano Nievas;Nicolas Perez
14408012;21/09/2026 15:26:31;3;2;0001  216037-1;10;URGENTES;2092899;"HO05    ";"HOLCIM (ARGENTINA) S.A.                           ";SARMIENTO 95;951523;"20-134         ";20-134 - MONOCOMANDO COCINA BETIS;1;1;1;23566913;210926152629884;184933086;;;;08/11/2031 00:00:00;1;14063094;21/09/2026 15:26:29;Maximiliano;Nievas;24838178;21/09/2026 15:14:37;7807;Nicolas;Perez;Maximiliano Nievas;Nicolas Perez
14408012;21/09/2026 15:26:31;3;2;0001  216037-1;10;URGENTES;2092899;"HO05    ";"HOLCIM (ARGENTINA) S.A.                           ";SARMIENTO 95;951568;"203            ";"203 - LAVATORIO CROMO ""DIQUE""";2;2;2;23567698;210926151100842;184926446;;;;01/11/2032 00:00:00;2;14062733;21/09/2026 15:11:00;Maximiliano;Nievas;;;;;;Maximiliano Nievas;
14408012;21/09/2026 15:26:31;3;2;0001  216037-1;10;URGENTES;2092899;"HO05    ";"HOLCIM (ARGENTINA) S.A.                           ";SARMIENTO 95;951957;"303            ";"303 - BIDET CROMO ""DIQUE""";2;2;2;23567698;210926151100842;184926296;;;;11/25/2031 00:00:00;2;14062733;21/09/2026 15:11:00;Maximiliano;Nievas;;;;;;Maximiliano Nievas;
14408012;21/09/2026 15:26:31;3;2;0001  216037-1;10;URGENTES;2092899;"HO05    ";"HOLCIM (ARGENTINA) S.A.                           ";SARMIENTO 95;952267;"423            ";"423 - DUCHA EMB. C/TRANSF.CR ""DIQUE""";2;2;2;23567698;210926151100842;184926545;;;;02/03/2032 00:00:00;2;14062733;21/09/2026 15:11:00;Maximiliano;Nievas;;;;;;Maximiliano Nievas;
14408012;21/09/2026 15:26:31;3;2;0001  216037-1;10;URGENTES;2092899;"HO05    ";"HOLCIM (ARGENTINA) S.A.                           ";SARMIENTO 95;953491;"943            ";"943 - J.COCINA PARED EMB. CR ""DIQUE""";2;2;2;23567698;210926151100842;184922304;;;;07/31/2031 00:00:00;2;14062733;21/09/2026 15:11:00;Maximiliano;Nievas;;;;;;Maximiliano Nievas;
14408012;21/09/2026 15:26:31;3;2;0001  216037-1;10;URGENTES;2092899;"HO05    ";"HOLCIM (ARGENTINA) S.A.                           ";SARMIENTO 95;953474;"933            ";933 - JGO PARED C/EXT CR DIQUE;2;2;2;23567698;210926151100842;184922066;;;;01/07/2032 00:00:00;2;14062733;21/09/2026 15:11:00;Maximiliano;Nievas;;;;;;Maximiliano Nievas;
14408012;21/09/2026 15:26:31;3;2;0001  216037-1;10;URGENTES;2092899;"HO05    ";"HOLCIM (ARGENTINA) S.A.                           ";SARMIENTO 95;953432;"910/M          ";"910/M - JGO.MDA.P.CANO CROMO ""DIQUE""";2;2;2;23567745;210926151144083;184926083;;;;12/21/2031 00:00:00;2;14062753;21/09/2026 15:11:44;Maximiliano;Nievas;;;;;;Maximiliano Nievas;
14408012;21/09/2026 15:26:31;3;2;0001  216037-1;10;URGENTES;2092899;"HO05    ";"HOLCIM (ARGENTINA) S.A.                           ";SARMIENTO 95;953055;"80-045         ";80-045 - DUCHA EMB.C/TRANSF CR  C.STD CRUZ;2;2;2;23567745;210926151144083;184924848;;;;02/18/2032 00:00:00;2;14062753;21/09/2026 15:11:44;Maximiliano;Nievas;;;;;;Maximiliano Nievas;
14408012;21/09/2026 15:26:31;3;2;0001  216037-1;10;URGENTES;2092899;"HO05    ";"HOLCIM (ARGENTINA) S.A.                           ";SARMIENTO 95;952856;"70-045         ";70-045 - BIDE CROMO C.STD CRUZ;2;2;2;23567745;210926151144083;184925099;;;;02/01/2032 00:00:00;2;14062753;21/09/2026 15:11:44;Maximiliano;Nievas;;;;;;Maximiliano Nievas;
14408012;21/09/2026 15:26:31;3;2;0001  216037-1;10;URGENTES;2092899;"HO05    ";"HOLCIM (ARGENTINA) S.A.                           ";SARMIENTO 95;952577;"60-045         ";60-045 - LAVATORIO CR/CR C.STD CRUZ;2;2;2;23567745;210926151144083;184925321;;;;01/24/2032 00:00:00;2;14062753;21/09/2026 15:11:44;Maximiliano;Nievas;;;;;;Maximiliano Nievas;
14408012;21/09/2026 15:26:31;3;2;0001  216037-1;10;URGENTES;2092899;"HO05    ";"HOLCIM (ARGENTINA) S.A.                           ";SARMIENTO 95;952519;"56-001N        ";"56-001N - COCINA PARED EMBUTIR PICO BAJO ""CROMO Y""";2;2;2;23567745;210926151144083;184926969;;;;07/29/2031 00:00:00;2;14062753;21/09/2026 15:11:44;Maximiliano;Nievas;;;;;;Maximiliano Nievas;
14408012;21/09/2026 15:26:31;3;2;0001  216037-1;10;URGENTES;2092899;"HO05    ";"HOLCIM (ARGENTINA) S.A.                           ";SARMIENTO 95;952582;"60-057         ";60-057 - LAVATORIO C.STD VERIN PLUS;2;2;2;23567782;210926151225673;184927783;;;;01/31/2032 00:00:00;2;14062781;21/09/2026 15:12:25;Maximiliano;Nievas;;;;;;Maximiliano Nievas;
14408012;21/09/2026 15:26:31;3;2;0001  216037-1;10;URGENTES;2092899;"HO05    ";"HOLCIM (ARGENTINA) S.A.                           ";SARMIENTO 95;952821;"70-001N        ";"70-001N - BIDE ""CROMO Y""";2;2;2;23567782;210926151225673;184923517;;;;07/31/2031 00:00:00;2;14062781;21/09/2026 15:12:25;Maximiliano;Nievas;;;;;;Maximiliano Nievas;
14408012;21/09/2026 15:26:31;3;2;0001  216037-1;10;URGENTES;2092899;"HO05    ";"HOLCIM (ARGENTINA) S.A.                           ";SARMIENTO 95;952860;"70-057         ";70-057 - BIDE C.STD VERIN PLUS;2;2;2;23567782;210926151225673;184927373;;;;01/31/2032 00:00:00;2;14062781;21/09/2026 15:12:25;Maximiliano;Nievas;;;;;;Maximiliano Nievas;
14408012;21/09/2026 15:26:31;3;2;0001  216037-1;10;URGENTES;2092899;"HO05    ";"HOLCIM (ARGENTINA) S.A.                           ";SARMIENTO 95;953059;"80-057         ";80-057 - DUCHA EMB. C/TRANSF. C.STD VERIN PLUS;4;4;4;23567782;210926151225673;184927695;;;;02/08/2032 00:00:00;4;14062781;21/09/2026 15:12:25;Maximiliano;Nievas;;;;;;Maximiliano Nievas;
14408012;21/09/2026 15:26:31;3;2;0001  216037-1;10;URGENTES;2092899;"HO05    ";"HOLCIM (ARGENTINA) S.A.                           ";SARMIENTO 95;952541;"60-001N        ";"60-001N - LAVATORIO ""CROMO Y""";2;2;2;23567818;210926151308622;184924052;;;;02/01/2032 00:00:00;2;14062807;21/09/2026 15:13:08;Maximiliano;Nievas;;;;;;Maximiliano Nievas;
14408012;21/09/2026 15:26:31;3;2;0001  216037-1;10;URGENTES;2092899;"HO05    ";"HOLCIM (ARGENTINA) S.A.                           ";SARMIENTO 95;952503;"55-001N        ";"55-001N - COCINA PARED EMBUTIR PICO ALTO ""CROMO Y""";2;2;2;23567818;210926151308622;184924551;;;;07/31/2031 00:00:00;2;14062807;21/09/2026 15:13:08;Maximiliano;Nievas;;;;;;Maximiliano Nievas;
14408012;21/09/2026 15:26:31;3;2;0001  216037-1;10;URGENTES;2092899;"HO05    ";"HOLCIM (ARGENTINA) S.A.                           ";SARMIENTO 95;952470;"53-001N        ";"53-001N - COCINA PARED EXTERIOR PICO ALTO ""CROMO Y""";2;2;2;23567818;210926151308622;184924428;;;;07/31/2031 00:00:00;2;14062807;21/09/2026 15:13:08;Maximiliano;Nievas;;;;;;Maximiliano Nievas;
14408012;21/09/2026 15:26:31;3;2;0001  216037-1;10;URGENTES;2092899;"HO05    ";"HOLCIM (ARGENTINA) S.A.                           ";SARMIENTO 95;952419;"51-001N        ";"51-001N - COCINA MESADA ""CROMO Y""";4;4;4;23567818;210926151308622;184923333;;;;07/29/2031 00:00:00;4;14062807;21/09/2026 15:13:08;Maximiliano;Nievas;;;;;;Maximiliano Nievas;
14408348;22/09/2026 09:54:25;3;2;0001  215318-1;06;CAMION MIE 2;2091589;"CE01    ";"CENCOSUD S.A.                                     ";AV. JUAN B. ALBERDI 3928;951316;"18030          ";18030 - PERCHA NIQUEL LINEA BEAT;2;2;2;23562371;220926005422978;184896530;;;;03/10/2032 00:00:00;2;14072192;22/09/2026 09:54:22;Mirko;Hernandez;24833425;21/09/2026 14:03:53;7636;Kevin;Arce;Mirko Hernandez;Kevin Arce
14408348;22/09/2026 09:54:25;3;2;0001  215318-1;06;CAMION MIE 2;2091589;"CE01    ";"CENCOSUD S.A.                                     ";AV. JUAN B. ALBERDI 3928;952723;"61-200C        ";61-200C - LAVATORIO MONOC ALTO CR FABRIC;3;3;3;23562371;220926005422978;184893870;;;;07/27/2031 00:00:00;3;14072192;22/09/2026 09:54:22;Mirko;Hernandez;24833425;21/09/2026 14:03:53;7636;Kevin;Arce;Mirko Hernandez;Kevin Arce
14408830;21/09/2026 11:34:44;3;2;0001  216082-1;10;URGENTES;2092925;"HU03    ";"HURA S.A.S.                                       ";ALVEAR 671;956415;"INO104-1       ";"INODORO BLANCO C/ASIENTO LINEA STONE                                  ";1;1;1;23556515;210926113443992;184850623;;;;01/20/2032 00:00:00;1;14056560;21/09/2026 11:34:43;Gaston Alejandro;Kiriczuk;24828167;21/09/2026 11:33:06;6409;Gaston Alejandro;Kiriczuk;Gaston Alejandro Kiriczuk;Gaston Alejandro Kiriczuk
14408830;21/09/2026 11:34:44;3;2;0001  216082-1;10;URGENTES;2092925;"HU03    ";"HURA S.A.S.                                       ";ALVEAR 671;956416;"INO104-2       ";"DEPOSITO C/DESCARGA DUAL BLANCO LINEA STONE                           ";1;1;1;23556515;210926113443992;184852349;;;;01/20/2032 00:00:00;1;14056560;21/09/2026 11:34:43;Gaston Alejandro;Kiriczuk;24828167;21/09/2026 11:33:06;6409;Gaston Alejandro;Kiriczuk;Gaston Alejandro Kiriczuk;Gaston Alejandro Kiriczuk
14411075;22/09/2026 06:49:50;3;2;0001  215634-1;10;URGENTES;2094559;"SM34    ";"SANITARIOS MATRECARI S.A.                         ";AV BENITO PEREZ GALDOS 255;957550;"RA1189         ";RA1189 - SET PROLONGADOR P/VASTAGO Y CAMPANA (x3);1;1;1;23577183;220926064949150;185006855;;;;03/09/2032 00:00:00;1;14068514;22/09/2026 06:49:49;Gustavo;Soderquvist;24847416;22/09/2026 06:19:58;7636;Kevin;Arce;Gustavo Soderquvist;Kevin Arce
14411075;22/09/2026 06:49:50;3;2;0001  215634-1;10;URGENTES;2094559;"SM34    ";"SANITARIOS MATRECARI S.A.                         ";AV BENITO PEREZ GALDOS 255;957660;"RA1348NI       ";RA1348NI - CAMPANA BEAT LAV / DUCHA NICKEL;1;1;1;23577183;220926064949150;185006800;;;;08/02/2031 00:00:00;1;14068514;22/09/2026 06:49:49;Gustavo;Soderquvist;24847416;22/09/2026 06:19:58;7636;Kevin;Arce;Gustavo Soderquvist;Kevin Arce
14411076;22/09/2026 06:37:45;3;2;0001  215731-1;10;URGENTES;2094559;"SM34    ";"SANITARIOS MATRECARI S.A.                         ";AV BENITO PEREZ GALDOS 255;952765;"62-175DG       ";62-175DG - LAVATORIO DE PARED PULSE DARK GOLD C.CERAM;7;7;7;23577234;220926063742761;185006608;;;;07/31/2031 00:00:00;7;14068443;22/09/2026 06:37:42;Gustavo;Soderquvist;24847486;22/09/2026 06:18:24;7839;Claudio;Juarez;Gustavo Soderquvist;Claudio Juarez
14411077;22/09/2026 06:38:37;3;2;0001  215747-1;10;URGENTES;2094559;"SM34    ";"SANITARIOS MATRECARI S.A.                         ";AV BENITO PEREZ GALDOS 255;954379;"A1539N         ";"TAPA Y TECLA PARA VALVULA DE DESCARGA CUADRADA MINIMALISTA BLACK      ";8;8;8;23577235;220926063832098;185006747;;;;01/31/2032 00:00:00;8;14068447;22/09/2026 06:38:32;Gustavo;Soderquvist;24847486;22/09/2026 06:18:24;7839;Claudio;Juarez;Gustavo Soderquvist;Claudio Juarez
14411078;22/09/2026 06:46:39;3;2;0001  213958-2;10;URGENTES;2094559;"SM34    ";"SANITARIOS MATRECARI S.A.                         ";RODRIGUEZ PEÑA 1516;951316;"18030          ";18030 - PERCHA NIQUEL LINEA BEAT;5;5;5;23577184;220926064638523;185006548;;;;03/10/2032 00:00:00;5;14068490;22/09/2026 06:46:38;Gustavo;Soderquvist;24847416;22/09/2026 06:19:58;7636;Kevin;Arce;Gustavo Soderquvist;Kevin Arce
14411079;22/09/2026 06:49:03;3;2;0001  215870-1;10;URGENTES;2094559;"SM34    ";"SANITARIOS MATRECARI S.A.                         ";RODRIGUEZ PEÑA 1516;951316;"18030          ";18030 - PERCHA NIQUEL LINEA BEAT;5;5;5;23577185;220926064902929;185006588;;;;03/10/2032 00:00:00;5;14068501;22/09/2026 06:49:02;Gustavo;Soderquvist;24847416;22/09/2026 06:19:58;7636;Kevin;Arce;Gustavo Soderquvist;Kevin Arce
14421660;22/09/2026 13:36:31;3;2;0008    2839-1;10;URGENTES;2093779;"PA01    ";"VARIOS                                            ";rivadavia 3428;954944;"BID103-1       ";"BIDE 1 AGUJERO BLANCO LINEA URBAN                                     ";2;2;2;23584117;220926132246980;185051990;;;;10/16/2031 00:00:00;2;14078306;22/09/2026 13:22:46;Gustavo;Soderquvist;24853480;22/09/2026 10:01:33;7839;Claudio;Juarez;Gustavo Soderquvist;Claudio Juarez
14421660;22/09/2026 13:36:31;3;2;0008    2839-1;10;URGENTES;2093779;"PA01    ";"VARIOS                                            ";rivadavia 3428;954945;"BID103-3       ";"BIDE 3 AGUJEROS BLANCO LINEA URBAN                                    ";1;1;1;23584117;220926132246980;185051477;;;;07/30/2031 00:00:00;1;14078306;22/09/2026 13:22:46;Gustavo;Soderquvist;24853480;22/09/2026 10:01:33;7839;Claudio;Juarez;Gustavo Soderquvist;Claudio Juarez
14421660;22/09/2026 13:36:31;3;2;0008    2839-1;10;URGENTES;2093779;"PA01    ";"VARIOS                                            ";rivadavia 3428;956411;"INO102-1       ";"INODORO BLANCO C/ASIENTO LINEA LOFT                                   ";1;1;1;23584117;220926132246980;185054750;;;;02/25/2032 00:00:00;1;14078306;22/09/2026 13:22:46;Gustavo;Soderquvist;24853480;22/09/2026 10:01:33;7839;Claudio;Juarez;Gustavo Soderquvist;Claudio Juarez
14421660;22/09/2026 13:36:31;3;2;0008    2839-1;10;URGENTES;2093779;"PA01    ";"VARIOS                                            ";rivadavia 3428;956412;"INO102-2       ";"DEPOSITO C/DESCARGA DUAL BLANCO LINEA LOFT                            ";1;1;1;23584117;220926132246980;185054840;;;;02/25/2032 00:00:00;1;14078306;22/09/2026 13:22:46;Gustavo;Soderquvist;24853480;22/09/2026 10:01:33;7839;Claudio;Juarez;Gustavo Soderquvist;Claudio Juarez
14421660;22/09/2026 13:36:31;3;2;0008    2839-1;10;URGENTES;2093779;"PA01    ";"VARIOS                                            ";rivadavia 3428;956413;"INO103-1       ";"INODORO BLANCO C/ASIENTO LINEA URBAN                                  ";3;3;3;23584117;220926132246980;185050722;;;;10/16/2031 00:00:00;3;14078306;22/09/2026 13:22:46;Gustavo;Soderquvist;24853480;22/09/2026 10:01:33;7839;Claudio;Juarez;Gustavo Soderquvist;Claudio Juarez
14421660;22/09/2026 13:36:31;3;2;0008    2839-1;10;URGENTES;2093779;"PA01    ";"VARIOS                                            ";rivadavia 3428;956414;"INO103-2       ";"DEPOSITO C/DESCARGA DUAL BLANCO LINEA URBAN                           ";3;3;3;23584117;220926132246980;185051185;;;;10/26/2031 00:00:00;3;14078306;22/09/2026 13:22:46;Gustavo;Soderquvist;24853480;22/09/2026 10:01:33;7839;Claudio;Juarez;Gustavo Soderquvist;Claudio Juarez
14421660;22/09/2026 13:36:31;3;2;0008    2839-1;10;URGENTES;2093779;"PA01    ";"VARIOS                                            ";rivadavia 3428;956415;"INO104-1       ";"INODORO BLANCO C/ASIENTO LINEA STONE                                  ";1;1;1;23584117;220926132246980;185053844;;;;01/20/2032 00:00:00;1;14078306;22/09/2026 13:22:46;Gustavo;Soderquvist;24853480;22/09/2026 10:01:33;7839;Claudio;Juarez;Gustavo Soderquvist;Claudio Juarez
14421660;22/09/2026 13:36:31;3;2;0008    2839-1;10;URGENTES;2093779;"PA01    ";"VARIOS                                            ";rivadavia 3428;956416;"INO104-2       ";"DEPOSITO C/DESCARGA DUAL BLANCO LINEA STONE                           ";1;1;1;23584117;220926132246980;185054413;;;;01/20/2032 00:00:00;1;14078306;22/09/2026 13:22:46;Gustavo;Soderquvist;24853480;22/09/2026 10:01:33;7839;Claudio;Juarez;Gustavo Soderquvist;Claudio Juarez
14421660;22/09/2026 13:36:31;3;2;0008    2839-1;10;URGENTES;2093779;"PA01    ";"VARIOS                                            ";rivadavia 3428;954915;"BCH13          ";BCH13 - BACHA DE APOYAR BLANCA RECTANGULAR 465x260x125;1;1;1;23584117;220926132246980;185057116;;;;07/27/2031 00:00:00;1;14078306;22/09/2026 13:22:46;Gustavo;Soderquvist;24853480;22/09/2026 10:01:33;7839;Claudio;Juarez;Gustavo Soderquvist;Claudio Juarez
14421660;22/09/2026 13:36:31;3;2;0008    2839-1;10;URGENTES;2093779;"PA01    ";"VARIOS                                            ";rivadavia 3428;954917;"BCH15          ";BCH15 - BACHA SEMI EMBUTIDA  BLANCA 530x370x155;3;3;3;23584117;220926132246980;185056564;;;;07/28/2031 00:00:00;3;14078306;22/09/2026 13:22:46;Gustavo;Soderquvist;24853480;22/09/2026 10:01:33;7839;Claudio;Juarez;Gustavo Soderquvist;Claudio Juarez
14421660;22/09/2026 13:36:31;3;2;0008    2839-1;10;URGENTES;2093779;"PA01    ";"VARIOS                                            ";rivadavia 3428;954942;"BID102-1       ";"BIDE 1 AGUJERO BLANCO LINEA LOFT                                      ";1;1;1;23584117;220926132246980;185055297;;;;02/24/2032 00:00:00;1;14078306;22/09/2026 13:22:46;Gustavo;Soderquvist;24853480;22/09/2026 10:01:33;7839;Claudio;Juarez;Gustavo Soderquvist;Claudio Juarez
14421660;22/09/2026 13:36:31;3;2;0008    2839-1;10;URGENTES;2093779;"PA01    ";"VARIOS                                            ";rivadavia 3428;952953;"70-201NI       ";70-201NI - BIDE CR C.CERAM BEAT NICKEL;1;1;1;23584789;220926132552405;185054664;;;;07/29/2031 00:00:00;1;14078559;22/09/2026 13:25:52;Gustavo;Soderquvist;24854027;22/09/2026 09:55:11;7827;Javier;Machado;Gustavo Soderquvist;Javier Machado
14421660;22/09/2026 13:36:31;3;2;0008    2839-1;10;URGENTES;2093779;"PA01    ";"VARIOS                                            ";rivadavia 3428;952677;"60-203         ";60-203 - LAVATORIO MONOCOMANDO BAJO ADRA;1;1;1;23584789;220926132552405;185054320;;;;03/02/2032 00:00:00;1;14078559;22/09/2026 13:25:52;Gustavo;Soderquvist;24854027;22/09/2026 09:55:11;7827;Javier;Machado;Gustavo Soderquvist;Javier Machado
14421660;22/09/2026 13:36:31;3;2;0008    2839-1;10;URGENTES;2093779;"PA01    ";"VARIOS                                            ";rivadavia 3428;952676;"60-201NI       ";60-201NI - LAVATORIO C.CERAM BEAT NICKEL;1;1;1;23584789;220926132552405;185054833;;;;08/20/2031 00:00:00;1;14078559;22/09/2026 13:25:52;Gustavo;Soderquvist;24854027;22/09/2026 09:55:11;7827;Javier;Machado;Gustavo Soderquvist;Javier Machado
14421660;22/09/2026 13:36:31;3;2;0008    2839-1;10;URGENTES;2093779;"PA01    ";"VARIOS                                            ";rivadavia 3428;952598;"60-100NI       ";60-100NI - LAVATORIO NICKEL C.CERAM FABRIC;1;1;1;23584789;220926132552405;185055386;;;;10/08/2031 00:00:00;1;14078559;22/09/2026 13:25:52;Gustavo;Soderquvist;24854027;22/09/2026 09:55:11;7827;Javier;Machado;Gustavo Soderquvist;Javier Machado
14421660;22/09/2026 13:36:31;3;2;0008    2839-1;10;URGENTES;2093779;"PA01    ";"VARIOS                                            ";rivadavia 3428;951532;"20-147         ";20-147 - MONOCOMANDO DE COCINA SWIFT;1;1;1;23585053;220926133629614;185058379;;;;08/04/2031 00:00:00;1;14078572;22/09/2026 13:36:29;Gustavo;Soderquvist;24854211;22/09/2026 10:12:27;7636;Kevin;Arce;Gustavo Soderquvist;Kevin Arce
14421660;22/09/2026 13:36:31;3;2;0008    2839-1;10;URGENTES;2093779;"PA01    ";"VARIOS                                            ";rivadavia 3428;951565;"20-205         ";20-205 - MONOCOMANDO DE COCINA STEEL;1;1;1;23585053;220926133629614;185058226;;;;07/28/2031 00:00:00;1;14078572;22/09/2026 13:36:29;Gustavo;Soderquvist;24854211;22/09/2026 10:12:27;7636;Kevin;Arce;Gustavo Soderquvist;Kevin Arce
14421660;22/09/2026 13:36:31;3;2;0008    2839-1;10;URGENTES;2093779;"PA01    ";"VARIOS                                            ";rivadavia 3428;953161;"80-205         ";80-205 - DUCHA EMB. C/TRANSF. MONOC STEEL;2;2;2;23585053;220926133629614;185057719;;;;08/11/2031 00:00:00;2;14078572;22/09/2026 13:36:29;Gustavo;Soderquvist;24854211;22/09/2026 10:12:27;7636;Kevin;Arce;Gustavo Soderquvist;Kevin Arce
14421660;22/09/2026 13:36:31;3;2;0008    2839-1;10;URGENTES;2093779;"PA01    ";"VARIOS                                            ";rivadavia 3428;951312;"18010          ";18010 - TOALLERO BARRAL NIQUEL LINEA BEAT;4;4;4;23596364;220926133248693;185060112;;;;07/28/2031 00:00:00;4;14078756;22/09/2026 13:32:48;Gustavo;Soderquvist;;;;;;Gustavo Soderquvist;
14421660;22/09/2026 13:36:31;3;2;0008    2839-1;10;URGENTES;2093779;"PA01    ";"VARIOS                                            ";rivadavia 3428;951316;"18030          ";18030 - PERCHA NIQUEL LINEA BEAT;7;7;7;23596364;220926133248693;185059012;;;;03/10/2032 00:00:00;7;14078756;22/09/2026 13:32:48;Gustavo;Soderquvist;;;;;;Gustavo Soderquvist;
14421660;22/09/2026 13:36:31;3;2;0008    2839-1;10;URGENTES;2093779;"PA01    ";"VARIOS                                            ";rivadavia 3428;951318;"18040          ";18040 - PORTA ROLLO NIQUEL LINEA BEAT;4;4;4;23596364;220926133248693;185059625;;;;07/28/2031 00:00:00;4;14078756;22/09/2026 13:32:48;Gustavo;Soderquvist;;;;;;Gustavo Soderquvist;
14421660;22/09/2026 13:36:31;3;2;0008    2839-1;10;URGENTES;2093779;"PA01    ";"VARIOS                                            ";rivadavia 3428;951961;"3030           ";3030 - PERCHA LINEA 3000;1;1;1;23596364;220926133248693;185056544;;;;08/27/2031 00:00:00;1;14078756;22/09/2026 13:32:48;Gustavo;Soderquvist;;;;;;Gustavo Soderquvist;
14421660;22/09/2026 13:36:31;3;2;0008    2839-1;10;URGENTES;2093779;"PA01    ";"VARIOS                                            ";rivadavia 3428;951975;"3040           ";3040 - PORTA ROLLO LINEA 3000;1;1;1;23596364;220926133248693;185056134;;;;07/27/2031 00:00:00;1;14078756;22/09/2026 13:32:48;Gustavo;Soderquvist;;;;;;Gustavo Soderquvist;
14421660;22/09/2026 13:36:31;3;2;0008    2839-1;10;URGENTES;2093779;"PA01    ";"VARIOS                                            ";rivadavia 3428;953157;"80-203         ";80-203 - DUCHA EMB C/TRANSF. MONOCOMANDO ADRA;1;1;1;23596543;220926133617573;185058049;;;;07/27/2031 00:00:00;1;14078850;22/09/2026 13:36:17;Gustavo;Soderquvist;;;;;;Gustavo Soderquvist;
14421660;22/09/2026 13:36:31;3;2;0008    2839-1;10;URGENTES;2093779;"PA01    ";"VARIOS                                            ";rivadavia 3428;952956;"70-205         ";70-205 - BIDE MONOCOMANDO STEEL;2;2;2;23596543;220926133617573;185057202;;;;11/23/2031 00:00:00;2;14078850;22/09/2026 13:36:17;Gustavo;Soderquvist;;;;;;Gustavo Soderquvist;
14421660;22/09/2026 13:36:31;3;2;0008    2839-1;10;URGENTES;2093779;"PA01    ";"VARIOS                                            ";rivadavia 3428;952954;"70-203         ";70-203 - BIDE MONOCOMANDO ADRA;1;1;1;23596543;220926133617573;185061081;;;;07/30/2031 00:00:00;1;14078850;22/09/2026 13:36:17;Gustavo;Soderquvist;;;;;;Gustavo Soderquvist;
14421660;22/09/2026 13:36:31;3;2;0008    2839-1;10;URGENTES;2093779;"PA01    ";"VARIOS                                            ";rivadavia 3428;952679;"60-205         ";60-205 - LAVATORIO MONOC BAJO STEEL;2;2;2;23596543;220926133617573;185057362;;;;07/28/2031 00:00:00;2;14078850;22/09/2026 13:36:17;Gustavo;Soderquvist;;;;;;Gustavo Soderquvist;
14421661;22/09/2026 10:21:43;3;2;4444    2565-1;10;URGENTES;2109166;"CLIEVEN ";"CLIENTE EVENTUAL                                  ";RIVADAVIA 3428;952438;"51-058         ";51-058 - COCINA MESADA CR C.STD MALBA;1;1;1;23584790;220926102140774;185055977;;;;10/19/2031 00:00:00;1;14072995;22/09/2026 10:21:40;Gustavo;Soderquvist;24854027;22/09/2026 09:55:11;7827;Javier;Machado;Gustavo Soderquvist;Javier Machado
14421662;22/09/2026 10:26:36;3;2;4444    2567-1;10;URGENTES;2109166;"CLIEVEN ";"CLIENTE EVENTUAL                                  ";RIVADAVIA 3428;951531;"20-146N        ";20-146N - MONOCOMANDO DE COCINA BLACK LINEA MOVE;1;1;1;23585054;220926102635947;185060799;;;;07/30/2031 00:00:00;1;14073152;22/09/2026 10:26:35;Gustavo;Soderquvist;24854211;22/09/2026 10:12:27;7636;Kevin;Arce;Gustavo Soderquvist;Kevin Arce
14421709;22/09/2026 10:41:50;3;2;0001  215695-1;10;URGENTES;2109115;"724     ";"FIGUEIRIDO MATIAS                                 ";BRNDSEN 3823;951295;"17010N         ";17010N - TOALLERO BARRAL LINEA FABRIC BLACK;1;1;1;23585055;220926104150092;185061763;;;;03/10/2032 00:00:00;1;14073666;22/09/2026 10:41:50;Gustavo;Soderquvist;24854211;22/09/2026 10:12:27;7636;Kevin;Arce;Gustavo Soderquvist;Kevin Arce
14421709;22/09/2026 10:41:50;3;2;0001  215695-1;10;URGENTES;2109115;"724     ";"FIGUEIRIDO MATIAS                                 ";BRNDSEN 3823;951301;"17030N         ";17030N - PERCHA LINEA FABRIC BLACK;2;2;2;23585055;220926104150092;185062158;;;;07/28/2031 00:00:00;2;14073666;22/09/2026 10:41:50;Gustavo;Soderquvist;24854211;22/09/2026 10:12:27;7636;Kevin;Arce;Gustavo Soderquvist;Kevin Arce
14421709;22/09/2026 10:41:50;3;2;0001  215695-1;10;URGENTES;2109115;"724     ";"FIGUEIRIDO MATIAS                                 ";BRNDSEN 3823;951304;"17040N         ";17040N - PORTA ROLLO LINEA FABRIC BLACK;1;1;1;23585055;220926104150092;185061441;;;;07/29/2031 00:00:00;1;14073666;22/09/2026 10:41:50;Gustavo;Soderquvist;24854211;22/09/2026 10:12:27;7636;Kevin;Arce;Gustavo Soderquvist;Kevin Arce
14421710;22/09/2026 10:32:44;3;2;0001  216120-1;14;RETIRA;2095041;"WM03    ";"WEN MARIANO A. -BAÑO MANIA                        ";AV. KOESSLER 1750;954947;"BID104-3       ";"BIDE 3 AGUJEROS BLANCO LINEA STONE                                    ";4;4;4;23583986;220926103235650;185052715;;;;07/30/2031 00:00:00;4;14073242;22/09/2026 10:32:35;Gustavo;Soderquvist;24853344;22/09/2026 09:50:38;7636;Kevin;Arce;Gustavo Soderquvist;Kevin Arce
14421710;22/09/2026 10:32:44;3;2;0001  216120-1;14;RETIRA;2095041;"WM03    ";"WEN MARIANO A. -BAÑO MANIA                        ";AV. KOESSLER 1750;956415;"INO104-1       ";"INODORO BLANCO C/ASIENTO LINEA STONE                                  ";4;4;4;23583986;220926103235650;185049829;;;;01/20/2032 00:00:00;4;14073242;22/09/2026 10:32:35;Gustavo;Soderquvist;24853344;22/09/2026 09:50:38;7636;Kevin;Arce;Gustavo Soderquvist;Kevin Arce
14421710;22/09/2026 10:32:44;3;2;0001  216120-1;14;RETIRA;2095041;"WM03    ";"WEN MARIANO A. -BAÑO MANIA                        ";AV. KOESSLER 1750;956416;"INO104-2       ";"DEPOSITO C/DESCARGA DUAL BLANCO LINEA STONE                           ";4;4;4;23583986;220926103235650;185050631;;;;01/20/2032 00:00:00;4;14073242;22/09/2026 10:32:35;Gustavo;Soderquvist;24853344;22/09/2026 09:50:38;7636;Kevin;Arce;Gustavo Soderquvist;Kevin Arce
14421711;22/09/2026 11:30:45;3;2;0001  216121-1;14;RETIRA;2095041;"WM03    ";"WEN MARIANO A. -BAÑO MANIA                        ";AV. KOESSLER 1750;951653;"22-178         ";22-178 - MONOCOMANDO DE COCINA P/AGUA FILTRADA VITA;1;1;1;23583248;220926113016785;185046658;;;;12/23/2031 00:00:00;1;14075323;22/09/2026 11:30:16;Maximiliano;Nievas;24852777;22/09/2026 09:31:21;7839;Claudio;Juarez;Maximiliano Nievas;Claudio Juarez
14421711;22/09/2026 11:30:45;3;2;0001  216121-1;14;RETIRA;2095041;"WM03    ";"WEN MARIANO A. -BAÑO MANIA                        ";AV. KOESSLER 1750;952714;"61-180         ";61-180 - LAVATORIO MONOCOMANDO ALTO VERA;2;2;2;23583248;220926113016785;185046175;;;;07/28/2031 00:00:00;2;14075323;22/09/2026 11:30:16;Maximiliano;Nievas;24852777;22/09/2026 09:31:21;7839;Claudio;Juarez;Maximiliano Nievas;Claudio Juarez
14421711;22/09/2026 11:30:45;3;2;0001  216121-1;14;RETIRA;2095041;"WM03    ";"WEN MARIANO A. -BAÑO MANIA                        ";AV. KOESSLER 1750;952888;"70-122         ";70-122 - BIDE C.CERAM CR VALENCIA;2;2;2;23583362;220926113045181;185046964;;;;10/26/2031 00:00:00;2;14075332;22/09/2026 11:30:45;Maximiliano;Nievas;24852882;22/09/2026 09:29:14;7636;Kevin;Arce;Maximiliano Nievas;Kevin Arce
14421711;22/09/2026 11:30:45;3;2;0001  216121-1;14;RETIRA;2095041;"WM03    ";"WEN MARIANO A. -BAÑO MANIA                        ";AV. KOESSLER 1750;953083;"80-122         ";80-122 - DUCHA EMB.C/TRANSF. C.CERAM CR VALENCIA;2;2;2;23583362;220926113045181;185046886;;;;07/31/2031 00:00:00;2;14075332;22/09/2026 11:30:45;Maximiliano;Nievas;24852882;22/09/2026 09:29:14;7636;Kevin;Arce;Maximiliano Nievas;Kevin Arce
14421717;22/09/2026 11:21:34;3;2;0001  213507-2;14;RETIRA;2091259;"BD04    ";"BARBOZA DIEGO - IN HOUSE ESTUDIO                  ";FULLANA 2600;951316;"18030          ";18030 - PERCHA NIQUEL LINEA BEAT;2;2;2;23583249;220926112132082;185044806;;;;03/10/2032 00:00:00;2;14074971;22/09/2026 11:21:32;Maximiliano;Nievas;24852777;22/09/2026 09:31:21;7839;Claudio;Juarez;Maximiliano Nievas;Claudio Juarez
14421718;22/09/2026 11:24:57;3;2;0001  213668-2;14;RETIRA;2094711;"SY05    ";"SANITARIOS YRIGOYEN CABRERA S. R. L.              ";DEBENEDETTI 3052;951316;"18030          ";18030 - PERCHA NIQUEL LINEA BEAT;8;8;8;23583250;220926112456284;185045017;;;;03/10/2032 00:00:00;8;14075120;22/09/2026 11:24:56;Maximiliano;Nievas;24852777;22/09/2026 09:31:21;7839;Claudio;Juarez;Maximiliano Nievas;Claudio Juarez
14421719;22/09/2026 11:19:51;3;2;0001  214413-2;14;RETIRA;2092110;"DG16    ";"DEKKO GUALEGUAYCHU SRL                            ";PRIMERA JUNTA 1027;951316;"18030          ";18030 - PERCHA NIQUEL LINEA BEAT;1;1;1;23583251;220926111949692;185045088;;;;03/10/2032 00:00:00;1;14074918;22/09/2026 11:19:49;Maximiliano;Nievas;24852777;22/09/2026 09:31:21;7839;Claudio;Juarez;Maximiliano Nievas;Claudio Juarez
14421720;22/09/2026 11:21:51;3;2;0001  215423-2;14;RETIRA;2093945;"PO01    ";"PORAL S.A.C.I.                                    ";AV. HONORIO PUEYRREDON R25 6020;951316;"18030          ";18030 - PERCHA NIQUEL LINEA BEAT;4;4;4;23583252;220926112151064;185045313;;;;03/10/2032 00:00:00;4;14074988;22/09/2026 11:21:51;Maximiliano;Nievas;24852777;22/09/2026 09:31:21;7839;Claudio;Juarez;Maximiliano Nievas;Claudio Juarez
14421721;22/09/2026 11:20:40;3;2;0001  215531-2;14;RETIRA;2092110;"DG16    ";"DEKKO GUALEGUAYCHU SRL                            ";PRIMERA JUNTA 1027;951316;"18030          ";18030 - PERCHA NIQUEL LINEA BEAT;1;1;1;23583253;220926112037782;185045417;;;;03/10/2032 00:00:00;1;14074931;22/09/2026 11:20:37;Maximiliano;Nievas;24852777;22/09/2026 09:31:21;7839;Claudio;Juarez;Maximiliano Nievas;Claudio Juarez
14421722;22/09/2026 11:20:54;3;2;0001  215544-2;14;RETIRA;2184572;"PM25    ";"PARDO MATERIALES SA                               ";ACCESO GUEMES 469;951316;"18030          ";18030 - PERCHA NIQUEL LINEA BEAT;3;3;3;23583254;220926112049725;185045775;;;;03/10/2032 00:00:00;3;14074948;22/09/2026 11:20:49;Maximiliano;Nievas;24852777;22/09/2026 09:31:21;7839;Claudio;Juarez;Maximiliano Nievas;Claudio Juarez
14421723;22/09/2026 11:23:01;3;2;0001  216024-2;14;RETIRA;2247574;"TS11    ";"TODO SANITARIOS Y GAS S.R.L.                      ";AV SANTA FE 1365;951295;"17010N         ";17010N - TOALLERO BARRAL LINEA FABRIC BLACK;1;1;1;23583255;220926112301718;185047771;;;;03/10/2032 00:00:00;1;14075013;22/09/2026 11:23:01;Maximiliano;Nievas;24852777;22/09/2026 09:31:21;7839;Claudio;Juarez;Maximiliano Nievas;Claudio Juarez
14421724;22/09/2026 11:23:14;3;2;0001  216051-1;14;RETIRA;2091972;"CT08    ";"CASATRES 689 SRL - CASATRES                       ";AV. BOULOGNE SUR MER 980;952596;"60-100G        ";60-100G - LAVATORIO GOLD C.CERAM FABRIC;1;1;1;23583363;220926112314637;185047539;;;;11/10/2031 00:00:00;1;14075044;22/09/2026 11:23:14;Maximiliano;Nievas;24852882;22/09/2026 09:29:14;7636;Kevin;Arce;Maximiliano Nievas;Kevin Arce
14421725;22/09/2026 11:39:54;3;2;0001  216062-1;14;RETIRA;2094662;"SS41    ";"SANITARIOS SANJUAN S.R.L.                         ";SANABRIA 2978;952634;"60-162         ";60-162 - LAVATORIO CR C.CERAM LINEA ADRA;2;2;2;23583364;220926113926579;185045212;;;;07/29/2031 00:00:00;2;14075619;22/09/2026 11:39:26;Maximiliano;Nievas;24852882;22/09/2026 09:29:14;7636;Kevin;Arce;Maximiliano Nievas;Kevin Arce
14421725;22/09/2026 11:39:54;3;2;0001  216062-1;14;RETIRA;2094662;"SS41    ";"SANITARIOS SANJUAN S.R.L.                         ";SANABRIA 2978;952635;"60-162N        ";60-162N - LAVATORIO BLACK C.CERAM LINEA ADRA;1;1;1;23583364;220926113926579;185046670;;;;11/03/2031 00:00:00;1;14075619;22/09/2026 11:39:26;Maximiliano;Nievas;24852882;22/09/2026 09:29:14;7636;Kevin;Arce;Maximiliano Nievas;Kevin Arce
14421725;22/09/2026 11:39:54;3;2;0001  216062-1;14;RETIRA;2094662;"SS41    ";"SANITARIOS SANJUAN S.R.L.                         ";SANABRIA 2978;952860;"70-057         ";70-057 - BIDE C.STD VERIN PLUS;1;1;1;23583364;220926113926579;185045665;;;;01/31/2032 00:00:00;1;14075619;22/09/2026 11:39:26;Maximiliano;Nievas;24852882;22/09/2026 09:29:14;7636;Kevin;Arce;Maximiliano Nievas;Kevin Arce
14421725;22/09/2026 11:39:54;3;2;0001  216062-1;14;RETIRA;2094662;"SS41    ";"SANITARIOS SANJUAN S.R.L.                         ";SANABRIA 2978;952912;"70-162         ";70-162 - BIDE CR C.CERAM LINEA ADRA;2;2;2;23583364;220926113926579;185045444;;;;07/29/2031 00:00:00;2;14075619;22/09/2026 11:39:26;Maximiliano;Nievas;24852882;22/09/2026 09:29:14;7636;Kevin;Arce;Maximiliano Nievas;Kevin Arce
14421725;22/09/2026 11:39:54;3;2;0001  216062-1;14;RETIRA;2094662;"SS41    ";"SANITARIOS SANJUAN S.R.L.                         ";SANABRIA 2978;952913;"70-162N        ";70-162N - BIDE BLACK C.CERAM LINEA ADRA;1;1;1;23583364;220926113926579;185047116;;;;02/16/2032 00:00:00;1;14075619;22/09/2026 11:39:26;Maximiliano;Nievas;24852882;22/09/2026 09:29:14;7636;Kevin;Arce;Maximiliano Nievas;Kevin Arce
14421725;22/09/2026 11:39:54;3;2;0001  216062-1;14;RETIRA;2094662;"SS41    ";"SANITARIOS SANJUAN S.R.L.                         ";SANABRIA 2978;953059;"80-057         ";80-057 - DUCHA EMB. C/TRANSF. C.STD VERIN PLUS;1;1;1;23583364;220926113926579;185045598;;;;02/08/2032 00:00:00;1;14075619;22/09/2026 11:39:26;Maximiliano;Nievas;24852882;22/09/2026 09:29:14;7636;Kevin;Arce;Maximiliano Nievas;Kevin Arce
14421725;22/09/2026 11:39:54;3;2;0001  216062-1;14;RETIRA;2094662;"SS41    ";"SANITARIOS SANJUAN S.R.L.                         ";SANABRIA 2978;953324;"835            ";835 - JGO.MDA. P.FUNDIDO CR MURCIA;2;2;2;23583364;220926113926579;185046279;;;;07/29/2031 00:00:00;2;14075619;22/09/2026 11:39:26;Maximiliano;Nievas;24852882;22/09/2026 09:29:14;7636;Kevin;Arce;Maximiliano Nievas;Kevin Arce
14421725;22/09/2026 11:39:54;3;2;0001  216062-1;14;RETIRA;2094662;"SS41    ";"SANITARIOS SANJUAN S.R.L.                         ";SANABRIA 2978;954918;"BCH16          ";BCH16 - BACHA DE APOYAR BLANCA 610x457x254 C/DESAGOTE Y REJILLA;1;1;1;23583581;220926113953995;185046836;;;;01/06/2032 00:00:00;1;14075686;22/09/2026 11:39:53;Maximiliano;Nievas;24853051;22/09/2026 09:27:28;7827;Javier;Machado;Maximiliano Nievas;Javier Machado
14421725;22/09/2026 11:39:54;3;2;0001  216062-1;14;RETIRA;2094662;"SS41    ";"SANITARIOS SANJUAN S.R.L.                         ";SANABRIA 2978;951553;"20-184         ";"MONOCOMANDO DE COCINA CR SUV                                          ";10;10;10;23583849;220926113704361;185050353;;;;10/04/2031 00:00:00;5;14075353;22/09/2026 11:37:04;Maximiliano;Nievas;24853243;22/09/2026 09:46:25;7827;Javier;Machado;Maximiliano Nievas;Javier Machado
14421725;22/09/2026 11:39:54;3;2;0001  216062-1;14;RETIRA;2094662;"SS41    ";"SANITARIOS SANJUAN S.R.L.                         ";SANABRIA 2978;952955;"70-203N        ";"BIDE MONOCOMANDO ADRA BLACK                                           ";1;1;1;23583849;220926113704361;185049746;;;;07/27/2031 00:00:00;1;14075353;22/09/2026 11:37:04;Maximiliano;Nievas;24853243;22/09/2026 09:46:25;7827;Javier;Machado;Maximiliano Nievas;Javier Machado
14421725;22/09/2026 11:39:54;3;2;0001  216062-1;14;RETIRA;2094662;"SS41    ";"SANITARIOS SANJUAN S.R.L.                         ";SANABRIA 2978;951983;"3050           ";3050 - JABONERA LINEA 3000;2;2;2;23590682;220926113327688;185048962;;;;07/27/2031 00:00:00;2;14075437;22/09/2026 11:33:27;Maximiliano;Nievas;;;;;;Maximiliano Nievas;
14421725;22/09/2026 11:39:54;3;2;0001  216062-1;14;RETIRA;2094662;"SS41    ";"SANITARIOS SANJUAN S.R.L.                         ";SANABRIA 2978;951975;"3040           ";3040 - PORTA ROLLO LINEA 3000;2;2;2;23590682;220926113327688;185048758;;;;07/27/2031 00:00:00;2;14075437;22/09/2026 11:33:27;Maximiliano;Nievas;;;;;;Maximiliano Nievas;
14421725;22/09/2026 11:39:54;3;2;0001  216062-1;14;RETIRA;2094662;"SS41    ";"SANITARIOS SANJUAN S.R.L.                         ";SANABRIA 2978;951833;"30-132         ";30-132 - COCINA MESADA MONOC. C/DUCHADOR EXTENSIBLE VIGO;1;1;1;23590719;220926113423249;185050586;;;;10/07/2031 00:00:00;1;14075468;22/09/2026 11:34:23;Maximiliano;Nievas;;;;;;Maximiliano Nievas;
14421725;22/09/2026 11:39:54;3;2;0001  216062-1;14;RETIRA;2094662;"SS41    ";"SANITARIOS SANJUAN S.R.L.                         ";SANABRIA 2978;953331;"84-190         ";84-190 - DUCHA EXTERIOR CON COLUMNA BLACK VELVET;1;1;1;23590719;220926113423249;185051214;;;;10/06/2031 00:00:00;1;14075468;22/09/2026 11:34:23;Maximiliano;Nievas;;;;;;Maximiliano Nievas;
14421725;22/09/2026 11:39:54;3;2;0001  216062-1;14;RETIRA;2094662;"SS41    ";"SANITARIOS SANJUAN S.R.L.                         ";SANABRIA 2978;952499;"54-203         ";"COCINA PARED EXT C.CERAM ADRA MONOCOMANDO                             ";2;2;2;23590719;220926113423249;185052794;;;;02/18/2032 00:00:00;2;14075468;22/09/2026 11:34:23;Maximiliano;Nievas;;;;;;Maximiliano Nievas;
14421725;22/09/2026 11:39:54;3;2;0001  216062-1;14;RETIRA;2094662;"SS41    ";"SANITARIOS SANJUAN S.R.L.                         ";SANABRIA 2978;951530;"20-146         ";20-146 - MONOCOMANDO DE COCINA CR LINEA MOVE;1;1;1;23590792;220926113600799;185052313;;;;11/23/2031 00:00:00;1;14075525;22/09/2026 11:36:00;Maximiliano;Nievas;;;;;;Maximiliano Nievas;
14421725;22/09/2026 11:39:54;3;2;0001  216062-1;14;RETIRA;2094662;"SS41    ";"SANITARIOS SANJUAN S.R.L.                         ";SANABRIA 2978;951553;"20-184         ";"MONOCOMANDO DE COCINA CR SUV                                          ";10;10;10;23590792;220926113600799;185096179;;;;10/04/2031 00:00:00;5;14075525;22/09/2026 11:36:00;Maximiliano;Nievas;;;;;;Maximiliano Nievas;
14421725;22/09/2026 11:39:54;3;2;0001  216062-1;14;RETIRA;2094662;"SS41    ";"SANITARIOS SANJUAN S.R.L.                         ";SANABRIA 2978;951531;"20-146N        ";20-146N - MONOCOMANDO DE COCINA BLACK LINEA MOVE;1;1;1;23590792;220926113600799;185051922;;;;07/30/2031 00:00:00;1;14075525;22/09/2026 11:36:00;Maximiliano;Nievas;;;;;;Maximiliano Nievas;
14421725;22/09/2026 11:39:54;3;2;0001  216062-1;14;RETIRA;2094662;"SS41    ";"SANITARIOS SANJUAN S.R.L.                         ";SANABRIA 2978;952449;"51-107         ";51-107 - JGO. MESADA CR C.CERAM BEDIA;2;2;2;23590940;220926113843748;185046514;;;;11/10/2031 00:00:00;2;14075650;22/09/2026 11:38:43;Maximiliano;Nievas;;;;;;Maximiliano Nievas;
14421725;22/09/2026 11:39:54;3;2;0001  216062-1;14;RETIRA;2094662;"SS41    ";"SANITARIOS SANJUAN S.R.L.                         ";SANABRIA 2978;953110;"80-166N        ";80-166N - DUCHA EMB. C/TRANSF. BLACK C.CERAM ADRA PLUS;2;2;2;23590940;220926113843748;185047318;;;;01/12/2032 00:00:00;2;14075650;22/09/2026 11:38:43;Maximiliano;Nievas;;;;;;Maximiliano Nievas;
14421725;22/09/2026 11:39:54;3;2;0001  216062-1;14;RETIRA;2094662;"SS41    ";"SANITARIOS SANJUAN S.R.L.                         ";SANABRIA 2978;955159;"D439           ";D439 - KIT DE DUCHA MANUAL;2;2;2;23590940;220926113843748;185045937;;;;12/16/2031 00:00:00;2;14075650;22/09/2026 11:38:43;Maximiliano;Nievas;;;;;;Maximiliano Nievas;
14421726;22/09/2026 11:23:59;3;2;0001  216171-1;14;RETIRA;2440672;"GO08    ";"GOMEZ-OLIVO SRL - HG SANITARIOS                   ";ESTADO DE ISRAEL 4805;952499;"54-203         ";"COCINA PARED EXT C.CERAM ADRA MONOCOMANDO                             ";10;10;10;23583256;220926112357604;185047119;;;;02/18/2032 00:00:00;10;14075068;22/09/2026 11:23:57;Maximiliano;Nievas;24852777;22/09/2026 09:31:21;7839;Claudio;Juarez;Maximiliano Nievas;Claudio Juarez
14421796;22/09/2026 15:54:47;3;2;0001  215291-2;02;CAMIONETA JUE 1;2093008;"JA01    ";"JOSE ANACLETO E HIJOS S.A.                        ";CALLE 44 1031;953346;"85-168         ";85-168 - DUCHA MONOC C/TRANSF Y DUCHADOR CR WAVE;1;1;1;23585457;220926155445126;185063008;;;;03/08/2032 00:00:00;1;14083694;22/09/2026 15:54:45;Maximiliano;Nievas;24854484;22/09/2026 10:24:19;7827;Javier;Machado;Maximiliano Nievas;Javier Machado
14421797;22/09/2026 15:54:16;3;2;0001  215668-2;02;CAMIONETA JUE 1;2093008;"JA01    ";"JOSE ANACLETO E HIJOS S.A.                        ";CALLE 44 1031;953346;"85-168         ";85-168 - DUCHA MONOC C/TRANSF Y DUCHADOR CR WAVE;1;1;1;23585458;220926155415531;185063203;;;;03/08/2032 00:00:00;1;14083671;22/09/2026 15:54:15;Maximiliano;Nievas;24854484;22/09/2026 10:24:19;7827;Javier;Machado;Maximiliano Nievas;Javier Machado
14421798;22/09/2026 15:24:37;3;2;0001  215954-1;02;CAMIONETA JUE 1;2092285;"EG02    ";"EMPRESA GUANZETTI S.A.                            ";DIAGONAL 74 ESQ. 65;953312;"83-133         ";83-133 - DUCHA EXT. C/TRANSF. MONOCOMANDO LUGO;3;3;3;23589069;220926151313129;185086090;;;;09/03/2031 00:00:00;3;14081648;22/09/2026 15:13:13;Maximiliano;Nievas;24857967;22/09/2026 11:27:12;7839;Claudio;Juarez;Maximiliano Nievas;Claudio Juarez
14421798;22/09/2026 15:24:37;3;2;0001  215954-1;02;CAMIONETA JUE 1;2092285;"EG02    ";"EMPRESA GUANZETTI S.A.                            ";DIAGONAL 74 ESQ. 65;952661;"60-193         ";60-193 - LAVATORIO MONOCOMANDO BAJO MORA;2;2;2;23589069;220926151313129;185091406;;;;07/28/2031 00:00:00;2;14081648;22/09/2026 15:13:13;Maximiliano;Nievas;24857967;22/09/2026 11:27:12;7839;Claudio;Juarez;Maximiliano Nievas;Claudio Juarez
14421798;22/09/2026 15:24:37;3;2;0001  215954-1;02;CAMIONETA JUE 1;2092285;"EG02    ";"EMPRESA GUANZETTI S.A.                            ";DIAGONAL 74 ESQ. 65;951508;"20-121         ";20-121 - COCINA MSDA MONOC.P. REDONDO MARBELLA;3;3;3;23589069;220926151313129;185089795;;;;07/30/2031 00:00:00;3;14081648;22/09/2026 15:13:13;Maximiliano;Nievas;24857967;22/09/2026 11:27:12;7839;Claudio;Juarez;Maximiliano Nievas;Claudio Juarez
14421798;22/09/2026 15:24:37;3;2;0001  215954-1;02;CAMIONETA JUE 1;2092285;"EG02    ";"EMPRESA GUANZETTI S.A.                            ";DIAGONAL 74 ESQ. 65;952610;"60-122         ";60-122 - LAVATORIO C.CERAM CR VALENCIA;2;2;2;23590929;220926152437165;185102447;;;;01/19/2032 00:00:00;1;14081594;22/09/2026 15:24:37;Maximiliano;Nievas;24860059;22/09/2026 12:00:02;7636;Kevin;Arce;Maximiliano Nievas;Kevin Arce
14421798;22/09/2026 15:24:37;3;2;0001  215954-1;02;CAMIONETA JUE 1;2092285;"EG02    ";"EMPRESA GUANZETTI S.A.                            ";DIAGONAL 74 ESQ. 65;952419;"51-001N        ";"51-001N - COCINA MESADA ""CROMO Y""";3;3;3;23590929;220926152437165;185103274;;;;07/29/2031 00:00:00;3;14081594;22/09/2026 15:24:37;Maximiliano;Nievas;24860059;22/09/2026 12:00:02;7636;Kevin;Arce;Maximiliano Nievas;Kevin Arce
14421798;22/09/2026 15:24:37;3;2;0001  215954-1;02;CAMIONETA JUE 1;2092285;"EG02    ";"EMPRESA GUANZETTI S.A.                            ";DIAGONAL 74 ESQ. 65;953432;"910/M          ";"910/M - JGO.MDA.P.CANO CROMO ""DIQUE""";6;6;6;23590929;220926152437165;185102155;;;;12/21/2031 00:00:00;6;14081594;22/09/2026 15:24:37;Maximiliano;Nievas;24860059;22/09/2026 12:00:02;7636;Kevin;Arce;Maximiliano Nievas;Kevin Arce
14421798;22/09/2026 15:24:37;3;2;0001  215954-1;02;CAMIONETA JUE 1;2092285;"EG02    ";"EMPRESA GUANZETTI S.A.                            ";DIAGONAL 74 ESQ. 65;951301;"17030N         ";17030N - PERCHA LINEA FABRIC BLACK;1;1;1;23601056;220926150129074;185086580;;;;07/28/2031 00:00:00;1;14081686;22/09/2026 15:01:29;Maximiliano;Nievas;;;;;;Maximiliano Nievas;
14421798;22/09/2026 15:24:37;3;2;0001  215954-1;02;CAMIONETA JUE 1;2092285;"EG02    ";"EMPRESA GUANZETTI S.A.                            ";DIAGONAL 74 ESQ. 65;951304;"17040N         ";17040N - PORTA ROLLO LINEA FABRIC BLACK;1;1;1;23601056;220926150129074;185086826;;;;07/29/2031 00:00:00;1;14081686;22/09/2026 15:01:29;Maximiliano;Nievas;;;;;;Maximiliano Nievas;
14421798;22/09/2026 15:24:37;3;2;0001  215954-1;02;CAMIONETA JUE 1;2092285;"EG02    ";"EMPRESA GUANZETTI S.A.                            ";DIAGONAL 74 ESQ. 65;951310;"17060N         ";17060N - PORTA VASO Y CEPILLO  LINEA FABRIC BLACK;1;1;1;23601056;220926150129074;185086729;;;;07/29/2031 00:00:00;1;14081686;22/09/2026 15:01:29;Maximiliano;Nievas;;;;;;Maximiliano Nievas;
14421798;22/09/2026 15:24:37;3;2;0001  215954-1;02;CAMIONETA JUE 1;2092285;"EG02    ";"EMPRESA GUANZETTI S.A.                            ";DIAGONAL 74 ESQ. 65;954651;"A816           ";"A816 - DUCHA 6"" C/BRAZO Y CAMPANA CR";2;2;2;23601056;220926150129074;185090766;;;;07/27/2031 00:00:00;2;14081686;22/09/2026 15:01:29;Maximiliano;Nievas;;;;;;Maximiliano Nievas;
14421798;22/09/2026 15:24:37;3;2;0001  215954-1;02;CAMIONETA JUE 1;2092285;"EG02    ";"EMPRESA GUANZETTI S.A.                            ";DIAGONAL 74 ESQ. 65;953056;"8005           ";8005 - SET DE 5 PIEZAS LINEA 8000;4;4;4;23601206;220926150325176;185088009;;;;07/27/2031 00:00:00;4;14081781;22/09/2026 15:03:25;Maximiliano;Nievas;;;;;;Maximiliano Nievas;
14421798;22/09/2026 15:24:37;3;2;0001  215954-1;02;CAMIONETA JUE 1;2092285;"EG02    ";"EMPRESA GUANZETTI S.A.                            ";DIAGONAL 74 ESQ. 65;951523;"20-134         ";20-134 - MONOCOMANDO COCINA BETIS;1;1;1;23601206;220926150325176;185084829;;;;08/11/2031 00:00:00;1;14081781;22/09/2026 15:03:25;Maximiliano;Nievas;;;;;;Maximiliano Nievas;
14421798;22/09/2026 15:24:37;3;2;0001  215954-1;02;CAMIONETA JUE 1;2092285;"EG02    ";"EMPRESA GUANZETTI S.A.                            ";DIAGONAL 74 ESQ. 65;951098;"11006          ";"SET DE 6 PIEZAS LINEA 11000                                           ";3;3;3;23601339;220926150531053;185091623;;;;07/29/2031 00:00:00;3;14081856;22/09/2026 15:05:31;Maximiliano;Nievas;;;;;;Maximiliano Nievas;
14421798;22/09/2026 15:24:37;3;2;0001  215954-1;02;CAMIONETA JUE 1;2092285;"EG02    ";"EMPRESA GUANZETTI S.A.                            ";DIAGONAL 74 ESQ. 65;951258;"16006          ";16006 - SET 6 PIEZAS ACCESORIOS LINEA 16000;1;1;1;23601339;220926150531053;185084947;;;;07/29/2031 00:00:00;1;14081856;22/09/2026 15:05:31;Maximiliano;Nievas;;;;;;Maximiliano Nievas;
14421798;22/09/2026 15:24:37;3;2;0001  215954-1;02;CAMIONETA JUE 1;2092285;"EG02    ";"EMPRESA GUANZETTI S.A.                            ";DIAGONAL 74 ESQ. 65;952721;"61-193         ";61-193 - LAVATORIO MONOCOMANDO ALTO MORA;1;1;1;23601565;220926150905834;185091333;;;;07/27/2031 00:00:00;1;14081986;22/09/2026 15:09:05;Maximiliano;Nievas;;;;;;Maximiliano Nievas;
14421798;22/09/2026 15:24:37;3;2;0001  215954-1;02;CAMIONETA JUE 1;2092285;"EG02    ";"EMPRESA GUANZETTI S.A.                            ";DIAGONAL 74 ESQ. 65;951536;"20-162         ";20-162 - MONOCOMANDO COCINA ADRA;4;4;4;23601565;220926150905834;185085581;;;;07/28/2031 00:00:00;4;14081986;22/09/2026 15:09:05;Maximiliano;Nievas;;;;;;Maximiliano Nievas;
14421798;22/09/2026 15:24:37;3;2;0001  215954-1;02;CAMIONETA JUE 1;2092285;"EG02    ";"EMPRESA GUANZETTI S.A.                            ";DIAGONAL 74 ESQ. 65;951512;"20-122         ";"MONOCOMANDO COCINA CR C/PICO EXTRAIBLE VALENCIA                       ";6;6;6;23601712;220926151111568;185089078;;;;08/06/2031 00:00:00;6;14082067;22/09/2026 15:11:11;Maximiliano;Nievas;;;;;;Maximiliano Nievas;
14421798;22/09/2026 15:24:37;3;2;0001  215954-1;02;CAMIONETA JUE 1;2092285;"EG02    ";"EMPRESA GUANZETTI S.A.                            ";DIAGONAL 74 ESQ. 65;953967;"A1250          ";A1250 - COLUMNA DE DUCHA CROMO;1;1;1;23601766;220926151212002;185090427;;;;07/27/2031 00:00:00;1;14082106;22/09/2026 15:12:12;Maximiliano;Nievas;;;;;;Maximiliano Nievas;
14421798;22/09/2026 15:24:37;3;2;0001  215954-1;02;CAMIONETA JUE 1;2092285;"EG02    ";"EMPRESA GUANZETTI S.A.                            ";DIAGONAL 74 ESQ. 65;951307;"17050N         ";17050N - JABONERA  LINEA FABRIC BLACK;1;1;1;23601766;220926151212002;185086966;;;;07/30/2031 00:00:00;1;14082106;22/09/2026 15:12:12;Maximiliano;Nievas;;;;;;Maximiliano Nievas;
14421798;22/09/2026 15:24:37;3;2;0001  215954-1;02;CAMIONETA JUE 1;2092285;"EG02    ";"EMPRESA GUANZETTI S.A.                            ";DIAGONAL 74 ESQ. 65;951298;"17020N         ";17020N - TOALLERO DE ARO LINEA FABRIC BLACK;1;1;1;23601766;220926151212002;185086933;;;;07/29/2031 00:00:00;1;14082106;22/09/2026 15:12:12;Maximiliano;Nievas;;;;;;Maximiliano Nievas;
14421798;22/09/2026 15:24:37;3;2;0001  215954-1;02;CAMIONETA JUE 1;2092285;"EG02    ";"EMPRESA GUANZETTI S.A.                            ";DIAGONAL 74 ESQ. 65;951620;"214/CR         ";214/CR - LAVATORIO CR/CR ARES;3;3;3;23602228;220926152011226;185103546;;;;01/27/2032 00:00:00;3;14082412;22/09/2026 15:20:11;Maximiliano;Nievas;;;;;;Maximiliano Nievas;
14421798;22/09/2026 15:24:37;3;2;0001  215954-1;02;CAMIONETA JUE 1;2092285;"EG02    ";"EMPRESA GUANZETTI S.A.                            ";DIAGONAL 74 ESQ. 65;953243;"814/CR         ";814/CR - MESADA P.FUNDIDO CR/CR ARES;7;7;7;23602228;220926152011226;185103920;;;;01/13/2032 00:00:00;7;14082412;22/09/2026 15:20:11;Maximiliano;Nievas;;;;;;Maximiliano Nievas;
14421798;22/09/2026 15:24:37;3;2;0001  215954-1;02;CAMIONETA JUE 1;2092285;"EG02    ";"EMPRESA GUANZETTI S.A.                            ";DIAGONAL 74 ESQ. 65;952862;"70-058         ";70-058 - BIDE CR C.STD MALBA;2;2;2;23602265;220926152101488;185100173;;;;10/20/2031 00:00:00;2;14082446;22/09/2026 15:21:01;Maximiliano;Nievas;;;;;;Maximiliano Nievas;
14421798;22/09/2026 15:24:37;3;2;0001  215954-1;02;CAMIONETA JUE 1;2092285;"EG02    ";"EMPRESA GUANZETTI S.A.                            ";DIAGONAL 74 ESQ. 65;951568;"203            ";"203 - LAVATORIO CROMO ""DIQUE""";5;5;5;23602265;220926152101488;185101688;;;;01/11/2032 00:00:00;5;14082446;22/09/2026 15:21:01;Maximiliano;Nievas;;;;;;Maximiliano Nievas;
14421798;22/09/2026 15:24:37;3;2;0001  215954-1;02;CAMIONETA JUE 1;2092285;"EG02    ";"EMPRESA GUANZETTI S.A.                            ";DIAGONAL 74 ESQ. 65;951957;"303            ";"303 - BIDET CROMO ""DIQUE""";1;1;1;23602265;220926152101488;185101063;;;;11/25/2031 00:00:00;1;14082446;22/09/2026 15:21:01;Maximiliano;Nievas;;;;;;Maximiliano Nievas;
14421798;22/09/2026 15:24:37;3;2;0001  215954-1;02;CAMIONETA JUE 1;2092285;"EG02    ";"EMPRESA GUANZETTI S.A.                            ";DIAGONAL 74 ESQ. 65;952437;"51-057         ";51-057 - COCINA MESADA CR C.STD VERIN PLUS;2;2;2;23602265;220926152101488;185104347;;;;01/27/2032 00:00:00;2;14082446;22/09/2026 15:21:01;Maximiliano;Nievas;;;;;;Maximiliano Nievas;
14421798;22/09/2026 15:24:37;3;2;0001  215954-1;02;CAMIONETA JUE 1;2092285;"EG02    ";"EMPRESA GUANZETTI S.A.                            ";DIAGONAL 74 ESQ. 65;952912;"70-162         ";70-162 - BIDE CR C.CERAM LINEA ADRA;4;4;4;23602297;220926152207524;185098842;;;;07/29/2031 00:00:00;4;14082490;22/09/2026 15:22:07;Maximiliano;Nievas;;;;;;Maximiliano Nievas;
14421798;22/09/2026 15:24:37;3;2;0001  215954-1;02;CAMIONETA JUE 1;2092285;"EG02    ";"EMPRESA GUANZETTI S.A.                            ";DIAGONAL 74 ESQ. 65;952583;"60-058         ";60-058 - LAVATORIO CR C.STD MALBA;2;2;2;23602297;220926152207524;185100729;;;;12/03/2031 00:00:00;2;14082490;22/09/2026 15:22:07;Maximiliano;Nievas;;;;;;Maximiliano Nievas;
14421798;22/09/2026 15:24:37;3;2;0001  215954-1;02;CAMIONETA JUE 1;2092285;"EG02    ";"EMPRESA GUANZETTI S.A.                            ";DIAGONAL 74 ESQ. 65;952438;"51-058         ";51-058 - COCINA MESADA CR C.STD MALBA;3;3;3;23602297;220926152207524;185183546;;;;10/19/2031 00:00:00;1;14082490;22/09/2026 15:22:07;Maximiliano;Nievas;;;;;;Maximiliano Nievas;
14421798;22/09/2026 15:24:37;3;2;0001  215954-1;02;CAMIONETA JUE 1;2092285;"EG02    ";"EMPRESA GUANZETTI S.A.                            ";DIAGONAL 74 ESQ. 65;952426;"51-010         ";51-010 - COCINA MESADA BL/CR LORCA;3;3;3;23602297;220926152207524;185099443;;;;01/14/2032 00:00:00;3;14082490;22/09/2026 15:22:07;Maximiliano;Nievas;;;;;;Maximiliano Nievas;
14421798;22/09/2026 15:24:37;3;2;0001  215954-1;02;CAMIONETA JUE 1;2092285;"EG02    ";"EMPRESA GUANZETTI S.A.                            ";DIAGONAL 74 ESQ. 65;952438;"51-058         ";51-058 - COCINA MESADA CR C.STD MALBA;3;3;3;23602369;220926152305008;185099155;;;;10/19/2031 00:00:00;2;14082528;22/09/2026 15:23:05;Maximiliano;Nievas;;;;;;Maximiliano Nievas;
14421798;22/09/2026 15:24:37;3;2;0001  215954-1;02;CAMIONETA JUE 1;2092285;"EG02    ";"EMPRESA GUANZETTI S.A.                            ";DIAGONAL 74 ESQ. 65;952610;"60-122         ";60-122 - LAVATORIO C.CERAM CR VALENCIA;2;2;2;23602369;220926152305008;185183966;;;;01/19/2032 00:00:00;1;14082528;22/09/2026 15:23:05;Maximiliano;Nievas;;;;;;Maximiliano Nievas;
14421798;22/09/2026 15:24:37;3;2;0001  215954-1;02;CAMIONETA JUE 1;2092285;"EG02    ";"EMPRESA GUANZETTI S.A.                            ";DIAGONAL 74 ESQ. 65;952634;"60-162         ";60-162 - LAVATORIO CR C.CERAM LINEA ADRA;3;3;3;23602369;220926152305008;185098140;;;;07/29/2031 00:00:00;3;14082528;22/09/2026 15:23:05;Maximiliano;Nievas;;;;;;Maximiliano Nievas;
14421798;22/09/2026 15:24:37;3;2;0001  215954-1;02;CAMIONETA JUE 1;2092285;"EG02    ";"EMPRESA GUANZETTI S.A.                            ";DIAGONAL 74 ESQ. 65;952821;"70-001N        ";"70-001N - BIDE ""CROMO Y""";1;1;1;23602369;220926152305008;185103166;;;;07/31/2031 00:00:00;1;14082528;22/09/2026 15:23:05;Maximiliano;Nievas;;;;;;Maximiliano Nievas;
14421798;22/09/2026 15:24:37;3;2;0001  215954-1;02;CAMIONETA JUE 1;2092285;"EG02    ";"EMPRESA GUANZETTI S.A.                            ";DIAGONAL 74 ESQ. 65;953109;"80-166         ";"DUCHA EMB. C/TRANSF. CR C.CERAM ADRA PLUS                             ";3;3;3;23602388;220926152334612;185098461;;;;01/19/2032 00:00:00;3;14082541;22/09/2026 15:23:34;Maximiliano;Nievas;;;;;;Maximiliano Nievas;
14421798;22/09/2026 15:24:37;3;2;0001  215954-1;02;CAMIONETA JUE 1;2092285;"EG02    ";"EMPRESA GUANZETTI S.A.                            ";DIAGONAL 74 ESQ. 65;952453;"51-131         ";51-131 - MESADA BIMANDO CR C.CERAM MALLORCA;1;1;1;23602388;220926152334612;185102944;;;;01/31/2032 00:00:00;1;14082541;22/09/2026 15:23:34;Maximiliano;Nievas;;;;;;Maximiliano Nievas;
14421799;22/09/2026 15:57:04;3;2;0001  215985-1;02;CAMIONETA JUE 1;2092285;"EG02    ";"EMPRESA GUANZETTI S.A.                            ";DIAGONAL 74 ESQ. 65;952620;"60-135         ";60-135 - LAVATORIO C.CERAM SANTANDER;1;1;1;23585459;220926155704193;185061881;;;;01/14/2032 00:00:00;1;14083780;22/09/2026 15:57:04;Maximiliano;Nievas;24854484;22/09/2026 10:24:19;7827;Javier;Machado;Maximiliano Nievas;Javier Machado
14421799;22/09/2026 15:57:04;3;2;0001  215985-1;02;CAMIONETA JUE 1;2092285;"EG02    ";"EMPRESA GUANZETTI S.A.                            ";DIAGONAL 74 ESQ. 65;952898;"70-135         ";70-135 - BIDE C.CERAM SANTANDER;1;1;1;23585459;220926155704193;185061578;;;;02/18/2032 00:00:00;1;14083780;22/09/2026 15:57:04;Maximiliano;Nievas;24854484;22/09/2026 10:24:19;7827;Javier;Machado;Maximiliano Nievas;Javier Machado
14421800;22/09/2026 15:46:25;3;2;0001  215986-1;02;CAMIONETA JUE 1;2093008;"JA01    ";"JOSE ANACLETO E HIJOS S.A.                        ";CALLE 44 1031;953154;"80-200N        ";80-200N - DUCHA EMB. MONOC. 3 FUNCIONES BLACK FABRIC;2;2;2;23585460;220926154625189;185062534;;;;01/18/2032 00:00:00;2;14083360;22/09/2026 15:46:25;Maximiliano;Nievas;24854484;22/09/2026 10:24:19;7827;Javier;Machado;Maximiliano Nievas;Javier Machado
14421800;22/09/2026 15:46:25;3;2;0001  215986-1;02;CAMIONETA JUE 1;2093008;"JA01    ";"JOSE ANACLETO E HIJOS S.A.                        ";CALLE 44 1031;953347;"85-168N        ";85-168N - DUCHA MONOC C/TRANSF Y DUCHADOR BLACK WAVE;1;1;1;23585460;220926154625189;185064880;;;;02/04/2032 00:00:00;1;14083360;22/09/2026 15:46:25;Maximiliano;Nievas;24854484;22/09/2026 10:24:19;7827;Javier;Machado;Maximiliano Nievas;Javier Machado
14421800;22/09/2026 15:46:25;3;2;0001  215986-1;02;CAMIONETA JUE 1;2093008;"JA01    ";"JOSE ANACLETO E HIJOS S.A.                        ";CALLE 44 1031;957651;"RA1314B        ";RA1314B - CONJ. BRAZO Y FLOR DE DUCHA LIVE WHITE;1;1;1;23585460;220926154625189;185066519;;;;07/29/2031 00:00:00;1;14083360;22/09/2026 15:46:25;Maximiliano;Nievas;24854484;22/09/2026 10:24:19;7827;Javier;Machado;Maximiliano Nievas;Javier Machado
14421800;22/09/2026 15:46:25;3;2;0001  215986-1;02;CAMIONETA JUE 1;2093008;"JA01    ";"JOSE ANACLETO E HIJOS S.A.                        ";CALLE 44 1031;953159;"80-203P        ";80-203P - DUCHA EMB C/TRANSF. MONOCOMANDO ADRA PLUS;10;10;10;23585807;220926154416742;185067112;;;;07/28/2031 00:00:00;4;14083005;22/09/2026 15:44:16;Maximiliano;Nievas;24854829;22/09/2026 11:02:08;7839;Claudio;Juarez;Maximiliano Nievas;Claudio Juarez
14421800;22/09/2026 15:46:25;3;2;0001  215986-1;02;CAMIONETA JUE 1;2093008;"JA01    ";"JOSE ANACLETO E HIJOS S.A.                        ";CALLE 44 1031;952796;"63-168N        ";"LAVATORIO PARED EMB MONOC BLACK WAVE                                  ";1;1;1;23585807;220926154416742;185079398;;;;07/28/2031 00:00:00;1;14083005;22/09/2026 15:44:16;Maximiliano;Nievas;24854829;22/09/2026 11:02:08;7839;Claudio;Juarez;Maximiliano Nievas;Claudio Juarez
14421800;22/09/2026 15:46:25;3;2;0001  215986-1;02;CAMIONETA JUE 1;2093008;"JA01    ";"JOSE ANACLETO E HIJOS S.A.                        ";CALLE 44 1031;957678;"RA1380         ";RA1380 - CHAPA VISTA DUCHA EMB C/TRANSF. MONOC SORIA;2;2;2;23603203;220926153755441;185063334;;;;08/02/2031 00:00:00;2;14083060;22/09/2026 15:37:55;Maximiliano;Nievas;;;;;;Maximiliano Nievas;
14421800;22/09/2026 15:46:25;3;2;0001  215986-1;02;CAMIONETA JUE 1;2093008;"JA01    ";"JOSE ANACLETO E HIJOS S.A.                        ";CALLE 44 1031;957640;"RA1299         ";RA1299 - BOLSA CONEXION BIDE FABRIC / PRADO;2;2;2;23603203;220926153755441;185061401;;;;08/02/2031 00:00:00;2;14083060;22/09/2026 15:37:55;Maximiliano;Nievas;;;;;;Maximiliano Nievas;
14421800;22/09/2026 15:46:25;3;2;0001  215986-1;02;CAMIONETA JUE 1;2093008;"JA01    ";"JOSE ANACLETO E HIJOS S.A.                        ";CALLE 44 1031;957480;"RA1088         ";RA1088 - TRANSFERENCIA COMPLETA DUCHA EMB. SORIA;2;2;2;23603203;220926153755441;185063812;;;;08/02/2031 00:00:00;2;14083060;22/09/2026 15:37:55;Maximiliano;Nievas;;;;;;Maximiliano Nievas;
14421800;22/09/2026 15:46:25;3;2;0001  215986-1;02;CAMIONETA JUE 1;2093008;"JA01    ";"JOSE ANACLETO E HIJOS S.A.                        ";CALLE 44 1031;957454;"RA1052         ";RA1052 - MANIJA MONOCOMANDO LINEA SORIA;2;2;2;23603203;220926153755441;185063552;;;;08/02/2031 00:00:00;2;14083060;22/09/2026 15:37:55;Maximiliano;Nievas;;;;;;Maximiliano Nievas;
14421800;22/09/2026 15:46:25;3;2;0001  215986-1;02;CAMIONETA JUE 1;2093008;"JA01    ";"JOSE ANACLETO E HIJOS S.A.                        ";CALLE 44 1031;957411;"RA032          ";RA032 - FLEXIBLE PARA CONEXION BIDE;2;2;2;23603203;220926153755441;185061234;;;;08/02/2031 00:00:00;2;14083060;22/09/2026 15:37:55;Maximiliano;Nievas;;;;;;Maximiliano Nievas;
14421800;22/09/2026 15:46:25;3;2;0001  215986-1;02;CAMIONETA JUE 1;2093008;"JA01    ";"JOSE ANACLETO E HIJOS S.A.                        ";CALLE 44 1031;957896;"RA846          ";RA846 - PICO DUCHA RODA / MARBELLA / VALENCIA;2;2;2;23603203;220926153755441;185063126;;;;07/31/2031 00:00:00;2;14083060;22/09/2026 15:37:55;Maximiliano;Nievas;;;;;;Maximiliano Nievas;
14421800;22/09/2026 15:46:25;3;2;0001  215986-1;02;CAMIONETA JUE 1;2093008;"JA01    ";"JOSE ANACLETO E HIJOS S.A.                        ";CALLE 44 1031;953159;"80-203P        ";80-203P - DUCHA EMB C/TRANSF. MONOCOMANDO ADRA PLUS;10;10;10;23603575;220926154400459;185193523;;;;07/28/2031 00:00:00;6;14083268;22/09/2026 15:44:00;Maximiliano;Nievas;;;;;;Maximiliano Nievas;
14421801;22/09/2026 16:07:59;3;2;0001  212948-2;02;CAMIONETA JUE 1;2093008;"JA01    ";"JOSE ANACLETO E HIJOS S.A.                        ";CALLE 44 1031;951316;"18030          ";18030 - PERCHA NIQUEL LINEA BEAT;2;2;2;23585808;220926160756008;185073980;;;;03/10/2032 00:00:00;2;14084180;22/09/2026 16:07:56;Maximiliano;Nievas;24854829;22/09/2026 11:02:08;7839;Claudio;Juarez;Maximiliano Nievas;Claudio Juarez
14421802;22/09/2026 16:10:00;3;2;0001  213078-2;02;CAMIONETA JUE 1;2093008;"JA01    ";"JOSE ANACLETO E HIJOS S.A.                        ";CALLE 44 1031;951316;"18030          ";18030 - PERCHA NIQUEL LINEA BEAT;2;2;2;23586316;220926160959017;185064701;;;;03/10/2032 00:00:00;2;14084242;22/09/2026 16:09:59;Maximiliano;Nievas;24855335;22/09/2026 10:26:15;7636;Kevin;Arce;Maximiliano Nievas;Kevin Arce
14421803;22/09/2026 16:11:18;3;2;0001  213937-2;02;CAMIONETA JUE 1;2093008;"JA01    ";"JOSE ANACLETO E HIJOS S.A.                        ";CALLE 44 1031;951316;"18030          ";18030 - PERCHA NIQUEL LINEA BEAT;2;2;2;23586317;220926161115574;185064787;;;;03/10/2032 00:00:00;2;14084283;22/09/2026 16:11:15;Maximiliano;Nievas;24855335;22/09/2026 10:26:15;7636;Kevin;Arce;Maximiliano Nievas;Kevin Arce
14421804;22/09/2026 16:08:44;3;2;0001  214828-2;02;CAMIONETA JUE 1;2093008;"JA01    ";"JOSE ANACLETO E HIJOS S.A.                        ";CALLE 44 1031;951316;"18030          ";18030 - PERCHA NIQUEL LINEA BEAT;5;5;5;23585809;220926160843486;185074305;;;;03/10/2032 00:00:00;5;14084206;22/09/2026 16:08:43;Maximiliano;Nievas;24854829;22/09/2026 11:02:08;7839;Claudio;Juarez;Maximiliano Nievas;Claudio Juarez
14421805;22/09/2026 16:21:08;3;2;0001  216080-1;02;CAMIONETA JUE 1;2094299;"SA40    ";"SANICENTRO S.A. SANITARIOS                        ";CALLE 38 y 137;953159;"80-203P        ";80-203P - DUCHA EMB C/TRANSF. MONOCOMANDO ADRA PLUS;50;50;50;23587083;220926162108152;185072151;;;;07/28/2031 00:00:00;50;14084608;22/09/2026 16:21:08;Gustavo;Soderquvist;24856008;22/09/2026 10:53:02;7636;Kevin;Arce;Gustavo Soderquvist;Kevin Arce
14421806;22/09/2026 08:27:35;2;2;0001  216081-1;02;CAMIONETA JUE 1;2094223;"RR01    ";"REY ROXANA - LA ESPAÑOLA DE                       ";AV. 44 ESQ. 201;952677;"60-203         ";60-203 - LAVATORIO MONOCOMANDO BAJO ADRA;4;4;0;23585461;CARRO168;185060736;;;;03/02/2032 00:00:00;4;;;;;24854484;22/09/2026 10:24:19;7827;Javier;Machado;;Javier Machado
14421806;22/09/2026 08:27:35;2;2;0001  216081-1;02;CAMIONETA JUE 1;2094223;"RR01    ";"REY ROXANA - LA ESPAÑOLA DE                       ";AV. 44 ESQ. 201;950892;"01-010         ";"VALVULA P/MINGITORIO TEMPORIZADA TECNO                                ";3;3;0;23585810;CARRO184;185080871;;;;07/28/2031 00:00:00;3;;;;;24854829;22/09/2026 11:02:08;7839;Claudio;Juarez;;Claudio Juarez
14421806;22/09/2026 08:27:35;2;2;0001  216081-1;02;CAMIONETA JUE 1;2094223;"RR01    ";"REY ROXANA - LA ESPAÑOLA DE                       ";AV. 44 ESQ. 201;951530;"20-146         ";20-146 - MONOCOMANDO DE COCINA CR LINEA MOVE;3;3;0;23585810;CARRO184;185069318;;;;11/23/2031 00:00:00;3;;;;;24854829;22/09/2026 11:02:08;7839;Claudio;Juarez;;Claudio Juarez
14421806;22/09/2026 08:27:35;2;2;0001  216081-1;02;CAMIONETA JUE 1;2094223;"RR01    ";"REY ROXANA - LA ESPAÑOLA DE                       ";AV. 44 ESQ. 201;951512;"20-122         ";"MONOCOMANDO COCINA CR C/PICO EXTRAIBLE VALENCIA                       ";1;1;0;23585810;CARRO184;185073259;;;;08/06/2031 00:00:00;1;;;;;24854829;22/09/2026 11:02:08;7839;Claudio;Juarez;;Claudio Juarez
14421806;22/09/2026 08:27:35;2;2;0001  216081-1;02;CAMIONETA JUE 1;2094223;"RR01    ";"REY ROXANA - LA ESPAÑOLA DE                       ";AV. 44 ESQ. 201;952714;"61-180         ";61-180 - LAVATORIO MONOCOMANDO ALTO VERA;2;2;0;23585810;CARRO184;185075312;;;;07/28/2031 00:00:00;2;;;;;24854829;22/09/2026 11:02:08;7839;Claudio;Juarez;;Claudio Juarez
14421806;22/09/2026 08:27:35;2;2;0001  216081-1;02;CAMIONETA JUE 1;2094223;"RR01    ";"REY ROXANA - LA ESPAÑOLA DE                       ";AV. 44 ESQ. 201;952650;"60-180         ";60-180 - LAVATORIO MONOCOMANDO BAJO VERA;4;4;0;23585810;CARRO184;185075619;;;;07/28/2031 00:00:00;4;;;;;24854829;22/09/2026 11:02:08;7839;Claudio;Juarez;;Claudio Juarez
14421806;22/09/2026 08:27:35;2;2;0001  216081-1;02;CAMIONETA JUE 1;2094223;"RR01    ";"REY ROXANA - LA ESPAÑOLA DE                       ";AV. 44 ESQ. 201;954907;"BCH06          ";BCH06 - BACHA DE APOYAR CIRCULAR 415x135;2;2;0;23591259;CARRO65;185102063;;;;10/04/2031 00:00:00;2;;;;;24860369;22/09/2026 12:02:02;7839;Claudio;Juarez;;Claudio Juarez
14421806;22/09/2026 08:27:35;2;2;0001  216081-1;02;CAMIONETA JUE 1;2094223;"RR01    ";"REY ROXANA - LA ESPAÑOLA DE                       ";AV. 44 ESQ. 201;954915;"BCH13          ";BCH13 - BACHA DE APOYAR BLANCA RECTANGULAR 465x260x125;4;4;0;23591259;CARRO65;185102441;;;;07/27/2031 00:00:00;4;;;;;24860369;22/09/2026 12:02:02;7839;Claudio;Juarez;;Claudio Juarez
14421806;22/09/2026 08:27:35;2;2;0001  216081-1;02;CAMIONETA JUE 1;2094223;"RR01    ";"REY ROXANA - LA ESPAÑOLA DE                       ";AV. 44 ESQ. 201;954901;"BCH01          ";BCH01 - BACHA DE APOYAR CIRCULAR 320x145;3;3;0;23591259;CARRO65;185101615;;;;07/28/2031 00:00:00;3;;;;;24860369;22/09/2026 12:02:02;7839;Claudio;Juarez;;Claudio Juarez
14421807;22/09/2026 15:31:14;3;2;0008    2963-1;02;CAMIONETA JUE 1;2094299;"SA40    ";"SANICENTRO S.A. SANITARIOS                        ";CALLE 122 (RUTA 11) E/59 Y 60 1286;952781;"62-199         ";62-199 - LAVATORIO DE PARED CR C.CERAM LIVE;18;18;18;23590419;220926153113657;185095956;;;;08/03/2031 00:00:00;8;14082628;22/09/2026 15:31:13;Maximiliano;Nievas;24859454;22/09/2026 11:43:19;7839;Claudio;Juarez;Maximiliano Nievas;Claudio Juarez
14421807;22/09/2026 15:31:14;3;2;0008    2963-1;02;CAMIONETA JUE 1;2094299;"SA40    ";"SANICENTRO S.A. SANITARIOS                        ";CALLE 122 (RUTA 11) E/59 Y 60 1286;953148;"80-199         ";80-199 - DUCHA EMB. C/TRANSF. CR C.CERAM LIVE;18;18;18;23602554;220926152645611;185185531;;;;01/20/2032 00:00:00;3;14082651;22/09/2026 15:26:45;Maximiliano;Nievas;;;;;;Maximiliano Nievas;
14421807;22/09/2026 15:31:14;3;2;0008    2963-1;02;CAMIONETA JUE 1;2094299;"SA40    ";"SANICENTRO S.A. SANITARIOS                        ";CALLE 122 (RUTA 11) E/59 Y 60 1286;953148;"80-199         ";80-199 - DUCHA EMB. C/TRANSF. CR C.CERAM LIVE;18;18;18;23602568;220926152658099;185185600;;;;01/20/2032 00:00:00;3;14082658;22/09/2026 15:26:58;Maximiliano;Nievas;;;;;;Maximiliano Nievas;
14421807;22/09/2026 15:31:14;3;2;0008    2963-1;02;CAMIONETA JUE 1;2094299;"SA40    ";"SANICENTRO S.A. SANITARIOS                        ";CALLE 122 (RUTA 11) E/59 Y 60 1286;953148;"80-199         ";80-199 - DUCHA EMB. C/TRANSF. CR C.CERAM LIVE;18;18;18;23602574;220926152707482;185185663;;;;01/20/2032 00:00:00;3;14082663;22/09/2026 15:27:08;Maximiliano;Nievas;;;;;;Maximiliano Nievas;
14421807;22/09/2026 15:31:14;3;2;0008    2963-1;02;CAMIONETA JUE 1;2094299;"SA40    ";"SANICENTRO S.A. SANITARIOS                        ";CALLE 122 (RUTA 11) E/59 Y 60 1286;953148;"80-199         ";80-199 - DUCHA EMB. C/TRANSF. CR C.CERAM LIVE;18;18;18;23602581;220926152719171;185185743;;;;01/20/2032 00:00:00;3;14082671;22/09/2026 15:27:19;Maximiliano;Nievas;;;;;;Maximiliano Nievas;
14421807;22/09/2026 15:31:14;3;2;0008    2963-1;02;CAMIONETA JUE 1;2094299;"SA40    ";"SANICENTRO S.A. SANITARIOS                        ";CALLE 122 (RUTA 11) E/59 Y 60 1286;953148;"80-199         ";80-199 - DUCHA EMB. C/TRANSF. CR C.CERAM LIVE;18;18;18;23602589;220926152728892;185185808;;;;01/20/2032 00:00:00;3;14082677;22/09/2026 15:27:28;Maximiliano;Nievas;;;;;;Maximiliano Nievas;
14421807;22/09/2026 15:31:14;3;2;0008    2963-1;02;CAMIONETA JUE 1;2094299;"SA40    ";"SANICENTRO S.A. SANITARIOS                        ";CALLE 122 (RUTA 11) E/59 Y 60 1286;953148;"80-199         ";80-199 - DUCHA EMB. C/TRANSF. CR C.CERAM LIVE;18;18;18;23602598;220926152738009;185095065;;;;01/20/2032 00:00:00;3;14082685;22/09/2026 15:27:38;Maximiliano;Nievas;;;;;;Maximiliano Nievas;
14421807;22/09/2026 15:31:14;3;2;0008    2963-1;02;CAMIONETA JUE 1;2094299;"SA40    ";"SANICENTRO S.A. SANITARIOS                        ";CALLE 122 (RUTA 11) E/59 Y 60 1286;952781;"62-199         ";62-199 - LAVATORIO DE PARED CR C.CERAM LIVE;18;18;18;23602794;220926153104342;185187315;;;;08/03/2031 00:00:00;10;14082808;22/09/2026 15:31:04;Maximiliano;Nievas;;;;;;Maximiliano Nievas;
14421808;22/09/2026 15:53:18;3;2;0001  216088-1;02;CAMIONETA JUE 1;2094299;"SA40    ";"SANICENTRO S.A. SANITARIOS                        ";CALLE 122 (RUTA 11) E/59 Y 60 1286;952953;"70-201NI       ";70-201NI - BIDE CR C.CERAM BEAT NICKEL;2;2;2;23585462;220926154804887;185059899;;;;07/29/2031 00:00:00;2;14083417;22/09/2026 15:48:04;Maximiliano;Nievas;24854484;22/09/2026 10:24:19;7827;Javier;Machado;Maximiliano Nievas;Javier Machado
14421808;22/09/2026 15:53:18;3;2;0001  216088-1;02;CAMIONETA JUE 1;2094299;"SA40    ";"SANICENTRO S.A. SANITARIOS                        ";CALLE 122 (RUTA 11) E/59 Y 60 1286;953156;"80-201NI       ";80-201NI - DUCHA EMB C/TRANSF C.CERAM BEAT NICKEL;2;2;2;23585462;220926154804887;185060152;;;;11/10/2031 00:00:00;2;14083417;22/09/2026 15:48:04;Maximiliano;Nievas;24854484;22/09/2026 10:24:19;7827;Javier;Machado;Maximiliano Nievas;Javier Machado
14421808;22/09/2026 15:53:18;3;2;0001  216088-1;02;CAMIONETA JUE 1;2094299;"SA40    ";"SANICENTRO S.A. SANITARIOS                        ";CALLE 122 (RUTA 11) E/59 Y 60 1286;952933;"70-183         ";"BIDE MONOCOMANDO C/TRANSF MAT                                         ";3;3;3;23585811;220926155318121;185071675;;;;11/02/2031 00:00:00;3;14083440;22/09/2026 15:53:18;Maximiliano;Nievas;24854829;22/09/2026 11:02:08;7839;Claudio;Juarez;Maximiliano Nievas;Claudio Juarez
14421808;22/09/2026 15:53:18;3;2;0001  216088-1;02;CAMIONETA JUE 1;2094299;"SA40    ";"SANICENTRO S.A. SANITARIOS                        ";CALLE 122 (RUTA 11) E/59 Y 60 1286;952655;"60-183         ";"LAVATORIO MONOCOMANDO BAJO MAT                                        ";3;3;3;23585811;220926155318121;185070797;;;;11/02/2031 00:00:00;3;14083440;22/09/2026 15:53:18;Maximiliano;Nievas;24854829;22/09/2026 11:02:08;7839;Claudio;Juarez;Maximiliano Nievas;Claudio Juarez
14421808;22/09/2026 15:53:18;3;2;0001  216088-1;02;CAMIONETA JUE 1;2094299;"SA40    ";"SANICENTRO S.A. SANITARIOS                        ";CALLE 122 (RUTA 11) E/59 Y 60 1286;953131;"80-183         ";"DUCHA EMB C/TRANSF MONOCOMANDO MAT                                    ";3;3;3;23603860;220926154849267;185070487;;;;11/02/2031 00:00:00;3;14083448;22/09/2026 15:48:49;Maximiliano;Nievas;;;;;;Maximiliano Nievas;
14421808;22/09/2026 15:53:18;3;2;0001  216088-1;02;CAMIONETA JUE 1;2094299;"SA40    ";"SANICENTRO S.A. SANITARIOS                        ";CALLE 122 (RUTA 11) E/59 Y 60 1286;951301;"17030N         ";17030N - PERCHA LINEA FABRIC BLACK;8;8;8;23603908;220926154948274;185065381;;;;07/28/2031 00:00:00;8;14083485;22/09/2026 15:49:48;Maximiliano;Nievas;;;;;;Maximiliano Nievas;
14421808;22/09/2026 15:53:18;3;2;0001  216088-1;02;CAMIONETA JUE 1;2094299;"SA40    ";"SANICENTRO S.A. SANITARIOS                        ";CALLE 122 (RUTA 11) E/59 Y 60 1286;951300;"17030G         ";17030G - PERCHA LINEA FABRIC GOLD;8;8;8;23603908;220926154948274;185064578;;;;07/29/2031 00:00:00;8;14083485;22/09/2026 15:49:48;Maximiliano;Nievas;;;;;;Maximiliano Nievas;
14421808;22/09/2026 15:53:18;3;2;0001  216088-1;02;CAMIONETA JUE 1;2094299;"SA40    ";"SANICENTRO S.A. SANITARIOS                        ";CALLE 122 (RUTA 11) E/59 Y 60 1286;951533;"20-150         ";20-150 - MONOCOMANDO MESADA COCINA TOLEDO;2;2;2;23603995;220926155118642;185076108;;;;07/27/2031 00:00:00;2;14083559;22/09/2026 15:51:18;Maximiliano;Nievas;;;;;;Maximiliano Nievas;
14421808;22/09/2026 15:53:18;3;2;0001  216088-1;02;CAMIONETA JUE 1;2094299;"SA40    ";"SANICENTRO S.A. SANITARIOS                        ";CALLE 122 (RUTA 11) E/59 Y 60 1286;952719;"61-183         ";"LAVATORIO MONOCOMANDO ALTO MAT                                        ";3;3;3;23603995;220926155118642;185072383;;;;11/02/2031 00:00:00;3;14083559;22/09/2026 15:51:18;Maximiliano;Nievas;;;;;;Maximiliano Nievas;
14421808;22/09/2026 15:53:18;3;2;0001  216088-1;02;CAMIONETA JUE 1;2094299;"SA40    ";"SANICENTRO S.A. SANITARIOS                        ";CALLE 122 (RUTA 11) E/59 Y 60 1286;951304;"17040N         ";17040N - PORTA ROLLO LINEA FABRIC BLACK;5;5;5;23604051;220926155223244;185065897;;;;07/29/2031 00:00:00;5;14083610;22/09/2026 15:52:23;Maximiliano;Nievas;;;;;;Maximiliano Nievas;
14421808;22/09/2026 15:53:18;3;2;0001  216088-1;02;CAMIONETA JUE 1;2094299;"SA40    ";"SANICENTRO S.A. SANITARIOS                        ";CALLE 122 (RUTA 11) E/59 Y 60 1286;951303;"17040G         ";17040G - PORTA ROLLO LINEA FABRIC GOLD;5;5;5;23604051;220926155223244;185067982;;;;07/28/2031 00:00:00;5;14083610;22/09/2026 15:52:23;Maximiliano;Nievas;;;;;;Maximiliano Nievas;
14421809;22/09/2026 16:07:37;3;2;0001  216113-1;02;CAMIONETA JUE 1;2093008;"JA01    ";"JOSE ANACLETO E HIJOS S.A.                        ";CALLE 44 1031;952708;"61-168         ";61-168 - LAVATORIO MONOC ALTO CR WAVE;1;1;1;23585812;220926160728990;185077044;;;;07/27/2031 00:00:00;1;14084162;22/09/2026 16:07:28;Maximiliano;Nievas;24854829;22/09/2026 11:02:08;7839;Claudio;Juarez;Maximiliano Nievas;Claudio Juarez
14421809;22/09/2026 16:07:37;3;2;0001  216113-1;02;CAMIONETA JUE 1;2093008;"JA01    ";"JOSE ANACLETO E HIJOS S.A.                        ";CALLE 44 1031;953159;"80-203P        ";80-203P - DUCHA EMB C/TRANSF. MONOCOMANDO ADRA PLUS;1;1;1;23585812;220926160728990;185067281;;;;07/28/2031 00:00:00;1;14084162;22/09/2026 16:07:28;Maximiliano;Nievas;24854829;22/09/2026 11:02:08;7839;Claudio;Juarez;Maximiliano Nievas;Claudio Juarez
14421810;22/09/2026 16:22:58;3;2;0008    2964-1;02;CAMIONETA JUE 1;2094299;"SA40    ";"SANICENTRO S.A. SANITARIOS                        ";CALLE 38 y 137;953244;"814/CRC        ";814/CRC - MESADA P.FUNDIDO CR/CR C.CERAM. ARES;2;2;2;23589056;220926162251984;185094880;;;;02/16/2032 00:00:00;2;14084398;22/09/2026 16:22:51;Maximiliano;Nievas;24857955;22/09/2026 11:36:51;7636;Kevin;Arce;Maximiliano Nievas;Kevin Arce
14421810;22/09/2026 16:22:58;3;2;0008    2964-1;02;CAMIONETA JUE 1;2094299;"SA40    ";"SANICENTRO S.A. SANITARIOS                        ";CALLE 38 y 137;953243;"814/CR         ";814/CR - MESADA P.FUNDIDO CR/CR ARES;2;2;2;23589056;220926162251984;185094674;;;;01/13/2032 00:00:00;2;14084398;22/09/2026 16:22:51;Maximiliano;Nievas;24857955;22/09/2026 11:36:51;7636;Kevin;Arce;Maximiliano Nievas;Kevin Arce
14421810;22/09/2026 16:22:58;3;2;0008    2964-1;02;CAMIONETA JUE 1;2094299;"SA40    ";"SANICENTRO S.A. SANITARIOS                        ";CALLE 38 y 137;955159;"D439           ";D439 - KIT DE DUCHA MANUAL;7;7;7;23589056;220926162251984;185087345;;;;12/16/2031 00:00:00;7;14084398;22/09/2026 16:22:51;Maximiliano;Nievas;24857955;22/09/2026 11:36:51;7636;Kevin;Arce;Maximiliano Nievas;Kevin Arce
14421810;22/09/2026 16:22:58;3;2;0008    2964-1;02;CAMIONETA JUE 1;2094299;"SA40    ";"SANICENTRO S.A. SANITARIOS                        ";CALLE 38 y 137;952453;"51-131         ";51-131 - MESADA BIMANDO CR C.CERAM MALLORCA;5;5;5;23605087;220926161446787;185206163;;;;01/31/2032 00:00:00;3;14084419;22/09/2026 16:14:46;Maximiliano;Nievas;;;;;;Maximiliano Nievas;
14421810;22/09/2026 16:22:58;3;2;0008    2964-1;02;CAMIONETA JUE 1;2094299;"SA40    ";"SANICENTRO S.A. SANITARIOS                        ";CALLE 38 y 137;953150;"80-199N        ";80-199N - DUCHA EMB. C/TRANSF. BLACK C.CERAM LIVE;2;2;2;23605117;220926161532115;185091495;;;;10/11/2031 00:00:00;2;14084446;22/09/2026 16:15:32;Maximiliano;Nievas;;;;;;Maximiliano Nievas;
14421810;22/09/2026 16:22:58;3;2;0008    2964-1;02;CAMIONETA JUE 1;2094299;"SA40    ";"SANICENTRO S.A. SANITARIOS                        ";CALLE 38 y 137;952453;"51-131         ";51-131 - MESADA BIMANDO CR C.CERAM MALLORCA;5;5;5;23605117;220926161532115;185094366;;;;01/31/2032 00:00:00;2;14084446;22/09/2026 16:15:32;Maximiliano;Nievas;;;;;;Maximiliano Nievas;
14421810;22/09/2026 16:22:58;3;2;0008    2964-1;02;CAMIONETA JUE 1;2094299;"SA40    ";"SANICENTRO S.A. SANITARIOS                        ";CALLE 38 y 137;953109;"80-166         ";"DUCHA EMB. C/TRANSF. CR C.CERAM ADRA PLUS                             ";15;15;15;23605139;220926161559190;185206586;;;;01/19/2032 00:00:00;4;14084461;22/09/2026 16:15:59;Maximiliano;Nievas;;;;;;Maximiliano Nievas;
14421810;22/09/2026 16:22:58;3;2;0008    2964-1;02;CAMIONETA JUE 1;2094299;"SA40    ";"SANICENTRO S.A. SANITARIOS                        ";CALLE 38 y 137;953109;"80-166         ";"DUCHA EMB. C/TRANSF. CR C.CERAM ADRA PLUS                             ";15;15;15;23605143;220926161610061;185206652;;;;01/19/2032 00:00:00;4;14084468;22/09/2026 16:16:10;Maximiliano;Nievas;;;;;;Maximiliano Nievas;
14421810;22/09/2026 16:22:58;3;2;0008    2964-1;02;CAMIONETA JUE 1;2094299;"SA40    ";"SANICENTRO S.A. SANITARIOS                        ";CALLE 38 y 137;953110;"80-166N        ";80-166N - DUCHA EMB. C/TRANSF. BLACK C.CERAM ADRA PLUS;2;2;2;23605150;220926161622736;185093589;;;;01/12/2032 00:00:00;2;14084478;22/09/2026 16:16:22;Maximiliano;Nievas;;;;;;Maximiliano Nievas;
14421810;22/09/2026 16:22:58;3;2;0008    2964-1;02;CAMIONETA JUE 1;2094299;"SA40    ";"SANICENTRO S.A. SANITARIOS                        ";CALLE 38 y 137;953109;"80-166         ";"DUCHA EMB. C/TRANSF. CR C.CERAM ADRA PLUS                             ";15;15;15;23605150;220926161622736;185206721;;;;01/19/2032 00:00:00;2;14084478;22/09/2026 16:16:22;Maximiliano;Nievas;;;;;;Maximiliano Nievas;
14421810;22/09/2026 16:22:58;3;2;0008    2964-1;02;CAMIONETA JUE 1;2094299;"SA40    ";"SANICENTRO S.A. SANITARIOS                        ";CALLE 38 y 137;953109;"80-166         ";"DUCHA EMB. C/TRANSF. CR C.CERAM ADRA PLUS                             ";15;15;15;23605184;220926161717769;185086220;;;;01/19/2032 00:00:00;5;14084499;22/09/2026 16:17:17;Maximiliano;Nievas;;;;;;Maximiliano Nievas;
14421810;22/09/2026 16:22:58;3;2;0008    2964-1;02;CAMIONETA JUE 1;2094299;"SA40    ";"SANICENTRO S.A. SANITARIOS                        ";CALLE 38 y 137;952437;"51-057         ";51-057 - COCINA MESADA CR C.STD VERIN PLUS;10;10;10;23605216;220926161752757;185095943;;;;01/27/2032 00:00:00;10;14084518;22/09/2026 16:17:52;Maximiliano;Nievas;;;;;;Maximiliano Nievas;
14421810;22/09/2026 16:22:58;3;2;0008    2964-1;02;CAMIONETA JUE 1;2094299;"SA40    ";"SANICENTRO S.A. SANITARIOS                        ";CALLE 38 y 137;952583;"60-058         ";60-058 - LAVATORIO CR C.STD MALBA;10;10;10;23605234;220926161820850;185090269;;;;12/03/2031 00:00:00;10;14084528;22/09/2026 16:18:20;Maximiliano;Nievas;;;;;;Maximiliano Nievas;
14421810;22/09/2026 16:22:58;3;2;0008    2964-1;02;CAMIONETA JUE 1;2094299;"SA40    ";"SANICENTRO S.A. SANITARIOS                        ";CALLE 38 y 137;952862;"70-058         ";70-058 - BIDE CR C.STD MALBA;10;10;10;23605277;220926161856656;185088547;;;;10/20/2031 00:00:00;10;14084544;22/09/2026 16:18:56;Maximiliano;Nievas;;;;;;Maximiliano Nievas;
14421810;22/09/2026 16:22:58;3;2;0008    2964-1;02;CAMIONETA JUE 1;2094299;"SA40    ";"SANICENTRO S.A. SANITARIOS                        ";CALLE 38 y 137;953059;"80-057         ";80-057 - DUCHA EMB. C/TRANSF. C.STD VERIN PLUS;10;10;10;23605300;220926161933930;185084478;;;;02/08/2032 00:00:00;10;14084565;22/09/2026 16:19:33;Maximiliano;Nievas;;;;;;Maximiliano Nievas;
14421810;22/09/2026 16:22:58;3;2;0008    2964-1;02;CAMIONETA JUE 1;2094299;"SA40    ";"SANICENTRO S.A. SANITARIOS                        ";CALLE 38 y 137;952912;"70-162         ";70-162 - BIDE CR C.CERAM LINEA ADRA;15;15;15;23605319;220926161948765;185207912;;;;07/29/2031 00:00:00;10;14084572;22/09/2026 16:19:48;Maximiliano;Nievas;;;;;;Maximiliano Nievas;
14421810;22/09/2026 16:22:58;3;2;0008    2964-1;02;CAMIONETA JUE 1;2094299;"SA40    ";"SANICENTRO S.A. SANITARIOS                        ";CALLE 38 y 137;953209;"81-057         ";81-057 - DUCHA EMB. S/TRANSF. C.STD VERIN PLUS;10;10;10;23605326;220926161959386;185087984;;;;07/31/2031 00:00:00;10;14084581;22/09/2026 16:19:59;Maximiliano;Nievas;;;;;;Maximiliano Nievas;
14421810;22/09/2026 16:22:58;3;2;0008    2964-1;02;CAMIONETA JUE 1;2094299;"SA40    ";"SANICENTRO S.A. SANITARIOS                        ";CALLE 38 y 137;952860;"70-057         ";70-057 - BIDE C.STD VERIN PLUS;10;10;10;23605339;220926162009385;185084302;;;;01/31/2032 00:00:00;10;14084591;22/09/2026 16:20:09;Maximiliano;Nievas;;;;;;Maximiliano Nievas;
14421810;22/09/2026 16:22:58;3;2;0008    2964-1;02;CAMIONETA JUE 1;2094299;"SA40    ";"SANICENTRO S.A. SANITARIOS                        ";CALLE 38 y 137;952888;"70-122         ";70-122 - BIDE C.CERAM CR VALENCIA;4;4;4;23605467;220926162132977;185093101;;;;10/26/2031 00:00:00;4;14084626;22/09/2026 16:21:32;Maximiliano;Nievas;;;;;;Maximiliano Nievas;
14421810;22/09/2026 16:22:58;3;2;0008    2964-1;02;CAMIONETA JUE 1;2094299;"SA40    ";"SANICENTRO S.A. SANITARIOS                        ";CALLE 38 y 137;952912;"70-162         ";70-162 - BIDE CR C.CERAM LINEA ADRA;15;15;15;23605467;220926162132977;185085140;;;;07/29/2031 00:00:00;5;14084626;22/09/2026 16:21:32;Maximiliano;Nievas;;;;;;Maximiliano Nievas;
14421810;22/09/2026 16:22:58;3;2;0008    2964-1;02;CAMIONETA JUE 1;2094299;"SA40    ";"SANICENTRO S.A. SANITARIOS                        ";CALLE 38 y 137;952913;"70-162N        ";70-162N - BIDE BLACK C.CERAM LINEA ADRA;3;3;3;23605467;220926162132977;185208493;;;;02/16/2032 00:00:00;1;14084626;22/09/2026 16:21:32;Maximiliano;Nievas;;;;;;Maximiliano Nievas;
14421810;22/09/2026 16:22:58;3;2;0008    2964-1;02;CAMIONETA JUE 1;2094299;"SA40    ";"SANICENTRO S.A. SANITARIOS                        ";CALLE 38 y 137;952387;"50-002         ";50-002 - MESADA PICO FUNDIDO RENACER CROMO;2;2;2;23605491;220926162210638;185090905;;;;07/31/2031 00:00:00;2;14084642;22/09/2026 16:22:10;Maximiliano;Nievas;;;;;;Maximiliano Nievas;
14421810;22/09/2026 16:22:58;3;2;0008    2964-1;02;CAMIONETA JUE 1;2094299;"SA40    ";"SANICENTRO S.A. SANITARIOS                        ";CALLE 38 y 137;952635;"60-162N        ";60-162N - LAVATORIO BLACK C.CERAM LINEA ADRA;2;2;2;23605491;220926162210638;185092704;;;;11/03/2031 00:00:00;2;14084642;22/09/2026 16:22:10;Maximiliano;Nievas;;;;;;Maximiliano Nievas;
14421810;22/09/2026 16:22:58;3;2;0008    2964-1;02;CAMIONETA JUE 1;2094299;"SA40    ";"SANICENTRO S.A. SANITARIOS                        ";CALLE 38 y 137;953325;"835/C          ";835/C - JGO.MDA.P.FUND. CR C.CERAM. MURCIA;2;2;2;23605491;220926162210638;185091967;;;;11/24/2031 00:00:00;2;14084642;22/09/2026 16:22:10;Maximiliano;Nievas;;;;;;Maximiliano Nievas;
14421810;22/09/2026 16:22:58;3;2;0008    2964-1;02;CAMIONETA JUE 1;2094299;"SA40    ";"SANICENTRO S.A. SANITARIOS                        ";CALLE 38 y 137;953324;"835            ";835 - JGO.MDA. P.FUNDIDO CR MURCIA;2;2;2;23605491;220926162210638;185091794;;;;07/29/2031 00:00:00;2;14084642;22/09/2026 16:22:10;Maximiliano;Nievas;;;;;;Maximiliano Nievas;
14421810;22/09/2026 16:22:58;3;2;0008    2964-1;02;CAMIONETA JUE 1;2094299;"SA40    ";"SANICENTRO S.A. SANITARIOS                        ";CALLE 38 y 137;952913;"70-162N        ";70-162N - BIDE BLACK C.CERAM LINEA ADRA;3;3;3;23605491;220926162210638;185093378;;;;02/16/2032 00:00:00;2;14084642;22/09/2026 16:22:10;Maximiliano;Nievas;;;;;;Maximiliano Nievas;
14421811;22/09/2026 15:55:41;3;2;0001  216124-1;02;CAMIONETA JUE 1;2094299;"SA40    ";"SANICENTRO S.A. SANITARIOS                        ";CALLE 38 y 137;952749;"62-132         ";62-132 - LAVATORIO PARED CR C.CERAM VIGO;2;2;2;23594440;220926155540338;185124853;;;;07/31/2031 00:00:00;2;14083739;22/09/2026 15:55:40;Maximiliano;Nievas;24863438;22/09/2026 13:00:48;7839;Claudio;Juarez;Maximiliano Nievas;Claudio Juarez
14421812;22/09/2026 08:27:36;2;2;0001  216110-1;02;CAMIONETA JUE 1;2094299;"SA40    ";"SANICENTRO S.A. SANITARIOS                        ";CALLE 38 y 137;956496;"LG04C60        ";LG04C60 - LAVATORIO CR C.CERAM DAVOS;10;10;0;23585463;CARRO54;185059378;;;;07/29/2031 00:00:00;10;;;;;24854484;22/09/2026 10:24:19;7827;Javier;Machado;;Javier Machado
14421812;22/09/2026 08:27:36;2;2;0001  216110-1;02;CAMIONETA JUE 1;2094299;"SA40    ";"SANICENTRO S.A. SANITARIOS                        ";CALLE 38 y 137;951535;"20-160         ";20-160 - MONOCOMANDO MESADA COCINA DIQUE;24;24;0;23588105;220926164726960;185077694;;;;07/28/2031 00:00:00;8;14084757;22/09/2026 16:47:26;Maximiliano;Nievas;24857056;22/09/2026 11:53:32;7827;Javier;Machado;Maximiliano Nievas;Javier Machado
14421812;22/09/2026 08:27:36;2;2;0001  216110-1;02;CAMIONETA JUE 1;2094299;"SA40    ";"SANICENTRO S.A. SANITARIOS                        ";CALLE 38 y 137;954885;"BAI01NI        ";BAI01NI - BACHA EMB COCINA C/ACCESORIOS 750x450x220 NICKEL BRUSHED;2;2;0;23594168;CARRO126;185121296;;;;09/28/2031 00:00:00;2;;;;;24863182;22/09/2026 12:50:26;7839;Claudio;Juarez;;Claudio Juarez
14421812;22/09/2026 08:27:36;2;2;0001  216110-1;02;CAMIONETA JUE 1;2094299;"SA40    ";"SANICENTRO S.A. SANITARIOS                        ";CALLE 38 y 137;952950;"70-200G        ";70-200G - BIDE MONOCOMANDO GOLD FABRIC;4;4;0;23605641;220926162630228;185093509;;;;07/27/2031 00:00:00;4;14084774;22/09/2026 16:26:30;Maximiliano;Nievas;;;;;;Maximiliano Nievas;
14421812;22/09/2026 08:27:36;2;2;0001  216110-1;02;CAMIONETA JUE 1;2094299;"SA40    ";"SANICENTRO S.A. SANITARIOS                        ";CALLE 38 y 137;952650;"60-180         ";60-180 - LAVATORIO MONOCOMANDO BAJO VERA;5;5;0;23605641;220926162630228;185100407;;;;07/28/2031 00:00:00;5;14084774;22/09/2026 16:26:30;Maximiliano;Nievas;;;;;;Maximiliano Nievas;
14421812;22/09/2026 08:27:36;2;2;0001  216110-1;02;CAMIONETA JUE 1;2094299;"SA40    ";"SANICENTRO S.A. SANITARIOS                        ";CALLE 38 y 137;952926;"70-176N        ";70-176N - BIDE MONOC C/TRANSF BLACK RIO;3;3;0;23605662;220926162700188;185101143;;;;11/23/2031 00:00:00;3;14084786;22/09/2026 16:27:00;Maximiliano;Nievas;;;;;;Maximiliano Nievas;
14421812;22/09/2026 08:27:36;2;2;0001  216110-1;02;CAMIONETA JUE 1;2094299;"SA40    ";"SANICENTRO S.A. SANITARIOS                        ";CALLE 38 y 137;952949;"70-200C        ";70-200C - BIDE MONOCOMANDO CR FABRIC;4;4;0;23605662;220926162700188;185090048;;;;10/28/2031 00:00:00;4;14084786;22/09/2026 16:27:00;Maximiliano;Nievas;;;;;;Maximiliano Nievas;
14421812;22/09/2026 08:27:36;2;2;0001  216110-1;02;CAMIONETA JUE 1;2094299;"SA40    ";"SANICENTRO S.A. SANITARIOS                        ";CALLE 38 y 137;952723;"61-200C        ";61-200C - LAVATORIO MONOC ALTO CR FABRIC;4;4;0;23605702;220926162802491;185088273;;;;07/27/2031 00:00:00;4;14084823;22/09/2026 16:28:02;Maximiliano;Nievas;;;;;;Maximiliano Nievas;
14421812;22/09/2026 08:27:36;2;2;0001  216110-1;02;CAMIONETA JUE 1;2094299;"SA40    ";"SANICENTRO S.A. SANITARIOS                        ";CALLE 38 y 137;951523;"20-134         ";20-134 - MONOCOMANDO COCINA BETIS;18;18;0;23605702;220926162802491;185210744;;;;08/11/2031 00:00:00;3;14084823;22/09/2026 16:28:02;Maximiliano;Nievas;;;;;;Maximiliano Nievas;
14421812;22/09/2026 08:27:36;2;2;0001  216110-1;02;CAMIONETA JUE 1;2094299;"SA40    ";"SANICENTRO S.A. SANITARIOS                        ";CALLE 38 y 137;952724;"61-200G        ";61-200G - LAVATORIO MONOC ALTO GOLD FABRIC;4;4;0;23605731;220926162840650;185094839;;;;07/27/2031 00:00:00;4;14084841;22/09/2026 16:28:40;Maximiliano;Nievas;;;;;;Maximiliano Nievas;
14421812;22/09/2026 08:27:36;2;2;0001  216110-1;02;CAMIONETA JUE 1;2094299;"SA40    ";"SANICENTRO S.A. SANITARIOS                        ";CALLE 38 y 137;951833;"30-132         ";30-132 - COCINA MESADA MONOC. C/DUCHADOR EXTENSIBLE VIGO;3;3;0;23605749;220926162907531;185089198;;;;10/07/2031 00:00:00;3;14084854;22/09/2026 16:29:07;Maximiliano;Nievas;;;;;;Maximiliano Nievas;
14421812;22/09/2026 08:27:36;2;2;0001  216110-1;02;CAMIONETA JUE 1;2094299;"SA40    ";"SANICENTRO S.A. SANITARIOS                        ";CALLE 38 y 137;951611;"21-160         ";"MONOCOMANDO DUO COCINA CROMO DIQUE                                    ";4;4;0;23605768;220926162955794;185091271;;;;12/14/2031 00:00:00;4;14084882;22/09/2026 16:29:55;Maximiliano;Nievas;;;;;;Maximiliano Nievas;
14421812;22/09/2026 08:27:36;2;2;0001  216110-1;02;CAMIONETA JUE 1;2094299;"SA40    ";"SANICENTRO S.A. SANITARIOS                        ";CALLE 38 y 137;951294;"17010G         ";17010G - TOALLERO BARRAL LINEA FABRIC GOLD;5;5;0;23605791;220926163036808;185092414;;;;07/27/2031 00:00:00;5;14084914;22/09/2026 16:30:36;Maximiliano;Nievas;;;;;;Maximiliano Nievas;
14421812;22/09/2026 08:27:36;2;2;0001  216110-1;02;CAMIONETA JUE 1;2094299;"SA40    ";"SANICENTRO S.A. SANITARIOS                        ";CALLE 38 y 137;951536;"20-162         ";20-162 - MONOCOMANDO COCINA ADRA;6;6;0;23605812;220926163127466;185211875;;;;07/28/2031 00:00:00;3;14084949;22/09/2026 16:31:27;Maximiliano;Nievas;;;;;;Maximiliano Nievas;
14421812;22/09/2026 08:27:36;2;2;0001  216110-1;02;CAMIONETA JUE 1;2094299;"SA40    ";"SANICENTRO S.A. SANITARIOS                        ";CALLE 38 y 137;952896;"70-133         ";70-133 - BIDE MONOCOMANDO LUGO;10;10;0;23605812;220926163127466;185211876;;;;07/27/2031 00:00:00;2;14084949;22/09/2026 16:31:27;Maximiliano;Nievas;;;;;;Maximiliano Nievas;
14421812;22/09/2026 08:27:36;2;2;0001  216110-1;02;CAMIONETA JUE 1;2094299;"SA40    ";"SANICENTRO S.A. SANITARIOS                        ";CALLE 38 y 137;952896;"70-133         ";70-133 - BIDE MONOCOMANDO LUGO;10;10;0;23605818;220926163139935;185211947;;;;07/27/2031 00:00:00;2;14084955;22/09/2026 16:31:39;Maximiliano;Nievas;;;;;;Maximiliano Nievas;
14421812;22/09/2026 08:27:36;2;2;0001  216110-1;02;CAMIONETA JUE 1;2094299;"SA40    ";"SANICENTRO S.A. SANITARIOS                        ";CALLE 38 y 137;951536;"20-162         ";20-162 - MONOCOMANDO COCINA ADRA;6;6;0;23605818;220926163139935;185084149;;;;07/28/2031 00:00:00;3;14084955;22/09/2026 16:31:39;Maximiliano;Nievas;;;;;;Maximiliano Nievas;
14421812;22/09/2026 08:27:36;2;2;0001  216110-1;02;CAMIONETA JUE 1;2094299;"SA40    ";"SANICENTRO S.A. SANITARIOS                        ";CALLE 38 y 137;956484;"LG02C20        ";"MONOCOMANDO COCINA CR GINEBRA                                         ";10;10;0;23605876;220926163321013;185212467;;;;07/29/2031 00:00:00;5;14085014;22/09/2026 16:33:21;Maximiliano;Nievas;;;;;;Maximiliano Nievas;
14421812;22/09/2026 08:27:36;2;2;0001  216110-1;02;CAMIONETA JUE 1;2094299;"SA40    ";"SANICENTRO S.A. SANITARIOS                        ";CALLE 38 y 137;956484;"LG02C20        ";"MONOCOMANDO COCINA CR GINEBRA                                         ";10;10;0;23605896;220926163351023;185098913;;;;07/29/2031 00:00:00;5;14085032;22/09/2026 16:33:51;Maximiliano;Nievas;;;;;;Maximiliano Nievas;
14421812;22/09/2026 08:27:36;2;2;0001  216110-1;02;CAMIONETA JUE 1;2094299;"SA40    ";"SANICENTRO S.A. SANITARIOS                        ";CALLE 38 y 137;956487;"LG02N20        ";"MONOCOMANDO COCINA BLACK GINEBRA                                      ";10;10;0;23605973;220926163506495;185213150;;;;07/30/2031 00:00:00;5;14085071;22/09/2026 16:35:06;Maximiliano;Nievas;;;;;;Maximiliano Nievas;
14421812;22/09/2026 08:27:36;2;2;0001  216110-1;02;CAMIONETA JUE 1;2094299;"SA40    ";"SANICENTRO S.A. SANITARIOS                        ";CALLE 38 y 137;956487;"LG02N20        ";"MONOCOMANDO COCINA BLACK GINEBRA                                      ";10;10;0;23605986;220926163528803;185097986;;;;07/30/2031 00:00:00;5;14085085;22/09/2026 16:35:28;Maximiliano;Nievas;;;;;;Maximiliano Nievas;
14421812;22/09/2026 08:27:36;2;2;0001  216110-1;02;CAMIONETA JUE 1;2094299;"SA40    ";"SANICENTRO S.A. SANITARIOS                        ";CALLE 38 y 137;952661;"60-193         ";60-193 - LAVATORIO MONOCOMANDO BAJO MORA;6;6;0;23606028;220926163622074;185101972;;;;07/28/2031 00:00:00;6;14085121;22/09/2026 16:36:22;Maximiliano;Nievas;;;;;;Maximiliano Nievas;
14421812;22/09/2026 08:27:36;2;2;0001  216110-1;02;CAMIONETA JUE 1;2094299;"SA40    ";"SANICENTRO S.A. SANITARIOS                        ";CALLE 38 y 137;951512;"20-122         ";"MONOCOMANDO COCINA CR C/PICO EXTRAIBLE VALENCIA                       ";6;6;0;23606077;220926163755949;185095655;;;;08/06/2031 00:00:00;6;14085182;22/09/2026 16:37:55;Maximiliano;Nievas;;;;;;Maximiliano Nievas;
14421812;22/09/2026 08:27:36;2;2;0001  216110-1;02;CAMIONETA JUE 1;2094299;"SA40    ";"SANICENTRO S.A. SANITARIOS                        ";CALLE 38 y 137;952618;"60-133         ";60-133 - LAVATORIO MONOCOMANDO LUGO;18;18;0;23606091;220926163820800;185214286;;;;07/29/2031 00:00:00;6;14085196;22/09/2026 16:38:20;Maximiliano;Nievas;;;;;;Maximiliano Nievas;
14421812;22/09/2026 08:27:36;2;2;0001  216110-1;02;CAMIONETA JUE 1;2094299;"SA40    ";"SANICENTRO S.A. SANITARIOS                        ";CALLE 38 y 137;952618;"60-133         ";60-133 - LAVATORIO MONOCOMANDO LUGO;18;18;0;23606109;220926163846981;185214412;;;;07/29/2031 00:00:00;6;14085205;22/09/2026 16:38:46;Maximiliano;Nievas;;;;;;Maximiliano Nievas;
14421812;22/09/2026 08:27:36;2;2;0001  216110-1;02;CAMIONETA JUE 1;2094299;"SA40    ";"SANICENTRO S.A. SANITARIOS                        ";CALLE 38 y 137;952618;"60-133         ";60-133 - LAVATORIO MONOCOMANDO LUGO;18;18;0;23606130;220926163922248;185084804;;;;07/29/2031 00:00:00;6;14085222;22/09/2026 16:39:22;Maximiliano;Nievas;;;;;;Maximiliano Nievas;
14421812;22/09/2026 08:27:36;2;2;0001  216110-1;02;CAMIONETA JUE 1;2094299;"SA40    ";"SANICENTRO S.A. SANITARIOS                        ";CALLE 38 y 137;951523;"20-134         ";20-134 - MONOCOMANDO COCINA BETIS;18;18;0;23606142;220926163936894;185214674;;;;08/11/2031 00:00:00;5;14085234;22/09/2026 16:39:36;Maximiliano;Nievas;;;;;;Maximiliano Nievas;
14421812;22/09/2026 08:27:36;2;2;0001  216110-1;02;CAMIONETA JUE 1;2094299;"SA40    ";"SANICENTRO S.A. SANITARIOS                        ";CALLE 38 y 137;951523;"20-134         ";20-134 - MONOCOMANDO COCINA BETIS;18;18;0;23606150;220926163959304;185214788;;;;08/11/2031 00:00:00;5;14085248;22/09/2026 16:39:59;Maximiliano;Nievas;;;;;;Maximiliano Nievas;
14421812;22/09/2026 08:27:36;2;2;0001  216110-1;02;CAMIONETA JUE 1;2094299;"SA40    ";"SANICENTRO S.A. SANITARIOS                        ";CALLE 38 y 137;951523;"20-134         ";20-134 - MONOCOMANDO COCINA BETIS;18;18;0;23606169;220926164021476;185078875;;;;08/11/2031 00:00:00;5;14085265;22/09/2026 16:40:21;Maximiliano;Nievas;;;;;;Maximiliano Nievas;
14421812;22/09/2026 08:27:36;2;2;0001  216110-1;02;CAMIONETA JUE 1;2094299;"SA40    ";"SANICENTRO S.A. SANITARIOS                        ";CALLE 38 y 137;952499;"54-203         ";"COCINA PARED EXT C.CERAM ADRA MONOCOMANDO                             ";10;10;0;23606181;220926164047982;185215059;;;;02/18/2032 00:00:00;6;14085280;22/09/2026 16:40:47;Maximiliano;Nievas;;;;;;Maximiliano Nievas;
14421812;22/09/2026 08:27:36;2;2;0001  216110-1;02;CAMIONETA JUE 1;2094299;"SA40    ";"SANICENTRO S.A. SANITARIOS                        ";CALLE 38 y 137;952499;"54-203         ";"COCINA PARED EXT C.CERAM ADRA MONOCOMANDO                             ";10;10;0;23606233;220926164140296;185080915;;;;02/18/2032 00:00:00;4;14085303;22/09/2026 16:41:40;Maximiliano;Nievas;;;;;;Maximiliano Nievas;
14421812;22/09/2026 08:27:36;2;2;0001  216110-1;02;CAMIONETA JUE 1;2094299;"SA40    ";"SANICENTRO S.A. SANITARIOS                        ";CALLE 38 y 137;952896;"70-133         ";70-133 - BIDE MONOCOMANDO LUGO;10;10;0;23606309;220926164258073;185096707;;;;07/27/2031 00:00:00;6;14085353;22/09/2026 16:42:58;Maximiliano;Nievas;;;;;;Maximiliano Nievas;
14421812;22/09/2026 08:27:36;2;2;0001  216110-1;02;CAMIONETA JUE 1;2094299;"SA40    ";"SANICENTRO S.A. SANITARIOS                        ";CALLE 38 y 137;953312;"83-133         ";83-133 - DUCHA EXT. C/TRANSF. MONOCOMANDO LUGO;18;18;0;23606350;220926164344909;185215906;;;;09/03/2031 00:00:00;6;14085383;22/09/2026 16:43:44;Maximiliano;Nievas;;;;;;Maximiliano Nievas;
14421812;22/09/2026 08:27:36;2;2;0001  216110-1;02;CAMIONETA JUE 1;2094299;"SA40    ";"SANICENTRO S.A. SANITARIOS                        ";CALLE 38 y 137;953312;"83-133         ";83-133 - DUCHA EXT. C/TRANSF. MONOCOMANDO LUGO;18;18;0;23606373;220926164406801;185216007;;;;09/03/2031 00:00:00;6;14085396;22/09/2026 16:44:06;Maximiliano;Nievas;;;;;;Maximiliano Nievas;
14421812;22/09/2026 08:27:36;2;2;0001  216110-1;02;CAMIONETA JUE 1;2094299;"SA40    ";"SANICENTRO S.A. SANITARIOS                        ";CALLE 38 y 137;953312;"83-133         ";83-133 - DUCHA EXT. C/TRANSF. MONOCOMANDO LUGO;18;18;0;23606388;220926164428686;185082580;;;;09/03/2031 00:00:00;6;14085412;22/09/2026 16:44:28;Maximiliano;Nievas;;;;;;Maximiliano Nievas;
14421812;22/09/2026 08:27:36;2;2;0001  216110-1;02;CAMIONETA JUE 1;2094299;"SA40    ";"SANICENTRO S.A. SANITARIOS                        ";CALLE 38 y 137;951300;"17030G         ";17030G - PERCHA LINEA FABRIC GOLD;10;10;0;23606408;220926164510896;185079670;;;;07/29/2031 00:00:00;10;14085445;22/09/2026 16:45:10;Maximiliano;Nievas;;;;;;Maximiliano Nievas;
14421812;22/09/2026 08:27:36;2;2;0001  216110-1;02;CAMIONETA JUE 1;2094299;"SA40    ";"SANICENTRO S.A. SANITARIOS                        ";CALLE 38 y 137;951301;"17030N         ";17030N - PERCHA LINEA FABRIC BLACK;10;10;0;23606408;220926164510896;185081483;;;;07/28/2031 00:00:00;10;14085445;22/09/2026 16:45:10;Maximiliano;Nievas;;;;;;Maximiliano Nievas;
14421812;22/09/2026 08:27:36;2;2;0001  216110-1;02;CAMIONETA JUE 1;2094299;"SA40    ";"SANICENTRO S.A. SANITARIOS                        ";CALLE 38 y 137;951535;"20-160         ";20-160 - MONOCOMANDO MESADA COCINA DIQUE;24;24;0;23606444;220926164608514;185216621;;;;07/28/2031 00:00:00;8;14085469;22/09/2026 16:46:08;Maximiliano;Nievas;;;;;;Maximiliano Nievas;
14421812;22/09/2026 08:27:36;2;2;0001  216110-1;02;CAMIONETA JUE 1;2094299;"SA40    ";"SANICENTRO S.A. SANITARIOS                        ";CALLE 38 y 137;951535;"20-160         ";20-160 - MONOCOMANDO MESADA COCINA DIQUE;24;24;0;23606462;220926164633697;185216752;;;;07/28/2031 00:00:00;8;14085481;22/09/2026 16:46:33;Maximiliano;Nievas;;;;;;Maximiliano Nievas;
14421812;22/09/2026 08:27:36;2;2;0001  216110-1;02;CAMIONETA JUE 1;2094299;"SA40    ";"SANICENTRO S.A. SANITARIOS                        ";CALLE 38 y 137;951136;"13040          ";"PORTA ROLLO LINEA 13000                                               ";10;10;0;23606495;220926164700037;185086087;;;;07/31/2031 00:00:00;10;14085491;22/09/2026 16:47:00;Maximiliano;Nievas;;;;;;Maximiliano Nievas;
14421860;22/09/2026 15:35:49;3;2;0001  215688-2;02;CAMIONETA JUE 1;2092352;"ES16    ";"E&D IMPERIUM S. R. L.                             ";CAMINO CENTENARIO EXQ 461 C 1308;953113;"80-168N        ";80-168N - DUCHA EMB C/TRANSF MONOC BLACK WAVE;6;6;6;23585464;220926153325324;185066002;;;;01/22/2032 00:00:00;3;14082890;22/09/2026 15:33:25;Maximiliano;Nievas;24854484;22/09/2026 10:24:19;7827;Javier;Machado;Maximiliano Nievas;Javier Machado
14421860;22/09/2026 15:35:49;3;2;0001  215688-2;02;CAMIONETA JUE 1;2092352;"ES16    ";"E&D IMPERIUM S. R. L.                             ";CAMINO CENTENARIO EXQ 461 C 1308;952796;"63-168N        ";"LAVATORIO PARED EMB MONOC BLACK WAVE                                  ";6;6;6;23594179;220926153548518;185121743;;;;07/28/2031 00:00:00;6;14082951;22/09/2026 15:35:48;Maximiliano;Nievas;24863192;22/09/2026 12:58:26;7827;Javier;Machado;Maximiliano Nievas;Javier Machado
14421860;22/09/2026 15:35:49;3;2;0001  215688-2;02;CAMIONETA JUE 1;2092352;"ES16    ";"E&D IMPERIUM S. R. L.                             ";CAMINO CENTENARIO EXQ 461 C 1308;953113;"80-168N        ";80-168N - DUCHA EMB C/TRANSF MONOC BLACK WAVE;6;6;6;23602914;220926153316825;185188334;;;;01/22/2032 00:00:00;3;14082892;22/09/2026 15:33:16;Maximiliano;Nievas;;;;;;Maximiliano Nievas;
14421860;22/09/2026 15:35:49;3;2;0001  215688-2;02;CAMIONETA JUE 1;2092352;"ES16    ";"E&D IMPERIUM S. R. L.                             ";CAMINO CENTENARIO EXQ 461 C 1308;952916;"70-168N        ";70-168N - BIDE MONOC BLACK WAVE;6;6;6;23603040;220926153514064;185124308;;;;01/05/2032 00:00:00;6;14082969;22/09/2026 15:35:14;Maximiliano;Nievas;;;;;;Maximiliano Nievas;
14421860;22/09/2026 15:35:49;3;2;0001  215688-2;02;CAMIONETA JUE 1;2092352;"ES16    ";"E&D IMPERIUM S. R. L.                             ";CAMINO CENTENARIO EXQ 461 C 1308;952951;"70-200N        ";70-200N - BIDE MONOCOMANDO BLACK FABRIC;2;2;2;23603040;220926153514064;185122834;;;;09/06/2031 00:00:00;2;14082969;22/09/2026 15:35:14;Maximiliano;Nievas;;;;;;Maximiliano Nievas;
14421860;22/09/2026 15:35:49;3;2;0001  215688-2;02;CAMIONETA JUE 1;2092352;"ES16    ";"E&D IMPERIUM S. R. L.                             ";CAMINO CENTENARIO EXQ 461 C 1308;952637;"60-168         ";60-168 - LAVATORIO MONOC BAJO CR WAVE;2;2;2;23603040;220926153514064;185123676;;;;07/27/2031 00:00:00;2;14082969;22/09/2026 15:35:14;Maximiliano;Nievas;;;;;;Maximiliano Nievas;
14421861;22/09/2026 16:02:24;3;2;0001  215725-1;02;CAMIONETA JUE 1;2092352;"ES16    ";"E&D IMPERIUM S. R. L.                             ";CAMINO CENTENARIO EXQ 461 C 1308;951318;"18040          ";18040 - PORTA ROLLO NIQUEL LINEA BEAT;2;2;2;23585813;220926160223989;185074804;;;;07/28/2031 00:00:00;2;14083895;22/09/2026 16:02:23;Maximiliano;Nievas;24854829;22/09/2026 11:02:08;7839;Claudio;Juarez;Maximiliano Nievas;Claudio Juarez
14421861;22/09/2026 16:02:24;3;2;0001  215725-1;02;CAMIONETA JUE 1;2092352;"ES16    ";"E&D IMPERIUM S. R. L.                             ";CAMINO CENTENARIO EXQ 461 C 1308;957920;"RA920          ";RA920 - VOLANTE VALENCIA;12;12;12;23585813;220926160223989;185062055;;;;01/05/2032 00:00:00;12;14083895;22/09/2026 16:02:23;Maximiliano;Nievas;24854829;22/09/2026 11:02:08;7839;Claudio;Juarez;Maximiliano Nievas;Claudio Juarez
14421861;22/09/2026 16:02:24;3;2;0001  215725-1;02;CAMIONETA JUE 1;2092352;"ES16    ";"E&D IMPERIUM S. R. L.                             ";CAMINO CENTENARIO EXQ 461 C 1308;957937;"RA967          ";RA967 - CAMPANA VALENCIA - MALLORCA;12;12;12;23585813;220926160223989;185062664;;;;11/30/2031 00:00:00;12;14083895;22/09/2026 16:02:23;Maximiliano;Nievas;24854829;22/09/2026 11:02:08;7839;Claudio;Juarez;Maximiliano Nievas;Claudio Juarez
14421862;22/09/2026 16:06:22;3;2;0001  215952-1;02;CAMIONETA JUE 1;2092352;"ES16    ";"E&D IMPERIUM S. R. L.                             ";CAMINO CENTENARIO EXQ 461 C 1308;957425;"RA088          ";RA088 - PICO BAÑERA ARUBA/LORCA C/CAMPANA;3;3;3;23586318;220926160618582;185065839;;;;08/02/2031 00:00:00;3;14084021;22/09/2026 16:06:18;Maximiliano;Nievas;24855335;22/09/2026 10:26:15;7636;Kevin;Arce;Maximiliano Nievas;Kevin Arce
14421862;22/09/2026 16:06:22;3;2;0001  215952-1;02;CAMIONETA JUE 1;2092352;"ES16    ";"E&D IMPERIUM S. R. L.                             ";CAMINO CENTENARIO EXQ 461 C 1308;957896;"RA846          ";RA846 - PICO DUCHA RODA / MARBELLA / VALENCIA;6;6;6;23586318;220926160618582;185066608;;;;07/31/2031 00:00:00;6;14084021;22/09/2026 16:06:18;Maximiliano;Nievas;24855335;22/09/2026 10:26:15;7636;Kevin;Arce;Maximiliano Nievas;Kevin Arce
14421862;22/09/2026 16:06:22;3;2;0001  215952-1;02;CAMIONETA JUE 1;2092352;"ES16    ";"E&D IMPERIUM S. R. L.                             ";CAMINO CENTENARIO EXQ 461 C 1308;957920;"RA920          ";RA920 - VOLANTE VALENCIA;12;12;12;23586318;220926160618582;185067256;;;;01/05/2032 00:00:00;12;14084021;22/09/2026 16:06:18;Maximiliano;Nievas;24855335;22/09/2026 10:26:15;7636;Kevin;Arce;Maximiliano Nievas;Kevin Arce
14421862;22/09/2026 16:06:22;3;2;0001  215952-1;02;CAMIONETA JUE 1;2092352;"ES16    ";"E&D IMPERIUM S. R. L.                             ";CAMINO CENTENARIO EXQ 461 C 1308;957937;"RA967          ";RA967 - CAMPANA VALENCIA - MALLORCA;12;12;12;23586318;220926160618582;185067677;;;;11/30/2031 00:00:00;12;14084021;22/09/2026 16:06:18;Maximiliano;Nievas;24855335;22/09/2026 10:26:15;7636;Kevin;Arce;Maximiliano Nievas;Kevin Arce
14421862;22/09/2026 16:06:22;3;2;0001  215952-1;02;CAMIONETA JUE 1;2092352;"ES16    ";"E&D IMPERIUM S. R. L.                             ";CAMINO CENTENARIO EXQ 461 C 1308;957950;"RA998          ";RA998 - PICO LAVATORIO MARBELLA-VALENCIA-RODA-ADRA;2;2;2;23586318;220926160618582;185066053;;;;11/02/2031 00:00:00;2;14084021;22/09/2026 16:06:18;Maximiliano;Nievas;24855335;22/09/2026 10:26:15;7636;Kevin;Arce;Maximiliano Nievas;Kevin Arce
14421864;22/09/2026 15:56:38;3;2;0001  215816-1;02;CAMIONETA JUE 1;2093978;"PR03    ";"PROMAR S.R.L.                                     ";O/HIGGINS 646;957652;"RA1314N        ";RA1314N - CONJ. BRAZO Y FLOR DE DUCHA BLACK VELVET PLUS;1;1;1;23594441;220926155634955;185123503;;;;07/31/2031 00:00:00;1;14083764;22/09/2026 15:56:34;Maximiliano;Nievas;24863438;22/09/2026 13:00:48;7839;Claudio;Juarez;Maximiliano Nievas;Claudio Juarez
14421865;22/09/2026 08:27:37;2;2;0001  215818-1;02;CAMIONETA JUE 1;2093978;"PR03    ";"PROMAR S.R.L.                                     ";O/HIGGINS 646;953112;"80-168         ";80-168 - DUCHA EMB C/TRANSF MONOC CR WAVE;10;10;0;23586982;CARRO147;185073060;;;;02/04/2032 00:00:00;10;;;;;24855938;22/09/2026 10:43:21;7827;Javier;Machado;;Javier Machado
14421865;22/09/2026 08:27:37;2;2;0001  215818-1;02;CAMIONETA JUE 1;2093978;"PR03    ";"PROMAR S.R.L.                                     ";O/HIGGINS 646;953113;"80-168N        ";80-168N - DUCHA EMB C/TRANSF MONOC BLACK WAVE;20;20;0;23586982;CARRO147;185070443;;;;01/22/2032 00:00:00;20;;;;;24855938;22/09/2026 10:43:21;7827;Javier;Machado;;Javier Machado
14421865;22/09/2026 08:27:37;2;2;0001  215818-1;02;CAMIONETA JUE 1;2093978;"PR03    ";"PROMAR S.R.L.                                     ";O/HIGGINS 646;953346;"85-168         ";85-168 - DUCHA MONOC C/TRANSF Y DUCHADOR CR WAVE;8;8;0;23586982;CARRO147;185073753;;;;03/08/2032 00:00:00;8;;;;;24855938;22/09/2026 10:43:21;7827;Javier;Machado;;Javier Machado
14421865;22/09/2026 08:27:37;2;2;0001  215818-1;02;CAMIONETA JUE 1;2093978;"PR03    ";"PROMAR S.R.L.                                     ";O/HIGGINS 646;953347;"85-168N        ";85-168N - DUCHA MONOC C/TRANSF Y DUCHADOR BLACK WAVE;22;22;0;23586982;CARRO147;185072138;;;;02/04/2032 00:00:00;22;;;;;24855938;22/09/2026 10:43:21;7827;Javier;Machado;;Javier Machado
14421866;22/09/2026 16:10:42;3;2;0001  216119-1;02;CAMIONETA JUE 1;2093978;"PR03    ";"PROMAR S.R.L.                                     ";O/HIGGINS 646;951300;"17030G         ";17030G - PERCHA LINEA FABRIC GOLD;2;2;2;23585814;220926161038893;185064772;;;;07/29/2031 00:00:00;2;14084267;22/09/2026 16:10:38;Maximiliano;Nievas;24854829;22/09/2026 11:02:08;7839;Claudio;Juarez;Maximiliano Nievas;Claudio Juarez
14421866;22/09/2026 16:10:42;3;2;0001  216119-1;02;CAMIONETA JUE 1;2093978;"PR03    ";"PROMAR S.R.L.                                     ";O/HIGGINS 646;951303;"17040G         ";17040G - PORTA ROLLO LINEA FABRIC GOLD;1;1;1;23585814;220926161038893;185068174;;;;07/28/2031 00:00:00;1;14084267;22/09/2026 16:10:38;Maximiliano;Nievas;24854829;22/09/2026 11:02:08;7839;Claudio;Juarez;Maximiliano Nievas;Claudio Juarez
14421866;22/09/2026 16:10:42;3;2;0001  216119-1;02;CAMIONETA JUE 1;2093978;"PR03    ";"PROMAR S.R.L.                                     ";O/HIGGINS 646;952724;"61-200G        ";61-200G - LAVATORIO MONOC ALTO GOLD FABRIC;1;1;1;23585814;220926161038893;185078024;;;;07/27/2031 00:00:00;1;14084267;22/09/2026 16:10:38;Maximiliano;Nievas;24854829;22/09/2026 11:02:08;7839;Claudio;Juarez;Maximiliano Nievas;Claudio Juarez
14421868;22/09/2026 15:59:13;3;2;0001  215422-1;02;CAMIONETA JUE 1;2091182;"AS17    ";"AQUA SANITARIOS TANDIL S. R. L.                   ";AV. DEL VALLE 470;952069;"32-010         ";32-010 - CANILLA DE PARED P.BAJO BL/CR LORCA;2;2;2;23585465;220926155736955;185064055;;;;07/31/2031 00:00:00;2;14083805;22/09/2026 15:57:36;Maximiliano;Nievas;24854484;22/09/2026 10:24:19;7827;Javier;Machado;Maximiliano Nievas;Javier Machado
14421868;22/09/2026 15:59:13;3;2;0001  215422-1;02;CAMIONETA JUE 1;2091182;"AS17    ";"AQUA SANITARIOS TANDIL S. R. L.                   ";AV. DEL VALLE 470;952477;"53-010         ";53-010 - COCINA PARED EXT. P.ALTO BL/CR LORCA;2;2;2;23585465;220926155736955;185058323;;;;11/29/2031 00:00:00;2;14083805;22/09/2026 15:57:36;Maximiliano;Nievas;24854484;22/09/2026 10:24:19;7827;Javier;Machado;Maximiliano Nievas;Javier Machado
14421868;22/09/2026 15:59:13;3;2;0001  215422-1;02;CAMIONETA JUE 1;2091182;"AS17    ";"AQUA SANITARIOS TANDIL S. R. L.                   ";AV. DEL VALLE 470;952678;"60-203N        ";"LAVATORIO MONOCOMANDO BAJO ADRA BLACK                                 ";1;1;1;23585465;220926155736955;185061101;;;;01/06/2032 00:00:00;1;14083805;22/09/2026 15:57:36;Maximiliano;Nievas;24854484;22/09/2026 10:24:19;7827;Javier;Machado;Maximiliano Nievas;Javier Machado
14421868;22/09/2026 15:59:13;3;2;0001  215422-1;02;CAMIONETA JUE 1;2091182;"AS17    ";"AQUA SANITARIOS TANDIL S. R. L.                   ";AV. DEL VALLE 470;951611;"21-160         ";"MONOCOMANDO DUO COCINA CROMO DIQUE                                    ";2;2;2;23585815;220926155912143;185080593;;;;12/14/2031 00:00:00;2;14083836;22/09/2026 15:59:12;Maximiliano;Nievas;24854829;22/09/2026 11:02:08;7839;Claudio;Juarez;Maximiliano Nievas;Claudio Juarez
14421868;22/09/2026 15:59:13;3;2;0001  215422-1;02;CAMIONETA JUE 1;2091182;"AS17    ";"AQUA SANITARIOS TANDIL S. R. L.                   ";AV. DEL VALLE 470;953312;"83-133         ";83-133 - DUCHA EXT. C/TRANSF. MONOCOMANDO LUGO;2;2;2;23585815;220926155912143;185068494;;;;09/03/2031 00:00:00;2;14083836;22/09/2026 15:59:12;Maximiliano;Nievas;24854829;22/09/2026 11:02:08;7839;Claudio;Juarez;Maximiliano Nievas;Claudio Juarez
14421868;22/09/2026 15:59:13;3;2;0001  215422-1;02;CAMIONETA JUE 1;2091182;"AS17    ";"AQUA SANITARIOS TANDIL S. R. L.                   ";AV. DEL VALLE 470;952955;"70-203N        ";"BIDE MONOCOMANDO ADRA BLACK                                           ";1;1;1;23585815;220926155912143;185080241;;;;07/27/2031 00:00:00;1;14083836;22/09/2026 15:59:12;Maximiliano;Nievas;24854829;22/09/2026 11:02:08;7839;Claudio;Juarez;Maximiliano Nievas;Claudio Juarez
14421868;22/09/2026 15:59:13;3;2;0001  215422-1;02;CAMIONETA JUE 1;2091182;"AS17    ";"AQUA SANITARIOS TANDIL S. R. L.                   ";AV. DEL VALLE 470;952896;"70-133         ";70-133 - BIDE MONOCOMANDO LUGO;2;2;2;23585815;220926155912143;185072839;;;;07/27/2031 00:00:00;2;14083836;22/09/2026 15:59:12;Maximiliano;Nievas;24854829;22/09/2026 11:02:08;7839;Claudio;Juarez;Maximiliano Nievas;Claudio Juarez
14421868;22/09/2026 15:59:13;3;2;0001  215422-1;02;CAMIONETA JUE 1;2091182;"AS17    ";"AQUA SANITARIOS TANDIL S. R. L.                   ";AV. DEL VALLE 470;952618;"60-133         ";60-133 - LAVATORIO MONOCOMANDO LUGO;2;2;2;23585815;220926155912143;185068985;;;;07/29/2031 00:00:00;2;14083836;22/09/2026 15:59:12;Maximiliano;Nievas;24854829;22/09/2026 11:02:08;7839;Claudio;Juarez;Maximiliano Nievas;Claudio Juarez
14421869;22/09/2026 08:27:37;2;2;0001  216126-1;02;CAMIONETA JUE 1;2235605;"MM44    ";"MOTTESI MATERIALES SA                             ";SARGENTO CABRAL 320;957096;"PDU102         ";"PISO DUCHA RESINA POLIESTER BLANCA 1200x700x25                        ";1;1;0;23591260;CARRO108;185105570;;;;03/01/2032 00:00:00;1;;;;;24860369;22/09/2026 12:02:02;7839;Claudio;Juarez;;Claudio Juarez
14421869;22/09/2026 08:27:37;2;2;0001  216126-1;02;CAMIONETA JUE 1;2235605;"MM44    ";"MOTTESI MATERIALES SA                             ";SARGENTO CABRAL 320;957102;"PDU120         ";"DESAGUE P/PISO DE DUCHA                                               ";1;1;0;23591260;CARRO108;185105807;;;;03/01/2032 00:00:00;1;;;;;24860369;22/09/2026 12:02:02;7839;Claudio;Juarez;;Claudio Juarez
14422133;22/09/2026 16:33:34;3;2;0001  216166-1;10;URGENTES;2109116;"725     ";"SODERQUVIST Hugo Gustavo                          ";Angel Delía 857;953432;"910/M          ";"910/M - JGO.MDA.P.CANO CROMO ""DIQUE""";1;1;1;23605182;220926163332867;185208763;;;;12/21/2031 00:00:00;1;14085018;22/09/2026 16:33:32;Tiago;Rodriguez;24874232;22/09/2026 16:33:07;7839;Claudio;Juarez;Tiago Rodriguez;Claudio Juarez
14423312;22/09/2026 08:51:50;3;2;TR 0000  128151;01;CARPINTERIA;2090863;DEP_108;EXIBICION MONTES DE OCA;.;951316;"18030          ";18030 - PERCHA NIQUEL LINEA BEAT;10;10;10;23578758;220926085144295;185014706;;;;03/10/2032 00:00:00;10;14070496;22/09/2026 08:51:44;Gustavo;Soderquvist;24848753;22/09/2026 07:33:48;7827;Javier;Machado;Gustavo Soderquvist;Javier Machado
14424376;22/09/2026 08:06:52;3;2;4444    2563-1;04;URGENTE 2;2109166;"CLIEVEN ";"CLIENTE EVENTUAL                                  ";RIVADAVIA 3428;951512;"20-122         ";"MONOCOMANDO COCINA CR C/PICO EXTRAIBLE VALENCIA                       ";1;1;1;23579981;220926080649816;185021376;;;;08/06/2031 00:00:00;1;14069461;22/09/2026 08:06:49;Ivan;Goyena;24849941;22/09/2026 08:06:10;6404;Ivan;Goyena;Ivan Goyena;Ivan Goyena
14426783;22/09/2026 10:10:06;2;2;0001  215123-1;10;URGENTES;2094690;"SU09    ";"SUPERMAT CENTRAL S.A.S.                           ";RUTA PROV Nº1 KM7 EL ARENAL 0;952449;"51-107         ";51-107 - JGO. MESADA CR C.CERAM BEDIA;1;1;0;23605183;CARRO200;185208986;;;;11/10/2031 00:00:00;1;;;;;24874232;22/09/2026 16:33:07;7839;Claudio;Juarez;;Claudio Juarez
14426783;22/09/2026 10:10:06;2;2;0001  215123-1;10;URGENTES;2094690;"SU09    ";"SUPERMAT CENTRAL S.A.S.                           ";RUTA PROV Nº1 KM7 EL ARENAL 0;952634;"60-162         ";60-162 - LAVATORIO CR C.CERAM LINEA ADRA;9;9;0;23605183;CARRO200;185208297;;;;07/29/2031 00:00:00;9;;;;;24874232;22/09/2026 16:33:07;7839;Claudio;Juarez;;Claudio Juarez
14426783;22/09/2026 10:10:06;2;2;0001  215123-1;10;URGENTES;2094690;"SU09    ";"SUPERMAT CENTRAL S.A.S.                           ";RUTA PROV Nº1 KM7 EL ARENAL 0;952635;"60-162N        ";60-162N - LAVATORIO BLACK C.CERAM LINEA ADRA;5;5;0;23605183;CARRO200;185209279;;;;11/03/2031 00:00:00;5;;;;;24874232;22/09/2026 16:33:07;7839;Claudio;Juarez;;Claudio Juarez
14426783;22/09/2026 10:10:06;2;2;0001  215123-1;10;URGENTES;2094690;"SU09    ";"SUPERMAT CENTRAL S.A.S.                           ";RUTA PROV Nº1 KM7 EL ARENAL 0;952912;"70-162         ";70-162 - BIDE CR C.CERAM LINEA ADRA;8;8;0;23605183;CARRO200;185207856;;;;07/29/2031 00:00:00;8;;;;;24874232;22/09/2026 16:33:07;7839;Claudio;Juarez;;Claudio Juarez
14426783;22/09/2026 10:10:06;2;2;0001  215123-1;10;URGENTES;2094690;"SU09    ";"SUPERMAT CENTRAL S.A.S.                           ";RUTA PROV Nº1 KM7 EL ARENAL 0;952913;"70-162N        ";70-162N - BIDE BLACK C.CERAM LINEA ADRA;5;5;0;23605183;CARRO200;185209564;;;;02/16/2032 00:00:00;5;;;;;24874232;22/09/2026 16:33:07;7839;Claudio;Juarez;;Claudio Juarez
14426783;22/09/2026 10:10:06;2;2;0001  215123-1;10;URGENTES;2094690;"SU09    ";"SUPERMAT CENTRAL S.A.S.                           ";RUTA PROV Nº1 KM7 EL ARENAL 0;953109;"80-166         ";"DUCHA EMB. C/TRANSF. CR C.CERAM ADRA PLUS                             ";1;1;0;23605183;CARRO200;185208403;;;;01/19/2032 00:00:00;1;;;;;24874232;22/09/2026 16:33:07;7839;Claudio;Juarez;;Claudio Juarez
14426783;22/09/2026 10:10:06;2;2;0001  215123-1;10;URGENTES;2094690;"SU09    ";"SUPERMAT CENTRAL S.A.S.                           ";RUTA PROV Nº1 KM7 EL ARENAL 0;953110;"80-166N        ";80-166N - DUCHA EMB. C/TRANSF. BLACK C.CERAM ADRA PLUS;4;4;0;23605183;CARRO200;185209925;;;;01/12/2032 00:00:00;4;;;;;24874232;22/09/2026 16:33:07;7839;Claudio;Juarez;;Claudio Juarez
14433128;22/09/2026 13:38:05;3;2;TR 0000  128256;01;CARPINTERIA;2090863;DEP_108;EXIBICION MONTES DE OCA;.;953351;"85-183         ";"DUCHA EMB C/TRANSF Y DUCHADOR MONOC MAT                               ";6;6;6;23596351;220926133804577;185136659;;;;01/12/2032 00:00:00;6;14078875;22/09/2026 13:38:04;Juan Manuel;Espinola;24865178;22/09/2026 13:36:44;6408;Juan Manuel;Espinola;Juan Manuel Espinola;Juan Manuel Espinola
